,player_id,firstname,lastname,team,game_id,points,position,minutes,fgm,fga,fgp,ftm,fta,ftp,tpm,tpa,tpp,offReb,defReb,totReb,assists,pFouls,steals,turnovers,blocks,plusMinus,First Last Name,Points_Rebounds_Assist,Points_Rebounds,Points_Assist,Rebounds_Assist,id,date,home_team,away_team
0,463,Domantas,Sabonis,Sacramento Kings,13634,17,PF,34,7,14,50.0,3,3,100.0,0,1,0,5,6,11,6,3,1,4,1,+18,Domantas Sabonis,34,28,23,17,13634,2024-04-01 01:00:00,Sacramento Kings,Utah Jazz
1,36,Harrison,Barnes,Sacramento Kings,13634,24,SF,29,9,12,75.0,1,2,50.0,5,7,71.4,1,1,2,2,0,0,0,0,+22,Harrison Barnes,28,26,26,4,13634,2024-04-01 01:00:00,Sacramento Kings,Utah Jazz
2,3475,Keegan,Murray,Sacramento Kings,13634,25,SF,35,10,18,55.6,0,0,0,5,12,41.7,2,2,4,3,2,0,0,1,+25,Keegan Murray,32,29,28,7,13634,2024-04-01 01:00:00,Sacramento Kings,Utah Jazz
3,776,De'Aaron,Fox,Sacramento Kings,13634,24,PG,36,7,15,46.7,8,10,80.0,2,7,28.6,0,6,6,12,3,3,5,2,+28,De'Aaron Fox,42,30,36,18,13634,2024-04-01 01:00:00,Sacramento Kings,Utah Jazz
4,3436,Keon,Ellis,Sacramento Kings,13634,5,G,27,1,4,25.0,2,2,100.0,1,2,50.0,2,6,8,3,3,1,1,0,+28,Keon Ellis,16,13,8,11,13634,2024-04-01 01:00:00,Sacramento Kings,Utah Jazz
5,331,Trey,Lyles,Sacramento Kings,13634,11,PF,19,3,8,37.5,2,2,100.0,3,5,60.0,2,2,4,3,2,0,2,1,+2,Trey Lyles,18,15,14,7,13634,2024-04-01 01:00:00,Sacramento Kings,Utah Jazz
6,4022,Sasha,Vezenkov,Sacramento Kings,13634,5,F,10,2,3,66.7,0,0,0,1,1,100.0,0,2,2,1,2,2,1,0,-5,Sasha Vezenkov,8,7,6,3,13634,2024-04-01 01:00:00,Sacramento Kings,Utah Jazz
7,2805,Kessler,Edwards,Sacramento Kings,13634,3,SF,10,1,2,50.0,0,2,0,1,2,50.0,0,0,0,0,0,0,0,0,-4,Kessler Edwards,3,3,3,0,13634,2024-04-01 01:00:00,Sacramento Kings,Utah Jazz
8,313,Alex,Len,Sacramento Kings,13634,0,C,12,0,0,0,0,0,0,0,0,0,0,2,2,1,4,0,1,1,0,Alex Len,3,2,1,3,13634,2024-04-01 01:00:00,Sacramento Kings,Utah Jazz
9,2834,Davion,Mitchell,Sacramento Kings,13634,8,PG,21,3,6,50.0,1,2,50.0,1,2,50.0,1,4,5,3,3,1,1,0,-9,Davion Mitchell,16,13,11,8,13634,2024-04-01 01:00:00,Sacramento Kings,Utah Jazz
10,2803,Chris,Duarte,Sacramento Kings,13634,3,SG,2,1,1,100.0,0,0,0,1,1,100.0,0,0,0,0,0,0,0,0,0,Chris Duarte,3,3,3,0,13634,2024-04-01 01:00:00,Sacramento Kings,Utah Jazz
11,2605,Mason,Jones,Sacramento Kings,13634,0,G,2,0,0,0,0,0,0,0,0,0,0,0,0,0,1,0,0,0,0,Mason Jones,0,0,0,0,13634,2024-04-01 01:00:00,Sacramento Kings,Utah Jazz
12,4020,Colby,Jones,Sacramento Kings,13634,2,G,2,1,1,100.0,0,0,0,0,0,0,0,0,0,0,0,0,0,0,0,Colby Jones,2,2,2,0,13634,2024-04-01 01:00:00,Sacramento Kings,Utah Jazz
13,4031,Taylor,Hendricks,Utah Jazz,13634,18,F,28,6,11,54.5,2,3,66.7,4,6,66.7,2,1,3,1,3,0,1,0,-22,Taylor Hendricks,22,21,19,4,13634,2024-04-01 01:00:00,Sacramento Kings,Utah Jazz
14,4034,Brice,Sensabaugh,Utah Jazz,13634,22,F,34,6,14,42.9,5,6,83.3,5,10,50.0,1,3,4,3,1,2,4,0,-24,Brice Sensabaugh,29,26,25,7,13634,2024-04-01 01:00:00,Sacramento Kings,Utah Jazz
15,3457,Walker,Kessler,Utah Jazz,13634,6,C,32,3,6,50.0,0,0,0,0,0,0,4,4,8,3,4,1,0,3,-15,Walker Kessler,17,14,9,11,13634,2024-04-01 01:00:00,Sacramento Kings,Utah Jazz
16,1021,Collin,Sexton,Utah Jazz,13634,22,PG,29,7,12,58.3,7,10,70.0,1,3,33.3,0,1,1,4,4,1,2,0,-27,Collin Sexton,27,23,26,5,13634,2024-04-01 01:00:00,Sacramento Kings,Utah Jazz
17,4029,Keyonte,George,Utah Jazz,13634,18,G,37,4,14,28.6,7,7,100.0,3,10,30.0,0,2,2,2,2,1,2,0,-14,Keyonte George,22,20,20,4,13634,2024-04-01 01:00:00,Sacramento Kings,Utah Jazz
18,2785,Omer,Yurtseven,Utah Jazz,13634,4,C,12,2,6,33.3,0,0,0,0,0,0,2,2,4,1,1,0,1,0,-5,Omer Yurtseven,9,8,5,5,13634,2024-04-01 01:00:00,Sacramento Kings,Utah Jazz
19,3358,Micah,Potter,Utah Jazz,13634,8,C,20,3,4,75.0,0,0,0,2,2,100.0,0,4,4,0,0,1,1,1,+1,Micah Potter,12,12,8,4,13634,2024-04-01 01:00:00,Sacramento Kings,Utah Jazz
20,152,Kris,Dunn,Utah Jazz,13634,5,G,27,2,9,22.2,1,2,50.0,0,3,0,2,3,5,7,1,0,1,0,-7,Kris Dunn,17,10,12,12,13634,2024-04-01 01:00:00,Sacramento Kings,Utah Jazz
21,3454,Johnny,Juzang,Utah Jazz,13634,3,G,21,1,7,14.3,0,0,0,1,7,14.3,0,2,2,1,2,0,0,0,+8,Johnny Juzang,6,5,4,3,13634,2024-04-01 01:00:00,Sacramento Kings,Utah Jazz
22,195,Aaron,Gordon,Denver Nuggets,13625,8,PF,29,3,7,42.9,1,2,50.0,1,3,33.3,3,5,8,5,3,1,2,0,+18,Aaron Gordon,21,16,13,13,13625,2024-03-31 19:30:00,Denver Nuggets,Cleveland Cavaliers
23,1014,Michael,Porter Jr.,Denver Nuggets,13625,19,SF,29,8,16,50.0,0,0,0,3,5,60.0,0,6,6,0,1,0,2,0,+18,Michael Porter Jr.,25,25,19,6,13625,2024-03-31 19:30:00,Denver Nuggets,Cleveland Cavaliers
24,279,Nikola,Jokic,Denver Nuggets,13625,26,C,35,11,18,61.1,3,5,60.0,1,2,50.0,4,14,18,16,2,1,3,0,+37,Nikola Jokic,60,44,42,34,13625,2024-03-31 19:30:00,Denver Nuggets,Cleveland Cavaliers
25,264,Reggie,Jackson,Denver Nuggets,13625,19,PG,23,6,10,60.0,2,2,100.0,5,5,100.0,1,2,3,3,3,0,0,0,-1,Reggie Jackson,25,22,22,6,13625,2024-03-31 19:30:00,Denver Nuggets,Cleveland Cavaliers
26,89,Kentavious,Caldwell-Pope,Denver Nuggets,13625,22,SG,35,7,10,70.0,2,2,100.0,6,9,66.7,0,3,3,4,3,1,1,0,+35,Kentavious Caldwell-Pope,29,25,26,7,13625,2024-03-31 19:30:00,Denver Nuggets,Cleveland Cavaliers
27,3967,Hunter,Tyson,Denver Nuggets,13625,3,F,4,1,1,100.0,0,0,0,1,1,100.0,0,0,0,0,1,0,0,0,+4,Hunter Tyson,3,3,3,0,13625,2024-03-31 19:30:00,Denver Nuggets,Cleveland Cavaliers
28,3498,Peyton,Watson,Denver Nuggets,13625,9,F,20,4,5,80.0,1,2,50.0,0,0,0,1,2,3,2,1,1,2,2,+3,Peyton Watson,14,12,11,5,13625,2024-03-31 19:30:00,Denver Nuggets,Cleveland Cavaliers
29,243,Justin,Holiday,Denver Nuggets,13625,7,SF,20,3,7,42.9,0,0,0,1,3,33.3,1,0,1,0,1,1,1,1,-1,Justin Holiday,8,8,7,1,13625,2024-03-31 19:30:00,Denver Nuggets,Cleveland Cavaliers
30,286,DeAndre,Jordan,Denver Nuggets,13625,0,C,6,0,0,0,0,0,0,0,0,0,0,1,1,2,1,0,1,0,-8,DeAndre Jordan,3,1,2,3,13625,2024-03-31 19:30:00,Denver Nuggets,Cleveland Cavaliers
31,2814,Jay,Huff,Denver Nuggets,13625,0,C,4,0,0,0,0,0,0,0,0,0,0,0,0,1,1,0,0,0,+4,Jay Huff,1,0,1,1,13625,2024-03-31 19:30:00,Denver Nuggets,Cleveland Cavaliers
32,3441,Collin,Gillespie,Denver Nuggets,13625,2,G,3,1,1,100.0,0,0,0,0,0,0,0,1,1,0,0,1,0,0,+3,Collin Gillespie,3,3,2,1,13625,2024-03-31 19:30:00,Denver Nuggets,Cleveland Cavaliers
33,3965,Jalen,Pickett,Denver Nuggets,13625,5,G,3,2,2,100.0,0,0,0,1,1,100.0,0,0,0,1,0,0,1,0,+3,Jalen Pickett,6,5,6,1,13625,2024-03-31 19:30:00,Denver Nuggets,Cleveland Cavaliers
34,3420,Christian,Braun,Denver Nuggets,13625,10,G,28,4,8,50.0,0,0,0,2,3,66.7,1,5,6,1,2,1,3,1,+26,Christian Braun,17,16,11,7,13625,2024-03-31 19:30:00,Denver Nuggets,Cleveland Cavaliers
35,3966,Julian,Strawther,Denver Nuggets,13625,0,G,4,0,2,0,0,0,0,0,1,0,0,1,1,1,0,0,0,0,+4,Julian Strawther,2,1,1,2,13625,2024-03-31 19:30:00,Denver Nuggets,Cleveland Cavaliers
36,2835,Evan,Mobley,Cleveland Cavaliers,13625,23,PF,29,9,10,90.0,4,5,80.0,1,2,50.0,2,2,4,1,1,0,0,2,-11,Evan Mobley,28,27,24,5,13625,2024-03-31 19:30:00,Denver Nuggets,Cleveland Cavaliers
37,727,Jarrett,Allen,Cleveland Cavaliers,13625,19,C,27,9,15,60.0,1,2,50.0,0,0,0,0,4,4,1,2,0,2,1,-24,Jarrett Allen,24,23,20,5,13625,2024-03-31 19:30:00,Denver Nuggets,Cleveland Cavaliers
38,1860,Darius,Garland,Cleveland Cavaliers,13625,5,PG,29,2,8,25.0,1,2,50.0,0,1,0,0,2,2,7,0,2,3,0,-16,Darius Garland,14,7,12,9,13625,2024-03-31 19:30:00,Denver Nuggets,Cleveland Cavaliers
39,840,Donovan,Mitchell,Cleveland Cavaliers,13625,13,SG,31,3,12,25.0,5,5,100.0,2,6,33.3,0,0,0,6,2,1,2,0,-27,Donovan Mitchell,19,13,19,6,13625,2024-03-31 19:30:00,Denver Nuggets,Cleveland Cavaliers
40,2051,Max,Strus,Cleveland Cavaliers,13625,9,SG,27,3,5,60.0,2,3,66.7,1,2,50.0,1,1,2,2,1,2,1,0,-26,Max Strus,13,11,11,4,13625,2024-03-31 19:30:00,Denver Nuggets,Cleveland Cavaliers
41,373,Marcus,Morris Sr.,Cleveland Cavaliers,13625,7,SF,12,3,7,42.9,0,0,0,1,3,33.3,0,0,0,0,1,0,2,0,-15,Marcus Morris Sr.,7,7,7,0,13625,2024-03-31 19:30:00,Denver Nuggets,Cleveland Cavaliers
42,391,Georges,Niang,Cleveland Cavaliers,13625,4,SF,23,2,8,25.0,0,0,0,0,3,0,1,4,5,2,2,1,2,0,-5,Georges Niang,11,9,6,7,13625,2024-03-31 19:30:00,Denver Nuggets,Cleveland Cavaliers
43,515,Tristan,Thompson,Cleveland Cavaliers,13625,0,C,9,0,1,0,0,0,0,0,0,0,2,2,4,1,0,0,0,0,-12,Tristan Thompson,5,4,1,5,13625,2024-03-31 19:30:00,Denver Nuggets,Cleveland Cavaliers
44,281,Damian,Jones,Cleveland Cavaliers,13625,3,C,5,1,2,50.0,1,1,100.0,0,1,0,0,1,1,0,1,0,0,0,-7,Damian Jones,4,4,3,1,13625,2024-03-31 19:30:00,Denver Nuggets,Cleveland Cavaliers
45,317,Caris,LeVert,Cleveland Cavaliers,13625,15,SG,33,5,9,55.6,3,3,100.0,2,3,66.7,0,6,6,5,0,4,3,1,-4,Caris LeVert,26,21,20,11,13625,2024-03-31 19:30:00,Denver Nuggets,Cleveland Cavaliers
46,2623,Sam,Merrill,Cleveland Cavaliers,13625,3,SG,16,1,5,20.0,0,0,0,1,4,25.0,0,0,0,1,2,0,0,0,+2,Sam Merrill,4,3,4,1,13625,2024-03-31 19:30:00,Denver Nuggets,Cleveland Cavaliers
47,175,Dorian,Finney-Smith,Brooklyn Nets,13626,5,PF,25,2,5,40.0,0,0,0,1,3,33.3,1,2,3,1,1,2,0,0,-23,Dorian Finney-Smith,9,8,6,4,13626,2024-03-31 22:00:00,Brooklyn Nets,Los Angeles Lakers
48,940,Mikal,Bridges,Brooklyn Nets,13626,13,SF,38,5,16,31.3,0,0,0,3,11,27.3,1,2,3,4,1,1,1,0,-23,Mikal Bridges,20,16,17,7,13626,2024-03-31 22:00:00,Brooklyn Nets,Los Angeles Lakers
49,1854,Nic,Claxton,Brooklyn Nets,13626,10,C,26,5,7,71.4,0,1,0,0,0,0,3,3,6,2,3,4,3,0,-14,Nic Claxton,18,16,12,8,13626,2024-03-31 22:00:00,Brooklyn Nets,Los Angeles Lakers
50,472,Dennis,Schroder,Brooklyn Nets,13626,14,PG,28,5,12,41.7,2,2,100.0,2,6,33.3,0,3,3,3,3,1,0,0,-14,Dennis Schroder,20,17,17,6,13626,2024-03-31 22:00:00,Brooklyn Nets,Los Angeles Lakers
51,2855,Cam,Thomas,Brooklyn Nets,13626,30,SG,35,8,22,36.4,10,12,83.3,4,7,57.1,0,2,2,6,4,1,2,0,-7,Cam Thomas,38,32,36,8,13626,2024-03-31 22:00:00,Brooklyn Nets,Los Angeles Lakers
52,2861,Trendon,Watford,Brooklyn Nets,13626,15,PF,29,7,10,70.0,0,0,0,1,2,50.0,1,7,8,2,3,1,3,1,+5,Trendon Watford,25,23,17,10,13626,2024-03-31 22:00:00,Brooklyn Nets,Los Angeles Lakers
53,3946,Jalen,Wilson,Brooklyn Nets,13626,2,F,8,1,2,50.0,0,0,0,0,0,0,1,1,2,0,0,0,0,0,+8,Jalen Wilson,4,4,2,2,13626,2024-03-31 22:00:00,Brooklyn Nets,Los Angeles Lakers
54,3944,Noah,Clowney,Brooklyn Nets,13626,3,F,15,1,2,50.0,1,2,50.0,0,0,0,1,5,6,0,1,1,0,0,+8,Noah Clowney,9,9,3,6,13626,2024-03-31 22:00:00,Brooklyn Nets,Los Angeles Lakers
55,1871,Cameron,Johnson,Brooklyn Nets,13626,5,SF,20,2,10,20.0,0,0,0,1,5,20.0,0,3,3,0,1,1,0,2,-3,Cameron Johnson,8,8,5,3,13626,2024-03-31 22:00:00,Brooklyn Nets,Los Angeles Lakers
56,2848,Day'Ron,Sharpe,Brooklyn Nets,13626,4,C,9,2,3,66.7,0,0,0,0,0,0,1,0,1,1,0,0,2,0,+4,Day'Ron Sharpe,6,5,5,2,13626,2024-03-31 22:00:00,Brooklyn Nets,Los Angeles Lakers
57,876,Dennis,Smith Jr.,Brooklyn Nets,13626,2,PG,4,1,2,50.0,0,0,0,0,1,0,0,0,0,0,0,0,0,0,-5,Dennis Smith Jr.,2,2,2,0,13626,2024-03-31 22:00:00,Brooklyn Nets,Los Angeles Lakers
58,1038,Lonnie,Walker IV,Brooklyn Nets,13626,1,G,3,0,1,0,1,2,50.0,0,1,0,0,1,1,0,0,0,1,0,+4,Lonnie Walker IV,2,2,1,1,13626,2024-03-31 22:00:00,Brooklyn Nets,Los Angeles Lakers
59,126,Anthony,Davis,Los Angeles Lakers,13626,24,PF,35,9,12,75.0,5,6,83.3,1,3,33.3,1,13,14,0,3,0,4,3,+18,Anthony Davis,38,38,24,14,13626,2024-03-31 22:00:00,Brooklyn Nets,Los Angeles Lakers
60,1862,Rui,Hachimura,Los Angeles Lakers,13626,20,PF,37,8,12,66.7,3,4,75.0,1,4,25.0,2,8,10,4,3,0,0,1,+9,Rui Hachimura,34,30,24,14,13626,2024-03-31 22:00:00,Brooklyn Nets,Los Angeles Lakers
61,265,LeBron,James,Los Angeles Lakers,13626,40,SF,37,13,17,76.5,5,6,83.3,9,10,90.0,1,6,7,5,0,0,4,0,+22,LeBron James,52,47,45,12,13626,2024-03-31 22:00:00,Brooklyn Nets,Los Angeles Lakers
62,462,D'Angelo,Russell,Los Angeles Lakers,13626,18,PG,32,6,13,46.2,2,4,50.0,4,11,36.4,0,6,6,6,3,4,4,0,+5,D'Angelo Russell,30,24,24,12,13626,2024-03-31 22:00:00,Brooklyn Nets,Los Angeles Lakers
63,2845,Austin,Reaves,Los Angeles Lakers,13626,12,SG,35,5,11,45.5,2,2,100.0,0,4,0,1,6,7,6,0,1,1,0,+26,Austin Reaves,25,19,18,13,13626,2024-03-31 22:00:00,Brooklyn Nets,Los Angeles Lakers
64,437,Taurean,Prince,Los Angeles Lakers,13626,0,PF,15,0,2,0,0,0,0,0,1,0,0,2,2,0,0,0,0,0,-5,Taurean Prince,2,2,0,2,13626,2024-03-31 22:00:00,Brooklyn Nets,Los Angeles Lakers
65,3991,Maxwell,Lewis,Los Angeles Lakers,13626,0,F,3,0,1,0,0,0,0,0,1,0,0,0,0,0,0,0,1,1,-4,Maxwell Lewis,0,0,0,0,13626,2024-03-31 22:00:00,Brooklyn Nets,Los Angeles Lakers
66,1889,Cam,Reddish,Los Angeles Lakers,13626,0,SF,2,0,0,0,0,0,0,0,0,0,0,0,0,0,0,0,0,0,-3,Cam Reddish,0,0,0,0,13626,2024-03-31 22:00:00,Brooklyn Nets,Los Angeles Lakers
67,3987,Colin,Castleton,Los Angeles Lakers,13626,0,C,6,0,1,0,0,0,0,0,0,0,0,1,1,0,3,1,1,0,-4,Colin Castleton,1,1,0,1,13626,2024-03-31 22:00:00,Brooklyn Nets,Los Angeles Lakers
68,142,Spencer,Dinwiddie,Los Angeles Lakers,13626,0,PG,21,0,2,0,0,0,0,0,2,0,1,1,2,2,1,0,3,1,+1,Spencer Dinwiddie,4,2,2,4,13626,2024-03-31 22:00:00,Brooklyn Nets,Los Angeles Lakers
69,1775,Gabe,Vincent,Los Angeles Lakers,13626,2,PG,14,1,4,25.0,0,0,0,0,2,0,0,1,1,1,2,1,1,0,-1,Gabe Vincent,4,3,3,2,13626,2024-03-31 22:00:00,Brooklyn Nets,Los Angeles Lakers
70,3427,Max,Christie,Los Angeles Lakers,13626,0,G,3,0,2,0,0,0,0,0,2,0,0,0,0,0,0,1,0,0,-4,Max Christie,0,0,0,0,13626,2024-03-31 22:00:00,Brooklyn Nets,Los Angeles Lakers
71,3950,Brandon,Miller,Charlotte Hornets,13627,22,F,40,8,19,42.1,1,2,50.0,5,13,38.5,1,5,6,4,4,0,2,1,-5,Brandon Miller,32,28,26,10,13627,2024-03-31 22:00:00,Charlotte Hornets,LA Clippers
72,941,Miles,Bridges,Charlotte Hornets,13627,33,SF,43,11,20,55.0,4,4,100.0,7,14,50.0,0,7,7,3,2,0,0,0,-6,Miles Bridges,43,40,36,10,13627,2024-03-31 22:00:00,Charlotte Hornets,LA Clippers
73,2639,Nick,Richards,Charlotte Hornets,13627,8,C,25,4,6,66.7,0,0,0,0,0,0,1,1,2,0,2,1,0,1,-12,Nick Richards,10,10,8,2,13627,2024-03-31 22:00:00,Charlotte Hornets,LA Clippers
74,2831,Tre,Mann,Charlotte Hornets,13627,9,PG,26,3,7,42.9,2,2,100.0,1,2,50.0,0,2,2,5,2,1,6,0,+1,Tre Mann,16,11,14,7,13627,2024-03-31 22:00:00,Charlotte Hornets,LA Clippers
75,2739,Vasilije,Micic,Charlotte Hornets,13627,10,G,35,4,14,28.6,0,2,0,2,7,28.6,3,2,5,13,4,1,0,0,-6,Vasilije Micic,28,15,23,18,13627,2024-03-31 22:00:00,Charlotte Hornets,LA Clippers
76,1901,Grant,Williams,Charlotte Hornets,13627,18,PF,33,8,10,80.0,0,1,0,2,4,50.0,0,5,5,5,5,0,1,0,-12,Grant Williams,28,23,23,10,13627,2024-03-31 22:00:00,Charlotte Hornets,LA Clippers
77,2856,JT,Thor,Charlotte Hornets,13627,3,F,7,1,2,50.0,0,0,0,1,2,50.0,0,1,1,1,0,0,0,0,-4,JT Thor,5,4,4,2,13627,2024-03-31 22:00:00,Charlotte Hornets,LA Clippers
78,52,Davis,Bertans,Charlotte Hornets,13627,15,SF,25,5,9,55.6,0,0,0,5,9,55.6,0,2,2,1,4,0,0,0,-11,Davis Bertans,18,17,16,3,13627,2024-03-31 22:00:00,Charlotte Hornets,LA Clippers
79,3469,Bryce,McGowens,Charlotte Hornets,13627,0,G,6,0,1,0,0,0,0,0,1,0,0,1,1,0,2,0,0,0,-5,Bryce McGowens,1,1,0,1,13627,2024-03-31 22:00:00,Charlotte Hornets,LA Clippers
80,189,Paul,George,LA Clippers,13627,41,F,40,14,21,66.7,5,5,100.0,8,12,66.7,1,6,7,4,2,1,0,0,+8,Paul George,52,48,45,11,13627,2024-03-31 22:00:00,Charlotte Hornets,LA Clippers
81,314,Kawhi,Leonard,LA Clippers,13627,23,SF,37,10,19,52.6,1,2,50.0,2,5,40.0,1,4,5,2,2,0,2,0,+5,Kawhi Leonard,30,28,25,7,13627,2024-03-31 22:00:00,Charlotte Hornets,LA Clippers
82,575,Ivica,Zubac,LA Clippers,13627,24,C,33,7,8,87.5,10,10,100.0,0,0,0,2,10,12,1,4,0,2,3,+3,Ivica Zubac,37,36,25,13,13627,2024-03-31 22:00:00,Charlotte Hornets,LA Clippers
83,216,James,Harden,LA Clippers,13627,6,SG,36,1,3,33.3,3,4,75.0,1,3,33.3,0,6,6,10,0,1,0,0,+6,James Harden,22,12,16,16,13627,2024-03-31 22:00:00,Charlotte Hornets,LA Clippers
84,1877,Terance,Mann,LA Clippers,13627,7,SG,25,2,4,50.0,2,2,100.0,1,3,33.3,0,3,3,2,2,0,0,0,+1,Terance Mann,12,10,9,5,13627,2024-03-31 22:00:00,Charlotte Hornets,LA Clippers
85,426,Mason,Plumlee,LA Clippers,13627,0,C,7,0,1,0,0,0,0,0,0,0,1,1,2,2,1,0,0,1,+9,Mason Plumlee,4,2,2,4,13627,2024-03-31 22:00:00,Charlotte Hornets,LA Clippers
86,544,Russell,Westbrook,LA Clippers,13627,11,PG,20,4,6,66.7,3,4,75.0,0,0,0,2,3,5,4,1,2,3,0,+9,Russell Westbrook,20,16,15,9,13627,2024-03-31 22:00:00,Charlotte Hornets,LA Clippers
87,2115,Amir,Coffey,LA Clippers,13627,2,SG,16,1,2,50.0,0,0,0,0,1,0,0,0,0,2,3,0,1,1,+7,Amir Coffey,4,2,4,2,13627,2024-03-31 22:00:00,Charlotte Hornets,LA Clippers
88,434,Norman,Powell,LA Clippers,13627,16,G,26,4,11,36.4,6,7,85.7,2,5,40.0,0,1,1,1,1,0,0,0,+12,Norman Powell,18,17,17,2,13627,2024-03-31 22:00:00,Charlotte Hornets,LA Clippers
89,404,Kelly,Olynyk,Toronto Raptors,13628,18,PF,32,7,8,87.5,3,4,75.0,1,2,50.0,2,3,5,11,3,3,5,0,-2,Kelly Olynyk,34,23,29,16,13628,2024-03-31 22:00:00,Toronto Raptors,Philadelphia 76ers
90,944,Bruce,Brown,Toronto Raptors,13628,18,SF,34,7,9,77.8,1,2,50.0,3,4,75.0,1,3,4,6,4,2,2,0,-13,Bruce Brown,28,22,24,10,13628,2024-03-31 22:00:00,Toronto Raptors,Philadelphia 76ers
91,1058,Gary,Trent Jr.,Toronto Raptors,13628,23,SG,32,10,20,50.0,0,0,0,3,9,33.3,0,2,2,2,1,2,1,0,-10,Gary Trent Jr.,27,25,25,4,13628,2024-03-31 22:00:00,Toronto Raptors,Philadelphia 76ers
92,3440,Javon,Freeman-Liberty,Toronto Raptors,13628,11,G,31,4,11,36.4,2,2,100.0,1,3,33.3,1,6,7,2,2,1,1,0,-7,Javon Freeman-Liberty,20,18,13,9,13628,2024-03-31 22:00:00,Toronto Raptors,Philadelphia 76ers
93,4027,Gradey,Dick,Toronto Raptors,13628,12,G,31,3,8,37.5,5,7,71.4,1,3,33.3,0,0,0,2,2,1,2,0,-14,Gradey Dick,14,12,14,2,13628,2024-03-31 22:00:00,Toronto Raptors,Philadelphia 76ers
94,1880,Jalen,McDaniels,Toronto Raptors,13628,8,PF,18,3,6,50.0,2,2,100.0,0,1,0,0,4,4,1,0,0,0,0,-4,Jalen McDaniels,13,12,9,5,13628,2024-03-31 22:00:00,Toronto Raptors,Philadelphia 76ers
95,3445,Mouhamadou,Gueye,Toronto Raptors,13628,3,F,7,1,2,50.0,1,2,50.0,0,0,0,1,0,1,1,0,0,0,1,-5,Mouhamadou Gueye,5,4,4,2,13628,2024-03-31 22:00:00,Toronto Raptors,Philadelphia 76ers
96,507,Garrett,Temple,Toronto Raptors,13628,2,SF,9,1,2,50.0,0,0,0,0,0,0,0,2,2,0,2,0,0,0,-8,Garrett Temple,4,4,2,2,13628,2024-03-31 22:00:00,Toronto Raptors,Philadelphia 76ers
97,2628,Jordan,Nwora,Toronto Raptors,13628,19,SF,30,8,18,44.4,1,1,100.0,2,7,28.6,2,2,4,3,0,0,1,1,-4,Jordan Nwora,26,23,22,7,13628,2024-03-31 22:00:00,Toronto Raptors,Philadelphia 76ers
98,873,Kobi,Simmons,Toronto Raptors,13628,6,G,16,3,6,50.0,0,0,0,0,1,0,0,1,1,3,0,0,0,0,-8,Kobi Simmons,10,7,9,4,13628,2024-03-31 22:00:00,Toronto Raptors,Philadelphia 76ers
99,222,Tobias,Harris,Philadelphia 76ers,13628,21,PF,30,8,13,61.5,4,4,100.0,1,3,33.3,3,6,9,3,2,0,1,3,+8,Tobias Harris,33,30,24,12,13628,2024-03-31 22:00:00,Toronto Raptors,Philadelphia 76ers
100,932,Mo,Bamba,Philadelphia 76ers,13628,4,C,13,1,3,33.3,2,2,100.0,0,2,0,0,4,4,1,1,1,1,1,+1,Mo Bamba,9,8,5,5,13628,2024-03-31 22:00:00,Toronto Raptors,Philadelphia 76ers
101,327,Kyle,Lowry,Philadelphia 76ers,13628,11,PG,38,4,6,66.7,0,0,0,3,5,60.0,1,0,1,10,3,1,2,2,+7,Kyle Lowry,22,12,21,11,13628,2024-03-31 22:00:00,Toronto Raptors,Philadelphia 76ers
102,417,Cameron,Payne,Philadelphia 76ers,13628,24,PG,38,9,16,56.3,0,0,0,6,10,60.0,0,1,1,3,3,0,2,0,+15,Cameron Payne,28,25,27,4,13628,2024-03-31 22:00:00,Toronto Raptors,Philadelphia 76ers
103,407,Kelly,Oubre Jr.,Philadelphia 76ers,13628,32,SG,37,10,20,50.0,6,7,85.7,6,11,54.5,2,5,7,3,2,2,4,2,+25,Kelly Oubre Jr.,42,39,35,10,13628,2024-03-31 22:00:00,Toronto Raptors,Philadelphia 76ers
104,40,Nicolas,Batum,Philadelphia 76ers,13628,19,PF,28,7,8,87.5,0,0,0,5,6,83.3,1,5,6,2,0,2,0,0,+5,Nicolas Batum,27,25,21,8,13628,2024-03-31 22:00:00,Toronto Raptors,Philadelphia 76ers
105,2617,Kenyon,Martin Jr.,Philadelphia 76ers,13628,2,F,10,1,2,50.0,0,0,0,0,0,0,1,4,5,2,1,0,0,0,+9,Kenyon Martin Jr.,9,7,4,7,13628,2024-03-31 22:00:00,Toronto Raptors,Philadelphia 76ers
106,2638,Paul,Reed,Philadelphia 76ers,13628,9,SF,18,4,7,57.1,1,3,33.3,0,1,0,0,2,2,0,3,0,0,1,+1,Paul Reed,11,11,9,2,13628,2024-03-31 22:00:00,Toronto Raptors,Philadelphia 76ers
107,236,Buddy,Hield,Philadelphia 76ers,13628,13,SG,22,5,7,71.4,0,0,0,3,5,60.0,0,3,3,3,1,0,3,1,+5,Buddy Hield,19,16,16,6,13628,2024-03-31 22:00:00,Toronto Raptors,Philadelphia 76ers
108,2878,Jeff,Dowtin,Philadelphia 76ers,13628,0,G,5,0,1,0,0,0,0,0,0,0,1,0,1,1,1,0,2,0,-2,Jeff Dowtin,2,1,1,2,13628,2024-03-31 22:00:00,Toronto Raptors,Philadelphia 76ers
109,4049,Ricky IV,Council,Philadelphia 76ers,13628,0,G,1,0,0,0,0,0,0,0,0,0,0,0,0,0,0,0,0,0,+1,Ricky IV Council,0,0,0,0,13628,2024-03-31 22:00:00,Toronto Raptors,Philadelphia 76ers
110,931,Marvin,Bagley III,Washington Wizards,13629,12,PF,26,5,9,55.6,2,2,100.0,0,0,0,3,7,10,0,3,2,3,0,-3,Marvin Bagley III,22,22,12,10,13629,2024-03-31 22:00:00,Washington Wizards,Miami Heat
111,3413,Patrick,Baldwin Jr.,Washington Wizards,13629,0,F,18,0,8,0,0,0,0,0,8,0,0,3,3,0,3,0,1,0,-14,Patrick Baldwin Jr.,3,3,0,3,13629,2024-03-31 22:00:00,Washington Wizards,Miami Heat
112,2825,Corey,Kispert,Washington Wizards,13629,13,SF,41,5,13,38.5,2,4,50.0,1,7,14.3,0,2,2,3,3,2,1,0,-16,Corey Kispert,18,15,16,5,13629,2024-03-31 22:00:00,Washington Wizards,Miami Heat
113,2564,Deni,Avdija,Washington Wizards,13629,15,SF,38,5,12,41.7,4,4,100.0,1,3,33.3,0,9,9,6,1,1,3,1,-16,Deni Avdija,30,24,21,15,13629,2024-03-31 22:00:00,Washington Wizards,Miami Heat
114,1887,Jordan,Poole,Washington Wizards,13629,22,SG,34,8,20,40.0,2,2,100.0,4,12,33.3,1,3,4,8,3,1,4,0,-23,Jordan Poole,34,26,30,12,13629,2024-03-31 22:00:00,Washington Wizards,Miami Heat
115,2590,Anthony,Gill,Washington Wizards,13629,18,PF,20,7,12,58.3,3,5,60.0,1,2,50.0,2,2,4,0,3,0,0,0,-12,Anthony Gill,22,22,18,4,13629,2024-03-31 22:00:00,Washington Wizards,Miami Heat
116,4088,T.,Vukcevic,Washington Wizards,13629,3,PF,13,1,3,33.3,0,0,0,1,2,50.0,0,2,2,2,3,0,0,0,+4,T. Vukcevic,7,5,5,4,13629,2024-03-31 22:00:00,Washington Wizards,Miami Heat
117,2796,Jared,Butler,Washington Wizards,13629,14,SG,23,5,6,83.3,2,2,100.0,2,3,66.7,0,2,2,7,3,0,3,0,+12,Jared Butler,23,16,21,9,13629,2024-03-31 22:00:00,Washington Wizards,Miami Heat
118,3576,Jules,Bernard,Washington Wizards,13629,6,G,8,2,2,100.0,1,2,50.0,1,1,100.0,0,1,1,1,0,0,0,0,+12,Jules Bernard,8,7,7,2,13629,2024-03-31 22:00:00,Washington Wizards,Miami Heat
119,3428,Johnny,Davis,Washington Wizards,13629,4,G,19,2,3,66.7,0,0,0,0,0,0,1,4,5,0,0,0,0,0,-4,Johnny Davis,9,9,4,5,13629,2024-03-31 22:00:00,Washington Wizards,Miami Heat
120,1018,Duncan,Robinson,Miami Heat,13629,6,F,28,2,7,28.6,0,0,0,2,7,28.6,1,2,3,1,4,0,1,1,-6,Duncan Robinson,10,9,7,4,13629,2024-03-31 22:00:00,Washington Wizards,Miami Heat
121,3453,Nikola,Jovic,Miami Heat,13629,12,F,22,4,9,44.4,2,2,100.0,2,6,33.3,2,6,8,4,2,1,0,1,+22,Nikola Jovic,24,20,16,12,13629,2024-03-31 22:00:00,Washington Wizards,Miami Heat
122,86,Jimmy,Butler,Miami Heat,13629,17,SF,35,5,11,45.5,7,9,77.8,0,0,0,2,5,7,4,1,0,0,0,-2,Jimmy Butler,28,24,21,11,13629,2024-03-31 22:00:00,Washington Wizards,Miami Heat
123,724,Bam,Adebayo,Miami Heat,13629,22,C,37,6,12,50.0,10,12,83.3,0,2,0,0,10,10,5,2,2,5,1,+10,Bam Adebayo,37,32,27,15,13629,2024-03-31 22:00:00,Washington Wizards,Miami Heat
124,458,Terry,Rozier,Miami Heat,13629,27,SG,35,11,19,57.9,0,0,0,5,11,45.5,0,4,4,2,1,4,0,1,+20,Terry Rozier,33,31,29,6,13629,2024-03-31 22:00:00,Washington Wizards,Miami Heat
125,3424,Jamal,Cain,Miami Heat,13629,3,F,1,1,1,100.0,0,0,0,1,1,100.0,0,1,1,0,0,0,0,0,+3,Jamal Cain,4,4,3,1,13629,2024-03-31 22:00:00,Washington Wizards,Miami Heat
126,1815,Haywood,Highsmith,Miami Heat,13629,10,F,29,4,12,33.3,0,0,0,2,6,33.3,1,3,4,0,4,0,1,1,0,Haywood Highsmith,14,14,10,4,13629,2024-03-31 22:00:00,Washington Wizards,Miami Heat
127,3493,Cole,Swider,Miami Heat,13629,0,F,1,0,0,0,0,0,0,0,0,0,0,0,0,0,0,0,0,0,+3,Cole Swider,0,0,0,0,13629,2024-03-31 22:00:00,Washington Wizards,Miami Heat
128,753,Thomas,Bryant,Miami Heat,13629,4,C,10,2,3,66.7,0,0,0,0,0,0,0,3,3,0,3,0,2,1,-1,Thomas Bryant,7,7,4,3,13629,2024-03-31 22:00:00,Washington Wizards,Miami Heat
129,3482,Orlando,Robinson,Miami Heat,13629,0,C,1,0,0,0,0,0,0,0,0,0,0,0,0,0,0,0,0,0,+3,Orlando Robinson,0,0,0,0,13629,2024-03-31 22:00:00,Washington Wizards,Miami Heat
130,564,Delon,Wright,Miami Heat,13629,9,SG,21,2,2,100.0,4,4,100.0,1,1,100.0,0,1,1,4,2,4,0,1,+3,Delon Wright,14,10,13,5,13629,2024-03-31 22:00:00,Washington Wizards,Miami Heat
131,4085,Jamie Jr.,Jaquez,Miami Heat,13629,9,G,19,3,5,60.0,2,2,100.0,1,2,50.0,0,1,1,2,0,0,4,1,+2,Jamie Jr. Jaquez,12,10,11,3,13629,2024-03-31 22:00:00,Washington Wizards,Miami Heat
132,3503,Alondes,Williams,Miami Heat,13629,0,G,1,0,0,0,0,0,0,0,0,0,0,0,0,0,0,0,0,0,+3,Alondes Williams,0,0,0,0,13629,2024-03-31 22:00:00,Washington Wizards,Miami Heat
133,978,Isaiah,Hartenstein,New York Knicks,13630,17,C,29,6,8,75.0,5,7,71.4,0,0,0,6,6,12,5,2,1,1,0,+7,Isaiah Hartenstein,34,29,22,17,13630,2024-03-31 23:00:00,New York Knicks,Oklahoma City Thunder
134,946,Jalen,Brunson,New York Knicks,13630,30,PG,35,11,25,44.0,4,8,50.0,4,11,36.4,0,2,2,7,3,1,3,0,+17,Jalen Brunson,39,32,37,9,13630,2024-03-31 23:00:00,New York Knicks,Oklahoma City Thunder
135,2832,Miles,McBride,New York Knicks,13630,19,PG,46,6,15,40.0,3,3,100.0,4,10,40.0,2,2,4,3,3,3,1,0,-6,Miles McBride,26,23,22,7,13630,2024-03-31 23:00:00,New York Knicks,Oklahoma City Thunder
136,791,Josh,Hart,New York Knicks,13630,13,SG,45,4,9,44.4,5,6,83.3,0,1,0,3,12,15,6,4,1,4,0,+4,Josh Hart,34,28,19,21,13630,2024-03-31 23:00:00,New York Knicks,Oklahoma City Thunder
137,962,Donte,DiVincenzo,New York Knicks,13630,15,SG,40,4,18,22.2,3,4,75.0,4,16,25.0,0,1,1,2,5,2,1,1,-1,Donte DiVincenzo,18,16,17,3,13630,2024-03-31 23:00:00,New York Knicks,Oklahoma City Thunder
138,2561,Precious,Achiuwa,New York Knicks,13630,8,PF,22,3,5,60.0,2,4,50.0,0,1,0,4,5,9,0,2,0,0,2,-13,Precious Achiuwa,17,17,8,9,13630,2024-03-31 23:00:00,New York Knicks,Oklahoma City Thunder
139,60,Bojan,Bogdanovic,New York Knicks,13630,5,SF,11,2,4,50.0,1,2,50.0,0,1,0,0,1,1,0,0,0,0,0,-2,Bojan Bogdanovic,6,6,5,1,13630,2024-03-31 23:00:00,New York Knicks,Oklahoma City Thunder
140,84,Alec,Burks,New York Knicks,13630,5,SG,12,2,8,25.0,0,0,0,1,3,33.3,0,2,2,1,0,0,0,0,-9,Alec Burks,8,7,6,3,13630,2024-03-31 23:00:00,New York Knicks,Oklahoma City Thunder
141,1948,DaQuan,Jeffries,New York Knicks,13630,0,SG,0,0,0,0,0,0,0,0,0,0,0,0,0,0,0,0,0,0,-2,DaQuan Jeffries,0,0,0,0,13630,2024-03-31 23:00:00,New York Knicks,Oklahoma City Thunder
142,3448,Chet,Holmgren,Oklahoma City Thunder,13630,5,PF,26,2,8,25.0,0,2,0,1,6,16.7,1,4,5,0,4,0,3,1,-10,Chet Holmgren,10,10,5,5,13630,2024-03-31 23:00:00,New York Knicks,Oklahoma City Thunder
143,3504,Jalen,Williams,Oklahoma City Thunder,13630,33,F,34,14,18,77.8,4,8,50.0,1,4,25.0,0,4,4,8,1,2,1,2,+6,Jalen Williams,45,37,41,12,13630,2024-03-31 23:00:00,New York Knicks,Oklahoma City Thunder
144,972,Shai,Gilgeous-Alexander,Oklahoma City Thunder,13630,19,PG,35,7,16,43.8,4,4,100.0,1,4,25.0,1,1,2,3,4,1,2,0,-15,Shai Gilgeous-Alexander,24,21,22,5,13630,2024-03-31 23:00:00,New York Knicks,Oklahoma City Thunder
145,2808,Josh,Giddey,Oklahoma City Thunder,13630,16,SG,31,7,11,63.6,0,2,0,2,3,66.7,1,12,13,12,2,1,2,2,+11,Josh Giddey,41,29,28,25,13630,2024-03-31 23:00:00,New York Knicks,Oklahoma City Thunder
146,2040,Luguentz,Dort,Oklahoma City Thunder,13630,4,G,29,1,5,20.0,1,4,25.0,1,5,20.0,0,1,1,1,5,0,1,0,0,Luguentz Dort,6,5,5,2,13630,2024-03-31 23:00:00,New York Knicks,Oklahoma City Thunder
147,3505,Jaylin,Williams,Oklahoma City Thunder,13630,8,F,19,2,4,50.0,3,4,75.0,1,1,100.0,2,6,8,2,2,0,1,1,0,Jaylin Williams,18,16,10,10,13630,2024-03-31 23:00:00,New York Knicks,Oklahoma City Thunder
148,227,Gordon,Hayward,Oklahoma City Thunder,13630,5,SF,11,2,5,40.0,0,0,0,1,2,50.0,1,0,1,0,1,1,0,0,-10,Gordon Hayward,6,6,5,1,13630,2024-03-31 23:00:00,New York Knicks,Oklahoma City Thunder
149,1044,Kenrich,Williams,Oklahoma City Thunder,13630,7,SF,10,3,4,75.0,0,0,0,1,2,50.0,1,1,2,1,1,0,0,1,+9,Kenrich Williams,10,9,8,3,13630,2024-03-31 23:00:00,New York Knicks,Oklahoma City Thunder
150,2604,Isaiah,Joe,Oklahoma City Thunder,13630,6,SG,16,2,3,66.7,0,0,0,2,3,66.7,0,2,2,0,0,0,1,0,+4,Isaiah Joe,8,8,6,2,13630,2024-03-31 23:00:00,New York Knicks,Oklahoma City Thunder
151,2863,Aaron,Wiggins,Oklahoma City Thunder,13630,4,SG,14,2,5,40.0,0,0,0,0,2,0,2,1,3,2,2,1,1,1,+13,Aaron Wiggins,9,7,6,5,13630,2024-03-31 23:00:00,New York Knicks,Oklahoma City Thunder
152,4009,Cason,Wallace,Oklahoma City Thunder,13630,6,G,16,2,3,66.7,0,0,0,2,2,100.0,0,2,2,0,1,0,0,0,-3,Cason Wallace,8,8,6,2,13630,2024-03-31 23:00:00,New York Knicks,Oklahoma City Thunder
153,3489,Jabari,Smith Jr.,Houston Rockets,13631,28,PF,36,9,14,64.3,5,5,100.0,5,7,71.4,2,5,7,2,1,0,0,3,-22,Jabari Smith Jr.,37,35,30,9,13631,2024-03-31 23:00:00,Houston Rockets,Dallas Mavericks
154,3977,Amen,Thompson,Houston Rockets,13631,8,F,20,3,8,37.5,2,2,100.0,0,1,0,2,5,7,1,3,2,1,0,-14,Amen Thompson,16,15,9,8,13631,2024-03-31 23:00:00,Houston Rockets,Dallas Mavericks
155,749,Dillon,Brooks,Houston Rockets,13631,0,SF,28,0,8,0,0,0,0,0,7,0,0,3,3,1,3,0,1,0,-15,Dillon Brooks,4,3,1,4,13631,2024-03-31 23:00:00,Houston Rockets,Dallas Mavericks
156,527,Fred,VanVleet,Houston Rockets,13631,10,PG,32,3,4,75.0,1,1,100.0,3,4,75.0,0,2,2,7,3,0,3,0,-25,Fred VanVleet,19,12,17,9,13631,2024-03-31 23:00:00,Houston Rockets,Dallas Mavericks
157,2810,Jalen,Green,Houston Rockets,13631,12,SG,31,5,15,33.3,2,2,100.0,0,5,0,0,6,6,5,2,1,2,0,-22,Jalen Green,23,18,17,11,13631,2024-03-31 23:00:00,Houston Rockets,Dallas Mavericks
158,207,Jeff,Green,Houston Rockets,13631,2,PF,5,0,2,0,2,2,100.0,0,1,0,0,0,0,0,0,0,0,0,-1,Jeff Green,2,2,2,0,13631,2024-03-31 23:00:00,Houston Rockets,Dallas Mavericks
159,3978,Cam,Whitmore,Houston Rockets,13631,13,F,22,5,12,41.7,1,4,25.0,2,6,33.3,4,1,5,1,0,3,0,0,+2,Cam Whitmore,19,18,14,6,13631,2024-03-31 23:00:00,Houston Rockets,Dallas Mavericks
160,82,Reggie,Bullock,Houston Rockets,13631,3,SF,11,1,3,33.3,0,0,0,1,2,50.0,0,1,1,1,0,0,0,0,-7,Reggie Bullock,5,4,4,2,13631,2024-03-31 23:00:00,Houston Rockets,Dallas Mavericks
161,2650,Jae'Sean,Tate,Houston Rockets,13631,2,SF,8,1,2,50.0,0,0,0,0,0,0,1,2,3,0,0,0,2,0,+10,Jae'Sean Tate,5,5,2,3,13631,2024-03-31 23:00:00,Houston Rockets,Dallas Mavericks
162,1485,Jock,Landale,Houston Rockets,13631,11,C,19,5,12,41.7,1,1,100.0,0,0,0,2,2,4,1,0,1,0,0,-8,Jock Landale,16,15,12,5,13631,2024-03-31 23:00:00,Houston Rockets,Dallas Mavericks
163,979,Aaron,Holiday,Houston Rockets,13631,16,G,23,6,11,54.5,2,2,100.0,2,5,40.0,1,4,5,2,2,2,1,0,+9,Aaron Holiday,23,21,18,7,13631,2024-03-31 23:00:00,Houston Rockets,Dallas Mavericks
164,3931,Jeenathan,Williams,Houston Rockets,13631,2,G,5,1,1,100.0,0,0,0,0,0,0,0,0,0,1,0,0,0,0,+3,Jeenathan Williams,3,2,3,1,13631,2024-03-31 23:00:00,Houston Rockets,Dallas Mavericks
165,1897,P.J.,Washington,Dallas Mavericks,13631,12,PF,28,4,8,50.0,1,2,50.0,3,5,60.0,2,4,6,2,5,1,0,1,+16,P.J. Washington,20,18,14,8,13631,2024-03-31 23:00:00,Houston Rockets,Dallas Mavericks
166,283,Derrick,Jones Jr.,Dallas Mavericks,13631,2,SF,21,1,6,16.7,0,0,0,0,1,0,1,4,5,1,1,1,2,0,+4,Derrick Jones Jr.,8,7,3,6,13631,2024-03-31 23:00:00,Houston Rockets,Dallas Mavericks
167,1859,Daniel,Gafford,Dallas Mavericks,13631,6,C,22,3,4,75.0,0,0,0,0,0,0,1,3,4,3,2,1,1,5,+13,Daniel Gafford,13,10,9,7,13631,2024-03-31 23:00:00,Houston Rockets,Dallas Mavericks
168,261,Kyrie,Irving,Dallas Mavericks,13631,24,PG,34,9,19,47.4,2,2,100.0,4,9,44.4,1,2,3,7,3,1,1,0,+12,Kyrie Irving,34,27,31,10,13631,2024-03-31 23:00:00,Houston Rockets,Dallas Mavericks
169,963,Luka,Doncic,Dallas Mavericks,13631,47,PG,35,18,30,60.0,2,5,40.0,9,16,56.3,0,12,12,7,1,2,4,0,+12,Luka Doncic,66,59,54,19,13631,2024-03-31 23:00:00,Houston Rockets,Dallas Mavericks
170,374,Markieff,Morris,Dallas Mavericks,13631,0,PF,2,0,1,0,0,0,0,0,1,0,0,0,0,0,0,0,0,0,+1,Markieff Morris,0,0,0,0,13631,2024-03-31 23:00:00,Houston Rockets,Dallas Mavericks
171,817,Maxi,Kleber,Dallas Mavericks,13631,2,PF,20,1,2,50.0,0,0,0,0,1,0,1,3,4,0,2,0,2,0,-4,Maxi Kleber,6,6,2,4,13631,2024-03-31 23:00:00,Houston Rockets,Dallas Mavericks
172,3960,OlivierMaxence,Prosper,Dallas Mavericks,13631,0,F,2,0,1,0,0,0,0,0,0,0,2,0,2,1,0,0,0,0,+1,OlivierMaxence Prosper,3,2,1,3,13631,2024-03-31 23:00:00,Houston Rockets,Dallas Mavericks
173,215,Tim,Hardaway Jr.,Dallas Mavericks,13631,9,SF,24,3,8,37.5,0,0,0,3,6,50.0,0,5,5,0,0,0,1,0,+7,Tim Hardaway Jr.,14,14,9,5,13631,2024-03-31 23:00:00,Houston Rockets,Dallas Mavericks
174,433,Dwight,Powell,Dallas Mavericks,13631,0,C,2,0,0,0,0,0,0,0,0,0,0,0,0,0,0,0,0,0,+1,Dwight Powell,0,0,0,0,13631,2024-03-31 23:00:00,Houston Rockets,Dallas Mavericks
175,4044,Dereck II,Lively,Dallas Mavericks,13631,2,C,13,1,1,100.0,0,0,0,0,0,0,1,1,2,0,1,1,0,2,+24,Dereck II Lively,4,4,2,2,13631,2024-03-31 23:00:00,Houston Rockets,Dallas Mavericks
176,164,Dante,Exum,Dallas Mavericks,13631,13,G,18,5,5,100.0,0,0,0,3,3,100.0,1,0,1,2,0,0,0,0,+6,Dante Exum,16,14,15,3,13631,2024-03-31 23:00:00,Houston Rockets,Dallas Mavericks
177,2890,A.J.,Lawson,Dallas Mavericks,13631,0,G,2,0,1,0,0,0,0,0,0,0,0,1,1,0,0,0,0,0,+1,A.J. Lawson,1,1,0,1,13631,2024-03-31 23:00:00,Houston Rockets,Dallas Mavericks
178,3407,Jaden,Hardy,Dallas Mavericks,13631,8,G,16,3,7,42.9,0,0,0,2,5,40.0,0,2,2,1,2,0,2,0,-4,Jaden Hardy,11,10,9,3,13631,2024-03-31 23:00:00,Houston Rockets,Dallas Mavericks
179,2621,Jaden,McDaniels,Minnesota Timberwolves,13632,8,PF,33,3,10,30.0,1,2,50.0,1,6,16.7,2,4,6,3,2,1,2,0,-2,Jaden McDaniels,17,14,11,9,13632,2024-03-31 23:00:00,Minnesota Timberwolves,Chicago Bulls
180,192,Rudy,Gobert,Minnesota Timberwolves,13632,19,C,38,8,9,88.9,3,7,42.9,0,0,0,3,7,10,1,2,2,0,1,-4,Rudy Gobert,30,29,20,11,13632,2024-03-31 23:00:00,Minnesota Timberwolves,Chicago Bulls
181,2146,Naz,Reid,Minnesota Timberwolves,13632,14,C,31,5,14,35.7,1,1,100.0,3,9,33.3,0,3,3,4,2,1,3,2,-4,Naz Reid,21,17,18,7,13632,2024-03-31 23:00:00,Minnesota Timberwolves,Chicago Bulls
182,114,Mike,Conley,Minnesota Timberwolves,13632,19,PG,29,7,11,63.6,0,0,0,5,9,55.6,0,1,1,7,2,4,1,0,-6,Mike Conley,27,20,26,8,13632,2024-03-31 23:00:00,Minnesota Timberwolves,Chicago Bulls
183,2584,Anthony,Edwards,Minnesota Timberwolves,13632,22,SG,36,9,20,45.0,4,6,66.7,0,5,0,2,9,11,5,1,0,6,1,-10,Anthony Edwards,38,33,27,16,13632,2024-03-31 23:00:00,Minnesota Timberwolves,Chicago Bulls
184,18,Kyle,Anderson,Minnesota Timberwolves,13632,5,SF,21,2,5,40.0,1,1,100.0,0,0,0,1,0,1,2,0,2,0,1,-12,Kyle Anderson,8,6,7,3,13632,2024-03-31 23:00:00,Minnesota Timberwolves,Chicago Bulls
185,845,Monte,Morris,Minnesota Timberwolves,13632,9,PG,16,2,4,50.0,4,4,100.0,1,3,33.3,0,2,2,1,0,2,0,0,-6,Monte Morris,12,11,10,3,13632,2024-03-31 23:00:00,Minnesota Timberwolves,Chicago Bulls
186,997,Jordan,McLaughlin,Minnesota Timberwolves,13632,0,PG,14,0,1,0,0,0,0,0,0,0,0,1,1,3,0,0,0,0,+8,Jordan McLaughlin,4,1,3,4,13632,2024-03-31 23:00:00,Minnesota Timberwolves,Chicago Bulls
187,1845,Nickeil,Alexander-Walker,Minnesota Timberwolves,13632,5,SG,22,2,7,28.6,0,0,0,1,5,20.0,0,2,2,2,1,0,1,0,-4,Nickeil Alexander-Walker,9,7,7,4,13632,2024-03-31 23:00:00,Minnesota Timberwolves,Chicago Bulls
188,136,DeMar,DeRozan,Chicago Bulls,13632,27,SF,39,11,23,47.8,4,7,57.1,1,2,50.0,0,2,2,8,0,1,4,1,+7,DeMar DeRozan,37,29,35,10,13632,2024-03-31 23:00:00,Minnesota Timberwolves,Chicago Bulls
189,534,Nikola,Vucevic,Chicago Bulls,13632,19,C,33,8,16,50.0,1,2,50.0,2,6,33.3,1,7,8,6,1,2,2,0,+6,Nikola Vucevic,33,27,25,14,13632,2024-03-31 23:00:00,Minnesota Timberwolves,Chicago Bulls
190,1900,Coby,White,Chicago Bulls,13632,17,PG,41,6,10,60.0,1,1,100.0,4,6,66.7,0,5,5,3,2,0,2,0,+4,Coby White,25,22,20,8,13632,2024-03-31 23:00:00,Minnesota Timberwolves,Chicago Bulls
191,631,Alex,Caruso,Chicago Bulls,13632,21,SG,35,7,8,87.5,0,0,0,7,8,87.5,1,4,5,5,3,5,4,0,+6,Alex Caruso,31,26,26,10,13632,2024-03-31 23:00:00,Minnesota Timberwolves,Chicago Bulls
192,2802,Ayo,Dosunmu,Chicago Bulls,13632,13,SG,36,5,9,55.6,2,2,100.0,1,2,50.0,0,3,3,6,3,2,1,0,+18,Ayo Dosunmu,22,16,19,9,13632,2024-03-31 23:00:00,Minnesota Timberwolves,Chicago Bulls
193,3494,Dalen,Terry,Chicago Bulls,13632,0,F,11,0,2,0,0,0,0,0,2,0,0,1,1,1,3,0,1,1,+3,Dalen Terry,2,1,1,2,13632,2024-03-31 23:00:00,Minnesota Timberwolves,Chicago Bulls
194,765,Torrey,Craig,Chicago Bulls,13632,3,SF,13,1,2,50.0,0,0,0,1,1,100.0,1,3,4,0,2,0,1,0,+3,Torrey Craig,7,7,3,4,13632,2024-03-31 23:00:00,Minnesota Timberwolves,Chicago Bulls
195,147,Andre,Drummond,Chicago Bulls,13632,6,C,17,3,6,50.0,0,0,0,0,0,0,2,7,9,0,4,1,0,0,-1,Andre Drummond,15,15,6,9,13632,2024-03-31 23:00:00,Minnesota Timberwolves,Chicago Bulls
196,2404,Javonte,Green,Chicago Bulls,13632,3,G,16,1,4,25.0,0,0,0,1,2,50.0,3,3,6,1,0,0,1,1,-6,Javonte Green,10,9,4,7,13632,2024-03-31 23:00:00,Minnesota Timberwolves,Chicago Bulls
197,3425,Julian,Champagnie,San Antonio Spurs,13633,9,F,38,3,9,33.3,0,0,0,3,7,42.9,1,4,5,4,2,1,3,1,-4,Julian Champagnie,18,14,13,9,13633,2024-03-31 23:00:00,San Antonio Spurs,Golden State Warriors
198,854,Cedi,Osman,San Antonio Spurs,13633,18,SF,36,7,12,58.3,0,0,0,4,7,57.1,1,1,2,1,1,1,2,0,-9,Cedi Osman,21,20,19,3,13633,2024-03-31 23:00:00,San Antonio Spurs,Golden State Warriors
199,4026,Victor,Wembanyama,San Antonio Spurs,13633,32,C,31,10,22,45.5,9,10,90.0,3,10,30.0,1,8,9,5,2,4,5,3,-11,Victor Wembanyama,46,41,37,14,13633,2024-03-31 23:00:00,San Antonio Spurs,Golden State Warriors
200,2606,Tre,Jones,San Antonio Spurs,13633,12,PG,32,5,11,45.5,0,0,0,2,4,50.0,3,2,5,6,1,1,2,0,-11,Tre Jones,23,17,18,11,13633,2024-03-31 23:00:00,San Antonio Spurs,Golden State Warriors
201,3419,Malaki,Branham,San Antonio Spurs,13633,12,G,31,5,14,35.7,1,1,100.0,1,6,16.7,2,1,3,4,2,0,4,0,+7,Malaki Branham,19,15,16,7,13633,2024-03-31 23:00:00,San Antonio Spurs,Golden State Warriors
202,762,Zach,Collins,San Antonio Spurs,13633,13,PF,16,4,10,40.0,3,3,100.0,2,3,66.7,3,5,8,2,1,0,0,0,+9,Zach Collins,23,21,15,10,13633,2024-03-31 23:00:00,San Antonio Spurs,Golden State Warriors
203,2830,Sandro,Mamukelashvili,San Antonio Spurs,13633,10,PF,25,4,6,66.7,2,2,100.0,0,1,0,4,7,11,2,1,0,1,1,+3,Sandro Mamukelashvili,23,21,12,13,13633,2024-03-31 23:00:00,San Antonio Spurs,Golden State Warriors
204,973,Devonte',Graham,San Antonio Spurs,13633,6,PG,18,2,4,50.0,0,0,0,2,4,50.0,0,1,1,2,1,0,2,0,-5,Devonte' Graham,9,7,8,3,13633,2024-03-31 23:00:00,San Antonio Spurs,Golden State Warriors
205,3499,Blake,Wesley,San Antonio Spurs,13633,1,G,12,0,1,0,1,2,50.0,0,1,0,1,0,1,5,1,0,0,0,+1,Blake Wesley,7,2,6,6,13633,2024-03-31 23:00:00,San Antonio Spurs,Golden State Warriors
206,204,Draymond,Green,Golden State Warriors,13633,21,PF,32,8,9,88.9,3,4,75.0,2,2,100.0,2,4,6,11,3,6,5,1,+13,Draymond Green,38,27,32,17,13633,2024-03-31 23:00:00,San Antonio Spurs,Golden State Warriors
207,3973,Trayce,JacksonDavis,Golden State Warriors,13633,7,F,28,3,5,60.0,1,2,50.0,0,0,0,4,3,7,3,2,2,1,1,-1,Trayce JacksonDavis,17,14,10,10,13633,2024-03-31 23:00:00,San Antonio Spurs,Golden State Warriors
208,548,Andrew,Wiggins,Golden State Warriors,13633,4,SF,22,2,12,16.7,0,0,0,0,2,0,2,3,5,0,2,0,1,0,-1,Andrew Wiggins,9,9,4,5,13633,2024-03-31 23:00:00,San Antonio Spurs,Golden State Warriors
209,124,Stephen,Curry,Golden State Warriors,13633,33,PG,33,12,23,52.2,2,2,100.0,7,15,46.7,0,1,1,8,1,0,4,0,+12,Stephen Curry,42,34,41,9,13633,2024-03-31 23:00:00,San Antonio Spurs,Golden State Warriors
210,514,Klay,Thompson,Golden State Warriors,13633,13,SG,29,5,13,38.5,1,1,100.0,2,8,25.0,0,2,2,3,0,2,2,0,-3,Klay Thompson,18,15,16,5,13633,2024-03-31 23:00:00,San Antonio Spurs,Golden State Warriors
211,322,Kevon,Looney,Golden State Warriors,13633,4,F,9,1,1,100.0,2,2,100.0,0,0,0,1,1,2,1,1,0,0,0,-4,Kevon Looney,7,6,5,3,13633,2024-03-31 23:00:00,San Antonio Spurs,Golden State Warriors
212,415,Chris,Paul,Golden State Warriors,13633,9,PG,22,4,9,44.4,0,0,0,1,3,33.3,0,4,4,2,1,2,0,0,+2,Chris Paul,15,13,11,6,13633,2024-03-31 23:00:00,San Antonio Spurs,Golden State Warriors
213,593,Gary,Payton II,Golden State Warriors,13633,4,SG,20,2,3,66.7,0,0,0,0,1,0,0,3,3,1,2,1,0,1,-3,Gary Payton II,8,7,5,4,13633,2024-03-31 23:00:00,San Antonio Spurs,Golden State Warriors
214,2836,Moses,Moody,Golden State Warriors,13633,10,SG,22,3,6,50.0,2,2,100.0,2,3,66.7,0,4,4,1,1,0,1,0,+12,Moses Moody,15,14,11,5,13633,2024-03-31 23:00:00,San Antonio Spurs,Golden State Warriors
215,3975,Brandin,Podziemski,Golden State Warriors,13633,12,G,24,5,11,45.5,0,0,0,2,5,40.0,3,4,7,4,1,2,1,0,-7,Brandin Podziemski,23,19,16,11,13633,2024-03-31 23:00:00,San Antonio Spurs,Golden State Warriors
216,3453,Nikola,Jovic,Miami Heat,13616,5,F,17,2,3,66.7,0,0,0,1,2,50.0,0,2,2,3,1,3,0,0,+17,Nikola Jovic,10,7,8,5,13616,2024-03-30 00:00:00,Miami Heat,Portland Trail Blazers
217,86,Jimmy,Butler,Miami Heat,13616,8,SF,25,2,4,50.0,3,3,100.0,1,3,33.3,0,4,4,8,1,1,0,0,+42,Jimmy Butler,20,12,16,12,13616,2024-03-30 00:00:00,Miami Heat,Portland Trail Blazers
218,724,Bam,Adebayo,Miami Heat,13616,21,C,26,9,12,75.0,1,3,33.3,2,3,66.7,0,12,12,9,3,2,4,1,+29,Bam Adebayo,42,33,30,21,13616,2024-03-30 00:00:00,Miami Heat,Portland Trail Blazers
219,365,Patty,Mills,Miami Heat,13616,17,PG,28,5,8,62.5,5,5,100.0,2,5,40.0,0,0,0,1,0,3,1,0,+33,Patty Mills,18,17,18,1,13616,2024-03-30 00:00:00,Miami Heat,Portland Trail Blazers
220,458,Terry,Rozier,Miami Heat,13616,22,SG,27,8,17,47.1,0,0,0,6,10,60.0,0,3,3,6,0,1,1,0,+29,Terry Rozier,31,25,28,9,13616,2024-03-30 00:00:00,Miami Heat,Portland Trail Blazers
221,3424,Jamal,Cain,Miami Heat,13616,3,F,12,1,4,25.0,0,0,0,1,2,50.0,0,0,0,3,3,0,1,1,+16,Jamal Cain,6,3,6,3,13616,2024-03-30 00:00:00,Miami Heat,Portland Trail Blazers
222,1815,Haywood,Highsmith,Miami Heat,13616,20,F,28,7,9,77.8,1,3,33.3,5,6,83.3,0,6,6,1,1,1,1,0,+40,Haywood Highsmith,27,26,21,7,13616,2024-03-30 00:00:00,Miami Heat,Portland Trail Blazers
223,2242,Caleb,Martin,Miami Heat,13616,3,SF,9,1,2,50.0,0,0,0,1,2,50.0,0,2,2,3,0,1,0,0,+14,Caleb Martin,8,5,6,5,13616,2024-03-30 00:00:00,Miami Heat,Portland Trail Blazers
224,753,Thomas,Bryant,Miami Heat,13616,26,C,22,11,17,64.7,3,4,75.0,1,3,33.3,6,6,12,1,0,2,0,2,+31,Thomas Bryant,39,38,27,13,13616,2024-03-30 00:00:00,Miami Heat,Portland Trail Blazers
225,564,Delon,Wright,Miami Heat,13616,5,SG,21,2,7,28.6,0,0,0,1,2,50.0,0,0,0,1,1,2,0,0,+21,Delon Wright,6,5,6,1,13616,2024-03-30 00:00:00,Miami Heat,Portland Trail Blazers
226,4085,Jamie Jr.,Jaquez,Miami Heat,13616,12,G,25,6,9,66.7,0,0,0,0,1,0,0,3,3,5,3,1,0,0,+28,Jamie Jr. Jaquez,20,15,17,8,13616,2024-03-30 00:00:00,Miami Heat,Portland Trail Blazers
227,3496,Jabari,Walker,Portland Trail Blazers,13616,4,F,35,1,6,16.7,2,3,66.7,0,2,0,1,2,3,2,2,0,1,0,-38,Jabari Walker,9,7,6,5,13616,2024-03-30 00:00:00,Miami Heat,Portland Trail Blazers
228,4017,Kris,Murray,Portland Trail Blazers,13616,11,F,42,4,10,40.0,0,0,0,3,8,37.5,1,4,5,4,2,0,4,0,-49,Kris Murray,20,16,15,9,13616,2024-03-30 00:00:00,Miami Heat,Portland Trail Blazers
229,930,Deandre,Ayton,Portland Trail Blazers,13616,18,C,25,9,15,60.0,0,0,0,0,1,0,1,7,8,1,1,1,1,0,-32,Deandre Ayton,27,26,19,9,13616,2024-03-30 00:00:00,Miami Heat,Portland Trail Blazers
230,3408,Scoot,Henderson,Portland Trail Blazers,13616,20,G,41,8,18,44.4,3,5,60.0,1,5,20.0,1,5,6,6,1,2,7,1,-58,Scoot Henderson,32,26,26,12,13616,2024-03-30 00:00:00,Miami Heat,Portland Trail Blazers
231,4069,R.,Rupert,Portland Trail Blazers,13616,6,G,26,3,6,50.0,0,0,0,0,1,0,2,2,4,3,5,1,3,0,-38,R. Rupert,13,10,9,7,13616,2024-03-30 00:00:00,Miami Heat,Portland Trail Blazers
232,3714,Justin,Minaya,Portland Trail Blazers,13616,2,F,11,1,2,50.0,0,0,0,0,0,0,1,1,2,0,3,0,1,1,-5,Justin Minaya,4,4,2,2,13616,2024-03-30 00:00:00,Miami Heat,Portland Trail Blazers
233,4018,Duop,Reath,Portland Trail Blazers,13616,6,C,14,3,8,37.5,0,0,0,0,4,0,0,2,2,0,0,0,1,0,-12,Duop Reath,8,8,6,2,13616,2024-03-30 00:00:00,Miami Heat,Portland Trail Blazers
234,4014,Ibou,Badji,Portland Trail Blazers,13616,3,C,9,1,1,100.0,1,2,50.0,0,0,0,1,2,3,0,2,0,0,0,-16,Ibou Badji,6,6,3,3,13616,2024-03-30 00:00:00,Miami Heat,Portland Trail Blazers
235,1896,Matisse,Thybulle,Portland Trail Blazers,13616,0,SG,7,0,2,0,0,0,0,0,2,0,0,1,1,2,1,0,0,0,-8,Matisse Thybulle,3,1,2,3,13616,2024-03-30 00:00:00,Miami Heat,Portland Trail Blazers
236,2788,Dalano,Banton,Portland Trail Blazers,13616,12,G,30,5,19,26.3,1,1,100.0,1,7,14.3,2,7,9,2,2,0,5,0,-44,Dalano Banton,23,21,14,11,13616,2024-03-30 00:00:00,Miami Heat,Portland Trail Blazers
237,3448,Chet,Holmgren,Oklahoma City Thunder,13617,20,PF,28,6,10,60.0,8,8,100.0,0,0,0,1,5,6,2,1,0,1,1,+16,Chet Holmgren,28,26,22,8,13617,2024-03-30 00:00:00,Oklahoma City Thunder,Phoenix Suns
238,3504,Jalen,Williams,Oklahoma City Thunder,13617,16,F,30,6,12,50.0,4,4,100.0,0,1,0,1,3,4,3,1,2,2,1,+7,Jalen Williams,23,20,19,7,13617,2024-03-30 00:00:00,Oklahoma City Thunder,Phoenix Suns
239,2863,Aaron,Wiggins,Oklahoma City Thunder,13617,15,SG,26,6,8,75.0,0,0,0,3,4,75.0,1,3,4,2,1,1,1,0,+16,Aaron Wiggins,21,19,17,6,13617,2024-03-30 00:00:00,Oklahoma City Thunder,Phoenix Suns
240,2808,Josh,Giddey,Oklahoma City Thunder,13617,23,SG,24,10,15,66.7,2,2,100.0,1,3,33.3,1,6,7,9,0,0,3,1,+22,Josh Giddey,39,30,32,16,13617,2024-03-30 00:00:00,Oklahoma City Thunder,Phoenix Suns
241,2040,Luguentz,Dort,Oklahoma City Thunder,13617,11,G,27,4,8,50.0,0,0,0,3,6,50.0,0,1,1,3,0,3,1,0,+7,Luguentz Dort,15,12,14,4,13617,2024-03-30 00:00:00,Oklahoma City Thunder,Phoenix Suns
242,3505,Jaylin,Williams,Oklahoma City Thunder,13617,3,F,14,1,1,100.0,0,0,0,1,1,100.0,0,3,3,6,2,0,0,3,+7,Jaylin Williams,12,6,9,9,13617,2024-03-30 00:00:00,Oklahoma City Thunder,Phoenix Suns
243,227,Gordon,Hayward,Oklahoma City Thunder,13617,4,SF,11,2,5,40.0,0,0,0,0,1,0,0,1,1,2,0,0,0,0,+6,Gordon Hayward,7,5,6,3,13617,2024-03-30 00:00:00,Oklahoma City Thunder,Phoenix Suns
244,1044,Kenrich,Williams,Oklahoma City Thunder,13617,6,SF,19,3,7,42.9,0,0,0,0,2,0,2,2,4,1,3,0,0,0,+12,Kenrich Williams,11,10,7,5,13617,2024-03-30 00:00:00,Oklahoma City Thunder,Phoenix Suns
245,54,Bismack,Biyombo,Oklahoma City Thunder,13617,0,C,2,0,0,0,0,0,0,0,0,0,0,0,0,0,0,0,0,0,-3,Bismack Biyombo,0,0,0,0,13617,2024-03-30 00:00:00,Oklahoma City Thunder,Phoenix Suns
246,384,Mike,Muscala,Oklahoma City Thunder,13617,0,C,6,0,1,0,0,0,0,0,1,0,1,0,1,1,1,1,0,0,+2,Mike Muscala,2,1,1,2,13617,2024-03-30 00:00:00,Oklahoma City Thunder,Phoenix Suns
247,2604,Isaiah,Joe,Oklahoma City Thunder,13617,14,SG,22,5,11,45.5,0,0,0,4,7,57.1,0,3,3,1,2,0,1,0,+10,Isaiah Joe,18,17,15,4,13617,2024-03-30 00:00:00,Oklahoma City Thunder,Phoenix Suns
248,4009,Cason,Wallace,Oklahoma City Thunder,13617,16,G,32,6,9,66.7,0,0,0,4,4,100.0,0,4,4,3,2,0,1,1,+23,Cason Wallace,23,20,19,7,13617,2024-03-30 00:00:00,Oklahoma City Thunder,Phoenix Suns
249,153,Kevin,Durant,Phoenix Suns,13617,26,PF,31,10,17,58.8,2,3,66.7,4,7,57.1,0,6,6,1,2,1,3,1,-15,Kevin Durant,33,32,27,7,13617,2024-03-30 00:00:00,Oklahoma City Thunder,Phoenix Suns
250,398,Jusuf,Nurkic,Phoenix Suns,13617,5,C,23,2,4,50.0,1,2,50.0,0,0,0,2,1,3,3,2,0,2,1,-22,Jusuf Nurkic,11,8,8,6,13617,2024-03-30 00:00:00,Oklahoma City Thunder,Phoenix Suns
251,45,Bradley,Beal,Phoenix Suns,13617,15,SG,31,6,13,46.2,0,0,0,3,5,60.0,2,1,3,2,1,1,1,1,-18,Bradley Beal,20,18,17,5,13617,2024-03-30 00:00:00,Oklahoma City Thunder,Phoenix Suns
252,926,Grayson,Allen,Phoenix Suns,13617,13,SG,28,6,16,37.5,0,0,0,1,9,11.1,4,5,9,5,0,1,2,0,-14,Grayson Allen,27,22,18,14,13617,2024-03-30 00:00:00,Oklahoma City Thunder,Phoenix Suns
253,64,Devin,Booker,Phoenix Suns,13617,14,SG,27,4,9,44.4,6,7,85.7,0,2,0,0,3,3,5,5,0,3,0,-17,Devin Booker,22,17,19,8,13617,2024-03-30 00:00:00,Oklahoma City Thunder,Phoenix Suns
254,851,Royce,O'Neale,Phoenix Suns,13617,5,PF,22,2,5,40.0,0,0,0,1,3,33.3,1,1,2,3,0,1,0,0,-16,Royce O'Neale,10,7,8,5,13617,2024-03-30 00:00:00,Oklahoma City Thunder,Phoenix Suns
255,966,Drew,Eubanks,Phoenix Suns,13617,0,PF,7,0,0,0,0,0,0,0,0,0,2,2,4,0,1,0,1,2,-7,Drew Eubanks,4,4,0,4,13617,2024-03-30 00:00:00,Oklahoma City Thunder,Phoenix Suns
256,3483,David,Roddy,Phoenix Suns,13617,2,F,8,1,3,33.3,0,0,0,0,1,0,1,2,3,1,0,0,0,0,+1,David Roddy,6,5,3,4,13617,2024-03-30 00:00:00,Oklahoma City Thunder,Phoenix Suns
257,1010,Josh,Okogie,Phoenix Suns,13617,5,SF,14,1,2,50.0,2,2,100.0,1,2,50.0,1,1,2,1,2,0,1,1,-1,Josh Okogie,8,7,6,3,13617,2024-03-30 00:00:00,Oklahoma City Thunder,Phoenix Suns
258,1875,Nassir,Little,Phoenix Suns,13617,7,SF,8,3,4,75.0,0,0,0,1,2,50.0,0,1,1,1,0,0,0,0,+1,Nassir Little,9,8,8,2,13617,2024-03-30 00:00:00,Oklahoma City Thunder,Phoenix Suns
259,1849,Bol,Bol,Phoenix Suns,13617,0,C,13,0,0,0,0,0,0,0,0,0,0,1,1,1,1,0,0,0,-6,Bol Bol,2,1,1,2,13617,2024-03-30 00:00:00,Oklahoma City Thunder,Phoenix Suns
260,196,Eric,Gordon,Phoenix Suns,13617,6,SG,22,2,10,20.0,1,1,100.0,1,8,12.5,0,2,2,2,1,2,1,0,-12,Eric Gordon,10,8,8,4,13617,2024-03-30 00:00:00,Oklahoma City Thunder,Phoenix Suns
261,4087,I.,Thomas,Phoenix Suns,13617,5,G,8,2,4,50.0,0,0,0,1,2,50.0,0,0,0,1,0,0,0,0,+1,I. Thomas,6,5,6,1,13617,2024-03-30 00:00:00,Oklahoma City Thunder,Phoenix Suns
262,3425,Julian,Champagnie,San Antonio Spurs,13618,12,F,28,4,8,50.0,2,2,100.0,2,4,50.0,1,4,5,2,1,0,2,0,-6,Julian Champagnie,19,17,14,7,13618,2024-03-30 00:00:00,San Antonio Spurs,New York Knicks
263,3490,Jeremy,Sochan,San Antonio Spurs,13618,4,F,17,2,3,66.7,0,0,0,0,0,0,0,0,0,1,1,0,0,0,-3,Jeremy Sochan,5,4,5,1,13618,2024-03-30 00:00:00,San Antonio Spurs,New York Knicks
264,4026,Victor,Wembanyama,San Antonio Spurs,13618,40,C,38,13,22,59.1,10,12,83.3,4,9,44.4,5,15,20,7,2,2,4,1,+1,Victor Wembanyama,67,60,47,27,13618,2024-03-30 00:00:00,San Antonio Spurs,New York Knicks
265,2606,Tre,Jones,San Antonio Spurs,13618,13,PG,35,4,6,66.7,2,2,100.0,3,5,60.0,0,4,4,4,2,0,2,0,+13,Tre Jones,21,17,17,8,13618,2024-03-30 00:00:00,San Antonio Spurs,New York Knicks
266,2661,Devin,Vassell,San Antonio Spurs,13618,23,SG,45,10,22,45.5,0,0,0,3,10,30.0,0,2,2,7,0,1,2,0,-9,Devin Vassell,32,25,30,9,13618,2024-03-30 00:00:00,San Antonio Spurs,New York Knicks
267,762,Zach,Collins,San Antonio Spurs,13618,3,PF,15,1,4,25.0,1,2,50.0,0,3,0,1,2,3,2,2,0,1,1,+5,Zach Collins,8,6,5,5,13618,2024-03-30 00:00:00,San Antonio Spurs,New York Knicks
268,854,Cedi,Osman,San Antonio Spurs,13618,4,SF,20,2,4,50.0,0,0,0,0,1,0,0,0,0,2,2,0,0,0,-9,Cedi Osman,6,4,6,2,13618,2024-03-30 00:00:00,San Antonio Spurs,New York Knicks
269,1872,Keldon,Johnson,San Antonio Spurs,13618,17,SF,35,4,8,50.0,7,8,87.5,2,6,33.3,1,4,5,4,2,0,2,0,+23,Keldon Johnson,26,22,21,9,13618,2024-03-30 00:00:00,San Antonio Spurs,New York Knicks
270,3419,Malaki,Branham,San Antonio Spurs,13618,10,G,19,3,4,75.0,2,4,50.0,2,2,100.0,0,2,2,2,0,0,1,0,+5,Malaki Branham,14,12,12,4,13618,2024-03-30 00:00:00,San Antonio Spurs,New York Knicks
271,3499,Blake,Wesley,San Antonio Spurs,13618,4,G,13,1,1,100.0,2,2,100.0,0,0,0,0,5,5,3,4,0,1,0,0,Blake Wesley,12,9,7,8,13618,2024-03-30 00:00:00,San Antonio Spurs,New York Knicks
272,978,Isaiah,Hartenstein,New York Knicks,13618,7,C,28,3,7,42.9,1,2,50.0,0,0,0,1,3,4,4,6,1,3,0,+10,Isaiah Hartenstein,15,11,11,8,13618,2024-03-30 00:00:00,San Antonio Spurs,New York Knicks
273,946,Jalen,Brunson,New York Knicks,13618,61,PG,43,25,47,53.2,6,6,100.0,5,13,38.5,1,3,4,6,2,1,1,0,+20,Jalen Brunson,71,65,67,10,13618,2024-03-30 00:00:00,San Antonio Spurs,New York Knicks
274,2832,Miles,McBride,New York Knicks,13618,7,PG,46,3,9,33.3,0,0,0,1,4,25.0,2,0,2,3,3,4,1,0,-5,Miles McBride,12,9,10,5,13618,2024-03-30 00:00:00,San Antonio Spurs,New York Knicks
275,791,Josh,Hart,New York Knicks,13618,12,SG,42,4,13,30.8,2,2,100.0,2,5,40.0,4,8,12,8,3,1,2,0,+20,Josh Hart,32,24,20,20,13618,2024-03-30 00:00:00,San Antonio Spurs,New York Knicks
276,962,Donte,DiVincenzo,New York Knicks,13618,20,SG,49,7,13,53.8,0,0,0,6,12,50.0,0,6,6,2,2,2,0,0,-10,Donte DiVincenzo,28,26,22,8,13618,2024-03-30 00:00:00,San Antonio Spurs,New York Knicks
277,2561,Precious,Achiuwa,New York Knicks,13618,6,PF,16,3,3,100.0,0,0,0,0,0,0,2,3,5,0,4,0,1,1,-30,Precious Achiuwa,11,11,6,5,13618,2024-03-30 00:00:00,San Antonio Spurs,New York Knicks
278,60,Bojan,Bogdanovic,New York Knicks,13618,4,SF,15,2,7,28.6,0,0,0,0,3,0,1,1,2,0,2,0,2,0,-16,Bojan Bogdanovic,6,6,4,2,13618,2024-03-30 00:00:00,San Antonio Spurs,New York Knicks
279,1020,Mitchell,Robinson,New York Knicks,13618,7,C,20,3,9,33.3,1,2,50.0,0,0,0,7,5,12,0,1,0,1,0,-10,Mitchell Robinson,19,19,7,12,13618,2024-03-30 00:00:00,San Antonio Spurs,New York Knicks
280,1001,Shake,Milton,New York Knicks,13618,2,SG,6,1,2,50.0,0,0,0,0,0,0,0,3,3,1,1,1,0,0,+1,Shake Milton,6,5,3,4,13618,2024-03-30 00:00:00,San Antonio Spurs,New York Knicks
281,195,Aaron,Gordon,Denver Nuggets,13619,14,PF,31,5,9,55.6,2,4,50.0,2,4,50.0,1,6,7,4,4,0,4,0,-5,Aaron Gordon,25,21,18,11,13619,2024-03-30 01:00:00,Denver Nuggets,Minnesota Timberwolves
282,1014,Michael,Porter Jr.,Denver Nuggets,13619,14,SF,36,5,10,50.0,2,2,100.0,2,5,40.0,1,5,6,4,2,1,0,0,-7,Michael Porter Jr.,24,20,18,10,13619,2024-03-30 01:00:00,Denver Nuggets,Minnesota Timberwolves
283,279,Nikola,Jokic,Denver Nuggets,13619,32,C,37,11,24,45.8,10,13,76.9,0,3,0,1,9,10,5,2,2,4,1,-9,Nikola Jokic,47,42,37,15,13619,2024-03-30 01:00:00,Denver Nuggets,Minnesota Timberwolves
284,264,Reggie,Jackson,Denver Nuggets,13619,12,PG,37,4,15,26.7,2,2,100.0,2,5,40.0,2,2,4,10,6,2,3,0,-2,Reggie Jackson,26,16,22,14,13619,2024-03-30 01:00:00,Denver Nuggets,Minnesota Timberwolves
285,89,Kentavious,Caldwell-Pope,Denver Nuggets,13619,0,SG,28,0,3,0,0,1,0,0,2,0,1,2,3,2,1,0,0,0,-15,Kentavious Caldwell-Pope,5,3,2,5,13619,2024-03-30 01:00:00,Denver Nuggets,Minnesota Timberwolves
286,3091,Braxton,Key,Denver Nuggets,13619,0,F,1,0,0,0,0,0,0,0,0,0,0,0,0,0,0,0,0,0,+2,Braxton Key,0,0,0,0,13619,2024-03-30 01:00:00,Denver Nuggets,Minnesota Timberwolves
287,3967,Hunter,Tyson,Denver Nuggets,13619,2,F,1,1,1,100.0,0,0,0,0,0,0,0,0,0,0,0,0,0,0,+2,Hunter Tyson,2,2,2,0,13619,2024-03-30 01:00:00,Denver Nuggets,Minnesota Timberwolves
288,3498,Peyton,Watson,Denver Nuggets,13619,0,F,11,0,2,0,0,0,0,0,1,0,0,3,3,1,0,0,0,0,-14,Peyton Watson,4,3,1,4,13619,2024-03-30 01:00:00,Denver Nuggets,Minnesota Timberwolves
289,243,Justin,Holiday,Denver Nuggets,13619,5,SF,16,2,5,40.0,0,0,0,1,4,25.0,0,1,1,0,2,1,0,0,-3,Justin Holiday,6,6,5,1,13619,2024-03-30 01:00:00,Denver Nuggets,Minnesota Timberwolves
290,286,DeAndre,Jordan,Denver Nuggets,13619,11,C,10,5,7,71.4,1,1,100.0,0,0,0,3,4,7,0,1,0,1,0,-6,DeAndre Jordan,18,18,11,7,13619,2024-03-30 01:00:00,Denver Nuggets,Minnesota Timberwolves
291,2814,Jay,Huff,Denver Nuggets,13619,0,C,1,0,0,0,0,0,0,0,0,0,0,0,0,0,0,0,0,0,+2,Jay Huff,0,0,0,0,13619,2024-03-30 01:00:00,Denver Nuggets,Minnesota Timberwolves
292,3441,Collin,Gillespie,Denver Nuggets,13619,0,G,5,0,1,0,0,0,0,0,1,0,0,0,0,0,1,0,0,0,-8,Collin Gillespie,0,0,0,0,13619,2024-03-30 01:00:00,Denver Nuggets,Minnesota Timberwolves
293,3965,Jalen,Pickett,Denver Nuggets,13619,0,G,1,0,0,0,0,0,0,0,0,0,0,0,0,1,0,0,0,0,+2,Jalen Pickett,1,0,1,1,13619,2024-03-30 01:00:00,Denver Nuggets,Minnesota Timberwolves
294,3420,Christian,Braun,Denver Nuggets,13619,8,G,26,2,10,20.0,3,4,75.0,1,3,33.3,4,1,5,2,5,0,0,0,-6,Christian Braun,15,13,10,7,13619,2024-03-30 01:00:00,Denver Nuggets,Minnesota Timberwolves
295,3966,Julian,Strawther,Denver Nuggets,13619,0,G,1,0,1,0,0,0,0,0,0,0,0,0,0,0,0,0,0,0,+2,Julian Strawther,0,0,0,0,13619,2024-03-30 01:00:00,Denver Nuggets,Minnesota Timberwolves
296,2621,Jaden,McDaniels,Minnesota Timberwolves,13619,17,PF,31,7,10,70.0,2,2,100.0,1,3,33.3,0,3,3,3,2,1,0,0,+9,Jaden McDaniels,23,20,20,6,13619,2024-03-30 01:00:00,Denver Nuggets,Minnesota Timberwolves
297,192,Rudy,Gobert,Minnesota Timberwolves,13619,21,C,35,7,8,87.5,7,15,46.7,0,0,0,3,9,12,2,5,0,0,3,+1,Rudy Gobert,35,33,23,14,13619,2024-03-30 01:00:00,Denver Nuggets,Minnesota Timberwolves
298,2146,Naz,Reid,Minnesota Timberwolves,13619,7,C,33,2,12,16.7,3,4,75.0,0,5,0,0,6,6,2,3,2,1,0,+14,Naz Reid,15,13,9,8,13619,2024-03-30 01:00:00,Denver Nuggets,Minnesota Timberwolves
299,114,Mike,Conley,Minnesota Timberwolves,13619,23,PG,32,8,12,66.7,2,2,100.0,5,6,83.3,0,3,3,8,3,0,2,0,+6,Mike Conley,34,26,31,11,13619,2024-03-30 01:00:00,Denver Nuggets,Minnesota Timberwolves
300,2584,Anthony,Edwards,Minnesota Timberwolves,13619,25,SG,39,8,19,42.1,9,10,90.0,0,8,0,1,3,4,5,2,3,2,0,+11,Anthony Edwards,34,29,30,9,13619,2024-03-30 01:00:00,Denver Nuggets,Minnesota Timberwolves
301,3470,Josh,Minott,Minnesota Timberwolves,13619,0,F,1,0,0,0,0,0,0,0,0,0,0,0,0,0,0,0,0,0,-2,Josh Minott,0,0,0,0,13619,2024-03-30 01:00:00,Denver Nuggets,Minnesota Timberwolves
302,4001,Leonard,Miller,Minnesota Timberwolves,13619,0,F,1,0,0,0,0,0,0,0,0,0,0,0,0,0,0,0,0,0,-2,Leonard Miller,0,0,0,0,13619,2024-03-30 01:00:00,Denver Nuggets,Minnesota Timberwolves
303,18,Kyle,Anderson,Minnesota Timberwolves,13619,5,SF,27,1,3,33.3,3,4,75.0,0,0,0,0,3,3,7,3,0,1,2,+15,Kyle Anderson,15,8,12,10,13619,2024-03-30 01:00:00,Denver Nuggets,Minnesota Timberwolves
304,2807,Luka,Garza,Minnesota Timberwolves,13619,0,C,1,0,0,0,0,0,0,0,0,0,0,0,0,0,0,0,0,0,-2,Luka Garza,0,0,0,0,13619,2024-03-30 01:00:00,Denver Nuggets,Minnesota Timberwolves
305,845,Monte,Morris,Minnesota Timberwolves,13619,2,PG,11,1,2,50.0,0,0,0,0,1,0,1,1,2,0,0,0,0,0,+5,Monte Morris,4,4,2,2,13619,2024-03-30 01:00:00,Denver Nuggets,Minnesota Timberwolves
306,997,Jordan,McLaughlin,Minnesota Timberwolves,13619,5,PG,13,2,2,100.0,0,0,0,1,1,100.0,0,4,4,1,1,0,0,0,+6,Jordan McLaughlin,10,9,6,5,13619,2024-03-30 01:00:00,Denver Nuggets,Minnesota Timberwolves
307,1845,Nickeil,Alexander-Walker,Minnesota Timberwolves,13619,6,SG,17,2,6,33.3,0,0,0,2,4,50.0,1,0,1,0,1,0,1,1,+6,Nickeil Alexander-Walker,7,7,6,1,13619,2024-03-30 01:00:00,Denver Nuggets,Minnesota Timberwolves
308,3474,Wendell,Moore Jr.,Minnesota Timberwolves,13619,0,G,1,0,0,0,0,0,0,0,0,0,0,1,1,0,0,0,0,0,-2,Wendell Moore Jr.,1,1,0,1,13619,2024-03-30 01:00:00,Denver Nuggets,Minnesota Timberwolves
309,761,John,Collins,Utah Jazz,13620,30,PF,30,10,14,71.4,6,6,100.0,4,5,80.0,2,9,11,0,3,1,0,2,-8,John Collins,41,41,30,11,13620,2024-03-30 01:30:00,Utah Jazz,Houston Rockets
310,4031,Taylor,Hendricks,Utah Jazz,13620,8,F,35,3,7,42.9,0,0,0,2,5,40.0,2,7,9,2,2,0,1,2,-6,Taylor Hendricks,19,17,10,11,13620,2024-03-30 01:30:00,Utah Jazz,Houston Rockets
311,4034,Brice,Sensabaugh,Utah Jazz,13620,0,F,25,0,8,0,0,0,0,0,7,0,1,3,4,5,1,1,2,0,-16,Brice Sensabaugh,9,4,5,9,13620,2024-03-30 01:30:00,Utah Jazz,Houston Rockets
312,1021,Collin,Sexton,Utah Jazz,13620,29,PG,44,10,21,47.6,9,10,90.0,0,4,0,2,4,6,5,3,0,4,2,+5,Collin Sexton,40,35,34,11,13620,2024-03-30 01:30:00,Utah Jazz,Houston Rockets
313,4029,Keyonte,George,Utah Jazz,13620,6,G,29,3,12,25.0,0,0,0,0,4,0,0,1,1,6,3,0,6,0,-12,Keyonte George,13,7,12,7,13620,2024-03-30 01:30:00,Utah Jazz,Houston Rockets
314,3358,Micah,Potter,Utah Jazz,13620,0,C,13,0,2,0,0,0,0,0,1,0,1,3,4,0,1,0,0,0,+5,Micah Potter,4,4,0,4,13620,2024-03-30 01:30:00,Utah Jazz,Houston Rockets
315,3457,Walker,Kessler,Utah Jazz,13620,4,C,18,1,2,50.0,2,2,100.0,0,0,0,2,4,6,1,2,1,3,0,+7,Walker Kessler,11,10,5,7,13620,2024-03-30 01:30:00,Utah Jazz,Houston Rockets
316,152,Kris,Dunn,Utah Jazz,13620,11,G,22,5,7,71.4,0,0,0,1,2,50.0,0,8,8,1,6,1,2,3,+16,Kris Dunn,20,19,12,9,13620,2024-03-30 01:30:00,Utah Jazz,Houston Rockets
317,3454,Johnny,Juzang,Utah Jazz,13620,12,G,24,5,7,71.4,1,1,100.0,1,3,33.3,1,1,2,3,2,0,2,0,+4,Johnny Juzang,17,14,15,5,13620,2024-03-30 01:30:00,Utah Jazz,Houston Rockets
318,3489,Jabari,Smith Jr.,Houston Rockets,13620,14,PF,33,4,12,33.3,3,4,75.0,3,8,37.5,0,5,5,1,2,2,0,1,+10,Jabari Smith Jr.,20,19,15,6,13620,2024-03-30 01:30:00,Utah Jazz,Houston Rockets
319,3977,Amen,Thompson,Houston Rockets,13620,18,F,40,6,12,50.0,6,8,75.0,0,0,0,8,6,14,5,1,2,3,1,+11,Amen Thompson,37,32,23,19,13620,2024-03-30 01:30:00,Utah Jazz,Houston Rockets
320,749,Dillon,Brooks,Houston Rockets,13620,5,SF,21,2,7,28.6,0,0,0,1,2,50.0,2,2,4,0,4,0,1,0,+1,Dillon Brooks,9,9,5,4,13620,2024-03-30 01:30:00,Utah Jazz,Houston Rockets
321,527,Fred,VanVleet,Houston Rockets,13620,22,PG,42,9,24,37.5,0,0,0,4,14,28.6,0,2,2,6,4,4,0,3,+14,Fred VanVleet,30,24,28,8,13620,2024-03-30 01:30:00,Utah Jazz,Houston Rockets
322,2810,Jalen,Green,Houston Rockets,13620,34,SG,39,11,24,45.8,8,14,57.1,4,11,36.4,2,7,9,6,2,2,4,0,0,Jalen Green,49,43,40,15,13620,2024-03-30 01:30:00,Utah Jazz,Houston Rockets
323,207,Jeff,Green,Houston Rockets,13620,5,PF,20,2,5,40.0,0,0,0,1,3,33.3,2,2,4,0,0,0,0,0,-3,Jeff Green,9,9,5,4,13620,2024-03-30 01:30:00,Utah Jazz,Houston Rockets
324,82,Reggie,Bullock,Houston Rockets,13620,0,SF,5,0,1,0,0,0,0,0,1,0,0,1,1,0,0,0,0,0,+2,Reggie Bullock,1,1,0,1,13620,2024-03-30 01:30:00,Utah Jazz,Houston Rockets
325,2650,Jae'Sean,Tate,Houston Rockets,13620,1,SF,3,0,0,0,1,2,50.0,0,0,0,0,1,1,0,0,0,0,0,-8,Jae'Sean Tate,2,2,1,1,13620,2024-03-30 01:30:00,Utah Jazz,Houston Rockets
326,1485,Jock,Landale,Houston Rockets,13620,2,C,26,1,4,25.0,0,0,0,0,1,0,1,4,5,0,4,0,1,1,-8,Jock Landale,7,7,2,5,13620,2024-03-30 01:30:00,Utah Jazz,Houston Rockets
327,979,Aaron,Holiday,Houston Rockets,13620,0,G,10,0,2,0,0,0,0,0,2,0,0,0,0,1,1,0,1,0,-14,Aaron Holiday,1,0,1,1,13620,2024-03-30 01:30:00,Utah Jazz,Houston Rockets
328,463,Domantas,Sabonis,Sacramento Kings,13621,13,PF,36,6,12,50.0,1,4,25.0,0,0,0,1,11,12,10,4,1,4,0,-3,Domantas Sabonis,35,25,23,22,13621,2024-03-30 02:00:00,Sacramento Kings,Dallas Mavericks
329,36,Harrison,Barnes,Sacramento Kings,13621,20,SF,40,8,19,42.1,3,3,100.0,1,4,25.0,2,4,6,2,1,0,3,0,-4,Harrison Barnes,28,26,22,8,13621,2024-03-30 02:00:00,Sacramento Kings,Dallas Mavericks
330,3475,Keegan,Murray,Sacramento Kings,13621,12,SF,35,4,11,36.4,0,0,0,4,7,57.1,1,6,7,1,5,0,0,1,-3,Keegan Murray,20,19,13,8,13621,2024-03-30 02:00:00,Sacramento Kings,Dallas Mavericks
331,776,De'Aaron,Fox,Sacramento Kings,13621,23,PG,40,9,22,40.9,2,2,100.0,3,7,42.9,1,5,6,5,3,3,1,0,-3,De'Aaron Fox,34,29,28,11,13621,2024-03-30 02:00:00,Sacramento Kings,Dallas Mavericks
332,3436,Keon,Ellis,Sacramento Kings,13621,16,G,38,5,12,41.7,2,2,100.0,4,9,44.4,1,5,6,1,4,3,2,0,0,Keon Ellis,23,22,17,7,13621,2024-03-30 02:00:00,Sacramento Kings,Dallas Mavericks
333,2805,Kessler,Edwards,Sacramento Kings,13621,9,SF,11,3,3,100.0,0,0,0,3,3,100.0,1,1,2,0,2,1,0,0,-8,Kessler Edwards,11,11,9,2,13621,2024-03-30 02:00:00,Sacramento Kings,Dallas Mavericks
334,313,Alex,Len,Sacramento Kings,13621,0,C,12,0,1,0,0,0,0,0,0,0,2,1,3,3,1,0,0,0,0,Alex Len,6,3,3,6,13621,2024-03-30 02:00:00,Sacramento Kings,Dallas Mavericks
335,2834,Davion,Mitchell,Sacramento Kings,13621,8,PG,19,4,6,66.7,0,0,0,0,0,0,0,1,1,2,1,1,0,0,+1,Davion Mitchell,11,9,10,3,13621,2024-03-30 02:00:00,Sacramento Kings,Dallas Mavericks
336,842,Malik,Monk,Sacramento Kings,13621,2,SG,1,1,2,50.0,0,1,0,0,1,0,0,1,1,0,1,0,0,0,+2,Malik Monk,3,3,2,1,13621,2024-03-30 02:00:00,Sacramento Kings,Dallas Mavericks
337,2803,Chris,Duarte,Sacramento Kings,13621,0,SG,7,0,4,0,0,0,0,0,1,0,1,0,1,0,0,0,0,0,-2,Chris Duarte,1,1,0,1,13621,2024-03-30 02:00:00,Sacramento Kings,Dallas Mavericks
338,1897,P.J.,Washington,Dallas Mavericks,13621,7,PF,33,2,10,20.0,1,2,50.0,2,8,25.0,0,6,6,2,2,1,0,2,-3,P.J. Washington,15,13,9,8,13621,2024-03-30 02:00:00,Sacramento Kings,Dallas Mavericks
339,283,Derrick,Jones Jr.,Dallas Mavericks,13621,7,SF,22,3,7,42.9,0,1,0,1,3,33.3,0,1,1,1,1,0,1,0,+4,Derrick Jones Jr.,9,8,8,2,13621,2024-03-30 02:00:00,Sacramento Kings,Dallas Mavericks
340,1859,Daniel,Gafford,Dallas Mavericks,13621,6,C,24,3,5,60.0,0,2,0,0,0,0,2,5,7,0,1,1,2,3,+4,Daniel Gafford,13,13,6,7,13621,2024-03-30 02:00:00,Sacramento Kings,Dallas Mavericks
341,261,Kyrie,Irving,Dallas Mavericks,13621,30,PG,38,11,16,68.8,5,6,83.3,3,5,60.0,0,3,3,2,1,0,2,0,+8,Kyrie Irving,35,33,32,5,13621,2024-03-30 02:00:00,Sacramento Kings,Dallas Mavericks
342,963,Luka,Doncic,Dallas Mavericks,13621,26,PG,41,6,14,42.9,10,14,71.4,4,8,50.0,0,9,9,12,2,2,5,0,+6,Luka Doncic,47,35,38,21,13621,2024-03-30 02:00:00,Sacramento Kings,Dallas Mavericks
343,817,Maxi,Kleber,Dallas Mavericks,13621,6,PF,15,2,2,100.0,0,0,0,2,2,100.0,1,1,2,2,0,0,0,0,+8,Maxi Kleber,10,8,8,4,13621,2024-03-30 02:00:00,Sacramento Kings,Dallas Mavericks
344,215,Tim,Hardaway Jr.,Dallas Mavericks,13621,5,SF,20,1,7,14.3,2,2,100.0,1,4,25.0,0,2,2,1,0,0,0,0,-3,Tim Hardaway Jr.,8,7,6,3,13621,2024-03-30 02:00:00,Sacramento Kings,Dallas Mavericks
345,4044,Dereck II,Lively,Dallas Mavericks,13621,12,C,24,5,7,71.4,2,4,50.0,0,0,0,3,6,9,2,1,0,0,1,-1,Dereck II Lively,23,21,14,11,13621,2024-03-30 02:00:00,Sacramento Kings,Dallas Mavericks
346,164,Dante,Exum,Dallas Mavericks,13621,8,G,23,2,6,33.3,2,2,100.0,2,5,40.0,0,3,3,2,4,0,0,0,-3,Dante Exum,13,11,10,5,13621,2024-03-30 02:00:00,Sacramento Kings,Dallas Mavericks
347,1902,Zion,Williamson,New Orleans Pelicans,13622,25,PF,40,9,17,52.9,7,14,50.0,0,0,0,4,5,9,4,0,1,4,0,-8,Zion Williamson,38,34,29,13,13622,2024-03-30 21:00:00,New Orleans Pelicans,Boston Celtics
348,2822,Herbert,Jones,New Orleans Pelicans,13622,18,SF,40,6,15,40.0,2,2,100.0,4,9,44.4,2,3,5,3,1,2,0,0,-5,Herbert Jones,26,23,21,8,13622,2024-03-30 21:00:00,New Orleans Pelicans,Boston Celtics
349,525,Jonas,Valanciunas,New Orleans Pelicans,13622,2,C,15,1,5,20.0,0,0,0,0,1,0,0,5,5,2,1,0,1,0,-4,Jonas Valanciunas,9,7,4,7,13622,2024-03-30 21:00:00,New Orleans Pelicans,Boston Celtics
350,347,CJ,McCollum,New Orleans Pelicans,13622,24,SG,37,10,23,43.5,0,0,0,4,11,36.4,0,2,2,5,4,2,1,1,-6,CJ McCollum,31,26,29,7,13622,2024-03-30 21:00:00,New Orleans Pelicans,Boston Celtics
351,2837,Trey,Murphy III,New Orleans Pelicans,13622,11,SG,39,3,10,30.0,2,2,100.0,3,6,50.0,1,8,9,2,1,2,1,1,-9,Trey Murphy III,22,20,13,11,13622,2024-03-30 21:00:00,New Orleans Pelicans,Boston Celtics
352,385,Larry,Nance Jr.,New Orleans Pelicans,13622,5,PF,21,2,5,40.0,0,0,0,1,3,33.3,0,3,3,2,2,0,0,0,-11,Larry Nance Jr.,10,8,7,5,13622,2024-03-30 21:00:00,New Orleans Pelicans,Boston Celtics
353,3195,Matt,Ryan,New Orleans Pelicans,13622,0,F,7,0,1,0,0,0,0,0,1,0,0,0,0,0,0,0,0,0,0,Matt Ryan,0,0,0,0,13622,2024-03-30 21:00:00,New Orleans Pelicans,Boston Celtics
354,2668,Naji,Marshall,New Orleans Pelicans,13622,5,SF,23,2,4,50.0,0,0,0,1,1,100.0,0,5,5,1,1,0,1,1,-7,Naji Marshall,11,10,6,6,13622,2024-03-30 21:00:00,New Orleans Pelicans,Boston Celtics
355,4002,Jordan,Hawkins,New Orleans Pelicans,13622,0,G,7,0,3,0,0,0,0,0,1,0,0,0,0,1,1,0,0,0,-2,Jordan Hawkins,1,0,1,1,13622,2024-03-30 21:00:00,New Orleans Pelicans,Boston Celtics
356,3406,Dyson,Daniels,New Orleans Pelicans,13622,2,G,11,1,3,33.3,0,0,0,0,2,0,3,0,3,2,1,2,1,0,-8,Dyson Daniels,7,5,4,5,13622,2024-03-30 21:00:00,New Orleans Pelicans,Boston Celtics
357,882,Jayson,Tatum,Boston Celtics,13622,23,SF,36,10,17,58.8,0,0,0,3,6,50.0,1,8,9,4,1,0,4,0,+8,Jayson Tatum,36,32,27,13,13622,2024-03-30 21:00:00,New Orleans Pelicans,Boston Celtics
358,432,Kristaps,Porzingis,Boston Celtics,13622,19,C,31,6,14,42.9,6,6,100.0,1,6,16.7,0,10,10,3,4,2,2,4,+12,Kristaps Porzingis,32,29,22,13,13622,2024-03-30 21:00:00,New Orleans Pelicans,Boston Celtics
359,242,Jrue,Holiday,Boston Celtics,13622,13,PG,35,5,10,50.0,0,0,0,3,6,50.0,1,7,8,7,2,2,3,1,+8,Jrue Holiday,28,21,20,15,13622,2024-03-30 21:00:00,New Orleans Pelicans,Boston Celtics
360,897,Derrick,White,Boston Celtics,13622,15,PG,32,5,9,55.6,2,2,100.0,3,7,42.9,1,2,3,3,1,0,0,0,+9,Derrick White,21,18,18,6,13622,2024-03-30 21:00:00,New Orleans Pelicans,Boston Celtics
361,75,Jaylen,Brown,Boston Celtics,13622,17,SG,35,6,16,37.5,2,2,100.0,3,4,75.0,2,5,7,6,2,1,2,1,+4,Jaylen Brown,30,24,23,13,13622,2024-03-30 21:00:00,New Orleans Pelicans,Boston Celtics
362,2656,Xavier,Tillman,Boston Celtics,13622,3,F,10,1,3,33.3,1,2,50.0,0,0,0,1,1,2,1,0,0,0,0,+7,Xavier Tillman,6,5,4,3,13622,2024-03-30 21:00:00,New Orleans Pelicans,Boston Celtics
363,2812,Sam,Hauser,Boston Celtics,13622,3,SF,14,1,3,33.3,0,0,0,1,3,33.3,0,3,3,1,1,1,0,0,+1,Sam Hauser,7,6,4,4,13622,2024-03-30 21:00:00,New Orleans Pelicans,Boston Celtics
364,248,Al,Horford,Boston Celtics,13622,9,C,30,4,7,57.1,0,0,0,1,3,33.3,0,6,6,2,1,1,0,1,+8,Al Horford,17,15,11,8,13622,2024-03-30 21:00:00,New Orleans Pelicans,Boston Celtics
365,2635,Payton,Pritchard,Boston Celtics,13622,2,PG,17,1,3,33.3,0,0,0,0,2,0,2,1,3,0,1,0,1,0,+3,Payton Pritchard,5,5,2,3,13622,2024-03-30 21:00:00,New Orleans Pelicans,Boston Celtics
366,3414,Paolo,Banchero,Orlando Magic,13623,13,PF,30,5,12,41.7,2,2,100.0,1,5,20.0,0,9,9,7,0,0,2,4,+34,Paolo Banchero,29,22,20,16,13623,2024-03-30 23:00:00,Orlando Magic,Memphis Grizzlies
367,2858,Franz,Wagner,Orlando Magic,13623,13,SF,29,4,9,44.4,5,6,83.3,0,4,0,0,4,4,4,2,1,0,0,+27,Franz Wagner,21,17,17,8,13623,2024-03-30 23:00:00,Orlando Magic,Memphis Grizzlies
368,950,Wendell,Carter Jr.,Orlando Magic,13623,15,C,28,4,10,40.0,4,4,100.0,3,7,42.9,1,12,13,2,2,2,1,1,+39,Wendell Carter Jr.,30,28,17,15,13623,2024-03-30 23:00:00,Orlando Magic,Memphis Grizzlies
369,2852,Jalen,Suggs,Orlando Magic,13623,15,SG,24,4,5,80.0,4,4,100.0,3,4,75.0,1,0,1,4,2,2,3,2,+36,Jalen Suggs,20,16,19,5,13623,2024-03-30 23:00:00,Orlando Magic,Memphis Grizzlies
370,3449,Caleb,Houstan,Orlando Magic,13623,9,G,21,3,4,75.0,0,0,0,3,4,75.0,0,1,1,0,2,0,0,0,+31,Caleb Houstan,10,10,9,1,13623,2024-03-30 23:00:00,Orlando Magic,Memphis Grizzlies
371,1883,Chuma,Okeke,Orlando Magic,13623,2,PF,7,0,2,0,2,2,100.0,0,1,0,0,1,1,0,0,0,1,0,-9,Chuma Okeke,3,3,2,1,13623,2024-03-30 23:00:00,Orlando Magic,Memphis Grizzlies
372,1892,Admiral,Schofield,Orlando Magic,13623,3,SF,7,1,2,50.0,0,0,0,1,2,50.0,0,2,2,1,0,0,0,0,-9,Admiral Schofield,6,5,4,3,13623,2024-03-30 23:00:00,Orlando Magic,Memphis Grizzlies
373,1037,Moritz,Wagner,Orlando Magic,13623,4,C,12,1,1,100.0,1,2,50.0,1,1,100.0,0,1,1,0,3,0,3,0,0,Moritz Wagner,5,5,4,1,13623,2024-03-30 23:00:00,Orlando Magic,Memphis Grizzlies
374,1848,Goga,Bitadze,Orlando Magic,13623,4,C,9,2,3,66.7,0,1,0,0,0,0,1,3,4,0,2,0,1,0,-12,Goga Bitadze,8,8,4,4,13623,2024-03-30 23:00:00,Orlando Magic,Memphis Grizzlies
375,779,Markelle,Fultz,Orlando Magic,13623,12,PG,25,5,13,38.5,0,0,0,2,3,66.7,2,2,4,5,1,1,1,1,-6,Markelle Fultz,21,16,17,9,13623,2024-03-30 23:00:00,Orlando Magic,Memphis Grizzlies
376,2563,Cole,Anthony,Orlando Magic,13623,15,PG,17,5,11,45.5,0,0,0,5,8,62.5,0,3,3,3,1,1,1,0,+11,Cole Anthony,21,18,18,6,13623,2024-03-30 23:00:00,Orlando Magic,Memphis Grizzlies
377,258,Joe,Ingles,Orlando Magic,13623,11,SG,18,3,4,75.0,2,2,100.0,3,4,75.0,0,0,0,2,1,0,2,0,+13,Joe Ingles,13,11,13,2,13623,2024-03-30 23:00:00,Orlando Magic,Memphis Grizzlies
378,4010,Anthony,Black,Orlando Magic,13623,2,G,12,1,2,50.0,0,0,0,0,1,0,0,0,0,0,0,1,0,0,-5,Anthony Black,2,2,2,0,13623,2024-03-30 23:00:00,Orlando Magic,Memphis Grizzlies
379,982,Jaren,Jackson Jr.,Memphis Grizzlies,13623,4,PF,26,1,9,11.1,2,2,100.0,0,3,0,1,3,4,1,3,1,3,1,-34,Jaren Jackson Jr.,9,8,5,5,13623,2024-03-30 23:00:00,Orlando Magic,Memphis Grizzlies
380,3460,Jake,LaRavia,Memphis Grizzlies,13623,10,F,28,4,9,44.4,0,0,0,2,5,40.0,1,1,2,1,1,1,2,0,-22,Jake LaRavia,13,12,11,3,13623,2024-03-30 23:00:00,Orlando Magic,Memphis Grizzlies
381,3994,GG,Jackson,Memphis Grizzlies,13623,11,F,30,2,8,25.0,5,6,83.3,2,4,50.0,0,3,3,3,0,1,3,0,-26,GG Jackson,17,14,14,6,13623,2024-03-30 23:00:00,Orlando Magic,Memphis Grizzlies
382,814,Luke,Kennard,Memphis Grizzlies,13623,9,SG,30,3,10,30.0,1,1,100.0,2,7,28.6,0,5,5,5,1,0,4,1,-23,Luke Kennard,19,14,14,10,13623,2024-03-30 23:00:00,Orlando Magic,Memphis Grizzlies
383,3477,Scotty,Pippen Jr.,Memphis Grizzlies,13623,11,G,21,4,10,40.0,2,2,100.0,1,4,25.0,0,3,3,2,3,1,3,1,-12,Scotty Pippen Jr.,16,14,13,5,13623,2024-03-30 23:00:00,Orlando Magic,Memphis Grizzlies
384,1853,Brandon,Clarke,Memphis Grizzlies,13623,13,PF,20,6,9,66.7,1,2,50.0,0,1,0,0,4,4,3,2,1,0,1,-6,Brandon Clarke,20,17,16,7,13623,2024-03-30 23:00:00,Orlando Magic,Memphis Grizzlies
385,2647,Lamar,Stevens,Memphis Grizzlies,13623,7,PF,21,3,10,30.0,0,0,0,1,5,20.0,1,3,4,2,1,1,0,0,-14,Lamar Stevens,13,11,9,6,13623,2024-03-30 23:00:00,Orlando Magic,Memphis Grizzlies
386,4086,M.,Pereira,Memphis Grizzlies,13623,7,F,29,2,5,40.0,3,4,75.0,0,1,0,4,4,8,1,4,2,1,3,-12,M. Pereira,16,15,8,9,13623,2024-03-30 23:00:00,Orlando Magic,Memphis Grizzlies
387,2678,Zavier,Simpson,Memphis Grizzlies,13623,0,G,9,0,1,0,0,0,0,0,0,0,1,0,1,4,1,1,1,0,+12,Zavier Simpson,5,1,4,5,13623,2024-03-30 23:00:00,Orlando Magic,Memphis Grizzlies
388,3341,Jordan,Goodwin,Memphis Grizzlies,13623,16,G,27,6,15,40.0,0,0,0,4,6,66.7,5,6,11,3,3,2,2,0,-13,Jordan Goodwin,30,27,19,14,13623,2024-03-30 23:00:00,Orlando Magic,Memphis Grizzlies
389,1868,De'Andre,Hunter,Atlanta Hawks,13624,13,SF,35,5,13,38.5,1,1,100.0,2,5,40.0,0,2,2,1,3,1,1,0,-11,De'Andre Hunter,16,15,14,3,13624,2024-03-30 23:30:00,Atlanta Hawks,Milwaukee Bucks
390,92,Clint,Capela,Atlanta Hawks,13624,10,C,27,5,9,55.6,0,0,0,0,0,0,3,5,8,2,2,1,0,2,-6,Clint Capela,20,18,12,10,13624,2024-03-30 23:30:00,Atlanta Hawks,Milwaukee Bucks
391,743,Bogdan,Bogdanovic,Atlanta Hawks,13624,38,SG,37,12,23,52.2,9,10,90.0,5,9,55.6,1,9,10,4,5,1,3,0,-1,Bogdan Bogdanovic,52,48,42,14,13624,2024-03-30 23:30:00,Atlanta Hawks,Milwaukee Bucks
392,382,Dejounte,Murray,Atlanta Hawks,13624,20,SG,42,7,19,36.8,3,4,75.0,3,10,30.0,1,7,8,12,5,0,5,0,-10,Dejounte Murray,40,28,32,20,13624,2024-03-30 23:30:00,Atlanta Hawks,Milwaukee Bucks
393,2608,Vit,Krejci,Atlanta Hawks,13624,8,G,32,3,5,60.0,0,0,0,2,4,50.0,0,2,2,1,3,1,0,0,-9,Vit Krejci,11,10,9,3,13624,2024-03-30 23:30:00,Atlanta Hawks,Milwaukee Bucks
394,1858,Bruno,Fernando,Atlanta Hawks,13624,10,PF,21,4,7,57.1,2,3,66.7,0,0,0,2,2,4,2,4,0,1,1,-3,Bruno Fernando,16,14,12,6,13624,2024-03-30 23:30:00,Atlanta Hawks,Milwaukee Bucks
395,341,Wesley,Matthews,Atlanta Hawks,13624,9,SG,18,4,9,44.4,0,0,0,1,3,33.3,1,0,1,1,3,1,0,0,+2,Wesley Matthews,11,10,10,2,13624,2024-03-30 23:30:00,Atlanta Hawks,Milwaukee Bucks
396,2327,Garrison,Mathews,Atlanta Hawks,13624,3,SG,17,1,3,33.3,0,0,0,1,3,33.3,0,1,1,1,1,0,0,0,-6,Garrison Mathews,5,4,4,2,13624,2024-03-30 23:30:00,Atlanta Hawks,Milwaukee Bucks
397,1903,Dylan,Windler,Atlanta Hawks,13624,0,G,4,0,1,0,0,0,0,0,1,0,0,2,2,0,0,0,0,0,-2,Dylan Windler,2,2,0,2,13624,2024-03-30 23:30:00,Atlanta Hawks,Milwaukee Bucks
398,2589,Trent,Forrest,Atlanta Hawks,13624,2,G,6,1,3,33.3,0,0,0,0,0,0,1,0,1,0,0,0,1,0,+1,Trent Forrest,3,3,2,1,13624,2024-03-30 23:30:00,Atlanta Hawks,Milwaukee Bucks
399,20,Giannis,Antetokounmpo,Milwaukee Bucks,13624,36,PF,38,12,22,54.5,12,16,75.0,0,1,0,4,12,16,8,2,3,3,1,+8,Giannis Antetokounmpo,60,52,44,24,13624,2024-03-30 23:30:00,Atlanta Hawks,Milwaukee Bucks
400,361,Khris,Middleton,Milwaukee Bucks,13624,21,SF,36,9,10,90.0,0,0,0,3,3,100.0,0,6,6,6,3,1,1,0,0,Khris Middleton,33,27,27,12,13624,2024-03-30 23:30:00,Atlanta Hawks,Milwaukee Bucks
401,323,Brook,Lopez,Milwaukee Bucks,13624,13,C,33,3,3,100.0,6,6,100.0,1,1,100.0,0,3,3,0,4,0,3,2,+10,Brook Lopez,16,16,13,3,13624,2024-03-30 23:30:00,Atlanta Hawks,Milwaukee Bucks
402,53,Patrick,Beverley,Milwaukee Bucks,13624,18,PG,36,6,10,60.0,4,4,100.0,2,5,40.0,0,5,5,5,2,1,0,1,+6,Patrick Beverley,28,23,23,10,13624,2024-03-30 23:30:00,Atlanta Hawks,Milwaukee Bucks
403,46,Malik,Beasley,Milwaukee Bucks,13624,10,SG,35,4,12,33.3,0,0,0,2,9,22.2,0,1,1,2,2,0,1,0,+8,Malik Beasley,13,11,12,3,13624,2024-03-30 23:30:00,Atlanta Hawks,Milwaukee Bucks
404,121,Jae,Crowder,Milwaukee Bucks,13624,5,PF,13,1,5,20.0,3,3,100.0,0,3,0,1,1,2,0,0,0,1,0,+7,Jae Crowder,7,7,5,2,13624,2024-03-30 23:30:00,Atlanta Hawks,Milwaukee Bucks
405,431,Bobby,Portis,Milwaukee Bucks,13624,13,F,21,6,10,60.0,1,2,50.0,0,2,0,0,4,4,2,1,2,0,0,+2,Bobby Portis,19,17,15,6,13624,2024-03-30 23:30:00,Atlanta Hawks,Milwaukee Bucks
406,115,Pat,Connaughton,Milwaukee Bucks,13624,4,SG,16,1,3,33.3,2,4,50.0,0,2,0,1,2,3,4,3,0,1,0,+3,Pat Connaughton,11,7,8,7,13624,2024-03-30 23:30:00,Atlanta Hawks,Milwaukee Bucks
407,3443,A.J.,Green,Milwaukee Bucks,13624,2,G,11,1,3,33.3,0,0,0,0,2,0,0,0,0,0,1,0,0,1,+1,A.J. Green,2,2,2,0,13624,2024-03-30 23:30:00,Atlanta Hawks,Milwaukee Bucks
408,1902,Zion,Williamson,New Orleans Pelicans,13609,28,PF,33,9,15,60.0,10,16,62.5,0,0,0,0,5,5,2,3,0,3,1,-2,Zion Williamson,35,33,30,7,13609,2024-03-29 00:00:00,New Orleans Pelicans,Milwaukee Bucks
409,2822,Herbert,Jones,New Orleans Pelicans,13609,11,SF,37,3,9,33.3,4,4,100.0,1,4,25.0,1,3,4,4,5,4,0,3,-2,Herbert Jones,19,15,15,8,13609,2024-03-29 00:00:00,New Orleans Pelicans,Milwaukee Bucks
410,525,Jonas,Valanciunas,New Orleans Pelicans,13609,17,C,23,7,13,53.8,2,2,100.0,1,3,33.3,3,7,10,1,3,1,2,1,+2,Jonas Valanciunas,28,27,18,11,13609,2024-03-29 00:00:00,New Orleans Pelicans,Milwaukee Bucks
411,347,CJ,McCollum,New Orleans Pelicans,13609,25,SG,39,9,24,37.5,4,4,100.0,3,9,33.3,1,6,7,7,1,1,1,0,+12,CJ McCollum,39,32,32,14,13609,2024-03-29 00:00:00,New Orleans Pelicans,Milwaukee Bucks
412,2837,Trey,Murphy III,New Orleans Pelicans,13609,15,SG,39,4,13,30.8,5,5,100.0,2,9,22.2,2,9,11,5,1,2,0,0,+4,Trey Murphy III,31,26,20,16,13609,2024-03-29 00:00:00,New Orleans Pelicans,Milwaukee Bucks
413,385,Larry,Nance Jr.,New Orleans Pelicans,13609,9,PF,25,4,8,50.0,0,0,0,1,2,50.0,3,4,7,3,3,3,0,0,+5,Larry Nance Jr.,19,16,12,10,13609,2024-03-29 00:00:00,New Orleans Pelicans,Milwaukee Bucks
414,3195,Matt,Ryan,New Orleans Pelicans,13609,0,F,5,0,2,0,0,0,0,0,1,0,0,0,0,0,1,0,0,0,-6,Matt Ryan,0,0,0,0,13609,2024-03-29 00:00:00,New Orleans Pelicans,Milwaukee Bucks
415,2668,Naji,Marshall,New Orleans Pelicans,13609,0,SF,23,0,4,0,0,0,0,0,2,0,1,2,3,0,1,0,0,0,+12,Naji Marshall,3,3,0,3,13609,2024-03-29 00:00:00,New Orleans Pelicans,Milwaukee Bucks
416,2990,Jalen,Crutcher,New Orleans Pelicans,13609,0,G,0,0,0,0,0,0,0,0,0,0,0,0,0,0,0,0,0,0,0,Jalen Crutcher,0,0,0,0,13609,2024-03-29 00:00:00,New Orleans Pelicans,Milwaukee Bucks
417,3421,Izaiah,Brockington,New Orleans Pelicans,13609,0,G,0,0,0,0,0,0,0,0,0,0,0,0,0,0,0,0,0,0,0,Izaiah Brockington,0,0,0,0,13609,2024-03-29 00:00:00,New Orleans Pelicans,Milwaukee Bucks
418,4002,Jordan,Hawkins,New Orleans Pelicans,13609,2,G,15,0,3,0,2,3,66.7,0,2,0,0,1,1,0,1,0,0,0,+10,Jordan Hawkins,3,3,2,1,13609,2024-03-29 00:00:00,New Orleans Pelicans,Milwaukee Bucks
419,20,Giannis,Antetokounmpo,Milwaukee Bucks,13609,35,PF,39,15,22,68.2,5,11,45.5,0,2,0,3,11,14,4,5,0,2,0,-2,Giannis Antetokounmpo,53,49,39,18,13609,2024-03-29 00:00:00,New Orleans Pelicans,Milwaukee Bucks
420,361,Khris,Middleton,Milwaukee Bucks,13609,7,SF,33,3,12,25.0,0,0,0,1,7,14.3,0,8,8,6,3,1,4,0,0,Khris Middleton,21,15,13,14,13609,2024-03-29 00:00:00,New Orleans Pelicans,Milwaukee Bucks
421,323,Brook,Lopez,Milwaukee Bucks,13609,7,C,37,2,5,40.0,2,3,66.7,1,4,25.0,0,5,5,1,5,0,2,3,+1,Brook Lopez,13,12,8,6,13609,2024-03-29 00:00:00,New Orleans Pelicans,Milwaukee Bucks
422,319,Damian,Lillard,Milwaukee Bucks,13609,20,PG,36,8,16,50.0,1,3,33.3,3,6,50.0,0,5,5,7,2,0,2,0,+3,Damian Lillard,32,25,27,12,13609,2024-03-29 00:00:00,New Orleans Pelicans,Milwaukee Bucks
423,46,Malik,Beasley,Milwaukee Bucks,13609,20,SG,33,6,12,50.0,2,2,100.0,6,11,54.5,0,2,2,0,3,0,1,1,+6,Malik Beasley,22,22,20,2,13609,2024-03-29 00:00:00,New Orleans Pelicans,Milwaukee Bucks
424,121,Jae,Crowder,Milwaukee Bucks,13609,3,PF,15,1,3,33.3,0,0,0,1,2,50.0,0,2,2,2,0,0,0,0,-7,Jae Crowder,7,5,5,4,13609,2024-03-29 00:00:00,New Orleans Pelicans,Milwaukee Bucks
425,431,Bobby,Portis,Milwaukee Bucks,13609,5,F,16,2,6,33.3,0,0,0,1,2,50.0,1,6,7,0,5,0,3,0,-18,Bobby Portis,12,12,5,7,13609,2024-03-29 00:00:00,New Orleans Pelicans,Milwaukee Bucks
426,53,Patrick,Beverley,Milwaukee Bucks,13609,0,PG,7,0,4,0,0,0,0,0,3,0,1,1,2,0,1,0,0,0,-9,Patrick Beverley,2,2,0,2,13609,2024-03-29 00:00:00,New Orleans Pelicans,Milwaukee Bucks
427,115,Pat,Connaughton,Milwaukee Bucks,13609,3,SG,22,1,1,100.0,0,0,0,1,1,100.0,0,1,1,1,1,0,0,0,-13,Pat Connaughton,5,4,4,2,13609,2024-03-29 00:00:00,New Orleans Pelicans,Milwaukee Bucks
428,3443,A.J.,Green,Milwaukee Bucks,13609,0,G,2,0,1,0,0,0,0,0,1,0,0,0,0,0,0,0,0,0,+4,A.J. Green,0,0,0,0,13609,2024-03-29 00:00:00,New Orleans Pelicans,Milwaukee Bucks
429,3950,Brandon,Miller,Charlotte Hornets,13610,12,F,33,5,15,33.3,0,0,0,2,8,25.0,3,0,3,3,2,0,1,1,-18,Brandon Miller,18,15,15,6,13610,2024-03-29 23:00:00,Charlotte Hornets,Golden State Warriors
430,941,Miles,Bridges,Charlotte Hornets,13610,22,SF,38,8,17,47.1,5,7,71.4,1,7,14.3,2,7,9,3,2,0,2,0,-20,Miles Bridges,34,31,25,12,13610,2024-03-29 23:00:00,Charlotte Hornets,Golden State Warriors
431,2639,Nick,Richards,Charlotte Hornets,13610,12,C,31,6,7,85.7,0,1,0,0,0,0,2,6,8,0,0,0,0,0,-11,Nick Richards,20,20,12,8,13610,2024-03-29 23:00:00,Charlotte Hornets,Golden State Warriors
432,2831,Tre,Mann,Charlotte Hornets,13610,7,PG,33,3,9,33.3,0,0,0,1,6,16.7,1,2,3,4,0,0,4,1,-15,Tre Mann,14,10,11,7,13610,2024-03-29 23:00:00,Charlotte Hornets,Golden State Warriors
433,2739,Vasilije,Micic,Charlotte Hornets,13610,10,G,33,3,7,42.9,3,4,75.0,1,4,25.0,0,2,2,8,2,2,2,0,-16,Vasilije Micic,20,12,18,10,13610,2024-03-29 23:00:00,Charlotte Hornets,Golden State Warriors
434,1901,Grant,Williams,Charlotte Hornets,13610,12,PF,26,3,10,30.0,4,6,66.7,2,7,28.6,2,6,8,4,3,0,1,0,-4,Grant Williams,24,20,16,12,13610,2024-03-29 23:00:00,Charlotte Hornets,Golden State Warriors
435,2633,Aleksej,Pokusevski,Charlotte Hornets,13610,6,F,19,2,8,25.0,1,2,50.0,1,6,16.7,2,1,3,0,0,1,1,0,-5,Aleksej Pokusevski,9,9,6,3,13610,2024-03-29 23:00:00,Charlotte Hornets,Golden State Warriors
436,2856,JT,Thor,Charlotte Hornets,13610,0,F,2,0,0,0,0,0,0,0,0,0,0,1,1,0,0,0,0,0,0,JT Thor,1,1,0,1,13610,2024-03-29 23:00:00,Charlotte Hornets,Golden State Warriors
437,52,Davis,Bertans,Charlotte Hornets,13610,14,SF,19,4,8,50.0,2,2,100.0,4,7,57.1,0,3,3,1,1,1,0,0,-1,Davis Bertans,18,17,15,4,13610,2024-03-29 23:00:00,Charlotte Hornets,Golden State Warriors
438,3469,Bryce,McGowens,Charlotte Hornets,13610,2,G,2,0,1,0,2,2,100.0,0,1,0,0,1,1,0,0,0,0,0,0,Bryce McGowens,3,3,2,1,13610,2024-03-29 23:00:00,Charlotte Hornets,Golden State Warriors
439,4042,Nick Jr.,Smith,Charlotte Hornets,13610,0,G,2,0,1,0,0,0,0,0,0,0,0,0,0,0,0,0,0,0,0,Nick Jr. Smith,0,0,0,0,13610,2024-03-29 23:00:00,Charlotte Hornets,Golden State Warriors
440,3947,Amari,Bailey,Charlotte Hornets,13610,0,G,2,0,1,0,0,0,0,0,0,0,0,0,0,0,0,0,0,0,0,Amari Bailey,0,0,0,0,13610,2024-03-29 23:00:00,Charlotte Hornets,Golden State Warriors
441,204,Draymond,Green,Golden State Warriors,13610,8,PF,28,4,7,57.1,0,0,0,0,2,0,2,6,8,4,4,1,3,0,+6,Draymond Green,20,16,12,12,13610,2024-03-29 23:00:00,Charlotte Hornets,Golden State Warriors
442,3973,Trayce,JacksonDavis,Golden State Warriors,13610,18,F,31,9,13,69.2,0,0,0,0,0,0,4,4,8,1,2,2,0,3,+11,Trayce JacksonDavis,27,26,19,9,13610,2024-03-29 23:00:00,Charlotte Hornets,Golden State Warriors
443,548,Andrew,Wiggins,Golden State Warriors,13610,20,SF,35,7,17,41.2,4,5,80.0,2,6,33.3,1,7,8,8,1,2,2,1,+9,Andrew Wiggins,36,28,28,16,13610,2024-03-29 23:00:00,Charlotte Hornets,Golden State Warriors
444,415,Chris,Paul,Golden State Warriors,13610,11,PG,33,5,6,83.3,0,0,0,1,2,50.0,0,7,7,9,2,0,4,0,+11,Chris Paul,27,18,20,16,13610,2024-03-29 23:00:00,Charlotte Hornets,Golden State Warriors
445,124,Stephen,Curry,Golden State Warriors,13610,23,PG,32,9,18,50.0,1,1,100.0,4,11,36.4,0,1,1,4,1,1,0,0,+13,Stephen Curry,28,24,27,5,13610,2024-03-29 23:00:00,Charlotte Hornets,Golden State Warriors
446,322,Kevon,Looney,Golden State Warriors,13610,8,F,10,3,4,75.0,2,2,100.0,0,0,0,1,6,7,1,1,0,1,0,+8,Kevon Looney,16,15,9,8,13610,2024-03-29 23:00:00,Charlotte Hornets,Golden State Warriors
447,593,Gary,Payton II,Golden State Warriors,13610,6,SG,13,3,5,60.0,0,0,0,0,1,0,0,1,1,1,3,0,0,1,+8,Gary Payton II,8,7,7,2,13610,2024-03-29 23:00:00,Charlotte Hornets,Golden State Warriors
448,1019,Jerome,Robinson,Golden State Warriors,13610,2,SG,2,1,4,25.0,0,0,0,0,1,0,0,0,0,0,0,0,1,0,0,Jerome Robinson,2,2,2,0,13610,2024-03-29 23:00:00,Charlotte Hornets,Golden State Warriors
449,2836,Moses,Moody,Golden State Warriors,13610,15,SG,25,5,8,62.5,1,1,100.0,4,5,80.0,2,2,4,3,2,1,1,0,+12,Moses Moody,22,19,18,7,13610,2024-03-29 23:00:00,Charlotte Hornets,Golden State Warriors
450,3480,Lester,Quinones,Golden State Warriors,13610,0,G,5,0,2,0,0,0,0,0,2,0,0,1,1,1,0,0,0,0,+1,Lester Quinones,2,1,1,2,13610,2024-03-29 23:00:00,Charlotte Hornets,Golden State Warriors
451,3975,Brandin,Podziemski,Golden State Warriors,13610,4,G,26,2,5,40.0,0,0,0,0,2,0,1,4,5,3,3,0,0,0,+11,Brandin Podziemski,12,9,7,8,13610,2024-03-29 23:00:00,Charlotte Hornets,Golden State Warriors
452,479,Pascal,Siakam,Indiana Pacers,13611,22,PF,31,8,16,50.0,6,7,85.7,0,0,0,1,10,11,6,0,1,1,1,+23,Pascal Siakam,39,33,28,17,13611,2024-03-29 23:00:00,Indiana Pacers,Los Angeles Lakers
453,2626,Aaron,Nesmith,Indiana Pacers,13611,12,SF,39,5,11,45.5,0,0,0,2,7,28.6,1,3,4,2,1,1,1,1,+15,Aaron Nesmith,18,16,14,6,13611,2024-03-29 23:00:00,Indiana Pacers,Los Angeles Lakers
454,522,Myles,Turner,Indiana Pacers,13611,10,C,28,4,12,33.3,2,2,100.0,0,5,0,1,4,5,3,4,1,1,2,+14,Myles Turner,18,15,13,8,13611,2024-03-29 23:00:00,Indiana Pacers,Los Angeles Lakers
455,3476,Andrew,Nembhard,Indiana Pacers,13611,10,PG,30,4,9,44.4,0,0,0,2,5,40.0,0,2,2,2,1,1,0,0,+17,Andrew Nembhard,14,12,12,4,13611,2024-03-29 23:00:00,Indiana Pacers,Los Angeles Lakers
456,2595,Tyrese,Haliburton,Indiana Pacers,13611,21,PG,33,7,15,46.7,4,4,100.0,3,8,37.5,0,8,8,8,2,2,2,0,+27,Tyrese Haliburton,37,29,29,16,13611,2024-03-29 23:00:00,Indiana Pacers,Los Angeles Lakers
457,2658,Obi,Toppin,Indiana Pacers,13611,7,PF,17,3,3,100.0,0,0,0,1,1,100.0,0,2,2,0,1,0,1,1,-4,Obi Toppin,9,9,7,2,13611,2024-03-29 23:00:00,Indiana Pacers,Los Angeles Lakers
458,2644,Jalen,Smith,Indiana Pacers,13611,4,PF,17,2,5,40.0,0,0,0,0,1,0,2,5,7,0,3,2,0,1,+5,Jalen Smith,11,11,4,7,13611,2024-03-29 23:00:00,Indiana Pacers,Los Angeles Lakers
459,3981,Jarace,Walker,Indiana Pacers,13611,0,F,2,0,0,0,0,0,0,0,0,0,0,0,0,0,0,0,0,0,0,Jarace Walker,0,0,0,0,13611,2024-03-29 23:00:00,Indiana Pacers,Los Angeles Lakers
460,351,Doug,McDermott,Indiana Pacers,13611,0,SF,1,0,0,0,0,0,0,0,0,0,0,0,0,0,0,0,0,0,0,Doug McDermott,0,0,0,0,13611,2024-03-29 23:00:00,Indiana Pacers,Los Angeles Lakers
461,2817,Isaiah,Jackson,Indiana Pacers,13611,0,SF,2,0,0,0,0,0,0,0,0,0,1,1,2,0,0,0,0,0,0,Isaiah Jackson,2,2,0,2,13611,2024-03-29 23:00:00,Indiana Pacers,Los Angeles Lakers
462,348,T.J.,McConnell,Indiana Pacers,13611,16,PG,19,7,11,63.6,1,1,100.0,1,1,100.0,0,3,3,3,0,0,2,0,0,T.J. McConnell,22,19,19,6,13611,2024-03-29 23:00:00,Indiana Pacers,Los Angeles Lakers
463,3979,Ben,Sheppard,Indiana Pacers,13611,7,G,20,3,7,42.9,0,0,0,1,3,33.3,0,2,2,3,2,0,0,0,-2,Ben Sheppard,12,9,10,5,13611,2024-03-29 23:00:00,Indiana Pacers,Los Angeles Lakers
464,126,Anthony,Davis,Los Angeles Lakers,13611,24,PF,38,9,17,52.9,6,7,85.7,0,1,0,4,11,15,3,0,0,3,0,-12,Anthony Davis,42,39,27,18,13611,2024-03-29 23:00:00,Indiana Pacers,Los Angeles Lakers
465,1862,Rui,Hachimura,Los Angeles Lakers,13611,14,PF,31,5,10,50.0,2,2,100.0,2,4,50.0,0,0,0,0,2,0,0,0,-15,Rui Hachimura,14,14,14,0,13611,2024-03-29 23:00:00,Indiana Pacers,Los Angeles Lakers
466,265,LeBron,James,Los Angeles Lakers,13611,16,SF,35,6,12,50.0,4,4,100.0,0,3,0,1,9,10,8,1,0,5,0,-13,LeBron James,34,26,24,18,13611,2024-03-29 23:00:00,Indiana Pacers,Los Angeles Lakers
467,462,D'Angelo,Russell,Los Angeles Lakers,13611,6,PG,35,3,14,21.4,0,0,0,0,6,0,0,3,3,5,3,1,0,1,-17,D'Angelo Russell,14,9,11,8,13611,2024-03-29 23:00:00,Indiana Pacers,Los Angeles Lakers
468,2845,Austin,Reaves,Los Angeles Lakers,13611,16,SG,36,7,16,43.8,1,1,100.0,1,7,14.3,1,12,13,6,2,1,5,0,-15,Austin Reaves,35,29,22,19,13611,2024-03-29 23:00:00,Indiana Pacers,Los Angeles Lakers
469,437,Taurean,Prince,Los Angeles Lakers,13611,5,PF,15,2,5,40.0,0,0,0,1,3,33.3,0,0,0,0,0,0,1,0,-4,Taurean Prince,5,5,5,0,13611,2024-03-29 23:00:00,Indiana Pacers,Los Angeles Lakers
470,3991,Maxwell,Lewis,Los Angeles Lakers,13611,0,F,2,0,1,0,0,0,0,0,1,0,0,0,0,0,0,0,0,0,0,Maxwell Lewis,0,0,0,0,13611,2024-03-29 23:00:00,Indiana Pacers,Los Angeles Lakers
471,1889,Cam,Reddish,Los Angeles Lakers,13611,0,SF,13,0,2,0,0,0,0,0,0,0,3,1,4,0,1,0,0,2,-6,Cam Reddish,4,4,0,4,13611,2024-03-29 23:00:00,Indiana Pacers,Los Angeles Lakers
472,1864,Jaxson,Hayes,Los Angeles Lakers,13611,2,C,11,1,1,100.0,0,0,0,0,0,0,1,1,2,2,1,0,0,0,-7,Jaxson Hayes,6,4,4,4,13611,2024-03-29 23:00:00,Indiana Pacers,Los Angeles Lakers
473,3987,Colin,Castleton,Los Angeles Lakers,13611,0,C,2,0,0,0,0,0,0,0,0,0,0,0,0,0,0,0,0,0,0,Colin Castleton,0,0,0,0,13611,2024-03-29 23:00:00,Indiana Pacers,Los Angeles Lakers
474,142,Spencer,Dinwiddie,Los Angeles Lakers,13611,5,PG,21,1,6,16.7,2,4,50.0,1,5,20.0,0,1,1,0,4,1,2,0,-6,Spencer Dinwiddie,6,6,5,1,13611,2024-03-29 23:00:00,Indiana Pacers,Los Angeles Lakers
475,3427,Max,Christie,Los Angeles Lakers,13611,2,G,2,1,2,50.0,0,0,0,0,0,0,0,0,0,0,0,0,0,0,0,Max Christie,2,2,2,0,13611,2024-03-29 23:00:00,Indiana Pacers,Los Angeles Lakers
476,3414,Paolo,Banchero,Orlando Magic,13612,23,PF,38,8,18,44.4,6,7,85.7,1,6,16.7,0,8,8,2,3,2,7,0,-3,Paolo Banchero,33,31,25,10,13612,2024-03-29 23:00:00,Orlando Magic,LA Clippers
477,2858,Franz,Wagner,Orlando Magic,13612,13,SF,36,5,13,38.5,3,4,75.0,0,3,0,1,2,3,3,2,2,1,1,+2,Franz Wagner,19,16,16,6,13612,2024-03-29 23:00:00,Orlando Magic,LA Clippers
478,950,Wendell,Carter Jr.,Orlando Magic,13612,2,C,24,1,3,33.3,0,0,0,0,1,0,2,3,5,2,0,0,1,1,-3,Wendell Carter Jr.,9,7,4,7,13612,2024-03-29 23:00:00,Orlando Magic,LA Clippers
479,220,Gary,Harris,Orlando Magic,13612,8,SG,24,3,6,50.0,1,1,100.0,1,3,33.3,1,1,2,0,2,1,1,0,-10,Gary Harris,10,10,8,2,13612,2024-03-29 23:00:00,Orlando Magic,LA Clippers
480,2852,Jalen,Suggs,Orlando Magic,13612,15,SG,33,6,14,42.9,1,1,100.0,2,4,50.0,1,0,1,5,0,3,2,2,0,Jalen Suggs,21,16,20,6,13612,2024-03-29 23:00:00,Orlando Magic,LA Clippers
481,801,Jonathan,Isaac,Orlando Magic,13612,3,PF,16,1,3,33.3,0,0,0,1,2,50.0,1,4,5,1,1,1,0,2,-8,Jonathan Isaac,9,8,4,6,13612,2024-03-29 23:00:00,Orlando Magic,LA Clippers
482,1037,Moritz,Wagner,Orlando Magic,13612,12,C,18,6,10,60.0,0,2,0,0,0,0,6,3,9,2,0,1,1,0,+3,Moritz Wagner,23,21,14,11,13612,2024-03-29 23:00:00,Orlando Magic,LA Clippers
483,2563,Cole,Anthony,Orlando Magic,13612,8,PG,19,3,10,30.0,0,0,0,2,5,40.0,0,3,3,0,1,0,1,2,0,Cole Anthony,11,11,8,3,13612,2024-03-29 23:00:00,Orlando Magic,LA Clippers
484,258,Joe,Ingles,Orlando Magic,13612,5,SG,19,2,5,40.0,0,0,0,1,2,50.0,0,1,1,4,1,0,0,0,+6,Joe Ingles,10,6,9,5,13612,2024-03-29 23:00:00,Orlando Magic,LA Clippers
485,3449,Caleb,Houstan,Orlando Magic,13612,8,G,14,3,4,75.0,0,0,0,2,3,66.7,1,0,1,1,1,0,0,0,-2,Caleb Houstan,10,9,9,2,13612,2024-03-29 23:00:00,Orlando Magic,LA Clippers
486,189,Paul,George,LA Clippers,13612,12,F,35,4,14,28.6,3,3,100.0,1,5,20.0,0,4,4,1,4,1,2,0,+4,Paul George,17,16,13,5,13612,2024-03-29 23:00:00,Orlando Magic,LA Clippers
487,314,Kawhi,Leonard,LA Clippers,13612,29,SF,38,12,21,57.1,2,2,100.0,3,6,50.0,1,10,11,5,4,4,3,2,+5,Kawhi Leonard,45,40,34,16,13612,2024-03-29 23:00:00,Orlando Magic,LA Clippers
488,575,Ivica,Zubac,LA Clippers,13612,14,C,35,7,10,70.0,0,0,0,0,0,0,4,5,9,2,2,0,1,1,-3,Ivica Zubac,25,23,16,11,13612,2024-03-29 23:00:00,Orlando Magic,LA Clippers
489,216,James,Harden,LA Clippers,13612,11,SG,37,3,12,25.0,4,5,80.0,1,7,14.3,2,6,8,4,1,4,4,0,-3,James Harden,23,19,15,12,13612,2024-03-29 23:00:00,Orlando Magic,LA Clippers
490,1877,Terance,Mann,LA Clippers,13612,5,SG,20,2,4,50.0,0,0,0,1,1,100.0,0,0,0,1,2,0,1,0,-1,Terance Mann,6,5,6,1,13612,2024-03-29 23:00:00,Orlando Magic,LA Clippers
491,426,Mason,Plumlee,LA Clippers,13612,8,C,13,4,6,66.7,0,0,0,0,0,0,2,2,4,0,1,0,1,0,+4,Mason Plumlee,12,12,8,4,13612,2024-03-29 23:00:00,Orlando Magic,LA Clippers
492,544,Russell,Westbrook,LA Clippers,13612,5,PG,18,2,6,33.3,1,2,50.0,0,1,0,2,1,3,5,1,1,2,0,+3,Russell Westbrook,13,8,10,8,13612,2024-03-29 23:00:00,Orlando Magic,LA Clippers
493,2115,Amir,Coffey,LA Clippers,13612,6,SG,19,2,4,50.0,0,0,0,2,3,66.7,1,1,2,0,0,1,1,0,+2,Amir Coffey,8,8,6,2,13612,2024-03-29 23:00:00,Orlando Magic,LA Clippers
494,434,Norman,Powell,LA Clippers,13612,10,G,26,5,8,62.5,0,0,0,0,1,0,0,0,0,1,2,0,1,1,+4,Norman Powell,11,10,11,1,13612,2024-03-29 23:00:00,Orlando Magic,LA Clippers
495,931,Marvin,Bagley III,Washington Wizards,13613,15,PF,27,7,9,77.8,0,0,0,1,1,100.0,3,8,11,1,1,0,0,2,-9,Marvin Bagley III,27,26,16,12,13613,2024-03-29 23:00:00,Washington Wizards,Detroit Pistons
496,820,Kyle,Kuzma,Washington Wizards,13613,12,SF,37,5,22,22.7,2,4,50.0,0,6,0,0,8,8,3,1,0,5,1,-22,Kyle Kuzma,23,20,15,11,13613,2024-03-29 23:00:00,Washington Wizards,Detroit Pistons
497,2825,Corey,Kispert,Washington Wizards,13613,23,SF,38,9,12,75.0,0,0,0,5,7,71.4,1,5,6,0,4,0,1,0,-12,Corey Kispert,29,29,23,6,13613,2024-03-29 23:00:00,Washington Wizards,Detroit Pistons
498,2564,Deni,Avdija,Washington Wizards,13613,18,SF,39,6,14,42.9,4,4,100.0,2,6,33.3,2,9,11,9,2,0,5,0,0,Deni Avdija,38,29,27,20,13613,2024-03-29 23:00:00,Washington Wizards,Detroit Pistons
499,1887,Jordan,Poole,Washington Wizards,13613,7,SG,37,3,15,20.0,0,0,0,1,8,12.5,0,3,3,6,3,0,5,1,-12,Jordan Poole,16,10,13,9,13613,2024-03-29 23:00:00,Washington Wizards,Detroit Pistons
500,2590,Anthony,Gill,Washington Wizards,13613,6,PF,18,3,8,37.5,0,0,0,0,1,0,2,1,3,0,4,0,0,0,+7,Anthony Gill,9,9,6,3,13613,2024-03-29 23:00:00,Washington Wizards,Detroit Pistons
501,4088,T.,Vukcevic,Washington Wizards,13613,0,PF,2,0,0,0,0,0,0,0,0,0,0,2,2,0,0,0,0,0,+2,T. Vukcevic,2,2,0,2,13613,2024-03-29 23:00:00,Washington Wizards,Detroit Pistons
502,3413,Patrick,Baldwin Jr.,Washington Wizards,13613,0,F,7,0,1,0,0,0,0,0,1,0,1,0,1,0,2,0,0,0,-8,Patrick Baldwin Jr.,1,1,0,1,13613,2024-03-29 23:00:00,Washington Wizards,Detroit Pistons
503,2796,Jared,Butler,Washington Wizards,13613,6,SG,20,3,4,75.0,0,0,0,0,0,0,0,1,1,2,1,1,2,0,+11,Jared Butler,9,7,8,3,13613,2024-03-29 23:00:00,Washington Wizards,Detroit Pistons
504,3576,Jules,Bernard,Washington Wizards,13613,0,G,5,0,2,0,0,0,0,0,2,0,0,1,1,0,0,0,0,0,-4,Jules Bernard,1,1,0,1,13613,2024-03-29 23:00:00,Washington Wizards,Detroit Pistons
505,3428,Johnny,Davis,Washington Wizards,13613,0,G,10,0,1,0,0,0,0,0,1,0,0,0,0,1,0,1,0,0,+2,Johnny Davis,1,0,1,1,13613,2024-03-29 23:00:00,Washington Wizards,Detroit Pistons
506,3969,Tosan,Evbuomwan,Detroit Pistons,13613,8,F,33,2,3,66.7,4,4,100.0,0,1,0,1,3,4,2,2,1,1,0,+12,Tosan Evbuomwan,14,12,10,6,13613,2024-03-29 23:00:00,Washington Wizards,Detroit Pistons
507,945,Troy,Brown Jr.,Detroit Pistons,13613,4,SF,19,1,4,25.0,1,2,50.0,1,2,50.0,0,2,2,0,1,1,1,0,+2,Troy Brown Jr.,6,6,4,2,13613,2024-03-29 23:00:00,Washington Wizards,Detroit Pistons
508,3433,Jalen,Duren,Detroit Pistons,13613,20,C,35,9,11,81.8,2,2,100.0,0,0,0,5,12,17,1,4,3,3,3,+18,Jalen Duren,38,37,21,18,13613,2024-03-29 23:00:00,Washington Wizards,Detroit Pistons
509,2801,Cade,Cunningham,Detroit Pistons,13613,33,PG,37,13,33,39.4,5,5,100.0,2,5,40.0,1,7,8,7,3,2,3,0,+16,Cade Cunningham,48,41,40,15,13613,2024-03-29 23:00:00,Washington Wizards,Detroit Pistons
510,3451,Jaden,Ivey,Detroit Pistons,13613,13,PG,37,5,17,29.4,2,2,100.0,1,6,16.7,1,6,7,5,3,0,1,1,+11,Jaden Ivey,25,20,18,12,13613,2024-03-29 23:00:00,Washington Wizards,Detroit Pistons
511,999,Chimezie,Metu,Detroit Pistons,13613,5,PF,26,2,9,22.2,1,1,100.0,0,4,0,0,3,3,1,0,1,1,1,+4,Chimezie Metu,9,8,6,4,13613,2024-03-29 23:00:00,Washington Wizards,Detroit Pistons
512,2666,James,Wiseman,Detroit Pistons,13613,0,C,13,0,3,0,0,0,0,0,0,0,0,2,2,0,4,0,2,0,-9,James Wiseman,2,2,0,2,13613,2024-03-29 23:00:00,Washington Wizards,Detroit Pistons
513,2587,Malachi,Flynn,Detroit Pistons,13613,3,PG,14,1,3,33.3,1,2,50.0,0,2,0,0,2,2,3,0,1,1,0,-8,Malachi Flynn,8,5,6,5,13613,2024-03-29 23:00:00,Washington Wizards,Detroit Pistons
514,177,Evan,Fournier,Detroit Pistons,13613,10,SG,26,4,6,66.7,0,2,0,2,4,50.0,0,2,2,0,1,0,0,0,-1,Evan Fournier,12,12,10,2,13613,2024-03-29 23:00:00,Washington Wizards,Detroit Pistons
515,175,Dorian,Finney-Smith,Brooklyn Nets,13614,12,PF,30,4,7,57.1,2,2,100.0,2,5,40.0,1,2,3,3,2,1,1,1,+12,Dorian Finney-Smith,18,15,15,6,13614,2024-03-29 23:30:00,Brooklyn Nets,Chicago Bulls
516,940,Mikal,Bridges,Brooklyn Nets,13614,25,SF,38,8,15,53.3,2,2,100.0,7,11,63.6,1,2,3,3,2,4,0,0,+16,Mikal Bridges,31,28,28,6,13614,2024-03-29 23:30:00,Brooklyn Nets,Chicago Bulls
517,1854,Nic,Claxton,Brooklyn Nets,13614,11,C,37,4,12,33.3,3,10,30.0,0,0,0,6,7,13,4,1,0,1,2,+14,Nic Claxton,28,24,15,17,13614,2024-03-29 23:30:00,Brooklyn Nets,Chicago Bulls
518,472,Dennis,Schroder,Brooklyn Nets,13614,27,PG,34,10,21,47.6,0,0,0,7,11,63.6,1,4,5,7,2,1,2,0,+21,Dennis Schroder,39,32,34,12,13614,2024-03-29 23:30:00,Brooklyn Nets,Chicago Bulls
519,2855,Cam,Thomas,Brooklyn Nets,13614,28,SG,40,10,22,45.5,3,3,100.0,5,9,55.6,1,7,8,4,4,1,1,0,+16,Cam Thomas,40,36,32,12,13614,2024-03-29 23:30:00,Brooklyn Nets,Chicago Bulls
520,2861,Trendon,Watford,Brooklyn Nets,13614,11,PF,24,3,7,42.9,4,5,80.0,1,3,33.3,1,4,5,4,2,2,0,0,-3,Trendon Watford,20,16,15,9,13614,2024-03-29 23:30:00,Brooklyn Nets,Chicago Bulls
521,3946,Jalen,Wilson,Brooklyn Nets,13614,3,F,9,1,1,100.0,0,0,0,1,1,100.0,0,3,3,0,1,0,0,0,+9,Jalen Wilson,6,6,3,3,13614,2024-03-29 23:30:00,Brooklyn Nets,Chicago Bulls
522,3944,Noah,Clowney,Brooklyn Nets,13614,3,F,15,1,3,33.3,0,0,0,1,2,50.0,0,0,0,0,3,0,0,0,-6,Noah Clowney,3,3,3,0,13614,2024-03-29 23:30:00,Brooklyn Nets,Chicago Bulls
523,2848,Day'Ron,Sharpe,Brooklyn Nets,13614,2,C,6,1,1,100.0,0,0,0,0,0,0,1,2,3,0,4,0,1,0,+8,Day'Ron Sharpe,5,5,2,3,13614,2024-03-29 23:30:00,Brooklyn Nets,Chicago Bulls
524,1038,Lonnie,Walker IV,Brooklyn Nets,13614,3,G,7,1,2,50.0,0,0,0,1,2,50.0,0,0,0,1,1,0,0,0,-2,Lonnie Walker IV,4,3,4,1,13614,2024-03-29 23:30:00,Brooklyn Nets,Chicago Bulls
525,136,DeMar,DeRozan,Chicago Bulls,13614,31,SF,37,11,20,55.0,9,10,90.0,0,2,0,0,8,8,2,2,1,3,1,-2,DeMar DeRozan,41,39,33,10,13614,2024-03-29 23:30:00,Brooklyn Nets,Chicago Bulls
526,534,Nikola,Vucevic,Chicago Bulls,13614,13,C,30,5,10,50.0,1,2,50.0,2,5,40.0,2,8,10,4,2,0,1,1,-21,Nikola Vucevic,27,23,17,14,13614,2024-03-29 23:30:00,Brooklyn Nets,Chicago Bulls
527,1900,Coby,White,Chicago Bulls,13614,18,PG,39,6,16,37.5,3,5,60.0,3,9,33.3,0,2,2,9,5,0,2,0,-18,Coby White,29,20,27,11,13614,2024-03-29 23:30:00,Brooklyn Nets,Chicago Bulls
528,631,Alex,Caruso,Chicago Bulls,13614,6,SG,33,2,5,40.0,0,0,0,2,4,50.0,0,3,3,5,2,0,4,1,-26,Alex Caruso,14,9,11,8,13614,2024-03-29 23:30:00,Brooklyn Nets,Chicago Bulls
529,2802,Ayo,Dosunmu,Chicago Bulls,13614,16,SG,32,6,9,66.7,4,4,100.0,0,2,0,0,3,3,3,2,0,0,0,-27,Ayo Dosunmu,22,19,19,6,13614,2024-03-29 23:30:00,Brooklyn Nets,Chicago Bulls
530,2853,Terry,Taylor,Chicago Bulls,13614,0,F,1,0,0,0,0,0,0,0,0,0,0,0,0,0,0,0,0,0,-3,Terry Taylor,0,0,0,0,13614,2024-03-29 23:30:00,Brooklyn Nets,Chicago Bulls
531,3494,Dalen,Terry,Chicago Bulls,13614,4,F,19,2,4,50.0,0,0,0,0,2,0,2,2,4,0,2,0,0,0,+12,Dalen Terry,8,8,4,4,13614,2024-03-29 23:30:00,Brooklyn Nets,Chicago Bulls
532,765,Torrey,Craig,Chicago Bulls,13614,7,SF,12,2,3,66.7,2,2,100.0,1,2,50.0,0,1,1,0,0,0,1,1,0,Torrey Craig,8,8,7,1,13614,2024-03-29 23:30:00,Brooklyn Nets,Chicago Bulls
533,3951,Onuralp,Bitim,Chicago Bulls,13614,0,SF,4,0,2,0,0,0,0,0,2,0,0,1,1,1,1,0,0,0,-9,Onuralp Bitim,2,1,1,2,13614,2024-03-29 23:30:00,Brooklyn Nets,Chicago Bulls
534,147,Andre,Drummond,Chicago Bulls,13614,6,C,17,1,2,50.0,4,6,66.7,0,0,0,1,10,11,0,1,0,1,2,+7,Andre Drummond,17,17,6,11,13614,2024-03-29 23:30:00,Brooklyn Nets,Chicago Bulls
535,2404,Javonte,Green,Chicago Bulls,13614,7,G,16,3,4,75.0,0,0,0,1,2,50.0,0,1,1,0,1,2,0,0,+2,Javonte Green,8,8,7,1,13614,2024-03-29 23:30:00,Brooklyn Nets,Chicago Bulls
536,2835,Evan,Mobley,Cleveland Cavaliers,13615,20,PF,31,7,10,70.0,4,6,66.7,2,2,100.0,1,10,11,3,4,1,2,2,+5,Evan Mobley,34,31,23,14,13615,2024-03-29 23:30:00,Cleveland Cavaliers,Philadelphia 76ers
537,727,Jarrett,Allen,Cleveland Cavaliers,13615,13,C,26,6,9,66.7,1,1,100.0,0,0,0,1,10,11,2,1,0,2,0,-6,Jarrett Allen,26,24,15,13,13615,2024-03-29 23:30:00,Cleveland Cavaliers,Philadelphia 76ers
538,1860,Darius,Garland,Cleveland Cavaliers,13615,14,PG,35,6,12,50.0,1,1,100.0,1,4,25.0,0,3,3,12,0,0,3,0,+14,Darius Garland,29,17,26,15,13615,2024-03-29 23:30:00,Cleveland Cavaliers,Philadelphia 76ers
539,840,Donovan,Mitchell,Cleveland Cavaliers,13615,12,SG,32,4,13,30.8,3,3,100.0,1,7,14.3,0,3,3,8,1,2,1,0,-7,Donovan Mitchell,23,15,20,11,13615,2024-03-29 23:30:00,Cleveland Cavaliers,Philadelphia 76ers
540,2051,Max,Strus,Cleveland Cavaliers,13615,15,SG,27,6,9,66.7,1,1,100.0,2,4,50.0,0,1,1,3,3,1,2,0,-4,Max Strus,19,16,18,4,13615,2024-03-29 23:30:00,Cleveland Cavaliers,Philadelphia 76ers
541,373,Marcus,Morris Sr.,Cleveland Cavaliers,13615,3,SF,17,1,2,50.0,0,0,0,1,2,50.0,2,3,5,1,0,0,1,0,+4,Marcus Morris Sr.,9,8,4,6,13615,2024-03-29 23:30:00,Cleveland Cavaliers,Philadelphia 76ers
542,391,Georges,Niang,Cleveland Cavaliers,13615,25,SF,31,10,14,71.4,0,0,0,5,8,62.5,0,0,0,0,1,0,0,1,+9,Georges Niang,25,25,25,0,13615,2024-03-29 23:30:00,Cleveland Cavaliers,Philadelphia 76ers
543,2630,Isaac,Okoro,Cleveland Cavaliers,13615,2,SF,15,1,4,25.0,0,0,0,0,2,0,0,0,0,0,4,0,1,0,-10,Isaac Okoro,2,2,2,0,13615,2024-03-29 23:30:00,Cleveland Cavaliers,Philadelphia 76ers
544,515,Tristan,Thompson,Cleveland Cavaliers,13615,0,C,6,0,1,0,0,0,0,0,0,0,0,1,1,2,0,0,0,0,+3,Tristan Thompson,3,1,2,3,13615,2024-03-29 23:30:00,Cleveland Cavaliers,Philadelphia 76ers
545,2623,Sam,Merrill,Cleveland Cavaliers,13615,13,SG,21,4,8,50.0,1,1,100.0,4,8,50.0,1,1,2,3,3,0,1,0,+7,Sam Merrill,18,15,16,5,13615,2024-03-29 23:30:00,Cleveland Cavaliers,Philadelphia 76ers
546,222,Tobias,Harris,Philadelphia 76ers,13615,21,PF,35,8,17,47.1,1,1,100.0,4,9,44.4,0,7,7,2,0,1,0,1,-10,Tobias Harris,30,28,23,9,13615,2024-03-29 23:30:00,Cleveland Cavaliers,Philadelphia 76ers
547,932,Mo,Bamba,Philadelphia 76ers,13615,14,C,22,6,7,85.7,1,2,50.0,1,2,50.0,2,5,7,1,2,0,0,2,+1,Mo Bamba,22,21,15,8,13615,2024-03-29 23:30:00,Cleveland Cavaliers,Philadelphia 76ers
548,327,Kyle,Lowry,Philadelphia 76ers,13615,23,PG,32,7,12,58.3,5,5,100.0,4,8,50.0,0,3,3,6,5,0,2,0,-4,Kyle Lowry,32,26,29,9,13615,2024-03-29 23:30:00,Cleveland Cavaliers,Philadelphia 76ers
549,2619,Tyrese,Maxey,Philadelphia 76ers,13615,16,PG,43,7,26,26.9,0,1,0,2,12,16.7,0,2,2,11,0,2,3,0,+3,Tyrese Maxey,29,18,27,13,13615,2024-03-29 23:30:00,Cleveland Cavaliers,Philadelphia 76ers
550,407,Kelly,Oubre Jr.,Philadelphia 76ers,13615,4,SG,21,2,11,18.2,0,0,0,0,2,0,1,3,4,0,5,0,1,1,-11,Kelly Oubre Jr.,8,8,4,4,13615,2024-03-29 23:30:00,Cleveland Cavaliers,Philadelphia 76ers
551,40,Nicolas,Batum,Philadelphia 76ers,13615,8,PF,31,3,5,60.0,0,0,0,2,3,66.7,4,4,8,3,2,0,0,0,+6,Nicolas Batum,19,16,11,11,13615,2024-03-29 23:30:00,Cleveland Cavaliers,Philadelphia 76ers
552,2638,Paul,Reed,Philadelphia 76ers,13615,12,SF,26,3,7,42.9,5,5,100.0,1,1,100.0,5,2,7,0,2,1,3,3,-2,Paul Reed,19,19,12,7,13615,2024-03-29 23:30:00,Cleveland Cavaliers,Philadelphia 76ers
553,417,Cameron,Payne,Philadelphia 76ers,13615,2,PG,5,1,1,100.0,0,0,0,0,0,0,0,0,0,2,0,1,0,0,-1,Cameron Payne,4,2,4,2,13615,2024-03-29 23:30:00,Cleveland Cavaliers,Philadelphia 76ers
554,236,Buddy,Hield,Philadelphia 76ers,13615,10,SG,18,4,6,66.7,1,1,100.0,1,2,50.0,4,0,4,2,3,1,0,0,-3,Buddy Hield,16,14,12,6,13615,2024-03-29 23:30:00,Cleveland Cavaliers,Philadelphia 76ers
555,4049,Ricky IV,Council,Philadelphia 76ers,13615,4,G,9,1,2,50.0,1,2,50.0,1,1,100.0,0,0,0,1,1,0,0,0,+6,Ricky IV Council,5,4,5,1,13615,2024-03-29 23:30:00,Cleveland Cavaliers,Philadelphia 76ers
556,136,DeMar,DeRozan,Chicago Bulls,13602,27,SF,38,9,18,50.0,8,10,80.0,1,4,25.0,1,5,6,2,3,1,0,0,+19,DeMar DeRozan,35,33,29,8,13602,2024-03-28 00:00:00,Chicago Bulls,Indiana Pacers
557,534,Nikola,Vucevic,Chicago Bulls,13602,22,C,29,9,20,45.0,3,3,100.0,1,4,25.0,3,9,12,2,1,0,0,1,+2,Nikola Vucevic,36,34,24,14,13602,2024-03-28 00:00:00,Chicago Bulls,Indiana Pacers
558,1900,Coby,White,Chicago Bulls,13602,18,PG,35,8,21,38.1,0,0,0,2,5,40.0,3,4,7,2,1,1,0,0,0,Coby White,27,25,20,9,13602,2024-03-28 00:00:00,Chicago Bulls,Indiana Pacers
559,631,Alex,Caruso,Chicago Bulls,13602,12,SG,29,5,10,50.0,0,0,0,2,5,40.0,2,5,7,7,1,2,0,0,+23,Alex Caruso,26,19,19,14,13602,2024-03-28 00:00:00,Chicago Bulls,Indiana Pacers
560,2802,Ayo,Dosunmu,Chicago Bulls,13602,17,SG,34,7,11,63.6,0,0,0,3,5,60.0,0,3,3,4,3,0,2,2,+14,Ayo Dosunmu,24,20,21,7,13602,2024-03-28 00:00:00,Chicago Bulls,Indiana Pacers
561,2853,Terry,Taylor,Chicago Bulls,13602,0,F,2,0,0,0,0,0,0,0,0,0,0,0,0,1,1,0,0,0,+1,Terry Taylor,1,0,1,1,13602,2024-03-28 00:00:00,Chicago Bulls,Indiana Pacers
562,3494,Dalen,Terry,Chicago Bulls,13602,0,F,13,0,1,0,0,0,0,0,0,0,0,2,2,4,2,0,2,1,+12,Dalen Terry,6,2,4,6,13602,2024-03-28 00:00:00,Chicago Bulls,Indiana Pacers
563,765,Torrey,Craig,Chicago Bulls,13602,7,SF,17,3,5,60.0,0,0,0,1,2,50.0,0,2,2,1,3,0,0,0,+7,Torrey Craig,10,9,8,3,13602,2024-03-28 00:00:00,Chicago Bulls,Indiana Pacers
564,3951,Onuralp,Bitim,Chicago Bulls,13602,3,SF,2,1,1,100.0,0,0,0,1,1,100.0,0,0,0,1,0,0,0,0,+1,Onuralp Bitim,4,3,4,1,13602,2024-03-28 00:00:00,Chicago Bulls,Indiana Pacers
565,147,Andre,Drummond,Chicago Bulls,13602,14,C,18,5,8,62.5,4,5,80.0,0,0,0,4,7,11,3,2,3,1,0,+23,Andre Drummond,28,25,17,14,13602,2024-03-28 00:00:00,Chicago Bulls,Indiana Pacers
566,949,Jevon,Carter,Chicago Bulls,13602,0,PG,5,0,0,0,0,0,0,0,0,0,0,0,0,0,0,0,0,0,+2,Jevon Carter,0,0,0,0,13602,2024-03-28 00:00:00,Chicago Bulls,Indiana Pacers
567,2404,Javonte,Green,Chicago Bulls,13602,5,G,19,2,3,66.7,0,0,0,1,1,100.0,0,4,4,1,2,0,2,1,+26,Javonte Green,10,9,6,5,13602,2024-03-28 00:00:00,Chicago Bulls,Indiana Pacers
568,479,Pascal,Siakam,Indiana Pacers,13602,14,PF,30,2,7,28.6,9,11,81.8,1,1,100.0,2,6,8,5,3,0,1,0,-5,Pascal Siakam,27,22,19,13,13602,2024-03-28 00:00:00,Chicago Bulls,Indiana Pacers
569,2626,Aaron,Nesmith,Indiana Pacers,13602,6,SF,27,2,11,18.2,0,0,0,2,9,22.2,0,5,5,3,4,0,1,0,-7,Aaron Nesmith,14,11,9,8,13602,2024-03-28 00:00:00,Chicago Bulls,Indiana Pacers
570,522,Myles,Turner,Indiana Pacers,13602,12,C,25,4,10,40.0,2,2,100.0,2,5,40.0,1,3,4,0,0,0,1,1,+1,Myles Turner,16,16,12,4,13602,2024-03-28 00:00:00,Chicago Bulls,Indiana Pacers
571,3476,Andrew,Nembhard,Indiana Pacers,13602,18,PG,34,7,12,58.3,1,2,50.0,3,5,60.0,1,4,5,2,3,2,1,0,-15,Andrew Nembhard,25,23,20,7,13602,2024-03-28 00:00:00,Chicago Bulls,Indiana Pacers
572,2595,Tyrese,Haliburton,Indiana Pacers,13602,13,PG,31,4,15,26.7,2,3,66.7,3,11,27.3,2,2,4,5,2,0,2,0,-7,Tyrese Haliburton,22,17,18,9,13602,2024-03-28 00:00:00,Chicago Bulls,Indiana Pacers
573,274,James,Johnson,Indiana Pacers,13602,2,PF,5,1,3,33.3,0,0,0,0,1,0,0,0,0,1,0,0,1,0,-3,James Johnson,3,2,3,1,13602,2024-03-28 00:00:00,Chicago Bulls,Indiana Pacers
574,2658,Obi,Toppin,Indiana Pacers,13602,5,PF,11,2,2,100.0,1,1,100.0,0,0,0,0,1,1,2,1,1,1,1,-15,Obi Toppin,8,6,7,3,13602,2024-03-28 00:00:00,Chicago Bulls,Indiana Pacers
575,2644,Jalen,Smith,Indiana Pacers,13602,5,PF,12,2,5,40.0,0,0,0,1,3,33.3,2,2,4,0,4,0,1,0,-20,Jalen Smith,9,9,5,4,13602,2024-03-28 00:00:00,Chicago Bulls,Indiana Pacers
576,3981,Jarace,Walker,Indiana Pacers,13602,0,F,11,0,2,0,0,0,0,0,1,0,0,1,1,2,0,0,2,0,-10,Jarace Walker,3,1,2,3,13602,2024-03-28 00:00:00,Chicago Bulls,Indiana Pacers
577,351,Doug,McDermott,Indiana Pacers,13602,3,SF,10,1,3,33.3,0,0,0,1,3,33.3,0,0,0,1,1,0,0,0,-10,Doug McDermott,4,3,4,1,13602,2024-03-28 00:00:00,Chicago Bulls,Indiana Pacers
578,2817,Isaiah,Jackson,Indiana Pacers,13602,6,SF,8,3,3,100.0,0,0,0,0,0,0,3,3,6,0,2,0,1,2,-5,Isaiah Jackson,12,12,6,6,13602,2024-03-28 00:00:00,Chicago Bulls,Indiana Pacers
579,348,T.J.,McConnell,Indiana Pacers,13602,12,PG,18,5,9,55.6,2,2,100.0,0,1,0,0,1,1,4,1,0,1,0,-18,T.J. McConnell,17,13,16,5,13602,2024-03-28 00:00:00,Chicago Bulls,Indiana Pacers
580,3423,Kendall,Brown,Indiana Pacers,13602,3,SG,5,1,1,100.0,1,2,50.0,0,0,0,1,0,1,0,1,0,0,0,-3,Kendall Brown,4,4,3,1,13602,2024-03-28 00:00:00,Chicago Bulls,Indiana Pacers
581,3979,Ben,Sheppard,Indiana Pacers,13602,0,G,11,0,2,0,0,0,0,0,2,0,0,0,0,0,1,0,0,0,-13,Ben Sheppard,0,0,0,0,13602,2024-03-28 00:00:00,Chicago Bulls,Indiana Pacers
582,982,Jaren,Jackson Jr.,Memphis Grizzlies,13603,17,PF,35,6,16,37.5,5,6,83.3,0,4,0,4,5,9,3,5,3,1,1,-26,Jaren Jackson Jr.,29,26,20,12,13603,2024-03-28 00:00:00,Memphis Grizzlies,Los Angeles Lakers
583,2786,Santi,Aldama,Memphis Grizzlies,13603,6,PF,27,2,6,33.3,0,0,0,2,6,33.3,1,2,3,1,2,1,0,0,-15,Santi Aldama,10,9,7,4,13603,2024-03-28 00:00:00,Memphis Grizzlies,Los Angeles Lakers
584,3994,GG,Jackson,Memphis Grizzlies,13603,10,F,29,3,9,33.3,2,2,100.0,2,6,33.3,0,4,4,0,3,0,3,0,-18,GG Jackson,14,14,10,4,13603,2024-03-28 00:00:00,Memphis Grizzlies,Los Angeles Lakers
585,2568,Desmond,Bane,Memphis Grizzlies,13603,26,SG,40,8,17,47.1,6,6,100.0,4,9,44.4,0,4,4,16,5,1,4,0,-7,Desmond Bane,46,30,42,20,13603,2024-03-28 00:00:00,Memphis Grizzlies,Los Angeles Lakers
586,3477,Scotty,Pippen Jr.,Memphis Grizzlies,13603,11,G,26,4,9,44.4,1,2,50.0,2,4,50.0,0,2,2,2,4,2,2,1,-26,Scotty Pippen Jr.,15,13,13,4,13603,2024-03-28 00:00:00,Memphis Grizzlies,Los Angeles Lakers
587,1853,Brandon,Clarke,Memphis Grizzlies,13603,6,PF,21,3,7,42.9,0,1,0,0,1,0,3,2,5,1,1,1,0,0,+15,Brandon Clarke,12,11,7,6,13603,2024-03-28 00:00:00,Memphis Grizzlies,Los Angeles Lakers
588,2647,Lamar,Stevens,Memphis Grizzlies,13603,11,PF,21,5,13,38.5,1,1,100.0,0,4,0,0,4,4,2,0,1,0,0,0,Lamar Stevens,17,15,13,6,13603,2024-03-28 00:00:00,Memphis Grizzlies,Los Angeles Lakers
589,2884,DeJon,Jarreau,Memphis Grizzlies,13603,8,F,10,4,4,100.0,0,0,0,0,0,0,0,1,1,1,1,0,0,1,+8,DeJon Jarreau,10,9,9,2,13603,2024-03-28 00:00:00,Memphis Grizzlies,Los Angeles Lakers
590,3460,Jake,LaRavia,Memphis Grizzlies,13603,25,F,32,9,14,64.3,0,1,0,7,9,77.8,4,2,6,4,2,1,4,0,+7,Jake LaRavia,35,31,29,10,13603,2024-03-28 00:00:00,Memphis Grizzlies,Los Angeles Lakers
591,4086,M.,Pereira,Memphis Grizzlies,13603,4,F,1,2,2,100.0,0,0,0,0,0,0,1,0,1,0,0,0,0,0,+2,M. Pereira,5,5,4,1,13603,2024-03-28 00:00:00,Memphis Grizzlies,Los Angeles Lakers
592,1862,Rui,Hachimura,Los Angeles Lakers,13603,32,PF,36,11,14,78.6,3,4,75.0,7,8,87.5,0,10,10,1,1,0,0,2,+35,Rui Hachimura,43,42,33,11,13603,2024-03-28 00:00:00,Memphis Grizzlies,Los Angeles Lakers
593,265,LeBron,James,Los Angeles Lakers,13603,23,SF,35,8,14,57.1,7,11,63.6,0,1,0,0,14,14,12,1,1,4,0,+33,LeBron James,49,37,35,26,13603,2024-03-28 00:00:00,Memphis Grizzlies,Los Angeles Lakers
594,1864,Jaxson,Hayes,Los Angeles Lakers,13603,14,C,31,6,7,85.7,2,2,100.0,0,0,0,1,6,7,1,5,1,1,1,+6,Jaxson Hayes,22,21,15,8,13603,2024-03-28 00:00:00,Memphis Grizzlies,Los Angeles Lakers
595,462,D'Angelo,Russell,Los Angeles Lakers,13603,23,PG,29,7,16,43.8,4,4,100.0,5,9,55.6,1,1,2,4,5,1,4,0,+1,D'Angelo Russell,29,25,27,6,13603,2024-03-28 00:00:00,Memphis Grizzlies,Los Angeles Lakers
596,2845,Austin,Reaves,Los Angeles Lakers,13603,13,SG,35,4,12,33.3,5,5,100.0,0,4,0,1,1,2,11,1,0,2,0,+31,Austin Reaves,26,15,24,13,13603,2024-03-28 00:00:00,Memphis Grizzlies,Los Angeles Lakers
597,437,Taurean,Prince,Los Angeles Lakers,13603,15,PF,23,4,5,80.0,4,6,66.7,3,4,75.0,0,1,1,1,4,0,2,0,-3,Taurean Prince,17,16,16,2,13603,2024-03-28 00:00:00,Memphis Grizzlies,Los Angeles Lakers
598,4041,Harry III,Giles,Los Angeles Lakers,13603,0,F,5,0,3,0,0,0,0,0,2,0,0,0,0,0,0,1,0,0,-12,Harry III Giles,0,0,0,0,13603,2024-03-28 00:00:00,Memphis Grizzlies,Los Angeles Lakers
599,3991,Maxwell,Lewis,Los Angeles Lakers,13603,0,F,1,0,0,0,0,0,0,0,0,0,0,0,0,0,0,0,0,0,-2,Maxwell Lewis,0,0,0,0,13603,2024-03-28 00:00:00,Memphis Grizzlies,Los Angeles Lakers
600,1889,Cam,Reddish,Los Angeles Lakers,13603,0,SF,10,0,2,0,0,0,0,0,1,0,0,0,0,0,0,0,0,0,-17,Cam Reddish,0,0,0,0,13603,2024-03-28 00:00:00,Memphis Grizzlies,Los Angeles Lakers
601,3987,Colin,Castleton,Los Angeles Lakers,13603,0,C,1,0,0,0,0,0,0,0,0,0,0,0,0,0,0,0,0,0,-2,Colin Castleton,0,0,0,0,13603,2024-03-28 00:00:00,Memphis Grizzlies,Los Angeles Lakers
602,142,Spencer,Dinwiddie,Los Angeles Lakers,13603,14,PG,25,4,7,57.1,3,3,100.0,3,4,75.0,1,6,7,1,2,1,2,1,-11,Spencer Dinwiddie,22,21,15,8,13603,2024-03-28 00:00:00,Memphis Grizzlies,Los Angeles Lakers
603,2620,Skylar,Mays,Los Angeles Lakers,13603,0,SG,1,0,0,0,0,0,0,0,0,0,0,0,0,0,0,0,0,0,-2,Skylar Mays,0,0,0,0,13603,2024-03-28 00:00:00,Memphis Grizzlies,Los Angeles Lakers
604,3427,Max,Christie,Los Angeles Lakers,13603,2,G,7,1,1,100.0,0,0,0,0,0,0,0,0,0,0,0,0,0,0,+3,Max Christie,2,2,2,0,13603,2024-03-28 00:00:00,Memphis Grizzlies,Los Angeles Lakers
605,2621,Jaden,McDaniels,Minnesota Timberwolves,13604,20,PF,28,8,14,57.1,1,1,100.0,3,7,42.9,1,3,4,0,3,0,0,0,+4,Jaden McDaniels,24,24,20,4,13604,2024-03-28 00:00:00,Minnesota Timberwolves,Detroit Pistons
606,192,Rudy,Gobert,Minnesota Timberwolves,13604,11,C,34,5,5,100.0,1,1,100.0,0,0,0,5,9,14,4,4,0,3,2,+20,Rudy Gobert,29,25,15,18,13604,2024-03-28 00:00:00,Minnesota Timberwolves,Detroit Pistons
607,2146,Naz,Reid,Minnesota Timberwolves,13604,21,C,31,9,18,50.0,2,2,100.0,1,8,12.5,1,9,10,4,2,0,0,0,+9,Naz Reid,35,31,25,14,13604,2024-03-28 00:00:00,Minnesota Timberwolves,Detroit Pistons
608,114,Mike,Conley,Minnesota Timberwolves,13604,9,PG,25,3,8,37.5,2,2,100.0,1,5,20.0,0,0,0,7,2,2,2,1,+5,Mike Conley,16,9,16,7,13604,2024-03-28 00:00:00,Minnesota Timberwolves,Detroit Pistons
609,2584,Anthony,Edwards,Minnesota Timberwolves,13604,9,SG,29,4,11,36.4,0,2,0,1,4,25.0,1,2,3,5,0,1,3,0,+9,Anthony Edwards,17,12,14,8,13604,2024-03-28 00:00:00,Minnesota Timberwolves,Detroit Pistons
610,3470,Josh,Minott,Minnesota Timberwolves,13604,0,F,2,0,0,0,0,0,0,0,0,0,0,0,0,0,0,1,0,0,-2,Josh Minott,0,0,0,0,13604,2024-03-28 00:00:00,Minnesota Timberwolves,Detroit Pistons
611,4001,Leonard,Miller,Minnesota Timberwolves,13604,0,F,2,0,0,0,0,0,0,0,0,0,0,0,0,0,0,0,0,0,-2,Leonard Miller,0,0,0,0,13604,2024-03-28 00:00:00,Minnesota Timberwolves,Detroit Pistons
612,540,T.J.,Warren,Minnesota Timberwolves,13604,0,SF,7,0,0,0,0,0,0,0,0,0,0,1,1,0,1,0,0,0,-8,T.J. Warren,1,1,0,1,13604,2024-03-28 00:00:00,Minnesota Timberwolves,Detroit Pistons
613,18,Kyle,Anderson,Minnesota Timberwolves,13604,14,SF,23,5,8,62.5,4,5,80.0,0,0,0,0,4,4,5,1,2,2,0,+13,Kyle Anderson,23,18,19,9,13604,2024-03-28 00:00:00,Minnesota Timberwolves,Detroit Pistons
614,2807,Luka,Garza,Minnesota Timberwolves,13604,2,C,2,1,2,50.0,0,0,0,0,1,0,0,0,0,0,1,0,0,0,-2,Luka Garza,2,2,2,0,13604,2024-03-28 00:00:00,Minnesota Timberwolves,Detroit Pistons
615,845,Monte,Morris,Minnesota Timberwolves,13604,1,PG,14,0,2,0,1,2,50.0,0,1,0,0,2,2,1,2,1,1,0,+14,Monte Morris,4,3,2,3,13604,2024-03-28 00:00:00,Minnesota Timberwolves,Detroit Pistons
616,997,Jordan,McLaughlin,Minnesota Timberwolves,13604,8,PG,14,3,4,75.0,0,0,0,2,3,66.7,1,0,1,0,1,0,0,0,+5,Jordan McLaughlin,9,9,8,1,13604,2024-03-28 00:00:00,Minnesota Timberwolves,Detroit Pistons
617,1845,Nickeil,Alexander-Walker,Minnesota Timberwolves,13604,11,SG,25,4,9,44.4,0,1,0,3,7,42.9,0,1,1,2,0,1,1,0,+12,Nickeil Alexander-Walker,14,12,13,3,13604,2024-03-28 00:00:00,Minnesota Timberwolves,Detroit Pistons
618,3474,Wendell,Moore Jr.,Minnesota Timberwolves,13604,0,G,2,0,1,0,0,0,0,0,0,0,0,0,0,0,0,0,0,0,-2,Wendell Moore Jr.,0,0,0,0,13604,2024-03-28 00:00:00,Minnesota Timberwolves,Detroit Pistons
619,999,Chimezie,Metu,Detroit Pistons,13604,8,PF,32,3,8,37.5,1,1,100.0,1,3,33.3,2,5,7,2,4,2,2,1,-13,Chimezie Metu,17,15,10,9,13604,2024-03-28 00:00:00,Minnesota Timberwolves,Detroit Pistons
620,3969,Tosan,Evbuomwan,Detroit Pistons,13604,3,F,29,1,3,33.3,0,2,0,1,3,33.3,1,3,4,0,1,0,0,0,-9,Tosan Evbuomwan,7,7,3,4,13604,2024-03-28 00:00:00,Minnesota Timberwolves,Detroit Pistons
621,3433,Jalen,Duren,Detroit Pistons,13604,11,C,25,4,6,66.7,3,4,75.0,0,0,0,3,8,11,4,1,0,3,0,0,Jalen Duren,26,22,15,15,13604,2024-03-28 00:00:00,Minnesota Timberwolves,Detroit Pistons
622,2801,Cade,Cunningham,Detroit Pistons,13604,32,PG,29,11,23,47.8,7,8,87.5,3,8,37.5,0,1,1,2,0,1,1,0,-6,Cade Cunningham,35,33,34,3,13604,2024-03-28 00:00:00,Minnesota Timberwolves,Detroit Pistons
623,3970,Marcus,Sasser,Detroit Pistons,13604,7,G,33,2,11,18.2,2,2,100.0,1,6,16.7,0,4,4,5,4,1,1,0,-5,Marcus Sasser,16,11,12,9,13604,2024-03-28 00:00:00,Minnesota Timberwolves,Detroit Pistons
624,3417,Buddy,Boeheim,Detroit Pistons,13604,0,F,2,0,2,0,0,0,0,0,1,0,0,1,1,0,0,0,0,0,+2,Buddy Boeheim,1,1,0,1,13604,2024-03-28 00:00:00,Minnesota Timberwolves,Detroit Pistons
625,945,Troy,Brown Jr.,Detroit Pistons,13604,5,SF,30,2,8,25.0,0,0,0,1,4,25.0,1,2,3,2,0,2,1,0,-10,Troy Brown Jr.,10,8,7,5,13604,2024-03-28 00:00:00,Minnesota Timberwolves,Detroit Pistons
626,2666,James,Wiseman,Detroit Pistons,13604,11,C,23,2,4,50.0,7,8,87.5,0,0,0,0,4,4,0,1,0,1,0,-15,James Wiseman,15,15,11,4,13604,2024-03-28 00:00:00,Minnesota Timberwolves,Detroit Pistons
627,2587,Malachi,Flynn,Detroit Pistons,13604,14,PG,19,6,9,66.7,0,0,0,2,3,66.7,2,3,5,0,2,0,2,0,-9,Malachi Flynn,19,19,14,5,13604,2024-03-28 00:00:00,Minnesota Timberwolves,Detroit Pistons
628,177,Evan,Fournier,Detroit Pistons,13604,0,SG,15,0,6,0,0,0,0,0,4,0,0,0,0,0,1,3,1,0,-10,Evan Fournier,0,0,0,0,13604,2024-03-28 00:00:00,Minnesota Timberwolves,Detroit Pistons
629,3481,Jared,Rhoden,Detroit Pistons,13604,0,G,2,0,1,0,0,0,0,0,0,0,1,0,1,0,0,0,0,0,0,Jared Rhoden,1,1,0,1,13604,2024-03-28 00:00:00,Minnesota Timberwolves,Detroit Pistons
630,3448,Chet,Holmgren,Oklahoma City Thunder,13605,2,PF,18,0,2,0,2,2,100.0,0,2,0,0,7,7,0,6,0,5,3,+1,Chet Holmgren,9,9,2,7,13605,2024-03-28 00:00:00,Oklahoma City Thunder,Houston Rockets
631,3504,Jalen,Williams,Oklahoma City Thunder,13605,23,F,38,9,23,39.1,2,2,100.0,3,10,30.0,1,4,5,10,5,2,5,1,-14,Jalen Williams,38,28,33,15,13605,2024-03-28 00:00:00,Oklahoma City Thunder,Houston Rockets
632,2808,Josh,Giddey,Oklahoma City Thunder,13605,31,SG,32,12,20,60.0,7,11,63.6,0,3,0,5,2,7,4,2,1,1,1,-7,Josh Giddey,42,38,35,11,13605,2024-03-28 00:00:00,Oklahoma City Thunder,Houston Rockets
633,2040,Luguentz,Dort,Oklahoma City Thunder,13605,8,G,34,2,10,20.0,4,4,100.0,0,4,0,0,4,4,2,2,1,1,1,-6,Luguentz Dort,14,12,10,6,13605,2024-03-28 00:00:00,Oklahoma City Thunder,Houston Rockets
634,4009,Cason,Wallace,Oklahoma City Thunder,13605,4,G,25,2,5,40.0,0,0,0,0,1,0,0,2,2,1,2,0,1,0,-4,Cason Wallace,7,6,5,3,13605,2024-03-28 00:00:00,Oklahoma City Thunder,Houston Rockets
635,3505,Jaylin,Williams,Oklahoma City Thunder,13605,5,F,14,2,4,50.0,0,0,0,1,3,33.3,0,5,5,0,2,1,3,0,-3,Jaylin Williams,10,10,5,5,13605,2024-03-28 00:00:00,Oklahoma City Thunder,Houston Rockets
636,227,Gordon,Hayward,Oklahoma City Thunder,13605,13,SF,22,4,7,57.1,2,4,50.0,3,3,100.0,0,2,2,1,0,1,0,0,-6,Gordon Hayward,16,15,14,3,13605,2024-03-28 00:00:00,Oklahoma City Thunder,Houston Rockets
637,1044,Kenrich,Williams,Oklahoma City Thunder,13605,5,SF,20,2,5,40.0,0,0,0,1,3,33.3,5,4,9,1,4,1,0,0,+8,Kenrich Williams,15,14,6,10,13605,2024-03-28 00:00:00,Oklahoma City Thunder,Houston Rockets
638,384,Mike,Muscala,Oklahoma City Thunder,13605,2,C,4,1,1,100.0,0,0,0,0,0,0,0,1,1,0,0,0,1,0,+4,Mike Muscala,3,3,2,1,13605,2024-03-28 00:00:00,Oklahoma City Thunder,Houston Rockets
639,2604,Isaiah,Joe,Oklahoma City Thunder,13605,17,SG,33,6,10,60.0,1,1,100.0,4,6,66.7,0,3,3,6,1,0,1,0,+11,Isaiah Joe,26,20,23,9,13605,2024-03-28 00:00:00,Oklahoma City Thunder,Houston Rockets
640,2863,Aaron,Wiggins,Oklahoma City Thunder,13605,16,SG,25,7,9,77.8,0,0,0,2,3,66.7,2,2,4,1,0,0,1,1,-14,Aaron Wiggins,21,20,17,5,13605,2024-03-28 00:00:00,Oklahoma City Thunder,Houston Rockets
641,3489,Jabari,Smith Jr.,Houston Rockets,13605,16,PF,35,4,10,40.0,6,8,75.0,2,5,40.0,1,2,3,0,5,0,3,0,+8,Jabari Smith Jr.,19,19,16,3,13605,2024-03-28 00:00:00,Oklahoma City Thunder,Houston Rockets
642,3977,Amen,Thompson,Houston Rockets,13605,25,F,39,10,18,55.6,5,6,83.3,0,1,0,6,9,15,4,5,1,1,0,+10,Amen Thompson,44,40,29,19,13605,2024-03-28 00:00:00,Oklahoma City Thunder,Houston Rockets
643,749,Dillon,Brooks,Houston Rockets,13605,20,SF,43,8,18,44.4,1,2,50.0,3,11,27.3,0,4,4,4,2,1,3,2,+8,Dillon Brooks,28,24,24,8,13605,2024-03-28 00:00:00,Oklahoma City Thunder,Houston Rockets
644,527,Fred,VanVleet,Houston Rockets,13605,13,PG,43,5,12,41.7,2,2,100.0,1,7,14.3,1,3,4,6,4,3,1,0,+8,Fred VanVleet,23,17,19,10,13605,2024-03-28 00:00:00,Oklahoma City Thunder,Houston Rockets
645,2810,Jalen,Green,Houston Rockets,13605,37,SG,46,14,24,58.3,2,2,100.0,7,11,63.6,2,8,10,7,3,2,5,1,+12,Jalen Green,54,47,44,17,13605,2024-03-28 00:00:00,Oklahoma City Thunder,Houston Rockets
646,207,Jeff,Green,Houston Rockets,13605,7,PF,13,3,8,37.5,0,0,0,1,5,20.0,0,2,2,1,1,0,0,0,-4,Jeff Green,10,9,8,3,13605,2024-03-28 00:00:00,Oklahoma City Thunder,Houston Rockets
647,82,Reggie,Bullock,Houston Rockets,13605,3,SF,6,1,2,50.0,0,0,0,1,2,50.0,0,3,3,0,1,0,0,0,-3,Reggie Bullock,6,6,3,3,13605,2024-03-28 00:00:00,Oklahoma City Thunder,Houston Rockets
648,2650,Jae'Sean,Tate,Houston Rockets,13605,0,SF,9,0,1,0,0,0,0,0,0,0,1,0,1,0,2,2,2,0,-7,Jae'Sean Tate,1,1,0,1,13605,2024-03-28 00:00:00,Oklahoma City Thunder,Houston Rockets
649,1485,Jock,Landale,Houston Rockets,13605,7,C,20,3,6,50.0,1,3,33.3,0,0,0,3,3,6,1,1,1,1,0,+1,Jock Landale,14,13,8,7,13605,2024-03-28 00:00:00,Oklahoma City Thunder,Houston Rockets
650,979,Aaron,Holiday,Houston Rockets,13605,4,G,11,2,5,40.0,0,0,0,0,1,0,2,0,2,2,0,0,0,0,-3,Aaron Holiday,8,6,6,4,13605,2024-03-28 00:00:00,Oklahoma City Thunder,Houston Rockets
651,761,John,Collins,Utah Jazz,13606,18,PF,23,5,10,50.0,6,6,100.0,2,4,50.0,1,4,5,1,3,2,4,0,+2,John Collins,24,23,19,6,13606,2024-03-28 01:00:00,Utah Jazz,San Antonio Spurs
652,830,Lauri,Markkanen,Utah Jazz,13606,25,PF,42,8,17,47.1,6,6,100.0,3,7,42.9,1,5,6,2,1,1,3,0,-3,Lauri Markkanen,33,31,27,8,13606,2024-03-28 01:00:00,Utah Jazz,San Antonio Spurs
653,4031,Taylor,Hendricks,Utah Jazz,13606,8,F,33,3,8,37.5,0,0,0,2,6,33.3,0,8,8,1,3,2,0,1,+6,Taylor Hendricks,17,16,9,9,13606,2024-03-28 01:00:00,Utah Jazz,San Antonio Spurs
654,1021,Collin,Sexton,Utah Jazz,13606,26,PG,38,11,20,55.0,2,2,100.0,2,6,33.3,1,1,2,9,3,2,3,1,+1,Collin Sexton,37,28,35,11,13606,2024-03-28 01:00:00,Utah Jazz,San Antonio Spurs
655,4029,Keyonte,George,Utah Jazz,13606,14,G,40,5,12,41.7,2,2,100.0,2,6,33.3,0,1,1,8,2,0,5,0,-5,Keyonte George,23,15,22,9,13606,2024-03-28 01:00:00,Utah Jazz,San Antonio Spurs
656,1891,Luka,Samanic,Utah Jazz,13606,0,F,10,0,0,0,0,2,0,0,0,0,0,5,5,0,1,0,0,0,-7,Luka Samanic,5,5,0,5,13606,2024-03-28 01:00:00,Utah Jazz,San Antonio Spurs
657,4034,Brice,Sensabaugh,Utah Jazz,13606,9,F,13,3,5,60.0,2,2,100.0,1,2,50.0,0,1,1,1,2,1,2,0,-8,Brice Sensabaugh,11,10,10,2,13606,2024-03-28 01:00:00,Utah Jazz,San Antonio Spurs
658,2785,Omer,Yurtseven,Utah Jazz,13606,2,C,3,1,2,50.0,0,0,0,0,0,0,0,0,0,0,0,0,0,0,-6,Omer Yurtseven,2,2,2,0,13606,2024-03-28 01:00:00,Utah Jazz,San Antonio Spurs
659,3358,Micah,Potter,Utah Jazz,13606,0,C,6,0,0,0,0,0,0,0,0,0,0,1,1,0,0,0,0,0,-4,Micah Potter,1,1,0,1,13606,2024-03-28 01:00:00,Utah Jazz,San Antonio Spurs
660,3457,Walker,Kessler,Utah Jazz,13606,4,C,22,1,3,33.3,2,2,100.0,0,0,0,2,4,6,1,0,0,2,2,-3,Walker Kessler,11,10,5,7,13606,2024-03-28 01:00:00,Utah Jazz,San Antonio Spurs
661,2611,Kira,Lewis Jr.,Utah Jazz,13606,5,PG,6,2,4,50.0,0,0,0,1,2,50.0,1,0,1,0,0,0,2,0,-4,Kira Lewis Jr.,6,6,5,1,13606,2024-03-28 01:00:00,Utah Jazz,San Antonio Spurs
662,1867,Talen,Horton-Tucker,Utah Jazz,13606,0,SG,4,0,2,0,0,0,0,0,2,0,0,0,0,2,1,0,0,0,-4,Talen Horton-Tucker,2,0,2,2,13606,2024-03-28 01:00:00,Utah Jazz,San Antonio Spurs
663,3425,Julian,Champagnie,San Antonio Spurs,13606,17,F,31,7,13,53.8,0,0,0,3,6,50.0,2,3,5,0,2,1,0,0,+3,Julian Champagnie,22,22,17,5,13606,2024-03-28 01:00:00,Utah Jazz,San Antonio Spurs
664,3490,Jeremy,Sochan,San Antonio Spurs,13606,17,F,36,7,16,43.8,1,2,50.0,2,7,28.6,3,6,9,2,0,5,3,1,+1,Jeremy Sochan,28,26,19,11,13606,2024-03-28 01:00:00,Utah Jazz,San Antonio Spurs
665,4026,Victor,Wembanyama,San Antonio Spurs,13606,19,C,30,7,15,46.7,4,7,57.1,1,4,25.0,2,6,8,6,4,0,6,5,+10,Victor Wembanyama,33,27,25,14,13606,2024-03-28 01:00:00,Utah Jazz,San Antonio Spurs
666,2606,Tre,Jones,San Antonio Spurs,13606,3,PG,32,0,2,0,3,4,75.0,0,0,0,0,4,4,9,2,0,4,0,+4,Tre Jones,16,7,12,13,13606,2024-03-28 01:00:00,Utah Jazz,San Antonio Spurs
667,2661,Devin,Vassell,San Antonio Spurs,13606,31,SG,39,12,20,60.0,3,4,75.0,4,8,50.0,0,4,4,6,3,1,4,0,+2,Devin Vassell,41,35,37,10,13606,2024-03-28 01:00:00,Utah Jazz,San Antonio Spurs
668,762,Zach,Collins,San Antonio Spurs,13606,4,PF,15,1,3,33.3,2,2,100.0,0,0,0,0,0,0,6,5,0,1,1,-3,Zach Collins,10,4,10,6,13606,2024-03-28 01:00:00,Utah Jazz,San Antonio Spurs
669,3415,Dominick,Barlow,San Antonio Spurs,13606,0,F,2,0,1,0,0,0,0,0,0,0,1,1,2,0,0,0,0,0,0,Dominick Barlow,2,2,0,2,13606,2024-03-28 01:00:00,Utah Jazz,San Antonio Spurs
670,854,Cedi,Osman,San Antonio Spurs,13606,9,SF,19,3,5,60.0,0,0,0,3,3,100.0,1,6,7,6,4,1,1,0,+5,Cedi Osman,22,16,15,13,13606,2024-03-28 01:00:00,Utah Jazz,San Antonio Spurs
671,3419,Malaki,Branham,San Antonio Spurs,13606,17,G,20,7,11,63.6,0,0,0,3,5,60.0,0,0,0,1,1,1,1,0,+8,Malaki Branham,18,17,18,1,13606,2024-03-28 01:00:00,Utah Jazz,San Antonio Spurs
672,3499,Blake,Wesley,San Antonio Spurs,13606,1,G,15,0,0,0,1,2,50.0,0,0,0,0,2,2,4,0,0,1,0,+5,Blake Wesley,7,3,5,6,13606,2024-03-28 01:00:00,Utah Jazz,San Antonio Spurs
673,195,Aaron,Gordon,Denver Nuggets,13607,18,PF,36,7,14,50.0,3,3,100.0,1,3,33.3,2,4,6,2,2,0,2,0,+6,Aaron Gordon,26,24,20,8,13607,2024-03-28 02:00:00,Denver Nuggets,Phoenix Suns
674,1014,Michael,Porter Jr.,Denver Nuggets,13607,18,SF,33,7,16,43.8,2,2,100.0,2,7,28.6,1,7,8,0,0,2,2,0,+4,Michael Porter Jr.,26,26,18,8,13607,2024-03-28 02:00:00,Denver Nuggets,Phoenix Suns
675,279,Nikola,Jokic,Denver Nuggets,13607,22,C,42,9,16,56.3,3,3,100.0,1,5,20.0,0,9,9,10,2,2,1,1,+2,Nikola Jokic,41,31,32,19,13607,2024-03-28 02:00:00,Denver Nuggets,Phoenix Suns
676,264,Reggie,Jackson,Denver Nuggets,13607,11,PG,29,5,14,35.7,0,0,0,1,7,14.3,1,0,1,3,2,1,1,0,-11,Reggie Jackson,15,12,14,4,13607,2024-03-28 02:00:00,Denver Nuggets,Phoenix Suns
677,89,Kentavious,Caldwell-Pope,Denver Nuggets,13607,13,SG,36,5,9,55.6,0,0,0,3,6,50.0,2,4,6,6,4,2,2,1,+11,Kentavious Caldwell-Pope,25,19,19,12,13607,2024-03-28 02:00:00,Denver Nuggets,Phoenix Suns
678,3498,Peyton,Watson,Denver Nuggets,13607,5,F,19,2,4,50.0,1,2,50.0,0,1,0,2,2,4,0,2,0,0,1,-16,Peyton Watson,9,9,5,4,13607,2024-03-28 02:00:00,Denver Nuggets,Phoenix Suns
679,243,Justin,Holiday,Denver Nuggets,13607,0,SF,10,0,2,0,0,0,0,0,2,0,0,0,0,0,0,1,0,0,-10,Justin Holiday,0,0,0,0,13607,2024-03-28 02:00:00,Denver Nuggets,Phoenix Suns
680,3441,Collin,Gillespie,Denver Nuggets,13607,8,G,16,2,7,28.6,2,2,100.0,2,6,33.3,0,1,1,3,1,1,0,0,+6,Collin Gillespie,12,9,11,4,13607,2024-03-28 02:00:00,Denver Nuggets,Phoenix Suns
681,3420,Christian,Braun,Denver Nuggets,13607,0,G,15,0,3,0,0,0,0,0,1,0,1,2,3,0,0,0,0,1,-19,Christian Braun,3,3,0,3,13607,2024-03-28 02:00:00,Denver Nuggets,Phoenix Suns
682,3966,Julian,Strawther,Denver Nuggets,13607,2,G,4,1,3,33.3,0,0,0,0,2,0,0,0,0,0,0,0,0,0,-8,Julian Strawther,2,2,2,0,13607,2024-03-28 02:00:00,Denver Nuggets,Phoenix Suns
683,153,Kevin,Durant,Phoenix Suns,13607,30,PF,38,12,20,60.0,3,3,100.0,3,4,75.0,2,11,13,3,1,0,8,5,+11,Kevin Durant,46,43,33,16,13607,2024-03-28 02:00:00,Denver Nuggets,Phoenix Suns
684,966,Drew,Eubanks,Phoenix Suns,13607,5,PF,27,2,3,66.7,1,1,100.0,0,0,0,1,3,4,1,1,0,0,0,-11,Drew Eubanks,10,9,6,5,13607,2024-03-28 02:00:00,Denver Nuggets,Phoenix Suns
685,45,Bradley,Beal,Phoenix Suns,13607,10,SG,37,3,11,27.3,1,2,50.0,3,7,42.9,1,3,4,7,1,1,4,1,+9,Bradley Beal,21,14,17,11,13607,2024-03-28 02:00:00,Denver Nuggets,Phoenix Suns
686,926,Grayson,Allen,Phoenix Suns,13607,13,SG,33,5,10,50.0,0,0,0,3,7,42.9,0,3,3,4,2,1,1,0,-4,Grayson Allen,20,16,17,7,13607,2024-03-28 02:00:00,Denver Nuggets,Phoenix Suns
687,64,Devin,Booker,Phoenix Suns,13607,17,SG,37,5,17,29.4,5,5,100.0,2,6,33.3,0,5,5,9,2,0,2,0,-3,Devin Booker,31,22,26,14,13607,2024-03-28 02:00:00,Denver Nuggets,Phoenix Suns
688,851,Royce,O'Neale,Phoenix Suns,13607,5,PF,18,2,4,50.0,0,0,0,1,2,50.0,2,5,7,2,4,0,1,0,+3,Royce O'Neale,14,12,7,9,13607,2024-03-28 02:00:00,Denver Nuggets,Phoenix Suns
689,570,Thaddeus,Young,Phoenix Suns,13607,6,F,18,3,4,75.0,0,0,0,0,0,0,4,5,9,2,1,1,0,0,+15,Thaddeus Young,17,15,8,11,13607,2024-03-28 02:00:00,Denver Nuggets,Phoenix Suns
690,1849,Bol,Bol,Phoenix Suns,13607,8,C,12,3,5,60.0,0,0,0,2,2,100.0,2,3,5,1,1,0,0,0,+2,Bol Bol,14,13,9,6,13607,2024-03-28 02:00:00,Denver Nuggets,Phoenix Suns
691,196,Eric,Gordon,Phoenix Suns,13607,10,SG,20,4,9,44.4,0,0,0,2,5,40.0,0,1,1,0,0,0,0,1,+13,Eric Gordon,11,11,10,1,13607,2024-03-28 02:00:00,Denver Nuggets,Phoenix Suns
692,1868,De'Andre,Hunter,Atlanta Hawks,13608,21,SF,40,8,16,50.0,0,3,0,5,9,55.6,2,11,13,1,0,0,1,0,+1,De'Andre Hunter,35,34,22,14,13608,2024-03-28 23:30:00,Atlanta Hawks,Boston Celtics
693,92,Clint,Capela,Atlanta Hawks,13608,12,C,33,6,8,75.0,0,0,0,0,0,0,7,6,13,3,2,0,2,2,0,Clint Capela,28,25,15,16,13608,2024-03-28 23:30:00,Atlanta Hawks,Boston Celtics
694,743,Bogdan,Bogdanovic,Atlanta Hawks,13608,24,SG,43,9,19,47.4,4,4,100.0,2,8,25.0,3,4,7,5,1,1,2,0,+3,Bogdan Bogdanovic,36,31,29,12,13608,2024-03-28 23:30:00,Atlanta Hawks,Boston Celtics
695,382,Dejounte,Murray,Atlanta Hawks,13608,44,SG,47,18,44,40.9,2,2,100.0,6,19,31.6,0,7,7,7,2,2,3,1,+3,Dejounte Murray,58,51,51,14,13608,2024-03-28 23:30:00,Atlanta Hawks,Boston Celtics
696,2608,Vit,Krejci,Atlanta Hawks,13608,2,G,35,1,1,100.0,0,0,0,0,0,0,1,2,3,1,6,0,0,0,0,Vit Krejci,6,5,3,4,13608,2024-03-28 23:30:00,Atlanta Hawks,Boston Celtics
697,1858,Bruno,Fernando,Atlanta Hawks,13608,6,PF,20,3,3,100.0,0,1,0,0,0,0,1,3,4,2,3,1,0,1,+1,Bruno Fernando,12,10,8,6,13608,2024-03-28 23:30:00,Atlanta Hawks,Boston Celtics
698,341,Wesley,Matthews,Atlanta Hawks,13608,3,SG,24,1,6,16.7,0,0,0,1,5,20.0,3,2,5,3,3,1,1,1,-1,Wesley Matthews,11,8,6,8,13608,2024-03-28 23:30:00,Atlanta Hawks,Boston Celtics
699,2327,Garrison,Mathews,Atlanta Hawks,13608,7,SG,17,3,5,60.0,0,0,0,1,3,33.3,0,1,1,1,0,0,1,0,0,Garrison Mathews,9,8,8,2,13608,2024-03-28 23:30:00,Atlanta Hawks,Boston Celtics
700,2589,Trent,Forrest,Atlanta Hawks,13608,4,G,6,2,2,100.0,0,0,0,0,0,0,0,0,0,1,0,0,1,0,-2,Trent Forrest,5,4,5,1,13608,2024-03-28 23:30:00,Atlanta Hawks,Boston Celtics
701,882,Jayson,Tatum,Boston Celtics,13608,31,SF,45,9,22,40.9,11,13,84.6,2,7,28.6,3,10,13,6,3,0,2,0,-11,Jayson Tatum,50,44,37,19,13608,2024-03-28 23:30:00,Atlanta Hawks,Boston Celtics
702,432,Kristaps,Porzingis,Boston Celtics,13608,20,C,41,8,20,40.0,2,3,66.7,2,7,28.6,2,5,7,2,3,1,3,3,-4,Kristaps Porzingis,29,27,22,9,13608,2024-03-28 23:30:00,Atlanta Hawks,Boston Celtics
703,242,Jrue,Holiday,Boston Celtics,13608,13,PG,37,5,11,45.5,0,0,0,3,6,50.0,1,6,7,5,1,1,0,1,-1,Jrue Holiday,25,20,18,12,13608,2024-03-28 23:30:00,Atlanta Hawks,Boston Celtics
704,897,Derrick,White,Boston Celtics,13608,22,PG,41,8,11,72.7,1,1,100.0,5,6,83.3,2,5,7,5,3,1,3,0,+3,Derrick White,34,29,27,12,13608,2024-03-28 23:30:00,Atlanta Hawks,Boston Celtics
705,75,Jaylen,Brown,Boston Celtics,13608,18,SG,39,9,17,52.9,0,0,0,0,3,0,0,1,1,4,3,2,3,2,+8,Jaylen Brown,23,19,22,5,13608,2024-03-28 23:30:00,Atlanta Hawks,Boston Celtics
706,2656,Xavier,Tillman,Boston Celtics,13608,2,F,9,1,3,33.3,0,0,0,0,2,0,0,2,2,1,0,0,0,0,+5,Xavier Tillman,5,4,3,3,13608,2024-03-28 23:30:00,Atlanta Hawks,Boston Celtics
707,2812,Sam,Hauser,Boston Celtics,13608,8,SF,23,3,6,50.0,0,0,0,2,4,50.0,0,2,2,3,1,0,0,0,+3,Sam Hauser,13,10,11,5,13608,2024-03-28 23:30:00,Atlanta Hawks,Boston Celtics
708,819,Luke,Kornet,Boston Celtics,13608,4,C,13,1,1,100.0,2,2,100.0,0,0,0,1,2,3,0,0,1,0,0,+3,Luke Kornet,7,7,4,3,13608,2024-03-28 23:30:00,Atlanta Hawks,Boston Celtics
709,2635,Payton,Pritchard,Boston Celtics,13608,4,PG,19,1,3,33.3,2,2,100.0,0,1,0,0,1,1,2,1,1,1,0,-11,Payton Pritchard,7,5,6,3,13608,2024-03-28 23:30:00,Atlanta Hawks,Boston Celtics
