,player_id,firstname,lastname,team,game_id,points,position,minutes,fgm,fga,fgp,ftm,fta,ftp,tpm,tpa,tpp,offReb,defReb,totReb,assists,pFouls,steals,turnovers,blocks,plusMinus,First Last Name,Points_Rebounds_Assist,Points_Rebounds,Points_Assist,Rebounds_Assist,id,date,home_team,away_team
0,136,DeMar,DeRozan,Chicago Bulls,13534,28,SF,40,10,17,58.8,7,7,100.0,1,2,50.0,2,3,5,6,0,0,2,1,+12,DeMar DeRozan,39,33,34,11,13534,2024-03-19 00:00:00,Chicago Bulls,Portland Trail Blazers
1,765,Torrey,Craig,Chicago Bulls,13534,6,SF,24,2,7,28.6,0,0,0,2,5,40.0,1,1,2,2,2,1,0,1,+3,Torrey Craig,10,8,8,4,13534,2024-03-19 00:00:00,Chicago Bulls,Portland Trail Blazers
2,534,Nikola,Vucevic,Chicago Bulls,13534,22,C,35,10,17,58.8,0,2,0,2,4,50.0,1,8,9,0,3,2,3,1,-2,Nikola Vucevic,31,31,22,9,13534,2024-03-19 00:00:00,Chicago Bulls,Portland Trail Blazers
3,631,Alex,Caruso,Chicago Bulls,13534,5,SG,31,1,5,20.0,2,4,50.0,1,5,20.0,0,4,4,4,5,3,1,1,0,Alex Caruso,13,9,9,8,13534,2024-03-19 00:00:00,Chicago Bulls,Portland Trail Blazers
4,2802,Ayo,Dosunmu,Chicago Bulls,13534,23,SG,39,9,17,52.9,3,3,100.0,2,6,33.3,1,0,1,10,2,1,2,0,+12,Ayo Dosunmu,34,24,33,11,13534,2024-03-19 00:00:00,Chicago Bulls,Portland Trail Blazers
5,3494,Dalen,Terry,Chicago Bulls,13534,5,F,15,2,7,28.6,0,0,0,1,4,25.0,0,3,3,2,4,2,0,1,-3,Dalen Terry,10,8,7,5,13534,2024-03-19 00:00:00,Chicago Bulls,Portland Trail Blazers
6,3951,Onuralp,Bitim,Chicago Bulls,13534,9,SF,26,4,9,44.4,0,0,0,1,3,33.3,1,3,4,1,2,0,1,0,-7,Onuralp Bitim,14,13,10,5,13534,2024-03-19 00:00:00,Chicago Bulls,Portland Trail Blazers
7,147,Andre,Drummond,Chicago Bulls,13534,9,C,14,2,10,20.0,5,5,100.0,0,0,0,7,4,11,0,2,0,0,0,+6,Andre Drummond,20,20,9,11,13534,2024-03-19 00:00:00,Chicago Bulls,Portland Trail Blazers
8,949,Jevon,Carter,Chicago Bulls,13534,3,PG,17,1,4,25.0,0,0,0,1,4,25.0,0,1,1,1,1,0,0,0,-6,Jevon Carter,5,4,4,2,13534,2024-03-19 00:00:00,Chicago Bulls,Portland Trail Blazers
9,4015,Toumani,Camara,Portland Trail Blazers,13534,0,F,15,0,0,0,0,0,0,0,0,0,0,1,1,1,3,0,1,0,-10,Toumani Camara,2,1,1,2,13534,2024-03-19 00:00:00,Chicago Bulls,Portland Trail Blazers
10,4017,Kris,Murray,Portland Trail Blazers,13534,10,F,27,5,9,55.6,0,2,0,0,2,0,1,0,1,1,3,2,0,1,-3,Kris Murray,12,11,11,2,13534,2024-03-19 00:00:00,Chicago Bulls,Portland Trail Blazers
11,930,Deandre,Ayton,Portland Trail Blazers,13534,25,C,37,11,17,64.7,3,4,75.0,0,0,0,4,11,15,1,3,0,1,2,-8,Deandre Ayton,41,40,26,16,13534,2024-03-19 00:00:00,Chicago Bulls,Portland Trail Blazers
12,1023,Anfernee,Simons,Portland Trail Blazers,13534,30,SG,39,10,24,41.7,6,7,85.7,4,14,28.6,0,3,3,9,2,0,1,0,+3,Anfernee Simons,42,33,39,12,13534,2024-03-19 00:00:00,Chicago Bulls,Portland Trail Blazers
13,3408,Scoot,Henderson,Portland Trail Blazers,13534,14,G,30,4,17,23.5,5,6,83.3,1,3,33.3,3,3,6,5,3,1,6,0,+4,Scoot Henderson,25,20,19,11,13534,2024-03-19 00:00:00,Chicago Bulls,Portland Trail Blazers
14,3496,Jabari,Walker,Portland Trail Blazers,13534,3,F,33,1,5,20.0,1,2,50.0,0,2,0,3,7,10,4,3,1,0,0,+5,Jabari Walker,17,13,7,14,13534,2024-03-19 00:00:00,Chicago Bulls,Portland Trail Blazers
15,4018,Duop,Reath,Portland Trail Blazers,13534,14,C,17,5,6,83.3,2,2,100.0,2,3,66.7,1,0,1,0,3,0,0,0,+8,Duop Reath,15,15,14,1,13534,2024-03-19 00:00:00,Chicago Bulls,Portland Trail Blazers
16,1896,Matisse,Thybulle,Portland Trail Blazers,13534,0,SG,5,0,1,0,0,0,0,0,1,0,0,0,0,0,0,0,0,0,-1,Matisse Thybulle,0,0,0,0,13534,2024-03-19 00:00:00,Chicago Bulls,Portland Trail Blazers
17,2788,Dalano,Banton,Portland Trail Blazers,13534,11,G,33,4,7,57.1,2,2,100.0,1,2,50.0,1,4,5,0,4,3,4,2,-5,Dalano Banton,16,16,11,5,13534,2024-03-19 00:00:00,Chicago Bulls,Portland Trail Blazers
18,4069,R.,Rupert,Portland Trail Blazers,13534,0,G,4,0,2,0,0,0,0,0,1,0,0,1,1,0,0,0,0,0,-8,R. Rupert,1,1,0,1,13534,2024-03-19 00:00:00,Chicago Bulls,Portland Trail Blazers
19,761,John,Collins,Utah Jazz,13535,11,PF,20,5,9,55.6,1,2,50.0,0,0,0,2,4,6,0,4,0,0,0,+4,John Collins,17,17,11,6,13535,2024-03-19 01:00:00,Utah Jazz,Minnesota Timberwolves
20,830,Lauri,Markkanen,Utah Jazz,13535,22,PF,31,8,16,50.0,5,5,100.0,1,5,20.0,3,9,12,1,1,2,6,1,-7,Lauri Markkanen,35,34,23,13,13535,2024-03-19 01:00:00,Utah Jazz,Minnesota Timberwolves
21,4031,Taylor,Hendricks,Utah Jazz,13535,8,F,28,3,6,50.0,0,0,0,2,4,50.0,0,6,6,1,1,1,0,1,+1,Taylor Hendricks,15,14,9,7,13535,2024-03-19 01:00:00,Utah Jazz,Minnesota Timberwolves
22,152,Kris,Dunn,Utah Jazz,13535,8,G,27,3,9,33.3,0,0,0,2,6,33.3,3,0,3,5,3,0,0,0,+2,Kris Dunn,16,11,13,8,13535,2024-03-19 01:00:00,Utah Jazz,Minnesota Timberwolves
23,4029,Keyonte,George,Utah Jazz,13535,15,G,30,6,12,50.0,1,1,100.0,2,3,66.7,0,3,3,8,0,1,6,0,-5,Keyonte George,26,18,23,11,13535,2024-03-19 01:00:00,Utah Jazz,Minnesota Timberwolves
24,4034,Brice,Sensabaugh,Utah Jazz,13535,3,F,15,1,5,20.0,0,0,0,1,3,33.3,0,1,1,3,1,0,0,0,-9,Brice Sensabaugh,7,4,6,4,13535,2024-03-19 01:00:00,Utah Jazz,Minnesota Timberwolves
25,3457,Walker,Kessler,Utah Jazz,13535,6,C,28,2,3,66.7,2,2,100.0,0,0,0,5,9,14,2,2,0,1,1,-14,Walker Kessler,22,20,8,16,13535,2024-03-19 01:00:00,Utah Jazz,Minnesota Timberwolves
26,1021,Collin,Sexton,Utah Jazz,13535,24,PG,37,9,17,52.9,1,1,100.0,5,8,62.5,1,0,1,2,0,0,4,0,-10,Collin Sexton,27,25,26,3,13535,2024-03-19 01:00:00,Utah Jazz,Minnesota Timberwolves
27,2611,Kira,Lewis Jr.,Utah Jazz,13535,0,PG,7,0,0,0,0,0,0,0,0,0,0,0,0,0,0,0,0,0,-10,Kira Lewis Jr.,0,0,0,0,13535,2024-03-19 01:00:00,Utah Jazz,Minnesota Timberwolves
28,1867,Talen,Horton-Tucker,Utah Jazz,13535,7,SG,19,2,7,28.6,2,3,66.7,1,3,33.3,0,1,1,3,1,2,0,0,-2,Talen Horton-Tucker,11,8,10,4,13535,2024-03-19 01:00:00,Utah Jazz,Minnesota Timberwolves
29,4032,Taevion,Kinsey,Utah Jazz,13535,0,G,0,0,0,0,0,0,0,0,0,0,0,0,0,0,0,0,0,0,0,Taevion Kinsey,0,0,0,0,13535,2024-03-19 01:00:00,Utah Jazz,Minnesota Timberwolves
30,2621,Jaden,McDaniels,Minnesota Timberwolves,13535,9,PF,33,4,13,30.8,0,0,0,1,5,20.0,3,5,8,1,4,1,0,2,+2,Jaden McDaniels,18,17,10,9,13535,2024-03-19 01:00:00,Utah Jazz,Minnesota Timberwolves
31,18,Kyle,Anderson,Minnesota Timberwolves,13535,10,SF,33,4,8,50.0,1,2,50.0,1,2,50.0,3,3,6,5,3,0,1,1,+20,Kyle Anderson,21,16,15,11,13535,2024-03-19 01:00:00,Utah Jazz,Minnesota Timberwolves
32,2146,Naz,Reid,Minnesota Timberwolves,13535,17,C,17,7,12,58.3,1,2,50.0,2,4,50.0,2,2,4,0,1,0,1,1,+3,Naz Reid,21,21,17,4,13535,2024-03-19 01:00:00,Utah Jazz,Minnesota Timberwolves
33,114,Mike,Conley,Minnesota Timberwolves,13535,4,PG,27,2,8,25.0,0,0,0,0,5,0,0,1,1,2,2,2,1,1,+15,Mike Conley,7,5,6,3,13535,2024-03-19 01:00:00,Utah Jazz,Minnesota Timberwolves
34,2584,Anthony,Edwards,Minnesota Timberwolves,13535,32,SG,38,13,23,56.5,4,4,100.0,2,8,25.0,1,6,7,8,2,1,3,2,-1,Anthony Edwards,47,39,40,15,13535,2024-03-19 01:00:00,Utah Jazz,Minnesota Timberwolves
35,806,Justin,Jackson,Minnesota Timberwolves,13535,0,F,0,0,0,0,0,0,0,0,0,0,0,0,0,0,0,0,0,0,0,Justin Jackson,0,0,0,0,13535,2024-03-19 01:00:00,Utah Jazz,Minnesota Timberwolves
36,540,T.J.,Warren,Minnesota Timberwolves,13535,2,SF,9,1,3,33.3,0,0,0,0,1,0,1,1,2,2,0,1,1,0,-2,T.J. Warren,6,4,4,4,13535,2024-03-19 01:00:00,Utah Jazz,Minnesota Timberwolves
37,2807,Luka,Garza,Minnesota Timberwolves,13535,8,C,11,3,5,60.0,0,0,0,2,4,50.0,1,0,1,0,1,0,2,0,-13,Luka Garza,9,9,8,1,13535,2024-03-19 01:00:00,Utah Jazz,Minnesota Timberwolves
38,845,Monte,Morris,Minnesota Timberwolves,13535,8,PG,16,3,5,60.0,0,0,0,2,3,66.7,0,1,1,4,0,0,0,0,-5,Monte Morris,13,9,12,5,13535,2024-03-19 01:00:00,Utah Jazz,Minnesota Timberwolves
39,997,Jordan,McLaughlin,Minnesota Timberwolves,13535,11,PG,22,3,3,100.0,2,2,100.0,3,3,100.0,0,1,1,0,0,1,0,0,+5,Jordan McLaughlin,12,12,11,1,13535,2024-03-19 01:00:00,Utah Jazz,Minnesota Timberwolves
40,1845,Nickeil,Alexander-Walker,Minnesota Timberwolves,13535,13,SG,34,4,11,36.4,2,2,100.0,3,6,50.0,1,3,4,5,2,3,0,2,+26,Nickeil Alexander-Walker,22,17,18,9,13535,2024-03-19 01:00:00,Utah Jazz,Minnesota Timberwolves
41,204,Draymond,Green,Golden State Warriors,13536,2,PF,31,1,7,14.3,0,0,0,0,2,0,3,5,8,5,2,1,4,0,-7,Draymond Green,15,10,7,13,13536,2024-03-19 02:00:00,Golden State Warriors,New York Knicks
42,2827,Jonathan,Kuminga,Golden State Warriors,13536,16,PF,26,7,13,53.8,2,2,100.0,0,2,0,0,1,1,1,2,1,2,0,-11,Jonathan Kuminga,18,17,17,2,13536,2024-03-19 02:00:00,Golden State Warriors,New York Knicks
43,548,Andrew,Wiggins,Golden State Warriors,13536,7,SF,24,2,9,22.2,2,4,50.0,1,3,33.3,4,4,8,0,1,1,1,0,-10,Andrew Wiggins,15,15,7,8,13536,2024-03-19 02:00:00,Golden State Warriors,New York Knicks
44,124,Stephen,Curry,Golden State Warriors,13536,27,PG,33,8,20,40.0,7,7,100.0,4,13,30.8,0,5,5,5,1,0,2,0,-9,Stephen Curry,37,32,32,10,13536,2024-03-19 02:00:00,Golden State Warriors,New York Knicks
45,3975,Brandin,Podziemski,Golden State Warriors,13536,0,G,25,0,2,0,0,0,0,0,1,0,1,1,2,2,3,0,1,1,-15,Brandin Podziemski,4,2,2,4,13536,2024-03-19 02:00:00,Golden State Warriors,New York Knicks
46,3973,Trayce,JacksonDavis,Golden State Warriors,13536,19,F,26,9,9,100.0,1,2,50.0,0,0,0,3,6,9,2,2,0,0,3,+6,Trayce JacksonDavis,30,28,21,11,13536,2024-03-19 02:00:00,Golden State Warriors,New York Knicks
47,415,Chris,Paul,Golden State Warriors,13536,14,PG,20,6,9,66.7,0,0,0,2,2,100.0,0,4,4,4,3,1,1,0,-2,Chris Paul,22,18,18,8,13536,2024-03-19 02:00:00,Golden State Warriors,New York Knicks
48,514,Klay,Thompson,Golden State Warriors,13536,18,SG,31,6,15,40.0,1,1,100.0,5,10,50.0,1,1,2,8,0,2,0,1,+11,Klay Thompson,28,20,26,10,13536,2024-03-19 02:00:00,Golden State Warriors,New York Knicks
49,593,Gary,Payton II,Golden State Warriors,13536,6,SG,17,2,2,100.0,1,2,50.0,1,1,100.0,0,0,0,1,2,0,2,0,+5,Gary Payton II,7,6,7,1,13536,2024-03-19 02:00:00,Golden State Warriors,New York Knicks
50,2836,Moses,Moody,Golden State Warriors,13536,3,SG,8,1,2,50.0,0,0,0,1,2,50.0,0,0,0,1,0,1,0,0,-3,Moses Moody,4,3,4,1,13536,2024-03-19 02:00:00,Golden State Warriors,New York Knicks
51,978,Isaiah,Hartenstein,New York Knicks,13536,13,C,25,6,7,85.7,1,2,50.0,0,0,0,5,5,10,4,2,2,0,1,+26,Isaiah Hartenstein,27,23,17,14,13536,2024-03-19 02:00:00,Golden State Warriors,New York Knicks
52,946,Jalen,Brunson,New York Knicks,13536,34,PG,35,12,25,48.0,7,8,87.5,3,9,33.3,0,5,5,7,2,1,3,0,+13,Jalen Brunson,46,39,41,12,13536,2024-03-19 02:00:00,Golden State Warriors,New York Knicks
53,2832,Miles,McBride,New York Knicks,13536,29,PG,47,9,13,69.2,5,6,83.3,6,9,66.7,1,0,1,2,4,1,1,0,+3,Miles McBride,32,30,31,3,13536,2024-03-19 02:00:00,Golden State Warriors,New York Knicks
54,791,Josh,Hart,New York Knicks,13536,10,SG,48,5,18,27.8,0,0,0,0,6,0,2,9,11,11,3,1,2,0,+7,Josh Hart,32,21,21,22,13536,2024-03-19 02:00:00,Golden State Warriors,New York Knicks
55,962,Donte,DiVincenzo,New York Knicks,13536,18,SG,31,7,13,53.8,0,0,0,4,8,50.0,1,3,4,1,4,1,0,0,+5,Donte DiVincenzo,23,22,19,5,13536,2024-03-19 02:00:00,Golden State Warriors,New York Knicks
56,2561,Precious,Achiuwa,New York Knicks,13536,6,PF,18,2,4,50.0,2,2,100.0,0,0,0,5,4,9,1,0,0,1,0,-14,Precious Achiuwa,16,15,7,10,13536,2024-03-19 02:00:00,Golden State Warriors,New York Knicks
57,60,Bojan,Bogdanovic,New York Knicks,13536,4,SF,17,2,6,33.3,0,0,0,0,2,0,0,2,2,2,0,0,2,0,+2,Bojan Bogdanovic,8,6,6,4,13536,2024-03-19 02:00:00,Golden State Warriors,New York Knicks
58,2849,Jericho,Sims,New York Knicks,13536,0,C,5,0,0,0,0,0,0,0,0,0,0,1,1,0,2,0,1,0,-5,Jericho Sims,1,1,0,1,13536,2024-03-19 02:00:00,Golden State Warriors,New York Knicks
59,84,Alec,Burks,New York Knicks,13536,5,SG,14,1,5,20.0,2,2,100.0,1,3,33.3,0,1,1,1,0,0,0,0,-2,Alec Burks,7,6,6,2,13536,2024-03-19 02:00:00,Golden State Warriors,New York Knicks
60,463,Domantas,Sabonis,Sacramento Kings,13537,25,PF,40,6,17,35.3,13,15,86.7,0,2,0,7,11,18,5,4,0,2,2,+2,Domantas Sabonis,48,43,30,23,13537,2024-03-19 02:00:00,Sacramento Kings,Memphis Grizzlies
61,36,Harrison,Barnes,Sacramento Kings,13537,11,SF,24,5,11,45.5,0,0,0,1,4,25.0,0,5,5,0,1,0,2,0,-14,Harrison Barnes,16,16,11,5,13537,2024-03-19 02:00:00,Sacramento Kings,Memphis Grizzlies
62,3475,Keegan,Murray,Sacramento Kings,13537,15,SF,42,6,17,35.3,1,4,25.0,2,8,25.0,3,7,10,3,2,2,1,0,+12,Keegan Murray,28,25,18,13,13537,2024-03-19 02:00:00,Sacramento Kings,Memphis Grizzlies
63,776,De'Aaron,Fox,Sacramento Kings,13537,23,PG,43,8,16,50.0,3,4,75.0,4,7,57.1,1,6,7,10,4,3,6,1,0,De'Aaron Fox,40,30,33,17,13537,2024-03-19 02:00:00,Sacramento Kings,Memphis Grizzlies
64,980,Kevin,Huerter,Sacramento Kings,13537,0,SG,2,0,0,0,0,0,0,0,0,0,0,1,1,1,0,1,1,0,+2,Kevin Huerter,2,1,1,2,13537,2024-03-19 02:00:00,Sacramento Kings,Memphis Grizzlies
65,313,Alex,Len,Sacramento Kings,13537,6,C,13,2,2,100.0,2,2,100.0,0,0,0,0,3,3,1,4,0,0,2,+5,Alex Len,10,9,7,4,13537,2024-03-19 02:00:00,Sacramento Kings,Memphis Grizzlies
66,2834,Davion,Mitchell,Sacramento Kings,13537,0,PG,10,0,2,0,0,0,0,0,2,0,0,0,0,0,1,0,0,0,+11,Davion Mitchell,0,0,0,0,13537,2024-03-19 02:00:00,Sacramento Kings,Memphis Grizzlies
67,842,Malik,Monk,Sacramento Kings,13537,28,SG,39,10,19,52.6,7,7,100.0,1,6,16.7,1,5,6,6,3,0,3,0,+19,Malik Monk,40,34,34,12,13537,2024-03-19 02:00:00,Sacramento Kings,Memphis Grizzlies
68,2803,Chris,Duarte,Sacramento Kings,13537,8,SG,18,3,6,50.0,0,0,0,2,4,50.0,1,1,2,1,2,0,0,0,0,Chris Duarte,11,10,9,3,13537,2024-03-19 02:00:00,Sacramento Kings,Memphis Grizzlies
69,3436,Keon,Ellis,Sacramento Kings,13537,5,G,34,2,4,50.0,0,0,0,1,2,50.0,2,5,7,3,4,1,2,5,+13,Keon Ellis,15,12,8,10,13537,2024-03-19 02:00:00,Sacramento Kings,Memphis Grizzlies
70,982,Jaren,Jackson Jr.,Memphis Grizzlies,13537,25,PF,39,8,27,29.6,8,9,88.9,1,6,16.7,1,1,2,4,6,1,4,4,-2,Jaren Jackson Jr.,31,27,29,6,13537,2024-03-19 02:00:00,Sacramento Kings,Memphis Grizzlies
71,2786,Santi,Aldama,Memphis Grizzlies,13537,14,PF,39,5,11,45.5,2,3,66.7,2,6,33.3,1,8,9,2,2,2,2,1,-3,Santi Aldama,25,23,16,11,13537,2024-03-19 02:00:00,Sacramento Kings,Memphis Grizzlies
72,3994,GG,Jackson,Memphis Grizzlies,13537,22,F,44,8,13,61.5,2,2,100.0,4,8,50.0,1,6,7,0,2,3,2,0,-5,GG Jackson,29,29,22,7,13537,2024-03-19 02:00:00,Sacramento Kings,Memphis Grizzlies
73,2177,John,Konchar,Memphis Grizzlies,13537,6,SG,35,2,6,33.3,2,2,100.0,0,2,0,4,6,10,3,5,4,1,2,+8,John Konchar,19,16,9,13,13537,2024-03-19 02:00:00,Sacramento Kings,Memphis Grizzlies
74,2568,Desmond,Bane,Memphis Grizzlies,13537,24,SG,37,7,19,36.8,8,8,100.0,2,7,28.6,0,5,5,4,2,3,1,0,-17,Desmond Bane,33,29,28,9,13537,2024-03-19 02:00:00,Sacramento Kings,Memphis Grizzlies
75,970,Wenyen,Gabriel,Memphis Grizzlies,13537,0,F,0,0,0,0,0,0,0,0,0,0,0,0,0,0,0,0,0,0,0,Wenyen Gabriel,0,0,0,0,13537,2024-03-19 02:00:00,Sacramento Kings,Memphis Grizzlies
76,2884,DeJon,Jarreau,Memphis Grizzlies,13537,8,F,17,3,8,37.5,0,2,0,2,3,66.7,1,2,3,2,1,0,1,0,-5,DeJon Jarreau,13,11,10,5,13537,2024-03-19 02:00:00,Sacramento Kings,Memphis Grizzlies
77,3993,Matthew,Hurt,Memphis Grizzlies,13537,0,F,0,0,0,0,0,0,0,0,0,0,0,0,0,0,0,0,0,0,0,Matthew Hurt,0,0,0,0,13537,2024-03-19 02:00:00,Sacramento Kings,Memphis Grizzlies
78,3460,Jake,LaRavia,Memphis Grizzlies,13537,12,F,41,4,13,30.8,2,4,50.0,2,6,33.3,3,5,8,5,3,0,1,0,-18,Jake LaRavia,25,20,17,13,13537,2024-03-19 02:00:00,Sacramento Kings,Memphis Grizzlies
79,4003,Trey,Jemison,Memphis Grizzlies,13537,0,C,13,0,1,0,0,0,0,0,0,0,4,1,5,2,2,0,0,0,-8,Trey Jemison,7,5,2,7,13537,2024-03-19 02:00:00,Sacramento Kings,Memphis Grizzlies
80,126,Anthony,Davis,Los Angeles Lakers,13538,22,PF,31,10,14,71.4,1,2,50.0,1,2,50.0,1,14,15,6,2,2,2,1,+28,Anthony Davis,43,37,28,21,13538,2024-03-19 02:30:00,Los Angeles Lakers,Atlanta Hawks
81,1862,Rui,Hachimura,Los Angeles Lakers,13538,17,PF,26,7,10,70.0,2,2,100.0,1,2,50.0,0,3,3,1,3,0,0,0,+21,Rui Hachimura,21,20,18,4,13538,2024-03-19 02:30:00,Los Angeles Lakers,Atlanta Hawks
82,265,LeBron,James,Los Angeles Lakers,13538,25,SF,29,10,14,71.4,3,3,100.0,2,5,40.0,0,7,7,10,0,0,2,0,+20,LeBron James,42,32,35,17,13538,2024-03-19 02:30:00,Los Angeles Lakers,Atlanta Hawks
83,462,D'Angelo,Russell,Los Angeles Lakers,13538,27,PG,30,8,14,57.1,5,5,100.0,6,10,60.0,0,4,4,10,1,1,1,0,+27,D'Angelo Russell,41,31,37,14,13538,2024-03-19 02:30:00,Los Angeles Lakers,Atlanta Hawks
84,2845,Austin,Reaves,Los Angeles Lakers,13538,12,SG,28,4,9,44.4,4,4,100.0,0,3,0,1,5,6,4,3,1,0,1,+21,Austin Reaves,22,18,16,10,13538,2024-03-19 02:30:00,Los Angeles Lakers,Atlanta Hawks
85,437,Taurean,Prince,Los Angeles Lakers,13538,8,PF,20,3,8,37.5,0,0,0,2,7,28.6,0,5,5,1,2,0,1,1,+15,Taurean Prince,14,13,9,6,13538,2024-03-19 02:30:00,Los Angeles Lakers,Atlanta Hawks
86,4041,Harry III,Giles,Los Angeles Lakers,13538,2,F,5,1,1,100.0,0,0,0,0,0,0,0,1,1,0,0,0,0,0,-3,Harry III Giles,3,3,2,1,13538,2024-03-19 02:30:00,Los Angeles Lakers,Atlanta Hawks
87,3991,Maxwell,Lewis,Los Angeles Lakers,13538,0,F,5,0,1,0,0,0,0,0,1,0,0,0,0,2,0,0,0,0,-3,Maxwell Lewis,2,0,2,2,13538,2024-03-19 02:30:00,Los Angeles Lakers,Atlanta Hawks
88,1864,Jaxson,Hayes,Los Angeles Lakers,13538,7,C,17,3,4,75.0,1,2,50.0,0,0,0,1,2,3,0,2,0,0,1,+3,Jaxson Hayes,10,10,7,3,13538,2024-03-19 02:30:00,Los Angeles Lakers,Atlanta Hawks
89,142,Spencer,Dinwiddie,Los Angeles Lakers,13538,3,PG,21,1,4,25.0,0,0,0,1,2,50.0,0,1,1,3,0,0,1,0,+23,Spencer Dinwiddie,7,4,6,4,13538,2024-03-19 02:30:00,Los Angeles Lakers,Atlanta Hawks
90,2620,Skylar,Mays,Los Angeles Lakers,13538,2,SG,5,1,2,50.0,0,0,0,0,0,0,0,0,0,1,1,2,1,0,-3,Skylar Mays,3,2,3,1,13538,2024-03-19 02:30:00,Los Angeles Lakers,Atlanta Hawks
91,3427,Max,Christie,Los Angeles Lakers,13538,11,G,22,4,9,44.4,1,2,50.0,2,4,50.0,1,2,3,1,1,0,0,0,+6,Max Christie,15,14,12,4,13538,2024-03-19 02:30:00,Los Angeles Lakers,Atlanta Hawks
92,2819,Jalen,Johnson,Atlanta Hawks,13538,25,SF,32,9,20,45.0,5,6,83.3,2,11,18.2,2,7,9,4,1,0,1,1,-22,Jalen Johnson,38,34,29,13,13538,2024-03-19 02:30:00,Los Angeles Lakers,Atlanta Hawks
93,92,Clint,Capela,Atlanta Hawks,13538,10,C,20,5,10,50.0,0,0,0,0,0,0,4,5,9,0,1,1,1,1,-8,Clint Capela,19,19,10,9,13538,2024-03-19 02:30:00,Los Angeles Lakers,Atlanta Hawks
94,743,Bogdan,Bogdanovic,Atlanta Hawks,13538,17,SG,26,5,11,45.5,4,4,100.0,3,5,60.0,1,2,3,0,3,0,2,0,-12,Bogdan Bogdanovic,20,20,17,3,13538,2024-03-19 02:30:00,Los Angeles Lakers,Atlanta Hawks
95,382,Dejounte,Murray,Atlanta Hawks,13538,13,SG,31,6,18,33.3,0,0,0,1,9,11.1,1,4,5,10,1,3,2,0,-25,Dejounte Murray,28,18,23,15,13538,2024-03-19 02:30:00,Los Angeles Lakers,Atlanta Hawks
96,2608,Vit,Krejci,Atlanta Hawks,13538,11,G,25,5,8,62.5,0,0,0,1,3,33.3,0,1,1,1,3,0,1,1,-9,Vit Krejci,13,12,12,2,13538,2024-03-19 02:30:00,Los Angeles Lakers,Atlanta Hawks
97,1858,Bruno,Fernando,Atlanta Hawks,13538,5,PF,9,1,3,33.3,3,4,75.0,0,0,0,2,4,6,2,1,0,1,1,-4,Bruno Fernando,13,11,7,8,13538,2024-03-19 02:30:00,Los Angeles Lakers,Atlanta Hawks
98,2629,Onyeka,Okongwu,Atlanta Hawks,13538,11,PF,19,5,7,71.4,0,1,0,1,3,33.3,1,3,4,2,0,2,0,0,-19,Onyeka Okongwu,17,15,13,6,13538,2024-03-19 02:30:00,Los Angeles Lakers,Atlanta Hawks
99,1868,De'Andre,Hunter,Atlanta Hawks,13538,8,SF,26,4,14,28.6,0,0,0,0,5,0,0,1,1,3,1,1,0,1,-22,De'Andre Hunter,12,9,11,4,13538,2024-03-19 02:30:00,Los Angeles Lakers,Atlanta Hawks
100,341,Wesley,Matthews,Atlanta Hawks,13538,3,SG,11,1,2,50.0,0,0,0,1,2,50.0,0,0,0,3,1,1,0,0,-5,Wesley Matthews,6,3,6,3,13538,2024-03-19 02:30:00,Los Angeles Lakers,Atlanta Hawks
101,2327,Garrison,Mathews,Atlanta Hawks,13538,0,SG,19,0,3,0,0,0,0,0,3,0,0,0,0,1,2,0,0,0,-15,Garrison Mathews,1,0,1,1,13538,2024-03-19 02:30:00,Los Angeles Lakers,Atlanta Hawks
102,2589,Trent,Forrest,Atlanta Hawks,13538,2,G,22,1,2,50.0,0,0,0,0,0,0,1,3,4,6,0,0,1,0,-14,Trent Forrest,12,6,8,10,13538,2024-03-19 02:30:00,Los Angeles Lakers,Atlanta Hawks
103,189,Paul,George,LA Clippers,13530,26,F,35,9,20,45.0,4,4,100.0,4,12,33.3,0,6,6,1,1,4,1,1,-8,Paul George,33,32,27,7,13530,2024-03-18 01:30:00,LA Clippers,Atlanta Hawks
104,314,Kawhi,Leonard,LA Clippers,13530,28,SF,37,8,17,47.1,9,10,90.0,3,8,37.5,0,2,2,2,0,1,3,1,-15,Kawhi Leonard,32,30,30,4,13530,2024-03-18 01:30:00,LA Clippers,Atlanta Hawks
105,575,Ivica,Zubac,LA Clippers,13530,6,C,23,1,1,100.0,4,4,100.0,0,0,0,4,2,6,1,2,0,1,1,-20,Ivica Zubac,13,12,7,7,13530,2024-03-18 01:30:00,LA Clippers,Atlanta Hawks
106,216,James,Harden,LA Clippers,13530,9,SG,36,3,10,30.0,1,1,100.0,2,5,40.0,0,6,6,9,2,1,3,1,-15,James Harden,24,15,18,15,13530,2024-03-18 01:30:00,LA Clippers,Atlanta Hawks
107,1877,Terance,Mann,LA Clippers,13530,7,SG,32,2,6,33.3,2,2,100.0,1,2,50.0,0,4,4,0,2,2,0,1,-15,Terance Mann,11,11,7,4,13530,2024-03-18 01:30:00,LA Clippers,Atlanta Hawks
108,520,P.J.,Tucker,LA Clippers,13530,3,PF,21,1,3,33.3,0,0,0,1,1,100.0,2,2,4,0,1,1,0,0,+3,P.J. Tucker,7,7,3,4,13530,2024-03-18 01:30:00,LA Clippers,Atlanta Hawks
109,886,Daniel,Theis,LA Clippers,13530,0,C,7,0,2,0,0,0,0,0,0,0,2,1,3,1,1,0,1,0,-5,Daniel Theis,4,3,1,4,13530,2024-03-18 01:30:00,LA Clippers,Atlanta Hawks
110,426,Mason,Plumlee,LA Clippers,13530,5,C,7,1,2,50.0,3,4,75.0,0,0,0,0,2,2,1,0,0,0,0,-3,Mason Plumlee,8,7,6,3,13530,2024-03-18 01:30:00,LA Clippers,Atlanta Hawks
111,2816,Bones,Hyland,LA Clippers,13530,2,PG,11,0,4,0,2,2,100.0,0,4,0,0,1,1,1,0,0,5,0,-7,Bones Hyland,4,3,3,2,13530,2024-03-18 01:30:00,LA Clippers,Atlanta Hawks
112,2115,Amir,Coffey,LA Clippers,13530,2,SG,22,1,6,16.7,0,0,0,0,4,0,1,4,5,0,2,1,1,0,0,Amir Coffey,7,7,2,5,13530,2024-03-18 01:30:00,LA Clippers,Atlanta Hawks
113,2792,Brandon,Boston Jr.,LA Clippers,13530,0,SG,2,0,1,0,0,0,0,0,0,0,0,0,0,0,0,0,0,0,0,Brandon Boston Jr.,0,0,0,0,13530,2024-03-18 01:30:00,LA Clippers,Atlanta Hawks
114,3396,Xavier,Moon,LA Clippers,13530,5,G,2,2,2,100.0,1,2,50.0,0,0,0,1,0,1,1,2,0,0,0,0,Xavier Moon,7,6,6,2,13530,2024-03-18 01:30:00,LA Clippers,Atlanta Hawks
115,3984,Jordan,Miller,LA Clippers,13530,0,G,2,0,0,0,0,0,0,0,0,0,0,0,0,0,0,0,0,0,0,Jordan Miller,0,0,0,0,13530,2024-03-18 01:30:00,LA Clippers,Atlanta Hawks
116,3983,Kobe,Brown,LA Clippers,13530,0,G,2,0,0,0,0,0,0,0,0,0,0,0,0,0,0,0,0,0,0,Kobe Brown,0,0,0,0,13530,2024-03-18 01:30:00,LA Clippers,Atlanta Hawks
117,2819,Jalen,Johnson,Atlanta Hawks,13530,18,SF,36,7,14,50.0,1,1,100.0,3,3,100.0,1,11,12,6,4,3,1,2,+16,Jalen Johnson,36,30,24,18,13530,2024-03-18 01:30:00,LA Clippers,Atlanta Hawks
118,92,Clint,Capela,Atlanta Hawks,13530,15,C,26,7,11,63.6,1,2,50.0,0,0,0,6,7,13,3,0,1,1,2,+18,Clint Capela,31,28,18,16,13530,2024-03-18 01:30:00,LA Clippers,Atlanta Hawks
119,743,Bogdan,Bogdanovic,Atlanta Hawks,13530,11,SG,30,4,14,28.6,0,0,0,3,11,27.3,1,4,5,4,2,0,3,0,+8,Bogdan Bogdanovic,20,16,15,9,13530,2024-03-18 01:30:00,LA Clippers,Atlanta Hawks
120,382,Dejounte,Murray,Atlanta Hawks,13530,21,SG,34,7,14,50.0,2,2,100.0,5,10,50.0,0,2,2,10,3,2,4,0,+10,Dejounte Murray,33,23,31,12,13530,2024-03-18 01:30:00,LA Clippers,Atlanta Hawks
121,2608,Vit,Krejci,Atlanta Hawks,13530,5,G,25,1,2,50.0,3,3,100.0,0,0,0,0,2,2,3,4,0,0,1,+7,Vit Krejci,10,7,8,5,13530,2024-03-18 01:30:00,LA Clippers,Atlanta Hawks
122,1858,Bruno,Fernando,Atlanta Hawks,13530,6,PF,22,2,6,33.3,2,2,100.0,0,0,0,2,5,7,1,4,2,4,0,-1,Bruno Fernando,14,13,7,8,13530,2024-03-18 01:30:00,LA Clippers,Atlanta Hawks
123,1868,De'Andre,Hunter,Atlanta Hawks,13530,20,SF,24,8,13,61.5,2,2,100.0,2,5,40.0,0,2,2,2,4,0,1,1,+5,De'Andre Hunter,24,22,22,4,13530,2024-03-18 01:30:00,LA Clippers,Atlanta Hawks
124,341,Wesley,Matthews,Atlanta Hawks,13530,6,SG,14,2,2,100.0,0,0,0,2,2,100.0,0,1,1,0,0,1,0,0,+1,Wesley Matthews,7,7,6,1,13530,2024-03-18 01:30:00,LA Clippers,Atlanta Hawks
125,2327,Garrison,Mathews,Atlanta Hawks,13530,6,SG,13,2,5,40.0,0,0,0,2,3,66.7,0,0,0,0,0,1,0,1,+12,Garrison Mathews,6,6,6,0,13530,2024-03-18 01:30:00,LA Clippers,Atlanta Hawks
126,2589,Trent,Forrest,Atlanta Hawks,13530,2,G,16,1,3,33.3,0,0,0,0,0,0,0,1,1,3,1,0,0,0,+9,Trent Forrest,6,3,5,4,13530,2024-03-18 01:30:00,LA Clippers,Atlanta Hawks
127,479,Pascal,Siakam,Indiana Pacers,13531,19,PF,32,9,18,50.0,1,4,25.0,0,1,0,4,8,12,1,3,1,2,0,-12,Pascal Siakam,32,31,20,13,13531,2024-03-18 23:00:00,Indiana Pacers,Cleveland Cavaliers
128,2626,Aaron,Nesmith,Indiana Pacers,13531,9,SF,35,4,9,44.4,0,0,0,1,5,20.0,2,2,4,2,5,0,3,0,-4,Aaron Nesmith,15,13,11,6,13531,2024-03-18 23:00:00,Indiana Pacers,Cleveland Cavaliers
129,522,Myles,Turner,Indiana Pacers,13531,12,C,29,5,10,50.0,0,0,0,2,4,50.0,1,2,3,1,3,1,2,1,-5,Myles Turner,16,15,13,4,13531,2024-03-18 23:00:00,Indiana Pacers,Cleveland Cavaliers
130,3476,Andrew,Nembhard,Indiana Pacers,13531,9,PG,32,4,8,50.0,0,0,0,1,4,25.0,0,0,0,4,2,1,0,0,-9,Andrew Nembhard,13,9,13,4,13531,2024-03-18 23:00:00,Indiana Pacers,Cleveland Cavaliers
131,2595,Tyrese,Haliburton,Indiana Pacers,13531,14,PG,32,4,14,28.6,5,5,100.0,1,9,11.1,1,5,6,12,5,1,3,1,-7,Tyrese Haliburton,32,20,26,18,13531,2024-03-18 23:00:00,Indiana Pacers,Cleveland Cavaliers
132,2658,Obi,Toppin,Indiana Pacers,13531,10,PF,20,4,6,66.7,1,1,100.0,1,2,50.0,1,7,8,2,1,1,0,0,+8,Obi Toppin,20,18,12,10,13531,2024-03-18 23:00:00,Indiana Pacers,Cleveland Cavaliers
133,2644,Jalen,Smith,Indiana Pacers,13531,11,PF,19,3,9,33.3,3,6,50.0,2,7,28.6,4,4,8,1,2,0,0,1,+1,Jalen Smith,20,19,12,9,13531,2024-03-18 23:00:00,Indiana Pacers,Cleveland Cavaliers
134,348,T.J.,McConnell,Indiana Pacers,13531,14,PG,21,7,11,63.6,0,0,0,0,1,0,1,2,3,4,1,2,1,0,-2,T.J. McConnell,21,17,18,7,13531,2024-03-18 23:00:00,Indiana Pacers,Cleveland Cavaliers
135,3979,Ben,Sheppard,Indiana Pacers,13531,5,G,20,2,6,33.3,0,0,0,1,5,20.0,0,1,1,1,2,1,0,0,+5,Ben Sheppard,7,6,6,2,13531,2024-03-18 23:00:00,Indiana Pacers,Cleveland Cavaliers
136,391,Georges,Niang,Cleveland Cavaliers,13531,13,SF,33,5,8,62.5,0,0,0,3,4,75.0,0,2,2,1,2,0,4,1,+5,Georges Niang,16,15,14,3,13531,2024-03-18 23:00:00,Indiana Pacers,Cleveland Cavaliers
137,2630,Isaac,Okoro,Cleveland Cavaliers,13531,9,SF,33,4,7,57.1,0,0,0,1,2,50.0,1,2,3,2,4,1,2,0,-4,Isaac Okoro,14,12,11,5,13531,2024-03-18 23:00:00,Indiana Pacers,Cleveland Cavaliers
138,727,Jarrett,Allen,Cleveland Cavaliers,13531,23,C,34,8,12,66.7,7,8,87.5,0,0,0,0,9,9,1,0,1,1,1,-3,Jarrett Allen,33,32,24,10,13531,2024-03-18 23:00:00,Indiana Pacers,Cleveland Cavaliers
139,1860,Darius,Garland,Cleveland Cavaliers,13531,13,PG,36,5,18,27.8,2,4,50.0,1,9,11.1,4,2,6,7,4,2,5,0,+10,Darius Garland,26,19,20,13,13531,2024-03-18 23:00:00,Indiana Pacers,Cleveland Cavaliers
140,317,Caris,LeVert,Cleveland Cavaliers,13531,23,SG,38,7,15,46.7,8,11,72.7,1,5,20.0,1,7,8,11,2,1,1,1,+12,Caris LeVert,42,31,34,19,13531,2024-03-18 23:00:00,Indiana Pacers,Cleveland Cavaliers
141,373,Marcus,Morris Sr.,Cleveland Cavaliers,13531,14,SF,20,5,7,71.4,0,0,0,4,5,80.0,0,4,4,0,3,0,0,0,+9,Marcus Morris Sr.,18,18,14,4,13531,2024-03-18 23:00:00,Indiana Pacers,Cleveland Cavaliers
142,515,Tristan,Thompson,Cleveland Cavaliers,13531,2,C,14,1,2,50.0,0,2,0,0,0,0,2,2,4,2,1,1,0,0,+7,Tristan Thompson,8,6,4,6,13531,2024-03-18 23:00:00,Indiana Pacers,Cleveland Cavaliers
143,2623,Sam,Merrill,Cleveland Cavaliers,13531,11,SG,25,3,8,37.5,3,3,100.0,2,6,33.3,1,0,1,1,2,1,1,1,-7,Sam Merrill,13,12,12,2,13531,2024-03-18 23:00:00,Indiana Pacers,Cleveland Cavaliers
144,4043,Craig Jr.,Porter,Cleveland Cavaliers,13531,0,G,7,0,3,0,0,0,0,0,1,0,0,2,2,2,0,1,0,0,-4,Craig Jr. Porter,4,2,2,4,13531,2024-03-18 23:00:00,Indiana Pacers,Cleveland Cavaliers
145,819,Luke,Kornet,Boston Celtics,13532,4,C,28,2,4,50.0,0,0,0,0,0,0,6,4,10,0,1,2,0,3,+9,Luke Kornet,14,14,4,10,13532,2024-03-18 23:30:00,Boston Celtics,Detroit Pistons
146,432,Kristaps,Porzingis,Boston Celtics,13532,20,C,21,7,14,50.0,1,1,100.0,5,9,55.6,1,7,8,1,2,1,0,1,+14,Kristaps Porzingis,29,28,21,9,13532,2024-03-18 23:30:00,Boston Celtics,Detroit Pistons
147,897,Derrick,White,Boston Celtics,13532,22,PG,37,8,20,40.0,0,0,0,6,12,50.0,0,10,10,10,0,2,3,1,+17,Derrick White,42,32,32,20,13532,2024-03-18 23:30:00,Boston Celtics,Detroit Pistons
148,2635,Payton,Pritchard,Boston Celtics,13532,23,PG,38,8,14,57.1,2,2,100.0,5,9,55.6,1,1,2,7,1,0,2,0,+19,Payton Pritchard,32,25,30,9,13532,2024-03-18 23:30:00,Boston Celtics,Detroit Pistons
149,75,Jaylen,Brown,Boston Celtics,13532,31,SG,30,11,20,55.0,6,8,75.0,3,6,50.0,0,7,7,3,2,1,3,0,+22,Jaylen Brown,41,38,34,10,13532,2024-03-18 23:30:00,Boston Celtics,Detroit Pistons
150,2656,Xavier,Tillman,Boston Celtics,13532,2,F,17,1,2,50.0,0,0,0,0,1,0,0,4,4,1,0,0,0,1,+19,Xavier Tillman,7,6,3,5,13532,2024-03-18 23:30:00,Boston Celtics,Detroit Pistons
151,2110,Oshae,Brissett,Boston Celtics,13532,3,SF,19,1,7,14.3,0,0,0,1,2,50.0,2,2,4,0,1,0,0,0,-1,Oshae Brissett,7,7,3,4,13532,2024-03-18 23:30:00,Boston Celtics,Detroit Pistons
152,1006,Svi,Mykhailiuk,Boston Celtics,13532,6,SG,24,2,8,25.0,0,0,0,2,8,25.0,0,2,2,2,0,2,1,0,+13,Svi Mykhailiuk,10,8,8,4,13532,2024-03-18 23:30:00,Boston Celtics,Detroit Pistons
153,2851,Jaden,Springer,Boston Celtics,13532,6,G,22,2,5,40.0,2,2,100.0,0,2,0,4,0,4,4,2,0,0,2,+10,Jaden Springer,14,10,10,8,13532,2024-03-18 23:30:00,Boston Celtics,Detroit Pistons
154,3943,Jordan,Walsh,Boston Celtics,13532,2,G,4,1,1,100.0,0,0,0,0,0,0,1,1,2,2,0,0,0,0,+3,Jordan Walsh,6,4,4,4,13532,2024-03-18 23:30:00,Boston Celtics,Detroit Pistons
155,2648,Isaiah,Stewart,Detroit Pistons,13532,5,C,17,2,3,66.7,0,0,0,1,2,50.0,1,4,5,1,0,0,0,0,-13,Isaiah Stewart,11,10,6,6,13532,2024-03-18 23:30:00,Boston Celtics,Detroit Pistons
156,3433,Jalen,Duren,Detroit Pistons,13532,8,C,22,3,7,42.9,2,2,100.0,0,0,0,0,9,9,0,2,0,2,0,-7,Jalen Duren,17,17,8,9,13532,2024-03-18 23:30:00,Boston Celtics,Detroit Pistons
157,3451,Jaden,Ivey,Detroit Pistons,13532,21,PG,29,10,19,52.6,0,0,0,1,4,25.0,1,4,5,5,3,0,3,1,-16,Jaden Ivey,31,26,26,10,13532,2024-03-18 23:30:00,Boston Celtics,Detroit Pistons
158,3790,Stanley,Umude,Detroit Pistons,13532,10,G,34,3,7,42.9,3,3,100.0,1,4,25.0,1,5,6,1,3,0,1,0,-20,Stanley Umude,17,16,11,7,13532,2024-03-18 23:30:00,Boston Celtics,Detroit Pistons
159,3970,Marcus,Sasser,Detroit Pistons,13532,8,G,34,4,12,33.3,0,0,0,0,2,0,1,3,4,6,0,1,3,0,-5,Marcus Sasser,18,12,14,10,13532,2024-03-18 23:30:00,Boston Celtics,Detroit Pistons
160,190,Taj,Gibson,Detroit Pistons,13532,3,F,11,1,2,50.0,0,0,0,1,2,50.0,0,2,2,0,1,1,0,0,-3,Taj Gibson,5,5,3,2,13532,2024-03-18 23:30:00,Boston Celtics,Detroit Pistons
161,3969,Tosan,Evbuomwan,Detroit Pistons,13532,11,F,18,4,5,80.0,1,2,50.0,2,2,100.0,0,2,2,0,1,1,1,0,-11,Tosan Evbuomwan,13,13,11,2,13532,2024-03-18 23:30:00,Boston Celtics,Detroit Pistons
162,945,Troy,Brown Jr.,Detroit Pistons,13532,2,SF,8,1,2,50.0,0,0,0,0,1,0,0,2,2,0,0,0,0,0,-3,Troy Brown Jr.,4,4,2,2,13532,2024-03-18 23:30:00,Boston Celtics,Detroit Pistons
163,2666,James,Wiseman,Detroit Pistons,13532,12,C,26,4,10,40.0,4,4,100.0,0,0,0,4,1,5,3,3,1,1,2,-18,James Wiseman,20,17,15,8,13532,2024-03-18 23:30:00,Boston Celtics,Detroit Pistons
164,2587,Malachi,Flynn,Detroit Pistons,13532,11,PG,18,3,8,37.5,3,4,75.0,2,5,40.0,0,2,2,1,0,2,0,0,-23,Malachi Flynn,14,13,12,3,13532,2024-03-18 23:30:00,Boston Celtics,Detroit Pistons
165,177,Evan,Fournier,Detroit Pistons,13532,3,SG,22,1,9,11.1,0,0,0,1,7,14.3,0,1,1,4,2,0,1,0,-6,Evan Fournier,8,4,7,5,13532,2024-03-18 23:30:00,Boston Celtics,Detroit Pistons
166,40,Nicolas,Batum,Philadelphia 76ers,13533,2,PF,38,1,4,25.0,0,0,0,0,1,0,1,7,8,1,4,2,1,1,+11,Nicolas Batum,11,10,3,9,13533,2024-03-18 23:30:00,Philadelphia 76ers,Miami Heat
167,932,Mo,Bamba,Philadelphia 76ers,13533,8,C,19,3,5,60.0,0,0,0,2,3,66.7,1,3,4,3,2,2,1,2,-1,Mo Bamba,15,12,11,7,13533,2024-03-18 23:30:00,Philadelphia 76ers,Miami Heat
168,327,Kyle,Lowry,Philadelphia 76ers,13533,16,PG,35,6,12,50.0,1,1,100.0,3,5,60.0,0,4,4,1,2,2,0,1,+6,Kyle Lowry,21,20,17,5,13533,2024-03-18 23:30:00,Philadelphia 76ers,Miami Heat
169,2619,Tyrese,Maxey,Philadelphia 76ers,13533,30,PG,41,11,24,45.8,5,5,100.0,3,10,30.0,0,8,8,10,3,1,3,1,+22,Tyrese Maxey,48,38,40,18,13533,2024-03-18 23:30:00,Philadelphia 76ers,Miami Heat
170,407,Kelly,Oubre Jr.,Philadelphia 76ers,13533,22,SG,39,10,19,52.6,0,0,0,2,6,33.3,2,9,11,3,1,0,2,5,+3,Kelly Oubre Jr.,36,33,25,14,13533,2024-03-18 23:30:00,Philadelphia 76ers,Miami Heat
171,2617,Kenyon,Martin Jr.,Philadelphia 76ers,13533,1,F,7,0,1,0,1,2,50.0,0,0,0,0,0,0,0,2,0,1,0,+2,Kenyon Martin Jr.,1,1,1,0,13533,2024-03-18 23:30:00,Philadelphia 76ers,Miami Heat
172,2638,Paul,Reed,Philadelphia 76ers,13533,4,SF,22,1,5,20.0,2,2,100.0,0,1,0,2,5,7,1,1,0,1,1,0,Paul Reed,12,11,5,8,13533,2024-03-18 23:30:00,Philadelphia 76ers,Miami Heat
173,417,Cameron,Payne,Philadelphia 76ers,13533,3,PG,16,1,5,20.0,0,0,0,1,3,33.3,0,2,2,3,0,0,2,0,-6,Cameron Payne,8,5,6,5,13533,2024-03-18 23:30:00,Philadelphia 76ers,Miami Heat
174,236,Buddy,Hield,Philadelphia 76ers,13533,12,SG,24,4,10,40.0,2,2,100.0,2,7,28.6,1,1,2,1,1,0,1,1,-2,Buddy Hield,15,14,13,3,13533,2024-03-18 23:30:00,Philadelphia 76ers,Miami Heat
175,1018,Duncan,Robinson,Miami Heat,13533,3,F,24,1,5,20.0,1,2,50.0,0,1,0,1,3,4,0,4,0,1,0,-14,Duncan Robinson,7,7,3,4,13533,2024-03-18 23:30:00,Philadelphia 76ers,Miami Heat
176,1815,Haywood,Highsmith,Miami Heat,13533,11,F,26,4,7,57.1,0,2,0,3,6,50.0,0,5,5,2,0,0,1,0,-18,Haywood Highsmith,18,16,13,7,13533,2024-03-18 23:30:00,Philadelphia 76ers,Miami Heat
177,724,Bam,Adebayo,Miami Heat,13533,20,C,32,8,10,80.0,2,2,100.0,2,2,100.0,3,10,13,6,1,0,4,0,-19,Bam Adebayo,39,33,26,19,13533,2024-03-18 23:30:00,Philadelphia 76ers,Miami Heat
178,458,Terry,Rozier,Miami Heat,13533,20,SG,34,8,21,38.1,1,1,100.0,3,7,42.9,2,6,8,1,0,1,3,1,+4,Terry Rozier,29,28,21,9,13533,2024-03-18 23:30:00,Philadelphia 76ers,Miami Heat
179,4046,Jaime Jr.,Jaquez,Miami Heat,13533,9,G,35,3,13,23.1,2,2,100.0,1,5,20.0,0,9,9,4,1,1,1,0,-2,Jaime Jr. Jaquez,22,18,13,13,13533,2024-03-18 23:30:00,Philadelphia 76ers,Miami Heat
180,2242,Caleb,Martin,Miami Heat,13533,13,SF,35,6,14,42.9,0,1,0,1,6,16.7,1,3,4,2,3,4,4,1,0,Caleb Martin,19,17,15,6,13533,2024-03-18 23:30:00,Philadelphia 76ers,Miami Heat
181,753,Thomas,Bryant,Miami Heat,13533,11,C,16,4,9,44.4,2,2,100.0,1,1,100.0,1,1,2,1,1,1,0,1,+12,Thomas Bryant,14,13,12,3,13533,2024-03-18 23:30:00,Philadelphia 76ers,Miami Heat
182,365,Patty,Mills,Miami Heat,13533,3,PG,22,1,6,16.7,0,0,0,1,5,20.0,2,0,2,3,2,0,1,0,+4,Patty Mills,8,5,6,5,13533,2024-03-18 23:30:00,Philadelphia 76ers,Miami Heat
183,564,Delon,Wright,Miami Heat,13533,1,SG,16,0,4,0,1,2,50.0,0,0,0,1,1,2,4,1,1,0,0,-2,Delon Wright,7,3,5,6,13533,2024-03-18 23:30:00,Philadelphia 76ers,Miami Heat
184,136,DeMar,DeRozan,Chicago Bulls,13519,13,SF,35,3,7,42.9,7,11,63.6,0,1,0,0,4,4,6,3,2,1,2,+16,DeMar DeRozan,23,17,19,10,13519,2024-03-17 00:00:00,Chicago Bulls,Washington Wizards
185,765,Torrey,Craig,Chicago Bulls,13519,4,SF,18,2,5,40.0,0,0,0,0,3,0,1,0,1,2,1,0,1,0,+5,Torrey Craig,7,5,6,3,13519,2024-03-17 00:00:00,Chicago Bulls,Washington Wizards
186,534,Nikola,Vucevic,Chicago Bulls,13519,29,C,31,11,19,57.9,6,6,100.0,1,3,33.3,4,9,13,2,2,1,3,0,+11,Nikola Vucevic,44,42,31,15,13519,2024-03-17 00:00:00,Chicago Bulls,Washington Wizards
187,631,Alex,Caruso,Chicago Bulls,13519,16,SG,34,7,12,58.3,0,0,0,2,4,50.0,1,4,5,5,2,2,3,1,+12,Alex Caruso,26,21,21,10,13519,2024-03-17 00:00:00,Chicago Bulls,Washington Wizards
188,2802,Ayo,Dosunmu,Chicago Bulls,13519,34,SG,41,14,22,63.6,2,2,100.0,4,7,57.1,1,2,3,9,2,1,1,0,+22,Ayo Dosunmu,46,37,43,12,13519,2024-03-17 00:00:00,Chicago Bulls,Washington Wizards
189,2853,Terry,Taylor,Chicago Bulls,13519,2,F,2,1,1,100.0,0,0,0,0,0,0,0,1,1,0,0,0,0,0,+8,Terry Taylor,3,3,2,1,13519,2024-03-17 00:00:00,Chicago Bulls,Washington Wizards
190,3494,Dalen,Terry,Chicago Bulls,13519,6,F,19,2,3,66.7,1,2,50.0,1,1,100.0,0,5,5,3,1,2,3,0,+18,Dalen Terry,14,11,9,8,13519,2024-03-17 00:00:00,Chicago Bulls,Washington Wizards
191,3951,Onuralp,Bitim,Chicago Bulls,13519,6,SF,24,3,5,60.0,0,0,0,0,2,0,0,6,6,2,3,1,0,1,+22,Onuralp Bitim,14,12,8,8,13519,2024-03-17 00:00:00,Chicago Bulls,Washington Wizards
192,147,Andre,Drummond,Chicago Bulls,13519,13,C,15,4,5,80.0,5,8,62.5,0,0,0,4,5,9,1,2,0,0,0,+10,Andre Drummond,23,22,14,10,13519,2024-03-17 00:00:00,Chicago Bulls,Washington Wizards
193,3955,Adama,Sanogo,Chicago Bulls,13519,2,C,1,1,1,100.0,0,0,0,0,0,0,1,0,1,0,0,0,0,0,+4,Adama Sanogo,3,3,2,1,13519,2024-03-17 00:00:00,Chicago Bulls,Washington Wizards
194,949,Jevon,Carter,Chicago Bulls,13519,2,PG,19,1,4,25.0,0,0,0,0,3,0,0,3,3,3,0,0,3,0,+13,Jevon Carter,8,5,5,6,13519,2024-03-17 00:00:00,Chicago Bulls,Washington Wizards
195,3964,Andrew,Funk,Chicago Bulls,13519,0,G,1,0,1,0,0,0,0,0,0,0,0,0,0,0,0,0,0,0,+4,Andrew Funk,0,0,0,0,13519,2024-03-17 00:00:00,Chicago Bulls,Washington Wizards
196,246,Richaun,Holmes,Washington Wizards,13519,7,F,26,3,8,37.5,1,2,50.0,0,1,0,1,3,4,1,5,1,0,0,-9,Richaun Holmes,12,11,8,5,13519,2024-03-17 00:00:00,Chicago Bulls,Washington Wizards
197,820,Kyle,Kuzma,Washington Wizards,13519,11,SF,29,5,10,50.0,1,2,50.0,0,0,0,1,4,5,4,2,1,3,0,-9,Kyle Kuzma,20,16,15,9,13519,2024-03-17 00:00:00,Chicago Bulls,Washington Wizards
198,2825,Corey,Kispert,Washington Wizards,13519,16,SF,29,6,12,50.0,1,1,100.0,3,6,50.0,0,3,3,1,1,3,0,3,-15,Corey Kispert,20,19,17,4,13519,2024-03-17 00:00:00,Chicago Bulls,Washington Wizards
199,1887,Jordan,Poole,Washington Wizards,13519,13,SG,23,4,12,33.3,2,2,100.0,3,6,50.0,0,0,0,8,0,1,4,0,-15,Jordan Poole,21,13,21,8,13519,2024-03-17 00:00:00,Chicago Bulls,Washington Wizards
200,4036,Bilal,Coulibaly,Washington Wizards,13519,15,SG,30,5,9,55.6,4,8,50.0,1,3,33.3,2,6,8,2,3,1,2,0,-15,Bilal Coulibaly,25,23,17,10,13519,2024-03-17 00:00:00,Chicago Bulls,Washington Wizards
201,2590,Anthony,Gill,Washington Wizards,13519,2,PF,5,1,3,33.3,0,0,0,0,1,0,2,0,2,0,0,0,0,0,-3,Anthony Gill,4,4,2,2,13519,2024-03-17 00:00:00,Chicago Bulls,Washington Wizards
202,2838,Eugene,Omoruyi,Washington Wizards,13519,7,F,17,2,3,66.7,3,6,50.0,0,0,0,1,1,2,1,4,1,1,1,-17,Eugene Omoruyi,10,9,8,3,13519,2024-03-17 00:00:00,Chicago Bulls,Washington Wizards
203,3413,Patrick,Baldwin Jr.,Washington Wizards,13519,6,F,16,2,6,33.3,0,0,0,2,5,40.0,0,1,1,2,1,1,0,0,-17,Patrick Baldwin Jr.,9,7,8,3,13519,2024-03-17 00:00:00,Chicago Bulls,Washington Wizards
204,2798,Justin,Champagnie,Washington Wizards,13519,11,SF,25,4,9,44.4,0,0,0,3,6,50.0,2,5,7,3,2,1,2,3,-15,Justin Champagnie,21,18,14,10,13519,2024-03-17 00:00:00,Chicago Bulls,Washington Wizards
205,2796,Jared,Butler,Washington Wizards,13519,5,SG,22,2,5,40.0,1,1,100.0,0,1,0,0,0,0,1,2,1,3,0,-6,Jared Butler,6,5,6,1,13519,2024-03-17 00:00:00,Chicago Bulls,Washington Wizards
206,3576,Jules,Bernard,Washington Wizards,13519,0,G,4,0,1,0,0,0,0,0,0,0,0,0,0,1,0,0,0,0,-8,Jules Bernard,1,0,1,1,13519,2024-03-17 00:00:00,Chicago Bulls,Washington Wizards
207,3428,Johnny,Davis,Washington Wizards,13519,5,G,15,2,6,33.3,0,0,0,1,3,33.3,0,0,0,3,1,1,0,0,-16,Johnny Davis,8,5,8,3,13519,2024-03-17 00:00:00,Chicago Bulls,Washington Wizards
208,982,Jaren,Jackson Jr.,Memphis Grizzlies,13520,19,PF,36,7,11,63.6,2,2,100.0,3,4,75.0,0,6,6,7,4,2,5,1,0,Jaren Jackson Jr.,32,25,26,13,13520,2024-03-17 00:00:00,Memphis Grizzlies,Oklahoma City Thunder
209,2786,Santi,Aldama,Memphis Grizzlies,13520,16,PF,39,6,12,50.0,1,3,33.3,3,7,42.9,1,5,6,4,4,1,0,1,-4,Santi Aldama,26,22,20,10,13520,2024-03-17 00:00:00,Memphis Grizzlies,Oklahoma City Thunder
210,3994,GG,Jackson,Memphis Grizzlies,13520,19,F,35,5,14,35.7,7,8,87.5,2,8,25.0,1,3,4,4,1,0,0,1,-11,GG Jackson,27,23,23,8,13520,2024-03-17 00:00:00,Memphis Grizzlies,Oklahoma City Thunder
211,814,Luke,Kennard,Memphis Grizzlies,13520,9,SG,30,3,7,42.9,0,0,0,3,7,42.9,0,3,3,9,2,1,2,0,-6,Luke Kennard,21,12,18,12,13520,2024-03-17 00:00:00,Memphis Grizzlies,Oklahoma City Thunder
212,2568,Desmond,Bane,Memphis Grizzlies,13520,22,SG,32,7,17,41.2,4,6,66.7,4,9,44.4,1,2,3,7,4,0,3,1,+11,Desmond Bane,32,25,29,10,13520,2024-03-17 00:00:00,Memphis Grizzlies,Oklahoma City Thunder
213,970,Wenyen,Gabriel,Memphis Grizzlies,13520,2,F,14,1,4,25.0,0,0,0,0,1,0,1,3,4,0,2,0,0,0,-12,Wenyen Gabriel,6,6,2,4,13520,2024-03-17 00:00:00,Memphis Grizzlies,Oklahoma City Thunder
214,2884,DeJon,Jarreau,Memphis Grizzlies,13520,2,F,5,1,2,50.0,0,0,0,0,1,0,0,4,4,0,1,0,1,0,0,DeJon Jarreau,6,6,2,4,13520,2024-03-17 00:00:00,Memphis Grizzlies,Oklahoma City Thunder
215,3460,Jake,LaRavia,Memphis Grizzlies,13520,14,F,24,4,9,44.4,4,4,100.0,2,5,40.0,1,3,4,0,1,2,1,0,+4,Jake LaRavia,18,18,14,4,13520,2024-03-17 00:00:00,Memphis Grizzlies,Oklahoma City Thunder
216,2177,John,Konchar,Memphis Grizzlies,13520,9,SG,25,3,5,60.0,2,3,66.7,1,2,50.0,2,0,2,3,1,1,2,0,-12,John Konchar,14,11,12,5,13520,2024-03-17 00:00:00,Memphis Grizzlies,Oklahoma City Thunder
217,3448,Chet,Holmgren,Oklahoma City Thunder,13520,22,PF,32,8,13,61.5,4,4,100.0,2,4,50.0,1,10,11,2,2,1,1,3,-7,Chet Holmgren,35,33,24,13,13520,2024-03-17 00:00:00,Memphis Grizzlies,Oklahoma City Thunder
218,3504,Jalen,Williams,Oklahoma City Thunder,13520,23,F,35,9,17,52.9,4,5,80.0,1,3,33.3,1,6,7,6,2,1,2,2,-3,Jalen Williams,36,30,29,13,13520,2024-03-17 00:00:00,Memphis Grizzlies,Oklahoma City Thunder
219,972,Shai,Gilgeous-Alexander,Oklahoma City Thunder,13520,20,PG,35,8,16,50.0,3,6,50.0,1,4,25.0,1,6,7,3,2,0,3,1,+7,Shai Gilgeous-Alexander,30,27,23,10,13520,2024-03-17 00:00:00,Memphis Grizzlies,Oklahoma City Thunder
220,2808,Josh,Giddey,Oklahoma City Thunder,13520,13,SG,19,6,12,50.0,0,0,0,1,6,16.7,2,4,6,2,1,0,2,0,-3,Josh Giddey,21,19,15,8,13520,2024-03-17 00:00:00,Memphis Grizzlies,Oklahoma City Thunder
221,2040,Luguentz,Dort,Oklahoma City Thunder,13520,12,G,31,3,6,50.0,4,4,100.0,2,5,40.0,2,3,5,4,5,0,2,0,+4,Luguentz Dort,21,17,16,9,13520,2024-03-17 00:00:00,Memphis Grizzlies,Oklahoma City Thunder
222,3505,Jaylin,Williams,Oklahoma City Thunder,13520,0,F,8,0,1,0,0,0,0,0,0,0,0,1,1,0,2,1,0,0,-2,Jaylin Williams,1,1,0,1,13520,2024-03-17 00:00:00,Memphis Grizzlies,Oklahoma City Thunder
223,227,Gordon,Hayward,Oklahoma City Thunder,13520,6,SF,14,2,3,66.7,1,2,50.0,1,1,100.0,0,0,0,1,0,0,0,0,+9,Gordon Hayward,7,6,7,1,13520,2024-03-17 00:00:00,Memphis Grizzlies,Oklahoma City Thunder
224,1044,Kenrich,Williams,Oklahoma City Thunder,13520,6,SF,13,2,4,50.0,0,0,0,2,4,50.0,1,2,3,1,1,1,0,1,+18,Kenrich Williams,10,9,7,4,13520,2024-03-17 00:00:00,Memphis Grizzlies,Oklahoma City Thunder
225,384,Mike,Muscala,Oklahoma City Thunder,13520,0,C,1,0,0,0,0,0,0,0,0,0,0,0,0,0,0,0,0,0,-1,Mike Muscala,0,0,0,0,13520,2024-03-17 00:00:00,Memphis Grizzlies,Oklahoma City Thunder
226,2604,Isaiah,Joe,Oklahoma City Thunder,13520,10,SG,20,4,8,50.0,0,0,0,2,5,40.0,0,2,2,1,2,0,0,1,+1,Isaiah Joe,13,12,11,3,13520,2024-03-17 00:00:00,Memphis Grizzlies,Oklahoma City Thunder
227,2863,Aaron,Wiggins,Oklahoma City Thunder,13520,2,SG,8,1,2,50.0,0,0,0,0,0,0,0,1,1,1,0,0,1,0,+4,Aaron Wiggins,4,3,3,2,13520,2024-03-17 00:00:00,Memphis Grizzlies,Oklahoma City Thunder
228,4009,Cason,Wallace,Oklahoma City Thunder,13520,4,G,24,2,5,40.0,0,0,0,0,3,0,0,2,2,4,2,3,0,0,+3,Cason Wallace,10,6,8,6,13520,2024-03-17 00:00:00,Memphis Grizzlies,Oklahoma City Thunder
229,126,Anthony,Davis,Los Angeles Lakers,13521,8,PF,12,3,6,50.0,2,2,100.0,0,0,0,1,3,4,2,0,1,0,1,+6,Anthony Davis,14,12,10,6,13521,2024-03-17 00:30:00,Los Angeles Lakers,Golden State Warriors
230,1862,Rui,Hachimura,Los Angeles Lakers,13521,14,PF,30,7,10,70.0,0,0,0,0,2,0,0,4,4,2,3,0,0,1,-4,Rui Hachimura,20,18,16,6,13521,2024-03-17 00:30:00,Los Angeles Lakers,Golden State Warriors
231,265,LeBron,James,Los Angeles Lakers,13521,40,SF,38,15,23,65.2,7,8,87.5,3,5,60.0,3,5,8,9,1,1,4,1,-6,LeBron James,57,48,49,17,13521,2024-03-17 00:30:00,Los Angeles Lakers,Golden State Warriors
232,462,D'Angelo,Russell,Los Angeles Lakers,13521,23,PG,40,9,21,42.9,2,2,100.0,3,10,30.0,1,2,3,13,2,1,0,0,-14,D'Angelo Russell,39,26,36,16,13521,2024-03-17 00:30:00,Los Angeles Lakers,Golden State Warriors
233,2845,Austin,Reaves,Los Angeles Lakers,13521,11,SG,34,4,13,30.8,1,1,100.0,2,9,22.2,0,3,3,3,0,0,3,0,-5,Austin Reaves,17,14,14,6,13521,2024-03-17 00:30:00,Los Angeles Lakers,Golden State Warriors
234,437,Taurean,Prince,Los Angeles Lakers,13521,8,PF,30,3,8,37.5,0,0,0,2,5,40.0,1,1,2,3,1,0,0,1,-7,Taurean Prince,13,10,11,5,13521,2024-03-17 00:30:00,Los Angeles Lakers,Golden State Warriors
235,1864,Jaxson,Hayes,Los Angeles Lakers,13521,7,C,28,3,5,60.0,1,3,33.3,0,0,0,2,10,12,0,3,0,2,0,-8,Jaxson Hayes,19,19,7,12,13521,2024-03-17 00:30:00,Los Angeles Lakers,Golden State Warriors
236,142,Spencer,Dinwiddie,Los Angeles Lakers,13521,7,PG,19,2,2,100.0,2,2,100.0,1,1,100.0,0,2,2,0,2,0,0,0,+5,Spencer Dinwiddie,9,9,7,2,13521,2024-03-17 00:30:00,Los Angeles Lakers,Golden State Warriors
237,3427,Max,Christie,Los Angeles Lakers,13521,3,G,10,1,4,25.0,0,0,0,1,2,50.0,0,1,1,0,1,0,0,0,-2,Max Christie,4,4,3,1,13521,2024-03-17 00:30:00,Los Angeles Lakers,Golden State Warriors
238,204,Draymond,Green,Golden State Warriors,13521,6,PF,34,3,6,50.0,0,0,0,0,2,0,2,10,12,13,3,1,2,0,+12,Draymond Green,31,18,19,25,13521,2024-03-17 00:30:00,Los Angeles Lakers,Golden State Warriors
239,2827,Jonathan,Kuminga,Golden State Warriors,13521,23,PF,31,9,16,56.3,3,5,60.0,2,3,66.7,0,2,2,4,5,0,1,0,+5,Jonathan Kuminga,29,25,27,6,13521,2024-03-17 00:30:00,Los Angeles Lakers,Golden State Warriors
240,548,Andrew,Wiggins,Golden State Warriors,13521,16,SF,30,7,17,41.2,0,0,0,2,6,33.3,3,3,6,1,3,0,0,1,+7,Andrew Wiggins,23,22,17,7,13521,2024-03-17 00:30:00,Los Angeles Lakers,Golden State Warriors
241,124,Stephen,Curry,Golden State Warriors,13521,31,PG,34,12,24,50.0,4,5,80.0,3,10,30.0,1,5,6,5,0,2,1,0,+4,Stephen Curry,42,37,36,11,13521,2024-03-17 00:30:00,Los Angeles Lakers,Golden State Warriors
242,3975,Brandin,Podziemski,Golden State Warriors,13521,5,G,35,2,4,50.0,0,0,0,1,2,50.0,3,2,5,3,1,0,1,0,+13,Brandin Podziemski,13,10,8,8,13521,2024-03-17 00:30:00,Los Angeles Lakers,Golden State Warriors
243,3973,Trayce,JacksonDavis,Golden State Warriors,13521,10,F,21,4,5,80.0,2,2,100.0,0,0,0,2,1,3,4,2,0,1,2,-4,Trayce JacksonDavis,17,13,14,7,13521,2024-03-17 00:30:00,Los Angeles Lakers,Golden State Warriors
244,415,Chris,Paul,Golden State Warriors,13521,8,PG,19,4,7,57.1,0,0,0,0,0,0,1,5,6,4,2,0,1,0,+1,Chris Paul,18,14,12,10,13521,2024-03-17 00:30:00,Los Angeles Lakers,Golden State Warriors
245,514,Klay,Thompson,Golden State Warriors,13521,26,SG,30,9,15,60.0,3,3,100.0,5,10,50.0,1,3,4,3,1,0,0,0,+1,Klay Thompson,33,30,29,7,13521,2024-03-17 00:30:00,Los Angeles Lakers,Golden State Warriors
246,593,Gary,Payton II,Golden State Warriors,13521,3,SG,7,1,3,33.3,0,0,0,1,1,100.0,1,0,1,1,2,0,0,1,-4,Gary Payton II,5,4,4,2,13521,2024-03-17 00:30:00,Los Angeles Lakers,Golden State Warriors
247,4031,Taylor,Hendricks,Utah Jazz,13522,15,F,33,5,12,41.7,3,4,75.0,2,7,28.6,1,9,10,1,1,1,1,1,-23,Taylor Hendricks,26,25,16,11,13522,2024-03-17 01:30:00,Utah Jazz,Minnesota Timberwolves
248,4034,Brice,Sensabaugh,Utah Jazz,13522,8,F,27,4,12,33.3,0,0,0,0,5,0,2,5,7,2,1,0,3,0,-20,Brice Sensabaugh,17,15,10,9,13522,2024-03-17 01:30:00,Utah Jazz,Minnesota Timberwolves
249,3457,Walker,Kessler,Utah Jazz,13522,7,C,30,3,4,75.0,1,2,50.0,0,0,0,2,8,10,0,2,0,0,1,-19,Walker Kessler,17,17,7,10,13522,2024-03-17 01:30:00,Utah Jazz,Minnesota Timberwolves
250,152,Kris,Dunn,Utah Jazz,13522,4,G,24,2,7,28.6,0,0,0,0,1,0,1,2,3,3,1,2,0,0,-17,Kris Dunn,10,7,7,6,13522,2024-03-17 01:30:00,Utah Jazz,Minnesota Timberwolves
251,4029,Keyonte,George,Utah Jazz,13522,18,G,30,5,16,31.3,7,8,87.5,1,7,14.3,0,3,3,2,2,0,4,0,-13,Keyonte George,23,21,20,5,13522,2024-03-17 01:30:00,Utah Jazz,Minnesota Timberwolves
252,2785,Omer,Yurtseven,Utah Jazz,13522,14,C,18,6,7,85.7,2,2,100.0,0,0,0,1,4,5,0,3,0,1,3,0,Omer Yurtseven,19,19,14,5,13522,2024-03-17 01:30:00,Utah Jazz,Minnesota Timberwolves
253,3358,Micah,Potter,Utah Jazz,13522,2,C,13,0,1,0,2,2,100.0,0,0,0,1,2,3,0,0,0,0,0,+9,Micah Potter,5,5,2,3,13522,2024-03-17 01:30:00,Utah Jazz,Minnesota Timberwolves
254,1021,Collin,Sexton,Utah Jazz,13522,22,PG,31,9,16,56.3,3,3,100.0,1,3,33.3,1,1,2,10,2,1,5,0,-11,Collin Sexton,34,24,32,12,13522,2024-03-17 01:30:00,Utah Jazz,Minnesota Timberwolves
255,2842,Jason,Preston,Utah Jazz,13522,2,G,13,1,3,33.3,0,0,0,0,0,0,1,3,4,5,0,0,0,0,+4,Jason Preston,11,6,7,9,13522,2024-03-17 01:30:00,Utah Jazz,Minnesota Timberwolves
256,3454,Johnny,Juzang,Utah Jazz,13522,8,G,22,3,5,60.0,0,0,0,2,3,66.7,0,4,4,0,2,0,1,0,-5,Johnny Juzang,12,12,8,4,13522,2024-03-17 01:30:00,Utah Jazz,Minnesota Timberwolves
257,2621,Jaden,McDaniels,Minnesota Timberwolves,13522,8,PF,22,4,9,44.4,0,0,0,0,2,0,0,1,1,0,5,0,1,0,+9,Jaden McDaniels,9,9,8,1,13522,2024-03-17 01:30:00,Utah Jazz,Minnesota Timberwolves
258,18,Kyle,Anderson,Minnesota Timberwolves,13522,4,SF,31,1,6,16.7,2,2,100.0,0,0,0,1,4,5,9,3,2,0,1,+19,Kyle Anderson,18,9,13,14,13522,2024-03-17 01:30:00,Utah Jazz,Minnesota Timberwolves
259,2146,Naz,Reid,Minnesota Timberwolves,13522,22,C,35,7,18,38.9,4,5,80.0,4,11,36.4,0,12,12,5,1,2,0,2,+17,Naz Reid,39,34,27,17,13522,2024-03-17 01:30:00,Utah Jazz,Minnesota Timberwolves
260,114,Mike,Conley,Minnesota Timberwolves,13522,25,PG,30,8,12,66.7,4,5,80.0,5,8,62.5,1,1,2,2,1,0,0,0,+4,Mike Conley,29,27,27,4,13522,2024-03-17 01:30:00,Utah Jazz,Minnesota Timberwolves
261,2584,Anthony,Edwards,Minnesota Timberwolves,13522,31,SG,35,12,20,60.0,2,3,66.7,5,7,71.4,1,9,10,5,1,3,4,3,+16,Anthony Edwards,46,41,36,15,13522,2024-03-17 01:30:00,Utah Jazz,Minnesota Timberwolves
262,3470,Josh,Minott,Minnesota Timberwolves,13522,5,F,2,2,2,100.0,0,0,0,1,1,100.0,0,0,0,0,0,0,0,0,+1,Josh Minott,5,5,5,0,13522,2024-03-17 01:30:00,Utah Jazz,Minnesota Timberwolves
263,4001,Leonard,Miller,Minnesota Timberwolves,13522,0,F,2,0,0,0,0,0,0,0,0,0,0,0,0,2,0,0,0,0,+1,Leonard Miller,2,0,2,2,13522,2024-03-17 01:30:00,Utah Jazz,Minnesota Timberwolves
264,540,T.J.,Warren,Minnesota Timberwolves,13522,2,SF,16,1,7,14.3,0,0,0,0,1,0,1,3,4,2,2,1,0,0,+2,T.J. Warren,8,6,4,6,13522,2024-03-17 01:30:00,Utah Jazz,Minnesota Timberwolves
265,2807,Luka,Garza,Minnesota Timberwolves,13522,9,C,13,4,9,44.4,0,0,0,1,4,25.0,1,2,3,0,2,0,0,0,+2,Luka Garza,12,12,9,3,13522,2024-03-17 01:30:00,Utah Jazz,Minnesota Timberwolves
266,845,Monte,Morris,Minnesota Timberwolves,13522,2,PG,10,1,1,100.0,0,0,0,0,0,0,0,0,0,0,0,0,1,0,+2,Monte Morris,2,2,2,0,13522,2024-03-17 01:30:00,Utah Jazz,Minnesota Timberwolves
267,997,Jordan,McLaughlin,Minnesota Timberwolves,13522,3,PG,16,1,2,50.0,0,0,0,1,2,50.0,1,1,2,4,0,0,0,0,+9,Jordan McLaughlin,9,5,7,6,13522,2024-03-17 01:30:00,Utah Jazz,Minnesota Timberwolves
268,1845,Nickeil,Alexander-Walker,Minnesota Timberwolves,13522,8,SG,27,3,7,42.9,0,0,0,2,5,40.0,1,4,5,2,1,0,2,0,+12,Nickeil Alexander-Walker,15,13,10,7,13522,2024-03-17 01:30:00,Utah Jazz,Minnesota Timberwolves
269,3474,Wendell,Moore Jr.,Minnesota Timberwolves,13522,0,G,2,0,0,0,0,0,0,0,0,0,0,0,0,0,0,0,0,0,+1,Wendell Moore Jr.,0,0,0,0,13522,2024-03-17 01:30:00,Utah Jazz,Minnesota Timberwolves
270,463,Domantas,Sabonis,Sacramento Kings,13523,21,PF,40,9,16,56.3,2,5,40.0,1,1,100.0,3,11,14,2,1,1,5,0,-13,Domantas Sabonis,37,35,23,16,13523,2024-03-17 02:00:00,Sacramento Kings,New York Knicks
271,36,Harrison,Barnes,Sacramento Kings,13523,16,SF,36,5,13,38.5,4,4,100.0,2,7,28.6,4,2,6,3,1,1,2,0,-6,Harrison Barnes,25,22,19,9,13523,2024-03-17 02:00:00,Sacramento Kings,New York Knicks
272,3475,Keegan,Murray,Sacramento Kings,13523,11,SF,34,3,12,25.0,4,4,100.0,1,7,14.3,1,5,6,1,3,0,0,1,-8,Keegan Murray,18,17,12,7,13523,2024-03-17 02:00:00,Sacramento Kings,New York Knicks
273,776,De'Aaron,Fox,Sacramento Kings,13523,20,PG,36,5,19,26.3,8,10,80.0,2,7,28.6,1,6,7,9,4,2,3,0,0,De'Aaron Fox,36,27,29,16,13523,2024-03-17 02:00:00,Sacramento Kings,New York Knicks
274,980,Kevin,Huerter,Sacramento Kings,13523,0,SG,16,0,3,0,0,0,0,0,2,0,0,1,1,2,1,1,0,0,-1,Kevin Huerter,3,1,2,3,13523,2024-03-17 02:00:00,Sacramento Kings,New York Knicks
275,2805,Kessler,Edwards,Sacramento Kings,13523,0,SF,1,0,0,0,0,0,0,0,0,0,0,0,0,0,0,0,0,0,0,Kessler Edwards,0,0,0,0,13523,2024-03-17 02:00:00,Sacramento Kings,New York Knicks
276,313,Alex,Len,Sacramento Kings,13523,0,C,7,0,2,0,0,0,0,0,0,0,1,0,1,0,0,0,0,3,+6,Alex Len,1,1,0,1,13523,2024-03-17 02:00:00,Sacramento Kings,New York Knicks
277,2834,Davion,Mitchell,Sacramento Kings,13523,0,PG,12,0,2,0,0,0,0,0,2,0,0,1,1,1,2,0,0,0,-7,Davion Mitchell,2,1,1,2,13523,2024-03-17 02:00:00,Sacramento Kings,New York Knicks
278,842,Malik,Monk,Sacramento Kings,13523,18,SG,28,6,14,42.9,3,3,100.0,3,9,33.3,1,2,3,4,4,0,2,0,-2,Malik Monk,25,21,22,7,13523,2024-03-17 02:00:00,Sacramento Kings,New York Knicks
279,2803,Chris,Duarte,Sacramento Kings,13523,0,SG,0,0,0,0,0,0,0,0,0,0,0,0,0,0,0,0,0,0,0,Chris Duarte,0,0,0,0,13523,2024-03-17 02:00:00,Sacramento Kings,New York Knicks
280,3436,Keon,Ellis,Sacramento Kings,13523,5,G,29,2,4,50.0,0,0,0,1,2,50.0,0,3,3,0,4,2,0,1,-4,Keon Ellis,8,8,5,3,13523,2024-03-17 02:00:00,Sacramento Kings,New York Knicks
281,732,O.G.,Anunoby,New York Knicks,13523,2,SF,33,1,8,12.5,0,0,0,0,4,0,0,6,6,2,2,1,3,3,+6,O.G. Anunoby,10,8,4,8,13523,2024-03-17 02:00:00,Sacramento Kings,New York Knicks
282,978,Isaiah,Hartenstein,New York Knicks,13523,7,C,28,3,3,100.0,1,1,100.0,0,0,0,4,10,14,3,3,1,1,4,+5,Isaiah Hartenstein,24,21,10,17,13523,2024-03-17 02:00:00,Sacramento Kings,New York Knicks
283,946,Jalen,Brunson,New York Knicks,13523,42,PG,36,17,28,60.7,3,4,75.0,5,10,50.0,1,3,4,2,1,4,6,1,+5,Jalen Brunson,48,46,44,6,13523,2024-03-17 02:00:00,Sacramento Kings,New York Knicks
284,791,Josh,Hart,New York Knicks,13523,9,SG,39,2,7,28.6,5,6,83.3,0,2,0,1,12,13,3,4,1,0,0,+1,Josh Hart,25,22,12,16,13523,2024-03-17 02:00:00,Sacramento Kings,New York Knicks
285,962,Donte,DiVincenzo,New York Knicks,13523,15,SG,30,5,16,31.3,2,3,66.7,3,12,25.0,1,1,2,2,4,1,0,0,-6,Donte DiVincenzo,19,17,17,4,13523,2024-03-17 02:00:00,Sacramento Kings,New York Knicks
286,2561,Precious,Achiuwa,New York Knicks,13523,2,PF,20,1,2,50.0,0,0,0,0,0,0,1,4,5,4,3,0,1,1,+2,Precious Achiuwa,11,7,6,9,13523,2024-03-17 02:00:00,Sacramento Kings,New York Knicks
287,60,Bojan,Bogdanovic,New York Knicks,13523,9,SF,24,4,11,36.4,0,0,0,1,5,20.0,1,3,4,1,2,0,3,0,+7,Bojan Bogdanovic,14,13,10,5,13523,2024-03-17 02:00:00,Sacramento Kings,New York Knicks
288,2832,Miles,McBride,New York Knicks,13523,0,PG,12,0,1,0,0,0,0,0,1,0,0,1,1,0,1,0,0,0,+2,Miles McBride,1,1,0,1,13523,2024-03-17 02:00:00,Sacramento Kings,New York Knicks
289,84,Alec,Burks,New York Knicks,13523,12,SG,18,4,10,40.0,2,2,100.0,2,5,40.0,1,2,3,2,1,0,0,0,+13,Alec Burks,17,15,14,5,13523,2024-03-17 02:00:00,Sacramento Kings,New York Knicks
290,121,Jae,Crowder,Milwaukee Bucks,13524,18,PF,32,7,11,63.6,0,0,0,4,6,66.7,0,2,2,0,1,3,0,0,+9,Jae Crowder,20,20,18,2,13524,2024-03-17 17:00:00,Milwaukee Bucks,Phoenix Suns
291,361,Khris,Middleton,Milwaukee Bucks,13524,22,SF,25,8,15,53.3,4,4,100.0,2,4,50.0,1,2,3,7,4,1,2,0,-11,Khris Middleton,32,25,29,10,13524,2024-03-17 17:00:00,Milwaukee Bucks,Phoenix Suns
292,323,Brook,Lopez,Milwaukee Bucks,13524,10,C,18,4,8,50.0,0,0,0,2,5,40.0,3,4,7,3,1,1,1,1,-4,Brook Lopez,20,17,13,10,13524,2024-03-17 17:00:00,Milwaukee Bucks,Phoenix Suns
293,319,Damian,Lillard,Milwaukee Bucks,13524,31,PG,39,10,19,52.6,7,7,100.0,4,8,50.0,1,4,5,16,1,1,4,0,+14,Damian Lillard,52,36,47,21,13524,2024-03-17 17:00:00,Milwaukee Bucks,Phoenix Suns
294,46,Malik,Beasley,Milwaukee Bucks,13524,17,SG,29,6,11,54.5,0,0,0,5,8,62.5,0,3,3,3,1,0,0,0,+3,Malik Beasley,23,20,20,6,13524,2024-03-17 17:00:00,Milwaukee Bucks,Phoenix Suns
295,431,Bobby,Portis,Milwaukee Bucks,13524,31,F,30,13,20,65.0,0,0,0,5,5,100.0,3,7,10,2,0,3,1,0,+15,Bobby Portis,43,41,33,12,13524,2024-03-17 17:00:00,Milwaukee Bucks,Phoenix Suns
296,53,Patrick,Beverley,Milwaukee Bucks,13524,3,PG,29,1,6,16.7,0,0,0,1,3,33.3,0,2,2,4,3,1,1,0,+22,Patrick Beverley,9,5,7,6,13524,2024-03-17 17:00:00,Milwaukee Bucks,Phoenix Suns
297,115,Pat,Connaughton,Milwaukee Bucks,13524,3,SG,22,1,3,33.3,1,1,100.0,0,1,0,1,1,2,0,0,0,1,1,-4,Pat Connaughton,5,5,3,2,13524,2024-03-17 17:00:00,Milwaukee Bucks,Phoenix Suns
298,3443,A.J.,Green,Milwaukee Bucks,13524,5,G,15,1,1,100.0,2,2,100.0,1,1,100.0,1,0,1,0,1,1,0,0,+11,A.J. Green,6,6,5,1,13524,2024-03-17 17:00:00,Milwaukee Bucks,Phoenix Suns
299,153,Kevin,Durant,Phoenix Suns,13524,11,PF,41,4,10,40.0,2,2,100.0,1,3,33.3,1,8,9,4,3,3,1,2,-11,Kevin Durant,24,20,15,13,13524,2024-03-17 17:00:00,Milwaukee Bucks,Phoenix Suns
300,398,Jusuf,Nurkic,Phoenix Suns,13524,8,C,20,3,5,60.0,2,2,100.0,0,0,0,3,3,6,6,2,0,2,0,-17,Jusuf Nurkic,20,14,14,12,13524,2024-03-17 17:00:00,Milwaukee Bucks,Phoenix Suns
301,45,Bradley,Beal,Phoenix Suns,13524,28,SG,37,11,15,73.3,5,6,83.3,1,3,33.3,0,4,4,7,1,1,3,1,-7,Bradley Beal,39,32,35,11,13524,2024-03-17 17:00:00,Milwaukee Bucks,Phoenix Suns
302,926,Grayson,Allen,Phoenix Suns,13524,25,SG,39,8,14,57.1,3,3,100.0,6,11,54.5,0,3,3,8,2,1,2,0,0,Grayson Allen,36,28,33,11,13524,2024-03-17 17:00:00,Milwaukee Bucks,Phoenix Suns
303,64,Devin,Booker,Phoenix Suns,13524,23,SG,40,11,22,50.0,1,2,50.0,0,5,0,1,8,9,6,3,1,2,1,-9,Devin Booker,38,32,29,15,13524,2024-03-17 17:00:00,Milwaukee Bucks,Phoenix Suns
304,851,Royce,O'Neale,Phoenix Suns,13524,16,PF,26,6,12,50.0,0,0,0,4,9,44.4,1,4,5,3,1,0,0,0,-13,Royce O'Neale,24,21,19,8,13524,2024-03-17 17:00:00,Milwaukee Bucks,Phoenix Suns
305,966,Drew,Eubanks,Phoenix Suns,13524,4,PF,5,2,2,100.0,0,0,0,0,0,0,0,1,1,0,1,0,0,0,0,Drew Eubanks,5,5,4,1,13524,2024-03-17 17:00:00,Milwaukee Bucks,Phoenix Suns
306,2859,Ish,Wainright,Phoenix Suns,13524,0,F,3,0,0,0,0,0,0,0,0,0,0,0,0,0,1,0,0,0,-2,Ish Wainright,0,0,0,0,13524,2024-03-17 17:00:00,Milwaukee Bucks,Phoenix Suns
307,3483,David,Roddy,Phoenix Suns,13524,2,F,1,1,1,100.0,0,0,0,0,0,0,0,0,0,0,0,0,0,0,+2,David Roddy,2,2,2,0,13524,2024-03-17 17:00:00,Milwaukee Bucks,Phoenix Suns
308,1875,Nassir,Little,Phoenix Suns,13524,0,SF,1,0,0,0,0,0,0,0,0,0,0,0,0,0,0,0,0,0,+2,Nassir Little,0,0,0,0,13524,2024-03-17 17:00:00,Milwaukee Bucks,Phoenix Suns
309,1849,Bol,Bol,Phoenix Suns,13524,2,C,5,1,1,100.0,0,0,0,0,0,0,0,1,1,0,0,0,1,0,0,Bol Bol,3,3,2,1,13524,2024-03-17 17:00:00,Milwaukee Bucks,Phoenix Suns
310,196,Eric,Gordon,Phoenix Suns,13524,10,SG,22,4,5,80.0,0,0,0,2,2,100.0,1,0,1,2,2,1,1,1,0,Eric Gordon,13,11,12,3,13524,2024-03-17 17:00:00,Milwaukee Bucks,Phoenix Suns
311,3438,Simone,Fontecchio,Detroit Pistons,13525,13,F,35,5,12,41.7,1,1,100.0,2,7,28.6,2,6,8,2,3,0,0,2,-5,Simone Fontecchio,23,21,15,10,13525,2024-03-17 19:00:00,Detroit Pistons,Miami Heat
312,2648,Isaiah,Stewart,Detroit Pistons,13525,12,C,36,5,9,55.6,0,0,0,2,5,40.0,1,5,6,1,0,0,0,1,-24,Isaiah Stewart,19,18,13,7,13525,2024-03-17 19:00:00,Detroit Pistons,Miami Heat
313,3433,Jalen,Duren,Detroit Pistons,13525,11,C,29,4,10,40.0,3,4,75.0,0,0,0,3,7,10,1,3,0,2,1,-17,Jalen Duren,22,21,12,11,13525,2024-03-17 19:00:00,Detroit Pistons,Miami Heat
314,2801,Cade,Cunningham,Detroit Pistons,13525,17,PG,32,8,19,42.1,0,0,0,1,6,16.7,0,4,4,9,2,1,3,1,-15,Cade Cunningham,30,21,26,13,13525,2024-03-17 19:00:00,Detroit Pistons,Miami Heat
315,3451,Jaden,Ivey,Detroit Pistons,13525,10,PG,24,4,7,57.1,1,2,50.0,1,3,33.3,0,1,1,2,4,0,2,1,-6,Jaden Ivey,13,11,12,3,13525,2024-03-17 19:00:00,Detroit Pistons,Miami Heat
316,2666,James,Wiseman,Detroit Pistons,13525,4,C,16,0,2,0,4,4,100.0,0,0,0,0,6,6,1,2,0,2,0,+12,James Wiseman,11,10,5,7,13525,2024-03-17 19:00:00,Detroit Pistons,Miami Heat
317,177,Evan,Fournier,Detroit Pistons,13525,18,SG,31,6,14,42.9,2,3,66.7,4,8,50.0,0,4,4,1,5,3,2,0,+12,Evan Fournier,23,22,19,5,13525,2024-03-17 19:00:00,Detroit Pistons,Miami Heat
318,3790,Stanley,Umude,Detroit Pistons,13525,9,G,19,3,5,60.0,0,0,0,3,5,60.0,1,1,2,1,0,0,0,1,+22,Stanley Umude,12,11,10,3,13525,2024-03-17 19:00:00,Detroit Pistons,Miami Heat
319,3970,Marcus,Sasser,Detroit Pistons,13525,7,G,18,3,5,60.0,0,0,0,1,2,50.0,0,3,3,6,0,0,1,0,+6,Marcus Sasser,16,10,13,9,13525,2024-03-17 19:00:00,Detroit Pistons,Miami Heat
320,1018,Duncan,Robinson,Miami Heat,13525,30,F,35,10,15,66.7,3,3,100.0,7,12,58.3,0,4,4,5,2,0,3,0,+12,Duncan Robinson,39,34,35,9,13525,2024-03-17 19:00:00,Detroit Pistons,Miami Heat
321,1815,Haywood,Highsmith,Miami Heat,13525,3,F,25,1,6,16.7,1,2,50.0,0,3,0,2,0,2,1,3,0,0,0,+4,Haywood Highsmith,6,5,4,3,13525,2024-03-17 19:00:00,Detroit Pistons,Miami Heat
322,724,Bam,Adebayo,Miami Heat,13525,20,C,38,9,13,69.2,1,2,50.0,1,1,100.0,4,13,17,3,2,1,3,0,+5,Bam Adebayo,40,37,23,20,13525,2024-03-17 19:00:00,Detroit Pistons,Miami Heat
323,458,Terry,Rozier,Miami Heat,13525,17,SG,36,8,20,40.0,0,0,0,1,6,16.7,0,6,6,9,0,1,0,0,+20,Terry Rozier,32,23,26,15,13525,2024-03-17 19:00:00,Detroit Pistons,Miami Heat
324,4046,Jaime Jr.,Jaquez,Miami Heat,13525,15,G,35,6,14,42.9,2,4,50.0,1,3,33.3,3,0,3,4,1,1,1,1,+6,Jaime Jr. Jaquez,22,18,19,7,13525,2024-03-17 19:00:00,Detroit Pistons,Miami Heat
325,2242,Caleb,Martin,Miami Heat,13525,10,SF,31,3,9,33.3,2,2,100.0,2,6,33.3,1,6,7,0,1,1,2,1,-15,Caleb Martin,17,17,10,7,13525,2024-03-17 19:00:00,Detroit Pistons,Miami Heat
326,753,Thomas,Bryant,Miami Heat,13525,2,C,10,0,1,0,2,2,100.0,0,0,0,0,4,4,1,1,0,0,0,-2,Thomas Bryant,7,6,3,5,13525,2024-03-17 19:00:00,Detroit Pistons,Miami Heat
327,365,Patty,Mills,Miami Heat,13525,1,PG,10,0,4,0,1,1,100.0,0,4,0,0,1,1,1,1,1,0,0,-13,Patty Mills,3,2,2,2,13525,2024-03-17 19:00:00,Detroit Pistons,Miami Heat
328,564,Delon,Wright,Miami Heat,13525,6,SG,21,3,7,42.9,0,0,0,0,0,0,1,2,3,0,0,2,0,0,-2,Delon Wright,9,9,6,3,13525,2024-03-17 19:00:00,Detroit Pistons,Miami Heat
329,1897,P.J.,Washington,Dallas Mavericks,13526,4,PF,31,2,10,20.0,0,0,0,0,4,0,2,9,11,3,1,0,0,1,+7,P.J. Washington,18,15,7,14,13526,2024-03-17 19:30:00,Dallas Mavericks,Denver Nuggets
330,283,Derrick,Jones Jr.,Dallas Mavericks,13526,9,SF,24,4,11,36.4,1,2,50.0,0,3,0,6,2,8,1,1,0,0,0,+20,Derrick Jones Jr.,18,17,10,9,13526,2024-03-17 19:30:00,Dallas Mavericks,Denver Nuggets
331,1859,Daniel,Gafford,Dallas Mavericks,13526,8,C,24,4,7,57.1,0,0,0,0,0,0,3,3,6,1,5,0,0,1,+13,Daniel Gafford,15,14,9,7,13526,2024-03-17 19:30:00,Dallas Mavericks,Denver Nuggets
332,261,Kyrie,Irving,Dallas Mavericks,13526,24,PG,40,9,23,39.1,2,2,100.0,4,11,36.4,3,4,7,9,2,3,3,1,+6,Kyrie Irving,40,31,33,16,13526,2024-03-17 19:30:00,Dallas Mavericks,Denver Nuggets
333,963,Luka,Doncic,Dallas Mavericks,13526,37,PG,40,12,27,44.4,8,10,80.0,5,11,45.5,4,6,10,3,3,2,3,0,-1,Luka Doncic,50,47,40,13,13526,2024-03-17 19:30:00,Dallas Mavericks,Denver Nuggets
334,817,Maxi,Kleber,Dallas Mavericks,13526,0,PF,21,0,3,0,0,0,0,0,3,0,0,4,4,3,3,0,0,0,-8,Maxi Kleber,7,4,3,7,13526,2024-03-17 19:30:00,Dallas Mavericks,Denver Nuggets
335,215,Tim,Hardaway Jr.,Dallas Mavericks,13526,1,SF,15,0,3,0,1,2,50.0,0,2,0,0,3,3,1,1,0,1,0,+2,Tim Hardaway Jr.,5,4,2,4,13526,2024-03-17 19:30:00,Dallas Mavericks,Denver Nuggets
336,4044,Dereck II,Lively,Dallas Mavericks,13526,14,C,23,7,8,87.5,0,3,0,0,0,0,4,4,8,0,3,0,3,2,-18,Dereck II Lively,22,22,14,8,13526,2024-03-17 19:30:00,Dallas Mavericks,Denver Nuggets
337,164,Dante,Exum,Dallas Mavericks,13526,8,G,18,4,8,50.0,0,0,0,0,1,0,0,3,3,1,1,0,0,0,-10,Dante Exum,12,11,9,4,13526,2024-03-17 19:30:00,Dallas Mavericks,Denver Nuggets
338,3407,Jaden,Hardy,Dallas Mavericks,13526,2,G,4,0,0,0,2,2,100.0,0,0,0,0,0,0,0,1,0,1,0,-1,Jaden Hardy,2,2,2,0,13526,2024-03-17 19:30:00,Dallas Mavericks,Denver Nuggets
339,195,Aaron,Gordon,Denver Nuggets,13526,11,PF,34,4,7,57.1,3,4,75.0,0,2,0,0,8,8,4,3,0,0,1,+12,Aaron Gordon,23,19,15,12,13526,2024-03-17 19:30:00,Dallas Mavericks,Denver Nuggets
340,1014,Michael,Porter Jr.,Denver Nuggets,13526,20,SF,37,6,13,46.2,4,4,100.0,4,9,44.4,2,5,7,3,2,2,1,2,+6,Michael Porter Jr.,30,27,23,10,13526,2024-03-17 19:30:00,Dallas Mavericks,Denver Nuggets
341,279,Nikola,Jokic,Denver Nuggets,13526,16,C,39,6,16,37.5,4,5,80.0,0,2,0,3,8,11,7,1,2,3,0,+10,Nikola Jokic,34,27,23,18,13526,2024-03-17 19:30:00,Dallas Mavericks,Denver Nuggets
342,383,Jamal,Murray,Denver Nuggets,13526,23,PG,36,7,20,35.0,7,7,100.0,2,5,40.0,0,4,4,7,2,1,1,1,0,Jamal Murray,34,27,30,11,13526,2024-03-17 19:30:00,Dallas Mavericks,Denver Nuggets
343,89,Kentavious,Caldwell-Pope,Denver Nuggets,13526,10,SG,32,4,8,50.0,0,0,0,2,5,40.0,0,3,3,2,2,0,0,2,+7,Kentavious Caldwell-Pope,15,13,12,5,13526,2024-03-17 19:30:00,Dallas Mavericks,Denver Nuggets
344,2627,Zeke,Nnaji,Denver Nuggets,13526,4,PF,9,2,2,100.0,0,0,0,0,0,0,1,0,1,0,1,0,0,0,-12,Zeke Nnaji,5,5,4,1,13526,2024-03-17 19:30:00,Dallas Mavericks,Denver Nuggets
345,3498,Peyton,Watson,Denver Nuggets,13526,3,F,14,1,4,25.0,0,0,0,1,1,100.0,0,2,2,0,1,2,0,0,-14,Peyton Watson,5,5,3,2,13526,2024-03-17 19:30:00,Dallas Mavericks,Denver Nuggets
346,243,Justin,Holiday,Denver Nuggets,13526,0,SF,8,0,1,0,0,0,0,0,0,0,0,0,0,0,1,0,0,0,-8,Justin Holiday,0,0,0,0,13526,2024-03-17 19:30:00,Dallas Mavericks,Denver Nuggets
347,264,Reggie,Jackson,Denver Nuggets,13526,8,PG,13,3,8,37.5,0,0,0,2,3,66.7,0,0,0,2,1,0,1,0,0,Reggie Jackson,10,8,10,2,13526,2024-03-17 19:30:00,Dallas Mavericks,Denver Nuggets
348,3420,Christian,Braun,Denver Nuggets,13526,10,G,19,4,5,80.0,1,2,50.0,1,1,100.0,0,1,1,1,2,0,1,0,-11,Christian Braun,12,11,11,2,13526,2024-03-17 19:30:00,Dallas Mavericks,Denver Nuggets
349,3414,Paolo,Banchero,Orlando Magic,13527,29,PF,36,11,16,68.8,3,6,50.0,4,7,57.1,0,6,6,5,0,1,1,1,+19,Paolo Banchero,40,35,34,11,13527,2024-03-17 22:00:00,Orlando Magic,Toronto Raptors
350,2858,Franz,Wagner,Orlando Magic,13527,22,SF,31,8,13,61.5,6,6,100.0,0,2,0,2,6,8,4,5,0,5,1,+21,Franz Wagner,34,30,26,12,13527,2024-03-17 22:00:00,Orlando Magic,Toronto Raptors
351,950,Wendell,Carter Jr.,Orlando Magic,13527,9,C,27,4,8,50.0,0,0,0,1,4,25.0,0,3,3,3,1,1,1,0,+27,Wendell Carter Jr.,15,12,12,6,13527,2024-03-17 22:00:00,Orlando Magic,Toronto Raptors
352,220,Gary,Harris,Orlando Magic,13527,7,SG,27,3,9,33.3,0,1,0,1,7,14.3,1,1,2,1,1,1,0,0,+23,Gary Harris,10,9,8,3,13527,2024-03-17 22:00:00,Orlando Magic,Toronto Raptors
353,2852,Jalen,Suggs,Orlando Magic,13527,10,SG,20,3,6,50.0,2,2,100.0,2,2,100.0,1,1,2,2,2,2,2,1,+14,Jalen Suggs,14,12,12,4,13527,2024-03-17 22:00:00,Orlando Magic,Toronto Raptors
354,1883,Chuma,Okeke,Orlando Magic,13527,0,PF,3,0,1,0,0,0,0,0,1,0,0,0,0,0,0,0,0,0,-5,Chuma Okeke,0,0,0,0,13527,2024-03-17 22:00:00,Orlando Magic,Toronto Raptors
355,1892,Admiral,Schofield,Orlando Magic,13527,0,SF,3,0,1,0,0,0,0,0,0,0,0,1,1,0,0,0,0,0,-5,Admiral Schofield,1,1,0,1,13527,2024-03-17 22:00:00,Orlando Magic,Toronto Raptors
356,1037,Moritz,Wagner,Orlando Magic,13527,14,C,18,6,9,66.7,1,1,100.0,1,3,33.3,1,3,4,1,1,0,1,1,-7,Moritz Wagner,19,18,15,5,13527,2024-03-17 22:00:00,Orlando Magic,Toronto Raptors
357,1848,Goga,Bitadze,Orlando Magic,13527,0,C,3,0,0,0,0,0,0,0,0,0,1,0,1,0,0,0,0,0,-5,Goga Bitadze,1,1,0,1,13527,2024-03-17 22:00:00,Orlando Magic,Toronto Raptors
358,779,Markelle,Fultz,Orlando Magic,13527,4,PG,15,2,7,28.6,0,0,0,0,1,0,2,3,5,2,0,0,1,0,-1,Markelle Fultz,11,9,6,7,13527,2024-03-17 22:00:00,Orlando Magic,Toronto Raptors
359,2563,Cole,Anthony,Orlando Magic,13527,6,PG,25,3,8,37.5,0,0,0,0,3,0,2,3,5,2,2,1,0,0,0,Cole Anthony,13,11,8,7,13527,2024-03-17 22:00:00,Orlando Magic,Toronto Raptors
360,258,Joe,Ingles,Orlando Magic,13527,5,SG,13,1,1,100.0,2,2,100.0,1,1,100.0,0,2,2,2,3,0,2,0,+2,Joe Ingles,9,7,7,4,13527,2024-03-17 22:00:00,Orlando Magic,Toronto Raptors
361,3449,Caleb,Houstan,Orlando Magic,13527,3,G,15,1,4,25.0,0,0,0,1,4,25.0,0,0,0,0,1,0,0,0,+2,Caleb Houstan,3,3,3,0,13527,2024-03-17 22:00:00,Orlando Magic,Toronto Raptors
362,4010,Anthony,Black,Orlando Magic,13527,2,G,3,1,1,100.0,0,2,0,0,0,0,0,0,0,0,0,1,0,0,-5,Anthony Black,2,2,2,0,13527,2024-03-17 22:00:00,Orlando Magic,Toronto Raptors
363,4011,Jett,Howard,Orlando Magic,13527,0,G,3,0,1,0,0,0,0,0,1,0,0,0,0,0,0,0,0,0,-5,Jett Howard,0,0,0,0,13527,2024-03-17 22:00:00,Orlando Magic,Toronto Raptors
364,404,Kelly,Olynyk,Toronto Raptors,13527,11,PF,26,5,8,62.5,0,0,0,1,1,100.0,1,3,4,3,5,1,3,0,-11,Kelly Olynyk,18,15,14,7,13527,2024-03-17 22:00:00,Orlando Magic,Toronto Raptors
365,1058,Gary,Trent Jr.,Toronto Raptors,13527,15,SG,31,6,12,50.0,1,1,100.0,2,6,33.3,0,4,4,3,2,3,0,1,-16,Gary Trent Jr.,22,19,18,7,13527,2024-03-17 22:00:00,Orlando Magic,Toronto Raptors
366,2636,Immanuel,Quickley,Toronto Raptors,13527,12,SG,31,4,15,26.7,4,5,80.0,0,6,0,1,6,7,5,1,0,4,0,-26,Immanuel Quickley,24,19,17,12,13527,2024-03-17 22:00:00,Orlando Magic,Toronto Raptors
367,3411,Ochai,Agbaji,Toronto Raptors,13527,9,G,31,4,10,40.0,0,0,0,1,3,33.3,4,3,7,1,2,0,2,0,-18,Ochai Agbaji,17,16,10,8,13527,2024-03-17 22:00:00,Orlando Magic,Toronto Raptors
368,4027,Gradey,Dick,Toronto Raptors,13527,10,G,27,4,11,36.4,0,0,0,2,3,66.7,0,0,0,1,2,0,3,0,-27,Gradey Dick,11,10,11,1,13527,2024-03-17 22:00:00,Orlando Magic,Toronto Raptors
369,1880,Jalen,McDaniels,Toronto Raptors,13527,0,PF,3,0,1,0,0,0,0,0,1,0,0,0,0,0,0,0,0,0,+5,Jalen McDaniels,0,0,0,0,13527,2024-03-17 22:00:00,Orlando Magic,Toronto Raptors
370,944,Bruce,Brown,Toronto Raptors,13527,12,SF,23,3,6,50.0,6,6,100.0,0,1,0,0,0,0,4,2,0,2,0,0,Bruce Brown,16,12,16,4,13527,2024-03-17 22:00:00,Orlando Magic,Toronto Raptors
371,2628,Jordan,Nwora,Toronto Raptors,13527,18,SF,25,7,9,77.8,3,3,100.0,1,3,33.3,0,7,7,1,2,0,0,1,+10,Jordan Nwora,26,25,19,8,13527,2024-03-17 22:00:00,Orlando Magic,Toronto Raptors
372,2557,Jontay,Porter,Toronto Raptors,13527,4,C,22,2,5,40.0,0,0,0,0,2,0,4,3,7,3,0,1,1,1,-4,Jontay Porter,14,11,7,10,13527,2024-03-17 22:00:00,Orlando Magic,Toronto Raptors
373,2637,Jahmi'us,Ramsey,Toronto Raptors,13527,5,SG,19,2,6,33.3,0,0,0,1,4,25.0,1,0,1,2,1,2,3,0,+7,Jahmi'us Ramsey,8,6,7,3,13527,2024-03-17 22:00:00,Orlando Magic,Toronto Raptors
374,3440,Javon,Freeman-Liberty,Toronto Raptors,13527,0,G,3,0,1,0,0,0,0,0,1,0,0,0,0,0,1,0,0,0,+5,Javon Freeman-Liberty,0,0,0,0,13527,2024-03-17 22:00:00,Orlando Magic,Toronto Raptors
375,246,Richaun,Holmes,Washington Wizards,13528,8,F,19,4,6,66.7,0,0,0,0,0,0,0,4,4,1,3,0,1,1,-18,Richaun Holmes,13,12,9,5,13528,2024-03-17 22:00:00,Washington Wizards,Boston Celtics
376,3413,Patrick,Baldwin Jr.,Washington Wizards,13528,6,F,32,2,11,18.2,0,0,0,2,7,28.6,0,7,7,4,1,1,2,2,-16,Patrick Baldwin Jr.,17,13,10,11,13528,2024-03-17 22:00:00,Washington Wizards,Boston Celtics
377,2825,Corey,Kispert,Washington Wizards,13528,4,SF,21,1,5,20.0,1,2,50.0,1,5,20.0,0,2,2,1,3,0,1,0,-19,Corey Kispert,7,6,5,3,13528,2024-03-17 22:00:00,Washington Wizards,Boston Celtics
378,2798,Justin,Champagnie,Washington Wizards,13528,14,SF,36,5,11,45.5,2,2,100.0,2,4,50.0,2,6,8,1,2,2,3,0,-15,Justin Champagnie,23,22,15,9,13528,2024-03-17 22:00:00,Washington Wizards,Boston Celtics
379,1887,Jordan,Poole,Washington Wizards,13528,31,SG,23,12,19,63.2,4,5,80.0,3,6,50.0,1,1,2,4,2,0,1,0,-18,Jordan Poole,37,33,35,6,13528,2024-03-17 22:00:00,Washington Wizards,Boston Celtics
380,2590,Anthony,Gill,Washington Wizards,13528,13,PF,25,5,11,45.5,2,2,100.0,1,4,25.0,2,2,4,3,4,0,2,0,-7,Anthony Gill,20,17,16,7,13528,2024-03-17 22:00:00,Washington Wizards,Boston Celtics
381,2838,Eugene,Omoruyi,Washington Wizards,13528,0,F,15,0,1,0,0,0,0,0,1,0,1,1,2,2,2,0,1,0,-14,Eugene Omoruyi,4,2,2,4,13528,2024-03-17 22:00:00,Washington Wizards,Boston Celtics
382,2796,Jared,Butler,Washington Wizards,13528,8,SG,22,3,6,50.0,2,2,100.0,0,1,0,1,2,3,6,0,0,3,0,-4,Jared Butler,17,11,14,9,13528,2024-03-17 22:00:00,Washington Wizards,Boston Celtics
383,3576,Jules,Bernard,Washington Wizards,13528,12,G,24,5,12,41.7,1,1,100.0,1,4,25.0,2,2,4,1,0,0,2,0,-2,Jules Bernard,17,16,13,5,13528,2024-03-17 22:00:00,Washington Wizards,Boston Celtics
384,3428,Johnny,Davis,Washington Wizards,13528,8,G,22,4,7,57.1,0,0,0,0,2,0,1,3,4,1,3,0,0,2,-17,Johnny Davis,13,12,9,5,13528,2024-03-17 22:00:00,Washington Wizards,Boston Celtics
385,882,Jayson,Tatum,Boston Celtics,13528,30,SF,27,8,17,47.1,8,10,80.0,6,12,50.0,0,6,6,6,1,3,2,1,+26,Jayson Tatum,42,36,36,12,13528,2024-03-17 22:00:00,Washington Wizards,Boston Celtics
386,2812,Sam,Hauser,Boston Celtics,13528,30,SF,23,10,13,76.9,0,0,0,10,13,76.9,0,6,6,1,1,1,0,0,+18,Sam Hauser,37,36,31,7,13528,2024-03-17 22:00:00,Washington Wizards,Boston Celtics
387,2110,Oshae,Brissett,Boston Celtics,13528,7,SF,29,1,5,20.0,5,6,83.3,0,3,0,3,1,4,2,3,0,1,0,+17,Oshae Brissett,13,11,9,6,13528,2024-03-17 22:00:00,Washington Wizards,Boston Celtics
388,248,Al,Horford,Boston Celtics,13528,14,C,23,5,7,71.4,2,2,100.0,2,4,50.0,2,2,4,2,3,0,1,0,+16,Al Horford,20,18,16,6,13528,2024-03-17 22:00:00,Washington Wizards,Boston Celtics
389,242,Jrue,Holiday,Boston Celtics,13528,7,PG,22,3,7,42.9,0,0,0,1,2,50.0,0,1,1,3,2,1,3,2,+17,Jrue Holiday,11,8,10,4,13528,2024-03-17 22:00:00,Washington Wizards,Boston Celtics
390,2656,Xavier,Tillman,Boston Celtics,13528,3,F,15,1,4,25.0,1,2,50.0,0,3,0,1,1,2,0,1,2,1,1,+8,Xavier Tillman,5,5,3,2,13528,2024-03-17 22:00:00,Washington Wizards,Boston Celtics
391,819,Luke,Kornet,Boston Celtics,13528,14,C,20,5,9,55.6,4,4,100.0,0,0,0,3,3,6,1,1,0,1,2,+9,Luke Kornet,21,20,15,7,13528,2024-03-17 22:00:00,Washington Wizards,Boston Celtics
392,2844,Neemias,Queta,Boston Celtics,13528,0,C,8,0,0,0,0,0,0,0,0,0,0,2,2,0,1,0,1,0,+2,Neemias Queta,2,2,0,2,13528,2024-03-17 22:00:00,Washington Wizards,Boston Celtics
393,2635,Payton,Pritchard,Boston Celtics,13528,14,PG,35,6,15,40.0,0,0,0,2,5,40.0,2,3,5,13,0,1,1,0,+16,Payton Pritchard,32,19,27,18,13528,2024-03-17 22:00:00,Washington Wizards,Boston Celtics
394,1006,Svi,Mykhailiuk,Boston Celtics,13528,9,SG,23,3,7,42.9,0,0,0,3,6,50.0,0,5,5,2,0,0,0,0,+7,Svi Mykhailiuk,16,14,11,7,13528,2024-03-17 22:00:00,Washington Wizards,Boston Celtics
395,2851,Jaden,Springer,Boston Celtics,13528,2,G,16,1,3,33.3,0,0,0,0,2,0,1,1,2,0,4,1,3,0,-6,Jaden Springer,4,4,2,2,13528,2024-03-17 22:00:00,Washington Wizards,Boston Celtics
396,3425,Julian,Champagnie,San Antonio Spurs,13529,0,F,16,0,3,0,0,0,0,0,3,0,0,1,1,0,1,0,1,0,-8,Julian Champagnie,1,1,0,1,13529,2024-03-17 23:00:00,San Antonio Spurs,Brooklyn Nets
397,3490,Jeremy,Sochan,San Antonio Spurs,13529,4,F,42,1,8,12.5,2,2,100.0,0,2,0,3,6,9,4,2,1,3,3,+3,Jeremy Sochan,17,13,8,13,13529,2024-03-17 23:00:00,San Antonio Spurs,Brooklyn Nets
398,4026,Victor,Wembanyama,San Antonio Spurs,13529,33,C,36,14,26,53.8,4,6,66.7,1,7,14.3,4,11,15,7,1,0,4,7,+5,Victor Wembanyama,55,48,40,22,13529,2024-03-17 23:00:00,San Antonio Spurs,Brooklyn Nets
399,2606,Tre,Jones,San Antonio Spurs,13529,11,PG,36,4,7,57.1,3,3,100.0,0,1,0,1,3,4,7,1,3,1,0,+7,Tre Jones,22,15,18,11,13529,2024-03-17 23:00:00,San Antonio Spurs,Brooklyn Nets
400,2661,Devin,Vassell,San Antonio Spurs,13529,25,SG,44,11,21,52.4,2,2,100.0,1,7,14.3,0,2,2,8,3,0,2,0,+8,Devin Vassell,35,27,33,10,13529,2024-03-17 23:00:00,San Antonio Spurs,Brooklyn Nets
401,762,Zach,Collins,San Antonio Spurs,13529,6,PF,17,1,3,33.3,4,4,100.0,0,1,0,2,5,7,2,4,2,2,0,+2,Zach Collins,15,13,8,9,13529,2024-03-17 23:00:00,San Antonio Spurs,Brooklyn Nets
402,854,Cedi,Osman,San Antonio Spurs,13529,10,SF,14,4,7,57.1,0,0,0,2,4,50.0,0,3,3,0,1,0,1,0,-1,Cedi Osman,13,13,10,3,13529,2024-03-17 23:00:00,San Antonio Spurs,Brooklyn Nets
403,1872,Keldon,Johnson,San Antonio Spurs,13529,24,SF,34,8,12,66.7,3,3,100.0,5,8,62.5,2,3,5,0,2,0,1,0,+14,Keldon Johnson,29,29,24,5,13529,2024-03-17 23:00:00,San Antonio Spurs,Brooklyn Nets
404,3419,Malaki,Branham,San Antonio Spurs,13529,7,G,16,2,8,25.0,3,3,100.0,0,3,0,1,2,3,2,0,0,1,0,+5,Malaki Branham,12,10,9,5,13529,2024-03-17 23:00:00,San Antonio Spurs,Brooklyn Nets
405,3499,Blake,Wesley,San Antonio Spurs,13529,2,G,10,1,4,25.0,0,0,0,0,1,0,0,1,1,0,2,0,1,0,0,Blake Wesley,3,3,2,1,13529,2024-03-17 23:00:00,San Antonio Spurs,Brooklyn Nets
406,175,Dorian,Finney-Smith,Brooklyn Nets,13529,8,PF,38,4,9,44.4,0,0,0,0,3,0,3,4,7,1,3,4,1,1,-9,Dorian Finney-Smith,16,15,9,8,13529,2024-03-17 23:00:00,San Antonio Spurs,Brooklyn Nets
407,940,Mikal,Bridges,Brooklyn Nets,13529,14,SF,40,5,16,31.3,1,1,100.0,3,7,42.9,1,6,7,5,3,1,3,0,-14,Mikal Bridges,26,21,19,12,13529,2024-03-17 23:00:00,San Antonio Spurs,Brooklyn Nets
408,1854,Nic,Claxton,Brooklyn Nets,13529,11,C,32,5,9,55.6,1,3,33.3,0,1,0,3,11,14,2,4,1,1,1,-9,Nic Claxton,27,25,13,16,13529,2024-03-17 23:00:00,San Antonio Spurs,Brooklyn Nets
409,472,Dennis,Schroder,Brooklyn Nets,13529,19,PG,42,8,19,42.1,1,2,50.0,2,6,33.3,0,3,3,7,2,1,5,1,-7,Dennis Schroder,29,22,26,10,13529,2024-03-17 23:00:00,San Antonio Spurs,Brooklyn Nets
410,2855,Cam,Thomas,Brooklyn Nets,13529,31,SG,39,12,23,52.2,6,6,100.0,1,5,20.0,0,3,3,5,2,2,0,0,+6,Cam Thomas,39,34,36,8,13529,2024-03-17 23:00:00,San Antonio Spurs,Brooklyn Nets
411,1871,Cameron,Johnson,Brooklyn Nets,13529,12,SF,27,4,9,44.4,3,4,75.0,1,5,20.0,1,4,5,2,1,1,0,0,+1,Cameron Johnson,19,17,14,7,13529,2024-03-17 23:00:00,San Antonio Spurs,Brooklyn Nets
412,2848,Day'Ron,Sharpe,Brooklyn Nets,13529,15,C,19,7,9,77.8,1,3,33.3,0,0,0,2,1,3,2,3,1,1,1,+3,Day'Ron Sharpe,20,18,17,5,13529,2024-03-17 23:00:00,San Antonio Spurs,Brooklyn Nets
413,876,Dennis,Smith Jr.,Brooklyn Nets,13529,5,PG,17,2,6,33.3,0,0,0,1,2,50.0,1,2,3,4,1,2,1,0,-6,Dennis Smith Jr.,12,8,9,7,13529,2024-03-17 23:00:00,San Antonio Spurs,Brooklyn Nets
414,1038,Lonnie,Walker IV,Brooklyn Nets,13529,0,G,11,0,2,0,0,0,0,0,2,0,0,3,3,1,1,0,0,1,0,Lonnie Walker IV,4,3,1,4,13529,2024-03-17 23:00:00,San Antonio Spurs,Brooklyn Nets
415,1902,Zion,Williamson,New Orleans Pelicans,13512,34,PF,35,14,21,66.7,6,10,60.0,0,0,0,4,3,7,4,2,3,3,1,+11,Zion Williamson,45,41,38,11,13512,2024-03-16 00:00:00,New Orleans Pelicans,LA Clippers
416,260,Brandon,Ingram,New Orleans Pelicans,13512,13,SF,35,4,12,33.3,3,4,75.0,2,4,50.0,0,5,5,7,3,1,0,0,+1,Brandon Ingram,25,18,20,12,13512,2024-03-16 00:00:00,New Orleans Pelicans,LA Clippers
417,2822,Herbert,Jones,New Orleans Pelicans,13512,7,SF,33,3,6,50.0,0,0,0,1,3,33.3,0,4,4,5,3,1,3,1,+6,Herbert Jones,16,11,12,9,13512,2024-03-16 00:00:00,New Orleans Pelicans,LA Clippers
418,525,Jonas,Valanciunas,New Orleans Pelicans,13512,4,C,18,1,6,16.7,2,2,100.0,0,1,0,2,4,6,0,3,0,0,0,-2,Jonas Valanciunas,10,10,4,6,13512,2024-03-16 00:00:00,New Orleans Pelicans,LA Clippers
419,347,CJ,McCollum,New Orleans Pelicans,13512,11,SG,30,5,13,38.5,0,0,0,1,7,14.3,0,6,6,4,1,1,2,0,0,CJ McCollum,21,17,15,10,13512,2024-03-16 00:00:00,New Orleans Pelicans,LA Clippers
420,385,Larry,Nance Jr.,New Orleans Pelicans,13512,12,PF,28,4,6,66.7,4,4,100.0,0,1,0,2,2,4,3,3,0,0,0,+9,Larry Nance Jr.,19,16,15,7,13512,2024-03-16 00:00:00,New Orleans Pelicans,LA Clippers
421,2668,Naji,Marshall,New Orleans Pelicans,13512,8,SF,14,3,8,37.5,0,0,0,2,5,40.0,0,2,2,1,3,1,0,0,+2,Naji Marshall,11,10,9,3,13512,2024-03-16 00:00:00,New Orleans Pelicans,LA Clippers
422,2941,Jose,Alvarado,New Orleans Pelicans,13512,9,PG,15,3,5,60.0,0,0,0,3,5,60.0,0,0,0,0,3,1,0,0,+5,Jose Alvarado,9,9,9,0,13512,2024-03-16 00:00:00,New Orleans Pelicans,LA Clippers
423,2837,Trey,Murphy III,New Orleans Pelicans,13512,14,SG,32,5,10,50.0,0,0,0,4,9,44.4,1,5,6,4,0,0,0,0,+8,Trey Murphy III,24,20,18,10,13512,2024-03-16 00:00:00,New Orleans Pelicans,LA Clippers
424,2990,Jalen,Crutcher,New Orleans Pelicans,13512,0,G,0,0,0,0,0,0,0,0,0,0,0,0,0,0,0,0,0,0,0,Jalen Crutcher,0,0,0,0,13512,2024-03-16 00:00:00,New Orleans Pelicans,LA Clippers
425,3421,Izaiah,Brockington,New Orleans Pelicans,13512,0,G,0,0,0,0,0,0,0,0,0,0,0,0,0,0,0,0,0,0,0,Izaiah Brockington,0,0,0,0,13512,2024-03-16 00:00:00,New Orleans Pelicans,LA Clippers
426,189,Paul,George,LA Clippers,13512,26,F,41,10,21,47.6,3,3,100.0,3,9,33.3,0,5,5,6,1,1,2,1,-9,Paul George,37,31,32,11,13512,2024-03-16 00:00:00,New Orleans Pelicans,LA Clippers
427,314,Kawhi,Leonard,LA Clippers,13512,23,SF,39,8,15,53.3,6,6,100.0,1,3,33.3,1,6,7,2,1,0,1,2,0,Kawhi Leonard,32,30,25,9,13512,2024-03-16 00:00:00,New Orleans Pelicans,LA Clippers
428,575,Ivica,Zubac,LA Clippers,13512,9,C,33,4,7,57.1,1,2,50.0,0,0,0,2,9,11,2,3,1,1,1,-12,Ivica Zubac,22,20,11,13,13512,2024-03-16 00:00:00,New Orleans Pelicans,LA Clippers
429,2816,Bones,Hyland,LA Clippers,13512,5,PG,24,2,9,22.2,0,0,0,1,6,16.7,1,1,2,4,1,2,2,1,-1,Bones Hyland,11,7,9,6,13512,2024-03-16 00:00:00,New Orleans Pelicans,LA Clippers
430,1877,Terance,Mann,LA Clippers,13512,9,SG,18,3,5,60.0,2,2,100.0,1,1,100.0,1,3,4,0,1,1,1,0,+3,Terance Mann,13,13,9,4,13512,2024-03-16 00:00:00,New Orleans Pelicans,LA Clippers
431,520,P.J.,Tucker,LA Clippers,13512,6,PF,24,2,3,66.7,0,0,0,2,3,66.7,0,2,2,0,2,0,1,3,-2,P.J. Tucker,8,8,6,2,13512,2024-03-16 00:00:00,New Orleans Pelicans,LA Clippers
432,886,Daniel,Theis,LA Clippers,13512,0,C,7,0,2,0,0,0,0,0,1,0,0,1,1,0,1,0,0,0,-1,Daniel Theis,1,1,0,1,13512,2024-03-16 00:00:00,New Orleans Pelicans,LA Clippers
433,426,Mason,Plumlee,LA Clippers,13512,3,C,6,1,1,100.0,1,1,100.0,0,0,0,0,2,2,0,2,0,1,0,+7,Mason Plumlee,5,5,3,2,13512,2024-03-16 00:00:00,New Orleans Pelicans,LA Clippers
434,2115,Amir,Coffey,LA Clippers,13512,8,SG,22,3,5,60.0,0,0,0,2,4,50.0,0,3,3,3,2,0,2,0,-14,Amir Coffey,14,11,11,6,13512,2024-03-16 00:00:00,New Orleans Pelicans,LA Clippers
435,434,Norman,Powell,LA Clippers,13512,15,G,26,4,9,44.4,5,5,100.0,2,6,33.3,0,0,0,1,3,1,1,0,-11,Norman Powell,16,15,16,1,13512,2024-03-16 00:00:00,New Orleans Pelicans,LA Clippers
436,3425,Julian,Champagnie,San Antonio Spurs,13513,10,F,26,3,7,42.9,1,2,50.0,3,6,50.0,0,1,1,1,1,0,0,0,-7,Julian Champagnie,12,11,11,2,13513,2024-03-16 00:30:00,San Antonio Spurs,Denver Nuggets
437,3490,Jeremy,Sochan,San Antonio Spurs,13513,19,F,28,8,16,50.0,2,3,66.7,1,3,33.3,4,2,6,4,1,1,3,0,-1,Jeremy Sochan,29,25,23,10,13513,2024-03-16 00:30:00,San Antonio Spurs,Denver Nuggets
438,4026,Victor,Wembanyama,San Antonio Spurs,13513,17,C,33,4,12,33.3,8,9,88.9,1,5,20.0,4,5,9,2,5,2,4,3,-3,Victor Wembanyama,28,26,19,11,13513,2024-03-16 00:30:00,San Antonio Spurs,Denver Nuggets
439,2606,Tre,Jones,San Antonio Spurs,13513,8,PG,33,2,6,33.3,3,4,75.0,1,2,50.0,0,6,6,9,0,1,3,0,-4,Tre Jones,23,14,17,15,13513,2024-03-16 00:30:00,San Antonio Spurs,Denver Nuggets
440,2661,Devin,Vassell,San Antonio Spurs,13513,17,SG,39,6,13,46.2,2,3,66.7,3,6,50.0,0,2,2,2,1,1,1,1,-5,Devin Vassell,21,19,19,4,13513,2024-03-16 00:30:00,San Antonio Spurs,Denver Nuggets
441,762,Zach,Collins,San Antonio Spurs,13513,13,PF,15,5,8,62.5,2,2,100.0,1,1,100.0,0,6,6,0,1,0,2,0,-8,Zach Collins,19,19,13,6,13513,2024-03-16 00:30:00,San Antonio Spurs,Denver Nuggets
442,3415,Dominick,Barlow,San Antonio Spurs,13513,6,F,13,3,3,100.0,0,0,0,0,0,0,2,4,6,1,1,0,1,0,+3,Dominick Barlow,13,12,7,7,13513,2024-03-16 00:30:00,San Antonio Spurs,Denver Nuggets
443,1872,Keldon,Johnson,San Antonio Spurs,13513,9,SF,26,4,7,57.1,0,0,0,1,4,25.0,1,6,7,2,2,1,2,0,-13,Keldon Johnson,18,16,11,9,13513,2024-03-16 00:30:00,San Antonio Spurs,Denver Nuggets
444,3419,Malaki,Branham,San Antonio Spurs,13513,2,G,12,1,5,20.0,0,0,0,0,2,0,0,0,0,0,0,0,0,0,-10,Malaki Branham,2,2,2,0,13513,2024-03-16 00:30:00,San Antonio Spurs,Denver Nuggets
445,3499,Blake,Wesley,San Antonio Spurs,13513,5,G,15,1,4,25.0,3,4,75.0,0,0,0,1,0,1,2,1,0,0,0,-7,Blake Wesley,8,6,7,3,13513,2024-03-16 00:30:00,San Antonio Spurs,Denver Nuggets
446,195,Aaron,Gordon,Denver Nuggets,13513,7,PF,25,3,3,100.0,1,2,50.0,0,0,0,1,2,3,7,2,0,1,0,+3,Aaron Gordon,17,10,14,10,13513,2024-03-16 00:30:00,San Antonio Spurs,Denver Nuggets
447,1014,Michael,Porter Jr.,Denver Nuggets,13513,13,SF,23,5,9,55.6,1,1,100.0,2,5,40.0,0,7,7,1,1,1,0,0,+5,Michael Porter Jr.,21,20,14,8,13513,2024-03-16 00:30:00,San Antonio Spurs,Denver Nuggets
448,279,Nikola,Jokic,Denver Nuggets,13513,31,C,31,13,19,68.4,4,4,100.0,1,3,33.3,1,6,7,5,1,0,3,2,+7,Nikola Jokic,43,38,36,12,13513,2024-03-16 00:30:00,San Antonio Spurs,Denver Nuggets
449,383,Jamal,Murray,Denver Nuggets,13513,15,PG,34,6,16,37.5,2,2,100.0,1,2,50.0,2,8,10,8,4,4,3,0,+9,Jamal Murray,33,25,23,18,13513,2024-03-16 00:30:00,San Antonio Spurs,Denver Nuggets
450,89,Kentavious,Caldwell-Pope,Denver Nuggets,13513,4,SG,27,2,5,40.0,0,0,0,0,1,0,0,0,0,3,3,3,2,0,+4,Kentavious Caldwell-Pope,7,4,7,3,13513,2024-03-16 00:30:00,San Antonio Spurs,Denver Nuggets
451,2627,Zeke,Nnaji,Denver Nuggets,13513,4,PF,16,2,2,100.0,0,0,0,0,0,0,1,3,4,2,1,0,0,3,+6,Zeke Nnaji,10,8,6,6,13513,2024-03-16 00:30:00,San Antonio Spurs,Denver Nuggets
452,3498,Peyton,Watson,Denver Nuggets,13513,10,F,23,5,11,45.5,0,1,0,0,3,0,1,2,3,2,4,0,1,0,+8,Peyton Watson,15,13,12,5,13513,2024-03-16 00:30:00,San Antonio Spurs,Denver Nuggets
453,243,Justin,Holiday,Denver Nuggets,13513,13,SF,21,5,9,55.6,0,0,0,3,6,50.0,0,1,1,2,2,2,0,0,+7,Justin Holiday,16,14,15,3,13513,2024-03-16 00:30:00,San Antonio Spurs,Denver Nuggets
454,2814,Jay,Huff,Denver Nuggets,13513,0,C,1,0,0,0,0,0,0,0,0,0,0,0,0,0,0,0,0,0,-2,Jay Huff,0,0,0,0,13513,2024-03-16 00:30:00,San Antonio Spurs,Denver Nuggets
455,264,Reggie,Jackson,Denver Nuggets,13513,7,PG,14,3,8,37.5,0,0,0,1,2,50.0,0,1,1,3,1,0,1,0,+2,Reggie Jackson,11,8,10,4,13513,2024-03-16 00:30:00,San Antonio Spurs,Denver Nuggets
456,3420,Christian,Braun,Denver Nuggets,13513,13,G,24,5,7,71.4,1,2,50.0,2,3,66.7,1,3,4,4,1,3,1,0,+8,Christian Braun,21,17,17,8,13513,2024-03-16 00:30:00,San Antonio Spurs,Denver Nuggets
457,3966,Julian,Strawther,Denver Nuggets,13513,0,G,1,0,0,0,0,0,0,0,0,0,0,0,0,0,0,0,0,0,-2,Julian Strawther,0,0,0,0,13513,2024-03-16 00:30:00,San Antonio Spurs,Denver Nuggets
458,761,John,Collins,Utah Jazz,13514,18,PF,30,7,10,70.0,2,3,66.7,2,2,100.0,3,8,11,2,4,0,2,1,-4,John Collins,31,29,20,13,13514,2024-03-16 01:30:00,Utah Jazz,Atlanta Hawks
459,4031,Taylor,Hendricks,Utah Jazz,13514,3,F,19,1,7,14.3,1,2,50.0,0,3,0,2,8,10,0,5,0,0,3,+1,Taylor Hendricks,13,13,3,10,13514,2024-03-16 01:30:00,Utah Jazz,Atlanta Hawks
460,4034,Brice,Sensabaugh,Utah Jazz,13514,14,F,28,5,9,55.6,4,4,100.0,0,4,0,0,4,4,2,2,0,1,0,-5,Brice Sensabaugh,20,18,16,6,13514,2024-03-16 01:30:00,Utah Jazz,Atlanta Hawks
461,1021,Collin,Sexton,Utah Jazz,13514,21,PG,31,9,16,56.3,0,0,0,3,6,50.0,0,4,4,6,2,2,1,0,+6,Collin Sexton,31,25,27,10,13514,2024-03-16 01:30:00,Utah Jazz,Atlanta Hawks
462,4029,Keyonte,George,Utah Jazz,13514,25,G,35,8,19,42.1,8,8,100.0,1,7,14.3,0,4,4,5,2,2,2,0,0,Keyonte George,34,29,30,9,13514,2024-03-16 01:30:00,Utah Jazz,Atlanta Hawks
463,3358,Micah,Potter,Utah Jazz,13514,11,C,14,4,4,100.0,1,1,100.0,2,2,100.0,1,1,2,1,1,0,0,0,+3,Micah Potter,14,13,12,3,13514,2024-03-16 01:30:00,Utah Jazz,Atlanta Hawks
464,3457,Walker,Kessler,Utah Jazz,13514,6,C,26,3,5,60.0,0,0,0,0,0,0,3,6,9,1,2,1,2,2,0,Walker Kessler,16,15,7,10,13514,2024-03-16 01:30:00,Utah Jazz,Atlanta Hawks
465,1867,Talen,Horton-Tucker,Utah Jazz,13514,5,SG,19,1,6,16.7,2,2,100.0,1,4,25.0,0,0,0,5,1,1,1,1,0,Talen Horton-Tucker,10,5,10,5,13514,2024-03-16 01:30:00,Utah Jazz,Atlanta Hawks
466,2842,Jason,Preston,Utah Jazz,13514,2,G,12,1,3,33.3,0,0,0,0,0,0,1,1,2,2,1,0,1,0,+6,Jason Preston,6,4,4,4,13514,2024-03-16 01:30:00,Utah Jazz,Atlanta Hawks
467,3454,Johnny,Juzang,Utah Jazz,13514,19,G,25,7,11,63.6,0,0,0,5,8,62.5,0,3,3,0,1,0,1,0,+3,Johnny Juzang,22,22,19,3,13514,2024-03-16 01:30:00,Utah Jazz,Atlanta Hawks
468,2819,Jalen,Johnson,Atlanta Hawks,13514,26,SF,35,8,23,34.8,6,10,60.0,4,8,50.0,1,4,5,5,1,0,3,0,-2,Jalen Johnson,36,31,31,10,13514,2024-03-16 01:30:00,Utah Jazz,Atlanta Hawks
469,92,Clint,Capela,Atlanta Hawks,13514,10,C,32,4,8,50.0,2,4,50.0,0,0,0,7,8,15,4,2,0,1,2,0,Clint Capela,29,25,14,19,13514,2024-03-16 01:30:00,Utah Jazz,Atlanta Hawks
470,341,Wesley,Matthews,Atlanta Hawks,13514,13,SG,17,4,5,80.0,2,2,100.0,3,3,100.0,0,3,3,1,1,0,0,1,-3,Wesley Matthews,17,16,14,4,13514,2024-03-16 01:30:00,Utah Jazz,Atlanta Hawks
471,382,Dejounte,Murray,Atlanta Hawks,13514,33,SG,39,10,27,37.0,8,9,88.9,5,14,35.7,2,4,6,9,0,2,3,0,+6,Dejounte Murray,48,39,42,15,13514,2024-03-16 01:30:00,Utah Jazz,Atlanta Hawks
472,2608,Vit,Krejci,Atlanta Hawks,13514,2,G,29,1,5,20.0,0,0,0,0,3,0,0,0,0,2,4,1,0,0,+5,Vit Krejci,4,2,4,2,13514,2024-03-16 01:30:00,Utah Jazz,Atlanta Hawks
473,1858,Bruno,Fernando,Atlanta Hawks,13514,2,PF,16,1,1,100.0,0,0,0,0,0,0,1,4,5,2,3,2,0,0,-2,Bruno Fernando,9,7,4,7,13514,2024-03-16 01:30:00,Utah Jazz,Atlanta Hawks
474,1868,De'Andre,Hunter,Atlanta Hawks,13514,27,SF,32,10,17,58.8,2,2,100.0,5,7,71.4,0,2,2,1,2,1,2,0,+4,De'Andre Hunter,30,29,28,3,13514,2024-03-16 01:30:00,Utah Jazz,Atlanta Hawks
475,2327,Garrison,Mathews,Atlanta Hawks,13514,9,SG,22,3,5,60.0,0,0,0,3,4,75.0,0,3,3,4,2,1,0,1,-11,Garrison Mathews,16,12,13,7,13514,2024-03-16 01:30:00,Utah Jazz,Atlanta Hawks
476,2589,Trent,Forrest,Atlanta Hawks,13514,0,G,19,0,1,0,0,0,0,0,0,0,0,2,2,4,1,0,0,1,-7,Trent Forrest,6,2,4,6,13514,2024-03-16 01:30:00,Utah Jazz,Atlanta Hawks
477,3489,Jabari,Smith Jr.,Houston Rockets,13515,20,PF,32,8,13,61.5,1,1,100.0,3,5,60.0,3,4,7,2,3,1,2,3,+22,Jabari Smith Jr.,29,27,22,9,13515,2024-03-16 21:00:00,Houston Rockets,Cleveland Cavaliers
478,3977,Amen,Thompson,Houston Rockets,13515,18,F,26,8,11,72.7,2,3,66.7,0,0,0,3,5,8,0,3,1,1,0,+13,Amen Thompson,26,26,18,8,13515,2024-03-16 21:00:00,Houston Rockets,Cleveland Cavaliers
479,749,Dillon,Brooks,Houston Rockets,13515,12,SF,26,5,12,41.7,0,0,0,2,6,33.3,1,2,3,2,4,2,1,0,+7,Dillon Brooks,17,15,14,5,13515,2024-03-16 21:00:00,Houston Rockets,Cleveland Cavaliers
480,527,Fred,VanVleet,Houston Rockets,13515,13,PG,35,5,15,33.3,0,0,0,3,8,37.5,1,4,5,16,0,1,1,1,+14,Fred VanVleet,34,18,29,21,13515,2024-03-16 21:00:00,Houston Rockets,Cleveland Cavaliers
481,2810,Jalen,Green,Houston Rockets,13515,26,SG,33,9,20,45.0,4,6,66.7,4,9,44.4,2,9,11,4,0,1,1,2,+16,Jalen Green,41,37,30,15,13515,2024-03-16 21:00:00,Houston Rockets,Cleveland Cavaliers
482,207,Jeff,Green,Houston Rockets,13515,9,PF,26,4,8,50.0,0,0,0,1,4,25.0,0,4,4,1,1,1,1,0,0,Jeff Green,14,13,10,5,13515,2024-03-16 21:00:00,Houston Rockets,Cleveland Cavaliers
483,82,Reggie,Bullock,Houston Rockets,13515,3,SF,16,1,2,50.0,0,0,0,1,2,50.0,0,5,5,0,0,0,2,0,-2,Reggie Bullock,8,8,3,5,13515,2024-03-16 21:00:00,Houston Rockets,Cleveland Cavaliers
484,2650,Jae'Sean,Tate,Houston Rockets,13515,8,SF,13,3,6,50.0,1,2,50.0,1,3,33.3,0,1,1,0,2,1,0,0,+1,Jae'Sean Tate,9,9,8,1,13515,2024-03-16 21:00:00,Houston Rockets,Cleveland Cavaliers
485,337,Boban,Marjanovic,Houston Rockets,13515,0,C,2,0,1,0,0,0,0,0,0,0,0,0,0,0,1,0,0,0,-4,Boban Marjanovic,0,0,0,0,13515,2024-03-16 21:00:00,Houston Rockets,Cleveland Cavaliers
486,1485,Jock,Landale,Houston Rockets,13515,6,C,17,3,5,60.0,0,0,0,0,2,0,1,2,3,0,2,0,0,1,+7,Jock Landale,9,9,6,3,13515,2024-03-16 21:00:00,Houston Rockets,Cleveland Cavaliers
487,979,Aaron,Holiday,Houston Rockets,13515,2,G,12,1,4,25.0,0,0,0,0,2,0,0,1,1,3,3,1,0,0,0,Aaron Holiday,6,3,5,4,13515,2024-03-16 21:00:00,Houston Rockets,Cleveland Cavaliers
488,3931,Jeenathan,Williams,Houston Rockets,13515,0,G,2,0,1,0,0,0,0,0,1,0,0,0,0,0,0,0,0,0,-4,Jeenathan Williams,0,0,0,0,13515,2024-03-16 21:00:00,Houston Rockets,Cleveland Cavaliers
489,391,Georges,Niang,Cleveland Cavaliers,13515,14,SF,29,4,8,50.0,4,4,100.0,2,5,40.0,0,5,5,2,1,0,2,0,-17,Georges Niang,21,19,16,7,13515,2024-03-16 21:00:00,Houston Rockets,Cleveland Cavaliers
490,2630,Isaac,Okoro,Cleveland Cavaliers,13515,10,SF,33,4,12,33.3,0,0,0,2,7,28.6,0,2,2,1,3,0,1,1,-13,Isaac Okoro,13,12,11,3,13515,2024-03-16 21:00:00,Houston Rockets,Cleveland Cavaliers
491,727,Jarrett,Allen,Cleveland Cavaliers,13515,10,C,26,4,7,57.1,2,2,100.0,0,0,0,0,7,7,0,2,0,3,3,-14,Jarrett Allen,17,17,10,7,13515,2024-03-16 21:00:00,Houston Rockets,Cleveland Cavaliers
492,1860,Darius,Garland,Cleveland Cavaliers,13515,12,PG,33,5,13,38.5,1,2,50.0,1,6,16.7,0,5,5,4,0,1,0,0,-16,Darius Garland,21,17,16,9,13515,2024-03-16 21:00:00,Houston Rockets,Cleveland Cavaliers
493,840,Donovan,Mitchell,Cleveland Cavaliers,13515,13,SG,26,4,13,30.8,2,2,100.0,3,8,37.5,0,3,3,2,0,1,2,0,-15,Donovan Mitchell,18,16,15,5,13515,2024-03-16 21:00:00,Houston Rockets,Cleveland Cavaliers
494,515,Tristan,Thompson,Cleveland Cavaliers,13515,5,C,15,2,3,66.7,1,2,50.0,0,0,0,3,2,5,1,2,1,2,0,-6,Tristan Thompson,11,10,6,6,13515,2024-03-16 21:00:00,Houston Rockets,Cleveland Cavaliers
495,281,Damian,Jones,Cleveland Cavaliers,13515,3,C,11,1,4,25.0,1,1,100.0,0,2,0,3,3,6,1,1,0,1,1,+5,Damian Jones,10,9,4,7,13515,2024-03-16 21:00:00,Houston Rockets,Cleveland Cavaliers
496,317,Caris,LeVert,Cleveland Cavaliers,13515,21,SG,32,8,14,57.1,4,5,80.0,1,4,25.0,1,2,3,7,3,3,1,1,-3,Caris LeVert,31,24,28,10,13515,2024-03-16 21:00:00,Houston Rockets,Cleveland Cavaliers
497,2623,Sam,Merrill,Cleveland Cavaliers,13515,11,SG,28,3,5,60.0,2,2,100.0,3,5,60.0,0,8,8,2,0,0,1,1,+2,Sam Merrill,21,19,13,10,13515,2024-03-16 21:00:00,Houston Rockets,Cleveland Cavaliers
498,4043,Craig Jr.,Porter,Cleveland Cavaliers,13515,4,G,6,2,3,66.7,0,0,0,0,1,0,0,1,1,2,0,0,2,0,+7,Craig Jr. Porter,7,5,6,3,13515,2024-03-16 21:00:00,Houston Rockets,Cleveland Cavaliers
499,479,Pascal,Siakam,Indiana Pacers,13516,28,PF,28,11,22,50.0,6,6,100.0,0,1,0,4,7,11,4,3,3,2,0,+22,Pascal Siakam,43,39,32,15,13516,2024-03-16 23:00:00,Indiana Pacers,Brooklyn Nets
500,2626,Aaron,Nesmith,Indiana Pacers,13516,16,SF,26,5,8,62.5,5,5,100.0,1,2,50.0,2,2,4,3,3,2,0,2,+16,Aaron Nesmith,23,20,19,7,13516,2024-03-16 23:00:00,Indiana Pacers,Brooklyn Nets
501,522,Myles,Turner,Indiana Pacers,13516,11,C,25,5,10,50.0,1,1,100.0,0,2,0,3,4,7,1,3,1,0,0,+16,Myles Turner,19,18,12,8,13516,2024-03-16 23:00:00,Indiana Pacers,Brooklyn Nets
502,3476,Andrew,Nembhard,Indiana Pacers,13516,7,PG,32,3,5,60.0,0,1,0,1,3,33.3,0,2,2,3,3,1,1,0,+16,Andrew Nembhard,12,9,10,5,13516,2024-03-16 23:00:00,Indiana Pacers,Brooklyn Nets
503,2595,Tyrese,Haliburton,Indiana Pacers,13516,14,PG,31,6,18,33.3,1,1,100.0,1,9,11.1,0,7,7,4,0,2,2,1,+19,Tyrese Haliburton,25,21,18,11,13516,2024-03-16 23:00:00,Indiana Pacers,Brooklyn Nets
504,2658,Obi,Toppin,Indiana Pacers,13516,6,PF,18,3,5,60.0,0,0,0,0,2,0,2,1,3,2,2,1,0,0,+6,Obi Toppin,11,9,8,5,13516,2024-03-16 23:00:00,Indiana Pacers,Brooklyn Nets
505,2644,Jalen,Smith,Indiana Pacers,13516,9,PF,19,4,8,50.0,0,0,0,1,3,33.3,4,1,5,0,3,0,0,0,-2,Jalen Smith,14,14,9,5,13516,2024-03-16 23:00:00,Indiana Pacers,Brooklyn Nets
506,3981,Jarace,Walker,Indiana Pacers,13516,0,F,9,0,5,0,0,0,0,0,3,0,0,1,1,0,2,0,1,1,+2,Jarace Walker,1,1,0,1,13516,2024-03-16 23:00:00,Indiana Pacers,Brooklyn Nets
507,2817,Isaiah,Jackson,Indiana Pacers,13516,4,SF,3,2,2,100.0,0,0,0,0,0,0,1,2,3,0,0,0,0,0,0,Isaiah Jackson,7,7,4,3,13516,2024-03-16 23:00:00,Indiana Pacers,Brooklyn Nets
508,348,T.J.,McConnell,Indiana Pacers,13516,13,PG,20,6,14,42.9,0,0,0,1,1,100.0,1,4,5,1,4,2,2,0,+8,T.J. McConnell,19,18,14,6,13516,2024-03-16 23:00:00,Indiana Pacers,Brooklyn Nets
509,3423,Kendall,Brown,Indiana Pacers,13516,2,SG,3,1,1,100.0,0,0,0,0,0,0,0,0,0,1,0,0,1,0,0,Kendall Brown,3,2,3,1,13516,2024-03-16 23:00:00,Indiana Pacers,Brooklyn Nets
510,3979,Ben,Sheppard,Indiana Pacers,13516,11,G,24,4,7,57.1,2,2,100.0,1,4,25.0,0,1,1,2,0,1,1,0,+8,Ben Sheppard,14,12,13,3,13516,2024-03-16 23:00:00,Indiana Pacers,Brooklyn Nets
511,3452,Quenton,Jackson,Indiana Pacers,13516,0,G,2,0,0,0,0,0,0,0,0,0,0,1,1,0,0,0,0,0,-6,Quenton Jackson,1,1,0,1,13516,2024-03-16 23:00:00,Indiana Pacers,Brooklyn Nets
512,175,Dorian,Finney-Smith,Brooklyn Nets,13516,12,PF,26,5,5,100.0,0,0,0,2,2,100.0,1,3,4,0,4,1,0,0,-7,Dorian Finney-Smith,16,16,12,4,13516,2024-03-16 23:00:00,Indiana Pacers,Brooklyn Nets
513,940,Mikal,Bridges,Brooklyn Nets,13516,7,SF,29,1,8,12.5,4,4,100.0,1,4,25.0,3,4,7,4,0,0,1,0,-11,Mikal Bridges,18,14,11,11,13516,2024-03-16 23:00:00,Indiana Pacers,Brooklyn Nets
514,1854,Nic,Claxton,Brooklyn Nets,13516,9,C,25,4,6,66.7,1,3,33.3,0,0,0,2,8,10,1,2,1,0,2,-8,Nic Claxton,20,19,10,11,13516,2024-03-16 23:00:00,Indiana Pacers,Brooklyn Nets
515,472,Dennis,Schroder,Brooklyn Nets,13516,13,PG,31,4,13,30.8,3,4,75.0,2,4,50.0,0,2,2,5,1,1,4,0,-14,Dennis Schroder,20,15,18,7,13516,2024-03-16 23:00:00,Indiana Pacers,Brooklyn Nets
516,2855,Cam,Thomas,Brooklyn Nets,13516,22,SG,32,7,16,43.8,6,6,100.0,2,6,33.3,2,6,8,2,3,0,5,0,-4,Cam Thomas,32,30,24,10,13516,2024-03-16 23:00:00,Indiana Pacers,Brooklyn Nets
517,2861,Trendon,Watford,Brooklyn Nets,13516,12,PF,19,3,6,50.0,6,7,85.7,0,0,0,0,0,0,1,1,2,1,1,-15,Trendon Watford,13,12,13,1,13516,2024-03-16 23:00:00,Indiana Pacers,Brooklyn Nets
518,3946,Jalen,Wilson,Brooklyn Nets,13516,2,F,5,1,2,50.0,0,0,0,0,0,0,0,0,0,0,1,0,0,0,-7,Jalen Wilson,2,2,2,0,13516,2024-03-16 23:00:00,Indiana Pacers,Brooklyn Nets
519,3944,Noah,Clowney,Brooklyn Nets,13516,0,F,4,0,1,0,0,0,0,0,1,0,0,1,1,0,0,0,2,0,-5,Noah Clowney,1,1,0,1,13516,2024-03-16 23:00:00,Indiana Pacers,Brooklyn Nets
520,934,Keita,Bates-Diop,Brooklyn Nets,13516,0,SF,4,0,0,0,0,0,0,0,0,0,0,1,1,0,1,0,0,0,-3,Keita Bates-Diop,1,1,0,1,13516,2024-03-16 23:00:00,Indiana Pacers,Brooklyn Nets
521,1871,Cameron,Johnson,Brooklyn Nets,13516,14,SF,27,4,11,36.4,3,4,75.0,3,7,42.9,1,3,4,2,0,2,2,0,-14,Cameron Johnson,20,18,16,6,13516,2024-03-16 23:00:00,Indiana Pacers,Brooklyn Nets
522,2848,Day'Ron,Sharpe,Brooklyn Nets,13516,3,C,14,1,1,100.0,1,3,33.3,0,0,0,3,4,7,1,2,1,4,0,-6,Day'Ron Sharpe,11,10,4,8,13516,2024-03-16 23:00:00,Indiana Pacers,Brooklyn Nets
523,876,Dennis,Smith Jr.,Brooklyn Nets,13516,4,PG,11,2,4,50.0,0,0,0,0,1,0,0,0,0,2,3,0,1,0,-4,Dennis Smith Jr.,6,4,6,2,13516,2024-03-16 23:00:00,Indiana Pacers,Brooklyn Nets
524,1038,Lonnie,Walker IV,Brooklyn Nets,13516,2,G,14,1,4,25.0,0,0,0,0,0,0,0,1,1,0,0,0,0,0,-7,Lonnie Walker IV,3,3,2,1,13516,2024-03-16 23:00:00,Indiana Pacers,Brooklyn Nets
525,40,Nicolas,Batum,Philadelphia 76ers,13517,8,PF,37,3,7,42.9,0,0,0,2,6,33.3,3,5,8,4,3,3,2,2,+23,Nicolas Batum,20,16,12,12,13517,2024-03-16 23:00:00,Philadelphia 76ers,Charlotte Hornets
526,932,Mo,Bamba,Philadelphia 76ers,13517,3,C,28,1,2,50.0,0,0,0,1,2,50.0,0,8,8,0,4,1,3,1,+1,Mo Bamba,11,11,3,8,13517,2024-03-16 23:00:00,Philadelphia 76ers,Charlotte Hornets
527,327,Kyle,Lowry,Philadelphia 76ers,13517,5,PG,29,1,5,20.0,2,2,100.0,1,5,20.0,0,6,6,7,4,3,1,0,+15,Kyle Lowry,18,11,12,13,13517,2024-03-16 23:00:00,Philadelphia 76ers,Charlotte Hornets
528,2619,Tyrese,Maxey,Philadelphia 76ers,13517,30,PG,40,8,20,40.0,11,12,91.7,3,9,33.3,0,3,3,4,2,0,2,0,+15,Tyrese Maxey,37,33,34,7,13517,2024-03-16 23:00:00,Philadelphia 76ers,Charlotte Hornets
529,407,Kelly,Oubre Jr.,Philadelphia 76ers,13517,22,SG,34,8,16,50.0,5,5,100.0,1,5,20.0,1,2,3,1,4,1,4,0,+4,Kelly Oubre Jr.,26,25,23,4,13517,2024-03-16 23:00:00,Philadelphia 76ers,Charlotte Hornets
530,2617,Kenyon,Martin Jr.,Philadelphia 76ers,13517,6,F,13,2,3,66.7,1,1,100.0,1,1,100.0,1,2,3,2,4,0,1,0,-8,Kenyon Martin Jr.,11,9,8,5,13517,2024-03-16 23:00:00,Philadelphia 76ers,Charlotte Hornets
531,2638,Paul,Reed,Philadelphia 76ers,13517,11,SF,20,3,9,33.3,5,5,100.0,0,2,0,5,3,8,1,1,0,0,1,+10,Paul Reed,20,19,12,9,13517,2024-03-16 23:00:00,Philadelphia 76ers,Charlotte Hornets
532,417,Cameron,Payne,Philadelphia 76ers,13517,10,PG,19,4,7,57.1,0,0,0,2,5,40.0,0,0,0,4,0,1,1,0,0,Cameron Payne,14,10,14,4,13517,2024-03-16 23:00:00,Philadelphia 76ers,Charlotte Hornets
533,236,Buddy,Hield,Philadelphia 76ers,13517,14,SG,20,6,12,50.0,0,0,0,2,6,33.3,0,2,2,2,1,0,1,0,-5,Buddy Hield,18,16,16,4,13517,2024-03-16 23:00:00,Philadelphia 76ers,Charlotte Hornets
534,3950,Brandon,Miller,Charlotte Hornets,13517,6,F,15,3,7,42.9,0,0,0,0,2,0,1,1,2,1,3,0,3,1,-8,Brandon Miller,9,8,7,3,13517,2024-03-16 23:00:00,Philadelphia 76ers,Charlotte Hornets
535,941,Miles,Bridges,Charlotte Hornets,13517,14,SF,39,5,15,33.3,3,4,75.0,1,6,16.7,2,7,9,6,0,1,3,0,-16,Miles Bridges,29,23,20,15,13517,2024-03-16 23:00:00,Philadelphia 76ers,Charlotte Hornets
536,2639,Nick,Richards,Charlotte Hornets,13517,11,C,30,4,5,80.0,3,3,100.0,0,0,0,3,8,11,0,3,1,1,1,+11,Nick Richards,22,22,11,11,13517,2024-03-16 23:00:00,Philadelphia 76ers,Charlotte Hornets
537,2831,Tre,Mann,Charlotte Hornets,13517,21,PG,37,7,16,43.8,4,7,57.1,3,6,50.0,3,5,8,6,3,4,2,0,-3,Tre Mann,35,29,27,14,13517,2024-03-16 23:00:00,Philadelphia 76ers,Charlotte Hornets
538,2739,Vasilije,Micic,Charlotte Hornets,13517,11,G,33,5,12,41.7,0,0,0,1,4,25.0,0,2,2,4,1,1,5,1,-14,Vasilije Micic,17,13,15,6,13517,2024-03-16 23:00:00,Philadelphia 76ers,Charlotte Hornets
539,1901,Grant,Williams,Charlotte Hornets,13517,14,PF,27,6,10,60.0,0,0,0,2,4,50.0,2,1,3,1,4,1,2,1,-17,Grant Williams,18,17,15,4,13517,2024-03-16 23:00:00,Philadelphia 76ers,Charlotte Hornets
540,2633,Aleksej,Pokusevski,Charlotte Hornets,13517,5,F,21,2,7,28.6,0,0,0,1,3,33.3,1,2,3,2,2,2,0,0,-6,Aleksej Pokusevski,10,8,7,5,13517,2024-03-16 23:00:00,Philadelphia 76ers,Charlotte Hornets
541,52,Davis,Bertans,Charlotte Hornets,13517,16,SF,31,5,8,62.5,4,4,100.0,2,5,40.0,0,1,1,1,4,1,0,0,-8,Davis Bertans,18,17,17,2,13517,2024-03-16 23:00:00,Philadelphia 76ers,Charlotte Hornets
542,4042,Nick Jr.,Smith,Charlotte Hornets,13517,0,G,7,0,2,0,0,0,0,0,1,0,0,1,1,0,1,0,0,0,+6,Nick Jr. Smith,1,1,0,1,13517,2024-03-16 23:00:00,Philadelphia 76ers,Charlotte Hornets
543,1902,Zion,Williamson,New Orleans Pelicans,13518,26,PF,34,11,17,64.7,4,5,80.0,0,0,0,2,8,10,3,2,1,3,1,+21,Zion Williamson,39,36,29,13,13518,2024-03-16 23:00:00,New Orleans Pelicans,Portland Trail Blazers
544,260,Brandon,Ingram,New Orleans Pelicans,13518,22,SF,35,10,21,47.6,1,1,100.0,1,5,20.0,2,5,7,2,2,1,1,4,+12,Brandon Ingram,31,29,24,9,13518,2024-03-16 23:00:00,New Orleans Pelicans,Portland Trail Blazers
545,525,Jonas,Valanciunas,New Orleans Pelicans,13518,4,C,19,2,3,66.7,0,0,0,0,1,0,1,2,3,5,2,0,2,0,-12,Jonas Valanciunas,12,7,9,8,13518,2024-03-16 23:00:00,New Orleans Pelicans,Portland Trail Blazers
546,347,CJ,McCollum,New Orleans Pelicans,13518,30,SG,37,12,20,60.0,0,0,0,6,12,50.0,0,2,2,8,1,2,2,0,+6,CJ McCollum,40,32,38,10,13518,2024-03-16 23:00:00,New Orleans Pelicans,Portland Trail Blazers
547,2837,Trey,Murphy III,New Orleans Pelicans,13518,20,SG,35,7,13,53.8,2,2,100.0,4,8,50.0,1,5,6,5,0,0,0,0,+7,Trey Murphy III,31,26,25,11,13518,2024-03-16 23:00:00,New Orleans Pelicans,Portland Trail Blazers
548,2846,Jeremiah,Robinson-Earl,New Orleans Pelicans,13518,6,F,21,3,7,42.9,0,0,0,0,2,0,3,2,5,6,3,1,0,0,+17,Jeremiah Robinson-Earl,17,11,12,11,13518,2024-03-16 23:00:00,New Orleans Pelicans,Portland Trail Blazers
549,2668,Naji,Marshall,New Orleans Pelicans,13518,11,SF,23,5,7,71.4,0,0,0,1,1,100.0,1,4,5,2,0,1,0,0,+15,Naji Marshall,18,16,13,7,13518,2024-03-16 23:00:00,New Orleans Pelicans,Portland Trail Blazers
550,2941,Jose,Alvarado,New Orleans Pelicans,13518,7,PG,31,2,7,28.6,2,2,100.0,1,2,50.0,0,1,1,4,3,2,1,0,+23,Jose Alvarado,12,8,11,5,13518,2024-03-16 23:00:00,New Orleans Pelicans,Portland Trail Blazers
551,4002,Jordan,Hawkins,New Orleans Pelicans,13518,0,G,5,0,2,0,0,0,0,0,2,0,0,0,0,1,0,0,0,0,+6,Jordan Hawkins,1,0,1,1,13518,2024-03-16 23:00:00,New Orleans Pelicans,Portland Trail Blazers
552,4015,Toumani,Camara,Portland Trail Blazers,13518,11,F,34,5,12,41.7,0,0,0,1,5,20.0,3,3,6,1,3,0,1,3,-10,Toumani Camara,18,17,12,7,13518,2024-03-16 23:00:00,New Orleans Pelicans,Portland Trail Blazers
553,4017,Kris,Murray,Portland Trail Blazers,13518,0,F,26,0,4,0,0,0,0,0,2,0,1,4,5,4,3,0,0,1,+2,Kris Murray,9,5,4,9,13518,2024-03-16 23:00:00,New Orleans Pelicans,Portland Trail Blazers
554,930,Deandre,Ayton,Portland Trail Blazers,13518,20,C,38,10,13,76.9,0,1,0,0,1,0,4,4,8,2,2,1,2,1,-6,Deandre Ayton,30,28,22,10,13518,2024-03-16 23:00:00,New Orleans Pelicans,Portland Trail Blazers
555,1023,Anfernee,Simons,Portland Trail Blazers,13518,25,SG,36,9,18,50.0,2,2,100.0,5,10,50.0,0,4,4,8,1,0,5,0,-5,Anfernee Simons,37,29,33,12,13518,2024-03-16 23:00:00,New Orleans Pelicans,Portland Trail Blazers
556,2788,Dalano,Banton,Portland Trail Blazers,13518,28,G,42,10,20,50.0,4,4,100.0,4,8,50.0,2,3,5,6,0,0,5,1,-21,Dalano Banton,39,33,34,11,13518,2024-03-16 23:00:00,New Orleans Pelicans,Portland Trail Blazers
557,3714,Justin,Minaya,Portland Trail Blazers,13518,0,F,2,0,1,0,0,0,0,0,1,0,0,0,0,0,0,0,0,0,0,Justin Minaya,0,0,0,0,13518,2024-03-16 23:00:00,New Orleans Pelicans,Portland Trail Blazers
558,3496,Jabari,Walker,Portland Trail Blazers,13518,10,F,17,3,6,50.0,2,2,100.0,2,3,66.7,0,5,5,0,2,0,1,0,-12,Jabari Walker,15,15,10,5,13518,2024-03-16 23:00:00,New Orleans Pelicans,Portland Trail Blazers
559,4018,Duop,Reath,Portland Trail Blazers,13518,0,C,8,0,1,0,0,0,0,0,1,0,0,0,0,0,1,0,0,0,-13,Duop Reath,0,0,0,0,13518,2024-03-16 23:00:00,New Orleans Pelicans,Portland Trail Blazers
560,4014,Ibou,Badji,Portland Trail Blazers,13518,0,C,2,0,0,0,0,0,0,0,0,0,0,0,0,0,0,0,0,0,0,Ibou Badji,0,0,0,0,13518,2024-03-16 23:00:00,New Orleans Pelicans,Portland Trail Blazers
561,3408,Scoot,Henderson,Portland Trail Blazers,13518,11,G,24,5,8,62.5,1,1,100.0,0,2,0,0,2,2,2,2,2,3,1,-24,Scoot Henderson,15,13,13,4,13518,2024-03-16 23:00:00,New Orleans Pelicans,Portland Trail Blazers
562,4069,R.,Rupert,Portland Trail Blazers,13518,2,G,12,0,1,0,2,2,100.0,0,0,0,0,1,1,0,1,0,2,0,-6,R. Rupert,3,3,2,1,13518,2024-03-16 23:00:00,New Orleans Pelicans,Portland Trail Blazers
563,136,DeMar,DeRozan,Chicago Bulls,13504,21,SF,36,6,16,37.5,7,8,87.5,2,5,40.0,1,4,5,4,2,0,5,0,-13,DeMar DeRozan,30,26,25,9,13504,2024-03-15 00:00:00,Chicago Bulls,LA Clippers
564,765,Torrey,Craig,Chicago Bulls,13504,12,SF,27,4,8,50.0,0,2,0,4,7,57.1,0,6,6,1,1,0,0,0,-8,Torrey Craig,19,18,13,7,13504,2024-03-15 00:00:00,Chicago Bulls,LA Clippers
565,534,Nikola,Vucevic,Chicago Bulls,13504,19,C,35,8,14,57.1,1,1,100.0,2,4,50.0,3,3,6,5,2,0,1,0,-22,Nikola Vucevic,30,25,24,11,13504,2024-03-15 00:00:00,Chicago Bulls,LA Clippers
566,631,Alex,Caruso,Chicago Bulls,13504,17,SG,36,5,13,38.5,2,2,100.0,5,8,62.5,0,3,3,6,2,3,3,0,-25,Alex Caruso,26,20,23,9,13504,2024-03-15 00:00:00,Chicago Bulls,LA Clippers
567,2802,Ayo,Dosunmu,Chicago Bulls,13504,7,SG,35,2,11,18.2,2,2,100.0,1,5,20.0,2,2,4,4,2,0,3,0,-24,Ayo Dosunmu,15,11,11,8,13504,2024-03-15 00:00:00,Chicago Bulls,LA Clippers
568,2853,Terry,Taylor,Chicago Bulls,13504,0,F,3,0,1,0,0,0,0,0,0,0,0,0,0,1,0,0,0,0,+3,Terry Taylor,1,0,1,1,13504,2024-03-15 00:00:00,Chicago Bulls,LA Clippers
569,3952,Henri,Drell,Chicago Bulls,13504,2,F,3,1,2,50.0,0,0,0,0,1,0,1,0,1,2,0,0,0,0,+3,Henri Drell,5,3,4,3,13504,2024-03-15 00:00:00,Chicago Bulls,LA Clippers
570,3494,Dalen,Terry,Chicago Bulls,13504,4,F,13,2,4,50.0,0,0,0,0,1,0,0,1,1,0,0,0,0,0,-4,Dalen Terry,5,5,4,1,13504,2024-03-15 00:00:00,Chicago Bulls,LA Clippers
571,3951,Onuralp,Bitim,Chicago Bulls,13504,2,SF,17,1,2,50.0,0,0,0,0,1,0,0,0,0,2,1,0,0,0,-2,Onuralp Bitim,4,2,4,2,13504,2024-03-15 00:00:00,Chicago Bulls,LA Clippers
572,147,Andre,Drummond,Chicago Bulls,13504,15,C,16,7,8,87.5,1,1,100.0,0,0,0,3,4,7,1,2,0,0,1,+2,Andre Drummond,23,22,16,8,13504,2024-03-15 00:00:00,Chicago Bulls,LA Clippers
573,949,Jevon,Carter,Chicago Bulls,13504,12,PG,17,5,7,71.4,0,0,0,2,3,66.7,1,2,3,2,2,1,1,1,+11,Jevon Carter,17,15,14,5,13504,2024-03-15 00:00:00,Chicago Bulls,LA Clippers
574,3964,Andrew,Funk,Chicago Bulls,13504,0,G,1,0,0,0,0,0,0,0,0,0,0,0,0,0,0,0,0,0,+4,Andrew Funk,0,0,0,0,13504,2024-03-15 00:00:00,Chicago Bulls,LA Clippers
575,189,Paul,George,LA Clippers,13504,28,F,35,11,12,91.7,0,0,0,6,7,85.7,0,5,5,7,4,1,1,1,+22,Paul George,40,33,35,12,13504,2024-03-15 00:00:00,Chicago Bulls,LA Clippers
576,314,Kawhi,Leonard,LA Clippers,13504,27,SF,34,12,17,70.6,1,2,50.0,2,5,40.0,2,3,5,3,0,1,3,1,+21,Kawhi Leonard,35,32,30,8,13504,2024-03-15 00:00:00,Chicago Bulls,LA Clippers
577,575,Ivica,Zubac,LA Clippers,13504,6,C,32,2,3,66.7,2,2,100.0,0,0,0,2,6,8,2,1,0,2,0,+23,Ivica Zubac,16,14,8,10,13504,2024-03-15 00:00:00,Chicago Bulls,LA Clippers
578,2816,Bones,Hyland,LA Clippers,13504,17,PG,32,6,9,66.7,1,2,50.0,4,7,57.1,0,5,5,11,2,4,1,0,+17,Bones Hyland,33,22,28,16,13504,2024-03-15 00:00:00,Chicago Bulls,LA Clippers
579,1877,Terance,Mann,LA Clippers,13504,12,SG,31,4,13,30.8,2,2,100.0,2,7,28.6,0,4,4,2,2,1,0,0,+10,Terance Mann,18,16,14,6,13504,2024-03-15 00:00:00,Chicago Bulls,LA Clippers
580,886,Daniel,Theis,LA Clippers,13504,4,C,14,2,4,50.0,0,0,0,0,1,0,2,0,2,3,2,0,0,0,-4,Daniel Theis,9,6,7,5,13504,2024-03-15 00:00:00,Chicago Bulls,LA Clippers
581,426,Mason,Plumlee,LA Clippers,13504,0,C,2,0,1,0,0,0,0,0,0,0,0,0,0,1,0,0,0,0,-4,Mason Plumlee,1,0,1,1,13504,2024-03-15 00:00:00,Chicago Bulls,LA Clippers
582,2115,Amir,Coffey,LA Clippers,13504,9,SG,22,3,8,37.5,0,0,0,3,6,50.0,0,3,3,1,1,1,0,0,-11,Amir Coffey,13,12,10,4,13504,2024-03-15 00:00:00,Chicago Bulls,LA Clippers
583,2792,Brandon,Boston Jr.,LA Clippers,13504,5,SG,8,2,3,66.7,1,2,50.0,0,1,0,0,1,1,0,1,0,0,0,-4,Brandon Boston Jr.,6,6,5,1,13504,2024-03-15 00:00:00,Chicago Bulls,LA Clippers
584,434,Norman,Powell,LA Clippers,13504,18,G,28,6,10,60.0,3,4,75.0,3,6,50.0,0,2,2,2,3,1,2,0,+9,Norman Powell,22,20,20,4,13504,2024-03-15 00:00:00,Chicago Bulls,LA Clippers
585,3396,Xavier,Moon,LA Clippers,13504,0,G,2,0,0,0,0,0,0,0,0,0,0,0,0,0,0,0,0,0,-4,Xavier Moon,0,0,0,0,13504,2024-03-15 00:00:00,Chicago Bulls,LA Clippers
586,3489,Jabari,Smith Jr.,Houston Rockets,13505,16,PF,26,6,10,60.0,2,2,100.0,2,4,50.0,0,5,5,1,4,0,1,0,+8,Jabari Smith Jr.,22,21,17,6,13505,2024-03-15 00:00:00,Houston Rockets,Washington Wizards
587,3977,Amen,Thompson,Houston Rockets,13505,20,F,28,9,12,75.0,2,2,100.0,0,0,0,5,6,11,4,3,3,1,0,+24,Amen Thompson,35,31,24,15,13505,2024-03-15 00:00:00,Houston Rockets,Washington Wizards
588,749,Dillon,Brooks,Houston Rockets,13505,13,SF,31,5,8,62.5,2,2,100.0,1,3,33.3,1,5,6,4,3,0,2,0,+17,Dillon Brooks,23,19,17,10,13505,2024-03-15 00:00:00,Houston Rockets,Washington Wizards
589,527,Fred,VanVleet,Houston Rockets,13505,27,PG,37,9,14,64.3,6,7,85.7,3,6,50.0,0,3,3,9,1,2,5,0,+22,Fred VanVleet,39,30,36,12,13505,2024-03-15 00:00:00,Houston Rockets,Washington Wizards
590,2810,Jalen,Green,Houston Rockets,13505,37,SG,37,15,23,65.2,2,2,100.0,5,9,55.6,0,8,8,2,2,0,2,0,+16,Jalen Green,47,45,39,10,13505,2024-03-15 00:00:00,Houston Rockets,Washington Wizards
591,207,Jeff,Green,Houston Rockets,13505,2,PF,13,1,7,14.3,0,0,0,0,2,0,0,0,0,1,0,0,2,0,-7,Jeff Green,3,2,3,1,13505,2024-03-15 00:00:00,Houston Rockets,Washington Wizards
592,82,Reggie,Bullock,Houston Rockets,13505,3,SF,14,1,1,100.0,0,0,0,1,1,100.0,0,4,4,1,0,1,0,0,0,Reggie Bullock,8,7,4,5,13505,2024-03-15 00:00:00,Houston Rockets,Washington Wizards
593,2650,Jae'Sean,Tate,Houston Rockets,13505,2,SF,15,1,4,25.0,0,1,0,0,0,0,1,3,4,1,2,1,1,1,+4,Jae'Sean Tate,7,6,3,5,13505,2024-03-15 00:00:00,Houston Rockets,Washington Wizards
594,1485,Jock,Landale,Houston Rockets,13505,13,C,27,4,5,80.0,5,6,83.3,0,0,0,1,4,5,1,2,0,2,0,+7,Jock Landale,19,18,14,6,13505,2024-03-15 00:00:00,Houston Rockets,Washington Wizards
595,979,Aaron,Holiday,Houston Rockets,13505,0,G,11,0,3,0,0,0,0,0,3,0,0,0,0,0,2,0,1,0,-8,Aaron Holiday,0,0,0,0,13505,2024-03-15 00:00:00,Houston Rockets,Washington Wizards
596,3931,Jeenathan,Williams,Houston Rockets,13505,2,G,2,0,0,0,2,2,100.0,0,0,0,0,1,1,0,0,0,0,0,-3,Jeenathan Williams,3,3,2,1,13505,2024-03-15 00:00:00,Houston Rockets,Washington Wizards
597,820,Kyle,Kuzma,Washington Wizards,13505,23,SF,31,8,10,80.0,7,7,100.0,0,1,0,0,3,3,3,2,2,5,0,-17,Kyle Kuzma,29,26,26,6,13505,2024-03-15 00:00:00,Houston Rockets,Washington Wizards
598,2825,Corey,Kispert,Washington Wizards,13505,11,SF,27,4,9,44.4,0,2,0,3,7,42.9,0,2,2,2,4,1,0,0,-5,Corey Kispert,15,13,13,4,13505,2024-03-15 00:00:00,Houston Rockets,Washington Wizards
599,2564,Deni,Avdija,Washington Wizards,13505,24,SF,36,10,13,76.9,4,5,80.0,0,1,0,2,7,9,5,0,3,2,0,-9,Deni Avdija,38,33,29,14,13505,2024-03-15 00:00:00,Houston Rockets,Washington Wizards
600,285,Tyus,Jones,Washington Wizards,13505,13,PG,31,5,11,45.5,0,0,0,3,6,50.0,0,1,1,8,0,0,2,0,-19,Tyus Jones,22,14,21,9,13505,2024-03-15 00:00:00,Houston Rockets,Washington Wizards
601,4036,Bilal,Coulibaly,Washington Wizards,13505,10,SG,34,3,9,33.3,4,4,100.0,0,3,0,2,1,3,4,1,2,0,0,-11,Bilal Coulibaly,17,13,14,7,13505,2024-03-15 00:00:00,Houston Rockets,Washington Wizards
602,2590,Anthony,Gill,Washington Wizards,13505,0,PF,4,0,0,0,0,0,0,0,0,0,0,0,0,0,0,0,0,0,+5,Anthony Gill,0,0,0,0,13505,2024-03-15 00:00:00,Houston Rockets,Washington Wizards
603,2838,Eugene,Omoruyi,Washington Wizards,13505,4,F,7,2,5,40.0,0,0,0,0,0,0,1,1,2,0,1,0,1,0,-8,Eugene Omoruyi,6,6,4,2,13505,2024-03-15 00:00:00,Houston Rockets,Washington Wizards
604,3413,Patrick,Baldwin Jr.,Washington Wizards,13505,0,F,12,0,5,0,0,0,0,0,2,0,2,5,7,1,1,1,1,0,-10,Patrick Baldwin Jr.,8,7,1,8,13505,2024-03-15 00:00:00,Houston Rockets,Washington Wizards
605,2798,Justin,Champagnie,Washington Wizards,13505,0,SF,3,0,1,0,0,0,0,0,1,0,0,0,0,0,1,0,0,1,-1,Justin Champagnie,0,0,0,0,13505,2024-03-15 00:00:00,Houston Rockets,Washington Wizards
606,1887,Jordan,Poole,Washington Wizards,13505,25,SG,32,10,19,52.6,0,0,0,5,12,41.7,0,1,1,2,4,2,2,0,-6,Jordan Poole,28,26,27,3,13505,2024-03-15 00:00:00,Houston Rockets,Washington Wizards
607,2796,Jared,Butler,Washington Wizards,13505,0,SG,14,0,5,0,0,0,0,0,2,0,0,4,4,4,2,0,0,0,+9,Jared Butler,8,4,4,8,13505,2024-03-15 00:00:00,Houston Rockets,Washington Wizards
608,3576,Jules,Bernard,Washington Wizards,13505,7,G,3,3,4,75.0,0,1,0,1,2,50.0,0,0,0,0,2,0,0,0,-1,Jules Bernard,7,7,7,0,13505,2024-03-15 00:00:00,Houston Rockets,Washington Wizards
609,3428,Johnny,Davis,Washington Wizards,13505,2,G,8,1,2,50.0,0,0,0,0,1,0,0,0,0,0,1,0,0,1,-7,Johnny Davis,2,2,2,0,13505,2024-03-15 00:00:00,Houston Rockets,Washington Wizards
610,121,Jae,Crowder,Milwaukee Bucks,13506,9,PF,19,3,8,37.5,0,0,0,3,6,50.0,1,1,2,0,1,0,0,0,+4,Jae Crowder,11,11,9,2,13506,2024-03-15 00:00:00,Milwaukee Bucks,Philadelphia 76ers
611,20,Giannis,Antetokounmpo,Milwaukee Bucks,13506,32,PF,37,9,12,75.0,14,18,77.8,0,0,0,4,7,11,7,4,1,7,0,-4,Giannis Antetokounmpo,50,43,39,18,13506,2024-03-15 00:00:00,Milwaukee Bucks,Philadelphia 76ers
612,323,Brook,Lopez,Milwaukee Bucks,13506,19,C,37,7,12,58.3,0,0,0,5,10,50.0,0,7,7,5,3,1,2,2,+23,Brook Lopez,31,26,24,12,13506,2024-03-15 00:00:00,Milwaukee Bucks,Philadelphia 76ers
613,53,Patrick,Beverley,Milwaukee Bucks,13506,6,PG,26,2,5,40.0,0,0,0,2,3,66.7,0,2,2,2,3,1,1,1,+1,Patrick Beverley,10,8,8,4,13506,2024-03-15 00:00:00,Milwaukee Bucks,Philadelphia 76ers
614,319,Damian,Lillard,Milwaukee Bucks,13506,17,PG,38,7,16,43.8,1,1,100.0,2,7,28.6,1,2,3,9,1,1,0,1,+23,Damian Lillard,29,20,26,12,13506,2024-03-15 00:00:00,Milwaukee Bucks,Philadelphia 76ers
615,181,Danilo,Gallinari,Milwaukee Bucks,13506,0,PF,5,0,0,0,0,0,0,0,0,0,0,1,1,1,1,0,0,0,-5,Danilo Gallinari,2,1,1,2,13506,2024-03-15 00:00:00,Milwaukee Bucks,Philadelphia 76ers
616,431,Bobby,Portis,Milwaukee Bucks,13506,8,F,22,4,6,66.7,0,0,0,0,1,0,0,3,3,1,0,1,4,0,-1,Bobby Portis,12,11,9,4,13506,2024-03-15 00:00:00,Milwaukee Bucks,Philadelphia 76ers
617,115,Pat,Connaughton,Milwaukee Bucks,13506,9,SG,29,3,5,60.0,2,2,100.0,1,2,50.0,0,3,3,4,0,0,0,0,+3,Pat Connaughton,16,12,13,7,13506,2024-03-15 00:00:00,Milwaukee Bucks,Philadelphia 76ers
618,3443,A.J.,Green,Milwaukee Bucks,13506,14,G,28,4,8,50.0,3,3,100.0,3,7,42.9,0,5,5,0,1,1,0,0,+1,A.J. Green,19,19,14,5,13506,2024-03-15 00:00:00,Milwaukee Bucks,Philadelphia 76ers
619,222,Tobias,Harris,Philadelphia 76ers,13506,15,PF,28,5,11,45.5,3,4,75.0,2,4,50.0,0,4,4,3,1,1,0,1,-12,Tobias Harris,22,19,18,7,13506,2024-03-15 00:00:00,Milwaukee Bucks,Philadelphia 76ers
620,932,Mo,Bamba,Philadelphia 76ers,13506,5,C,23,2,3,66.7,0,0,0,1,2,50.0,1,4,5,3,4,1,1,0,-1,Mo Bamba,13,10,8,8,13506,2024-03-15 00:00:00,Milwaukee Bucks,Philadelphia 76ers
621,327,Kyle,Lowry,Philadelphia 76ers,13506,12,PG,27,4,7,57.1,3,3,100.0,1,3,33.3,0,2,2,0,2,0,2,0,-11,Kyle Lowry,14,14,12,2,13506,2024-03-15 00:00:00,Milwaukee Bucks,Philadelphia 76ers
622,2619,Tyrese,Maxey,Philadelphia 76ers,13506,30,PG,37,12,23,52.2,1,3,33.3,5,9,55.6,0,4,4,4,0,0,2,0,-8,Tyrese Maxey,38,34,34,8,13506,2024-03-15 00:00:00,Milwaukee Bucks,Philadelphia 76ers
623,407,Kelly,Oubre Jr.,Philadelphia 76ers,13506,9,SG,33,4,13,30.8,1,2,50.0,0,4,0,1,3,4,0,1,0,0,0,-4,Kelly Oubre Jr.,13,13,9,4,13506,2024-03-15 00:00:00,Milwaukee Bucks,Philadelphia 76ers
624,40,Nicolas,Batum,Philadelphia 76ers,13506,5,PF,21,2,5,40.0,0,0,0,1,4,25.0,1,1,2,3,0,0,0,0,-14,Nicolas Batum,10,7,8,5,13506,2024-03-15 00:00:00,Milwaukee Bucks,Philadelphia 76ers
625,2617,Kenyon,Martin Jr.,Philadelphia 76ers,13506,4,F,14,1,1,100.0,2,2,100.0,0,0,0,0,1,1,1,4,2,0,0,+8,Kenyon Martin Jr.,6,5,5,2,13506,2024-03-15 00:00:00,Milwaukee Bucks,Philadelphia 76ers
626,2638,Paul,Reed,Philadelphia 76ers,13506,3,SF,24,1,4,25.0,0,0,0,1,2,50.0,2,5,7,2,3,2,2,2,-4,Paul Reed,12,10,5,9,13506,2024-03-15 00:00:00,Milwaukee Bucks,Philadelphia 76ers
627,417,Cameron,Payne,Philadelphia 76ers,13506,13,PG,12,5,6,83.3,0,0,0,3,3,100.0,1,0,1,2,0,0,3,0,-1,Cameron Payne,16,14,15,3,13506,2024-03-15 00:00:00,Milwaukee Bucks,Philadelphia 76ers
628,236,Buddy,Hield,Philadelphia 76ers,13506,9,SG,21,3,6,50.0,0,0,0,3,4,75.0,0,0,0,2,3,0,1,1,+2,Buddy Hield,11,9,11,2,13506,2024-03-15 00:00:00,Milwaukee Bucks,Philadelphia 76ers
629,3448,Chet,Holmgren,Oklahoma City Thunder,13507,11,PF,32,4,6,66.7,1,1,100.0,2,3,66.7,1,7,8,1,1,1,0,1,-1,Chet Holmgren,20,19,12,9,13507,2024-03-15 02:00:00,Oklahoma City Thunder,Dallas Mavericks
630,3504,Jalen,Williams,Oklahoma City Thunder,13507,27,F,35,11,21,52.4,2,2,100.0,3,5,60.0,0,4,4,5,3,1,3,3,-5,Jalen Williams,36,31,32,9,13507,2024-03-15 02:00:00,Oklahoma City Thunder,Dallas Mavericks
631,972,Shai,Gilgeous-Alexander,Oklahoma City Thunder,13507,31,PG,37,9,16,56.3,12,15,80.0,1,4,25.0,1,8,9,5,2,2,1,0,+16,Shai Gilgeous-Alexander,45,40,36,14,13507,2024-03-15 02:00:00,Oklahoma City Thunder,Dallas Mavericks
632,2808,Josh,Giddey,Oklahoma City Thunder,13507,18,SG,22,8,14,57.1,0,0,0,2,7,28.6,1,2,3,5,4,1,3,1,-1,Josh Giddey,26,21,23,8,13507,2024-03-15 02:00:00,Oklahoma City Thunder,Dallas Mavericks
633,2040,Luguentz,Dort,Oklahoma City Thunder,13507,12,G,28,4,9,44.4,1,1,100.0,3,6,50.0,1,0,1,3,6,1,1,0,+9,Luguentz Dort,16,13,15,4,13507,2024-03-15 02:00:00,Oklahoma City Thunder,Dallas Mavericks
634,3404,Lindy,Waters III,Oklahoma City Thunder,13507,0,F,0,0,0,0,0,0,0,0,0,0,0,0,0,0,0,0,0,0,+2,Lindy Waters III,0,0,0,0,13507,2024-03-15 02:00:00,Oklahoma City Thunder,Dallas Mavericks
635,3505,Jaylin,Williams,Oklahoma City Thunder,13507,3,F,10,1,3,33.3,0,0,0,1,3,33.3,0,1,1,2,3,0,1,0,+4,Jaylin Williams,6,4,5,3,13507,2024-03-15 02:00:00,Oklahoma City Thunder,Dallas Mavericks
636,227,Gordon,Hayward,Oklahoma City Thunder,13507,6,SF,21,1,3,33.3,4,4,100.0,0,1,0,1,0,1,1,2,1,0,0,+6,Gordon Hayward,8,7,7,2,13507,2024-03-15 02:00:00,Oklahoma City Thunder,Dallas Mavericks
637,1044,Kenrich,Williams,Oklahoma City Thunder,13507,5,SF,7,2,3,66.7,0,0,0,1,2,50.0,1,1,2,0,1,0,0,0,+4,Kenrich Williams,7,7,5,2,13507,2024-03-15 02:00:00,Oklahoma City Thunder,Dallas Mavericks
638,384,Mike,Muscala,Oklahoma City Thunder,13507,0,C,0,0,0,0,0,0,0,0,0,0,0,0,0,0,0,0,0,0,+2,Mike Muscala,0,0,0,0,13507,2024-03-15 02:00:00,Oklahoma City Thunder,Dallas Mavericks
639,2604,Isaiah,Joe,Oklahoma City Thunder,13507,8,SG,19,3,7,42.9,0,0,0,2,5,40.0,1,1,2,2,0,1,1,0,+7,Isaiah Joe,12,10,10,4,13507,2024-03-15 02:00:00,Oklahoma City Thunder,Dallas Mavericks
640,2863,Aaron,Wiggins,Oklahoma City Thunder,13507,2,SG,10,1,2,50.0,0,0,0,0,1,0,0,1,1,1,0,0,1,1,-5,Aaron Wiggins,4,3,3,2,13507,2024-03-15 02:00:00,Oklahoma City Thunder,Dallas Mavericks
641,4009,Cason,Wallace,Oklahoma City Thunder,13507,3,G,18,1,2,50.0,0,0,0,1,2,50.0,1,1,2,3,2,2,2,1,-3,Cason Wallace,8,5,6,5,13507,2024-03-15 02:00:00,Oklahoma City Thunder,Dallas Mavericks
642,1897,P.J.,Washington,Dallas Mavericks,13507,6,PF,36,1,11,9.1,4,8,50.0,0,7,0,0,5,5,1,4,0,2,0,+1,P.J. Washington,12,11,7,6,13507,2024-03-15 02:00:00,Oklahoma City Thunder,Dallas Mavericks
643,283,Derrick,Jones Jr.,Dallas Mavericks,13507,10,SF,32,4,6,66.7,0,0,0,2,2,100.0,1,0,1,0,4,1,1,0,-17,Derrick Jones Jr.,11,11,10,1,13507,2024-03-15 02:00:00,Oklahoma City Thunder,Dallas Mavericks
644,1859,Daniel,Gafford,Dallas Mavericks,13507,19,C,26,8,11,72.7,3,3,100.0,0,0,0,6,9,15,1,3,0,2,1,-7,Daniel Gafford,35,34,20,16,13507,2024-03-15 02:00:00,Oklahoma City Thunder,Dallas Mavericks
645,261,Kyrie,Irving,Dallas Mavericks,13507,36,PG,38,12,18,66.7,8,8,100.0,4,7,57.1,1,3,4,12,1,2,4,0,-10,Kyrie Irving,52,40,48,16,13507,2024-03-15 02:00:00,Oklahoma City Thunder,Dallas Mavericks
646,164,Dante,Exum,Dallas Mavericks,13507,7,G,22,2,8,25.0,2,2,100.0,1,2,50.0,0,0,0,2,3,0,4,0,-8,Dante Exum,9,7,9,2,13507,2024-03-15 02:00:00,Oklahoma City Thunder,Dallas Mavericks
647,817,Maxi,Kleber,Dallas Mavericks,13507,3,PF,21,1,2,50.0,1,2,50.0,0,1,0,0,2,2,1,0,1,0,1,-6,Maxi Kleber,6,5,4,3,13507,2024-03-15 02:00:00,Oklahoma City Thunder,Dallas Mavericks
648,215,Tim,Hardaway Jr.,Dallas Mavericks,13507,23,SF,31,8,13,61.5,2,2,100.0,5,9,55.6,1,8,9,3,2,1,2,0,+13,Tim Hardaway Jr.,35,32,26,12,13507,2024-03-15 02:00:00,Oklahoma City Thunder,Dallas Mavericks
649,4044,Dereck II,Lively,Dallas Mavericks,13507,4,C,14,2,3,66.7,0,0,0,0,0,0,1,1,2,0,2,0,0,0,-2,Dereck II Lively,6,6,4,2,13507,2024-03-15 02:00:00,Oklahoma City Thunder,Dallas Mavericks
650,2593,Josh,Green,Dallas Mavericks,13507,2,SG,4,1,2,50.0,0,0,0,0,1,0,0,0,0,0,0,0,1,0,+1,Josh Green,2,2,2,0,13507,2024-03-15 02:00:00,Oklahoma City Thunder,Dallas Mavericks
651,3407,Jaden,Hardy,Dallas Mavericks,13507,9,G,17,4,10,40.0,1,1,100.0,0,0,0,0,2,2,5,1,1,3,0,0,Jaden Hardy,16,11,14,7,13507,2024-03-15 02:00:00,Oklahoma City Thunder,Dallas Mavericks
652,4015,Toumani,Camara,Portland Trail Blazers,13508,7,F,34,3,6,50.0,0,0,0,1,3,33.3,1,2,3,4,4,3,2,0,-7,Toumani Camara,14,10,11,7,13508,2024-03-15 02:00:00,Portland Trail Blazers,New York Knicks
653,4017,Kris,Murray,Portland Trail Blazers,13508,10,F,31,3,8,37.5,2,2,100.0,2,6,33.3,1,3,4,1,1,0,0,1,-7,Kris Murray,15,14,11,5,13508,2024-03-15 02:00:00,Portland Trail Blazers,New York Knicks
654,930,Deandre,Ayton,Portland Trail Blazers,13508,31,C,40,12,21,57.1,6,6,100.0,1,1,100.0,6,8,14,0,1,0,3,1,-12,Deandre Ayton,45,45,31,14,13508,2024-03-15 02:00:00,Portland Trail Blazers,New York Knicks
655,2788,Dalano,Banton,Portland Trail Blazers,13508,16,G,42,6,20,30.0,2,2,100.0,2,9,22.2,0,2,2,2,2,4,5,0,-20,Dalano Banton,20,18,18,4,13508,2024-03-15 02:00:00,Portland Trail Blazers,New York Knicks
656,3408,Scoot,Henderson,Portland Trail Blazers,13508,12,G,26,4,13,30.8,3,4,75.0,1,4,25.0,0,7,7,6,5,1,2,0,-15,Scoot Henderson,25,19,18,13,13508,2024-03-15 02:00:00,Portland Trail Blazers,New York Knicks
657,3714,Justin,Minaya,Portland Trail Blazers,13508,4,F,13,1,3,33.3,1,2,50.0,1,3,33.3,2,3,5,0,1,0,0,0,-3,Justin Minaya,9,9,4,5,13508,2024-03-15 02:00:00,Portland Trail Blazers,New York Knicks
658,4018,Duop,Reath,Portland Trail Blazers,13508,0,C,11,0,2,0,0,0,0,0,0,0,2,1,3,0,2,0,1,0,+3,Duop Reath,3,3,0,3,13508,2024-03-15 02:00:00,Portland Trail Blazers,New York Knicks
659,1896,Matisse,Thybulle,Portland Trail Blazers,13508,5,SG,21,2,6,33.3,0,0,0,1,4,25.0,0,2,2,3,1,2,2,0,-2,Matisse Thybulle,10,7,8,5,13508,2024-03-15 02:00:00,Portland Trail Blazers,New York Knicks
660,2594,Ashton,Hagans,Portland Trail Blazers,13508,8,G,22,3,5,60.0,0,0,0,2,3,66.7,1,4,5,3,2,0,2,0,+3,Ashton Hagans,16,13,11,8,13508,2024-03-15 02:00:00,Portland Trail Blazers,New York Knicks
661,732,O.G.,Anunoby,New York Knicks,13508,12,SF,36,5,11,45.5,1,2,50.0,1,4,25.0,2,7,9,2,4,2,2,0,+11,O.G. Anunoby,23,21,14,11,13508,2024-03-15 02:00:00,Portland Trail Blazers,New York Knicks
662,978,Isaiah,Hartenstein,New York Knicks,13508,9,C,24,4,6,66.7,1,1,100.0,0,0,0,1,8,9,2,2,0,0,0,+17,Isaiah Hartenstein,20,18,11,11,13508,2024-03-15 02:00:00,Portland Trail Blazers,New York Knicks
663,946,Jalen,Brunson,New York Knicks,13508,45,PG,38,14,30,46.7,15,17,88.2,2,10,20.0,1,0,1,4,0,1,5,1,+17,Jalen Brunson,50,46,49,5,13508,2024-03-15 02:00:00,Portland Trail Blazers,New York Knicks
664,791,Josh,Hart,New York Knicks,13508,7,SG,42,3,8,37.5,1,1,100.0,0,2,0,5,10,15,2,4,3,0,0,+1,Josh Hart,24,22,9,17,13508,2024-03-15 02:00:00,Portland Trail Blazers,New York Knicks
665,962,Donte,DiVincenzo,New York Knicks,13508,12,SG,37,4,12,33.3,2,2,100.0,2,8,25.0,0,5,5,3,3,2,1,0,+2,Donte DiVincenzo,20,17,15,8,13508,2024-03-15 02:00:00,Portland Trail Blazers,New York Knicks
666,2561,Precious,Achiuwa,New York Knicks,13508,4,PF,24,2,3,66.7,0,0,0,0,0,0,3,4,7,2,1,2,0,0,-5,Precious Achiuwa,13,11,6,9,13508,2024-03-15 02:00:00,Portland Trail Blazers,New York Knicks
667,60,Bojan,Bogdanovic,New York Knicks,13508,5,SF,14,1,6,16.7,3,3,100.0,0,2,0,0,0,0,1,0,0,1,0,+5,Bojan Bogdanovic,6,5,6,1,13508,2024-03-15 02:00:00,Portland Trail Blazers,New York Knicks
668,2832,Miles,McBride,New York Knicks,13508,6,PG,22,3,6,50.0,0,0,0,0,1,0,2,1,3,0,3,1,2,0,+13,Miles McBride,9,9,6,3,13508,2024-03-15 02:00:00,Portland Trail Blazers,New York Knicks
669,84,Alec,Burks,New York Knicks,13508,5,SG,4,2,5,40.0,0,0,0,1,2,50.0,1,0,1,0,1,0,1,0,-1,Alec Burks,6,6,5,1,13508,2024-03-15 02:00:00,Portland Trail Blazers,New York Knicks
670,3950,Brandon,Miller,Charlotte Hornets,13509,14,F,29,4,15,26.7,4,5,80.0,2,8,25.0,1,3,4,1,4,2,0,1,-7,Brandon Miller,19,18,15,5,13509,2024-03-15 23:00:00,Charlotte Hornets,Phoenix Suns
671,941,Miles,Bridges,Charlotte Hornets,13509,17,SF,38,6,18,33.3,5,7,71.4,0,5,0,2,8,10,3,2,0,2,0,-18,Miles Bridges,30,27,20,13,13509,2024-03-15 23:00:00,Charlotte Hornets,Phoenix Suns
672,2639,Nick,Richards,Charlotte Hornets,13509,2,C,28,1,5,20.0,0,0,0,0,0,0,2,13,15,0,4,0,0,0,+7,Nick Richards,17,17,2,15,13509,2024-03-15 23:00:00,Charlotte Hornets,Phoenix Suns
673,2831,Tre,Mann,Charlotte Hornets,13509,12,PG,36,4,10,40.0,3,5,60.0,1,5,20.0,1,3,4,7,2,1,0,0,-1,Tre Mann,23,16,19,11,13509,2024-03-15 23:00:00,Charlotte Hornets,Phoenix Suns
674,2739,Vasilije,Micic,Charlotte Hornets,13509,21,G,31,7,12,58.3,7,9,77.8,0,2,0,1,0,1,3,1,0,1,1,-10,Vasilije Micic,25,22,24,4,13509,2024-03-15 23:00:00,Charlotte Hornets,Phoenix Suns
675,1901,Grant,Williams,Charlotte Hornets,13509,20,PF,32,8,17,47.1,1,1,100.0,3,8,37.5,3,3,6,1,0,1,0,0,0,Grant Williams,27,26,21,7,13509,2024-03-15 23:00:00,Charlotte Hornets,Phoenix Suns
676,2633,Aleksej,Pokusevski,Charlotte Hornets,13509,4,F,16,2,9,22.2,0,0,0,0,4,0,2,3,5,3,1,1,0,1,-19,Aleksej Pokusevski,12,9,7,8,13509,2024-03-15 23:00:00,Charlotte Hornets,Phoenix Suns
677,2856,JT,Thor,Charlotte Hornets,13509,0,F,1,0,0,0,0,0,0,0,0,0,0,0,0,0,0,0,0,0,+2,JT Thor,0,0,0,0,13509,2024-03-15 23:00:00,Charlotte Hornets,Phoenix Suns
678,52,Davis,Bertans,Charlotte Hornets,13509,2,SF,26,1,5,20.0,0,0,0,0,4,0,0,2,2,2,2,1,1,0,-13,Davis Bertans,6,4,4,4,13509,2024-03-15 23:00:00,Charlotte Hornets,Phoenix Suns
679,4042,Nick Jr.,Smith,Charlotte Hornets,13509,4,G,1,2,3,66.7,0,0,0,0,1,0,0,1,1,0,0,0,0,0,+2,Nick Jr. Smith,5,5,4,1,13509,2024-03-15 23:00:00,Charlotte Hornets,Phoenix Suns
680,3947,Amari,Bailey,Charlotte Hornets,13509,0,G,1,0,0,0,0,0,0,0,0,0,0,0,0,0,0,0,0,0,+2,Amari Bailey,0,0,0,0,13509,2024-03-15 23:00:00,Charlotte Hornets,Phoenix Suns
681,153,Kevin,Durant,Phoenix Suns,13509,13,PF,38,5,15,33.3,2,2,100.0,1,6,16.7,0,8,8,5,1,1,3,0,-2,Kevin Durant,26,21,18,13,13509,2024-03-15 23:00:00,Charlotte Hornets,Phoenix Suns
682,398,Jusuf,Nurkic,Phoenix Suns,13509,13,C,31,5,9,55.6,3,7,42.9,0,0,0,5,16,21,2,5,0,2,1,+1,Jusuf Nurkic,36,34,15,23,13509,2024-03-15 23:00:00,Charlotte Hornets,Phoenix Suns
683,45,Bradley,Beal,Phoenix Suns,13509,15,SG,36,7,11,63.6,0,0,0,1,3,33.3,2,4,6,7,2,0,2,0,+13,Bradley Beal,28,21,22,13,13509,2024-03-15 23:00:00,Charlotte Hornets,Phoenix Suns
684,926,Grayson,Allen,Phoenix Suns,13509,17,SG,33,6,12,50.0,2,2,100.0,3,9,33.3,0,0,0,3,1,1,0,0,+8,Grayson Allen,20,17,20,3,13509,2024-03-15 23:00:00,Charlotte Hornets,Phoenix Suns
685,64,Devin,Booker,Phoenix Suns,13509,21,SG,36,6,18,33.3,8,8,100.0,1,8,12.5,0,6,6,11,2,1,2,1,+17,Devin Booker,38,27,32,17,13509,2024-03-15 23:00:00,Charlotte Hornets,Phoenix Suns
686,851,Royce,O'Neale,Phoenix Suns,13509,5,PF,15,2,2,100.0,0,0,0,1,1,100.0,0,3,3,1,1,0,0,0,+3,Royce O'Neale,9,8,6,4,13509,2024-03-15 23:00:00,Charlotte Hornets,Phoenix Suns
687,966,Drew,Eubanks,Phoenix Suns,13509,6,PF,15,3,4,75.0,0,0,0,0,0,0,2,6,8,0,2,0,1,0,+11,Drew Eubanks,14,14,6,8,13509,2024-03-15 23:00:00,Charlotte Hornets,Phoenix Suns
688,3483,David,Roddy,Phoenix Suns,13509,0,F,1,0,1,0,0,0,0,0,0,0,0,1,1,0,0,0,0,0,-2,David Roddy,1,1,0,1,13509,2024-03-15 23:00:00,Charlotte Hornets,Phoenix Suns
689,1875,Nassir,Little,Phoenix Suns,13509,0,SF,1,0,1,0,0,0,0,0,1,0,0,0,0,0,0,0,0,0,-2,Nassir Little,0,0,0,0,13509,2024-03-15 23:00:00,Charlotte Hornets,Phoenix Suns
690,1849,Bol,Bol,Phoenix Suns,13509,3,C,8,1,5,20.0,1,1,100.0,0,2,0,1,2,3,0,2,0,0,1,-4,Bol Bol,6,6,3,3,13509,2024-03-15 23:00:00,Charlotte Hornets,Phoenix Suns
691,196,Eric,Gordon,Phoenix Suns,13509,14,SG,26,5,9,55.6,0,0,0,4,8,50.0,0,1,1,2,4,0,0,0,+12,Eric Gordon,17,15,16,3,13509,2024-03-15 23:00:00,Charlotte Hornets,Phoenix Suns
692,3438,Simone,Fontecchio,Detroit Pistons,13510,24,F,34,9,16,56.3,1,2,50.0,5,8,62.5,1,5,6,0,2,1,2,0,-9,Simone Fontecchio,30,30,24,6,13510,2024-03-15 23:00:00,Detroit Pistons,Miami Heat
693,2648,Isaiah,Stewart,Detroit Pistons,13510,10,C,37,4,6,66.7,1,1,100.0,1,2,50.0,2,4,6,2,2,0,1,1,-11,Isaiah Stewart,18,16,12,8,13510,2024-03-15 23:00:00,Detroit Pistons,Miami Heat
694,3433,Jalen,Duren,Detroit Pistons,13510,15,C,34,7,9,77.8,1,2,50.0,0,0,0,2,15,17,1,2,0,3,1,-16,Jalen Duren,33,32,16,18,13510,2024-03-15 23:00:00,Detroit Pistons,Miami Heat
695,2801,Cade,Cunningham,Detroit Pistons,13510,11,PG,31,5,15,33.3,1,1,100.0,0,4,0,3,3,6,9,2,0,3,0,-13,Cade Cunningham,26,17,20,15,13510,2024-03-15 23:00:00,Detroit Pistons,Miami Heat
696,3451,Jaden,Ivey,Detroit Pistons,13510,14,PG,38,3,14,21.4,6,6,100.0,2,9,22.2,0,3,3,9,3,1,4,0,-3,Jaden Ivey,26,17,23,12,13510,2024-03-15 23:00:00,Detroit Pistons,Miami Heat
697,3969,Tosan,Evbuomwan,Detroit Pistons,13510,0,F,1,0,0,0,0,0,0,0,0,0,0,0,0,0,0,0,0,0,+2,Tosan Evbuomwan,0,0,0,0,13510,2024-03-15 23:00:00,Detroit Pistons,Miami Heat
698,2666,James,Wiseman,Detroit Pistons,13510,6,C,13,3,6,50.0,0,0,0,0,0,0,1,6,7,1,1,0,0,0,-2,James Wiseman,14,13,7,8,13510,2024-03-15 23:00:00,Detroit Pistons,Miami Heat
699,2587,Malachi,Flynn,Detroit Pistons,13510,0,PG,1,0,0,0,0,0,0,0,0,0,0,0,0,0,0,0,0,0,+2,Malachi Flynn,0,0,0,0,13510,2024-03-15 23:00:00,Detroit Pistons,Miami Heat
700,177,Evan,Fournier,Detroit Pistons,13510,12,SG,16,4,8,50.0,3,3,100.0,1,5,20.0,0,1,1,3,1,1,0,0,-8,Evan Fournier,16,13,15,4,13510,2024-03-15 23:00:00,Detroit Pistons,Miami Heat
701,3790,Stanley,Umude,Detroit Pistons,13510,0,G,11,0,4,0,0,0,0,0,4,0,0,0,0,0,1,1,1,0,+3,Stanley Umude,0,0,0,0,13510,2024-03-15 23:00:00,Detroit Pistons,Miami Heat
702,3970,Marcus,Sasser,Detroit Pistons,13510,3,G,24,1,6,16.7,0,0,0,1,6,16.7,0,2,2,2,2,1,3,0,-10,Marcus Sasser,7,5,5,4,13510,2024-03-15 23:00:00,Detroit Pistons,Miami Heat
703,1018,Duncan,Robinson,Miami Heat,13510,16,F,33,6,14,42.9,0,0,0,4,12,33.3,0,2,2,5,1,3,2,1,+6,Duncan Robinson,23,18,21,7,13510,2024-03-15 23:00:00,Detroit Pistons,Miami Heat
704,3453,Nikola,Jovic,Miami Heat,13510,7,F,15,3,6,50.0,0,0,0,1,3,33.3,0,5,5,0,4,1,1,0,+1,Nikola Jovic,12,12,7,5,13510,2024-03-15 23:00:00,Detroit Pistons,Miami Heat
705,86,Jimmy,Butler,Miami Heat,13510,14,SF,31,5,11,45.5,4,5,80.0,0,1,0,1,3,4,3,2,2,1,0,+18,Jimmy Butler,21,18,17,7,13510,2024-03-15 23:00:00,Detroit Pistons,Miami Heat
706,724,Bam,Adebayo,Miami Heat,13510,22,C,29,10,14,71.4,1,3,33.3,1,1,100.0,3,6,9,2,1,2,0,3,+17,Bam Adebayo,33,31,24,11,13510,2024-03-15 23:00:00,Detroit Pistons,Miami Heat
707,458,Terry,Rozier,Miami Heat,13510,18,SG,34,5,15,33.3,8,11,72.7,0,5,0,1,4,5,1,2,1,0,1,+1,Terry Rozier,24,23,19,6,13510,2024-03-15 23:00:00,Detroit Pistons,Miami Heat
708,3424,Jamal,Cain,Miami Heat,13510,0,F,1,0,0,0,0,0,0,0,0,0,0,0,0,0,0,0,0,0,-2,Jamal Cain,0,0,0,0,13510,2024-03-15 23:00:00,Detroit Pistons,Miami Heat
709,1815,Haywood,Highsmith,Miami Heat,13510,0,F,5,0,0,0,0,0,0,0,0,0,0,1,1,0,0,0,0,0,-6,Haywood Highsmith,1,1,0,1,13510,2024-03-15 23:00:00,Detroit Pistons,Miami Heat
710,2242,Caleb,Martin,Miami Heat,13510,18,SF,33,8,14,57.1,1,1,100.0,1,5,20.0,3,5,8,6,0,2,2,0,+14,Caleb Martin,32,26,24,14,13510,2024-03-15 23:00:00,Detroit Pistons,Miami Heat
711,753,Thomas,Bryant,Miami Heat,13510,11,C,17,5,8,62.5,1,1,100.0,0,2,0,1,4,5,0,0,0,0,1,-4,Thomas Bryant,16,16,11,5,13510,2024-03-15 23:00:00,Detroit Pistons,Miami Heat
712,365,Patty,Mills,Miami Heat,13510,0,PG,15,0,4,0,0,0,0,0,3,0,0,0,0,2,1,2,2,0,+7,Patty Mills,2,0,2,2,13510,2024-03-15 23:00:00,Detroit Pistons,Miami Heat
713,4046,Jaime Jr.,Jaquez,Miami Heat,13510,2,G,26,1,5,20.0,0,0,0,0,2,0,0,5,5,4,5,1,0,0,+13,Jaime Jr. Jaquez,11,7,6,9,13510,2024-03-15 23:00:00,Detroit Pistons,Miami Heat
714,404,Kelly,Olynyk,Toronto Raptors,13511,10,PF,26,5,12,41.7,0,2,0,0,1,0,4,5,9,3,6,1,3,0,-6,Kelly Olynyk,22,19,13,12,13511,2024-03-15 23:30:00,Toronto Raptors,Orlando Magic
715,1058,Gary,Trent Jr.,Toronto Raptors,13511,31,SG,32,10,17,58.8,4,5,80.0,7,11,63.6,0,4,4,0,3,1,0,0,-6,Gary Trent Jr.,35,35,31,4,13511,2024-03-15 23:30:00,Toronto Raptors,Orlando Magic
716,2636,Immanuel,Quickley,Toronto Raptors,13511,10,SG,35,3,9,33.3,3,6,50.0,1,3,33.3,0,3,3,10,3,2,2,0,-12,Immanuel Quickley,23,13,20,13,13511,2024-03-15 23:30:00,Toronto Raptors,Orlando Magic
717,3411,Ochai,Agbaji,Toronto Raptors,13511,8,G,34,4,9,44.4,0,0,0,0,3,0,2,2,4,0,4,0,2,0,-8,Ochai Agbaji,12,12,8,4,13511,2024-03-15 23:30:00,Toronto Raptors,Orlando Magic
718,4027,Gradey,Dick,Toronto Raptors,13511,8,G,23,3,9,33.3,2,2,100.0,0,3,0,1,1,2,1,3,0,1,1,-32,Gradey Dick,11,10,9,3,13511,2024-03-15 23:30:00,Toronto Raptors,Orlando Magic
719,944,Bruce,Brown,Toronto Raptors,13511,12,SF,30,5,8,62.5,0,0,0,2,3,66.7,0,4,4,5,2,1,2,0,-5,Bruce Brown,21,16,17,9,13511,2024-03-15 23:30:00,Toronto Raptors,Orlando Magic
720,2628,Jordan,Nwora,Toronto Raptors,13511,14,SF,16,5,8,62.5,1,1,100.0,3,5,60.0,0,5,5,0,0,2,4,1,+11,Jordan Nwora,19,19,14,5,13511,2024-03-15 23:30:00,Toronto Raptors,Orlando Magic
721,2557,Jontay,Porter,Toronto Raptors,13511,0,C,27,0,4,0,0,0,0,0,3,0,1,3,4,4,1,3,1,2,+3,Jontay Porter,8,4,4,8,13511,2024-03-15 23:30:00,Toronto Raptors,Orlando Magic
722,2637,Jahmi'us,Ramsey,Toronto Raptors,13511,10,SG,18,3,5,60.0,3,4,75.0,1,2,50.0,1,4,5,1,2,1,0,0,+5,Jahmi'us Ramsey,16,15,11,6,13511,2024-03-15 23:30:00,Toronto Raptors,Orlando Magic
723,3414,Paolo,Banchero,Orlando Magic,13511,17,PF,36,5,15,33.3,6,6,100.0,1,2,50.0,2,7,9,8,2,1,6,0,+8,Paolo Banchero,34,26,25,17,13511,2024-03-15 23:30:00,Toronto Raptors,Orlando Magic
724,2858,Franz,Wagner,Orlando Magic,13511,19,SF,31,6,9,66.7,7,8,87.5,0,1,0,1,6,7,4,2,2,4,0,+9,Franz Wagner,30,26,23,11,13511,2024-03-15 23:30:00,Toronto Raptors,Orlando Magic
725,950,Wendell,Carter Jr.,Orlando Magic,13511,15,C,28,6,10,60.0,1,2,50.0,2,5,40.0,2,6,8,3,2,0,1,0,+8,Wendell Carter Jr.,26,23,18,11,13511,2024-03-15 23:30:00,Toronto Raptors,Orlando Magic
726,220,Gary,Harris,Orlando Magic,13511,6,SG,25,2,7,28.6,0,0,0,2,5,40.0,0,1,1,0,3,0,0,1,+5,Gary Harris,7,7,6,1,13511,2024-03-15 23:30:00,Toronto Raptors,Orlando Magic
727,2852,Jalen,Suggs,Orlando Magic,13511,16,SG,30,6,9,66.7,1,2,50.0,3,6,50.0,0,1,1,3,2,3,0,0,+13,Jalen Suggs,20,17,19,4,13511,2024-03-15 23:30:00,Toronto Raptors,Orlando Magic
728,801,Jonathan,Isaac,Orlando Magic,13511,10,PF,20,4,7,57.1,0,0,0,2,4,50.0,0,6,6,0,1,0,0,2,+2,Jonathan Isaac,16,16,10,6,13511,2024-03-15 23:30:00,Toronto Raptors,Orlando Magic
729,1037,Moritz,Wagner,Orlando Magic,13511,7,C,12,3,5,60.0,0,0,0,1,2,50.0,0,3,3,0,0,1,1,0,+2,Moritz Wagner,10,10,7,3,13511,2024-03-15 23:30:00,Toronto Raptors,Orlando Magic
730,779,Markelle,Fultz,Orlando Magic,13511,6,PG,17,3,8,37.5,0,0,0,0,0,0,0,0,0,2,1,0,0,1,+1,Markelle Fultz,8,6,8,2,13511,2024-03-15 23:30:00,Toronto Raptors,Orlando Magic
731,2563,Cole,Anthony,Orlando Magic,13511,12,PG,22,4,7,57.1,2,2,100.0,2,3,66.7,1,2,3,0,1,0,1,0,0,Cole Anthony,15,15,12,3,13511,2024-03-15 23:30:00,Toronto Raptors,Orlando Magic
732,258,Joe,Ingles,Orlando Magic,13511,5,SG,15,1,2,50.0,2,2,100.0,1,2,50.0,0,1,1,5,1,0,1,0,+7,Joe Ingles,11,6,10,6,13511,2024-03-15 23:30:00,Toronto Raptors,Orlando Magic
733,3449,Caleb,Houstan,Orlando Magic,13511,0,G,3,0,1,0,0,0,0,0,1,0,0,0,0,0,0,0,0,0,-5,Caleb Houstan,0,0,0,0,13511,2024-03-15 23:30:00,Toronto Raptors,Orlando Magic
