,player_id,firstname,lastname,team,game_id,points,position,minutes,fgm,fga,fgp,ftm,fta,ftp,tpm,tpa,tpp,offReb,defReb,totReb,assists,pFouls,steals,turnovers,blocks,plusMinus,First Last Name,Points_Rebounds_Assist,Points_Rebounds,Points_Assist,Rebounds_Assist,id,date,home_team,away_team
0,126,Anthony,Davis,Los Angeles Lakers,13580,36,PF,40,15,21,71.4,5,5,100.0,1,2,50.0,3,13,16,3,4,2,2,1,+11,Anthony Davis,55,52,39,19,13580,2024-03-25 02:00:00,Los Angeles Lakers,Indiana Pacers
1,1862,Rui,Hachimura,Los Angeles Lakers,13580,9,PF,30,4,8,50.0,0,0,0,1,4,25.0,0,5,5,1,1,0,0,1,+6,Rui Hachimura,15,14,10,6,13580,2024-03-25 02:00:00,Los Angeles Lakers,Indiana Pacers
2,265,LeBron,James,Los Angeles Lakers,13580,26,SF,38,8,19,42.1,8,8,100.0,2,4,50.0,1,4,5,10,1,1,3,1,+12,LeBron James,41,31,36,15,13580,2024-03-25 02:00:00,Los Angeles Lakers,Indiana Pacers
3,142,Spencer,Dinwiddie,Los Angeles Lakers,13580,26,PG,35,8,11,72.7,8,9,88.9,2,3,66.7,0,2,2,5,4,1,3,2,0,Spencer Dinwiddie,33,28,31,7,13580,2024-03-25 02:00:00,Los Angeles Lakers,Indiana Pacers
4,2845,Austin,Reaves,Los Angeles Lakers,13580,25,SG,37,6,13,46.2,11,12,91.7,2,5,40.0,1,4,5,8,1,0,2,1,+4,Austin Reaves,38,30,33,13,13580,2024-03-25 02:00:00,Los Angeles Lakers,Indiana Pacers
5,437,Taurean,Prince,Los Angeles Lakers,13580,14,PF,19,6,8,75.0,0,1,0,2,3,66.7,0,2,2,0,3,0,0,1,-3,Taurean Prince,16,16,14,2,13580,2024-03-25 02:00:00,Los Angeles Lakers,Indiana Pacers
6,1889,Cam,Reddish,Los Angeles Lakers,13580,7,SF,23,1,5,20.0,4,6,66.7,1,3,33.3,0,0,0,0,0,2,0,0,+1,Cam Reddish,7,7,7,0,13580,2024-03-25 02:00:00,Los Angeles Lakers,Indiana Pacers
7,1864,Jaxson,Hayes,Los Angeles Lakers,13580,4,C,8,1,3,33.3,2,2,100.0,0,0,0,3,1,4,0,0,0,0,0,-6,Jaxson Hayes,8,8,4,4,13580,2024-03-25 02:00:00,Los Angeles Lakers,Indiana Pacers
8,3427,Max,Christie,Los Angeles Lakers,13580,3,G,9,1,1,100.0,0,0,0,1,1,100.0,0,2,2,1,0,0,0,0,0,Max Christie,6,5,4,3,13580,2024-03-25 02:00:00,Los Angeles Lakers,Indiana Pacers
9,479,Pascal,Siakam,Indiana Pacers,13580,36,PF,33,16,29,55.2,4,8,50.0,0,2,0,4,8,12,2,3,0,1,0,-11,Pascal Siakam,50,48,38,14,13580,2024-03-25 02:00:00,Los Angeles Lakers,Indiana Pacers
10,2626,Aaron,Nesmith,Indiana Pacers,13580,13,SF,27,4,8,50.0,2,2,100.0,3,5,60.0,1,2,3,4,5,0,1,2,-5,Aaron Nesmith,20,16,17,7,13580,2024-03-25 02:00:00,Los Angeles Lakers,Indiana Pacers
11,522,Myles,Turner,Indiana Pacers,13580,20,C,28,7,12,58.3,2,4,50.0,4,6,66.7,0,5,5,3,3,0,1,2,-9,Myles Turner,28,25,23,8,13580,2024-03-25 02:00:00,Los Angeles Lakers,Indiana Pacers
12,3476,Andrew,Nembhard,Indiana Pacers,13580,15,PG,26,7,9,77.8,0,0,0,1,2,50.0,0,3,3,5,4,1,0,0,-12,Andrew Nembhard,23,18,20,8,13580,2024-03-25 02:00:00,Los Angeles Lakers,Indiana Pacers
13,2595,Tyrese,Haliburton,Indiana Pacers,13580,12,PG,33,5,13,38.5,0,0,0,2,6,33.3,1,5,6,10,1,2,1,0,-12,Tyrese Haliburton,28,18,22,16,13580,2024-03-25 02:00:00,Los Angeles Lakers,Indiana Pacers
14,2658,Obi,Toppin,Indiana Pacers,13580,11,PF,19,4,6,66.7,0,0,0,3,5,60.0,1,2,3,1,4,0,1,0,+4,Obi Toppin,15,14,12,4,13580,2024-03-25 02:00:00,Los Angeles Lakers,Indiana Pacers
15,2644,Jalen,Smith,Indiana Pacers,13580,0,PF,5,0,1,0,0,0,0,0,1,0,0,1,1,0,0,0,0,0,-4,Jalen Smith,1,1,0,1,13580,2024-03-25 02:00:00,Los Angeles Lakers,Indiana Pacers
16,351,Doug,McDermott,Indiana Pacers,13580,14,SF,22,5,8,62.5,0,0,0,4,7,57.1,0,0,0,3,4,1,2,0,+9,Doug McDermott,17,14,17,3,13580,2024-03-25 02:00:00,Los Angeles Lakers,Indiana Pacers
17,2817,Isaiah,Jackson,Indiana Pacers,13580,5,SF,13,2,4,50.0,1,1,100.0,0,0,0,2,2,4,1,3,1,1,0,+7,Isaiah Jackson,10,9,6,5,13580,2024-03-25 02:00:00,Los Angeles Lakers,Indiana Pacers
18,348,T.J.,McConnell,Indiana Pacers,13580,17,PG,18,8,15,53.3,0,1,0,1,1,100.0,1,2,3,7,0,1,2,0,+7,T.J. McConnell,27,20,24,10,13580,2024-03-25 02:00:00,Los Angeles Lakers,Indiana Pacers
19,3979,Ben,Sheppard,Indiana Pacers,13580,2,G,16,1,2,50.0,0,0,0,0,1,0,0,0,0,3,4,0,1,0,+1,Ben Sheppard,5,2,5,3,13580,2024-03-25 02:00:00,Los Angeles Lakers,Indiana Pacers
20,246,Richaun,Holmes,Washington Wizards,13570,15,F,28,6,9,66.7,3,4,75.0,0,0,0,7,7,14,0,3,0,2,2,+7,Richaun Holmes,29,29,15,14,13570,2024-03-24 00:00:00,Washington Wizards,Toronto Raptors
21,820,Kyle,Kuzma,Washington Wizards,13570,16,SF,34,7,18,38.9,2,4,50.0,0,3,0,0,9,9,5,4,0,4,0,-4,Kyle Kuzma,30,25,21,14,13570,2024-03-24 00:00:00,Washington Wizards,Toronto Raptors
22,2825,Corey,Kispert,Washington Wizards,13570,18,SF,33,7,12,58.3,0,0,0,4,6,66.7,0,1,1,2,2,1,2,0,-1,Corey Kispert,21,19,20,3,13570,2024-03-24 00:00:00,Washington Wizards,Toronto Raptors
23,2564,Deni,Avdija,Washington Wizards,13570,22,SF,36,8,19,42.1,3,6,50.0,3,8,37.5,3,10,13,5,2,1,1,0,0,Deni Avdija,40,35,27,18,13570,2024-03-24 00:00:00,Washington Wizards,Toronto Raptors
24,1887,Jordan,Poole,Washington Wizards,13570,18,SG,38,6,14,42.9,4,4,100.0,2,8,25.0,1,3,4,12,3,3,3,0,+7,Jordan Poole,34,22,30,16,13570,2024-03-24 00:00:00,Washington Wizards,Toronto Raptors
25,931,Marvin,Bagley III,Washington Wizards,13570,10,PF,16,4,7,57.1,1,1,100.0,1,2,50.0,3,5,8,0,0,0,1,2,+1,Marvin Bagley III,18,18,10,8,13570,2024-03-24 00:00:00,Washington Wizards,Toronto Raptors
26,4088,T.,Vukcevic,Washington Wizards,13570,0,PF,3,0,0,0,0,0,0,0,0,0,0,1,1,0,0,0,0,0,-2,T. Vukcevic,1,1,0,1,13570,2024-03-24 00:00:00,Washington Wizards,Toronto Raptors
27,3413,Patrick,Baldwin Jr.,Washington Wizards,13570,2,F,11,1,3,33.3,0,0,0,0,2,0,1,0,1,0,1,0,1,3,-1,Patrick Baldwin Jr.,3,3,2,1,13570,2024-03-24 00:00:00,Washington Wizards,Toronto Raptors
28,2798,Justin,Champagnie,Washington Wizards,13570,0,SF,3,0,0,0,0,0,0,0,0,0,0,1,1,1,0,0,1,0,-3,Justin Champagnie,2,1,1,2,13570,2024-03-24 00:00:00,Washington Wizards,Toronto Raptors
29,2796,Jared,Butler,Washington Wizards,13570,7,SG,20,3,7,42.9,0,0,0,1,5,20.0,1,1,2,2,3,1,2,0,+5,Jared Butler,11,9,9,4,13570,2024-03-24 00:00:00,Washington Wizards,Toronto Raptors
30,3428,Johnny,Davis,Washington Wizards,13570,4,G,17,2,3,66.7,0,0,0,0,1,0,0,1,1,1,0,1,0,1,+6,Johnny Davis,6,5,5,2,13570,2024-03-24 00:00:00,Washington Wizards,Toronto Raptors
31,404,Kelly,Olynyk,Toronto Raptors,13570,14,PF,32,4,11,36.4,6,6,100.0,0,1,0,1,5,6,10,5,2,3,1,+3,Kelly Olynyk,30,20,24,16,13570,2024-03-24 00:00:00,Washington Wizards,Toronto Raptors
32,1058,Gary,Trent Jr.,Toronto Raptors,13570,31,SG,34,10,26,38.5,10,10,100.0,1,7,14.3,1,3,4,2,2,3,0,0,+5,Gary Trent Jr.,37,35,33,6,13570,2024-03-24 00:00:00,Washington Wizards,Toronto Raptors
33,2637,Jahmi'us,Ramsey,Toronto Raptors,13570,8,SG,18,3,5,60.0,0,0,0,2,4,50.0,0,4,4,1,2,0,0,0,+9,Jahmi'us Ramsey,13,12,9,5,13570,2024-03-24 00:00:00,Washington Wizards,Toronto Raptors
34,3411,Ochai,Agbaji,Toronto Raptors,13570,12,G,32,6,12,50.0,0,3,0,0,5,0,5,4,9,2,0,1,1,2,-2,Ochai Agbaji,23,21,14,11,13570,2024-03-24 00:00:00,Washington Wizards,Toronto Raptors
35,4027,Gradey,Dick,Toronto Raptors,13570,17,G,34,6,13,46.2,2,2,100.0,3,8,37.5,0,2,2,2,3,0,0,1,-7,Gradey Dick,21,19,19,4,13570,2024-03-24 00:00:00,Washington Wizards,Toronto Raptors
36,3445,Mouhamadou,Gueye,Toronto Raptors,13570,2,F,7,1,1,100.0,0,0,0,0,0,0,0,0,0,0,1,0,0,1,-9,Mouhamadou Gueye,2,2,2,0,13570,2024-03-24 00:00:00,Washington Wizards,Toronto Raptors
37,507,Garrett,Temple,Toronto Raptors,13570,3,SF,11,1,2,50.0,0,0,0,1,2,50.0,0,5,5,2,3,0,0,1,0,Garrett Temple,10,8,5,7,13570,2024-03-24 00:00:00,Washington Wizards,Toronto Raptors
38,944,Bruce,Brown,Toronto Raptors,13570,11,SF,33,5,13,38.5,1,3,33.3,0,1,0,5,1,6,3,1,1,3,0,-6,Bruce Brown,20,17,14,9,13570,2024-03-24 00:00:00,Washington Wizards,Toronto Raptors
39,2628,Jordan,Nwora,Toronto Raptors,13570,7,SF,16,3,6,50.0,0,0,0,1,3,33.3,0,2,2,1,2,0,2,1,-1,Jordan Nwora,10,9,8,3,13570,2024-03-24 00:00:00,Washington Wizards,Toronto Raptors
40,3440,Javon,Freeman-Liberty,Toronto Raptors,13570,4,G,23,1,5,20.0,2,2,100.0,0,2,0,1,3,4,4,1,2,3,0,-7,Javon Freeman-Liberty,12,8,8,8,13570,2024-03-24 00:00:00,Washington Wizards,Toronto Raptors
41,136,DeMar,DeRozan,Chicago Bulls,13571,28,SF,42,12,19,63.2,4,4,100.0,0,1,0,0,6,6,9,1,0,2,1,-3,DeMar DeRozan,43,34,37,15,13571,2024-03-24 00:00:00,Chicago Bulls,Boston Celtics
42,534,Nikola,Vucevic,Chicago Bulls,13571,14,C,32,7,10,70.0,0,0,0,0,3,0,0,2,2,5,3,1,1,2,-6,Nikola Vucevic,21,16,19,7,13571,2024-03-24 00:00:00,Chicago Bulls,Boston Celtics
43,1900,Coby,White,Chicago Bulls,13571,11,PG,36,3,11,27.3,4,4,100.0,1,4,25.0,0,5,5,10,3,0,2,0,-7,Coby White,26,16,21,15,13571,2024-03-24 00:00:00,Chicago Bulls,Boston Celtics
44,631,Alex,Caruso,Chicago Bulls,13571,14,SG,28,5,8,62.5,0,0,0,4,6,66.7,0,3,3,3,1,1,0,0,0,Alex Caruso,20,17,17,6,13571,2024-03-24 00:00:00,Chicago Bulls,Boston Celtics
45,2802,Ayo,Dosunmu,Chicago Bulls,13571,14,SG,40,7,16,43.8,0,0,0,0,4,0,0,2,2,4,4,2,1,0,-9,Ayo Dosunmu,20,16,18,6,13571,2024-03-24 00:00:00,Chicago Bulls,Boston Celtics
46,2853,Terry,Taylor,Chicago Bulls,13571,0,F,1,0,0,0,0,0,0,0,0,0,0,0,0,0,0,0,0,0,0,Terry Taylor,0,0,0,0,13571,2024-03-24 00:00:00,Chicago Bulls,Boston Celtics
47,3494,Dalen,Terry,Chicago Bulls,13571,12,F,20,5,8,62.5,1,2,50.0,1,3,33.3,2,1,3,1,1,1,0,0,-15,Dalen Terry,16,15,13,4,13571,2024-03-24 00:00:00,Chicago Bulls,Boston Celtics
48,765,Torrey,Craig,Chicago Bulls,13571,11,SF,19,4,4,100.0,0,0,0,3,3,100.0,0,2,2,3,3,2,0,0,-3,Torrey Craig,16,13,14,5,13571,2024-03-24 00:00:00,Chicago Bulls,Boston Celtics
49,3951,Onuralp,Bitim,Chicago Bulls,13571,2,SF,7,1,3,33.3,0,0,0,0,0,0,0,0,0,1,2,0,0,0,-7,Onuralp Bitim,3,2,3,1,13571,2024-03-24 00:00:00,Chicago Bulls,Boston Celtics
50,147,Andre,Drummond,Chicago Bulls,13571,7,C,16,3,3,100.0,1,1,100.0,0,0,0,1,5,6,0,0,0,1,0,-5,Andre Drummond,13,13,7,6,13571,2024-03-24 00:00:00,Chicago Bulls,Boston Celtics
51,882,Jayson,Tatum,Boston Celtics,13571,26,SF,37,8,20,40.0,8,9,88.9,2,7,28.6,1,1,2,6,1,1,5,1,+5,Jayson Tatum,34,28,32,8,13571,2024-03-24 00:00:00,Chicago Bulls,Boston Celtics
52,2812,Sam,Hauser,Boston Celtics,13571,23,SF,32,8,9,88.9,0,0,0,7,8,87.5,1,4,5,1,0,2,2,0,+8,Sam Hauser,29,28,24,6,13571,2024-03-24 00:00:00,Chicago Bulls,Boston Celtics
53,248,Al,Horford,Boston Celtics,13571,23,C,31,8,16,50.0,2,2,100.0,5,10,50.0,2,6,8,1,1,0,2,0,+9,Al Horford,32,31,24,9,13571,2024-03-24 00:00:00,Chicago Bulls,Boston Celtics
54,819,Luke,Kornet,Boston Celtics,13571,8,C,31,4,5,80.0,0,0,0,0,0,0,5,8,13,4,2,0,1,2,+3,Luke Kornet,25,21,12,17,13571,2024-03-24 00:00:00,Chicago Bulls,Boston Celtics
55,897,Derrick,White,Boston Celtics,13571,17,PG,38,6,14,42.9,2,3,66.7,3,11,27.3,0,3,3,6,1,1,1,0,+8,Derrick White,26,20,23,9,13571,2024-03-24 00:00:00,Chicago Bulls,Boston Celtics
56,2656,Xavier,Tillman,Boston Celtics,13571,2,F,11,1,2,50.0,0,0,0,0,1,0,0,2,2,2,1,0,0,0,0,Xavier Tillman,6,4,4,4,13571,2024-03-24 00:00:00,Chicago Bulls,Boston Celtics
57,2110,Oshae,Brissett,Boston Celtics,13571,7,SF,17,3,3,100.0,0,0,0,1,1,100.0,3,1,4,0,1,0,1,0,+4,Oshae Brissett,11,11,7,4,13571,2024-03-24 00:00:00,Chicago Bulls,Boston Celtics
58,2635,Payton,Pritchard,Boston Celtics,13571,15,PG,34,5,13,38.5,3,3,100.0,2,6,33.3,0,3,3,8,1,1,0,0,+17,Payton Pritchard,26,18,23,11,13571,2024-03-24 00:00:00,Chicago Bulls,Boston Celtics
59,1006,Svi,Mykhailiuk,Boston Celtics,13571,3,SG,9,1,4,25.0,0,0,0,1,4,25.0,0,1,1,0,1,0,0,0,+1,Svi Mykhailiuk,4,4,3,1,13571,2024-03-24 00:00:00,Chicago Bulls,Boston Celtics
60,2851,Jaden,Springer,Boston Celtics,13571,0,G,0,0,0,0,0,0,0,0,0,0,0,0,0,0,0,0,0,0,0,Jaden Springer,0,0,0,0,13571,2024-03-24 00:00:00,Chicago Bulls,Boston Celtics
61,3489,Jabari,Smith Jr.,Houston Rockets,13572,5,PF,9,2,3,66.7,1,1,100.0,0,0,0,0,2,2,2,0,0,0,0,+13,Jabari Smith Jr.,9,7,7,4,13572,2024-03-24 00:00:00,Houston Rockets,Utah Jazz
62,3977,Amen,Thompson,Houston Rockets,13572,4,F,30,2,9,22.2,0,2,0,0,1,0,7,3,10,6,3,1,2,0,+7,Amen Thompson,20,14,10,16,13572,2024-03-24 00:00:00,Houston Rockets,Utah Jazz
63,749,Dillon,Brooks,Houston Rockets,13572,12,SF,26,4,8,50.0,2,2,100.0,2,3,66.7,0,4,4,4,3,1,0,0,+26,Dillon Brooks,20,16,16,8,13572,2024-03-24 00:00:00,Houston Rockets,Utah Jazz
64,527,Fred,VanVleet,Houston Rockets,13572,34,PG,28,11,16,68.8,2,2,100.0,10,15,66.7,0,3,3,7,3,2,2,0,+29,Fred VanVleet,44,37,41,10,13572,2024-03-24 00:00:00,Houston Rockets,Utah Jazz
65,2810,Jalen,Green,Houston Rockets,13572,41,SG,33,15,22,68.2,4,4,100.0,7,11,63.6,1,3,4,4,3,1,3,0,+31,Jalen Green,49,45,45,8,13572,2024-03-24 00:00:00,Houston Rockets,Utah Jazz
66,207,Jeff,Green,Houston Rockets,13572,21,PF,25,7,14,50.0,3,3,100.0,4,8,50.0,0,4,4,1,3,0,0,2,+17,Jeff Green,26,25,22,5,13572,2024-03-24 00:00:00,Houston Rockets,Utah Jazz
67,82,Reggie,Bullock,Houston Rockets,13572,6,SF,21,2,6,33.3,0,0,0,2,6,33.3,1,6,7,0,2,1,0,0,-4,Reggie Bullock,13,13,6,7,13572,2024-03-24 00:00:00,Houston Rockets,Utah Jazz
68,2650,Jae'Sean,Tate,Houston Rockets,13572,7,SF,19,3,4,75.0,0,0,0,1,1,100.0,0,3,3,1,3,0,0,1,+1,Jae'Sean Tate,11,10,8,4,13572,2024-03-24 00:00:00,Houston Rockets,Utah Jazz
69,337,Boban,Marjanovic,Houston Rockets,13572,0,C,3,0,1,0,0,0,0,0,0,0,0,1,1,0,0,0,0,0,+1,Boban Marjanovic,1,1,0,1,13572,2024-03-24 00:00:00,Houston Rockets,Utah Jazz
70,1485,Jock,Landale,Houston Rockets,13572,6,C,18,3,4,75.0,0,0,0,0,1,0,2,0,2,3,4,0,2,0,+19,Jock Landale,11,8,9,5,13572,2024-03-24 00:00:00,Houston Rockets,Utah Jazz
71,979,Aaron,Holiday,Houston Rockets,13572,7,G,20,3,7,42.9,0,0,0,1,3,33.3,0,1,1,3,1,0,0,0,-1,Aaron Holiday,11,8,10,4,13572,2024-03-24 00:00:00,Houston Rockets,Utah Jazz
72,3931,Jeenathan,Williams,Houston Rockets,13572,4,G,9,2,3,66.7,0,0,0,0,0,0,1,2,3,0,1,1,0,0,+1,Jeenathan Williams,7,7,4,3,13572,2024-03-24 00:00:00,Houston Rockets,Utah Jazz
73,761,John,Collins,Utah Jazz,13572,25,PF,20,7,9,77.8,9,10,90.0,2,2,100.0,3,3,6,1,4,0,2,0,-16,John Collins,32,31,26,7,13572,2024-03-24 00:00:00,Houston Rockets,Utah Jazz
74,4031,Taylor,Hendricks,Utah Jazz,13572,9,F,27,4,9,44.4,0,0,0,1,4,25.0,1,5,6,0,3,0,1,1,-17,Taylor Hendricks,15,15,9,6,13572,2024-03-24 00:00:00,Houston Rockets,Utah Jazz
75,1021,Collin,Sexton,Utah Jazz,13572,20,PG,36,7,17,41.2,5,6,83.3,1,2,50.0,1,1,2,8,1,2,0,0,-9,Collin Sexton,30,22,28,10,13572,2024-03-24 00:00:00,Houston Rockets,Utah Jazz
76,3454,Johnny,Juzang,Utah Jazz,13572,8,G,21,3,5,60.0,0,0,0,2,4,50.0,0,0,0,1,2,0,0,0,-7,Johnny Juzang,9,8,9,1,13572,2024-03-24 00:00:00,Houston Rockets,Utah Jazz
77,4029,Keyonte,George,Utah Jazz,13572,15,G,31,4,13,30.8,5,6,83.3,2,9,22.2,0,4,4,5,0,0,2,0,-30,Keyonte George,24,19,20,9,13572,2024-03-24 00:00:00,Houston Rockets,Utah Jazz
78,4034,Brice,Sensabaugh,Utah Jazz,13572,16,F,27,5,14,35.7,4,5,80.0,2,10,20.0,0,4,4,4,0,0,2,0,-14,Brice Sensabaugh,24,20,20,8,13572,2024-03-24 00:00:00,Houston Rockets,Utah Jazz
79,3358,Micah,Potter,Utah Jazz,13572,0,C,18,0,2,0,0,0,0,0,2,0,2,1,3,0,0,0,0,0,-4,Micah Potter,3,3,0,3,13572,2024-03-24 00:00:00,Houston Rockets,Utah Jazz
80,3457,Walker,Kessler,Utah Jazz,13572,12,C,28,5,8,62.5,2,2,100.0,0,0,0,3,6,9,1,1,0,1,3,-12,Walker Kessler,22,21,13,10,13572,2024-03-24 00:00:00,Houston Rockets,Utah Jazz
81,2611,Kira,Lewis Jr.,Utah Jazz,13572,12,PG,25,4,9,44.4,3,4,75.0,1,3,33.3,1,4,5,4,0,0,2,0,-11,Kira Lewis Jr.,21,17,16,9,13572,2024-03-24 00:00:00,Houston Rockets,Utah Jazz
82,152,Kris,Dunn,Utah Jazz,13572,2,G,6,1,3,33.3,0,0,0,0,1,0,1,0,1,0,0,0,0,0,-20,Kris Dunn,3,3,2,1,13572,2024-03-24 00:00:00,Houston Rockets,Utah Jazz
83,3425,Julian,Champagnie,San Antonio Spurs,13573,4,F,25,1,4,25.0,2,3,66.7,0,2,0,0,2,2,2,1,1,1,2,-11,Julian Champagnie,8,6,6,4,13573,2024-03-24 00:00:00,San Antonio Spurs,Phoenix Suns
84,3490,Jeremy,Sochan,San Antonio Spurs,13573,7,F,21,3,7,42.9,1,2,50.0,0,4,0,0,3,3,2,0,0,2,1,-21,Jeremy Sochan,12,10,9,5,13573,2024-03-24 00:00:00,San Antonio Spurs,Phoenix Suns
85,4026,Victor,Wembanyama,San Antonio Spurs,13573,13,C,21,5,7,71.4,2,2,100.0,1,2,50.0,1,4,5,4,0,0,5,1,-13,Victor Wembanyama,22,18,17,9,13573,2024-03-24 00:00:00,San Antonio Spurs,Phoenix Suns
86,2606,Tre,Jones,San Antonio Spurs,13573,10,PG,21,4,5,80.0,2,2,100.0,0,1,0,0,1,1,5,0,0,1,0,-21,Tre Jones,16,11,15,6,13573,2024-03-24 00:00:00,San Antonio Spurs,Phoenix Suns
87,2661,Devin,Vassell,San Antonio Spurs,13573,2,SG,24,1,8,12.5,0,0,0,0,2,0,0,3,3,3,0,0,1,0,-27,Devin Vassell,8,5,5,6,13573,2024-03-24 00:00:00,San Antonio Spurs,Phoenix Suns
88,762,Zach,Collins,San Antonio Spurs,13573,11,PF,19,4,9,44.4,1,2,50.0,2,2,100.0,2,1,3,1,3,1,2,1,-18,Zach Collins,15,14,12,4,13573,2024-03-24 00:00:00,San Antonio Spurs,Phoenix Suns
89,2830,Sandro,Mamukelashvili,San Antonio Spurs,13573,11,PF,8,5,7,71.4,0,0,0,1,2,50.0,1,2,3,0,0,0,1,0,+6,Sandro Mamukelashvili,14,14,11,3,13573,2024-03-24 00:00:00,San Antonio Spurs,Phoenix Suns
90,3415,Dominick,Barlow,San Antonio Spurs,13573,4,F,9,1,3,33.3,2,2,100.0,0,0,0,2,1,3,0,0,0,0,0,+6,Dominick Barlow,7,7,4,3,13573,2024-03-24 00:00:00,San Antonio Spurs,Phoenix Suns
91,854,Cedi,Osman,San Antonio Spurs,13573,5,SF,19,2,5,40.0,0,0,0,1,3,33.3,0,4,4,1,1,0,0,0,-10,Cedi Osman,10,9,6,5,13573,2024-03-24 00:00:00,San Antonio Spurs,Phoenix Suns
92,1872,Keldon,Johnson,San Antonio Spurs,13573,14,SF,24,5,11,45.5,4,5,80.0,0,5,0,1,3,4,1,1,1,1,0,-9,Keldon Johnson,19,18,15,5,13573,2024-03-24 00:00:00,San Antonio Spurs,Phoenix Suns
93,973,Devonte',Graham,San Antonio Spurs,13573,6,PG,9,2,6,33.3,1,1,100.0,1,5,20.0,0,2,2,2,0,1,1,0,+6,Devonte' Graham,10,8,8,4,13573,2024-03-24 00:00:00,San Antonio Spurs,Phoenix Suns
94,3419,Malaki,Branham,San Antonio Spurs,13573,7,G,22,3,8,37.5,0,0,0,1,3,33.3,0,0,0,3,1,0,0,0,-15,Malaki Branham,10,7,10,3,13573,2024-03-24 00:00:00,San Antonio Spurs,Phoenix Suns
95,3499,Blake,Wesley,San Antonio Spurs,13573,12,G,19,4,5,80.0,2,2,100.0,2,2,100.0,1,0,1,3,2,2,0,1,+2,Blake Wesley,16,13,15,4,13573,2024-03-24 00:00:00,San Antonio Spurs,Phoenix Suns
96,153,Kevin,Durant,Phoenix Suns,13573,25,PF,31,12,16,75.0,0,0,0,1,2,50.0,0,4,4,4,0,3,0,0,+31,Kevin Durant,33,29,29,8,13573,2024-03-24 00:00:00,San Antonio Spurs,Phoenix Suns
97,398,Jusuf,Nurkic,Phoenix Suns,13573,6,C,22,3,7,42.9,0,0,0,0,0,0,3,7,10,3,4,3,0,0,+26,Jusuf Nurkic,19,16,9,13,13573,2024-03-24 00:00:00,San Antonio Spurs,Phoenix Suns
98,45,Bradley,Beal,Phoenix Suns,13573,13,SG,28,6,10,60.0,0,0,0,1,3,33.3,0,1,1,12,1,0,1,0,+15,Bradley Beal,26,14,25,13,13573,2024-03-24 00:00:00,San Antonio Spurs,Phoenix Suns
99,926,Grayson,Allen,Phoenix Suns,13573,8,SG,26,4,6,66.7,0,0,0,0,0,0,0,2,2,1,1,1,1,0,+26,Grayson Allen,11,10,9,3,13573,2024-03-24 00:00:00,San Antonio Spurs,Phoenix Suns
100,64,Devin,Booker,Phoenix Suns,13573,32,SG,31,14,24,58.3,1,1,100.0,3,7,42.9,2,5,7,9,3,0,2,0,+29,Devin Booker,48,39,41,16,13573,2024-03-24 00:00:00,San Antonio Spurs,Phoenix Suns
101,851,Royce,O'Neale,Phoenix Suns,13573,4,PF,16,2,6,33.3,0,0,0,0,4,0,0,4,4,0,0,0,2,1,-3,Royce O'Neale,8,8,4,4,13573,2024-03-24 00:00:00,San Antonio Spurs,Phoenix Suns
102,966,Drew,Eubanks,Phoenix Suns,13573,10,PF,18,3,4,75.0,4,5,80.0,0,0,0,0,3,3,1,1,1,0,3,+2,Drew Eubanks,14,13,11,4,13573,2024-03-24 00:00:00,San Antonio Spurs,Phoenix Suns
103,570,Thaddeus,Young,Phoenix Suns,13573,4,F,6,2,4,50.0,0,0,0,0,0,0,1,1,2,2,0,1,1,0,-2,Thaddeus Young,8,6,6,4,13573,2024-03-24 00:00:00,San Antonio Spurs,Phoenix Suns
104,3483,David,Roddy,Phoenix Suns,13573,2,F,6,1,2,50.0,0,0,0,0,0,0,0,1,1,2,0,1,0,0,-2,David Roddy,5,3,4,3,13573,2024-03-24 00:00:00,San Antonio Spurs,Phoenix Suns
105,1010,Josh,Okogie,Phoenix Suns,13573,0,SF,10,0,2,0,0,0,0,0,0,0,1,0,1,1,1,0,1,0,-4,Josh Okogie,2,1,1,2,13573,2024-03-24 00:00:00,San Antonio Spurs,Phoenix Suns
106,1875,Nassir,Little,Phoenix Suns,13573,2,SF,6,1,2,50.0,0,0,0,0,1,0,0,0,0,1,1,0,0,0,-2,Nassir Little,3,2,3,1,13573,2024-03-24 00:00:00,San Antonio Spurs,Phoenix Suns
107,1849,Bol,Bol,Phoenix Suns,13573,13,C,19,4,5,80.0,3,4,75.0,2,2,100.0,0,4,4,1,3,0,0,1,+5,Bol Bol,18,17,14,5,13573,2024-03-24 00:00:00,San Antonio Spurs,Phoenix Suns
108,196,Eric,Gordon,Phoenix Suns,13573,12,SG,23,4,6,66.7,0,0,0,4,5,80.0,0,0,0,1,3,1,0,0,+4,Eric Gordon,13,12,13,1,13573,2024-03-24 00:00:00,San Antonio Spurs,Phoenix Suns
109,4015,Toumani,Camara,Portland Trail Blazers,13574,16,F,39,6,11,54.5,2,2,100.0,2,4,50.0,4,3,7,6,2,1,1,1,+8,Toumani Camara,29,23,22,13,13574,2024-03-24 02:00:00,Portland Trail Blazers,Denver Nuggets
110,4017,Kris,Murray,Portland Trail Blazers,13574,11,F,39,5,13,38.5,0,0,0,1,6,16.7,3,4,7,1,1,1,1,1,0,Kris Murray,19,18,12,8,13574,2024-03-24 02:00:00,Portland Trail Blazers,Denver Nuggets
111,4018,Duop,Reath,Portland Trail Blazers,13574,24,C,26,9,14,64.3,3,3,100.0,3,6,50.0,2,6,8,2,5,1,2,2,+9,Duop Reath,34,32,26,10,13574,2024-03-24 02:00:00,Portland Trail Blazers,Denver Nuggets
112,3408,Scoot,Henderson,Portland Trail Blazers,13574,22,G,28,9,20,45.0,2,2,100.0,2,4,50.0,1,3,4,6,5,2,4,0,-6,Scoot Henderson,32,26,28,10,13574,2024-03-24 02:00:00,Portland Trail Blazers,Denver Nuggets
113,4069,R.,Rupert,Portland Trail Blazers,13574,3,G,16,1,2,50.0,1,1,100.0,0,0,0,0,1,1,5,1,0,2,0,-8,R. Rupert,9,4,8,6,13574,2024-03-24 02:00:00,Portland Trail Blazers,Denver Nuggets
114,3496,Jabari,Walker,Portland Trail Blazers,13574,15,F,26,6,7,85.7,2,2,100.0,1,1,100.0,1,8,9,0,1,1,1,0,-8,Jabari Walker,24,24,15,9,13574,2024-03-24 02:00:00,Portland Trail Blazers,Denver Nuggets
115,2160,Moses,Brown,Portland Trail Blazers,13574,4,C,11,2,4,50.0,0,1,0,0,0,0,2,1,3,0,1,0,1,2,-8,Moses Brown,7,7,4,3,13574,2024-03-24 02:00:00,Portland Trail Blazers,Denver Nuggets
116,2594,Ashton,Hagans,Portland Trail Blazers,13574,2,G,21,0,3,0,2,2,100.0,0,1,0,1,2,3,6,4,2,2,2,-1,Ashton Hagans,11,5,8,9,13574,2024-03-24 02:00:00,Portland Trail Blazers,Denver Nuggets
117,2788,Dalano,Banton,Portland Trail Blazers,13574,14,G,33,5,19,26.3,3,4,75.0,1,6,16.7,0,3,3,1,4,0,1,0,-1,Dalano Banton,18,17,15,4,13574,2024-03-24 02:00:00,Portland Trail Blazers,Denver Nuggets
118,195,Aaron,Gordon,Denver Nuggets,13574,22,PF,37,8,21,38.1,6,8,75.0,0,2,0,8,4,12,5,0,0,1,3,-6,Aaron Gordon,39,34,27,17,13574,2024-03-24 02:00:00,Portland Trail Blazers,Denver Nuggets
119,1014,Michael,Porter Jr.,Denver Nuggets,13574,12,SF,35,5,12,41.7,1,2,50.0,1,5,20.0,3,6,9,3,2,0,2,0,-3,Michael Porter Jr.,24,21,15,12,13574,2024-03-24 02:00:00,Portland Trail Blazers,Denver Nuggets
120,286,DeAndre,Jordan,Denver Nuggets,13574,11,C,20,4,7,57.1,3,3,100.0,0,0,0,2,6,8,3,3,1,2,1,+10,DeAndre Jordan,22,19,14,11,13574,2024-03-24 02:00:00,Portland Trail Blazers,Denver Nuggets
121,264,Reggie,Jackson,Denver Nuggets,13574,23,PG,29,7,12,58.3,8,11,72.7,1,4,25.0,0,0,0,5,2,2,3,0,-10,Reggie Jackson,28,23,28,5,13574,2024-03-24 02:00:00,Portland Trail Blazers,Denver Nuggets
122,89,Kentavious,Caldwell-Pope,Denver Nuggets,13574,13,SG,35,4,6,66.7,2,2,100.0,3,5,60.0,0,3,3,1,3,2,2,2,-5,Kentavious Caldwell-Pope,17,16,14,4,13574,2024-03-24 02:00:00,Portland Trail Blazers,Denver Nuggets
123,3498,Peyton,Watson,Denver Nuggets,13574,3,F,15,1,6,16.7,1,1,100.0,0,1,0,2,3,5,1,2,0,0,2,+5,Peyton Watson,9,8,4,6,13574,2024-03-24 02:00:00,Portland Trail Blazers,Denver Nuggets
124,243,Justin,Holiday,Denver Nuggets,13574,2,SF,14,1,2,50.0,0,0,0,0,0,0,0,1,1,0,0,0,0,0,+6,Justin Holiday,3,3,2,1,13574,2024-03-24 02:00:00,Portland Trail Blazers,Denver Nuggets
125,3441,Collin,Gillespie,Denver Nuggets,13574,11,G,19,4,10,40.0,1,2,50.0,2,4,50.0,0,3,3,1,3,0,2,0,+13,Collin Gillespie,15,14,12,4,13574,2024-03-24 02:00:00,Portland Trail Blazers,Denver Nuggets
126,3420,Christian,Braun,Denver Nuggets,13574,17,G,36,7,15,46.7,2,4,50.0,1,3,33.3,4,4,8,6,2,3,1,1,+5,Christian Braun,31,25,23,14,13574,2024-03-24 02:00:00,Portland Trail Blazers,Denver Nuggets
127,999,Chimezie,Metu,Detroit Pistons,13575,17,PF,39,5,8,62.5,7,8,87.5,0,2,0,2,6,8,3,5,1,2,1,-13,Chimezie Metu,28,25,20,11,13575,2024-03-24 19:00:00,Detroit Pistons,New Orleans Pelicans
128,945,Troy,Brown Jr.,Detroit Pistons,13575,6,SF,20,1,8,12.5,4,5,80.0,0,4,0,0,6,6,2,1,0,2,0,-4,Troy Brown Jr.,14,12,8,8,13575,2024-03-24 19:00:00,Detroit Pistons,New Orleans Pelicans
129,2666,James,Wiseman,Detroit Pistons,13575,15,C,27,5,8,62.5,5,6,83.3,0,0,0,3,8,11,0,5,0,4,0,-1,James Wiseman,26,26,15,11,13575,2024-03-24 19:00:00,Detroit Pistons,New Orleans Pelicans
130,3451,Jaden,Ivey,Detroit Pistons,13575,16,PG,29,5,12,41.7,3,4,75.0,3,7,42.9,1,1,2,4,3,1,4,0,-15,Jaden Ivey,22,18,20,6,13575,2024-03-24 19:00:00,Detroit Pistons,New Orleans Pelicans
131,3970,Marcus,Sasser,Detroit Pistons,13575,3,G,27,1,5,20.0,0,0,0,1,3,33.3,0,1,1,3,3,1,2,1,-3,Marcus Sasser,7,4,6,4,13575,2024-03-24 19:00:00,Detroit Pistons,New Orleans Pelicans
132,3417,Buddy,Boeheim,Detroit Pistons,13575,13,F,22,4,8,50.0,2,2,100.0,3,7,42.9,0,3,3,3,1,0,0,0,+3,Buddy Boeheim,19,16,16,6,13575,2024-03-24 19:00:00,Detroit Pistons,New Orleans Pelicans
133,3969,Tosan,Evbuomwan,Detroit Pistons,13575,7,F,29,3,8,37.5,1,2,50.0,0,4,0,1,6,7,1,4,0,2,1,-8,Tosan Evbuomwan,15,14,8,8,13575,2024-03-24 19:00:00,Detroit Pistons,New Orleans Pelicans
134,2587,Malachi,Flynn,Detroit Pistons,13575,17,PG,25,6,12,50.0,2,3,66.7,3,7,42.9,3,1,4,4,0,1,0,0,-4,Malachi Flynn,25,21,21,8,13575,2024-03-24 19:00:00,Detroit Pistons,New Orleans Pelicans
135,177,Evan,Fournier,Detroit Pistons,13575,2,SG,10,0,5,0,2,2,100.0,0,4,0,0,1,1,0,0,0,0,0,-8,Evan Fournier,3,3,2,1,13575,2024-03-24 19:00:00,Detroit Pistons,New Orleans Pelicans
136,3481,Jared,Rhoden,Detroit Pistons,13575,5,G,12,2,5,40.0,0,0,0,1,3,33.3,0,3,3,0,3,0,0,2,-12,Jared Rhoden,8,8,5,3,13575,2024-03-24 19:00:00,Detroit Pistons,New Orleans Pelicans
137,1902,Zion,Williamson,New Orleans Pelicans,13575,36,PF,36,13,14,92.9,10,14,71.4,0,0,0,1,6,7,6,2,2,4,0,+18,Zion Williamson,49,43,42,13,13575,2024-03-24 19:00:00,Detroit Pistons,New Orleans Pelicans
138,2822,Herbert,Jones,New Orleans Pelicans,13575,7,SF,35,2,4,50.0,1,2,50.0,2,3,66.7,0,1,1,2,3,4,1,1,-2,Herbert Jones,10,8,9,3,13575,2024-03-24 19:00:00,Detroit Pistons,New Orleans Pelicans
139,525,Jonas,Valanciunas,New Orleans Pelicans,13575,13,C,20,6,10,60.0,1,3,33.3,0,1,0,1,5,6,0,5,0,1,1,+6,Jonas Valanciunas,19,19,13,6,13575,2024-03-24 19:00:00,Detroit Pistons,New Orleans Pelicans
140,347,CJ,McCollum,New Orleans Pelicans,13575,23,SG,37,9,18,50.0,0,0,0,5,9,55.6,0,2,2,7,2,1,2,0,+7,CJ McCollum,32,25,30,9,13575,2024-03-24 19:00:00,Detroit Pistons,New Orleans Pelicans
141,2837,Trey,Murphy III,New Orleans Pelicans,13575,8,SG,32,1,12,8.3,6,8,75.0,0,9,0,0,8,8,2,1,1,1,4,+13,Trey Murphy III,18,16,10,10,13575,2024-03-24 19:00:00,Detroit Pistons,New Orleans Pelicans
142,385,Larry,Nance Jr.,New Orleans Pelicans,13575,9,PF,27,4,4,100.0,1,2,50.0,0,0,0,0,3,3,2,3,0,0,0,+9,Larry Nance Jr.,14,12,11,5,13575,2024-03-24 19:00:00,Detroit Pistons,New Orleans Pelicans
143,2846,Jeremiah,Robinson-Earl,New Orleans Pelicans,13575,0,F,1,0,1,0,0,0,0,0,0,0,0,0,0,0,1,0,0,0,-2,Jeremiah Robinson-Earl,0,0,0,0,13575,2024-03-24 19:00:00,Detroit Pistons,New Orleans Pelicans
144,2668,Naji,Marshall,New Orleans Pelicans,13575,14,SF,24,5,10,50.0,0,0,0,4,7,57.1,2,6,8,3,2,0,1,0,+10,Naji Marshall,25,22,17,11,13575,2024-03-24 19:00:00,Detroit Pistons,New Orleans Pelicans
145,2941,Jose,Alvarado,New Orleans Pelicans,13575,4,PG,21,1,6,16.7,2,2,100.0,0,3,0,2,3,5,3,2,0,0,1,+7,Jose Alvarado,12,9,7,8,13575,2024-03-24 19:00:00,Detroit Pistons,New Orleans Pelicans
146,4002,Jordan,Hawkins,New Orleans Pelicans,13575,0,G,6,0,2,0,0,0,0,0,2,0,0,1,1,2,1,0,0,0,-1,Jordan Hawkins,3,1,2,3,13575,2024-03-24 19:00:00,Detroit Pistons,New Orleans Pelicans
147,189,Paul,George,LA Clippers,13576,18,F,34,7,15,46.7,0,0,0,4,8,50.0,1,2,3,1,2,0,5,1,-18,Paul George,22,21,19,4,13576,2024-03-24 19:30:00,LA Clippers,Philadelphia 76ers
148,314,Kawhi,Leonard,LA Clippers,13576,20,SF,31,7,16,43.8,5,5,100.0,1,6,16.7,1,5,6,3,1,1,2,0,-1,Kawhi Leonard,29,26,23,9,13576,2024-03-24 19:30:00,LA Clippers,Philadelphia 76ers
149,575,Ivica,Zubac,LA Clippers,13576,13,C,29,5,9,55.6,3,4,75.0,0,0,0,3,7,10,2,0,0,0,4,+5,Ivica Zubac,25,23,15,12,13576,2024-03-24 19:30:00,LA Clippers,Philadelphia 76ers
150,216,James,Harden,LA Clippers,13576,12,SG,34,5,13,38.5,2,2,100.0,0,6,0,1,3,4,14,0,1,2,1,-16,James Harden,30,16,26,18,13576,2024-03-24 19:30:00,LA Clippers,Philadelphia 76ers
151,1877,Terance,Mann,LA Clippers,13576,6,SG,23,2,5,40.0,0,0,0,2,2,100.0,1,0,1,1,2,0,0,0,0,Terance Mann,8,7,7,2,13576,2024-03-24 19:30:00,LA Clippers,Philadelphia 76ers
152,886,Daniel,Theis,LA Clippers,13576,0,C,6,0,2,0,0,0,0,0,0,0,0,3,3,2,0,0,0,0,-5,Daniel Theis,5,3,2,5,13576,2024-03-24 19:30:00,LA Clippers,Philadelphia 76ers
153,426,Mason,Plumlee,LA Clippers,13576,8,C,12,2,2,100.0,4,4,100.0,0,0,0,2,3,5,1,1,0,2,1,-11,Mason Plumlee,14,13,9,6,13576,2024-03-24 19:30:00,LA Clippers,Philadelphia 76ers
154,2115,Amir,Coffey,LA Clippers,13576,2,SG,24,1,3,33.3,0,0,0,0,0,0,0,1,1,1,2,0,0,1,-16,Amir Coffey,4,3,3,2,13576,2024-03-24 19:30:00,LA Clippers,Philadelphia 76ers
155,2792,Brandon,Boston Jr.,LA Clippers,13576,4,SG,12,2,4,50.0,0,0,0,0,0,0,0,2,2,0,1,0,0,0,+4,Brandon Boston Jr.,6,6,4,2,13576,2024-03-24 19:30:00,LA Clippers,Philadelphia 76ers
156,434,Norman,Powell,LA Clippers,13576,20,G,25,7,11,63.6,3,3,100.0,3,5,60.0,1,0,1,1,1,0,1,0,-15,Norman Powell,22,21,21,2,13576,2024-03-24 19:30:00,LA Clippers,Philadelphia 76ers
157,3396,Xavier,Moon,LA Clippers,13576,0,G,4,0,1,0,0,0,0,0,1,0,0,0,0,1,0,0,1,1,0,Xavier Moon,1,0,1,1,13576,2024-03-24 19:30:00,LA Clippers,Philadelphia 76ers
158,3983,Kobe,Brown,LA Clippers,13576,4,G,5,2,2,100.0,0,0,0,0,0,0,0,1,1,0,1,0,0,0,+3,Kobe Brown,5,5,4,1,13576,2024-03-24 19:30:00,LA Clippers,Philadelphia 76ers
159,222,Tobias,Harris,Philadelphia 76ers,13576,24,PF,38,11,19,57.9,0,0,0,2,4,50.0,1,3,4,4,2,1,3,1,+8,Tobias Harris,32,28,28,8,13576,2024-03-24 19:30:00,LA Clippers,Philadelphia 76ers
160,932,Mo,Bamba,Philadelphia 76ers,13576,5,C,22,2,5,40.0,0,0,0,1,2,50.0,2,5,7,1,1,0,0,2,-4,Mo Bamba,13,12,6,8,13576,2024-03-24 19:30:00,LA Clippers,Philadelphia 76ers
161,2619,Tyrese,Maxey,Philadelphia 76ers,13576,24,PG,44,9,17,52.9,3,4,75.0,3,5,60.0,1,0,1,6,2,1,0,1,+15,Tyrese Maxey,31,25,30,7,13576,2024-03-24 19:30:00,LA Clippers,Philadelphia 76ers
162,236,Buddy,Hield,Philadelphia 76ers,13576,9,SG,23,3,7,42.9,0,0,0,3,6,50.0,1,3,4,2,2,0,1,0,+2,Buddy Hield,15,13,11,6,13576,2024-03-24 19:30:00,LA Clippers,Philadelphia 76ers
163,407,Kelly,Oubre Jr.,Philadelphia 76ers,13576,12,SG,25,5,11,45.5,0,0,0,2,5,40.0,2,0,2,6,2,0,0,1,+8,Kelly Oubre Jr.,20,14,18,8,13576,2024-03-24 19:30:00,LA Clippers,Philadelphia 76ers
164,899,D.J.,Wilson,Philadelphia 76ers,13576,0,F,2,0,0,0,0,0,0,0,0,0,0,0,0,0,0,0,0,0,-2,D.J. Wilson,0,0,0,0,13576,2024-03-24 19:30:00,LA Clippers,Philadelphia 76ers
165,2617,Kenyon,Martin Jr.,Philadelphia 76ers,13576,8,F,24,4,6,66.7,0,1,0,0,1,0,1,1,2,4,3,1,0,1,+15,Kenyon Martin Jr.,14,10,12,6,13576,2024-03-24 19:30:00,LA Clippers,Philadelphia 76ers
166,2638,Paul,Reed,Philadelphia 76ers,13576,10,SF,24,4,6,66.7,2,2,100.0,0,0,0,3,5,8,3,4,3,0,2,+17,Paul Reed,21,18,13,11,13576,2024-03-24 19:30:00,LA Clippers,Philadelphia 76ers
167,417,Cameron,Payne,Philadelphia 76ers,13576,23,PG,24,8,15,53.3,2,2,100.0,5,10,50.0,1,4,5,3,2,1,4,2,+16,Cameron Payne,31,28,26,8,13576,2024-03-24 19:30:00,LA Clippers,Philadelphia 76ers
168,2878,Jeff,Dowtin,Philadelphia 76ers,13576,3,G,12,1,3,33.3,0,0,0,1,3,33.3,0,4,4,3,0,0,0,0,-5,Jeff Dowtin,10,7,6,7,13576,2024-03-24 19:30:00,LA Clippers,Philadelphia 76ers
169,4049,Ricky IV,Council,Philadelphia 76ers,13576,3,G,2,1,1,100.0,0,0,0,1,1,100.0,0,0,0,0,0,0,0,0,0,Ricky IV Council,3,3,3,0,13576,2024-03-24 19:30:00,LA Clippers,Philadelphia 76ers
170,3453,Nikola,Jovic,Miami Heat,13577,8,F,18,3,6,50.0,0,0,0,2,4,50.0,0,0,0,1,3,1,2,0,+24,Nikola Jovic,9,8,9,1,13577,2024-03-24 22:00:00,Miami Heat,Cleveland Cavaliers
171,86,Jimmy,Butler,Miami Heat,13577,15,SF,24,3,6,50.0,8,9,88.9,1,2,50.0,0,3,3,6,3,1,2,0,+32,Jimmy Butler,24,18,21,9,13577,2024-03-24 22:00:00,Miami Heat,Cleveland Cavaliers
172,724,Bam,Adebayo,Miami Heat,13577,15,C,28,7,11,63.6,1,2,50.0,0,1,0,3,13,16,3,0,5,1,0,+27,Bam Adebayo,34,31,18,19,13577,2024-03-24 22:00:00,Miami Heat,Cleveland Cavaliers
173,365,Patty,Mills,Miami Heat,13577,10,PG,22,4,8,50.0,0,0,0,2,5,40.0,0,2,2,3,3,2,1,0,+26,Patty Mills,15,12,13,5,13577,2024-03-24 22:00:00,Miami Heat,Cleveland Cavaliers
174,458,Terry,Rozier,Miami Heat,13577,14,SG,31,6,14,42.9,2,2,100.0,0,6,0,0,3,3,5,1,1,0,0,+26,Terry Rozier,22,17,19,8,13577,2024-03-24 22:00:00,Miami Heat,Cleveland Cavaliers
175,3424,Jamal,Cain,Miami Heat,13577,5,F,9,2,2,100.0,0,0,0,1,1,100.0,1,1,2,2,1,0,1,0,-1,Jamal Cain,9,7,7,4,13577,2024-03-24 22:00:00,Miami Heat,Cleveland Cavaliers
176,1815,Haywood,Highsmith,Miami Heat,13577,18,F,25,7,10,70.0,0,0,0,4,4,100.0,2,3,5,2,1,1,0,0,+13,Haywood Highsmith,25,23,20,7,13577,2024-03-24 22:00:00,Miami Heat,Cleveland Cavaliers
177,3493,Cole,Swider,Miami Heat,13577,3,F,7,1,3,33.3,0,0,0,1,2,50.0,0,1,1,0,0,0,1,0,+2,Cole Swider,4,4,3,1,13577,2024-03-24 22:00:00,Miami Heat,Cleveland Cavaliers
178,2242,Caleb,Martin,Miami Heat,13577,11,SF,20,3,7,42.9,3,4,75.0,2,3,66.7,1,1,2,2,0,1,0,0,+13,Caleb Martin,15,13,13,4,13577,2024-03-24 22:00:00,Miami Heat,Cleveland Cavaliers
179,753,Thomas,Bryant,Miami Heat,13577,14,C,20,4,6,66.7,6,6,100.0,0,2,0,1,4,5,3,5,1,1,0,+10,Thomas Bryant,22,19,17,8,13577,2024-03-24 22:00:00,Miami Heat,Cleveland Cavaliers
180,3482,Orlando,Robinson,Miami Heat,13577,0,C,5,0,1,0,0,0,0,0,0,0,1,0,1,1,0,0,0,0,-2,Orlando Robinson,2,1,1,2,13577,2024-03-24 22:00:00,Miami Heat,Cleveland Cavaliers
181,564,Delon,Wright,Miami Heat,13577,8,SG,30,3,9,33.3,0,0,0,2,8,25.0,0,4,4,1,0,0,0,0,+15,Delon Wright,13,12,9,5,13577,2024-03-24 22:00:00,Miami Heat,Cleveland Cavaliers
182,2835,Evan,Mobley,Cleveland Cavaliers,13577,15,PF,21,4,6,66.7,5,6,83.3,2,2,100.0,0,4,4,1,3,0,2,0,-22,Evan Mobley,20,19,16,5,13577,2024-03-24 22:00:00,Miami Heat,Cleveland Cavaliers
183,2630,Isaac,Okoro,Cleveland Cavaliers,13577,3,SF,19,1,5,20.0,0,0,0,1,3,33.3,0,1,1,0,0,0,3,0,-20,Isaac Okoro,4,4,3,1,13577,2024-03-24 22:00:00,Miami Heat,Cleveland Cavaliers
184,727,Jarrett,Allen,Cleveland Cavaliers,13577,9,C,22,3,7,42.9,3,4,75.0,0,0,0,0,4,4,3,1,0,2,0,-17,Jarrett Allen,16,13,12,7,13577,2024-03-24 22:00:00,Miami Heat,Cleveland Cavaliers
185,1860,Darius,Garland,Cleveland Cavaliers,13577,9,PG,22,4,9,44.4,0,0,0,1,4,25.0,0,3,3,3,4,0,1,0,-17,Darius Garland,15,12,12,6,13577,2024-03-24 22:00:00,Miami Heat,Cleveland Cavaliers
186,317,Caris,LeVert,Cleveland Cavaliers,13577,2,SG,20,1,5,20.0,0,2,0,0,3,0,1,2,3,1,2,1,0,0,-26,Caris LeVert,6,5,3,4,13577,2024-03-24 22:00:00,Miami Heat,Cleveland Cavaliers
187,3956,Emoni,Bates,Cleveland Cavaliers,13577,9,F,11,3,5,60.0,0,0,0,3,4,75.0,0,0,0,1,0,0,0,0,0,Emoni Bates,10,9,10,1,13577,2024-03-24 22:00:00,Miami Heat,Cleveland Cavaliers
188,373,Marcus,Morris Sr.,Cleveland Cavaliers,13577,7,SF,21,3,10,30.0,1,2,50.0,0,3,0,0,2,2,2,0,1,0,1,-20,Marcus Morris Sr.,11,9,9,4,13577,2024-03-24 22:00:00,Miami Heat,Cleveland Cavaliers
189,391,Georges,Niang,Cleveland Cavaliers,13577,6,SF,24,2,6,33.3,0,0,0,2,4,50.0,0,4,4,2,1,1,3,0,-18,Georges Niang,12,10,8,6,13577,2024-03-24 22:00:00,Miami Heat,Cleveland Cavaliers
190,515,Tristan,Thompson,Cleveland Cavaliers,13577,6,C,10,3,4,75.0,0,0,0,0,0,0,2,1,3,1,0,0,2,1,-10,Tristan Thompson,10,9,7,4,13577,2024-03-24 22:00:00,Miami Heat,Cleveland Cavaliers
191,281,Damian,Jones,Cleveland Cavaliers,13577,9,C,11,3,3,100.0,3,3,100.0,0,0,0,0,0,0,0,3,0,1,0,0,Damian Jones,9,9,9,0,13577,2024-03-24 22:00:00,Miami Heat,Cleveland Cavaliers
192,2623,Sam,Merrill,Cleveland Cavaliers,13577,1,SG,31,0,6,0,1,1,100.0,0,6,0,0,2,2,6,2,0,1,0,-16,Sam Merrill,9,3,7,8,13577,2024-03-24 22:00:00,Miami Heat,Cleveland Cavaliers
193,4043,Craig Jr.,Porter,Cleveland Cavaliers,13577,8,G,27,3,6,50.0,2,2,100.0,0,0,0,1,3,4,4,0,0,2,1,-19,Craig Jr. Porter,16,12,12,8,13577,2024-03-24 22:00:00,Miami Heat,Cleveland Cavaliers
194,20,Giannis,Antetokounmpo,Milwaukee Bucks,13578,30,PF,34,13,18,72.2,4,6,66.7,0,0,0,8,11,19,4,3,0,3,1,+7,Giannis Antetokounmpo,53,49,34,23,13578,2024-03-24 23:00:00,Milwaukee Bucks,Oklahoma City Thunder
195,361,Khris,Middleton,Milwaukee Bucks,13578,11,SF,27,5,11,45.5,0,0,0,1,5,20.0,2,8,10,10,3,0,5,1,+10,Khris Middleton,31,21,21,20,13578,2024-03-24 23:00:00,Milwaukee Bucks,Oklahoma City Thunder
196,323,Brook,Lopez,Milwaukee Bucks,13578,14,C,23,5,11,45.5,2,3,66.7,2,5,40.0,1,2,3,2,1,1,0,1,+14,Brook Lopez,19,17,16,5,13578,2024-03-24 23:00:00,Milwaukee Bucks,Oklahoma City Thunder
197,319,Damian,Lillard,Milwaukee Bucks,13578,11,PG,33,4,12,33.3,1,1,100.0,2,5,40.0,0,6,6,5,2,0,1,0,+18,Damian Lillard,22,17,16,11,13578,2024-03-24 23:00:00,Milwaukee Bucks,Oklahoma City Thunder
198,46,Malik,Beasley,Milwaukee Bucks,13578,8,SG,25,3,6,50.0,0,0,0,2,5,40.0,0,2,2,0,2,1,1,0,+7,Malik Beasley,10,10,8,2,13578,2024-03-24 23:00:00,Milwaukee Bucks,Oklahoma City Thunder
199,181,Danilo,Gallinari,Milwaukee Bucks,13578,3,PF,4,1,2,50.0,0,0,0,1,2,50.0,0,0,0,0,0,1,1,0,+4,Danilo Gallinari,3,3,3,0,13578,2024-03-24 23:00:00,Milwaukee Bucks,Oklahoma City Thunder
200,121,Jae,Crowder,Milwaukee Bucks,13578,10,PF,18,4,4,100.0,0,0,0,2,2,100.0,0,2,2,2,1,1,0,0,+10,Jae Crowder,14,12,12,4,13578,2024-03-24 23:00:00,Milwaukee Bucks,Oklahoma City Thunder
201,431,Bobby,Portis,Milwaukee Bucks,13578,15,F,28,7,13,53.8,1,2,50.0,0,2,0,1,5,6,2,3,3,3,0,+17,Bobby Portis,23,21,17,8,13578,2024-03-24 23:00:00,Milwaukee Bucks,Oklahoma City Thunder
202,3405,MarJon,Beauchamp,Milwaukee Bucks,13578,2,F,4,1,2,50.0,0,0,0,0,1,0,0,0,0,0,1,0,0,0,+4,MarJon Beauchamp,2,2,2,0,13578,2024-03-24 23:00:00,Milwaukee Bucks,Oklahoma City Thunder
203,3997,Chris,Livingston,Milwaukee Bucks,13578,2,F,3,1,2,50.0,0,0,0,0,1,0,0,0,0,0,0,0,0,0,+1,Chris Livingston,2,2,2,0,13578,2024-03-24 23:00:00,Milwaukee Bucks,Oklahoma City Thunder
204,2408,Thanasis,Antetokounmpo,Milwaukee Bucks,13578,0,SF,3,0,0,0,0,0,0,0,0,0,0,1,1,1,1,0,0,0,+1,Thanasis Antetokounmpo,2,1,1,2,13578,2024-03-24 23:00:00,Milwaukee Bucks,Oklahoma City Thunder
205,53,Patrick,Beverley,Milwaukee Bucks,13578,1,PG,15,0,2,0,1,2,50.0,0,1,0,1,3,4,4,1,0,0,2,+12,Patrick Beverley,9,5,5,8,13578,2024-03-24 23:00:00,Milwaukee Bucks,Oklahoma City Thunder
206,115,Pat,Connaughton,Milwaukee Bucks,13578,11,SG,19,5,9,55.6,0,0,0,1,5,20.0,0,1,1,1,2,0,1,0,+17,Pat Connaughton,13,12,12,2,13578,2024-03-24 23:00:00,Milwaukee Bucks,Oklahoma City Thunder
207,4047,Andre Jr.,Jackson,Milwaukee Bucks,13578,0,G,4,0,0,0,0,0,0,0,0,0,2,1,3,2,1,0,1,0,+3,Andre Jr. Jackson,5,3,2,5,13578,2024-03-24 23:00:00,Milwaukee Bucks,Oklahoma City Thunder
208,3448,Chet,Holmgren,Oklahoma City Thunder,13578,6,PF,25,1,10,10.0,4,4,100.0,0,5,0,1,3,4,0,1,0,1,0,-1,Chet Holmgren,10,10,6,4,13578,2024-03-24 23:00:00,Milwaukee Bucks,Oklahoma City Thunder
209,3504,Jalen,Williams,Oklahoma City Thunder,13578,18,F,29,8,15,53.3,1,2,50.0,1,4,25.0,3,0,3,4,3,1,0,0,-17,Jalen Williams,25,21,22,7,13578,2024-03-24 23:00:00,Milwaukee Bucks,Oklahoma City Thunder
210,972,Shai,Gilgeous-Alexander,Oklahoma City Thunder,13578,12,PG,30,5,12,41.7,2,3,66.7,0,3,0,0,3,3,2,0,3,4,1,-17,Shai Gilgeous-Alexander,17,15,14,5,13578,2024-03-24 23:00:00,Milwaukee Bucks,Oklahoma City Thunder
211,2808,Josh,Giddey,Oklahoma City Thunder,13578,19,SG,29,7,12,58.3,1,1,100.0,4,6,66.7,0,9,9,8,2,0,1,0,-3,Josh Giddey,36,28,27,17,13578,2024-03-24 23:00:00,Milwaukee Bucks,Oklahoma City Thunder
212,2040,Luguentz,Dort,Oklahoma City Thunder,13578,7,G,22,2,8,25.0,2,2,100.0,1,6,16.7,0,3,3,0,2,0,0,0,-18,Luguentz Dort,10,10,7,3,13578,2024-03-24 23:00:00,Milwaukee Bucks,Oklahoma City Thunder
213,3404,Lindy,Waters III,Oklahoma City Thunder,13578,6,F,7,2,4,50.0,1,1,100.0,1,3,33.3,0,0,0,0,0,0,0,0,-2,Lindy Waters III,6,6,6,0,13578,2024-03-24 23:00:00,Milwaukee Bucks,Oklahoma City Thunder
214,3505,Jaylin,Williams,Oklahoma City Thunder,13578,0,F,8,0,1,0,0,0,0,0,1,0,0,3,3,1,1,0,0,0,-10,Jaylin Williams,4,3,1,4,13578,2024-03-24 23:00:00,Milwaukee Bucks,Oklahoma City Thunder
215,227,Gordon,Hayward,Oklahoma City Thunder,13578,0,SF,14,0,3,0,0,0,0,0,1,0,1,1,2,3,0,0,1,0,-10,Gordon Hayward,5,2,3,5,13578,2024-03-24 23:00:00,Milwaukee Bucks,Oklahoma City Thunder
216,1044,Kenrich,Williams,Oklahoma City Thunder,13578,6,SF,19,2,7,28.6,2,2,100.0,0,3,0,1,3,4,2,3,1,0,0,-16,Kenrich Williams,12,10,8,6,13578,2024-03-24 23:00:00,Milwaukee Bucks,Oklahoma City Thunder
217,54,Bismack,Biyombo,Oklahoma City Thunder,13578,0,C,5,0,0,0,0,2,0,0,0,0,0,0,0,0,0,1,2,0,-1,Bismack Biyombo,0,0,0,0,13578,2024-03-24 23:00:00,Milwaukee Bucks,Oklahoma City Thunder
218,384,Mike,Muscala,Oklahoma City Thunder,13578,0,C,0,0,0,0,0,0,0,0,0,0,0,0,0,0,0,0,0,0,0,Mike Muscala,0,0,0,0,13578,2024-03-24 23:00:00,Milwaukee Bucks,Oklahoma City Thunder
219,2604,Isaiah,Joe,Oklahoma City Thunder,13578,6,SG,8,2,5,40.0,0,0,0,2,4,50.0,1,0,1,0,0,0,0,0,-13,Isaiah Joe,7,7,6,1,13578,2024-03-24 23:00:00,Milwaukee Bucks,Oklahoma City Thunder
220,2863,Aaron,Wiggins,Oklahoma City Thunder,13578,8,SG,18,2,3,66.7,4,5,80.0,0,0,0,2,1,3,0,1,1,2,0,-8,Aaron Wiggins,11,11,8,3,13578,2024-03-24 23:00:00,Milwaukee Bucks,Oklahoma City Thunder
221,4009,Cason,Wallace,Oklahoma City Thunder,13578,5,G,24,2,9,22.2,0,0,0,1,7,14.3,1,1,2,0,3,2,1,0,-9,Cason Wallace,7,7,5,2,13578,2024-03-24 23:00:00,Milwaukee Bucks,Oklahoma City Thunder
222,2621,Jaden,McDaniels,Minnesota Timberwolves,13579,8,PF,30,3,8,37.5,0,0,0,2,6,33.3,1,3,4,1,4,0,1,0,-4,Jaden McDaniels,13,12,9,5,13579,2024-03-24 23:00:00,Minnesota Timberwolves,Golden State Warriors
223,192,Rudy,Gobert,Minnesota Timberwolves,13579,17,C,37,7,10,70.0,3,3,100.0,0,0,0,1,11,12,2,5,0,4,1,+8,Rudy Gobert,31,29,19,14,13579,2024-03-24 23:00:00,Minnesota Timberwolves,Golden State Warriors
224,2146,Naz,Reid,Minnesota Timberwolves,13579,20,C,29,7,11,63.6,0,0,0,6,8,75.0,2,10,12,0,3,1,6,2,-6,Naz Reid,32,32,20,12,13579,2024-03-24 23:00:00,Minnesota Timberwolves,Golden State Warriors
225,114,Mike,Conley,Minnesota Timberwolves,13579,14,PG,30,5,12,41.7,1,2,50.0,3,7,42.9,0,1,1,7,2,4,2,0,+3,Mike Conley,22,15,21,8,13579,2024-03-24 23:00:00,Minnesota Timberwolves,Golden State Warriors
226,2584,Anthony,Edwards,Minnesota Timberwolves,13579,23,SG,38,7,18,38.9,5,8,62.5,4,8,50.0,0,6,6,8,1,0,2,0,-9,Anthony Edwards,37,29,31,14,13579,2024-03-24 23:00:00,Minnesota Timberwolves,Golden State Warriors
227,18,Kyle,Anderson,Minnesota Timberwolves,13579,10,SF,26,3,9,33.3,4,5,80.0,0,0,0,2,4,6,5,0,2,0,1,+5,Kyle Anderson,21,16,15,11,13579,2024-03-24 23:00:00,Minnesota Timberwolves,Golden State Warriors
228,845,Monte,Morris,Minnesota Timberwolves,13579,8,PG,17,3,6,50.0,0,0,0,2,4,50.0,0,2,2,3,1,2,0,1,+7,Monte Morris,13,10,11,5,13579,2024-03-24 23:00:00,Minnesota Timberwolves,Golden State Warriors
229,997,Jordan,McLaughlin,Minnesota Timberwolves,13579,3,PG,12,1,3,33.3,0,0,0,1,2,50.0,1,0,1,2,0,0,0,0,+4,Jordan McLaughlin,6,4,5,3,13579,2024-03-24 23:00:00,Minnesota Timberwolves,Golden State Warriors
230,1845,Nickeil,Alexander-Walker,Minnesota Timberwolves,13579,11,SG,22,4,7,57.1,0,0,0,3,5,60.0,0,0,0,2,1,0,0,0,+12,Nickeil Alexander-Walker,13,11,13,2,13579,2024-03-24 23:00:00,Minnesota Timberwolves,Golden State Warriors
231,204,Draymond,Green,Golden State Warriors,13579,12,PF,32,5,9,55.6,0,0,0,2,5,40.0,0,8,8,3,2,1,0,0,+8,Draymond Green,23,20,15,11,13579,2024-03-24 23:00:00,Minnesota Timberwolves,Golden State Warriors
232,2827,Jonathan,Kuminga,Golden State Warriors,13579,14,PF,30,6,11,54.5,2,4,50.0,0,0,0,0,3,3,2,3,1,2,1,-1,Jonathan Kuminga,19,17,16,5,13579,2024-03-24 23:00:00,Minnesota Timberwolves,Golden State Warriors
233,548,Andrew,Wiggins,Golden State Warriors,13579,15,SF,25,4,8,50.0,5,7,71.4,2,3,66.7,1,3,4,0,4,2,2,0,-10,Andrew Wiggins,19,19,15,4,13579,2024-03-24 23:00:00,Minnesota Timberwolves,Golden State Warriors
234,124,Stephen,Curry,Golden State Warriors,13579,31,PG,30,9,21,42.9,8,8,100.0,5,11,45.5,0,4,4,3,1,0,2,0,+6,Stephen Curry,38,35,34,7,13579,2024-03-24 23:00:00,Minnesota Timberwolves,Golden State Warriors
235,3975,Brandin,Podziemski,Golden State Warriors,13579,7,G,19,2,4,50.0,2,2,100.0,1,3,33.3,0,2,2,0,2,0,0,0,-11,Brandin Podziemski,9,9,7,2,13579,2024-03-24 23:00:00,Minnesota Timberwolves,Golden State Warriors
236,3973,Trayce,JacksonDavis,Golden State Warriors,13579,6,F,28,2,6,33.3,2,4,50.0,0,0,0,2,3,5,0,1,3,1,2,-9,Trayce JacksonDavis,11,11,6,5,13579,2024-03-24 23:00:00,Minnesota Timberwolves,Golden State Warriors
237,415,Chris,Paul,Golden State Warriors,13579,7,PG,20,3,8,37.5,0,0,0,1,3,33.3,1,3,4,6,2,0,1,0,-5,Chris Paul,17,11,13,10,13579,2024-03-24 23:00:00,Minnesota Timberwolves,Golden State Warriors
238,514,Klay,Thompson,Golden State Warriors,13579,16,SG,33,6,15,40.0,1,1,100.0,3,11,27.3,0,3,3,2,3,0,3,0,-6,Klay Thompson,21,19,18,5,13579,2024-03-24 23:00:00,Minnesota Timberwolves,Golden State Warriors
239,593,Gary,Payton II,Golden State Warriors,13579,2,SG,24,1,3,33.3,0,0,0,0,0,0,3,5,8,7,1,1,1,0,+8,Gary Payton II,17,10,9,15,13579,2024-03-24 23:00:00,Minnesota Timberwolves,Golden State Warriors
240,3453,Nikola,Jovic,Miami Heat,13561,10,F,19,4,9,44.4,0,0,0,2,5,40.0,0,1,1,1,1,1,1,0,-4,Nikola Jovic,12,11,11,2,13561,2024-03-23 00:00:00,Miami Heat,New Orleans Pelicans
241,86,Jimmy,Butler,Miami Heat,13561,17,SF,36,5,12,41.7,7,7,100.0,0,3,0,1,3,4,5,0,1,0,0,-8,Jimmy Butler,26,21,22,9,13561,2024-03-23 00:00:00,Miami Heat,New Orleans Pelicans
242,724,Bam,Adebayo,Miami Heat,13561,12,C,30,4,7,57.1,3,4,75.0,1,2,50.0,1,9,10,1,1,0,0,2,-16,Bam Adebayo,23,22,13,11,13561,2024-03-23 00:00:00,Miami Heat,New Orleans Pelicans
243,365,Patty,Mills,Miami Heat,13561,4,PG,12,2,7,28.6,0,0,0,0,4,0,1,0,1,1,1,0,0,0,-1,Patty Mills,6,5,5,2,13561,2024-03-23 00:00:00,Miami Heat,New Orleans Pelicans
244,458,Terry,Rozier,Miami Heat,13561,13,SG,31,5,14,35.7,0,0,0,3,6,50.0,1,3,4,2,2,0,1,0,-3,Terry Rozier,19,17,15,6,13561,2024-03-23 00:00:00,Miami Heat,New Orleans Pelicans
245,3424,Jamal,Cain,Miami Heat,13561,2,F,4,1,3,33.3,0,0,0,0,1,0,1,0,1,1,0,0,1,0,0,Jamal Cain,4,3,3,2,13561,2024-03-23 00:00:00,Miami Heat,New Orleans Pelicans
246,1815,Haywood,Highsmith,Miami Heat,13561,0,F,22,0,3,0,0,0,0,0,2,0,1,2,3,3,1,0,0,0,-12,Haywood Highsmith,6,3,3,6,13561,2024-03-23 00:00:00,Miami Heat,New Orleans Pelicans
247,3493,Cole,Swider,Miami Heat,13561,14,F,19,5,7,71.4,0,0,0,4,6,66.7,0,2,2,0,0,0,0,0,-11,Cole Swider,16,16,14,2,13561,2024-03-23 00:00:00,Miami Heat,New Orleans Pelicans
248,2242,Caleb,Martin,Miami Heat,13561,0,SF,17,0,8,0,0,0,0,0,7,0,1,2,3,0,0,0,1,0,-23,Caleb Martin,3,3,0,3,13561,2024-03-23 00:00:00,Miami Heat,New Orleans Pelicans
249,753,Thomas,Bryant,Miami Heat,13561,8,C,11,2,2,100.0,2,2,100.0,2,2,100.0,0,3,3,0,1,0,0,1,+1,Thomas Bryant,11,11,8,3,13561,2024-03-23 00:00:00,Miami Heat,New Orleans Pelicans
250,3482,Orlando,Robinson,Miami Heat,13561,0,C,4,0,0,0,0,0,0,0,0,0,0,1,1,2,0,0,0,1,0,Orlando Robinson,3,1,2,3,13561,2024-03-23 00:00:00,Miami Heat,New Orleans Pelicans
251,564,Delon,Wright,Miami Heat,13561,5,SG,22,2,7,28.6,1,2,50.0,0,4,0,0,1,1,3,1,1,0,0,-23,Delon Wright,9,6,8,4,13561,2024-03-23 00:00:00,Miami Heat,New Orleans Pelicans
252,4085,Jamie Jr.,Jaquez,Miami Heat,13561,3,G,14,1,7,14.3,0,0,0,1,5,20.0,0,0,0,3,1,0,0,0,-15,Jamie Jr. Jaquez,6,3,6,3,13561,2024-03-23 00:00:00,Miami Heat,New Orleans Pelicans
253,1902,Zion,Williamson,New Orleans Pelicans,13561,4,PF,25,2,7,28.6,0,0,0,0,0,0,3,2,5,4,2,0,5,1,-3,Zion Williamson,13,9,8,9,13561,2024-03-23 00:00:00,Miami Heat,New Orleans Pelicans
254,2822,Herbert,Jones,New Orleans Pelicans,13561,10,SF,39,3,8,37.5,3,3,100.0,1,4,25.0,0,3,3,2,3,0,0,1,+24,Herbert Jones,15,13,12,5,13561,2024-03-23 00:00:00,Miami Heat,New Orleans Pelicans
255,525,Jonas,Valanciunas,New Orleans Pelicans,13561,8,C,22,4,4,100.0,0,0,0,0,0,0,0,10,10,0,4,0,0,0,+14,Jonas Valanciunas,18,18,8,10,13561,2024-03-23 00:00:00,Miami Heat,New Orleans Pelicans
256,347,CJ,McCollum,New Orleans Pelicans,13561,30,SG,35,12,21,57.1,0,0,0,6,12,50.0,1,4,5,7,0,1,2,0,+14,CJ McCollum,42,35,37,12,13561,2024-03-23 00:00:00,Miami Heat,New Orleans Pelicans
257,2837,Trey,Murphy III,New Orleans Pelicans,13561,14,SG,30,4,11,36.4,2,2,100.0,4,9,44.4,1,7,8,3,1,0,3,0,+7,Trey Murphy III,25,22,17,11,13561,2024-03-23 00:00:00,Miami Heat,New Orleans Pelicans
258,385,Larry,Nance Jr.,New Orleans Pelicans,13561,6,PF,23,2,2,100.0,2,3,66.7,0,0,0,4,5,9,1,0,0,0,0,+10,Larry Nance Jr.,16,15,7,10,13561,2024-03-23 00:00:00,Miami Heat,New Orleans Pelicans
259,3195,Matt,Ryan,New Orleans Pelicans,13561,3,F,3,1,2,50.0,0,0,0,1,1,100.0,0,0,0,1,0,0,0,0,-1,Matt Ryan,4,3,4,1,13561,2024-03-23 00:00:00,Miami Heat,New Orleans Pelicans
260,2846,Jeremiah,Robinson-Earl,New Orleans Pelicans,13561,2,F,3,1,1,100.0,0,0,0,0,0,0,0,0,0,0,0,0,0,0,-1,Jeremiah Robinson-Earl,2,2,2,0,13561,2024-03-23 00:00:00,Miami Heat,New Orleans Pelicans
261,2668,Naji,Marshall,New Orleans Pelicans,13561,13,SF,23,6,11,54.5,0,0,0,1,2,50.0,0,7,7,1,1,1,0,0,+26,Naji Marshall,21,20,14,8,13561,2024-03-23 00:00:00,Miami Heat,New Orleans Pelicans
262,571,Cody,Zeller,New Orleans Pelicans,13561,1,C,3,0,0,0,1,2,50.0,0,0,0,1,1,2,0,0,1,0,0,-1,Cody Zeller,3,3,1,2,13561,2024-03-23 00:00:00,Miami Heat,New Orleans Pelicans
263,2941,Jose,Alvarado,New Orleans Pelicans,13561,17,PG,31,6,12,50.0,1,2,50.0,4,7,57.1,2,5,7,6,2,0,2,0,+27,Jose Alvarado,30,24,23,13,13561,2024-03-23 00:00:00,Miami Heat,New Orleans Pelicans
264,4002,Jordan,Hawkins,New Orleans Pelicans,13561,3,G,3,1,3,33.3,0,0,0,1,1,100.0,0,0,0,0,0,0,0,0,-1,Jordan Hawkins,3,3,3,0,13561,2024-03-23 00:00:00,Miami Heat,New Orleans Pelicans
265,2621,Jaden,McDaniels,Minnesota Timberwolves,13562,15,PF,32,6,10,60.0,1,4,25.0,2,4,50.0,2,2,4,0,1,3,5,2,+15,Jaden McDaniels,19,19,15,4,13562,2024-03-23 00:00:00,Minnesota Timberwolves,Cleveland Cavaliers
266,192,Rudy,Gobert,Minnesota Timberwolves,13562,9,C,37,4,8,50.0,1,4,25.0,0,0,0,6,9,15,1,2,0,1,2,+10,Rudy Gobert,25,24,10,16,13562,2024-03-23 00:00:00,Minnesota Timberwolves,Cleveland Cavaliers
267,2146,Naz,Reid,Minnesota Timberwolves,13562,18,C,26,7,15,46.7,1,1,100.0,3,8,37.5,0,3,3,3,3,1,1,0,+10,Naz Reid,24,21,21,6,13562,2024-03-23 00:00:00,Minnesota Timberwolves,Cleveland Cavaliers
268,114,Mike,Conley,Minnesota Timberwolves,13562,21,PG,32,8,15,53.3,2,3,66.7,3,6,50.0,0,2,2,6,1,1,0,1,+6,Mike Conley,29,23,27,8,13562,2024-03-23 00:00:00,Minnesota Timberwolves,Cleveland Cavaliers
269,2584,Anthony,Edwards,Minnesota Timberwolves,13562,16,SG,35,6,17,35.3,3,4,75.0,1,1,100.0,2,11,13,5,1,0,3,0,+12,Anthony Edwards,34,29,21,18,13562,2024-03-23 00:00:00,Minnesota Timberwolves,Cleveland Cavaliers
270,18,Kyle,Anderson,Minnesota Timberwolves,13562,10,SF,27,5,9,55.6,0,0,0,0,0,0,3,3,6,5,0,3,0,0,+2,Kyle Anderson,21,16,15,11,13562,2024-03-23 00:00:00,Minnesota Timberwolves,Cleveland Cavaliers
271,845,Monte,Morris,Minnesota Timberwolves,13562,3,PG,18,1,5,20.0,0,0,0,1,2,50.0,0,0,0,3,0,0,0,0,+4,Monte Morris,6,3,6,3,13562,2024-03-23 00:00:00,Minnesota Timberwolves,Cleveland Cavaliers
272,997,Jordan,McLaughlin,Minnesota Timberwolves,13562,12,PG,19,4,4,100.0,0,0,0,4,4,100.0,0,2,2,4,0,1,0,0,+5,Jordan McLaughlin,18,14,16,6,13562,2024-03-23 00:00:00,Minnesota Timberwolves,Cleveland Cavaliers
273,1845,Nickeil,Alexander-Walker,Minnesota Timberwolves,13562,0,SG,14,0,2,0,0,0,0,0,2,0,0,1,1,0,4,0,1,0,+1,Nickeil Alexander-Walker,1,1,0,1,13562,2024-03-23 00:00:00,Minnesota Timberwolves,Cleveland Cavaliers
274,391,Georges,Niang,Cleveland Cavaliers,13562,10,SF,34,4,8,50.0,1,1,100.0,1,3,33.3,1,2,3,0,4,2,2,1,-8,Georges Niang,13,13,10,3,13562,2024-03-23 00:00:00,Minnesota Timberwolves,Cleveland Cavaliers
275,2630,Isaac,Okoro,Cleveland Cavaliers,13562,5,SF,36,2,6,33.3,1,2,50.0,0,3,0,0,1,1,4,2,2,1,1,-6,Isaac Okoro,10,6,9,5,13562,2024-03-23 00:00:00,Minnesota Timberwolves,Cleveland Cavaliers
276,727,Jarrett,Allen,Cleveland Cavaliers,13562,15,C,33,5,10,50.0,5,6,83.3,0,0,0,5,8,13,5,1,0,0,1,-18,Jarrett Allen,33,28,20,18,13562,2024-03-23 00:00:00,Minnesota Timberwolves,Cleveland Cavaliers
277,1860,Darius,Garland,Cleveland Cavaliers,13562,19,PG,35,8,21,38.1,3,3,100.0,0,6,0,1,1,2,4,2,0,2,0,-9,Darius Garland,25,21,23,6,13562,2024-03-23 00:00:00,Minnesota Timberwolves,Cleveland Cavaliers
278,317,Caris,LeVert,Cleveland Cavaliers,13562,16,SG,38,6,16,37.5,2,2,100.0,2,5,40.0,1,4,5,6,3,1,3,1,-13,Caris LeVert,27,21,22,11,13562,2024-03-23 00:00:00,Minnesota Timberwolves,Cleveland Cavaliers
279,373,Marcus,Morris Sr.,Cleveland Cavaliers,13562,11,SF,26,4,10,40.0,2,2,100.0,1,5,20.0,0,7,7,1,0,0,4,0,-11,Marcus Morris Sr.,19,18,12,8,13562,2024-03-23 00:00:00,Minnesota Timberwolves,Cleveland Cavaliers
280,515,Tristan,Thompson,Cleveland Cavaliers,13562,5,C,15,2,3,66.7,1,2,50.0,0,0,0,2,5,7,1,2,1,0,1,+5,Tristan Thompson,13,12,6,8,13562,2024-03-23 00:00:00,Minnesota Timberwolves,Cleveland Cavaliers
281,2623,Sam,Merrill,Cleveland Cavaliers,13562,10,SG,24,3,7,42.9,1,1,100.0,3,7,42.9,0,3,3,1,0,0,0,0,-5,Sam Merrill,14,13,11,4,13562,2024-03-23 00:00:00,Minnesota Timberwolves,Cleveland Cavaliers
282,3425,Julian,Champagnie,San Antonio Spurs,13563,1,F,17,0,2,0,1,2,50.0,0,2,0,0,1,1,1,1,2,1,2,+8,Julian Champagnie,3,2,2,2,13563,2024-03-23 00:00:00,San Antonio Spurs,Memphis Grizzlies
283,3490,Jeremy,Sochan,San Antonio Spurs,13563,6,F,31,3,13,23.1,0,0,0,0,4,0,3,7,10,4,3,4,4,1,+3,Jeremy Sochan,20,16,10,14,13563,2024-03-23 00:00:00,San Antonio Spurs,Memphis Grizzlies
284,4026,Victor,Wembanyama,San Antonio Spurs,13563,31,C,33,11,24,45.8,6,10,60.0,3,12,25.0,5,11,16,5,2,2,7,3,+15,Victor Wembanyama,52,47,36,21,13563,2024-03-23 00:00:00,San Antonio Spurs,Memphis Grizzlies
285,2606,Tre,Jones,San Antonio Spurs,13563,16,PG,32,7,13,53.8,0,0,0,2,4,50.0,3,4,7,5,3,2,1,0,+5,Tre Jones,28,23,21,12,13563,2024-03-23 00:00:00,San Antonio Spurs,Memphis Grizzlies
286,2661,Devin,Vassell,San Antonio Spurs,13563,27,SG,38,10,17,58.8,5,5,100.0,2,6,33.3,0,4,4,4,2,1,1,0,-1,Devin Vassell,35,31,31,8,13563,2024-03-23 00:00:00,San Antonio Spurs,Memphis Grizzlies
287,762,Zach,Collins,San Antonio Spurs,13563,4,PF,15,2,3,66.7,0,0,0,0,0,0,0,4,4,2,6,0,1,1,-17,Zach Collins,10,8,6,6,13563,2024-03-23 00:00:00,San Antonio Spurs,Memphis Grizzlies
288,854,Cedi,Osman,San Antonio Spurs,13563,0,SF,17,0,3,0,0,0,0,0,2,0,0,2,2,0,1,0,0,0,-8,Cedi Osman,2,2,0,2,13563,2024-03-23 00:00:00,San Antonio Spurs,Memphis Grizzlies
289,1872,Keldon,Johnson,San Antonio Spurs,13563,8,SF,29,2,9,22.2,4,6,66.7,0,4,0,3,5,8,1,3,0,0,0,-9,Keldon Johnson,17,16,9,9,13563,2024-03-23 00:00:00,San Antonio Spurs,Memphis Grizzlies
290,3419,Malaki,Branham,San Antonio Spurs,13563,4,G,18,2,7,28.6,0,0,0,0,3,0,0,3,3,2,2,1,0,0,0,Malaki Branham,9,7,6,5,13563,2024-03-23 00:00:00,San Antonio Spurs,Memphis Grizzlies
291,3499,Blake,Wesley,San Antonio Spurs,13563,0,G,10,0,4,0,0,0,0,0,1,0,1,0,1,0,0,0,1,0,-6,Blake Wesley,1,1,0,1,13563,2024-03-23 00:00:00,San Antonio Spurs,Memphis Grizzlies
292,982,Jaren,Jackson Jr.,Memphis Grizzlies,13563,28,PF,36,11,22,50.0,4,6,66.7,2,6,33.3,2,5,7,2,4,1,4,2,+7,Jaren Jackson Jr.,37,35,30,9,13563,2024-03-23 00:00:00,San Antonio Spurs,Memphis Grizzlies
293,2786,Santi,Aldama,Memphis Grizzlies,13563,15,PF,34,5,10,50.0,2,2,100.0,3,6,50.0,1,12,13,3,0,0,0,1,-6,Santi Aldama,31,28,18,16,13563,2024-03-23 00:00:00,San Antonio Spurs,Memphis Grizzlies
294,3994,GG,Jackson,Memphis Grizzlies,13563,14,F,37,5,16,31.3,2,4,50.0,2,8,25.0,3,5,8,3,3,0,3,0,-15,GG Jackson,25,22,17,11,13563,2024-03-23 00:00:00,San Antonio Spurs,Memphis Grizzlies
295,2177,John,Konchar,Memphis Grizzlies,13563,6,SG,33,2,5,40.0,0,0,0,2,5,40.0,0,5,5,2,1,1,1,0,+13,John Konchar,13,11,8,7,13563,2024-03-23 00:00:00,San Antonio Spurs,Memphis Grizzlies
296,3341,Jordan,Goodwin,Memphis Grizzlies,13563,2,G,25,1,5,20.0,0,0,0,0,3,0,0,5,5,5,0,1,3,0,-9,Jordan Goodwin,12,7,7,10,13563,2024-03-23 00:00:00,San Antonio Spurs,Memphis Grizzlies
297,970,Wenyen,Gabriel,Memphis Grizzlies,13563,0,F,0,0,0,0,0,0,0,0,0,0,0,0,0,0,0,0,0,0,0,Wenyen Gabriel,0,0,0,0,13563,2024-03-23 00:00:00,San Antonio Spurs,Memphis Grizzlies
298,2884,DeJon,Jarreau,Memphis Grizzlies,13563,1,F,12,0,4,0,1,2,50.0,0,0,0,0,2,2,0,3,1,1,1,-10,DeJon Jarreau,3,3,1,2,13563,2024-03-23 00:00:00,San Antonio Spurs,Memphis Grizzlies
299,3993,Matthew,Hurt,Memphis Grizzlies,13563,0,F,0,0,0,0,0,0,0,0,0,0,0,0,0,0,0,0,0,0,0,Matthew Hurt,0,0,0,0,13563,2024-03-23 00:00:00,San Antonio Spurs,Memphis Grizzlies
300,3460,Jake,LaRavia,Memphis Grizzlies,13563,15,F,28,3,8,37.5,8,9,88.9,1,3,33.3,2,3,5,1,3,1,1,0,+21,Jake LaRavia,21,20,16,6,13563,2024-03-23 00:00:00,San Antonio Spurs,Memphis Grizzlies
301,4086,M.,Pereira,Memphis Grizzlies,13563,0,F,13,0,3,0,0,0,0,0,1,0,0,3,3,0,1,1,1,0,-2,M. Pereira,3,3,0,3,13563,2024-03-23 00:00:00,San Antonio Spurs,Memphis Grizzlies
302,3477,Scotty,Pippen Jr.,Memphis Grizzlies,13563,18,G,23,6,9,66.7,4,8,50.0,2,2,100.0,1,2,3,2,2,4,3,0,+11,Scotty Pippen Jr.,23,21,20,5,13563,2024-03-23 00:00:00,San Antonio Spurs,Memphis Grizzlies
303,204,Draymond,Green,Golden State Warriors,13564,11,PF,33,4,10,40.0,3,4,75.0,0,1,0,2,6,8,6,2,0,1,2,+4,Draymond Green,25,19,17,14,13564,2024-03-23 02:00:00,Golden State Warriors,Indiana Pacers
304,2827,Jonathan,Kuminga,Golden State Warriors,13564,11,PF,30,4,17,23.5,3,4,75.0,0,3,0,2,6,8,2,2,2,3,1,-13,Jonathan Kuminga,21,19,13,10,13564,2024-03-23 02:00:00,Golden State Warriors,Indiana Pacers
305,548,Andrew,Wiggins,Golden State Warriors,13564,8,SF,22,4,11,36.4,0,0,0,0,3,0,3,2,5,1,1,0,0,1,-12,Andrew Wiggins,14,13,9,6,13564,2024-03-23 02:00:00,Golden State Warriors,Indiana Pacers
306,124,Stephen,Curry,Golden State Warriors,13564,25,PG,35,9,24,37.5,1,1,100.0,6,18,33.3,3,8,11,5,0,0,1,0,-13,Stephen Curry,41,36,30,16,13564,2024-03-23 02:00:00,Golden State Warriors,Indiana Pacers
307,3975,Brandin,Podziemski,Golden State Warriors,13564,13,G,27,5,8,62.5,0,0,0,3,5,60.0,5,5,10,2,2,1,2,0,+6,Brandin Podziemski,25,23,15,12,13564,2024-03-23 02:00:00,Golden State Warriors,Indiana Pacers
308,3973,Trayce,JacksonDavis,Golden State Warriors,13564,9,F,26,4,5,80.0,1,3,33.3,0,0,0,5,5,10,2,1,1,1,2,-9,Trayce JacksonDavis,21,19,11,12,13564,2024-03-23 02:00:00,Golden State Warriors,Indiana Pacers
309,415,Chris,Paul,Golden State Warriors,13564,12,PG,25,5,10,50.0,0,0,0,2,5,40.0,2,4,6,4,4,0,2,0,-2,Chris Paul,22,18,16,10,13564,2024-03-23 02:00:00,Golden State Warriors,Indiana Pacers
310,514,Klay,Thompson,Golden State Warriors,13564,17,SG,28,6,15,40.0,2,2,100.0,3,10,30.0,0,4,4,2,2,1,3,0,-7,Klay Thompson,23,21,19,6,13564,2024-03-23 02:00:00,Golden State Warriors,Indiana Pacers
311,593,Gary,Payton II,Golden State Warriors,13564,1,SG,8,0,1,0,1,2,50.0,0,0,0,1,0,1,0,0,0,1,0,-10,Gary Payton II,2,2,1,1,13564,2024-03-23 02:00:00,Golden State Warriors,Indiana Pacers
312,2836,Moses,Moody,Golden State Warriors,13564,4,SG,6,2,5,40.0,0,0,0,0,3,0,1,0,1,0,1,1,0,0,-4,Moses Moody,5,5,4,1,13564,2024-03-23 02:00:00,Golden State Warriors,Indiana Pacers
313,479,Pascal,Siakam,Indiana Pacers,13564,25,PF,33,11,17,64.7,2,4,50.0,1,3,33.3,3,13,16,6,1,1,3,0,+16,Pascal Siakam,47,41,31,22,13564,2024-03-23 02:00:00,Golden State Warriors,Indiana Pacers
314,2626,Aaron,Nesmith,Indiana Pacers,13564,8,SF,36,3,11,27.3,0,0,0,2,6,33.3,1,2,3,2,4,1,0,1,+14,Aaron Nesmith,13,11,10,5,13564,2024-03-23 02:00:00,Golden State Warriors,Indiana Pacers
315,522,Myles,Turner,Indiana Pacers,13564,14,C,27,5,15,33.3,3,4,75.0,1,5,20.0,2,8,10,0,2,0,0,5,+7,Myles Turner,24,24,14,10,13564,2024-03-23 02:00:00,Golden State Warriors,Indiana Pacers
316,3476,Andrew,Nembhard,Indiana Pacers,13564,17,PG,33,7,11,63.6,2,2,100.0,1,2,50.0,1,4,5,5,3,0,3,0,+18,Andrew Nembhard,27,22,22,10,13564,2024-03-23 02:00:00,Golden State Warriors,Indiana Pacers
317,2595,Tyrese,Haliburton,Indiana Pacers,13564,26,PG,38,9,18,50.0,4,5,80.0,4,8,50.0,0,2,2,11,0,4,1,3,+25,Tyrese Haliburton,39,28,37,13,13564,2024-03-23 02:00:00,Golden State Warriors,Indiana Pacers
318,2658,Obi,Toppin,Indiana Pacers,13564,8,PF,15,3,6,50.0,0,0,0,2,4,50.0,0,3,3,0,1,0,1,0,-4,Obi Toppin,11,11,8,3,13564,2024-03-23 02:00:00,Golden State Warriors,Indiana Pacers
319,2644,Jalen,Smith,Indiana Pacers,13564,11,PF,21,4,5,80.0,0,0,0,3,3,100.0,3,4,7,1,2,1,0,1,+5,Jalen Smith,19,18,12,8,13564,2024-03-23 02:00:00,Golden State Warriors,Indiana Pacers
320,351,Doug,McDermott,Indiana Pacers,13564,0,SF,6,0,1,0,0,0,0,0,1,0,0,1,1,0,0,0,0,0,-12,Doug McDermott,1,1,0,1,13564,2024-03-23 02:00:00,Golden State Warriors,Indiana Pacers
321,348,T.J.,McConnell,Indiana Pacers,13564,11,PG,17,5,11,45.5,1,1,100.0,0,1,0,1,1,2,6,0,0,3,0,-4,T.J. McConnell,19,13,17,8,13564,2024-03-23 02:00:00,Golden State Warriors,Indiana Pacers
322,3979,Ben,Sheppard,Indiana Pacers,13564,3,G,14,1,4,25.0,0,0,0,1,3,33.3,1,0,1,1,1,1,0,0,-5,Ben Sheppard,5,4,4,2,13564,2024-03-23 02:00:00,Golden State Warriors,Indiana Pacers
323,4015,Toumani,Camara,Portland Trail Blazers,13565,11,F,32,5,11,45.5,0,0,0,1,4,25.0,5,2,7,1,3,0,1,0,-7,Toumani Camara,19,18,12,8,13565,2024-03-23 02:00:00,Portland Trail Blazers,LA Clippers
324,4017,Kris,Murray,Portland Trail Blazers,13565,21,F,36,8,15,53.3,2,3,66.7,3,6,50.0,3,4,7,2,4,3,1,0,0,Kris Murray,30,28,23,9,13565,2024-03-23 02:00:00,Portland Trail Blazers,LA Clippers
325,4018,Duop,Reath,Portland Trail Blazers,13565,13,C,27,5,10,50.0,1,1,100.0,2,6,33.3,0,3,3,2,3,2,3,0,-14,Duop Reath,18,16,15,5,13565,2024-03-23 02:00:00,Portland Trail Blazers,LA Clippers
326,1023,Anfernee,Simons,Portland Trail Blazers,13565,3,SG,22,1,6,16.7,0,0,0,1,4,25.0,0,0,0,6,0,1,0,0,-13,Anfernee Simons,9,3,9,6,13565,2024-03-23 02:00:00,Portland Trail Blazers,LA Clippers
327,3408,Scoot,Henderson,Portland Trail Blazers,13565,24,G,35,8,18,44.4,5,5,100.0,3,6,50.0,1,3,4,10,0,2,4,0,-6,Scoot Henderson,38,28,34,14,13565,2024-03-23 02:00:00,Portland Trail Blazers,LA Clippers
328,3496,Jabari,Walker,Portland Trail Blazers,13565,14,F,28,6,9,66.7,2,5,40.0,0,1,0,1,7,8,3,3,1,0,0,+9,Jabari Walker,25,22,17,11,13565,2024-03-23 02:00:00,Portland Trail Blazers,LA Clippers
329,2160,Moses,Brown,Portland Trail Blazers,13565,9,C,14,3,6,50.0,3,8,37.5,0,0,0,4,2,6,2,3,0,0,0,-7,Moses Brown,17,15,11,8,13565,2024-03-23 02:00:00,Portland Trail Blazers,LA Clippers
330,2788,Dalano,Banton,Portland Trail Blazers,13565,17,G,24,7,16,43.8,1,1,100.0,2,6,33.3,1,3,4,2,1,2,1,0,-14,Dalano Banton,23,21,19,6,13565,2024-03-23 02:00:00,Portland Trail Blazers,LA Clippers
331,4069,R.,Rupert,Portland Trail Blazers,13565,5,G,23,2,2,100.0,1,2,50.0,0,0,0,0,2,2,1,2,0,0,1,+12,R. Rupert,8,7,6,3,13565,2024-03-23 02:00:00,Portland Trail Blazers,LA Clippers
332,189,Paul,George,LA Clippers,13565,31,F,28,10,14,71.4,7,7,100.0,4,8,50.0,0,4,4,3,3,2,0,2,+24,Paul George,38,35,34,7,13565,2024-03-23 02:00:00,Portland Trail Blazers,LA Clippers
333,314,Kawhi,Leonard,LA Clippers,13565,22,SF,29,9,15,60.0,2,3,66.7,2,4,50.0,1,5,6,3,0,0,3,1,+17,Kawhi Leonard,31,28,25,9,13565,2024-03-23 02:00:00,Portland Trail Blazers,LA Clippers
334,575,Ivica,Zubac,LA Clippers,13565,6,C,18,3,3,100.0,0,0,0,0,0,0,1,7,8,0,5,1,3,1,+14,Ivica Zubac,14,14,6,8,13565,2024-03-23 02:00:00,Portland Trail Blazers,LA Clippers
335,216,James,Harden,LA Clippers,13565,15,SG,36,5,13,38.5,3,4,75.0,2,9,22.2,1,4,5,10,1,1,2,1,+21,James Harden,30,20,25,15,13565,2024-03-23 02:00:00,Portland Trail Blazers,LA Clippers
336,1877,Terance,Mann,LA Clippers,13565,20,SG,36,7,12,58.3,5,5,100.0,1,4,25.0,0,1,1,4,3,2,1,1,+10,Terance Mann,25,21,24,5,13565,2024-03-23 02:00:00,Portland Trail Blazers,LA Clippers
337,520,P.J.,Tucker,LA Clippers,13565,3,PF,8,1,2,50.0,0,0,0,1,1,100.0,0,2,2,1,1,0,0,0,+7,P.J. Tucker,6,5,4,3,13565,2024-03-23 02:00:00,Portland Trail Blazers,LA Clippers
338,886,Daniel,Theis,LA Clippers,13565,6,C,21,3,5,60.0,0,0,0,0,1,0,1,3,4,1,2,0,1,2,+9,Daniel Theis,11,10,7,5,13565,2024-03-23 02:00:00,Portland Trail Blazers,LA Clippers
339,426,Mason,Plumlee,LA Clippers,13565,5,C,9,1,3,33.3,3,4,75.0,0,0,0,1,2,3,0,1,1,1,0,-15,Mason Plumlee,8,8,5,3,13565,2024-03-23 02:00:00,Portland Trail Blazers,LA Clippers
340,2816,Bones,Hyland,LA Clippers,13565,0,PG,4,0,0,0,0,0,0,0,0,0,0,0,0,0,0,0,1,0,-10,Bones Hyland,0,0,0,0,13565,2024-03-23 02:00:00,Portland Trail Blazers,LA Clippers
341,2115,Amir,Coffey,LA Clippers,13565,8,SG,27,2,3,66.7,2,2,100.0,2,2,100.0,0,1,1,3,1,0,2,0,-12,Amir Coffey,12,9,11,4,13565,2024-03-23 02:00:00,Portland Trail Blazers,LA Clippers
342,2792,Brandon,Boston Jr.,LA Clippers,13565,9,SG,19,3,4,75.0,1,2,50.0,2,3,66.7,1,3,4,1,3,1,3,0,-14,Brandon Boston Jr.,14,13,10,5,13565,2024-03-23 02:00:00,Portland Trail Blazers,LA Clippers
343,3396,Xavier,Moon,LA Clippers,13565,0,G,5,0,3,0,0,0,0,0,1,0,1,1,2,0,1,0,0,0,-11,Xavier Moon,2,2,0,2,13565,2024-03-23 02:00:00,Portland Trail Blazers,LA Clippers
344,126,Anthony,Davis,Los Angeles Lakers,13566,23,PF,40,10,16,62.5,2,4,50.0,1,2,50.0,7,12,19,4,4,0,3,4,+4,Anthony Davis,46,42,27,23,13566,2024-03-23 02:30:00,Los Angeles Lakers,Philadelphia 76ers
345,1862,Rui,Hachimura,Los Angeles Lakers,13566,14,PF,24,4,10,40.0,5,6,83.3,1,3,33.3,1,6,7,1,3,0,1,0,-6,Rui Hachimura,22,21,15,8,13566,2024-03-23 02:30:00,Los Angeles Lakers,Philadelphia 76ers
346,265,LeBron,James,Los Angeles Lakers,13566,20,SF,38,7,15,46.7,5,7,71.4,1,3,33.3,0,8,8,6,1,0,8,1,+7,LeBron James,34,28,26,14,13566,2024-03-23 02:30:00,Los Angeles Lakers,Philadelphia 76ers
347,462,D'Angelo,Russell,Los Angeles Lakers,13566,14,PG,37,4,13,30.8,2,2,100.0,4,10,40.0,0,5,5,3,2,1,5,0,+9,D'Angelo Russell,22,19,17,8,13566,2024-03-23 02:30:00,Los Angeles Lakers,Philadelphia 76ers
348,2845,Austin,Reaves,Los Angeles Lakers,13566,14,SG,33,3,8,37.5,6,8,75.0,2,5,40.0,1,5,6,5,2,0,3,1,-1,Austin Reaves,25,20,19,11,13566,2024-03-23 02:30:00,Los Angeles Lakers,Philadelphia 76ers
349,1889,Cam,Reddish,Los Angeles Lakers,13566,0,SF,19,0,2,0,0,0,0,0,2,0,1,1,2,0,2,0,0,0,+2,Cam Reddish,2,2,0,2,13566,2024-03-23 02:30:00,Los Angeles Lakers,Philadelphia 76ers
350,1864,Jaxson,Hayes,Los Angeles Lakers,13566,5,C,8,1,1,100.0,3,4,75.0,0,0,0,1,4,5,1,0,0,0,0,+3,Jaxson Hayes,11,10,6,6,13566,2024-03-23 02:30:00,Los Angeles Lakers,Philadelphia 76ers
351,142,Spencer,Dinwiddie,Los Angeles Lakers,13566,11,PG,24,3,8,37.5,2,2,100.0,3,6,50.0,0,0,0,2,1,0,0,1,+8,Spencer Dinwiddie,13,11,13,2,13566,2024-03-23 02:30:00,Los Angeles Lakers,Philadelphia 76ers
352,3427,Max,Christie,Los Angeles Lakers,13566,0,G,16,0,0,0,0,0,0,0,0,0,0,2,2,0,1,0,1,0,+9,Max Christie,2,2,0,2,13566,2024-03-23 02:30:00,Los Angeles Lakers,Philadelphia 76ers
353,222,Tobias,Harris,Philadelphia 76ers,13566,16,PF,41,6,18,33.3,3,5,60.0,1,6,16.7,2,11,13,4,2,1,2,1,-9,Tobias Harris,33,29,20,17,13566,2024-03-23 02:30:00,Los Angeles Lakers,Philadelphia 76ers
354,932,Mo,Bamba,Philadelphia 76ers,13566,11,C,32,3,7,42.9,3,4,75.0,2,5,40.0,1,6,7,3,5,2,1,3,0,Mo Bamba,21,18,14,10,13566,2024-03-23 02:30:00,Los Angeles Lakers,Philadelphia 76ers
355,327,Kyle,Lowry,Philadelphia 76ers,13566,5,PG,32,1,6,16.7,2,2,100.0,1,4,25.0,1,1,2,3,1,0,1,1,+2,Kyle Lowry,10,7,8,5,13566,2024-03-23 02:30:00,Los Angeles Lakers,Philadelphia 76ers
356,2619,Tyrese,Maxey,Philadelphia 76ers,13566,27,PG,39,10,26,38.5,6,6,100.0,1,9,11.1,0,2,2,3,4,3,0,0,-1,Tyrese Maxey,32,29,30,5,13566,2024-03-23 02:30:00,Los Angeles Lakers,Philadelphia 76ers
357,407,Kelly,Oubre Jr.,Philadelphia 76ers,13566,19,SG,35,6,18,33.3,6,7,85.7,1,5,20.0,2,4,6,3,1,3,2,1,+3,Kelly Oubre Jr.,28,25,22,9,13566,2024-03-23 02:30:00,Los Angeles Lakers,Philadelphia 76ers
358,40,Nicolas,Batum,Philadelphia 76ers,13566,0,PF,20,0,2,0,0,0,0,0,2,0,1,4,5,1,0,0,1,0,-8,Nicolas Batum,6,5,1,6,13566,2024-03-23 02:30:00,Los Angeles Lakers,Philadelphia 76ers
359,2617,Kenyon,Martin Jr.,Philadelphia 76ers,13566,0,F,3,0,1,0,0,0,0,0,0,0,2,0,2,0,2,0,0,0,-3,Kenyon Martin Jr.,2,2,0,2,13566,2024-03-23 02:30:00,Los Angeles Lakers,Philadelphia 76ers
360,2638,Paul,Reed,Philadelphia 76ers,13566,4,SF,13,2,3,66.7,0,0,0,0,0,0,4,1,5,0,4,1,0,0,-4,Paul Reed,9,9,4,5,13566,2024-03-23 02:30:00,Los Angeles Lakers,Philadelphia 76ers
361,417,Cameron,Payne,Philadelphia 76ers,13566,7,PG,12,3,9,33.3,0,0,0,1,3,33.3,0,0,0,2,1,1,0,0,-6,Cameron Payne,9,7,9,2,13566,2024-03-23 02:30:00,Los Angeles Lakers,Philadelphia 76ers
362,236,Buddy,Hield,Philadelphia 76ers,13566,5,SG,13,2,6,33.3,0,0,0,1,3,33.3,0,0,0,1,3,2,1,1,-9,Buddy Hield,6,5,6,1,13566,2024-03-23 02:30:00,Los Angeles Lakers,Philadelphia 76ers
363,978,Isaiah,Hartenstein,New York Knicks,13567,17,C,26,8,10,80.0,1,2,50.0,0,0,0,4,5,9,2,1,4,3,2,+13,Isaiah Hartenstein,28,26,19,11,13567,2024-03-23 17:00:00,New York Knicks,Brooklyn Nets
364,946,Jalen,Brunson,New York Knicks,13567,17,PG,33,7,24,29.2,0,0,0,3,4,75.0,1,3,4,8,1,1,1,0,+12,Jalen Brunson,29,21,25,12,13567,2024-03-23 17:00:00,New York Knicks,Brooklyn Nets
365,2832,Miles,McBride,New York Knicks,13567,26,PG,48,9,16,56.3,2,2,100.0,6,12,50.0,1,1,2,3,4,1,0,0,+12,Miles McBride,31,28,29,5,13567,2024-03-23 17:00:00,New York Knicks,Brooklyn Nets
366,791,Josh,Hart,New York Knicks,13567,6,SG,44,3,8,37.5,0,1,0,0,3,0,3,10,13,5,2,1,0,1,+15,Josh Hart,24,19,11,18,13567,2024-03-23 17:00:00,New York Knicks,Brooklyn Nets
367,962,Donte,DiVincenzo,New York Knicks,13567,31,SG,41,12,24,50.0,3,4,75.0,4,13,30.8,2,4,6,5,3,2,2,1,+10,Donte DiVincenzo,42,37,36,11,13567,2024-03-23 17:00:00,New York Knicks,Brooklyn Nets
368,2561,Precious,Achiuwa,New York Knicks,13567,0,PF,7,0,2,0,0,2,0,0,1,0,2,1,3,1,0,0,0,0,-9,Precious Achiuwa,4,3,1,4,13567,2024-03-23 17:00:00,New York Knicks,Brooklyn Nets
369,60,Bojan,Bogdanovic,New York Knicks,13567,3,SF,7,1,2,50.0,0,0,0,1,2,50.0,0,1,1,0,1,0,1,0,+2,Bojan Bogdanovic,4,4,3,1,13567,2024-03-23 17:00:00,New York Knicks,Brooklyn Nets
370,2849,Jericho,Sims,New York Knicks,13567,0,C,18,0,2,0,0,0,0,0,0,0,2,5,7,0,3,1,2,0,+5,Jericho Sims,7,7,0,7,13567,2024-03-23 17:00:00,New York Knicks,Brooklyn Nets
371,84,Alec,Burks,New York Knicks,13567,5,SG,15,2,9,22.2,0,1,0,1,5,20.0,1,1,2,1,0,0,0,0,0,Alec Burks,8,7,6,3,13567,2024-03-23 17:00:00,New York Knicks,Brooklyn Nets
372,1871,Cameron,Johnson,Brooklyn Nets,13567,13,SF,32,3,7,42.9,4,4,100.0,3,6,50.0,0,2,2,2,3,1,0,0,-13,Cameron Johnson,17,15,15,4,13567,2024-03-23 17:00:00,New York Knicks,Brooklyn Nets
373,940,Mikal,Bridges,Brooklyn Nets,13567,18,SF,37,7,14,50.0,0,0,0,4,9,44.4,0,4,4,5,1,1,3,0,-12,Mikal Bridges,27,22,23,9,13567,2024-03-23 17:00:00,New York Knicks,Brooklyn Nets
374,1854,Nic,Claxton,Brooklyn Nets,13567,5,C,31,2,5,40.0,1,2,50.0,0,0,0,3,6,9,2,0,1,1,2,-8,Nic Claxton,16,14,7,11,13567,2024-03-23 17:00:00,New York Knicks,Brooklyn Nets
375,472,Dennis,Schroder,Brooklyn Nets,13567,9,PG,34,4,14,28.6,0,0,0,1,4,25.0,2,5,7,3,1,0,2,3,-13,Dennis Schroder,19,16,12,10,13567,2024-03-23 17:00:00,New York Knicks,Brooklyn Nets
376,2855,Cam,Thomas,Brooklyn Nets,13567,19,SG,36,6,14,42.9,6,6,100.0,1,5,20.0,0,5,5,6,0,0,5,0,-29,Cam Thomas,30,24,25,11,13567,2024-03-23 17:00:00,New York Knicks,Brooklyn Nets
377,175,Dorian,Finney-Smith,Brooklyn Nets,13567,2,PF,21,1,5,20.0,0,0,0,0,4,0,0,4,4,2,4,0,0,0,-7,Dorian Finney-Smith,8,6,4,6,13567,2024-03-23 17:00:00,New York Knicks,Brooklyn Nets
378,2861,Trendon,Watford,Brooklyn Nets,13567,3,PF,2,1,1,100.0,0,0,0,1,1,100.0,0,2,2,1,1,0,0,0,+6,Trendon Watford,6,5,4,3,13567,2024-03-23 17:00:00,New York Knicks,Brooklyn Nets
379,3946,Jalen,Wilson,Brooklyn Nets,13567,2,F,7,1,2,50.0,0,0,0,0,0,0,0,2,2,1,1,0,1,0,+9,Jalen Wilson,5,4,3,3,13567,2024-03-23 17:00:00,New York Knicks,Brooklyn Nets
380,3944,Noah,Clowney,Brooklyn Nets,13567,0,F,2,0,0,0,0,0,0,0,0,0,0,0,0,0,0,0,0,0,+6,Noah Clowney,0,0,0,0,13567,2024-03-23 17:00:00,New York Knicks,Brooklyn Nets
381,934,Keita,Bates-Diop,Brooklyn Nets,13567,0,SF,2,0,0,0,0,0,0,0,0,0,0,0,0,0,0,0,0,0,+6,Keita Bates-Diop,0,0,0,0,13567,2024-03-23 17:00:00,New York Knicks,Brooklyn Nets
382,2848,Day'Ron,Sharpe,Brooklyn Nets,13567,5,C,10,2,4,50.0,1,1,100.0,0,0,0,3,1,4,2,3,0,0,1,-2,Day'Ron Sharpe,11,9,7,6,13567,2024-03-23 17:00:00,New York Knicks,Brooklyn Nets
383,876,Dennis,Smith Jr.,Brooklyn Nets,13567,8,PG,14,3,4,75.0,1,2,50.0,1,2,50.0,0,0,0,1,1,2,2,0,-2,Dennis Smith Jr.,9,8,9,1,13567,2024-03-23 17:00:00,New York Knicks,Brooklyn Nets
384,1038,Lonnie,Walker IV,Brooklyn Nets,13567,9,G,12,4,6,66.7,0,0,0,1,3,33.3,0,2,2,1,0,0,1,0,-1,Lonnie Walker IV,12,11,10,3,13567,2024-03-23 17:00:00,New York Knicks,Brooklyn Nets
385,3414,Paolo,Banchero,Orlando Magic,13568,22,PF,38,8,18,44.4,5,5,100.0,1,6,16.7,0,7,7,5,2,0,4,1,-13,Paolo Banchero,34,29,27,12,13568,2024-03-23 23:00:00,Orlando Magic,Sacramento Kings
386,2858,Franz,Wagner,Orlando Magic,13568,18,SF,35,8,14,57.1,1,2,50.0,1,4,25.0,1,2,3,4,4,0,0,0,-27,Franz Wagner,25,21,22,7,13568,2024-03-23 23:00:00,Orlando Magic,Sacramento Kings
387,950,Wendell,Carter Jr.,Orlando Magic,13568,3,C,23,1,6,16.7,1,2,50.0,0,3,0,3,8,11,1,1,0,1,0,-20,Wendell Carter Jr.,15,14,4,12,13568,2024-03-23 23:00:00,Orlando Magic,Sacramento Kings
388,2852,Jalen,Suggs,Orlando Magic,13568,9,SG,36,3,10,30.0,2,4,50.0,1,5,20.0,0,3,3,4,3,0,2,0,-8,Jalen Suggs,16,12,13,7,13568,2024-03-23 23:00:00,Orlando Magic,Sacramento Kings
389,3449,Caleb,Houstan,Orlando Magic,13568,6,G,11,2,5,40.0,0,0,0,2,5,40.0,2,0,2,0,0,1,0,0,-7,Caleb Houstan,8,8,6,2,13568,2024-03-23 23:00:00,Orlando Magic,Sacramento Kings
390,801,Jonathan,Isaac,Orlando Magic,13568,25,PF,23,10,13,76.9,2,3,66.7,3,4,75.0,2,5,7,0,3,1,0,2,+26,Jonathan Isaac,32,32,25,7,13568,2024-03-23 23:00:00,Orlando Magic,Sacramento Kings
391,1037,Moritz,Wagner,Orlando Magic,13568,4,C,13,1,2,50.0,2,2,100.0,0,1,0,0,5,5,2,3,0,2,0,+3,Moritz Wagner,11,9,6,7,13568,2024-03-23 23:00:00,Orlando Magic,Sacramento Kings
392,779,Markelle,Fultz,Orlando Magic,13568,4,PG,19,2,5,40.0,0,0,0,0,0,0,0,1,1,2,2,2,1,0,+21,Markelle Fultz,7,5,6,3,13568,2024-03-23 23:00:00,Orlando Magic,Sacramento Kings
393,2563,Cole,Anthony,Orlando Magic,13568,16,PG,31,7,15,46.7,0,0,0,2,7,28.6,3,4,7,6,1,1,1,0,+9,Cole Anthony,29,23,22,13,13568,2024-03-23 23:00:00,Orlando Magic,Sacramento Kings
394,258,Joe,Ingles,Orlando Magic,13568,0,SG,12,0,0,0,0,0,0,0,0,0,1,2,3,3,1,0,2,0,+6,Joe Ingles,6,3,3,6,13568,2024-03-23 23:00:00,Orlando Magic,Sacramento Kings
395,463,Domantas,Sabonis,Sacramento Kings,13568,21,PF,40,7,14,50.0,6,6,100.0,1,3,33.3,1,13,14,8,3,1,2,0,+9,Domantas Sabonis,43,35,29,22,13568,2024-03-23 23:00:00,Orlando Magic,Sacramento Kings
396,36,Harrison,Barnes,Sacramento Kings,13568,9,SF,37,3,10,30.0,3,4,75.0,0,4,0,1,3,4,0,1,0,1,0,+8,Harrison Barnes,13,13,9,4,13568,2024-03-23 23:00:00,Orlando Magic,Sacramento Kings
397,3475,Keegan,Murray,Sacramento Kings,13568,22,SF,38,8,12,66.7,0,0,0,6,7,85.7,1,6,7,2,5,0,0,2,+21,Keegan Murray,31,29,24,9,13568,2024-03-23 23:00:00,Orlando Magic,Sacramento Kings
398,776,De'Aaron,Fox,Sacramento Kings,13568,31,PG,36,10,22,45.5,8,9,88.9,3,12,25.0,2,6,8,2,3,3,2,0,+14,De'Aaron Fox,41,39,33,10,13568,2024-03-23 23:00:00,Orlando Magic,Sacramento Kings
399,3436,Keon,Ellis,Sacramento Kings,13568,19,G,37,7,12,58.3,1,2,50.0,4,9,44.4,1,4,5,6,1,2,0,1,+18,Keon Ellis,30,24,25,11,13568,2024-03-23 23:00:00,Orlando Magic,Sacramento Kings
400,313,Alex,Len,Sacramento Kings,13568,0,C,9,0,0,0,0,0,0,0,0,0,0,1,1,0,1,0,1,2,-7,Alex Len,1,1,0,1,13568,2024-03-23 23:00:00,Orlando Magic,Sacramento Kings
401,2834,Davion,Mitchell,Sacramento Kings,13568,2,PG,12,1,3,33.3,0,0,0,0,1,0,0,2,2,3,0,0,0,0,-12,Davion Mitchell,7,4,5,5,13568,2024-03-23 23:00:00,Orlando Magic,Sacramento Kings
402,842,Malik,Monk,Sacramento Kings,13568,0,SG,22,0,11,0,0,0,0,0,2,0,0,1,1,5,3,0,1,0,-22,Malik Monk,6,1,5,6,13568,2024-03-23 23:00:00,Orlando Magic,Sacramento Kings
403,2803,Chris,Duarte,Sacramento Kings,13568,5,SG,10,2,3,66.7,0,0,0,1,2,50.0,0,0,0,0,2,0,0,0,-19,Chris Duarte,5,5,5,0,13568,2024-03-23 23:00:00,Orlando Magic,Sacramento Kings
404,1868,De'Andre,Hunter,Atlanta Hawks,13569,11,SF,28,4,14,28.6,2,2,100.0,1,8,12.5,0,1,1,3,1,0,0,0,+21,De'Andre Hunter,15,12,14,4,13569,2024-03-23 23:30:00,Atlanta Hawks,Charlotte Hornets
405,92,Clint,Capela,Atlanta Hawks,13569,12,C,22,5,11,45.5,2,2,100.0,0,1,0,5,5,10,1,0,0,0,1,+22,Clint Capela,23,22,13,11,13569,2024-03-23 23:30:00,Atlanta Hawks,Charlotte Hornets
406,743,Bogdan,Bogdanovic,Atlanta Hawks,13569,12,SG,26,5,10,50.0,0,0,0,2,4,50.0,1,2,3,6,0,0,0,0,+15,Bogdan Bogdanovic,21,15,18,9,13569,2024-03-23 23:30:00,Atlanta Hawks,Charlotte Hornets
407,382,Dejounte,Murray,Atlanta Hawks,13569,28,SG,31,10,14,71.4,1,1,100.0,7,9,77.8,0,7,7,12,1,4,4,0,+23,Dejounte Murray,47,35,40,19,13569,2024-03-23 23:30:00,Atlanta Hawks,Charlotte Hornets
408,2608,Vit,Krejci,Atlanta Hawks,13569,9,G,31,3,4,75.0,0,0,0,3,4,75.0,0,4,4,4,3,0,2,0,+28,Vit Krejci,17,13,13,8,13569,2024-03-23 23:30:00,Atlanta Hawks,Charlotte Hornets
409,1858,Bruno,Fernando,Atlanta Hawks,13569,25,PF,26,11,14,78.6,3,4,75.0,0,1,0,4,2,6,1,4,1,0,1,+19,Bruno Fernando,32,31,26,7,13569,2024-03-23 23:30:00,Atlanta Hawks,Charlotte Hornets
410,341,Wesley,Matthews,Atlanta Hawks,13569,6,SG,13,2,5,40.0,0,0,0,2,4,50.0,0,4,4,0,1,1,0,2,+11,Wesley Matthews,10,10,6,4,13569,2024-03-23 23:30:00,Atlanta Hawks,Charlotte Hornets
411,2327,Garrison,Mathews,Atlanta Hawks,13569,20,SG,27,6,8,75.0,4,5,80.0,4,6,66.7,0,3,3,2,3,0,0,1,+31,Garrison Mathews,25,23,22,5,13569,2024-03-23 23:30:00,Atlanta Hawks,Charlotte Hornets
412,1903,Dylan,Windler,Atlanta Hawks,13569,5,G,19,2,5,40.0,0,0,0,1,4,25.0,1,3,4,2,1,1,1,0,+17,Dylan Windler,11,9,7,6,13569,2024-03-23 23:30:00,Atlanta Hawks,Charlotte Hornets
413,2589,Trent,Forrest,Atlanta Hawks,13569,4,G,17,2,5,40.0,0,0,0,0,1,0,0,1,1,9,0,2,1,0,+18,Trent Forrest,14,5,13,10,13569,2024-03-23 23:30:00,Atlanta Hawks,Charlotte Hornets
414,3950,Brandon,Miller,Charlotte Hornets,13569,13,F,34,5,12,41.7,1,3,33.3,2,6,33.3,0,2,2,1,1,0,1,0,-23,Brandon Miller,16,15,14,3,13569,2024-03-23 23:30:00,Atlanta Hawks,Charlotte Hornets
415,941,Miles,Bridges,Charlotte Hornets,13569,27,SF,37,11,19,57.9,1,3,33.3,4,7,57.1,3,2,5,0,1,0,4,2,-32,Miles Bridges,32,32,27,5,13569,2024-03-23 23:30:00,Atlanta Hawks,Charlotte Hornets
416,2639,Nick,Richards,Charlotte Hornets,13569,12,C,31,5,7,71.4,2,2,100.0,0,0,0,3,13,16,1,2,0,1,0,-17,Nick Richards,29,28,13,17,13569,2024-03-23 23:30:00,Atlanta Hawks,Charlotte Hornets
417,2831,Tre,Mann,Charlotte Hornets,13569,9,PG,29,4,11,36.4,0,0,0,1,5,20.0,1,2,3,9,0,1,1,0,-19,Tre Mann,21,12,18,12,13569,2024-03-23 23:30:00,Atlanta Hawks,Charlotte Hornets
418,2739,Vasilije,Micic,Charlotte Hornets,13569,8,G,30,3,10,30.0,2,2,100.0,0,3,0,1,2,3,6,1,0,1,1,-18,Vasilije Micic,17,11,14,9,13569,2024-03-23 23:30:00,Atlanta Hawks,Charlotte Hornets
419,1901,Grant,Williams,Charlotte Hornets,13569,7,PF,25,3,10,30.0,0,0,0,1,6,16.7,1,3,4,4,3,0,2,0,-29,Grant Williams,15,11,11,8,13569,2024-03-23 23:30:00,Atlanta Hawks,Charlotte Hornets
420,2633,Aleksej,Pokusevski,Charlotte Hornets,13569,9,F,24,2,4,50.0,4,4,100.0,1,3,33.3,2,3,5,4,1,2,0,0,-29,Aleksej Pokusevski,18,14,13,9,13569,2024-03-23 23:30:00,Atlanta Hawks,Charlotte Hornets
421,52,Davis,Bertans,Charlotte Hornets,13569,6,SF,24,2,8,25.0,0,0,0,2,7,28.6,0,1,1,0,0,0,2,1,-30,Davis Bertans,7,7,6,1,13569,2024-03-23 23:30:00,Atlanta Hawks,Charlotte Hornets
422,4042,Nick Jr.,Smith,Charlotte Hornets,13569,0,G,3,0,3,0,0,0,0,0,2,0,0,0,0,0,0,0,1,0,-4,Nick Jr. Smith,0,0,0,0,13569,2024-03-23 23:30:00,Atlanta Hawks,Charlotte Hornets
423,3947,Amari,Bailey,Charlotte Hornets,13569,0,G,3,0,0,0,0,0,0,0,0,0,0,0,0,0,0,0,0,0,-4,Amari Bailey,0,0,0,0,13569,2024-03-23 23:30:00,Atlanta Hawks,Charlotte Hornets
424,3489,Jabari,Smith Jr.,Houston Rockets,13554,5,PF,22,2,10,20.0,1,1,100.0,0,4,0,1,6,7,0,5,0,3,0,-1,Jabari Smith Jr.,12,12,5,7,13554,2024-03-22 00:00:00,Houston Rockets,Chicago Bulls
425,3977,Amen,Thompson,Houston Rockets,13554,15,F,26,5,9,55.6,5,6,83.3,0,1,0,1,7,8,3,3,1,1,0,0,Amen Thompson,26,23,18,11,13554,2024-03-22 00:00:00,Houston Rockets,Chicago Bulls
426,749,Dillon,Brooks,Houston Rockets,13554,23,SF,25,10,13,76.9,0,0,0,3,6,50.0,0,2,2,1,0,2,0,0,+9,Dillon Brooks,26,25,24,3,13554,2024-03-22 00:00:00,Houston Rockets,Chicago Bulls
427,527,Fred,VanVleet,Houston Rockets,13554,9,PG,39,3,11,27.3,0,0,0,3,9,33.3,0,3,3,12,4,1,3,2,-11,Fred VanVleet,24,12,21,15,13554,2024-03-22 00:00:00,Houston Rockets,Chicago Bulls
428,2810,Jalen,Green,Houston Rockets,13554,26,SG,40,10,22,45.5,2,4,50.0,4,12,33.3,0,4,4,3,0,1,2,1,+13,Jalen Green,33,30,29,7,13554,2024-03-22 00:00:00,Houston Rockets,Chicago Bulls
429,207,Jeff,Green,Houston Rockets,13554,14,PF,27,5,8,62.5,1,2,50.0,3,6,50.0,2,5,7,0,3,0,0,1,+21,Jeff Green,21,21,14,7,13554,2024-03-22 00:00:00,Houston Rockets,Chicago Bulls
430,82,Reggie,Bullock,Houston Rockets,13554,3,SF,11,1,2,50.0,0,0,0,1,1,100.0,1,2,3,0,1,1,0,0,+4,Reggie Bullock,6,6,3,3,13554,2024-03-22 00:00:00,Houston Rockets,Chicago Bulls
431,2650,Jae'Sean,Tate,Houston Rockets,13554,0,SF,3,0,2,0,0,0,0,0,2,0,0,0,0,2,1,0,1,0,+5,Jae'Sean Tate,2,0,2,2,13554,2024-03-22 00:00:00,Houston Rockets,Chicago Bulls
432,1485,Jock,Landale,Houston Rockets,13554,17,C,27,6,10,60.0,5,5,100.0,0,0,0,7,5,12,5,2,0,3,2,-1,Jock Landale,34,29,22,17,13554,2024-03-22 00:00:00,Houston Rockets,Chicago Bulls
433,979,Aaron,Holiday,Houston Rockets,13554,15,G,18,5,6,83.3,2,2,100.0,3,4,75.0,1,2,3,1,2,1,1,0,+11,Aaron Holiday,19,18,16,4,13554,2024-03-22 00:00:00,Houston Rockets,Chicago Bulls
434,136,DeMar,DeRozan,Chicago Bulls,13554,16,SF,24,4,15,26.7,8,9,88.9,0,1,0,0,2,2,2,1,2,0,0,-14,DeMar DeRozan,20,18,18,4,13554,2024-03-22 00:00:00,Houston Rockets,Chicago Bulls
435,765,Torrey,Craig,Chicago Bulls,13554,10,SF,25,4,9,44.4,0,0,0,2,4,50.0,1,3,4,1,3,0,2,1,-12,Torrey Craig,15,14,11,5,13554,2024-03-22 00:00:00,Houston Rockets,Chicago Bulls
436,534,Nikola,Vucevic,Chicago Bulls,13554,16,C,39,7,16,43.8,1,2,50.0,1,5,20.0,4,10,14,6,2,0,1,1,-6,Nikola Vucevic,36,30,22,20,13554,2024-03-22 00:00:00,Houston Rockets,Chicago Bulls
437,631,Alex,Caruso,Chicago Bulls,13554,12,SG,35,3,11,27.3,4,4,100.0,2,8,25.0,1,1,2,4,5,2,2,0,-15,Alex Caruso,18,14,16,6,13554,2024-03-22 00:00:00,Houston Rockets,Chicago Bulls
438,2802,Ayo,Dosunmu,Chicago Bulls,13554,35,SG,39,13,18,72.2,4,4,100.0,5,6,83.3,0,2,2,2,2,3,2,0,+2,Ayo Dosunmu,39,37,37,4,13554,2024-03-22 00:00:00,Houston Rockets,Chicago Bulls
439,3494,Dalen,Terry,Chicago Bulls,13554,6,F,17,3,5,60.0,0,0,0,0,1,0,3,4,7,5,0,0,0,0,+9,Dalen Terry,18,13,11,12,13554,2024-03-22 00:00:00,Houston Rockets,Chicago Bulls
440,3951,Onuralp,Bitim,Chicago Bulls,13554,0,SF,8,0,1,0,0,0,0,0,1,0,0,0,0,0,1,0,0,0,-15,Onuralp Bitim,0,0,0,0,13554,2024-03-22 00:00:00,Houston Rockets,Chicago Bulls
441,147,Andre,Drummond,Chicago Bulls,13554,9,C,24,3,5,60.0,3,4,75.0,0,0,0,3,5,8,0,1,1,2,1,-3,Andre Drummond,17,17,9,8,13554,2024-03-22 00:00:00,Houston Rockets,Chicago Bulls
442,1900,Coby,White,Chicago Bulls,13554,13,PG,29,5,13,38.5,1,2,50.0,2,5,40.0,0,4,4,3,2,0,2,0,+4,Coby White,20,17,16,7,13554,2024-03-22 00:00:00,Houston Rockets,Chicago Bulls
443,121,Jae,Crowder,Milwaukee Bucks,13555,6,PF,30,3,6,50.0,0,0,0,0,3,0,2,1,3,2,1,0,1,0,0,Jae Crowder,11,9,8,5,13555,2024-03-22 00:00:00,Milwaukee Bucks,Brooklyn Nets
444,20,Giannis,Antetokounmpo,Milwaukee Bucks,13555,21,PF,35,9,19,47.4,2,4,50.0,1,2,50.0,3,6,9,5,3,0,2,2,+5,Giannis Antetokounmpo,35,30,26,14,13555,2024-03-22 00:00:00,Milwaukee Bucks,Brooklyn Nets
445,323,Brook,Lopez,Milwaukee Bucks,13555,17,C,28,7,9,77.8,0,0,0,3,5,60.0,1,4,5,0,2,0,1,0,-14,Brook Lopez,22,22,17,5,13555,2024-03-22 00:00:00,Milwaukee Bucks,Brooklyn Nets
446,319,Damian,Lillard,Milwaukee Bucks,13555,30,PG,37,11,22,50.0,3,3,100.0,5,11,45.5,0,3,3,12,3,2,4,0,-7,Damian Lillard,45,33,42,15,13555,2024-03-22 00:00:00,Milwaukee Bucks,Brooklyn Nets
447,46,Malik,Beasley,Milwaukee Bucks,13555,16,SG,31,5,10,50.0,4,4,100.0,2,7,28.6,1,5,6,0,2,0,0,0,+6,Malik Beasley,22,22,16,6,13555,2024-03-22 00:00:00,Milwaukee Bucks,Brooklyn Nets
448,431,Bobby,Portis,Milwaukee Bucks,13555,6,F,30,2,10,20.0,2,2,100.0,0,2,0,2,7,9,2,3,2,0,1,+15,Bobby Portis,17,15,8,11,13555,2024-03-22 00:00:00,Milwaukee Bucks,Brooklyn Nets
449,53,Patrick,Beverley,Milwaukee Bucks,13555,2,PG,19,0,4,0,2,2,100.0,0,3,0,1,2,3,2,1,0,1,1,+9,Patrick Beverley,7,5,4,5,13555,2024-03-22 00:00:00,Milwaukee Bucks,Brooklyn Nets
450,115,Pat,Connaughton,Milwaukee Bucks,13555,2,SG,15,1,4,25.0,0,0,0,0,1,0,0,0,0,4,1,1,0,0,+17,Pat Connaughton,6,2,6,4,13555,2024-03-22 00:00:00,Milwaukee Bucks,Brooklyn Nets
451,3443,A.J.,Green,Milwaukee Bucks,13555,15,G,14,5,7,71.4,0,0,0,5,7,71.4,1,1,2,0,1,0,1,0,+4,A.J. Green,17,17,15,2,13555,2024-03-22 00:00:00,Milwaukee Bucks,Brooklyn Nets
452,1871,Cameron,Johnson,Brooklyn Nets,13555,17,SF,35,6,13,46.2,1,1,100.0,4,9,44.4,2,6,8,4,0,0,1,0,+2,Cameron Johnson,29,25,21,12,13555,2024-03-22 00:00:00,Milwaukee Bucks,Brooklyn Nets
453,940,Mikal,Bridges,Brooklyn Nets,13555,24,SF,33,9,19,47.4,0,0,0,6,14,42.9,2,4,6,2,2,1,2,0,-7,Mikal Bridges,32,30,26,8,13555,2024-03-22 00:00:00,Milwaukee Bucks,Brooklyn Nets
454,1854,Nic,Claxton,Brooklyn Nets,13555,22,C,34,9,12,75.0,4,6,66.7,0,0,0,4,5,9,1,3,2,1,0,-17,Nic Claxton,32,31,23,10,13555,2024-03-22 00:00:00,Milwaukee Bucks,Brooklyn Nets
455,472,Dennis,Schroder,Brooklyn Nets,13555,5,PG,34,2,9,22.2,0,0,0,1,5,20.0,0,2,2,9,4,1,2,0,-17,Dennis Schroder,16,7,14,11,13555,2024-03-22 00:00:00,Milwaukee Bucks,Brooklyn Nets
456,2855,Cam,Thomas,Brooklyn Nets,13555,21,SG,39,8,17,47.1,5,6,83.3,0,5,0,0,6,6,4,0,0,3,0,-6,Cam Thomas,31,27,25,10,13555,2024-03-22 00:00:00,Milwaukee Bucks,Brooklyn Nets
457,2861,Trendon,Watford,Brooklyn Nets,13555,3,PF,8,1,5,20.0,1,1,100.0,0,0,0,3,0,3,0,0,0,0,0,+5,Trendon Watford,6,6,3,3,13555,2024-03-22 00:00:00,Milwaukee Bucks,Brooklyn Nets
458,3946,Jalen,Wilson,Brooklyn Nets,13555,4,F,11,1,3,33.3,2,2,100.0,0,1,0,2,3,5,2,0,0,2,0,+11,Jalen Wilson,11,9,6,7,13555,2024-03-22 00:00:00,Milwaukee Bucks,Brooklyn Nets
459,3944,Noah,Clowney,Brooklyn Nets,13555,5,F,14,2,5,40.0,0,0,0,1,4,25.0,1,3,4,1,0,0,0,0,+10,Noah Clowney,10,9,6,5,13555,2024-03-22 00:00:00,Milwaukee Bucks,Brooklyn Nets
460,876,Dennis,Smith Jr.,Brooklyn Nets,13555,5,PG,19,2,2,100.0,0,0,0,1,1,100.0,0,3,3,6,2,3,3,0,-7,Dennis Smith Jr.,14,8,11,9,13555,2024-03-22 00:00:00,Milwaukee Bucks,Brooklyn Nets
461,1038,Lonnie,Walker IV,Brooklyn Nets,13555,2,G,12,1,7,14.3,0,0,0,0,5,0,1,2,3,0,1,0,0,1,-9,Lonnie Walker IV,5,5,2,3,13555,2024-03-22 00:00:00,Milwaukee Bucks,Brooklyn Nets
462,1897,P.J.,Washington,Dallas Mavericks,13556,6,PF,33,3,9,33.3,0,0,0,0,4,0,1,4,5,1,5,2,1,2,+9,P.J. Washington,12,11,7,6,13556,2024-03-22 00:30:00,Dallas Mavericks,Utah Jazz
463,283,Derrick,Jones Jr.,Dallas Mavericks,13556,12,SF,24,4,4,100.0,4,6,66.7,0,0,0,0,4,4,2,1,0,0,1,+21,Derrick Jones Jr.,18,16,14,6,13556,2024-03-22 00:30:00,Dallas Mavericks,Utah Jazz
464,1859,Daniel,Gafford,Dallas Mavericks,13556,24,C,27,10,11,90.9,4,6,66.7,0,0,0,3,4,7,5,2,1,1,0,+25,Daniel Gafford,36,31,29,12,13556,2024-03-22 00:30:00,Dallas Mavericks,Utah Jazz
465,261,Kyrie,Irving,Dallas Mavericks,13556,16,PG,35,7,19,36.8,0,0,0,2,8,25.0,1,4,5,7,1,2,1,0,+37,Kyrie Irving,28,21,23,12,13556,2024-03-22 00:30:00,Dallas Mavericks,Utah Jazz
466,963,Luka,Doncic,Dallas Mavericks,13556,34,PG,35,11,23,47.8,8,12,66.7,4,10,40.0,1,8,9,8,2,4,4,0,-3,Luka Doncic,51,43,42,17,13556,2024-03-22 00:30:00,Dallas Mavericks,Utah Jazz
467,817,Maxi,Kleber,Dallas Mavericks,13556,7,PF,18,2,3,66.7,1,2,50.0,2,3,66.7,1,1,2,2,3,3,1,0,+15,Maxi Kleber,11,9,9,4,13556,2024-03-22 00:30:00,Dallas Mavericks,Utah Jazz
468,3960,OlivierMaxence,Prosper,Dallas Mavericks,13556,0,F,1,0,0,0,0,0,0,0,0,0,0,0,0,0,0,0,0,0,0,OlivierMaxence Prosper,0,0,0,0,13556,2024-03-22 00:30:00,Dallas Mavericks,Utah Jazz
469,215,Tim,Hardaway Jr.,Dallas Mavericks,13556,0,SF,17,0,4,0,0,0,0,0,3,0,0,1,1,0,0,0,1,0,-5,Tim Hardaway Jr.,1,1,0,1,13556,2024-03-22 00:30:00,Dallas Mavericks,Utah Jazz
470,433,Dwight,Powell,Dallas Mavericks,13556,0,C,1,0,0,0,0,0,0,0,0,0,0,1,1,0,0,0,0,0,0,Dwight Powell,1,1,0,1,13556,2024-03-22 00:30:00,Dallas Mavericks,Utah Jazz
471,4044,Dereck II,Lively,Dallas Mavericks,13556,6,C,15,3,5,60.0,0,2,0,0,0,0,3,2,5,1,0,0,1,0,-17,Dereck II Lively,12,11,7,6,13556,2024-03-22 00:30:00,Dallas Mavericks,Utah Jazz
472,164,Dante,Exum,Dallas Mavericks,13556,0,G,15,0,1,0,0,0,0,0,0,0,0,2,2,2,2,0,2,0,-8,Dante Exum,4,2,2,4,13556,2024-03-22 00:30:00,Dallas Mavericks,Utah Jazz
473,2890,A.J.,Lawson,Dallas Mavericks,13556,2,G,1,1,2,50.0,0,0,0,0,0,0,0,0,0,0,0,0,0,0,0,A.J. Lawson,2,2,2,0,13556,2024-03-22 00:30:00,Dallas Mavericks,Utah Jazz
474,3407,Jaden,Hardy,Dallas Mavericks,13556,6,G,17,2,5,40.0,0,0,0,2,4,50.0,1,1,2,5,4,0,1,0,+6,Jaden Hardy,13,8,11,7,13556,2024-03-22 00:30:00,Dallas Mavericks,Utah Jazz
475,830,Lauri,Markkanen,Utah Jazz,13556,21,PF,36,6,20,30.0,8,8,100.0,1,9,11.1,0,3,3,2,1,2,0,0,-19,Lauri Markkanen,26,24,23,5,13556,2024-03-22 00:30:00,Dallas Mavericks,Utah Jazz
476,4031,Taylor,Hendricks,Utah Jazz,13556,5,F,28,2,4,50.0,0,0,0,1,3,33.3,0,2,2,0,5,1,1,0,-7,Taylor Hendricks,7,7,5,2,13556,2024-03-22 00:30:00,Dallas Mavericks,Utah Jazz
477,3457,Walker,Kessler,Utah Jazz,13556,14,C,27,7,7,100.0,0,0,0,0,0,0,1,8,9,2,3,0,2,0,-7,Walker Kessler,25,23,16,11,13556,2024-03-22 00:30:00,Dallas Mavericks,Utah Jazz
478,152,Kris,Dunn,Utah Jazz,13556,4,G,20,2,3,66.7,0,0,0,0,1,0,0,4,4,5,5,1,4,1,+10,Kris Dunn,13,8,9,9,13556,2024-03-22 00:30:00,Dallas Mavericks,Utah Jazz
479,4029,Keyonte,George,Utah Jazz,13556,18,G,33,6,16,37.5,5,5,100.0,1,6,16.7,0,2,2,5,0,1,6,0,-9,Keyonte George,25,20,23,7,13556,2024-03-22 00:30:00,Dallas Mavericks,Utah Jazz
480,4034,Brice,Sensabaugh,Utah Jazz,13556,3,F,20,1,7,14.3,1,2,50.0,0,4,0,1,7,8,5,1,1,2,2,-5,Brice Sensabaugh,16,11,8,13,13556,2024-03-22 00:30:00,Dallas Mavericks,Utah Jazz
481,2785,Omer,Yurtseven,Utah Jazz,13556,10,C,21,4,7,57.1,1,2,50.0,1,2,50.0,2,3,5,2,2,0,0,0,-9,Omer Yurtseven,17,15,12,7,13556,2024-03-22 00:30:00,Dallas Mavericks,Utah Jazz
482,3358,Micah,Potter,Utah Jazz,13556,2,C,7,1,2,50.0,0,0,0,0,1,0,0,1,1,0,0,0,0,0,-6,Micah Potter,3,3,2,1,13556,2024-03-22 00:30:00,Dallas Mavericks,Utah Jazz
483,1021,Collin,Sexton,Utah Jazz,13556,20,PG,34,9,14,64.3,2,2,100.0,0,3,0,1,3,4,5,2,0,3,0,-21,Collin Sexton,29,24,25,9,13556,2024-03-22 00:30:00,Dallas Mavericks,Utah Jazz
484,2611,Kira,Lewis Jr.,Utah Jazz,13556,0,PG,7,0,2,0,0,0,0,0,0,0,0,0,0,3,1,0,0,0,0,Kira Lewis Jr.,3,0,3,3,13556,2024-03-22 00:30:00,Dallas Mavericks,Utah Jazz
485,4032,Taevion,Kinsey,Utah Jazz,13556,0,G,0,0,0,0,0,0,0,0,0,0,0,0,0,0,0,0,0,0,0,Taevion Kinsey,0,0,0,0,13556,2024-03-22 00:30:00,Dallas Mavericks,Utah Jazz
486,3454,Johnny,Juzang,Utah Jazz,13556,0,G,8,0,1,0,0,0,0,0,1,0,0,0,0,0,3,0,0,0,-7,Johnny Juzang,0,0,0,0,13556,2024-03-22 00:30:00,Dallas Mavericks,Utah Jazz
487,195,Aaron,Gordon,Denver Nuggets,13557,10,PF,35,5,9,55.6,0,1,0,0,0,0,3,1,4,8,1,1,0,0,+22,Aaron Gordon,22,14,18,12,13557,2024-03-22 01:00:00,Denver Nuggets,New York Knicks
488,1014,Michael,Porter Jr.,Denver Nuggets,13557,31,SF,37,13,16,81.3,2,2,100.0,3,6,50.0,1,7,8,0,1,0,1,0,+25,Michael Porter Jr.,39,39,31,8,13557,2024-03-22 01:00:00,Denver Nuggets,New York Knicks
489,279,Nikola,Jokic,Denver Nuggets,13557,30,C,39,12,23,52.2,6,7,85.7,0,1,0,2,12,14,11,1,1,1,0,+30,Nikola Jokic,55,44,41,25,13557,2024-03-22 01:00:00,Denver Nuggets,New York Knicks
490,383,Jamal,Murray,Denver Nuggets,13557,23,PG,34,9,20,45.0,4,4,100.0,1,2,50.0,2,4,6,4,1,2,4,0,+9,Jamal Murray,33,29,27,10,13557,2024-03-22 01:00:00,Denver Nuggets,New York Knicks
491,89,Kentavious,Caldwell-Pope,Denver Nuggets,13557,6,SG,37,2,5,40.0,0,0,0,2,5,40.0,0,4,4,3,4,1,1,3,+24,Kentavious Caldwell-Pope,13,10,9,7,13557,2024-03-22 01:00:00,Denver Nuggets,New York Knicks
492,3498,Peyton,Watson,Denver Nuggets,13557,4,F,13,1,3,33.3,2,2,100.0,0,2,0,1,0,1,0,1,0,1,0,-13,Peyton Watson,5,5,4,1,13557,2024-03-22 01:00:00,Denver Nuggets,New York Knicks
493,243,Justin,Holiday,Denver Nuggets,13557,0,SF,10,0,2,0,0,0,0,0,2,0,0,1,1,0,2,0,0,0,-10,Justin Holiday,1,1,0,1,13557,2024-03-22 01:00:00,Denver Nuggets,New York Knicks
494,286,DeAndre,Jordan,Denver Nuggets,13557,2,C,9,1,1,100.0,0,0,0,0,0,0,0,1,1,0,1,0,0,0,-15,DeAndre Jordan,3,3,2,1,13557,2024-03-22 01:00:00,Denver Nuggets,New York Knicks
495,264,Reggie,Jackson,Denver Nuggets,13557,4,PG,13,1,3,33.3,2,2,100.0,0,1,0,0,0,0,4,1,0,1,1,+7,Reggie Jackson,8,4,8,4,13557,2024-03-22 01:00:00,Denver Nuggets,New York Knicks
496,3420,Christian,Braun,Denver Nuggets,13557,3,G,13,1,2,50.0,1,2,50.0,0,1,0,0,3,3,1,1,0,0,0,-14,Christian Braun,7,6,4,4,13557,2024-03-22 01:00:00,Denver Nuggets,New York Knicks
497,978,Isaiah,Hartenstein,New York Knicks,13557,20,C,26,8,10,80.0,4,5,80.0,0,0,0,3,5,8,3,6,1,3,2,-15,Isaiah Hartenstein,31,28,23,11,13557,2024-03-22 01:00:00,Denver Nuggets,New York Knicks
498,946,Jalen,Brunson,New York Knicks,13557,26,PG,34,11,23,47.8,2,3,66.7,2,7,28.6,0,2,2,9,1,0,0,0,-20,Jalen Brunson,37,28,35,11,13557,2024-03-22 01:00:00,Denver Nuggets,New York Knicks
499,2832,Miles,McBride,New York Knicks,13557,11,PG,44,4,9,44.4,2,2,100.0,1,5,20.0,0,3,3,3,2,1,0,1,-11,Miles McBride,17,14,14,6,13557,2024-03-22 01:00:00,Denver Nuggets,New York Knicks
500,791,Josh,Hart,New York Knicks,13557,2,SG,36,1,5,20.0,0,0,0,0,2,0,1,2,3,1,4,0,1,0,-21,Josh Hart,6,5,3,4,13557,2024-03-22 01:00:00,Denver Nuggets,New York Knicks
501,962,Donte,DiVincenzo,New York Knicks,13557,11,SG,31,4,11,36.4,0,0,0,3,8,37.5,0,2,2,4,2,2,0,1,-17,Donte DiVincenzo,17,13,15,6,13557,2024-03-22 01:00:00,Denver Nuggets,New York Knicks
502,2561,Precious,Achiuwa,New York Knicks,13557,9,PF,25,4,5,80.0,0,0,0,1,1,100.0,0,5,5,3,2,0,0,2,-2,Precious Achiuwa,17,14,12,8,13557,2024-03-22 01:00:00,Denver Nuggets,New York Knicks
503,60,Bojan,Bogdanovic,New York Knicks,13557,3,SF,14,1,5,20.0,0,0,0,1,2,50.0,0,1,1,2,0,0,2,0,+7,Bojan Bogdanovic,6,4,5,3,13557,2024-03-22 01:00:00,Denver Nuggets,New York Knicks
504,2849,Jericho,Sims,New York Knicks,13557,0,C,8,0,0,0,0,0,0,0,0,0,0,2,2,2,0,0,0,0,+10,Jericho Sims,4,2,2,4,13557,2024-03-22 01:00:00,Denver Nuggets,New York Knicks
505,84,Alec,Burks,New York Knicks,13557,18,SG,21,5,11,45.5,5,7,71.4,3,6,50.0,0,5,5,1,1,2,3,0,+4,Alec Burks,24,23,19,6,13557,2024-03-22 01:00:00,Denver Nuggets,New York Knicks
506,153,Kevin,Durant,Phoenix Suns,13558,19,PF,37,5,15,33.3,7,7,100.0,2,8,25.0,1,3,4,2,1,0,5,3,0,Kevin Durant,25,23,21,6,13558,2024-03-22 02:30:00,Phoenix Suns,Atlanta Hawks
507,398,Jusuf,Nurkic,Phoenix Suns,13558,7,C,32,1,5,20.0,5,8,62.5,0,0,0,3,7,10,2,3,1,2,0,-5,Jusuf Nurkic,19,17,9,12,13558,2024-03-22 02:30:00,Phoenix Suns,Atlanta Hawks
508,45,Bradley,Beal,Phoenix Suns,13558,12,SG,37,4,7,57.1,2,2,100.0,2,4,50.0,1,3,4,9,3,0,5,1,+17,Bradley Beal,25,16,21,13,13558,2024-03-22 02:30:00,Phoenix Suns,Atlanta Hawks
509,926,Grayson,Allen,Phoenix Suns,13558,13,SG,36,4,8,50.0,2,2,100.0,3,7,42.9,0,3,3,4,2,1,0,2,-6,Grayson Allen,20,16,17,7,13558,2024-03-22 02:30:00,Phoenix Suns,Atlanta Hawks
510,64,Devin,Booker,Phoenix Suns,13558,30,SG,32,10,15,66.7,4,4,100.0,6,8,75.0,1,3,4,2,5,0,2,0,-10,Devin Booker,36,34,32,6,13558,2024-03-22 02:30:00,Phoenix Suns,Atlanta Hawks
511,851,Royce,O'Neale,Phoenix Suns,13558,14,PF,15,5,7,71.4,0,0,0,4,6,66.7,0,5,5,2,1,0,1,1,+13,Royce O'Neale,21,19,16,7,13558,2024-03-22 02:30:00,Phoenix Suns,Atlanta Hawks
512,966,Drew,Eubanks,Phoenix Suns,13558,7,PF,16,3,4,75.0,1,1,100.0,0,0,0,1,3,4,0,2,0,1,3,+18,Drew Eubanks,11,11,7,4,13558,2024-03-22 02:30:00,Phoenix Suns,Atlanta Hawks
513,1849,Bol,Bol,Phoenix Suns,13558,5,C,11,1,2,50.0,2,2,100.0,1,2,50.0,0,3,3,2,1,0,1,1,+21,Bol Bol,10,8,7,5,13558,2024-03-22 02:30:00,Phoenix Suns,Atlanta Hawks
514,196,Eric,Gordon,Phoenix Suns,13558,21,SG,24,8,11,72.7,1,1,100.0,4,6,66.7,0,1,1,5,1,2,0,0,+17,Eric Gordon,27,22,26,6,13558,2024-03-22 02:30:00,Phoenix Suns,Atlanta Hawks
515,1868,De'Andre,Hunter,Atlanta Hawks,13558,22,SF,34,5,13,38.5,9,10,90.0,3,7,42.9,0,4,4,1,2,2,1,0,+3,De'Andre Hunter,27,26,23,5,13558,2024-03-22 02:30:00,Phoenix Suns,Atlanta Hawks
516,92,Clint,Capela,Atlanta Hawks,13558,13,C,25,5,10,50.0,3,5,60.0,0,0,0,5,5,10,2,2,0,0,2,+12,Clint Capela,25,23,15,12,13558,2024-03-22 02:30:00,Phoenix Suns,Atlanta Hawks
517,743,Bogdan,Bogdanovic,Atlanta Hawks,13558,16,SG,36,6,13,46.2,0,1,0,4,7,57.1,1,1,2,3,3,1,0,0,-17,Bogdan Bogdanovic,21,18,19,5,13558,2024-03-22 02:30:00,Phoenix Suns,Atlanta Hawks
518,382,Dejounte,Murray,Atlanta Hawks,13558,29,SG,40,11,26,42.3,4,5,80.0,3,10,30.0,2,7,9,10,2,4,5,0,-5,Dejounte Murray,48,38,39,19,13558,2024-03-22 02:30:00,Phoenix Suns,Atlanta Hawks
519,2608,Vit,Krejci,Atlanta Hawks,13558,9,G,38,4,9,44.4,0,0,0,1,5,20.0,0,1,1,4,3,1,1,0,+8,Vit Krejci,14,10,13,5,13558,2024-03-22 02:30:00,Phoenix Suns,Atlanta Hawks
520,1858,Bruno,Fernando,Atlanta Hawks,13558,4,PF,4,1,2,50.0,2,2,100.0,0,0,0,2,1,3,0,0,0,0,0,-6,Bruno Fernando,7,7,4,3,13558,2024-03-22 02:30:00,Phoenix Suns,Atlanta Hawks
521,2629,Onyeka,Okongwu,Atlanta Hawks,13558,8,PF,19,4,7,57.1,0,0,0,0,1,0,1,2,3,1,4,1,0,1,-19,Onyeka Okongwu,12,11,9,4,13558,2024-03-22 02:30:00,Phoenix Suns,Atlanta Hawks
522,341,Wesley,Matthews,Atlanta Hawks,13558,3,SG,14,1,4,25.0,0,0,0,1,2,50.0,0,1,1,0,3,0,0,0,-16,Wesley Matthews,4,4,3,1,13558,2024-03-22 02:30:00,Phoenix Suns,Atlanta Hawks
523,2327,Garrison,Mathews,Atlanta Hawks,13558,9,SG,21,2,5,40.0,5,6,83.3,0,2,0,0,2,2,2,3,1,0,0,-16,Garrison Mathews,13,11,11,4,13558,2024-03-22 02:30:00,Phoenix Suns,Atlanta Hawks
524,2589,Trent,Forrest,Atlanta Hawks,13558,2,G,10,1,2,50.0,0,0,0,0,1,0,1,0,1,4,1,1,1,0,-9,Trent Forrest,7,3,6,5,13558,2024-03-22 02:30:00,Phoenix Suns,Atlanta Hawks
525,3969,Tosan,Evbuomwan,Detroit Pistons,13559,14,F,31,4,9,44.4,4,6,66.7,2,5,40.0,2,6,8,1,1,0,2,0,-26,Tosan Evbuomwan,23,22,15,9,13559,2024-03-22 23:00:00,Detroit Pistons,Boston Celtics
526,945,Troy,Brown Jr.,Detroit Pistons,13559,8,SF,21,3,7,42.9,0,0,0,2,6,33.3,0,3,3,2,1,0,0,0,-8,Troy Brown Jr.,13,11,10,5,13559,2024-03-22 23:00:00,Detroit Pistons,Boston Celtics
527,2666,James,Wiseman,Detroit Pistons,13559,24,C,37,11,13,84.6,2,4,50.0,0,0,0,5,4,9,4,2,0,3,0,-22,James Wiseman,37,33,28,13,13559,2024-03-22 23:00:00,Detroit Pistons,Boston Celtics
528,2801,Cade,Cunningham,Detroit Pistons,13559,15,PG,29,6,17,35.3,2,2,100.0,1,4,25.0,1,5,6,6,4,2,3,0,-27,Cade Cunningham,27,21,21,12,13559,2024-03-22 23:00:00,Detroit Pistons,Boston Celtics
529,3451,Jaden,Ivey,Detroit Pistons,13559,16,PG,27,7,13,53.8,1,1,100.0,1,4,25.0,0,4,4,0,3,0,2,0,-13,Jaden Ivey,20,20,16,4,13559,2024-03-22 23:00:00,Detroit Pistons,Boston Celtics
530,999,Chimezie,Metu,Detroit Pistons,13559,2,PF,19,1,3,33.3,0,0,0,0,2,0,0,4,4,2,4,0,3,0,-2,Chimezie Metu,8,6,4,6,13559,2024-03-22 23:00:00,Detroit Pistons,Boston Celtics
531,3417,Buddy,Boeheim,Detroit Pistons,13559,0,F,3,0,1,0,0,0,0,0,1,0,0,0,0,0,0,0,0,0,-6,Buddy Boeheim,0,0,0,0,13559,2024-03-22 23:00:00,Detroit Pistons,Boston Celtics
532,177,Evan,Fournier,Detroit Pistons,13559,6,SG,28,3,7,42.9,0,0,0,0,3,0,0,1,1,3,4,1,1,1,-8,Evan Fournier,10,7,9,4,13559,2024-03-22 23:00:00,Detroit Pistons,Boston Celtics
533,3481,Jared,Rhoden,Detroit Pistons,13559,9,G,17,4,5,80.0,0,0,0,1,2,50.0,0,5,5,0,2,1,2,0,-7,Jared Rhoden,14,14,9,5,13559,2024-03-22 23:00:00,Detroit Pistons,Boston Celtics
534,3970,Marcus,Sasser,Detroit Pistons,13559,8,G,28,3,8,37.5,0,0,0,2,4,50.0,0,2,2,7,2,0,2,0,-16,Marcus Sasser,17,10,15,9,13559,2024-03-22 23:00:00,Detroit Pistons,Boston Celtics
535,2656,Xavier,Tillman,Boston Celtics,13559,2,F,20,1,2,50.0,0,0,0,0,1,0,2,2,4,0,1,0,1,0,-3,Xavier Tillman,6,6,2,4,13559,2024-03-22 23:00:00,Detroit Pistons,Boston Celtics
536,432,Kristaps,Porzingis,Boston Celtics,13559,19,C,26,7,15,46.7,3,4,75.0,2,6,33.3,2,2,4,1,5,3,0,2,+22,Kristaps Porzingis,24,23,20,5,13559,2024-03-22 23:00:00,Detroit Pistons,Boston Celtics
537,897,Derrick,White,Boston Celtics,13559,19,PG,36,5,14,35.7,8,9,88.9,1,7,14.3,2,6,8,11,1,0,1,1,+23,Derrick White,38,27,30,19,13559,2024-03-22 23:00:00,Detroit Pistons,Boston Celtics
538,2635,Payton,Pritchard,Boston Celtics,13559,20,PG,38,8,15,53.3,0,0,0,4,9,44.4,0,2,2,9,2,0,1,0,+15,Payton Pritchard,31,22,29,11,13559,2024-03-22 23:00:00,Detroit Pistons,Boston Celtics
539,75,Jaylen,Brown,Boston Celtics,13559,33,SG,33,13,19,68.4,4,7,57.1,3,8,37.5,0,4,4,0,1,4,4,0,+9,Jaylen Brown,37,37,33,4,13559,2024-03-22 23:00:00,Detroit Pistons,Boston Celtics
540,2812,Sam,Hauser,Boston Celtics,13559,14,SF,24,5,14,35.7,0,0,0,4,11,36.4,0,4,4,1,1,1,0,0,+15,Sam Hauser,19,18,15,5,13559,2024-03-22 23:00:00,Detroit Pistons,Boston Celtics
541,2110,Oshae,Brissett,Boston Celtics,13559,6,SF,19,2,2,100.0,1,2,50.0,1,1,100.0,0,2,2,1,1,0,0,1,+19,Oshae Brissett,9,8,7,3,13559,2024-03-22 23:00:00,Detroit Pistons,Boston Celtics
542,819,Luke,Kornet,Boston Celtics,13559,3,C,17,1,2,50.0,1,2,50.0,0,0,0,1,2,3,4,2,0,0,1,-1,Luke Kornet,10,6,7,7,13559,2024-03-22 23:00:00,Detroit Pistons,Boston Celtics
543,2844,Neemias,Queta,Boston Celtics,13559,5,C,3,2,2,100.0,1,2,50.0,0,0,0,1,1,2,2,0,1,0,0,+6,Neemias Queta,9,7,7,4,13559,2024-03-22 23:00:00,Detroit Pistons,Boston Celtics
544,1006,Svi,Mykhailiuk,Boston Celtics,13559,3,SG,16,1,1,100.0,1,1,100.0,0,0,0,0,2,2,1,0,0,0,0,+12,Svi Mykhailiuk,6,5,4,3,13559,2024-03-22 23:00:00,Detroit Pistons,Boston Celtics
545,3429,JD,Davison,Boston Celtics,13559,3,SG,3,1,1,100.0,0,0,0,1,1,100.0,0,0,0,1,0,0,0,0,+6,JD Davison,4,3,4,1,13559,2024-03-22 23:00:00,Detroit Pistons,Boston Celtics
546,2851,Jaden,Springer,Boston Celtics,13559,0,G,3,0,0,0,0,0,0,0,0,0,0,0,0,0,0,0,0,0,+6,Jaden Springer,0,0,0,0,13559,2024-03-22 23:00:00,Detroit Pistons,Boston Celtics
547,3943,Jordan,Walsh,Boston Celtics,13559,2,G,3,1,2,50.0,0,0,0,0,1,0,0,0,0,0,1,0,0,0,+6,Jordan Walsh,2,2,2,0,13559,2024-03-22 23:00:00,Detroit Pistons,Boston Celtics
548,404,Kelly,Olynyk,Toronto Raptors,13560,16,PF,27,7,9,77.8,1,2,50.0,1,2,50.0,1,5,6,5,3,1,7,0,-21,Kelly Olynyk,27,22,21,11,13560,2024-03-22 23:00:00,Toronto Raptors,Oklahoma City Thunder
549,944,Bruce,Brown,Toronto Raptors,13560,10,SF,28,4,8,50.0,1,2,50.0,1,2,50.0,0,3,3,5,2,0,2,0,-19,Bruce Brown,18,13,15,8,13560,2024-03-22 23:00:00,Toronto Raptors,Oklahoma City Thunder
550,3411,Ochai,Agbaji,Toronto Raptors,13560,12,G,32,4,10,40.0,3,4,75.0,1,5,20.0,2,5,7,6,3,3,2,0,-13,Ochai Agbaji,25,19,18,13,13560,2024-03-22 23:00:00,Toronto Raptors,Oklahoma City Thunder
551,3440,Javon,Freeman-Liberty,Toronto Raptors,13560,10,G,29,4,10,40.0,2,2,100.0,0,3,0,0,4,4,3,1,0,2,0,-9,Javon Freeman-Liberty,17,14,13,7,13560,2024-03-22 23:00:00,Toronto Raptors,Oklahoma City Thunder
552,4027,Gradey,Dick,Toronto Raptors,13560,21,G,33,8,15,53.3,1,3,33.3,4,7,57.1,0,5,5,1,1,1,4,0,-11,Gradey Dick,27,26,22,6,13560,2024-03-22 23:00:00,Toronto Raptors,Oklahoma City Thunder
553,1880,Jalen,McDaniels,Toronto Raptors,13560,0,PF,8,0,2,0,0,0,0,0,0,0,1,1,2,0,0,0,1,0,-15,Jalen McDaniels,2,2,0,2,13560,2024-03-22 23:00:00,Toronto Raptors,Oklahoma City Thunder
554,3445,Mouhamadou,Gueye,Toronto Raptors,13560,0,F,3,0,0,0,0,0,0,0,0,0,0,0,0,0,1,0,1,2,+1,Mouhamadou Gueye,0,0,0,0,13560,2024-03-22 23:00:00,Toronto Raptors,Oklahoma City Thunder
555,507,Garrett,Temple,Toronto Raptors,13560,8,SF,18,2,2,100.0,2,2,100.0,2,2,100.0,0,2,2,2,0,2,0,0,+10,Garrett Temple,12,10,10,4,13560,2024-03-22 23:00:00,Toronto Raptors,Oklahoma City Thunder
556,2628,Jordan,Nwora,Toronto Raptors,13560,12,SF,21,6,10,60.0,0,0,0,0,3,0,0,4,4,2,3,1,3,0,-13,Jordan Nwora,18,16,14,6,13560,2024-03-22 23:00:00,Toronto Raptors,Oklahoma City Thunder
557,2557,Jontay,Porter,Toronto Raptors,13560,7,C,21,2,3,66.7,2,2,100.0,1,2,50.0,1,2,3,8,0,2,3,1,+1,Jontay Porter,18,10,15,11,13560,2024-03-22 23:00:00,Toronto Raptors,Oklahoma City Thunder
558,2637,Jahmi'us,Ramsey,Toronto Raptors,13560,7,SG,19,3,7,42.9,0,0,0,1,4,25.0,0,0,0,2,4,2,2,0,-11,Jahmi'us Ramsey,9,7,9,2,13560,2024-03-22 23:00:00,Toronto Raptors,Oklahoma City Thunder
559,3448,Chet,Holmgren,Oklahoma City Thunder,13560,18,PF,27,8,13,61.5,0,0,0,2,4,50.0,3,7,10,1,1,2,0,1,+14,Chet Holmgren,29,28,19,11,13560,2024-03-22 23:00:00,Toronto Raptors,Oklahoma City Thunder
560,3504,Jalen,Williams,Oklahoma City Thunder,13560,20,F,27,9,13,69.2,2,2,100.0,0,0,0,0,3,3,3,1,3,3,2,+12,Jalen Williams,26,23,23,6,13560,2024-03-22 23:00:00,Toronto Raptors,Oklahoma City Thunder
561,972,Shai,Gilgeous-Alexander,Oklahoma City Thunder,13560,23,PG,33,9,20,45.0,4,6,66.7,1,5,20.0,1,6,7,8,4,3,6,1,+7,Shai Gilgeous-Alexander,38,30,31,15,13560,2024-03-22 23:00:00,Toronto Raptors,Oklahoma City Thunder
562,2808,Josh,Giddey,Oklahoma City Thunder,13560,10,SG,22,4,6,66.7,1,1,100.0,1,2,50.0,0,2,2,5,3,0,2,1,+13,Josh Giddey,17,12,15,7,13560,2024-03-22 23:00:00,Toronto Raptors,Oklahoma City Thunder
563,2040,Luguentz,Dort,Oklahoma City Thunder,13560,10,G,23,4,9,44.4,1,1,100.0,1,5,20.0,0,3,3,2,3,0,1,0,+8,Luguentz Dort,15,13,12,5,13560,2024-03-22 23:00:00,Toronto Raptors,Oklahoma City Thunder
564,3404,Lindy,Waters III,Oklahoma City Thunder,13560,0,F,5,0,5,0,0,0,0,0,1,0,2,1,3,0,1,0,0,0,-3,Lindy Waters III,3,3,0,3,13560,2024-03-22 23:00:00,Toronto Raptors,Oklahoma City Thunder
565,227,Gordon,Hayward,Oklahoma City Thunder,13560,5,SF,24,1,4,25.0,2,2,100.0,1,3,33.3,0,6,6,1,4,0,2,0,+7,Gordon Hayward,12,11,6,7,13560,2024-03-22 23:00:00,Toronto Raptors,Oklahoma City Thunder
566,1044,Kenrich,Williams,Oklahoma City Thunder,13560,12,SF,23,5,7,71.4,0,0,0,2,3,66.7,3,2,5,2,0,4,0,0,+8,Kenrich Williams,19,17,14,7,13560,2024-03-22 23:00:00,Toronto Raptors,Oklahoma City Thunder
567,384,Mike,Muscala,Oklahoma City Thunder,13560,2,C,3,1,1,100.0,0,0,0,0,0,0,1,0,1,0,0,0,0,0,-1,Mike Muscala,3,3,2,1,13560,2024-03-22 23:00:00,Toronto Raptors,Oklahoma City Thunder
568,2604,Isaiah,Joe,Oklahoma City Thunder,13560,8,SG,17,2,5,40.0,3,3,100.0,1,4,25.0,0,1,1,2,3,0,0,0,+11,Isaiah Joe,11,9,10,3,13560,2024-03-22 23:00:00,Toronto Raptors,Oklahoma City Thunder
569,2863,Aaron,Wiggins,Oklahoma City Thunder,13560,3,SG,12,1,2,50.0,1,2,50.0,0,0,0,0,1,1,2,0,3,1,0,+10,Aaron Wiggins,6,4,5,3,13560,2024-03-22 23:00:00,Toronto Raptors,Oklahoma City Thunder
570,4009,Cason,Wallace,Oklahoma City Thunder,13560,12,G,24,4,10,40.0,1,2,50.0,3,5,60.0,3,1,4,1,0,2,0,0,+14,Cason Wallace,17,16,13,5,13560,2024-03-22 23:00:00,Toronto Raptors,Oklahoma City Thunder
571,3448,Chet,Holmgren,Oklahoma City Thunder,13548,35,PF,31,12,18,66.7,10,12,83.3,1,5,20.0,3,11,14,1,1,2,2,3,+27,Chet Holmgren,50,49,36,15,13548,2024-03-21 00:00:00,Oklahoma City Thunder,Utah Jazz
572,3504,Jalen,Williams,Oklahoma City Thunder,13548,18,F,32,8,14,57.1,2,3,66.7,0,2,0,0,2,2,4,1,1,3,0,+28,Jalen Williams,24,20,22,6,13548,2024-03-21 00:00:00,Oklahoma City Thunder,Utah Jazz
573,972,Shai,Gilgeous-Alexander,Oklahoma City Thunder,13548,31,PG,33,12,22,54.5,5,6,83.3,2,4,50.0,1,2,3,7,3,4,1,0,+5,Shai Gilgeous-Alexander,41,34,38,10,13548,2024-03-21 00:00:00,Oklahoma City Thunder,Utah Jazz
574,2808,Josh,Giddey,Oklahoma City Thunder,13548,5,SG,26,2,9,22.2,0,0,0,1,3,33.3,2,9,11,8,1,0,0,1,+28,Josh Giddey,24,16,13,19,13548,2024-03-21 00:00:00,Oklahoma City Thunder,Utah Jazz
575,2040,Luguentz,Dort,Oklahoma City Thunder,13548,9,G,26,2,5,40.0,4,4,100.0,1,4,25.0,1,2,3,1,4,0,2,0,+18,Luguentz Dort,13,12,10,4,13548,2024-03-21 00:00:00,Oklahoma City Thunder,Utah Jazz
576,3404,Lindy,Waters III,Oklahoma City Thunder,13548,0,F,2,0,1,0,0,0,0,0,1,0,0,0,0,1,1,0,0,1,-4,Lindy Waters III,1,0,1,1,13548,2024-03-21 00:00:00,Oklahoma City Thunder,Utah Jazz
577,3505,Jaylin,Williams,Oklahoma City Thunder,13548,3,F,15,1,4,25.0,0,0,0,1,4,25.0,0,2,2,0,0,1,0,1,-15,Jaylin Williams,5,5,3,2,13548,2024-03-21 00:00:00,Oklahoma City Thunder,Utah Jazz
578,3432,Ousmane,Dieng,Oklahoma City Thunder,13548,0,F,4,0,1,0,0,0,0,0,1,0,0,1,1,0,1,0,1,0,-7,Ousmane Dieng,1,1,0,1,13548,2024-03-21 00:00:00,Oklahoma City Thunder,Utah Jazz
579,227,Gordon,Hayward,Oklahoma City Thunder,13548,7,SF,17,2,3,66.7,1,2,50.0,2,3,66.7,1,1,2,3,0,0,0,0,-9,Gordon Hayward,12,9,10,5,13548,2024-03-21 00:00:00,Oklahoma City Thunder,Utah Jazz
580,2604,Isaiah,Joe,Oklahoma City Thunder,13548,0,SG,14,0,4,0,0,0,0,0,3,0,0,1,1,0,1,0,0,0,-9,Isaiah Joe,1,1,0,1,13548,2024-03-21 00:00:00,Oklahoma City Thunder,Utah Jazz
581,2863,Aaron,Wiggins,Oklahoma City Thunder,13548,6,SG,18,2,3,66.7,0,0,0,2,2,100.0,0,2,2,2,1,0,1,0,+4,Aaron Wiggins,10,8,8,4,13548,2024-03-21 00:00:00,Oklahoma City Thunder,Utah Jazz
582,4009,Cason,Wallace,Oklahoma City Thunder,13548,5,G,22,2,4,50.0,1,2,50.0,0,2,0,2,2,4,2,2,2,0,1,-6,Cason Wallace,11,9,7,6,13548,2024-03-21 00:00:00,Oklahoma City Thunder,Utah Jazz
583,761,John,Collins,Utah Jazz,13548,16,PF,23,5,12,41.7,4,4,100.0,2,3,66.7,3,3,6,0,4,1,1,0,-23,John Collins,22,22,16,6,13548,2024-03-21 00:00:00,Oklahoma City Thunder,Utah Jazz
584,4031,Taylor,Hendricks,Utah Jazz,13548,12,F,24,3,6,50.0,4,4,100.0,2,5,40.0,3,1,4,1,3,0,0,3,-22,Taylor Hendricks,17,16,13,5,13548,2024-03-21 00:00:00,Oklahoma City Thunder,Utah Jazz
585,4034,Brice,Sensabaugh,Utah Jazz,13548,4,F,20,2,9,22.2,0,0,0,0,3,0,1,5,6,1,1,1,4,0,0,Brice Sensabaugh,11,10,5,7,13548,2024-03-21 00:00:00,Oklahoma City Thunder,Utah Jazz
586,152,Kris,Dunn,Utah Jazz,13548,5,G,23,2,5,40.0,0,0,0,1,2,50.0,0,1,1,3,3,1,0,0,-15,Kris Dunn,9,6,8,4,13548,2024-03-21 00:00:00,Oklahoma City Thunder,Utah Jazz
587,4029,Keyonte,George,Utah Jazz,13548,9,G,28,3,14,21.4,3,3,100.0,0,7,0,0,7,7,2,1,0,2,0,-23,Keyonte George,18,16,11,9,13548,2024-03-21 00:00:00,Oklahoma City Thunder,Utah Jazz
588,1891,Luka,Samanic,Utah Jazz,13548,0,F,4,0,0,0,0,0,0,0,0,0,0,0,0,0,1,0,0,0,+7,Luka Samanic,0,0,0,0,13548,2024-03-21 00:00:00,Oklahoma City Thunder,Utah Jazz
589,2785,Omer,Yurtseven,Utah Jazz,13548,6,C,4,2,2,100.0,2,2,100.0,0,0,0,0,3,3,0,0,0,0,0,+7,Omer Yurtseven,9,9,6,3,13548,2024-03-21 00:00:00,Oklahoma City Thunder,Utah Jazz
590,3358,Micah,Potter,Utah Jazz,13548,3,C,15,1,2,50.0,0,0,0,1,2,50.0,0,3,3,1,2,0,2,1,-1,Micah Potter,7,6,4,4,13548,2024-03-21 00:00:00,Oklahoma City Thunder,Utah Jazz
591,3457,Walker,Kessler,Utah Jazz,13548,4,C,23,2,2,100.0,0,0,0,0,0,0,2,6,8,1,3,0,2,1,-5,Walker Kessler,13,12,5,9,13548,2024-03-21 00:00:00,Oklahoma City Thunder,Utah Jazz
592,1021,Collin,Sexton,Utah Jazz,13548,25,PG,30,12,19,63.2,1,2,50.0,0,2,0,1,4,5,7,0,2,2,0,-6,Collin Sexton,37,30,32,12,13548,2024-03-21 00:00:00,Oklahoma City Thunder,Utah Jazz
593,2611,Kira,Lewis Jr.,Utah Jazz,13548,6,PG,4,2,3,66.7,2,2,100.0,0,1,0,1,0,1,2,0,0,0,0,+7,Kira Lewis Jr.,9,7,8,3,13548,2024-03-21 00:00:00,Oklahoma City Thunder,Utah Jazz
594,1867,Talen,Horton-Tucker,Utah Jazz,13548,8,SG,16,3,10,30.0,1,1,100.0,1,5,20.0,0,2,2,2,2,0,1,0,+4,Talen Horton-Tucker,12,10,10,4,13548,2024-03-21 00:00:00,Oklahoma City Thunder,Utah Jazz
595,4032,Taevion,Kinsey,Utah Jazz,13548,0,G,0,0,0,0,0,0,0,0,0,0,0,0,0,0,0,0,0,0,0,Taevion Kinsey,0,0,0,0,13548,2024-03-21 00:00:00,Oklahoma City Thunder,Utah Jazz
596,2842,Jason,Preston,Utah Jazz,13548,0,G,4,0,0,0,0,0,0,0,0,0,0,0,0,0,0,1,0,0,+7,Jason Preston,0,0,0,0,13548,2024-03-21 00:00:00,Oklahoma City Thunder,Utah Jazz
597,3454,Johnny,Juzang,Utah Jazz,13548,9,G,20,3,6,50.0,0,0,0,3,6,50.0,0,1,1,0,2,0,1,0,+3,Johnny Juzang,10,10,9,1,13548,2024-03-21 00:00:00,Oklahoma City Thunder,Utah Jazz
598,204,Draymond,Green,Golden State Warriors,13549,10,PF,24,5,10,50.0,0,0,0,0,3,0,4,8,12,7,1,1,1,1,+25,Draymond Green,29,22,17,19,13549,2024-03-21 02:00:00,Golden State Warriors,Memphis Grizzlies
599,2827,Jonathan,Kuminga,Golden State Warriors,13549,26,PF,28,12,17,70.6,0,0,0,2,3,66.7,0,5,5,4,3,2,0,0,+21,Jonathan Kuminga,35,31,30,9,13549,2024-03-21 02:00:00,Golden State Warriors,Memphis Grizzlies
600,548,Andrew,Wiggins,Golden State Warriors,13549,22,SF,29,9,14,64.3,0,0,0,4,6,66.7,6,4,10,3,0,0,0,1,+22,Andrew Wiggins,35,32,25,13,13549,2024-03-21 02:00:00,Golden State Warriors,Memphis Grizzlies
601,124,Stephen,Curry,Golden State Warriors,13549,14,PG,24,5,9,55.6,0,0,0,4,7,57.1,1,1,2,3,1,0,2,1,+17,Stephen Curry,19,16,17,5,13549,2024-03-21 02:00:00,Golden State Warriors,Memphis Grizzlies
602,3975,Brandin,Podziemski,Golden State Warriors,13549,2,G,23,1,6,16.7,0,0,0,0,2,0,1,4,5,4,0,2,1,0,+1,Brandin Podziemski,11,7,6,9,13549,2024-03-21 02:00:00,Golden State Warriors,Memphis Grizzlies
603,468,Dario,Saric,Golden State Warriors,13549,0,PF,5,0,0,0,0,0,0,0,0,0,0,1,1,0,0,0,0,0,-4,Dario Saric,1,1,0,1,13549,2024-03-21 02:00:00,Golden State Warriors,Memphis Grizzlies
604,322,Kevon,Looney,Golden State Warriors,13549,2,F,6,1,2,50.0,0,0,0,0,0,0,0,1,1,1,3,0,1,0,-4,Kevon Looney,4,3,3,2,13549,2024-03-21 02:00:00,Golden State Warriors,Memphis Grizzlies
605,3973,Trayce,JacksonDavis,Golden State Warriors,13549,13,F,26,6,8,75.0,1,4,25.0,0,0,0,0,5,5,2,3,0,0,2,+5,Trayce JacksonDavis,20,18,15,7,13549,2024-03-21 02:00:00,Golden State Warriors,Memphis Grizzlies
606,3485,Gui,Santos,Golden State Warriors,13549,0,F,4,0,1,0,0,0,0,0,1,0,0,0,0,0,1,0,0,0,+1,Gui Santos,0,0,0,0,13549,2024-03-21 02:00:00,Golden State Warriors,Memphis Grizzlies
607,415,Chris,Paul,Golden State Warriors,13549,12,PG,24,5,8,62.5,0,0,0,2,3,66.7,0,4,4,14,2,0,0,0,+3,Chris Paul,30,16,26,18,13549,2024-03-21 02:00:00,Golden State Warriors,Memphis Grizzlies
608,514,Klay,Thompson,Golden State Warriors,13549,23,SG,25,9,18,50.0,0,0,0,5,11,45.5,0,0,0,2,0,1,0,0,+13,Klay Thompson,25,23,25,2,13549,2024-03-21 02:00:00,Golden State Warriors,Memphis Grizzlies
609,593,Gary,Payton II,Golden State Warriors,13549,4,SG,11,2,2,100.0,0,0,0,0,0,0,1,0,1,1,3,0,1,0,-3,Gary Payton II,6,5,5,2,13549,2024-03-21 02:00:00,Golden State Warriors,Memphis Grizzlies
610,2836,Moses,Moody,Golden State Warriors,13549,3,SG,4,1,2,50.0,0,0,0,1,1,100.0,0,0,0,0,0,0,0,0,+3,Moses Moody,3,3,3,0,13549,2024-03-21 02:00:00,Golden State Warriors,Memphis Grizzlies
611,3480,Lester,Quinones,Golden State Warriors,13549,4,G,4,1,2,50.0,1,2,50.0,1,2,50.0,0,2,2,1,0,0,0,0,+1,Lester Quinones,7,6,5,3,13549,2024-03-21 02:00:00,Golden State Warriors,Memphis Grizzlies
612,3492,Pat,Spencer,Golden State Warriors,13549,2,G,3,1,1,100.0,0,0,0,0,0,0,0,0,0,1,0,0,0,0,+4,Pat Spencer,3,2,3,1,13549,2024-03-21 02:00:00,Golden State Warriors,Memphis Grizzlies
613,982,Jaren,Jackson Jr.,Memphis Grizzlies,13549,28,PF,31,13,21,61.9,1,2,50.0,1,4,25.0,1,3,4,3,4,1,2,0,-27,Jaren Jackson Jr.,35,32,31,7,13549,2024-03-21 02:00:00,Golden State Warriors,Memphis Grizzlies
614,2786,Santi,Aldama,Memphis Grizzlies,13549,27,PF,34,9,18,50.0,3,4,75.0,6,12,50.0,3,6,9,4,0,2,2,1,-23,Santi Aldama,40,36,31,13,13549,2024-03-21 02:00:00,Golden State Warriors,Memphis Grizzlies
615,3994,GG,Jackson,Memphis Grizzlies,13549,35,F,35,11,19,57.9,6,7,85.7,7,14,50.0,1,4,5,3,2,0,1,0,-8,GG Jackson,43,40,38,8,13549,2024-03-21 02:00:00,Golden State Warriors,Memphis Grizzlies
616,2177,John,Konchar,Memphis Grizzlies,13549,0,SG,33,0,2,0,0,0,0,0,2,0,2,5,7,5,3,1,1,0,-20,John Konchar,12,7,5,12,13549,2024-03-21 02:00:00,Golden State Warriors,Memphis Grizzlies
617,2568,Desmond,Bane,Memphis Grizzlies,13549,6,SG,24,2,13,15.4,0,0,0,2,9,22.2,0,1,1,4,1,0,2,1,-18,Desmond Bane,11,7,10,5,13549,2024-03-21 02:00:00,Golden State Warriors,Memphis Grizzlies
618,970,Wenyen,Gabriel,Memphis Grizzlies,13549,0,F,0,0,0,0,0,0,0,0,0,0,0,0,0,0,0,0,0,0,0,Wenyen Gabriel,0,0,0,0,13549,2024-03-21 02:00:00,Golden State Warriors,Memphis Grizzlies
619,2884,DeJon,Jarreau,Memphis Grizzlies,13549,2,F,20,1,6,16.7,0,0,0,0,1,0,4,6,10,5,2,0,0,0,-11,DeJon Jarreau,17,12,7,15,13549,2024-03-21 02:00:00,Golden State Warriors,Memphis Grizzlies
620,3993,Matthew,Hurt,Memphis Grizzlies,13549,0,F,0,0,0,0,0,0,0,0,0,0,0,0,0,0,0,0,0,0,0,Matthew Hurt,0,0,0,0,13549,2024-03-21 02:00:00,Golden State Warriors,Memphis Grizzlies
621,3460,Jake,LaRavia,Memphis Grizzlies,13549,12,F,32,3,10,30.0,4,5,80.0,2,6,33.3,4,1,5,3,0,0,1,1,-6,Jake LaRavia,20,17,15,8,13549,2024-03-21 02:00:00,Golden State Warriors,Memphis Grizzlies
622,4086,M.,Pereira,Memphis Grizzlies,13549,2,F,6,1,2,50.0,0,0,0,0,1,0,0,0,0,0,1,0,0,0,+4,M. Pereira,2,2,2,0,13549,2024-03-21 02:00:00,Golden State Warriors,Memphis Grizzlies
623,4003,Trey,Jemison,Memphis Grizzlies,13549,4,C,25,2,5,40.0,0,0,0,0,0,0,1,3,4,2,2,0,1,0,+4,Trey Jemison,10,8,6,6,13549,2024-03-21 02:00:00,Golden State Warriors,Memphis Grizzlies
624,153,Kevin,Durant,Phoenix Suns,13550,22,PF,36,10,18,55.6,0,0,0,2,6,33.3,0,8,8,4,1,0,4,3,+1,Kevin Durant,34,30,26,12,13550,2024-03-21 02:00:00,Phoenix Suns,Philadelphia 76ers
625,398,Jusuf,Nurkic,Phoenix Suns,13550,10,C,31,5,10,50.0,0,0,0,0,0,0,5,10,15,3,4,0,4,2,+12,Jusuf Nurkic,28,25,13,18,13550,2024-03-21 02:00:00,Phoenix Suns,Philadelphia 76ers
626,45,Bradley,Beal,Phoenix Suns,13550,3,SG,37,1,6,16.7,0,0,0,1,4,25.0,1,5,6,7,2,1,5,2,+1,Bradley Beal,16,9,10,13,13550,2024-03-21 02:00:00,Phoenix Suns,Philadelphia 76ers
627,926,Grayson,Allen,Phoenix Suns,13550,32,SG,34,10,17,58.8,3,4,75.0,9,15,60.0,0,3,3,5,1,1,2,1,+20,Grayson Allen,40,35,37,8,13550,2024-03-21 02:00:00,Phoenix Suns,Philadelphia 76ers
628,64,Devin,Booker,Phoenix Suns,13550,18,SG,35,7,15,46.7,3,4,75.0,1,5,20.0,5,4,9,11,4,2,2,0,+9,Devin Booker,38,27,29,20,13550,2024-03-21 02:00:00,Phoenix Suns,Philadelphia 76ers
629,851,Royce,O'Neale,Phoenix Suns,13550,13,PF,10,5,7,71.4,0,0,0,3,4,75.0,2,2,4,0,2,0,1,0,+13,Royce O'Neale,17,17,13,4,13550,2024-03-21 02:00:00,Phoenix Suns,Philadelphia 76ers
630,966,Drew,Eubanks,Phoenix Suns,13550,4,PF,14,2,5,40.0,0,0,0,0,0,0,1,3,4,1,1,1,1,0,+3,Drew Eubanks,9,8,5,5,13550,2024-03-21 02:00:00,Phoenix Suns,Philadelphia 76ers
631,570,Thaddeus,Young,Phoenix Suns,13550,0,F,2,0,1,0,0,0,0,0,0,0,0,0,0,0,0,0,0,2,-1,Thaddeus Young,0,0,0,0,13550,2024-03-21 02:00:00,Phoenix Suns,Philadelphia 76ers
632,2859,Ish,Wainright,Phoenix Suns,13550,0,F,2,0,0,0,0,0,0,0,0,0,0,0,0,0,2,1,0,0,-1,Ish Wainright,0,0,0,0,13550,2024-03-21 02:00:00,Phoenix Suns,Philadelphia 76ers
633,3483,David,Roddy,Phoenix Suns,13550,0,F,2,0,1,0,0,0,0,0,0,0,0,0,0,0,0,1,0,0,-1,David Roddy,0,0,0,0,13550,2024-03-21 02:00:00,Phoenix Suns,Philadelphia 76ers
634,1875,Nassir,Little,Phoenix Suns,13550,3,SF,2,1,1,100.0,0,0,0,1,1,100.0,0,0,0,0,0,0,0,0,-1,Nassir Little,3,3,3,0,13550,2024-03-21 02:00:00,Phoenix Suns,Philadelphia 76ers
635,1849,Bol,Bol,Phoenix Suns,13550,10,C,14,4,6,66.7,0,0,0,2,4,50.0,0,3,3,0,1,0,2,1,+7,Bol Bol,13,13,10,3,13550,2024-03-21 02:00:00,Phoenix Suns,Philadelphia 76ers
636,196,Eric,Gordon,Phoenix Suns,13550,0,SG,19,0,2,0,0,0,0,0,0,0,0,3,3,2,0,0,2,1,+4,Eric Gordon,5,3,2,5,13550,2024-03-21 02:00:00,Phoenix Suns,Philadelphia 76ers
637,4087,I.,Thomas,Phoenix Suns,13550,0,G,2,0,1,0,0,0,0,0,0,0,0,0,0,1,0,0,0,0,-1,I. Thomas,1,0,1,1,13550,2024-03-21 02:00:00,Phoenix Suns,Philadelphia 76ers
638,40,Nicolas,Batum,Philadelphia 76ers,13550,8,PF,24,3,4,75.0,1,2,50.0,1,2,50.0,1,2,3,0,2,1,1,1,-14,Nicolas Batum,11,11,8,3,13550,2024-03-21 02:00:00,Phoenix Suns,Philadelphia 76ers
639,932,Mo,Bamba,Philadelphia 76ers,13550,9,C,19,4,6,66.7,0,2,0,1,3,33.3,1,4,5,0,2,2,1,1,-7,Mo Bamba,14,14,9,5,13550,2024-03-21 02:00:00,Phoenix Suns,Philadelphia 76ers
640,327,Kyle,Lowry,Philadelphia 76ers,13550,5,PG,25,2,6,33.3,0,2,0,1,4,25.0,0,3,3,7,1,0,1,0,-7,Kyle Lowry,15,8,12,10,13550,2024-03-21 02:00:00,Phoenix Suns,Philadelphia 76ers
641,2619,Tyrese,Maxey,Philadelphia 76ers,13550,6,PG,29,3,13,23.1,0,0,0,0,4,0,0,0,0,7,2,1,1,0,-13,Tyrese Maxey,13,6,13,7,13550,2024-03-21 02:00:00,Phoenix Suns,Philadelphia 76ers
642,407,Kelly,Oubre Jr.,Philadelphia 76ers,13550,18,SG,35,7,20,35.0,2,4,50.0,2,6,33.3,3,2,5,4,1,3,2,3,-6,Kelly Oubre Jr.,27,23,22,9,13550,2024-03-21 02:00:00,Phoenix Suns,Philadelphia 76ers
643,2617,Kenyon,Martin Jr.,Philadelphia 76ers,13550,11,F,26,4,9,44.4,2,4,50.0,1,2,50.0,3,10,13,2,1,0,0,0,+4,Kenyon Martin Jr.,26,24,13,15,13550,2024-03-21 02:00:00,Phoenix Suns,Philadelphia 76ers
644,2638,Paul,Reed,Philadelphia 76ers,13550,4,SF,28,2,9,22.2,0,2,0,0,2,0,3,3,6,3,2,3,3,2,-7,Paul Reed,13,10,7,9,13550,2024-03-21 02:00:00,Phoenix Suns,Philadelphia 76ers
645,417,Cameron,Payne,Philadelphia 76ers,13550,12,PG,15,5,10,50.0,0,0,0,2,4,50.0,0,1,1,3,1,1,0,0,-20,Cameron Payne,16,13,15,4,13550,2024-03-21 02:00:00,Phoenix Suns,Philadelphia 76ers
646,236,Buddy,Hield,Philadelphia 76ers,13550,7,SG,15,3,8,37.5,0,0,0,1,5,20.0,1,1,2,0,0,0,0,0,-17,Buddy Hield,9,9,7,2,13550,2024-03-21 02:00:00,Phoenix Suns,Philadelphia 76ers
647,2878,Jeff,Dowtin,Philadelphia 76ers,13550,12,G,12,4,5,80.0,2,2,100.0,2,3,66.7,1,1,2,5,0,1,0,0,+11,Jeff Dowtin,19,14,17,7,13550,2024-03-21 02:00:00,Phoenix Suns,Philadelphia 76ers
648,4049,Ricky IV,Council,Philadelphia 76ers,13550,10,G,12,4,5,80.0,0,0,0,2,2,100.0,0,0,0,2,0,0,0,0,+11,Ricky IV Council,12,10,12,2,13550,2024-03-21 02:00:00,Phoenix Suns,Philadelphia 76ers
649,4015,Toumani,Camara,Portland Trail Blazers,13551,3,F,18,1,1,100.0,0,0,0,1,1,100.0,0,2,2,2,2,1,0,0,-1,Toumani Camara,7,5,5,4,13551,2024-03-21 02:00:00,Portland Trail Blazers,LA Clippers
650,4017,Kris,Murray,Portland Trail Blazers,13551,17,F,33,7,11,63.6,0,0,0,3,6,50.0,1,4,5,2,1,1,2,0,-13,Kris Murray,24,22,19,7,13551,2024-03-21 02:00:00,Portland Trail Blazers,LA Clippers
651,930,Deandre,Ayton,Portland Trail Blazers,13551,8,C,26,4,10,40.0,0,1,0,0,0,0,1,6,7,1,0,0,4,1,-15,Deandre Ayton,16,15,9,8,13551,2024-03-21 02:00:00,Portland Trail Blazers,LA Clippers
652,1023,Anfernee,Simons,Portland Trail Blazers,13551,14,SG,28,6,11,54.5,0,0,0,2,5,40.0,0,4,4,1,2,0,3,1,-17,Anfernee Simons,19,18,15,5,13551,2024-03-21 02:00:00,Portland Trail Blazers,LA Clippers
653,3408,Scoot,Henderson,Portland Trail Blazers,13551,18,G,35,6,15,40.0,4,6,66.7,2,5,40.0,0,2,2,5,5,2,2,0,-7,Scoot Henderson,25,20,23,7,13551,2024-03-21 02:00:00,Portland Trail Blazers,LA Clippers
654,3714,Justin,Minaya,Portland Trail Blazers,13551,3,F,7,1,2,50.0,0,0,0,1,2,50.0,1,1,2,0,0,0,0,1,+9,Justin Minaya,5,5,3,2,13551,2024-03-21 02:00:00,Portland Trail Blazers,LA Clippers
655,3496,Jabari,Walker,Portland Trail Blazers,13551,12,F,23,4,6,66.7,2,2,100.0,2,2,100.0,2,1,3,0,5,2,3,0,-15,Jabari Walker,15,15,12,3,13551,2024-03-21 02:00:00,Portland Trail Blazers,LA Clippers
656,4018,Duop,Reath,Portland Trail Blazers,13551,8,C,16,3,8,37.5,0,0,0,2,4,50.0,0,2,2,1,0,0,1,1,-13,Duop Reath,11,10,9,3,13551,2024-03-21 02:00:00,Portland Trail Blazers,LA Clippers
657,2160,Moses,Brown,Portland Trail Blazers,13551,0,C,6,0,0,0,0,2,0,0,0,0,1,2,3,0,0,0,0,0,+9,Moses Brown,3,3,0,3,13551,2024-03-21 02:00:00,Portland Trail Blazers,LA Clippers
658,2788,Dalano,Banton,Portland Trail Blazers,13551,12,G,28,4,12,33.3,2,2,100.0,2,7,28.6,1,2,3,6,0,0,2,0,-6,Dalano Banton,21,15,18,9,13551,2024-03-21 02:00:00,Portland Trail Blazers,LA Clippers
659,4069,R.,Rupert,Portland Trail Blazers,13551,8,G,20,3,5,60.0,2,2,100.0,0,2,0,1,4,5,3,1,0,0,0,+4,R. Rupert,16,13,11,8,13551,2024-03-21 02:00:00,Portland Trail Blazers,LA Clippers
660,189,Paul,George,LA Clippers,13551,27,F,36,10,18,55.6,3,3,100.0,4,7,57.1,0,6,6,4,1,2,0,1,+23,Paul George,37,33,31,10,13551,2024-03-21 02:00:00,Portland Trail Blazers,LA Clippers
661,314,Kawhi,Leonard,LA Clippers,13551,24,SF,28,9,16,56.3,5,6,83.3,1,3,33.3,1,3,4,2,0,4,2,0,+11,Kawhi Leonard,30,28,26,6,13551,2024-03-21 02:00:00,Portland Trail Blazers,LA Clippers
662,575,Ivica,Zubac,LA Clippers,13551,14,C,24,7,9,77.8,0,0,0,0,0,0,4,5,9,2,2,4,1,2,+12,Ivica Zubac,25,23,16,11,13551,2024-03-21 02:00:00,Portland Trail Blazers,LA Clippers
663,216,James,Harden,LA Clippers,13551,19,SG,36,6,11,54.5,2,2,100.0,5,9,55.6,0,4,4,14,1,0,3,1,+22,James Harden,37,23,33,18,13551,2024-03-21 02:00:00,Portland Trail Blazers,LA Clippers
664,2115,Amir,Coffey,LA Clippers,13551,11,SG,31,5,10,50.0,0,0,0,1,4,25.0,0,1,1,2,0,1,1,0,+9,Amir Coffey,14,12,13,3,13551,2024-03-21 02:00:00,Portland Trail Blazers,LA Clippers
665,520,P.J.,Tucker,LA Clippers,13551,0,PF,26,0,0,0,0,0,0,0,0,0,0,7,7,1,2,2,0,0,+1,P.J. Tucker,8,7,1,8,13551,2024-03-21 02:00:00,Portland Trail Blazers,LA Clippers
666,886,Daniel,Theis,LA Clippers,13551,10,C,20,3,4,75.0,2,2,100.0,2,2,100.0,1,4,5,2,2,0,1,1,+8,Daniel Theis,17,15,12,7,13551,2024-03-21 02:00:00,Portland Trail Blazers,LA Clippers
667,426,Mason,Plumlee,LA Clippers,13551,0,C,4,0,2,0,0,0,0,0,0,0,2,1,3,0,1,0,0,0,-7,Mason Plumlee,3,3,0,3,13551,2024-03-21 02:00:00,Portland Trail Blazers,LA Clippers
668,2816,Bones,Hyland,LA Clippers,13551,0,PG,7,0,4,0,0,0,0,0,3,0,0,1,1,2,2,0,1,0,-3,Bones Hyland,3,1,2,3,13551,2024-03-21 02:00:00,Portland Trail Blazers,LA Clippers
669,2792,Brandon,Boston Jr.,LA Clippers,13551,9,SG,23,4,9,44.4,1,2,50.0,0,2,0,0,2,2,0,2,1,1,2,-2,Brandon Boston Jr.,11,11,9,2,13551,2024-03-21 02:00:00,Portland Trail Blazers,LA Clippers
670,3396,Xavier,Moon,LA Clippers,13551,2,G,6,1,3,33.3,0,0,0,0,1,0,0,0,0,0,0,1,1,0,-9,Xavier Moon,2,2,2,0,13551,2024-03-21 02:00:00,Portland Trail Blazers,LA Clippers
671,3414,Paolo,Banchero,Orlando Magic,13552,20,PF,33,9,18,50.0,0,2,0,2,5,40.0,1,9,10,11,2,1,4,0,+11,Paolo Banchero,41,30,31,21,13552,2024-03-21 23:00:00,Orlando Magic,New Orleans Pelicans
672,2858,Franz,Wagner,Orlando Magic,13552,18,SF,28,7,13,53.8,2,2,100.0,2,5,40.0,0,3,3,3,2,1,0,0,+5,Franz Wagner,24,21,21,6,13552,2024-03-21 23:00:00,Orlando Magic,New Orleans Pelicans
673,950,Wendell,Carter Jr.,Orlando Magic,13552,8,C,23,4,7,57.1,0,3,0,0,2,0,2,4,6,4,0,3,1,1,-2,Wendell Carter Jr.,18,14,12,10,13552,2024-03-21 23:00:00,Orlando Magic,New Orleans Pelicans
674,220,Gary,Harris,Orlando Magic,13552,5,SG,12,2,3,66.7,0,0,0,1,2,50.0,1,0,1,0,1,0,1,0,-14,Gary Harris,6,6,5,1,13552,2024-03-21 23:00:00,Orlando Magic,New Orleans Pelicans
675,2852,Jalen,Suggs,Orlando Magic,13552,22,SG,28,7,14,50.0,5,6,83.3,3,8,37.5,0,1,1,2,3,1,1,0,+4,Jalen Suggs,25,23,24,3,13552,2024-03-21 23:00:00,Orlando Magic,New Orleans Pelicans
676,801,Jonathan,Isaac,Orlando Magic,13552,9,PF,16,4,6,66.7,0,0,0,1,3,33.3,3,2,5,2,1,2,1,1,+14,Jonathan Isaac,16,14,11,7,13552,2024-03-21 23:00:00,Orlando Magic,New Orleans Pelicans
677,1883,Chuma,Okeke,Orlando Magic,13552,0,PF,5,0,0,0,0,0,0,0,0,0,0,1,1,0,0,0,0,0,-4,Chuma Okeke,1,1,0,1,13552,2024-03-21 23:00:00,Orlando Magic,New Orleans Pelicans
678,1892,Admiral,Schofield,Orlando Magic,13552,0,SF,5,0,1,0,0,0,0,0,1,0,0,1,1,0,0,0,0,0,-4,Admiral Schofield,1,1,0,1,13552,2024-03-21 23:00:00,Orlando Magic,New Orleans Pelicans
679,1037,Moritz,Wagner,Orlando Magic,13552,14,C,14,5,5,100.0,2,2,100.0,2,2,100.0,0,1,1,0,0,0,0,0,+15,Moritz Wagner,15,15,14,1,13552,2024-03-21 23:00:00,Orlando Magic,New Orleans Pelicans
680,1848,Goga,Bitadze,Orlando Magic,13552,4,C,5,1,1,100.0,2,2,100.0,0,0,0,0,0,0,1,0,0,1,0,-4,Goga Bitadze,5,4,5,1,13552,2024-03-21 23:00:00,Orlando Magic,New Orleans Pelicans
681,779,Markelle,Fultz,Orlando Magic,13552,6,PG,20,3,4,75.0,0,0,0,0,0,0,1,0,1,6,3,1,0,0,+21,Markelle Fultz,13,7,12,7,13552,2024-03-21 23:00:00,Orlando Magic,New Orleans Pelicans
682,2563,Cole,Anthony,Orlando Magic,13552,10,PG,18,3,8,37.5,2,2,100.0,2,4,50.0,1,4,5,1,1,0,2,1,+23,Cole Anthony,16,15,11,6,13552,2024-03-21 23:00:00,Orlando Magic,New Orleans Pelicans
683,258,Joe,Ingles,Orlando Magic,13552,0,SG,16,0,1,0,0,0,0,0,1,0,0,3,3,2,2,3,1,0,+17,Joe Ingles,5,3,2,5,13552,2024-03-21 23:00:00,Orlando Magic,New Orleans Pelicans
684,3449,Caleb,Houstan,Orlando Magic,13552,3,G,13,1,3,33.3,0,0,0,1,3,33.3,1,0,1,0,1,0,1,0,-1,Caleb Houstan,4,4,3,1,13552,2024-03-21 23:00:00,Orlando Magic,New Orleans Pelicans
685,4010,Anthony,Black,Orlando Magic,13552,2,G,5,1,2,50.0,0,0,0,0,0,0,0,1,1,1,0,0,1,1,-6,Anthony Black,4,3,3,2,13552,2024-03-21 23:00:00,Orlando Magic,New Orleans Pelicans
686,1902,Zion,Williamson,New Orleans Pelicans,13552,20,PF,29,8,15,53.3,4,6,66.7,0,0,0,0,7,7,2,5,2,8,1,0,Zion Williamson,29,27,22,9,13552,2024-03-21 23:00:00,Orlando Magic,New Orleans Pelicans
687,260,Brandon,Ingram,New Orleans Pelicans,13552,14,SF,21,7,12,58.3,0,0,0,0,1,0,0,4,4,3,2,1,2,0,-8,Brandon Ingram,21,18,17,7,13552,2024-03-21 23:00:00,Orlando Magic,New Orleans Pelicans
688,2822,Herbert,Jones,New Orleans Pelicans,13552,13,SF,32,5,6,83.3,3,4,75.0,0,1,0,2,4,6,5,1,1,2,0,+2,Herbert Jones,24,19,18,11,13552,2024-03-21 23:00:00,Orlando Magic,New Orleans Pelicans
689,525,Jonas,Valanciunas,New Orleans Pelicans,13552,6,C,18,3,4,75.0,0,0,0,0,1,0,0,5,5,1,3,1,1,0,+4,Jonas Valanciunas,12,11,7,6,13552,2024-03-21 23:00:00,Orlando Magic,New Orleans Pelicans
690,347,CJ,McCollum,New Orleans Pelicans,13552,18,SG,34,6,12,50.0,3,4,75.0,3,6,50.0,0,3,3,3,3,0,2,0,-10,CJ McCollum,24,21,21,6,13552,2024-03-21 23:00:00,Orlando Magic,New Orleans Pelicans
691,385,Larry,Nance Jr.,New Orleans Pelicans,13552,0,PF,18,0,1,0,0,0,0,0,0,0,0,2,2,3,0,2,1,0,-24,Larry Nance Jr.,5,2,3,5,13552,2024-03-21 23:00:00,Orlando Magic,New Orleans Pelicans
692,3195,Matt,Ryan,New Orleans Pelicans,13552,2,F,6,1,3,33.3,0,0,0,0,2,0,0,0,0,0,1,0,0,0,+4,Matt Ryan,2,2,2,0,13552,2024-03-21 23:00:00,Orlando Magic,New Orleans Pelicans
693,2846,Jeremiah,Robinson-Earl,New Orleans Pelicans,13552,6,F,12,3,5,60.0,0,0,0,0,1,0,0,1,1,1,1,0,0,0,+5,Jeremiah Robinson-Earl,8,7,7,2,13552,2024-03-21 23:00:00,Orlando Magic,New Orleans Pelicans
694,2668,Naji,Marshall,New Orleans Pelicans,13552,4,SF,18,2,6,33.3,0,0,0,0,2,0,0,0,0,2,0,1,1,0,-19,Naji Marshall,6,4,6,2,13552,2024-03-21 23:00:00,Orlando Magic,New Orleans Pelicans
695,2941,Jose,Alvarado,New Orleans Pelicans,13552,0,PG,18,0,3,0,0,0,0,0,1,0,0,1,1,3,2,1,0,0,-12,Jose Alvarado,4,1,3,4,13552,2024-03-21 23:00:00,Orlando Magic,New Orleans Pelicans
696,2837,Trey,Murphy III,New Orleans Pelicans,13552,21,SG,29,6,10,60.0,6,7,85.7,3,5,60.0,1,2,3,0,0,1,1,0,-21,Trey Murphy III,24,24,21,3,13552,2024-03-21 23:00:00,Orlando Magic,New Orleans Pelicans
697,4002,Jordan,Hawkins,New Orleans Pelicans,13552,2,G,6,1,1,100.0,0,0,0,0,0,0,0,1,1,1,0,1,0,0,+4,Jordan Hawkins,4,3,3,2,13552,2024-03-21 23:00:00,Orlando Magic,New Orleans Pelicans
698,246,Richaun,Holmes,Washington Wizards,13553,6,F,29,2,9,22.2,2,2,100.0,0,0,0,6,10,16,2,5,0,1,1,+15,Richaun Holmes,24,22,8,18,13553,2024-03-21 23:00:00,Washington Wizards,Sacramento Kings
699,820,Kyle,Kuzma,Washington Wizards,13553,31,SF,37,13,22,59.1,2,2,100.0,3,6,50.0,0,6,6,5,2,1,5,1,+10,Kyle Kuzma,42,37,36,11,13553,2024-03-21 23:00:00,Washington Wizards,Sacramento Kings
700,2825,Corey,Kispert,Washington Wizards,13553,15,SF,37,6,9,66.7,2,6,33.3,1,4,25.0,0,3,3,2,1,1,1,0,+14,Corey Kispert,20,18,17,5,13553,2024-03-21 23:00:00,Washington Wizards,Sacramento Kings
701,2564,Deni,Avdija,Washington Wizards,13553,17,SF,32,7,14,50.0,1,3,33.3,2,3,66.7,0,9,9,5,3,0,3,0,-3,Deni Avdija,31,26,22,14,13553,2024-03-21 23:00:00,Washington Wizards,Sacramento Kings
702,1887,Jordan,Poole,Washington Wizards,13553,14,SG,36,5,11,45.5,3,3,100.0,1,4,25.0,1,1,2,2,2,3,3,0,+7,Jordan Poole,18,16,16,4,13553,2024-03-21 23:00:00,Washington Wizards,Sacramento Kings
703,2590,Anthony,Gill,Washington Wizards,13553,8,PF,18,2,4,50.0,4,4,100.0,0,1,0,1,1,2,1,2,1,1,0,-10,Anthony Gill,11,10,9,3,13553,2024-03-21 23:00:00,Washington Wizards,Sacramento Kings
704,3413,Patrick,Baldwin Jr.,Washington Wizards,13553,6,F,9,2,3,66.7,1,1,100.0,1,2,50.0,0,2,2,0,1,1,1,1,-1,Patrick Baldwin Jr.,8,8,6,2,13553,2024-03-21 23:00:00,Washington Wizards,Sacramento Kings
705,2798,Justin,Champagnie,Washington Wizards,13553,0,SF,9,0,2,0,0,0,0,0,2,0,1,0,1,1,0,0,0,0,+1,Justin Champagnie,2,1,1,2,13553,2024-03-21 23:00:00,Washington Wizards,Sacramento Kings
706,2796,Jared,Butler,Washington Wizards,13553,8,SG,19,3,5,60.0,0,0,0,2,3,66.7,0,1,1,1,1,2,4,0,+1,Jared Butler,10,9,9,2,13553,2024-03-21 23:00:00,Washington Wizards,Sacramento Kings
707,3428,Johnny,Davis,Washington Wizards,13553,4,G,13,1,2,50.0,2,2,100.0,0,0,0,1,2,3,1,2,0,0,0,+1,Johnny Davis,8,7,5,4,13553,2024-03-21 23:00:00,Washington Wizards,Sacramento Kings
708,463,Domantas,Sabonis,Sacramento Kings,13553,14,PF,39,6,9,66.7,2,2,100.0,0,0,0,2,12,14,6,3,0,6,0,-4,Domantas Sabonis,34,28,20,20,13553,2024-03-21 23:00:00,Washington Wizards,Sacramento Kings
709,36,Harrison,Barnes,Sacramento Kings,13553,12,SF,28,3,7,42.9,6,8,75.0,0,2,0,0,2,2,1,2,1,1,1,-6,Harrison Barnes,15,14,13,3,13553,2024-03-21 23:00:00,Washington Wizards,Sacramento Kings
710,3475,Keegan,Murray,Sacramento Kings,13553,16,SF,30,7,11,63.6,0,0,0,2,4,50.0,1,1,2,1,3,0,1,2,-21,Keegan Murray,19,18,17,3,13553,2024-03-21 23:00:00,Washington Wizards,Sacramento Kings
711,776,De'Aaron,Fox,Sacramento Kings,13553,25,PG,37,10,30,33.3,0,0,0,5,15,33.3,3,2,5,5,4,6,3,1,-7,De'Aaron Fox,35,30,30,10,13553,2024-03-21 23:00:00,Washington Wizards,Sacramento Kings
712,3436,Keon,Ellis,Sacramento Kings,13553,2,G,21,1,3,33.3,0,0,0,0,2,0,0,1,1,0,4,1,0,0,-1,Keon Ellis,3,3,2,1,13553,2024-03-21 23:00:00,Washington Wizards,Sacramento Kings
713,2805,Kessler,Edwards,Sacramento Kings,13553,3,SF,9,1,2,50.0,0,0,0,1,1,100.0,1,2,3,1,1,1,0,0,+12,Kessler Edwards,7,6,4,4,13553,2024-03-21 23:00:00,Washington Wizards,Sacramento Kings
714,313,Alex,Len,Sacramento Kings,13553,2,C,9,0,0,0,2,2,100.0,0,0,0,1,3,4,0,0,0,0,0,-1,Alex Len,6,6,2,4,13553,2024-03-21 23:00:00,Washington Wizards,Sacramento Kings
715,2834,Davion,Mitchell,Sacramento Kings,13553,5,PG,19,2,3,66.7,0,0,0,1,1,100.0,1,1,2,1,0,1,1,0,+4,Davion Mitchell,8,7,6,3,13553,2024-03-21 23:00:00,Washington Wizards,Sacramento Kings
716,842,Malik,Monk,Sacramento Kings,13553,20,SG,29,6,13,46.2,7,7,100.0,1,7,14.3,0,1,1,4,3,1,2,1,-9,Malik Monk,25,21,24,5,13553,2024-03-21 23:00:00,Washington Wizards,Sacramento Kings
717,2803,Chris,Duarte,Sacramento Kings,13553,3,SG,19,1,8,12.5,0,0,0,1,7,14.3,1,2,3,2,0,1,1,2,-2,Chris Duarte,8,6,5,5,13553,2024-03-21 23:00:00,Washington Wizards,Sacramento Kings
