,player_id,firstname,lastname,team,game_id,points,position,minutes,fgm,fga,fgp,ftm,fta,ftp,tpm,tpa,tpp,offReb,defReb,totReb,assists,pFouls,steals,turnovers,blocks,plusMinus,First Last Name,Points_Rebounds_Assist,Points_Rebounds,Points_Assist,Rebounds_Assist,id,date,home_team,away_team
0,3489,Jabari,Smith Jr.,Houston Rockets,13554,5,PF,22,2,10,20.0,1,1,100.0,0,4,0,1,6,7,0,5,0,3,0,-1,Jabari Smith Jr.,12,12,5,7,13554,2024-03-22 00:00:00,Houston Rockets,Chicago Bulls
1,3977,Amen,Thompson,Houston Rockets,13554,15,F,26,5,9,55.6,5,6,83.3,0,1,0,1,7,8,3,3,1,1,0,0,Amen Thompson,26,23,18,11,13554,2024-03-22 00:00:00,Houston Rockets,Chicago Bulls
2,749,Dillon,Brooks,Houston Rockets,13554,23,SF,25,10,13,76.9,0,0,0,3,6,50.0,0,2,2,1,0,2,0,0,+9,Dillon Brooks,26,25,24,3,13554,2024-03-22 00:00:00,Houston Rockets,Chicago Bulls
3,527,Fred,VanVleet,Houston Rockets,13554,9,PG,39,3,11,27.3,0,0,0,3,9,33.3,0,3,3,12,4,1,3,2,-11,Fred VanVleet,24,12,21,15,13554,2024-03-22 00:00:00,Houston Rockets,Chicago Bulls
4,2810,Jalen,Green,Houston Rockets,13554,26,SG,40,10,22,45.5,2,4,50.0,4,12,33.3,0,4,4,3,0,1,2,1,+13,Jalen Green,33,30,29,7,13554,2024-03-22 00:00:00,Houston Rockets,Chicago Bulls
5,207,Jeff,Green,Houston Rockets,13554,14,PF,27,5,8,62.5,1,2,50.0,3,6,50.0,2,5,7,0,3,0,0,1,+21,Jeff Green,21,21,14,7,13554,2024-03-22 00:00:00,Houston Rockets,Chicago Bulls
6,82,Reggie,Bullock,Houston Rockets,13554,3,SF,11,1,2,50.0,0,0,0,1,1,100.0,1,2,3,0,1,1,0,0,+4,Reggie Bullock,6,6,3,3,13554,2024-03-22 00:00:00,Houston Rockets,Chicago Bulls
7,2650,Jae'Sean,Tate,Houston Rockets,13554,0,SF,3,0,2,0,0,0,0,0,2,0,0,0,0,2,1,0,1,0,+5,Jae'Sean Tate,2,0,2,2,13554,2024-03-22 00:00:00,Houston Rockets,Chicago Bulls
8,1485,Jock,Landale,Houston Rockets,13554,17,C,27,6,10,60.0,5,5,100.0,0,0,0,7,5,12,5,2,0,3,2,-1,Jock Landale,34,29,22,17,13554,2024-03-22 00:00:00,Houston Rockets,Chicago Bulls
9,979,Aaron,Holiday,Houston Rockets,13554,15,G,18,5,6,83.3,2,2,100.0,3,4,75.0,1,2,3,1,2,1,1,0,+11,Aaron Holiday,19,18,16,4,13554,2024-03-22 00:00:00,Houston Rockets,Chicago Bulls
10,136,DeMar,DeRozan,Chicago Bulls,13554,16,SF,24,4,15,26.7,8,9,88.9,0,1,0,0,2,2,2,1,2,0,0,-14,DeMar DeRozan,20,18,18,4,13554,2024-03-22 00:00:00,Houston Rockets,Chicago Bulls
11,765,Torrey,Craig,Chicago Bulls,13554,10,SF,25,4,9,44.4,0,0,0,2,4,50.0,1,3,4,1,3,0,2,1,-12,Torrey Craig,15,14,11,5,13554,2024-03-22 00:00:00,Houston Rockets,Chicago Bulls
12,534,Nikola,Vucevic,Chicago Bulls,13554,16,C,39,7,16,43.8,1,2,50.0,1,5,20.0,4,10,14,6,2,0,1,1,-6,Nikola Vucevic,36,30,22,20,13554,2024-03-22 00:00:00,Houston Rockets,Chicago Bulls
13,631,Alex,Caruso,Chicago Bulls,13554,12,SG,35,3,11,27.3,4,4,100.0,2,8,25.0,1,1,2,4,5,2,2,0,-15,Alex Caruso,18,14,16,6,13554,2024-03-22 00:00:00,Houston Rockets,Chicago Bulls
14,2802,Ayo,Dosunmu,Chicago Bulls,13554,35,SG,39,13,18,72.2,4,4,100.0,5,6,83.3,0,2,2,2,2,3,2,0,+2,Ayo Dosunmu,39,37,37,4,13554,2024-03-22 00:00:00,Houston Rockets,Chicago Bulls
15,3494,Dalen,Terry,Chicago Bulls,13554,6,F,17,3,5,60.0,0,0,0,0,1,0,3,4,7,5,0,0,0,0,+9,Dalen Terry,18,13,11,12,13554,2024-03-22 00:00:00,Houston Rockets,Chicago Bulls
16,3951,Onuralp,Bitim,Chicago Bulls,13554,0,SF,8,0,1,0,0,0,0,0,1,0,0,0,0,0,1,0,0,0,-15,Onuralp Bitim,0,0,0,0,13554,2024-03-22 00:00:00,Houston Rockets,Chicago Bulls
17,147,Andre,Drummond,Chicago Bulls,13554,9,C,24,3,5,60.0,3,4,75.0,0,0,0,3,5,8,0,1,1,2,1,-3,Andre Drummond,17,17,9,8,13554,2024-03-22 00:00:00,Houston Rockets,Chicago Bulls
18,1900,Coby,White,Chicago Bulls,13554,13,PG,29,5,13,38.5,1,2,50.0,2,5,40.0,0,4,4,3,2,0,2,0,+4,Coby White,20,17,16,7,13554,2024-03-22 00:00:00,Houston Rockets,Chicago Bulls
19,121,Jae,Crowder,Milwaukee Bucks,13555,6,PF,30,3,6,50.0,0,0,0,0,3,0,2,1,3,2,1,0,1,0,0,Jae Crowder,11,9,8,5,13555,2024-03-22 00:00:00,Milwaukee Bucks,Brooklyn Nets
20,20,Giannis,Antetokounmpo,Milwaukee Bucks,13555,21,PF,35,9,19,47.4,2,4,50.0,1,2,50.0,3,6,9,5,3,0,2,2,+5,Giannis Antetokounmpo,35,30,26,14,13555,2024-03-22 00:00:00,Milwaukee Bucks,Brooklyn Nets
21,323,Brook,Lopez,Milwaukee Bucks,13555,17,C,28,7,9,77.8,0,0,0,3,5,60.0,1,4,5,0,2,0,1,0,-14,Brook Lopez,22,22,17,5,13555,2024-03-22 00:00:00,Milwaukee Bucks,Brooklyn Nets
22,319,Damian,Lillard,Milwaukee Bucks,13555,30,PG,37,11,22,50.0,3,3,100.0,5,11,45.5,0,3,3,12,3,2,4,0,-7,Damian Lillard,45,33,42,15,13555,2024-03-22 00:00:00,Milwaukee Bucks,Brooklyn Nets
23,46,Malik,Beasley,Milwaukee Bucks,13555,16,SG,31,5,10,50.0,4,4,100.0,2,7,28.6,1,5,6,0,2,0,0,0,+6,Malik Beasley,22,22,16,6,13555,2024-03-22 00:00:00,Milwaukee Bucks,Brooklyn Nets
24,431,Bobby,Portis,Milwaukee Bucks,13555,6,F,30,2,10,20.0,2,2,100.0,0,2,0,2,7,9,2,3,2,0,1,+15,Bobby Portis,17,15,8,11,13555,2024-03-22 00:00:00,Milwaukee Bucks,Brooklyn Nets
25,53,Patrick,Beverley,Milwaukee Bucks,13555,2,PG,19,0,4,0,2,2,100.0,0,3,0,1,2,3,2,1,0,1,1,+9,Patrick Beverley,7,5,4,5,13555,2024-03-22 00:00:00,Milwaukee Bucks,Brooklyn Nets
26,115,Pat,Connaughton,Milwaukee Bucks,13555,2,SG,15,1,4,25.0,0,0,0,0,1,0,0,0,0,4,1,1,0,0,+17,Pat Connaughton,6,2,6,4,13555,2024-03-22 00:00:00,Milwaukee Bucks,Brooklyn Nets
27,3443,A.J.,Green,Milwaukee Bucks,13555,15,G,14,5,7,71.4,0,0,0,5,7,71.4,1,1,2,0,1,0,1,0,+4,A.J. Green,17,17,15,2,13555,2024-03-22 00:00:00,Milwaukee Bucks,Brooklyn Nets
28,1871,Cameron,Johnson,Brooklyn Nets,13555,17,SF,35,6,13,46.2,1,1,100.0,4,9,44.4,2,6,8,4,0,0,1,0,+2,Cameron Johnson,29,25,21,12,13555,2024-03-22 00:00:00,Milwaukee Bucks,Brooklyn Nets
29,940,Mikal,Bridges,Brooklyn Nets,13555,24,SF,33,9,19,47.4,0,0,0,6,14,42.9,2,4,6,2,2,1,2,0,-7,Mikal Bridges,32,30,26,8,13555,2024-03-22 00:00:00,Milwaukee Bucks,Brooklyn Nets
30,1854,Nic,Claxton,Brooklyn Nets,13555,22,C,34,9,12,75.0,4,6,66.7,0,0,0,4,5,9,1,3,2,1,0,-17,Nic Claxton,32,31,23,10,13555,2024-03-22 00:00:00,Milwaukee Bucks,Brooklyn Nets
31,472,Dennis,Schroder,Brooklyn Nets,13555,5,PG,34,2,9,22.2,0,0,0,1,5,20.0,0,2,2,9,4,1,2,0,-17,Dennis Schroder,16,7,14,11,13555,2024-03-22 00:00:00,Milwaukee Bucks,Brooklyn Nets
32,2855,Cam,Thomas,Brooklyn Nets,13555,21,SG,39,8,17,47.1,5,6,83.3,0,5,0,0,6,6,4,0,0,3,0,-6,Cam Thomas,31,27,25,10,13555,2024-03-22 00:00:00,Milwaukee Bucks,Brooklyn Nets
33,2861,Trendon,Watford,Brooklyn Nets,13555,3,PF,8,1,5,20.0,1,1,100.0,0,0,0,3,0,3,0,0,0,0,0,+5,Trendon Watford,6,6,3,3,13555,2024-03-22 00:00:00,Milwaukee Bucks,Brooklyn Nets
34,3946,Jalen,Wilson,Brooklyn Nets,13555,4,F,11,1,3,33.3,2,2,100.0,0,1,0,2,3,5,2,0,0,2,0,+11,Jalen Wilson,11,9,6,7,13555,2024-03-22 00:00:00,Milwaukee Bucks,Brooklyn Nets
35,3944,Noah,Clowney,Brooklyn Nets,13555,5,F,14,2,5,40.0,0,0,0,1,4,25.0,1,3,4,1,0,0,0,0,+10,Noah Clowney,10,9,6,5,13555,2024-03-22 00:00:00,Milwaukee Bucks,Brooklyn Nets
36,876,Dennis,Smith Jr.,Brooklyn Nets,13555,5,PG,19,2,2,100.0,0,0,0,1,1,100.0,0,3,3,6,2,3,3,0,-7,Dennis Smith Jr.,14,8,11,9,13555,2024-03-22 00:00:00,Milwaukee Bucks,Brooklyn Nets
37,1038,Lonnie,Walker IV,Brooklyn Nets,13555,2,G,12,1,7,14.3,0,0,0,0,5,0,1,2,3,0,1,0,0,1,-9,Lonnie Walker IV,5,5,2,3,13555,2024-03-22 00:00:00,Milwaukee Bucks,Brooklyn Nets
38,1897,P.J.,Washington,Dallas Mavericks,13556,6,PF,33,3,9,33.3,0,0,0,0,4,0,1,4,5,1,5,2,1,2,+9,P.J. Washington,12,11,7,6,13556,2024-03-22 00:30:00,Dallas Mavericks,Utah Jazz
39,283,Derrick,Jones Jr.,Dallas Mavericks,13556,12,SF,24,4,4,100.0,4,6,66.7,0,0,0,0,4,4,2,1,0,0,1,+21,Derrick Jones Jr.,18,16,14,6,13556,2024-03-22 00:30:00,Dallas Mavericks,Utah Jazz
40,1859,Daniel,Gafford,Dallas Mavericks,13556,24,C,27,10,11,90.9,4,6,66.7,0,0,0,3,4,7,5,2,1,1,0,+25,Daniel Gafford,36,31,29,12,13556,2024-03-22 00:30:00,Dallas Mavericks,Utah Jazz
41,261,Kyrie,Irving,Dallas Mavericks,13556,16,PG,35,7,19,36.8,0,0,0,2,8,25.0,1,4,5,7,1,2,1,0,+37,Kyrie Irving,28,21,23,12,13556,2024-03-22 00:30:00,Dallas Mavericks,Utah Jazz
42,963,Luka,Doncic,Dallas Mavericks,13556,34,PG,35,11,23,47.8,8,12,66.7,4,10,40.0,1,8,9,8,2,4,4,0,-3,Luka Doncic,51,43,42,17,13556,2024-03-22 00:30:00,Dallas Mavericks,Utah Jazz
43,817,Maxi,Kleber,Dallas Mavericks,13556,7,PF,18,2,3,66.7,1,2,50.0,2,3,66.7,1,1,2,2,3,3,1,0,+15,Maxi Kleber,11,9,9,4,13556,2024-03-22 00:30:00,Dallas Mavericks,Utah Jazz
44,3960,OlivierMaxence,Prosper,Dallas Mavericks,13556,0,F,1,0,0,0,0,0,0,0,0,0,0,0,0,0,0,0,0,0,0,OlivierMaxence Prosper,0,0,0,0,13556,2024-03-22 00:30:00,Dallas Mavericks,Utah Jazz
45,215,Tim,Hardaway Jr.,Dallas Mavericks,13556,0,SF,17,0,4,0,0,0,0,0,3,0,0,1,1,0,0,0,1,0,-5,Tim Hardaway Jr.,1,1,0,1,13556,2024-03-22 00:30:00,Dallas Mavericks,Utah Jazz
46,433,Dwight,Powell,Dallas Mavericks,13556,0,C,1,0,0,0,0,0,0,0,0,0,0,1,1,0,0,0,0,0,0,Dwight Powell,1,1,0,1,13556,2024-03-22 00:30:00,Dallas Mavericks,Utah Jazz
47,4044,Dereck II,Lively,Dallas Mavericks,13556,6,C,15,3,5,60.0,0,2,0,0,0,0,3,2,5,1,0,0,1,0,-17,Dereck II Lively,12,11,7,6,13556,2024-03-22 00:30:00,Dallas Mavericks,Utah Jazz
48,164,Dante,Exum,Dallas Mavericks,13556,0,G,15,0,1,0,0,0,0,0,0,0,0,2,2,2,2,0,2,0,-8,Dante Exum,4,2,2,4,13556,2024-03-22 00:30:00,Dallas Mavericks,Utah Jazz
49,2890,A.J.,Lawson,Dallas Mavericks,13556,2,G,1,1,2,50.0,0,0,0,0,0,0,0,0,0,0,0,0,0,0,0,A.J. Lawson,2,2,2,0,13556,2024-03-22 00:30:00,Dallas Mavericks,Utah Jazz
50,3407,Jaden,Hardy,Dallas Mavericks,13556,6,G,17,2,5,40.0,0,0,0,2,4,50.0,1,1,2,5,4,0,1,0,+6,Jaden Hardy,13,8,11,7,13556,2024-03-22 00:30:00,Dallas Mavericks,Utah Jazz
51,830,Lauri,Markkanen,Utah Jazz,13556,21,PF,36,6,20,30.0,8,8,100.0,1,9,11.1,0,3,3,2,1,2,0,0,-19,Lauri Markkanen,26,24,23,5,13556,2024-03-22 00:30:00,Dallas Mavericks,Utah Jazz
52,4031,Taylor,Hendricks,Utah Jazz,13556,5,F,28,2,4,50.0,0,0,0,1,3,33.3,0,2,2,0,5,1,1,0,-7,Taylor Hendricks,7,7,5,2,13556,2024-03-22 00:30:00,Dallas Mavericks,Utah Jazz
53,3457,Walker,Kessler,Utah Jazz,13556,14,C,27,7,7,100.0,0,0,0,0,0,0,1,8,9,2,3,0,2,0,-7,Walker Kessler,25,23,16,11,13556,2024-03-22 00:30:00,Dallas Mavericks,Utah Jazz
54,152,Kris,Dunn,Utah Jazz,13556,4,G,20,2,3,66.7,0,0,0,0,1,0,0,4,4,5,5,1,4,1,+10,Kris Dunn,13,8,9,9,13556,2024-03-22 00:30:00,Dallas Mavericks,Utah Jazz
55,4029,Keyonte,George,Utah Jazz,13556,18,G,33,6,16,37.5,5,5,100.0,1,6,16.7,0,2,2,5,0,1,6,0,-9,Keyonte George,25,20,23,7,13556,2024-03-22 00:30:00,Dallas Mavericks,Utah Jazz
56,4034,Brice,Sensabaugh,Utah Jazz,13556,3,F,20,1,7,14.3,1,2,50.0,0,4,0,1,7,8,5,1,1,2,2,-5,Brice Sensabaugh,16,11,8,13,13556,2024-03-22 00:30:00,Dallas Mavericks,Utah Jazz
57,2785,Omer,Yurtseven,Utah Jazz,13556,10,C,21,4,7,57.1,1,2,50.0,1,2,50.0,2,3,5,2,2,0,0,0,-9,Omer Yurtseven,17,15,12,7,13556,2024-03-22 00:30:00,Dallas Mavericks,Utah Jazz
58,3358,Micah,Potter,Utah Jazz,13556,2,C,7,1,2,50.0,0,0,0,0,1,0,0,1,1,0,0,0,0,0,-6,Micah Potter,3,3,2,1,13556,2024-03-22 00:30:00,Dallas Mavericks,Utah Jazz
59,1021,Collin,Sexton,Utah Jazz,13556,20,PG,34,9,14,64.3,2,2,100.0,0,3,0,1,3,4,5,2,0,3,0,-21,Collin Sexton,29,24,25,9,13556,2024-03-22 00:30:00,Dallas Mavericks,Utah Jazz
60,2611,Kira,Lewis Jr.,Utah Jazz,13556,0,PG,7,0,2,0,0,0,0,0,0,0,0,0,0,3,1,0,0,0,0,Kira Lewis Jr.,3,0,3,3,13556,2024-03-22 00:30:00,Dallas Mavericks,Utah Jazz
61,4032,Taevion,Kinsey,Utah Jazz,13556,0,G,0,0,0,0,0,0,0,0,0,0,0,0,0,0,0,0,0,0,0,Taevion Kinsey,0,0,0,0,13556,2024-03-22 00:30:00,Dallas Mavericks,Utah Jazz
62,3454,Johnny,Juzang,Utah Jazz,13556,0,G,8,0,1,0,0,0,0,0,1,0,0,0,0,0,3,0,0,0,-7,Johnny Juzang,0,0,0,0,13556,2024-03-22 00:30:00,Dallas Mavericks,Utah Jazz
63,195,Aaron,Gordon,Denver Nuggets,13557,10,PF,35,5,9,55.6,0,1,0,0,0,0,3,1,4,8,1,1,0,0,+22,Aaron Gordon,22,14,18,12,13557,2024-03-22 01:00:00,Denver Nuggets,New York Knicks
64,1014,Michael,Porter Jr.,Denver Nuggets,13557,31,SF,37,13,16,81.3,2,2,100.0,3,6,50.0,1,7,8,0,1,0,1,0,+25,Michael Porter Jr.,39,39,31,8,13557,2024-03-22 01:00:00,Denver Nuggets,New York Knicks
65,279,Nikola,Jokic,Denver Nuggets,13557,30,C,39,12,23,52.2,6,7,85.7,0,1,0,2,12,14,11,1,1,1,0,+30,Nikola Jokic,55,44,41,25,13557,2024-03-22 01:00:00,Denver Nuggets,New York Knicks
66,383,Jamal,Murray,Denver Nuggets,13557,23,PG,34,9,20,45.0,4,4,100.0,1,2,50.0,2,4,6,4,1,2,4,0,+9,Jamal Murray,33,29,27,10,13557,2024-03-22 01:00:00,Denver Nuggets,New York Knicks
67,89,Kentavious,Caldwell-Pope,Denver Nuggets,13557,6,SG,37,2,5,40.0,0,0,0,2,5,40.0,0,4,4,3,4,1,1,3,+24,Kentavious Caldwell-Pope,13,10,9,7,13557,2024-03-22 01:00:00,Denver Nuggets,New York Knicks
68,3498,Peyton,Watson,Denver Nuggets,13557,4,F,13,1,3,33.3,2,2,100.0,0,2,0,1,0,1,0,1,0,1,0,-13,Peyton Watson,5,5,4,1,13557,2024-03-22 01:00:00,Denver Nuggets,New York Knicks
69,243,Justin,Holiday,Denver Nuggets,13557,0,SF,10,0,2,0,0,0,0,0,2,0,0,1,1,0,2,0,0,0,-10,Justin Holiday,1,1,0,1,13557,2024-03-22 01:00:00,Denver Nuggets,New York Knicks
70,286,DeAndre,Jordan,Denver Nuggets,13557,2,C,9,1,1,100.0,0,0,0,0,0,0,0,1,1,0,1,0,0,0,-15,DeAndre Jordan,3,3,2,1,13557,2024-03-22 01:00:00,Denver Nuggets,New York Knicks
71,264,Reggie,Jackson,Denver Nuggets,13557,4,PG,13,1,3,33.3,2,2,100.0,0,1,0,0,0,0,4,1,0,1,1,+7,Reggie Jackson,8,4,8,4,13557,2024-03-22 01:00:00,Denver Nuggets,New York Knicks
72,3420,Christian,Braun,Denver Nuggets,13557,3,G,13,1,2,50.0,1,2,50.0,0,1,0,0,3,3,1,1,0,0,0,-14,Christian Braun,7,6,4,4,13557,2024-03-22 01:00:00,Denver Nuggets,New York Knicks
73,978,Isaiah,Hartenstein,New York Knicks,13557,20,C,26,8,10,80.0,4,5,80.0,0,0,0,3,5,8,3,6,1,3,2,-15,Isaiah Hartenstein,31,28,23,11,13557,2024-03-22 01:00:00,Denver Nuggets,New York Knicks
74,946,Jalen,Brunson,New York Knicks,13557,26,PG,34,11,23,47.8,2,3,66.7,2,7,28.6,0,2,2,9,1,0,0,0,-20,Jalen Brunson,37,28,35,11,13557,2024-03-22 01:00:00,Denver Nuggets,New York Knicks
75,2832,Miles,McBride,New York Knicks,13557,11,PG,44,4,9,44.4,2,2,100.0,1,5,20.0,0,3,3,3,2,1,0,1,-11,Miles McBride,17,14,14,6,13557,2024-03-22 01:00:00,Denver Nuggets,New York Knicks
76,791,Josh,Hart,New York Knicks,13557,2,SG,36,1,5,20.0,0,0,0,0,2,0,1,2,3,1,4,0,1,0,-21,Josh Hart,6,5,3,4,13557,2024-03-22 01:00:00,Denver Nuggets,New York Knicks
77,962,Donte,DiVincenzo,New York Knicks,13557,11,SG,31,4,11,36.4,0,0,0,3,8,37.5,0,2,2,4,2,2,0,1,-17,Donte DiVincenzo,17,13,15,6,13557,2024-03-22 01:00:00,Denver Nuggets,New York Knicks
78,2561,Precious,Achiuwa,New York Knicks,13557,9,PF,25,4,5,80.0,0,0,0,1,1,100.0,0,5,5,3,2,0,0,2,-2,Precious Achiuwa,17,14,12,8,13557,2024-03-22 01:00:00,Denver Nuggets,New York Knicks
79,60,Bojan,Bogdanovic,New York Knicks,13557,3,SF,14,1,5,20.0,0,0,0,1,2,50.0,0,1,1,2,0,0,2,0,+7,Bojan Bogdanovic,6,4,5,3,13557,2024-03-22 01:00:00,Denver Nuggets,New York Knicks
80,2849,Jericho,Sims,New York Knicks,13557,0,C,8,0,0,0,0,0,0,0,0,0,0,2,2,2,0,0,0,0,+10,Jericho Sims,4,2,2,4,13557,2024-03-22 01:00:00,Denver Nuggets,New York Knicks
81,84,Alec,Burks,New York Knicks,13557,18,SG,21,5,11,45.5,5,7,71.4,3,6,50.0,0,5,5,1,1,2,3,0,+4,Alec Burks,24,23,19,6,13557,2024-03-22 01:00:00,Denver Nuggets,New York Knicks
82,153,Kevin,Durant,Phoenix Suns,13558,19,PF,37,5,15,33.3,7,7,100.0,2,8,25.0,1,3,4,2,1,0,5,3,0,Kevin Durant,25,23,21,6,13558,2024-03-22 02:30:00,Phoenix Suns,Atlanta Hawks
83,398,Jusuf,Nurkic,Phoenix Suns,13558,7,C,32,1,5,20.0,5,8,62.5,0,0,0,3,7,10,2,3,1,2,0,-5,Jusuf Nurkic,19,17,9,12,13558,2024-03-22 02:30:00,Phoenix Suns,Atlanta Hawks
84,45,Bradley,Beal,Phoenix Suns,13558,12,SG,37,4,7,57.1,2,2,100.0,2,4,50.0,1,3,4,9,3,0,5,1,+17,Bradley Beal,25,16,21,13,13558,2024-03-22 02:30:00,Phoenix Suns,Atlanta Hawks
85,926,Grayson,Allen,Phoenix Suns,13558,13,SG,36,4,8,50.0,2,2,100.0,3,7,42.9,0,3,3,4,2,1,0,2,-6,Grayson Allen,20,16,17,7,13558,2024-03-22 02:30:00,Phoenix Suns,Atlanta Hawks
86,64,Devin,Booker,Phoenix Suns,13558,30,SG,32,10,15,66.7,4,4,100.0,6,8,75.0,1,3,4,2,5,0,2,0,-10,Devin Booker,36,34,32,6,13558,2024-03-22 02:30:00,Phoenix Suns,Atlanta Hawks
87,851,Royce,O'Neale,Phoenix Suns,13558,14,PF,15,5,7,71.4,0,0,0,4,6,66.7,0,5,5,2,1,0,1,1,+13,Royce O'Neale,21,19,16,7,13558,2024-03-22 02:30:00,Phoenix Suns,Atlanta Hawks
88,966,Drew,Eubanks,Phoenix Suns,13558,7,PF,16,3,4,75.0,1,1,100.0,0,0,0,1,3,4,0,2,0,1,3,+18,Drew Eubanks,11,11,7,4,13558,2024-03-22 02:30:00,Phoenix Suns,Atlanta Hawks
89,1849,Bol,Bol,Phoenix Suns,13558,5,C,11,1,2,50.0,2,2,100.0,1,2,50.0,0,3,3,2,1,0,1,1,+21,Bol Bol,10,8,7,5,13558,2024-03-22 02:30:00,Phoenix Suns,Atlanta Hawks
90,196,Eric,Gordon,Phoenix Suns,13558,21,SG,24,8,11,72.7,1,1,100.0,4,6,66.7,0,1,1,5,1,2,0,0,+17,Eric Gordon,27,22,26,6,13558,2024-03-22 02:30:00,Phoenix Suns,Atlanta Hawks
91,1868,De'Andre,Hunter,Atlanta Hawks,13558,22,SF,34,5,13,38.5,9,10,90.0,3,7,42.9,0,4,4,1,2,2,1,0,+3,De'Andre Hunter,27,26,23,5,13558,2024-03-22 02:30:00,Phoenix Suns,Atlanta Hawks
92,92,Clint,Capela,Atlanta Hawks,13558,13,C,25,5,10,50.0,3,5,60.0,0,0,0,5,5,10,2,2,0,0,2,+12,Clint Capela,25,23,15,12,13558,2024-03-22 02:30:00,Phoenix Suns,Atlanta Hawks
93,743,Bogdan,Bogdanovic,Atlanta Hawks,13558,16,SG,36,6,13,46.2,0,1,0,4,7,57.1,1,1,2,3,3,1,0,0,-17,Bogdan Bogdanovic,21,18,19,5,13558,2024-03-22 02:30:00,Phoenix Suns,Atlanta Hawks
94,382,Dejounte,Murray,Atlanta Hawks,13558,29,SG,40,11,26,42.3,4,5,80.0,3,10,30.0,2,7,9,10,2,4,5,0,-5,Dejounte Murray,48,38,39,19,13558,2024-03-22 02:30:00,Phoenix Suns,Atlanta Hawks
95,2608,Vit,Krejci,Atlanta Hawks,13558,9,G,38,4,9,44.4,0,0,0,1,5,20.0,0,1,1,4,3,1,1,0,+8,Vit Krejci,14,10,13,5,13558,2024-03-22 02:30:00,Phoenix Suns,Atlanta Hawks
96,1858,Bruno,Fernando,Atlanta Hawks,13558,4,PF,4,1,2,50.0,2,2,100.0,0,0,0,2,1,3,0,0,0,0,0,-6,Bruno Fernando,7,7,4,3,13558,2024-03-22 02:30:00,Phoenix Suns,Atlanta Hawks
97,2629,Onyeka,Okongwu,Atlanta Hawks,13558,8,PF,19,4,7,57.1,0,0,0,0,1,0,1,2,3,1,4,1,0,1,-19,Onyeka Okongwu,12,11,9,4,13558,2024-03-22 02:30:00,Phoenix Suns,Atlanta Hawks
98,341,Wesley,Matthews,Atlanta Hawks,13558,3,SG,14,1,4,25.0,0,0,0,1,2,50.0,0,1,1,0,3,0,0,0,-16,Wesley Matthews,4,4,3,1,13558,2024-03-22 02:30:00,Phoenix Suns,Atlanta Hawks
99,2327,Garrison,Mathews,Atlanta Hawks,13558,9,SG,21,2,5,40.0,5,6,83.3,0,2,0,0,2,2,2,3,1,0,0,-16,Garrison Mathews,13,11,11,4,13558,2024-03-22 02:30:00,Phoenix Suns,Atlanta Hawks
100,2589,Trent,Forrest,Atlanta Hawks,13558,2,G,10,1,2,50.0,0,0,0,0,1,0,1,0,1,4,1,1,1,0,-9,Trent Forrest,7,3,6,5,13558,2024-03-22 02:30:00,Phoenix Suns,Atlanta Hawks
101,3448,Chet,Holmgren,Oklahoma City Thunder,13548,35,PF,31,12,18,66.7,10,12,83.3,1,5,20.0,3,11,14,1,1,2,2,3,+27,Chet Holmgren,50,49,36,15,13548,2024-03-21 00:00:00,Oklahoma City Thunder,Utah Jazz
102,3504,Jalen,Williams,Oklahoma City Thunder,13548,18,F,32,8,14,57.1,2,3,66.7,0,2,0,0,2,2,4,1,1,3,0,+28,Jalen Williams,24,20,22,6,13548,2024-03-21 00:00:00,Oklahoma City Thunder,Utah Jazz
103,972,Shai,Gilgeous-Alexander,Oklahoma City Thunder,13548,31,PG,33,12,22,54.5,5,6,83.3,2,4,50.0,1,2,3,7,3,4,1,0,+5,Shai Gilgeous-Alexander,41,34,38,10,13548,2024-03-21 00:00:00,Oklahoma City Thunder,Utah Jazz
104,2808,Josh,Giddey,Oklahoma City Thunder,13548,5,SG,26,2,9,22.2,0,0,0,1,3,33.3,2,9,11,8,1,0,0,1,+28,Josh Giddey,24,16,13,19,13548,2024-03-21 00:00:00,Oklahoma City Thunder,Utah Jazz
105,2040,Luguentz,Dort,Oklahoma City Thunder,13548,9,G,26,2,5,40.0,4,4,100.0,1,4,25.0,1,2,3,1,4,0,2,0,+18,Luguentz Dort,13,12,10,4,13548,2024-03-21 00:00:00,Oklahoma City Thunder,Utah Jazz
106,3404,Lindy,Waters III,Oklahoma City Thunder,13548,0,F,2,0,1,0,0,0,0,0,1,0,0,0,0,1,1,0,0,1,-4,Lindy Waters III,1,0,1,1,13548,2024-03-21 00:00:00,Oklahoma City Thunder,Utah Jazz
107,3505,Jaylin,Williams,Oklahoma City Thunder,13548,3,F,15,1,4,25.0,0,0,0,1,4,25.0,0,2,2,0,0,1,0,1,-15,Jaylin Williams,5,5,3,2,13548,2024-03-21 00:00:00,Oklahoma City Thunder,Utah Jazz
108,3432,Ousmane,Dieng,Oklahoma City Thunder,13548,0,F,4,0,1,0,0,0,0,0,1,0,0,1,1,0,1,0,1,0,-7,Ousmane Dieng,1,1,0,1,13548,2024-03-21 00:00:00,Oklahoma City Thunder,Utah Jazz
109,227,Gordon,Hayward,Oklahoma City Thunder,13548,7,SF,17,2,3,66.7,1,2,50.0,2,3,66.7,1,1,2,3,0,0,0,0,-9,Gordon Hayward,12,9,10,5,13548,2024-03-21 00:00:00,Oklahoma City Thunder,Utah Jazz
110,2604,Isaiah,Joe,Oklahoma City Thunder,13548,0,SG,14,0,4,0,0,0,0,0,3,0,0,1,1,0,1,0,0,0,-9,Isaiah Joe,1,1,0,1,13548,2024-03-21 00:00:00,Oklahoma City Thunder,Utah Jazz
111,2863,Aaron,Wiggins,Oklahoma City Thunder,13548,6,SG,18,2,3,66.7,0,0,0,2,2,100.0,0,2,2,2,1,0,1,0,+4,Aaron Wiggins,10,8,8,4,13548,2024-03-21 00:00:00,Oklahoma City Thunder,Utah Jazz
112,4009,Cason,Wallace,Oklahoma City Thunder,13548,5,G,22,2,4,50.0,1,2,50.0,0,2,0,2,2,4,2,2,2,0,1,-6,Cason Wallace,11,9,7,6,13548,2024-03-21 00:00:00,Oklahoma City Thunder,Utah Jazz
113,761,John,Collins,Utah Jazz,13548,16,PF,23,5,12,41.7,4,4,100.0,2,3,66.7,3,3,6,0,4,1,1,0,-23,John Collins,22,22,16,6,13548,2024-03-21 00:00:00,Oklahoma City Thunder,Utah Jazz
114,4031,Taylor,Hendricks,Utah Jazz,13548,12,F,24,3,6,50.0,4,4,100.0,2,5,40.0,3,1,4,1,3,0,0,3,-22,Taylor Hendricks,17,16,13,5,13548,2024-03-21 00:00:00,Oklahoma City Thunder,Utah Jazz
115,4034,Brice,Sensabaugh,Utah Jazz,13548,4,F,20,2,9,22.2,0,0,0,0,3,0,1,5,6,1,1,1,4,0,0,Brice Sensabaugh,11,10,5,7,13548,2024-03-21 00:00:00,Oklahoma City Thunder,Utah Jazz
116,152,Kris,Dunn,Utah Jazz,13548,5,G,23,2,5,40.0,0,0,0,1,2,50.0,0,1,1,3,3,1,0,0,-15,Kris Dunn,9,6,8,4,13548,2024-03-21 00:00:00,Oklahoma City Thunder,Utah Jazz
117,4029,Keyonte,George,Utah Jazz,13548,9,G,28,3,14,21.4,3,3,100.0,0,7,0,0,7,7,2,1,0,2,0,-23,Keyonte George,18,16,11,9,13548,2024-03-21 00:00:00,Oklahoma City Thunder,Utah Jazz
118,1891,Luka,Samanic,Utah Jazz,13548,0,F,4,0,0,0,0,0,0,0,0,0,0,0,0,0,1,0,0,0,+7,Luka Samanic,0,0,0,0,13548,2024-03-21 00:00:00,Oklahoma City Thunder,Utah Jazz
119,2785,Omer,Yurtseven,Utah Jazz,13548,6,C,4,2,2,100.0,2,2,100.0,0,0,0,0,3,3,0,0,0,0,0,+7,Omer Yurtseven,9,9,6,3,13548,2024-03-21 00:00:00,Oklahoma City Thunder,Utah Jazz
120,3358,Micah,Potter,Utah Jazz,13548,3,C,15,1,2,50.0,0,0,0,1,2,50.0,0,3,3,1,2,0,2,1,-1,Micah Potter,7,6,4,4,13548,2024-03-21 00:00:00,Oklahoma City Thunder,Utah Jazz
121,3457,Walker,Kessler,Utah Jazz,13548,4,C,23,2,2,100.0,0,0,0,0,0,0,2,6,8,1,3,0,2,1,-5,Walker Kessler,13,12,5,9,13548,2024-03-21 00:00:00,Oklahoma City Thunder,Utah Jazz
122,1021,Collin,Sexton,Utah Jazz,13548,25,PG,30,12,19,63.2,1,2,50.0,0,2,0,1,4,5,7,0,2,2,0,-6,Collin Sexton,37,30,32,12,13548,2024-03-21 00:00:00,Oklahoma City Thunder,Utah Jazz
123,2611,Kira,Lewis Jr.,Utah Jazz,13548,6,PG,4,2,3,66.7,2,2,100.0,0,1,0,1,0,1,2,0,0,0,0,+7,Kira Lewis Jr.,9,7,8,3,13548,2024-03-21 00:00:00,Oklahoma City Thunder,Utah Jazz
124,1867,Talen,Horton-Tucker,Utah Jazz,13548,8,SG,16,3,10,30.0,1,1,100.0,1,5,20.0,0,2,2,2,2,0,1,0,+4,Talen Horton-Tucker,12,10,10,4,13548,2024-03-21 00:00:00,Oklahoma City Thunder,Utah Jazz
125,4032,Taevion,Kinsey,Utah Jazz,13548,0,G,0,0,0,0,0,0,0,0,0,0,0,0,0,0,0,0,0,0,0,Taevion Kinsey,0,0,0,0,13548,2024-03-21 00:00:00,Oklahoma City Thunder,Utah Jazz
126,2842,Jason,Preston,Utah Jazz,13548,0,G,4,0,0,0,0,0,0,0,0,0,0,0,0,0,0,1,0,0,+7,Jason Preston,0,0,0,0,13548,2024-03-21 00:00:00,Oklahoma City Thunder,Utah Jazz
127,3454,Johnny,Juzang,Utah Jazz,13548,9,G,20,3,6,50.0,0,0,0,3,6,50.0,0,1,1,0,2,0,1,0,+3,Johnny Juzang,10,10,9,1,13548,2024-03-21 00:00:00,Oklahoma City Thunder,Utah Jazz
128,204,Draymond,Green,Golden State Warriors,13549,10,PF,24,5,10,50.0,0,0,0,0,3,0,4,8,12,7,1,1,1,1,+25,Draymond Green,29,22,17,19,13549,2024-03-21 02:00:00,Golden State Warriors,Memphis Grizzlies
129,2827,Jonathan,Kuminga,Golden State Warriors,13549,26,PF,28,12,17,70.6,0,0,0,2,3,66.7,0,5,5,4,3,2,0,0,+21,Jonathan Kuminga,35,31,30,9,13549,2024-03-21 02:00:00,Golden State Warriors,Memphis Grizzlies
130,548,Andrew,Wiggins,Golden State Warriors,13549,22,SF,29,9,14,64.3,0,0,0,4,6,66.7,6,4,10,3,0,0,0,1,+22,Andrew Wiggins,35,32,25,13,13549,2024-03-21 02:00:00,Golden State Warriors,Memphis Grizzlies
131,124,Stephen,Curry,Golden State Warriors,13549,14,PG,24,5,9,55.6,0,0,0,4,7,57.1,1,1,2,3,1,0,2,1,+17,Stephen Curry,19,16,17,5,13549,2024-03-21 02:00:00,Golden State Warriors,Memphis Grizzlies
132,3975,Brandin,Podziemski,Golden State Warriors,13549,2,G,23,1,6,16.7,0,0,0,0,2,0,1,4,5,4,0,2,1,0,+1,Brandin Podziemski,11,7,6,9,13549,2024-03-21 02:00:00,Golden State Warriors,Memphis Grizzlies
133,468,Dario,Saric,Golden State Warriors,13549,0,PF,5,0,0,0,0,0,0,0,0,0,0,1,1,0,0,0,0,0,-4,Dario Saric,1,1,0,1,13549,2024-03-21 02:00:00,Golden State Warriors,Memphis Grizzlies
134,322,Kevon,Looney,Golden State Warriors,13549,2,F,6,1,2,50.0,0,0,0,0,0,0,0,1,1,1,3,0,1,0,-4,Kevon Looney,4,3,3,2,13549,2024-03-21 02:00:00,Golden State Warriors,Memphis Grizzlies
135,3973,Trayce,JacksonDavis,Golden State Warriors,13549,13,F,26,6,8,75.0,1,4,25.0,0,0,0,0,5,5,2,3,0,0,2,+5,Trayce JacksonDavis,20,18,15,7,13549,2024-03-21 02:00:00,Golden State Warriors,Memphis Grizzlies
136,3485,Gui,Santos,Golden State Warriors,13549,0,F,4,0,1,0,0,0,0,0,1,0,0,0,0,0,1,0,0,0,+1,Gui Santos,0,0,0,0,13549,2024-03-21 02:00:00,Golden State Warriors,Memphis Grizzlies
137,415,Chris,Paul,Golden State Warriors,13549,12,PG,24,5,8,62.5,0,0,0,2,3,66.7,0,4,4,14,2,0,0,0,+3,Chris Paul,30,16,26,18,13549,2024-03-21 02:00:00,Golden State Warriors,Memphis Grizzlies
138,514,Klay,Thompson,Golden State Warriors,13549,23,SG,25,9,18,50.0,0,0,0,5,11,45.5,0,0,0,2,0,1,0,0,+13,Klay Thompson,25,23,25,2,13549,2024-03-21 02:00:00,Golden State Warriors,Memphis Grizzlies
139,593,Gary,Payton II,Golden State Warriors,13549,4,SG,11,2,2,100.0,0,0,0,0,0,0,1,0,1,1,3,0,1,0,-3,Gary Payton II,6,5,5,2,13549,2024-03-21 02:00:00,Golden State Warriors,Memphis Grizzlies
140,2836,Moses,Moody,Golden State Warriors,13549,3,SG,4,1,2,50.0,0,0,0,1,1,100.0,0,0,0,0,0,0,0,0,+3,Moses Moody,3,3,3,0,13549,2024-03-21 02:00:00,Golden State Warriors,Memphis Grizzlies
141,3480,Lester,Quinones,Golden State Warriors,13549,4,G,4,1,2,50.0,1,2,50.0,1,2,50.0,0,2,2,1,0,0,0,0,+1,Lester Quinones,7,6,5,3,13549,2024-03-21 02:00:00,Golden State Warriors,Memphis Grizzlies
142,3492,Pat,Spencer,Golden State Warriors,13549,2,G,3,1,1,100.0,0,0,0,0,0,0,0,0,0,1,0,0,0,0,+4,Pat Spencer,3,2,3,1,13549,2024-03-21 02:00:00,Golden State Warriors,Memphis Grizzlies
143,982,Jaren,Jackson Jr.,Memphis Grizzlies,13549,28,PF,31,13,21,61.9,1,2,50.0,1,4,25.0,1,3,4,3,4,1,2,0,-27,Jaren Jackson Jr.,35,32,31,7,13549,2024-03-21 02:00:00,Golden State Warriors,Memphis Grizzlies
144,2786,Santi,Aldama,Memphis Grizzlies,13549,27,PF,34,9,18,50.0,3,4,75.0,6,12,50.0,3,6,9,4,0,2,2,1,-23,Santi Aldama,40,36,31,13,13549,2024-03-21 02:00:00,Golden State Warriors,Memphis Grizzlies
145,3994,GG,Jackson,Memphis Grizzlies,13549,35,F,35,11,19,57.9,6,7,85.7,7,14,50.0,1,4,5,3,2,0,1,0,-8,GG Jackson,43,40,38,8,13549,2024-03-21 02:00:00,Golden State Warriors,Memphis Grizzlies
146,2177,John,Konchar,Memphis Grizzlies,13549,0,SG,33,0,2,0,0,0,0,0,2,0,2,5,7,5,3,1,1,0,-20,John Konchar,12,7,5,12,13549,2024-03-21 02:00:00,Golden State Warriors,Memphis Grizzlies
147,2568,Desmond,Bane,Memphis Grizzlies,13549,6,SG,24,2,13,15.4,0,0,0,2,9,22.2,0,1,1,4,1,0,2,1,-18,Desmond Bane,11,7,10,5,13549,2024-03-21 02:00:00,Golden State Warriors,Memphis Grizzlies
148,970,Wenyen,Gabriel,Memphis Grizzlies,13549,0,F,0,0,0,0,0,0,0,0,0,0,0,0,0,0,0,0,0,0,0,Wenyen Gabriel,0,0,0,0,13549,2024-03-21 02:00:00,Golden State Warriors,Memphis Grizzlies
149,2884,DeJon,Jarreau,Memphis Grizzlies,13549,2,F,20,1,6,16.7,0,0,0,0,1,0,4,6,10,5,2,0,0,0,-11,DeJon Jarreau,17,12,7,15,13549,2024-03-21 02:00:00,Golden State Warriors,Memphis Grizzlies
150,3993,Matthew,Hurt,Memphis Grizzlies,13549,0,F,0,0,0,0,0,0,0,0,0,0,0,0,0,0,0,0,0,0,0,Matthew Hurt,0,0,0,0,13549,2024-03-21 02:00:00,Golden State Warriors,Memphis Grizzlies
151,3460,Jake,LaRavia,Memphis Grizzlies,13549,12,F,32,3,10,30.0,4,5,80.0,2,6,33.3,4,1,5,3,0,0,1,1,-6,Jake LaRavia,20,17,15,8,13549,2024-03-21 02:00:00,Golden State Warriors,Memphis Grizzlies
152,4086,M.,Pereira,Memphis Grizzlies,13549,2,F,6,1,2,50.0,0,0,0,0,1,0,0,0,0,0,1,0,0,0,+4,M. Pereira,2,2,2,0,13549,2024-03-21 02:00:00,Golden State Warriors,Memphis Grizzlies
153,4003,Trey,Jemison,Memphis Grizzlies,13549,4,C,25,2,5,40.0,0,0,0,0,0,0,1,3,4,2,2,0,1,0,+4,Trey Jemison,10,8,6,6,13549,2024-03-21 02:00:00,Golden State Warriors,Memphis Grizzlies
154,153,Kevin,Durant,Phoenix Suns,13550,22,PF,36,10,18,55.6,0,0,0,2,6,33.3,0,8,8,4,1,0,4,3,+1,Kevin Durant,34,30,26,12,13550,2024-03-21 02:00:00,Phoenix Suns,Philadelphia 76ers
155,398,Jusuf,Nurkic,Phoenix Suns,13550,10,C,31,5,10,50.0,0,0,0,0,0,0,5,10,15,3,4,0,4,2,+12,Jusuf Nurkic,28,25,13,18,13550,2024-03-21 02:00:00,Phoenix Suns,Philadelphia 76ers
156,45,Bradley,Beal,Phoenix Suns,13550,3,SG,37,1,6,16.7,0,0,0,1,4,25.0,1,5,6,7,2,1,5,2,+1,Bradley Beal,16,9,10,13,13550,2024-03-21 02:00:00,Phoenix Suns,Philadelphia 76ers
157,926,Grayson,Allen,Phoenix Suns,13550,32,SG,34,10,17,58.8,3,4,75.0,9,15,60.0,0,3,3,5,1,1,2,1,+20,Grayson Allen,40,35,37,8,13550,2024-03-21 02:00:00,Phoenix Suns,Philadelphia 76ers
158,64,Devin,Booker,Phoenix Suns,13550,18,SG,35,7,15,46.7,3,4,75.0,1,5,20.0,5,4,9,11,4,2,2,0,+9,Devin Booker,38,27,29,20,13550,2024-03-21 02:00:00,Phoenix Suns,Philadelphia 76ers
159,851,Royce,O'Neale,Phoenix Suns,13550,13,PF,10,5,7,71.4,0,0,0,3,4,75.0,2,2,4,0,2,0,1,0,+13,Royce O'Neale,17,17,13,4,13550,2024-03-21 02:00:00,Phoenix Suns,Philadelphia 76ers
160,966,Drew,Eubanks,Phoenix Suns,13550,4,PF,14,2,5,40.0,0,0,0,0,0,0,1,3,4,1,1,1,1,0,+3,Drew Eubanks,9,8,5,5,13550,2024-03-21 02:00:00,Phoenix Suns,Philadelphia 76ers
161,570,Thaddeus,Young,Phoenix Suns,13550,0,F,2,0,1,0,0,0,0,0,0,0,0,0,0,0,0,0,0,2,-1,Thaddeus Young,0,0,0,0,13550,2024-03-21 02:00:00,Phoenix Suns,Philadelphia 76ers
162,2859,Ish,Wainright,Phoenix Suns,13550,0,F,2,0,0,0,0,0,0,0,0,0,0,0,0,0,2,1,0,0,-1,Ish Wainright,0,0,0,0,13550,2024-03-21 02:00:00,Phoenix Suns,Philadelphia 76ers
163,3483,David,Roddy,Phoenix Suns,13550,0,F,2,0,1,0,0,0,0,0,0,0,0,0,0,0,0,1,0,0,-1,David Roddy,0,0,0,0,13550,2024-03-21 02:00:00,Phoenix Suns,Philadelphia 76ers
164,1875,Nassir,Little,Phoenix Suns,13550,3,SF,2,1,1,100.0,0,0,0,1,1,100.0,0,0,0,0,0,0,0,0,-1,Nassir Little,3,3,3,0,13550,2024-03-21 02:00:00,Phoenix Suns,Philadelphia 76ers
165,1849,Bol,Bol,Phoenix Suns,13550,10,C,14,4,6,66.7,0,0,0,2,4,50.0,0,3,3,0,1,0,2,1,+7,Bol Bol,13,13,10,3,13550,2024-03-21 02:00:00,Phoenix Suns,Philadelphia 76ers
166,196,Eric,Gordon,Phoenix Suns,13550,0,SG,19,0,2,0,0,0,0,0,0,0,0,3,3,2,0,0,2,1,+4,Eric Gordon,5,3,2,5,13550,2024-03-21 02:00:00,Phoenix Suns,Philadelphia 76ers
167,4087,I.,Thomas,Phoenix Suns,13550,0,G,2,0,1,0,0,0,0,0,0,0,0,0,0,1,0,0,0,0,-1,I. Thomas,1,0,1,1,13550,2024-03-21 02:00:00,Phoenix Suns,Philadelphia 76ers
168,40,Nicolas,Batum,Philadelphia 76ers,13550,8,PF,24,3,4,75.0,1,2,50.0,1,2,50.0,1,2,3,0,2,1,1,1,-14,Nicolas Batum,11,11,8,3,13550,2024-03-21 02:00:00,Phoenix Suns,Philadelphia 76ers
169,932,Mo,Bamba,Philadelphia 76ers,13550,9,C,19,4,6,66.7,0,2,0,1,3,33.3,1,4,5,0,2,2,1,1,-7,Mo Bamba,14,14,9,5,13550,2024-03-21 02:00:00,Phoenix Suns,Philadelphia 76ers
170,327,Kyle,Lowry,Philadelphia 76ers,13550,5,PG,25,2,6,33.3,0,2,0,1,4,25.0,0,3,3,7,1,0,1,0,-7,Kyle Lowry,15,8,12,10,13550,2024-03-21 02:00:00,Phoenix Suns,Philadelphia 76ers
171,2619,Tyrese,Maxey,Philadelphia 76ers,13550,6,PG,29,3,13,23.1,0,0,0,0,4,0,0,0,0,7,2,1,1,0,-13,Tyrese Maxey,13,6,13,7,13550,2024-03-21 02:00:00,Phoenix Suns,Philadelphia 76ers
172,407,Kelly,Oubre Jr.,Philadelphia 76ers,13550,18,SG,35,7,20,35.0,2,4,50.0,2,6,33.3,3,2,5,4,1,3,2,3,-6,Kelly Oubre Jr.,27,23,22,9,13550,2024-03-21 02:00:00,Phoenix Suns,Philadelphia 76ers
173,2617,Kenyon,Martin Jr.,Philadelphia 76ers,13550,11,F,26,4,9,44.4,2,4,50.0,1,2,50.0,3,10,13,2,1,0,0,0,+4,Kenyon Martin Jr.,26,24,13,15,13550,2024-03-21 02:00:00,Phoenix Suns,Philadelphia 76ers
174,2638,Paul,Reed,Philadelphia 76ers,13550,4,SF,28,2,9,22.2,0,2,0,0,2,0,3,3,6,3,2,3,3,2,-7,Paul Reed,13,10,7,9,13550,2024-03-21 02:00:00,Phoenix Suns,Philadelphia 76ers
175,417,Cameron,Payne,Philadelphia 76ers,13550,12,PG,15,5,10,50.0,0,0,0,2,4,50.0,0,1,1,3,1,1,0,0,-20,Cameron Payne,16,13,15,4,13550,2024-03-21 02:00:00,Phoenix Suns,Philadelphia 76ers
176,236,Buddy,Hield,Philadelphia 76ers,13550,7,SG,15,3,8,37.5,0,0,0,1,5,20.0,1,1,2,0,0,0,0,0,-17,Buddy Hield,9,9,7,2,13550,2024-03-21 02:00:00,Phoenix Suns,Philadelphia 76ers
177,2878,Jeff,Dowtin,Philadelphia 76ers,13550,12,G,12,4,5,80.0,2,2,100.0,2,3,66.7,1,1,2,5,0,1,0,0,+11,Jeff Dowtin,19,14,17,7,13550,2024-03-21 02:00:00,Phoenix Suns,Philadelphia 76ers
178,4049,Ricky IV,Council,Philadelphia 76ers,13550,10,G,12,4,5,80.0,0,0,0,2,2,100.0,0,0,0,2,0,0,0,0,+11,Ricky IV Council,12,10,12,2,13550,2024-03-21 02:00:00,Phoenix Suns,Philadelphia 76ers
179,4015,Toumani,Camara,Portland Trail Blazers,13551,3,F,18,1,1,100.0,0,0,0,1,1,100.0,0,2,2,2,2,1,0,0,-1,Toumani Camara,7,5,5,4,13551,2024-03-21 02:00:00,Portland Trail Blazers,LA Clippers
180,4017,Kris,Murray,Portland Trail Blazers,13551,17,F,33,7,11,63.6,0,0,0,3,6,50.0,1,4,5,2,1,1,2,0,-13,Kris Murray,24,22,19,7,13551,2024-03-21 02:00:00,Portland Trail Blazers,LA Clippers
181,930,Deandre,Ayton,Portland Trail Blazers,13551,8,C,26,4,10,40.0,0,1,0,0,0,0,1,6,7,1,0,0,4,1,-15,Deandre Ayton,16,15,9,8,13551,2024-03-21 02:00:00,Portland Trail Blazers,LA Clippers
182,1023,Anfernee,Simons,Portland Trail Blazers,13551,14,SG,28,6,11,54.5,0,0,0,2,5,40.0,0,4,4,1,2,0,3,1,-17,Anfernee Simons,19,18,15,5,13551,2024-03-21 02:00:00,Portland Trail Blazers,LA Clippers
183,3408,Scoot,Henderson,Portland Trail Blazers,13551,18,G,35,6,15,40.0,4,6,66.7,2,5,40.0,0,2,2,5,5,2,2,0,-7,Scoot Henderson,25,20,23,7,13551,2024-03-21 02:00:00,Portland Trail Blazers,LA Clippers
184,3714,Justin,Minaya,Portland Trail Blazers,13551,3,F,7,1,2,50.0,0,0,0,1,2,50.0,1,1,2,0,0,0,0,1,+9,Justin Minaya,5,5,3,2,13551,2024-03-21 02:00:00,Portland Trail Blazers,LA Clippers
185,3496,Jabari,Walker,Portland Trail Blazers,13551,12,F,23,4,6,66.7,2,2,100.0,2,2,100.0,2,1,3,0,5,2,3,0,-15,Jabari Walker,15,15,12,3,13551,2024-03-21 02:00:00,Portland Trail Blazers,LA Clippers
186,4018,Duop,Reath,Portland Trail Blazers,13551,8,C,16,3,8,37.5,0,0,0,2,4,50.0,0,2,2,1,0,0,1,1,-13,Duop Reath,11,10,9,3,13551,2024-03-21 02:00:00,Portland Trail Blazers,LA Clippers
187,2160,Moses,Brown,Portland Trail Blazers,13551,0,C,6,0,0,0,0,2,0,0,0,0,1,2,3,0,0,0,0,0,+9,Moses Brown,3,3,0,3,13551,2024-03-21 02:00:00,Portland Trail Blazers,LA Clippers
188,2788,Dalano,Banton,Portland Trail Blazers,13551,12,G,28,4,12,33.3,2,2,100.0,2,7,28.6,1,2,3,6,0,0,2,0,-6,Dalano Banton,21,15,18,9,13551,2024-03-21 02:00:00,Portland Trail Blazers,LA Clippers
189,4069,R.,Rupert,Portland Trail Blazers,13551,8,G,20,3,5,60.0,2,2,100.0,0,2,0,1,4,5,3,1,0,0,0,+4,R. Rupert,16,13,11,8,13551,2024-03-21 02:00:00,Portland Trail Blazers,LA Clippers
190,189,Paul,George,LA Clippers,13551,27,F,36,10,18,55.6,3,3,100.0,4,7,57.1,0,6,6,4,1,2,0,1,+23,Paul George,37,33,31,10,13551,2024-03-21 02:00:00,Portland Trail Blazers,LA Clippers
191,314,Kawhi,Leonard,LA Clippers,13551,24,SF,28,9,16,56.3,5,6,83.3,1,3,33.3,1,3,4,2,0,4,2,0,+11,Kawhi Leonard,30,28,26,6,13551,2024-03-21 02:00:00,Portland Trail Blazers,LA Clippers
192,575,Ivica,Zubac,LA Clippers,13551,14,C,24,7,9,77.8,0,0,0,0,0,0,4,5,9,2,2,4,1,2,+12,Ivica Zubac,25,23,16,11,13551,2024-03-21 02:00:00,Portland Trail Blazers,LA Clippers
193,216,James,Harden,LA Clippers,13551,19,SG,36,6,11,54.5,2,2,100.0,5,9,55.6,0,4,4,14,1,0,3,1,+22,James Harden,37,23,33,18,13551,2024-03-21 02:00:00,Portland Trail Blazers,LA Clippers
194,2115,Amir,Coffey,LA Clippers,13551,11,SG,31,5,10,50.0,0,0,0,1,4,25.0,0,1,1,2,0,1,1,0,+9,Amir Coffey,14,12,13,3,13551,2024-03-21 02:00:00,Portland Trail Blazers,LA Clippers
195,520,P.J.,Tucker,LA Clippers,13551,0,PF,26,0,0,0,0,0,0,0,0,0,0,7,7,1,2,2,0,0,+1,P.J. Tucker,8,7,1,8,13551,2024-03-21 02:00:00,Portland Trail Blazers,LA Clippers
196,886,Daniel,Theis,LA Clippers,13551,10,C,20,3,4,75.0,2,2,100.0,2,2,100.0,1,4,5,2,2,0,1,1,+8,Daniel Theis,17,15,12,7,13551,2024-03-21 02:00:00,Portland Trail Blazers,LA Clippers
197,426,Mason,Plumlee,LA Clippers,13551,0,C,4,0,2,0,0,0,0,0,0,0,2,1,3,0,1,0,0,0,-7,Mason Plumlee,3,3,0,3,13551,2024-03-21 02:00:00,Portland Trail Blazers,LA Clippers
198,2816,Bones,Hyland,LA Clippers,13551,0,PG,7,0,4,0,0,0,0,0,3,0,0,1,1,2,2,0,1,0,-3,Bones Hyland,3,1,2,3,13551,2024-03-21 02:00:00,Portland Trail Blazers,LA Clippers
199,2792,Brandon,Boston Jr.,LA Clippers,13551,9,SG,23,4,9,44.4,1,2,50.0,0,2,0,0,2,2,0,2,1,1,2,-2,Brandon Boston Jr.,11,11,9,2,13551,2024-03-21 02:00:00,Portland Trail Blazers,LA Clippers
200,3396,Xavier,Moon,LA Clippers,13551,2,G,6,1,3,33.3,0,0,0,0,1,0,0,0,0,0,0,1,1,0,-9,Xavier Moon,2,2,2,0,13551,2024-03-21 02:00:00,Portland Trail Blazers,LA Clippers
201,3414,Paolo,Banchero,Orlando Magic,13552,20,PF,33,9,18,50.0,0,2,0,2,5,40.0,1,9,10,11,2,1,4,0,+11,Paolo Banchero,41,30,31,21,13552,2024-03-21 23:00:00,Orlando Magic,New Orleans Pelicans
202,2858,Franz,Wagner,Orlando Magic,13552,18,SF,28,7,13,53.8,2,2,100.0,2,5,40.0,0,3,3,3,2,1,0,0,+5,Franz Wagner,24,21,21,6,13552,2024-03-21 23:00:00,Orlando Magic,New Orleans Pelicans
203,950,Wendell,Carter Jr.,Orlando Magic,13552,8,C,23,4,7,57.1,0,3,0,0,2,0,2,4,6,4,0,3,1,1,-2,Wendell Carter Jr.,18,14,12,10,13552,2024-03-21 23:00:00,Orlando Magic,New Orleans Pelicans
204,220,Gary,Harris,Orlando Magic,13552,5,SG,12,2,3,66.7,0,0,0,1,2,50.0,1,0,1,0,1,0,1,0,-14,Gary Harris,6,6,5,1,13552,2024-03-21 23:00:00,Orlando Magic,New Orleans Pelicans
205,2852,Jalen,Suggs,Orlando Magic,13552,22,SG,28,7,14,50.0,5,6,83.3,3,8,37.5,0,1,1,2,3,1,1,0,+4,Jalen Suggs,25,23,24,3,13552,2024-03-21 23:00:00,Orlando Magic,New Orleans Pelicans
206,801,Jonathan,Isaac,Orlando Magic,13552,9,PF,16,4,6,66.7,0,0,0,1,3,33.3,3,2,5,2,1,2,1,1,+14,Jonathan Isaac,16,14,11,7,13552,2024-03-21 23:00:00,Orlando Magic,New Orleans Pelicans
207,1883,Chuma,Okeke,Orlando Magic,13552,0,PF,5,0,0,0,0,0,0,0,0,0,0,1,1,0,0,0,0,0,-4,Chuma Okeke,1,1,0,1,13552,2024-03-21 23:00:00,Orlando Magic,New Orleans Pelicans
208,1892,Admiral,Schofield,Orlando Magic,13552,0,SF,5,0,1,0,0,0,0,0,1,0,0,1,1,0,0,0,0,0,-4,Admiral Schofield,1,1,0,1,13552,2024-03-21 23:00:00,Orlando Magic,New Orleans Pelicans
209,1037,Moritz,Wagner,Orlando Magic,13552,14,C,14,5,5,100.0,2,2,100.0,2,2,100.0,0,1,1,0,0,0,0,0,+15,Moritz Wagner,15,15,14,1,13552,2024-03-21 23:00:00,Orlando Magic,New Orleans Pelicans
210,1848,Goga,Bitadze,Orlando Magic,13552,4,C,5,1,1,100.0,2,2,100.0,0,0,0,0,0,0,1,0,0,1,0,-4,Goga Bitadze,5,4,5,1,13552,2024-03-21 23:00:00,Orlando Magic,New Orleans Pelicans
211,779,Markelle,Fultz,Orlando Magic,13552,6,PG,20,3,4,75.0,0,0,0,0,0,0,1,0,1,6,3,1,0,0,+21,Markelle Fultz,13,7,12,7,13552,2024-03-21 23:00:00,Orlando Magic,New Orleans Pelicans
212,2563,Cole,Anthony,Orlando Magic,13552,10,PG,18,3,8,37.5,2,2,100.0,2,4,50.0,1,4,5,1,1,0,2,1,+23,Cole Anthony,16,15,11,6,13552,2024-03-21 23:00:00,Orlando Magic,New Orleans Pelicans
213,258,Joe,Ingles,Orlando Magic,13552,0,SG,16,0,1,0,0,0,0,0,1,0,0,3,3,2,2,3,1,0,+17,Joe Ingles,5,3,2,5,13552,2024-03-21 23:00:00,Orlando Magic,New Orleans Pelicans
214,3449,Caleb,Houstan,Orlando Magic,13552,3,G,13,1,3,33.3,0,0,0,1,3,33.3,1,0,1,0,1,0,1,0,-1,Caleb Houstan,4,4,3,1,13552,2024-03-21 23:00:00,Orlando Magic,New Orleans Pelicans
215,4010,Anthony,Black,Orlando Magic,13552,2,G,5,1,2,50.0,0,0,0,0,0,0,0,1,1,1,0,0,1,1,-6,Anthony Black,4,3,3,2,13552,2024-03-21 23:00:00,Orlando Magic,New Orleans Pelicans
216,1902,Zion,Williamson,New Orleans Pelicans,13552,20,PF,29,8,15,53.3,4,6,66.7,0,0,0,0,7,7,2,5,2,8,1,0,Zion Williamson,29,27,22,9,13552,2024-03-21 23:00:00,Orlando Magic,New Orleans Pelicans
217,260,Brandon,Ingram,New Orleans Pelicans,13552,14,SF,21,7,12,58.3,0,0,0,0,1,0,0,4,4,3,2,1,2,0,-8,Brandon Ingram,21,18,17,7,13552,2024-03-21 23:00:00,Orlando Magic,New Orleans Pelicans
218,2822,Herbert,Jones,New Orleans Pelicans,13552,13,SF,32,5,6,83.3,3,4,75.0,0,1,0,2,4,6,5,1,1,2,0,+2,Herbert Jones,24,19,18,11,13552,2024-03-21 23:00:00,Orlando Magic,New Orleans Pelicans
219,525,Jonas,Valanciunas,New Orleans Pelicans,13552,6,C,18,3,4,75.0,0,0,0,0,1,0,0,5,5,1,3,1,1,0,+4,Jonas Valanciunas,12,11,7,6,13552,2024-03-21 23:00:00,Orlando Magic,New Orleans Pelicans
220,347,CJ,McCollum,New Orleans Pelicans,13552,18,SG,34,6,12,50.0,3,4,75.0,3,6,50.0,0,3,3,3,3,0,2,0,-10,CJ McCollum,24,21,21,6,13552,2024-03-21 23:00:00,Orlando Magic,New Orleans Pelicans
221,385,Larry,Nance Jr.,New Orleans Pelicans,13552,0,PF,18,0,1,0,0,0,0,0,0,0,0,2,2,3,0,2,1,0,-24,Larry Nance Jr.,5,2,3,5,13552,2024-03-21 23:00:00,Orlando Magic,New Orleans Pelicans
222,3195,Matt,Ryan,New Orleans Pelicans,13552,2,F,6,1,3,33.3,0,0,0,0,2,0,0,0,0,0,1,0,0,0,+4,Matt Ryan,2,2,2,0,13552,2024-03-21 23:00:00,Orlando Magic,New Orleans Pelicans
223,2846,Jeremiah,Robinson-Earl,New Orleans Pelicans,13552,6,F,12,3,5,60.0,0,0,0,0,1,0,0,1,1,1,1,0,0,0,+5,Jeremiah Robinson-Earl,8,7,7,2,13552,2024-03-21 23:00:00,Orlando Magic,New Orleans Pelicans
224,2668,Naji,Marshall,New Orleans Pelicans,13552,4,SF,18,2,6,33.3,0,0,0,0,2,0,0,0,0,2,0,1,1,0,-19,Naji Marshall,6,4,6,2,13552,2024-03-21 23:00:00,Orlando Magic,New Orleans Pelicans
225,2941,Jose,Alvarado,New Orleans Pelicans,13552,0,PG,18,0,3,0,0,0,0,0,1,0,0,1,1,3,2,1,0,0,-12,Jose Alvarado,4,1,3,4,13552,2024-03-21 23:00:00,Orlando Magic,New Orleans Pelicans
226,2837,Trey,Murphy III,New Orleans Pelicans,13552,21,SG,29,6,10,60.0,6,7,85.7,3,5,60.0,1,2,3,0,0,1,1,0,-21,Trey Murphy III,24,24,21,3,13552,2024-03-21 23:00:00,Orlando Magic,New Orleans Pelicans
227,4002,Jordan,Hawkins,New Orleans Pelicans,13552,2,G,6,1,1,100.0,0,0,0,0,0,0,0,1,1,1,0,1,0,0,+4,Jordan Hawkins,4,3,3,2,13552,2024-03-21 23:00:00,Orlando Magic,New Orleans Pelicans
228,246,Richaun,Holmes,Washington Wizards,13553,6,F,29,2,9,22.2,2,2,100.0,0,0,0,6,10,16,2,5,0,1,1,+15,Richaun Holmes,24,22,8,18,13553,2024-03-21 23:00:00,Washington Wizards,Sacramento Kings
229,820,Kyle,Kuzma,Washington Wizards,13553,31,SF,37,13,22,59.1,2,2,100.0,3,6,50.0,0,6,6,5,2,1,5,1,+10,Kyle Kuzma,42,37,36,11,13553,2024-03-21 23:00:00,Washington Wizards,Sacramento Kings
230,2825,Corey,Kispert,Washington Wizards,13553,15,SF,37,6,9,66.7,2,6,33.3,1,4,25.0,0,3,3,2,1,1,1,0,+14,Corey Kispert,20,18,17,5,13553,2024-03-21 23:00:00,Washington Wizards,Sacramento Kings
231,2564,Deni,Avdija,Washington Wizards,13553,17,SF,32,7,14,50.0,1,3,33.3,2,3,66.7,0,9,9,5,3,0,3,0,-3,Deni Avdija,31,26,22,14,13553,2024-03-21 23:00:00,Washington Wizards,Sacramento Kings
232,1887,Jordan,Poole,Washington Wizards,13553,14,SG,36,5,11,45.5,3,3,100.0,1,4,25.0,1,1,2,2,2,3,3,0,+7,Jordan Poole,18,16,16,4,13553,2024-03-21 23:00:00,Washington Wizards,Sacramento Kings
233,2590,Anthony,Gill,Washington Wizards,13553,8,PF,18,2,4,50.0,4,4,100.0,0,1,0,1,1,2,1,2,1,1,0,-10,Anthony Gill,11,10,9,3,13553,2024-03-21 23:00:00,Washington Wizards,Sacramento Kings
234,3413,Patrick,Baldwin Jr.,Washington Wizards,13553,6,F,9,2,3,66.7,1,1,100.0,1,2,50.0,0,2,2,0,1,1,1,1,-1,Patrick Baldwin Jr.,8,8,6,2,13553,2024-03-21 23:00:00,Washington Wizards,Sacramento Kings
235,2798,Justin,Champagnie,Washington Wizards,13553,0,SF,9,0,2,0,0,0,0,0,2,0,1,0,1,1,0,0,0,0,+1,Justin Champagnie,2,1,1,2,13553,2024-03-21 23:00:00,Washington Wizards,Sacramento Kings
236,2796,Jared,Butler,Washington Wizards,13553,8,SG,19,3,5,60.0,0,0,0,2,3,66.7,0,1,1,1,1,2,4,0,+1,Jared Butler,10,9,9,2,13553,2024-03-21 23:00:00,Washington Wizards,Sacramento Kings
237,3428,Johnny,Davis,Washington Wizards,13553,4,G,13,1,2,50.0,2,2,100.0,0,0,0,1,2,3,1,2,0,0,0,+1,Johnny Davis,8,7,5,4,13553,2024-03-21 23:00:00,Washington Wizards,Sacramento Kings
238,463,Domantas,Sabonis,Sacramento Kings,13553,14,PF,39,6,9,66.7,2,2,100.0,0,0,0,2,12,14,6,3,0,6,0,-4,Domantas Sabonis,34,28,20,20,13553,2024-03-21 23:00:00,Washington Wizards,Sacramento Kings
239,36,Harrison,Barnes,Sacramento Kings,13553,12,SF,28,3,7,42.9,6,8,75.0,0,2,0,0,2,2,1,2,1,1,1,-6,Harrison Barnes,15,14,13,3,13553,2024-03-21 23:00:00,Washington Wizards,Sacramento Kings
240,3475,Keegan,Murray,Sacramento Kings,13553,16,SF,30,7,11,63.6,0,0,0,2,4,50.0,1,1,2,1,3,0,1,2,-21,Keegan Murray,19,18,17,3,13553,2024-03-21 23:00:00,Washington Wizards,Sacramento Kings
241,776,De'Aaron,Fox,Sacramento Kings,13553,25,PG,37,10,30,33.3,0,0,0,5,15,33.3,3,2,5,5,4,6,3,1,-7,De'Aaron Fox,35,30,30,10,13553,2024-03-21 23:00:00,Washington Wizards,Sacramento Kings
242,3436,Keon,Ellis,Sacramento Kings,13553,2,G,21,1,3,33.3,0,0,0,0,2,0,0,1,1,0,4,1,0,0,-1,Keon Ellis,3,3,2,1,13553,2024-03-21 23:00:00,Washington Wizards,Sacramento Kings
243,2805,Kessler,Edwards,Sacramento Kings,13553,3,SF,9,1,2,50.0,0,0,0,1,1,100.0,1,2,3,1,1,1,0,0,+12,Kessler Edwards,7,6,4,4,13553,2024-03-21 23:00:00,Washington Wizards,Sacramento Kings
244,313,Alex,Len,Sacramento Kings,13553,2,C,9,0,0,0,2,2,100.0,0,0,0,1,3,4,0,0,0,0,0,-1,Alex Len,6,6,2,4,13553,2024-03-21 23:00:00,Washington Wizards,Sacramento Kings
245,2834,Davion,Mitchell,Sacramento Kings,13553,5,PG,19,2,3,66.7,0,0,0,1,1,100.0,1,1,2,1,0,1,1,0,+4,Davion Mitchell,8,7,6,3,13553,2024-03-21 23:00:00,Washington Wizards,Sacramento Kings
246,842,Malik,Monk,Sacramento Kings,13553,20,SG,29,6,13,46.2,7,7,100.0,1,7,14.3,0,1,1,4,3,1,2,1,-9,Malik Monk,25,21,24,5,13553,2024-03-21 23:00:00,Washington Wizards,Sacramento Kings
247,2803,Chris,Duarte,Sacramento Kings,13553,3,SG,19,1,8,12.5,0,0,0,1,7,14.3,1,2,3,2,0,1,1,2,-2,Chris Duarte,8,6,5,5,13553,2024-03-21 23:00:00,Washington Wizards,Sacramento Kings
248,3425,Julian,Champagnie,San Antonio Spurs,13542,6,F,20,2,5,40.0,0,0,0,2,5,40.0,0,3,3,1,2,0,0,1,+3,Julian Champagnie,10,9,7,4,13542,2024-03-20 00:00:00,San Antonio Spurs,Dallas Mavericks
249,3490,Jeremy,Sochan,San Antonio Spurs,13542,13,F,30,4,15,26.7,2,4,50.0,3,9,33.3,3,7,10,6,2,0,2,0,-3,Jeremy Sochan,29,23,19,16,13542,2024-03-20 00:00:00,San Antonio Spurs,Dallas Mavericks
250,4026,Victor,Wembanyama,San Antonio Spurs,13542,12,C,32,3,13,23.1,6,7,85.7,0,4,0,3,8,11,3,4,1,5,6,+5,Victor Wembanyama,26,23,15,14,13542,2024-03-20 00:00:00,San Antonio Spurs,Dallas Mavericks
251,2606,Tre,Jones,San Antonio Spurs,13542,22,PG,33,8,11,72.7,2,2,100.0,4,5,80.0,0,3,3,9,0,0,1,0,+7,Tre Jones,34,25,31,12,13542,2024-03-20 00:00:00,San Antonio Spurs,Dallas Mavericks
252,2661,Devin,Vassell,San Antonio Spurs,13542,19,SG,36,9,18,50.0,1,1,100.0,0,3,0,0,6,6,3,1,3,3,0,-18,Devin Vassell,28,25,22,9,13542,2024-03-20 00:00:00,San Antonio Spurs,Dallas Mavericks
253,3415,Dominick,Barlow,San Antonio Spurs,13542,4,F,16,2,4,50.0,0,0,0,0,0,0,0,1,1,5,0,1,0,0,-11,Dominick Barlow,10,5,9,6,13542,2024-03-20 00:00:00,San Antonio Spurs,Dallas Mavericks
254,854,Cedi,Osman,San Antonio Spurs,13542,5,SF,11,2,4,50.0,0,0,0,1,3,33.3,0,0,0,1,2,0,1,2,+1,Cedi Osman,6,5,6,1,13542,2024-03-20 00:00:00,San Antonio Spurs,Dallas Mavericks
255,1872,Keldon,Johnson,San Antonio Spurs,13542,14,SF,28,5,10,50.0,1,2,50.0,3,6,50.0,1,5,6,2,1,0,1,0,-8,Keldon Johnson,22,20,16,8,13542,2024-03-20 00:00:00,San Antonio Spurs,Dallas Mavericks
256,3419,Malaki,Branham,San Antonio Spurs,13542,11,G,20,4,7,57.1,2,3,66.7,1,3,33.3,2,2,4,1,1,0,1,0,+5,Malaki Branham,16,15,12,5,13542,2024-03-20 00:00:00,San Antonio Spurs,Dallas Mavericks
257,3499,Blake,Wesley,San Antonio Spurs,13542,1,G,13,0,2,0,1,2,50.0,0,1,0,0,4,4,0,1,1,1,1,-11,Blake Wesley,5,5,1,4,13542,2024-03-20 00:00:00,San Antonio Spurs,Dallas Mavericks
258,1897,P.J.,Washington,Dallas Mavericks,13542,8,PF,34,3,8,37.5,0,0,0,2,5,40.0,1,5,6,0,1,0,0,1,-18,P.J. Washington,14,14,8,6,13542,2024-03-20 00:00:00,San Antonio Spurs,Dallas Mavericks
259,283,Derrick,Jones Jr.,Dallas Mavericks,13542,4,SF,15,1,2,50.0,2,2,100.0,0,1,0,0,1,1,0,1,0,1,0,-2,Derrick Jones Jr.,5,5,4,1,13542,2024-03-20 00:00:00,San Antonio Spurs,Dallas Mavericks
260,1859,Daniel,Gafford,Dallas Mavericks,13542,13,C,24,5,7,71.4,3,4,75.0,0,0,0,0,8,8,3,4,1,1,1,+7,Daniel Gafford,24,21,16,11,13542,2024-03-20 00:00:00,San Antonio Spurs,Dallas Mavericks
261,261,Kyrie,Irving,Dallas Mavericks,13542,28,PG,38,13,21,61.9,2,2,100.0,0,5,0,1,6,7,3,3,2,1,0,-10,Kyrie Irving,38,35,31,10,13542,2024-03-20 00:00:00,San Antonio Spurs,Dallas Mavericks
262,963,Luka,Doncic,Dallas Mavericks,13542,18,PG,40,6,27,22.2,4,5,80.0,2,11,18.2,0,10,10,16,0,1,4,0,+5,Luka Doncic,44,28,34,26,13542,2024-03-20 00:00:00,San Antonio Spurs,Dallas Mavericks
263,817,Maxi,Kleber,Dallas Mavericks,13542,5,PF,22,2,2,100.0,0,0,0,1,1,100.0,0,1,1,4,3,0,0,0,+27,Maxi Kleber,10,6,9,5,13542,2024-03-20 00:00:00,San Antonio Spurs,Dallas Mavericks
264,215,Tim,Hardaway Jr.,Dallas Mavericks,13542,5,SF,17,2,5,40.0,0,0,0,1,2,50.0,0,1,1,1,0,2,0,0,+6,Tim Hardaway Jr.,7,6,6,2,13542,2024-03-20 00:00:00,San Antonio Spurs,Dallas Mavericks
265,4044,Dereck II,Lively,Dallas Mavericks,13542,12,C,16,5,7,71.4,2,2,100.0,0,0,0,1,4,5,1,3,0,0,1,-4,Dereck II Lively,18,17,13,6,13542,2024-03-20 00:00:00,San Antonio Spurs,Dallas Mavericks
266,164,Dante,Exum,Dallas Mavericks,13542,16,G,28,5,8,62.5,2,2,100.0,4,4,100.0,0,1,1,2,1,0,2,0,+16,Dante Exum,19,17,18,3,13542,2024-03-20 00:00:00,San Antonio Spurs,Dallas Mavericks
267,3407,Jaden,Hardy,Dallas Mavericks,13542,4,G,5,2,4,50.0,0,0,0,0,0,0,0,0,0,1,2,0,0,0,+3,Jaden Hardy,5,4,5,1,13542,2024-03-20 00:00:00,San Antonio Spurs,Dallas Mavericks
268,2621,Jaden,McDaniels,Minnesota Timberwolves,13543,26,PF,38,9,13,69.2,4,7,57.1,4,6,66.7,0,6,6,0,5,1,1,2,0,Jaden McDaniels,32,32,26,6,13543,2024-03-20 01:00:00,Minnesota Timberwolves,Denver Nuggets
269,18,Kyle,Anderson,Minnesota Timberwolves,13543,12,SF,26,5,9,55.6,2,2,100.0,0,0,0,0,3,3,4,3,1,0,2,0,Kyle Anderson,19,15,16,7,13543,2024-03-20 01:00:00,Minnesota Timberwolves,Denver Nuggets
270,114,Mike,Conley,Minnesota Timberwolves,13543,13,PG,29,3,7,42.9,6,6,100.0,1,4,25.0,2,4,6,5,5,1,2,0,+10,Mike Conley,24,19,18,11,13543,2024-03-20 01:00:00,Minnesota Timberwolves,Denver Nuggets
271,1845,Nickeil,Alexander-Walker,Minnesota Timberwolves,13543,4,SG,37,2,7,28.6,0,0,0,0,4,0,0,2,2,3,1,0,0,1,-2,Nickeil Alexander-Walker,9,6,7,5,13543,2024-03-20 01:00:00,Minnesota Timberwolves,Denver Nuggets
272,2584,Anthony,Edwards,Minnesota Timberwolves,13543,30,SG,38,13,26,50.0,1,2,50.0,3,8,37.5,1,7,8,8,1,2,3,0,-8,Anthony Edwards,46,38,38,16,13543,2024-03-20 01:00:00,Minnesota Timberwolves,Denver Nuggets
273,540,T.J.,Warren,Minnesota Timberwolves,13543,6,SF,9,2,5,40.0,1,2,50.0,1,2,50.0,1,1,2,0,0,0,0,1,0,T.J. Warren,8,8,6,2,13543,2024-03-20 01:00:00,Minnesota Timberwolves,Denver Nuggets
274,2807,Luka,Garza,Minnesota Timberwolves,13543,11,C,22,4,11,36.4,1,2,50.0,2,8,25.0,3,3,6,0,1,2,0,1,-3,Luka Garza,17,17,11,6,13543,2024-03-20 01:00:00,Minnesota Timberwolves,Denver Nuggets
275,845,Monte,Morris,Minnesota Timberwolves,13543,8,PG,23,3,6,50.0,1,2,50.0,1,2,50.0,0,1,1,2,0,3,0,0,-7,Monte Morris,11,9,10,3,13543,2024-03-20 01:00:00,Minnesota Timberwolves,Denver Nuggets
276,997,Jordan,McLaughlin,Minnesota Timberwolves,13543,2,PG,19,1,4,25.0,0,0,0,0,1,0,1,2,3,3,0,0,1,0,-5,Jordan McLaughlin,8,5,5,6,13543,2024-03-20 01:00:00,Minnesota Timberwolves,Denver Nuggets
277,195,Aaron,Gordon,Denver Nuggets,13543,14,PF,32,5,10,50.0,4,5,80.0,0,0,0,7,4,11,2,1,0,4,0,-14,Aaron Gordon,27,25,16,13,13543,2024-03-20 01:00:00,Minnesota Timberwolves,Denver Nuggets
278,1014,Michael,Porter Jr.,Denver Nuggets,13543,26,SF,32,9,15,60.0,4,5,80.0,4,7,57.1,1,3,4,1,2,0,3,0,+8,Michael Porter Jr.,31,30,27,5,13543,2024-03-20 01:00:00,Minnesota Timberwolves,Denver Nuggets
279,279,Nikola,Jokic,Denver Nuggets,13543,35,C,38,14,22,63.6,4,6,66.7,3,4,75.0,1,15,16,2,3,0,3,0,+8,Nikola Jokic,53,51,37,18,13543,2024-03-20 01:00:00,Minnesota Timberwolves,Denver Nuggets
280,383,Jamal,Murray,Denver Nuggets,13543,18,PG,32,6,14,42.9,4,4,100.0,2,3,66.7,1,3,4,11,3,2,2,0,-11,Jamal Murray,33,22,29,15,13543,2024-03-20 01:00:00,Minnesota Timberwolves,Denver Nuggets
281,89,Kentavious,Caldwell-Pope,Denver Nuggets,13543,9,SG,38,3,6,50.0,1,1,100.0,2,4,50.0,1,1,2,1,1,2,1,1,+8,Kentavious Caldwell-Pope,12,11,10,3,13543,2024-03-20 01:00:00,Minnesota Timberwolves,Denver Nuggets
282,3498,Peyton,Watson,Denver Nuggets,13543,2,F,16,1,4,25.0,0,1,0,0,1,0,0,3,3,0,4,0,1,0,-5,Peyton Watson,5,5,2,3,13543,2024-03-20 01:00:00,Minnesota Timberwolves,Denver Nuggets
283,243,Justin,Holiday,Denver Nuggets,13543,6,SF,18,2,3,66.7,0,0,0,2,3,66.7,0,2,2,3,3,0,0,0,+10,Justin Holiday,11,8,9,5,13543,2024-03-20 01:00:00,Minnesota Timberwolves,Denver Nuggets
284,264,Reggie,Jackson,Denver Nuggets,13543,2,PG,17,1,3,33.3,0,0,0,0,2,0,0,3,3,6,1,1,2,0,+17,Reggie Jackson,11,5,8,9,13543,2024-03-20 01:00:00,Minnesota Timberwolves,Denver Nuggets
285,3420,Christian,Braun,Denver Nuggets,13543,3,G,18,1,4,25.0,0,0,0,1,3,33.3,0,4,4,0,1,0,1,0,-6,Christian Braun,7,7,3,4,13543,2024-03-20 01:00:00,Minnesota Timberwolves,Denver Nuggets
286,391,Georges,Niang,Cleveland Cavaliers,13544,18,SF,35,6,15,40.0,3,3,100.0,3,11,27.3,0,3,3,1,2,1,1,0,0,Georges Niang,22,21,19,4,13544,2024-03-20 23:00:00,Cleveland Cavaliers,Miami Heat
287,2630,Isaac,Okoro,Cleveland Cavaliers,13544,7,SF,38,3,6,50.0,0,0,0,1,3,33.3,0,1,1,1,2,0,0,0,+2,Isaac Okoro,9,8,8,2,13544,2024-03-20 23:00:00,Cleveland Cavaliers,Miami Heat
288,727,Jarrett,Allen,Cleveland Cavaliers,13544,25,C,39,10,13,76.9,5,6,83.3,0,0,0,2,18,20,3,2,0,2,0,+4,Jarrett Allen,48,45,28,23,13544,2024-03-20 23:00:00,Cleveland Cavaliers,Miami Heat
289,1860,Darius,Garland,Cleveland Cavaliers,13544,20,PG,41,7,18,38.9,1,1,100.0,5,12,41.7,1,0,1,9,2,0,1,0,+3,Darius Garland,30,21,29,10,13544,2024-03-20 23:00:00,Cleveland Cavaliers,Miami Heat
290,317,Caris,LeVert,Cleveland Cavaliers,13544,16,SG,37,4,9,44.4,7,8,87.5,1,4,25.0,1,4,5,12,3,2,5,1,-9,Caris LeVert,33,21,28,17,13544,2024-03-20 23:00:00,Cleveland Cavaliers,Miami Heat
291,373,Marcus,Morris Sr.,Cleveland Cavaliers,13544,4,SF,16,1,3,33.3,1,2,50.0,1,2,50.0,1,1,2,3,2,0,1,0,-2,Marcus Morris Sr.,9,6,7,5,13544,2024-03-20 23:00:00,Cleveland Cavaliers,Miami Heat
292,515,Tristan,Thompson,Cleveland Cavaliers,13544,0,C,9,0,1,0,0,0,0,0,0,0,1,3,4,1,3,0,0,1,-7,Tristan Thompson,5,4,1,5,13544,2024-03-20 23:00:00,Cleveland Cavaliers,Miami Heat
293,2623,Sam,Merrill,Cleveland Cavaliers,13544,12,SG,21,4,9,44.4,0,0,0,4,9,44.4,0,1,1,0,2,0,1,0,+1,Sam Merrill,13,13,12,1,13544,2024-03-20 23:00:00,Cleveland Cavaliers,Miami Heat
294,4043,Craig Jr.,Porter,Cleveland Cavaliers,13544,2,G,4,0,1,0,2,2,100.0,0,1,0,0,0,0,0,1,0,0,0,-7,Craig Jr. Porter,2,2,2,0,13544,2024-03-20 23:00:00,Cleveland Cavaliers,Miami Heat
295,3453,Nikola,Jovic,Miami Heat,13544,14,F,33,5,12,41.7,0,0,0,4,10,40.0,0,6,6,1,2,0,1,1,+3,Nikola Jovic,21,20,15,7,13544,2024-03-20 23:00:00,Cleveland Cavaliers,Miami Heat
296,86,Jimmy,Butler,Miami Heat,13544,30,SF,37,11,19,57.9,6,7,85.7,2,4,50.0,1,3,4,5,1,4,2,0,+10,Jimmy Butler,39,34,35,9,13544,2024-03-20 23:00:00,Cleveland Cavaliers,Miami Heat
297,753,Thomas,Bryant,Miami Heat,13544,6,C,15,2,5,40.0,2,2,100.0,0,2,0,1,9,10,0,4,0,0,1,+6,Thomas Bryant,16,16,6,10,13544,2024-03-20 23:00:00,Cleveland Cavaliers,Miami Heat
298,365,Patty,Mills,Miami Heat,13544,10,PG,25,3,11,27.3,3,3,100.0,1,8,12.5,1,0,1,4,1,2,0,0,-1,Patty Mills,15,11,14,5,13544,2024-03-20 23:00:00,Cleveland Cavaliers,Miami Heat
299,458,Terry,Rozier,Miami Heat,13544,24,SG,33,8,16,50.0,3,3,100.0,5,6,83.3,0,3,3,2,3,1,2,0,-6,Terry Rozier,29,27,26,5,13544,2024-03-20 23:00:00,Cleveland Cavaliers,Miami Heat
300,1815,Haywood,Highsmith,Miami Heat,13544,2,F,5,1,1,100.0,0,0,0,0,0,0,1,1,2,0,0,0,0,0,-5,Haywood Highsmith,4,4,2,2,13544,2024-03-20 23:00:00,Cleveland Cavaliers,Miami Heat
301,2242,Caleb,Martin,Miami Heat,13544,4,SF,32,1,7,14.3,2,2,100.0,0,4,0,1,5,6,2,4,0,0,0,+2,Caleb Martin,12,10,6,8,13544,2024-03-20 23:00:00,Cleveland Cavaliers,Miami Heat
302,3482,Orlando,Robinson,Miami Heat,13544,8,C,13,3,4,75.0,1,1,100.0,1,1,100.0,2,0,2,2,0,0,0,0,+4,Orlando Robinson,12,10,10,4,13544,2024-03-20 23:00:00,Cleveland Cavaliers,Miami Heat
303,564,Delon,Wright,Miami Heat,13544,2,SG,15,1,3,33.3,0,0,0,0,0,0,0,2,2,1,1,0,1,0,+9,Delon Wright,5,4,3,3,13544,2024-03-20 23:00:00,Cleveland Cavaliers,Miami Heat
304,4085,Jamie Jr.,Jaquez,Miami Heat,13544,7,G,31,3,5,60.0,1,1,100.0,0,1,0,0,1,1,2,4,0,1,0,-7,Jamie Jr. Jaquez,10,8,9,3,13544,2024-03-20 23:00:00,Cleveland Cavaliers,Miami Heat
305,3969,Tosan,Evbuomwan,Detroit Pistons,13545,11,F,30,4,7,57.1,3,4,75.0,0,1,0,0,4,4,0,2,0,0,0,-10,Tosan Evbuomwan,15,15,11,4,13545,2024-03-20 23:00:00,Detroit Pistons,Indiana Pacers
306,3433,Jalen,Duren,Detroit Pistons,13545,11,C,27,3,8,37.5,5,6,83.3,0,0,0,3,9,12,1,3,1,2,1,-14,Jalen Duren,24,23,12,13,13545,2024-03-20 23:00:00,Detroit Pistons,Indiana Pacers
307,2801,Cade,Cunningham,Detroit Pistons,13545,23,PG,29,9,22,40.9,5,6,83.3,0,2,0,0,6,6,10,1,1,4,0,-19,Cade Cunningham,39,29,33,16,13545,2024-03-20 23:00:00,Detroit Pistons,Indiana Pacers
308,3451,Jaden,Ivey,Detroit Pistons,13545,15,PG,30,6,13,46.2,2,4,50.0,1,3,33.3,0,2,2,3,1,2,2,0,-21,Jaden Ivey,20,17,18,5,13545,2024-03-20 23:00:00,Detroit Pistons,Indiana Pacers
309,3790,Stanley,Umude,Detroit Pistons,13545,8,G,22,3,6,50.0,2,3,66.7,0,3,0,0,1,1,0,3,0,1,0,-27,Stanley Umude,9,9,8,1,13545,2024-03-20 23:00:00,Detroit Pistons,Indiana Pacers
310,999,Chimezie,Metu,Detroit Pistons,13545,8,PF,22,3,8,37.5,2,2,100.0,0,3,0,1,2,3,1,2,2,1,0,-2,Chimezie Metu,12,11,9,4,13545,2024-03-20 23:00:00,Detroit Pistons,Indiana Pacers
311,3417,Buddy,Boeheim,Detroit Pistons,13545,6,F,3,1,3,33.3,3,3,100.0,1,2,50.0,1,0,1,0,0,0,0,0,+7,Buddy Boeheim,7,7,6,1,13545,2024-03-20 23:00:00,Detroit Pistons,Indiana Pacers
312,945,Troy,Brown Jr.,Detroit Pistons,13545,2,SF,15,1,3,33.3,0,0,0,0,1,0,1,0,1,1,0,0,0,0,+4,Troy Brown Jr.,4,3,3,2,13545,2024-03-20 23:00:00,Detroit Pistons,Indiana Pacers
313,2666,James,Wiseman,Detroit Pistons,13545,8,C,17,3,7,42.9,2,2,100.0,0,0,0,4,5,9,1,2,0,1,0,-12,James Wiseman,18,17,9,10,13545,2024-03-20 23:00:00,Detroit Pistons,Indiana Pacers
314,2587,Malachi,Flynn,Detroit Pistons,13545,0,PG,3,0,2,0,0,0,0,0,2,0,1,1,2,1,0,0,1,0,+7,Malachi Flynn,3,2,1,3,13545,2024-03-20 23:00:00,Detroit Pistons,Indiana Pacers
315,177,Evan,Fournier,Detroit Pistons,13545,5,SG,22,2,6,33.3,0,0,0,1,2,50.0,1,2,3,4,0,1,2,0,-6,Evan Fournier,12,8,9,7,13545,2024-03-20 23:00:00,Detroit Pistons,Indiana Pacers
316,3970,Marcus,Sasser,Detroit Pistons,13545,6,G,20,2,5,40.0,0,0,0,2,4,50.0,0,2,2,1,0,1,1,0,-2,Marcus Sasser,9,8,7,3,13545,2024-03-20 23:00:00,Detroit Pistons,Indiana Pacers
317,479,Pascal,Siakam,Indiana Pacers,13545,25,PF,27,10,15,66.7,3,6,50.0,2,3,66.7,0,8,8,4,0,1,0,1,+12,Pascal Siakam,37,33,29,12,13545,2024-03-20 23:00:00,Detroit Pistons,Indiana Pacers
318,2626,Aaron,Nesmith,Indiana Pacers,13545,14,SF,26,5,10,50.0,2,2,100.0,2,5,40.0,0,1,1,0,2,0,0,1,+17,Aaron Nesmith,15,15,14,1,13545,2024-03-20 23:00:00,Detroit Pistons,Indiana Pacers
319,522,Myles,Turner,Indiana Pacers,13545,6,C,20,2,7,28.6,1,2,50.0,1,4,25.0,1,4,5,3,5,0,1,2,+9,Myles Turner,14,11,9,8,13545,2024-03-20 23:00:00,Detroit Pistons,Indiana Pacers
320,3476,Andrew,Nembhard,Indiana Pacers,13545,7,PG,26,3,6,50.0,0,0,0,1,2,50.0,0,0,0,3,2,0,0,0,+16,Andrew Nembhard,10,7,10,3,13545,2024-03-20 23:00:00,Detroit Pistons,Indiana Pacers
321,2595,Tyrese,Haliburton,Indiana Pacers,13545,20,PG,26,9,13,69.2,1,2,50.0,1,3,33.3,0,3,3,9,1,4,2,0,+18,Tyrese Haliburton,32,23,29,12,13545,2024-03-20 23:00:00,Detroit Pistons,Indiana Pacers
322,274,James,Johnson,Indiana Pacers,13545,0,PF,3,0,0,0,0,0,0,0,0,0,0,0,0,0,0,1,1,0,-7,James Johnson,0,0,0,0,13545,2024-03-20 23:00:00,Detroit Pistons,Indiana Pacers
323,2658,Obi,Toppin,Indiana Pacers,13545,5,PF,15,1,3,33.3,2,2,100.0,1,3,33.3,1,2,3,1,1,1,0,0,+14,Obi Toppin,9,8,6,4,13545,2024-03-20 23:00:00,Detroit Pistons,Indiana Pacers
324,3981,Jarace,Walker,Indiana Pacers,13545,2,F,6,1,2,50.0,0,0,0,0,0,0,0,1,1,0,1,0,0,1,-7,Jarace Walker,3,3,2,1,13545,2024-03-20 23:00:00,Detroit Pistons,Indiana Pacers
325,351,Doug,McDermott,Indiana Pacers,13545,9,SF,16,4,6,66.7,0,0,0,1,3,33.3,0,3,3,2,1,2,1,0,+14,Doug McDermott,14,12,11,5,13545,2024-03-20 23:00:00,Detroit Pistons,Indiana Pacers
326,2817,Isaiah,Jackson,Indiana Pacers,13545,10,SF,28,4,7,57.1,2,4,50.0,0,0,0,3,8,11,6,2,3,0,0,+10,Isaiah Jackson,27,21,16,17,13545,2024-03-20 23:00:00,Detroit Pistons,Indiana Pacers
327,348,T.J.,McConnell,Indiana Pacers,13545,13,PG,21,6,9,66.7,0,0,0,1,2,50.0,0,2,2,6,0,1,6,1,+1,T.J. McConnell,21,15,19,8,13545,2024-03-20 23:00:00,Detroit Pistons,Indiana Pacers
328,3423,Kendall,Brown,Indiana Pacers,13545,2,SG,4,1,2,50.0,0,0,0,0,0,0,0,1,1,1,0,0,0,0,-5,Kendall Brown,4,3,3,2,13545,2024-03-20 23:00:00,Detroit Pistons,Indiana Pacers
329,3979,Ben,Sheppard,Indiana Pacers,13545,9,G,22,4,8,50.0,0,0,0,1,4,25.0,0,2,2,3,1,0,1,0,+3,Ben Sheppard,14,11,12,5,13545,2024-03-20 23:00:00,Detroit Pistons,Indiana Pacers
330,882,Jayson,Tatum,Boston Celtics,13546,31,SF,39,9,19,47.4,9,10,90.0,4,7,57.1,0,8,8,4,2,3,2,2,+2,Jayson Tatum,43,39,35,12,13546,2024-03-20 23:30:00,Boston Celtics,Milwaukee Bucks
331,248,Al,Horford,Boston Celtics,13546,8,C,38,3,3,100.0,0,0,0,2,2,100.0,1,3,4,4,2,1,2,1,+15,Al Horford,16,12,12,8,13546,2024-03-20 23:30:00,Boston Celtics,Milwaukee Bucks
332,432,Kristaps,Porzingis,Boston Celtics,13546,17,C,28,6,16,37.5,5,6,83.3,0,5,0,3,0,3,2,3,0,2,0,-8,Kristaps Porzingis,22,20,19,5,13546,2024-03-20 23:30:00,Boston Celtics,Milwaukee Bucks
333,897,Derrick,White,Boston Celtics,13546,23,PG,37,8,17,47.1,3,3,100.0,4,11,36.4,0,5,5,8,5,0,0,2,-7,Derrick White,36,28,31,13,13546,2024-03-20 23:30:00,Boston Celtics,Milwaukee Bucks
334,75,Jaylen,Brown,Boston Celtics,13546,21,SG,37,6,15,40.0,7,10,70.0,2,4,50.0,4,4,8,2,3,1,1,0,-2,Jaylen Brown,31,29,23,10,13546,2024-03-20 23:30:00,Boston Celtics,Milwaukee Bucks
335,2656,Xavier,Tillman,Boston Celtics,13546,0,F,14,0,2,0,0,0,0,0,2,0,1,2,3,2,1,1,1,0,-4,Xavier Tillman,5,3,2,5,13546,2024-03-20 23:30:00,Boston Celtics,Milwaukee Bucks
336,819,Luke,Kornet,Boston Celtics,13546,0,C,9,0,1,0,0,0,0,0,0,0,0,0,0,0,0,0,0,0,+7,Luke Kornet,0,0,0,0,13546,2024-03-20 23:30:00,Boston Celtics,Milwaukee Bucks
337,2635,Payton,Pritchard,Boston Celtics,13546,19,PG,31,7,11,63.6,0,0,0,5,8,62.5,2,4,6,3,2,0,1,0,+2,Payton Pritchard,28,25,22,9,13546,2024-03-20 23:30:00,Boston Celtics,Milwaukee Bucks
338,1006,Svi,Mykhailiuk,Boston Celtics,13546,3,SG,5,1,1,100.0,0,0,0,1,1,100.0,0,0,0,0,0,0,0,0,+10,Svi Mykhailiuk,3,3,3,0,13546,2024-03-20 23:30:00,Boston Celtics,Milwaukee Bucks
339,121,Jae,Crowder,Milwaukee Bucks,13546,7,PF,15,3,5,60.0,0,0,0,1,3,33.3,0,2,2,2,4,0,1,0,+3,Jae Crowder,11,9,9,4,13546,2024-03-20 23:30:00,Boston Celtics,Milwaukee Bucks
340,361,Khris,Middleton,Milwaukee Bucks,13546,22,SF,33,8,11,72.7,4,5,80.0,2,3,66.7,2,4,6,6,5,1,4,1,-9,Khris Middleton,34,28,28,12,13546,2024-03-20 23:30:00,Boston Celtics,Milwaukee Bucks
341,323,Brook,Lopez,Milwaukee Bucks,13546,8,C,21,2,5,40.0,2,2,100.0,2,4,50.0,0,2,2,4,4,0,2,2,-7,Brook Lopez,14,10,12,6,13546,2024-03-20 23:30:00,Boston Celtics,Milwaukee Bucks
342,319,Damian,Lillard,Milwaukee Bucks,13546,32,PG,36,11,21,52.4,4,4,100.0,6,10,60.0,0,4,4,6,1,1,4,1,+1,Damian Lillard,42,36,38,10,13546,2024-03-20 23:30:00,Boston Celtics,Milwaukee Bucks
343,46,Malik,Beasley,Milwaukee Bucks,13546,6,SG,28,2,8,25.0,0,0,0,2,7,28.6,0,6,6,0,2,0,0,0,-2,Malik Beasley,12,12,6,6,13546,2024-03-20 23:30:00,Boston Celtics,Milwaukee Bucks
344,181,Danilo,Gallinari,Milwaukee Bucks,13546,4,PF,19,2,3,66.7,0,0,0,0,1,0,0,1,1,1,1,1,0,1,-8,Danilo Gallinari,6,5,5,2,13546,2024-03-20 23:30:00,Boston Celtics,Milwaukee Bucks
345,431,Bobby,Portis,Milwaukee Bucks,13546,24,F,33,11,20,55.0,0,1,0,2,3,66.7,5,10,15,0,3,0,2,1,-5,Bobby Portis,39,39,24,15,13546,2024-03-20 23:30:00,Boston Celtics,Milwaukee Bucks
346,53,Patrick,Beverley,Milwaukee Bucks,13546,9,PG,22,3,5,60.0,2,2,100.0,1,2,50.0,0,0,0,0,1,0,0,0,-13,Patrick Beverley,9,9,9,0,13546,2024-03-20 23:30:00,Boston Celtics,Milwaukee Bucks
347,115,Pat,Connaughton,Milwaukee Bucks,13546,7,SG,24,3,4,75.0,0,0,0,1,1,100.0,2,3,5,1,3,0,1,0,+11,Pat Connaughton,13,12,8,6,13546,2024-03-20 23:30:00,Boston Celtics,Milwaukee Bucks
348,3443,A.J.,Green,Milwaukee Bucks,13546,0,G,8,0,2,0,0,0,0,0,1,0,0,0,0,0,1,0,0,0,+14,A.J. Green,0,0,0,0,13546,2024-03-20 23:30:00,Boston Celtics,Milwaukee Bucks
349,404,Kelly,Olynyk,Toronto Raptors,13547,9,PF,30,4,7,57.1,0,0,0,1,3,33.3,0,3,3,4,4,0,3,2,-18,Kelly Olynyk,16,12,13,7,13547,2024-03-20 23:30:00,Toronto Raptors,Sacramento Kings
350,944,Bruce,Brown,Toronto Raptors,13547,9,SF,26,3,8,37.5,3,3,100.0,0,1,0,2,3,5,6,1,1,4,0,-22,Bruce Brown,20,14,15,11,13547,2024-03-20 23:30:00,Toronto Raptors,Sacramento Kings
351,1058,Gary,Trent Jr.,Toronto Raptors,13547,18,SG,32,6,17,35.3,2,2,100.0,4,9,44.4,3,3,6,2,2,1,0,0,-16,Gary Trent Jr.,26,24,20,8,13547,2024-03-20 23:30:00,Toronto Raptors,Sacramento Kings
352,3411,Ochai,Agbaji,Toronto Raptors,13547,13,G,30,5,10,50.0,1,2,50.0,2,4,50.0,2,1,3,1,2,3,2,0,-18,Ochai Agbaji,17,16,14,4,13547,2024-03-20 23:30:00,Toronto Raptors,Sacramento Kings
353,4027,Gradey,Dick,Toronto Raptors,13547,5,G,32,1,8,12.5,2,2,100.0,1,6,16.7,0,1,1,3,1,1,2,0,-16,Gradey Dick,9,6,8,4,13547,2024-03-20 23:30:00,Toronto Raptors,Sacramento Kings
354,1880,Jalen,McDaniels,Toronto Raptors,13547,4,PF,13,2,4,50.0,0,0,0,0,2,0,0,0,0,3,0,1,0,0,-13,Jalen McDaniels,7,4,7,3,13547,2024-03-20 23:30:00,Toronto Raptors,Sacramento Kings
355,3445,Mouhamadou,Gueye,Toronto Raptors,13547,3,F,13,1,6,16.7,1,4,25.0,0,0,0,1,1,2,0,1,1,3,1,-19,Mouhamadou Gueye,5,5,3,2,13547,2024-03-20 23:30:00,Toronto Raptors,Sacramento Kings
356,2628,Jordan,Nwora,Toronto Raptors,13547,13,SF,17,5,7,71.4,2,3,66.7,1,2,50.0,0,2,2,0,1,1,5,0,-20,Jordan Nwora,15,15,13,2,13547,2024-03-20 23:30:00,Toronto Raptors,Sacramento Kings
357,2557,Jontay,Porter,Toronto Raptors,13547,0,C,3,0,1,0,0,0,0,0,0,0,2,0,2,0,0,0,0,0,+1,Jontay Porter,2,2,0,2,13547,2024-03-20 23:30:00,Toronto Raptors,Sacramento Kings
358,2637,Jahmi'us,Ramsey,Toronto Raptors,13547,11,SG,22,5,8,62.5,0,0,0,1,3,33.3,0,3,3,1,0,1,2,0,-21,Jahmi'us Ramsey,15,14,12,4,13547,2024-03-20 23:30:00,Toronto Raptors,Sacramento Kings
359,3440,Javon,Freeman-Liberty,Toronto Raptors,13547,4,G,21,1,4,25.0,2,2,100.0,0,1,0,1,3,4,1,3,1,0,0,-8,Javon Freeman-Liberty,9,8,5,5,13547,2024-03-20 23:30:00,Toronto Raptors,Sacramento Kings
360,463,Domantas,Sabonis,Sacramento Kings,13547,13,PF,28,4,7,57.1,5,6,83.3,0,0,0,6,11,17,10,2,0,1,1,+26,Domantas Sabonis,40,30,23,27,13547,2024-03-20 23:30:00,Toronto Raptors,Sacramento Kings
361,36,Harrison,Barnes,Sacramento Kings,13547,16,SF,19,6,9,66.7,1,2,50.0,3,5,60.0,0,2,2,1,1,0,0,0,+11,Harrison Barnes,19,18,17,3,13547,2024-03-20 23:30:00,Toronto Raptors,Sacramento Kings
362,3475,Keegan,Murray,Sacramento Kings,13547,10,SF,31,5,12,41.7,0,0,0,0,5,0,3,5,8,1,3,1,2,2,+33,Keegan Murray,19,18,11,9,13547,2024-03-20 23:30:00,Toronto Raptors,Sacramento Kings
363,776,De'Aaron,Fox,Sacramento Kings,13547,20,PG,28,8,15,53.3,1,2,50.0,3,7,42.9,0,4,4,5,0,2,3,0,+22,De'Aaron Fox,29,24,25,9,13547,2024-03-20 23:30:00,Toronto Raptors,Sacramento Kings
364,3436,Keon,Ellis,Sacramento Kings,13547,6,G,25,2,6,33.3,0,0,0,2,5,40.0,0,1,1,2,1,4,0,1,+28,Keon Ellis,9,7,8,3,13547,2024-03-20 23:30:00,Toronto Raptors,Sacramento Kings
365,4021,Jalen,Slawson,Sacramento Kings,13547,2,F,8,1,2,50.0,0,0,0,0,1,0,1,1,2,0,2,1,0,0,+3,Jalen Slawson,4,4,2,2,13547,2024-03-20 23:30:00,Toronto Raptors,Sacramento Kings
366,2805,Kessler,Edwards,Sacramento Kings,13547,9,SF,12,4,8,50.0,0,0,0,1,5,20.0,1,2,3,1,1,1,1,0,0,Kessler Edwards,13,12,10,4,13547,2024-03-20 23:30:00,Toronto Raptors,Sacramento Kings
367,353,JaVale,McGee,Sacramento Kings,13547,2,C,4,1,5,20.0,0,0,0,0,0,0,2,1,3,0,0,2,0,1,+7,JaVale McGee,5,5,2,3,13547,2024-03-20 23:30:00,Toronto Raptors,Sacramento Kings
368,313,Alex,Len,Sacramento Kings,13547,6,C,16,2,2,100.0,2,2,100.0,0,0,0,0,3,3,4,1,0,0,1,+1,Alex Len,13,9,10,7,13547,2024-03-20 23:30:00,Toronto Raptors,Sacramento Kings
369,2834,Davion,Mitchell,Sacramento Kings,13547,8,PG,21,4,7,57.1,0,0,0,0,1,0,2,0,2,3,0,2,3,0,+10,Davion Mitchell,13,10,11,5,13547,2024-03-20 23:30:00,Toronto Raptors,Sacramento Kings
370,842,Malik,Monk,Sacramento Kings,13547,17,SG,20,6,12,50.0,4,4,100.0,1,7,14.3,0,2,2,2,3,1,3,0,+16,Malik Monk,21,19,19,4,13547,2024-03-20 23:30:00,Toronto Raptors,Sacramento Kings
371,2803,Chris,Duarte,Sacramento Kings,13547,14,SG,19,5,6,83.3,2,2,100.0,2,2,100.0,2,3,5,2,0,0,1,0,+14,Chris Duarte,21,19,16,7,13547,2024-03-20 23:30:00,Toronto Raptors,Sacramento Kings
372,4020,Colby,Jones,Sacramento Kings,13547,0,G,8,0,2,0,0,0,0,0,2,0,1,0,1,1,2,0,1,0,-1,Colby Jones,2,1,1,2,13547,2024-03-20 23:30:00,Toronto Raptors,Sacramento Kings
373,136,DeMar,DeRozan,Chicago Bulls,13534,28,SF,40,10,17,58.8,7,7,100.0,1,2,50.0,2,3,5,6,0,0,2,1,+12,DeMar DeRozan,39,33,34,11,13534,2024-03-19 00:00:00,Chicago Bulls,Portland Trail Blazers
374,765,Torrey,Craig,Chicago Bulls,13534,6,SF,24,2,7,28.6,0,0,0,2,5,40.0,1,1,2,2,2,1,0,1,+3,Torrey Craig,10,8,8,4,13534,2024-03-19 00:00:00,Chicago Bulls,Portland Trail Blazers
375,534,Nikola,Vucevic,Chicago Bulls,13534,22,C,35,10,17,58.8,0,2,0,2,4,50.0,1,8,9,0,3,2,3,1,-2,Nikola Vucevic,31,31,22,9,13534,2024-03-19 00:00:00,Chicago Bulls,Portland Trail Blazers
376,631,Alex,Caruso,Chicago Bulls,13534,5,SG,31,1,5,20.0,2,4,50.0,1,5,20.0,0,4,4,4,5,3,1,1,0,Alex Caruso,13,9,9,8,13534,2024-03-19 00:00:00,Chicago Bulls,Portland Trail Blazers
377,2802,Ayo,Dosunmu,Chicago Bulls,13534,23,SG,39,9,17,52.9,3,3,100.0,2,6,33.3,1,0,1,10,2,1,2,0,+12,Ayo Dosunmu,34,24,33,11,13534,2024-03-19 00:00:00,Chicago Bulls,Portland Trail Blazers
378,3494,Dalen,Terry,Chicago Bulls,13534,5,F,15,2,7,28.6,0,0,0,1,4,25.0,0,3,3,2,4,2,0,1,-3,Dalen Terry,10,8,7,5,13534,2024-03-19 00:00:00,Chicago Bulls,Portland Trail Blazers
379,3951,Onuralp,Bitim,Chicago Bulls,13534,9,SF,26,4,9,44.4,0,0,0,1,3,33.3,1,3,4,1,2,0,1,0,-7,Onuralp Bitim,14,13,10,5,13534,2024-03-19 00:00:00,Chicago Bulls,Portland Trail Blazers
380,147,Andre,Drummond,Chicago Bulls,13534,9,C,14,2,10,20.0,5,5,100.0,0,0,0,7,4,11,0,2,0,0,0,+6,Andre Drummond,20,20,9,11,13534,2024-03-19 00:00:00,Chicago Bulls,Portland Trail Blazers
381,949,Jevon,Carter,Chicago Bulls,13534,3,PG,17,1,4,25.0,0,0,0,1,4,25.0,0,1,1,1,1,0,0,0,-6,Jevon Carter,5,4,4,2,13534,2024-03-19 00:00:00,Chicago Bulls,Portland Trail Blazers
382,4015,Toumani,Camara,Portland Trail Blazers,13534,0,F,15,0,0,0,0,0,0,0,0,0,0,1,1,1,3,0,1,0,-10,Toumani Camara,2,1,1,2,13534,2024-03-19 00:00:00,Chicago Bulls,Portland Trail Blazers
383,4017,Kris,Murray,Portland Trail Blazers,13534,10,F,27,5,9,55.6,0,2,0,0,2,0,1,0,1,1,3,2,0,1,-3,Kris Murray,12,11,11,2,13534,2024-03-19 00:00:00,Chicago Bulls,Portland Trail Blazers
384,930,Deandre,Ayton,Portland Trail Blazers,13534,25,C,37,11,17,64.7,3,4,75.0,0,0,0,4,11,15,1,3,0,1,2,-8,Deandre Ayton,41,40,26,16,13534,2024-03-19 00:00:00,Chicago Bulls,Portland Trail Blazers
385,1023,Anfernee,Simons,Portland Trail Blazers,13534,30,SG,39,10,24,41.7,6,7,85.7,4,14,28.6,0,3,3,9,2,0,1,0,+3,Anfernee Simons,42,33,39,12,13534,2024-03-19 00:00:00,Chicago Bulls,Portland Trail Blazers
386,3408,Scoot,Henderson,Portland Trail Blazers,13534,14,G,30,4,17,23.5,5,6,83.3,1,3,33.3,3,3,6,5,3,1,6,0,+4,Scoot Henderson,25,20,19,11,13534,2024-03-19 00:00:00,Chicago Bulls,Portland Trail Blazers
387,3496,Jabari,Walker,Portland Trail Blazers,13534,3,F,33,1,5,20.0,1,2,50.0,0,2,0,3,7,10,4,3,1,0,0,+5,Jabari Walker,17,13,7,14,13534,2024-03-19 00:00:00,Chicago Bulls,Portland Trail Blazers
388,4018,Duop,Reath,Portland Trail Blazers,13534,14,C,17,5,6,83.3,2,2,100.0,2,3,66.7,1,0,1,0,3,0,0,0,+8,Duop Reath,15,15,14,1,13534,2024-03-19 00:00:00,Chicago Bulls,Portland Trail Blazers
389,1896,Matisse,Thybulle,Portland Trail Blazers,13534,0,SG,5,0,1,0,0,0,0,0,1,0,0,0,0,0,0,0,0,0,-1,Matisse Thybulle,0,0,0,0,13534,2024-03-19 00:00:00,Chicago Bulls,Portland Trail Blazers
390,2788,Dalano,Banton,Portland Trail Blazers,13534,11,G,33,4,7,57.1,2,2,100.0,1,2,50.0,1,4,5,0,4,3,4,2,-5,Dalano Banton,16,16,11,5,13534,2024-03-19 00:00:00,Chicago Bulls,Portland Trail Blazers
391,4069,R.,Rupert,Portland Trail Blazers,13534,0,G,4,0,2,0,0,0,0,0,1,0,0,1,1,0,0,0,0,0,-8,R. Rupert,1,1,0,1,13534,2024-03-19 00:00:00,Chicago Bulls,Portland Trail Blazers
392,761,John,Collins,Utah Jazz,13535,11,PF,20,5,9,55.6,1,2,50.0,0,0,0,2,4,6,0,4,0,0,0,+4,John Collins,17,17,11,6,13535,2024-03-19 01:00:00,Utah Jazz,Minnesota Timberwolves
393,830,Lauri,Markkanen,Utah Jazz,13535,22,PF,31,8,16,50.0,5,5,100.0,1,5,20.0,3,9,12,1,1,2,6,1,-7,Lauri Markkanen,35,34,23,13,13535,2024-03-19 01:00:00,Utah Jazz,Minnesota Timberwolves
394,4031,Taylor,Hendricks,Utah Jazz,13535,8,F,28,3,6,50.0,0,0,0,2,4,50.0,0,6,6,1,1,1,0,1,+1,Taylor Hendricks,15,14,9,7,13535,2024-03-19 01:00:00,Utah Jazz,Minnesota Timberwolves
395,152,Kris,Dunn,Utah Jazz,13535,8,G,27,3,9,33.3,0,0,0,2,6,33.3,3,0,3,5,3,0,0,0,+2,Kris Dunn,16,11,13,8,13535,2024-03-19 01:00:00,Utah Jazz,Minnesota Timberwolves
396,4029,Keyonte,George,Utah Jazz,13535,15,G,30,6,12,50.0,1,1,100.0,2,3,66.7,0,3,3,8,0,1,6,0,-5,Keyonte George,26,18,23,11,13535,2024-03-19 01:00:00,Utah Jazz,Minnesota Timberwolves
397,4034,Brice,Sensabaugh,Utah Jazz,13535,3,F,15,1,5,20.0,0,0,0,1,3,33.3,0,1,1,3,1,0,0,0,-9,Brice Sensabaugh,7,4,6,4,13535,2024-03-19 01:00:00,Utah Jazz,Minnesota Timberwolves
398,3457,Walker,Kessler,Utah Jazz,13535,6,C,28,2,3,66.7,2,2,100.0,0,0,0,5,9,14,2,2,0,1,1,-14,Walker Kessler,22,20,8,16,13535,2024-03-19 01:00:00,Utah Jazz,Minnesota Timberwolves
399,1021,Collin,Sexton,Utah Jazz,13535,24,PG,37,9,17,52.9,1,1,100.0,5,8,62.5,1,0,1,2,0,0,4,0,-10,Collin Sexton,27,25,26,3,13535,2024-03-19 01:00:00,Utah Jazz,Minnesota Timberwolves
400,2611,Kira,Lewis Jr.,Utah Jazz,13535,0,PG,7,0,0,0,0,0,0,0,0,0,0,0,0,0,0,0,0,0,-10,Kira Lewis Jr.,0,0,0,0,13535,2024-03-19 01:00:00,Utah Jazz,Minnesota Timberwolves
401,1867,Talen,Horton-Tucker,Utah Jazz,13535,7,SG,19,2,7,28.6,2,3,66.7,1,3,33.3,0,1,1,3,1,2,0,0,-2,Talen Horton-Tucker,11,8,10,4,13535,2024-03-19 01:00:00,Utah Jazz,Minnesota Timberwolves
402,4032,Taevion,Kinsey,Utah Jazz,13535,0,G,0,0,0,0,0,0,0,0,0,0,0,0,0,0,0,0,0,0,0,Taevion Kinsey,0,0,0,0,13535,2024-03-19 01:00:00,Utah Jazz,Minnesota Timberwolves
403,2621,Jaden,McDaniels,Minnesota Timberwolves,13535,9,PF,33,4,13,30.8,0,0,0,1,5,20.0,3,5,8,1,4,1,0,2,+2,Jaden McDaniels,18,17,10,9,13535,2024-03-19 01:00:00,Utah Jazz,Minnesota Timberwolves
404,18,Kyle,Anderson,Minnesota Timberwolves,13535,10,SF,33,4,8,50.0,1,2,50.0,1,2,50.0,3,3,6,5,3,0,1,1,+20,Kyle Anderson,21,16,15,11,13535,2024-03-19 01:00:00,Utah Jazz,Minnesota Timberwolves
405,2146,Naz,Reid,Minnesota Timberwolves,13535,17,C,17,7,12,58.3,1,2,50.0,2,4,50.0,2,2,4,0,1,0,1,1,+3,Naz Reid,21,21,17,4,13535,2024-03-19 01:00:00,Utah Jazz,Minnesota Timberwolves
406,114,Mike,Conley,Minnesota Timberwolves,13535,4,PG,27,2,8,25.0,0,0,0,0,5,0,0,1,1,2,2,2,1,1,+15,Mike Conley,7,5,6,3,13535,2024-03-19 01:00:00,Utah Jazz,Minnesota Timberwolves
407,2584,Anthony,Edwards,Minnesota Timberwolves,13535,32,SG,38,13,23,56.5,4,4,100.0,2,8,25.0,1,6,7,8,2,1,3,2,-1,Anthony Edwards,47,39,40,15,13535,2024-03-19 01:00:00,Utah Jazz,Minnesota Timberwolves
408,806,Justin,Jackson,Minnesota Timberwolves,13535,0,F,0,0,0,0,0,0,0,0,0,0,0,0,0,0,0,0,0,0,0,Justin Jackson,0,0,0,0,13535,2024-03-19 01:00:00,Utah Jazz,Minnesota Timberwolves
409,540,T.J.,Warren,Minnesota Timberwolves,13535,2,SF,9,1,3,33.3,0,0,0,0,1,0,1,1,2,2,0,1,1,0,-2,T.J. Warren,6,4,4,4,13535,2024-03-19 01:00:00,Utah Jazz,Minnesota Timberwolves
410,2807,Luka,Garza,Minnesota Timberwolves,13535,8,C,11,3,5,60.0,0,0,0,2,4,50.0,1,0,1,0,1,0,2,0,-13,Luka Garza,9,9,8,1,13535,2024-03-19 01:00:00,Utah Jazz,Minnesota Timberwolves
411,845,Monte,Morris,Minnesota Timberwolves,13535,8,PG,16,3,5,60.0,0,0,0,2,3,66.7,0,1,1,4,0,0,0,0,-5,Monte Morris,13,9,12,5,13535,2024-03-19 01:00:00,Utah Jazz,Minnesota Timberwolves
412,997,Jordan,McLaughlin,Minnesota Timberwolves,13535,11,PG,22,3,3,100.0,2,2,100.0,3,3,100.0,0,1,1,0,0,1,0,0,+5,Jordan McLaughlin,12,12,11,1,13535,2024-03-19 01:00:00,Utah Jazz,Minnesota Timberwolves
413,1845,Nickeil,Alexander-Walker,Minnesota Timberwolves,13535,13,SG,34,4,11,36.4,2,2,100.0,3,6,50.0,1,3,4,5,2,3,0,2,+26,Nickeil Alexander-Walker,22,17,18,9,13535,2024-03-19 01:00:00,Utah Jazz,Minnesota Timberwolves
414,204,Draymond,Green,Golden State Warriors,13536,2,PF,31,1,7,14.3,0,0,0,0,2,0,3,5,8,5,2,1,4,0,-7,Draymond Green,15,10,7,13,13536,2024-03-19 02:00:00,Golden State Warriors,New York Knicks
415,2827,Jonathan,Kuminga,Golden State Warriors,13536,16,PF,26,7,13,53.8,2,2,100.0,0,2,0,0,1,1,1,2,1,2,0,-11,Jonathan Kuminga,18,17,17,2,13536,2024-03-19 02:00:00,Golden State Warriors,New York Knicks
416,548,Andrew,Wiggins,Golden State Warriors,13536,7,SF,24,2,9,22.2,2,4,50.0,1,3,33.3,4,4,8,0,1,1,1,0,-10,Andrew Wiggins,15,15,7,8,13536,2024-03-19 02:00:00,Golden State Warriors,New York Knicks
417,124,Stephen,Curry,Golden State Warriors,13536,27,PG,33,8,20,40.0,7,7,100.0,4,13,30.8,0,5,5,5,1,0,2,0,-9,Stephen Curry,37,32,32,10,13536,2024-03-19 02:00:00,Golden State Warriors,New York Knicks
418,3975,Brandin,Podziemski,Golden State Warriors,13536,0,G,25,0,2,0,0,0,0,0,1,0,1,1,2,2,3,0,1,1,-15,Brandin Podziemski,4,2,2,4,13536,2024-03-19 02:00:00,Golden State Warriors,New York Knicks
419,3973,Trayce,JacksonDavis,Golden State Warriors,13536,19,F,26,9,9,100.0,1,2,50.0,0,0,0,3,6,9,2,2,0,0,3,+6,Trayce JacksonDavis,30,28,21,11,13536,2024-03-19 02:00:00,Golden State Warriors,New York Knicks
420,415,Chris,Paul,Golden State Warriors,13536,14,PG,20,6,9,66.7,0,0,0,2,2,100.0,0,4,4,4,3,1,1,0,-2,Chris Paul,22,18,18,8,13536,2024-03-19 02:00:00,Golden State Warriors,New York Knicks
421,514,Klay,Thompson,Golden State Warriors,13536,18,SG,31,6,15,40.0,1,1,100.0,5,10,50.0,1,1,2,8,0,2,0,1,+11,Klay Thompson,28,20,26,10,13536,2024-03-19 02:00:00,Golden State Warriors,New York Knicks
422,593,Gary,Payton II,Golden State Warriors,13536,6,SG,17,2,2,100.0,1,2,50.0,1,1,100.0,0,0,0,1,2,0,2,0,+5,Gary Payton II,7,6,7,1,13536,2024-03-19 02:00:00,Golden State Warriors,New York Knicks
423,2836,Moses,Moody,Golden State Warriors,13536,3,SG,8,1,2,50.0,0,0,0,1,2,50.0,0,0,0,1,0,1,0,0,-3,Moses Moody,4,3,4,1,13536,2024-03-19 02:00:00,Golden State Warriors,New York Knicks
424,978,Isaiah,Hartenstein,New York Knicks,13536,13,C,25,6,7,85.7,1,2,50.0,0,0,0,5,5,10,4,2,2,0,1,+26,Isaiah Hartenstein,27,23,17,14,13536,2024-03-19 02:00:00,Golden State Warriors,New York Knicks
425,946,Jalen,Brunson,New York Knicks,13536,34,PG,35,12,25,48.0,7,8,87.5,3,9,33.3,0,5,5,7,2,1,3,0,+13,Jalen Brunson,46,39,41,12,13536,2024-03-19 02:00:00,Golden State Warriors,New York Knicks
426,2832,Miles,McBride,New York Knicks,13536,29,PG,47,9,13,69.2,5,6,83.3,6,9,66.7,1,0,1,2,4,1,1,0,+3,Miles McBride,32,30,31,3,13536,2024-03-19 02:00:00,Golden State Warriors,New York Knicks
427,791,Josh,Hart,New York Knicks,13536,10,SG,48,5,18,27.8,0,0,0,0,6,0,2,9,11,11,3,1,2,0,+7,Josh Hart,32,21,21,22,13536,2024-03-19 02:00:00,Golden State Warriors,New York Knicks
428,962,Donte,DiVincenzo,New York Knicks,13536,18,SG,31,7,13,53.8,0,0,0,4,8,50.0,1,3,4,1,4,1,0,0,+5,Donte DiVincenzo,23,22,19,5,13536,2024-03-19 02:00:00,Golden State Warriors,New York Knicks
429,2561,Precious,Achiuwa,New York Knicks,13536,6,PF,18,2,4,50.0,2,2,100.0,0,0,0,5,4,9,1,0,0,1,0,-14,Precious Achiuwa,16,15,7,10,13536,2024-03-19 02:00:00,Golden State Warriors,New York Knicks
430,60,Bojan,Bogdanovic,New York Knicks,13536,4,SF,17,2,6,33.3,0,0,0,0,2,0,0,2,2,2,0,0,2,0,+2,Bojan Bogdanovic,8,6,6,4,13536,2024-03-19 02:00:00,Golden State Warriors,New York Knicks
431,2849,Jericho,Sims,New York Knicks,13536,0,C,5,0,0,0,0,0,0,0,0,0,0,1,1,0,2,0,1,0,-5,Jericho Sims,1,1,0,1,13536,2024-03-19 02:00:00,Golden State Warriors,New York Knicks
432,84,Alec,Burks,New York Knicks,13536,5,SG,14,1,5,20.0,2,2,100.0,1,3,33.3,0,1,1,1,0,0,0,0,-2,Alec Burks,7,6,6,2,13536,2024-03-19 02:00:00,Golden State Warriors,New York Knicks
433,463,Domantas,Sabonis,Sacramento Kings,13537,25,PF,40,6,17,35.3,13,15,86.7,0,2,0,7,11,18,5,4,0,2,2,+2,Domantas Sabonis,48,43,30,23,13537,2024-03-19 02:00:00,Sacramento Kings,Memphis Grizzlies
434,36,Harrison,Barnes,Sacramento Kings,13537,11,SF,24,5,11,45.5,0,0,0,1,4,25.0,0,5,5,0,1,0,2,0,-14,Harrison Barnes,16,16,11,5,13537,2024-03-19 02:00:00,Sacramento Kings,Memphis Grizzlies
435,3475,Keegan,Murray,Sacramento Kings,13537,15,SF,42,6,17,35.3,1,4,25.0,2,8,25.0,3,7,10,3,2,2,1,0,+12,Keegan Murray,28,25,18,13,13537,2024-03-19 02:00:00,Sacramento Kings,Memphis Grizzlies
436,776,De'Aaron,Fox,Sacramento Kings,13537,23,PG,43,8,16,50.0,3,4,75.0,4,7,57.1,1,6,7,10,4,3,6,1,0,De'Aaron Fox,40,30,33,17,13537,2024-03-19 02:00:00,Sacramento Kings,Memphis Grizzlies
437,980,Kevin,Huerter,Sacramento Kings,13537,0,SG,2,0,0,0,0,0,0,0,0,0,0,1,1,1,0,1,1,0,+2,Kevin Huerter,2,1,1,2,13537,2024-03-19 02:00:00,Sacramento Kings,Memphis Grizzlies
438,313,Alex,Len,Sacramento Kings,13537,6,C,13,2,2,100.0,2,2,100.0,0,0,0,0,3,3,1,4,0,0,2,+5,Alex Len,10,9,7,4,13537,2024-03-19 02:00:00,Sacramento Kings,Memphis Grizzlies
439,2834,Davion,Mitchell,Sacramento Kings,13537,0,PG,10,0,2,0,0,0,0,0,2,0,0,0,0,0,1,0,0,0,+11,Davion Mitchell,0,0,0,0,13537,2024-03-19 02:00:00,Sacramento Kings,Memphis Grizzlies
440,842,Malik,Monk,Sacramento Kings,13537,28,SG,39,10,19,52.6,7,7,100.0,1,6,16.7,1,5,6,6,3,0,3,0,+19,Malik Monk,40,34,34,12,13537,2024-03-19 02:00:00,Sacramento Kings,Memphis Grizzlies
441,2803,Chris,Duarte,Sacramento Kings,13537,8,SG,18,3,6,50.0,0,0,0,2,4,50.0,1,1,2,1,2,0,0,0,0,Chris Duarte,11,10,9,3,13537,2024-03-19 02:00:00,Sacramento Kings,Memphis Grizzlies
442,3436,Keon,Ellis,Sacramento Kings,13537,5,G,34,2,4,50.0,0,0,0,1,2,50.0,2,5,7,3,4,1,2,5,+13,Keon Ellis,15,12,8,10,13537,2024-03-19 02:00:00,Sacramento Kings,Memphis Grizzlies
443,982,Jaren,Jackson Jr.,Memphis Grizzlies,13537,25,PF,39,8,27,29.6,8,9,88.9,1,6,16.7,1,1,2,4,6,1,4,4,-2,Jaren Jackson Jr.,31,27,29,6,13537,2024-03-19 02:00:00,Sacramento Kings,Memphis Grizzlies
444,2786,Santi,Aldama,Memphis Grizzlies,13537,14,PF,39,5,11,45.5,2,3,66.7,2,6,33.3,1,8,9,2,2,2,2,1,-3,Santi Aldama,25,23,16,11,13537,2024-03-19 02:00:00,Sacramento Kings,Memphis Grizzlies
445,3994,GG,Jackson,Memphis Grizzlies,13537,22,F,44,8,13,61.5,2,2,100.0,4,8,50.0,1,6,7,0,2,3,2,0,-5,GG Jackson,29,29,22,7,13537,2024-03-19 02:00:00,Sacramento Kings,Memphis Grizzlies
446,2177,John,Konchar,Memphis Grizzlies,13537,6,SG,35,2,6,33.3,2,2,100.0,0,2,0,4,6,10,3,5,4,1,2,+8,John Konchar,19,16,9,13,13537,2024-03-19 02:00:00,Sacramento Kings,Memphis Grizzlies
447,2568,Desmond,Bane,Memphis Grizzlies,13537,24,SG,37,7,19,36.8,8,8,100.0,2,7,28.6,0,5,5,4,2,3,1,0,-17,Desmond Bane,33,29,28,9,13537,2024-03-19 02:00:00,Sacramento Kings,Memphis Grizzlies
448,970,Wenyen,Gabriel,Memphis Grizzlies,13537,0,F,0,0,0,0,0,0,0,0,0,0,0,0,0,0,0,0,0,0,0,Wenyen Gabriel,0,0,0,0,13537,2024-03-19 02:00:00,Sacramento Kings,Memphis Grizzlies
449,2884,DeJon,Jarreau,Memphis Grizzlies,13537,8,F,17,3,8,37.5,0,2,0,2,3,66.7,1,2,3,2,1,0,1,0,-5,DeJon Jarreau,13,11,10,5,13537,2024-03-19 02:00:00,Sacramento Kings,Memphis Grizzlies
450,3993,Matthew,Hurt,Memphis Grizzlies,13537,0,F,0,0,0,0,0,0,0,0,0,0,0,0,0,0,0,0,0,0,0,Matthew Hurt,0,0,0,0,13537,2024-03-19 02:00:00,Sacramento Kings,Memphis Grizzlies
451,3460,Jake,LaRavia,Memphis Grizzlies,13537,12,F,41,4,13,30.8,2,4,50.0,2,6,33.3,3,5,8,5,3,0,1,0,-18,Jake LaRavia,25,20,17,13,13537,2024-03-19 02:00:00,Sacramento Kings,Memphis Grizzlies
452,4003,Trey,Jemison,Memphis Grizzlies,13537,0,C,13,0,1,0,0,0,0,0,0,0,4,1,5,2,2,0,0,0,-8,Trey Jemison,7,5,2,7,13537,2024-03-19 02:00:00,Sacramento Kings,Memphis Grizzlies
453,126,Anthony,Davis,Los Angeles Lakers,13538,22,PF,31,10,14,71.4,1,2,50.0,1,2,50.0,1,14,15,6,2,2,2,1,+28,Anthony Davis,43,37,28,21,13538,2024-03-19 02:30:00,Los Angeles Lakers,Atlanta Hawks
454,1862,Rui,Hachimura,Los Angeles Lakers,13538,17,PF,26,7,10,70.0,2,2,100.0,1,2,50.0,0,3,3,1,3,0,0,0,+21,Rui Hachimura,21,20,18,4,13538,2024-03-19 02:30:00,Los Angeles Lakers,Atlanta Hawks
455,265,LeBron,James,Los Angeles Lakers,13538,25,SF,29,10,14,71.4,3,3,100.0,2,5,40.0,0,7,7,10,0,0,2,0,+20,LeBron James,42,32,35,17,13538,2024-03-19 02:30:00,Los Angeles Lakers,Atlanta Hawks
456,462,D'Angelo,Russell,Los Angeles Lakers,13538,27,PG,30,8,14,57.1,5,5,100.0,6,10,60.0,0,4,4,10,1,1,1,0,+27,D'Angelo Russell,41,31,37,14,13538,2024-03-19 02:30:00,Los Angeles Lakers,Atlanta Hawks
457,2845,Austin,Reaves,Los Angeles Lakers,13538,12,SG,28,4,9,44.4,4,4,100.0,0,3,0,1,5,6,4,3,1,0,1,+21,Austin Reaves,22,18,16,10,13538,2024-03-19 02:30:00,Los Angeles Lakers,Atlanta Hawks
458,437,Taurean,Prince,Los Angeles Lakers,13538,8,PF,20,3,8,37.5,0,0,0,2,7,28.6,0,5,5,1,2,0,1,1,+15,Taurean Prince,14,13,9,6,13538,2024-03-19 02:30:00,Los Angeles Lakers,Atlanta Hawks
459,4041,Harry III,Giles,Los Angeles Lakers,13538,2,F,5,1,1,100.0,0,0,0,0,0,0,0,1,1,0,0,0,0,0,-3,Harry III Giles,3,3,2,1,13538,2024-03-19 02:30:00,Los Angeles Lakers,Atlanta Hawks
460,3991,Maxwell,Lewis,Los Angeles Lakers,13538,0,F,5,0,1,0,0,0,0,0,1,0,0,0,0,2,0,0,0,0,-3,Maxwell Lewis,2,0,2,2,13538,2024-03-19 02:30:00,Los Angeles Lakers,Atlanta Hawks
461,1864,Jaxson,Hayes,Los Angeles Lakers,13538,7,C,17,3,4,75.0,1,2,50.0,0,0,0,1,2,3,0,2,0,0,1,+3,Jaxson Hayes,10,10,7,3,13538,2024-03-19 02:30:00,Los Angeles Lakers,Atlanta Hawks
462,142,Spencer,Dinwiddie,Los Angeles Lakers,13538,3,PG,21,1,4,25.0,0,0,0,1,2,50.0,0,1,1,3,0,0,1,0,+23,Spencer Dinwiddie,7,4,6,4,13538,2024-03-19 02:30:00,Los Angeles Lakers,Atlanta Hawks
463,2620,Skylar,Mays,Los Angeles Lakers,13538,2,SG,5,1,2,50.0,0,0,0,0,0,0,0,0,0,1,1,2,1,0,-3,Skylar Mays,3,2,3,1,13538,2024-03-19 02:30:00,Los Angeles Lakers,Atlanta Hawks
464,3427,Max,Christie,Los Angeles Lakers,13538,11,G,22,4,9,44.4,1,2,50.0,2,4,50.0,1,2,3,1,1,0,0,0,+6,Max Christie,15,14,12,4,13538,2024-03-19 02:30:00,Los Angeles Lakers,Atlanta Hawks
465,2819,Jalen,Johnson,Atlanta Hawks,13538,25,SF,32,9,20,45.0,5,6,83.3,2,11,18.2,2,7,9,4,1,0,1,1,-22,Jalen Johnson,38,34,29,13,13538,2024-03-19 02:30:00,Los Angeles Lakers,Atlanta Hawks
466,92,Clint,Capela,Atlanta Hawks,13538,10,C,20,5,10,50.0,0,0,0,0,0,0,4,5,9,0,1,1,1,1,-8,Clint Capela,19,19,10,9,13538,2024-03-19 02:30:00,Los Angeles Lakers,Atlanta Hawks
467,743,Bogdan,Bogdanovic,Atlanta Hawks,13538,17,SG,26,5,11,45.5,4,4,100.0,3,5,60.0,1,2,3,0,3,0,2,0,-12,Bogdan Bogdanovic,20,20,17,3,13538,2024-03-19 02:30:00,Los Angeles Lakers,Atlanta Hawks
468,382,Dejounte,Murray,Atlanta Hawks,13538,13,SG,31,6,18,33.3,0,0,0,1,9,11.1,1,4,5,10,1,3,2,0,-25,Dejounte Murray,28,18,23,15,13538,2024-03-19 02:30:00,Los Angeles Lakers,Atlanta Hawks
469,2608,Vit,Krejci,Atlanta Hawks,13538,11,G,25,5,8,62.5,0,0,0,1,3,33.3,0,1,1,1,3,0,1,1,-9,Vit Krejci,13,12,12,2,13538,2024-03-19 02:30:00,Los Angeles Lakers,Atlanta Hawks
470,1858,Bruno,Fernando,Atlanta Hawks,13538,5,PF,9,1,3,33.3,3,4,75.0,0,0,0,2,4,6,2,1,0,1,1,-4,Bruno Fernando,13,11,7,8,13538,2024-03-19 02:30:00,Los Angeles Lakers,Atlanta Hawks
471,2629,Onyeka,Okongwu,Atlanta Hawks,13538,11,PF,19,5,7,71.4,0,1,0,1,3,33.3,1,3,4,2,0,2,0,0,-19,Onyeka Okongwu,17,15,13,6,13538,2024-03-19 02:30:00,Los Angeles Lakers,Atlanta Hawks
472,1868,De'Andre,Hunter,Atlanta Hawks,13538,8,SF,26,4,14,28.6,0,0,0,0,5,0,0,1,1,3,1,1,0,1,-22,De'Andre Hunter,12,9,11,4,13538,2024-03-19 02:30:00,Los Angeles Lakers,Atlanta Hawks
473,341,Wesley,Matthews,Atlanta Hawks,13538,3,SG,11,1,2,50.0,0,0,0,1,2,50.0,0,0,0,3,1,1,0,0,-5,Wesley Matthews,6,3,6,3,13538,2024-03-19 02:30:00,Los Angeles Lakers,Atlanta Hawks
474,2327,Garrison,Mathews,Atlanta Hawks,13538,0,SG,19,0,3,0,0,0,0,0,3,0,0,0,0,1,2,0,0,0,-15,Garrison Mathews,1,0,1,1,13538,2024-03-19 02:30:00,Los Angeles Lakers,Atlanta Hawks
475,2589,Trent,Forrest,Atlanta Hawks,13538,2,G,22,1,2,50.0,0,0,0,0,0,0,1,3,4,6,0,0,1,0,-14,Trent Forrest,12,6,8,10,13538,2024-03-19 02:30:00,Los Angeles Lakers,Atlanta Hawks
476,3414,Paolo,Banchero,Orlando Magic,13539,13,PF,26,6,7,85.7,0,0,0,1,2,50.0,0,1,1,5,1,0,1,0,+14,Paolo Banchero,19,14,18,6,13539,2024-03-19 23:00:00,Orlando Magic,Charlotte Hornets
477,2858,Franz,Wagner,Orlando Magic,13539,11,SF,24,4,9,44.4,3,3,100.0,0,3,0,0,0,0,3,1,1,1,0,+17,Franz Wagner,14,11,14,3,13539,2024-03-19 23:00:00,Orlando Magic,Charlotte Hornets
478,950,Wendell,Carter Jr.,Orlando Magic,13539,8,C,24,3,6,50.0,1,1,100.0,1,2,50.0,1,7,8,3,1,1,4,0,+17,Wendell Carter Jr.,19,16,11,11,13539,2024-03-19 23:00:00,Orlando Magic,Charlotte Hornets
479,220,Gary,Harris,Orlando Magic,13539,3,SG,17,1,2,50.0,0,0,0,1,2,50.0,0,1,1,0,0,0,2,0,-1,Gary Harris,4,4,3,1,13539,2024-03-19 23:00:00,Orlando Magic,Charlotte Hornets
480,2852,Jalen,Suggs,Orlando Magic,13539,16,SG,25,6,9,66.7,2,2,100.0,2,5,40.0,0,4,4,6,1,3,0,2,+17,Jalen Suggs,26,20,22,10,13539,2024-03-19 23:00:00,Orlando Magic,Charlotte Hornets
481,801,Jonathan,Isaac,Orlando Magic,13539,8,PF,8,2,2,100.0,3,3,100.0,1,1,100.0,0,2,2,1,0,1,0,0,+13,Jonathan Isaac,11,10,9,3,13539,2024-03-19 23:00:00,Orlando Magic,Charlotte Hornets
482,1883,Chuma,Okeke,Orlando Magic,13539,0,PF,9,0,2,0,0,0,0,0,2,0,0,2,2,1,0,1,2,0,-7,Chuma Okeke,3,2,1,3,13539,2024-03-19 23:00:00,Orlando Magic,Charlotte Hornets
483,1892,Admiral,Schofield,Orlando Magic,13539,5,SF,6,2,3,66.7,0,0,0,1,1,100.0,0,1,1,0,1,1,0,0,-7,Admiral Schofield,6,6,5,1,13539,2024-03-19 23:00:00,Orlando Magic,Charlotte Hornets
484,1037,Moritz,Wagner,Orlando Magic,13539,13,C,14,5,9,55.6,3,3,100.0,0,1,0,2,3,5,2,0,0,1,1,+10,Moritz Wagner,20,18,15,7,13539,2024-03-19 23:00:00,Orlando Magic,Charlotte Hornets
485,1848,Goga,Bitadze,Orlando Magic,13539,6,C,9,3,5,60.0,0,0,0,0,1,0,3,0,3,2,0,0,0,1,-7,Goga Bitadze,11,9,8,5,13539,2024-03-19 23:00:00,Orlando Magic,Charlotte Hornets
486,779,Markelle,Fultz,Orlando Magic,13539,0,PG,18,0,4,0,0,0,0,0,0,0,2,1,3,1,3,0,1,0,+10,Markelle Fultz,4,3,1,4,13539,2024-03-19 23:00:00,Orlando Magic,Charlotte Hornets
487,2563,Cole,Anthony,Orlando Magic,13539,21,PG,21,9,12,75.0,0,1,0,3,5,60.0,1,5,6,3,1,1,2,1,+24,Cole Anthony,30,27,24,9,13539,2024-03-19 23:00:00,Orlando Magic,Charlotte Hornets
488,258,Joe,Ingles,Orlando Magic,13539,3,SG,15,1,3,33.3,0,0,0,1,3,33.3,0,3,3,4,0,1,2,0,+14,Joe Ingles,10,6,7,7,13539,2024-03-19 23:00:00,Orlando Magic,Charlotte Hornets
489,3449,Caleb,Houstan,Orlando Magic,13539,3,G,15,1,5,20.0,0,0,0,1,5,20.0,0,1,1,0,1,0,0,0,-7,Caleb Houstan,4,4,3,1,13539,2024-03-19 23:00:00,Orlando Magic,Charlotte Hornets
490,4010,Anthony,Black,Orlando Magic,13539,2,G,9,1,3,33.3,0,0,0,0,1,0,1,0,1,1,0,0,0,1,-7,Anthony Black,4,3,3,2,13539,2024-03-19 23:00:00,Orlando Magic,Charlotte Hornets
491,3950,Brandon,Miller,Charlotte Hornets,13539,21,F,32,7,20,35.0,3,4,75.0,4,9,44.4,1,6,7,1,2,1,2,0,-25,Brandon Miller,29,28,22,8,13539,2024-03-19 23:00:00,Orlando Magic,Charlotte Hornets
492,941,Miles,Bridges,Charlotte Hornets,13539,16,SF,38,8,15,53.3,0,0,0,0,4,0,1,3,4,5,0,1,3,0,-17,Miles Bridges,25,20,21,9,13539,2024-03-19 23:00:00,Orlando Magic,Charlotte Hornets
493,2639,Nick,Richards,Charlotte Hornets,13539,4,C,28,2,4,50.0,0,0,0,0,0,0,1,5,6,3,4,1,2,0,-12,Nick Richards,13,10,7,9,13539,2024-03-19 23:00:00,Orlando Magic,Charlotte Hornets
494,2831,Tre,Mann,Charlotte Hornets,13539,11,PG,29,5,8,62.5,0,0,0,1,2,50.0,0,4,4,5,0,1,1,0,-2,Tre Mann,20,15,16,9,13539,2024-03-19 23:00:00,Orlando Magic,Charlotte Hornets
495,2739,Vasilije,Micic,Charlotte Hornets,13539,20,G,27,8,10,80.0,2,2,100.0,2,3,66.7,0,1,1,1,1,1,3,0,-23,Vasilije Micic,22,21,21,2,13539,2024-03-19 23:00:00,Orlando Magic,Charlotte Hornets
496,1901,Grant,Williams,Charlotte Hornets,13539,5,PF,23,2,6,33.3,1,2,50.0,0,3,0,1,2,3,1,2,0,1,0,-18,Grant Williams,9,8,6,4,13539,2024-03-19 23:00:00,Orlando Magic,Charlotte Hornets
497,2633,Aleksej,Pokusevski,Charlotte Hornets,13539,3,F,28,1,5,20.0,1,1,100.0,0,1,0,0,5,5,1,1,1,3,0,-12,Aleksej Pokusevski,9,8,4,6,13539,2024-03-19 23:00:00,Orlando Magic,Charlotte Hornets
498,2856,JT,Thor,Charlotte Hornets,13539,2,F,13,1,2,50.0,0,0,0,0,1,0,0,0,0,0,2,0,0,0,+17,JT Thor,2,2,2,0,13539,2024-03-19 23:00:00,Orlando Magic,Charlotte Hornets
499,52,Davis,Bertans,Charlotte Hornets,13539,0,SF,9,0,2,0,0,0,0,0,1,0,0,0,0,0,1,1,1,1,-22,Davis Bertans,0,0,0,0,13539,2024-03-19 23:00:00,Orlando Magic,Charlotte Hornets
500,4042,Nick Jr.,Smith,Charlotte Hornets,13539,8,G,6,3,4,75.0,0,0,0,2,3,66.7,0,0,0,1,0,0,1,0,+7,Nick Jr. Smith,9,8,9,1,13539,2024-03-19 23:00:00,Orlando Magic,Charlotte Hornets
501,3947,Amari,Bailey,Charlotte Hornets,13539,2,G,6,1,3,33.3,0,0,0,0,2,0,0,0,0,1,0,1,0,0,+7,Amari Bailey,3,2,3,1,13539,2024-03-19 23:00:00,Orlando Magic,Charlotte Hornets
502,246,Richaun,Holmes,Washington Wizards,13540,12,F,26,4,5,80.0,4,4,100.0,0,0,0,4,5,9,0,2,1,1,1,-18,Richaun Holmes,21,21,12,9,13540,2024-03-19 23:00:00,Washington Wizards,Houston Rockets
503,3413,Patrick,Baldwin Jr.,Washington Wizards,13540,12,F,21,4,9,44.4,3,5,60.0,1,5,20.0,2,5,7,3,5,1,0,0,-9,Patrick Baldwin Jr.,22,19,15,10,13540,2024-03-19 23:00:00,Washington Wizards,Houston Rockets
504,2825,Corey,Kispert,Washington Wizards,13540,16,SF,35,6,11,54.5,0,2,0,4,7,57.1,0,1,1,1,3,0,3,0,-27,Corey Kispert,18,17,17,2,13540,2024-03-19 23:00:00,Washington Wizards,Houston Rockets
505,1887,Jordan,Poole,Washington Wizards,13540,13,SG,28,5,18,27.8,1,1,100.0,2,6,33.3,0,5,5,2,4,0,2,0,-24,Jordan Poole,20,18,15,7,13540,2024-03-19 23:00:00,Washington Wizards,Houston Rockets
506,3428,Johnny,Davis,Washington Wizards,13540,2,G,27,1,7,14.3,0,0,0,0,1,0,0,1,1,0,2,1,0,0,-11,Johnny Davis,3,3,2,1,13540,2024-03-19 23:00:00,Washington Wizards,Houston Rockets
507,2590,Anthony,Gill,Washington Wizards,13540,12,PF,22,5,9,55.6,0,0,0,2,3,66.7,3,5,8,3,3,0,1,0,-5,Anthony Gill,23,20,15,11,13540,2024-03-19 23:00:00,Washington Wizards,Houston Rockets
508,2798,Justin,Champagnie,Washington Wizards,13540,16,SF,31,4,9,44.4,6,6,100.0,2,6,33.3,6,2,8,2,3,2,2,0,-15,Justin Champagnie,26,24,18,10,13540,2024-03-19 23:00:00,Washington Wizards,Houston Rockets
509,2796,Jared,Butler,Washington Wizards,13540,15,SG,31,7,19,36.8,0,0,0,1,6,16.7,0,3,3,9,3,1,1,1,-14,Jared Butler,27,18,24,12,13540,2024-03-19 23:00:00,Washington Wizards,Houston Rockets
510,3576,Jules,Bernard,Washington Wizards,13540,16,G,19,6,11,54.5,1,2,50.0,3,5,60.0,2,0,2,4,2,0,0,0,+8,Jules Bernard,22,18,20,6,13540,2024-03-19 23:00:00,Washington Wizards,Houston Rockets
511,3489,Jabari,Smith Jr.,Houston Rockets,13540,18,PF,31,7,13,53.8,2,3,66.7,2,7,28.6,4,10,14,0,2,1,0,0,-2,Jabari Smith Jr.,32,32,18,14,13540,2024-03-19 23:00:00,Washington Wizards,Houston Rockets
512,3977,Amen,Thompson,Houston Rockets,13540,25,F,32,10,12,83.3,5,7,71.4,0,0,0,3,7,10,2,1,0,2,1,+32,Amen Thompson,37,35,27,12,13540,2024-03-19 23:00:00,Washington Wizards,Houston Rockets
513,749,Dillon,Brooks,Houston Rockets,13540,2,SF,23,1,7,14.3,0,0,0,0,5,0,0,1,1,0,1,0,2,0,+13,Dillon Brooks,3,3,2,1,13540,2024-03-19 23:00:00,Washington Wizards,Houston Rockets
514,527,Fred,VanVleet,Houston Rockets,13540,7,PG,32,3,11,27.3,0,1,0,1,4,25.0,0,3,3,11,1,2,1,1,+3,Fred VanVleet,21,10,18,14,13540,2024-03-19 23:00:00,Washington Wizards,Houston Rockets
515,2810,Jalen,Green,Houston Rockets,13540,42,SG,36,12,21,57.1,11,13,84.6,7,13,53.8,2,8,10,3,2,1,1,1,+26,Jalen Green,55,52,45,13,13540,2024-03-19 23:00:00,Washington Wizards,Houston Rockets
516,207,Jeff,Green,Houston Rockets,13540,12,PF,18,4,7,57.1,2,2,100.0,2,4,50.0,0,2,2,1,0,0,0,0,+2,Jeff Green,15,14,13,3,13540,2024-03-19 23:00:00,Washington Wizards,Houston Rockets
517,82,Reggie,Bullock,Houston Rockets,13540,0,SF,8,0,1,0,0,0,0,0,1,0,0,1,1,1,1,0,0,0,0,Reggie Bullock,2,1,1,2,13540,2024-03-19 23:00:00,Washington Wizards,Houston Rockets
518,2650,Jae'Sean,Tate,Houston Rockets,13540,6,SF,15,2,3,66.7,2,2,100.0,0,0,0,1,2,3,1,3,0,1,0,+3,Jae'Sean Tate,10,9,7,4,13540,2024-03-19 23:00:00,Washington Wizards,Houston Rockets
519,337,Boban,Marjanovic,Houston Rockets,13540,5,C,2,1,1,100.0,3,3,100.0,0,0,0,0,0,0,0,0,0,0,0,0,Boban Marjanovic,5,5,5,0,13540,2024-03-19 23:00:00,Washington Wizards,Houston Rockets
520,1485,Jock,Landale,Houston Rockets,13540,10,C,20,4,7,57.1,2,2,100.0,0,0,0,2,1,3,0,2,0,0,7,+16,Jock Landale,13,13,10,3,13540,2024-03-19 23:00:00,Washington Wizards,Houston Rockets
521,979,Aaron,Holiday,Houston Rockets,13540,7,G,21,2,7,28.6,2,2,100.0,1,5,20.0,0,0,0,6,2,2,0,1,+19,Aaron Holiday,13,7,13,6,13540,2024-03-19 23:00:00,Washington Wizards,Houston Rockets
522,3931,Jeenathan,Williams,Houston Rockets,13540,3,G,2,1,1,100.0,1,1,100.0,0,0,0,0,0,0,0,0,0,0,0,+3,Jeenathan Williams,3,3,3,0,13540,2024-03-19 23:00:00,Washington Wizards,Houston Rockets
523,175,Dorian,Finney-Smith,Brooklyn Nets,13541,2,PF,28,0,6,0,2,2,100.0,0,4,0,0,3,3,1,0,1,0,1,-15,Dorian Finney-Smith,6,5,3,4,13541,2024-03-19 23:30:00,Brooklyn Nets,New Orleans Pelicans
524,940,Mikal,Bridges,Brooklyn Nets,13541,15,SF,32,4,11,36.4,3,6,50.0,4,9,44.4,1,1,2,1,1,2,2,0,-8,Mikal Bridges,18,17,16,3,13541,2024-03-19 23:30:00,Brooklyn Nets,New Orleans Pelicans
525,1854,Nic,Claxton,Brooklyn Nets,13541,8,C,22,3,3,100.0,2,2,100.0,0,0,0,2,4,6,2,3,0,1,1,-10,Nic Claxton,16,14,10,8,13541,2024-03-19 23:30:00,Brooklyn Nets,New Orleans Pelicans
526,472,Dennis,Schroder,Brooklyn Nets,13541,12,PG,34,4,12,33.3,2,2,100.0,2,6,33.3,0,2,2,5,1,1,4,0,-13,Dennis Schroder,19,14,17,7,13541,2024-03-19 23:30:00,Brooklyn Nets,New Orleans Pelicans
527,2855,Cam,Thomas,Brooklyn Nets,13541,25,SG,34,8,19,42.1,6,7,85.7,3,10,30.0,1,2,3,2,2,0,1,0,-18,Cam Thomas,30,28,27,5,13541,2024-03-19 23:30:00,Brooklyn Nets,New Orleans Pelicans
528,2861,Trendon,Watford,Brooklyn Nets,13541,0,PF,5,0,1,0,0,0,0,0,0,0,0,1,1,0,1,0,0,0,+5,Trendon Watford,1,1,0,1,13541,2024-03-19 23:30:00,Brooklyn Nets,New Orleans Pelicans
529,3946,Jalen,Wilson,Brooklyn Nets,13541,6,F,10,3,4,75.0,0,0,0,0,0,0,1,1,2,0,1,0,0,0,+11,Jalen Wilson,8,8,6,2,13541,2024-03-19 23:30:00,Brooklyn Nets,New Orleans Pelicans
530,934,Keita,Bates-Diop,Brooklyn Nets,13541,2,SF,5,0,0,0,2,2,100.0,0,0,0,0,1,1,1,0,1,0,0,+5,Keita Bates-Diop,4,3,3,2,13541,2024-03-19 23:30:00,Brooklyn Nets,New Orleans Pelicans
531,1871,Cameron,Johnson,Brooklyn Nets,13541,10,SF,22,4,9,44.4,0,1,0,2,6,33.3,0,4,4,1,1,0,2,0,-8,Cameron Johnson,15,14,11,5,13541,2024-03-19 23:30:00,Brooklyn Nets,New Orleans Pelicans
532,2848,Day'Ron,Sharpe,Brooklyn Nets,13541,8,C,24,4,11,36.4,0,0,0,0,0,0,9,8,17,3,2,0,2,2,-7,Day'Ron Sharpe,28,25,11,20,13541,2024-03-19 23:30:00,Brooklyn Nets,New Orleans Pelicans
533,876,Dennis,Smith Jr.,Brooklyn Nets,13541,0,PG,10,0,2,0,0,0,0,0,0,0,0,0,0,3,1,1,1,0,-3,Dennis Smith Jr.,3,0,3,3,13541,2024-03-19 23:30:00,Brooklyn Nets,New Orleans Pelicans
534,1038,Lonnie,Walker IV,Brooklyn Nets,13541,3,G,16,1,6,16.7,0,0,0,1,5,20.0,0,1,1,0,0,0,0,0,-4,Lonnie Walker IV,4,4,3,1,13541,2024-03-19 23:30:00,Brooklyn Nets,New Orleans Pelicans
535,1902,Zion,Williamson,New Orleans Pelicans,13541,28,PF,33,11,16,68.8,6,6,100.0,0,0,0,2,5,7,4,3,1,2,0,+11,Zion Williamson,39,35,32,11,13541,2024-03-19 23:30:00,Brooklyn Nets,New Orleans Pelicans
536,260,Brandon,Ingram,New Orleans Pelicans,13541,11,SF,32,4,12,33.3,2,3,66.7,1,5,20.0,0,4,4,6,3,0,3,1,+5,Brandon Ingram,21,15,17,10,13541,2024-03-19 23:30:00,Brooklyn Nets,New Orleans Pelicans
537,2822,Herbert,Jones,New Orleans Pelicans,13541,11,SF,34,4,8,50.0,1,1,100.0,2,5,40.0,2,1,3,3,3,0,2,3,+1,Herbert Jones,17,14,14,6,13541,2024-03-19 23:30:00,Brooklyn Nets,New Orleans Pelicans
538,525,Jonas,Valanciunas,New Orleans Pelicans,13541,8,C,17,4,7,57.1,0,0,0,0,1,0,2,5,7,2,2,0,1,1,+1,Jonas Valanciunas,17,15,10,9,13541,2024-03-19 23:30:00,Brooklyn Nets,New Orleans Pelicans
539,347,CJ,McCollum,New Orleans Pelicans,13541,16,SG,32,6,12,50.0,0,0,0,4,8,50.0,0,1,1,5,2,0,2,0,+20,CJ McCollum,22,17,21,6,13541,2024-03-19 23:30:00,Brooklyn Nets,New Orleans Pelicans
540,385,Larry,Nance Jr.,New Orleans Pelicans,13541,13,PF,28,6,8,75.0,0,0,0,1,3,33.3,3,7,10,2,2,1,0,0,+11,Larry Nance Jr.,25,23,15,12,13541,2024-03-19 23:30:00,Brooklyn Nets,New Orleans Pelicans
541,2668,Naji,Marshall,New Orleans Pelicans,13541,4,SF,19,2,4,50.0,0,0,0,0,2,0,0,5,5,3,1,3,1,0,+11,Naji Marshall,12,9,7,8,13541,2024-03-19 23:30:00,Brooklyn Nets,New Orleans Pelicans
542,2941,Jose,Alvarado,New Orleans Pelicans,13541,3,PG,17,1,3,33.3,0,2,0,1,2,50.0,1,2,3,1,2,1,1,0,-10,Jose Alvarado,7,6,4,4,13541,2024-03-19 23:30:00,Brooklyn Nets,New Orleans Pelicans
543,2837,Trey,Murphy III,New Orleans Pelicans,13541,10,SG,30,4,13,30.8,1,1,100.0,1,8,12.5,1,7,8,3,1,1,1,0,+15,Trey Murphy III,21,18,13,11,13541,2024-03-19 23:30:00,Brooklyn Nets,New Orleans Pelicans
544,189,Paul,George,LA Clippers,13530,26,F,35,9,20,45.0,4,4,100.0,4,12,33.3,0,6,6,1,1,4,1,1,-8,Paul George,33,32,27,7,13530,2024-03-18 01:30:00,LA Clippers,Atlanta Hawks
545,314,Kawhi,Leonard,LA Clippers,13530,28,SF,37,8,17,47.1,9,10,90.0,3,8,37.5,0,2,2,2,0,1,3,1,-15,Kawhi Leonard,32,30,30,4,13530,2024-03-18 01:30:00,LA Clippers,Atlanta Hawks
546,575,Ivica,Zubac,LA Clippers,13530,6,C,23,1,1,100.0,4,4,100.0,0,0,0,4,2,6,1,2,0,1,1,-20,Ivica Zubac,13,12,7,7,13530,2024-03-18 01:30:00,LA Clippers,Atlanta Hawks
547,216,James,Harden,LA Clippers,13530,9,SG,36,3,10,30.0,1,1,100.0,2,5,40.0,0,6,6,9,2,1,3,1,-15,James Harden,24,15,18,15,13530,2024-03-18 01:30:00,LA Clippers,Atlanta Hawks
548,1877,Terance,Mann,LA Clippers,13530,7,SG,32,2,6,33.3,2,2,100.0,1,2,50.0,0,4,4,0,2,2,0,1,-15,Terance Mann,11,11,7,4,13530,2024-03-18 01:30:00,LA Clippers,Atlanta Hawks
549,520,P.J.,Tucker,LA Clippers,13530,3,PF,21,1,3,33.3,0,0,0,1,1,100.0,2,2,4,0,1,1,0,0,+3,P.J. Tucker,7,7,3,4,13530,2024-03-18 01:30:00,LA Clippers,Atlanta Hawks
550,886,Daniel,Theis,LA Clippers,13530,0,C,7,0,2,0,0,0,0,0,0,0,2,1,3,1,1,0,1,0,-5,Daniel Theis,4,3,1,4,13530,2024-03-18 01:30:00,LA Clippers,Atlanta Hawks
551,426,Mason,Plumlee,LA Clippers,13530,5,C,7,1,2,50.0,3,4,75.0,0,0,0,0,2,2,1,0,0,0,0,-3,Mason Plumlee,8,7,6,3,13530,2024-03-18 01:30:00,LA Clippers,Atlanta Hawks
552,2816,Bones,Hyland,LA Clippers,13530,2,PG,11,0,4,0,2,2,100.0,0,4,0,0,1,1,1,0,0,5,0,-7,Bones Hyland,4,3,3,2,13530,2024-03-18 01:30:00,LA Clippers,Atlanta Hawks
553,2115,Amir,Coffey,LA Clippers,13530,2,SG,22,1,6,16.7,0,0,0,0,4,0,1,4,5,0,2,1,1,0,0,Amir Coffey,7,7,2,5,13530,2024-03-18 01:30:00,LA Clippers,Atlanta Hawks
554,2792,Brandon,Boston Jr.,LA Clippers,13530,0,SG,2,0,1,0,0,0,0,0,0,0,0,0,0,0,0,0,0,0,0,Brandon Boston Jr.,0,0,0,0,13530,2024-03-18 01:30:00,LA Clippers,Atlanta Hawks
555,3396,Xavier,Moon,LA Clippers,13530,5,G,2,2,2,100.0,1,2,50.0,0,0,0,1,0,1,1,2,0,0,0,0,Xavier Moon,7,6,6,2,13530,2024-03-18 01:30:00,LA Clippers,Atlanta Hawks
556,3984,Jordan,Miller,LA Clippers,13530,0,G,2,0,0,0,0,0,0,0,0,0,0,0,0,0,0,0,0,0,0,Jordan Miller,0,0,0,0,13530,2024-03-18 01:30:00,LA Clippers,Atlanta Hawks
557,3983,Kobe,Brown,LA Clippers,13530,0,G,2,0,0,0,0,0,0,0,0,0,0,0,0,0,0,0,0,0,0,Kobe Brown,0,0,0,0,13530,2024-03-18 01:30:00,LA Clippers,Atlanta Hawks
558,2819,Jalen,Johnson,Atlanta Hawks,13530,18,SF,36,7,14,50.0,1,1,100.0,3,3,100.0,1,11,12,6,4,3,1,2,+16,Jalen Johnson,36,30,24,18,13530,2024-03-18 01:30:00,LA Clippers,Atlanta Hawks
559,92,Clint,Capela,Atlanta Hawks,13530,15,C,26,7,11,63.6,1,2,50.0,0,0,0,6,7,13,3,0,1,1,2,+18,Clint Capela,31,28,18,16,13530,2024-03-18 01:30:00,LA Clippers,Atlanta Hawks
560,743,Bogdan,Bogdanovic,Atlanta Hawks,13530,11,SG,30,4,14,28.6,0,0,0,3,11,27.3,1,4,5,4,2,0,3,0,+8,Bogdan Bogdanovic,20,16,15,9,13530,2024-03-18 01:30:00,LA Clippers,Atlanta Hawks
561,382,Dejounte,Murray,Atlanta Hawks,13530,21,SG,34,7,14,50.0,2,2,100.0,5,10,50.0,0,2,2,10,3,2,4,0,+10,Dejounte Murray,33,23,31,12,13530,2024-03-18 01:30:00,LA Clippers,Atlanta Hawks
562,2608,Vit,Krejci,Atlanta Hawks,13530,5,G,25,1,2,50.0,3,3,100.0,0,0,0,0,2,2,3,4,0,0,1,+7,Vit Krejci,10,7,8,5,13530,2024-03-18 01:30:00,LA Clippers,Atlanta Hawks
563,1858,Bruno,Fernando,Atlanta Hawks,13530,6,PF,22,2,6,33.3,2,2,100.0,0,0,0,2,5,7,1,4,2,4,0,-1,Bruno Fernando,14,13,7,8,13530,2024-03-18 01:30:00,LA Clippers,Atlanta Hawks
564,1868,De'Andre,Hunter,Atlanta Hawks,13530,20,SF,24,8,13,61.5,2,2,100.0,2,5,40.0,0,2,2,2,4,0,1,1,+5,De'Andre Hunter,24,22,22,4,13530,2024-03-18 01:30:00,LA Clippers,Atlanta Hawks
565,341,Wesley,Matthews,Atlanta Hawks,13530,6,SG,14,2,2,100.0,0,0,0,2,2,100.0,0,1,1,0,0,1,0,0,+1,Wesley Matthews,7,7,6,1,13530,2024-03-18 01:30:00,LA Clippers,Atlanta Hawks
566,2327,Garrison,Mathews,Atlanta Hawks,13530,6,SG,13,2,5,40.0,0,0,0,2,3,66.7,0,0,0,0,0,1,0,1,+12,Garrison Mathews,6,6,6,0,13530,2024-03-18 01:30:00,LA Clippers,Atlanta Hawks
567,2589,Trent,Forrest,Atlanta Hawks,13530,2,G,16,1,3,33.3,0,0,0,0,0,0,0,1,1,3,1,0,0,0,+9,Trent Forrest,6,3,5,4,13530,2024-03-18 01:30:00,LA Clippers,Atlanta Hawks
568,479,Pascal,Siakam,Indiana Pacers,13531,19,PF,32,9,18,50.0,1,4,25.0,0,1,0,4,8,12,1,3,1,2,0,-12,Pascal Siakam,32,31,20,13,13531,2024-03-18 23:00:00,Indiana Pacers,Cleveland Cavaliers
569,2626,Aaron,Nesmith,Indiana Pacers,13531,9,SF,35,4,9,44.4,0,0,0,1,5,20.0,2,2,4,2,5,0,3,0,-4,Aaron Nesmith,15,13,11,6,13531,2024-03-18 23:00:00,Indiana Pacers,Cleveland Cavaliers
570,522,Myles,Turner,Indiana Pacers,13531,12,C,29,5,10,50.0,0,0,0,2,4,50.0,1,2,3,1,3,1,2,1,-5,Myles Turner,16,15,13,4,13531,2024-03-18 23:00:00,Indiana Pacers,Cleveland Cavaliers
571,3476,Andrew,Nembhard,Indiana Pacers,13531,9,PG,32,4,8,50.0,0,0,0,1,4,25.0,0,0,0,4,2,1,0,0,-9,Andrew Nembhard,13,9,13,4,13531,2024-03-18 23:00:00,Indiana Pacers,Cleveland Cavaliers
572,2595,Tyrese,Haliburton,Indiana Pacers,13531,14,PG,32,4,14,28.6,5,5,100.0,1,9,11.1,1,5,6,12,5,1,3,1,-7,Tyrese Haliburton,32,20,26,18,13531,2024-03-18 23:00:00,Indiana Pacers,Cleveland Cavaliers
573,2658,Obi,Toppin,Indiana Pacers,13531,10,PF,20,4,6,66.7,1,1,100.0,1,2,50.0,1,7,8,2,1,1,0,0,+8,Obi Toppin,20,18,12,10,13531,2024-03-18 23:00:00,Indiana Pacers,Cleveland Cavaliers
574,2644,Jalen,Smith,Indiana Pacers,13531,11,PF,19,3,9,33.3,3,6,50.0,2,7,28.6,4,4,8,1,2,0,0,1,+1,Jalen Smith,20,19,12,9,13531,2024-03-18 23:00:00,Indiana Pacers,Cleveland Cavaliers
575,348,T.J.,McConnell,Indiana Pacers,13531,14,PG,21,7,11,63.6,0,0,0,0,1,0,1,2,3,4,1,2,1,0,-2,T.J. McConnell,21,17,18,7,13531,2024-03-18 23:00:00,Indiana Pacers,Cleveland Cavaliers
576,3979,Ben,Sheppard,Indiana Pacers,13531,5,G,20,2,6,33.3,0,0,0,1,5,20.0,0,1,1,1,2,1,0,0,+5,Ben Sheppard,7,6,6,2,13531,2024-03-18 23:00:00,Indiana Pacers,Cleveland Cavaliers
577,391,Georges,Niang,Cleveland Cavaliers,13531,13,SF,33,5,8,62.5,0,0,0,3,4,75.0,0,2,2,1,2,0,4,1,+5,Georges Niang,16,15,14,3,13531,2024-03-18 23:00:00,Indiana Pacers,Cleveland Cavaliers
578,2630,Isaac,Okoro,Cleveland Cavaliers,13531,9,SF,33,4,7,57.1,0,0,0,1,2,50.0,1,2,3,2,4,1,2,0,-4,Isaac Okoro,14,12,11,5,13531,2024-03-18 23:00:00,Indiana Pacers,Cleveland Cavaliers
579,727,Jarrett,Allen,Cleveland Cavaliers,13531,23,C,34,8,12,66.7,7,8,87.5,0,0,0,0,9,9,1,0,1,1,1,-3,Jarrett Allen,33,32,24,10,13531,2024-03-18 23:00:00,Indiana Pacers,Cleveland Cavaliers
580,1860,Darius,Garland,Cleveland Cavaliers,13531,13,PG,36,5,18,27.8,2,4,50.0,1,9,11.1,4,2,6,7,4,2,5,0,+10,Darius Garland,26,19,20,13,13531,2024-03-18 23:00:00,Indiana Pacers,Cleveland Cavaliers
581,317,Caris,LeVert,Cleveland Cavaliers,13531,23,SG,38,7,15,46.7,8,11,72.7,1,5,20.0,1,7,8,11,2,1,1,1,+12,Caris LeVert,42,31,34,19,13531,2024-03-18 23:00:00,Indiana Pacers,Cleveland Cavaliers
582,373,Marcus,Morris Sr.,Cleveland Cavaliers,13531,14,SF,20,5,7,71.4,0,0,0,4,5,80.0,0,4,4,0,3,0,0,0,+9,Marcus Morris Sr.,18,18,14,4,13531,2024-03-18 23:00:00,Indiana Pacers,Cleveland Cavaliers
583,515,Tristan,Thompson,Cleveland Cavaliers,13531,2,C,14,1,2,50.0,0,2,0,0,0,0,2,2,4,2,1,1,0,0,+7,Tristan Thompson,8,6,4,6,13531,2024-03-18 23:00:00,Indiana Pacers,Cleveland Cavaliers
584,2623,Sam,Merrill,Cleveland Cavaliers,13531,11,SG,25,3,8,37.5,3,3,100.0,2,6,33.3,1,0,1,1,2,1,1,1,-7,Sam Merrill,13,12,12,2,13531,2024-03-18 23:00:00,Indiana Pacers,Cleveland Cavaliers
585,4043,Craig Jr.,Porter,Cleveland Cavaliers,13531,0,G,7,0,3,0,0,0,0,0,1,0,0,2,2,2,0,1,0,0,-4,Craig Jr. Porter,4,2,2,4,13531,2024-03-18 23:00:00,Indiana Pacers,Cleveland Cavaliers
586,819,Luke,Kornet,Boston Celtics,13532,4,C,28,2,4,50.0,0,0,0,0,0,0,6,4,10,0,1,2,0,3,+9,Luke Kornet,14,14,4,10,13532,2024-03-18 23:30:00,Boston Celtics,Detroit Pistons
587,432,Kristaps,Porzingis,Boston Celtics,13532,20,C,21,7,14,50.0,1,1,100.0,5,9,55.6,1,7,8,1,2,1,0,1,+14,Kristaps Porzingis,29,28,21,9,13532,2024-03-18 23:30:00,Boston Celtics,Detroit Pistons
588,897,Derrick,White,Boston Celtics,13532,22,PG,37,8,20,40.0,0,0,0,6,12,50.0,0,10,10,10,0,2,3,1,+17,Derrick White,42,32,32,20,13532,2024-03-18 23:30:00,Boston Celtics,Detroit Pistons
589,2635,Payton,Pritchard,Boston Celtics,13532,23,PG,38,8,14,57.1,2,2,100.0,5,9,55.6,1,1,2,7,1,0,2,0,+19,Payton Pritchard,32,25,30,9,13532,2024-03-18 23:30:00,Boston Celtics,Detroit Pistons
590,75,Jaylen,Brown,Boston Celtics,13532,31,SG,30,11,20,55.0,6,8,75.0,3,6,50.0,0,7,7,3,2,1,3,0,+22,Jaylen Brown,41,38,34,10,13532,2024-03-18 23:30:00,Boston Celtics,Detroit Pistons
591,2656,Xavier,Tillman,Boston Celtics,13532,2,F,17,1,2,50.0,0,0,0,0,1,0,0,4,4,1,0,0,0,1,+19,Xavier Tillman,7,6,3,5,13532,2024-03-18 23:30:00,Boston Celtics,Detroit Pistons
592,2110,Oshae,Brissett,Boston Celtics,13532,3,SF,19,1,7,14.3,0,0,0,1,2,50.0,2,2,4,0,1,0,0,0,-1,Oshae Brissett,7,7,3,4,13532,2024-03-18 23:30:00,Boston Celtics,Detroit Pistons
593,1006,Svi,Mykhailiuk,Boston Celtics,13532,6,SG,24,2,8,25.0,0,0,0,2,8,25.0,0,2,2,2,0,2,1,0,+13,Svi Mykhailiuk,10,8,8,4,13532,2024-03-18 23:30:00,Boston Celtics,Detroit Pistons
594,2851,Jaden,Springer,Boston Celtics,13532,6,G,22,2,5,40.0,2,2,100.0,0,2,0,4,0,4,4,2,0,0,2,+10,Jaden Springer,14,10,10,8,13532,2024-03-18 23:30:00,Boston Celtics,Detroit Pistons
595,3943,Jordan,Walsh,Boston Celtics,13532,2,G,4,1,1,100.0,0,0,0,0,0,0,1,1,2,2,0,0,0,0,+3,Jordan Walsh,6,4,4,4,13532,2024-03-18 23:30:00,Boston Celtics,Detroit Pistons
596,2648,Isaiah,Stewart,Detroit Pistons,13532,5,C,17,2,3,66.7,0,0,0,1,2,50.0,1,4,5,1,0,0,0,0,-13,Isaiah Stewart,11,10,6,6,13532,2024-03-18 23:30:00,Boston Celtics,Detroit Pistons
597,3433,Jalen,Duren,Detroit Pistons,13532,8,C,22,3,7,42.9,2,2,100.0,0,0,0,0,9,9,0,2,0,2,0,-7,Jalen Duren,17,17,8,9,13532,2024-03-18 23:30:00,Boston Celtics,Detroit Pistons
598,3451,Jaden,Ivey,Detroit Pistons,13532,21,PG,29,10,19,52.6,0,0,0,1,4,25.0,1,4,5,5,3,0,3,1,-16,Jaden Ivey,31,26,26,10,13532,2024-03-18 23:30:00,Boston Celtics,Detroit Pistons
599,3790,Stanley,Umude,Detroit Pistons,13532,10,G,34,3,7,42.9,3,3,100.0,1,4,25.0,1,5,6,1,3,0,1,0,-20,Stanley Umude,17,16,11,7,13532,2024-03-18 23:30:00,Boston Celtics,Detroit Pistons
600,3970,Marcus,Sasser,Detroit Pistons,13532,8,G,34,4,12,33.3,0,0,0,0,2,0,1,3,4,6,0,1,3,0,-5,Marcus Sasser,18,12,14,10,13532,2024-03-18 23:30:00,Boston Celtics,Detroit Pistons
601,190,Taj,Gibson,Detroit Pistons,13532,3,F,11,1,2,50.0,0,0,0,1,2,50.0,0,2,2,0,1,1,0,0,-3,Taj Gibson,5,5,3,2,13532,2024-03-18 23:30:00,Boston Celtics,Detroit Pistons
602,3969,Tosan,Evbuomwan,Detroit Pistons,13532,11,F,18,4,5,80.0,1,2,50.0,2,2,100.0,0,2,2,0,1,1,1,0,-11,Tosan Evbuomwan,13,13,11,2,13532,2024-03-18 23:30:00,Boston Celtics,Detroit Pistons
603,945,Troy,Brown Jr.,Detroit Pistons,13532,2,SF,8,1,2,50.0,0,0,0,0,1,0,0,2,2,0,0,0,0,0,-3,Troy Brown Jr.,4,4,2,2,13532,2024-03-18 23:30:00,Boston Celtics,Detroit Pistons
604,2666,James,Wiseman,Detroit Pistons,13532,12,C,26,4,10,40.0,4,4,100.0,0,0,0,4,1,5,3,3,1,1,2,-18,James Wiseman,20,17,15,8,13532,2024-03-18 23:30:00,Boston Celtics,Detroit Pistons
605,2587,Malachi,Flynn,Detroit Pistons,13532,11,PG,18,3,8,37.5,3,4,75.0,2,5,40.0,0,2,2,1,0,2,0,0,-23,Malachi Flynn,14,13,12,3,13532,2024-03-18 23:30:00,Boston Celtics,Detroit Pistons
606,177,Evan,Fournier,Detroit Pistons,13532,3,SG,22,1,9,11.1,0,0,0,1,7,14.3,0,1,1,4,2,0,1,0,-6,Evan Fournier,8,4,7,5,13532,2024-03-18 23:30:00,Boston Celtics,Detroit Pistons
607,40,Nicolas,Batum,Philadelphia 76ers,13533,2,PF,38,1,4,25.0,0,0,0,0,1,0,1,7,8,1,4,2,1,1,+11,Nicolas Batum,11,10,3,9,13533,2024-03-18 23:30:00,Philadelphia 76ers,Miami Heat
608,932,Mo,Bamba,Philadelphia 76ers,13533,8,C,19,3,5,60.0,0,0,0,2,3,66.7,1,3,4,3,2,2,1,2,-1,Mo Bamba,15,12,11,7,13533,2024-03-18 23:30:00,Philadelphia 76ers,Miami Heat
609,327,Kyle,Lowry,Philadelphia 76ers,13533,16,PG,35,6,12,50.0,1,1,100.0,3,5,60.0,0,4,4,1,2,2,0,1,+6,Kyle Lowry,21,20,17,5,13533,2024-03-18 23:30:00,Philadelphia 76ers,Miami Heat
610,2619,Tyrese,Maxey,Philadelphia 76ers,13533,30,PG,41,11,24,45.8,5,5,100.0,3,10,30.0,0,8,8,10,3,1,3,1,+22,Tyrese Maxey,48,38,40,18,13533,2024-03-18 23:30:00,Philadelphia 76ers,Miami Heat
611,407,Kelly,Oubre Jr.,Philadelphia 76ers,13533,22,SG,39,10,19,52.6,0,0,0,2,6,33.3,2,9,11,3,1,0,2,5,+3,Kelly Oubre Jr.,36,33,25,14,13533,2024-03-18 23:30:00,Philadelphia 76ers,Miami Heat
612,2617,Kenyon,Martin Jr.,Philadelphia 76ers,13533,1,F,7,0,1,0,1,2,50.0,0,0,0,0,0,0,0,2,0,1,0,+2,Kenyon Martin Jr.,1,1,1,0,13533,2024-03-18 23:30:00,Philadelphia 76ers,Miami Heat
613,2638,Paul,Reed,Philadelphia 76ers,13533,4,SF,22,1,5,20.0,2,2,100.0,0,1,0,2,5,7,1,1,0,1,1,0,Paul Reed,12,11,5,8,13533,2024-03-18 23:30:00,Philadelphia 76ers,Miami Heat
614,417,Cameron,Payne,Philadelphia 76ers,13533,3,PG,16,1,5,20.0,0,0,0,1,3,33.3,0,2,2,3,0,0,2,0,-6,Cameron Payne,8,5,6,5,13533,2024-03-18 23:30:00,Philadelphia 76ers,Miami Heat
615,236,Buddy,Hield,Philadelphia 76ers,13533,12,SG,24,4,10,40.0,2,2,100.0,2,7,28.6,1,1,2,1,1,0,1,1,-2,Buddy Hield,15,14,13,3,13533,2024-03-18 23:30:00,Philadelphia 76ers,Miami Heat
616,1018,Duncan,Robinson,Miami Heat,13533,3,F,24,1,5,20.0,1,2,50.0,0,1,0,1,3,4,0,4,0,1,0,-14,Duncan Robinson,7,7,3,4,13533,2024-03-18 23:30:00,Philadelphia 76ers,Miami Heat
617,1815,Haywood,Highsmith,Miami Heat,13533,11,F,26,4,7,57.1,0,2,0,3,6,50.0,0,5,5,2,0,0,1,0,-18,Haywood Highsmith,18,16,13,7,13533,2024-03-18 23:30:00,Philadelphia 76ers,Miami Heat
618,724,Bam,Adebayo,Miami Heat,13533,20,C,32,8,10,80.0,2,2,100.0,2,2,100.0,3,10,13,6,1,0,4,0,-19,Bam Adebayo,39,33,26,19,13533,2024-03-18 23:30:00,Philadelphia 76ers,Miami Heat
619,458,Terry,Rozier,Miami Heat,13533,20,SG,34,8,21,38.1,1,1,100.0,3,7,42.9,2,6,8,1,0,1,3,1,+4,Terry Rozier,29,28,21,9,13533,2024-03-18 23:30:00,Philadelphia 76ers,Miami Heat
620,4046,Jaime Jr.,Jaquez,Miami Heat,13533,9,G,35,3,13,23.1,2,2,100.0,1,5,20.0,0,9,9,4,1,1,1,0,-2,Jaime Jr. Jaquez,22,18,13,13,13533,2024-03-18 23:30:00,Philadelphia 76ers,Miami Heat
621,2242,Caleb,Martin,Miami Heat,13533,13,SF,35,6,14,42.9,0,1,0,1,6,16.7,1,3,4,2,3,4,4,1,0,Caleb Martin,19,17,15,6,13533,2024-03-18 23:30:00,Philadelphia 76ers,Miami Heat
622,753,Thomas,Bryant,Miami Heat,13533,11,C,16,4,9,44.4,2,2,100.0,1,1,100.0,1,1,2,1,1,1,0,1,+12,Thomas Bryant,14,13,12,3,13533,2024-03-18 23:30:00,Philadelphia 76ers,Miami Heat
623,365,Patty,Mills,Miami Heat,13533,3,PG,22,1,6,16.7,0,0,0,1,5,20.0,2,0,2,3,2,0,1,0,+4,Patty Mills,8,5,6,5,13533,2024-03-18 23:30:00,Philadelphia 76ers,Miami Heat
624,564,Delon,Wright,Miami Heat,13533,1,SG,16,0,4,0,1,2,50.0,0,0,0,1,1,2,4,1,1,0,0,-2,Delon Wright,7,3,5,6,13533,2024-03-18 23:30:00,Philadelphia 76ers,Miami Heat
