,player_id,firstname,lastname,team,game_id,points,position,minutes,fgm,fga,fgp,ftm,fta,ftp,tpm,tpa,tpp,offReb,defReb,totReb,assists,pFouls,steals,turnovers,blocks,plusMinus,First Last Name,Points_Rebounds_Assist,Points_Rebounds,Points_Assist,Rebounds_Assist,id,date,home_team,away_team
0,126,Anthony,Davis,Los Angeles Lakers,13480,27,PF,39,9,17,52.9,9,13,69.2,0,0,0,10,15,25,5,2,7,3,3,15,Anthony Davis,57,52,32,30,13480,3/11/2024 1:30,Los Angeles Lakers,Minnesota Timberwolves
1,1862,Rui,Hachimura,Los Angeles Lakers,13480,15,PF,24,5,10,50,2,2,100,3,5,60,1,1,2,3,0,0,1,0,3,Rui Hachimura,20,17,18,5,13480,3/11/2024 1:30,Los Angeles Lakers,Minnesota Timberwolves
2,265,LeBron,James,Los Angeles Lakers,13480,29,SF,38,10,16,62.5,7,9,77.8,2,4,50,0,8,8,9,1,0,4,0,14,LeBron James,46,37,38,17,13480,3/11/2024 1:30,Los Angeles Lakers,Minnesota Timberwolves
3,462,D'Angelo,Russell,Los Angeles Lakers,13480,13,PG,34,5,12,41.7,1,2,50,2,5,40,1,2,3,6,1,0,2,0,21,D'Angelo Russell,22,16,19,9,13480,3/11/2024 1:30,Los Angeles Lakers,Minnesota Timberwolves
4,2845,Austin,Reaves,Los Angeles Lakers,13480,19,SG,36,7,13,53.8,2,2,100,3,6,50,0,6,6,4,2,0,4,0,10,Austin Reaves,29,25,23,10,13480,3/11/2024 1:30,Los Angeles Lakers,Minnesota Timberwolves
5,437,Taurean,Prince,Los Angeles Lakers,13480,6,PF,24,3,6,50,0,0,0,0,3,0,0,3,3,1,1,1,0,1,11,Taurean Prince,10,9,7,4,13480,3/11/2024 1:30,Los Angeles Lakers,Minnesota Timberwolves
6,4041,Harry III,Giles,Los Angeles Lakers,13480,0,F,1,0,1,0,0,0,0,0,0,0,0,0,0,0,0,0,0,0,-2,Harry III Giles,0,0,0,0,13480,3/11/2024 1:30,Los Angeles Lakers,Minnesota Timberwolves
7,3991,Maxwell,Lewis,Los Angeles Lakers,13480,0,F,1,0,0,0,0,0,0,0,0,0,0,0,0,0,0,0,0,0,-2,Maxwell Lewis,0,0,0,0,13480,3/11/2024 1:30,Los Angeles Lakers,Minnesota Timberwolves
8,1864,Jaxson,Hayes,Los Angeles Lakers,13480,9,C,16,4,4,100,1,1,100,0,0,0,2,3,5,0,2,0,2,0,-4,Jaxson Hayes,14,14,9,5,13480,3/11/2024 1:30,Los Angeles Lakers,Minnesota Timberwolves
9,142,Spencer,Dinwiddie,Los Angeles Lakers,13480,0,PG,17,0,3,0,0,0,0,0,1,0,0,1,1,1,3,0,1,0,-5,Spencer Dinwiddie,2,1,1,2,13480,3/11/2024 1:30,Los Angeles Lakers,Minnesota Timberwolves
10,2620,Skylar,Mays,Los Angeles Lakers,13480,0,SG,1,0,0,0,0,0,0,0,0,0,0,1,1,0,0,1,0,0,-2,Skylar Mays,1,1,0,1,13480,3/11/2024 1:30,Los Angeles Lakers,Minnesota Timberwolves
11,3427,Max,Christie,Los Angeles Lakers,13480,2,G,9,1,1,100,0,0,0,0,0,0,0,2,2,0,0,0,2,0,-4,Max Christie,4,4,2,2,13480,3/11/2024 1:30,Los Angeles Lakers,Minnesota Timberwolves
12,2621,Jaden,McDaniels,Minnesota Timberwolves,13480,10,PF,32,5,17,29.4,0,0,0,0,5,0,3,3,6,1,1,2,0,0,-22,Jaden McDaniels,17,16,11,7,13480,3/11/2024 1:30,Los Angeles Lakers,Minnesota Timberwolves
13,2146,Naz,Reid,Minnesota Timberwolves,13480,25,C,42,9,17,52.9,2,3,66.7,5,10,50,0,5,5,3,4,0,3,4,-10,Naz Reid,33,30,28,8,13480,3/11/2024 1:30,Los Angeles Lakers,Minnesota Timberwolves
14,114,Mike,Conley,Minnesota Timberwolves,13480,9,PG,29,3,6,50,2,2,100,1,3,33.3,0,3,3,6,3,1,0,0,-24,Mike Conley,18,12,15,9,13480,3/11/2024 1:30,Los Angeles Lakers,Minnesota Timberwolves
15,1845,Nickeil,Alexander-Walker,Minnesota Timberwolves,13480,15,SG,39,6,11,54.5,0,0,0,3,4,75,4,3,7,5,1,2,1,0,-3,Nickeil Alexander-Walker,27,22,20,12,13480,3/11/2024 1:30,Los Angeles Lakers,Minnesota Timberwolves
16,2584,Anthony,Edwards,Minnesota Timberwolves,13480,25,SG,40,10,23,43.5,3,4,75,2,9,22.2,1,6,7,7,2,2,3,2,-14,Anthony Edwards,39,32,32,14,13480,3/11/2024 1:30,Los Angeles Lakers,Minnesota Timberwolves
17,3470,Josh,Minott,Minnesota Timberwolves,13480,0,F,1,0,2,0,0,0,0,0,1,0,0,0,0,0,0,0,0,0,2,Josh Minott,0,0,0,0,13480,3/11/2024 1:30,Los Angeles Lakers,Minnesota Timberwolves
18,540,T.J.,Warren,Minnesota Timberwolves,13480,4,SF,23,2,7,28.6,0,0,0,0,2,0,1,2,3,2,2,1,1,0,4,T.J. Warren,9,7,6,5,13480,3/11/2024 1:30,Los Angeles Lakers,Minnesota Timberwolves
19,2807,Luka,Garza,Minnesota Timberwolves,13480,9,C,10,2,5,40,4,4,100,1,3,33.3,2,1,3,1,3,0,1,0,-1,Luka Garza,13,12,10,4,13480,3/11/2024 1:30,Los Angeles Lakers,Minnesota Timberwolves
20,997,Jordan,McLaughlin,Minnesota Timberwolves,13480,12,PG,21,4,9,44.4,0,0,0,4,9,44.4,0,4,4,2,2,0,1,0,9,Jordan McLaughlin,18,16,14,6,13480,3/11/2024 1:30,Los Angeles Lakers,Minnesota Timberwolves
21,3154,Daishen,Nix,Minnesota Timberwolves,13480,0,SG,1,0,0,0,0,0,0,0,0,0,0,0,0,0,0,0,1,0,2,Daishen Nix,0,0,0,0,13480,3/11/2024 1:30,Los Angeles Lakers,Minnesota Timberwolves
22,3474,Wendell,Moore Jr.,Minnesota Timberwolves,13480,0,G,1,0,0,0,0,0,0,0,0,0,0,0,0,0,0,0,0,0,2,Wendell Moore Jr.,0,0,0,0,13480,3/11/2024 1:30,Los Angeles Lakers,Minnesota Timberwolves
23,1901,Grant,Williams,Charlotte Hornets,13466,9,PF,38,4,6,66.7,0,0,0,1,1,100,0,5,5,2,3,3,3,0,1,Grant Williams,16,14,11,7,13466,3/10/2024 0:00,Charlotte Hornets,Brooklyn Nets
24,3950,Brandon,Miller,Charlotte Hornets,13466,23,F,36,10,21,47.6,1,2,50,2,10,20,0,7,7,3,2,0,2,1,-3,Brandon Miller,33,30,26,10,13466,3/10/2024 0:00,Charlotte Hornets,Brooklyn Nets
25,941,Miles,Bridges,Charlotte Hornets,13466,24,SF,39,10,15,66.7,2,5,40,2,5,40,1,9,10,4,1,1,3,0,11,Miles Bridges,38,34,28,14,13466,3/10/2024 0:00,Charlotte Hornets,Brooklyn Nets
26,2639,Nick,Richards,Charlotte Hornets,13466,15,C,31,6,10,60,3,3,100,0,0,0,5,6,11,0,3,1,1,1,-3,Nick Richards,26,26,15,11,13466,3/10/2024 0:00,Charlotte Hornets,Brooklyn Nets
27,2739,Vasilije,Micic,Charlotte Hornets,13466,12,G,31,5,13,38.5,1,1,100,1,5,20,1,4,5,10,1,0,5,0,2,Vasilije Micic,27,17,22,15,13466,3/10/2024 0:00,Charlotte Hornets,Brooklyn Nets
28,2633,Aleksej,Pokusevski,Charlotte Hornets,13466,7,F,8,2,2,100,2,2,100,1,1,100,0,2,2,0,0,1,1,1,7,Aleksej Pokusevski,9,9,7,2,13466,3/10/2024 0:00,Charlotte Hornets,Brooklyn Nets
29,2856,JT,Thor,Charlotte Hornets,13466,5,F,13,2,2,100,0,0,0,1,1,100,0,1,1,0,1,0,0,0,6,JT Thor,6,6,5,1,13466,3/10/2024 0:00,Charlotte Hornets,Brooklyn Nets
30,52,Davis,Bertans,Charlotte Hornets,13466,11,SF,28,3,8,37.5,2,2,100,3,6,50,1,2,3,4,4,2,1,0,25,Davis Bertans,18,14,15,7,13466,3/10/2024 0:00,Charlotte Hornets,Brooklyn Nets
31,4042,Nick Jr.,Smith,Charlotte Hornets,13466,4,G,17,2,4,50,0,0,0,0,1,0,1,0,1,3,3,1,0,0,9,Nick Jr. Smith,8,5,7,4,13466,3/10/2024 0:00,Charlotte Hornets,Brooklyn Nets
32,175,Dorian,Finney-Smith,Brooklyn Nets,13466,8,PF,38,2,8,25,3,4,75,1,6,16.7,2,3,5,2,1,1,2,0,11,Dorian Finney-Smith,15,13,10,7,13466,3/10/2024 0:00,Charlotte Hornets,Brooklyn Nets
33,940,Mikal,Bridges,Brooklyn Nets,13466,19,SF,41,6,18,33.3,3,3,100,4,11,36.4,0,2,2,4,1,1,1,0,-10,Mikal Bridges,25,21,23,6,13466,3/10/2024 0:00,Charlotte Hornets,Brooklyn Nets
34,1854,Nic,Claxton,Brooklyn Nets,13466,14,C,34,6,10,60,2,3,66.7,0,0,0,4,6,10,4,3,0,3,2,-7,Nic Claxton,28,24,18,14,13466,3/10/2024 0:00,Charlotte Hornets,Brooklyn Nets
35,472,Dennis,Schroder,Brooklyn Nets,13466,12,PG,39,5,12,41.7,0,0,0,2,7,28.6,1,5,6,7,0,1,2,0,-13,Dennis Schroder,25,18,19,13,13466,3/10/2024 0:00,Charlotte Hornets,Brooklyn Nets
36,2855,Cam,Thomas,Brooklyn Nets,13466,31,SG,30,12,24,50,2,3,66.7,5,10,50,0,1,1,2,2,0,2,0,4,Cam Thomas,34,32,33,3,13466,3/10/2024 0:00,Charlotte Hornets,Brooklyn Nets
37,2861,Trendon,Watford,Brooklyn Nets,13466,6,PF,13,2,6,33.3,1,2,50,1,2,50,3,2,5,0,3,0,1,0,-4,Trendon Watford,11,11,6,5,13466,3/10/2024 0:00,Charlotte Hornets,Brooklyn Nets
38,3946,Jalen,Wilson,Brooklyn Nets,13466,0,F,20,0,5,0,0,0,0,0,3,0,2,2,4,1,2,1,2,0,-18,Jalen Wilson,5,4,1,5,13466,3/10/2024 0:00,Charlotte Hornets,Brooklyn Nets
39,2848,Day'Ron,Sharpe,Brooklyn Nets,13466,2,C,10,1,3,33.3,0,0,0,0,0,0,4,1,5,2,1,0,1,0,-5,Day'Ron Sharpe,9,7,4,7,13466,3/10/2024 0:00,Charlotte Hornets,Brooklyn Nets
40,876,Dennis,Smith Jr.,Brooklyn Nets,13466,7,PG,14,2,4,50,2,2,100,1,3,33.3,0,3,3,0,1,0,1,0,-13,Dennis Smith Jr.,10,10,7,3,13466,3/10/2024 0:00,Charlotte Hornets,Brooklyn Nets
41,3971,Ausar,Thompson,Detroit Pistons,13467,4,F,11,1,7,14.3,2,4,50,0,2,0,4,1,5,0,1,1,0,0,0,Ausar Thompson,9,9,4,5,13467,3/10/2024 0:00,Detroit Pistons,Dallas Mavericks
42,2648,Isaiah,Stewart,Detroit Pistons,13467,5,C,34,2,6,33.3,0,0,0,1,4,25,0,4,4,0,0,3,1,0,2,Isaiah Stewart,9,9,5,4,13467,3/10/2024 0:00,Detroit Pistons,Dallas Mavericks
43,3433,Jalen,Duren,Detroit Pistons,13467,6,C,16,1,4,25,4,4,100,0,0,0,2,6,8,3,4,0,2,0,-21,Jalen Duren,17,14,9,11,13467,3/10/2024 0:00,Detroit Pistons,Dallas Mavericks
44,2801,Cade,Cunningham,Detroit Pistons,13467,33,PG,32,11,21,52.4,8,8,100,3,7,42.9,3,6,9,10,2,0,5,0,-7,Cade Cunningham,52,42,43,19,13467,3/10/2024 0:00,Detroit Pistons,Dallas Mavericks
45,3451,Jaden,Ivey,Detroit Pistons,13467,17,PG,36,7,21,33.3,1,2,50,2,9,22.2,4,2,6,4,3,2,6,1,-16,Jaden Ivey,27,23,21,10,13467,3/10/2024 0:00,Detroit Pistons,Dallas Mavericks
46,3438,Simone,Fontecchio,Detroit Pistons,13467,27,F,32,9,13,69.2,5,5,100,4,5,80,1,3,4,2,4,1,0,1,2,Simone Fontecchio,33,31,29,6,13467,3/10/2024 0:00,Detroit Pistons,Dallas Mavericks
47,945,Troy,Brown Jr.,Detroit Pistons,13467,0,SF,2,0,0,0,0,0,0,0,0,0,0,0,0,1,0,0,0,0,-2,Troy Brown Jr.,1,0,1,1,13467,3/10/2024 0:00,Detroit Pistons,Dallas Mavericks
48,2666,James,Wiseman,Detroit Pistons,13467,17,C,30,8,10,80,1,2,50,0,0,0,4,8,12,4,5,0,1,1,1,James Wiseman,33,29,21,16,13467,3/10/2024 0:00,Detroit Pistons,Dallas Mavericks
49,2587,Malachi,Flynn,Detroit Pistons,13467,2,PG,2,1,1,100,0,0,0,0,0,0,0,0,0,1,1,0,1,0,-2,Malachi Flynn,3,2,3,1,13467,3/10/2024 0:00,Detroit Pistons,Dallas Mavericks
50,177,Evan,Fournier,Detroit Pistons,13467,0,SG,11,0,3,0,0,0,0,0,2,0,0,2,2,1,0,0,0,0,-12,Evan Fournier,3,2,1,3,13467,3/10/2024 0:00,Detroit Pistons,Dallas Mavericks
51,3790,Stanley,Umude,Detroit Pistons,13467,3,G,14,1,5,20,0,0,0,1,3,33.3,2,0,2,0,3,0,0,1,-20,Stanley Umude,5,5,3,2,13467,3/10/2024 0:00,Detroit Pistons,Dallas Mavericks
52,3970,Marcus,Sasser,Detroit Pistons,13467,10,G,19,4,8,50,0,0,0,2,5,40,0,4,4,1,3,1,3,0,-15,Marcus Sasser,15,14,11,5,13467,3/10/2024 0:00,Detroit Pistons,Dallas Mavericks
53,1897,P.J.,Washington,Dallas Mavericks,13467,7,PF,29,2,4,50,2,2,100,1,3,33.3,0,2,2,1,0,2,0,0,4,P.J. Washington,10,9,8,3,13467,3/10/2024 0:00,Detroit Pistons,Dallas Mavericks
54,283,Derrick,Jones Jr.,Dallas Mavericks,13467,12,SF,18,5,7,71.4,2,2,100,0,2,0,0,1,1,1,2,4,0,1,16,Derrick Jones Jr.,14,13,13,2,13467,3/10/2024 0:00,Detroit Pistons,Dallas Mavericks
55,1859,Daniel,Gafford,Dallas Mavericks,13467,17,C,24,7,7,100,3,4,75,0,0,0,0,7,7,1,3,0,1,4,22,Daniel Gafford,25,24,18,8,13467,3/10/2024 0:00,Detroit Pistons,Dallas Mavericks
56,261,Kyrie,Irving,Dallas Mavericks,13467,21,PG,30,9,18,50,0,0,0,3,6,50,1,2,3,5,1,1,4,0,15,Kyrie Irving,29,24,26,8,13467,3/10/2024 0:00,Detroit Pistons,Dallas Mavericks
57,963,Luka,Doncic,Dallas Mavericks,13467,39,PG,37,13,24,54.2,9,10,90,4,13,30.8,0,10,10,10,1,3,6,2,13,Luka Doncic,59,49,49,20,13467,3/10/2024 0:00,Detroit Pistons,Dallas Mavericks
58,374,Markieff,Morris,Dallas Mavericks,13467,6,PF,3,2,2,100,0,0,0,2,2,100,0,0,0,0,0,0,1,0,-2,Markieff Morris,6,6,6,0,13467,3/10/2024 0:00,Detroit Pistons,Dallas Mavericks
59,817,Maxi,Kleber,Dallas Mavericks,13467,0,PF,17,0,2,0,0,0,0,0,2,0,1,5,6,0,2,1,0,1,6,Maxi Kleber,6,6,0,6,13467,3/10/2024 0:00,Detroit Pistons,Dallas Mavericks
60,215,Tim,Hardaway Jr.,Dallas Mavericks,13467,17,SF,18,6,13,46.2,1,4,25,4,8,50,0,1,1,2,0,0,0,0,13,Tim Hardaway Jr.,20,18,19,3,13467,3/10/2024 0:00,Detroit Pistons,Dallas Mavericks
61,433,Dwight,Powell,Dallas Mavericks,13467,3,C,12,1,2,50,1,1,100,0,0,0,1,1,2,1,4,0,1,0,-7,Dwight Powell,6,5,4,3,13467,3/10/2024 0:00,Detroit Pistons,Dallas Mavericks
62,2593,Josh,Green,Dallas Mavericks,13467,8,SG,27,2,5,40,4,5,80,0,1,0,0,1,1,2,3,2,0,0,9,Josh Green,11,9,10,3,13467,3/10/2024 0:00,Detroit Pistons,Dallas Mavericks
63,164,Dante,Exum,Dallas Mavericks,13467,2,G,18,1,3,33.3,0,0,0,0,1,0,1,1,2,5,2,0,0,0,7,Dante Exum,9,4,7,7,13467,3/10/2024 0:00,Detroit Pistons,Dallas Mavericks
64,2890,A.J.,Lawson,Dallas Mavericks,13467,2,G,3,1,1,100,0,0,0,0,0,0,0,0,0,0,0,0,0,0,-2,A.J. Lawson,2,2,2,0,13467,3/10/2024 0:00,Detroit Pistons,Dallas Mavericks
65,3407,Jaden,Hardy,Dallas Mavericks,13467,8,G,4,2,4,50,4,4,100,0,0,0,0,1,1,1,0,0,1,0,-4,Jaden Hardy,10,9,9,2,13467,3/10/2024 0:00,Detroit Pistons,Dallas Mavericks
66,153,Kevin,Durant,Phoenix Suns,13468,45,PF,37,18,26,69.2,5,7,71.4,4,7,57.1,1,9,10,6,2,1,6,0,-1,Kevin Durant,61,55,51,16,13468,3/10/2024 1:30,Phoenix Suns,Boston Celtics
67,851,Royce,O'Neale,Phoenix Suns,13468,3,PF,37,1,9,11.1,0,0,0,1,6,16.7,1,4,5,2,1,1,0,0,10,Royce O'Neale,10,8,5,7,13468,3/10/2024 1:30,Phoenix Suns,Boston Celtics
68,398,Jusuf,Nurkic,Phoenix Suns,13468,11,C,28,5,6,83.3,1,3,33.3,0,0,0,5,6,11,4,2,1,3,1,5,Jusuf Nurkic,26,22,15,15,13468,3/10/2024 1:30,Phoenix Suns,Boston Celtics
69,45,Bradley,Beal,Phoenix Suns,13468,25,SG,38,10,20,50,2,2,100,3,5,60,0,1,1,4,4,3,1,0,1,Bradley Beal,30,26,29,5,13468,3/10/2024 1:30,Phoenix Suns,Boston Celtics
70,926,Grayson,Allen,Phoenix Suns,13468,7,SG,39,3,8,37.5,1,2,50,0,4,0,0,5,5,2,2,0,3,0,-16,Grayson Allen,14,12,9,7,13468,3/10/2024 1:30,Phoenix Suns,Boston Celtics
71,966,Drew,Eubanks,Phoenix Suns,13468,0,PF,11,0,0,0,0,0,0,0,0,0,0,1,1,0,1,0,0,0,-20,Drew Eubanks,1,1,0,1,13468,3/10/2024 1:30,Phoenix Suns,Boston Celtics
72,3483,David,Roddy,Phoenix Suns,13468,2,F,6,1,5,20,0,0,0,0,3,0,1,0,1,0,1,0,0,0,-6,David Roddy,3,3,2,1,13468,3/10/2024 1:30,Phoenix Suns,Boston Celtics
73,1849,Bol,Bol,Phoenix Suns,13468,13,C,10,6,7,85.7,0,0,0,1,2,50,1,3,4,0,0,0,0,0,-10,Bol Bol,17,17,13,4,13468,3/10/2024 1:30,Phoenix Suns,Boston Celtics
74,196,Eric,Gordon,Phoenix Suns,13468,0,SG,29,0,3,0,0,0,0,0,2,0,0,2,2,2,0,0,0,0,-9,Eric Gordon,4,2,2,4,13468,3/10/2024 1:30,Phoenix Suns,Boston Celtics
75,2610,Saben,Lee,Phoenix Suns,13468,1,G,4,0,3,0,1,2,50,0,2,0,1,0,1,1,1,0,1,0,-4,Saben Lee,3,2,2,2,13468,3/10/2024 1:30,Phoenix Suns,Boston Celtics
76,882,Jayson,Tatum,Boston Celtics,13468,29,SF,42,11,28,39.3,2,2,100,5,9,55.6,3,7,10,7,0,1,4,0,4,Jayson Tatum,46,39,36,17,13468,3/10/2024 1:30,Phoenix Suns,Boston Celtics
77,248,Al,Horford,Boston Celtics,13468,9,C,32,4,12,33.3,0,0,0,1,7,14.3,3,9,12,3,4,1,1,0,0,Al Horford,24,21,12,15,13468,3/10/2024 1:30,Phoenix Suns,Boston Celtics
78,242,Jrue,Holiday,Boston Celtics,13468,15,PG,36,5,7,71.4,2,2,100,3,5,60,0,3,3,6,1,2,3,1,6,Jrue Holiday,24,18,21,9,13468,3/10/2024 1:30,Phoenix Suns,Boston Celtics
79,897,Derrick,White,Boston Celtics,13468,10,PG,35,5,8,62.5,0,0,0,0,3,0,2,3,5,9,3,0,2,1,1,Derrick White,24,15,19,14,13468,3/10/2024 1:30,Phoenix Suns,Boston Celtics
80,75,Jaylen,Brown,Boston Celtics,13468,27,SG,34,10,21,47.6,4,7,57.1,3,7,42.9,1,2,3,3,1,2,2,0,6,Jaylen Brown,33,30,30,6,13468,3/10/2024 1:30,Phoenix Suns,Boston Celtics
81,2812,Sam,Hauser,Boston Celtics,13468,3,SF,18,1,5,20,0,0,0,1,4,25,0,2,2,0,0,0,0,1,10,Sam Hauser,5,5,3,2,13468,3/10/2024 1:30,Phoenix Suns,Boston Celtics
82,819,Luke,Kornet,Boston Celtics,13468,14,C,20,6,7,85.7,2,2,100,0,0,0,3,3,6,0,2,0,0,1,12,Luke Kornet,20,20,14,6,13468,3/10/2024 1:30,Phoenix Suns,Boston Celtics
83,2635,Payton,Pritchard,Boston Celtics,13468,10,PG,23,4,6,66.7,0,0,0,2,4,50,1,1,2,1,0,1,0,0,13,Payton Pritchard,13,12,11,3,13468,3/10/2024 1:30,Phoenix Suns,Boston Celtics
84,3429,JD,Davison,Boston Celtics,13468,0,SG,0,0,0,0,0,0,0,0,0,0,0,0,0,0,0,0,0,0,-1,JD Davison,0,0,0,0,13468,3/10/2024 1:30,Phoenix Suns,Boston Celtics
85,2851,Jaden,Springer,Boston Celtics,13468,0,G,0,0,0,0,0,0,0,0,0,0,0,0,0,0,1,0,0,0,-1,Jaden Springer,0,0,0,0,13468,3/10/2024 1:30,Phoenix Suns,Boston Celtics
86,204,Draymond,Green,Golden State Warriors,13469,7,PF,28,3,6,50,0,0,0,1,3,33.3,2,3,5,4,2,2,3,1,-8,Draymond Green,16,12,11,9,13469,3/10/2024 1:30,Golden State Warriors,San Antonio Spurs
87,2827,Jonathan,Kuminga,Golden State Warriors,13469,26,PF,30,10,17,58.8,6,8,75,0,1,0,0,3,3,2,4,1,2,0,-8,Jonathan Kuminga,31,29,28,5,13469,3/10/2024 1:30,Golden State Warriors,San Antonio Spurs
88,3973,Trayce,JacksonDavis,Golden State Warriors,13469,11,F,24,5,5,100,1,5,20,0,0,0,1,5,6,0,4,1,1,3,-5,Trayce JacksonDavis,17,17,11,6,13469,3/10/2024 1:30,Golden State Warriors,San Antonio Spurs
89,415,Chris,Paul,Golden State Warriors,13469,10,PG,29,4,9,44.4,0,0,0,2,3,66.7,0,4,4,9,1,3,0,0,-3,Chris Paul,23,14,19,13,13469,3/10/2024 1:30,Golden State Warriors,San Antonio Spurs
90,3975,Brandin,Podziemski,Golden State Warriors,13469,8,G,31,2,7,28.6,3,4,75,1,1,100,4,2,6,7,0,1,2,1,-8,Brandin Podziemski,21,14,15,13,13469,3/10/2024 1:30,Golden State Warriors,San Antonio Spurs
91,468,Dario,Saric,Golden State Warriors,13469,2,PF,3,1,2,50,0,0,0,0,1,0,0,0,0,0,2,0,0,0,-6,Dario Saric,2,2,2,0,13469,3/10/2024 1:30,Golden State Warriors,San Antonio Spurs
92,3485,Gui,Santos,Golden State Warriors,13469,0,F,6,0,0,0,0,0,0,0,0,0,0,1,1,1,1,0,0,0,1,Gui Santos,2,1,1,2,13469,3/10/2024 1:30,Golden State Warriors,San Antonio Spurs
93,548,Andrew,Wiggins,Golden State Warriors,13469,11,SF,26,5,12,41.7,0,0,0,1,3,33.3,1,5,6,1,3,1,0,0,-6,Andrew Wiggins,18,17,12,7,13469,3/10/2024 1:30,Golden State Warriors,San Antonio Spurs
94,514,Klay,Thompson,Golden State Warriors,13469,27,SG,25,8,16,50,6,6,100,5,10,50,0,2,2,1,4,0,3,1,2,Klay Thompson,30,29,28,3,13469,3/10/2024 1:30,Golden State Warriors,San Antonio Spurs
95,1019,Jerome,Robinson,Golden State Warriors,13469,0,SG,2,0,0,0,0,0,0,0,0,0,0,0,0,0,0,0,0,0,-2,Jerome Robinson,0,0,0,0,13469,3/10/2024 1:30,Golden State Warriors,San Antonio Spurs
96,2836,Moses,Moody,Golden State Warriors,13469,9,SG,26,2,11,18.2,5,6,83.3,0,6,0,1,4,5,0,2,0,1,1,-9,Moses Moody,14,14,9,5,13469,3/10/2024 1:30,Golden State Warriors,San Antonio Spurs
97,3480,Lester,Quinones,Golden State Warriors,13469,2,G,9,1,3,33.3,0,0,0,0,2,0,0,1,1,0,1,0,0,0,-11,Lester Quinones,3,3,2,1,13469,3/10/2024 1:30,Golden State Warriors,San Antonio Spurs
98,3492,Pat,Spencer,Golden State Warriors,13469,0,G,2,0,0,0,0,0,0,0,0,0,0,0,0,1,0,0,0,0,-2,Pat Spencer,1,0,1,1,13469,3/10/2024 1:30,Golden State Warriors,San Antonio Spurs
99,762,Zach,Collins,San Antonio Spurs,13469,9,PF,22,4,8,50,0,2,0,1,1,100,0,2,2,0,5,1,0,1,8,Zach Collins,11,11,9,2,13469,3/10/2024 1:30,Golden State Warriors,San Antonio Spurs
100,3425,Julian,Champagnie,San Antonio Spurs,13469,17,F,34,5,8,62.5,2,2,100,5,8,62.5,1,6,7,5,0,0,3,1,5,Julian Champagnie,29,24,22,12,13469,3/10/2024 1:30,Golden State Warriors,San Antonio Spurs
101,3490,Jeremy,Sochan,San Antonio Spurs,13469,20,F,24,7,14,50,4,6,66.7,2,4,50,0,5,5,1,5,0,3,1,7,Jeremy Sochan,26,25,21,6,13469,3/10/2024 1:30,Golden State Warriors,San Antonio Spurs
102,2606,Tre,Jones,San Antonio Spurs,13469,7,PG,31,1,5,20,5,6,83.3,0,2,0,1,4,5,11,1,2,1,0,3,Tre Jones,23,12,18,16,13469,3/10/2024 1:30,Golden State Warriors,San Antonio Spurs
103,3419,Malaki,Branham,San Antonio Spurs,13469,20,G,29,7,15,46.7,3,4,75,3,6,50,1,2,3,2,1,0,3,0,8,Malaki Branham,25,23,22,5,13469,3/10/2024 1:30,Golden State Warriors,San Antonio Spurs
104,2830,Sandro,Mamukelashvili,San Antonio Spurs,13469,0,PF,6,0,1,0,0,0,0,0,0,0,1,0,1,1,0,0,0,0,8,Sandro Mamukelashvili,2,1,1,2,13469,3/10/2024 1:30,Golden State Warriors,San Antonio Spurs
105,3415,Dominick,Barlow,San Antonio Spurs,13469,19,F,30,7,10,70,5,6,83.3,0,1,0,5,3,8,4,4,1,0,1,4,Dominick Barlow,31,27,23,12,13469,3/10/2024 1:30,Golden State Warriors,San Antonio Spurs
106,1872,Keldon,Johnson,San Antonio Spurs,13469,22,SF,32,9,18,50,0,0,0,4,9,44.4,3,8,11,1,1,0,1,0,4,Keldon Johnson,34,33,23,12,13469,3/10/2024 1:30,Golden State Warriors,San Antonio Spurs
107,973,Devonte',Graham,San Antonio Spurs,13469,8,PG,11,3,4,75,0,0,0,2,2,100,0,2,2,0,2,1,0,0,10,Devonte' Graham,10,10,8,2,13469,3/10/2024 1:30,Golden State Warriors,San Antonio Spurs
108,3499,Blake,Wesley,San Antonio Spurs,13469,4,G,20,1,3,33.3,2,2,100,0,0,0,0,5,5,9,3,1,1,2,8,Blake Wesley,18,9,13,14,13469,3/10/2024 1:30,Golden State Warriors,San Antonio Spurs
109,195,Aaron,Gordon,Denver Nuggets,13470,7,PF,20,3,3,100,1,1,100,0,0,0,0,2,2,7,4,2,3,0,19,Aaron Gordon,16,9,14,9,13470,3/10/2024 2:00,Denver Nuggets,Utah Jazz
110,1014,Michael,Porter Jr.,Denver Nuggets,13470,19,SF,22,8,13,61.5,0,0,0,3,5,60,1,3,4,2,1,1,2,1,12,Michael Porter Jr.,25,23,21,6,13470,3/10/2024 2:00,Denver Nuggets,Utah Jazz
111,279,Nikola,Jokic,Denver Nuggets,13470,26,C,32,12,14,85.7,2,2,100,0,0,0,2,4,6,8,1,1,3,2,6,Nikola Jokic,40,32,34,14,13470,3/10/2024 2:00,Denver Nuggets,Utah Jazz
112,383,Jamal,Murray,Denver Nuggets,13470,37,PG,37,13,21,61.9,5,7,71.4,6,9,66.7,1,2,3,7,2,2,1,0,11,Jamal Murray,47,40,44,10,13470,3/10/2024 2:00,Denver Nuggets,Utah Jazz
113,89,Kentavious,Caldwell-Pope,Denver Nuggets,13470,13,SG,30,5,8,62.5,0,0,0,3,6,50,0,1,1,2,2,1,1,2,1,Kentavious Caldwell-Pope,16,14,15,3,13470,3/10/2024 2:00,Denver Nuggets,Utah Jazz
114,2627,Zeke,Nnaji,Denver Nuggets,13470,1,PF,15,0,1,0,1,2,50,0,0,0,1,1,2,2,2,0,0,2,13,Zeke Nnaji,5,3,3,4,13470,3/10/2024 2:00,Denver Nuggets,Utah Jazz
115,3967,Hunter,Tyson,Denver Nuggets,13470,3,F,1,1,1,100,0,0,0,1,1,100,0,1,1,0,1,0,0,0,2,Hunter Tyson,4,4,3,1,13470,3/10/2024 2:00,Denver Nuggets,Utah Jazz
116,3498,Peyton,Watson,Denver Nuggets,13470,12,F,26,4,8,50,4,4,100,0,2,0,0,5,5,0,1,1,1,1,0,Peyton Watson,17,17,12,5,13470,3/10/2024 2:00,Denver Nuggets,Utah Jazz
117,243,Justin,Holiday,Denver Nuggets,13470,3,SF,25,1,1,100,0,0,0,1,1,100,0,2,2,7,1,0,0,1,15,Justin Holiday,12,5,10,9,13470,3/10/2024 2:00,Denver Nuggets,Utah Jazz
118,2814,Jay,Huff,Denver Nuggets,13470,2,C,1,1,1,100,0,0,0,0,0,0,0,1,1,0,0,0,0,0,2,Jay Huff,3,3,2,1,13470,3/10/2024 2:00,Denver Nuggets,Utah Jazz
119,264,Reggie,Jackson,Denver Nuggets,13470,6,PG,9,2,7,28.6,0,0,0,2,5,40,0,1,1,2,0,0,1,0,8,Reggie Jackson,9,7,8,3,13470,3/10/2024 2:00,Denver Nuggets,Utah Jazz
120,3965,Jalen,Pickett,Denver Nuggets,13470,0,G,2,0,0,0,0,0,0,0,0,0,0,0,0,1,0,0,1,0,2,Jalen Pickett,1,0,1,1,13470,3/10/2024 2:00,Denver Nuggets,Utah Jazz
121,3420,Christian,Braun,Denver Nuggets,13470,13,G,17,5,5,100,0,0,0,3,3,100,0,4,4,1,6,0,0,1,12,Christian Braun,18,17,14,5,13470,3/10/2024 2:00,Denver Nuggets,Utah Jazz
122,3966,Julian,Strawther,Denver Nuggets,13470,0,G,2,0,0,0,0,0,0,0,0,0,0,0,0,1,1,0,0,0,2,Julian Strawther,1,0,1,1,13470,3/10/2024 2:00,Denver Nuggets,Utah Jazz
123,761,John,Collins,Utah Jazz,13470,19,PF,33,7,10,70,5,8,62.5,0,0,0,3,4,7,1,1,0,2,0,6,John Collins,27,26,20,8,13470,3/10/2024 2:00,Denver Nuggets,Utah Jazz
124,4034,Brice,Sensabaugh,Utah Jazz,13470,16,F,32,7,11,63.6,2,3,66.7,0,3,0,1,1,2,3,0,3,5,0,4,Brice Sensabaugh,21,18,19,5,13470,3/10/2024 2:00,Denver Nuggets,Utah Jazz
125,3457,Walker,Kessler,Utah Jazz,13470,6,C,24,3,9,33.3,0,0,0,0,0,0,7,4,11,2,1,0,0,1,-19,Walker Kessler,19,17,8,13,13470,3/10/2024 2:00,Denver Nuggets,Utah Jazz
126,1021,Collin,Sexton,Utah Jazz,13470,17,PG,36,6,17,35.3,4,5,80,1,3,33.3,1,0,1,4,2,1,0,0,-1,Collin Sexton,22,18,21,5,13470,3/10/2024 2:00,Denver Nuggets,Utah Jazz
127,4029,Keyonte,George,Utah Jazz,13470,29,G,38,10,17,58.8,4,5,80,5,8,62.5,0,5,5,6,2,0,4,0,-2,Keyonte George,40,34,35,11,13470,3/10/2024 2:00,Denver Nuggets,Utah Jazz
128,1891,Luka,Samanic,Utah Jazz,13470,7,F,15,2,6,33.3,3,3,100,0,3,0,1,4,5,1,3,0,1,1,-4,Luka Samanic,13,12,8,6,13470,3/10/2024 2:00,Denver Nuggets,Utah Jazz
129,2785,Omer,Yurtseven,Utah Jazz,13470,0,C,4,0,0,0,0,0,0,0,0,0,0,0,0,0,0,0,0,0,-10,Omer Yurtseven,0,0,0,0,13470,3/10/2024 2:00,Denver Nuggets,Utah Jazz
130,109,Jordan,Clarkson,Utah Jazz,13470,22,PG,28,10,18,55.6,1,1,100,1,4,25,1,3,4,3,1,3,3,0,-29,Jordan Clarkson,29,26,25,7,13470,3/10/2024 2:00,Denver Nuggets,Utah Jazz
131,1867,Talen,Horton-Tucker,Utah Jazz,13470,3,SG,9,1,3,33.3,0,0,0,1,3,33.3,0,0,0,0,1,0,0,0,-16,Talen Horton-Tucker,3,3,3,0,13470,3/10/2024 2:00,Denver Nuggets,Utah Jazz
132,152,Kris,Dunn,Utah Jazz,13470,0,G,15,0,0,0,0,0,0,0,0,0,0,1,1,1,4,0,0,0,-22,Kris Dunn,2,1,1,2,13470,3/10/2024 2:00,Denver Nuggets,Utah Jazz
133,3454,Johnny,Juzang,Utah Jazz,13470,2,G,6,1,3,33.3,0,0,0,0,2,0,0,0,0,1,0,0,0,0,-12,Johnny Juzang,3,2,3,1,13470,3/10/2024 2:00,Denver Nuggets,Utah Jazz
134,4015,Toumani,Camara,Portland Trail Blazers,13471,15,F,32,5,10,50,3,3,100,2,4,50,5,4,9,4,3,1,1,0,8,Toumani Camara,28,24,19,13,13471,3/10/2024 3:00,Portland Trail Blazers,Toronto Raptors
135,4017,Kris,Murray,Portland Trail Blazers,13471,5,F,25,2,7,28.6,0,0,0,1,5,20,0,4,4,3,1,0,1,0,8,Kris Murray,12,9,8,7,13471,3/10/2024 3:00,Portland Trail Blazers,Toronto Raptors
136,930,Deandre,Ayton,Portland Trail Blazers,13471,30,C,40,14,25,56,2,2,100,0,1,0,5,14,19,1,1,2,3,1,10,Deandre Ayton,50,49,31,20,13471,3/10/2024 3:00,Portland Trail Blazers,Toronto Raptors
137,1023,Anfernee,Simons,Portland Trail Blazers,13471,23,SG,42,8,18,44.4,3,3,100,4,9,44.4,2,2,4,7,1,1,5,0,1,Anfernee Simons,34,27,30,11,13471,3/10/2024 3:00,Portland Trail Blazers,Toronto Raptors
138,2788,Dalano,Banton,Portland Trail Blazers,13471,25,G,42,9,16,56.3,2,3,66.7,5,8,62.5,2,5,7,4,2,0,2,1,18,Dalano Banton,36,32,29,11,13471,3/10/2024 3:00,Portland Trail Blazers,Toronto Raptors
139,4018,Duop,Reath,Portland Trail Blazers,13471,4,C,13,1,3,33.3,2,2,100,0,1,0,0,1,1,0,1,0,0,0,0,Duop Reath,5,5,4,1,13471,3/10/2024 3:00,Portland Trail Blazers,Toronto Raptors
140,1896,Matisse,Thybulle,Portland Trail Blazers,13471,13,SG,32,5,9,55.6,0,0,0,3,5,60,2,2,4,4,3,4,1,1,-7,Matisse Thybulle,21,17,17,8,13471,3/10/2024 3:00,Portland Trail Blazers,Toronto Raptors
141,3408,Scoot,Henderson,Portland Trail Blazers,13471,13,G,26,5,12,41.7,2,2,100,1,4,25,0,1,1,5,4,1,1,0,5,Scoot Henderson,19,14,18,6,13471,3/10/2024 3:00,Portland Trail Blazers,Toronto Raptors
142,4069,R.,Rupert,Portland Trail Blazers,13471,0,G,13,0,3,0,0,0,0,0,3,0,2,1,3,3,2,1,0,0,7,R. Rupert,6,3,3,6,13471,3/10/2024 3:00,Portland Trail Blazers,Toronto Raptors
143,404,Kelly,Olynyk,Toronto Raptors,13471,15,PF,32,6,10,60,0,0,0,3,4,75,2,4,6,8,4,2,5,2,-13,Kelly Olynyk,29,21,23,14,13471,3/10/2024 3:00,Portland Trail Blazers,Toronto Raptors
144,1058,Gary,Trent Jr.,Toronto Raptors,13471,23,SG,42,10,26,38.5,0,1,0,3,12,25,2,3,5,3,2,2,2,0,-12,Gary Trent Jr.,31,28,26,8,13471,3/10/2024 3:00,Portland Trail Blazers,Toronto Raptors
145,2636,Immanuel,Quickley,Toronto Raptors,13471,29,SG,44,10,21,47.6,5,7,71.4,4,10,40,0,3,3,7,1,1,6,0,-13,Immanuel Quickley,39,32,36,10,13471,3/10/2024 3:00,Portland Trail Blazers,Toronto Raptors
146,3411,Ochai,Agbaji,Toronto Raptors,13471,7,G,22,2,7,28.6,2,2,100,1,4,25,0,1,1,1,0,1,0,0,-9,Ochai Agbaji,9,8,8,2,13471,3/10/2024 3:00,Portland Trail Blazers,Toronto Raptors
147,4027,Gradey,Dick,Toronto Raptors,13471,8,G,39,3,10,30,0,0,0,2,7,28.6,2,3,5,2,3,0,0,0,1,Gradey Dick,15,13,10,7,13471,3/10/2024 3:00,Portland Trail Blazers,Toronto Raptors
148,745,Chris,Boucher,Toronto Raptors,13471,16,PF,31,4,5,80,6,6,100,2,3,66.7,1,7,8,2,2,0,3,3,3,Chris Boucher,26,24,18,10,13471,3/10/2024 3:00,Portland Trail Blazers,Toronto Raptors
149,1880,Jalen,McDaniels,Toronto Raptors,13471,4,PF,25,2,3,66.7,0,0,0,0,0,0,1,9,10,3,3,2,1,1,-7,Jalen McDaniels,17,14,7,13,13471,3/10/2024 3:00,Portland Trail Blazers,Toronto Raptors
150,2628,Jordan,Nwora,Toronto Raptors,13471,10,SF,12,4,6,66.7,1,1,100,1,2,50,0,1,1,1,0,1,0,0,2,Jordan Nwora,12,11,11,2,13471,3/10/2024 3:00,Portland Trail Blazers,Toronto Raptors
151,2557,Jontay,Porter,Toronto Raptors,13471,0,C,0,0,0,0,0,0,0,0,0,0,0,0,0,0,0,0,0,0,0,Jontay Porter,0,0,0,0,13471,3/10/2024 3:00,Portland Trail Blazers,Toronto Raptors
152,3440,Javon,Freeman-Liberty,Toronto Raptors,13471,6,G,18,2,3,66.7,2,2,100,0,1,0,1,3,4,2,3,0,3,0,-2,Javon Freeman-Liberty,12,10,8,6,13471,3/10/2024 3:00,Portland Trail Blazers,Toronto Raptors
153,520,P.J.,Tucker,LA Clippers,13472,7,PF,26,3,9,33.3,0,0,0,1,6,16.7,4,2,6,2,0,0,1,1,-9,P.J. Tucker,15,13,9,8,13472,3/10/2024 19:00,LA Clippers,Milwaukee Bucks
154,575,Ivica,Zubac,LA Clippers,13472,18,C,26,9,11,81.8,0,0,0,0,0,0,3,3,6,1,5,1,1,1,-19,Ivica Zubac,25,24,19,7,13472,3/10/2024 19:00,LA Clippers,Milwaukee Bucks
155,216,James,Harden,LA Clippers,13472,13,SG,36,5,16,31.3,2,2,100,1,6,16.7,3,2,5,11,4,0,5,0,-13,James Harden,29,18,24,16,13472,3/10/2024 19:00,LA Clippers,Milwaukee Bucks
156,1877,Terance,Mann,LA Clippers,13472,16,SG,30,6,10,60,2,2,100,2,6,33.3,2,0,2,1,2,0,0,2,-9,Terance Mann,19,18,17,3,13472,3/10/2024 19:00,LA Clippers,Milwaukee Bucks
157,2115,Amir,Coffey,LA Clippers,13472,16,SG,30,6,11,54.5,0,0,0,4,6,66.7,1,9,10,4,4,0,1,1,-5,Amir Coffey,30,26,20,14,13472,3/10/2024 19:00,LA Clippers,Milwaukee Bucks
158,886,Daniel,Theis,LA Clippers,13472,2,C,15,1,2,50,0,0,0,0,1,0,1,5,6,0,2,0,0,2,17,Daniel Theis,8,8,2,6,13472,3/10/2024 19:00,LA Clippers,Milwaukee Bucks
159,426,Mason,Plumlee,LA Clippers,13472,2,C,7,1,3,33.3,0,0,0,0,0,0,1,2,3,3,0,0,1,0,-3,Mason Plumlee,8,5,5,6,13472,3/10/2024 19:00,LA Clippers,Milwaukee Bucks
160,2816,Bones,Hyland,LA Clippers,13472,12,PG,21,5,12,41.7,0,0,0,2,5,40,0,2,2,5,2,1,0,0,2,Bones Hyland,19,14,17,7,13472,3/10/2024 19:00,LA Clippers,Milwaukee Bucks
161,2792,Brandon,Boston Jr.,LA Clippers,13472,5,SG,18,2,9,22.2,0,0,0,1,3,33.3,2,3,5,1,2,0,0,2,2,Brandon Boston Jr.,11,10,6,6,13472,3/10/2024 19:00,LA Clippers,Milwaukee Bucks
162,434,Norman,Powell,LA Clippers,13472,26,G,31,9,21,42.9,5,6,83.3,3,14,21.4,0,7,7,2,2,1,1,0,2,Norman Powell,35,33,28,9,13472,3/10/2024 19:00,LA Clippers,Milwaukee Bucks
163,121,Jae,Crowder,Milwaukee Bucks,13472,7,PF,19,3,5,60,0,0,0,1,2,50,1,1,2,1,3,1,0,1,6,Jae Crowder,10,9,8,3,13472,3/10/2024 19:00,LA Clippers,Milwaukee Bucks
164,20,Giannis,Antetokounmpo,Milwaukee Bucks,13472,34,PF,39,12,24,50,10,15,66.7,0,2,0,0,7,7,10,3,1,3,1,19,Giannis Antetokounmpo,51,41,44,17,13472,3/10/2024 19:00,LA Clippers,Milwaukee Bucks
165,323,Brook,Lopez,Milwaukee Bucks,13472,7,C,31,2,4,50,2,2,100,1,2,50,2,4,6,1,2,0,1,2,-5,Brook Lopez,14,13,8,7,13472,3/10/2024 19:00,LA Clippers,Milwaukee Bucks
166,319,Damian,Lillard,Milwaukee Bucks,13472,35,PG,38,11,19,57.9,6,7,85.7,7,13,53.8,1,6,7,11,1,0,2,0,-1,Damian Lillard,53,42,46,18,13472,3/10/2024 19:00,LA Clippers,Milwaukee Bucks
167,46,Malik,Beasley,Milwaukee Bucks,13472,17,SG,39,6,11,54.5,1,1,100,4,9,44.4,0,4,4,1,0,0,1,0,20,Malik Beasley,22,21,18,5,13472,3/10/2024 19:00,LA Clippers,Milwaukee Bucks
168,181,Danilo,Gallinari,Milwaukee Bucks,13472,3,PF,6,1,1,100,0,0,0,1,1,100,0,0,0,0,0,0,0,0,5,Danilo Gallinari,3,3,3,0,13472,3/10/2024 19:00,LA Clippers,Milwaukee Bucks
169,431,Bobby,Portis,Milwaukee Bucks,13472,11,F,26,5,14,35.7,0,0,0,1,2,50,3,5,8,1,1,0,0,0,-2,Bobby Portis,20,19,12,9,13472,3/10/2024 19:00,LA Clippers,Milwaukee Bucks
170,53,Patrick,Beverley,Milwaukee Bucks,13472,5,PG,16,2,4,50,0,0,0,1,2,50,0,4,4,1,5,2,0,1,-6,Patrick Beverley,10,9,6,5,13472,3/10/2024 19:00,LA Clippers,Milwaukee Bucks
171,115,Pat,Connaughton,Milwaukee Bucks,13472,5,SG,26,1,5,20,2,2,100,1,5,20,0,3,3,2,0,1,0,1,-1,Pat Connaughton,10,8,7,5,13472,3/10/2024 19:00,LA Clippers,Milwaukee Bucks
172,2569,Saddiq,Bey,Atlanta Hawks,13473,14,SF,27,3,11,27.3,5,6,83.3,3,8,37.5,1,4,5,2,1,0,0,0,-6,Saddiq Bey,21,19,16,7,13473,3/10/2024 22:00,Atlanta Hawks,New Orleans Pelicans
173,92,Clint,Capela,Atlanta Hawks,13473,18,C,26,9,13,69.2,0,0,0,0,0,0,6,8,14,0,3,0,2,1,4,Clint Capela,32,32,18,14,13473,3/10/2024 22:00,Atlanta Hawks,New Orleans Pelicans
174,743,Bogdan,Bogdanovic,Atlanta Hawks,13473,25,SG,36,9,19,47.4,0,0,0,7,15,46.7,1,0,1,7,1,2,1,0,4,Bogdan Bogdanovic,33,26,32,8,13473,3/10/2024 22:00,Atlanta Hawks,New Orleans Pelicans
175,382,Dejounte,Murray,Atlanta Hawks,13473,23,SG,41,7,20,35,5,7,71.4,4,10,40,1,0,1,11,2,1,4,0,-5,Dejounte Murray,35,24,34,12,13473,3/10/2024 22:00,Atlanta Hawks,New Orleans Pelicans
176,2608,Vit,Krejci,Atlanta Hawks,13473,3,G,22,1,3,33.3,0,0,0,1,2,50,0,2,2,3,0,1,1,0,-8,Vit Krejci,8,5,6,5,13473,3/10/2024 22:00,Atlanta Hawks,New Orleans Pelicans
177,1858,Bruno,Fernando,Atlanta Hawks,13473,6,PF,22,3,5,60,0,0,0,0,0,0,3,8,11,2,3,2,1,3,-17,Bruno Fernando,19,17,8,13,13473,3/10/2024 22:00,Atlanta Hawks,New Orleans Pelicans
178,1868,De'Andre,Hunter,Atlanta Hawks,13473,12,SF,36,5,15,33.3,0,0,0,2,8,25,0,6,6,2,0,0,2,0,-8,De'Andre Hunter,20,18,14,8,13473,3/10/2024 22:00,Atlanta Hawks,New Orleans Pelicans
179,341,Wesley,Matthews,Atlanta Hawks,13473,0,SG,4,0,1,0,0,0,0,0,1,0,0,0,0,1,0,0,0,0,-3,Wesley Matthews,1,0,1,1,13473,3/10/2024 22:00,Atlanta Hawks,New Orleans Pelicans
180,2327,Garrison,Mathews,Atlanta Hawks,13473,2,SG,19,1,3,33.3,0,0,0,0,2,0,0,0,0,0,4,0,0,0,-18,Garrison Mathews,2,2,2,0,13473,3/10/2024 22:00,Atlanta Hawks,New Orleans Pelicans
181,2589,Trent,Forrest,Atlanta Hawks,13473,0,G,7,0,1,0,0,0,0,0,0,0,0,1,1,0,1,0,0,0,-8,Trent Forrest,1,1,0,1,13473,3/10/2024 22:00,Atlanta Hawks,New Orleans Pelicans
182,1902,Zion,Williamson,New Orleans Pelicans,13473,27,PF,36,10,14,71.4,7,10,70,0,0,0,2,4,6,7,2,0,1,2,6,Zion Williamson,40,33,34,13,13473,3/10/2024 22:00,Atlanta Hawks,New Orleans Pelicans
183,260,Brandon,Ingram,New Orleans Pelicans,13473,7,SF,32,3,9,33.3,1,2,50,0,1,0,0,7,7,10,2,1,2,0,1,Brandon Ingram,24,14,17,17,13473,3/10/2024 22:00,Atlanta Hawks,New Orleans Pelicans
184,2822,Herbert,Jones,New Orleans Pelicans,13473,7,SF,30,3,5,60,0,0,0,1,2,50,0,1,1,2,3,2,2,3,0,Herbert Jones,10,8,9,3,13473,3/10/2024 22:00,Atlanta Hawks,New Orleans Pelicans
185,525,Jonas,Valanciunas,New Orleans Pelicans,13473,4,C,17,1,2,50,2,2,100,0,0,0,0,9,9,1,1,0,2,2,3,Jonas Valanciunas,14,13,5,10,13473,3/10/2024 22:00,Atlanta Hawks,New Orleans Pelicans
186,347,CJ,McCollum,New Orleans Pelicans,13473,20,SG,31,7,14,50,2,3,66.7,4,7,57.1,1,3,4,3,0,0,2,0,1,CJ McCollum,27,24,23,7,13473,3/10/2024 22:00,Atlanta Hawks,New Orleans Pelicans
187,385,Larry,Nance Jr.,New Orleans Pelicans,13473,10,PF,29,4,4,100,2,3,66.7,0,0,0,1,1,2,3,1,4,0,0,15,Larry Nance Jr.,15,12,13,5,13473,3/10/2024 22:00,Atlanta Hawks,New Orleans Pelicans
188,2668,Naji,Marshall,New Orleans Pelicans,13473,7,SF,18,3,5,60,0,0,0,1,1,100,0,5,5,3,0,0,0,0,13,Naji Marshall,15,12,10,8,13473,3/10/2024 22:00,Atlanta Hawks,New Orleans Pelicans
189,2941,Jose,Alvarado,New Orleans Pelicans,13473,6,PG,17,2,4,50,0,0,0,2,3,66.7,0,2,2,1,0,1,1,0,12,Jose Alvarado,9,8,7,3,13473,3/10/2024 22:00,Atlanta Hawks,New Orleans Pelicans
190,2837,Trey,Murphy III,New Orleans Pelicans,13473,28,SG,30,10,18,55.6,2,2,100,6,13,46.2,0,7,7,2,1,0,2,0,14,Trey Murphy III,37,35,30,9,13473,3/10/2024 22:00,Atlanta Hawks,New Orleans Pelicans
191,1018,Duncan,Robinson,Miami Heat,13474,16,F,34,5,16,31.3,2,2,100,4,13,30.8,1,1,2,1,3,0,5,0,-11,Duncan Robinson,19,18,17,3,13474,3/10/2024 22:00,Miami Heat,Washington Wizards
192,3453,Nikola,Jovic,Miami Heat,13474,10,F,23,3,6,50,3,3,100,1,4,25,1,5,6,4,3,1,1,1,0,Nikola Jovic,20,16,14,10,13474,3/10/2024 22:00,Miami Heat,Washington Wizards
193,86,Jimmy,Butler,Miami Heat,13474,23,SF,36,9,20,45,5,6,83.3,0,4,0,1,2,3,4,2,1,2,1,0,Jimmy Butler,30,26,27,7,13474,3/10/2024 22:00,Miami Heat,Washington Wizards
194,724,Bam,Adebayo,Miami Heat,13474,16,C,35,7,14,50,2,6,33.3,0,0,0,7,9,16,2,3,2,0,1,-9,Bam Adebayo,34,32,18,18,13474,3/10/2024 22:00,Miami Heat,Washington Wizards
195,458,Terry,Rozier,Miami Heat,13474,16,SG,35,8,16,50,0,0,0,0,3,0,0,7,7,4,2,2,2,0,-9,Terry Rozier,27,23,20,11,13474,3/10/2024 22:00,Miami Heat,Washington Wizards
196,1815,Haywood,Highsmith,Miami Heat,13474,3,F,5,1,1,100,0,0,0,1,1,100,0,0,0,0,0,0,0,0,-2,Haywood Highsmith,3,3,3,0,13474,3/10/2024 22:00,Miami Heat,Washington Wizards
197,2242,Caleb,Martin,Miami Heat,13474,11,SF,30,4,9,44.4,0,0,0,3,3,100,3,4,7,3,1,1,1,1,3,Caleb Martin,21,18,14,10,13474,3/10/2024 22:00,Miami Heat,Washington Wizards
198,3482,Orlando,Robinson,Miami Heat,13474,0,C,3,0,0,0,0,0,0,0,0,0,1,0,1,0,0,0,0,0,4,Orlando Robinson,1,1,0,1,13474,3/10/2024 22:00,Miami Heat,Washington Wizards
199,365,Patty,Mills,Miami Heat,13474,7,PG,14,3,7,42.9,0,0,0,1,4,25,0,2,2,0,2,0,0,0,9,Patty Mills,9,9,7,2,13474,3/10/2024 22:00,Miami Heat,Washington Wizards
200,4046,Jaime Jr.,Jaquez,Miami Heat,13474,6,G,25,3,6,50,0,1,0,0,1,0,2,5,7,2,2,2,2,2,5,Jaime Jr. Jaquez,15,13,8,9,13474,3/10/2024 22:00,Miami Heat,Washington Wizards
201,820,Kyle,Kuzma,Washington Wizards,13474,32,SF,38,9,23,39.1,12,16,75,2,7,28.6,1,8,9,4,2,0,4,2,9,Kyle Kuzma,45,41,36,13,13474,3/10/2024 22:00,Miami Heat,Washington Wizards
202,2825,Corey,Kispert,Washington Wizards,13474,22,SF,39,8,15,53.3,1,2,50,5,10,50,3,2,5,6,1,0,2,0,12,Corey Kispert,33,27,28,11,13474,3/10/2024 22:00,Miami Heat,Washington Wizards
203,2564,Deni,Avdija,Washington Wizards,13474,16,SF,35,7,14,50,1,1,100,1,4,25,2,8,10,2,5,1,2,1,9,Deni Avdija,28,26,18,12,13474,3/10/2024 22:00,Miami Heat,Washington Wizards
204,285,Tyus,Jones,Washington Wizards,13474,12,PG,38,5,9,55.6,0,0,0,2,5,40,0,4,4,16,0,1,1,0,9,Tyus Jones,32,16,28,20,13474,3/10/2024 22:00,Miami Heat,Washington Wizards
205,4036,Bilal,Coulibaly,Washington Wizards,13474,11,SG,36,4,8,50,0,0,0,3,5,60,0,4,4,1,2,2,1,2,17,Bilal Coulibaly,16,15,12,5,13474,3/10/2024 22:00,Miami Heat,Washington Wizards
206,2590,Anthony,Gill,Washington Wizards,13474,0,PF,0,0,0,0,0,0,0,0,0,0,0,0,0,0,0,0,0,0,-1,Anthony Gill,0,0,0,0,13474,3/10/2024 22:00,Miami Heat,Washington Wizards
207,2838,Eugene,Omoruyi,Washington Wizards,13474,2,F,3,1,1,100,0,0,0,0,0,0,0,0,0,0,1,0,0,0,-4,Eugene Omoruyi,2,2,2,0,13474,3/10/2024 22:00,Miami Heat,Washington Wizards
208,3413,Patrick,Baldwin Jr.,Washington Wizards,13474,8,F,11,3,5,60,1,1,100,1,3,33.3,0,2,2,0,0,0,1,0,-7,Patrick Baldwin Jr.,10,10,8,2,13474,3/10/2024 22:00,Miami Heat,Washington Wizards
209,1022,Landry,Shamet,Washington Wizards,13474,0,SG,7,0,0,0,0,0,0,0,0,0,0,0,0,0,1,0,0,0,-9,Landry Shamet,0,0,0,0,13474,3/10/2024 22:00,Miami Heat,Washington Wizards
210,1887,Jordan,Poole,Washington Wizards,13474,6,SG,23,2,6,33.3,0,0,0,2,5,40,0,4,4,6,5,1,4,0,-21,Jordan Poole,16,10,12,10,13474,3/10/2024 22:00,Miami Heat,Washington Wizards
211,3428,Johnny,Davis,Washington Wizards,13474,1,G,9,0,0,0,1,2,50,0,0,0,0,2,2,0,1,0,0,0,-4,Johnny Davis,3,3,1,2,13474,3/10/2024 22:00,Miami Heat,Washington Wizards
212,2561,Precious,Achiuwa,New York Knicks,13475,8,PF,36,2,8,25,3,4,75,1,3,33.3,3,6,9,0,2,2,3,3,4,Precious Achiuwa,17,17,8,9,13475,3/10/2024 22:00,New York Knicks,Philadelphia 76ers
213,978,Isaiah,Hartenstein,New York Knicks,13475,3,C,24,1,1,100,1,2,50,0,0,0,5,5,10,4,3,0,0,0,10,Isaiah Hartenstein,17,13,7,14,13475,3/10/2024 22:00,New York Knicks,Philadelphia 76ers
214,946,Jalen,Brunson,New York Knicks,13475,19,PG,32,6,22,27.3,6,8,75,1,9,11.1,2,1,3,8,1,0,2,0,2,Jalen Brunson,30,22,27,11,13475,3/10/2024 22:00,New York Knicks,Philadelphia 76ers
215,791,Josh,Hart,New York Knicks,13475,9,SG,43,4,13,30.8,0,0,0,1,7,14.3,3,8,11,2,2,2,6,0,-2,Josh Hart,22,20,11,13,13475,3/10/2024 22:00,New York Knicks,Philadelphia 76ers
216,962,Donte,DiVincenzo,New York Knicks,13475,15,SG,36,6,17,35.3,0,0,0,3,12,25,2,7,9,3,3,2,4,1,1,Donte DiVincenzo,27,24,18,12,13475,3/10/2024 22:00,New York Knicks,Philadelphia 76ers
217,60,Bojan,Bogdanovic,New York Knicks,13475,10,SF,18,4,8,50,0,0,0,2,4,50,1,0,1,0,2,0,2,0,-12,Bojan Bogdanovic,11,11,10,1,13475,3/10/2024 22:00,New York Knicks,Philadelphia 76ers
218,2849,Jericho,Sims,New York Knicks,13475,4,C,23,2,3,66.7,0,0,0,0,0,0,0,6,6,0,1,2,1,1,-18,Jericho Sims,10,10,4,6,13475,3/10/2024 22:00,New York Knicks,Philadelphia 76ers
219,2832,Miles,McBride,New York Knicks,13475,0,PG,16,0,5,0,0,0,0,0,2,0,0,0,0,2,0,1,0,0,-8,Miles McBride,2,0,2,2,13475,3/10/2024 22:00,New York Knicks,Philadelphia 76ers
220,84,Alec,Burks,New York Knicks,13475,5,SG,12,1,3,33.3,2,2,100,1,3,33.3,0,1,1,0,0,0,1,0,-7,Alec Burks,6,6,5,1,13475,3/10/2024 22:00,New York Knicks,Philadelphia 76ers
221,222,Tobias,Harris,Philadelphia 76ers,13475,11,PF,38,5,14,35.7,1,3,33.3,0,4,0,2,10,12,2,1,2,3,0,-3,Tobias Harris,25,23,13,14,13475,3/10/2024 22:00,New York Knicks,Philadelphia 76ers
222,932,Mo,Bamba,Philadelphia 76ers,13475,4,C,20,2,4,50,0,0,0,0,2,0,0,1,1,0,0,0,0,0,-8,Mo Bamba,5,5,4,1,13475,3/10/2024 22:00,New York Knicks,Philadelphia 76ers
223,327,Kyle,Lowry,Philadelphia 76ers,13475,8,PG,31,3,8,37.5,0,0,0,2,5,40,0,2,2,3,2,1,2,0,-14,Kyle Lowry,13,10,11,5,13475,3/10/2024 22:00,New York Knicks,Philadelphia 76ers
224,417,Cameron,Payne,Philadelphia 76ers,13475,7,PG,30,3,13,23.1,0,0,0,1,6,16.7,0,1,1,5,4,0,2,1,12,Cameron Payne,13,8,12,6,13475,3/10/2024 22:00,New York Knicks,Philadelphia 76ers
225,407,Kelly,Oubre Jr.,Philadelphia 76ers,13475,18,SG,33,6,19,31.6,6,9,66.7,0,3,0,5,5,10,3,5,3,3,0,-4,Kelly Oubre Jr.,31,28,21,13,13475,3/10/2024 22:00,New York Knicks,Philadelphia 76ers
226,40,Nicolas,Batum,Philadelphia 76ers,13475,0,PF,31,0,2,0,0,0,0,0,2,0,0,5,5,3,2,2,1,0,18,Nicolas Batum,8,5,3,8,13475,3/10/2024 22:00,New York Knicks,Philadelphia 76ers
227,2617,Kenyon,Martin Jr.,Philadelphia 76ers,13475,2,F,4,1,3,33.3,0,0,0,0,0,0,2,0,2,0,0,0,0,0,-3,Kenyon Martin Jr.,4,4,2,2,13475,3/10/2024 22:00,New York Knicks,Philadelphia 76ers
228,2638,Paul,Reed,Philadelphia 76ers,13475,13,SF,28,5,8,62.5,1,2,50,2,2,100,3,4,7,1,3,0,1,4,13,Paul Reed,21,20,14,8,13475,3/10/2024 22:00,New York Knicks,Philadelphia 76ers
229,236,Buddy,Hield,Philadelphia 76ers,13475,16,SG,26,6,9,66.7,0,0,0,4,6,66.7,2,5,7,3,1,1,1,0,19,Buddy Hield,26,23,19,10,13475,3/10/2024 22:00,New York Knicks,Philadelphia 76ers
230,3414,Paolo,Banchero,Orlando Magic,13476,19,PF,38,6,20,30,6,8,75,1,8,12.5,0,5,5,5,3,2,3,0,-19,Paolo Banchero,29,24,24,10,13476,3/10/2024 22:00,Orlando Magic,Indiana Pacers
231,2858,Franz,Wagner,Orlando Magic,13476,13,SF,29,5,14,35.7,3,5,60,0,3,0,0,4,4,2,3,2,1,0,-9,Franz Wagner,19,17,15,6,13476,3/10/2024 22:00,Orlando Magic,Indiana Pacers
232,950,Wendell,Carter Jr.,Orlando Magic,13476,13,C,28,5,13,38.5,3,3,100,0,5,0,6,9,15,2,3,1,2,1,-14,Wendell Carter Jr.,30,28,15,17,13476,3/10/2024 22:00,Orlando Magic,Indiana Pacers
233,220,Gary,Harris,Orlando Magic,13476,5,SG,28,2,3,66.7,0,0,0,1,2,50,0,1,1,1,3,0,2,0,-22,Gary Harris,7,6,6,2,13476,3/10/2024 22:00,Orlando Magic,Indiana Pacers
234,3449,Caleb,Houstan,Orlando Magic,13476,0,G,22,0,2,0,0,0,0,0,1,0,1,1,2,1,3,0,0,0,-6,Caleb Houstan,3,2,1,3,13476,3/10/2024 22:00,Orlando Magic,Indiana Pacers
235,801,Jonathan,Isaac,Orlando Magic,13476,9,PF,19,3,7,42.9,0,0,0,3,4,75,3,4,7,0,2,0,1,2,6,Jonathan Isaac,16,16,9,7,13476,3/10/2024 22:00,Orlando Magic,Indiana Pacers
236,1037,Moritz,Wagner,Orlando Magic,13476,9,C,16,3,6,50,3,5,60,0,2,0,2,4,6,2,2,0,1,0,-5,Moritz Wagner,17,15,11,8,13476,3/10/2024 22:00,Orlando Magic,Indiana Pacers
237,2563,Cole,Anthony,Orlando Magic,13476,16,PG,26,4,14,28.6,7,8,87.5,1,6,16.7,1,1,2,3,3,0,0,0,-8,Cole Anthony,21,18,19,5,13476,3/10/2024 22:00,Orlando Magic,Indiana Pacers
238,258,Joe,Ingles,Orlando Magic,13476,11,SG,23,4,5,80,0,0,0,3,4,75,0,2,2,2,2,1,1,0,0,Joe Ingles,15,13,13,4,13476,3/10/2024 22:00,Orlando Magic,Indiana Pacers
239,4010,Anthony,Black,Orlando Magic,13476,2,G,11,1,4,25,0,0,0,0,1,0,0,2,2,0,3,1,1,0,7,Anthony Black,4,4,2,2,13476,3/10/2024 22:00,Orlando Magic,Indiana Pacers
240,479,Pascal,Siakam,Indiana Pacers,13476,20,PF,33,6,14,42.9,7,9,77.8,1,3,33.3,1,6,7,3,2,0,0,0,6,Pascal Siakam,30,27,23,10,13476,3/10/2024 22:00,Orlando Magic,Indiana Pacers
241,2626,Aaron,Nesmith,Indiana Pacers,13476,16,SF,37,4,8,50,4,4,100,4,6,66.7,0,5,5,1,3,1,1,2,25,Aaron Nesmith,22,21,17,6,13476,3/10/2024 22:00,Orlando Magic,Indiana Pacers
242,522,Myles,Turner,Indiana Pacers,13476,12,C,31,4,11,36.4,3,5,60,1,3,33.3,1,7,8,0,4,0,3,6,14,Myles Turner,20,20,12,8,13476,3/10/2024 22:00,Orlando Magic,Indiana Pacers
243,3476,Andrew,Nembhard,Indiana Pacers,13476,0,PG,25,0,2,0,0,0,0,0,1,0,0,2,2,2,3,0,1,0,0,Andrew Nembhard,4,2,2,4,13476,3/10/2024 22:00,Orlando Magic,Indiana Pacers
244,2595,Tyrese,Haliburton,Indiana Pacers,13476,20,PG,36,6,15,40,7,7,100,1,6,16.7,0,7,7,8,2,0,4,0,15,Tyrese Haliburton,35,27,28,15,13476,3/10/2024 22:00,Orlando Magic,Indiana Pacers
245,2658,Obi,Toppin,Indiana Pacers,13476,17,PF,25,7,9,77.8,2,2,100,1,2,50,1,7,8,0,1,1,1,1,8,Obi Toppin,25,25,17,8,13476,3/10/2024 22:00,Orlando Magic,Indiana Pacers
246,3981,Jarace,Walker,Indiana Pacers,13476,0,F,3,0,2,0,0,0,0,0,1,0,0,0,0,0,1,0,0,0,-5,Jarace Walker,0,0,0,0,13476,3/10/2024 22:00,Orlando Magic,Indiana Pacers
247,2817,Isaiah,Jackson,Indiana Pacers,13476,7,SF,11,2,3,66.7,3,4,75,0,0,0,2,1,3,0,4,1,0,0,-1,Isaiah Jackson,10,10,7,3,13476,3/10/2024 22:00,Orlando Magic,Indiana Pacers
248,348,T.J.,McConnell,Indiana Pacers,13476,17,PG,27,8,12,66.7,1,2,50,0,0,0,0,6,6,6,1,2,2,1,10,T.J. McConnell,29,23,23,12,13476,3/10/2024 22:00,Orlando Magic,Indiana Pacers
249,3979,Ben,Sheppard,Indiana Pacers,13476,2,G,11,1,2,50,0,0,0,0,1,0,0,0,0,0,0,0,0,0,-2,Ben Sheppard,2,2,2,0,13476,3/10/2024 22:00,Orlando Magic,Indiana Pacers
250,463,Domantas,Sabonis,Sacramento Kings,13477,25,PF,40,10,11,90.9,5,6,83.3,0,0,0,2,13,15,8,1,3,9,2,1,Domantas Sabonis,48,40,33,23,13477,3/10/2024 22:00,Sacramento Kings,Houston Rockets
251,36,Harrison,Barnes,Sacramento Kings,13477,5,SF,21,2,6,33.3,1,2,50,0,1,0,0,1,1,0,2,0,0,0,-17,Harrison Barnes,6,6,5,1,13477,3/10/2024 22:00,Sacramento Kings,Houston Rockets
252,3475,Keegan,Murray,Sacramento Kings,13477,13,SF,32,3,11,27.3,7,7,100,0,5,0,1,5,6,0,2,2,0,1,-6,Keegan Murray,19,19,13,6,13477,3/10/2024 22:00,Sacramento Kings,Houston Rockets
253,776,De'Aaron,Fox,Sacramento Kings,13477,18,PG,34,7,21,33.3,2,2,100,2,9,22.2,0,9,9,1,2,1,0,1,-9,De'Aaron Fox,28,27,19,10,13477,3/10/2024 22:00,Sacramento Kings,Houston Rockets
254,980,Kevin,Huerter,Sacramento Kings,13477,6,SG,25,3,7,42.9,0,0,0,0,3,0,0,3,3,3,5,2,1,1,7,Kevin Huerter,12,9,9,6,13477,3/10/2024 22:00,Sacramento Kings,Houston Rockets
255,331,Trey,Lyles,Sacramento Kings,13477,5,PF,20,1,3,33.3,3,4,75,0,0,0,1,1,2,0,1,0,1,0,-4,Trey Lyles,7,7,5,2,13477,3/10/2024 22:00,Sacramento Kings,Houston Rockets
256,313,Alex,Len,Sacramento Kings,13477,4,C,5,2,2,100,0,0,0,0,0,0,0,1,1,1,1,0,0,0,-1,Alex Len,6,5,5,2,13477,3/10/2024 22:00,Sacramento Kings,Houston Rockets
257,2834,Davion,Mitchell,Sacramento Kings,13477,8,PG,18,3,7,42.9,0,0,0,2,5,40,1,1,2,3,1,0,1,0,5,Davion Mitchell,13,10,11,5,13477,3/10/2024 22:00,Sacramento Kings,Houston Rockets
258,842,Malik,Monk,Sacramento Kings,13477,20,SG,27,8,16,50,2,2,100,2,8,25,2,2,4,5,4,2,0,0,-7,Malik Monk,29,24,25,9,13477,3/10/2024 22:00,Sacramento Kings,Houston Rockets
259,3436,Keon,Ellis,Sacramento Kings,13477,0,G,18,0,2,0,0,0,0,0,1,0,0,1,1,3,1,0,0,0,-9,Keon Ellis,4,1,3,4,13477,3/10/2024 22:00,Sacramento Kings,Houston Rockets
260,3489,Jabari,Smith Jr.,Houston Rockets,13477,10,PF,34,3,10,30,2,2,100,2,6,33.3,2,9,11,2,3,3,3,0,16,Jabari Smith Jr.,23,21,12,13,13477,3/10/2024 22:00,Sacramento Kings,Houston Rockets
261,749,Dillon,Brooks,Houston Rockets,13477,10,SF,30,3,8,37.5,2,2,100,2,5,40,0,2,2,1,0,1,2,0,4,Dillon Brooks,13,12,11,3,13477,3/10/2024 22:00,Sacramento Kings,Houston Rockets
262,2847,Alperen,Sengun,Houston Rockets,13477,14,C,29,7,14,50,0,2,0,0,0,0,0,6,6,2,4,2,0,0,5,Alperen Sengun,22,20,16,8,13477,3/10/2024 22:00,Sacramento Kings,Houston Rockets
263,527,Fred,VanVleet,Houston Rockets,13477,22,PG,38,5,8,62.5,10,10,100,2,4,50,0,4,4,9,3,2,5,0,7,Fred VanVleet,35,26,31,13,13477,3/10/2024 22:00,Sacramento Kings,Houston Rockets
264,2810,Jalen,Green,Houston Rockets,13477,19,SG,35,6,15,40,6,8,75,1,6,16.7,0,2,2,3,2,0,0,0,6,Jalen Green,24,21,22,5,13477,3/10/2024 22:00,Sacramento Kings,Houston Rockets
265,207,Jeff,Green,Houston Rockets,13477,5,PF,11,2,4,50,0,0,0,1,1,100,1,1,2,1,1,0,0,0,3,Jeff Green,8,7,6,3,13477,3/10/2024 22:00,Sacramento Kings,Houston Rockets
266,3977,Amen,Thompson,Houston Rockets,13477,13,F,20,6,9,66.7,0,0,0,1,1,100,1,4,5,0,3,0,2,0,-2,Amen Thompson,18,18,13,5,13477,3/10/2024 22:00,Sacramento Kings,Houston Rockets
267,3978,Cam,Whitmore,Houston Rockets,13477,10,F,20,4,10,40,0,0,0,2,5,40,0,4,4,0,0,0,0,0,0,Cam Whitmore,14,14,10,4,13477,3/10/2024 22:00,Sacramento Kings,Houston Rockets
268,1485,Jock,Landale,Houston Rockets,13477,9,C,17,3,4,75,2,3,66.7,1,1,100,2,3,5,4,2,0,0,1,1,Jock Landale,18,14,13,9,13477,3/10/2024 22:00,Sacramento Kings,Houston Rockets
269,979,Aaron,Holiday,Houston Rockets,13477,0,G,6,0,2,0,0,0,0,0,0,0,0,1,1,1,0,0,0,0,0,Aaron Holiday,2,1,1,2,13477,3/10/2024 22:00,Sacramento Kings,Houston Rockets
270,391,Georges,Niang,Cleveland Cavaliers,13478,20,SF,25,8,12,66.7,1,1,100,3,5,60,1,2,3,2,2,0,0,0,-5,Georges Niang,25,23,22,5,13478,3/10/2024 23:00,Cleveland Cavaliers,Brooklyn Nets
271,2630,Isaac,Okoro,Cleveland Cavaliers,13478,11,SF,30,4,6,66.7,1,2,50,2,3,66.7,0,4,4,1,3,1,1,1,-11,Isaac Okoro,16,15,12,5,13478,3/10/2024 23:00,Cleveland Cavaliers,Brooklyn Nets
272,727,Jarrett,Allen,Cleveland Cavaliers,13478,15,C,29,6,11,54.5,3,4,75,0,0,0,2,7,9,3,2,0,1,2,-2,Jarrett Allen,27,24,18,12,13478,3/10/2024 23:00,Cleveland Cavaliers,Brooklyn Nets
273,1860,Darius,Garland,Cleveland Cavaliers,13478,14,PG,27,4,9,44.4,3,3,100,3,6,50,0,1,1,5,3,1,4,0,-16,Darius Garland,20,15,19,6,13478,3/10/2024 23:00,Cleveland Cavaliers,Brooklyn Nets
274,317,Caris,LeVert,Cleveland Cavaliers,13478,6,SG,29,2,6,33.3,1,2,50,1,3,33.3,0,3,3,7,0,3,3,0,-3,Caris LeVert,16,9,13,10,13478,3/10/2024 23:00,Cleveland Cavaliers,Brooklyn Nets
275,3957,Pete,Nance,Cleveland Cavaliers,13478,0,F,3,0,0,0,0,0,0,0,0,0,0,1,1,0,0,0,0,0,-2,Pete Nance,1,1,0,1,13478,3/10/2024 23:00,Cleveland Cavaliers,Brooklyn Nets
276,3472,Isaiah,Mobley,Cleveland Cavaliers,13478,2,F,20,1,3,33.3,0,0,0,0,0,0,0,4,4,1,1,0,0,0,-7,Isaiah Mobley,7,6,3,5,13478,3/10/2024 23:00,Cleveland Cavaliers,Brooklyn Nets
277,3956,Emoni,Bates,Cleveland Cavaliers,13478,7,F,12,3,7,42.9,0,2,0,1,4,25,0,1,1,0,0,0,1,0,-3,Emoni Bates,8,8,7,1,13478,3/10/2024 23:00,Cleveland Cavaliers,Brooklyn Nets
278,281,Damian,Jones,Cleveland Cavaliers,13478,8,C,19,3,4,75,2,4,50,0,0,0,2,1,3,0,1,2,0,0,-17,Damian Jones,11,11,8,3,13478,3/10/2024 23:00,Cleveland Cavaliers,Brooklyn Nets
279,2623,Sam,Merrill,Cleveland Cavaliers,13478,5,SG,22,1,7,14.3,2,2,100,1,7,14.3,0,0,0,2,4,1,0,1,-16,Sam Merrill,7,5,7,2,13478,3/10/2024 23:00,Cleveland Cavaliers,Brooklyn Nets
280,4043,Craig Jr.,Porter,Cleveland Cavaliers,13478,13,G,25,5,11,45.5,0,0,0,3,4,75,0,2,2,4,1,0,2,0,-13,Craig Jr. Porter,19,15,17,6,13478,3/10/2024 23:00,Cleveland Cavaliers,Brooklyn Nets
281,175,Dorian,Finney-Smith,Brooklyn Nets,13478,11,PF,33,3,10,30,2,2,100,3,9,33.3,2,2,4,4,1,0,0,1,3,Dorian Finney-Smith,19,15,15,8,13478,3/10/2024 23:00,Cleveland Cavaliers,Brooklyn Nets
282,940,Mikal,Bridges,Brooklyn Nets,13478,25,SF,35,9,14,64.3,2,2,100,5,8,62.5,0,5,5,5,2,3,1,0,9,Mikal Bridges,35,30,30,10,13478,3/10/2024 23:00,Cleveland Cavaliers,Brooklyn Nets
283,1854,Nic,Claxton,Brooklyn Nets,13478,16,C,28,7,10,70,2,2,100,0,0,0,2,8,10,3,3,1,1,0,0,Nic Claxton,29,26,19,13,13478,3/10/2024 23:00,Cleveland Cavaliers,Brooklyn Nets
284,472,Dennis,Schroder,Brooklyn Nets,13478,17,PG,34,7,11,63.6,0,0,0,3,5,60,0,2,2,8,1,2,4,0,9,Dennis Schroder,27,19,25,10,13478,3/10/2024 23:00,Cleveland Cavaliers,Brooklyn Nets
285,2855,Cam,Thomas,Brooklyn Nets,13478,29,SG,31,9,19,47.4,6,8,75,5,7,71.4,2,5,7,5,2,1,1,0,27,Cam Thomas,41,36,34,12,13478,3/10/2024 23:00,Cleveland Cavaliers,Brooklyn Nets
286,2861,Trendon,Watford,Brooklyn Nets,13478,0,PF,4,0,0,0,0,0,0,0,0,0,0,1,1,0,0,0,0,0,-2,Trendon Watford,1,1,0,1,13478,3/10/2024 23:00,Cleveland Cavaliers,Brooklyn Nets
287,3946,Jalen,Wilson,Brooklyn Nets,13478,7,F,19,2,4,50,2,2,100,1,2,50,0,3,3,1,1,0,2,0,11,Jalen Wilson,11,10,8,4,13478,3/10/2024 23:00,Cleveland Cavaliers,Brooklyn Nets
288,3944,Noah,Clowney,Brooklyn Nets,13478,0,F,3,0,0,0,0,0,0,0,0,0,0,0,0,0,0,0,0,0,2,Noah Clowney,0,0,0,0,13478,3/10/2024 23:00,Cleveland Cavaliers,Brooklyn Nets
289,934,Keita,Bates-Diop,Brooklyn Nets,13478,0,SF,3,0,0,0,0,0,0,0,0,0,0,1,1,0,0,0,0,0,2,Keita Bates-Diop,1,1,0,1,13478,3/10/2024 23:00,Cleveland Cavaliers,Brooklyn Nets
290,2848,Day'Ron,Sharpe,Brooklyn Nets,13478,4,C,17,2,2,100,0,0,0,0,0,0,0,3,3,4,2,0,0,1,17,Day'Ron Sharpe,11,7,8,7,13478,3/10/2024 23:00,Cleveland Cavaliers,Brooklyn Nets
291,876,Dennis,Smith Jr.,Brooklyn Nets,13478,7,PG,20,2,3,66.7,2,2,100,1,2,50,2,1,3,2,4,0,1,0,22,Dennis Smith Jr.,12,10,9,5,13478,3/10/2024 23:00,Cleveland Cavaliers,Brooklyn Nets
292,1038,Lonnie,Walker IV,Brooklyn Nets,13478,4,G,14,1,6,16.7,2,2,100,0,2,0,0,1,1,1,1,0,2,1,-5,Lonnie Walker IV,6,5,5,2,13478,3/10/2024 23:00,Cleveland Cavaliers,Brooklyn Nets
293,3448,Chet,Holmgren,Oklahoma City Thunder,13479,8,PF,22,4,10,40,0,0,0,0,4,0,1,5,6,2,2,0,3,2,30,Chet Holmgren,16,14,10,8,13479,3/10/2024 23:00,Oklahoma City Thunder,Memphis Grizzlies
294,3504,Jalen,Williams,Oklahoma City Thunder,13479,7,F,10,3,6,50,0,0,0,1,4,25,0,2,2,3,0,1,0,1,20,Jalen Williams,12,9,10,5,13479,3/10/2024 23:00,Oklahoma City Thunder,Memphis Grizzlies
295,972,Shai,Gilgeous-Alexander,Oklahoma City Thunder,13479,23,PG,27,8,14,57.1,2,2,100,5,7,71.4,0,2,2,6,2,0,1,0,29,Shai Gilgeous-Alexander,31,25,29,8,13479,3/10/2024 23:00,Oklahoma City Thunder,Memphis Grizzlies
296,2808,Josh,Giddey,Oklahoma City Thunder,13479,16,SG,19,7,15,46.7,1,1,100,1,4,25,3,7,10,4,2,2,1,0,22,Josh Giddey,30,26,20,14,13479,3/10/2024 23:00,Oklahoma City Thunder,Memphis Grizzlies
297,2040,Luguentz,Dort,Oklahoma City Thunder,13479,14,G,23,5,5,100,0,0,0,4,4,100,0,2,2,0,0,2,0,0,26,Luguentz Dort,16,16,14,2,13479,3/10/2024 23:00,Oklahoma City Thunder,Memphis Grizzlies
298,3404,Lindy,Waters III,Oklahoma City Thunder,13479,6,F,9,2,4,50,0,0,0,2,4,50,0,1,1,0,0,0,1,0,-3,Lindy Waters III,7,7,6,1,13479,3/10/2024 23:00,Oklahoma City Thunder,Memphis Grizzlies
299,3505,Jaylin,Williams,Oklahoma City Thunder,13479,5,F,13,2,4,50,0,0,0,1,3,33.3,0,4,4,1,0,0,0,1,10,Jaylin Williams,10,9,6,5,13479,3/10/2024 23:00,Oklahoma City Thunder,Memphis Grizzlies
300,3432,Ousmane,Dieng,Oklahoma City Thunder,13479,0,F,12,0,2,0,0,0,0,0,2,0,0,0,0,2,0,0,0,0,-3,Ousmane Dieng,2,0,2,2,13479,3/10/2024 23:00,Oklahoma City Thunder,Memphis Grizzlies
301,227,Gordon,Hayward,Oklahoma City Thunder,13479,5,SF,18,2,3,66.7,0,0,0,1,1,100,0,3,3,6,1,0,1,0,9,Gordon Hayward,14,8,11,9,13479,3/10/2024 23:00,Oklahoma City Thunder,Memphis Grizzlies
302,1044,Kenrich,Williams,Oklahoma City Thunder,13479,5,SF,17,2,5,40,0,0,0,1,2,50,2,6,8,3,4,2,0,0,8,Kenrich Williams,16,13,8,11,13479,3/10/2024 23:00,Oklahoma City Thunder,Memphis Grizzlies
303,54,Bismack,Biyombo,Oklahoma City Thunder,13479,2,C,9,0,0,0,2,2,100,0,0,0,1,1,2,1,1,0,1,0,-1,Bismack Biyombo,5,4,3,3,13479,3/10/2024 23:00,Oklahoma City Thunder,Memphis Grizzlies
304,384,Mike,Muscala,Oklahoma City Thunder,13479,0,C,7,0,2,0,0,0,0,0,2,0,0,2,2,1,1,0,0,0,-6,Mike Muscala,3,2,1,3,13479,3/10/2024 23:00,Oklahoma City Thunder,Memphis Grizzlies
305,2604,Isaiah,Joe,Oklahoma City Thunder,13479,7,SG,16,3,6,50,0,0,0,1,4,25,0,1,1,0,2,0,0,0,10,Isaiah Joe,8,8,7,1,13479,3/10/2024 23:00,Oklahoma City Thunder,Memphis Grizzlies
306,2863,Aaron,Wiggins,Oklahoma City Thunder,13479,4,SG,13,2,3,66.7,0,0,0,0,0,0,1,0,1,3,0,1,2,1,-2,Aaron Wiggins,8,5,7,4,13479,3/10/2024 23:00,Oklahoma City Thunder,Memphis Grizzlies
307,4009,Cason,Wallace,Oklahoma City Thunder,13479,22,G,27,9,14,64.3,0,0,0,4,6,66.7,0,2,2,4,3,0,0,1,6,Cason Wallace,28,24,26,6,13479,3/10/2024 23:00,Oklahoma City Thunder,Memphis Grizzlies
308,982,Jaren,Jackson Jr.,Memphis Grizzlies,13479,16,PF,28,4,10,40,5,8,62.5,3,5,60,1,1,2,2,3,0,4,1,-31,Jaren Jackson Jr.,20,18,18,4,13479,3/10/2024 23:00,Oklahoma City Thunder,Memphis Grizzlies
309,2786,Santi,Aldama,Memphis Grizzlies,13479,7,PF,27,2,5,40,3,4,75,0,2,0,1,5,6,3,0,0,0,2,-26,Santi Aldama,16,13,10,9,13479,3/10/2024 23:00,Oklahoma City Thunder,Memphis Grizzlies
310,3460,Jake,LaRavia,Memphis Grizzlies,13479,13,F,24,4,9,44.4,3,4,75,2,4,50,0,1,1,4,4,2,1,0,-25,Jake LaRavia,18,14,17,5,13479,3/10/2024 23:00,Oklahoma City Thunder,Memphis Grizzlies
311,3994,GG,Jackson,Memphis Grizzlies,13479,30,F,38,10,19,52.6,7,8,87.5,3,10,30,3,3,6,3,3,0,1,1,-25,GG Jackson,39,36,33,9,13479,3/10/2024 23:00,Oklahoma City Thunder,Memphis Grizzlies
312,814,Luke,Kennard,Memphis Grizzlies,13479,3,SG,23,1,6,16.7,0,0,0,1,6,16.7,0,2,2,2,0,1,2,0,-27,Luke Kennard,7,5,5,4,13479,3/10/2024 23:00,Oklahoma City Thunder,Memphis Grizzlies
313,2647,Lamar,Stevens,Memphis Grizzlies,13479,9,PF,30,4,12,33.3,0,0,0,1,2,50,1,2,3,0,2,1,3,0,-7,Lamar Stevens,12,12,9,3,13479,3/10/2024 23:00,Oklahoma City Thunder,Memphis Grizzlies
314,970,Wenyen,Gabriel,Memphis Grizzlies,13479,6,F,21,3,5,60,0,3,0,0,2,0,0,5,5,0,1,1,2,0,-5,Wenyen Gabriel,11,11,6,5,13479,3/10/2024 23:00,Oklahoma City Thunder,Memphis Grizzlies
315,2884,DeJon,Jarreau,Memphis Grizzlies,13479,7,F,28,3,9,33.3,0,0,0,1,2,50,0,10,10,5,1,3,2,0,-8,DeJon Jarreau,22,17,12,15,13479,3/10/2024 23:00,Oklahoma City Thunder,Memphis Grizzlies
316,4003,Trey,Jemison,Memphis Grizzlies,13479,2,C,21,1,3,33.3,0,0,0,0,0,0,2,2,4,2,0,0,1,0,-1,Trey Jemison,8,6,4,6,13479,3/10/2024 23:00,Oklahoma City Thunder,Memphis Grizzlies
