,player_id,firstname,lastname,team,game_id,points,position,minutes,fgm,fga,fgp,ftm,fta,ftp,tpm,tpa,tpp,offReb,defReb,totReb,assists,pFouls,steals,turnovers,blocks,plusMinus,First Last Name,Points_Rebounds_Assist,Points_Rebounds,Points_Assist,Rebounds_Assist,id,date,home_team,away_team
0,195,Aaron,Gordon,Denver Nuggets,13997,20,PF,33,8,14,57.1,1,2,50.0,3,5,60.0,3,1,4,2,2,1,1,0,-33,Aaron Gordon,26,24,22,6,13997,2024-05-07 02:00:00,Denver Nuggets,Minnesota Timberwolves
1,1014,Michael,Porter Jr.,Denver Nuggets,13997,9,SF,39,4,12,33.3,0,0,0,1,7,14.3,1,4,5,2,0,1,4,1,-21,Michael Porter Jr.,16,14,11,7,13997,2024-05-07 02:00:00,Denver Nuggets,Minnesota Timberwolves
2,279,Nikola,Jokic,Denver Nuggets,13997,16,C,39,5,13,38.5,6,6,100.0,0,1,0,6,10,16,8,2,0,4,1,-16,Nikola Jokic,40,32,24,24,13997,2024-05-07 02:00:00,Denver Nuggets,Minnesota Timberwolves
3,383,Jamal,Murray,Denver Nuggets,13997,8,PG,36,3,18,16.7,2,2,100.0,0,4,0,2,11,13,2,3,2,4,1,-16,Jamal Murray,23,21,10,15,13997,2024-05-07 02:00:00,Denver Nuggets,Minnesota Timberwolves
4,89,Kentavious,Caldwell-Pope,Denver Nuggets,13997,4,SG,28,2,6,33.3,0,0,0,0,2,0,2,1,3,0,4,1,1,0,-12,Kentavious Caldwell-Pope,7,7,4,3,13997,2024-05-07 02:00:00,Denver Nuggets,Minnesota Timberwolves
5,2627,Zeke,Nnaji,Denver Nuggets,13997,1,PF,3,0,1,0,1,2,50.0,0,0,0,1,0,1,0,0,0,0,1,-2,Zeke Nnaji,2,2,1,1,13997,2024-05-07 02:00:00,Denver Nuggets,Minnesota Timberwolves
6,3967,Hunter,Tyson,Denver Nuggets,13997,0,F,3,0,1,0,0,0,0,0,1,0,0,0,0,0,0,0,0,0,-2,Hunter Tyson,0,0,0,0,13997,2024-05-07 02:00:00,Denver Nuggets,Minnesota Timberwolves
7,3498,Peyton,Watson,Denver Nuggets,13997,0,F,9,0,2,0,0,2,0,0,1,0,1,1,2,0,0,0,0,1,-10,Peyton Watson,2,2,0,2,13997,2024-05-07 02:00:00,Denver Nuggets,Minnesota Timberwolves
8,243,Justin,Holiday,Denver Nuggets,13997,13,SF,22,4,6,66.7,1,2,50.0,4,5,80.0,0,2,2,1,2,0,1,0,-3,Justin Holiday,16,15,14,3,13997,2024-05-07 02:00:00,Denver Nuggets,Minnesota Timberwolves
9,264,Reggie,Jackson,Denver Nuggets,13997,3,PG,10,1,6,16.7,0,0,0,1,3,33.3,1,1,2,1,1,0,1,0,-13,Reggie Jackson,6,5,4,3,13997,2024-05-07 02:00:00,Denver Nuggets,Minnesota Timberwolves
10,3965,Jalen,Pickett,Denver Nuggets,13997,2,G,3,1,1,100.0,0,0,0,0,0,0,0,0,0,0,0,0,0,0,-2,Jalen Pickett,2,2,2,0,13997,2024-05-07 02:00:00,Denver Nuggets,Minnesota Timberwolves
11,3420,Christian,Braun,Denver Nuggets,13997,2,G,11,1,2,50.0,0,0,0,0,0,0,1,1,2,0,0,1,0,1,+2,Christian Braun,4,4,2,2,13997,2024-05-07 02:00:00,Denver Nuggets,Minnesota Timberwolves
12,3966,Julian,Strawther,Denver Nuggets,13997,2,G,3,0,1,0,2,2,100.0,0,1,0,0,0,0,0,0,0,0,0,-2,Julian Strawther,2,2,2,0,13997,2024-05-07 02:00:00,Denver Nuggets,Minnesota Timberwolves
13,2621,Jaden,McDaniels,Minnesota Timberwolves,13997,5,PF,26,2,7,28.6,1,2,50.0,0,1,0,0,2,2,3,5,2,1,1,+26,Jaden McDaniels,10,7,8,5,13997,2024-05-07 02:00:00,Denver Nuggets,Minnesota Timberwolves
14,18,Kyle,Anderson,Minnesota Timberwolves,13997,6,SF,26,3,8,37.5,0,0,0,0,1,0,7,2,9,8,1,2,2,1,+13,Kyle Anderson,23,15,14,17,13997,2024-05-07 02:00:00,Denver Nuggets,Minnesota Timberwolves
15,519,Karl-Anthony,Towns,Minnesota Timberwolves,13997,27,C,36,10,15,66.7,4,4,100.0,3,5,60.0,2,10,12,1,4,1,2,2,+21,Karl-Anthony Towns,40,39,28,13,13997,2024-05-07 02:00:00,Denver Nuggets,Minnesota Timberwolves
16,114,Mike,Conley,Minnesota Timberwolves,13997,4,PG,32,2,5,40.0,0,1,0,0,2,0,0,3,3,6,3,2,0,1,+20,Mike Conley,13,7,10,9,13997,2024-05-07 02:00:00,Denver Nuggets,Minnesota Timberwolves
17,2584,Anthony,Edwards,Minnesota Timberwolves,13997,27,SG,37,11,17,64.7,4,7,57.1,1,4,25.0,0,2,2,7,2,2,4,0,+18,Anthony Edwards,36,29,34,9,13997,2024-05-07 02:00:00,Denver Nuggets,Minnesota Timberwolves
18,3470,Josh,Minott,Minnesota Timberwolves,13997,3,F,3,1,1,100.0,0,0,0,1,1,100.0,0,0,0,0,0,0,0,0,+3,Josh Minott,3,3,3,0,13997,2024-05-07 02:00:00,Denver Nuggets,Minnesota Timberwolves
19,4001,Leonard,Miller,Minnesota Timberwolves,13997,0,F,3,0,1,0,0,0,0,0,1,0,0,2,2,0,0,0,0,0,+3,Leonard Miller,2,2,0,2,13997,2024-05-07 02:00:00,Denver Nuggets,Minnesota Timberwolves
20,2807,Luka,Garza,Minnesota Timberwolves,13997,2,C,3,1,2,50.0,0,0,0,0,0,0,0,0,0,1,0,0,0,0,+3,Luka Garza,3,2,3,1,13997,2024-05-07 02:00:00,Denver Nuggets,Minnesota Timberwolves
21,2146,Naz,Reid,Minnesota Timberwolves,13997,14,C,29,5,14,35.7,0,0,0,4,8,50.0,1,4,5,0,1,1,2,4,+9,Naz Reid,19,19,14,5,13997,2024-05-07 02:00:00,Denver Nuggets,Minnesota Timberwolves
22,845,Monte,Morris,Minnesota Timberwolves,13997,2,PG,8,1,4,25.0,0,0,0,0,3,0,0,0,0,0,1,1,0,0,-3,Monte Morris,2,2,2,0,13997,2024-05-07 02:00:00,Denver Nuggets,Minnesota Timberwolves
23,997,Jordan,McLaughlin,Minnesota Timberwolves,13997,0,PG,3,0,0,0,0,0,0,0,0,0,0,0,0,1,1,0,0,0,+3,Jordan McLaughlin,1,0,1,1,13997,2024-05-07 02:00:00,Denver Nuggets,Minnesota Timberwolves
24,1845,Nickeil,Alexander-Walker,Minnesota Timberwolves,13997,14,SG,30,5,9,55.6,0,0,0,4,7,57.1,0,6,6,1,1,0,1,3,+11,Nickeil Alexander-Walker,21,20,15,7,13997,2024-05-07 02:00:00,Denver Nuggets,Minnesota Timberwolves
25,3474,Wendell,Moore Jr.,Minnesota Timberwolves,13997,2,G,3,1,1,100.0,0,0,0,0,0,0,0,1,1,0,1,0,0,0,+3,Wendell Moore Jr.,3,3,2,1,13997,2024-05-07 02:00:00,Denver Nuggets,Minnesota Timberwolves
26,732,O.G.,Anunoby,New York Knicks,14003,13,SF,42,5,14,35.7,0,0,0,3,7,42.9,0,9,9,4,1,2,2,0,+12,O.G. Anunoby,26,22,17,13,14003,2024-05-06 23:30:00,New York Knicks,Indiana Pacers
27,978,Isaiah,Hartenstein,New York Knicks,14003,13,C,36,5,9,55.6,2,2,100.0,1,1,100.0,2,4,6,4,4,0,1,0,+9,Isaiah Hartenstein,23,19,17,10,14003,2024-05-06 23:30:00,New York Knicks,Indiana Pacers
28,946,Jalen,Brunson,New York Knicks,14003,43,PG,44,14,26,53.8,14,14,100.0,1,4,25.0,1,5,6,6,2,0,4,1,+12,Jalen Brunson,55,49,49,12,14003,2024-05-06 23:30:00,New York Knicks,Indiana Pacers
29,791,Josh,Hart,New York Knicks,14003,24,SG,48,9,13,69.2,5,8,62.5,1,1,100.0,4,9,13,8,3,3,5,1,+4,Josh Hart,45,37,32,21,14003,2024-05-06 23:30:00,New York Knicks,Indiana Pacers
30,962,Donte,DiVincenzo,New York Knicks,14003,25,SG,44,10,17,58.8,0,0,0,5,9,55.6,0,3,3,1,5,0,2,2,+10,Donte DiVincenzo,29,28,26,4,14003,2024-05-06 23:30:00,New York Knicks,Indiana Pacers
31,2561,Precious,Achiuwa,New York Knicks,14003,1,PF,4,0,0,0,1,2,50.0,0,0,0,0,1,1,0,0,0,0,0,-6,Precious Achiuwa,2,2,1,1,14003,2024-05-06 23:30:00,New York Knicks,Indiana Pacers
32,1020,Mitchell,Robinson,New York Knicks,14003,2,C,12,1,1,100.0,0,0,0,0,0,0,1,1,2,1,3,0,0,0,-8,Mitchell Robinson,5,4,3,3,14003,2024-05-06 23:30:00,New York Knicks,Indiana Pacers
33,2832,Miles,McBride,New York Knicks,14003,0,PG,11,0,2,0,0,0,0,0,1,0,0,0,0,1,1,0,0,0,-13,Miles McBride,1,0,1,1,14003,2024-05-06 23:30:00,New York Knicks,Indiana Pacers
34,479,Pascal,Siakam,Indiana Pacers,14003,19,PF,37,8,16,50.0,2,4,50.0,1,3,33.3,2,4,6,5,4,1,1,0,-4,Pascal Siakam,30,25,24,11,14003,2024-05-06 23:30:00,New York Knicks,Indiana Pacers
35,2626,Aaron,Nesmith,Indiana Pacers,14003,12,SF,31,3,6,50.0,6,6,100.0,0,2,0,2,4,6,3,4,0,1,0,-16,Aaron Nesmith,21,18,15,9,14003,2024-05-06 23:30:00,New York Knicks,Indiana Pacers
36,522,Myles,Turner,Indiana Pacers,14003,23,C,35,8,16,50.0,5,6,83.3,2,6,33.3,1,1,2,3,4,1,1,1,-6,Myles Turner,28,25,26,5,14003,2024-05-06 23:30:00,New York Knicks,Indiana Pacers
37,3476,Andrew,Nembhard,Indiana Pacers,14003,11,PG,29,4,10,40.0,2,2,100.0,1,2,50.0,0,2,2,4,5,0,0,0,-13,Andrew Nembhard,17,13,15,6,14003,2024-05-06 23:30:00,New York Knicks,Indiana Pacers
38,2595,Tyrese,Haliburton,Indiana Pacers,14003,6,PG,36,2,6,33.3,0,0,0,2,5,40.0,0,2,2,8,0,4,3,0,-12,Tyrese Haliburton,16,8,14,10,14003,2024-05-06 23:30:00,New York Knicks,Indiana Pacers
39,2658,Obi,Toppin,Indiana Pacers,14003,12,PF,19,5,7,71.4,0,0,0,2,3,66.7,0,6,6,3,2,0,0,1,+4,Obi Toppin,21,18,15,9,14003,2024-05-06 23:30:00,New York Knicks,Indiana Pacers
40,2817,Isaiah,Jackson,Indiana Pacers,14003,8,SF,13,4,6,66.7,0,1,0,0,0,0,2,3,5,1,0,0,0,3,+5,Isaiah Jackson,14,13,9,6,14003,2024-05-06 23:30:00,New York Knicks,Indiana Pacers
41,348,T.J.,McConnell,Indiana Pacers,14003,18,PG,22,9,16,56.3,0,0,0,0,1,0,0,1,1,3,2,3,1,0,+9,T.J. McConnell,22,19,21,4,14003,2024-05-06 23:30:00,New York Knicks,Indiana Pacers
42,3979,Ben,Sheppard,Indiana Pacers,14003,8,G,18,3,5,60.0,0,0,0,2,4,50.0,0,2,2,2,1,0,0,0,+13,Ben Sheppard,12,10,10,4,14003,2024-05-06 23:30:00,New York Knicks,Indiana Pacers
43,2835,Evan,Mobley,Cleveland Cavaliers,13981,11,PF,41,5,8,62.5,1,2,50.0,0,0,0,5,11,16,1,5,0,6,5,+9,Evan Mobley,28,27,12,17,13981,2024-05-05 17:00:00,Cleveland Cavaliers,Orlando Magic
44,2630,Isaac,Okoro,Cleveland Cavaliers,13981,8,SF,33,3,6,50.0,2,2,100.0,0,2,0,1,2,3,1,2,1,0,0,+24,Isaac Okoro,12,11,9,4,13981,2024-05-05 17:00:00,Cleveland Cavaliers,Orlando Magic
45,1860,Darius,Garland,Cleveland Cavaliers,13981,12,PG,30,3,13,23.1,5,6,83.3,1,4,25.0,0,3,3,4,5,3,2,0,-3,Darius Garland,19,15,16,7,13981,2024-05-05 17:00:00,Cleveland Cavaliers,Orlando Magic
46,840,Donovan,Mitchell,Cleveland Cavaliers,13981,39,SG,45,11,27,40.7,15,17,88.2,2,8,25.0,1,8,9,5,3,1,1,1,+17,Donovan Mitchell,53,48,44,14,13981,2024-05-05 17:00:00,Cleveland Cavaliers,Orlando Magic
47,2051,Max,Strus,Cleveland Cavaliers,13981,13,SG,32,5,9,55.6,0,0,0,3,6,50.0,0,3,3,1,5,1,3,0,+10,Max Strus,17,16,14,4,13981,2024-05-05 17:00:00,Cleveland Cavaliers,Orlando Magic
48,373,Marcus,Morris Sr.,Cleveland Cavaliers,13981,0,SF,7,0,0,0,0,0,0,0,0,0,0,2,2,0,0,1,0,0,-6,Marcus Morris Sr.,2,2,0,2,13981,2024-05-05 17:00:00,Cleveland Cavaliers,Orlando Magic
49,391,Georges,Niang,Cleveland Cavaliers,13981,0,SF,3,0,2,0,0,0,0,0,0,0,1,0,1,0,1,0,0,0,-9,Georges Niang,1,1,0,1,13981,2024-05-05 17:00:00,Cleveland Cavaliers,Orlando Magic
50,515,Tristan,Thompson,Cleveland Cavaliers,13981,0,C,7,0,1,0,0,0,0,0,0,0,2,2,4,2,1,0,0,1,+3,Tristan Thompson,6,4,2,6,13981,2024-05-05 17:00:00,Cleveland Cavaliers,Orlando Magic
51,317,Caris,LeVert,Cleveland Cavaliers,13981,15,SG,30,5,9,55.6,5,7,71.4,0,2,0,0,5,5,4,1,1,2,1,+9,Caris LeVert,24,20,19,9,13981,2024-05-05 17:00:00,Cleveland Cavaliers,Orlando Magic
52,2623,Sam,Merrill,Cleveland Cavaliers,13981,8,SG,11,2,2,100.0,2,2,100.0,2,2,100.0,0,2,2,1,0,0,0,0,+6,Sam Merrill,11,10,9,3,13981,2024-05-05 17:00:00,Cleveland Cavaliers,Orlando Magic
53,3414,Paolo,Banchero,Orlando Magic,13981,38,PF,42,10,28,35.7,15,18,83.3,3,6,50.0,4,12,16,2,3,3,5,1,-7,Paolo Banchero,56,54,40,18,13981,2024-05-05 17:00:00,Cleveland Cavaliers,Orlando Magic
54,2858,Franz,Wagner,Orlando Magic,13981,6,SF,35,1,15,6.7,4,4,100.0,0,5,0,4,2,6,6,3,1,0,1,-13,Franz Wagner,18,12,12,12,13981,2024-05-05 17:00:00,Cleveland Cavaliers,Orlando Magic
55,950,Wendell,Carter Jr.,Orlando Magic,13981,13,C,35,5,10,50.0,1,1,100.0,2,4,50.0,1,6,7,1,5,3,2,0,-4,Wendell Carter Jr.,21,20,14,8,13981,2024-05-05 17:00:00,Cleveland Cavaliers,Orlando Magic
56,220,Gary,Harris,Orlando Magic,13981,6,SG,27,2,4,50.0,0,0,0,2,3,66.7,0,2,2,1,6,1,0,0,-7,Gary Harris,9,8,7,3,13981,2024-05-05 17:00:00,Cleveland Cavaliers,Orlando Magic
57,2852,Jalen,Suggs,Orlando Magic,13981,10,SG,40,2,13,15.4,4,5,80.0,2,10,20.0,4,5,9,4,4,1,5,0,-16,Jalen Suggs,23,19,14,13,13981,2024-05-05 17:00:00,Cleveland Cavaliers,Orlando Magic
58,801,Jonathan,Isaac,Orlando Magic,13981,2,PF,18,1,2,50.0,0,0,0,0,1,0,2,0,2,1,1,0,1,0,-8,Jonathan Isaac,5,4,3,3,13981,2024-05-05 17:00:00,Cleveland Cavaliers,Orlando Magic
59,1037,Moritz,Wagner,Orlando Magic,13981,3,C,12,1,2,50.0,0,0,0,1,1,100.0,1,1,2,0,2,1,2,1,-6,Moritz Wagner,5,5,3,2,13981,2024-05-05 17:00:00,Cleveland Cavaliers,Orlando Magic
60,779,Markelle,Fultz,Orlando Magic,13981,8,PG,13,4,6,66.7,0,0,0,0,0,0,1,0,1,0,2,1,1,0,-13,Markelle Fultz,9,9,8,1,13981,2024-05-05 17:00:00,Cleveland Cavaliers,Orlando Magic
61,2563,Cole,Anthony,Orlando Magic,13981,8,PG,13,3,5,60.0,2,2,100.0,0,0,0,1,1,2,1,5,0,1,1,+8,Cole Anthony,11,10,9,3,13981,2024-05-05 17:00:00,Cleveland Cavaliers,Orlando Magic
62,258,Joe,Ingles,Orlando Magic,13981,0,SG,6,0,1,0,0,0,0,0,1,0,0,2,2,1,1,0,0,0,+6,Joe Ingles,3,2,1,3,13981,2024-05-05 17:00:00,Cleveland Cavaliers,Orlando Magic
63,1897,P.J.,Washington,Dallas Mavericks,13974,14,PF,35,4,9,44.4,2,4,50.0,4,8,50.0,2,3,5,2,2,2,1,0,-2,P.J. Washington,21,19,16,7,13974,2024-05-04 01:30:00,Dallas Mavericks,LA Clippers
64,283,Derrick,Jones Jr.,Dallas Mavericks,13974,6,SF,36,3,5,60.0,0,0,0,0,1,0,2,3,5,2,3,0,1,1,+9,Derrick Jones Jr.,13,11,8,7,13974,2024-05-04 01:30:00,Dallas Mavericks,LA Clippers
65,1859,Daniel,Gafford,Dallas Mavericks,13974,13,C,22,5,8,62.5,3,3,100.0,0,0,0,4,2,6,0,3,0,1,0,+17,Daniel Gafford,19,19,13,6,13974,2024-05-04 01:30:00,Dallas Mavericks,LA Clippers
66,261,Kyrie,Irving,Dallas Mavericks,13974,30,PG,42,11,19,57.9,3,5,60.0,5,9,55.6,1,5,6,4,3,2,1,2,+22,Kyrie Irving,40,36,34,10,13974,2024-05-04 01:30:00,Dallas Mavericks,LA Clippers
67,963,Luka,Doncic,Dallas Mavericks,13974,28,PG,43,9,26,34.6,9,11,81.8,1,10,10.0,1,6,7,13,5,1,5,1,+9,Luka Doncic,48,35,41,20,13974,2024-05-04 01:30:00,Dallas Mavericks,LA Clippers
68,817,Maxi,Kleber,Dallas Mavericks,13974,4,PF,5,1,3,33.3,1,2,50.0,1,3,33.3,0,1,1,0,0,0,0,0,+1,Maxi Kleber,5,5,4,1,13974,2024-05-04 01:30:00,Dallas Mavericks,LA Clippers
69,433,Dwight,Powell,Dallas Mavericks,13974,0,C,1,0,0,0,0,0,0,0,0,0,0,0,0,0,0,0,0,0,-1,Dwight Powell,0,0,0,0,13974,2024-05-04 01:30:00,Dallas Mavericks,LA Clippers
70,4044,Dereck II,Lively,Dallas Mavericks,13974,10,C,24,3,3,100.0,4,8,50.0,0,0,0,5,4,9,3,4,1,0,0,-2,Dereck II Lively,22,19,13,12,13974,2024-05-04 01:30:00,Dallas Mavericks,LA Clippers
71,2593,Josh,Green,Dallas Mavericks,13974,7,SG,21,3,5,60.0,0,0,0,1,3,33.3,3,1,4,1,3,0,0,0,+7,Josh Green,12,11,8,5,13974,2024-05-04 01:30:00,Dallas Mavericks,LA Clippers
72,164,Dante,Exum,Dallas Mavericks,13974,2,G,7,1,3,33.3,0,0,0,0,1,0,0,1,1,1,1,0,0,0,+7,Dante Exum,4,3,3,2,13974,2024-05-04 01:30:00,Dallas Mavericks,LA Clippers
73,2890,A.J.,Lawson,Dallas Mavericks,13974,0,G,1,0,1,0,0,0,0,0,1,0,0,1,1,0,0,0,0,0,-1,A.J. Lawson,1,1,0,1,13974,2024-05-04 01:30:00,Dallas Mavericks,LA Clippers
74,3407,Jaden,Hardy,Dallas Mavericks,13974,0,G,1,0,1,0,0,0,0,0,0,0,0,0,0,0,0,0,0,0,-1,Jaden Hardy,0,0,0,0,13974,2024-05-04 01:30:00,Dallas Mavericks,LA Clippers
75,520,P.J.,Tucker,LA Clippers,13974,8,PF,20,3,5,60.0,0,0,0,2,3,66.7,2,0,2,0,5,0,3,0,-14,P.J. Tucker,10,10,8,2,13974,2024-05-04 01:30:00,Dallas Mavericks,LA Clippers
76,189,Paul,George,LA Clippers,13974,18,F,42,6,18,33.3,4,4,100.0,2,10,20.0,2,9,11,5,3,1,2,1,-19,Paul George,34,29,23,16,13974,2024-05-04 01:30:00,Dallas Mavericks,LA Clippers
77,575,Ivica,Zubac,LA Clippers,13974,17,C,37,6,11,54.5,5,8,62.5,0,0,0,4,7,11,1,5,0,1,0,-3,Ivica Zubac,29,28,18,12,13974,2024-05-04 01:30:00,Dallas Mavericks,LA Clippers
78,216,James,Harden,LA Clippers,13974,16,SG,43,5,16,31.3,6,7,85.7,0,6,0,0,7,7,13,1,2,1,1,-6,James Harden,36,23,29,20,13974,2024-05-04 01:30:00,Dallas Mavericks,LA Clippers
79,1877,Terance,Mann,LA Clippers,13974,14,SG,39,5,9,55.6,2,2,100.0,2,4,50.0,5,1,6,3,5,0,2,0,-3,Terance Mann,23,20,17,9,13974,2024-05-04 01:30:00,Dallas Mavericks,LA Clippers
80,426,Mason,Plumlee,LA Clippers,13974,0,C,2,0,0,0,0,0,0,0,0,0,0,0,0,0,1,0,0,0,-7,Mason Plumlee,0,0,0,0,13974,2024-05-04 01:30:00,Dallas Mavericks,LA Clippers
81,544,Russell,Westbrook,LA Clippers,13974,6,PG,9,2,7,28.6,2,3,66.7,0,1,0,1,0,1,1,1,1,0,0,-8,Russell Westbrook,8,7,7,2,13974,2024-05-04 01:30:00,Dallas Mavericks,LA Clippers
82,2816,Bones,Hyland,LA Clippers,13974,0,PG,1,0,1,0,0,0,0,0,1,0,0,0,0,0,0,0,0,0,+1,Bones Hyland,0,0,0,0,13974,2024-05-04 01:30:00,Dallas Mavericks,LA Clippers
83,2115,Amir,Coffey,LA Clippers,13974,2,SG,8,1,1,100.0,0,0,0,0,0,0,1,1,2,0,1,0,0,0,-14,Amir Coffey,4,4,2,2,13974,2024-05-04 01:30:00,Dallas Mavericks,LA Clippers
84,2792,Brandon,Boston Jr.,LA Clippers,13974,0,SG,1,0,0,0,0,0,0,0,0,0,0,0,0,0,0,0,0,0,+1,Brandon Boston Jr.,0,0,0,0,13974,2024-05-04 01:30:00,Dallas Mavericks,LA Clippers
85,434,Norman,Powell,LA Clippers,13974,20,G,36,6,14,42.9,6,8,75.0,2,6,33.3,0,4,4,0,4,0,0,0,+6,Norman Powell,24,24,20,4,13974,2024-05-04 01:30:00,Dallas Mavericks,LA Clippers
86,3983,Kobe,Brown,LA Clippers,13974,0,G,1,0,0,0,0,0,0,0,0,0,1,0,1,0,0,0,0,0,+1,Kobe Brown,1,1,0,1,13974,2024-05-04 01:30:00,Dallas Mavericks,LA Clippers
87,195,Aaron,Gordon,Denver Nuggets,13996,9,PF,33,4,6,66.7,1,3,33.3,0,1,0,1,2,3,6,4,2,1,0,-23,Aaron Gordon,18,12,15,9,13996,2024-05-04 23:00:00,Denver Nuggets,Minnesota Timberwolves
88,1014,Michael,Porter Jr.,Denver Nuggets,13996,20,SF,40,6,13,46.2,4,6,66.7,4,7,57.1,0,6,6,1,1,3,2,1,-9,Michael Porter Jr.,27,26,21,7,13996,2024-05-04 23:00:00,Denver Nuggets,Minnesota Timberwolves
89,279,Nikola,Jokic,Denver Nuggets,13996,32,C,41,11,25,44.0,8,8,100.0,2,9,22.2,1,7,8,9,4,3,7,0,-12,Nikola Jokic,49,40,41,17,13996,2024-05-04 23:00:00,Denver Nuggets,Minnesota Timberwolves
90,383,Jamal,Murray,Denver Nuggets,13996,17,PG,34,6,14,42.9,3,3,100.0,2,4,50.0,0,1,1,4,4,0,1,0,-22,Jamal Murray,22,18,21,5,13996,2024-05-04 23:00:00,Denver Nuggets,Minnesota Timberwolves
91,89,Kentavious,Caldwell-Pope,Denver Nuggets,13996,6,SG,37,2,4,50.0,0,0,0,2,4,50.0,0,2,2,3,2,2,1,1,-9,Kentavious Caldwell-Pope,11,8,9,5,13996,2024-05-04 23:00:00,Denver Nuggets,Minnesota Timberwolves
92,3498,Peyton,Watson,Denver Nuggets,13996,0,F,6,0,2,0,0,0,0,0,1,0,0,4,4,0,2,0,0,0,+2,Peyton Watson,4,4,0,4,13996,2024-05-04 23:00:00,Denver Nuggets,Minnesota Timberwolves
93,243,Justin,Holiday,Denver Nuggets,13996,3,SF,16,1,3,33.3,0,0,0,1,3,33.3,0,5,5,0,0,1,0,0,+19,Justin Holiday,8,8,3,5,13996,2024-05-04 23:00:00,Denver Nuggets,Minnesota Timberwolves
94,264,Reggie,Jackson,Denver Nuggets,13996,5,PG,14,2,3,66.7,0,0,0,1,1,100.0,1,2,3,1,1,1,0,0,+15,Reggie Jackson,9,8,6,4,13996,2024-05-04 23:00:00,Denver Nuggets,Minnesota Timberwolves
95,3420,Christian,Braun,Denver Nuggets,13996,7,G,19,3,5,60.0,0,0,0,1,1,100.0,0,2,2,0,0,0,0,0,+4,Christian Braun,9,9,7,2,13996,2024-05-04 23:00:00,Denver Nuggets,Minnesota Timberwolves
96,2621,Jaden,McDaniels,Minnesota Timberwolves,13996,0,PF,39,0,7,0,0,0,0,0,2,0,3,5,8,1,1,0,1,1,+14,Jaden McDaniels,9,8,1,9,13996,2024-05-04 23:00:00,Denver Nuggets,Minnesota Timberwolves
97,192,Rudy,Gobert,Minnesota Timberwolves,13996,6,C,35,3,6,50.0,0,0,0,0,0,0,1,12,13,3,4,1,0,3,+12,Rudy Gobert,22,19,9,16,13996,2024-05-04 23:00:00,Denver Nuggets,Minnesota Timberwolves
98,519,Karl-Anthony,Towns,Minnesota Timberwolves,13996,20,C,31,8,13,61.5,2,4,50.0,2,4,50.0,0,4,4,3,5,0,1,0,+6,Karl-Anthony Towns,27,24,23,7,13996,2024-05-04 23:00:00,Denver Nuggets,Minnesota Timberwolves
99,114,Mike,Conley,Minnesota Timberwolves,13996,14,PG,31,5,8,62.5,1,1,100.0,3,4,75.0,0,4,4,10,3,1,4,0,+20,Mike Conley,28,18,24,14,13996,2024-05-04 23:00:00,Denver Nuggets,Minnesota Timberwolves
100,2584,Anthony,Edwards,Minnesota Timberwolves,13996,43,SG,42,17,29,58.6,6,6,100.0,3,7,42.9,2,5,7,3,1,1,1,2,+10,Anthony Edwards,53,50,46,10,13996,2024-05-04 23:00:00,Denver Nuggets,Minnesota Timberwolves
101,18,Kyle,Anderson,Minnesota Timberwolves,13996,2,SF,12,1,1,100.0,0,0,0,0,0,0,0,2,2,1,4,0,1,0,-9,Kyle Anderson,5,4,3,3,13996,2024-05-04 23:00:00,Denver Nuggets,Minnesota Timberwolves
102,2146,Naz,Reid,Minnesota Timberwolves,13996,16,C,23,7,11,63.6,0,1,0,2,4,50.0,1,3,4,3,0,1,3,0,-7,Naz Reid,23,20,19,7,13996,2024-05-04 23:00:00,Denver Nuggets,Minnesota Timberwolves
103,845,Monte,Morris,Minnesota Timberwolves,13996,0,PG,3,0,1,0,0,0,0,0,1,0,0,0,0,0,0,0,0,0,+5,Monte Morris,0,0,0,0,13996,2024-05-04 23:00:00,Denver Nuggets,Minnesota Timberwolves
104,1845,Nickeil,Alexander-Walker,Minnesota Timberwolves,13996,5,SG,23,2,6,33.3,0,0,0,1,5,20.0,0,0,0,0,2,0,3,0,-16,Nickeil Alexander-Walker,5,5,5,0,13996,2024-05-04 23:00:00,Denver Nuggets,Minnesota Timberwolves
105,222,Tobias,Harris,Philadelphia 76ers,13972,0,PF,29,0,2,0,0,0,0,0,0,0,0,4,4,3,0,0,0,0,-10,Tobias Harris,7,4,3,7,13972,2024-05-03 01:00:00,Philadelphia 76ers,New York Knicks
106,159,Joel,Embiid,Philadelphia 76ers,13972,39,C,40,12,25,48.0,13,13,100.0,2,5,40.0,5,8,13,2,6,1,5,1,-2,Joel Embiid,54,52,41,15,13972,2024-05-03 01:00:00,Philadelphia 76ers,New York Knicks
107,327,Kyle,Lowry,Philadelphia 76ers,13972,0,PG,13,0,2,0,0,0,0,0,2,0,0,2,2,3,2,0,1,1,-9,Kyle Lowry,5,2,3,5,13972,2024-05-03 01:00:00,Philadelphia 76ers,New York Knicks
108,2619,Tyrese,Maxey,Philadelphia 76ers,13972,17,PG,43,6,18,33.3,4,4,100.0,1,6,16.7,1,4,5,5,2,2,1,0,-4,Tyrese Maxey,27,22,22,10,13972,2024-05-03 01:00:00,Philadelphia 76ers,New York Knicks
109,407,Kelly,Oubre Jr.,Philadelphia 76ers,13972,17,SG,43,7,14,50.0,0,0,0,3,7,42.9,3,2,5,1,5,1,2,1,+8,Kelly Oubre Jr.,23,22,18,6,13972,2024-05-03 01:00:00,Philadelphia 76ers,New York Knicks
110,40,Nicolas,Batum,Philadelphia 76ers,13972,16,PF,28,5,7,71.4,3,4,75.0,3,5,60.0,3,4,7,2,3,0,1,1,-6,Nicolas Batum,25,23,18,9,13972,2024-05-03 01:00:00,Philadelphia 76ers,New York Knicks
111,899,D.J.,Wilson,Philadelphia 76ers,13972,0,F,0,0,0,0,0,0,0,0,0,0,0,0,0,0,0,0,0,0,0,D.J. Wilson,0,0,0,0,13972,2024-05-03 01:00:00,Philadelphia 76ers,New York Knicks
112,2638,Paul,Reed,Philadelphia 76ers,13972,0,SF,8,0,1,0,0,0,0,0,0,0,2,2,4,0,1,1,0,1,-1,Paul Reed,4,4,0,4,13972,2024-05-03 01:00:00,Philadelphia 76ers,New York Knicks
113,417,Cameron,Payne,Philadelphia 76ers,13972,6,PG,16,2,8,25.0,0,0,0,2,6,33.3,0,2,2,3,2,1,0,0,-3,Cameron Payne,11,8,9,5,13972,2024-05-03 01:00:00,Philadelphia 76ers,New York Knicks
114,236,Buddy,Hield,Philadelphia 76ers,13972,20,SG,21,6,10,60.0,2,2,100.0,6,9,66.7,2,2,4,1,1,0,1,0,+12,Buddy Hield,25,24,21,5,13972,2024-05-03 01:00:00,Philadelphia 76ers,New York Knicks
115,4012,Terquavion,Smith,Philadelphia 76ers,13972,0,G,0,0,0,0,0,0,0,0,0,0,0,0,0,0,0,0,0,0,0,Terquavion Smith,0,0,0,0,13972,2024-05-03 01:00:00,Philadelphia 76ers,New York Knicks
116,732,O.G.,Anunoby,New York Knicks,13972,19,SF,45,8,17,47.1,1,3,33.3,2,5,40.0,1,8,9,0,3,2,1,2,+8,O.G. Anunoby,28,28,19,9,13972,2024-05-03 01:00:00,Philadelphia 76ers,New York Knicks
117,978,Isaiah,Hartenstein,New York Knicks,13972,14,C,30,7,13,53.8,0,0,0,0,0,0,5,4,9,2,5,0,3,2,-2,Isaiah Hartenstein,25,23,16,11,13972,2024-05-03 01:00:00,Philadelphia 76ers,New York Knicks
118,946,Jalen,Brunson,New York Knicks,13972,41,PG,44,13,27,48.1,12,16,75.0,3,8,37.5,0,3,3,12,2,0,2,0,+9,Jalen Brunson,56,44,53,15,13972,2024-05-03 01:00:00,Philadelphia 76ers,New York Knicks
119,791,Josh,Hart,New York Knicks,13972,16,SG,46,5,11,45.5,3,3,100.0,3,5,60.0,6,8,14,7,2,0,2,0,+7,Josh Hart,37,30,23,21,13972,2024-05-03 01:00:00,Philadelphia 76ers,New York Knicks
120,962,Donte,DiVincenzo,New York Knicks,13972,23,SG,48,8,18,44.4,2,2,100.0,5,9,55.6,2,2,4,7,1,2,1,3,+3,Donte DiVincenzo,34,27,30,11,13972,2024-05-03 01:00:00,Philadelphia 76ers,New York Knicks
121,4007,Jacob,Toppin,New York Knicks,13972,0,F,0,0,0,0,0,0,0,0,0,0,0,0,0,0,0,0,0,0,0,Jacob Toppin,0,0,0,0,13972,2024-05-03 01:00:00,Philadelphia 76ers,New York Knicks
122,1020,Mitchell,Robinson,New York Knicks,13972,2,C,18,1,3,33.3,0,0,0,0,0,0,6,3,9,0,2,2,0,1,+7,Mitchell Robinson,11,11,2,9,13972,2024-05-03 01:00:00,Philadelphia 76ers,New York Knicks
123,2860,Duane,Washington Jr.,New York Knicks,13972,0,PG,0,0,0,0,0,0,0,0,0,0,0,0,0,0,0,0,0,0,0,Duane Washington Jr.,0,0,0,0,13972,2024-05-03 01:00:00,Philadelphia 76ers,New York Knicks
124,2832,Miles,McBride,New York Knicks,13972,3,PG,9,1,4,25.0,0,0,0,1,4,25.0,0,0,0,0,2,0,0,0,-17,Miles McBride,3,3,3,0,13972,2024-05-03 01:00:00,Philadelphia 76ers,New York Knicks
125,2111,Charlie,Brown Jr.,New York Knicks,13972,0,G,0,0,0,0,0,0,0,0,0,0,0,0,0,0,0,0,0,0,0,Charlie Brown Jr.,0,0,0,0,13972,2024-05-03 01:00:00,Philadelphia 76ers,New York Knicks
126,801,Jonathan,Isaac,Orlando Magic,13975,0,PF,23,0,5,0,0,0,0,0,2,0,2,7,9,0,1,0,1,1,-3,Jonathan Isaac,9,9,0,9,13975,2024-05-03 23:00:00,Orlando Magic,Cleveland Cavaliers
127,3414,Paolo,Banchero,Orlando Magic,13975,27,PF,42,9,20,45.0,7,10,70.0,2,5,40.0,1,7,8,4,0,1,3,0,+3,Paolo Banchero,39,35,31,12,13975,2024-05-03 23:00:00,Orlando Magic,Cleveland Cavaliers
128,2858,Franz,Wagner,Orlando Magic,13975,26,SF,42,7,16,43.8,11,11,100.0,1,5,20.0,1,4,5,2,2,1,1,2,+1,Franz Wagner,33,31,28,7,13975,2024-05-03 23:00:00,Orlando Magic,Cleveland Cavaliers
129,950,Wendell,Carter Jr.,Orlando Magic,13975,11,C,36,4,11,36.4,2,2,100.0,1,7,14.3,1,8,9,2,4,1,0,1,+8,Wendell Carter Jr.,22,20,13,11,13975,2024-05-03 23:00:00,Orlando Magic,Cleveland Cavaliers
130,2852,Jalen,Suggs,Orlando Magic,13975,22,SG,35,7,16,43.8,2,3,66.7,6,13,46.2,2,4,6,4,3,1,4,0,+2,Jalen Suggs,32,28,26,10,13975,2024-05-03 23:00:00,Orlando Magic,Cleveland Cavaliers
131,1037,Moritz,Wagner,Orlando Magic,13975,2,C,12,1,5,20.0,0,0,0,0,1,0,5,1,6,0,1,1,2,0,+1,Moritz Wagner,8,8,2,6,13975,2024-05-03 23:00:00,Orlando Magic,Cleveland Cavaliers
132,779,Markelle,Fultz,Orlando Magic,13975,6,PG,23,3,6,50.0,0,0,0,0,0,0,2,0,2,4,1,0,2,0,+13,Markelle Fultz,12,8,10,6,13975,2024-05-03 23:00:00,Orlando Magic,Cleveland Cavaliers
133,2563,Cole,Anthony,Orlando Magic,13975,9,PG,19,4,10,40.0,0,0,0,1,3,33.3,1,2,3,1,3,1,0,0,+6,Cole Anthony,13,12,10,4,13975,2024-05-03 23:00:00,Orlando Magic,Cleveland Cavaliers
134,258,Joe,Ingles,Orlando Magic,13975,0,SG,8,0,0,0,0,0,0,0,0,0,0,0,0,2,0,0,0,0,+4,Joe Ingles,2,0,2,2,13975,2024-05-03 23:00:00,Orlando Magic,Cleveland Cavaliers
135,2835,Evan,Mobley,Cleveland Cavaliers,13975,3,PF,34,1,5,20.0,1,2,50.0,0,0,0,3,4,7,0,5,1,0,5,-5,Evan Mobley,10,10,3,7,13975,2024-05-03 23:00:00,Orlando Magic,Cleveland Cavaliers
136,373,Marcus,Morris Sr.,Cleveland Cavaliers,13975,2,SF,27,1,7,14.3,0,0,0,0,4,0,1,7,8,2,3,0,1,0,-7,Marcus Morris Sr.,12,10,4,10,13975,2024-05-03 23:00:00,Orlando Magic,Cleveland Cavaliers
137,1860,Darius,Garland,Cleveland Cavaliers,13975,21,PG,43,10,17,58.8,0,0,0,1,4,25.0,0,6,6,5,2,2,3,0,-4,Darius Garland,32,27,26,11,13975,2024-05-03 23:00:00,Orlando Magic,Cleveland Cavaliers
138,840,Donovan,Mitchell,Cleveland Cavaliers,13975,50,SG,42,22,36,61.1,3,6,50.0,3,9,33.3,1,3,4,4,4,0,4,1,-3,Donovan Mitchell,58,54,54,8,13975,2024-05-03 23:00:00,Orlando Magic,Cleveland Cavaliers
139,2051,Max,Strus,Cleveland Cavaliers,13975,10,SG,39,4,7,57.1,0,0,0,2,5,40.0,0,8,8,1,1,1,2,0,-7,Max Strus,19,18,11,9,13975,2024-05-03 23:00:00,Orlando Magic,Cleveland Cavaliers
140,3956,Emoni,Bates,Cleveland Cavaliers,13975,0,F,0,0,0,0,0,0,0,0,0,0,0,0,0,0,0,0,0,0,0,Emoni Bates,0,0,0,0,13975,2024-05-03 23:00:00,Orlando Magic,Cleveland Cavaliers
141,391,Georges,Niang,Cleveland Cavaliers,13975,3,SF,11,1,5,20.0,0,0,0,1,4,25.0,0,0,0,1,4,2,1,0,-6,Georges Niang,4,3,4,1,13975,2024-05-03 23:00:00,Orlando Magic,Cleveland Cavaliers
142,2630,Isaac,Okoro,Cleveland Cavaliers,13975,4,SF,24,2,5,40.0,0,0,0,0,2,0,0,1,1,1,3,0,0,2,-1,Isaac Okoro,6,5,5,2,13975,2024-05-03 23:00:00,Orlando Magic,Cleveland Cavaliers
143,515,Tristan,Thompson,Cleveland Cavaliers,13975,2,C,12,1,3,33.3,0,0,0,0,0,0,2,0,2,0,0,0,0,1,-1,Tristan Thompson,4,4,2,2,13975,2024-05-03 23:00:00,Orlando Magic,Cleveland Cavaliers
144,317,Caris,LeVert,Cleveland Cavaliers,13975,1,SG,7,0,1,0,1,2,50.0,0,0,0,0,2,2,1,1,2,2,1,-1,Caris LeVert,4,3,2,3,13975,2024-05-03 23:00:00,Orlando Magic,Cleveland Cavaliers
