,First Last Name,team,position,points,minutes,fgm,fga,fgp,ftm,fta,ftp,tpm,tpa,tpp,offReb,defReb,totReb,assists,pFouls,steals,turnovers,blocks,plusMinus,Points_Rebounds_Assist,Points_Rebounds,Points_Assist,Rebounds_Assist,points_deviation,totReb_deviation,assists_deviation,tpm_deviation,Points_Rebounds_Assist_deviation,Points_Rebounds_deviation,Points_Assist_deviation,Rebounds_Assist_deviation,count
0,A. Flagler,Oklahoma City Thunder,F,0,6,0,3,0.0,0,0,0.0,0,3,0.0,0,0,0,1,0,0,0,0,0,1,0,1,1,0.0,0.0,0.0,0.0,0.0,0.0,0.0,0.0,1
1,A.J. Green,Milwaukee Bucks,G,72,146,24,55,410.6,5,6,266.7,19,47,375.3,1,16,17,10,9,3,6,1,-20,99,89,82,27,521.5390625,12.2890625,12.9765625,38.0390625,654.2265625,532.5,644.40625,24.125,10
2,A.J. Lawson,Dallas Mavericks,G,14,31,6,13,170.0,1,4,50.0,1,4,50.0,2,4,6,1,4,0,0,1,-7,21,20,15,7,27.530864197530864,5.08641975308642,0.7530864197530864,0.8271604938271604,31.197530864197528,30.0,27.5679012345679,7.0,4
3,Aaron Gordon,Denver Nuggets,PF,155,307,63,110,599.4,24,30,535.0,5,22,158.3,18,50,68,35,19,12,19,5,86,258,223,190,103,239.71604938271602,143.61111111111111,35.27160493827161,4.5,582.9444444444445,670.8456790123457,220.0,110.69753086419753,10
4,Aaron Holiday,Houston Rockets,G,51,119,19,46,263.4,3,3,100.0,10,21,269.2,3,4,7,13,14,5,7,1,-41,71,58,64,20,355.9972299168975,5.742382271468146,10.290858725761774,24.249307479224377,428.4293628808864,423.18005540166206,360.1994459833795,17.0803324099723,10
5,Aaron Nesmith,Indiana Pacers,SF,114,275,38,84,440.6,22,31,598.8,16,43,381.5,4,26,30,16,30,8,12,6,8,160,144,130,46,330.6015625,54.1015625,15.15625,8.4765625,652.5,569.40625,379.2265625,103.7265625,10
6,Aaron Wiggins,Oklahoma City Thunder,SG,64,161,24,47,490.0,9,10,450.0,7,18,300.0,11,12,23,4,9,10,9,7,46,91,87,68,27,150.5,7.700000000000002,4.425,7.700000000000001,196.92500000000004,158.59999999999997,183.625,17.324999999999996,10
7,Al Horford,Boston Celtics,C,72,243,29,53,458.1,7,8,350.0,7,20,265.0,12,42,54,13,11,6,3,8,62,139,126,85,67,200.26989619377161,14.567474048442907,27.747404844290656,7.0,413.6643598615917,282.56747404844293,322.71626297577853,50.965397923875436,10
8,Alec Burks,New York Knicks,SG,65,148,24,84,261.0,7,13,258.3,10,41,231.79999999999998,5,11,16,8,6,2,6,1,-51,89,81,73,24,183.78892733564015,14.069204152249137,5.494809688581315,5.695501730103807,294.1280276816609,269.9619377162629,205.0,22.519031141868517,10
9,Aleksej Pokusevski,Oklahoma City Thunder,F,4,13,1,3,50.0,1,2,50.0,1,2,100.0,0,1,1,0,0,1,0,0,-8,5,5,4,1,8.0,0.5,0.0,0.5,12.5,12.5,8.0,0.5,2
10,Alex Caruso,Chicago Bulls,SG,83,294,30,77,405.3,9,10,300.0,14,49,298.4,6,31,37,31,29,23,11,10,-10,151,120,114,68,117.0,31.43827160493827,33.21604938271605,12.419753086419753,134.97530864197532,146.7716049382716,124.54938271604937,45.30864197530864,10
11,Alex Len,Sacramento Kings,C,29,92,13,24,386.7,3,7,60.0,0,1,0.0,10,16,26,4,12,4,6,7,18,59,55,33,30,107.47448979591837,5.795918367346938,4.877551020408163,0.0,103.14795918367346,104.29081632653062,110.98469387755104,6.020408163265307,9
12,Alondes Williams,Miami Heat,G,0,6,0,1,0.0,0,0,0.0,0,1,0.0,0,1,1,0,0,0,1,0,-2,1,1,0,1,0.0,0.25,0.0,0.0,0.25,0.25,0.0,0.25,1
13,Alperen Sengun,Houston Rockets,C,214,329,82,159,512.7,45,73,651.5,5,14,250.0,42,64,106,49,38,15,27,8,-9,369,320,263,155,798.5540166204986,198.5595567867036,119.61495844875346,4.562326869806094,1733.9750692520777,1507.7174515235456,892.9279778393352,450.0581717451523,10
14,Amen Thompson,Houston Rockets,F,97,227,40,83,396.6,16,25,468.3,1,12,33.3,26,41,67,18,26,15,11,17,0,182,164,115,85,546.325,77.325,20.5,0.9249999999999999,1000.5,812.4,721.7249999999999,110.52500000000002,10
15,Amir Coffey,LA Clippers,SG,60,234,22,52,382.1,9,10,450.0,7,22,308.3,5,16,21,16,17,10,6,1,-38,97,81,76,37,236.3213296398892,29.565096952908586,13.20775623268698,7.0,294.5346260387812,291.02770083102496,261.5623268698061,21.038781163434905,10
16,Andre Drummond,Chicago Bulls,C,96,209,40,79,441.8,16,26,641.7,0,1,0.0,36,72,108,2,22,2,12,7,28,206,204,98,110,286.425,339.99999999999994,1.6000000000000003,0.0,1027.625,991.625,297.625,366.4,10
17,Andre Jr. Jackson,Milwaukee Bucks,G,8,62,3,8,233.3,0,0,0.0,2,5,200.0,0,8,8,8,6,3,2,0,-3,24,16,16,16,11.58677685950413,3.0,8.256198347107436,1.4380165289256195,32.2809917355372,25.132231404958677,17.644628099173552,12.347107438016527,5
18,Andrew Nembhard,Indiana Pacers,PG,100,294,43,80,586.2,2,3,66.7,12,27,516.7,7,23,30,34,21,17,13,1,-8,164,130,134,64,77.02499999999999,38.025,41.625,5.7,130.625,76.0,125.99999999999999,85.3,10
19,Andrew Wiggins,Golden State Warriors,SF,128,257,49,98,486.4,13,15,616.7,17,37,456.6,9,27,36,26,18,12,8,3,31,190,164,154,62,242.8641975308642,34.44444444444444,17.82716049382716,9.067901234567902,340.44444444444446,333.2345679012346,235.77777777777777,66.5679012345679,10
20,Anfernee Simons,Portland Trail Blazers,SG,212,365,75,187,398.5,29,32,857.1,33,86,378.9,3,36,39,60,28,6,37,0,-83,311,251,272,99,749.9012345679013,25.049382716049383,124.2777777777778,24.179012345679013,1180.7716049382716,759.1234567901234,1127.1419753086418,193.73456790123456,10
21,Anthony Black,Orlando Magic,G,70,238,23,55,366.9,11,16,450.0,13,25,408.3,7,23,30,11,17,6,9,2,23,111,100,81,41,329.3827160493827,56.0,5.34567901234568,17.790123456790123,498.7777777777777,463.8271604938271,362.1111111111111,63.5679012345679,10
22,Anthony Davis,Los Angeles Lakers,PF,251,363,96,171,561.1,58,69,758.4,1,10,33.3,27,104,131,22,23,8,16,23,8,404,382,273,153,632.4626038781163,26.822714681440452,41.25207756232687,1.1662049861495845,842.9806094182826,875.4792243767312,627.0,41.03878116343491,10
23,Anthony Edwards,Minnesota Timberwolves,SG,273,354,97,224,419.6,58,69,850.1,21,68,305.7,5,47,52,40,13,16,23,8,46,365,325,313,92,973.9586776859504,45.739669421487605,28.975206611570254,21.3099173553719,1274.5,1171.6570247933885,1061.5123966942149,90.00413223140495,10
24,Anthony Gill,Washington Wizards,PF,3,21,1,4,100.0,0,0,0.0,1,2,100.0,0,3,3,3,0,4,4,0,13,9,6,6,6,6.1875,2.421875,7.171875,0.796875,9.6875,14.046875,6.421875,5.0,3
25,Ashton Hagans,Portland Trail Blazers,G,43,187,16,41,421.3,8,11,350.0,3,11,100.0,7,19,26,32,26,7,19,7,-23,101,69,75,58,120.7448979591837,15.887755102040815,51.95918367346939,4.102040816326531,382.1020408163265,193.0,284.5,93.1938775510204,10
26,Ausar Thompson,Detroit Pistons,F,118,332,50,93,562.9,9,21,275.0,9,29,245.3,12,44,56,21,29,17,15,11,-14,195,174,139,77,141.7950138504155,43.606648199445985,22.900277008310248,7.166204986149584,241.55401662049863,189.51246537396122,153.0,107.34349030470914,10
27,Austin Reaves,Los Angeles Lakers,SG,158,343,63,117,548.4,9,11,450.0,23,51,420.7,5,41,46,65,14,8,25,4,-14,269,204,223,111,145.6961451247165,34.594104308390015,90.64172335600908,14.26530612244898,207.17233560090705,100.97959183673467,284.34693877551024,92.77777777777777,10
28,Ayo Dosunmu,Chicago Bulls,SG,162,390,63,135,452.6,11,14,358.3,25,62,386.2,10,28,38,61,20,11,21,4,-30,261,200,223,99,403.225,39.199999999999996,46.125,20.725,431.80000000000007,356.225,464.20000000000005,99.92500000000003,10
29,Bam Adebayo,Miami Heat,C,186,349,76,146,504.2,34,48,645.3,0,3,0.0,22,70,92,41,21,13,26,8,36,319,278,227,133,450.42500000000007,42.625,83.525,0.0,596.125,439.20000000000005,532.5,201.0,10
30,Ben Sheppard,Indiana Pacers,G,83,191,29,55,518.7,5,5,300.0,20,40,496.2,1,25,26,6,24,9,4,2,25,115,109,89,32,183.74048442906573,64.72664359861592,14.754325259515571,24.21453287197232,364.2733564013841,295.6228373702422,259.77508650519036,72.09688581314879,10
31,Ben Simmons,Brooklyn Nets,PG,53,168,24,38,521.1,5,11,150.0,0,0,0.0,15,39,54,46,20,9,12,4,-5,153,107,99,100,134.88888888888889,64.0,78.88888888888889,0.0,382.0,162.8888888888889,300.0,196.88888888888889,9
32,Bennedict Mathurin,Indiana Pacers,SG,139,275,44,115,340.3,35,45,614.5,16,44,245.0,10,33,43,23,24,7,17,4,-18,205,182,162,66,781.0,123.09467455621302,38.14792899408284,30.68639053254438,1447.5443786982248,1127.940828402367,996.8402366863905,265.00591715976327,10
33,Bilal Coulibaly,Washington Wizards,SG,87,277,28,78,430.9,22,30,603.3,9,37,173.3,14,28,42,13,25,8,13,6,-112,142,129,100,55,270.10034602076126,48.04152249134948,6.141868512110727,14.95847750865052,526.6574394463668,469.28373702422135,316.0346020761246,65.62283737024221,10
34,Bismack Biyombo,Oklahoma City Thunder,C,2,22,1,4,33.3,0,0,0.0,0,0,0.0,2,1,3,1,5,0,1,1,5,6,5,3,4,2.75,2.0,0.6875,0.0,14.1875,8.75,6.1875,4.6875,3
35,Blake Wesley,San Antonio Spurs,G,49,158,17,34,385.0,13,16,425.0,2,10,200.0,3,10,13,25,12,3,13,1,-28,87,62,74,38,181.925,8.325000000000001,45.0,1.6999999999999997,244.2,191.2,249.42499999999998,38.825,10
36,Bobby Portis,Milwaukee Bucks,F,170,246,71,132,532.7,15,18,630.0,13,35,401.7,15,63,78,17,20,6,12,3,-8,265,248,187,95,229.328798185941,107.83219954648526,12.26530612244898,10.165532879818594,559.2448979591837,503.3877551020408,264.7777777777778,140.50566893424036,10
37,Bogdan Bogdanovic,Atlanta Hawks,SG,158,320,55,129,409.3,20,21,850.0,28,72,386.5,7,30,37,36,16,12,24,5,48,231,195,194,73,379.2,28.325000000000003,16.425,17.700000000000003,417.40000000000003,383.52500000000003,437.625,20.2,10
38,Bojan Bogdanovic,New York Knicks,SF,138,241,47,114,382.2,21,26,625.0,23,63,342.2,4,24,28,11,23,5,14,1,-74,177,166,149,39,374.44444444444446,30.711111111111112,25.0,32.2,595.0,476.8,472.9111111111111,75.44444444444446,10
39,Bol Bol,Phoenix Suns,C,81,161,36,63,556.7,3,5,200.0,6,19,311.7,13,35,48,4,18,2,2,9,6,133,129,85,52,420.7777777777777,134.71111111111114,2.4444444444444446,4.444444444444445,958.3777777777777,979.0,409.0,128.3111111111111,10
40,Bones Hyland,LA Clippers,PG,17,66,8,32,151.8,0,0,0.0,1,16,50.0,1,3,4,15,7,2,6,1,-20,36,21,32,19,26.06122448979592,1.346938775510204,33.775510204081634,0.8367346938775512,40.48979591836735,35.0,39.673469387755105,27.0,6
41,Bradley Beal,Phoenix Suns,SG,206,308,78,152,553.9,29,34,615.0,21,49,521.7,11,28,39,53,20,11,30,2,25,298,245,259,92,1265.911111111111,69.0,80.60000000000001,30.244444444444444,1680.4444444444443,1373.1777777777777,1575.5777777777776,147.20000000000002,10
42,Brandin Podziemski,Golden State Warriors,G,103,293,40,91,423.6,6,13,183.3,17,41,399.6,15,41,56,45,9,7,14,2,73,204,159,148,101,356.60090702947844,35.77777777777777,47.0,22.69614512471655,689.6326530612245,480.0612244897959,562.8390022675736,86.11111111111111,10
43,Brandon Boston Jr.,LA Clippers,SG,28,56,11,28,190.5,4,6,200.0,2,6,150.0,3,3,6,1,6,1,0,2,-15,35,34,29,7,105.39999999999999,8.6,0.8500000000000001,1.4000000000000004,164.05,144.0,121.25,13.649999999999999,5
44,Brandon Ingram,New Orleans Pelicans,SF,212,334,76,157,502.6,47,58,719.5,13,36,346.2,7,42,49,62,28,8,37,10,46,323,261,274,111,423.7439446366781,47.39446366782007,21.017301038062286,11.304498269896193,581.0,664.0173010380622,366.39446366782005,42.7439446366782,10
45,Brandon Miller,Charlotte Hornets,F,182,350,70,165,424.8,16,18,550.0,26,73,348.8,9,41,50,25,24,13,25,6,-31,257,232,207,75,316.625,50.625,28.725,10.625,538.325,542.5,325.70000000000005,66.1,10
46,Brandon Williams,Dallas Mavericks,G,5,19,1,7,33.3,3,3,100.0,0,1,0.0,1,1,2,4,1,0,1,0,-12,11,7,9,6,18.0,3.0000000000000004,3.0,0.0,29.999999999999993,15.666666666666668,29.0,9.333333333333336,3
47,Braxton Key,Denver Nuggets,F,2,6,1,1,100.0,0,1,0.0,0,0,0.0,1,1,2,0,1,0,0,0,2,4,4,2,2,2.25,1.0,0.0,0.0,6.25,6.25,2.25,1.0,1
48,Brice Sensabaugh,Utah Jazz,F,48,124,17,37,302.5,5,5,200.0,9,22,320.0,3,16,19,5,13,1,10,0,-27,72,67,53,24,95.32,109.08000000000001,3.52,3.67,395.5200000000001,376.08,102.68,124.67999999999998,7
49,Brook Lopez,Milwaukee Bucks,C,97,289,34,84,374.8,9,12,350.0,20,55,371.8,10,34,44,16,18,6,7,19,126,157,141,113,60,224.99382716049382,74.54938271604938,16.401234567901234,20.5,444.62345679012344,389.0,255.44444444444446,116.12345679012346,10
50,Bruce Brown,Toronto Raptors,SF,78,238,29,68,397.2,18,18,700.0,2,17,100.0,6,25,31,23,17,4,7,1,-65,132,109,101,54,175.77777777777777,42.111111111111114,24.37777777777778,2.0,376.0,261.5777777777778,268.9111111111111,87.77777777777779,10
51,Bruno Fernando,Atlanta Hawks,PF,61,192,25,46,495.8,11,16,425.0,0,0,0.0,22,36,58,10,28,10,11,7,-14,129,119,71,68,107.0,105.64444444444445,14.044444444444443,0.0,168.91111111111113,164.91111111111113,134.9111111111111,95.77777777777779,10
52,Bryce McGowens,Charlotte Hornets,G,54,155,18,37,330.8,13,18,441.7,5,15,180.0,3,21,24,8,15,7,4,3,-10,86,78,62,32,236.5390625,28.0,5.65625,6.8515625,400.6015625,389.0390625,251.1015625,30.65625,10
53,Buddy Hield,Philadelphia 76ers,SG,126,310,44,118,368.5,8,8,300.0,30,77,408.6,5,25,30,44,24,12,15,4,-55,200,156,170,74,166.44444444444446,12.816326530612244,57.32879818594104,8.566893424036282,384.02267573696145,213.64172335600907,354.56689342403627,52.40362811791383,10
54,CJ McCollum,New Orleans Pelicans,SG,152,283,58,148,368.7,10,12,241.7,26,79,308.1,4,37,41,34,18,5,10,4,19,227,193,186,75,647.598615916955,14.90311418685121,46.89965397923876,26.422145328719722,992.681660899654,782.2595155709342,854.8996539792388,64.92387543252595,10
55,Cade Cunningham,Detroit Pistons,PG,224,316,80,172,461.3,37,43,607.8,27,59,382.9,8,39,47,76,20,5,29,6,-4,347,271,300,123,647.3356401384083,22.930795847750865,41.0795847750865,30.930795847750865,810.9653979238755,744.9031141868512,740.7820069204153,36.62629757785467,10
56,Caleb Houstan,Orlando Magic,G,32,96,10,21,211.1,2,2,100.0,10,20,244.4,2,9,11,2,8,2,2,2,7,45,43,34,13,131.95918367346937,28.882653061224488,1.3724489795918366,16.53061224489796,261.0,245.0867346938776,138.31122448979593,39.81632653061225,5
57,Caleb Martin,Miami Heat,SF,108,291,37,84,435.1,15,18,626.7,19,42,451.3,8,34,42,18,27,5,13,9,52,168,150,126,60,222.5,55.6,13.625,17.8,442.82500000000005,424.90000000000003,251.625,58.025,10
58,Cam Reddish,Los Angeles Lakers,SF,14,67,5,12,133.3,1,2,50.0,3,7,133.3,3,4,7,0,4,2,1,1,8,21,21,14,7,21.111111111111114,6.111111111111111,0.0,0.7777777777777778,21.0,21.0,21.111111111111114,6.111111111111111,4
59,Cam Thomas,Brooklyn Nets,SG,198,328,70,178,374.6,35,39,903.4,23,63,344.5,7,29,36,38,25,12,17,0,-59,272,234,236,74,763.1111111111111,42.625,36.5,32.111111111111114,928.7361111111111,784.7361111111111,879.6111111111111,106.625,10
60,Cam Whitmore,Houston Rockets,F,133,201,49,110,430.8,21,30,485.0,14,50,259.8,14,30,44,6,12,5,17,5,2,183,177,139,50,186.6955017301038,63.564013840830455,2.4013840830449826,11.730103806228373,286.84775086505186,293.0692041522492,191.19377162629755,55.245674740484425,10
61,Cameron Johnson,Brooklyn Nets,SF,130,248,42,96,410.8,22,26,571.7,24,62,370.9,7,28,35,21,21,10,10,5,-34,186,165,151,56,590.792899408284,61.69822485207101,18.928994082840237,36.437869822485204,802.3313609467457,689.2840236686391,702.4674556213018,82.0,10
62,Cameron Payne,Philadelphia 76ers,PG,105,190,38,89,413.6,14,14,500.0,15,43,286.2,4,12,16,27,16,4,9,1,-9,148,121,132,43,296.6,25.625,44.6,18.725,420.22499999999997,364.525,343.20000000000005,79.32500000000002,10
63,Caris LeVert,Cleveland Cavaliers,SG,109,297,40,116,347.8,16,21,443.3,13,47,257.8,7,44,51,70,21,9,17,8,20,230,160,179,121,166.125,71.8,117.225,8.1,716.4000000000001,383.225,407.4,280.925,10
64,Cason Wallace,Oklahoma City Thunder,G,56,176,22,46,489.1,1,3,100.0,11,27,408.3,9,17,26,13,7,12,5,5,43,95,82,69,39,104.42500000000001,21.425,8.725,8.9,209.725,187.20000000000002,115.80000000000001,41.3,10
65,Cedi Osman,San Antonio Spurs,SF,36,142,15,32,400.0,0,0,0.0,6,19,216.6,3,18,21,18,12,6,8,0,-32,75,57,54,39,100.625,15.125,21.625,6.0,101.52500000000002,128.60000000000002,84.5,25.8,10
66,Charlie Brown Jr.,New York Knicks,G,3,27,1,5,20.0,0,0,0.0,1,3,33.3,1,1,2,0,4,0,0,1,-6,5,5,3,2,6.5,2.8888888888888893,0.0,0.7222222222222223,18.055555555555557,18.055555555555557,6.5,2.8888888888888893,2
67,Chet Holmgren,Oklahoma City Thunder,PF,182,310,66,117,553.2,33,38,776.7,17,45,319.1,19,71,90,29,22,4,14,19,32,301,272,211,119,408.0,88.9,43.125,18.200000000000003,817.5249999999999,651.6999999999999,574.9250000000001,130.925,10
68,Chimezie Metu,Phoenix Suns,PF,4,15,2,4,50.0,0,0,0.0,0,0,0.0,1,3,4,1,1,2,3,0,-7,9,8,5,5,10.0,4.0,0.625,0.0,34.625,26.0,15.625,7.625,2
69,Chris Boucher,Toronto Raptors,PF,44,72,17,22,443.3,8,10,350.0,2,6,150.0,9,18,27,3,8,1,6,2,8,74,71,47,30,73.62962962962963,37.74074074074073,3.9629629629629632,1.4074074074074074,244.74074074074076,195.0,100.33333333333334,64.74074074074073,6
70,Chris Duarte,Sacramento Kings,SG,39,106,14,29,275.0,1,1,100.0,10,21,266.7,5,13,18,3,6,5,0,3,0,60,57,42,21,231.75,13.984375,1.734375,11.734375,320.4375,303.359375,248.109375,16.4375,7
71,Chris Livingston,Milwaukee Bucks,F,0,6,0,2,0.0,0,0,0.0,0,2,0.0,0,1,1,1,4,0,1,0,-10,2,1,1,2,0.0,0.0625,0.5625,0.0,1.0,0.0625,0.5625,1.0,1
72,Chris Paul,Golden State Warriors,PG,56,137,20,43,269.2,5,6,175.0,11,26,233.3,2,19,21,38,6,13,8,0,-15,115,77,94,59,118.07407407407408,3.518518518518518,11.333333333333334,7.0,95.0,149.0,76.07407407407409,2.851851851851851,6
73,Christian Braun,Denver Nuggets,G,57,208,21,52,445.7,11,20,333.3,4,19,166.7,12,31,43,12,21,10,5,7,30,112,100,69,55,82.10493827160494,52.27777777777777,13.808641975308644,2.419753086419753,210.2530864197531,236.12345679012347,67.04938271604938,55.27160493827161,10
74,Christian Wood,Los Angeles Lakers,F,59,133,22,51,477.0,11,14,450.0,4,19,225.0,6,28,34,6,12,5,5,2,-14,99,93,65,40,152.9,54.39999999999999,4.3999999999999995,2.4000000000000004,304.9,284.1,156.5,76.0,10
75,Chuma Okeke,Orlando Magic,PF,0,19,0,2,0.0,0,0,0.0,0,2,0.0,0,1,1,1,2,1,0,0,-3,2,1,1,2,1.6875,0.6666666666666667,0.8541666666666665,0.020833333333333332,1.416666666666667,2.354166666666666,1.4166666666666667,0.8541666666666665,3
76,Clint Capela,Atlanta Hawks,C,100,227,41,83,499.9,18,24,575.0,0,0,0.0,41,56,97,15,22,2,11,10,6,212,197,115,112,171.4795918367347,72.74489795918367,14.551020408163264,0.0,495.0612244897959,417.2448979591836,239.5612244897959,97.03061224489797,10
77,Coby White,Chicago Bulls,PG,216,396,74,167,441.7,38,43,813.3,30,80,357.0,6,45,51,58,25,10,20,2,-33,325,267,274,109,589.025,33.0,75.2,42.1,662.125,616.325,595.625,147.4,10
78,Cody Martin,Charlotte Hornets,SF,69,285,28,76,367.2,6,7,250.0,7,30,228.2,6,44,50,42,15,11,20,7,-28,161,119,111,92,119.44444444444446,25.111111111111107,68.97777777777779,3.4444444444444446,210.51111111111112,123.0,199.84444444444446,101.2,10
79,Cody Zeller,New Orleans Pelicans,C,5,26,2,5,100.0,1,2,50.0,0,0,0.0,3,8,11,1,3,2,3,0,11,17,16,6,12,3.6122448979591835,2.795918367346939,0.8775510204081631,0.0,7.0,9.30612244897959,2.6530612244897958,2.3265306122448974,4
80,Colby Jones,Sacramento Kings,G,2,7,1,3,33.3,0,0,0.0,0,0,0.0,0,3,3,1,1,0,0,0,0,6,5,3,4,1.0,1.0,0.25,0.0,6.25,4.0,2.25,2.25,1
81,Cole Anthony,Orlando Magic,PG,104,232,42,95,435.4,12,17,633.3,8,32,248.3,4,32,36,31,24,10,12,8,27,171,140,135,67,188.20408163265304,44.45804988662131,52.777777777777786,7.777777777777779,255.02267573696145,194.21315192743762,283.5532879818594,62.69614512471655,10
82,Cole Swider,Miami Heat,F,2,11,0,4,0.0,2,2,100.0,0,4,0.0,0,2,2,1,0,0,3,0,-8,5,4,3,3,2.0,0.0,0.5,0.0,4.5,2.0,4.5,0.5,2
83,Collin Gillespie,Denver Nuggets,G,30,64,11,20,197.8,1,3,50.0,7,11,200.0,0,7,7,7,6,5,5,0,8,44,37,37,14,157.84,3.24,7.24,9.24,242.96,167.15999999999997,231.16,12.96,4
84,Collin Sexton,Utah Jazz,PG,220,298,72,143,491.2,52,63,735.6,24,50,406.8,6,19,25,58,16,14,20,3,-4,303,245,278,83,344.86419753086415,26.623456790123456,53.882716049382715,22.401234567901234,603.716049382716,440.6975308641976,486.94444444444446,101.44444444444444,10
85,Corey Kispert,Washington Wizards,SF,132,254,46,108,413.4,18,23,508.3,22,62,343.5,3,29,32,26,20,7,18,3,-59,190,164,158,58,375.8116343490305,19.883656509695292,48.7202216066482,19.639889196675902,684.0,438.2991689750692,590.5152354570637,99.601108033241,10
86,Cory Joseph,Golden State Warriors,PG,13,33,5,10,150.0,0,0,0.0,3,7,116.7,1,3,4,5,4,0,1,0,-6,22,17,18,9,20.666666666666664,0.6666666666666666,0.6666666666666666,2.0,12.666666666666666,18.666666666666664,14.0,2.0,3
87,Craig Jr. Porter,Cleveland Cavaliers,G,23,45,10,20,208.3,3,3,200.0,0,2,0.0,3,7,10,7,3,2,2,0,-6,40,33,30,17,109.47222222222223,12.222222222222225,5.3125,0.0,201.8125,175.25,131.70138888888889,21.868055555555554,5
88,D'Angelo Russell,Los Angeles Lakers,PG,208,355,76,151,491.5,21,26,710.0,35,78,395.0,4,40,44,68,24,11,22,4,-2,320,252,276,112,818.8249999999999,58.025,163.625,51.4,1211.225,961.6999999999999,934.0,356.0,10
89,D.J. Carton,Toronto Raptors,G,8,31,2,7,83.3,3,4,150.0,1,4,50.0,2,1,3,3,1,1,1,0,-30,14,11,11,6,8.666666666666668,2.0,2.0,0.6666666666666667,8.666666666666666,2.6666666666666665,18.666666666666668,0.0,3
90,Daishen Nix,Minnesota Timberwolves,SG,5,5,2,3,66.7,0,0,0.0,1,2,50.0,0,0,0,0,1,1,0,0,6,5,5,5,0,2.25,0.0,0.25,0.0625,1.0,2.25,1.0,0.25,1
91,Dalano Banton,Portland Trail Blazers,G,131,211,47,112,394.4,24,37,480.0,13,38,283.3,14,30,44,24,16,6,13,5,-44,199,175,155,68,669.90625,71.15625,37.2265625,16.125,1396.2890625,1077.125,939.2890625,158.1640625,10
92,Dalen Terry,Chicago Bulls,F,27,107,11,23,398.3,2,4,100.0,3,10,183.3,5,13,18,15,17,8,2,0,2,60,45,42,33,40.36,24.09,6.25,2.01,101.96,94.81,47.21,30.64,9
93,Damian Jones,Cleveland Cavaliers,C,9,33,3,7,150.0,3,3,100.0,0,0,0.0,3,7,10,1,4,0,3,4,-27,20,19,10,11,35.48148148148148,17.925925925925927,0.8148148148148149,0.0,111.7037037037037,102.0,41.925925925925924,21.999999999999993,3
94,Damian Lillard,Milwaukee Bucks,PG,230,346,74,180,413.9,48,50,955.0,34,92,378.8,3,48,51,69,22,9,30,2,98,350,281,299,120,498.4432132963988,73.04986149584488,77.3213296398892,8.759002770083102,758.2326869806094,608.7950138504154,602.9002770083102,195.35180055401662,10
95,Daniel Gafford,Dallas Mavericks,C,83,176,36,50,544.3,11,19,356.7,0,0,0.0,24,45,69,8,24,7,9,14,-46,160,152,91,77,378.08641975308643,200.94444444444443,7.611111111111111,0.0,1178.6419753086418,1037.9567901234568,456.3271604938272,271.0,10
96,Daniel Theis,LA Clippers,C,59,168,26,48,477.4,3,4,150.0,4,14,275.0,10,41,51,10,18,1,7,6,16,120,110,69,61,89.88775510204081,146.98979591836735,6.459183673469388,2.408163265306122,404.05102040816325,340.2040816326531,127.69387755102042,179.48979591836732,10
97,Danilo Gallinari,Milwaukee Bucks,PF,29,115,6,25,266.6,16,17,388.9,1,13,50.0,6,9,15,12,13,3,5,2,-42,56,44,41,27,132.5,10.704081632653061,14.0,1.5612244897959182,181.0612244897959,152.48979591836735,158.5,27.27551020408163,10
98,Dante Exum,Dallas Mavericks,G,26,73,6,13,230.0,11,13,400.0,3,4,200.0,0,11,11,13,7,1,2,0,22,50,37,39,24,107.6326530612245,10.122448979591837,23.551020408163264,4.0,300.7755102040816,174.81632653061223,205.26530612244898,62.0,5
99,Danuel House Jr.,Philadelphia 76ers,SF,26,96,7,17,166.7,11,11,400.0,1,8,33.3,4,8,12,6,10,3,1,1,-25,44,38,32,18,22.8,11.2,6.800000000000001,0.8000000000000002,26.8,35.2,21.2,11.200000000000001,5
100,Dario Saric,Golden State Warriors,PF,28,112,12,37,298.3,2,3,100.0,2,21,83.3,7,17,24,19,8,0,12,1,-23,71,52,47,43,53.382716049382715,22.401234567901234,13.61111111111111,1.777777777777778,113.49382716049384,79.29012345679011,68.84567901234568,54.75308641975308,10
101,Darius Garland,Cleveland Cavaliers,PG,199,372,68,167,401.2,26,33,622.4,37,88,410.6,5,22,27,73,26,11,31,0,46,299,226,272,100,555.7573696145125,28.356009070294785,48.99546485260771,58.83673469387756,753.3083900226758,768.2448979591838,556.0,62.172335600907005,10
102,David Roddy,Phoenix Suns,F,78,190,30,76,398.8,11,17,401.7,7,29,171.9,5,28,33,14,10,3,13,1,-79,125,111,92,47,358.25,104.24999999999999,19.583333333333332,9.895833333333332,788.25,647.0,472.3333333333333,151.0,9
103,Davion Mitchell,Sacramento Kings,PG,64,145,26,38,632.5,2,4,100.0,10,19,383.3,1,7,8,13,15,1,4,1,-38,85,72,77,21,202.69834710743805,10.202479338842974,10.107438016528926,14.0,274.5206611570248,251.65289256198346,218.5,27.376033057851238,10
104,Davis Bertans,Charlotte Hornets,SF,97,177,33,77,479.7,2,3,66.7,29,68,472.8,3,16,19,8,13,5,1,2,7,124,116,105,27,161.0,51.236111111111114,9.73611111111111,13.444444444444445,350.0,295.06944444444446,187.90277777777777,89.0,10
105,Day'Ron Sharpe,Brooklyn Nets,C,60,127,23,37,588.5,11,18,350.0,3,5,200.0,19,30,49,13,17,4,12,3,-19,122,109,73,62,58.0,30.22222222222222,10.222222222222221,4.0,186.22222222222223,122.88888888888889,108.88888888888889,52.888888888888886,9
106,De'Aaron Fox,Sacramento Kings,PG,285,366,117,233,502.0,33,45,556.7,18,64,274.8,14,35,49,70,27,24,35,2,30,404,334,355,119,856.1,78.5,63.025000000000006,15.600000000000001,1115.025,1264.8,722.7250000000001,125.12499999999997,10
107,De'Andre Hunter,Atlanta Hawks,SF,182,272,59,116,511.59999999999997,41,50,761.1,23,49,465.7,5,31,36,10,27,8,10,3,27,228,218,192,46,202.6228373702422,42.726643598615915,8.55363321799308,10.252595155709344,358.3944636678201,372.74048442906576,184.54671280276818,55.010380622837374,10
108,De'Anthony Melton,Philadelphia 76ers,SG,23,43,7,20,75.0,4,4,200.0,5,14,75.0,0,5,5,5,3,2,1,1,-2,33,28,28,10,128.66666666666666,2.666666666666667,2.666666666666667,8.666666666666666,206.0,164.66666666666669,164.66666666666669,10.666666666666668,3
109,DeAndre Jordan,Denver Nuggets,C,19,38,9,15,350.0,1,1,100.0,0,0,0.0,7,10,17,1,6,0,0,1,-17,37,36,20,18,13.88888888888889,38.0,0.8055555555555557,0.0,87.25,72.55555555555556,19.25,48.1388888888889,5
110,DeMar DeRozan,Chicago Bulls,SF,263,392,84,168,517.8,83,92,922.9,12,31,280.0,5,41,46,56,21,5,10,3,3,365,309,319,102,451.325,81.42500000000001,27.425,11.7,531.725,649.0,333.3,109.60000000000001,10
111,Dean Wade,Cleveland Cavaliers,PF,46,178,15,35,260.2,5,7,216.7,11,31,233.4,4,27,31,7,8,3,1,9,-23,84,77,53,38,468.8,34.925,6.125,30.924999999999994,718.5,714.3249999999998,466.3250000000001,47.699999999999996,10
112,Deandre Ayton,Portland Trail Blazers,C,175,312,84,133,603.4,7,7,300.0,0,0,0.0,25,80,105,22,19,11,11,10,-34,302,280,197,127,572.1735537190083,266.68595041322317,9.71900826446281,0.0,1381.504132231405,1354.9752066115702,603.0,272.10743801652893,10
113,Dejounte Murray,Atlanta Hawks,SG,224,356,90,190,464.4,23,33,723.8,21,69,279.7,10,55,65,79,13,14,28,5,-20,368,289,303,144,577.4532871972318,57.0,63.8719723183391,26.903114186851212,670.0415224913495,727.3944636678201,551.9826989619377,88.98961937716264,10
114,Delon Wright,Miami Heat,SG,40,119,14,28,466.6,7,8,183.3,5,11,350.0,4,9,13,18,3,7,0,3,9,71,53,58,31,105.33333333333331,5.395833333333334,30.25,4.395833333333333,231.8958333333333,128.3958333333333,191.58333333333337,52.89583333333333,9
115,Deni Avdija,Washington Wizards,SF,195,357,71,143,492.9,34,45,668.7,19,44,396.6,18,84,102,33,26,6,28,5,-21,330,297,228,135,951.6851211072665,167.3148788927336,18.68166089965398,27.871972318339104,1684.4221453287196,1580.9307958477507,1023.1557093425604,218.01730103806227,10
116,Dennis Schroder,Brooklyn Nets,PG,151,291,57,121,444.4,13,21,346.4,24,45,483.0,4,20,24,52,20,4,23,3,-54,227,175,203,76,638.5,39.300000000000004,92.10000000000001,26.5,1178.5,733.4000000000001,1060.2,154.8,10
117,Dennis Smith Jr.,Brooklyn Nets,PG,54,190,21,59,353.4,6,11,283.3,6,23,183.2,5,17,22,36,21,13,12,2,-2,112,76,90,58,121.56786703601108,35.72299168975069,40.40443213296399,2.404432132963989,187.9224376731302,109.5069252077562,198.6537396121884,77.45706371191136,10
118,Dereck II Lively,Dallas Mavericks,C,78,213,34,43,715.7,10,22,319.4,0,0,0.0,18,25,43,6,23,9,4,16,28,127,121,84,49,315.9408284023669,68.10059171597634,2.4023668639053257,0.0,676.360946745562,637.2130177514794,346.6863905325444,78.90532544378698,10
119,Derrick Jones Jr.,Dallas Mavericks,SF,39,145,13,28,334.4,6,12,250.0,7,14,175.0,8,17,25,5,5,2,7,3,-9,69,64,44,30,357.42906574394465,55.0,3.546712802768166,22.391003460207614,603.4221453287196,608.6643598615916,353.9515570934256,56.78200692041523,10
120,Derrick Rose,Memphis Grizzlies,PG,49,95,20,37,377.7,5,6,266.7,4,8,233.3,0,15,15,21,3,1,9,0,-9,85,64,70,36,70.0,14.857142857142858,12.0,3.7142857142857144,188.85714285714286,116.85714285714286,128.0,40.857142857142854,7
121,Derrick White,Boston Celtics,PG,133,323,49,93,501.2,12,12,600.0,23,55,340.0,5,37,42,57,14,10,14,14,168,232,175,190,99,669.2991689750693,31.28531855955679,27.199445983379505,40.30193905817175,613.0083102493074,637.3047091412742,611.0803324099724,92.4072022160665,10
122,Devin Booker,Phoenix Suns,SG,250,335,84,182,451.9,65,73,921.0,17,50,304.4,7,25,32,53,30,10,21,3,4,335,282,303,85,767.3469387755102,41.03061224489796,72.13265306122449,26.622448979591834,1227.0,1042.4183673469388,950.4591836734694,114.63265306122449,10
123,Devin Vassell,San Antonio Spurs,SG,223,352,87,178,483.3,22,30,760.0,27,61,442.1,9,42,51,59,10,12,23,9,-17,333,274,282,110,543.7,71.525,41.925000000000004,16.2,723.7,559.625,746.825,74.4,10
124,Devonte' Graham,San Antonio Spurs,PG,0,11,0,2,0.0,0,0,0.0,0,2,0.0,0,3,3,0,0,0,0,0,-2,3,3,0,3,0.0,0.5,0.0,0.0,0.5,0.5,0.0,0.5,2
125,Dillon Brooks,Houston Rockets,SF,80,313,28,87,290.0,11,15,300.0,13,52,240.0,11,32,43,19,23,9,4,1,-34,142,123,99,62,370.1,75.00000000000001,4.925,17.125,563.825,540.5,398.125,75.225,10
126,Domantas Sabonis,Sacramento Kings,PF,207,367,87,157,559.4,30,43,622.6,3,10,250.0,53,101,154,92,30,13,29,8,12,453,361,299,246,460.53719008264466,119.47107438016528,66.03719008264463,2.338842975206611,863.6570247933885,711.7768595041323,614.6487603305785,183.27685950413223,10
127,Dominick Barlow,San Antonio Spurs,F,31,75,11,19,300.0,9,12,283.3,0,0,0.0,11,10,21,6,11,2,1,2,-8,58,52,37,27,27.578125,47.578125,19.8125,0.0,117.25,124.3125,36.953125,50.953125,5
128,Donovan Mitchell,Cleveland Cavaliers,SG,274,361,89,178,488.7,55,62,912.8,41,89,457.3,5,48,53,54,23,16,32,7,75,381,327,328,107,637.1715976331361,34.31360946745562,21.301775147928993,17.0,917.0,805.5325443786982,737.4674556213017,66.78698224852072,10
129,Donte DiVincenzo,New York Knicks,SG,185,372,68,177,386.7,6,9,250.0,43,123,352.2,11,32,43,35,21,17,24,7,-17,263,228,220,78,384.95847750865056,16.1280276816609,31.546712802768166,26.259515570934255,521.0,445.6055363321799,467.0103806228375,41.01730103806228,10
130,Dorian Finney-Smith,Brooklyn Nets,PF,94,272,37,71,487.4,4,4,200.0,16,43,383.3,18,30,48,19,23,8,14,4,21,161,142,113,67,262.0,79.03061224489795,39.56122448979592,14.418367346938776,668.3469387755102,537.3163265306123,356.4183673469388,155.20408163265307,10
131,Doug McDermott,Indiana Pacers,SF,38,119,14,43,275.0,1,4,50.0,9,35,206.6,1,6,7,7,7,1,2,0,-14,52,45,45,14,159.40277777777777,6.125,10.125,11.611111111111112,202.7361111111111,184.94444444444443,182.94444444444446,10.5,10
132,Draymond Green,Golden State Warriors,PF,91,254,34,68,519.8,12,17,375.0,11,21,430.0,11,70,81,56,26,8,22,12,15,228,172,147,137,261.31758034026467,98.67863894139886,81.47069943289226,9.0,413.76559546313797,233.51984877126654,395.88846880907374,225.8241965973535,10
133,Drew Eubanks,Phoenix Suns,PF,47,150,18,32,557.5,11,12,375.0,0,0,0.0,16,27,43,6,10,5,8,10,-33,96,90,53,49,101.72500000000001,81.725,3.025,0.0,307.025,312.5,106.1,74.9,10
134,Duncan Robinson,Miami Heat,F,151,327,53,107,500.9,9,10,466.7,36,78,458.5,1,27,28,41,26,12,13,5,72,220,179,192,69,325.401384083045,20.33217993079585,86.3287197231834,32.19377162629758,341.19723183391,309.2698961937716,314.6574394463668,149.33217993079583,10
135,Duop Reath,Portland Trail Blazers,C,115,218,44,97,417.1,12,21,327.4,15,46,286.6,23,18,41,8,30,6,11,11,-55,164,156,123,49,523.9065743944636,27.664359861591695,7.799307958477508,26.577854671280278,723.9792387543253,626.636678200692,601.6297577854672,55.083044982698965,10
136,Dwight Powell,Dallas Mavericks,C,17,102,6,9,400.0,5,10,225.0,0,0,0.0,9,19,28,7,14,0,8,3,-4,52,45,24,35,24.88194444444444,69.44444444444444,8.4375,0.0,163.75,133.9375,34.861111111111114,97.71527777777777,7
137,Dylan Windler,Los Angeles Lakers,G,3,14,1,4,25.0,0,0,0.0,1,4,25.0,0,1,1,2,1,0,0,0,-7,6,4,5,3,4.591836734693878,0.510204081632653,0.16326530612244897,0.510204081632653,2.6530612244897966,2.163265306122449,5.0,0.7551020408163267,2
138,Dyson Daniels,New Orleans Pelicans,G,33,147,14,26,261.4,1,2,50.0,4,11,150.0,6,15,21,17,10,14,8,7,23,71,54,50,38,103.42857142857143,16.0,19.714285714285715,3.7142857142857144,128.85714285714286,105.42857142857143,110.85714285714286,51.714285714285715,7
139,Eric Gordon,Phoenix Suns,SG,110,274,38,90,401.9,14,17,516.7,20,53,358.9,2,15,17,19,9,10,9,5,25,146,127,129,36,454.8650519031142,12.252595155709344,12.903114186851212,18.13840830449827,560.7543252595156,450.3910034602076,565.8719723183391,24.5121107266436,10
140,Eugene Omoruyi,Washington Wizards,F,51,116,21,54,301.3,8,12,375.0,1,10,33.3,15,20,35,11,20,10,6,0,-91,97,86,62,46,216.62244897959184,72.63265306122449,15.489795918367346,0.9081632653061225,536.4183673469388,417.3163265306123,297.60204081632656,126.24489795918365,10
141,Evan Fournier,Detroit Pistons,SG,82,183,28,66,400.3,11,13,525.0,15,41,306.1,3,19,22,12,17,9,9,2,-33,116,104,94,34,276.2777777777777,21.61111111111111,17.61111111111111,13.125,454.5,361.77777777777777,377.77777777777777,30.444444444444446,10
142,Evan Mobley,Cleveland Cavaliers,PF,147,305,60,107,547.9,24,42,522.6,3,14,175.0,25,76,101,35,27,12,16,20,-29,283,248,182,136,371.84429065743944,105.37370242214533,75.2006920415225,2.6262975778546713,782.1418685121107,674.0,423.83391003460207,236.7266435986159,10
143,Frank Ntilikina,Charlotte Hornets,PG,0,21,0,5,0.0,0,0,0.0,0,4,0.0,1,4,5,3,3,0,0,0,-2,8,5,3,8,0.0,1.8888888888888888,5.0,0.0,11.555555555555557,1.8888888888888888,5.0,11.555555555555557,2
144,Franz Wagner,Orlando Magic,SF,165,323,64,131,501.9,30,37,774.2,7,40,126.19999999999999,4,44,48,34,22,9,26,8,59,247,213,199,82,394.7777777777778,33.12471655328798,41.38775510204081,16.124716553287982,597.9795918367348,484.6326530612246,520.0702947845804,62.56689342403629,10
145,Fred VanVleet,Houston Rockets,PG,165,365,54,134,388.4,21,25,641.7,36,88,393.3,6,29,35,64,24,16,19,5,-25,264,200,229,99,427.1777777777778,25.044444444444444,101.77777777777777,30.0,823.911111111111,587.6,660.9111111111112,129.4,10
146,Furkan Korkmaz,Philadelphia 76ers,SG,36,94,11,25,178.6,7,9,241.7,7,15,208.3,3,10,13,7,6,1,2,2,2,56,49,43,20,274.0,12.833333333333332,6.833333333333333,18.833333333333332,385.3333333333333,306.8333333333333,354.8333333333333,17.333333333333332,6
147,GG Jackson,Memphis Grizzlies,F,135,254,48,117,414.5,21,30,563.3,18,53,335.0,12,24,36,6,13,4,16,6,-30,177,171,141,42,410.5,74.62345679012346,5.234567901234568,27.611111111111114,459.71604938271605,473.1234567901235,399.7345679012346,77.21604938271605,10
148,Garrett Temple,Toronto Raptors,SF,5,12,2,4,50.0,1,2,50.0,0,2,0.0,1,0,1,0,2,1,1,0,-4,6,6,5,1,14.0625,0.25,0.0,0.0,18.0625,18.0625,14.0625,0.25,1
149,Garrison Mathews,Atlanta Hawks,SG,27,143,8,25,375.0,3,3,100.0,8,22,408.4,5,14,19,3,15,2,0,0,-2,49,46,30,22,45.3641975308642,25.73456790123457,2.1604938271604937,5.604938271604938,122.90123456790123,110.44444444444446,48.7716049382716,36.94444444444445,10
150,Gary Harris,Orlando Magic,SG,76,240,27,51,530.9,3,5,150.0,19,34,563.3,3,13,16,16,16,13,4,5,28,108,92,92,32,100.48979591836734,16.693877551020407,22.693877551020407,11.979591836734695,158.0,157.55102040816328,113.55102040816327,26.775510204081634,10
151,Gary Payton II,Golden State Warriors,SG,50,144,23,39,449.2,1,3,50.0,3,6,250.0,15,14,29,10,13,11,6,4,16,89,79,60,39,217.6,19.0,8.044444444444444,2.2,212.24444444444444,215.79999999999998,210.17777777777778,30.91111111111111,10
152,Gary Trent Jr.,Toronto Raptors,SG,144,310,53,123,419.5,13,15,441.7,25,70,324.6,5,30,35,14,13,10,4,4,-4,193,179,158,49,573.3,26.525000000000002,19.625,28.525000000000002,532.2,541.525,548.825,61.30000000000001,10
153,Georges Niang,Cleveland Cavaliers,SF,78,210,28,60,473.5,4,5,175.0,18,39,440.5,1,30,31,14,16,6,9,2,15,123,109,92,45,231.7190082644628,36.90082644628099,24.5,17.86776859504132,448.5,347.0,318.03719008264466,76.58264462809917,10
154,Giannis Antetokounmpo,Milwaukee Bucks,PF,308,344,115,172,666.1,68,99,621.7,10,17,533.3,25,88,113,69,19,6,26,8,33,490,421,377,182,513.7,172.1,104.9,4.225,1204.1,1012.9999999999999,738.2,243.60000000000002,10
155,Goga Bitadze,Orlando Magic,C,18,85,7,14,320.0,4,7,183.3,0,2,0.0,7,12,19,6,10,2,7,8,14,43,37,24,25,36.63111111111111,51.69777777777777,6.964444444444444,0.0,196.12,149.77777777777777,54.191111111111105,87.44444444444446,7
156,Gordon Hayward,Oklahoma City Thunder,SF,30,138,11,34,269.5,6,8,260.0,2,4,150.0,6,21,27,11,6,3,3,0,-22,68,57,41,38,108.98347107438016,22.297520661157023,13.735537190082646,1.7355371900826446,136.801652892562,153.39669421487605,102.85123966942149,25.570247933884296,9
157,Gradey Dick,Toronto Raptors,G,112,233,45,88,502.4,0,0,0.0,22,50,444.9,6,21,27,7,13,5,6,0,-68,146,139,119,34,284.0,14.2,11.325,19.6,365.425,323.0,326.925,25.025,10
158,Grant Williams,Charlotte Hornets,PF,120,300,42,89,478.8,22,31,502.4,14,43,297.8,20,32,52,26,33,6,18,5,-26,198,172,146,78,395.4293628808864,142.2382271468144,19.534626038781163,30.936288088642655,685.1911357340721,599.3905817174515,435.92797783933514,207.07479224376732,10
159,Grayson Allen,Phoenix Suns,SG,147,364,45,102,423.0,23,25,766.7,34,79,427.5,6,28,34,31,25,10,9,8,18,212,181,178,65,763.831024930748,24.587257617728532,40.29639889196676,75.26869806094183,907.584487534626,862.4626038781164,802.775623268698,71.06094182825485,10
160,Gui Santos,Golden State Warriors,F,38,97,13,24,372.5,8,9,350.0,4,8,250.0,9,20,29,8,13,2,5,2,21,75,67,46,37,116.0,75.14049586776859,12.066115702479337,3.7190082644628095,361.7190082644628,330.77685950413223,121.5206611570248,112.62809917355372,7
161,Harrison Barnes,Sacramento Kings,SF,125,274,45,82,530.6,20,26,575.0,15,39,322.1,7,19,26,7,14,5,5,2,-42,158,151,132,33,292.5,28.5,11.0,14.68595041322314,306.0,293.0,308.5,36.5,10
162,Harry III Giles,Brooklyn Nets,F,8,8,3,6,50.0,1,2,50.0,1,1,100.0,2,2,4,2,3,0,0,0,-12,14,12,10,6,41.3265306122449,8.16326530612245,2.4693877551020407,0.5102040816326531,117.87755102040818,86.22448979591834,64.0,19.612244897959187,1
163,Haywood Highsmith,Miami Heat,F,49,179,19,45,400.2,2,2,100.0,9,28,250.0,10,15,25,5,15,9,2,7,9,79,74,54,30,306.27777777777777,18.012345679012345,2.5,20.086419753086425,380.08641975308643,377.58641975308643,311.7777777777778,17.512345679012345,10
164,Herbert Jones,New Orleans Pelicans,SF,130,330,45,77,567.9,19,22,691.7,21,38,480.8,7,32,39,23,34,19,11,4,106,192,169,153,62,288.7474048442907,57.28373702422145,26.224913494809687,27.0,465.5086505190311,418.66782006920414,348.0795847750865,71.01730103806229,10
165,Ibou Badji,Portland Trail Blazers,C,7,32,3,4,150.0,1,2,50.0,0,0,0.0,1,2,3,4,6,0,5,3,-17,14,10,11,7,11.666666666666668,2.333333333333334,1.4166666666666663,0.0,20.75,22.0,11.416666666666668,2.75,3
166,Immanuel Quickley,Toronto Raptors,SG,188,349,67,153,428.2,22,27,608.3,32,83,378.1,2,59,61,76,19,11,21,3,-1,325,249,264,137,366.5,30.604938271604937,216.4753086419753,28.0,867.7160493827159,494.7716049382716,666.641975308642,319.8827160493827,10
167,Isaac Okoro,Cleveland Cavaliers,SF,128,295,48,90,536.6,12,17,566.7,20,47,465.8,4,24,28,27,19,10,7,10,1,183,156,155,55,142.10330578512398,47.603305785123965,21.276859504132233,10.74380165289256,195.77685950413223,180.5,144.78512396694214,81.47520661157026,10
168,Isaiah Hartenstein,New York Knicks,C,69,228,26,49,526.8,17,19,725.0,0,0,0.0,29,40,69,29,24,8,13,13,-28,167,138,98,98,180.0612244897959,112.0612244897959,40.91836734693877,0.0,495.12244897959187,374.2448979591837,273.9591836734694,179.95918367346937,10
169,Isaiah Jackson,Indiana Pacers,SF,85,163,33,52,624.7,19,24,683.3,0,2,0.0,21,29,50,9,23,7,9,8,-12,144,135,94,59,196.98469387755102,182.41326530612247,4.7346938775510194,0.0,695.3061224489796,654.0,207.18877551020407,218.25,9
170,Isaiah Joe,Oklahoma City Thunder,SG,67,172,26,56,422.5,2,2,200.0,13,38,272.0,4,15,19,11,10,5,8,4,73,97,86,78,30,219.9140625,9.1640625,20.9140625,14.2265625,240.1640625,224.0,236.0,30.15625,10
171,Isaiah Stewart,Detroit Pistons,C,69,187,27,51,332.1,6,8,300.0,9,25,173.7,7,32,39,7,8,1,8,5,-1,115,108,76,46,42.09375,66.09375,9.34375,10.34375,145.34375,106.0,81.5,75.375,6
172,Ish Smith,Charlotte Hornets,PG,16,148,7,30,136.0,0,0,0.0,2,2,200.0,0,11,11,34,13,5,5,0,-82,61,27,50,45,50.0,9.984375,71.4375,1.4375,163.734375,64.484375,112.4375,118.234375,7
173,Ivica Zubac,LA Clippers,C,87,239,36,58,605.1,15,19,566.7,0,0,0.0,21,59,80,18,22,3,14,8,-14,185,167,105,98,209.61111111111111,104.44444444444446,10.069444444444446,0.0,513.125,451.61111111111114,236.23611111111111,149.40277777777777,10
174,JT Thor,Charlotte Hornets,F,19,77,8,14,366.7,0,0,0.0,3,6,200.0,1,14,15,4,6,0,3,3,23,38,34,23,19,45.0,12.715976331360947,2.2544378698224854,4.023668639053255,59.40236686390533,58.946745562130175,46.48520710059171,13.940828402366865,9
175,JaVale McGee,Sacramento Kings,C,20,39,10,17,255.0,0,3,0.0,0,1,0.0,5,8,13,0,5,1,0,0,-1,33,33,20,13,42.222222222222214,7.555555555555555,0.0,0.0,71.55555555555556,71.55555555555556,42.222222222222214,7.555555555555555,5
176,Jabari Smith Jr.,Houston Rockets,PF,136,344,45,117,389.7,26,32,637.5,20,62,346.0,21,75,96,18,26,9,9,9,-48,250,232,154,114,384.42499999999995,333.3,17.699999999999996,20.025,1204.625,1027.825,497.425,414.80000000000007,10
177,Jabari Walker,Portland Trail Blazers,F,83,221,35,74,464.6,12,13,475.0,1,10,100.0,24,40,64,10,27,5,8,1,-50,157,147,93,74,298.2249134948097,84.0,8.034602076124568,1.0830449826989619,678.363321799308,585.166089965398,376.1280276816609,107.3287197231834,10
178,Jacob Gilyard,Memphis Grizzlies,G,67,192,23,49,431.8,1,1,100.0,20,42,431.8,1,13,14,39,10,9,12,2,-59,120,81,106,53,224.22222222222223,10.222222222222221,26.0,19.555555555555557,358.0,274.0,295.55555555555554,48.88888888888889,9
179,Jacob Toppin,New York Knicks,F,13,29,5,9,107.1,2,2,100.0,1,4,33.3,3,3,6,1,3,0,1,0,-18,20,19,14,7,83.61224489795917,10.0,0.5918367346938775,0.7551020408163267,144.04081632653063,148.7551020408163,79.18367346938777,10.306122448979593,2
180,Jaden Hardy,Dallas Mavericks,G,89,135,35,71,517.3,7,8,350.0,12,30,370.0,1,12,13,10,7,3,9,1,-11,112,102,99,23,246.5111111111111,8.11111111111111,11.600000000000001,9.644444444444444,269.2,266.0,256.1111111111111,13.311111111111112,10
181,Jaden Ivey,Detroit Pistons,PG,146,292,45,124,346.7,43,48,813.3,13,54,219.39999999999998,6,11,17,33,30,8,19,5,-19,196,163,179,50,900.343490304709,24.373961218836566,44.4016620498615,44.45706371191136,1279.418282548476,1184.091412742382,987.7202216066482,76.72576177285318,10
182,Jaden McDaniels,Minnesota Timberwolves,PF,105,315,39,77,476.5,15,21,441.7,12,33,321.4,6,35,41,20,34,7,12,7,-1,166,146,125,61,473.4752066115703,49.69421487603306,24.330578512396695,21.640495867768593,724.5661157024795,701.2438016528924,477.8223140495868,93.0,10
183,Jaden Springer,Boston Celtics,G,50,130,18,42,290.4,11,12,475.0,3,13,183.3,8,16,24,13,13,12,7,1,-20,87,74,63,37,109.70247933884298,25.65289256198347,14.049586776859504,1.884297520661157,308.61157024793386,228.51239669421489,162.87603305785123,66.62809917355372,7
184,Jae Crowder,Milwaukee Bucks,PF,36,228,15,41,418.3,2,2,100.0,4,21,150.0,9,35,44,10,17,10,6,1,52,90,80,46,54,87.23356009070295,58.403628117913826,10.743764172335599,5.111111111111112,189.38775510204079,144.17233560090702,113.13832199546485,88.45804988662131,10
185,Jae'Sean Tate,Houston Rockets,SF,28,117,12,28,420.3,2,4,50.0,2,4,200.0,10,19,29,10,16,10,8,0,-2,67,57,38,39,31.71597633136095,37.556213017751475,10.236686390532544,1.6094674556213018,138.1360946745562,121.98224852071007,48.28402366863905,47.37869822485207,10
186,Jahmi'us Ramsey,Toronto Raptors,SG,2,5,1,3,33.3,0,0,0.0,0,1,0.0,1,1,2,1,0,0,0,0,-7,5,4,3,3,0.0,0.0,0.0,0.0,0.0,0.0,0.0,0.0,1
187,Jaime Jr. Jaquez,Miami Heat,G,129,296,51,96,488.4,19,25,683.4,8,24,291.6,13,34,47,27,19,13,11,0,23,203,176,156,74,496.525,32.724999999999994,18.125,7.7,504.1249999999999,534.9,473.3,43.3,10
188,Jake LaRavia,Memphis Grizzlies,F,92,191,27,75,241.3,29,36,655.0,9,34,179.8,17,27,44,14,16,9,11,6,-25,150,136,106,58,314.0,112.0,9.52,9.12,560.3199999999999,562.0,324.72,109.12,8
189,Jakob Poeltl,Toronto Raptors,C,122,251,55,101,543.9,12,20,491.7,0,0,0.0,39,53,92,31,28,10,11,19,35,245,214,153,123,161.8469387755102,127.67346938775509,30.387755102040813,0.0,516.704081632653,398.98979591836735,256.6224489795918,181.0,10
190,Jalen Brunson,New York Knicks,PG,305,370,111,236,469.2,58,65,802.4,25,67,343.4,5,26,31,75,19,11,35,1,2,411,336,380,106,317.4,22.91111111111111,115.71111111111111,27.044444444444444,478.91111111111115,344.44444444444446,468.04444444444425,122.44444444444443,10
191,Jalen Duren,Detroit Pistons,C,122,289,47,82,595.5,28,33,702.4,0,0,0.0,30,75,105,30,36,9,21,9,-40,257,227,152,135,103.21883656509694,137.404432132964,22.02770083102493,0.0,404.0581717451523,349.67036011080336,125.62880886426598,191.40997229916897,10
192,Jalen Green,Houston Rockets,SG,188,310,71,171,398.8,18,20,600.0,28,83,307.2,5,40,45,32,15,10,21,4,8,265,233,220,77,959.6,45.724999999999994,13.199999999999998,46.824999999999996,1220.5249999999999,1150.3249999999998,1017.6,71.125,10
193,Jalen HoodSchifino,Los Angeles Lakers,G,5,11,1,6,33.3,2,4,100.0,1,3,50.0,0,2,2,0,1,0,1,0,-13,7,7,5,2,9.0,0.9799999999999999,0.020000000000000004,0.8200000000000001,13.32,14.180000000000001,8.42,0.72,2
194,Jalen Johnson,Atlanta Hawks,SF,162,349,69,130,533.5,15,22,550.0,9,33,281.7,17,71,88,34,22,6,15,12,20,284,250,196,122,389.0679012345679,88.44444444444444,68.69753086419753,7.34567901234568,876.0,606.030864197531,614.4444444444445,201.73456790123458,10
195,Jalen McDaniels,Toronto Raptors,PF,13,46,5,15,103.3,0,0,0.0,3,8,116.7,2,6,8,3,5,1,9,0,-7,24,21,16,11,42.51020408163265,6.040816326530612,3.1632653061224487,3.1632653061224487,93.59183673469389,70.51020408163266,61.75510204081633,13.04081632653061,4
196,Jalen Smith,Indiana Pacers,PF,91,158,37,64,586.4,9,15,390.0,8,23,433.3,18,30,48,12,13,1,7,6,16,151,139,103,60,165.0,26.0,17.200000000000003,4.0,163.40000000000006,135.0,211.0,25.599999999999994,10
197,Jalen Suggs,Orlando Magic,SG,123,258,46,84,562.3,8,11,325.0,23,52,425.4,6,25,31,33,29,13,22,5,63,187,154,156,64,191.79012345679013,45.73456790123456,20.160493827160494,24.179012345679013,386.5,310.5493827160494,250.79012345679013,82.84567901234567,10
198,Jalen Williams,Oklahoma City Thunder,F,209,316,81,152,530.8,29,34,725.7,18,40,449.9,4,34,38,39,29,13,16,8,24,286,247,248,77,622.4532871972318,17.667820069204154,16.453287197231834,10.269896193771626,669.9792387543253,702.3702422145328,587.8131487889274,36.370242214532865,10
199,Jalen Wilson,Brooklyn Nets,F,49,187,18,45,472.4,4,4,200.0,9,24,391.7,13,22,35,13,14,1,3,0,-2,97,84,62,48,46.0390625,48.125,6.2265625,8.9765625,200.5,148.2265625,75.625,77.0390625,10
200,Jamal Cain,Miami Heat,F,4,16,0,3,0.0,4,4,200.0,0,1,0.0,1,2,3,1,1,1,1,0,-4,8,7,5,4,0.0,0.5,0.5,0.0,0.0,0.5,0.5,0.0,2
201,Jamal Murray,Denver Nuggets,PG,198,311,80,160,471.9,16,18,516.7,22,49,417.2,4,37,41,62,12,11,32,3,36,301,239,260,103,908.2890625,50.5,131.9765625,25.7890625,1986.125,1251.2890625,1503.625,321.9765625,10
202,James Bouknight,Charlotte Hornets,SG,5,6,2,4,50.0,0,0,0.0,1,3,33.3,0,0,0,0,0,1,1,0,10,5,5,5,0,14.0625,0.0,0.0,0.5625,14.0625,14.0625,14.0625,0.0,1
203,James Harden,LA Clippers,SG,194,350,54,123,417.4,59,66,904.6,27,76,335.8,7,43,50,73,12,5,24,10,-24,317,244,267,123,594.1551246537397,42.00554016620498,42.4016620498615,32.18005540166205,552.1024930747923,552.759002770083,600.3905817174515,77.51523545706371,10
204,James Johnson,Indiana Pacers,PF,2,7,0,1,0.0,2,2,100.0,0,0,0.0,0,0,0,1,3,0,0,1,1,3,2,3,1,0.0,0.0,0.0,0.0,0.0,0.0,0.0,0.0,1
205,James Wiseman,Detroit Pistons,C,66,157,28,45,588.4,10,16,381.7,0,0,0.0,18,32,50,8,29,4,9,4,-67,124,116,74,58,195.625,48.7890625,7.90625,0.0,395.7890625,334.9765625,235.15625,77.9765625,10
206,Jarace Walker,Indiana Pacers,F,11,55,4,15,72.2,0,0,0.0,3,8,100.0,1,14,15,8,5,4,4,4,5,34,26,19,23,31.444444444444443,26.530864197530864,25.160493827160497,2.9012345679012346,223.75308641975312,112.71604938271605,97.5679012345679,96.60493827160492,4
207,Jared Butler,Washington Wizards,SG,16,48,7,14,241.7,2,2,100.0,0,4,0.0,2,2,4,12,5,1,5,0,-15,32,20,28,16,26.56,2.16,23.439999999999998,0.0,120.24000000000001,42.0,93.84,36.56,4
208,Jared Rhoden,Detroit Pistons,G,2,13,1,2,50.0,0,0,0.0,0,0,0.0,0,1,1,1,0,0,1,2,2,4,3,3,2,0.0,0.0,0.0,0.0,0.0,0.0,0.0,0.0,1
209,Jaren Jackson Jr.,Memphis Grizzlies,PF,252,333,88,201,431.3,52,71,622.6,24,70,330.0,13,46,59,26,35,16,31,16,-56,337,311,278,85,308.0,133.44444444444446,16.57777777777778,21.244444444444444,576.3777777777777,606.9111111111112,331.64444444444445,95.84444444444443,10
210,Jarred Vanderbilt,Los Angeles Lakers,PF,39,90,14,21,300.0,9,12,275.0,2,3,66.7,6,14,20,10,3,10,7,0,32,69,59,49,30,68.75,46.0,13.0,3.0,324.75,212.75,138.75,101.0,4
211,Jarrett Allen,Cleveland Cavaliers,C,193,363,73,131,546.2,47,67,647.2,0,0,0.0,29,86,115,26,13,7,12,11,2,334,308,219,141,402.004132231405,205.9917355371901,36.95867768595041,0.0,818.4669421487604,811.8388429752066,423.42561983471074,228.15702479338842,10
212,Javon Freeman-Liberty,Toronto Raptors,G,18,36,5,11,82.1,6,7,180.0,2,5,83.3,0,6,6,3,1,0,0,1,-3,27,24,21,9,55.120000000000005,0.7200000000000002,0.52,0.07999999999999996,58.12,64.0,49.0,1.4800000000000004,2
213,Jaxson Hayes,Los Angeles Lakers,C,44,134,19,28,588.4,6,12,141.7,0,2,0.0,13,21,34,4,16,5,4,4,-7,82,78,48,38,85.625,62.025000000000006,4.8,0.0,219.70000000000005,193.7,97.825,80.625,10
214,Jaylen Brown,Boston Celtics,SG,255,343,101,188,546.0,30,48,621.7,23,60,359.0,16,47,63,34,29,9,23,1,121,352,318,289,97,484.34256055363323,137.21453287197232,16.726643598615915,22.36332179930796,879.4878892733564,891.7993079584776,468.5709342560554,157.401384083045,10
215,Jaylin Williams,Oklahoma City Thunder,F,52,159,16,40,453.4,9,11,333.3,11,25,491.6,10,33,43,15,14,3,3,5,59,110,95,67,58,20.44444444444444,66.64444444444445,12.600000000000001,3.444444444444444,101.51111111111112,110.3777777777778,24.111111111111114,66.71111111111111,10
216,Jayson Tatum,Boston Celtics,SF,260,358,88,180,489.8,51,58,870.9,33,77,427.9,6,77,83,60,22,10,23,6,156,403,343,320,143,482.6814404432133,120.71191135734071,54.24930747922438,24.18005540166205,804.0858725761773,924.7783933518006,400.77008310249306,136.18005540166206,10
217,Jeenathan Williams,Houston Rockets,G,8,17,4,7,66.7,0,2,0.0,0,0,0.0,2,1,3,0,4,0,0,0,17,11,11,8,3,46.22222222222223,0.5555555555555556,0.5,0.0,51.38888888888889,56.555555555555564,41.388888888888886,0.7222222222222221,2
218,Jeff Dowtin,Philadelphia 76ers,G,16,49,6,10,123.80000000000001,0,0,0.0,4,7,116.7,0,3,3,8,0,3,3,1,14,27,19,24,11,54.080000000000005,6.12,17.0,2.8800000000000003,175.68,89.48,119.88,43.52,3
219,Jeff Green,Houston Rockets,PF,51,147,16,42,294.5,10,15,310.0,9,22,323.8,5,15,20,11,10,1,7,4,-47,82,71,62,31,312.90625,32.3515625,13.125,15.3515625,588.9140625,519.3515625,377.90625,50.0390625,10
220,Jerami Grant,Portland Trail Blazers,SF,204,351,65,157,399.2,53,63,701.3,21,51,427.0,8,23,31,39,23,12,30,2,-68,274,235,243,70,1313.1938775510205,63.97959183673469,35.244897959183675,5.887755102040816,2142.9081632653065,1859.84693877551,1539.2755102040817,156.20408163265307,10
221,Jeremiah Robinson-Earl,New Orleans Pelicans,F,16,49,5,11,166.7,4,7,80.0,2,5,100.0,5,6,11,1,2,2,2,1,5,28,27,17,12,41.111111111111114,24.456790123456795,0.7530864197530864,1.0123456790123457,108.12345679012346,98.30864197530865,44.16049382716049,31.975308641975307,4
222,Jeremy Sochan,San Antonio Spurs,F,115,306,47,106,386.6,14,17,550.0,7,28,233.4,20,49,69,21,24,10,15,6,-28,205,184,136,90,420.9,117.52499999999999,24.900000000000002,8.725,919.525,867.4250000000001,424.8,190.625,10
223,Jericho Sims,New York Knicks,C,41,247,16,21,626.7,9,13,280.0,0,0,0.0,30,36,66,14,14,3,5,6,10,121,107,55,80,102.77777777777779,48.0,10.8,0.0,260.11111111111114,196.7777777777778,154.5111111111111,70.4,10
224,Jerome Robinson,Golden State Warriors,SG,10,17,4,10,40.0,1,2,50.0,1,6,16.7,0,0,0,1,1,0,0,1,-2,11,10,11,1,67.60493827160492,0.0,0.19753086419753085,0.6049382716049383,75.1111111111111,67.60493827160492,75.1111111111111,0.19753086419753085,1
225,Jett Howard,Orlando Magic,G,0,5,0,1,0.0,0,0,0.0,0,1,0.0,0,0,0,0,1,0,0,0,-5,0,0,0,0,2.25,0.0,0.0,0.25,2.25,2.25,2.25,0.0,1
226,Jevon Carter,Chicago Bulls,PG,49,155,20,48,369.6,0,0,0.0,9,28,208.3,2,9,11,14,10,7,3,1,32,74,60,63,25,163.13296398891967,7.864265927977838,6.986149584487534,10.922437673130194,226.0,186.24930747922437,198.18005540166206,19.55401662049861,10
227,Jimmy Butler,Miami Heat,SF,224,352,73,141,525.3,65,82,785.5,13,30,481.6,15,51,66,68,10,21,21,5,71,358,290,292,134,337.5390625,72.625,63.3515625,6.125,428.0,292.3515625,418.625,190.5390625,10
228,Jock Landale,Houston Rockets,C,27,83,9,23,325.0,8,9,280.0,1,3,100.0,15,17,32,9,10,2,2,4,12,68,59,36,41,43.0,84.0,13.0,0.888888888888889,140.0,131.0,46.0,103.0,8
229,Joe Harris,Detroit Pistons,SF,2,12,1,3,33.3,0,0,0.0,0,1,0.0,0,0,0,0,1,0,0,0,-5,2,2,2,0,0.0,0.0,0.0,0.0,0.0,0.0,0.0,0.0,1
230,Joe Ingles,Orlando Magic,SG,29,169,10,23,291.7,2,3,150.0,7,16,266.7,2,10,12,27,9,8,8,1,30,68,41,56,39,135.28117913832202,6.122448979591837,48.69614512471655,10.346938775510203,195.6734693877551,134.69614512471657,181.3877551020408,69.68934240362813,10
231,Joel Embiid,Philadelphia 76ers,C,14,30,5,18,27.8,2,2,100.0,2,6,33.3,1,6,7,2,5,2,8,0,-21,23,21,16,9,0.0,0.0,0.0,0.0,0.0,0.0,0.0,0.0,1
232,John Collins,Utah Jazz,PF,153,303,61,113,526.7,20,25,708.3,11,35,305.5,28,82,110,19,30,6,20,16,-21,282,263,172,129,344.5,126.77160493827161,18.5,8.919753086419753,330.32716049382714,440.60493827160496,274.0,105.49382716049384,10
233,John Konchar,Memphis Grizzlies,SG,54,253,20,42,485.0,6,6,200.0,8,24,391.6,15,33,48,24,17,12,11,11,-9,126,102,78,72,54.44444444444444,54.044444444444444,16.444444444444446,3.6,230.8,172.9777777777778,97.77777777777779,84.97777777777779,10
234,Johnny Davis,Washington Wizards,G,22,153,8,38,238.7,2,4,100.0,4,14,183.3,5,17,22,7,14,3,3,1,-55,51,44,29,29,50.12244897959183,32.336734693877546,4.13265306122449,4.408163265306122,99.0,78.41836734693878,67.19387755102042,39.9795918367347,10
235,Johnny Juzang,Utah Jazz,G,12,40,5,13,70.0,0,0,0.0,2,8,40.0,2,5,7,2,1,0,1,0,21,21,19,14,9,52.480000000000004,5.0,0.32000000000000006,2.7200000000000006,92.52,84.67999999999999,57.919999999999995,7.72,2
236,Jonas Valanciunas,New Orleans Pelicans,C,100,208,42,81,451.7,11,14,341.7,5,12,300.0,25,68,93,16,20,2,13,8,60,209,193,116,109,306.1939058171745,152.1135734072022,18.44875346260388,6.839335180055401,820.6398891966759,761.2603878116345,381.5069252077562,154.62880886426592,10
237,Jonathan Isaac,Orlando Magic,PF,73,170,30,52,609.8,7,11,316.7,6,13,350.0,18,36,54,7,7,7,8,12,-5,134,127,80,61,124.03806228373702,87.72318339100346,4.626297577854671,4.567474048442906,297.2525951557093,326.2456747404844,110.0,77.39446366782008,10
238,Jonathan Kuminga,Golden State Warriors,PF,165,264,64,122,516.7,34,43,684.2,3,16,83.3,16,41,57,32,18,8,14,9,34,254,222,197,89,470.9659735349717,51.59735349716446,18.0,4.417769376181474,585.1001890359169,675.882797731569,384.53119092627605,65.24952741020793,10
239,Jontay Porter,Toronto Raptors,C,26,65,9,20,190.0,3,4,75.0,5,11,158.3,5,13,18,9,8,4,6,1,-22,53,44,35,27,111.63265306122447,23.102040816326536,5.775510204081632,6.918367346938775,268.38775510204084,229.9183673469388,137.0,41.97959183673469,6
240,Jordan Clarkson,Utah Jazz,PG,166,330,55,144,359.9,34,37,857.9,22,66,288.7,9,27,36,60,18,6,19,1,-42,262,202,226,96,813.0242214532873,100.42906574394462,74.85813148788928,26.657439446366784,1308.6089965397923,1245.4463667820069,881.5709342560555,169.90311418685118,10
241,Jordan Goodwin,Memphis Grizzlies,G,49,181,20,58,260.0,4,10,175.0,5,18,169.89999999999998,10,16,26,29,10,12,10,8,-51,104,75,78,55,76.71900826446281,70.53719008264461,56.0,1.6280991735537191,321.9669421487604,204.51239669421486,109.44628099173552,211.2644628099174,7
242,Jordan Hawkins,New Orleans Pelicans,G,49,139,18,60,333.2,3,3,100.0,10,41,210.0,3,13,16,5,8,1,2,2,-9,70,65,54,21,148.24444444444444,21.244444444444444,6.511111111111112,10.0,208.40000000000003,164.77777777777777,189.51111111111112,30.11111111111111,10
243,Jordan McLaughlin,Minnesota Timberwolves,PG,38,111,13,25,400.0,3,4,150.0,9,17,375.0,3,10,13,23,10,8,5,1,3,74,51,61,36,126.3111111111111,16.644444444444446,23.444444444444443,11.444444444444446,165.91111111111113,134.5111111111111,137.8,60.0,10
244,Jordan Miller,LA Clippers,G,4,5,1,1,100.0,2,2,100.0,0,0,0.0,0,1,1,0,0,0,0,0,3,5,5,4,1,0.0,0.0,0.0,0.0,0.0,0.0,0.0,0.0,1
245,Jordan Nwora,Toronto Raptors,SF,79,161,27,68,307.3,15,17,362.5,10,29,222.9,8,27,35,16,14,6,6,3,-63,130,114,95,51,631.8515625,70.125,44.1015625,19.40625,1254.625,985.6640625,826.5,188.5390625,10
246,Jordan Poole,Washington Wizards,SG,224,309,80,184,429.3,28,32,702.8,36,96,359.5,5,29,34,45,37,13,31,5,-50,303,258,269,79,798.2991689750692,20.559556786703602,38.50138504155125,38.78670360110804,814.163434903047,771.0803324099725,798.2520775623269,102.191135734072,10
247,Jordan Walsh,Boston Celtics,G,2,27,1,4,100.0,0,0,0.0,0,2,0.0,2,4,6,1,5,2,2,1,24,9,8,3,7,2.0,8.0,0.5,0.0,0.5,2.0,4.5,4.5,2
248,Jose Alvarado,New Orleans Pelicans,PG,70,199,27,68,413.9,6,7,350.0,10,36,266.6,4,19,23,26,14,14,10,4,63,119,93,96,49,62.17777777777778,6.377777777777778,46.577777777777776,4.044444444444444,131.17777777777778,74.11111111111111,120.4,51.8,10
249,Josh Giddey,Oklahoma City Thunder,SG,105,236,45,84,508.40000000000003,7,9,300.0,8,25,299.9,11,45,56,40,15,8,22,7,30,201,161,145,96,245.39999999999998,62.8,28.4,4.2250000000000005,487.0,339.0,338.6,146.0,10
250,Josh Green,Dallas Mavericks,SG,73,257,30,60,489.1,2,3,66.7,11,28,363.3,12,23,35,17,19,13,10,3,-42,125,108,90,52,174.72500000000002,34.525,18.125,9.525,269.125,240.0,216.39999999999998,40.1,10
251,Josh Hart,New York Knicks,SG,153,417,58,127,463.1,14,24,382.1,23,55,411.2,20,84,104,54,21,13,19,6,-27,311,257,207,158,250.53086419753086,218.44444444444446,45.43827160493827,12.827160493827162,747.0679012345679,530.9012345679012,320.32716049382714,410.25308641975306,10
252,Josh Minott,Minnesota Timberwolves,F,0,5,0,0,0.0,0,0,0.0,0,0,0.0,0,4,4,0,0,0,0,0,6,4,4,0,4,1.3611111111111114,6.25,0.0,0.027777777777777776,1.7777777777777781,1.7777777777777781,1.3611111111111114,6.25,1
253,Josh Okogie,Phoenix Suns,SF,46,141,15,32,423.8,10,11,350.0,6,14,300.0,16,6,22,10,4,8,10,2,6,78,68,56,32,116.57777777777777,12.71111111111111,8.71111111111111,6.444444444444445,170.0,161.77777777777777,120.57777777777778,25.644444444444446,10
254,Josh Richardson,Miami Heat,SG,81,169,30,60,331.7,6,6,200.0,15,37,276.7,3,22,25,14,13,4,2,1,5,120,106,95,39,281.71428571428567,17.714285714285715,10.0,22.857142857142858,446.85714285714283,398.8571428571429,333.71428571428567,23.714285714285715,7
255,Joshua Primo,LA Clippers,G,0,5,0,1,0.0,0,0,0.0,0,0,0.0,1,0,1,0,0,0,1,0,1,1,1,0,1,0.0,0.0,0.0,0.0,0.0,0.0,0.0,0.0,1
256,Jrue Holiday,Boston Celtics,PG,108,317,43,76,556.0,1,2,50.0,21,40,583.2,9,30,39,57,19,12,15,7,126,204,147,165,96,124.10493827160492,29.611111111111114,69.61111111111111,13.141975308641975,235.43827160493828,150.23456790123458,226.53086419753086,82.0,10
257,Jules Bernard,Washington Wizards,G,9,19,3,4,250.0,1,2,50.0,2,2,200.0,2,3,5,4,1,1,1,1,15,18,14,13,9,3.6875,3.1875,5.0,0.75,8.75,4.75,8.1875,7.6875,3
258,Julian Champagnie,San Antonio Spurs,F,45,174,15,46,298.6,9,11,250.0,6,29,186.6,9,20,29,16,8,5,3,3,12,90,74,61,45,84.56232686980609,25.0,24.454293628808866,4.409972299168976,230.11080332409972,138.7202216066482,138.90027700831024,86.50692520775624,10
259,Julian Phillips,Chicago Bulls,F,33,118,12,28,288.3,4,5,166.7,5,12,250.0,5,12,17,5,15,3,4,2,5,55,50,38,22,111.0,25.067901234567902,6.777777777777779,4.993827160493827,228.99382716049385,199.51234567901236,128.44444444444443,43.88271604938271,10
260,Julian Strawther,Denver Nuggets,G,9,27,3,11,37.5,2,2,100.0,1,8,20.0,0,3,3,4,1,1,2,0,-15,16,12,13,7,26.722222222222225,6.5,2.7222222222222214,0.7222222222222223,78.72222222222223,58.888888888888886,41.8888888888889,13.888888888888891,2
261,Justin Champagnie,Washington Wizards,SF,4,13,2,7,50.0,0,0,0.0,0,4,0.0,0,1,1,1,0,1,1,1,-1,6,5,5,2,13.555555555555554,0.5555555555555556,0.5555555555555556,0.2222222222222222,5.555555555555554,9.0,9.0,2.2222222222222223,2
262,Justin Holiday,Denver Nuggets,SF,56,199,20,46,469.7,3,4,150.0,13,34,270.0,2,14,16,13,15,7,3,2,-31,85,72,69,29,172.44444444444446,16.57777777777778,8.644444444444444,15.444444444444443,361.1777777777778,265.64444444444445,253.4,39.8,10
263,Justin Minaya,Portland Trail Blazers,F,3,37,1,6,33.3,0,0,0.0,1,5,33.3,3,3,6,2,2,1,1,0,-24,11,9,5,8,7.5600000000000005,2.96,1.16,0.8400000000000001,12.040000000000003,10.04,6.4399999999999995,7.24,4
264,Jusuf Nurkic,Phoenix Suns,C,99,262,37,73,563.3,25,43,465.0,0,4,0.0,36,99,135,45,36,9,34,16,55,279,234,144,180,207.0679012345679,556.111111111111,30.5,0.0,1297.9382716049383,1179.4382716049383,252.56790123456793,659.6111111111112,10
265,Karl-Anthony Towns,Minnesota Timberwolves,C,193,306,66,146,451.8,41,47,734.2,20,56,341.5,20,55,75,29,33,8,24,8,98,297,268,222,104,242.5,98.8515625,46.9140625,18.9765625,525.125,391.8515625,338.9140625,182.625,10
266,Kawhi Leonard,LA Clippers,SF,235,350,90,185,497.3,40,44,889.9,15,51,259.5,14,44,58,38,15,21,22,5,-26,331,293,273,96,262.5,40.94444444444445,37.67901234567901,13.586419753086417,475.1975308641976,386.1111111111112,329.7345679012346,100.4753086419753,10
267,Keegan Murray,Sacramento Kings,SF,126,354,48,104,425.7,12,12,500.0,18,48,324.79999999999995,12,36,48,12,33,9,10,10,6,186,174,138,60,580.0,22.3801652892562,17.50413223140496,29.86776859504132,612.99173553719,643.6528925619834,547.1404958677685,42.082644628099175,10
268,Keita Bates-Diop,Brooklyn Nets,SF,38,100,14,26,648.3,5,6,250.0,5,12,350.0,3,10,13,4,2,1,6,5,-18,55,51,42,17,40.15625,16.125,4.4140625,4.8515625,69.2890625,66.40625,35.4765625,28.1015625,10
269,Keldon Johnson,San Antonio Spurs,SF,153,292,55,123,442.6,19,23,588.3,24,64,359.2,10,27,37,29,18,6,13,3,-41,219,190,182,66,296.5,20.45679012345679,29.512345679012345,20.944444444444443,489.4938271604938,405.7345679012346,376.79012345679007,53.43827160493827,10
270,Kelly Olynyk,Toronto Raptors,PF,98,219,32,71,383.3,28,34,657.1,6,26,208.29999999999998,12,30,42,32,33,15,12,6,-63,172,140,130,74,279.7950138504155,67.46260387811634,47.94459833795014,2.409972299168975,617.601108033241,474.24376731301936,387.7728531855956,150.78670360110803,10
271,Kelly Oubre Jr.,Philadelphia 76ers,SG,168,316,62,145,413.5,33,43,717.8,11,45,236.2,15,32,47,18,36,12,19,3,-56,233,215,186,65,662.8249999999999,49.7,16.825,7.0,945.6999999999999,829.125,762.8,83.125,10
272,Kendall Brown,Indiana Pacers,SG,0,7,0,0,0.0,0,0,0.0,0,0,0.0,0,0,0,0,0,0,0,0,4,0,0,0,0,0.25,0.0,0.0625,0.0,0.5625,0.25,0.5625,0.0625,1
273,Kenneth Lofton Jr.,Philadelphia 76ers,F,2,5,1,4,25.0,0,0,0.0,0,2,0.0,0,1,1,0,0,0,0,0,-4,3,3,2,1,0.0,0.0,0.0,0.0,0.0,0.0,0.0,0.0,1
274,Kenrich Williams,Oklahoma City Thunder,SF,29,105,11,27,301.3,0,0,0.0,7,18,200.0,4,20,24,10,7,0,4,0,36,63,53,39,34,152.9012345679012,22.401234567901234,10.277777777777777,16.111111111111114,160.45679012345678,174.1049382716049,149.21604938271605,22.71604938271605,10
275,Kentavious Caldwell-Pope,Denver Nuggets,SG,106,293,33,74,408.2,22,23,680.0,18,39,415.0,4,22,26,22,17,12,7,4,102,154,132,128,48,326.7448979591837,12.744897959183673,15.76530612244898,19.846938775510203,386.98979591836735,326.9795918367347,381.63265306122446,33.63265306122449,10
276,Kenyon Martin Jr.,Philadelphia 76ers,F,68,211,30,48,628.8,4,6,250.0,4,8,216.7,14,34,48,12,29,4,9,4,-26,128,116,80,60,158.5,54.5,13.61111111111111,4.444444444444445,394.94444444444446,318.0,221.77777777777777,81.77777777777777,10
277,Keon Ellis,Sacramento Kings,G,23,88,9,18,216.7,0,0,0.0,5,12,143.3,7,7,14,11,13,7,3,2,25,48,37,34,25,104.86111111111111,4.048611111111111,40.71527777777778,8.0,123.0,129.88194444444443,103.21527777777777,39.52777777777777,7
278,Keon Johnson,Brooklyn Nets,G,12,26,3,8,73.3,4,4,100.0,2,4,133.3,2,1,3,2,2,2,2,0,-9,17,15,14,5,18.88888888888889,0.5555555555555556,2.2222222222222223,0.22222222222222227,27.222222222222225,13.888888888888888,34.0,1.0,2
279,Kessler Edwards,Sacramento Kings,SF,12,40,4,10,106.7,1,2,50.0,3,7,91.7,0,7,7,1,5,2,0,1,10,20,19,13,8,38.96,12.360000000000003,0.8400000000000001,3.5599999999999996,41.64000000000001,39.0,35.96000000000001,18.84,4
280,Kevin Durant,Phoenix Suns,PF,270,379,96,200,492.0,61,76,800.9,17,55,323.4,8,62,70,43,18,6,38,13,44,383,340,313,113,242.39999999999998,69.225,56.725,4.7250000000000005,418.2,364.22499999999997,252.125,170.2,10
281,Kevin Huerter,Sacramento Kings,SG,94,246,37,86,413.9,2,4,100.0,18,49,330.0,7,26,33,25,18,5,11,4,-14,152,127,119,58,370.7644628099174,27.628099173553718,12.685950413223141,21.607438016528928,565.6404958677685,494.5,431.9710743801653,50.24793388429752,10
282,Kevin Knox II,Detroit Pistons,SF,18,65,8,19,115.6,1,1,100.0,1,7,33.3,3,7,10,4,8,2,6,0,25,32,28,22,14,99.0,11.0,2.0,0.75,146.0,176.0,77.0,5.0,4
283,Kevin Love,Miami Heat,PF,88,158,30,62,483.6,10,14,208.3,18,45,387.4,10,55,65,19,20,3,10,3,31,172,153,107,84,341.77777777777777,48.94444444444445,12.944444444444446,15.777777777777775,500.0,468.94444444444446,378.94444444444446,55.77777777777777,10
284,Kevon Looney,Golden State Warriors,F,21,97,8,18,483.3,5,8,175.0,0,0,0.0,7,22,29,13,12,1,5,4,38,63,50,34,42,26.5,19.4,6.125,0.0,19.325000000000006,32.10000000000001,15.625,23.625000000000004,10
285,Keyontae Johnson,Oklahoma City Thunder,F,5,29,2,6,66.7,0,0,0.0,1,2,100.0,1,4,5,0,3,0,1,0,-7,10,10,5,5,16.6875,4.75,0.0,0.6875,24.6875,24.6875,16.6875,4.75,3
286,Keyonte George,Utah Jazz,G,149,308,54,131,362.3,13,16,291.7,28,71,320.3,0,23,23,54,13,8,25,1,-45,226,172,203,77,1007.1640625,24.125,52.2265625,73.7265625,1348.65625,1147.3515625,1198.65625,86.1640625,10
287,Khris Middleton,Milwaukee Bucks,SF,54,110,22,41,229.2,3,4,150.0,7,16,218.3,1,15,16,20,14,2,8,2,32,90,70,74,36,113.0,22.0,38.0,2.75,237.0,125.0,251.0,34.0,4
288,Killian Hayes,Detroit Pistons,PG,10,42,4,9,92.9,0,0,0.0,2,4,50.0,0,7,7,12,2,0,2,0,-10,29,17,22,19,18.0,0.5,18.0,2.0,84.5,24.5,72.0,24.5,2
289,Klay Thompson,Golden State Warriors,SG,170,253,61,134,444.7,10,11,466.7,38,88,408.7,2,31,33,20,14,7,12,0,-10,223,203,190,53,882.2675736961451,30.219954648526077,28.0,40.244897959183675,951.530612244898,971.530612244898,866.2675736961451,54.21995464852608,10
290,Kobe Brown,LA Clippers,G,2,27,1,5,100.0,0,0,0.0,0,2,0.0,4,5,9,2,4,0,3,0,-23,13,11,4,11,3.1836734693877546,5.448979591836735,1.183673469387755,0.08163265306122448,5.4489795918367365,2.224489795918368,2.0,11.040816326530612,4
291,Kobe Bufkin,Atlanta Hawks,G,27,81,11,31,158.4,1,2,50.0,4,14,115.0,1,10,11,14,6,3,4,1,21,52,38,41,25,72.63265306122449,3.9795918367346945,14.959183673469388,2.836734693877551,134.6326530612245,95.83673469387756,113.83673469387753,16.53061224489796,5
292,Kris Dunn,Utah Jazz,G,62,207,26,49,510.0,4,5,250.0,6,21,341.7,9,15,24,27,22,15,14,1,-41,113,86,89,51,146.5,21.11111111111111,21.419753086419746,5.234567901234568,212.32716049382714,169.6111111111111,184.2530864197531,47.49382716049383,10
293,Kris Murray,Portland Trail Blazers,F,78,286,30,74,407.6,11,19,450.0,7,35,336.7,20,34,54,24,22,11,11,2,-7,156,132,102,78,241.48788927335642,85.97923875432527,32.899653979238764,4.1280276816609,525.9031141868512,371.923875432526,310.7750865051903,203.57093425605535,10
294,Kristaps Porzingis,Boston Celtics,C,236,301,79,154,525.0,53,57,827.8,25,55,502.2,15,60,75,18,23,5,14,16,102,329,311,254,93,338.84444444444443,118.60000000000001,13.777777777777777,6.6,558.2444444444445,575.4444444444445,329.24444444444447,124.77777777777779,10
295,Kyle Anderson,Minnesota Timberwolves,SF,67,244,26,58,429.7,13,15,350.0,2,6,150.0,4,33,37,47,17,8,11,3,71,151,104,114,84,117.32500000000002,51.325,26.599999999999998,1.6249999999999998,227.79999999999998,210.8,168.62499999999997,43.625,10
296,Kyle Kuzma,Washington Wizards,SF,250,339,98,198,495.7,30,43,706.7,24,65,339.0,10,68,78,38,21,9,25,8,-119,366,328,288,116,272.3271604938272,85.73456790123457,75.61111111111111,38.71604938271605,575.6111111111112,514.4444444444446,363.0864197530864,131.7530864197531,10
297,Kyle Lowry,Philadelphia 76ers,PG,60,205,19,44,297.0,11,12,375.0,11,27,252.1,5,18,23,41,15,7,10,1,-20,124,83,101,64,146.4375,13.4375,33.0,11.75,367.75,213.75,263.9375,82.9375,7
298,Kyrie Irving,Dallas Mavericks,PG,270,365,105,206,511.0,27,29,766.7,33,79,410.7,8,46,54,35,16,8,16,6,-34,359,324,305,89,178.0,44.0,26.15625,18.2265625,375.65625,284.0,246.65625,93.15625,10
299,Lamar Stevens,Memphis Grizzlies,PF,116,205,46,93,512.2,18,24,416.6,6,14,475.0,12,37,49,8,17,6,9,9,-11,173,165,124,57,209.11111111111111,56.91111111111112,5.999999999999999,2.4444444444444446,352.2,284.6,273.2444444444444,66.37777777777778,10
300,Landry Shamet,Washington Wizards,SG,61,191,22,60,313.1,7,7,300.0,10,39,154.1,4,11,15,8,13,6,9,3,-56,84,76,69,23,297.0,20.508650519031143,6.0,16.034602076124564,398.4498269896194,360.56747404844293,329.0,32.391003460207614,10
301,Larry Nance Jr.,New Orleans Pelicans,PF,51,198,21,34,563.6,6,9,300.0,3,8,200.0,22,33,55,18,22,7,14,5,38,124,106,69,73,79.29012345679013,49.58641975308642,11.679012345679013,2.1790123456790127,259.5308641975309,229.30864197530863,96.5,74.27777777777779,10
302,Lauri Markkanen,Utah Jazz,PF,211,342,70,163,428.6,40,43,856.7,31,77,398.8,18,52,70,23,15,7,17,3,-46,304,281,234,93,325.44444444444446,112.71111111111112,50.111111111111114,23.444444444444446,786.5777777777778,575.4000000000001,492.8,206.64444444444445,10
303,LeBron James,Los Angeles Lakers,SF,270,355,103,184,557.9,39,48,763.9,25,52,496.6,6,52,58,97,10,11,29,6,47,425,328,367,155,200.15625,81.4765625,52.5,27.90625,229.6640625,219.4140625,245.15625,99.2265625,10
304,Leaky Black,Charlotte Hornets,F,26,138,8,22,232.1,6,8,225.0,4,9,150.0,3,19,22,13,8,2,3,2,-25,61,48,39,35,83.5,29.5,5.875,8.0,111.875,84.0,96.875,49.875,8
305,Leonard Miller,Minnesota Timberwolves,F,0,5,0,1,0.0,0,0,0.0,0,0,0.0,0,0,0,2,0,0,0,0,8,2,0,2,2,1.0,0.25,1.0,0.0,0.25,2.25,0.0,0.25,1
306,Lester Quinones,Golden State Warriors,G,62,180,21,57,352.3,11,15,425.0,9,32,250.0,8,22,30,16,19,2,5,1,-11,108,92,78,46,177.96694214876032,21.32231404958678,28.99173553719008,11.0,259.35537190082647,262.6942148760331,176.92561983471074,48.016528925619845,10
307,Lindy Waters III,Oklahoma City Thunder,F,23,57,8,17,273.3,0,0,0.0,7,15,233.3,1,13,14,4,6,1,2,2,-30,41,37,27,18,64.94,20.560000000000002,3.5,8.139999999999999,164.44000000000003,135.34,82.84,35.26,6
308,Lonnie Walker IV,Brooklyn Nets,G,101,184,37,102,335.0,4,5,250.0,23,59,341.1,1,25,26,8,23,5,8,2,6,135,127,109,34,449.6111111111111,28.641975308641975,10.5,27.0679012345679,676.679012345679,614.6234567901234,505.4444444444444,45.364197530864196,10
309,Luguentz Dort,Oklahoma City Thunder,G,106,290,39,86,454.2,3,3,200.0,25,54,476.1,5,29,34,13,28,12,5,5,53,153,140,119,47,227.29999999999998,38.8,14.125,17.4,322.125,290.5,245.125,66.725,10
310,Luka Doncic,Dallas Mavericks,PG,351,376,126,242,518.8,61,72,883.8,38,98,370.5,8,91,99,113,28,14,40,5,46,563,450,464,212,340.6288088642659,27.13296398891967,84.71191135734072,40.880886426592795,494.70637119113576,352.6925207756233,426.797783933518,167.68975069252076,10
311,Luka Garza,Minnesota Timberwolves,C,8,5,3,5,60.0,1,2,50.0,1,1,100.0,1,0,1,0,1,0,0,0,8,9,9,8,1,19.360000000000003,0.16000000000000003,0.0,0.16000000000000003,23.04,23.04,19.360000000000003,0.16000000000000003,1
312,Luka Samanic,Utah Jazz,F,28,73,9,28,205.5,7,9,250.0,3,14,78.3,3,9,12,3,6,1,4,3,-40,43,40,31,15,50.14876033057851,11.239669421487603,3.6115702479338836,1.5123966942148759,118.33884297520662,104.0,61.74380165289256,17.595041322314046,6
313,Luke Kennard,Memphis Grizzlies,SG,128,265,39,74,531.2,21,24,621.4,29,56,521.2,0,20,20,29,12,5,16,0,-69,177,148,157,49,299.06944444444446,6.0,39.125,20.944444444444443,416.94444444444446,309.06944444444446,412.9444444444445,39.125,10
314,Luke Kornet,Boston Celtics,C,39,143,17,24,563.3,5,6,250.0,0,0,0.0,17,23,40,8,16,3,2,10,50,87,79,47,48,85.61111111111111,68.625,9.777777777777779,0.0,316.2361111111111,226.90277777777777,142.27777777777777,111.06944444444444,10
315,Malachi Flynn,Detroit Pistons,PG,36,83,13,39,232.5,4,6,200.0,6,18,241.7,0,10,10,11,5,3,6,0,-20,57,46,47,21,92.96888888888888,7.120000000000001,13.168888888888887,4.48,204.23555555555558,140.8088888888889,147.27555555555554,29.408888888888892,8
316,Malaki Branham,San Antonio Spurs,G,144,229,52,105,503.1,16,16,700.0,24,44,505.4,4,16,20,23,14,4,12,1,-33,187,164,167,43,399.1604938271604,12.123456790123457,26.179012345679013,23.58641975308642,488.03086419753083,411.11111111111114,470.2777777777778,44.104938271604944,10
317,Malcolm Brogdon,Portland Trail Blazers,PG,65,142,24,52,182.4,11,13,333.3,6,19,110.0,6,19,25,27,9,4,8,1,10,117,90,92,52,92.75,4.75,6.75,5.0,106.75,61.0,146.0,4.0,4
318,Malik Beasley,Milwaukee Bucks,SG,111,299,40,99,395.3,1,2,50.0,30,78,372.0,3,29,32,15,23,15,6,1,73,158,143,126,47,351.281179138322,16.979591836734695,16.551020408163264,34.20408163265306,242.21315192743765,272.4104308390023,306.5532879818594,48.06122448979592,10
319,Malik Monk,Sacramento Kings,SG,177,289,69,156,418.1,22,26,750.0,17,55,273.0,3,36,39,55,20,10,25,4,-1,271,216,232,94,874.2396694214876,21.0,42.582644628099175,22.367768595041323,1053.8553719008264,984.8760330578513,910.0371900826447,96.76446280991735,10
320,MarJon Beauchamp,Milwaukee Bucks,F,30,42,10,16,350.0,7,8,175.0,3,7,200.0,2,9,11,1,4,1,3,0,-17,42,41,31,12,65.5,11.0,0.8749999999999999,1.875,116.04166666666664,105.5,72.87499999999999,15.04166666666667,6
321,Marcus Morris Sr.,Philadelphia 76ers,SF,23,65,9,22,122.9,2,2,100.0,3,8,83.3,0,10,10,1,3,2,5,1,-14,34,33,24,11,20.666666666666664,4.666666666666666,0.6666666666666667,2.0,24.666666666666664,32.0,14.0,4.666666666666666,3
322,Marcus Sasser,Detroit Pistons,G,67,191,25,73,322.3,6,9,300.0,11,37,326.2,1,15,16,45,17,9,14,0,-22,128,83,112,61,345.9777777777778,13.511111111111113,63.71111111111111,11.177777777777777,627.7777777777777,400.2,553.7777777777778,97.0,10
323,Markelle Fultz,Orlando Magic,PG,70,187,30,67,401.1,9,12,333.3,1,7,50.0,15,20,35,22,11,7,13,3,-17,127,105,92,57,225.1640625,36.65625,21.90625,0.9140625,235.8515625,194.4140625,239.0390625,86.125,10
324,Markieff Morris,Dallas Mavericks,PF,3,6,1,2,50.0,0,0,0.0,1,2,50.0,0,2,2,0,0,0,0,0,-1,5,5,3,2,2.25,1.0,0.0,0.25,6.25,6.25,2.25,1.0,1
325,Marques Bolden,Charlotte Hornets,C,0,13,0,1,0.0,0,0,0.0,0,0,0.0,0,1,1,0,1,0,1,0,2,1,1,0,1,0.0,0.7222222222222223,0.0,0.0,0.7222222222222223,0.7222222222222223,0.0,0.7222222222222223,2
326,Marvin Bagley III,Washington Wizards,PF,119,262,53,102,492.7,10,14,383.3,3,8,250.0,40,46,86,16,13,7,8,11,-40,221,205,135,102,363.0,137.06944444444443,12.402777777777779,2.125,626.7777777777778,594.2361111111111,370.56944444444446,174.44444444444446,10
327,Mason Jones,Sacramento Kings,G,1,13,0,3,0.0,1,2,50.0,0,2,0.0,1,3,4,4,0,0,0,0,10,9,5,5,8,0.0,0.0,0.0,0.0,0.0,0.0,0.0,0.0,1
328,Mason Plumlee,LA Clippers,C,63,145,22,34,630.0,19,26,466.7,0,0,0.0,13,43,56,13,21,4,11,6,-6,132,119,76,69,77.15625,113.625,13.0,0.0,235.40625,218.65625,94.40625,126.125,10
329,Matisse Thybulle,Portland Trail Blazers,SG,54,230,19,55,296.6,8,11,350.0,8,30,253.3,7,20,27,13,16,24,10,4,-76,94,81,67,40,285.1111111111111,26.5,12.753086419753087,8.0,497.4382716049382,390.9444444444444,384.8271604938272,46.03086419753087,10
330,Matt Ryan,New Orleans Pelicans,F,26,49,9,21,200.0,0,0,0.0,8,17,194.4,1,8,9,2,5,0,2,0,-9,37,35,28,11,136.55555555555557,7.25,1.2222222222222223,11.555555555555557,204.80555555555554,200.80555555555557,141.55555555555554,7.472222222222223,5
331,Matthew Hurt,Memphis Grizzlies,F,32,110,12,33,215.9,3,3,200.0,5,19,233.4,9,7,16,4,8,3,2,3,-7,52,48,36,20,116.87573964497041,22.124260355029588,4.201183431952662,4.189349112426036,232.3491124260355,187.60355029585796,154.29585798816566,33.650887573964496,7
332,Max Christie,Los Angeles Lakers,G,52,154,17,35,625.7,9,12,500.0,9,19,420.0,3,15,18,13,4,3,1,5,-8,83,70,65,31,70.62283737024222,16.048442906574397,29.84429065743944,5.27681660899654,245.4498269896194,136.3044982698962,162.7993079584775,62.86159169550173,10
333,Max Strus,Cleveland Cavaliers,SG,118,312,42,93,422.4,12,15,316.7,22,62,318.5,11,20,31,48,25,6,16,4,-32,197,149,166,79,288.89273356401384,29.78892733564014,24.9757785467128,31.79930795847751,403.7820069204152,330.9031141868512,380.8719723183391,35.66435986159169,10
334,Maxi Kleber,Dallas Mavericks,PF,39,237,12,35,282.8,8,13,300.0,7,23,266.6,6,37,43,14,15,3,4,9,55,96,82,53,57,129.44444444444443,104.8456790123457,10.5,5.0,435.53086419753095,371.141975308642,163.61111111111111,145.5679012345679,10
335,Michael Porter Jr.,Denver Nuggets,SF,193,334,75,147,506.4,14,14,600.0,29,75,394.8,15,60,75,19,20,7,13,5,37,287,268,212,94,727.726643598616,110.81314878892735,17.27681660899654,21.8719723183391,1390.22491349481,1309.3356401384083,784.076124567474,152.62975778546712,10
336,Mikal Bridges,Brooklyn Nets,SF,156,350,56,149,360.79999999999995,21,32,419.4,23,78,314.59999999999997,8,35,43,40,11,11,15,2,-38,239,199,196,83,804.0250000000001,37.0,48.225,27.325,893.3000000000001,906.925,778.5,97.125,10
337,Mike Conley,Minnesota Timberwolves,PG,102,283,35,83,389.8,16,18,433.3,16,47,325.0,10,24,34,45,12,12,17,0,-16,181,136,147,79,327.7,34.800000000000004,57.525000000000006,18.425,236.925,184.50000000000003,346.325,126.12500000000001,10
338,Mike Muscala,Oklahoma City Thunder,C,26,108,9,29,234.2,1,2,50.0,7,20,250.0,5,12,17,4,4,2,1,1,40,47,43,30,21,75.50617283950618,11.0,6.0246913580246915,8.876543209876543,155.22222222222223,132.06172839506172,91.55555555555556,24.1358024691358,8
339,Miles Bridges,Charlotte Hornets,SF,198,388,78,182,420.5,20,24,616.7,22,67,327.5,14,74,88,28,20,9,21,4,-58,314,286,226,116,517.219954648526,134.24489795918367,28.775510204081634,22.122448979591837,1132.0226757369614,981.1383219954649,643.7777777777777,187.3469387755102,10
340,Miles McBride,New York Knicks,PG,94,254,36,82,530.0,5,6,266.7,17,43,353.0,6,11,17,27,19,10,4,2,-35,138,111,121,44,213.16049382716045,12.456790123456791,104.94444444444446,18.10493827160494,513.8827160493827,283.12345679012344,421.7345679012346,139.58641975308643,10
341,Mo Bamba,Philadelphia 76ers,C,36,142,14,36,301.7,5,8,125.0,3,9,116.7,13,34,47,9,19,1,10,11,-8,92,83,45,56,114.8476454293629,48.30193905817175,8.933518005540167,4.18005540166205,223.2853185595568,237.34349030470915,105.5540166204986,52.470914127423825,10
342,Monte Morris,Minnesota Timberwolves,PG,53,154,20,52,431.1,5,7,275.0,8,21,341.6,3,12,15,30,4,6,2,1,20,98,68,83,45,94.96539792387543,18.57785467128028,41.46020761245674,4.048442906574394,216.318339100346,127.59861591695503,158.72318339100343,85.0,10
343,Moritz Wagner,Orlando Magic,C,115,178,43,64,656.0,26,29,643.1,3,9,233.3,15,35,50,11,18,7,13,2,57,176,165,126,61,347.2675736961451,65.83673469387756,5.117913832199546,2.111111111111111,560.4444444444445,597.0226757369614,321.4240362811791,60.219954648526084,10
344,Moses Brown,Portland Trail Blazers,C,13,28,6,10,233.3,1,3,33.3,0,0,0.0,4,5,9,2,4,0,2,1,7,24,22,15,11,15.280000000000001,8.120000000000001,2.880000000000001,0.0,7.880000000000003,12.52,10.320000000000002,11.32,3
345,Moses Moody,Golden State Warriors,SG,79,189,32,74,453.8,6,8,250.0,9,32,242.1,13,28,41,5,10,8,7,5,51,125,120,84,46,212.1349480968858,50.916955017301035,2.577854671280277,19.27681660899654,329.07612456747404,309.8477508650519,228.43598615916954,56.42214532871972,10
346,Mouhamadou Gueye,Toronto Raptors,F,2,6,1,3,33.3,0,0,0.0,0,0,0.0,2,1,3,0,1,0,0,2,4,5,5,2,3,1.0,0.25,0.0,0.0,2.25,2.25,1.0,0.25,1
347,Moussa Diabate,LA Clippers,F,2,7,1,1,100.0,0,2,0.0,0,0,0.0,1,3,4,0,0,1,0,1,1,6,6,2,4,0.0,0.0,0.0,0.0,0.0,0.0,0.0,0.0,1
348,Myles Turner,Indiana Pacers,C,181,271,64,114,577.1,40,49,726.7,13,40,313.0,16,63,79,11,28,6,17,16,2,271,260,192,90,419.401384083045,66.13494809688581,12.958477508650518,14.141868512110726,509.4359861591695,452.1660899653979,487.57785467128025,68.18685121107266,10
349,Naji Marshall,New Orleans Pelicans,SF,68,204,27,49,407.5,2,3,150.0,12,25,391.6,8,33,41,20,11,9,12,4,60,129,109,88,61,363.6640625,53.7265625,18.15625,13.7890625,393.15625,398.125,339.4140625,91.1640625,10
350,Nassir Little,Phoenix Suns,SF,9,50,3,12,133.3,0,0,0.0,3,8,200.0,0,10,10,3,6,0,1,2,-8,22,19,12,13,13.078125,5.953125,3.453125,1.453125,22.828125,23.25,13.25,8.8125,5
351,Nate Hinton,Houston Rockets,G,10,15,3,5,60.0,2,3,66.7,2,3,66.7,1,2,3,2,2,1,0,1,13,15,13,12,5,43.559999999999995,4.840000000000001,1.44,1.9599999999999997,100.0,77.44000000000001,60.839999999999996,11.559999999999999,1
352,Nathan Mensah,Charlotte Hornets,C,4,45,2,5,66.7,0,0,0.0,0,0,0.0,4,4,8,0,8,1,1,2,-10,12,12,4,8,12.88888888888889,7.555555555555557,0.0,0.0,40.0,40.0,12.88888888888889,7.555555555555557,5
353,Naz Reid,Minnesota Timberwolves,C,145,269,50,111,446.7,24,31,587.5,21,49,438.7,16,48,64,14,24,6,13,11,16,223,209,159,78,746.5661157024792,55.27685950413223,8.466942148760332,44.90082644628099,741.6074380165289,660.7190082644628,805.7768595041323,85.42148760330578,10
354,Neemias Queta,Boston Celtics,C,39,72,19,26,443.4,1,2,100.0,0,0,0.0,12,15,27,4,7,3,3,6,61,70,66,43,31,19.5,37.5,1.3333333333333335,0.0,89.33333333333333,100.0,14.833333333333332,32.833333333333336,6
355,Nic Claxton,Brooklyn Nets,C,114,293,47,75,627.6,20,31,342.2,0,0,0.0,14,67,81,25,21,6,13,15,-36,220,195,139,106,243.42499999999998,72.525,7.399999999999999,0.0,326.0,325.40000000000003,229.52499999999998,94.425,10
356,Nick Jr. Smith,Charlotte Hornets,G,55,162,17,59,281.1,8,9,187.5,13,35,324.9,2,8,10,17,16,4,4,0,-5,82,65,72,27,177.89583333333337,11.229166666666668,19.729166666666668,11.395833333333334,209.89583333333337,198.25,176.24999999999994,44.25,9
357,Nick Richards,Charlotte Hornets,C,111,279,46,61,739.5,19,28,471.4,0,1,0.0,29,56,85,6,26,7,13,11,-35,202,196,117,91,289.0,92.525,8.625,0.0,438.1,417.625,298.125,112.49999999999999,10
358,Nickeil Alexander-Walker,Minnesota Timberwolves,SG,77,231,29,77,371.3,8,9,450.0,11,39,310.0,4,17,21,24,14,4,8,7,44,122,98,101,45,193.2479338842975,27.198347107438018,28.764462809917354,15.37603305785124,198.2190082644628,131.96694214876032,241.6404958677686,73.82231404958678,10
359,Nicolas Batum,Philadelphia 76ers,PF,39,200,13,41,219.6,5,5,200.0,8,28,201.6,13,26,39,13,17,6,5,5,-49,91,78,52,52,80.88,68.0,12.280000000000001,4.08,240.51999999999998,188.48000000000002,88.32000000000001,124.88000000000001,8
360,Nikola Jokic,Denver Nuggets,C,250,366,100,179,574.0,40,47,809.7,10,35,183.7,22,108,130,102,26,13,28,7,108,482,380,352,232,526.0,138.0,129.7993079584775,16.034602076124568,1106.975778546713,758.0,726.9757785467128,415.7993079584775,10
361,Nikola Jovic,Miami Heat,F,72,191,26,53,425.6,6,10,225.0,14,32,410.8,1,37,38,19,14,6,9,3,24,129,110,91,57,339.39053254437863,40.8284023668639,13.520710059171597,17.674556213017752,576.1775147928994,509.0710059171597,389.14792899408275,71.69822485207101,9
362,Nikola Vucevic,Chicago Bulls,C,209,351,91,188,473.1,13,18,327.8,14,45,314.2,36,78,114,27,32,5,22,4,-70,350,323,236,141,479.30000000000007,35.62499999999999,17.7,6.625,715.625,569.3249999999999,616.0,62.925000000000004,10
363,Noah Clowney,Brooklyn Nets,F,8,41,3,6,50.0,0,0,0.0,0,2,0.0,3,4,7,5,2,2,1,0,-7,20,15,13,12,44.546875,5.6875,1.1875,0.046875,70.296875,79.671875,37.046875,5.0,3
364,Norman Powell,LA Clippers,G,134,281,51,108,445.8,4,9,200.0,28,58,428.6,2,24,26,12,17,8,9,3,-28,172,160,146,38,520.6419753086419,4.549382716049383,19.604938271604937,39.77777777777778,494.5,502.77160493827165,504.71604938271605,31.808641975308642,10
365,Obi Toppin,Indiana Pacers,PF,81,183,31,59,498.3,6,8,300.0,13,33,356.7,9,26,35,10,13,6,8,7,42,126,116,91,45,267.8,25.4,20.625,8.725,442.625,384.0,313.92499999999995,58.525,10
366,Ochai Agbaji,Toronto Raptors,G,55,165,21,58,407.9,5,7,150.0,8,26,277.6,11,15,26,9,14,4,9,4,-19,90,81,64,35,277.4444444444444,64.64197530864197,4.919753086419753,13.956790123456791,510.91975308641975,510.67901234567904,284.6234567901235,62.62345679012345,10
367,Olivier Sarr,Oklahoma City Thunder,C,11,22,4,7,125.0,3,5,116.7,0,1,0.0,4,4,8,0,3,0,1,1,-14,19,19,11,8,34.92,6.920000000000002,0.0,0.0,59.68000000000001,59.68000000000001,34.92,6.920000000000002,3
368,OlivierMaxence Prosper,Dallas Mavericks,F,10,31,3,6,150.0,4,7,57.1,0,2,0.0,2,6,8,0,1,1,1,1,-14,18,18,10,8,22.66666666666667,9.925925925925926,0.0,0.0,61.925925925925924,61.925925925925924,22.66666666666667,9.925925925925926,3
369,Omer Yurtseven,Utah Jazz,C,19,47,9,14,183.3,1,3,50.0,0,1,0.0,9,8,17,3,5,1,2,3,-5,39,36,22,20,69.0,23.160000000000004,6.84,0.04000000000000001,165.24,119.16,108.84,36.239999999999995,4
370,Onuralp Bitim,Chicago Bulls,SF,23,80,7,19,153.6,3,4,150.0,6,14,190.0,1,10,11,3,6,1,3,1,16,37,34,26,14,69.72839506172839,33.58024691358025,1.2098765432098766,4.839506172839506,176.2222222222222,179.06172839506175,69.65432098765432,32.02469135802469,5
371,Onyeka Okongwu,Atlanta Hawks,PF,138,278,57,82,646.7,16,21,492.9,8,16,433.3,32,40,72,9,27,4,5,15,24,219,210,147,81,182.0,136.0,8.0,4.888888888888889,502.0,486.0,198.0,144.0,9
372,Orlando Robinson,Miami Heat,C,2,34,1,5,33.3,0,0,0.0,0,1,0.0,4,8,12,2,4,1,3,0,3,16,14,4,14,3.3469387755102042,10.816326530612248,1.1020408163265305,0.0,18.530612244897956,13.26530612244898,4.6938775510204085,15.836734693877549,3
373,Oscar Tshiebwe,Indiana Pacers,C,3,5,1,3,33.3,1,2,50.0,0,0,0.0,2,0,2,0,1,0,0,1,8,5,5,3,2,0.25,0.0,0.0,0.0,0.25,0.25,0.25,0.0,1
374,Oshae Brissett,Boston Celtics,SF,31,98,10,24,182.9,9,16,355.0,2,8,133.3,5,22,27,13,8,4,4,1,14,71,58,44,40,115.56804733727812,60.349112426035504,20.27810650887574,1.5739644970414202,390.58579881656806,261.72781065088753,222.1420118343195,102.9112426035503,8
375,Ousmane Dieng,Oklahoma City Thunder,F,28,78,10,23,324.4,4,4,200.0,4,12,220.0,1,7,8,12,3,3,6,3,19,48,36,40,20,94.0,4.857142857142858,17.428571428571427,3.714285714285714,188.85714285714283,126.85714285714286,151.4285714285714,26.857142857142858,7
376,P.J. Tucker,LA Clippers,PF,0,30,0,1,0.0,0,0,0.0,0,0,0.0,1,4,5,0,3,0,1,0,-8,5,5,0,5,0.0,4.666666666666667,0.0,0.0,4.666666666666667,4.666666666666667,0.0,4.666666666666667,3
377,P.J. Washington,Dallas Mavericks,PF,120,328,45,107,394.0,12,17,400.0,18,60,264.2,14,43,57,15,19,9,13,9,2,192,177,135,72,461.22499999999997,26.5,10.600000000000001,25.625,499.82500000000005,525.125,446.525,26.5,10
378,Paolo Banchero,Orlando Magic,PF,233,351,86,170,499.6,44,57,728.0,17,43,350.0,9,58,67,56,17,5,37,9,27,356,300,289,123,447.5761772853186,20.246537396121884,76.44875346260388,26.113573407202225,667.5235457063712,532.6925207756233,589.9030470914128,89.1994459833795,10
379,Pascal Siakam,Indiana Pacers,PF,194,326,81,154,524.7,22,27,766.7,10,30,312.4,17,53,70,38,23,6,9,5,-61,302,264,232,108,284.025,115.02499999999999,39.625,8.4,519.825,383.3,371.99999999999994,203.20000000000002,10
380,Pat Connaughton,Milwaukee Bucks,SG,68,235,24,49,448.4,7,9,225.0,13,33,345.3,6,28,34,15,12,9,7,4,-13,117,102,83,49,246.36281179138322,38.45804988662131,31.44444444444445,14.102040816326532,318.1111111111111,296.0,265.2040816326531,73.17233560090703,10
381,Patrick Baldwin Jr.,Washington Wizards,F,11,44,4,16,116.7,1,2,50.0,2,10,50.0,2,10,12,2,5,1,1,1,17,25,23,13,14,1.959999999999999,14.160000000000002,1.04,1.04,13.639999999999997,17.0,2.4399999999999995,11.36,4
382,Patrick Beverley,Milwaukee Bucks,PG,55,186,19,53,302.9,8,10,416.7,9,28,302.9,10,27,37,17,14,9,8,6,-73,109,92,72,54,217.52499999999998,81.70000000000002,23.125,8.925,564.5,453.625,321.59999999999997,111.625,10
383,Patty Mills,Atlanta Hawks,PG,2,42,1,8,25.0,0,0,0.0,0,6,0.0,2,5,7,2,1,3,1,0,-1,11,9,4,9,52.0,4.877551020408164,1.183673469387755,2.9387755102040813,49.3673469387755,52.877551020408156,45.18367346938775,9.36734693877551,4
384,Patty Mills,Miami Heat,PG,13,16,5,7,71.4,0,0,0.0,3,4,75.0,0,2,2,0,1,0,1,0,13,15,15,13,2,81.0,0.18367346938775514,0.08163265306122448,4.591836734693877,83.59183673469387,88.89795918367348,75.9387755102041,0.020408163265306103,1
385,Paul George,LA Clippers,F,197,339,71,163,426.0,27,35,677.1,28,85,325.5,3,48,51,31,23,13,19,3,7,279,248,228,82,550.3515625,26.9765625,23.3515625,27.7265625,629.9765625,670.15625,506.0,54.5,10
386,Paul Reed,Philadelphia 76ers,SF,104,255,45,84,545.4,8,9,450.0,6,10,350.0,31,48,79,17,32,5,7,15,-21,200,183,121,96,377.77777777777777,120.98185941043084,12.10204081632653,4.55328798185941,968.5532879818594,834.8866213151928,484.07029478458054,160.45804988662132,10
387,Payton Pritchard,Boston Celtics,PG,83,180,33,63,410.9,0,0,0.0,17,39,296.7,7,23,30,17,14,4,10,0,19,130,113,100,47,735.1440443213296,28.24376731301939,28.401662049861496,34.612188365650965,1200.0221606648201,924.2077562326871,969.3130193905819,98.29085872576178,10
388,Peyton Watson,Denver Nuggets,F,58,179,23,56,393.9,7,12,280.0,5,21,308.3,8,22,30,10,14,5,11,14,-24,98,88,68,40,133.82716049382717,27.086419753086417,12.030864197530867,2.993827160493827,264.94444444444446,244.71604938271608,141.4382716049383,51.73456790123456,10
389,Precious Achiuwa,New York Knicks,PF,123,339,49,93,529.7,20,33,424.4,5,17,250.0,45,56,101,18,24,9,17,19,20,242,224,141,119,367.5679012345679,149.93827160493828,23.95679012345679,4.623456790123457,735.6604938271605,543.1111111111111,518.5,215.51234567901236,10
390,Quentin Grimes,Detroit Pistons,SG,40,130,14,49,153.4,5,5,200.0,7,31,120.0,0,16,16,12,6,5,5,4,-32,68,56,52,28,151.33333333333334,19.333333333333336,8.0,6.833333333333334,261.33333333333337,233.33333333333334,171.33333333333331,35.333333333333336,6
391,R. Rupert,Portland Trail Blazers,G,23,82,8,19,238.10000000000002,2,2,100.0,5,9,225.0,5,9,14,6,10,2,5,0,-14,43,37,29,20,119.5,17.59375,6.375,6.875,211.34375,220.59375,118.875,15.34375,6
392,RJ Barrett,Toronto Raptors,SG,196,323,80,146,545.2,19,45,363.2,17,36,391.7,9,42,51,38,21,6,26,4,-48,285,247,234,89,270.40000000000003,57.44444444444444,38.71111111111111,19.0,366.6,271.97777777777776,392.1777777777778,69.0,10
393,Reggie Bullock,Houston Rockets,SF,15,51,5,12,191.6,0,0,0.0,5,11,199.89999999999998,1,8,9,1,3,1,0,0,20,25,24,16,10,24.328125,7.703125,0.828125,2.703125,37.203125,36.8125,26.0,7.25,5
394,Reggie Jackson,Denver Nuggets,PG,60,197,27,76,323.4,0,0,0.0,6,29,215.8,2,12,14,32,14,3,8,1,26,106,74,92,46,142.34567901234567,19.438271604938272,53.808641975308646,2.4444444444444446,431.01234567901236,210.94444444444446,322.9444444444444,112.71604938271602,10
395,Richaun Holmes,Washington Wizards,F,59,147,24,39,479.7,10,11,350.0,1,1,100.0,14,25,39,6,18,5,4,4,-8,104,98,65,45,272.125,87.7265625,6.625,0.9140625,610.6015625,591.6640625,289.0,96.4140625,10
396,Ricky IV Council,Philadelphia 76ers,G,71,132,24,56,394.0,22,31,592.5,1,14,25.0,7,22,29,5,8,0,3,0,-20,105,100,76,34,395.66049382716045,86.27777777777779,4.623456790123457,0.9444444444444445,888.2777777777776,808.1975308641976,457.11111111111103,109.53086419753087,10
397,Robin Lopez,Milwaukee Bucks,C,6,23,3,9,37.5,0,0,0.0,0,2,0.0,1,0,1,1,3,1,0,2,-16,8,7,7,2,20.0,0.5,0.625,0.0,21.125,26.5,15.625,0.125,2
398,Royce O'Neale,Phoenix Suns,PF,107,306,37,92,381.59999999999997,6,9,283.3,27,69,369.1,8,58,66,40,22,15,7,7,73,213,173,147,106,285.88271604938274,67.1604938271605,39.73456790123457,22.179012345679013,608.5308641975308,559.5864197530864,342.77777777777777,98.94444444444446,10
399,Rudy Gobert,Minnesota Timberwolves,C,138,365,56,85,661.7,26,39,605.0,0,1,0.0,43,107,150,12,38,5,17,25,31,300,288,150,162,259.8049886621315,97.9954648526077,9.63265306122449,0.0,388.0226757369615,401.60090702947844,222.9750566893424,130.8798185941043,10
400,Rui Hachimura,Los Angeles Lakers,PF,170,318,71,129,526.8,7,12,280.0,21,43,480.0,6,31,37,8,17,8,6,5,-25,215,207,178,45,870.2131519274377,42.50566893424036,5.709750566893424,28.387755102040813,746.9818594104308,756.8367346938775,858.530612244898,50.04308390022675,10
401,Russell Westbrook,LA Clippers,PG,93,216,37,98,389.9,15,21,523.3,4,26,95.0,8,19,27,29,17,13,15,1,-10,149,120,122,56,174.6,24.2,34.77777777777777,4.444444444444445,319.5777777777778,275.6,197.64444444444445,79.91111111111111,10
402,Saben Lee,Phoenix Suns,G,35,98,9,28,194.29999999999998,15,20,416.7,2,9,83.3,3,15,18,17,6,4,2,0,11,70,53,52,35,197.26446280991738,24.99173553719008,5.049586776859504,1.5371900826446279,336.95867768595036,347.0,188.74380165289259,28.520661157024794,8
403,Saddiq Bey,Atlanta Hawks,SF,143,342,50,125,390.6,27,31,766.7,16,56,260.9,29,32,61,15,7,4,10,4,-24,219,204,158,76,410.2853185595568,71.0,10.562326869806094,16.587257617728532,438.2853185595567,507.49584487534634,351.4958448753462,71.14127423822714,10
404,Sam Hauser,Boston Celtics,SF,63,162,22,43,540.0,0,0,0.0,19,39,527.7,3,27,30,6,13,2,2,4,73,99,93,69,36,165.45983379501385,42.770083102493075,4.470914127423823,15.321329639889196,252.62880886426592,225.19944598337952,189.77562326869807,50.35457063711912,10
405,Sam Merrill,Cleveland Cavaliers,SG,61,170,20,60,324.0,2,2,200.0,19,57,298.2,4,18,22,12,8,2,1,0,-23,95,83,73,34,351.3213296398892,16.26038781163435,13.601108033241,42.933518005540165,441.54847645429356,407.2991689750693,378.47922437673134,36.95290858725762,10
406,Sandro Mamukelashvili,San Antonio Spurs,PF,10,25,5,9,130.0,0,1,0.0,0,1,0.0,3,1,4,1,3,2,0,0,6,15,14,11,5,45.879999999999995,0.75,0.6699999999999999,0.0,51.72,42.029999999999994,56.269999999999996,0.7200000000000002,3
407,Santi Aldama,Memphis Grizzlies,PF,108,299,42,93,479.4,7,11,266.7,17,47,413.1,14,40,54,29,14,6,16,13,-64,191,162,137,83,232.62499999999997,22.425,58.925,19.7,353.125,283.2,341.70000000000005,42.2,10
408,Sasha Vezenkov,Sacramento Kings,F,9,22,2,7,28.6,3,3,100.0,2,4,50.0,0,1,1,1,4,1,0,0,24,11,10,10,2,4.5,0.5,0.5,2.0,4.5,2.0,8.0,0.0,2
409,Scoot Henderson,Portland Trail Blazers,G,114,201,33,76,318.3,38,40,575.0,10,26,251.2,8,13,21,36,20,3,16,2,-28,171,135,150,57,385.42857142857144,48.0,44.85714285714286,9.714285714285714,417.7142857142857,451.42857142857144,329.7142857142857,114.85714285714285,7
410,Scottie Barnes,Toronto Raptors,SF,179,333,70,155,460.1,33,39,674.9,6,36,159.89999999999998,28,63,91,75,18,13,31,14,21,345,270,254,166,386.7777777777778,98.11111111111111,83.84444444444443,4.800000000000001,825.4444444444445,588.1777777777778,576.0,230.0,10
411,Scotty Pippen Jr.,Memphis Grizzlies,G,66,152,22,50,245.0,10,16,190.4,12,22,355.0,7,13,20,29,20,8,12,4,-25,115,86,95,49,156.0,11.333333333333334,4.833333333333334,2.0,196.83333333333331,203.33333333333331,158.83333333333334,6.833333333333334,6
412,Seth Curry,Charlotte Hornets,SG,81,181,29,67,372.5,14,15,566.7,9,31,256.6,4,15,19,17,7,5,7,3,-33,117,100,98,36,233.0,12.900826446280993,16.140495867768593,4.900826446280991,334.3388429752066,276.08264462809916,269.8677685950413,50.429752066115704,10
413,Shai Gilgeous-Alexander,Oklahoma City Thunder,PG,320,343,115,214,533.8,75,86,859.5,15,37,495.3,5,51,56,59,28,18,21,14,99,435,376,379,115,226.02499999999998,32.8,49.925000000000004,14.5,306.1,194.625,336.5,83.725,10
414,Shake Milton,New York Knicks,SG,38,86,16,34,301.1,2,3,66.7,4,10,150.0,7,12,19,8,5,2,4,1,-16,65,57,46,27,104.07407407407408,71.0,14.518518518518519,7.629629629629628,433.7407407407408,323.51851851851853,172.51851851851853,127.29629629629629,6
415,Simone Fontecchio,Detroit Pistons,F,134,275,50,108,453.5,10,13,366.7,24,58,382.5,6,25,31,20,14,9,9,1,-53,185,165,154,51,349.8282548476454,31.005540166204995,26.692520775623265,25.51246537396122,347.4709141274238,274.60664819944594,411.983379501385,68.40720221606648,10
416,Skylar Mays,Los Angeles Lakers,SG,6,29,3,8,120.0,0,0,0.0,0,3,0.0,0,1,1,2,1,1,1,1,0,9,7,8,3,11.918367346938775,0.693877551020408,2.693877551020408,0.0,5.9183673469387745,11.959183673469388,7.265306122448978,2.0,3
417,Spencer Dinwiddie,Los Angeles Lakers,PG,53,241,18,48,380.0,7,10,316.7,10,29,316.7,1,9,10,29,18,3,7,4,46,92,63,82,39,111.61111111111113,10.5,27.611111111111114,6.030864197530864,208.5,118.77777777777779,190.0,49.444444444444436,10
418,Stanley Umude,Detroit Pistons,G,14,35,5,8,62.5,1,1,100.0,3,4,75.0,1,2,3,1,4,0,1,0,5,18,17,15,4,98.0,0.5,0.5,4.5,98.0,112.5,84.5,0.0,2
419,Stephen Curry,Golden State Warriors,PG,205,299,70,189,356.5,25,29,737.5,40,122,309.6,7,33,40,49,11,7,28,1,39,294,245,254,89,1021.3856332703211,109.70510396975426,73.51417769376181,83.35727788279773,1547.8525519848772,1512.6937618147447,1121.5614366729678,118.20226843100188,10
420,Svi Mykhailiuk,Boston Celtics,SG,22,47,8,20,167.5,0,0,0.0,6,16,113.3,2,5,7,6,1,2,1,0,34,35,29,28,13,26.111111111111107,9.0,5.111111111111112,3.444444444444444,91.0,60.77777777777777,47.0,23.444444444444443,4
421,T.J. McConnell,Indiana Pacers,PG,113,181,54,92,560.3,1,1,100.0,4,5,200.0,7,20,27,49,10,11,14,1,15,189,140,162,76,339.9896193771626,30.1280276816609,54.90311418685121,6.5121107266435985,492.09342560553637,388.85813148788924,445.8062283737024,82.44982698961937,10
422,T.J. Warren,Minnesota Timberwolves,SF,13,27,6,8,160.0,0,0,0.0,1,3,33.3,1,4,5,0,4,0,1,0,18,18,18,13,5,0.5199999999999999,4.68,0.0,0.52,2.0799999999999996,2.0799999999999996,0.5199999999999999,4.68,2
423,Taj Gibson,New York Knicks,F,2,68,0,9,0.0,2,2,100.0,0,2,0.0,4,6,10,4,8,1,3,0,2,16,12,6,14,3.2222222222222223,10.555555555555554,0.888888888888889,0.0,16.222222222222225,10.0,5.0,15.88888888888889,5
424,Talen Horton-Tucker,Utah Jazz,SG,68,128,20,55,346.0,20,25,555.6,8,23,381.6,8,16,24,25,12,3,4,4,-44,117,92,93,49,62.24,48.010000000000005,16.0,3.0,200.81,141.61,108.64,76.81,9
425,Taurean Prince,Los Angeles Lakers,PF,70,210,27,63,436.0,2,3,100.0,14,35,318.6,2,28,30,13,13,3,8,4,3,113,100,83,43,173.83673469387756,31.111111111111114,10.219954648526077,14.403628117913833,298.3560090702948,289.8049886621315,177.11791383219955,46.600907029478456,10
426,Taylor Hendricks,Utah Jazz,F,70,220,28,58,514.6,3,3,200.0,11,33,406.7,16,46,62,7,28,5,8,6,-34,139,132,77,69,126.0,105.6,2.1,4.9,334.90000000000003,297.6,146.1,124.9,10
427,Taze Moore,Portland Trail Blazers,G,2,5,1,1,100.0,0,0,0.0,0,0,0.0,0,0,0,1,0,0,1,0,7,3,2,3,1,2.25,0.0,0.5625,0.0,5.0625,2.25,5.0625,0.5625,1
428,Terance Mann,LA Clippers,SG,109,268,43,71,602.1,12,14,650.0,11,24,283.4,16,33,49,20,19,3,7,0,-17,178,158,129,69,377.6814404432133,87.97506925207755,37.3573407202216,19.0,791.95567867036,730.6204986149585,401.9972299168975,162.35180055401662,10
429,Terquavion Smith,Philadelphia 76ers,G,38,47,14,28,241.1,0,1,0.0,10,22,216.6,0,2,2,5,3,4,3,0,0,45,40,43,7,171.8125,1.3125,2.703125,14.8125,180.953125,167.0,183.203125,6.578125,5
430,Terry Rozier,Miami Heat,SG,171,321,66,146,458.8,21,23,741.7,18,53,336.9,7,36,43,61,19,8,15,2,17,275,214,232,104,159.65625,31.6015625,47.0390625,21.1015625,411.15625,262.7890625,303.0390625,83.625,10
431,Terry Taylor,Chicago Bulls,F,9,39,3,7,175.0,1,2,50.0,2,3,150.0,2,9,11,2,1,1,0,0,-17,22,20,11,13,8.122448979591837,18.489795918367342,2.836734693877551,1.1020408163265305,60.91836734693877,44.12244897959184,13.0,33.244897959183675,3
432,Thaddeus Young,Phoenix Suns,F,6,29,3,6,100.0,0,2,0.0,0,0,0.0,7,3,10,0,4,1,1,0,3,16,16,6,10,11.876543209876544,18.88888888888889,4.839506172839506,0.0,27.35802469135802,12.839506172839506,30.54320987654321,19.580246913580247,2
433,Thaddeus Young,Phoenix Suns,PF,41,128,20,28,469.9,1,3,50.0,0,2,0.0,11,18,29,14,12,2,4,1,-24,84,70,55,43,132.40740740740742,22.333333333333336,28.962962962962965,0.0,354.07407407407413,192.07407407407408,265.0740740740741,80.62962962962962,6
434,Thanasis Antetokounmpo,Milwaukee Bucks,SF,8,41,4,9,216.7,0,2,0.0,0,1,0.0,2,0,2,4,7,1,2,1,-11,14,10,12,6,13.0,1.4000000000000004,1.6,0.0,22.000000000000004,17.2,16.2,4.6,5
435,Theo Maledon,Phoenix Suns,PG,5,10,1,2,50.0,3,3,100.0,0,0,0.0,0,1,1,0,3,0,3,0,-11,6,6,5,1,14.0625,0.5625,0.0,0.0,20.25,20.25,14.0625,0.5625,1
436,Thomas Bryant,Miami Heat,C,2,16,1,4,33.3,0,0,0.0,0,3,0.0,0,1,1,1,2,0,0,3,-3,4,3,3,2,2.08,0.6800000000000002,0.52,0.0,8.72,5.0,4.68,2.32,2
437,Tim Hardaway Jr.,Dallas Mavericks,SF,85,221,30,96,323.4,8,10,325.0,17,58,288.7,2,24,26,15,14,4,11,3,-12,126,111,100,41,276.72499999999997,23.025,24.525,17.125,432.42499999999984,384.5,328.9000000000001,43.3,10
438,Tobias Harris,Philadelphia 76ers,PF,160,340,65,152,407.1,16,19,700.0,14,43,282.7,14,58,72,25,17,15,10,7,-18,257,232,185,97,648.9444444444445,82.0,26.944444444444443,23.234567901234566,1085.0,947.6111111111111,737.0,158.27777777777777,10
439,Torrey Craig,Chicago Bulls,SF,35,136,12,29,248.3,3,4,150.0,8,24,215.0,5,22,27,10,8,3,4,6,-10,72,62,45,37,70.64197530864197,31.679012345679013,17.82716049382716,3.3086419753086425,221.7777777777778,180.19753086419755,102.49382716049384,59.23456790123457,7
440,Tosan Evbuomwan,Detroit Pistons,F,17,90,7,18,314.3,0,0,0.0,3,9,183.3,8,8,16,6,6,1,1,1,-34,39,33,23,22,14.833333333333332,107.33333333333334,8.0,1.5,197.5,137.5,28.833333333333332,161.33333333333334,6
441,Toumani Camara,Portland Trail Blazers,F,92,257,34,69,486.4,13,16,416.7,11,19,558.3,26,36,62,14,23,6,15,3,15,168,154,106,76,279.4765625,65.4765625,6.8515625,9.1640625,539.1015625,475.90625,332.5,82.5,10
442,Trae Young,Atlanta Hawks,PG,235,370,76,173,432.4,45,55,813.4,38,93,399.0,2,18,20,109,22,11,45,2,-38,364,255,344,129,749.99173553719,12.0,83.0,44.247933884297524,779.1735537190083,615.99173553719,917.1735537190083,91.0,10
443,Trayce JacksonDavis,Golden State Warriors,F,80,145,35,47,734.2,10,18,441.7,0,0,0.0,19,22,41,11,20,3,5,12,-25,132,121,91,52,207.3469387755102,64.38775510204081,7.489795918367347,0.0,325.6734693877551,332.3469387755102,189.0,83.55102040816327,10
444,Tre Jones,San Antonio Spurs,PG,80,272,32,58,566.1,6,7,300.0,10,22,385.0,5,38,43,69,9,5,15,1,29,192,123,149,112,255.22499999999997,45.7,93.925,14.224999999999998,559.6,350.125,432.5,171.825,10
445,Tre Mann,Charlotte Hornets,PG,119,309,44,97,446.5,15,19,615.0,16,37,388.3,4,49,53,43,21,16,15,0,-29,215,172,162,96,229.59504132231405,46.239669421487605,23.925619834710744,10.429752066115702,470.5206611570248,381.05785123966945,281.86776859504135,107.35537190082644,10
446,Trendon Watford,Brooklyn Nets,PF,74,132,26,51,646.6,18,18,500.0,4,11,250.0,7,21,28,5,17,0,8,5,-50,107,102,79,33,295.65625,57.0390625,4.8515625,4.625,536.125,516.7890625,318.2265625,58.65625,10
447,Trent Forrest,Atlanta Hawks,G,13,52,6,10,225.0,1,2,50.0,0,1,0.0,1,4,5,13,5,0,1,0,1,31,18,26,18,37.0,7.0,16.333333333333332,0.0,75.0,72.66666666666667,48.0,14.666666666666668,6
448,Trevelin Queen,Orlando Magic,SG,0,8,0,2,0.0,0,0,0.0,0,1,0.0,0,1,1,0,1,0,0,0,-12,1,1,0,1,0.0,0.25,0.0,0.0,0.25,0.25,0.0,0.25,1
449,Trey Jemison,Memphis Grizzlies,C,60,204,26,48,528.1,8,11,450.0,0,0,0.0,19,27,46,8,36,5,12,11,-46,114,106,68,54,132.08264462809916,34.95867768595041,7.652892561983471,0.0,318.0,279.4710743801653,157.86776859504133,55.35537190082644,10
450,Trey Lyles,Sacramento Kings,PF,53,194,19,48,399.6,10,14,600.0,5,25,236.7,12,31,43,8,20,2,7,4,5,104,96,61,51,133.07709750566892,12.138321995464853,8.213151927437641,7.947845804988662,203.04308390022672,146.30839002267572,180.9183673469388,29.244897959183675,10
451,Trey Murphy III,New Orleans Pelicans,SG,158,311,50,116,408.1,22,31,633.4,36,92,350.4,11,43,54,26,13,15,1,9,104,238,212,184,80,888.7716049382716,54.5,37.160493827160494,76.79012345679013,1062.864197530864,1078.2716049382716,871.3641975308641,93.6604938271605,10
452,Troy Brown Jr.,Detroit Pistons,SF,30,95,11,30,232.9,2,2,100.0,6,18,206.6,2,16,18,8,6,1,3,0,-31,56,48,38,26,64.88888888888889,21.654320987654323,8.098765432098766,3.555555555555556,177.55555555555557,136.46913580246914,101.72839506172839,34.0,8
453,TyTy Washington Jr.,Milwaukee Bucks,G,0,8,0,2,0.0,0,0,0.0,0,1,0.0,0,0,0,1,0,0,0,0,-4,1,0,1,1,0.0,0.0,0.44444444444444453,0.0,0.44444444444444453,0.0,0.44444444444444453,0.44444444444444453,1
454,Tyler Herro,Miami Heat,PG,165,290,64,148,394.5,10,13,333.4,27,69,369.6,3,45,48,47,9,0,12,1,52,260,213,212,95,148.0,24.0,23.555555555555557,12.0,266.88888888888886,188.0,200.22222222222223,74.22222222222223,9
455,Tyrese Haliburton,Indiana Pacers,PG,156,327,59,140,391.6,16,20,421.7,22,75,265.9,5,31,36,102,7,12,21,3,-5,294,192,258,138,496.9529085872576,36.847645429362885,104.51523545706371,25.689750692520775,1067.1412742382272,543.601108033241,992.6648199445983,169.19113573407202,10
456,Tyrese Maxey,Philadelphia 76ers,PG,264,379,96,216,444.8,44,47,825.0,28,77,357.3,6,42,48,56,23,10,24,3,-63,368,312,320,104,414.08284023668637,52.84023668639053,33.25443786982249,14.0,701.7159763313609,595.9408284023668,486.1301775147929,119.82248520710058,10
457,Tyus Jones,Washington Wizards,PG,94,304,37,78,448.7,2,2,200.0,18,43,422.5,5,20,25,99,5,8,13,2,-82,218,119,193,124,340.90000000000003,34.525,184.125,23.825,818.5,522.925,628.325,226.8,10
458,Udoka Azubuike,Phoenix Suns,C,2,11,1,3,33.3,0,2,0.0,0,0,0.0,2,4,6,0,1,0,0,0,-3,8,8,2,6,1.7777777777777781,13.444444444444443,0.0,0.0,25.0,25.0,1.7777777777777781,13.444444444444443,1
459,Vasilije Micic,Charlotte Hornets,G,102,243,39,97,393.7,18,21,516.7,6,34,186.9,5,14,19,53,12,8,21,0,-66,174,121,155,72,352.5,19.216049382716047,38.11111111111111,4.419753086419753,481.45679012345676,488.1604938271605,356.94444444444446,46.179012345679006,10
460,Victor Wembanyama,San Antonio Spurs,C,228,302,80,162,493.7,44,52,753.0,24,56,435.8,21,88,109,48,22,19,36,51,15,385,337,276,157,378.27681660899657,77.8719723183391,32.68512110726643,13.197231833910033,706.598615916955,495.1384083044982,554.083044982699,146.21107266435988,10
461,Vince Williams Jr.,Memphis Grizzlies,G,127,336,42,92,459.70000000000005,30,38,723.3,13,34,328.8,8,54,62,61,30,12,34,9,-54,250,189,188,123,223.84764542936287,72.2382271468144,33.13296398891967,16.878116343490305,496.0,470.18559556786704,229.2908587257618,125.74238227146813,10
462,Vit Krejci,Atlanta Hawks,G,3,22,1,5,20.0,0,0,0.0,1,4,25.0,1,0,1,5,1,2,0,1,7,9,4,8,6,3.24,0.36,9.0,0.36,29.160000000000004,5.76,23.04,12.96,1
463,Walker Kessler,Utah Jazz,C,88,234,38,59,676.8,12,15,525.0,0,3,0.0,26,49,75,14,23,7,12,28,-24,177,163,102,89,155.62130177514794,63.698224852071,9.443786982248522,0.0,373.9822485207101,349.0,178.36686390532543,75.37869822485209,10
464,Wendell Carter Jr.,Orlando Magic,C,126,263,47,80,590.7,19,27,465.0,13,29,365.1,24,48,72,15,22,4,14,7,16,213,198,141,87,265.77839335180056,59.74515235457064,4.562326869806094,8.102493074792244,386.3961218836565,366.0941828254848,274.81163434903044,75.57617728531856,10
465,Wendell Moore Jr.,Minnesota Timberwolves,G,2,5,1,1,100.0,0,0,0.0,0,0,0.0,0,2,2,0,1,0,0,0,8,4,4,2,2,0.44444444444444453,1.0,0.1111111111111111,0.0,1.7777777777777781,2.7777777777777772,0.11111111111111106,0.44444444444444453,1
466,Wenyen Gabriel,Memphis Grizzlies,F,2,13,1,3,33.3,0,2,0.0,0,0,0.0,2,2,4,2,2,1,1,0,6,8,6,4,6,0.0,0.0,0.0,0.0,0.0,0.0,0.0,0.0,1
467,Wesley Matthews,Atlanta Hawks,SG,14,38,5,9,233.3,0,1,0.0,4,7,240.0,0,7,7,1,3,1,0,2,-6,22,21,15,8,22.96,15.24,0.7600000000000002,2.16,57.839999999999996,59.16,23.0,14.639999999999999,4
468,Xavier Tillman,Boston Celtics,F,28,100,11,20,262.5,5,8,150.0,1,4,50.0,6,12,18,7,8,5,0,3,-11,53,46,35,25,50.3125,9.8125,5.578125,0.828125,96.703125,71.25,75.203125,15.953125,5
469,Yuta Watanabe,Memphis Grizzlies,SF,20,90,9,23,150.0,0,2,0.0,2,12,64.3,0,9,9,5,5,5,4,0,-31,34,29,25,14,114.74074074074076,11.0,3.2962962962962963,1.4074074074074074,136.74074074074073,132.40740740740742,114.40740740740739,18.962962962962965,6
470,Zach Collins,San Antonio Spurs,PF,103,189,41,84,485.5,12,20,436.7,9,17,483.4,18,31,49,29,20,3,15,7,-55,181,152,132,78,345.8581314878893,104.95847750865052,20.958477508650518,7.083044982698962,598.5709342560554,546.2560553633218,370.2560553633218,153.83391003460207,10
471,Zeke Nnaji,Denver Nuggets,PF,37,103,12,31,358.3,13,14,450.0,0,3,0.0,14,10,24,3,10,4,3,11,-23,64,61,40,27,88.3469387755102,4.418367346938775,2.5,0.0,133.3877551020408,109.03061224489797,109.27551020408163,10.346938775510205,10
472,Ziaire Williams,Memphis Grizzlies,F,86,223,32,76,319.0,13,16,421.4,9,36,163.7,5,29,34,14,11,9,11,0,-44,134,120,100,48,399.5,29.5,13.5,12.875,607.5,516.0,492.0,42.0,8
473,Zion Williamson,New Orleans Pelicans,PF,210,316,83,158,520.5,43,56,738.2,1,3,50.0,18,44,62,67,19,7,27,12,57,339,272,277,129,541.6262975778546,81.79930795847751,66.78546712802768,0.9169550173010381,759.5190311418686,671.2733564013841,620.363321799308,158.0934256055363,10
