,First Last Name,team,position,points,minutes,fgm,fga,fgp,ftm,fta,ftp,tpm,tpa,tpp,offReb,defReb,totReb,assists,pFouls,steals,turnovers,blocks,plusMinus,Points_Rebounds_Assist,Points_Rebounds,Points_Assist,Rebounds_Assist,points_deviation,totReb_deviation,assists_deviation,tpm_deviation,Points_Rebounds_Assist_deviation,Points_Rebounds_deviation,Points_Assist_deviation,Rebounds_Assist_deviation,count
0,A. Flagler,Oklahoma City Thunder,F,0,6,0,3,0.0,0,0,0.0,0,3,0.0,0,0,0,1,0,0,0,0,0,1,0,1,1,0.0,0.0,0.0,0.0,0.0,0.0,0.0,0.0,1
1,A.J. Green,Milwaukee Bucks,G,72,146,24,55,410.6,5,6,266.7,19,47,375.3,1,16,17,10,9,3,6,1,-20,99,89,82,27,521.5390625,12.2890625,12.9765625,38.0390625,654.2265625,532.5,644.40625,24.125,10
2,A.J. Lawson,Dallas Mavericks,G,14,31,6,13,170.0,1,4,50.0,1,4,50.0,2,4,6,1,4,0,0,1,-7,21,20,15,7,27.530864197530864,5.08641975308642,0.7530864197530864,0.8271604938271604,31.197530864197528,30.0,27.5679012345679,7.0,4
3,Aaron Gordon,Denver Nuggets,PF,153,300,60,103,608.6,27,36,585.0,6,22,208.3,17,45,62,36,17,11,21,6,64,251,215,189,98,241.9777777777778,150.0,30.444444444444446,4.4,617.4,683.7111111111111,219.8,136.3111111111111,10
4,Aaron Holiday,Houston Rockets,G,63,130,23,53,270.5,5,7,150.0,12,24,302.5,4,5,9,16,15,3,7,1,-39,88,72,79,25,484.25951557093424,9.373702422145328,14.505190311418684,23.688581314878896,662.6228373702422,598.2560553633218,539.4290657439446,33.07612456747405,10
5,Aaron Nesmith,Indiana Pacers,SF,112,272,39,81,463.5,19,28,498.8,15,41,356.5,5,25,30,17,33,9,13,5,6,159,142,129,47,379.77514792899404,55.14792899408285,16.786982248520708,11.698224852071007,746.6094674556214,645.0177514792898,440.5147928994083,112.7869822485207,10
6,Aaron Wiggins,Oklahoma City Thunder,SG,62,158,23,46,480.0,9,10,450.0,7,17,316.7,9,11,20,5,9,10,10,5,29,87,82,67,25,157.97530864197532,14.444444444444443,5.611111111111112,7.790123456790124,213.58641975308643,186.4938271604938,186.62345679012347,18.5,10
7,Al Horford,Boston Celtics,C,84,260,34,63,499.8,5,6,250.0,11,28,309.4,13,45,58,21,11,8,4,12,84,163,142,105,79,206.0,17.632653061224488,62.90816326530613,15.030612244897958,553.4795918367347,302.7755102040816,424.3367346938776,112.90816326530613,10
8,Alec Burks,New York Knicks,SG,87,165,31,96,311.0,11,17,358.3,14,47,288.9,5,13,18,9,7,2,9,1,-53,114,105,96,27,297.31111111111113,13.111111111111109,5.399999999999999,10.8,360.0,352.59999999999997,302.44444444444446,20.77777777777777,10
9,Aleksej Pokusevski,Oklahoma City Thunder,F,4,13,1,3,50.0,1,2,50.0,1,2,100.0,0,1,1,0,0,1,0,0,-8,5,5,4,1,8.0,0.5,0.0,0.5,12.5,12.5,8.0,0.5,2
10,Alex Caruso,Chicago Bulls,SG,81,307,29,78,375.3,9,10,300.0,14,49,298.4,6,35,41,35,26,25,13,13,15,157,122,116,76,135.4,52.91111111111111,38.51111111111111,12.577777777777778,131.3111111111111,144.44444444444443,113.24444444444444,100.44444444444444,10
11,Alex Len,Sacramento Kings,C,29,83,13,24,386.7,3,7,60.0,0,1,0.0,9,14,23,2,12,4,5,7,11,54,52,31,25,91.69421487603304,6.289256198347107,1.603305785123967,0.0,100.92561983471077,89.88429752066116,107.0,3.6280991735537182,8
12,Alondes Williams,Miami Heat,G,0,6,0,1,0.0,0,0,0.0,0,1,0.0,0,1,1,0,0,0,1,0,-2,1,1,0,1,0.0,0.25,0.0,0.0,0.25,0.25,0.0,0.25,1
13,Alperen Sengun,Houston Rockets,C,213,333,81,154,526.0,46,73,664.0,5,14,250.0,37,63,100,49,39,15,29,10,-17,362,313,262,149,798.7231833910034,254.18685121107265,118.95155709342562,4.508650519031142,1809.60553633218,1588.3702422145327,894.0968858131487,499.0,10
14,Amen Thompson,Houston Rockets,F,89,239,37,78,406.6,14,25,368.3,1,11,33.3,31,41,72,20,25,18,13,12,-29,181,161,109,92,503.6111111111111,106.5,25.97530864197531,0.9197530864197531,965.1234567901234,768.1111111111111,661.9567901234568,171.14197530864197,10
15,Amir Coffey,LA Clippers,SG,60,234,22,52,382.1,9,10,450.0,7,22,308.3,5,16,21,16,17,10,6,1,-38,97,81,76,37,236.3213296398892,29.565096952908586,13.20775623268698,7.0,294.5346260387812,291.02770083102496,261.5623268698061,21.038781163434905,10
16,Andre Drummond,Chicago Bulls,C,99,213,41,81,475.1,17,24,675.0,0,1,0.0,35,71,106,2,25,4,13,7,7,207,205,101,108,245.63667820069205,347.3287197231834,1.6124567474048443,0.0,976.432525951557,940.7162629757786,256.1349480968858,374.159169550173,10
17,Andre Jr. Jackson,Milwaukee Bucks,G,8,62,3,8,233.3,0,0,0.0,2,5,200.0,0,8,8,8,6,3,2,0,-3,24,16,16,16,11.58677685950413,3.0,8.256198347107436,1.4380165289256195,32.2809917355372,25.132231404958677,17.644628099173552,12.347107438016527,5
18,Andrew Nembhard,Indiana Pacers,PG,100,297,43,81,576.2,2,3,66.7,12,26,566.7,6,19,25,35,20,16,10,1,-2,160,125,135,60,71.46020761245674,30.577854671280274,41.96193771626297,5.6678200692041525,144.8650519031142,93.07612456747404,116.92387543252595,78.86505190311419,10
19,Andrew Wiggins,Golden State Warriors,SF,141,265,55,106,500.7,12,15,566.7,19,38,523.3,13,32,45,25,17,12,8,4,41,211,186,166,70,274.77777777777777,61.4,19.044444444444444,5.444444444444445,413.79999999999995,453.7777777777777,240.40000000000003,74.84444444444443,10
20,Anfernee Simons,Portland Trail Blazers,SG,218,356,77,192,395.9,31,32,885.7,33,91,355.1,3,35,38,62,28,3,33,0,-47,318,256,280,100,796.0,27.65625,115.6015625,24.1015625,1192.2890625,785.15625,1160.3515625,186.0390625,10
21,Anthony Black,Orlando Magic,G,74,228,24,52,416.9,13,18,550.0,13,24,408.3,7,22,29,12,16,6,8,3,45,115,103,86,41,279.40625,57.0,4.0,17.0,420.15625,405.65625,293.90625,61.0,10
22,Anthony Davis,Los Angeles Lakers,PF,249,350,92,162,563.5,63,74,758.4,2,12,66.6,29,103,132,21,21,8,17,26,23,402,381,270,153,638.4878892733565,29.813148788927332,34.4878892733564,1.6885813148788926,845.8131487889274,873.6712802768167,636.0,38.930795847750865,10
23,Anthony Edwards,Minnesota Timberwolves,SG,274,339,96,207,446.0,59,67,887.6,23,73,321.9,2,50,52,44,12,16,21,6,98,370,326,318,96,815.5640138408305,49.61245674740485,46.0,20.840830449826992,982.8650519031141,935.3356401384083,828.2698961937717,130.43598615916954,10
24,Anthony Gill,Washington Wizards,PF,3,21,1,4,100.0,0,0,0.0,1,2,100.0,0,3,3,3,0,4,4,0,13,9,6,6,6,6.0,2.083333333333333,6.75,0.7500000000000001,9.333333333333334,14.083333333333336,6.75,3.333333333333334,3
25,Ashton Hagans,Portland Trail Blazers,G,37,169,14,35,388.0,7,9,300.0,2,9,50.0,6,16,22,30,24,7,18,6,-12,89,59,67,52,119.22916666666667,14.729166666666664,50.25,3.5833333333333326,385.5833333333335,187.6666666666667,287.0625,95.0625,9
26,Ausar Thompson,Detroit Pistons,F,114,317,49,93,554.6,9,21,275.0,7,24,216.7,14,43,57,23,27,18,14,10,-15,194,171,137,80,142.2265625,46.125,31.4140625,6.5,250.0,183.6640625,157.125,128.9765625,10
27,Austin Reaves,Los Angeles Lakers,SG,155,338,59,114,523.4,14,14,500.0,23,51,420.7,5,43,48,64,17,8,25,5,12,267,203,219,112,149.40443213296405,44.77562326869806,90.47091412742382,14.401662049861496,197.82548476454292,95.37673130193906,286.6398891966759,100.45983379501386,10
28,Ayo Dosunmu,Chicago Bulls,SG,167,391,64,135,460.9,11,14,358.3,28,65,408.7,9,28,37,57,22,12,20,2,-20,261,204,224,94,413.1384083044983,40.259515570934255,57.49134948096886,27.10726643598616,428.0380622837371,354.30449826989627,463.2595155709343,121.36332179930795,10
29,Bam Adebayo,Miami Heat,C,209,344,87,155,567.7,35,46,620.3,0,1,0.0,20,71,91,38,25,12,24,8,79,338,300,247,129,213.8444444444444,76.77777777777779,86.0,0.0,451.19999999999993,263.59999999999997,310.1111111111112,254.1111111111111,10
30,Ben Sheppard,Indiana Pacers,G,77,184,27,53,468.7,5,5,300.0,18,40,396.2,1,23,24,6,22,9,4,2,21,107,101,83,30,219.47959183673467,65.10204081632652,14.5,26.97959183673469,419.48979591836735,347.2755102040817,297.1224489795918,74.17346938775509,10
31,Ben Simmons,Brooklyn Nets,PG,53,168,24,38,521.1,5,11,150.0,0,0,0.0,15,39,54,46,20,9,12,4,-5,153,107,99,100,134.88888888888889,64.0,78.88888888888889,0.0,382.0,162.8888888888889,300.0,196.88888888888889,9
32,Bennedict Mathurin,Indiana Pacers,SG,139,275,44,115,340.3,35,45,614.5,16,44,245.0,10,33,43,23,24,7,17,4,-18,205,182,162,66,781.0,123.09467455621302,38.14792899408284,30.68639053254438,1447.5443786982248,1127.940828402367,996.8402366863905,265.00591715976327,10
33,Bilal Coulibaly,Washington Wizards,SG,82,278,26,76,413.8,21,29,603.3,9,35,198.3,13,28,41,14,26,7,15,5,-129,137,123,96,55,270.0,48.777777777777786,4.4,15.000000000000002,538.6444444444444,474.64444444444445,322.8,64.37777777777778,10
34,Bismack Biyombo,Oklahoma City Thunder,C,2,22,1,4,33.3,0,0,0.0,0,0,0.0,2,1,3,1,5,0,1,1,5,6,5,3,4,2.75,2.0,0.6875,0.0,14.1875,8.75,6.1875,4.6875,3
35,Blake Wesley,San Antonio Spurs,G,44,157,14,31,368.4,15,18,525.0,1,10,100.0,3,9,12,25,11,4,12,0,-35,81,56,69,37,140.44982698961937,9.60553633217993,45.0,0.9584775086505191,195.89273356401384,152.42214532871972,198.15570934256056,40.37024221453287,10
36,Bobby Portis,Milwaukee Bucks,F,169,245,71,133,529.4,13,16,530.0,14,34,435.0,15,63,78,20,20,6,15,3,11,267,247,189,98,229.9750692520776,107.81717451523546,10.692520775623269,8.5595567867036,541.5152354570637,504.5844875346261,245.68144044321326,139.73407202216066,10
37,Bogdan Bogdanovic,Atlanta Hawks,SG,150,316,52,127,391.4,20,20,900.0,26,72,353.2,6,32,38,35,16,11,22,3,46,223,188,185,73,446.9382716049382,33.95679012345679,18.623456790123456,21.23456790123457,455.1975308641975,400.2777777777777,534.2777777777777,20.160493827160494,10
38,Bojan Bogdanovic,New York Knicks,SF,143,262,48,120,373.9,24,28,675.0,23,67,323.2,4,29,33,13,24,5,15,2,-81,189,176,156,46,333.4023668639053,26.159763313609467,24.171597633136095,33.09467455621302,451.8520710059172,361.82248520710056,408.0,65.76331360946746,10
39,Bol Bol,Phoenix Suns,C,74,162,33,59,552.0,3,5,200.0,5,19,211.7,12,34,46,5,20,1,3,10,16,125,120,79,51,425.61111111111114,124.7361111111111,2.569444444444444,4.569444444444444,931.4444444444446,947.625,413.125,123.61111111111113,10
40,Bones Hyland,LA Clippers,PG,17,66,8,32,151.8,0,0,0.0,1,16,50.0,1,3,4,15,7,2,6,1,-20,36,21,32,19,26.06122448979592,1.346938775510204,33.775510204081634,0.8367346938775512,40.48979591836735,35.0,39.673469387755105,27.0,6
41,Bradley Beal,Phoenix Suns,SG,198,312,73,144,541.4,31,36,623.3,21,48,530.0,11,30,41,50,19,10,31,1,26,289,239,248,91,1318.9444444444443,65.125,70.625,29.236111111111107,1740.111111111111,1415.5694444444446,1632.736111111111,146.5,10
42,Brandin Podziemski,Golden State Warriors,G,102,301,40,96,399.79999999999995,4,9,133.3,18,43,399.6,15,45,60,48,9,6,16,2,71,210,162,150,108,356.1975308641976,37.21604938271605,50.94444444444444,22.938271604938272,701.7777777777777,482.94444444444446,565.7345679012346,97.4567901234568,10
43,Brandon Boston Jr.,LA Clippers,SG,28,56,11,28,190.5,4,6,200.0,2,6,150.0,3,3,6,1,6,1,0,2,-15,35,34,29,7,105.39999999999999,8.6,0.8500000000000001,1.4000000000000004,164.05,144.0,121.25,13.649999999999999,5
44,Brandon Ingram,New Orleans Pelicans,SF,210,335,77,161,492.6,45,56,694.5,11,38,246.2,8,42,50,63,25,9,35,9,73,323,260,273,113,476.4,48.84444444444445,19.444444444444443,13.400000000000002,608.111111111111,700.7111111111112,403.7111111111111,48.37777777777778,10
45,Brandon Miller,Charlotte Hornets,F,179,351,69,155,460.5,14,16,550.0,27,70,395.2,8,42,50,26,24,13,27,5,-15,255,229,205,76,322.54938271604937,51.51234567901235,24.401234567901234,10.277777777777779,550.253086419753,534.1111111111111,350.7777777777777,63.82716049382716,10
46,Brandon Williams,Dallas Mavericks,G,5,19,1,7,33.3,3,3,100.0,0,1,0.0,1,1,2,4,1,0,1,0,-12,11,7,9,6,18.0,3.0000000000000004,3.0,0.0,29.999999999999993,15.666666666666668,29.0,9.333333333333336,3
47,Braxton Key,Denver Nuggets,F,2,6,1,1,100.0,0,1,0.0,0,0,0.0,1,1,2,0,1,0,0,0,2,4,4,2,2,2.25,1.0,0.0,0.0,6.25,6.25,2.25,1.0,1
48,Brice Sensabaugh,Utah Jazz,F,48,124,17,37,302.5,5,5,200.0,9,22,320.0,3,16,19,5,13,1,10,0,-27,72,67,53,24,95.32,109.08000000000001,3.52,3.67,395.5200000000001,376.08,102.68,124.67999999999998,7
49,Brook Lopez,Milwaukee Bucks,C,95,286,33,87,341.4,9,12,350.0,20,59,314.7,11,35,46,18,18,6,8,21,125,159,141,113,64,235.9765625,72.6640625,17.7265625,19.9140625,450.4140625,399.125,262.5,115.15625,10
50,Bruce Brown,Toronto Raptors,SF,78,238,29,68,397.2,18,18,700.0,2,17,100.0,6,25,31,23,17,4,7,1,-65,132,109,101,54,175.77777777777777,42.111111111111114,24.37777777777778,2.0,376.0,261.5777777777778,268.9111111111111,87.77777777777779,10
51,Bruno Fernando,Atlanta Hawks,PF,68,185,29,49,595.8,10,14,375.0,0,0,0.0,21,33,54,10,29,8,10,9,-10,132,122,78,64,80.0,110.59171597633136,14.059171597633137,0.0,149.32544378698225,150.74556213017752,94.36686390532545,108.86390532544378,10
52,Bryce McGowens,Charlotte Hornets,G,57,161,18,37,330.8,16,20,491.7,5,15,180.0,3,21,24,9,14,6,4,3,-18,90,81,66,33,216.5,27.06122448979592,5.0,6.70408163265306,357.2755102040816,356.98979591836735,222.5,26.346938775510203,10
53,Buddy Hield,Philadelphia 76ers,SG,142,321,51,121,417.7,7,7,300.0,33,76,448.9,5,27,32,50,27,11,16,3,-42,224,174,192,82,260.4598337950139,12.08864265927978,64.6814404432133,12.19667590027701,541.0581717451523,309.14127423822714,511.4016620498615,57.74515235457064,10
54,CJ McCollum,New Orleans Pelicans,SG,167,292,63,151,391.8,10,12,241.7,31,83,353.6,4,40,44,37,19,6,10,4,27,248,211,204,81,693.0,23.111111111111107,40.644444444444446,23.0,1072.0,884.1111111111111,875.2444444444444,69.4,10
55,Cade Cunningham,Detroit Pistons,PG,214,313,79,168,465.8,32,37,618.9,24,54,366.2,7,41,48,75,22,5,26,6,-21,337,262,289,123,549.1020408163265,26.244897959183675,32.5,31.47959183673469,646.5,654.0,561.6020408163265,38.74489795918367,10
56,Caleb Houstan,Orlando Magic,G,30,91,10,20,211.1,0,0,0.0,10,19,244.4,2,9,11,2,8,2,2,2,11,43,41,32,13,126.0,25.861111111111114,1.25,14.0,239.4444444444445,226.86111111111117,130.25,35.44444444444445,4
57,Caleb Martin,Miami Heat,SF,112,289,40,83,477.4,13,15,560.0,19,41,459.6,13,36,49,19,20,7,14,7,72,180,161,131,68,226.97777777777776,63.800000000000004,10.91111111111111,19.400000000000002,442.0,461.5777777777778,229.8,52.31111111111111,10
58,Cam Reddish,Los Angeles Lakers,SF,8,52,3,8,83.3,0,0,0.0,2,4,100.0,3,4,7,0,4,2,1,0,8,15,15,8,7,14.0,1.6875,0.0,0.75,22.6875,22.6875,14.0,1.6875,3
59,Cam Thomas,Brooklyn Nets,SG,198,328,70,178,374.6,35,39,903.4,23,63,344.5,7,29,36,38,25,12,17,0,-59,272,234,236,74,763.1111111111111,42.625,36.5,32.111111111111114,928.7361111111111,784.7361111111111,879.6111111111111,106.625,10
60,Cam Whitmore,Houston Rockets,F,129,198,49,111,427.2,17,24,418.3,14,48,273.1,10,27,37,7,13,4,17,4,-31,173,166,136,44,223.00000000000003,56.37777777777777,2.111111111111111,12.577777777777778,343.0,350.4444444444444,223.24444444444444,50.8,10
61,Cameron Johnson,Brooklyn Nets,SF,130,248,42,96,410.8,22,26,571.7,24,62,370.9,7,28,35,21,21,10,10,5,-34,186,165,151,56,590.792899408284,61.69822485207101,18.928994082840237,36.437869822485204,802.3313609467457,689.2840236686391,702.4674556213018,82.0,10
62,Cameron Payne,Philadelphia 76ers,PG,98,188,36,88,395.5,11,12,400.0,15,43,286.2,4,12,16,29,16,3,8,1,1,143,114,127,45,300.0,26.475308641975307,51.34567901234568,18.5,410.27777777777777,377.58641975308643,327.5679012345679,82.94444444444446,10
63,Caris LeVert,Cleveland Cavaliers,SG,107,285,41,109,389.5,13,16,383.3,12,43,274.5,8,43,51,67,22,6,17,8,26,225,158,174,118,152.27777777777777,72.77777777777779,117.80864197530866,7.604938271604938,693.7901234567902,373.61111111111114,380.2716049382716,282.7716049382716,10
64,Cason Wallace,Oklahoma City Thunder,G,53,172,21,45,464.1,1,3,100.0,10,27,375.0,9,17,26,12,6,12,3,4,44,91,79,65,38,130.94444444444443,19.438271604938272,9.80864197530864,10.123456790123457,260.94444444444446,223.34567901234567,154.01234567901236,43.77777777777778,10
65,Cedi Osman,San Antonio Spurs,SF,42,148,16,35,390.0,2,2,100.0,8,21,283.3,4,20,24,18,10,6,9,0,-31,84,66,60,42,111.74394463667821,22.5121107266436,20.048442906574397,7.017301038062284,109.4809688581315,161.96539792387543,79.21107266435986,22.60899653979239,10
66,Charlie Brown Jr.,New York Knicks,G,3,27,1,5,20.0,0,0,0.0,1,3,33.3,1,1,2,0,4,0,0,1,-6,5,5,3,2,5.625,2.5,0.0,0.625,15.625,15.625,5.625,2.5,2
67,Chet Holmgren,Oklahoma City Thunder,PF,189,312,68,117,575.5,37,42,876.7,16,43,294.1,20,71,91,28,24,6,16,23,55,308,280,217,119,284.0864197530865,77.44444444444444,43.660493827160494,21.23456790123457,588.5,404.9382716049382,459.6111111111111,129.14197530864197,10
68,Chimezie Metu,Phoenix Suns,PF,4,15,2,4,50.0,0,0,0.0,0,0,0.0,1,3,4,1,1,2,3,0,-7,9,8,5,5,10.0,4.0,0.625,0.0,34.625,26.0,15.625,7.625,2
69,Chris Boucher,Toronto Raptors,PF,33,48,12,16,360.0,7,9,250.0,2,6,150.0,4,14,18,1,6,1,4,2,8,52,51,34,19,60.13888888888889,12.13888888888889,0.8055555555555557,1.2222222222222223,132.80555555555554,118.0,70.0,17.888888888888886,5
70,Chris Duarte,Sacramento Kings,SG,39,106,14,29,275.0,1,1,100.0,10,21,266.7,5,13,18,3,6,5,0,3,0,60,57,42,21,231.75,13.984375,1.734375,11.734375,320.4375,303.359375,248.109375,16.4375,7
71,Chris Livingston,Milwaukee Bucks,F,0,6,0,2,0.0,0,0,0.0,0,2,0.0,0,1,1,1,4,0,1,0,-10,2,1,1,2,0.0,0.0625,0.5625,0.0,1.0,0.0625,0.5625,1.0,1
72,Chris Paul,Golden State Warriors,PG,41,113,14,35,194.2,3,4,75.0,10,23,200.0,1,16,17,33,6,13,7,0,0,91,58,74,50,75.47222222222223,3.4722222222222223,10.0,6.0,63.0,101.0,48.80555555555556,2.138888888888888,5
73,Christian Braun,Denver Nuggets,G,63,218,23,57,429.0,12,20,358.3,5,20,216.7,13,27,40,12,20,10,6,8,8,115,103,75,52,137.04444444444445,50.400000000000006,13.777777777777779,2.511111111111111,248.1111111111111,272.77777777777777,121.84444444444445,54.711111111111116,10
74,Christian Wood,Los Angeles Lakers,F,59,133,22,51,477.0,11,14,450.0,4,19,225.0,6,28,34,6,12,5,5,2,-14,99,93,65,40,152.9,54.39999999999999,4.3999999999999995,2.4000000000000004,304.9,284.1,156.5,76.0,10
75,Chuma Okeke,Orlando Magic,PF,0,19,0,2,0.0,0,0,0.0,0,2,0.0,0,1,1,1,2,1,0,0,-3,2,1,1,2,0.75,0.7200000000000002,0.8300000000000001,0.030000000000000006,0.7200000000000001,1.0699999999999998,0.88,1.0699999999999998,3
76,Clint Capela,Atlanta Hawks,C,98,224,42,80,521.4,14,21,525.0,0,0,0.0,41,57,98,13,23,3,11,10,4,209,196,111,111,147.40277777777777,74.40277777777777,12.11111111111111,0.0,437.6111111111111,388.5,193.125,89.90277777777777,10
77,Coby White,Chicago Bulls,PG,210,404,72,172,421.7,36,41,813.3,30,85,341.9,7,44,51,58,23,9,19,2,-34,319,261,268,109,653.840830449827,32.95847750865052,74.04152249134947,42.86505190311419,737.4221453287198,696.5986159169549,653.5086505190311,148.15570934256056,10
78,Cody Martin,Charlotte Hornets,SF,69,285,28,76,367.2,6,7,250.0,7,30,228.2,6,44,50,42,15,11,20,7,-28,161,119,111,92,119.44444444444446,25.111111111111107,68.97777777777779,3.4444444444444446,210.51111111111112,123.0,199.84444444444446,101.2,10
79,Cody Zeller,New Orleans Pelicans,C,5,26,2,5,100.0,1,2,50.0,0,0,0.0,3,8,11,1,3,2,3,0,11,17,16,6,12,3.6122448979591835,2.795918367346939,0.8775510204081631,0.0,7.0,9.30612244897959,2.6530612244897958,2.3265306122448974,4
80,Colby Jones,Sacramento Kings,G,2,7,1,3,33.3,0,0,0.0,0,0,0.0,0,3,3,1,1,0,0,0,0,6,5,3,4,1.0,1.0,0.25,0.0,6.25,4.0,2.25,2.25,1
81,Cole Anthony,Orlando Magic,PG,105,219,43,99,435.4,10,13,583.3,9,32,298.3,4,35,39,27,23,10,11,6,19,171,144,132,66,165.30470914127423,37.02216066481994,50.878116343490305,7.166204986149584,236.0360110803324,125.82825484764544,299.4958448753463,63.91689750692521,10
82,Cole Swider,Miami Heat,F,2,11,0,4,0.0,2,2,100.0,0,4,0.0,0,2,2,1,0,0,3,0,-8,5,4,3,3,2.0,0.0,0.5,0.0,4.5,2.0,4.5,0.5,2
83,Collin Gillespie,Denver Nuggets,G,30,64,11,20,197.8,1,3,50.0,7,11,200.0,0,7,7,7,6,5,5,0,8,44,37,37,14,157.84,3.24,7.24,9.24,242.96,167.15999999999997,231.16,12.96,4
84,Collin Sexton,Utah Jazz,PG,220,298,72,143,491.2,52,63,735.6,24,50,406.8,6,19,25,58,16,14,20,3,-4,303,245,278,83,344.86419753086415,26.623456790123456,53.882716049382715,22.401234567901234,603.716049382716,440.6975308641976,486.94444444444446,101.44444444444444,10
85,Corey Kispert,Washington Wizards,SF,124,248,45,107,403.8,12,17,408.3,22,61,348.5,3,27,30,24,21,7,18,3,-84,178,154,148,54,464.5397923875433,20.865051903114185,54.449826989619375,20.048442906574394,857.3148788927335,552.892733564014,730.5467128027682,113.73010380622839,10
86,Cory Joseph,Golden State Warriors,PG,13,33,5,10,150.0,0,0,0.0,3,7,116.7,1,3,4,5,4,0,1,0,-6,22,17,18,9,20.666666666666664,0.6666666666666666,0.6666666666666666,2.0,12.666666666666666,18.666666666666664,14.0,2.0,3
87,Craig Jr. Porter,Cleveland Cavaliers,G,23,45,10,20,208.3,3,3,200.0,0,2,0.0,3,7,10,7,3,2,2,0,-6,40,33,30,17,102.39999999999998,10.8,4.450000000000001,0.0,178.45,160.4,118.45000000000002,17.25,5
88,D'Angelo Russell,Los Angeles Lakers,PG,185,349,67,144,467.9,21,27,660.0,30,75,364.4,3,37,40,62,21,11,23,4,4,287,225,247,102,224.94444444444446,57.73456790123456,167.80864197530866,18.49382716049383,408.179012345679,278.53086419753083,218.82716049382717,361.3086419753088,10
89,D.J. Carton,Toronto Raptors,G,8,31,2,7,83.3,3,4,150.0,1,4,50.0,2,1,3,3,1,1,1,0,-30,14,11,11,6,8.666666666666668,2.0,2.0,0.6666666666666667,8.666666666666666,2.6666666666666665,18.666666666666668,0.0,3
90,Daishen Nix,Minnesota Timberwolves,SG,5,5,2,3,66.7,0,0,0.0,1,2,50.0,0,0,0,0,1,1,0,0,6,5,5,5,0,2.25,0.0,0.25,0.0625,1.0,2.25,1.0,0.25,1
91,Dalano Banton,Portland Trail Blazers,G,113,198,42,99,393.1,19,30,505.0,10,33,263.3,13,26,39,22,14,5,13,4,-39,174,152,135,61,378.67346938775506,58.673469387755105,29.846938775510203,8.204081632653061,843.4795918367347,648.6938775510204,544.9897959183673,116.98979591836735,10
92,Dalen Terry,Chicago Bulls,F,27,107,11,23,398.3,2,4,100.0,3,10,183.3,5,13,18,15,17,8,2,0,2,60,45,42,33,40.36,24.09,6.25,2.01,101.96,94.81,47.21,30.64,9
93,Damian Jones,Cleveland Cavaliers,C,9,26,3,5,150.0,3,3,100.0,0,0,0.0,3,5,8,1,3,0,2,4,-15,18,17,10,9,29.6530612244898,18.448979591836732,0.5918367346938775,0.0,100.0,94.87755102040818,32.734693877551024,21.081632653061224,2
94,Damian Lillard,Milwaukee Bucks,PG,220,331,70,172,410.4,48,50,955.0,32,85,385.5,4,45,49,62,23,9,31,2,97,331,269,282,111,488.3114186851211,75.31833910034602,50.68512110726643,9.667820069204152,697.1522491349481,613.2837370242215,522.159169550173,176.0242214532872,10
95,Daniel Gafford,Dallas Mavericks,C,90,172,38,56,507.90000000000003,14,21,390.0,0,0,0.0,26,45,71,8,23,6,9,14,-22,169,161,98,79,440.84444444444443,205.8,8.0,0.0,1256.2444444444445,1122.111111111111,511.3777777777778,277.40000000000003,10
96,Daniel Theis,LA Clippers,C,59,168,26,48,477.4,3,4,150.0,4,14,275.0,10,41,51,10,18,1,7,6,16,120,110,69,61,89.88775510204081,146.98979591836735,6.459183673469388,2.408163265306122,404.05102040816325,340.2040816326531,127.69387755102042,179.48979591836732,10
97,Danilo Gallinari,Milwaukee Bucks,PF,29,115,6,25,266.6,16,17,388.9,1,13,50.0,6,9,15,12,13,3,5,2,-42,56,44,41,27,142.90277777777777,10.569444444444446,13.61111111111111,1.902777777777778,195.6111111111111,166.44444444444446,170.125,26.125,10
98,Dante Exum,Dallas Mavericks,G,13,56,3,8,170.0,6,8,300.0,1,2,100.0,0,7,7,8,5,1,1,0,6,28,20,21,15,6.75,4.75,14.0,0.75,62.0,22.0,32.75,32.75,4
99,Danuel House Jr.,Philadelphia 76ers,SF,26,96,7,17,166.7,11,11,400.0,1,8,33.3,4,8,12,6,10,3,1,1,-25,44,38,32,18,22.8,11.2,6.800000000000001,0.8000000000000002,26.8,35.2,21.2,11.200000000000001,5
100,Dario Saric,Golden State Warriors,PF,28,112,12,37,298.3,2,3,100.0,2,21,83.3,7,17,24,19,8,0,12,1,-23,71,52,47,43,53.382716049382715,22.401234567901234,13.61111111111111,1.777777777777778,113.49382716049384,79.29012345679011,68.84567901234568,54.75308641975308,10
101,Darius Garland,Cleveland Cavaliers,PG,177,359,59,151,391.2,22,28,636.7,37,83,430.6,3,21,24,72,22,12,27,0,27,273,201,249,96,349.6648199445983,27.51246537396122,48.83102493074792,57.51523545706371,488.5013850415513,528.4182825484766,327.00554016620504,59.0858725761773,10
102,David Roddy,Phoenix Suns,F,78,190,30,76,398.8,11,17,401.7,7,29,171.9,5,28,33,14,10,3,13,1,-79,125,111,92,47,358.25,104.24999999999999,19.583333333333332,9.895833333333332,788.25,647.0,472.3333333333333,151.0,9
103,Davion Mitchell,Sacramento Kings,PG,69,151,27,39,635.8,2,4,100.0,13,21,433.3,2,10,12,15,16,2,5,1,-13,96,81,84,27,263.23268698060934,17.601108033240997,8.506925207756233,23.0,407.0858725761773,369.0,293.32409972299166,34.10249307479224,10
104,Davis Bertans,Charlotte Hornets,SF,86,145,29,63,451.1,2,3,66.7,26,58,442.8,0,13,13,5,11,3,1,2,14,104,99,91,18,162.44,32.410000000000004,4.25,13.64,296.24,270.89,180.09,44.36,9
105,Day'Ron Sharpe,Brooklyn Nets,C,60,127,23,37,588.5,11,18,350.0,3,5,200.0,19,30,49,13,17,4,12,3,-19,122,109,73,62,58.0,30.22222222222222,10.222222222222221,4.0,186.22222222222223,122.88888888888889,108.88888888888889,52.888888888888886,9
106,De'Aaron Fox,Sacramento Kings,PG,264,366,108,215,493.90000000000003,29,45,456.7,19,62,300.5,13,34,47,72,25,24,36,3,13,383,311,336,119,1069.3771626297578,80.93079584775086,61.716262975778534,14.916955017301039,1362.2179930795846,1525.8927335640137,923.5501730103806,124.79930795847751,10
107,De'Andre Hunter,Atlanta Hawks,SF,181,267,58,111,525.2,42,49,827.8,23,47,490.7,5,31,36,10,23,8,10,3,18,227,217,191,46,191.57777777777784,41.51111111111111,8.177777777777777,10.644444444444442,343.7111111111111,352.7777777777777,177.39999999999998,54.8,10
108,De'Anthony Melton,Philadelphia 76ers,SG,23,43,7,20,75.0,4,4,200.0,5,14,75.0,0,5,5,5,3,2,1,1,-2,33,28,28,10,128.66666666666666,2.666666666666667,2.666666666666667,8.666666666666666,206.0,164.66666666666669,164.66666666666669,10.666666666666668,3
109,DeAndre Jordan,Denver Nuggets,C,19,38,9,15,350.0,1,1,100.0,0,0,0.0,7,10,17,1,6,0,0,1,-17,37,36,20,18,13.88888888888889,38.0,0.8055555555555557,0.0,87.25,72.55555555555556,19.25,48.1388888888889,5
110,DeMar DeRozan,Chicago Bulls,SF,258,397,85,175,504.8,78,87,915.3,10,29,255.0,6,36,42,56,22,5,10,2,-3,356,300,314,98,406.3321799307958,67.59861591695503,25.730103806228374,8.0,450.75432525951555,532.3114186851211,308.43598615916954,109.66782006920415,10
111,Dean Wade,Cleveland Cavaliers,PF,46,159,15,38,260.2,5,7,216.7,11,33,233.4,3,28,31,5,8,4,1,8,28,82,77,51,36,469.2345679012346,34.91975308641975,4.6234567901234565,31.21604938271605,732.8641975308641,714.6975308641976,484.5,42.44444444444445,10
112,Deandre Ayton,Portland Trail Blazers,C,175,312,84,133,603.4,7,7,300.0,0,0,0.0,25,80,105,22,19,11,11,10,-34,302,280,197,127,572.1735537190083,266.68595041322317,9.71900826446281,0.0,1381.504132231405,1354.9752066115702,603.0,272.10743801652893,10
113,Dejounte Murray,Atlanta Hawks,SG,217,356,82,184,443.8,34,47,703.8,19,68,264.1,10,54,64,80,12,14,27,6,-27,361,281,297,144,345.0,57.24444444444445,60.400000000000006,15.799999999999999,481.57777777777767,479.84444444444443,376.6,87.77777777777779,10
114,Delon Wright,Miami Heat,SG,40,119,14,28,466.6,7,8,183.3,5,11,350.0,4,9,13,18,3,7,0,3,9,71,53,58,31,105.33333333333331,5.395833333333334,30.25,4.395833333333333,231.8958333333333,128.3958333333333,191.58333333333337,52.89583333333333,9
115,Deni Avdija,Washington Wizards,SF,186,342,66,139,465.8,35,46,685.4,19,45,379.9,17,79,96,34,24,6,29,3,-40,316,282,220,130,1024.8000000000002,155.24444444444444,16.8,27.444444444444443,1784.5777777777778,1672.0444444444445,1093.6000000000001,215.7777777777778,10
116,Dennis Schroder,Brooklyn Nets,PG,129,284,48,114,403.8,12,21,313.0,21,45,440.2,4,24,28,47,20,4,23,3,-49,204,157,176,75,373.08304498269894,42.0,87.62975778546712,19.664359861591695,848.7404844290658,498.1418685121107,700.5051903114187,152.80622837370242,10
117,Dennis Smith Jr.,Brooklyn Nets,PG,45,181,18,51,323.4,4,9,183.3,5,21,158.2,5,16,21,35,15,9,13,2,3,101,66,80,56,142.9765625,41.0,42.8515625,2.5,277.90625,163.3515625,249.15625,92.2265625,10
118,Dereck II Lively,Dallas Mavericks,C,87,221,38,49,715.7,11,24,369.4,0,0,0.0,20,30,50,5,24,10,5,16,22,142,137,92,55,320.1,80.0,2.5,0.0,707.6,672.0999999999999,349.59999999999997,88.5,10
119,Derrick Jones Jr.,Dallas Mavericks,SF,46,156,16,30,409.4,6,12,250.0,8,15,225.0,7,20,27,5,7,3,9,3,20,78,73,51,32,363.2755102040817,56.744897959183675,3.316326530612245,21.8469387755102,627.5612244897959,624.3469387755102,366.55102040816325,60.0,10
120,Derrick Rose,Memphis Grizzlies,PG,49,95,20,37,377.7,5,6,266.7,4,8,233.3,0,15,15,21,3,1,9,0,-9,85,64,70,36,70.0,14.857142857142858,12.0,3.7142857142857144,188.85714285714286,116.85714285714286,128.0,40.857142857142854,7
121,Derrick White,Boston Celtics,PG,130,319,48,91,497.0,11,11,500.0,23,55,340.0,4,35,39,57,14,12,16,14,167,226,169,187,96,713.90625,34.0390625,28.125,40.7890625,686.6640625,723.7265625,644.40625,94.6015625,10
122,Devin Booker,Phoenix Suns,SG,250,335,84,182,451.9,65,73,921.0,17,50,304.4,7,25,32,53,30,10,21,3,4,335,282,303,85,767.3469387755102,41.03061224489796,72.13265306122449,26.622448979591834,1227.0,1042.4183673469388,950.4591836734694,114.63265306122449,10
123,Devin Vassell,San Antonio Spurs,SG,210,347,83,180,457.2,19,27,760.0,25,60,418.3,10,42,52,54,10,10,23,9,-43,316,262,264,106,501.22491349480975,73.01730103806229,35.21799307958477,14.577854671280276,619.0795847750866,508.28373702422147,650.39446366782,69.86159169550173,10
124,Devonte' Graham,San Antonio Spurs,PG,0,11,0,2,0.0,0,0,0.0,0,2,0.0,0,3,3,0,0,0,0,0,-2,3,3,0,3,0.0,0.5,0.0,0.0,0.5,0.5,0.0,0.5,2
125,Dillon Brooks,Houston Rockets,SF,99,329,35,97,323.29999999999995,11,15,300.0,18,56,292.4,13,32,45,19,25,8,6,1,-39,163,144,118,64,490.1111111111111,75.44444444444446,4.919753086419753,33.80864197530864,663.6604938271605,675.1111111111111,488.4012345679012,70.62345679012346,10
126,Domantas Sabonis,Sacramento Kings,PF,197,371,82,152,550.0,30,43,622.6,3,11,200.0,52,96,148,97,31,13,30,7,10,442,345,294,245,345.5761772853186,136.8753462603878,86.61218836565098,2.1468144044321327,709.7340720221606,559.6703601108034,538.1274238227146,181.0,10
127,Dominick Barlow,San Antonio Spurs,F,27,62,9,16,233.3,9,12,283.3,0,0,0.0,11,9,20,6,8,1,1,2,-11,53,47,33,26,20.039999999999996,30.0,17.36,0.0,42.84,74.83999999999999,17.640000000000004,17.759999999999998,4
128,Donovan Mitchell,Cleveland Cavaliers,SG,274,361,89,178,488.7,55,62,912.8,41,89,457.3,5,48,53,54,23,16,32,7,75,381,327,328,107,637.1715976331361,34.31360946745562,21.301775147928993,17.0,917.0,805.5325443786982,737.4674556213017,66.78698224852072,10
129,Donte DiVincenzo,New York Knicks,SG,210,373,78,191,411.7,7,11,225.0,47,125,380.5,12,30,42,32,20,15,23,6,-60,284,252,242,74,513.3777777777777,18.000000000000004,24.711111111111112,29.0,636.8,536.4444444444445,617.2,39.24444444444445,10
130,Dorian Finney-Smith,Brooklyn Nets,PF,84,254,33,64,481.8,5,6,250.0,13,37,340.4,18,29,47,20,22,6,13,4,-1,151,131,104,67,280.8099173553719,80.3388429752066,36.082644628099175,14.107438016528926,747.9752066115702,601.0661157024794,396.0,148.1404958677686,10
131,Doug McDermott,Indiana Pacers,SF,38,119,14,43,275.0,1,4,50.0,9,35,206.6,1,6,7,7,7,1,2,0,-14,52,45,45,14,159.40277777777777,6.125,10.125,11.611111111111112,202.7361111111111,184.94444444444443,182.94444444444446,10.5,10
132,Draymond Green,Golden State Warriors,PF,89,252,33,68,511.4,12,17,375.0,11,18,460.0,10,71,81,48,25,8,19,10,3,218,170,137,129,257.125,97.3,36.62499999999999,9.0,291.2,219.22500000000002,318.5,144.525,10
133,Drew Eubanks,Phoenix Suns,PF,45,145,16,28,597.5,13,14,475.0,0,0,0.0,13,26,39,6,10,6,7,11,-38,90,84,51,45,101.7750865051903,64.86159169550173,2.8996539792387543,0.0,273.1003460207612,284.37370242214536,104.4878892733564,53.77508650519031,10
134,Duncan Robinson,Miami Heat,F,144,321,49,106,455.6,14,15,666.7,32,76,412.7,1,25,26,41,28,12,14,5,83,211,170,185,67,349.625,19.625,76.5,35.625,354.5,328.0,327.125,145.125,10
135,Duop Reath,Portland Trail Blazers,C,107,199,41,87,470.90000000000003,12,21,327.4,13,42,319.9,20,16,36,6,28,6,11,10,-68,149,143,113,42,508.1111111111111,30.444444444444446,2.4444444444444446,20.11111111111111,664.9111111111112,607.0,557.3111111111111,41.6,10
136,Dwight Powell,Dallas Mavericks,C,17,102,6,9,400.0,5,10,225.0,0,0,0.0,9,19,28,7,14,0,8,3,-4,52,45,24,35,24.88194444444444,69.44444444444444,8.4375,0.0,163.75,133.9375,34.861111111111114,97.71527777777777,7
137,Dylan Windler,Los Angeles Lakers,G,3,14,1,4,25.0,0,0,0.0,1,4,25.0,0,1,1,2,1,0,0,0,-7,6,4,5,3,4.591836734693878,0.510204081632653,0.16326530612244897,0.510204081632653,2.6530612244897966,2.163265306122449,5.0,0.7551020408163267,2
138,Dyson Daniels,New Orleans Pelicans,G,33,147,14,26,261.4,1,2,50.0,4,11,150.0,6,15,21,17,10,14,8,7,23,71,54,50,38,103.42857142857143,16.0,19.714285714285715,3.7142857142857144,128.85714285714286,105.42857142857143,110.85714285714286,51.714285714285715,7
139,Eric Gordon,Phoenix Suns,SG,112,270,39,89,423.3,14,17,516.7,20,52,367.2,2,13,15,18,9,10,10,5,35,145,127,130,33,438.90816326530614,15.316326530612246,16.336734693877553,19.275510204081634,591.030612244898,460.3877551020408,562.0,39.20408163265306,10
140,Eugene Omoruyi,Washington Wizards,F,47,110,19,49,261.3,8,12,375.0,1,9,33.3,14,19,33,11,18,10,6,0,-85,91,80,58,44,216.89583333333334,70.0,14.0,0.8958333333333333,522.2291666666666,411.8958333333333,293.22916666666663,118.0,9
141,Evan Fournier,Detroit Pistons,SG,80,170,27,64,350.3,11,13,525.0,15,40,306.1,3,17,20,11,15,8,8,2,-34,111,100,91,31,222.88888888888889,21.555555555555557,17.555555555555554,10.0,394.0,304.8888888888889,320.8888888888889,30.22222222222222,9
142,Evan Mobley,Cleveland Cavaliers,PF,147,305,60,107,547.9,24,42,522.6,3,14,175.0,25,76,101,35,27,12,16,20,-29,283,248,182,136,371.84429065743944,105.37370242214533,75.2006920415225,2.6262975778546713,782.1418685121107,674.0,423.83391003460207,236.7266435986159,10
143,Frank Ntilikina,Charlotte Hornets,PG,0,21,0,5,0.0,0,0,0.0,0,4,0.0,1,4,5,3,3,0,0,0,-2,8,5,3,8,0.0,1.8888888888888888,5.0,0.0,11.555555555555557,1.8888888888888888,5.0,11.555555555555557,2
144,Franz Wagner,Orlando Magic,SF,167,323,63,127,503.2,33,40,774.2,8,40,146.2,5,46,51,36,24,8,28,8,76,254,218,203,87,418.67313019390576,35.365650969529085,32.952908587257625,16.51523545706371,577.0747922437674,488.47091412742395,532.2963988919666,43.29916897506924,10
145,Fred VanVleet,Houston Rockets,PG,157,356,53,128,407.0,17,21,541.7,34,84,393.3,6,30,36,60,26,15,20,6,-24,253,193,217,96,452.2544378698225,20.402366863905325,86.79289940828403,31.44378698224852,869.0,629.9467455621302,665.094674556213,133.40828402366864,10
146,Furkan Korkmaz,Philadelphia 76ers,SG,36,94,11,25,178.6,7,9,241.7,7,15,208.3,3,10,13,7,6,1,2,2,2,56,49,43,20,274.0,12.833333333333332,6.833333333333333,18.833333333333332,385.3333333333333,306.8333333333333,354.8333333333333,17.333333333333332,6
147,GG Jackson,Memphis Grizzlies,F,135,254,48,117,414.5,21,30,563.3,18,53,335.0,12,24,36,6,13,4,16,6,-30,177,171,141,42,410.5,74.62345679012346,5.234567901234568,27.611111111111114,459.71604938271605,473.1234567901235,399.7345679012346,77.21604938271605,10
148,Garrett Temple,Toronto Raptors,SF,5,12,2,4,50.0,1,2,50.0,0,2,0.0,1,0,1,0,2,1,1,0,-4,6,6,5,1,14.0625,0.25,0.0,0.0,18.0625,18.0625,14.0625,0.25,1
149,Garrison Mathews,Atlanta Hawks,SG,29,141,8,24,391.7,6,6,200.0,7,21,391.7,3,14,17,4,15,2,0,0,10,50,46,33,21,61.3515625,24.7890625,2.625,4.15625,135.90625,112.65625,75.4140625,36.6015625,10
150,Gary Harris,Orlando Magic,SG,78,235,28,52,540.9,4,6,250.0,18,34,530.0,4,12,16,16,17,14,3,5,31,110,94,94,32,92.5,16.5,22.5,13.777777777777777,142.5,146.0,102.0,26.0,10
151,Gary Payton II,Golden State Warriors,SG,61,148,27,42,549.2,3,5,150.0,4,7,350.0,15,14,29,11,13,11,6,4,23,101,90,72,40,219.125,19.0,8.902777777777779,2.5,204.27777777777777,199.625,221.61111111111111,30.069444444444443,10
152,Gary Trent Jr.,Toronto Raptors,SG,120,297,44,108,398.1,10,12,341.7,22,62,326.1,4,30,34,16,13,11,5,4,1,170,154,136,50,340.2145328719723,27.56401384083045,17.730103806228374,21.10726643598616,378.5536332179931,348.56747404844293,358.5121107266436,56.98269896193772,10
153,Georges Niang,Cleveland Cavaliers,SF,73,198,27,59,469.1,4,7,175.0,15,37,403.4,1,26,27,10,20,5,11,0,-5,110,100,83,37,172.5,28.2,18.625,12.600000000000001,244.22499999999997,220.1,196.125,47.325,10
154,Giannis Antetokounmpo,Milwaukee Bucks,PF,289,329,106,159,655.2,68,99,621.7,9,15,500.0,24,89,113,60,22,6,22,8,65,462,402,349,173,711.8641975308642,182.01234567901233,87.11111111111111,4.944444444444444,1260.4444444444443,1085.111111111111,978.6049382716049,177.71604938271605,10
155,Goga Bitadze,Orlando Magic,C,18,78,7,14,320.0,4,7,183.3,0,2,0.0,7,12,19,6,9,2,6,8,22,43,37,24,25,30.0,44.0887573964497,6.142011834319526,0.0,157.03550295857988,121.31952662721895,41.988165680473365,73.95857988165682,6
156,Gordon Hayward,Oklahoma City Thunder,SF,27,120,10,31,236.2,6,8,260.0,1,2,100.0,6,19,25,7,4,2,3,0,-33,59,52,34,32,110.20987654320987,21.0,4.950617283950618,0.9506172839506173,133.98765432098764,152.98765432098764,94.76543209876543,22.395061728395063,8
157,Gradey Dick,Toronto Raptors,G,114,224,45,84,519.1,3,3,100.0,21,46,454.9,6,19,25,8,13,5,6,0,-79,147,139,122,33,300.84429065743944,20.923875432525953,11.494809688581315,17.37370242214533,366.2110726643599,326.48788927335636,340.7750865051903,32.21107266435987,10
158,Grant Williams,Charlotte Hornets,PF,136,293,46,91,508.8,29,36,589.9,15,44,311.1,17,35,52,24,33,5,20,5,-10,212,188,160,76,422.0,141.7993079584775,14.505190311418685,30.923875432525946,730.0,587.916955017301,514.3875432525952,206.0,10
159,Grayson Allen,Phoenix Suns,SG,131,357,41,99,402.3,21,23,666.7,28,71,403.7,6,29,35,30,22,10,9,7,11,196,166,161,65,659.0,24.8515625,43.1640625,55.3515625,810.15625,768.7265625,696.5390625,71.90625,10
160,Gui Santos,Golden State Warriors,F,38,97,13,24,372.5,8,9,350.0,4,8,250.0,9,20,29,8,13,2,5,2,21,75,67,46,37,116.0,75.14049586776859,12.066115702479337,3.7190082644628095,361.7190082644628,330.77685950413223,121.5206611570248,112.62809917355372,7
161,Harrison Barnes,Sacramento Kings,SF,122,265,43,80,521.0,20,26,575.0,16,41,347.1,6,20,26,5,16,5,5,2,-67,153,148,127,31,269.18559556786704,28.587257617728532,9.670360110803324,13.268698060941828,287.1385041551247,283.41828254847644,267.9695290858726,43.19390581717452,10
162,Harry III Giles,Brooklyn Nets,F,8,8,3,6,50.0,1,2,50.0,1,1,100.0,2,2,4,2,3,0,0,0,-12,14,12,10,6,41.3265306122449,8.16326530612245,2.4693877551020407,0.5102040816326531,117.87755102040818,86.22448979591834,64.0,19.612244897959187,1
163,Haywood Highsmith,Miami Heat,F,56,208,22,52,448.5,2,2,100.0,10,33,283.3,11,17,28,3,21,10,3,7,15,87,84,59,31,264.08284023668637,10.745562130177515,2.100591715976331,18.532544378698226,311.8639053254438,294.33136094674563,280.46745562130184,13.994082840236686,10
164,Herbert Jones,New Orleans Pelicans,SF,140,336,50,80,628.6,18,21,591.7,22,38,514.2,9,31,40,25,34,22,11,3,142,205,180,165,65,198.04444444444445,56.84444444444444,32.77777777777778,25.644444444444446,389.1777777777777,310.40000000000003,285.0444444444444,81.4,10
165,Ibou Badji,Portland Trail Blazers,C,7,32,3,4,150.0,1,2,50.0,0,0,0.0,1,2,3,4,6,0,5,3,-17,14,10,11,7,11.666666666666668,2.333333333333334,1.4166666666666663,0.0,20.75,22.0,11.416666666666668,2.75,3
166,Immanuel Quickley,Toronto Raptors,SG,177,341,62,146,415.3,21,25,558.3,32,80,399.5,3,52,55,62,20,11,19,3,-15,294,232,239,117,427.0,31.177777777777777,99.77777777777779,27.6,773.911111111111,572.9777777777778,599.1777777777777,159.7111111111111,10
167,Isaac Okoro,Cleveland Cavaliers,SF,135,279,51,96,531.1,10,14,500.0,23,54,415.8,3,20,23,27,16,9,7,8,-11,185,158,162,50,144.52500000000003,38.5,21.125,14.600000000000001,202.59999999999994,187.82500000000002,141.70000000000002,77.225,10
168,Isaiah Hartenstein,New York Knicks,C,76,244,30,54,535.1,16,19,625.0,0,0,0.0,35,47,82,33,23,7,12,11,-33,191,158,109,115,193.77777777777777,231.61111111111111,49.0,0.0,802.5,590.5,314.77777777777777,371.6111111111111,10
169,Isaiah Jackson,Indiana Pacers,SF,81,156,32,51,524.7,17,22,583.3,0,2,0.0,21,29,50,9,22,7,9,7,-12,140,131,90,59,151.97520661157023,135.90082644628097,3.2479338842975203,0.0,476.44628099173553,469.9752066115703,144.0,153.59504132231405,8
170,Isaiah Joe,Oklahoma City Thunder,SG,60,169,23,47,482.5,2,2,200.0,12,33,338.7,3,15,18,12,12,6,7,4,48,90,78,72,30,216.13265306122446,5.6020408163265305,21.765306122448983,13.765306122448981,212.17346938775512,195.9183673469388,229.55102040816325,30.204081632653054,10
171,Isaiah Stewart,Detroit Pistons,C,61,155,24,47,257.1,4,6,200.0,9,24,173.7,5,24,29,7,7,1,4,5,-9,97,90,68,36,22.8,46.800000000000004,7.2,6.800000000000001,143.2,106.0,47.2,66.8,5
172,Ish Smith,Charlotte Hornets,PG,16,148,7,30,136.0,0,0,0.0,2,2,200.0,0,11,11,34,13,5,5,0,-82,61,27,50,45,50.0,9.984375,71.4375,1.4375,163.734375,64.484375,112.4375,118.234375,7
173,Ivica Zubac,LA Clippers,C,87,239,36,58,605.1,15,19,566.7,0,0,0.0,21,59,80,18,22,3,14,8,-14,185,167,105,98,209.61111111111111,104.44444444444446,10.069444444444446,0.0,513.125,451.61111111111114,236.23611111111111,149.40277777777777,10
174,JT Thor,Charlotte Hornets,F,13,66,6,12,266.7,0,0,0.0,1,4,100.0,1,12,13,3,5,0,2,2,17,29,26,16,16,28.867768595041326,12.867768595041323,1.9586776859504131,0.884297520661157,37.082644628099175,41.47107438016529,25.65289256198347,13.652892561983471,8
175,JaVale McGee,Sacramento Kings,C,20,39,10,17,255.0,0,3,0.0,0,1,0.0,5,8,13,0,5,1,0,0,-1,33,33,20,13,42.222222222222214,7.555555555555555,0.0,0.0,71.55555555555556,71.55555555555556,42.222222222222214,7.555555555555555,5
176,Jabari Smith Jr.,Houston Rockets,PF,141,343,46,119,390.4,30,38,612.5,19,61,336.4,22,72,94,16,25,7,8,7,-61,251,235,157,110,432.25308641975306,336.716049382716,12.641975308641975,18.944444444444446,1246.9444444444443,1071.6604938271605,541.2901234567902,415.60493827160496,10
177,Jabari Walker,Portland Trail Blazers,F,83,221,35,74,464.6,12,13,475.0,1,10,100.0,24,40,64,10,27,5,8,1,-50,157,147,93,74,298.2249134948097,84.0,8.034602076124568,1.0830449826989619,678.363321799308,585.166089965398,376.1280276816609,107.3287197231834,10
178,Jacob Gilyard,Memphis Grizzlies,G,67,192,23,49,431.8,1,1,100.0,20,42,431.8,1,13,14,39,10,9,12,2,-59,120,81,106,53,224.22222222222223,10.222222222222221,26.0,19.555555555555557,358.0,274.0,295.55555555555554,48.88888888888889,9
179,Jacob Toppin,New York Knicks,F,13,29,5,9,107.1,2,2,100.0,1,4,33.3,3,3,6,1,3,0,1,0,-18,20,19,14,7,70.92,7.120000000000001,0.52,0.6800000000000002,112.72,121.0,64.0,6.280000000000001,2
180,Jaden Hardy,Dallas Mavericks,G,89,135,35,71,517.3,7,8,350.0,12,30,370.0,1,12,13,10,7,3,9,1,-11,112,102,99,23,246.5111111111111,8.11111111111111,11.600000000000001,9.644444444444444,269.2,266.0,256.1111111111111,13.311111111111112,10
181,Jaden Ivey,Detroit Pistons,PG,135,289,45,128,335.5,36,41,813.3,9,51,186.0,5,13,18,33,29,6,18,5,-32,186,153,168,51,441.8515625,25.15625,46.125,15.6640625,815.2890625,670.9765625,575.2890625,82.15625,10
182,Jaden McDaniels,Minnesota Timberwolves,PF,92,296,35,74,436.4,11,16,275.0,11,35,221.4,7,23,30,13,28,8,13,9,9,135,122,105,43,558.0484429065743,42.034602076124564,8.626297577854672,22.958477508650518,777.961937716263,777.8339100346021,568.4463667820069,40.391003460207614,10
183,Jaden Springer,Boston Celtics,G,50,130,18,42,290.4,11,12,475.0,3,13,183.3,8,16,24,13,13,12,7,1,-20,87,74,63,37,109.70247933884298,25.65289256198347,14.049586776859504,1.884297520661157,308.61157024793386,228.51239669421489,162.87603305785123,66.62809917355372,7
184,Jae Crowder,Milwaukee Bucks,PF,34,230,15,40,423.3,0,0,0.0,4,21,150.0,8,34,42,11,15,11,7,1,58,87,76,45,53,101.14681440443212,65.81717451523546,10.313019390581717,5.5346260387811625,237.9529085872576,185.56232686980607,133.65927977839334,96.00831024930747,10
185,Jae'Sean Tate,Houston Rockets,SF,28,117,12,28,420.3,2,4,50.0,2,4,200.0,10,19,29,10,16,10,8,0,-2,67,57,38,39,31.71597633136095,37.556213017751475,10.236686390532544,1.6094674556213018,138.1360946745562,121.98224852071007,48.28402366863905,47.37869822485207,10
186,Jahmi'us Ramsey,Toronto Raptors,SG,2,5,1,3,33.3,0,0,0.0,0,1,0.0,1,1,2,1,0,0,0,0,-7,5,4,3,3,0.0,0.0,0.0,0.0,0.0,0.0,0.0,0.0,1
187,Jaime Jr. Jaquez,Miami Heat,G,107,294,43,88,454.4,16,24,606.7,5,21,233.3,14,30,44,23,17,9,14,0,31,174,151,130,67,354.2,32.44444444444445,24.2,2.511111111111111,442.44444444444446,448.5111111111111,342.4,62.37777777777778,10
188,Jake LaRavia,Memphis Grizzlies,F,78,165,24,65,211.3,23,30,555.0,7,27,151.2,15,26,41,11,14,6,11,5,-27,130,119,89,52,305.609375,108.4375,7.984375,8.109375,561.4375,568.609375,305.75,109.109375,7
189,Jakob Poeltl,Toronto Raptors,C,122,251,55,101,543.9,12,20,491.7,0,0,0.0,39,53,92,31,28,10,11,19,35,245,214,153,123,161.8469387755102,127.67346938775509,30.387755102040813,0.0,516.704081632653,398.98979591836735,256.6224489795918,181.0,10
190,Jalen Brunson,New York Knicks,PG,319,378,115,247,461.3,67,76,884.2,22,66,303.0,6,27,33,74,20,11,36,1,-17,426,352,393,107,410.14792899408286,26.59763313609467,114.67455621301775,26.0,403.9171597633134,481.2544378698226,373.0828402366864,101.0,10
191,Jalen Duren,Detroit Pistons,C,120,294,46,86,562.2,28,33,702.4,0,0,0.0,30,79,109,27,37,9,21,10,-56,256,229,147,136,126.5390625,157.90625,24.125,0.0,391.7890625,354.9765625,162.7265625,182.65625,10
192,Jalen Green,Houston Rockets,SG,177,306,64,167,367.6,25,27,638.9,24,80,262.8,5,42,47,31,14,10,20,4,0,255,224,208,78,895.0,43.364197530864196,10.111111111111109,50.54938271604938,1151.8827160493827,1111.8086419753088,916.4444444444445,72.10493827160492,10
193,Jalen HoodSchifino,Los Angeles Lakers,G,5,11,1,6,33.3,2,4,100.0,1,3,50.0,0,2,2,0,1,0,1,0,-13,7,7,5,2,9.0,0.9799999999999999,0.020000000000000004,0.8200000000000001,13.32,14.180000000000001,8.42,0.72,2
194,Jalen Johnson,Atlanta Hawks,SF,162,349,69,130,533.5,15,22,550.0,9,33,281.7,17,71,88,34,22,6,15,12,20,284,250,196,122,389.0679012345679,88.44444444444444,68.69753086419753,7.34567901234568,876.0,606.030864197531,614.4444444444445,201.73456790123458,10
195,Jalen McDaniels,Toronto Raptors,PF,13,46,5,15,103.3,0,0,0.0,3,8,116.7,2,6,8,3,5,1,9,0,-7,24,21,16,11,42.51020408163265,6.040816326530612,3.1632653061224487,3.1632653061224487,93.59183673469389,70.51020408163266,61.75510204081633,13.04081632653061,4
196,Jalen Smith,Indiana Pacers,PF,97,162,41,70,568.2,6,10,340.0,9,25,400.0,18,37,55,8,12,3,8,7,21,160,152,105,63,223.125,31.125,8.0,5.0,272.0,304.0,198.125,32.125,10
197,Jalen Suggs,Orlando Magic,SG,123,258,46,84,562.3,8,11,325.0,23,52,425.4,6,25,31,33,29,13,22,5,63,187,154,156,64,191.79012345679013,45.73456790123456,20.160493827160494,24.179012345679013,386.5,310.5493827160494,250.79012345679013,82.84567901234567,10
198,Jalen Williams,Oklahoma City Thunder,F,226,323,88,160,545.8,31,36,725.7,19,41,466.6,4,37,41,44,28,12,15,7,52,311,267,270,85,682.5777777777778,34.24444444444445,38.44444444444444,9.8,1003.0,879.0444444444445,764.8444444444444,114.37777777777778,10
199,Jalen Wilson,Brooklyn Nets,F,55,218,20,49,484.9,4,6,200.0,11,25,458.4,12,25,37,16,15,2,3,0,-1,108,92,71,53,43.698224852071,39.082840236686394,6.59171597633136,9.0,158.2248520710059,115.56213017751477,73.24852071005918,58.786982248520715,10
200,Jamal Cain,Miami Heat,F,4,16,0,3,0.0,4,4,200.0,0,1,0.0,1,2,3,1,1,1,1,0,-4,8,7,5,4,0.0,0.5,0.5,0.0,0.0,0.5,0.5,0.0,2
201,Jamal Murray,Denver Nuggets,PG,200,308,81,158,483.0,13,16,466.7,25,51,458.9,6,34,40,64,12,10,28,5,48,304,240,264,104,908.9467455621301,46.23668639053254,140.4023668639053,26.8698224852071,2000.3905325443789,1252.1301775147929,1521.2544378698226,322.59171597633133,10
202,James Bouknight,Charlotte Hornets,SG,5,6,2,4,50.0,0,0,0.0,1,3,33.3,0,0,0,0,0,1,1,0,10,5,5,5,0,14.0625,0.0,0.0,0.5625,14.0625,14.0625,14.0625,0.0,1
203,James Harden,LA Clippers,SG,194,350,54,123,417.4,59,66,904.6,27,76,335.8,7,43,50,73,12,5,24,10,-24,317,244,267,123,594.1551246537397,42.00554016620498,42.4016620498615,32.18005540166205,552.1024930747923,552.759002770083,600.3905817174515,77.51523545706371,10
204,James Johnson,Indiana Pacers,PF,2,7,0,1,0.0,2,2,100.0,0,0,0.0,0,0,0,1,3,0,0,1,1,3,2,3,1,0.0,0.0,0.0,0.0,0.0,0.0,0.0,0.0,1
205,James Wiseman,Detroit Pistons,C,60,158,26,43,571.7,8,14,281.7,0,0,0.0,19,31,50,9,27,3,9,3,-60,119,110,69,59,189.7869822485207,44.79289940828402,7.071005917159764,0.0,411.5917159763314,351.10059171597624,234.4674556213018,67.67455621301775,10
206,Jarace Walker,Indiana Pacers,F,6,39,2,11,22.2,0,0,0.0,2,6,50.0,0,10,10,7,3,3,4,4,7,23,16,13,17,27.0,29.0,24.749999999999996,3.0000000000000004,238.75,110.0,102.75000000000001,106.74999999999999,3
207,Jared Butler,Washington Wizards,SG,16,48,7,14,241.7,2,2,100.0,0,4,0.0,2,2,4,12,5,1,5,0,-15,32,20,28,16,26.56,2.16,23.439999999999998,0.0,120.24000000000001,42.0,93.84,36.56,4
208,Jared Rhoden,Detroit Pistons,G,2,13,1,2,50.0,0,0,0.0,0,0,0.0,0,1,1,1,0,0,1,2,2,4,3,3,2,0.0,0.0,0.0,0.0,0.0,0.0,0.0,0.0,1
209,Jaren Jackson Jr.,Memphis Grizzlies,PF,256,332,90,205,432.7,50,67,635.1,26,74,363.3,11,44,55,28,35,14,34,17,-54,339,311,284,83,288.40236686390534,122.8698224852071,21.715976331360945,14.390532544378699,577.0,607.3313609467456,318.4852071005917,84.1715976331361,10
210,Jarred Vanderbilt,Los Angeles Lakers,PF,39,90,14,21,300.0,9,12,275.0,2,3,66.7,6,14,20,10,3,10,7,0,32,69,59,49,30,68.75,46.0,13.0,3.0,324.75,212.75,138.75,101.0,4
211,Jarrett Allen,Cleveland Cavaliers,C,173,352,70,121,565.5,33,48,625.8,0,1,0.0,25,82,107,26,13,6,11,10,-10,306,280,199,133,212.32500000000002,162.5,37.300000000000004,0.0,374.625,395.025,215.125,176.60000000000002,10
212,Javon Freeman-Liberty,Toronto Raptors,G,13,18,4,7,57.1,4,5,80.0,1,3,33.3,0,3,3,1,0,0,0,0,-5,17,16,14,4,42.25,2.25,0.25,0.25,72.25,64.0,49.0,4.0,1
213,Jaxson Hayes,Los Angeles Lakers,C,38,130,17,26,488.4,4,8,175.0,0,2,0.0,13,27,40,5,14,6,4,5,-9,83,78,43,45,83.43827160493827,62.5,4.777777777777778,0.0,224.08641975308643,196.71604938271608,97.14197530864199,80.94444444444446,10
214,Jaylen Brown,Boston Celtics,SG,229,336,92,170,554.4,24,35,671.7,21,55,330.4,10,45,55,36,29,8,23,1,113,320,284,265,91,316.63265306122446,60.632653061224495,21.06122448979592,25.69387755102041,287.0612244897959,374.0,242.38775510204079,69.0,10
215,Jaylin Williams,Oklahoma City Thunder,F,56,160,18,43,453.4,9,11,333.3,11,26,441.6,9,30,39,17,12,2,4,5,51,112,95,73,56,40.09467455621302,59.71005917159764,10.171597633136095,3.5443786982248513,119.92899408284022,120.60946745562133,43.532544378698226,65.76331360946746,10
216,Jayson Tatum,Boston Celtics,SF,280,357,95,189,505.8,56,63,884.8,34,82,417.9,6,83,89,60,19,9,20,8,167,429,369,340,149,403.625,100.9765625,54.3515625,22.4140625,725.40625,735.9140625,406.7890625,141.65625,10
217,Jeenathan Williams,Houston Rockets,G,8,17,4,7,66.7,0,2,0.0,0,0,0.0,2,1,3,0,4,0,0,0,17,11,11,8,3,40.0,1.0,1.125,0.0,46.625,53.0,35.125,0.625,2
218,Jeff Dowtin,Philadelphia 76ers,G,10,30,4,7,57.1,0,0,0.0,2,4,50.0,0,3,3,7,0,3,1,1,11,20,13,17,10,55.55555555555556,5.0,13.888888888888888,2.2222222222222223,180.0,93.88888888888889,125.0,35.55555555555556,2
219,Jeff Green,Houston Rockets,PF,51,147,16,42,294.5,10,15,310.0,9,22,323.8,5,15,20,11,10,1,7,4,-47,82,71,62,31,312.90625,32.3515625,13.125,15.3515625,588.9140625,519.3515625,377.90625,50.0390625,10
220,Jerami Grant,Portland Trail Blazers,SF,204,351,65,157,399.2,53,63,701.3,21,51,427.0,8,23,31,39,23,12,30,2,-68,274,235,243,70,1313.1938775510205,63.97959183673469,35.244897959183675,5.887755102040816,2142.9081632653065,1859.84693877551,1539.2755102040817,156.20408163265307,10
221,Jeremiah Robinson-Earl,New Orleans Pelicans,F,16,49,5,11,166.7,4,7,80.0,2,5,100.0,5,6,11,1,2,2,2,1,5,28,27,17,12,41.111111111111114,24.456790123456795,0.7530864197530864,1.0123456790123457,108.12345679012346,98.30864197530865,44.16049382716049,31.975308641975307,4
222,Jeremy Sochan,San Antonio Spurs,F,114,299,48,105,401.0,11,14,450.0,7,27,233.4,19,47,66,22,19,10,13,4,-42,202,180,136,88,419.97923875432525,120.0,25.667820069204154,8.391003460207612,930.6574394463668,886.2145328719723,419.4809688581315,190.60899653979237,10
223,Jericho Sims,New York Knicks,C,41,234,16,21,626.7,9,13,280.0,0,0,0.0,28,35,63,13,13,3,5,5,-5,117,104,54,76,101.21301775147928,57.0,12.14792899408284,0.0,287.0828402366864,212.67455621301775,157.0059171597633,87.76331360946746,10
224,Jerome Robinson,Golden State Warriors,SG,10,17,4,10,40.0,1,2,50.0,1,6,16.7,0,0,0,1,1,0,0,1,-2,11,10,11,1,67.60493827160492,0.0,0.19753086419753085,0.6049382716049383,75.1111111111111,67.60493827160492,75.1111111111111,0.19753086419753085,1
225,Jett Howard,Orlando Magic,G,0,5,0,1,0.0,0,0,0.0,0,1,0.0,0,0,0,0,1,0,0,0,-5,0,0,0,0,2.25,0.0,0.0,0.25,2.25,2.25,2.25,0.0,1
226,Jevon Carter,Chicago Bulls,PG,44,141,18,45,362.5,0,0,0.0,8,28,174.89999999999998,2,8,10,12,7,6,4,1,25,66,54,56,22,135.15625,8.625,8.0,9.625,197.65625,161.15625,164.65625,23.625,10
227,Jimmy Butler,Miami Heat,SF,245,348,76,137,566.7,78,99,813.0,15,29,598.3,18,50,68,64,9,21,17,5,74,377,313,309,132,292.68595041322317,59.71900826446281,68.87603305785125,4.520661157024794,284.10743801652893,214.70247933884298,340.9669421487604,149.7190082644628,10
228,Jock Landale,Houston Rockets,C,22,70,7,19,275.0,8,9,280.0,0,2,0.0,13,16,29,6,9,2,2,3,2,57,51,28,35,40.92,84.0,9.32,0.0,141.28,135.32000000000002,34.48,105.72000000000001,7
229,Joe Harris,Detroit Pistons,SF,2,12,1,3,33.3,0,0,0.0,0,1,0.0,0,0,0,0,1,0,0,0,-5,2,2,2,0,0.0,0.0,0.0,0.0,0.0,0.0,0.0,0.0,1
230,Joe Ingles,Orlando Magic,SG,28,162,10,24,291.7,1,1,100.0,7,16,266.7,2,10,12,29,9,6,8,1,17,69,40,57,41,142.26038781163436,6.349030470914127,46.313019390581715,10.711911357340721,189.3213296398892,144.2326869806094,174.14681440443212,65.86426592797785,10
231,Joel Embiid,Philadelphia 76ers,C,14,30,5,18,27.8,2,2,100.0,2,6,33.3,1,6,7,2,5,2,8,0,-21,23,21,16,9,0.0,0.0,0.0,0.0,0.0,0.0,0.0,0.0,1
232,John Collins,Utah Jazz,PF,153,303,61,113,526.7,20,25,708.3,11,35,305.5,28,82,110,19,30,6,20,16,-21,282,263,172,129,344.5,126.77160493827161,18.5,8.919753086419753,330.32716049382714,440.60493827160496,274.0,105.49382716049384,10
233,John Konchar,Memphis Grizzlies,SG,52,252,19,45,449.3,6,6,200.0,8,25,374.9,17,38,55,26,18,13,11,10,-3,133,107,78,81,60.74556213017752,96.51479289940829,22.86390532544379,3.609467455621302,274.3609467455621,189.5207100591716,97.75147928994083,167.2130177514793,10
234,Johnny Davis,Washington Wizards,G,24,157,9,40,272.0,2,6,100.0,4,15,183.3,4,17,21,8,14,3,2,1,-37,53,45,32,29,46.27777777777777,33.23611111111111,3.625,4.5,90.5,75.125,59.06944444444444,39.44444444444445,10
235,Johnny Juzang,Utah Jazz,G,12,40,5,13,70.0,0,0,0.0,2,8,40.0,2,5,7,2,1,0,1,0,21,21,19,14,9,52.480000000000004,5.0,0.32000000000000006,2.7200000000000006,92.52,84.67999999999999,57.919999999999995,7.72,2
236,Jonas Valanciunas,New Orleans Pelicans,C,110,218,47,83,500.9,11,14,341.7,5,9,300.0,23,69,92,15,21,1,15,8,67,217,202,125,107,307.21107266435985,151.60553633217992,19.622837370242213,6.716262975778546,823.5121107266436,766.318339100346,380.66782006920414,154.96539792387543,10
237,Jonathan Isaac,Orlando Magic,PF,67,175,27,48,593.1,8,13,291.7,5,11,300.0,17,37,54,7,8,7,8,11,2,128,121,74,61,111.97777777777779,89.77777777777777,4.377777777777778,4.6000000000000005,289.3777777777778,311.40000000000003,105.11111111111111,79.0,10
238,Jonathan Kuminga,Golden State Warriors,PF,159,266,65,124,517.4,26,34,694.2,3,16,83.3,18,37,55,36,16,7,15,9,22,250,214,195,91,499.12500000000006,36.5,24.425,4.7250000000000005,550.4,632.6250000000001,394.9,82.925,10
239,Jontay Porter,Toronto Raptors,C,26,65,9,20,190.0,3,4,75.0,5,11,158.3,5,13,18,9,8,4,6,1,-22,53,44,35,27,111.63265306122447,23.102040816326536,5.775510204081632,6.918367346938775,268.38775510204084,229.9183673469388,137.0,41.97959183673469,6
240,Jordan Clarkson,Utah Jazz,PG,166,330,55,144,359.9,34,37,857.9,22,66,288.7,9,27,36,60,18,6,19,1,-42,262,202,226,96,813.0242214532873,100.42906574394462,74.85813148788928,26.657439446366784,1308.6089965397923,1245.4463667820069,881.5709342560555,169.90311418685118,10
241,Jordan Goodwin,Memphis Grizzlies,G,44,157,18,50,235.0,4,10,175.0,4,15,136.6,10,16,26,25,8,12,10,7,-41,95,70,69,51,74.2962962962963,54.0,58.407407407407405,1.6296296296296298,294.33333333333326,169.40740740740742,113.66666666666664,197.96296296296293,6
242,Jordan Hawkins,New Orleans Pelicans,G,49,139,18,60,333.2,3,3,100.0,10,41,210.0,3,13,16,5,8,1,2,2,-9,70,65,54,21,148.24444444444444,21.244444444444444,6.511111111111112,10.0,208.40000000000003,164.77777777777777,189.51111111111112,30.11111111111111,10
243,Jordan McLaughlin,Minnesota Timberwolves,PG,36,100,13,25,400.0,1,2,50.0,9,17,375.0,3,9,12,19,9,7,5,1,-1,67,48,55,31,123.0,16.591715976331365,21.100591715976332,10.479289940828403,169.85207100591714,130.20710059171597,141.02366863905326,59.31360946745562,9
244,Jordan Miller,LA Clippers,G,4,5,1,1,100.0,2,2,100.0,0,0,0.0,0,1,1,0,0,0,0,0,3,5,5,4,1,0.0,0.0,0.0,0.0,0.0,0.0,0.0,0.0,1
245,Jordan Nwora,Toronto Raptors,SF,79,161,27,68,307.3,15,17,362.5,10,29,222.9,8,27,35,16,14,6,6,3,-63,130,114,95,51,583.4378698224851,59.84023668639053,43.76331360946745,18.532544378698226,1134.5917159763312,882.1775147928995,766.4556213017751,173.0,10
246,Jordan Poole,Washington Wizards,SG,212,302,75,179,402.3,27,30,652.8,35,92,356.2,4,31,35,41,39,14,28,3,-54,288,247,253,76,979.6885813148788,24.716262975778548,34.57093425605537,39.90657439446367,1013.7301038062283,904.6816608996539,1063.5190311418687,84.50519031141867,10
247,Jordan Walsh,Boston Celtics,G,2,27,1,4,100.0,0,0,0.0,0,2,0.0,2,4,6,1,5,2,2,1,24,9,8,3,7,2.0,8.0,0.5,0.0,0.5,2.0,4.5,4.5,2
248,Jose Alvarado,New Orleans Pelicans,PG,74,203,30,72,430.8,4,5,250.0,10,40,247.6,4,22,26,28,12,16,11,4,74,128,100,102,54,77.00591715976331,7.254437869822486,48.28402366863905,4.059171597633136,176.0,102.89940828402366,148.17751479289942,57.467455621301774,10
249,Josh Giddey,Oklahoma City Thunder,SG,99,233,42,81,486.1,7,9,300.0,8,25,299.9,10,42,52,38,18,8,21,8,66,189,151,137,90,284.3827160493827,50.19753086419753,24.0,4.253086419753086,494.11111111111114,367.4444444444445,371.2716049382716,113.97530864197532,10
250,Josh Green,Dallas Mavericks,SG,77,265,31,61,505.8,4,5,166.7,11,27,363.3,11,24,35,17,22,14,11,2,-19,129,112,94,52,183.3944636678201,35.54671280276817,18.370242214532873,11.283737024221452,296.1003460207612,252.7266435986159,236.68512110726644,44.0,10
251,Josh Hart,New York Knicks,SG,138,411,52,121,429.7,14,24,382.1,20,52,351.2,19,88,107,55,23,14,18,6,-70,300,245,193,162,320.15625,206.125,44.4140625,15.40625,859.9140625,628.15625,414.4765625,387.9765625,10
252,Josh Minott,Minnesota Timberwolves,F,0,5,0,0,0.0,0,0,0.0,0,0,0.0,0,4,4,0,0,0,0,0,6,4,4,0,4,1.3611111111111114,6.25,0.0,0.027777777777777776,1.7777777777777781,1.7777777777777781,1.3611111111111114,6.25,1
253,Josh Okogie,Phoenix Suns,SF,46,141,15,32,423.8,10,11,350.0,6,14,300.0,16,6,22,10,4,8,10,2,6,78,68,56,32,116.57777777777777,12.71111111111111,8.71111111111111,6.444444444444445,170.0,161.77777777777777,120.57777777777778,25.644444444444446,10
254,Josh Richardson,Miami Heat,SG,81,169,30,60,331.7,6,6,200.0,15,37,276.7,3,22,25,14,13,4,2,1,5,120,106,95,39,281.71428571428567,17.714285714285715,10.0,22.857142857142858,446.85714285714283,398.8571428571429,333.71428571428567,23.714285714285715,7
255,Joshua Primo,LA Clippers,G,0,5,0,1,0.0,0,0,0.0,0,0,0.0,1,0,1,0,0,0,1,0,1,1,1,0,1,0.0,0.0,0.0,0.0,0.0,0.0,0.0,0.0,1
256,Jrue Holiday,Boston Celtics,PG,116,316,47,79,575.2,1,2,50.0,21,36,649.9,11,31,42,60,19,13,16,7,121,218,158,176,102,192.44444444444443,37.6,51.6,13.177777777777777,346.44444444444446,273.64444444444445,283.2444444444444,71.2,10
257,Jules Bernard,Washington Wizards,G,9,19,3,4,250.0,1,2,50.0,2,2,200.0,2,3,5,4,1,1,1,1,15,18,14,13,9,3.6875,3.1875,5.0,0.75,8.75,4.75,8.1875,7.6875,3
258,Julian Champagnie,San Antonio Spurs,F,49,178,17,45,348.6,8,10,250.0,7,30,219.89999999999998,9,24,33,17,8,5,3,3,-2,99,82,66,50,95.3515625,24.15625,24.15625,4.125,249.3515625,157.7890625,151.2265625,84.0,10
259,Julian Phillips,Chicago Bulls,F,33,118,12,28,288.3,4,5,166.7,5,12,250.0,5,12,17,5,15,3,4,2,5,55,50,38,22,114.2,24.111111111111107,6.600000000000001,4.777777777777779,234.3777777777778,205.5111111111111,132.0,41.77777777777778,10
260,Julian Strawther,Denver Nuggets,G,9,27,3,11,37.5,2,2,100.0,1,8,20.0,0,3,3,4,1,1,2,0,-15,16,12,13,7,26.722222222222225,6.5,2.7222222222222214,0.7222222222222223,78.72222222222223,58.888888888888886,41.8888888888889,13.888888888888891,2
261,Justin Champagnie,Washington Wizards,SF,4,13,2,7,50.0,0,0,0.0,0,4,0.0,0,1,1,1,0,1,1,1,-1,6,5,5,2,13.555555555555554,0.5555555555555556,0.5555555555555556,0.2222222222222222,5.555555555555554,9.0,9.0,2.2222222222222223,2
262,Justin Holiday,Denver Nuggets,SF,54,198,19,46,419.7,3,4,150.0,13,34,270.0,2,14,16,13,14,8,3,1,-36,83,70,67,29,176.7361111111111,14.73611111111111,8.569444444444445,14.277777777777779,355.9027777777777,264.44444444444446,255.0,36.5,10
263,Justin Minaya,Portland Trail Blazers,F,3,37,1,6,33.3,0,0,0.0,1,5,33.3,3,3,6,2,2,1,1,0,-24,11,9,5,8,7.3125,2.0,1.0625,0.8125,8.75,7.8125,5.75,5.5625,4
264,Jusuf Nurkic,Phoenix Suns,C,108,264,41,79,566.9,26,46,455.0,0,6,0.0,34,95,129,43,36,10,29,14,60,280,237,151,172,227.11111111111111,577.0,32.2,0.0,1298.4444444444446,1175.3111111111111,265.44444444444446,694.0,10
265,Karl-Anthony Towns,Minnesota Timberwolves,C,193,306,66,146,451.8,41,47,734.2,20,56,341.5,20,55,75,29,33,8,24,8,98,297,268,222,104,242.5,98.8515625,46.9140625,18.9765625,525.125,391.8515625,338.9140625,182.625,10
266,Kawhi Leonard,LA Clippers,SF,235,350,90,185,497.3,40,44,889.9,15,51,259.5,14,44,58,38,15,21,22,5,-26,331,293,273,96,262.5,40.94444444444445,37.67901234567901,13.586419753086417,475.1975308641976,386.1111111111112,329.7345679012346,100.4753086419753,10
267,Keegan Murray,Sacramento Kings,SF,136,357,53,112,450.7,12,12,500.0,18,51,308.2,14,41,55,15,31,10,11,12,-1,206,191,151,70,470.2714681440443,49.03324099722991,18.058171745152354,29.63988919667591,479.1468144044321,526.7451523545707,413.7756232686981,75.98891966759003,10
268,Keita Bates-Diop,Brooklyn Nets,SF,38,100,14,26,648.3,5,6,250.0,5,12,350.0,3,10,13,4,2,1,6,5,-18,55,51,42,17,36.8284023668639,16.597633136094675,4.485207100591715,4.633136094674557,71.28402366863905,65.85207100591715,34.24852071005917,29.09467455621302,10
269,Keldon Johnson,San Antonio Spurs,SF,143,288,51,118,431.4,19,23,588.3,22,60,351.4,9,29,38,26,19,5,13,3,-22,207,181,169,64,263.0,20.31111111111111,31.24444444444444,19.200000000000003,460.64444444444445,377.5777777777778,342.5111111111111,55.11111111111111,10
270,Kelly Olynyk,Toronto Raptors,PF,101,213,33,72,390.0,29,34,707.1,6,22,241.6,15,29,44,33,27,16,13,7,-81,178,145,134,77,279.6640625,69.625,49.0,2.4140625,611.6015625,479.2265625,377.5390625,153.125,10
271,Kelly Oubre Jr.,Philadelphia 76ers,SG,164,321,61,140,420.8,32,40,735.7,10,44,222.9,16,31,47,20,36,13,20,4,-33,231,211,184,67,655.8827160493827,47.79012345679012,23.734567901234566,6.123456790123457,919.4938271604939,798.9444444444443,751.4567901234568,96.5,10
272,Kendall Brown,Indiana Pacers,SG,0,7,0,0,0.0,0,0,0.0,0,0,0.0,0,0,0,0,0,0,0,0,4,0,0,0,0,0.25,0.0,0.0625,0.0,0.5625,0.25,0.5625,0.0625,1
273,Kenneth Lofton Jr.,Philadelphia 76ers,F,2,5,1,4,25.0,0,0,0.0,0,2,0.0,0,1,1,0,0,0,0,0,-4,3,3,2,1,0.0,0.0,0.0,0.0,0.0,0.0,0.0,0.0,1
274,Kenrich Williams,Oklahoma City Thunder,SF,29,105,11,27,301.3,0,0,0.0,7,18,200.0,4,20,24,10,7,0,4,0,36,63,53,39,34,152.9012345679012,22.401234567901234,10.277777777777777,16.111111111111114,160.45679012345678,174.1049382716049,149.21604938271605,22.71604938271605,10
275,Kentavious Caldwell-Pope,Denver Nuggets,SG,106,295,32,77,381.1,22,23,680.0,20,44,423.3,5,24,29,24,18,10,8,4,118,159,135,130,53,326.56198347107437,23.198347107438018,14.413223140495868,20.33057851239669,404.9669421487603,338.5206611570248,382.08264462809916,48.53719008264463,10
276,Kenyon Martin Jr.,Philadelphia 76ers,F,73,200,32,48,695.5,5,8,300.0,4,8,216.7,13,34,47,12,26,4,9,5,-5,132,120,85,59,108.4765625,54.3515625,13.7265625,4.40625,294.1015625,233.15625,156.5,81.0,10
277,Keon Ellis,Sacramento Kings,G,12,71,5,12,150.0,0,0,0.0,2,7,83.3,5,6,11,11,13,5,3,2,10,34,23,23,22,30.074074074074076,3.2962962962962963,37.074074074074076,1.3333333333333335,69.33333333333333,37.74074074074074,61.96296296296297,40.07407407407407,6
278,Keon Johnson,Brooklyn Nets,G,12,26,3,8,73.3,4,4,100.0,2,4,133.3,2,1,3,2,2,2,2,0,-9,17,15,14,5,18.88888888888889,0.5555555555555556,2.2222222222222223,0.22222222222222227,27.222222222222225,13.888888888888888,34.0,1.0,2
279,Kessler Edwards,Sacramento Kings,SF,12,40,4,10,106.7,1,2,50.0,3,7,91.7,0,7,7,1,5,2,0,1,10,20,19,13,8,38.96,12.360000000000003,0.8400000000000001,3.5599999999999996,41.64000000000001,39.0,35.96000000000001,18.84,4
280,Kevin Durant,Phoenix Suns,PF,259,383,95,206,474.1,52,66,809.2,17,58,308.4,9,68,77,49,17,6,40,15,36,385,336,308,126,174.9584775086505,57.74740484429066,49.6643598615917,4.68166089965398,424.9238754325259,348.72664359861596,226.0,132.5674740484429,10
281,Kevin Huerter,Sacramento Kings,SG,98,247,39,88,442.5,2,4,100.0,18,49,330.0,7,26,33,24,17,4,12,3,-24,155,131,122,57,326.63711911357336,26.711911357340718,15.534626038781164,22.238227146814406,525.9529085872576,434.09141274238226,406.5650969529086,54.180055401662045,10
282,Kevin Knox II,Detroit Pistons,SF,18,65,8,19,115.6,1,1,100.0,1,7,33.3,3,7,10,4,8,2,6,0,25,32,28,22,14,99.0,11.0,2.0,0.75,146.0,176.0,77.0,5.0,4
283,Kevin Love,Miami Heat,PF,88,158,30,62,483.6,10,14,208.3,18,45,387.4,10,55,65,19,20,3,10,3,31,172,153,107,84,341.77777777777777,48.94444444444445,12.944444444444446,15.777777777777775,500.0,468.94444444444446,378.94444444444446,55.77777777777777,10
284,Kevon Looney,Golden State Warriors,F,21,97,8,18,483.3,5,8,175.0,0,0,0.0,7,22,29,13,12,1,5,4,38,63,50,34,42,26.5,19.4,6.125,0.0,19.325000000000006,32.10000000000001,15.625,23.625000000000004,10
285,Keyontae Johnson,Oklahoma City Thunder,F,5,29,2,6,66.7,0,0,0.0,1,2,100.0,1,4,5,0,3,0,1,0,-7,10,10,5,5,16.6875,4.75,0.0,0.6875,24.6875,24.6875,16.6875,4.75,3
286,Keyonte George,Utah Jazz,G,149,308,54,131,362.3,13,16,291.7,28,71,320.3,0,23,23,54,13,8,25,1,-45,226,172,203,77,1007.1640625,24.125,52.2265625,73.7265625,1348.65625,1147.3515625,1198.65625,86.1640625,10
287,Khris Middleton,Milwaukee Bucks,SF,54,110,22,41,229.2,3,4,150.0,7,16,218.3,1,15,16,20,14,2,8,2,32,90,70,74,36,113.0,22.0,38.0,2.75,237.0,125.0,251.0,34.0,4
288,Killian Hayes,Detroit Pistons,PG,10,42,4,9,92.9,0,0,0.0,2,4,50.0,0,7,7,12,2,0,2,0,-10,29,17,22,19,18.0,0.5,18.0,2.0,84.5,24.5,72.0,24.5,2
289,Klay Thompson,Golden State Warriors,SG,157,255,56,127,430.4,11,11,500.0,34,85,378.1,2,33,35,19,16,5,13,1,-6,211,192,176,54,827.5679012345679,24.53086419753086,29.0,44.0,942.7777777777777,954.4444444444445,818.7901234567901,50.641975308641975,10
290,Kobe Brown,LA Clippers,G,2,27,1,5,100.0,0,0,0.0,0,2,0.0,4,5,9,2,4,0,3,0,-23,13,11,4,11,3.1836734693877546,5.448979591836735,1.183673469387755,0.08163265306122448,5.4489795918367365,2.224489795918368,2.0,11.040816326530612,4
291,Kobe Bufkin,Atlanta Hawks,G,27,81,11,31,158.4,1,2,50.0,4,14,115.0,1,10,11,14,6,3,4,1,21,52,38,41,25,72.63265306122449,3.9795918367346945,14.959183673469388,2.836734693877551,134.6326530612245,95.83673469387756,113.83673469387753,16.53061224489796,5
292,Kris Dunn,Utah Jazz,G,62,207,26,49,510.0,4,5,250.0,6,21,341.7,9,15,24,27,22,15,14,1,-41,113,86,89,51,146.5,21.11111111111111,21.419753086419746,5.234567901234568,212.32716049382714,169.6111111111111,184.2530864197531,47.49382716049383,10
293,Kris Murray,Portland Trail Blazers,F,78,281,30,68,449.2,10,17,400.0,8,31,420.0,18,28,46,20,23,12,10,2,-9,144,124,98,66,253.64444444444445,55.11111111111112,12.177777777777779,5.999999999999999,351.5111111111112,298.8,277.64444444444445,96.0,10
294,Kristaps Porzingis,Boston Celtics,C,238,294,80,148,544.7,54,58,832.8,24,50,512.2,15,56,71,18,23,5,12,17,122,327,309,256,89,352.44444444444446,90.5,13.73611111111111,6.625,543.9027777777777,564.2777777777777,342.73611111111114,93.56944444444444,10
295,Kyle Anderson,Minnesota Timberwolves,SF,64,221,24,49,504.1,14,14,400.0,2,6,150.0,8,30,38,47,12,10,13,3,83,149,102,111,85,111.24444444444444,54.71111111111111,31.311111111111103,1.6000000000000003,265.4444444444444,225.1111111111111,177.0,60.60000000000001,10
296,Kyle Kuzma,Washington Wizards,SF,243,336,96,192,500.8,25,39,656.7,26,64,372.3,10,63,73,34,23,8,27,10,-147,350,316,277,107,270.4765625,99.5390625,48.8515625,32.5,525.8515625,545.40625,293.65625,105.65625,10
297,Kyle Lowry,Philadelphia 76ers,PG,54,174,18,39,277.0,8,8,300.0,10,23,227.1,4,16,20,34,14,6,9,1,-9,108,74,88,54,138.0,13.333333333333332,31.333333333333332,11.333333333333332,364.0,203.33333333333331,261.3333333333333,82.0,6
298,Kyrie Irving,Dallas Mavericks,PG,272,362,107,206,521.5,26,29,716.7,32,77,406.0,9,47,56,39,17,8,15,5,5,367,328,311,95,158.1775147928994,41.76331360946745,40.053254437869825,19.609467455621303,353.09467455621296,243.28994082840234,236.92899408284023,112.8698224852071,10
299,Lamar Stevens,Memphis Grizzlies,PF,113,202,48,91,537.2,12,18,316.6,5,11,450.0,12,39,51,8,18,5,11,9,-16,172,164,121,59,209.94674556213016,61.21301775147929,5.715976331360947,2.514792899408284,355.905325443787,288.07100591715977,277.0,67.71005917159763,10
300,Landry Shamet,Washington Wizards,SG,61,191,22,60,313.1,7,7,300.0,10,39,154.1,4,11,15,8,13,6,9,3,-56,84,76,69,23,297.0,20.508650519031143,6.0,16.034602076124564,398.4498269896194,360.56747404844293,329.0,32.391003460207614,10
301,Larry Nance Jr.,New Orleans Pelicans,PF,46,190,20,29,585.0,4,7,200.0,2,7,100.0,20,33,53,18,20,6,14,4,25,117,99,64,71,81.2265625,56.6640625,12.0,1.7265625,301.15625,259.65625,106.4765625,84.9140625,10
302,Lauri Markkanen,Utah Jazz,PF,211,342,70,163,428.6,40,43,856.7,31,77,398.8,18,52,70,23,15,7,17,3,-46,304,281,234,93,325.44444444444446,112.71111111111112,50.111111111111114,23.444444444444446,786.5777777777778,575.4000000000001,492.8,206.64444444444445,10
303,LeBron James,Los Angeles Lakers,SF,270,355,103,184,557.9,39,48,763.9,25,52,496.6,6,52,58,97,10,11,29,6,47,425,328,367,155,200.15625,81.4765625,52.5,27.90625,229.6640625,219.4140625,245.15625,99.2265625,10
304,Leaky Black,Charlotte Hornets,F,26,138,8,22,232.1,6,8,225.0,4,9,150.0,3,19,22,13,8,2,3,2,-25,61,48,39,35,83.5,29.5,5.875,8.0,111.875,84.0,96.875,49.875,8
305,Leonard Miller,Minnesota Timberwolves,F,0,5,0,1,0.0,0,0,0.0,0,0,0.0,0,0,0,2,0,0,0,0,8,2,0,2,2,1.0,0.25,1.0,0.0,0.25,2.25,0.0,0.25,1
306,Lester Quinones,Golden State Warriors,G,62,180,21,57,352.3,11,15,425.0,9,32,250.0,8,22,30,16,19,2,5,1,-11,108,92,78,46,168.0,20.02770083102493,27.534626038781163,11.565096952908586,225.94459833795014,243.81717451523548,156.4819944598338,41.20775623268698,10
307,Lindy Waters III,Oklahoma City Thunder,F,23,57,8,17,273.3,0,0,0.0,7,15,233.3,1,13,14,4,6,1,2,2,-30,41,37,27,18,64.94,20.560000000000002,3.5,8.139999999999999,164.44000000000003,135.34,82.84,35.26,6
308,Lonnie Walker IV,Brooklyn Nets,G,95,172,34,92,353.1,6,8,316.7,21,50,365.4,1,24,25,10,20,7,6,2,6,130,120,105,35,316.6,27.844444444444445,13.600000000000001,18.91111111111111,518.8444444444444,452.84444444444443,377.0,47.044444444444444,10
309,Luguentz Dort,Oklahoma City Thunder,G,114,290,40,86,465.4,7,7,300.0,27,53,519.4,6,30,36,11,29,14,6,5,65,161,150,125,47,274.0,57.82716049382716,15.216049382716049,15.444444444444443,446.5,449.60493827160496,277.4382716049382,66.5,10
310,Luka Doncic,Dallas Mavericks,PG,348,367,123,232,533.1,67,81,860.7,35,93,366.7,8,88,96,111,29,13,39,5,53,555,444,459,207,347.90625,29.15625,88.9140625,28.65625,538.5390625,372.5,449.3515625,182.6640625,10
311,Luka Garza,Minnesota Timberwolves,C,8,5,3,5,60.0,1,2,50.0,1,1,100.0,1,0,1,0,1,0,0,0,8,9,9,8,1,19.360000000000003,0.16000000000000003,0.0,0.16000000000000003,23.04,23.04,19.360000000000003,0.16000000000000003,1
312,Luka Samanic,Utah Jazz,F,28,73,9,28,205.5,7,9,250.0,3,14,78.3,3,9,12,3,6,1,4,3,-40,43,40,31,15,50.14876033057851,11.239669421487603,3.6115702479338836,1.5123966942148759,118.33884297520662,104.0,61.74380165289256,17.595041322314046,6
313,Luke Kennard,Memphis Grizzlies,SG,128,265,39,74,531.2,21,24,621.4,29,56,521.2,0,20,20,29,12,5,16,0,-69,177,148,157,49,299.06944444444446,6.0,39.125,20.944444444444443,416.94444444444446,309.06944444444446,412.9444444444445,39.125,10
314,Luke Kornet,Boston Celtics,C,39,143,17,24,563.3,5,6,250.0,0,0,0.0,17,23,40,8,16,3,2,10,50,87,79,47,48,85.61111111111111,68.625,9.777777777777779,0.0,316.2361111111111,226.90277777777777,142.27777777777777,111.06944444444444,10
315,Malachi Flynn,Detroit Pistons,PG,36,83,13,39,232.5,4,6,200.0,6,18,241.7,0,10,10,11,5,3,6,0,-20,57,46,47,21,77.3888888888889,6.0,11.555555555555557,4.0,164.55555555555557,115.72222222222221,119.8888888888889,23.888888888888886,8
316,Malaki Branham,San Antonio Spurs,G,126,222,48,102,473.6,10,10,600.0,20,44,425.4,6,15,21,21,11,2,10,1,-17,168,147,147,42,406.44444444444446,10.91111111111111,22.91111111111111,18.84444444444444,487.7777777777778,434.20000000000005,450.20000000000005,43.644444444444446,10
317,Malcolm Brogdon,Portland Trail Blazers,PG,65,142,24,52,182.4,11,13,333.3,6,19,110.0,6,19,25,27,9,4,8,1,10,117,90,92,52,92.75,4.75,6.75,5.0,106.75,61.0,146.0,4.0,4
318,Malik Beasley,Milwaukee Bucks,SG,106,295,38,93,403.6,1,2,50.0,29,75,377.6,3,30,33,14,20,14,5,1,78,153,139,120,47,344.40443213296396,18.61218836565097,16.559556786703602,33.16620498614958,223.1994459833795,257.3213296398892,298.1108033240997,47.34349030470914,10
319,Malik Monk,Sacramento Kings,SG,185,288,73,159,432.8,18,22,650.0,21,58,304.4,4,32,36,51,22,9,23,4,-18,272,221,236,87,941.5484764542937,10.454293628808864,28.922437673130197,39.56509695290859,1074.5152354570637,1047.0498614958449,960.1440443213296,48.24653739612188,10
320,MarJon Beauchamp,Milwaukee Bucks,F,30,42,10,16,350.0,7,8,175.0,3,7,200.0,2,9,11,1,4,1,3,0,-17,42,41,31,12,65.5,11.0,0.8749999999999999,1.875,116.04166666666664,105.5,72.87499999999999,15.04166666666667,6
321,Marcus Morris Sr.,Philadelphia 76ers,SF,23,65,9,22,122.9,2,2,100.0,3,8,83.3,0,10,10,1,3,2,5,1,-14,34,33,24,11,20.666666666666664,4.666666666666666,0.6666666666666667,2.0,24.666666666666664,32.0,14.0,4.666666666666666,3
322,Marcus Sasser,Detroit Pistons,G,86,205,32,79,377.3,6,9,300.0,16,41,409.5,1,16,17,45,17,9,16,0,-18,148,103,131,62,490.7361111111111,10.23611111111111,60.56944444444444,22.40277777777778,635.0694444444445,509.0,605.6111111111111,82.0,10
323,Markelle Fultz,Orlando Magic,PG,76,201,33,72,420.5,9,12,333.3,1,6,50.0,16,22,38,24,13,7,13,3,-14,138,114,100,62,200.1326530612245,29.6734693877551,17.387755102040817,0.9081632653061225,137.31632653061226,134.90816326530611,187.4795918367347,62.12244897959184,10
324,Markieff Morris,Dallas Mavericks,PF,3,6,1,2,50.0,0,0,0.0,1,2,50.0,0,2,2,0,0,0,0,0,-1,5,5,3,2,2.25,1.0,0.0,0.25,6.25,6.25,2.25,1.0,1
325,Marques Bolden,Charlotte Hornets,C,0,13,0,1,0.0,0,0,0.0,0,0,0.0,0,1,1,0,1,0,1,0,2,1,1,0,1,0.0,0.7222222222222223,0.0,0.0,0.7222222222222223,0.7222222222222223,0.0,0.7222222222222223,2
326,Marvin Bagley III,Washington Wizards,PF,119,262,53,102,492.7,10,14,383.3,3,8,250.0,40,46,86,16,13,7,8,11,-40,221,205,135,102,363.0,137.06944444444443,12.402777777777779,2.125,626.7777777777778,594.2361111111111,370.56944444444446,174.44444444444446,10
327,Mason Jones,Sacramento Kings,G,1,13,0,3,0.0,1,2,50.0,0,2,0.0,1,3,4,4,0,0,0,0,10,9,5,5,8,0.0,0.0,0.0,0.0,0.0,0.0,0.0,0.0,1
328,Mason Plumlee,LA Clippers,C,63,145,22,34,630.0,19,26,466.7,0,0,0.0,13,43,56,13,21,4,11,6,-6,132,119,76,69,77.15625,113.625,13.0,0.0,235.40625,218.65625,94.40625,126.125,10
329,Matisse Thybulle,Portland Trail Blazers,SG,51,249,18,56,273.3,8,9,350.0,7,30,203.3,4,21,25,20,19,29,9,5,-50,96,76,71,45,299.125,28.5390625,38.625,9.0,495.5390625,417.8515625,384.5,59.4765625,10
330,Matt Ryan,New Orleans Pelicans,F,26,49,9,21,200.0,0,0,0.0,8,17,194.4,1,8,9,2,5,0,2,0,-9,37,35,28,11,136.55555555555557,7.25,1.2222222222222223,11.555555555555557,204.80555555555554,200.80555555555557,141.55555555555554,7.472222222222223,5
331,Matthew Hurt,Memphis Grizzlies,F,32,110,12,33,215.9,3,3,200.0,5,19,233.4,9,7,16,4,8,3,2,3,-7,52,48,36,20,105.05785123966943,19.264462809917354,4.016528925619834,3.900826446280991,201.41322314049586,161.26446280991738,139.3388429752066,29.14876033057851,7
332,Max Christie,Los Angeles Lakers,G,52,154,17,35,625.7,9,12,500.0,9,19,420.0,3,15,18,13,4,3,1,5,-8,83,70,65,31,61.2,15.600000000000001,29.0,5.0,222.20000000000002,121.6,146.60000000000002,59.800000000000004,10
333,Max Strus,Cleveland Cavaliers,SG,118,312,42,93,422.4,12,15,316.7,22,62,318.5,11,20,31,48,25,6,16,4,-32,197,149,166,79,288.89273356401384,29.78892733564014,24.9757785467128,31.79930795847751,403.7820069204152,330.9031141868512,380.8719723183391,35.66435986159169,10
334,Maxi Kleber,Dallas Mavericks,PF,43,245,14,39,292.4,8,13,300.0,7,26,236.6,6,35,41,16,17,4,5,7,49,100,84,59,57,138.6,108.11111111111113,12.4,5.0,438.7111111111111,373.1111111111111,179.4,145.31111111111113,10
335,Michael Porter Jr.,Denver Nuggets,SF,211,342,82,158,517.0,15,15,700.0,32,78,426.9,16,65,81,20,17,7,14,6,47,312,292,231,101,651.204081632653,71.69387755102042,16.20408163265306,18.336734693877553,1094.530612244898,1050.4081632653063,683.8163265306122,99.40816326530613,10
336,Mikal Bridges,Brooklyn Nets,SF,170,347,62,158,374.4,23,32,469.4,23,79,309.2,7,37,44,36,13,11,14,2,-37,250,214,206,80,884.6297577854671,27.56401384083045,38.42214532871973,27.782006920415224,930.0,928.5397923875431,847.2110726643599,104.86505190311419,10
337,Mike Conley,Minnesota Timberwolves,PG,100,271,33,75,399.8,17,19,433.3,17,44,361.6,10,24,34,49,13,14,17,3,10,183,134,149,83,324.0444444444444,32.4,63.0,17.0,231.04444444444445,188.44444444444446,329.84444444444443,132.2,10
338,Mike Muscala,Oklahoma City Thunder,C,26,108,9,29,234.2,1,2,50.0,7,20,250.0,5,12,17,4,4,2,1,1,40,47,43,30,21,75.50617283950618,11.0,6.0246913580246915,8.876543209876543,155.22222222222223,132.06172839506172,91.55555555555556,24.1358024691358,8
339,Miles Bridges,Charlotte Hornets,SF,186,386,74,172,425.3,16,20,616.7,22,63,334.2,13,73,86,31,18,12,23,3,-47,303,272,217,117,364.9806094182825,127.37396121883657,38.40720221606648,23.03601108033241,856.8116343490303,726.6204986149585,466.8393351800553,194.1135734072022,10
340,Miles McBride,New York Knicks,PG,86,246,33,79,508.6,6,7,266.7,14,42,253.0,6,10,16,26,17,9,3,2,-43,128,102,112,42,203.625,10.625,107.2265625,18.6640625,527.8515625,256.5,449.0390625,143.7890625,10
341,Mo Bamba,Philadelphia 76ers,C,37,140,14,37,285.0,5,8,125.0,4,10,166.7,14,30,44,12,19,2,10,12,1,93,81,49,56,112.25951557093425,49.33564013840831,12.269896193771624,4.671280276816609,221.84429065743944,241.15224913494808,102.13494809688581,52.42214532871972,10
342,Monte Morris,Minnesota Timberwolves,PG,56,166,21,56,371.1,5,7,275.0,9,25,366.6,3,13,16,30,5,7,2,2,30,102,72,86,46,80.98979591836735,18.53061224489796,40.5,3.244897959183673,185.55102040816325,109.76530612244898,133.91836734693877,81.88775510204081,10
343,Moritz Wagner,Orlando Magic,C,122,180,46,69,663.1,27,31,618.1,3,10,233.3,19,35,54,10,19,7,13,2,36,186,176,132,64,286.1385041551247,48.448753462603875,6.027700831024931,2.1468144044321327,416.2991689750693,453.0858725761773,260.87534626038786,42.952908587257625,10
344,Moses Brown,Portland Trail Blazers,C,9,18,4,4,200.0,1,3,33.3,0,0,0.0,1,3,4,2,4,0,2,1,14,15,13,11,6,17.0,2.8888888888888893,2.2222222222222223,0.0,13.0,13.888888888888891,11.222222222222223,10.0,2
345,Moses Moody,Golden State Warriors,SG,74,179,30,68,476.1,4,6,150.0,10,29,342.1,8,27,35,6,9,9,6,6,61,115,109,80,41,215.26530612244898,27.0,2.5306122448979593,18.20408163265306,299.2448979591837,276.5510204081633,231.10204081632656,36.38775510204081,10
346,Mouhamadou Gueye,Toronto Raptors,F,2,6,1,3,33.3,0,0,0.0,0,0,0.0,2,1,3,0,1,0,0,2,4,5,5,2,3,1.0,0.25,0.0,0.0,2.25,2.25,1.0,0.25,1
347,Moussa Diabate,LA Clippers,F,2,7,1,1,100.0,0,2,0.0,0,0,0.0,1,3,4,0,0,1,0,1,1,6,6,2,4,0.0,0.0,0.0,0.0,0.0,0.0,0.0,0.0,1
348,Myles Turner,Indiana Pacers,C,184,273,65,118,568.8,40,50,716.7,14,42,319.7,15,64,79,11,26,6,16,13,-12,274,263,195,90,373.2755102040816,65.60204081632654,13.030612244897958,14.53061224489796,446.4591836734694,389.97959183673464,441.1224489795918,67.26530612244898,10
349,Naji Marshall,New Orleans Pelicans,SF,57,205,22,48,348.6,5,6,150.0,8,23,291.6,8,30,38,24,13,9,14,3,39,119,95,81,62,200.1734693877551,61.602040816326536,24.53061224489796,5.846938775510205,258.9183673469388,234.55102040816325,220.90816326530611,89.76530612244898,10
350,Nassir Little,Phoenix Suns,SF,9,50,3,12,133.3,0,0,0.0,3,8,200.0,0,10,10,3,6,0,1,2,-8,22,19,12,13,13.078125,5.953125,3.453125,1.453125,22.828125,23.25,13.25,8.8125,5
351,Nate Hinton,Houston Rockets,G,10,15,3,5,60.0,2,3,66.7,2,3,66.7,1,2,3,2,2,1,0,1,13,15,13,12,5,43.559999999999995,4.840000000000001,1.44,1.9599999999999997,100.0,77.44000000000001,60.839999999999996,11.559999999999999,1
352,Nathan Mensah,Charlotte Hornets,C,4,45,2,5,66.7,0,0,0.0,0,0,0.0,4,4,8,0,8,1,1,2,-10,12,12,4,8,12.88888888888889,7.555555555555557,0.0,0.0,40.0,40.0,12.88888888888889,7.555555555555557,5
353,Naz Reid,Minnesota Timberwolves,C,119,263,43,95,456.7,18,25,550.0,15,39,433.4,14,47,61,12,23,5,12,10,72,192,180,131,73,326.9031141868512,61.51903114186852,7.6678200692041525,18.92387543252595,367.3425605536332,312.80276816609,359.0,91.62975778546713,10
354,Neemias Queta,Boston Celtics,C,39,72,19,26,443.4,1,2,100.0,0,0,0.0,12,15,27,4,7,3,3,6,61,70,66,43,31,19.5,37.5,1.3333333333333335,0.0,89.33333333333333,100.0,14.833333333333332,32.833333333333336,6
355,Nic Claxton,Brooklyn Nets,C,109,287,46,72,645.1,17,28,320.8,0,0,0.0,15,64,79,24,23,5,13,14,-60,212,188,133,103,229.5190311418685,68.48096885813148,8.671280276816608,0.0,305.57093425605535,291.4463667820069,225.30449826989621,95.49134948096886,10
356,Nick Jr. Smith,Charlotte Hornets,G,55,146,17,53,281.1,8,9,187.5,13,33,324.9,2,7,9,15,14,4,4,0,-6,79,64,70,24,130.0,11.280000000000001,20.0,8.719999999999999,162.07999999999998,148.48,130.0,44.88,8
357,Nick Richards,Charlotte Hornets,C,114,274,47,65,716.2,20,30,521.4,0,1,0.0,26,53,79,7,25,5,12,12,-28,200,193,121,86,291.2345679012346,72.5,8.277777777777777,0.0,429.9753086419753,405.0679012345679,299.141975308642,97.77777777777779,10
358,Nickeil Alexander-Walker,Minnesota Timberwolves,SG,96,228,35,75,458.7,7,8,450.0,19,41,493.3,3,19,22,27,14,4,10,8,72,145,118,123,49,296.42906574394465,27.833910034602077,34.141868512110726,25.27681660899654,325.6228373702422,243.48788927335642,363.16608996539793,77.37370242214533,10
359,Nicolas Batum,Philadelphia 76ers,PF,39,200,13,41,219.6,5,5,200.0,8,28,201.6,13,26,39,13,17,6,5,5,-49,91,78,52,52,80.88,68.0,12.280000000000001,4.08,240.51999999999998,188.48000000000002,88.32000000000001,124.88000000000001,8
360,Nikola Jokic,Denver Nuggets,C,241,357,98,177,569.0,34,42,789.7,11,36,283.7,20,106,126,98,27,14,29,7,92,465,367,339,224,466.6734693877551,164.1734693877551,137.6326530612245,14.918367346938776,1145.0306122448978,759.1938775510205,673.4081632653061,480.90816326530614,10
361,Nikola Jovic,Miami Heat,F,61,145,22,42,352.3,4,8,125.0,13,26,377.5,1,27,28,15,12,6,6,1,20,104,89,76,43,311.734375,21.75,11.359375,13.234375,497.0,453.109375,349.75,38.984375,7
362,Nikola Vucevic,Chicago Bulls,C,202,359,89,190,460.2,12,18,277.8,12,46,278.5,43,77,120,26,33,8,18,5,-62,348,322,228,146,339.60553633217995,70.85813148788928,12.671280276816608,3.688581314878893,654.0,548.9065743944637,417.7993079584775,110.42906574394463,10
363,Noah Clowney,Brooklyn Nets,F,8,31,3,6,50.0,0,0,0.0,0,2,0.0,3,2,5,3,1,0,1,0,-4,16,13,11,8,34.0,6.12,1.48,0.08000000000000002,63.519999999999996,67.72,30.28,7.120000000000001,2
364,Norman Powell,LA Clippers,G,134,281,51,108,445.8,4,9,200.0,28,58,428.6,2,24,26,12,17,8,9,3,-28,172,160,146,38,520.6419753086419,4.549382716049383,19.604938271604937,39.77777777777778,494.5,502.77160493827165,504.71604938271605,31.808641975308642,10
365,Obi Toppin,Indiana Pacers,PF,88,186,33,61,525.0,7,10,350.0,15,34,456.7,9,25,34,10,11,7,9,5,59,132,122,98,44,222.89273356401384,26.67128027681661,22.21453287197232,7.200692041522491,372.7750865051903,328.961937716263,252.25605536332182,63.33564013840831,10
366,Ochai Agbaji,Toronto Raptors,G,60,160,23,61,424.5,6,8,166.7,8,30,277.6,10,14,24,8,13,3,8,4,-18,92,84,68,32,278.0,63.11111111111112,5.777777777777778,13.644444444444446,514.4444444444445,518.4444444444445,281.1111111111111,61.777777777777786,10
367,Olivier Sarr,Oklahoma City Thunder,C,11,22,4,7,125.0,3,5,116.7,0,1,0.0,4,4,8,0,3,0,1,1,-14,19,19,11,8,34.92,6.920000000000002,0.0,0.0,59.68000000000001,59.68000000000001,34.92,6.920000000000002,3
368,OlivierMaxence Prosper,Dallas Mavericks,F,10,31,3,6,150.0,4,7,57.1,0,2,0.0,2,6,8,0,1,1,1,1,-14,18,18,10,8,22.66666666666667,9.925925925925926,0.0,0.0,61.925925925925924,61.925925925925924,22.66666666666667,9.925925925925926,3
369,Omer Yurtseven,Utah Jazz,C,19,47,9,14,183.3,1,3,50.0,0,1,0.0,9,8,17,3,5,1,2,3,-5,39,36,22,20,69.0,23.160000000000004,6.84,0.04000000000000001,165.24,119.16,108.84,36.239999999999995,4
370,Onuralp Bitim,Chicago Bulls,SF,17,63,5,15,103.6,3,4,150.0,4,10,140.0,1,10,11,2,5,0,3,1,5,30,28,19,13,72.77777777777777,26.111111111111114,1.1111111111111112,4.444444444444445,186.0,185.77777777777777,72.77777777777779,27.444444444444446,4
371,Onyeka Okongwu,Atlanta Hawks,PF,138,278,57,82,646.7,16,21,492.9,8,16,433.3,32,40,72,9,27,4,5,15,24,219,210,147,81,182.0,136.0,8.0,4.888888888888889,502.0,486.0,198.0,144.0,9
372,Orlando Robinson,Miami Heat,C,2,34,1,5,33.3,0,0,0.0,0,1,0.0,4,8,12,2,4,1,3,0,3,16,14,4,14,3.3469387755102042,10.816326530612248,1.1020408163265305,0.0,18.530612244897956,13.26530612244898,4.6938775510204085,15.836734693877549,3
373,Oscar Tshiebwe,Indiana Pacers,C,3,5,1,3,33.3,1,2,50.0,0,0,0.0,2,0,2,0,1,0,0,1,8,5,5,3,2,0.25,0.0,0.0,0.0,0.25,0.25,0.25,0.0,1
374,Oshae Brissett,Boston Celtics,SF,31,98,10,24,182.9,9,16,355.0,2,8,133.3,5,22,27,13,8,4,4,1,14,71,58,44,40,115.56804733727812,60.349112426035504,20.27810650887574,1.5739644970414202,390.58579881656806,261.72781065088753,222.1420118343195,102.9112426035503,8
375,Ousmane Dieng,Oklahoma City Thunder,F,28,78,10,23,324.4,4,4,200.0,4,12,220.0,1,7,8,12,3,3,6,3,19,48,36,40,20,94.0,4.857142857142858,17.428571428571427,3.714285714285714,188.85714285714283,126.85714285714286,151.4285714285714,26.857142857142858,7
376,P.J. Tucker,LA Clippers,PF,0,30,0,1,0.0,0,0,0.0,0,0,0.0,1,4,5,0,3,0,1,0,-8,5,5,0,5,0.0,4.666666666666667,0.0,0.0,4.666666666666667,4.666666666666667,0.0,4.666666666666667,3
377,P.J. Washington,Dallas Mavericks,PF,124,323,47,105,420.7,12,17,400.0,18,58,272.5,11,43,54,15,21,9,14,8,32,193,178,139,69,478.2560553633218,20.567474048442907,10.923875432525952,25.667820069204154,523.3044982698962,542.6574394463669,466.37024221453294,24.024221453287197,10
378,Paolo Banchero,Orlando Magic,PF,226,346,84,162,512.9,42,56,693.0,16,43,316.6,7,56,63,60,14,5,34,5,66,349,289,286,123,507.96539792387546,16.100346020761247,62.80276816608996,26.512110726643595,757.401384083045,610.3287197231833,643.1003460207612,90.840830449827,10
379,Pascal Siakam,Indiana Pacers,PF,189,323,79,147,536.2,20,28,691.7,11,33,312.4,15,57,72,39,22,7,8,5,-62,300,261,228,111,258.3287197231834,104.60899653979239,37.1522491349481,9.083044982698961,530.0,383.97577854671283,366.961937716263,179.1522491349481,10
380,Pat Connaughton,Milwaukee Bucks,SG,56,226,20,44,462.7,6,7,175.0,10,29,365.3,5,28,33,19,11,10,7,5,8,108,89,75,52,130.7202216066482,34.18005540166205,38.19113573407203,6.0,166.53185595567865,115.62049861495845,166.05817174515235,87.94459833795014,10
381,Patrick Baldwin Jr.,Washington Wizards,F,11,44,4,16,116.7,1,2,50.0,2,10,50.0,2,10,12,2,5,1,1,1,17,25,23,13,14,1.959999999999999,14.160000000000002,1.04,1.04,13.639999999999997,17.0,2.4399999999999995,11.36,4
382,Patrick Beverley,Milwaukee Bucks,PG,60,190,21,55,342.9,8,10,416.7,10,28,352.9,10,28,38,21,16,10,9,6,-50,119,98,81,59,190.32716049382717,72.8641975308642,22.030864197530867,8.030864197530864,448.1111111111111,382.1049382716049,269.9382716049382,81.29012345679013,10
383,Patty Mills,Atlanta Hawks,PG,2,42,1,8,25.0,0,0,0.0,0,6,0.0,2,5,7,2,1,3,1,0,-1,11,9,4,9,3.040000000000001,5.24,1.04,0.0,11.959999999999999,9.56,2.16,9.56,4
384,Paul George,LA Clippers,F,197,339,71,163,426.0,27,35,677.1,28,85,325.5,3,48,51,31,23,13,19,3,7,279,248,228,82,550.3515625,26.9765625,23.3515625,27.7265625,629.9765625,670.15625,506.0,54.5,10
385,Paul Reed,Philadelphia 76ers,SF,100,257,44,78,561.6,8,9,450.0,4,7,300.0,28,48,76,16,31,6,7,14,-28,192,176,116,92,346.2160664819944,110.5595567867036,12.470914127423821,2.4709141274238227,872.7645429362881,751.5678670360111,442.8254847645429,147.61772853185596,10
386,Payton Pritchard,Boston Celtics,PG,94,186,37,69,468.0,1,1,100.0,19,43,336.7,7,29,36,18,13,4,10,0,27,148,130,112,54,656.5,26.0,25.6015625,31.125,1013.7265625,796.5,849.4765625,75.8515625,10
387,Peyton Watson,Denver Nuggets,F,51,182,20,51,388.3,7,12,280.0,4,18,283.3,9,20,29,10,16,5,15,15,-45,90,80,61,39,103.57777777777778,26.111111111111114,12.044444444444446,3.111111111111111,222.0,201.3777777777778,111.44444444444443,50.91111111111111,10
388,Precious Achiuwa,New York Knicks,PF,123,343,49,83,592.2,21,33,474.4,4,14,300.0,45,48,93,14,24,9,16,17,-17,230,216,137,107,365.15625,144.125,20.4765625,2.4140625,654.3515625,495.15625,492.6640625,196.2890625,10
389,Quentin Grimes,Detroit Pistons,SG,40,130,14,49,153.4,5,5,200.0,7,31,120.0,0,16,16,12,6,5,5,4,-32,68,56,52,28,151.33333333333334,19.333333333333336,8.0,6.833333333333334,261.33333333333337,233.33333333333334,171.33333333333331,35.333333333333336,6
390,R. Rupert,Portland Trail Blazers,G,21,60,7,18,138.1,2,2,100.0,5,9,225.0,4,8,12,4,8,2,2,0,-6,37,33,25,16,115.0,17.47222222222222,5.0,6.0,209.4722222222222,214.13888888888886,118.0,14.805555555555557,5
391,RJ Barrett,Toronto Raptors,SG,194,322,79,142,555.6,21,47,376.5,15,35,350.0,9,45,54,41,19,6,27,3,-33,289,248,235,95,254.0,46.73611111111111,46.94444444444444,17.125,380.125,273.7361111111111,386.94444444444446,67.125,10
392,Reggie Bullock,Houston Rockets,SF,15,51,5,12,191.6,0,0,0.0,5,11,199.89999999999998,1,8,9,1,3,1,0,0,20,25,24,16,10,24.328125,7.703125,0.828125,2.703125,37.203125,36.8125,26.0,7.25,5
393,Reggie Jackson,Denver Nuggets,PG,64,202,28,74,354.8,2,2,100.0,6,28,215.8,2,12,14,34,16,4,11,0,15,112,78,98,48,146.17777777777778,20.57777777777778,52.57777777777778,2.8000000000000003,431.3777777777778,218.0,322.0,110.71111111111114,10
394,Richaun Holmes,Washington Wizards,F,56,141,23,40,446.4,9,10,350.0,1,1,100.0,15,23,38,8,17,4,4,5,-52,102,94,64,46,232.48979591836735,77.03061224489795,11.673469387755102,0.9081632653061225,558.3367346938776,491.2755102040816,273.3469387755102,114.90816326530611,10
395,Ricky IV Council,Philadelphia 76ers,G,86,136,27,60,417.8,30,39,692.5,2,16,58.3,7,22,29,5,7,0,3,0,-17,120,115,91,34,470.3515625,83.0390625,4.5390625,1.6015625,861.4765625,797.125,517.125,105.15625,10
396,Robin Lopez,Milwaukee Bucks,C,6,23,3,9,37.5,0,0,0.0,0,2,0.0,1,0,1,1,3,1,0,2,-16,8,7,7,2,20.0,0.5,0.625,0.0,21.125,26.5,15.625,0.125,2
397,Royce O'Neale,Phoenix Suns,PF,100,285,34,87,364.9,6,9,283.3,26,65,385.8,9,53,62,35,22,15,8,7,68,197,162,135,97,339.1111111111111,71.11111111111113,42.511111111111106,24.577777777777776,731.7111111111111,640.4444444444445,431.4,112.60000000000002,10
398,Rudy Gobert,Minnesota Timberwolves,C,146,356,60,86,704.1,26,38,575.0,0,1,0.0,41,99,140,14,37,3,15,24,40,300,286,160,154,197.4765625,114.5,16.625,0.0,378.0390625,374.8515625,189.1640625,142.625,10
399,Rui Hachimura,Los Angeles Lakers,PF,173,310,73,123,565.5,7,14,255.0,20,39,463.3,8,29,37,8,17,8,6,5,-10,218,210,181,45,846.5346260387812,41.742382271468145,5.6011080332409975,30.44321329639889,743.2520775623269,743.4072022160665,845.6648199445983,48.05817174515236,10
400,Russell Westbrook,LA Clippers,PG,93,216,37,98,389.9,15,21,523.3,4,26,95.0,8,19,27,29,17,13,15,1,-10,149,120,122,56,174.6,24.2,34.77777777777777,4.444444444444445,319.5777777777778,275.6,197.64444444444445,79.91111111111111,10
401,Saben Lee,Phoenix Suns,G,35,83,9,23,194.29999999999998,15,20,416.7,2,8,83.3,3,14,17,13,4,4,2,0,8,65,52,48,30,166.734375,22.359375,1.234375,1.4375,312.859375,295.75,178.0,29.4375,7
402,Saddiq Bey,Atlanta Hawks,SF,164,344,57,128,435.6,30,33,816.7,20,59,305.3,27,31,58,16,7,4,8,4,-19,238,222,180,74,318.39446366782005,62.90657439446367,13.01038062283737,18.034602076124564,435.57785467128025,474.15224913494814,296.1868512110727,59.55017301038061,10
403,Sam Hauser,Boston Celtics,SF,62,168,21,46,490.0,2,2,100.0,18,42,477.7,3,28,31,6,14,3,2,3,95,99,93,68,37,173.40625,35.1640625,4.40625,16.65625,261.6640625,234.3515625,196.0,44.2890625,10
404,Sam Merrill,Cleveland Cavaliers,SG,64,163,21,58,344.7,2,2,200.0,20,56,316.1,3,18,21,12,6,3,1,0,-23,97,85,76,33,361.0795847750865,18.024221453287197,13.833910034602077,44.31141868512111,435.0,407.77508650519025,379.7301038062284,40.432525951557096,10
405,Sandro Mamukelashvili,San Antonio Spurs,PF,10,25,5,9,130.0,0,1,0.0,0,1,0.0,3,1,4,1,3,2,0,0,6,15,14,11,5,40.0,1.346938775510204,0.693877551020408,0.0,50.816326530612244,42.48979591836734,49.265306122448976,1.1020408163265305,3
406,Santi Aldama,Memphis Grizzlies,PF,101,296,39,95,430.2,6,9,216.7,17,52,371.4,13,40,53,34,14,5,16,11,-62,188,154,135,87,254.27777777777777,24.5,52.54938271604938,19.790123456790123,376.69753086419746,324.44444444444446,353.41975308641975,30.160493827160494,10
407,Sasha Vezenkov,Sacramento Kings,F,9,22,2,7,28.6,3,3,100.0,2,4,50.0,0,1,1,1,4,1,0,0,24,11,10,10,2,4.5,0.5,0.5,2.0,4.5,2.0,8.0,0.0,2
408,Scoot Henderson,Portland Trail Blazers,G,114,201,33,76,318.3,38,40,575.0,10,26,251.2,8,13,21,36,20,3,16,2,-28,171,135,150,57,385.42857142857144,48.0,44.85714285714286,9.714285714285714,417.7142857142857,451.42857142857144,329.7142857142857,114.85714285714285,7
409,Scottie Barnes,Toronto Raptors,SF,179,333,70,155,460.1,33,39,674.9,6,36,159.89999999999998,28,63,91,75,18,13,31,14,21,345,270,254,166,386.7777777777778,98.11111111111111,83.84444444444443,4.800000000000001,825.4444444444445,588.1777777777778,576.0,230.0,10
410,Scotty Pippen Jr.,Memphis Grizzlies,G,66,152,22,50,245.0,10,16,190.4,12,22,355.0,7,13,20,29,20,8,12,4,-25,115,86,95,49,156.0,11.333333333333334,4.833333333333334,2.0,196.83333333333331,203.33333333333331,158.83333333333334,6.833333333333334,6
411,Seth Curry,Charlotte Hornets,SG,81,181,29,67,372.5,14,15,566.7,9,31,256.6,4,15,19,17,7,5,7,3,-33,117,100,98,36,233.0,12.900826446280993,16.140495867768593,4.900826446280991,334.3388429752066,276.08264462809916,269.8677685950413,50.429752066115704,10
412,Shai Gilgeous-Alexander,Oklahoma City Thunder,PG,321,346,117,215,539.5,71,84,833.3,16,34,541.7,5,49,54,60,26,18,21,14,98,435,375,381,114,240.5,38.41975308641975,50.5,16.641975308641975,304.53086419753083,189.58641975308643,357.0,87.3641975308642,10
413,Shake Milton,New York Knicks,SG,38,86,16,34,301.1,2,3,66.7,4,10,150.0,7,12,19,8,5,2,4,1,-16,65,57,46,27,82.24489795918367,67.0,13.551020408163264,7.387755102040818,374.38775510204084,278.3877551020408,140.53061224489798,118.26530612244898,6
414,Simone Fontecchio,Detroit Pistons,F,150,284,56,120,467.0,11,14,466.7,27,65,415.8,6,28,34,20,15,10,9,0,-57,204,184,170,54,296.65625,47.625,26.15625,18.7265625,424.625,392.15625,320.0,82.90625,10
415,Skylar Mays,Los Angeles Lakers,SG,6,29,3,8,120.0,0,0,0.0,0,3,0.0,0,1,1,2,1,1,1,1,0,9,7,8,3,11.918367346938775,0.693877551020408,2.693877551020408,0.0,5.9183673469387745,11.959183673469388,7.265306122448978,2.0,3
416,Spencer Dinwiddie,Los Angeles Lakers,PG,54,238,19,51,380.0,6,9,316.7,10,32,286.7,1,9,10,33,17,4,11,2,56,97,64,87,43,112.7265625,9.9140625,38.1640625,6.0390625,225.6015625,120.625,202.125,63.65625,10
417,Stanley Umude,Detroit Pistons,G,14,35,5,8,62.5,1,1,100.0,3,4,75.0,1,2,3,1,4,0,1,0,5,18,17,15,4,98.0,0.5,0.5,4.5,98.0,112.5,84.5,0.0,2
418,Stephen Curry,Golden State Warriors,PG,231,305,80,202,377.1,25,29,737.5,46,129,332.0,8,33,41,53,13,7,30,1,24,325,272,284,94,1247.2999999999997,110.525,56.2,97.625,1695.5250000000003,1725.625,1289.3000000000002,94.625,10
419,Svi Mykhailiuk,Boston Celtics,SG,22,47,8,20,167.5,0,0,0.0,6,16,113.3,2,5,7,6,1,2,1,0,34,35,29,28,13,26.111111111111107,9.0,5.111111111111112,3.444444444444444,91.0,60.77777777777777,47.0,23.444444444444443,4
420,T.J. McConnell,Indiana Pacers,PG,123,187,59,95,597.4,1,1,100.0,4,4,200.0,7,23,30,54,11,10,13,1,27,207,153,177,84,324.98979591836735,28.0,39.38775510204081,6.4183673469387745,386.05102040816325,358.98979591836735,368.05102040816325,51.38775510204081,10
421,Taj Gibson,New York Knicks,F,2,68,0,9,0.0,2,2,100.0,0,2,0.0,4,6,10,4,8,1,3,0,2,16,12,6,14,3.2222222222222223,10.555555555555554,0.888888888888889,0.0,16.222222222222225,10.0,5.0,15.88888888888889,5
422,Talen Horton-Tucker,Utah Jazz,SG,68,128,20,55,346.0,20,25,555.6,8,23,381.6,8,16,24,25,12,3,4,4,-44,117,92,93,49,62.24,48.010000000000005,16.0,3.0,200.81,141.61,108.64,76.81,9
423,Taurean Prince,Los Angeles Lakers,PF,70,217,27,61,453.1,2,4,100.0,14,33,345.3,2,27,29,13,14,4,8,5,7,112,99,83,42,173.3573407202216,25.132963988919666,10.18005540166205,14.470914127423823,289.46260387811634,279.61495844875344,176.87811634349032,41.639889196675895,10
424,Taylor Hendricks,Utah Jazz,F,70,220,28,58,514.6,3,3,200.0,11,33,406.7,16,46,62,7,28,5,8,6,-34,139,132,77,69,126.0,105.6,2.1,4.9,334.90000000000003,297.6,146.1,124.9,10
425,Taze Moore,Portland Trail Blazers,G,2,5,1,1,100.0,0,0,0.0,0,0,0.0,0,0,0,1,0,0,1,0,7,3,2,3,1,2.25,0.0,0.5625,0.0,5.0625,2.25,5.0625,0.5625,1
426,Terance Mann,LA Clippers,SG,109,268,43,71,602.1,12,14,650.0,11,24,283.4,16,33,49,20,19,3,7,0,-17,178,158,129,69,377.6814404432133,87.97506925207755,37.3573407202216,19.0,791.95567867036,730.6204986149585,401.9972299168975,162.35180055401662,10
427,Terquavion Smith,Philadelphia 76ers,G,38,47,14,28,241.1,0,1,0.0,10,22,216.6,0,2,2,5,3,4,3,0,0,45,40,43,7,171.8125,1.3125,2.703125,14.8125,180.953125,167.0,183.203125,6.578125,5
428,Terry Rozier,Miami Heat,SG,148,309,53,136,385.0,30,32,741.7,12,51,249.4,9,36,45,61,17,8,15,3,54,254,193,209,106,204.77685950413223,41.01652892561983,33.69421487603306,10.24793388429752,152.4297520661157,257.2314049586777,113.69421487603307,60.991735537190074,10
429,Terry Taylor,Chicago Bulls,F,9,39,3,7,175.0,1,2,50.0,2,3,150.0,2,9,11,2,1,1,0,0,-17,22,20,11,13,8.122448979591837,18.489795918367342,2.836734693877551,1.1020408163265305,60.91836734693877,44.12244897959184,13.0,33.244897959183675,3
430,Thaddeus Young,Phoenix Suns,F,6,29,3,6,100.0,0,2,0.0,0,0,0.0,7,3,10,0,4,1,1,0,3,16,16,6,10,11.876543209876544,18.88888888888889,4.839506172839506,0.0,27.35802469135802,12.839506172839506,30.54320987654321,19.580246913580247,2
431,Thaddeus Young,Phoenix Suns,PF,41,128,20,28,469.9,1,3,50.0,0,2,0.0,11,18,29,14,12,2,4,1,-24,84,70,55,43,132.40740740740742,22.333333333333336,28.962962962962965,0.0,354.07407407407413,192.07407407407408,265.0740740740741,80.62962962962962,6
432,Thanasis Antetokounmpo,Milwaukee Bucks,SF,8,41,4,9,216.7,0,2,0.0,0,1,0.0,2,0,2,4,7,1,2,1,-11,14,10,12,6,13.0,1.4000000000000004,1.6,0.0,22.000000000000004,17.2,16.2,4.6,5
433,Theo Maledon,Phoenix Suns,PG,5,10,1,2,50.0,3,3,100.0,0,0,0.0,0,1,1,0,3,0,3,0,-11,6,6,5,1,14.0625,0.5625,0.0,0.0,20.25,20.25,14.0625,0.5625,1
434,Thomas Bryant,Miami Heat,C,0,5,0,1,0.0,0,0,0.0,0,1,0.0,0,0,0,0,0,0,0,2,-2,0,0,0,0,0.0,0.25,0.0,0.0,0.25,0.25,0.0,0.25,1
435,Tim Hardaway Jr.,Dallas Mavericks,SF,84,225,31,94,340.5,5,6,250.0,17,58,288.7,2,24,26,15,15,5,12,3,9,125,110,99,41,290.0,25.72318339100346,24.508650519031143,17.629757785467127,483.39446366782016,428.4290657439446,348.62629757785464,46.57093425605537,10
436,Tobias Harris,Philadelphia 76ers,PF,160,340,63,149,403.5,18,22,683.3,16,42,332.7,11,57,68,29,18,12,11,6,-32,257,228,189,97,642.9765625,73.90625,41.7265625,21.625,1069.90625,895.7890625,776.5,156.2265625,10
437,Torrey Craig,Chicago Bulls,SF,35,122,12,28,248.3,3,4,150.0,8,23,215.0,5,21,26,8,7,3,3,5,-9,69,61,43,34,32.833333333333336,19.333333333333332,17.333333333333336,1.3333333333333333,141.5,86.83333333333333,72.83333333333334,51.333333333333336,6
438,Tosan Evbuomwan,Detroit Pistons,F,17,90,7,18,314.3,0,0,0.0,3,9,183.3,8,8,16,6,6,1,1,1,-34,39,33,23,22,14.833333333333332,107.33333333333334,8.0,1.5,197.5,137.5,28.833333333333332,161.33333333333334,6
439,Toumani Camara,Portland Trail Blazers,F,93,250,36,71,503.1,9,12,316.7,12,20,575.0,25,36,61,14,26,5,15,3,28,168,154,107,75,283.88775510204084,67.4795918367347,6.418367346938775,10.336734693877549,546.1326530612246,489.1020408163265,330.8367346938776,83.97959183673468,10
440,Trae Young,Atlanta Hawks,PG,235,370,76,173,432.4,45,55,813.4,38,93,399.0,2,18,20,109,22,11,45,2,-38,364,255,344,129,749.99173553719,12.0,83.0,44.247933884297524,779.1735537190083,615.99173553719,917.1735537190083,91.0,10
441,Trayce JacksonDavis,Golden State Warriors,F,83,136,36,48,734.2,11,20,435.0,0,0,0.0,22,19,41,10,16,2,5,13,4,134,124,93,51,225.0,64.77777777777779,7.1111111111111125,0.0,353.1111111111111,354.44444444444446,210.77777777777777,84.77777777777777,10
442,Tre Jones,San Antonio Spurs,PG,84,276,33,60,532.8,8,9,400.0,10,23,385.0,6,34,40,59,9,7,15,1,-2,183,124,143,99,241.91695501730104,48.865051903114185,84.48096885813149,14.0,670.6955017301037,357.0242214532872,513.9826989619378,174.9515570934256,10
443,Tre Mann,Charlotte Hornets,PG,119,309,44,97,446.5,15,19,615.0,16,37,388.3,4,49,53,43,21,16,15,0,-29,215,172,162,96,229.59504132231405,46.239669421487605,23.925619834710744,10.429752066115702,470.5206611570248,381.05785123966945,281.86776859504135,107.35537190082644,10
444,Trendon Watford,Brooklyn Nets,PF,68,121,24,47,596.6,16,16,400.0,4,11,250.0,7,19,26,5,17,0,6,5,-48,99,94,73,31,296.52071005917156,56.82248520710059,4.485207100591716,4.390532544378698,533.2366863905324,517.4378698224851,316.71005917159766,56.917159763313606,9
445,Trent Forrest,Atlanta Hawks,G,11,44,5,8,175.0,1,2,50.0,0,1,0.0,1,3,4,13,5,0,1,0,9,28,15,24,17,37.06122448979592,7.0,10.244897959183673,0.0,69.20408163265306,72.91836734693877,41.06122448979592,9.53061224489796,5
446,Trevelin Queen,Orlando Magic,SG,0,8,0,2,0.0,0,0,0.0,0,1,0.0,0,1,1,0,1,0,0,0,-12,1,1,0,1,0.0,0.25,0.0,0.0,0.25,0.25,0.0,0.25,1
447,Trey Jemison,Memphis Grizzlies,C,55,188,24,45,461.4,7,9,400.0,0,0,0.0,19,25,44,8,34,4,11,11,-53,107,99,63,52,130.88888888888889,26.88888888888889,6.888888888888889,0.0,294.8888888888889,264.0,154.0,41.55555555555556,9
448,Trey Lyles,Sacramento Kings,PF,59,197,21,49,422.9,10,14,600.0,7,27,261.7,11,34,45,6,21,3,8,4,20,110,104,65,51,176.17901234567898,20.01234567901235,7.234567901234568,11.43827160493827,255.95679012345678,231.8827160493827,198.5,29.0,10
449,Trey Murphy III,New Orleans Pelicans,SG,172,313,54,118,440.6,25,35,616.7,39,93,384.3,11,45,56,23,13,15,1,10,99,251,228,195,79,936.6015625,48.7265625,40.65625,77.125,1064.90625,1096.5,900.2890625,94.1015625,10
450,Troy Brown Jr.,Detroit Pistons,SF,30,95,11,30,232.9,2,2,100.0,6,18,206.6,2,16,18,8,6,1,3,0,-31,56,48,38,26,64.88888888888889,21.654320987654323,8.098765432098766,3.555555555555556,177.55555555555557,136.46913580246914,101.72839506172839,34.0,8
451,TyTy Washington Jr.,Milwaukee Bucks,G,0,8,0,2,0.0,0,0,0.0,0,1,0.0,0,0,0,1,0,0,0,0,-4,1,0,1,1,0.0,0.0,0.44444444444444453,0.0,0.44444444444444453,0.0,0.44444444444444453,0.44444444444444453,1
452,Tyler Herro,Miami Heat,PG,165,290,64,148,394.5,10,13,333.4,27,69,369.6,3,45,48,47,9,0,12,1,52,260,213,212,95,148.0,24.0,23.555555555555557,12.0,266.88888888888886,188.0,200.22222222222223,74.22222222222223,9
453,Tyrese Haliburton,Indiana Pacers,PG,155,320,57,139,381.6,17,21,426.7,24,77,281.7,5,31,36,101,6,11,17,4,7,292,191,256,137,485.2265625,36.65625,112.8515625,29.15625,1091.90625,544.4140625,998.5,183.7265625,10
454,Tyrese Maxey,Philadelphia 76ers,PG,264,379,96,216,444.8,44,47,825.0,28,77,357.3,6,42,48,56,23,10,24,3,-63,368,312,320,104,414.08284023668637,52.84023668639053,33.25443786982249,14.0,701.7159763313609,595.9408284023668,486.1301775147929,119.82248520710058,10
455,Tyus Jones,Washington Wizards,PG,101,315,40,84,452.0,4,4,300.0,17,40,397.5,5,19,24,111,5,10,14,1,-92,236,125,212,135,344.11111111111114,32.401234567901234,187.0679012345679,26.104938271604937,861.1111111111111,535.4382716049382,634.2530864197531,255.0,10
456,Udoka Azubuike,Phoenix Suns,C,2,11,1,3,33.3,0,2,0.0,0,0,0.0,2,4,6,0,1,0,0,0,-3,8,8,2,6,1.7777777777777781,13.444444444444443,0.0,0.0,25.0,25.0,1.7777777777777781,13.444444444444443,1
457,Vasilije Micic,Charlotte Hornets,G,90,232,34,86,384.09999999999997,16,19,416.7,6,30,186.9,6,13,19,54,14,8,20,0,-44,163,109,144,73,376.1015625,20.0390625,33.15625,4.40625,512.125,488.15625,407.7265625,45.5390625,10
458,Victor Wembanyama,San Antonio Spurs,C,228,302,80,162,493.7,44,52,753.0,24,56,435.8,21,88,109,48,22,19,36,51,15,385,337,276,157,378.27681660899657,77.8719723183391,32.68512110726643,13.197231833910033,706.598615916955,495.1384083044982,554.083044982699,146.21107266435988,10
459,Vince Williams Jr.,Memphis Grizzlies,G,125,336,42,92,459.7,30,37,748.3,11,34,288.8,8,52,60,64,28,13,32,8,-51,249,185,189,124,228.66782006920414,80.03460207612457,42.50519031141869,13.8719723183391,501.7266435986159,498.60553633217995,230.32871972318338,124.0,10
460,Walker Kessler,Utah Jazz,C,88,234,38,59,676.8,12,15,525.0,0,3,0.0,26,49,75,14,23,7,12,28,-24,177,163,102,89,155.62130177514794,63.698224852071,9.443786982248522,0.0,373.9822485207101,349.0,178.36686390532543,75.37869822485209,10
461,Wendell Carter Jr.,Orlando Magic,C,125,264,48,78,615.7,18,25,415.0,11,27,315.1,17,49,66,14,22,4,12,6,31,205,191,139,80,269.5467128027682,68.5674740484429,4.567474048442906,9.083044982698961,479.5467128027682,444.9515570934256,291.2768166089965,86.0,10
462,Wendell Moore Jr.,Minnesota Timberwolves,G,2,5,1,1,100.0,0,0,0.0,0,0,0.0,0,2,2,0,1,0,0,0,8,4,4,2,2,0.44444444444444453,1.0,0.1111111111111111,0.0,1.7777777777777781,2.7777777777777772,0.11111111111111106,0.44444444444444453,1
463,Wesley Matthews,Atlanta Hawks,SG,14,33,5,9,233.3,0,1,0.0,4,7,240.0,0,7,7,1,3,1,0,2,1,22,21,15,8,4.666666666666666,10.666666666666668,0.6666666666666667,0.6666666666666666,12.666666666666666,18.0,2.0,8.666666666666668,3
464,Xavier Tillman,Boston Celtics,F,26,87,10,18,212.5,5,8,150.0,1,3,50.0,5,9,14,6,8,5,0,3,1,46,40,32,20,28.240000000000002,10.96,5.36,0.7600000000000001,75.44000000000001,54.239999999999995,47.760000000000005,18.0,4
465,Yuta Watanabe,Memphis Grizzlies,SF,20,90,9,23,150.0,0,2,0.0,2,12,64.3,0,9,9,5,5,5,4,0,-31,34,29,25,14,114.74074074074076,11.0,3.2962962962962963,1.4074074074074074,136.74074074074073,132.40740740740742,114.40740740740739,18.962962962962965,6
466,Zach Collins,San Antonio Spurs,PF,83,166,33,69,438.4,10,18,436.7,7,15,416.7,14,29,43,26,19,3,16,7,-60,152,126,109,69,233.81632653061223,112.13265306122449,22.408163265306122,6.5,489.5612244897959,434.62244897959187,254.3877551020408,168.90816326530611,10
467,Zeke Nnaji,Denver Nuggets,PF,40,113,13,36,291.6,14,16,425.0,0,5,0.0,14,10,24,6,11,3,3,11,-36,70,64,46,30,98.3305785123967,4.429752066115703,8.41322314049587,0.0,160.08264462809916,116.56198347107438,140.61157024793388,14.082644628099173,10
468,Ziaire Williams,Memphis Grizzlies,F,86,223,32,76,319.0,13,16,421.4,9,36,163.7,5,29,34,14,11,9,11,0,-44,134,120,100,48,399.5,29.5,13.5,12.875,607.5,516.0,492.0,42.0,8
469,Zion Williamson,New Orleans Pelicans,PF,217,313,88,163,533.7,40,54,723.9,1,2,50.0,19,40,59,68,19,6,28,10,27,344,276,285,127,597.0,58.91111111111111,60.04444444444444,0.9111111111111111,834.0000000000001,730.4444444444445,662.5111111111111,157.0,10
