,First Last Name,team,position,points,minutes,fgm,fga,fgp,ftm,fta,ftp,tpm,tpa,tpp,offReb,defReb,totReb,assists,pFouls,steals,turnovers,blocks,plusMinus,Points_Rebounds_Assist,Points_Rebounds,Points_Assist,Rebounds_Assist,points_deviation,totReb_deviation,assists_deviation,tpm_deviation,Points_Rebounds_Assist_deviation,Points_Rebounds_deviation,Points_Assist_deviation,Rebounds_Assist_deviation,count
0,A. Flagler,Oklahoma City Thunder,F,0,6,0,3,0.0,0,0,0.0,0,3,0.0,0,0,0,1,0,0,0,0,0,1,0,1,1,0.0,0.0,0.0,0.0,0.0,0.0,0.0,0.0,1
1,A.J. Green,Milwaukee Bucks,G,59,151,19,49,384.4,6,7,266.7,15,41,344.6,0,17,17,8,9,3,5,1,-26,84,76,67,25,143.34567901234567,18.11111111111111,7.9567901234567895,10.623456790123457,212.4012345679012,214.71604938271602,146.10493827160494,20.99382716049383,10
2,A.J. Lawson,Dallas Mavericks,G,20,42,8,21,223.3,2,6,100.0,2,8,100.0,2,6,8,3,5,1,0,1,-5,31,28,23,11,29.680473372781066,5.798816568047338,1.7218934911242603,1.5266272189349113,39.142011834319526,35.2189349112426,32.124260355029584,9.0,6
3,Aaron Gordon,Denver Nuggets,PF,142,297,60,96,680.5,19,26,601.7,3,18,108.3,14,36,50,39,22,13,18,3,102,231,192,181,89,209.61451247165533,94.44444444444444,50.673469387755105,2.836734693877551,340.98185941043084,438.56689342403627,158.21995464852606,98.92743764172334,10
4,Aaron Holiday,Houston Rockets,G,37,98,15,40,259.6,2,2,100.0,5,16,206.7,1,5,6,9,11,2,3,1,-27,52,43,46,15,230.1947069943289,6.2117202268431,15.16257088846881,9.453686200378073,355.70888468809073,287.38563327032136,286.8090737240075,33.08317580340265,10
5,Aaron Nesmith,Indiana Pacers,SF,113,281,37,87,417.9,23,30,648.8,16,45,358.2,2,28,30,13,28,8,8,9,26,156,143,126,43,303.4819944598338,48.02216066481995,12.584487534626037,13.606648199445983,553.5678670360111,518.7174515235457,317.5124653739613,81.42659279778393,10
6,Aaron Wiggins,Oklahoma City Thunder,SG,51,155,21,44,469.6,6,8,300.0,3,14,100.0,11,10,21,7,6,8,7,8,-1,79,72,58,28,203.51736111111114,8.5,8.569444444444445,11.611111111111114,249.65625,230.68402777777783,228.15625,11.402777777777777,10
7,Al Horford,Boston Celtics,C,82,257,34,59,531.4,4,4,200.0,10,26,329.3,13,47,60,19,14,6,4,8,64,161,142,101,79,196.5679012345679,56.03086419753087,32.77777777777778,10.771604938271604,465.21604938271605,318.2530864197531,329.04938271604937,103.29012345679013,10
8,Alec Burks,New York Knicks,SG,54,125,20,69,267.2,6,11,208.3,8,37,211.79999999999998,3,12,15,7,2,2,5,1,-34,76,69,61,22,211.42403628117918,12.6734693877551,3.662131519274377,8.17233560090703,336.77551020408157,290.9274376417234,250.06122448979596,23.546485260770975,10
9,Aleksej Pokusevski,Charlotte Hornets,F,18,46,7,11,205.0,2,2,100.0,2,3,150.0,2,6,8,5,2,2,4,4,29,31,26,23,13,38.0,11.666666666666664,6.749999999999999,0.75,118.75,87.66666666666666,56.75,30.75,3
10,Aleksej Pokusevski,Oklahoma City Thunder,F,6,18,2,5,100.0,1,2,50.0,1,3,100.0,0,2,2,0,0,1,0,0,-12,8,8,6,2,20.0,3.666666666666667,2.0833333333333335,0.75,56.75,39.66666666666667,32.08333333333333,10.75,3
11,Alex Caruso,Chicago Bulls,SG,87,296,32,87,375.9,5,9,225.0,18,57,310.9,5,27,32,38,25,26,12,7,-46,157,119,125,70,204.71191135734074,20.86980609418282,39.601108033241,21.88365650969529,261.96952908587264,209.0,275.06094182825484,43.09141274238227,10
12,Alex Len,Sacramento Kings,C,31,93,14,25,556.7,3,6,75.0,0,0,0.0,8,15,23,5,14,4,6,7,20,59,54,36,28,29.0,16.622448979591837,4.551020408163265,0.0,25.561224489795915,29.479591836734695,28.408163265306122,17.846938775510203,10
13,Alondes Williams,Miami Heat,G,0,6,0,1,0.0,0,0,0.0,0,1,0.0,0,1,1,0,0,0,1,0,-2,1,1,0,1,0.0,0.25,0.0,0.0,0.25,0.25,0.0,0.25,1
14,Alperen Sengun,Houston Rockets,C,209,324,81,157,512.7,43,68,622.9,4,12,200.0,39,68,107,45,36,16,26,7,2,361,316,254,152,847.1723356009071,197.81632653061226,123.77551020408163,4.408163265306122,1935.0226757369614,1622.4580498866212,993.7777777777778,487.5510204081633,10
15,Amen Thompson,Houston Rockets,F,80,203,33,65,461.7,13,17,500.0,1,8,100.0,20,40,60,16,25,16,10,11,23,156,140,96,76,418.7361111111111,66.60069444444444,28.90625,0.9444444444444445,936.625,699.65625,604.9340277777778,146.2777777777778,10
16,Amir Coffey,LA Clippers,SG,59,216,22,53,332.8,4,5,250.0,11,28,275.0,3,23,26,15,15,7,4,2,-12,100,85,74,41,298.1006944444444,75.93402777777777,16.77777777777778,19.125,665.6111111111111,514.5,411.90625,130.01736111111111,10
17,Andre Drummond,Chicago Bulls,C,90,192,37,67,425.3,16,27,641.7,0,0,0.0,32,66,98,4,21,2,11,6,19,192,188,94,102,381.1020408163265,319.61451247165536,2.4444444444444446,0.0,1105.3151927437643,1066.172335600907,396.59410430839,345.70975056689343,10
18,Andre Jr. Jackson,Milwaukee Bucks,G,10,69,4,9,333.3,0,0,0.0,2,5,200.0,3,9,12,10,6,3,3,0,-10,32,22,20,22,12.0,10.166666666666664,8.708333333333336,1.5000000000000002,49.70833333333332,36.833333333333336,19.374999999999996,24.375,6
19,Andrew Nembhard,Indiana Pacers,PG,90,280,37,74,509.4,4,4,100.0,12,29,490.0,6,25,31,29,23,13,15,1,-12,150,121,119,60,175.0132325141777,42.765595463138,46.621928166351594,5.727788279773157,309.55387523629486,191.55954631379961,290.27032136105856,92.12476370510396,10
20,Andrew Wiggins,Golden State Warriors,SF,132,259,49,97,496.3,18,20,650.0,16,37,423.3,11,29,40,22,16,10,10,3,-16,194,172,154,62,254.5,36.9,7.625,6.5,367.425,371.6,256.625,38.225,10
21,Anfernee Simons,Portland Trail Blazers,SG,235,383,81,197,408.1,38,41,857.1,35,93,367.6,7,36,43,59,21,6,35,0,-17,337,278,294,102,843.0165289256199,31.0,133.45867768595042,26.582644628099175,1488.9462809917356,952.3801652892562,1322.400826446281,221.6404958677686,10
22,Anthony Black,Orlando Magic,G,52,219,17,50,314.1,9,14,350.0,9,22,308.3,7,22,29,10,17,7,9,1,41,91,81,62,39,107.75308641975309,53.12345679012346,6.277777777777777,9.049382716049383,250.5,211.44444444444443,144.17901234567898,62.03086419753086,10
23,Anthony Davis,Los Angeles Lakers,PF,236,372,88,162,543.0,59,71,754.9,1,7,50.0,34,102,136,28,23,16,16,22,7,400,372,264,164,461.1020408163265,169.23356009070295,33.55102040816326,1.2448979591836733,975.8321995464853,845.6009070294784,547.6734693877551,246.44444444444446,10
24,Anthony Edwards,Minnesota Timberwolves,SG,273,360,100,228,420.7,55,66,842.3,18,66,276.7,7,45,52,39,15,16,24,9,34,364,325,312,91,1016.9962192816636,41.60680529300567,32.68998109640832,20.862003780718332,1284.858223062382,1236.969754253308,1052.945179584121,86.23629489603026,10
25,Anthony Gill,Washington Wizards,PF,3,21,1,4,100.0,0,0,0.0,1,2,100.0,0,3,3,3,0,4,4,0,13,9,6,6,6,6.083333333333333,2.75,7.333333333333333,0.8541666666666665,13.333333333333332,15.333333333333336,8.083333333333332,6.083333333333332,3
26,Ashton Hagans,Portland Trail Blazers,G,47,181,17,39,452.7,8,11,350.0,5,11,166.7,8,21,29,32,25,7,19,7,8,108,76,79,61,133.98224852071007,21.55621301775148,52.1775147928994,6.633136094674557,418.698224852071,229.3609467455621,297.68639053254435,99.36686390532545,10
27,Ausar Thompson,Detroit Pistons,F,103,314,42,87,508.0,11,25,325.0,8,29,195.3,15,44,59,21,26,17,14,11,-6,183,162,124,80,121.7,31.399999999999995,24.125,8.5,347.72499999999997,237.7,200.02499999999998,87.225,10
28,Austin Reaves,Los Angeles Lakers,SG,167,355,64,123,528.2,11,14,500.0,28,59,429.0,5,47,52,62,15,6,25,3,-10,281,219,229,114,242.78071833648391,39.062381852551994,95.63705103969754,34.151228733459355,250.9319470699433,237.03780718336483,314.9886578449905,76.38563327032135,10
29,Ayo Dosunmu,Chicago Bulls,SG,136,377,52,128,397.5,13,15,458.3,19,59,307.3,11,27,38,58,20,12,20,5,-90,232,174,194,96,293.90022675736964,36.97959183673469,37.38775510204081,14.777777777777779,236.4716553287982,234.6485260770975,288.4580498866213,81.63265306122452,10
30,Bam Adebayo,Miami Heat,C,186,353,75,146,497.1,36,54,678.6,0,3,0.0,24,72,96,32,22,13,23,9,-3,314,282,218,128,430.9478458049887,81.10204081632654,32.6485260770975,0.0,521.641723356009,440.172335600907,490.37641723356006,135.79138321995464,10
31,Ben Sheppard,Indiana Pacers,G,77,181,28,52,525.4,3,3,200.0,18,36,442.9,2,19,21,5,21,6,2,2,19,103,98,82,26,232.60000000000002,53.3,14.599999999999998,31.825000000000003,433.70000000000005,370.50000000000006,307.2,56.5,10
32,Ben Simmons,Brooklyn Nets,PG,53,168,24,38,521.1,5,11,150.0,0,0,0.0,15,39,54,46,20,9,12,4,-5,153,107,99,100,134.88888888888889,64.0,78.88888888888889,0.0,382.0,162.8888888888889,300.0,196.88888888888889,9
33,Bennedict Mathurin,Indiana Pacers,SG,139,275,44,115,340.3,35,45,614.5,16,44,245.0,10,33,43,23,24,7,17,4,-18,205,182,162,66,753.4765625,123.6015625,38.125,30.4140625,1418.90625,1097.65625,970.9140625,265.5390625,10
34,Bilal Coulibaly,Washington Wizards,SG,81,286,28,73,445.9,15,19,583.3,10,38,205.0,7,27,34,17,24,12,10,7,-93,132,115,98,51,87.68934240362812,18.69387755102041,16.165532879818592,14.022675736961451,214.9795918367347,174.54648526077096,124.0,38.98185941043084,10
35,Bismack Biyombo,Oklahoma City Thunder,C,4,31,1,4,33.3,2,2,100.0,0,0,0.0,3,2,5,2,6,0,2,1,4,11,9,6,7,4.16,2.7600000000000002,1.04,0.0,21.240000000000002,13.0,9.36,6.84,4
36,Blake Wesley,San Antonio Spurs,G,44,142,17,32,407.1,9,10,375.0,1,7,100.0,3,15,18,31,13,3,6,3,-22,93,62,75,49,165.7353497164461,22.15122873345936,69.48771266540643,1.0378071833648395,294.187145557656,198.05671077504726,231.85444234404537,121.65028355387521,10
37,Boban Marjanovic,Houston Rockets,C,3,7,1,1,100.0,1,2,50.0,0,0,0.0,0,3,3,0,0,0,1,0,-3,6,6,3,3,0.0,0.44444444444444425,0.0,0.0,0.44444444444444486,0.44444444444444486,0.0,0.44444444444444425,1
38,Bobby Portis,Milwaukee Bucks,F,155,242,64,122,530.1,16,20,605.0,11,30,311.7,13,67,80,15,20,7,14,3,7,250,235,170,95,341.35069444444446,108.85069444444446,12.51736111111111,11.26736111111111,780.90625,698.2777777777778,395.73611111111114,149.61111111111111,10
39,Bogdan Bogdanovic,Atlanta Hawks,SG,151,334,52,138,363.5,18,19,750.0,29,81,355.4,8,30,38,43,18,15,21,6,61,232,189,194,81,369.7396694214876,41.739669421487605,45.380165289256205,25.458677685950413,392.3801652892562,335.0,440.56611570247935,73.67355371900827,10
40,Bojan Bogdanovic,New York Knicks,SF,105,215,34,94,303.59999999999997,21,22,650.0,16,53,238.89999999999998,5,17,22,12,19,1,18,0,-65,139,127,117,34,685.4598337950138,36.34903047091413,24.088642659279778,29.141274238227147,1064.3961218836566,879.3047091412743,842.1412742382271,88.84764542936288,10
41,Bol Bol,Phoenix Suns,C,85,158,38,64,532.4,2,4,100.0,7,20,361.7,14,37,51,3,15,2,2,8,-13,139,136,88,54,497.0444444444444,122.91111111111111,2.111111111111111,4.644444444444444,1044.2444444444445,1055.1111111111113,491.20000000000005,119.99999999999999,10
42,Bones Hyland,LA Clippers,PG,64,150,25,64,397.7,2,4,100.0,12,35,297.1,1,14,15,35,16,10,10,1,-14,114,79,99,50,263.78512396694214,18.685950413223143,105.01652892561984,19.719008264462808,753.3388429752067,412.0578512396694,551.4462809917354,177.3223140495868,10
43,Bradley Beal,Phoenix Suns,SG,198,311,77,154,549.0,22,27,615.0,22,49,530.3,12,27,39,45,24,15,26,2,21,282,237,243,84,724.7889273356402,75.37370242214533,57.90657439446367,22.269896193771622,1201.107266435986,901.3044982698962,1016.3910034602076,141.48096885813152,10
44,Brandin Podziemski,Golden State Warriors,G,88,296,33,87,374.4,9,14,375.0,13,37,390.0,17,41,58,43,9,11,13,4,59,189,146,131,101,157.76559546313797,33.342155009451794,31.0,8.168241965973534,319.05671077504724,266.3175803402646,227.461247637051,47.385633270321364,10
45,Brandon Boston Jr.,LA Clippers,SG,40,91,16,43,312.7,5,10,250.0,3,11,183.3,6,7,13,2,10,1,0,5,-21,55,53,42,15,111.75510204081633,23.0,1.5918367346938778,2.0816326530612246,197.32653061224488,168.46938775510205,130.0408163265306,35.163265306122454,8
46,Brandon Ingram,New Orleans Pelicans,SF,200,327,72,142,513.7,43,53,724.5,13,34,346.2,5,45,50,61,26,9,34,6,44,311,250,261,111,590.1,43.025,27.0,10.1,623.5250000000001,749.2249999999999,465.3,69.125,10
47,Brandon Miller,Charlotte Hornets,F,180,354,73,172,417.3,10,15,366.7,24,76,314.4,8,44,52,30,20,13,21,5,-68,262,232,210,82,268.625,54.44444444444444,42.27777777777778,9.625,456.625,508.4027777777778,235.0694444444444,78.5,10
48,Brandon Williams,Dallas Mavericks,G,7,24,2,9,83.3,3,4,100.0,0,2,0.0,1,1,2,4,1,0,1,0,-12,13,9,11,6,18.22448979591837,3.183673469387756,4.081632653061224,0.0,30.46938775510204,15.448979591836734,29.0,11.510204081632653,4
49,Braxton Key,Denver Nuggets,F,2,6,1,1,100.0,0,1,0.0,0,0,0.0,1,1,2,0,1,0,0,0,2,4,4,2,2,2.25,1.0,0.0,0.0,6.25,6.25,2.25,1.0,1
50,Brice Sensabaugh,Utah Jazz,F,66,179,25,53,386.1,7,8,266.7,9,27,320.0,4,21,25,12,14,4,15,0,-22,103,91,78,37,210.12396694214874,111.099173553719,16.52892561983471,6.297520661157024,524.7603305785125,476.4628099173554,239.28099173553719,146.7685950413223,9
51,Brook Lopez,Milwaukee Bucks,C,93,294,31,72,392.7,11,14,450.0,20,46,417.9,12,32,44,19,18,4,8,18,103,156,137,112,63,269.6938775510204,41.91836734693878,27.090702947845806,24.816326530612244,571.124716553288,434.95918367346945,377.11111111111114,97.75736961451247,10
52,Bruce Brown,Toronto Raptors,SF,79,254,30,77,352.9,16,16,700.0,3,20,133.3,7,31,38,22,16,3,9,1,-81,139,117,101,60,187.63667820069205,84.65743944636678,22.33217993079585,2.3910034602076125,509.75432525951555,389.5051903114187,274.0934256055363,140.78200692041523,10
53,Bruno Fernando,Atlanta Hawks,PF,63,197,27,46,535.8,9,14,325.0,0,0,0.0,19,38,57,11,25,12,14,10,-4,131,120,74,68,102.37777777777777,94.2,15.177777777777777,0.0,165.0,154.7111111111111,126.4,95.64444444444445,10
54,Bryce McGowens,Charlotte Hornets,G,54,155,18,37,330.8,13,18,441.7,5,15,180.0,3,21,24,8,15,7,4,3,-10,86,78,62,32,234.40625,28.0,5.65625,6.8515625,395.625,383.40625,249.625,30.65625,10
55,Buddy Hield,Philadelphia 76ers,SG,111,272,39,105,379.4,7,7,200.0,26,68,424.7,7,24,31,36,18,10,10,5,-27,178,142,147,67,94.74400000000001,32.936,13.184000000000001,6.416,240.81600000000003,208.224,122.19999999999999,51.256,10
56,CJ McCollum,New Orleans Pelicans,SG,153,281,58,142,384.4,11,13,333.4,26,73,320.8,4,37,41,28,13,4,12,5,22,222,194,181,69,667.3249999999999,15.0,36.5,34.0,1113.625,804.025,959.9250000000001,68.5,10
57,Cade Cunningham,Detroit Pistons,PG,254,329,90,187,481.5,42,46,647.8,32,73,445.8,9,42,51,79,19,5,31,4,43,384,305,333,130,584.253086419753,36.77777777777777,43.34567901234567,23.160493827160494,929.6111111111109,827.2160493827162,690.2777777777777,76.49382716049382,10
58,Caleb Houstan,Orlando Magic,G,32,118,10,23,211.1,2,2,100.0,10,21,244.4,3,10,13,3,11,2,2,2,1,48,45,35,16,138.18934911242602,26.98816568047338,1.7218934911242603,16.650887573964496,244.42603550295857,235.80473372781066,137.4733727810651,38.047337278106504,6
59,Caleb Martin,Miami Heat,SF,117,296,40,90,446.2,15,18,626.7,22,43,551.3,11,37,48,19,26,6,13,9,33,184,165,136,67,154.77777777777777,51.35600907029478,15.090702947845806,16.975056689342402,331.41043083900234,298.38775510204084,191.04308390022678,63.20408163265306,10
60,Cam Reddish,Los Angeles Lakers,SF,23,83,8,17,193.3,2,6,75.0,5,11,183.3,3,4,7,1,5,3,2,4,7,31,30,24,8,48.138888888888886,7.472222222222222,0.8055555555555556,2.1388888888888884,42.138888888888886,35.0,58.0,5.555555555555556,5
61,Cam Thomas,Brooklyn Nets,SG,200,317,73,174,399.2,26,31,866.7,28,63,420.4,7,29,36,37,20,10,16,0,-37,273,236,237,73,620.9896193771627,58.5121107266436,39.30449826989619,32.68512110726643,781.1868512110727,694.9826989619377,658.3287197231834,146.681660899654,10
62,Cam Whitmore,Houston Rockets,F,126,203,48,111,415.2,17,26,385.0,13,50,239.8,14,31,45,5,11,5,15,5,3,176,171,131,50,215.05817174515238,60.56232686980609,2.673130193905817,12.290858725761774,347.16343490304706,345.24376731301936,225.77008310249312,54.44321329639889,10
63,Cameron Johnson,Brooklyn Nets,SF,130,248,42,96,410.8,22,26,571.7,24,62,370.9,7,28,35,21,21,10,10,5,-34,186,165,151,56,588.1777777777778,62.377777777777766,19.0,36.44444444444444,800.4000000000001,686.6,700.1111111111112,83.24444444444444,10
64,Cameron Payne,Philadelphia 76ers,PG,108,197,40,94,437.9,10,11,375.0,18,47,369.6,4,10,14,28,21,4,13,3,-17,150,122,136,42,263.50472589792065,21.550094517958414,41.603024574669185,19.64461247637051,352.0,334.9073724007561,285.1153119092628,58.635160680529296,10
65,Caris LeVert,Cleveland Cavaliers,SG,112,312,41,113,357.3,15,21,393.3,15,52,271.09999999999997,6,49,55,80,16,13,18,6,52,247,167,192,135,249.62948960302458,70.79206049149339,120.24574669187146,11.298676748582231,815.3856332703215,472.4971644612476,503.95463137996217,279.6011342155009,10
66,Cason Wallace,Oklahoma City Thunder,G,64,187,25,54,429.1,1,3,100.0,13,29,390.0,6,16,22,15,11,10,9,7,-7,101,86,79,37,345.06944444444446,9.684027777777777,16.77777777777778,16.23611111111111,454.6006944444444,374.40625,425.5694444444445,26.15625,10
67,Cedi Osman,San Antonio Spurs,SF,36,142,15,32,400.0,0,0,0.0,6,19,216.6,3,18,21,18,12,6,8,0,-32,75,57,54,39,120.425,15.0,21.200000000000003,6.425,117.72500000000002,148.125,100.42500000000001,25.8,10
68,Charlie Brown Jr.,New York Knicks,G,3,27,1,5,20.0,0,0,0.0,1,3,33.3,1,1,2,0,4,0,0,1,-6,5,5,3,2,6.12,2.7200000000000006,0.0,0.6800000000000002,17.0,17.0,6.12,2.7200000000000006,2
69,Chet Holmgren,Oklahoma City Thunder,PF,161,311,59,115,518.8,27,30,660.0,16,44,312.5,17,71,88,31,16,4,10,14,35,280,249,192,119,423.85069444444446,112.0,38.5,20.76736111111111,955.0173611111111,709.0173611111111,657.8506944444443,162.5,10
70,Chimezie Metu,Phoenix Suns,PF,6,29,3,5,150.0,0,0,0.0,0,0,0.0,2,9,11,2,2,2,3,0,-7,19,17,8,13,11.0,27.0,1.0000000000000002,0.0,71.66666666666666,56.0,18.0,36.666666666666664,3
71,Chris Boucher,Toronto Raptors,PF,69,120,25,35,573.3,15,18,500.0,4,12,216.7,13,27,40,5,11,1,9,5,7,114,109,74,45,142.20987654320987,47.580246913580254,5.913580246913581,4.0246913580246915,410.0,329.0246913580247,192.69135802469134,83.98765432098766,8
72,Chris Duarte,Sacramento Kings,SG,51,125,18,36,391.7,2,3,150.0,13,26,383.4,6,18,24,5,8,6,0,3,5,80,75,56,29,234.9834710743802,23.39669421487603,4.314049586776859,12.487603305785125,351.2066115702479,320.4628099173554,255.67768595041318,37.7603305785124,9
73,Chris Livingston,Milwaukee Bucks,F,0,6,0,2,0.0,0,0,0.0,0,2,0.0,0,1,1,1,4,0,1,0,-10,2,1,1,2,0.0,0.0625,0.5625,0.0,1.0,0.0625,0.5625,1.0,1
74,Chris Paul,Golden State Warriors,PG,94,230,37,83,394.3,5,6,175.0,15,37,350.0,4,34,38,59,14,17,9,0,-25,191,132,153,97,196.22222222222223,29.555555555555554,26.22222222222222,8.0,355.55555555555554,346.0,202.0,59.55555555555555,9
75,Christian Braun,Denver Nuggets,G,63,199,25,50,533.7,6,12,208.3,7,20,250.0,10,31,41,13,24,7,6,8,55,117,104,76,54,136.88662131519274,57.21315192743765,12.736961451247165,8.265306122448981,280.34693877551024,301.42403628117916,123.98185941043084,61.77777777777777,10
76,Christian Wood,Los Angeles Lakers,F,59,133,22,51,477.0,11,14,450.0,4,19,225.0,6,28,34,6,12,5,5,2,-14,99,93,65,40,153.90277777777777,54.402777777777786,4.625,2.4444444444444446,305.125,285.0,156.7777777777778,76.27777777777777,10
77,Chuma Okeke,Orlando Magic,PF,0,19,0,2,0.0,0,0,0.0,0,2,0.0,0,1,1,1,2,1,0,0,-3,2,1,1,2,1.2148760330578512,0.6776859504132231,0.8429752066115701,0.024793388429752067,1.0,1.6611570247933882,1.1322314049586777,0.9421487603305785,3
78,Clint Capela,Atlanta Hawks,C,103,234,43,84,513.1,17,25,495.0,0,0,0.0,42,58,100,14,27,4,14,11,12,217,203,117,114,196.5,81.90625,14.625,0.0,492.15625,473.40625,229.125,82.65625,10
79,Coby White,Chicago Bulls,PG,195,392,66,163,402.3,35,38,855.0,28,82,324.5,7,40,47,52,27,8,22,2,-55,294,242,247,99,568.5999999999999,37.0,93.2,37.699999999999996,852.8000000000002,612.0,730.5999999999999,209.0,10
80,Cody Martin,Charlotte Hornets,SF,69,285,28,76,367.2,6,7,250.0,7,30,228.2,6,44,50,42,15,11,20,7,-28,161,119,111,92,111.0,28.18685121107267,64.68512110726644,2.6816608996539792,183.02076124567472,112.9515570934256,173.33217993079583,100.60899653979239,10
81,Cody Zeller,New Orleans Pelicans,C,7,31,3,6,200.0,1,2,50.0,0,0,0.0,5,10,15,3,5,2,3,0,14,25,22,10,18,3.3209876543209877,4.246913580246914,3.2098765432098766,0.0,16.061728395061728,11.222222222222221,6.061728395061729,9.555555555555555,5
82,Colby Jones,Sacramento Kings,G,4,12,2,5,83.3,0,0,0.0,0,0,0.0,0,4,4,2,1,0,0,0,5,10,8,6,6,2.0,3.125,0.5,0.0,12.125,8.125,4.5,5.125,2
83,Cole Anthony,Orlando Magic,PG,109,233,41,101,401.5,18,24,620.8,9,37,265.0,5,31,36,33,26,10,11,6,-2,178,145,142,69,223.77551020408166,44.40816326530612,48.99546485260771,7.244897959183672,267.60090702947844,212.38775510204084,320.281179138322,52.111111111111114,10
84,Cole Swider,Miami Heat,F,2,18,0,6,0.0,2,2,100.0,0,5,0.0,0,2,2,1,1,0,3,0,-9,5,4,3,3,2.666666666666667,0.6666666666666667,0.6666666666666667,0.0,8.666666666666666,4.666666666666667,6.0,2.0,3
85,Collin Gillespie,Denver Nuggets,G,30,64,11,20,197.8,1,3,50.0,7,11,200.0,0,7,7,7,6,5,5,0,8,44,37,37,14,157.84,3.24,7.24,9.24,242.96,167.15999999999997,231.16,12.96,4
86,Collin Sexton,Utah Jazz,PG,217,313,70,146,469.5,55,65,865.6,22,49,358.4,10,17,27,59,21,15,23,2,19,303,244,276,86,371.8390022675737,30.410430839002267,47.281179138321995,25.83219954648526,605.1224489795919,453.11111111111114,513.1383219954648,88.40362811791383,10
87,Corey Kispert,Washington Wizards,SF,150,275,53,107,476.5,18,26,458.3,26,64,383.5,5,26,31,24,21,6,13,3,-46,205,181,174,55,384.124763705104,23.037807183364837,52.593572778827976,24.67296786389414,688.9697542533081,463.32514177693764,560.8960302457466,124.50472589792061,10
88,Cory Joseph,Golden State Warriors,PG,27,71,10,16,316.7,0,0,0.0,7,11,316.7,2,9,11,6,6,0,1,0,9,44,38,33,17,31.2,10.8,2.8000000000000003,3.2,28.8,47.2,21.2,5.2,5
89,Craig Jr. Porter,Cleveland Cavaliers,G,49,92,20,38,325.2,5,5,300.0,4,8,125.0,5,13,18,12,7,2,5,0,-20,79,67,61,30,266.0357142857142,32.857142857142854,14.571428571428571,8.285714285714286,533.4642857142857,440.0357142857143,351.4642857142858,55.42857142857143,7
90,D'Angelo Russell,Los Angeles Lakers,PG,198,355,73,149,465.4,17,23,635.0,35,77,426.7,5,30,35,54,19,9,21,5,18,287,233,252,89,984.595041322314,30.520661157024794,44.582644628099175,46.68595041322314,1532.5,1280.3553719008264,1225.6570247933885,86.18595041322314,10
91,D.J. Carton,Toronto Raptors,G,8,31,2,7,83.3,3,4,150.0,1,4,50.0,2,1,3,3,1,1,1,0,-30,14,11,11,6,8.666666666666668,2.0,2.0,0.6666666666666667,8.666666666666666,2.6666666666666665,18.666666666666668,0.0,3
92,Daishen Nix,Minnesota Timberwolves,SG,5,5,2,3,66.7,0,0,0.0,1,2,50.0,0,0,0,0,1,1,0,0,6,5,5,5,0,7.111111111111111,0.0,0.1111111111111111,0.25,5.4444444444444455,7.111111111111111,5.4444444444444455,0.1111111111111111,1
93,Dalano Banton,Portland Trail Blazers,G,151,263,55,135,383.4,20,26,651.7,21,55,351.4,12,34,46,30,20,7,17,6,-46,227,197,181,76,835.3434903047091,80.29916897506925,28.770083102493075,29.049861495844873,1673.2493074792244,1378.3573407202216,1065.825484764543,173.4792243767313,10
94,Dalen Terry,Chicago Bulls,F,32,119,14,30,438.3,1,2,50.0,3,12,183.3,5,14,19,15,15,7,3,0,-3,66,51,47,34,43.316326530612244,27.12244897959183,8.959183673469388,2.1020408163265305,112.5,98.74489795918366,52.05102040816327,41.10204081632653,10
95,Damian Jones,Cleveland Cavaliers,C,49,107,20,31,502.9,9,11,450.0,0,3,0.0,11,20,31,5,9,4,5,6,-30,85,80,54,36,168.22222222222226,53.0,4.0,0.0,325.8888888888889,332.2222222222223,166.8888888888889,52.0,8
96,Damian Lillard,Milwaukee Bucks,PG,231,350,74,169,428.5,46,49,949.0,37,90,401.2,3,47,50,73,20,8,24,3,105,354,281,304,123,795.4917355371902,54.049586776859506,86.42148760330578,29.0,1162.8801652892562,936.0206611570248,996.2190082644628,166.60330578512398,10
97,Daniel Gafford,Dallas Mavericks,C,111,192,49,55,725.1,13,20,431.7,0,0,0.0,21,46,67,7,28,8,9,20,2,185,178,118,74,505.94896030245746,162.19470699432893,4.758034026465029,0.0,1207.1928166351609,1093.9017013232515,580.1398865784499,206.0529300567108,10
98,Daniel Theis,LA Clippers,C,65,183,30,56,571.1,1,1,100.0,4,16,275.0,15,39,54,12,19,1,7,8,28,131,119,77,66,64.16343490304709,112.98060941828257,7.883656509695291,2.4099722991689747,167.4819944598338,172.3573407202216,74.00831024930748,106.14404432132966,10
99,Danilo Gallinari,Milwaukee Bucks,PF,24,91,7,21,283.3,9,10,275.0,1,10,100.0,4,5,9,8,8,2,4,0,-34,41,33,32,17,107.9111111111111,6.2444444444444445,14.0,1.8000000000000003,147.0,134.2,117.64444444444446,23.31111111111111,10
100,Dante Exum,Dallas Mavericks,G,55,184,16,37,446.6,16,20,616.7,7,12,450.0,2,17,19,31,15,2,9,0,40,105,74,86,50,134.5206611570248,20.90082644628099,37.0,6.107438016528926,298.52066115702485,166.42975206611573,242.42975206611573,82.08264462809917,10
101,Danuel House Jr.,Philadelphia 76ers,SF,42,143,14,30,276.3,13,15,466.7,1,11,33.3,6,11,17,7,16,7,3,3,-26,66,59,49,24,42.0,11.714285714285715,8.0,0.8571428571428572,41.714285714285715,51.714285714285715,40.0,11.714285714285715,7
102,Dario Saric,Golden State Warriors,PF,28,108,12,35,298.3,2,3,100.0,2,19,83.3,7,14,21,19,7,0,13,1,-27,68,49,47,40,66.0,27.444444444444446,13.743764172335602,2.9795918367346936,165.31519274376416,119.44444444444443,86.31519274376419,66.7437641723356,10
103,Darius Garland,Cleveland Cavaliers,PG,215,361,74,169,430.7,22,28,637.4,45,94,464.0,5,22,27,68,28,10,31,1,14,310,242,283,95,798.1570247933885,35.27685950413223,57.65289256198347,76.38429752066115,1127.1942148760331,1074.0371900826447,841.6942148760329,102.54958677685951,10
104,David Roddy,Phoenix Suns,F,68,169,27,69,480.3,9,15,301.7,5,25,143.3,5,24,29,13,7,2,14,0,-88,110,97,81,42,349.0390625,111.0,22.1015625,8.5390625,829.625,651.9140625,488.125,171.7265625,10
105,Davion Mitchell,Sacramento Kings,PG,75,161,31,49,662.1,2,2,100.0,11,26,310.0,2,12,14,18,14,1,7,1,-9,107,89,93,32,168.51984877126657,8.491493383742911,9.818525519848771,15.105860113421553,180.86389413988658,180.21361058601136,163.28733459357272,24.192816635160682,10
106,Davis Bertans,Charlotte Hornets,SF,103,215,34,88,450.5,5,7,216.7,30,75,460.8,5,20,25,12,15,8,5,3,11,140,128,115,37,191.0390625,60.125,20.2890625,15.625,376.625,299.2265625,244.5,104.3515625,10
107,Day'Ron Sharpe,Brooklyn Nets,C,60,145,24,39,655.1,9,16,250.0,3,5,200.0,21,32,53,18,18,4,13,4,-10,131,113,78,71,82.0,34.239669421487605,15.652892561983467,4.107438016528926,205.26446280991735,164.23966942148758,123.65289256198348,49.264462809917354,10
108,De'Aaron Fox,Sacramento Kings,PG,283,366,117,228,517.8,32,39,753.4,17,61,280.3,12,44,56,64,24,20,29,4,69,403,339,347,120,570.6326530612246,60.979591836734706,67.26530612244899,11.0,683.2448979591837,656.3877551020407,639.2448979591836,86.48979591836738,10
109,De'Andre Hunter,Atlanta Hawks,SF,161,285,56,117,485.3,29,38,661.1,20,52,400.3,4,30,34,12,21,7,11,2,28,207,195,173,46,169.5190311418685,46.67128027681661,7.6055363321799305,8.034602076124568,317.0,303.07612456747404,166.96539792387543,70.75432525951557,10
110,De'Anthony Melton,Philadelphia 76ers,SG,23,43,7,20,75.0,4,4,200.0,5,14,75.0,0,5,5,5,3,2,1,1,-2,33,28,28,10,128.66666666666666,2.666666666666667,2.666666666666667,8.666666666666666,206.0,164.66666666666669,164.66666666666669,10.666666666666668,3
111,DeAndre Jordan,Denver Nuggets,C,23,71,11,19,550.0,1,3,100.0,0,0,0.0,14,17,31,2,10,0,1,3,-23,56,54,25,33,27.222222222222225,45.691358024691354,1.5061728395061729,0.0,92.46913580246914,79.72839506172839,33.32098765432099,53.839506172839506,8
112,DeJon Jarreau,Memphis Grizzlies,F,17,66,6,20,70.8,4,4,200.0,1,4,50.0,1,19,20,15,5,5,5,0,0,52,37,32,35,20.666666666666664,16.666666666666664,2.0,0.6666666666666667,64.66666666666666,50.666666666666664,34.666666666666664,18.666666666666664,3
113,DeMar DeRozan,Chicago Bulls,SF,249,377,76,162,485.5,84,93,915.1,13,34,286.7,6,46,52,56,19,4,15,3,-39,357,301,305,108,575.4897959183673,86.44444444444444,59.111111111111114,13.0,887.204081632653,825.7437641723355,580.5056689342404,202.0,10
114,Dean Wade,Cleveland Cavaliers,PF,46,178,15,35,260.2,5,7,216.7,11,31,233.4,4,27,31,7,8,3,1,9,-23,84,77,53,38,468.50000000000006,35.125,6.125,31.525000000000006,718.8,714.725,466.12499999999994,47.699999999999996,10
115,Deandre Ayton,Portland Trail Blazers,C,218,334,101,162,607.9,15,16,375.0,1,2,100.0,38,105,143,17,17,11,19,9,-33,378,361,235,160,838.4938271604938,263.27160493827165,10.277777777777779,0.9197530864197531,1702.9444444444443,1873.0,720.179012345679,221.80864197530866,10
116,Dejounte Murray,Atlanta Hawks,SG,257,374,100,207,476.6,29,40,758.5,28,77,326.6,9,49,58,80,14,14,28,4,-5,395,315,337,138,680.601108033241,83.601108033241,82.77008310249307,41.94459833795014,564.3961218836564,815.4044321329641,465.4819944598338,130.4819944598338,10
117,Delon Wright,Miami Heat,SG,42,130,15,30,516.6,7,8,183.3,5,11,350.0,4,11,15,21,3,8,0,3,1,78,57,63,36,112.44444444444446,6.377777777777778,30.77777777777777,4.777777777777779,237.6,136.64444444444445,194.64444444444445,55.91111111111111,10
118,Deni Avdija,Washington Wizards,SF,181,349,67,139,480.8,32,42,685.0,15,40,303.3,22,72,94,29,24,8,22,4,-45,304,275,210,123,886.219954648526,182.81632653061223,24.04308390022676,30.505668934240365,1640.6893424036282,1531.077097505669,970.5668934240364,232.12471655328798,10
119,Dennis Schroder,Brooklyn Nets,PG,172,323,66,129,510.4,12,19,296.4,28,53,538.3000000000001,5,22,27,64,16,7,26,3,-1,263,199,236,91,474.5532879818594,51.30839002267573,64.49886621315194,24.0,772.3151927437643,523.4897959183673,702.4081632653063,136.7777777777778,10
120,Dennis Smith Jr.,Brooklyn Nets,PG,55,190,20,56,360.5,8,13,383.3,7,24,241.5,7,18,25,32,23,12,9,2,21,112,80,87,57,112.54958677685951,29.0,46.03719008264463,2.5,171.70247933884295,94.91322314049587,181.2479338842975,83.12809917355372,10
121,Dereck II Lively,Dallas Mavericks,C,83,193,40,49,733.5,3,9,125.0,0,0,0.0,15,25,40,6,22,10,4,13,19,129,123,89,46,396.90625,60.65625,9.15625,0.0,814.40625,692.125,499.0,90.0,10
122,Derrick Jones Jr.,Dallas Mavericks,SF,70,166,26,45,507.1,8,14,350.0,10,21,265.0,7,13,20,7,11,6,7,3,8,97,90,77,27,358.9750566893424,63.83219954648526,4.219954648526077,25.45124716553288,543.1179138321996,573.8367346938776,336.9002267573696,59.408163265306115,10
123,Derrick Rose,Memphis Grizzlies,PG,49,95,20,37,377.7,5,6,266.7,4,8,233.3,0,15,15,21,3,1,9,0,-9,85,64,70,36,70.0,14.857142857142858,12.0,3.7142857142857144,188.85714285714286,116.85714285714286,128.0,40.857142857142854,7
124,Derrick White,Boston Celtics,PG,129,323,48,96,496.2,10,10,500.0,23,53,323.6,9,41,50,63,18,12,15,20,140,242,179,192,113,549.4081632653061,29.0702947845805,36.546485260770964,56.41043083900227,400.0,485.6893424036281,448.21315192743765,81.12244897959184,10
125,Devin Booker,Phoenix Suns,SG,263,347,91,193,465.5,64,72,921.0,17,54,285.4,11,26,37,54,28,10,23,4,-6,354,300,317,91,712.2595155709342,40.37024221453287,74.67128027681662,30.363321799307958,1159.8339100346022,954.4013840830452,906.8615916955017,125.8719723183391,10
126,Devin Vassell,San Antonio Spurs,SG,210,367,81,167,467.3,21,29,743.3,27,60,458.2,8,42,50,54,12,10,26,9,-17,314,260,264,104,668.5,83.32231404958678,64.33471074380165,16.21900826446281,1004.8099173553719,730.1859504132232,940.5619834710744,150.21900826446281,10
127,Devonte' Graham,San Antonio Spurs,PG,11,27,4,8,125.0,0,0,0.0,3,6,150.0,0,7,7,0,2,1,0,0,12,18,18,11,7,43.96,1.2400000000000002,0.0,2.84,52.24000000000001,52.24000000000001,43.96,1.2400000000000002,4
128,Dillon Brooks,Houston Rockets,SF,89,315,34,85,365.1,7,10,350.0,14,49,281.9,8,29,37,19,20,7,10,1,9,145,126,108,56,273.40625,46.35069444444445,10.902777777777777,14.65625,334.7777777777777,279.7361111111111,317.1006944444444,68.60069444444444,10
129,Domantas Sabonis,Sacramento Kings,PF,194,369,79,139,588.5,33,46,735.0,3,9,250.0,48,109,157,88,30,15,32,7,16,439,351,282,245,276.38941398865785,123.0,55.09640831758035,2.281663516068053,451.32514177693764,418.9546313799622,310.2381852551985,176.61814744801512,10
130,Dominick Barlow,San Antonio Spurs,F,52,112,19,32,403.3,14,18,366.6,0,1,0.0,17,15,32,10,17,3,1,4,-12,94,84,62,42,208.7901234567901,58.123456790123456,28.419753086419753,0.0,519.1111111111112,417.8271604938271,305.9753086419753,90.64197530864197,7
131,Donovan Mitchell,Cleveland Cavaliers,SG,257,354,82,174,460.0,52,59,812.8,41,89,457.3,3,46,49,52,23,14,32,6,47,358,306,309,101,794.7890625,29.15625,22.625,17.0,1108.3515625,981.0390625,907.7265625,66.15625,10
132,Donte DiVincenzo,New York Knicks,SG,175,364,61,166,368.8,12,14,450.0,41,118,352.3,12,36,48,34,23,17,24,6,12,257,223,209,82,343.2933884297521,39.921487603305785,30.5,25.855371900826448,406.91322314049586,354.68595041322317,410.8842975206612,55.05785123966942,10
133,Dorian Finney-Smith,Brooklyn Nets,PF,106,314,40,82,484.1,7,8,275.0,19,53,400.0,21,33,54,25,20,8,13,5,60,185,160,131,79,209.90311418685118,62.629757785467135,32.57785467128028,13.539792387543255,443.28373702422147,407.7231833910035,245.51211072664358,95.159169550173,10
134,Doug McDermott,Indiana Pacers,SF,38,119,14,43,275.0,1,4,50.0,9,35,206.6,1,6,7,7,7,1,2,0,-14,52,45,45,14,158.70408163265304,6.10204081632653,11.0,11.489795918367347,205.19387755102042,183.76530612244898,185.8469387755102,11.387755102040817,10
135,Draymond Green,Golden State Warriors,PF,72,260,27,62,474.1,11,15,375.0,7,19,303.3,15,65,80,54,29,8,29,10,-12,206,152,126,134,74.35069444444446,100.06944444444444,78.51736111111111,4.569444444444445,375.11111111111114,153.90625,248.625,225.51736111111111,10
136,Drew Eubanks,Phoenix Suns,PF,43,155,16,25,520.0,11,12,375.0,0,0,0.0,15,29,44,5,11,4,6,10,-39,92,87,48,49,113.65702479338843,68.40082644628099,3.0165289256198347,0.0,309.2396694214876,301.7933884297521,127.06198347107437,65.45867768595042,10
137,Duncan Robinson,Miami Heat,F,144,335,50,111,465.5,10,11,466.7,34,83,414.3,2,25,27,37,28,10,18,4,37,208,171,181,64,260.44444444444446,22.944444444444446,87.6111111111111,27.01234567901235,255.7777777777777,250.27777777777774,216.5,160.0,10
138,Duop Reath,Portland Trail Blazers,C,101,207,38,81,358.2,11,18,310.7,14,37,266.7,17,16,33,7,27,4,12,7,-52,141,134,108,40,743.9752066115702,42.53719008264463,8.152892561983471,30.561983471074385,1114.6487603305784,982.793388429752,848.3347107438017,78.18595041322315,10
139,Dwight Powell,Dallas Mavericks,C,20,119,7,12,450.0,6,11,325.0,0,0,0.0,12,20,32,9,19,0,9,3,-9,61,52,29,41,30.66666666666667,74.42666666666668,8.639999999999999,0.0,181.36,149.62666666666667,41.57333333333333,103.89333333333332,9
140,Dylan Windler,Atlanta Hawks,G,0,5,0,0,0.0,0,0,0.0,0,0,0.0,0,1,1,0,1,0,0,0,-8,1,1,0,1,1.265625,0.25,0.390625,0.140625,1.5625,0.390625,3.0625,0.015625,1
141,Dylan Windler,Los Angeles Lakers,G,3,14,1,4,25.0,0,0,0.0,1,4,25.0,0,1,1,2,1,0,0,0,-7,6,4,5,3,4.78125,0.5,0.28125,0.53125,3.125,2.28125,5.625,0.78125,2
142,Dyson Daniels,New Orleans Pelicans,G,38,181,16,32,311.4,1,2,50.0,5,13,250.0,7,20,27,20,12,15,12,8,25,85,65,58,47,123.55555555555556,24.0,25.555555555555557,4.222222222222222,146.22222222222223,113.55555555555556,128.22222222222223,77.55555555555556,9
143,Emoni Bates,Cleveland Cavaliers,F,7,12,3,7,42.9,0,2,0.0,1,4,25.0,0,1,1,0,0,0,1,0,-3,8,8,7,1,0.0,0.0,0.0,0.0,0.0,0.0,0.0,0.0,1
144,Eric Gordon,Phoenix Suns,SG,107,281,37,89,376.9,14,17,516.7,19,52,325.6,2,13,15,20,7,10,9,5,-1,142,122,127,35,510.681660899654,7.546712802768166,12.0,21.37370242214533,630.7889273356401,532.7889273356402,604.6816608996539,23.54671280276817,10
145,Eugene Omoruyi,Washington Wizards,F,38,95,17,42,374.6,4,6,250.0,0,7,0.0,8,18,26,6,17,6,5,0,-68,70,64,44,32,73.77777777777777,22.400000000000002,7.111111111111112,0.044444444444444446,85.60000000000001,54.577777777777776,98.0,36.31111111111112,10
146,Evan Fournier,Detroit Pistons,SG,62,154,21,52,347.6,8,9,450.0,12,35,262.5,1,16,17,13,14,8,4,1,-26,92,79,75,30,301.40277777777777,15.569444444444446,18.125,13.777777777777779,452.40277777777777,358.9444444444444,403.44444444444446,25.111111111111114,10
147,Evan Mobley,Cleveland Cavaliers,PF,147,305,60,107,547.9,24,42,522.6,3,14,175.0,25,76,101,35,27,12,16,20,-29,283,248,182,136,371.84429065743944,105.37370242214533,75.2006920415225,2.6262975778546713,782.1418685121107,674.0,423.83391003460207,236.7266435986159,10
148,Frank Ntilikina,Charlotte Hornets,PG,5,39,1,8,50.0,2,2,100.0,1,7,50.0,1,4,5,3,4,0,0,0,0,13,10,8,8,19.0,7.0,6.84,0.7600000000000002,24.439999999999998,14.0,18.64,24.640000000000004,4
149,Franz Wagner,Orlando Magic,SF,157,320,62,132,483.8,27,36,734.2,6,39,101.19999999999999,4,45,49,30,22,8,26,7,25,236,206,187,79,401.93424036281175,29.743764172335602,42.1859410430839,18.93424036281179,659.9591836734693,507.3560090702947,551.2811791383219,75.1859410430839,10
150,Fred VanVleet,Houston Rockets,PG,194,380,62,138,450.9,36,39,702.4,34,81,417.1,5,33,38,77,26,16,23,3,50,309,232,271,115,420.79778393351796,33.6398891966759,67.7645429362881,23.51246537396122,795.1329639889198,562.0,652.1800554016621,103.15512465373962,10
151,Furkan Korkmaz,Philadelphia 76ers,SG,41,116,13,29,278.6,7,10,241.7,8,18,258.3,3,12,15,12,6,3,2,2,22,68,56,53,27,292.875,14.875,10.0,20.0,404.0,340.0,363.875,17.875,8
152,GG Jackson,Memphis Grizzlies,F,147,276,48,123,395.9,34,42,734.2,17,61,276.0,14,23,37,8,13,2,18,3,-71,192,184,155,45,626.4214876033058,35.29338842975207,8.0,30.004132231404956,824.1528925619834,735.2438016528926,701.1487603305785,57.47520661157026,10
153,Garrett Temple,Toronto Raptors,SF,5,12,2,4,50.0,1,2,50.0,0,2,0.0,1,0,1,0,2,1,1,0,-4,6,6,5,1,16.0,0.16000000000000003,0.0,0.0,19.360000000000003,19.360000000000003,16.0,0.16000000000000003,1
154,Garrison Mathews,Atlanta Hawks,SG,34,158,10,27,375.0,5,5,200.0,9,23,375.1,5,14,19,2,21,2,0,0,-22,55,53,36,21,60.425000000000004,26.925,1.625,7.125,130.525,122.60000000000001,60.400000000000006,36.5,10
155,Gary Harris,Orlando Magic,SG,76,249,27,49,557.6,3,5,150.0,19,33,580.0,3,14,17,13,17,11,6,3,8,106,93,89,30,100.48979591836734,14.836734693877549,16.26530612244898,11.979591836734695,166.0,151.40816326530614,119.9795918367347,26.20408163265306,10
156,Gary Payton II,Golden State Warriors,SG,44,146,20,37,332.5,1,3,50.0,3,7,250.0,16,12,28,11,12,10,5,3,3,83,72,55,39,257.9183673469388,27.602040816326532,5.244897959183674,2.1326530612244894,264.4591836734694,276.9081632653061,241.12244897959184,37.19387755102041,10
157,Gary Trent Jr.,Toronto Raptors,SG,163,330,61,142,429.4,13,16,441.7,28,82,349.6,7,32,39,17,14,10,4,4,3,219,202,180,56,555.7,26.125000000000004,19.325,19.625,526.5,529.225,539.625,58.79999999999999,10
158,Georges Niang,Cleveland Cavaliers,SF,96,234,37,79,448.5,3,3,200.0,19,48,367.1,2,32,34,17,22,6,9,2,31,147,130,113,51,424.064,30.799999999999997,21.543999999999997,28.344,685.6560000000001,574.384,517.4159999999999,70.26400000000001,10
159,Giannis Antetokounmpo,Milwaukee Bucks,PF,310,352,106,171,626.9,89,123,724.9,9,19,483.3,24,87,111,65,22,6,32,5,49,486,421,375,176,418.8241965973535,86.9054820415879,92.58412098298676,5.31758034026465,1029.0812854442345,779.1285444234404,643.8657844990548,204.4007561436673,10
160,Goga Bitadze,Orlando Magic,C,18,85,7,14,320.0,4,7,183.3,0,2,0.0,7,12,19,6,10,2,7,8,14,43,37,24,25,39.18343195266272,55.88165680473373,7.047337278106509,0.0,211.78106508875737,163.24260355029588,57.75739644970414,92.89349112426035,7
161,Gordon Hayward,Oklahoma City Thunder,SF,42,178,14,35,401.6,10,14,310.0,4,8,300.0,7,18,25,22,12,5,6,0,-7,89,67,64,47,107.61111111111111,16.23611111111111,40.40277777777777,2.4444444444444446,199.0,135.56944444444446,161.40277777777777,66.27777777777779,10
162,Gradey Dick,Toronto Raptors,G,112,265,45,93,477.8,1,1,100.0,21,52,418.5,8,25,33,15,13,6,5,0,-61,160,145,127,48,266.8526077097506,15.662131519274377,44.50566893424036,15.281179138321995,479.7777777777778,308.9183673469388,424.9002267573696,72.97959183673468,10
163,Grant Williams,Charlotte Hornets,PF,120,318,40,82,499.7,30,40,491.3,10,32,368.3,14,40,54,28,34,9,30,6,-49,202,174,148,82,378.01890359168243,91.69376181474482,19.519848771266542,11.705103969754253,691.062381852552,602.211720226843,422.08317580340264,156.0,10
164,Grayson Allen,Phoenix Suns,SG,140,373,43,97,435.0,19,22,716.7,35,78,447.5,6,31,37,25,24,11,11,8,-6,202,177,165,62,795.9183673469388,20.836734693877553,34.6734693877551,88.98185941043084,908.1224489795918,846.3877551020408,840.9183673469388,72.24489795918367,10
165,Gui Santos,Golden State Warriors,F,38,103,13,24,372.5,8,9,350.0,4,8,250.0,9,21,30,9,14,2,5,2,22,77,68,47,39,136.8888888888889,79.5,12.0,4.0,406.2222222222222,376.72222222222223,141.88888888888886,116.0,8
166,Harrison Barnes,Sacramento Kings,SF,135,278,49,93,510.5,15,20,491.7,22,47,367.8,5,16,21,11,13,5,4,1,-30,167,156,146,32,337.8468809073724,32.822306238185256,11.105860113421551,43.708884688090734,466.7051039697542,408.0642722117202,378.8960302457467,61.51984877126654,10
167,Harry III Giles,Brooklyn Nets,F,8,8,3,6,50.0,1,2,50.0,1,1,100.0,2,2,4,2,3,0,0,0,-12,14,12,10,6,45.93827160493827,9.679012345679013,2.777777777777778,0.6049382716049383,133.53086419753086,97.79012345679013,71.30864197530865,22.827160493827158,1
168,Haywood Highsmith,Miami Heat,F,50,161,19,42,475.2,2,2,100.0,10,28,350.0,7,15,22,5,11,7,2,7,6,77,72,55,27,290.24930747922434,21.883656509695292,2.5069252077562325,18.0,375.3434903047091,370.6648199445983,294.8393351800554,24.479224376731302,10
169,Herbert Jones,New Orleans Pelicans,SF,117,324,41,67,539.0,16,20,566.7,19,32,480.8,5,25,30,26,35,18,9,9,93,173,147,143,56,327.32500000000005,28.5,22.625,27.0,459.0,397.325,374.5,65.625,10
170,Hunter Tyson,Denver Nuggets,F,0,7,0,3,0.0,0,0,0.0,0,3,0.0,0,1,1,0,1,0,2,0,-1,1,1,0,1,4.0,0.11111111111111106,0.0,0.4444444444444444,5.4444444444444455,5.4444444444444455,4.0,0.11111111111111106,1
171,Ibou Badji,Portland Trail Blazers,C,7,32,3,4,150.0,1,2,50.0,0,0,0.0,1,2,3,4,6,0,5,3,-17,14,10,11,7,11.666666666666668,2.333333333333334,1.4166666666666663,0.0,20.75,22.0,11.416666666666668,2.75,3
172,Immanuel Quickley,Toronto Raptors,SG,210,367,75,162,459.1,25,32,579.7,35,84,407.0,2,59,61,80,18,11,24,2,10,351,271,290,141,329.3702422145328,44.01038062283736,205.840830449827,23.54671280276817,687.8650519031142,392.62629757785476,534.4221453287197,340.038062283737,10
173,Isaac Okoro,Cleveland Cavaliers,SF,124,319,45,90,517.5,13,20,491.7,21,50,477.8,7,31,38,26,24,13,9,9,-4,188,162,150,64,130.0,62.816,20.0,10.664000000000001,193.216,149.29600000000002,160.0,96.736,10
174,Isaiah Hartenstein,New York Knicks,C,54,213,21,37,603.8,12,14,600.0,0,0,0.0,26,40,66,30,22,4,8,8,17,150,120,84,96,99.27335640138409,60.84429065743946,42.55363321799308,0.0,385.19723183391005,266.42214532871975,180.08304498269894,141.36332179930795,10
175,Isaiah Jackson,Indiana Pacers,SF,92,174,35,55,691.4,22,28,758.3,0,2,0.0,23,30,53,9,27,8,9,8,-13,154,145,101,62,212.04444444444445,180.64444444444442,5.4444444444444455,0.0,722.4,674.3777777777779,226.77777777777777,219.37777777777777,10
176,Isaiah Joe,Oklahoma City Thunder,SG,61,174,23,60,343.7,1,1,100.0,14,42,253.7,5,15,20,7,8,6,7,3,19,88,81,68,27,195.29999999999998,10.225,6.725,14.500000000000002,198.5,206.925,185.625,18.2,10
177,Isaiah Mobley,Cleveland Cavaliers,F,5,33,2,7,58.3,0,0,0.0,1,4,25.0,0,4,4,2,2,0,0,0,-1,11,9,7,6,0.5555555555555555,8.88888888888889,0.22222222222222227,0.5555555555555556,7.222222222222223,5.88888888888889,1.0,10.0,2
178,Isaiah Stewart,Detroit Pistons,C,108,321,40,81,502.7,15,20,533.3,13,40,277.3,12,52,64,11,15,5,11,6,20,183,172,119,75,75.60000000000001,70.4,12.9,12.100000000000001,246.1,181.60000000000002,126.9,96.5,10
179,Ish Smith,Charlotte Hornets,PG,18,181,8,34,236.0,0,0,0.0,2,2,200.0,1,19,20,41,16,5,6,1,-90,79,38,59,61,54.36000000000001,24.0,78.09,1.5600000000000003,170.49,69.16000000000001,134.09,123.69,9
180,Ivica Zubac,LA Clippers,C,100,257,43,66,613.3,14,16,525.0,0,0,0.0,24,53,77,17,28,2,15,5,-17,194,177,117,94,293.6,82.2,8.2,0.0,496.79999999999995,471.0,295.0,114.8,10
181,JT Thor,Charlotte Hornets,F,21,97,9,17,425.0,0,0,0.0,3,8,200.0,1,17,18,5,8,0,2,3,17,44,39,26,23,45.17777777777777,11.777777777777779,2.6,4.111111111111112,65.77777777777779,64.91111111111111,47.11111111111111,13.31111111111111,10
182,JaVale McGee,Sacramento Kings,C,23,44,11,18,355.0,0,3,0.0,1,2,100.0,5,8,13,1,6,2,1,0,3,37,36,24,14,42.632653061224495,13.0,0.8367346938775512,0.8367346938775512,76.10204081632652,81.06122448979592,41.95918367346939,9.551020408163264,6
183,Jabari Smith Jr.,Houston Rockets,PF,140,336,47,112,408.8,26,30,800.0,20,57,332.59999999999997,17,73,90,17,26,11,9,8,-10,247,230,157,107,265.0612244897959,256.5532879818594,16.265306122448983,16.566893424036284,783.4036281179139,668.1179138321995,332.265306122449,320.9002267573696,10
184,Jabari Walker,Portland Trail Blazers,F,83,221,35,74,464.6,12,13,475.0,1,10,100.0,24,40,64,10,27,5,8,1,-50,157,147,93,74,298.2465373961219,91.92797783933518,8.110803324099722,1.6204986149584486,685.9695290858726,594.3739612188366,376.1024930747922,113.77839335180055,10
185,Jacob Gilyard,Memphis Grizzlies,G,67,205,23,52,431.8,1,1,100.0,20,45,431.8,1,14,15,41,10,10,12,2,-62,123,82,108,56,274.1404958677686,10.685950413223141,31.595041322314046,24.0,454.1404958677686,332.0,382.0,56.561983471074385,10
186,Jacob Toppin,New York Knicks,F,13,29,5,9,107.1,2,2,100.0,1,4,33.3,3,3,6,1,3,0,1,0,-18,20,19,14,7,78.05555555555556,8.722222222222221,0.5555555555555556,0.7222222222222223,130.22222222222223,136.55555555555554,72.5,8.5,2
187,Jaden Hardy,Dallas Mavericks,G,90,117,36,68,569.4,6,7,350.0,12,25,400.0,1,10,11,13,4,3,8,1,16,114,101,103,24,191.32879818594103,9.090702947845806,22.836734693877553,9.83219954648526,207.26530612244898,201.0,193.44444444444443,36.07709750566893,10
188,Jaden Ivey,Detroit Pistons,PG,158,317,51,136,379.5,42,48,763.3,14,59,224.89999999999998,11,13,24,36,26,8,22,6,-10,218,182,194,60,470.37641723356006,26.0,30.55328798185941,32.0,550.9795918367348,597.5192743764172,430.1224489795919,50.26757369614513,10
189,Jaden McDaniels,Minnesota Timberwolves,PF,96,318,37,86,431.4,11,17,341.7,11,37,296.4,9,36,45,18,32,8,11,6,-45,159,141,114,63,458.83553875236305,49.23818525519849,23.965973534971646,22.931947069943288,714.7164461247637,629.9754253308128,514.0,102.78071833648391,10
190,Jaden Springer,Boston Celtics,G,58,152,20,45,357.1,15,16,575.0,3,13,183.3,8,19,27,14,16,12,9,2,-24,99,85,72,41,181.5625,36.69140625,18.390625,2.19140625,471.34765625,359.84765625,254.515625,93.62890625,9
191,Jae Crowder,Milwaukee Bucks,PF,44,205,17,44,345.8,2,2,100.0,8,24,250.0,9,26,35,11,17,9,2,1,58,90,79,55,46,110.35069444444446,60.5,10.184027777777777,9.65625,203.625,184.85069444444443,106.125,93.68402777777777,10
192,Jae'Sean Tate,Houston Rockets,SF,28,121,12,30,395.3,2,5,50.0,2,4,200.0,12,21,33,6,17,9,10,3,-5,67,61,34,39,31.7890625,32.65625,5.15625,1.6015625,136.7890625,107.7890625,50.1015625,48.5,10
193,Jahmi'us Ramsey,Toronto Raptors,SG,2,5,1,3,33.3,0,0,0.0,0,1,0.0,1,1,2,1,0,0,0,0,-7,5,4,3,3,0.0,0.0,0.0,0.0,0.0,0.0,0.0,0.0,1
194,Jaime Jr. Jaquez,Miami Heat,G,123,293,49,90,496.7,17,23,616.7,8,23,291.6,14,37,51,25,18,15,10,2,10,199,174,148,76,567.759002770083,39.04986149584487,14.8393351800554,7.883656509695291,584.4072022160665,608.9806094182825,547.2963988919666,49.77839335180055,10
195,Jake LaRavia,Memphis Grizzlies,F,123,252,36,98,333.0,38,46,730.0,13,45,271.5,19,31,50,17,23,14,12,6,-67,190,173,140,67,299.2479338842975,128.08264462809916,18.107438016528924,8.239669421487603,538.2644628099174,518.8677685950413,346.6942148760331,118.1404958677686,10
196,Jakob Poeltl,Toronto Raptors,C,122,251,55,101,543.9,12,20,491.7,0,0,0.0,39,53,92,31,28,10,11,19,35,245,214,153,123,161.8469387755102,127.67346938775509,30.387755102040813,0.0,516.704081632653,398.98979591836735,256.6224489795918,181.0,10
197,Jalen Brunson,New York Knicks,PG,287,354,98,223,444.7,62,72,769.0,29,79,362.8,6,21,27,74,16,9,36,2,60,388,314,361,101,594.125,19.0,105.425,27.799999999999997,458.5,493.025,580.9,103.12500000000001,10
198,Jalen Duren,Detroit Pistons,C,133,289,50,81,622.8,33,39,794.1,0,0,0.0,29,77,106,29,37,7,24,10,-26,268,239,162,135,123.44444444444446,118.0,13.244897959183673,0.0,288.59410430839,286.11111111111114,103.92743764172334,153.24489795918365,10
199,Jalen Green,Houston Rockets,SG,232,351,87,191,446.8,27,31,705.0,31,86,337.8,5,47,52,33,17,9,22,2,48,317,284,265,85,813.625,59.77777777777777,13.15625,49.56944444444445,950.3506944444443,989.4027777777777,764.90625,82.60069444444444,10
200,Jalen HoodSchifino,Los Angeles Lakers,G,5,11,1,6,33.3,2,4,100.0,1,3,50.0,0,2,2,0,1,0,1,0,-13,7,7,5,2,9.0,0.9799999999999999,0.020000000000000004,0.8200000000000001,13.32,14.180000000000001,8.42,0.72,2
201,Jalen Johnson,Atlanta Hawks,SF,162,349,69,130,533.5,15,22,550.0,9,33,281.7,17,71,88,34,22,6,15,12,20,284,250,196,122,389.72299168975064,87.74515235457065,69.37396121883657,7.864265927977839,905.180055401662,618.2160664819944,632.5540166204985,201.25207756232686,10
202,Jalen McDaniels,Toronto Raptors,PF,29,90,12,27,225.6,2,3,66.7,3,11,116.7,5,16,21,7,9,6,11,1,-23,57,50,36,28,119.25999999999999,65.63999999999999,8.139999999999999,3.7399999999999998,299.64,230.06,150.56000000000003,112.05999999999999,6
203,Jalen Pickett,Denver Nuggets,G,2,7,1,3,33.3,0,0,0.0,0,2,0.0,0,0,0,2,0,0,0,0,-1,4,2,4,2,2.25,0.0,1.3611111111111107,0.0,7.1111111111111125,2.25,7.1111111111111125,1.3611111111111107,1
204,Jalen Smith,Indiana Pacers,PF,87,156,35,60,582.0,10,16,390.0,7,22,400.0,18,34,52,15,14,1,8,6,19,154,139,102,67,156.40625,43.9765625,17.4765625,4.40625,134.0,127.4765625,171.9765625,52.40625,10
205,Jalen Suggs,Orlando Magic,SG,123,258,46,84,562.3,8,11,325.0,23,52,425.4,6,25,31,33,29,13,22,5,63,187,154,156,64,211.6111111111111,44.91975308641975,21.0,24.45679012345679,418.90123456790127,333.2345679012345,279.6111111111111,83.58641975308642,10
206,Jalen Williams,Oklahoma City Thunder,F,192,290,76,148,512.7,23,25,690.0,17,39,434.9,4,34,38,38,26,13,15,9,31,268,230,230,76,671.825,17.6,16.5,10.325,889.8249999999999,848.2249999999999,712.2250000000001,35.30000000000001,10
207,Jalen Wilson,Brooklyn Nets,F,39,173,14,46,372.4,6,6,300.0,5,23,275.0,12,20,32,11,12,2,7,0,-27,82,71,50,43,44.125,35.7890625,5.3515625,3.90625,128.15625,93.9765625,63.2890625,56.15625,10
208,Jamal Cain,Miami Heat,F,4,16,0,3,0.0,4,4,200.0,0,1,0.0,1,2,3,1,1,1,1,0,-4,8,7,5,4,0.0,0.5,0.5,0.0,0.0,0.5,0.5,0.0,2
209,Jamal Murray,Denver Nuggets,PG,220,325,88,165,503.7,21,27,561.4,23,50,421.6,6,35,41,67,12,10,25,5,66,328,261,287,108,1050.2437673130194,33.16620498614959,128.4792243767313,32.878116343490305,1867.7340720221607,1243.8642659279778,1576.8781163434903,258.8808864265928,10
210,James Bouknight,Charlotte Hornets,SG,10,13,4,10,83.3,0,0,0.0,2,7,58.3,0,0,0,0,0,1,1,0,13,10,10,10,0,18.0,0.0,0.0,0.72,18.0,18.0,18.0,0.0,2
211,James Harden,LA Clippers,SG,173,353,50,125,376.3,49,54,935.7,24,75,293.9,6,46,52,86,17,6,30,8,-45,311,225,259,138,611.3440453686201,65.32325141776937,19.032136105860108,36.215500945179585,511.51039697542535,560.0850661625709,546.9319470699432,100.19281663516068,10
212,James Johnson,Indiana Pacers,PF,2,7,0,1,0.0,2,2,100.0,0,0,0.0,0,0,0,1,3,0,0,1,1,3,2,3,1,0.0,0.0,0.0,0.0,0.0,0.0,0.0,0.0,1
213,James Wiseman,Detroit Pistons,C,72,170,31,46,635.1,10,16,365.0,0,0,0.0,19,41,60,11,26,3,7,5,-32,143,132,83,71,170.2265625,80.0,15.1640625,0.0,518.15625,392.4765625,248.65625,142.4140625,10
214,Jarace Walker,Indiana Pacers,F,14,62,5,17,122.2,0,0,0.0,4,10,150.0,2,15,17,8,5,4,4,4,10,39,31,22,25,38.543209876543216,36.61728395061728,27.72839506172839,3.432098765432099,272.8888888888889,144.76543209876542,112.32098765432099,118.69135802469134,5
215,Jared Butler,Washington Wizards,SG,22,72,10,23,316.7,2,2,100.0,0,6,0.0,2,6,8,18,8,2,6,0,-5,48,30,40,26,44.9795918367347,11.551020408163264,25.102040816326536,0.0,117.83673469387753,43.06122448979592,100.77551020408161,55.63265306122449,6
216,Jared Rhoden,Detroit Pistons,G,2,13,1,2,50.0,0,0,0.0,0,0,0.0,0,1,1,1,0,0,1,2,2,4,3,3,2,0.0,0.0,0.0,0.0,0.0,0.0,0.0,0.0,1
217,Jaren Jackson Jr.,Memphis Grizzlies,PF,241,330,84,190,433.2,48,68,603.3,25,66,367.8,14,42,56,26,36,14,33,15,-80,323,297,267,82,376.9140625,146.5,16.625,21.6640625,744.1015625,758.2890625,414.2265625,111.625,10
218,Jarred Vanderbilt,Los Angeles Lakers,PF,68,142,26,42,412.7,13,17,375.0,3,5,166.7,12,22,34,12,8,16,11,2,23,114,102,80,46,111.33333333333334,59.333333333333336,18.0,3.5,362.0,274.0,157.33333333333334,119.33333333333334,6
219,Jarrett Allen,Cleveland Cavaliers,C,176,355,65,118,550.0,46,61,730.5,0,0,0.0,33,80,113,26,12,6,11,13,-20,315,289,202,139,386.496,204.136,25.184,0.0,844.264,851.8000000000001,406.896,201.38400000000001,10
220,Javon Freeman-Liberty,Toronto Raptors,G,24,66,7,16,148.8,8,9,280.0,2,8,83.3,1,10,11,7,5,0,3,2,-2,42,35,31,18,102.0,8.111111111111112,2.1111111111111107,1.1111111111111112,150.0,148.7777777777778,99.44444444444443,14.0,4
221,Jaxson Hayes,Los Angeles Lakers,C,46,127,19,25,638.4,8,11,316.7,0,2,0.0,12,21,33,2,18,3,7,3,-7,81,79,48,35,94.07709750566893,44.35600907029479,4.979591836734694,0.0,199.0,174.26530612244898,103.16553287981858,64.98185941043084,10
222,Jay Huff,Denver Nuggets,C,3,5,1,2,50.0,0,0,0.0,1,2,50.0,0,0,0,0,2,0,0,0,-3,3,3,3,0,1.265625,1.265625,0.0,0.390625,0.0,0.0,1.265625,1.265625,1
223,Jaylen Brown,Boston Celtics,SG,271,338,107,207,528.4,33,51,653.8,24,66,376.9,16,40,56,37,29,11,16,1,149,364,327,308,93,576.5,124.99382716049382,14.697530864197534,18.271604938271608,939.6604938271605,987.9382716049381,519.3086419753088,148.6049382716049,10
224,Jaylin Williams,Oklahoma City Thunder,F,47,144,15,32,450.0,7,9,233.3,10,21,466.6,5,29,34,15,14,2,3,4,59,96,81,62,49,35.7,59.025,8.6,4.225,129.025,127.125,42.099999999999994,63.125,10
225,Jayson Tatum,Boston Celtics,SF,266,364,89,194,467.6,53,61,865.9,35,80,441.1,9,64,73,54,21,9,27,4,131,393,339,320,127,369.3469387755102,101.81632653061226,54.07709750566893,22.64172335600907,463.66213151927445,580.265306122449,277.0702947845804,131.56689342403627,10
226,Jeenathan Williams,Houston Rockets,G,8,17,4,7,66.7,0,2,0.0,0,0,0.0,2,1,3,0,4,0,0,0,17,11,11,8,3,42.888888888888886,0.7222222222222221,0.5,0.0,49.88888888888888,54.722222222222214,38.72222222222223,0.5555555555555556,2
227,Jeff Dowtin,Philadelphia 76ers,G,16,57,6,11,123.8,0,0,0.0,4,8,116.7,0,4,4,8,0,3,3,1,12,28,20,24,12,72.0,6.0,22.0,4.0,216.0,106.0,162.0,48.0,4
228,Jeff Green,Houston Rockets,PF,37,123,12,38,295.9,6,10,225.0,7,17,416.7,4,8,12,11,6,2,4,3,-49,60,49,48,23,77.7396694214876,16.74793388429752,10.929752066115702,4.21900826446281,159.42561983471074,128.28925619834712,108.19834710743802,28.355371900826444,10
229,Jerami Grant,Portland Trail Blazers,SF,169,342,56,142,386.6,38,46,711.3,19,49,402.0,6,19,25,35,18,14,28,2,-77,229,194,204,60,473.98961937716257,45.9204152249135,32.71626297577855,5.083044982698962,888.6262975778548,739.6678200692041,583.0934256055364,118.49134948096886,10
230,Jeremiah Robinson-Earl,New Orleans Pelicans,F,16,54,5,12,166.7,4,7,80.0,2,6,100.0,6,6,12,3,2,2,2,1,8,31,28,19,15,50.29752066115703,26.5702479338843,3.4793388429752063,1.2066115702479339,117.0413223140496,116.73553719008265,46.55371900826447,34.099173553719005,5
231,Jeremy Sochan,San Antonio Spurs,F,123,299,49,107,395.9,15,18,516.7,10,35,216.7,19,52,71,28,29,6,15,8,-13,222,194,151,99,528.7769376181475,111.03780718336483,41.64461247637051,10.472589792060493,972.8620037807183,948.0,514.3005671077505,192.02079395085067,10
232,Jericho Sims,New York Knicks,C,33,208,13,16,566.7,7,10,213.3,0,0,0.0,26,34,60,13,11,4,5,7,-3,106,93,46,73,96.4016620498615,54.24376731301939,13.0,0.0,288.0,199.0,160.5595567867036,92.0858725761773,10
233,Jerome Robinson,Golden State Warriors,SG,10,17,4,10,40.0,1,2,50.0,1,6,16.7,0,0,0,1,1,0,0,1,-2,11,10,11,1,66.94214876033058,0.03305785123966942,0.4049586776859504,0.6694214876033057,74.58677685950414,64.0,77.7603305785124,0.20661157024793392,1
234,Jett Howard,Orlando Magic,G,0,5,0,1,0.0,0,0,0.0,0,1,0.0,0,0,0,0,1,0,0,0,-5,0,0,0,0,2.25,0.0,0.0,0.25,2.25,2.25,2.25,0.0,1
235,Jevon Carter,Chicago Bulls,PG,46,146,19,39,448.1,1,2,50.0,7,19,200.0,3,8,11,13,9,6,2,2,17,70,57,59,24,176.0,11.524999999999999,6.5,8.125,281.225,240.325,206.5,28.424999999999997,10
236,Jimmy Butler,Miami Heat,SF,226,352,74,142,528.2,67,85,768.8,11,29,441.6,13,52,65,69,11,20,22,6,70,360,291,295,134,334.89965397923874,78.71626297577855,68.59861591695501,7.2768166089965405,407.8408304498271,284.95847750865056,397.09688581314884,208.0,10
237,Jock Landale,Houston Rockets,C,56,146,19,36,492.5,15,18,430.0,3,6,250.0,21,25,46,19,18,4,5,5,36,121,102,75,65,186.5,69.1640625,30.5,2.2265625,369.2890625,285.2890625,271.0,99.1640625,10
238,Joe Harris,Detroit Pistons,SF,2,12,1,3,33.3,0,0,0.0,0,1,0.0,0,0,0,0,1,0,0,0,-5,2,2,2,0,0.0,0.0,0.0,0.0,0.0,0.0,0.0,0.0,1
239,Joe Ingles,Orlando Magic,SG,34,172,12,25,305.0,2,3,150.0,8,17,275.0,2,10,12,24,9,8,9,0,18,70,46,58,36,189.11111111111114,6.122448979591836,40.662131519274375,14.0,225.11111111111111,196.85260770975054,205.70975056689343,58.44444444444445,10
240,Joel Embiid,Philadelphia 76ers,C,45,61,16,38,82.8,9,12,170.0,4,10,83.3,2,12,14,5,6,2,10,0,-41,64,59,50,19,144.5,0.0,0.5,0.0,162.0,144.5,162.0,0.5,2
241,John Collins,Utah Jazz,PF,160,309,62,116,518.9,23,29,737.5,13,35,355.5,26,78,104,13,28,5,18,16,14,277,264,173,117,330.02267573696145,170.53061224489795,8.410430839002267,9.662131519274379,474.2199546485261,486.44444444444446,308.60090702947844,188.13832199546485,10
242,John Konchar,Memphis Grizzlies,SG,61,264,22,46,477.5,6,6,200.0,11,26,451.6,17,43,60,25,16,15,16,12,-3,146,121,86,85,111.53979238754326,76.03460207612457,10.577854671280276,7.1522491349480966,354.0,267.8719723183391,167.56401384083046,116.71626297577855,10
243,Johnny Davis,Washington Wizards,G,18,121,6,23,236.9,3,4,150.0,3,10,150.0,3,12,15,4,12,1,1,2,-39,37,33,22,19,53.6015625,4.65625,4.5,4.125,84.6640625,62.2890625,73.7265625,11.40625,10
244,Johnny Juzang,Utah Jazz,G,14,46,6,16,103.3,0,0,0.0,2,10,40.0,2,5,7,3,1,0,1,0,9,24,21,17,10,53.120000000000005,11.280000000000001,0.4800000000000001,2.880000000000001,108.72,101.52000000000002,58.08,14.0,3
245,Jonas Valanciunas,New Orleans Pelicans,C,93,207,39,80,422.0,9,10,375.0,6,13,350.0,23,75,98,13,18,2,14,8,73,204,191,106,111,370.58264462809916,128.8801652892562,16.384297520661157,6.958677685950413,884.4008264462809,786.5041322314049,468.7768595041322,144.96694214876035,10
246,Jonathan Isaac,Orlando Magic,PF,79,179,32,57,602.7,7,11,316.7,8,15,375.0,21,37,58,6,9,7,7,13,19,143,137,85,64,115.51234567901236,87.90123456790123,4.6419753086419755,10.197530864197532,285.58641975308643,312.5,103.3641975308642,77.77777777777779,10
247,Jonathan Kuminga,Golden State Warriors,PF,209,284,79,147,525.4,45,55,724.2,6,17,216.7,14,40,54,24,23,8,19,6,-11,287,263,233,78,328.29600000000005,50.8,13.104,8.399999999999999,412.296,442.456,297.256,64.78399999999999,10
248,Jontay Porter,Toronto Raptors,C,40,87,14,29,245.6,3,4,75.0,9,18,215.4,6,14,20,14,10,5,8,1,-21,74,60,54,34,210.0,25.030000000000005,17.75,16.470000000000002,439.47999999999996,323.83,315.75,52.68000000000001,7
249,Jordan Clarkson,Utah Jazz,PG,174,327,64,151,396.6,29,32,757.9,17,59,244.1,7,28,35,60,19,10,22,0,-76,269,209,234,95,821.625,105.4,77.625,20.724999999999998,1288.5,1212.125,880.5,200.52499999999998,10
250,Jordan Goodwin,Memphis Grizzlies,G,69,232,28,81,330.5,5,12,225.0,8,28,229.89999999999998,13,28,41,37,16,15,14,10,-59,147,110,106,78,100.55621301775147,138.01775147928996,77.59171597633136,3.562130177514793,482.3313609467455,302.1479289940828,135.52071005917162,360.82840236686394,9
251,Jordan Hawkins,New Orleans Pelicans,G,50,133,18,59,338.2,4,5,150.0,10,38,210.0,3,13,16,5,8,1,2,2,-6,71,66,55,21,142.4938271604938,19.586419753086417,6.777777777777779,10.030864197530864,199.73456790123456,156.5493827160494,182.53086419753086,29.512345679012345,10
252,Jordan McLaughlin,Minnesota Timberwolves,PG,44,126,15,32,411.1,3,4,150.0,11,23,319.4,3,19,22,25,10,10,4,2,46,91,66,69,47,135.53086419753086,40.5,23.71604938271605,19.611111111111107,256.2777777777778,224.25308641975312,151.44444444444449,80.32716049382717,10
253,Jordan Miller,LA Clippers,G,4,5,1,1,100.0,2,2,100.0,0,0,0.0,0,1,1,0,0,0,0,0,3,5,5,4,1,4.0,0.11111111111111113,0.0,0.0,5.4444444444444455,5.4444444444444455,4.0,0.11111111111111113,1
254,Jordan Nwora,Toronto Raptors,SF,53,140,21,58,287.4,6,7,275.0,5,23,175.0,6,26,32,12,8,6,5,3,-64,97,85,65,44,171.49134948096886,42.65743944636679,19.605536332179927,2.9238754325259517,254.10034602076126,230.50865051903116,187.6228373702422,69.72318339100346,10
255,Jordan Poole,Washington Wizards,SG,207,303,78,169,444.6,16,18,525.0,35,92,366.2,4,29,33,47,36,11,30,6,-58,287,240,254,80,1119.037807183365,18.553875236294896,29.052930056710775,39.68809073724008,1114.5349716446126,1084.4914933837429,1113.9659735349715,82.72211720226844,10
256,Jordan Walsh,Boston Celtics,G,2,27,1,4,100.0,0,0,0.0,0,2,0.0,2,4,6,1,5,2,2,1,24,9,8,3,7,2.2222222222222223,8.88888888888889,0.5555555555555556,0.0,1.8888888888888893,4.0,4.555555555555555,5.0,2
257,Jose Alvarado,New Orleans Pelicans,PG,67,201,25,63,405.6,6,7,350.0,11,33,363.3,2,21,23,25,13,15,11,4,43,115,90,92,48,66.69753086419753,4.277777777777778,49.611111111111114,5.049382716049383,146.99382716049382,78.12345679012346,139.679012345679,49.77777777777778,10
258,Josh Giddey,Oklahoma City Thunder,SG,120,233,53,102,493.90000000000003,4,5,250.0,10,30,320.2,16,43,59,42,20,10,20,5,31,221,179,162,101,328.40277777777777,87.01736111111111,24.0,4.017361111111111,601.90625,455.40625,428.06944444444446,157.85069444444446,10
259,Josh Green,Dallas Mavericks,SG,67,259,28,55,498.7,4,5,80.0,7,23,270.0,11,24,35,13,16,11,9,2,-34,115,102,80,48,212.11111111111106,40.56944444444444,14.90625,9.850694444444443,308.01736111111114,286.73611111111114,245.76736111111106,43.10069444444445,10
260,Josh Hart,New York Knicks,SG,150,425,57,132,439.0,16,27,457.1,20,56,342.2,26,97,123,58,22,15,19,6,2,331,273,208,181,289.4291115311909,247.2533081285444,72.05671077504726,15.194706994328925,885.563327032136,518.3875236294896,507.069943289225,468.8449905482042,10
261,Josh Minott,Minnesota Timberwolves,F,0,5,0,0,0.0,0,0,0.0,0,0,0.0,0,4,4,0,0,0,0,0,6,4,4,0,4,0.765625,7.5625,0.015625,0.015625,3.0625,3.515625,1.0,6.890625,1
262,Josh Okogie,Phoenix Suns,SF,46,141,15,32,423.8,10,11,350.0,6,14,300.0,16,6,22,10,4,8,10,2,6,78,68,56,32,116.44982698961938,13.598615916955017,8.13840830449827,6.422145328719724,170.26989619377161,161.01730103806227,120.75432525951557,26.685121107266436,10
263,Josh Richardson,Miami Heat,SG,98,211,38,76,433.2,6,6,200.0,16,45,301.7,4,26,30,19,16,5,3,2,3,147,128,117,49,296.8888888888889,20.0,10.88888888888889,27.555555555555557,468.0,427.55555555555554,344.0,24.22222222222222,9
264,Joshua Primo,LA Clippers,G,0,5,0,1,0.0,0,0,0.0,0,0,0.0,1,0,1,0,0,0,1,0,1,1,1,0,1,0.0,0.0,0.0,0.0,0.0,0.0,0.0,0.0,1
265,Jrue Holiday,Boston Celtics,PG,110,321,43,77,554.9,5,6,250.0,19,42,538.5,9,30,39,53,13,13,16,8,117,202,149,163,92,150.7257617728532,29.864265927977836,26.146814404432135,5.132963988919668,226.1329639889196,185.08864265927974,212.74515235457062,35.036011080332415,10
266,Jules Bernard,Washington Wizards,G,9,19,3,4,250.0,1,2,50.0,2,2,200.0,2,3,5,4,1,1,1,1,15,18,14,13,9,2.3333333333333335,4.749999999999999,6.000000000000001,0.75,12.083333333333332,4.75,7.666666666666667,12.75,3
267,Julian Champagnie,San Antonio Spurs,F,72,222,22,56,351.1,13,15,450.0,15,39,315.8,9,26,35,22,7,7,7,4,39,129,107,94,57,231.4917355371901,34.83057851239669,31.425619834710748,24.56611570247934,522.103305785124,356.17355371900834,345.86776859504135,117.80991735537191,10
268,Julian Phillips,Chicago Bulls,F,39,129,13,29,272.9,7,8,266.7,6,12,283.4,6,11,17,5,11,5,3,1,1,61,56,44,22,171.66435986159172,28.93079584775086,6.716262975778546,6.422145328719724,323.1522491349481,298.401384083045,184.5674740484429,47.49480968858131,10
269,Julian Strawther,Denver Nuggets,G,9,27,3,11,37.5,2,2,100.0,1,8,20.0,0,3,3,4,1,1,2,0,-15,16,12,13,7,29.6530612244898,6.79591836734694,2.6122448979591835,0.7551020408163267,84.89795918367346,64.0,45.65306122448979,14.306122448979592,2
270,Julius Randle,New York Knicks,PF,66,99,23,48,142.2,14,14,300.0,6,11,195.0,8,17,25,18,7,1,10,0,25,109,91,84,43,98.0,2.666666666666667,14.0,2.0,140.66666666666669,120.66666666666666,126.0,8.666666666666668,3
271,Justin Champagnie,Washington Wizards,SF,4,13,2,7,50.0,0,0,0.0,0,4,0.0,0,1,1,1,0,1,1,1,-1,6,5,5,2,9.125,0.625,0.625,0.125,2.125,5.0,5.0,2.5,2
272,Justin Holiday,Denver Nuggets,SF,47,173,17,36,439.7,2,2,100.0,11,26,336.7,1,13,14,17,9,5,3,3,-14,78,61,64,31,156.125,14.625,41.6015625,11.1640625,349.3515625,232.5,251.4140625,77.7890625,10
273,Justin Minaya,Portland Trail Blazers,F,9,87,3,15,99.89999999999999,1,2,50.0,2,12,66.6,5,8,13,4,5,3,3,1,-46,26,22,13,17,19.4375,17.4375,1.8819444444444442,1.5277777777777781,49.215277777777786,54.0,16.194444444444443,17.777777777777775,7
274,Jusuf Nurkic,Phoenix Suns,C,104,268,40,71,633.7,24,48,440.0,0,3,0.0,41,98,139,43,36,8,37,15,56,286,243,147,182,172.625,579.3,44.325,0.0,1263.3,1100.325,230.6,728.625,10
275,Karl-Anthony Towns,Minnesota Timberwolves,C,193,306,66,146,451.8,41,47,734.2,20,56,341.5,20,55,75,29,33,8,24,8,98,297,268,222,104,265.0493827160493,98.62345679012346,46.91975308641975,18.771604938271604,548.530864197531,414.4012345679012,362.2777777777778,182.44444444444443,10
276,Kawhi Leonard,LA Clippers,SF,225,338,88,174,510.2,35,41,789.9,14,47,273.3,14,49,63,39,10,18,19,7,42,327,288,264,102,525.8760330578511,48.103305785123965,28.91322314049587,10.549586776859503,801.0,713.4586776859504,592.8305785123968,97.60330578512396,10
277,Keegan Murray,Sacramento Kings,SF,146,356,53,111,448.5,17,17,500.0,23,57,374.79999999999995,15,40,55,13,30,12,10,9,14,214,201,159,68,512.5,57.99173553719008,21.557851239669425,36.421487603305785,679.7190082644629,677.3099173553719,494.4214876033058,100.03719008264463,10
278,Keita Bates-Diop,Brooklyn Nets,SF,38,100,14,26,648.3,5,6,250.0,5,12,350.0,3,10,13,4,2,1,6,5,-18,55,51,42,17,34.78892733564014,16.1280276816609,4.4013840830449835,4.716262975778546,63.0,59.51903114186852,30.657439446366784,28.141868512110726,10
279,Keldon Johnson,San Antonio Spurs,SF,160,296,58,131,434.3,17,20,508.3,27,71,386.9,14,32,46,24,16,3,12,2,-57,230,206,184,70,340.22499999999997,71.025,20.424999999999997,23.325,650.025,582.0,433.29999999999995,66.4,10
280,Kelly Olynyk,Toronto Raptors,PF,120,252,41,83,452.5,28,35,637.1,10,29,308.3,16,31,47,39,35,14,17,8,-58,206,167,159,86,327.2199546485261,64.10204081632654,57.090702947845806,8.204081632653061,581.546485260771,518.8866213151928,368.51927437641723,142.5532879818594,10
281,Kelly Oubre Jr.,Philadelphia 76ers,SG,167,305,59,153,371.9,37,52,634.5,12,48,219.5,20,37,57,19,33,10,18,2,-79,243,224,186,76,596.5538752362949,61.66540642722117,18.020793950850663,9.844990548204159,954.7769376181475,784.7334593572779,736.5482041587901,109.73534971644611,10
282,Kendall Brown,Indiana Pacers,SG,0,7,0,0,0.0,0,0,0.0,0,0,0.0,0,0,0,0,0,0,0,0,4,0,0,0,0,0.16000000000000003,0.0,0.04000000000000001,0.0,0.36,0.16000000000000003,0.36,0.04000000000000001,1
283,Kenneth Lofton Jr.,Philadelphia 76ers,F,2,5,1,4,25.0,0,0,0.0,0,2,0.0,0,1,1,0,0,0,0,0,-4,3,3,2,1,0.0,0.0,0.0,0.0,0.0,0.0,0.0,0.0,1
284,Kenrich Williams,Oklahoma City Thunder,SF,26,102,10,25,298.4,0,0,0.0,6,17,166.7,8,22,30,12,12,2,4,0,20,68,56,38,42,143.7164461247637,44.30245746691871,14.691871455576562,14.49149338374291,213.72400756143668,184.66162570888469,151.62948960302458,80.1436672967864,10
285,Kentavious Caldwell-Pope,Denver Nuggets,SG,95,290,32,71,404.1,12,13,480.0,19,41,408.3,4,21,25,28,17,13,9,5,91,148,120,123,53,352.31487889273353,12.508650519031143,25.4878892733564,21.539792387543255,387.61245674740485,367.46020761245677,368.10034602076126,42.363321799307954,10
286,Kenyon Martin Jr.,Philadelphia 76ers,F,52,188,23,37,618.8,4,5,200.0,2,4,150.0,12,26,38,11,28,4,7,4,0,101,90,63,49,100.64852607709751,67.31519274376417,12.927437641723355,1.6145124716553285,376.04308390022675,290.8163265306123,158.83673469387753,107.281179138322,10
287,Keon Ellis,Sacramento Kings,G,44,161,17,32,354.2,1,2,50.0,9,20,253.3,7,14,21,16,20,13,5,3,49,81,65,60,37,231.77777777777777,10.125,43.111111111111114,13.125,255.125,288.2361111111111,204.0,47.90277777777777,10
288,Keon Johnson,Brooklyn Nets,G,12,26,3,8,73.3,4,4,100.0,2,4,133.3,2,1,3,2,2,2,2,0,-9,17,15,14,5,18.88888888888889,0.5555555555555556,2.2222222222222223,0.22222222222222227,27.222222222222225,13.888888888888888,34.0,1.0,2
289,Kessler Edwards,Sacramento Kings,SF,12,46,4,11,106.7,1,2,50.0,3,8,91.7,0,8,8,2,6,2,0,1,9,22,20,14,10,41.952662721893496,13.319526627218934,1.5029585798816567,3.8816568047337277,45.87573964497041,44.88165680473373,37.112426035502956,20.656804733727814,5
290,Kevin Durant,Phoenix Suns,PF,299,387,109,222,488.8,58,74,785.6,23,64,357.2,6,65,71,45,18,6,39,11,25,415,370,344,116,677.5619834710744,61.595041322314046,63.14876033057851,16.537190082644628,1018.1074380165289,886.6280991735536,740.4462809917354,193.3388429752066,10
291,Kevin Huerter,Sacramento Kings,SG,93,246,37,90,387.2,2,4,100.0,17,51,267.5,6,27,33,28,23,7,12,2,21,154,126,121,61,405.1487603305785,26.5,9.607438016528926,27.293388429752067,616.99173553719,547.9214876033058,461.1280991735537,49.19834710743801,10
292,Kevin Knox II,Detroit Pistons,SF,22,89,9,26,148.9,3,3,200.0,1,11,33.3,3,11,14,4,9,2,6,0,21,40,36,26,18,115.33333333333334,19.333333333333336,3.3333333333333335,0.8333333333333335,167.33333333333331,188.0,101.33333333333334,16.0,6
293,Kevin Love,Miami Heat,PF,88,158,30,62,483.6,10,14,208.3,18,45,387.4,10,55,65,19,20,3,10,3,31,172,153,107,84,362.530612244898,61.03061224489795,13.244897959183673,16.97959183673469,574.7448979591837,534.5,405.0,72.05102040816325,10
294,Kevon Looney,Golden State Warriors,F,21,103,9,19,483.3,3,7,75.0,0,0,0.0,8,21,29,12,15,1,5,4,37,62,50,33,41,26.884297520661157,21.673553719008265,7.607438016528926,0.0,25.140495867768585,36.91322314049587,14.334710743801654,30.057851239669425,10
295,Keyontae Johnson,Oklahoma City Thunder,F,5,39,2,8,66.7,0,0,0.0,1,2,100.0,2,4,6,2,4,0,2,0,-15,13,11,7,8,20.0,7.0,1.2653061224489797,0.8163265306122451,29.69387755102041,35.0,17.26530612244898,5.6938775510204085,5
296,Keyonte George,Utah Jazz,G,188,322,67,144,417.6,17,21,371.7,37,78,416.1,0,28,28,56,19,7,29,3,-40,272,216,244,84,1162.825,21.625,47.425,74.1,1527.8249999999998,1266.8000000000002,1404.5,88.39999999999999,10
297,Khris Middleton,Milwaukee Bucks,SF,92,178,35,72,313.8,12,14,337.5,10,26,276.6,5,24,29,33,20,6,11,2,29,154,121,125,62,203.33333333333334,34.833333333333336,45.5,3.333333333333333,365.33333333333337,234.83333333333334,340.8333333333333,73.33333333333334,6
298,Killian Hayes,Detroit Pistons,PG,18,79,7,14,209.6,1,3,33.3,3,6,100.0,0,15,15,20,4,0,5,2,-12,53,33,38,35,27.0,18.75,54.0,2.75,252.75,74.75,153.0,124.75,4
299,Klay Thompson,Golden State Warriors,SG,175,258,61,142,440.2,15,17,516.7,38,90,411.0,4,25,29,16,16,7,15,2,-39,220,204,191,45,545.6880907372401,23.907372400756145,18.733459357277884,26.506616257088847,533.2098298676749,489.2136105860114,605.3251417769376,27.0,10
300,Kobe Brown,LA Clippers,G,2,27,1,5,100.0,0,0,0.0,0,2,0.0,4,5,9,2,4,0,3,0,-23,13,11,4,11,3.0,8.04,1.3600000000000003,0.04000000000000001,11.160000000000002,6.039999999999999,2.3600000000000003,15.160000000000002,4
301,Kobe Bufkin,Atlanta Hawks,G,27,81,11,31,158.4,1,2,50.0,4,14,115.0,1,10,11,14,6,3,4,1,21,52,38,41,25,72.63265306122449,3.9795918367346945,14.959183673469388,2.836734693877551,134.6326530612245,95.83673469387756,113.83673469387753,16.53061224489796,5
302,Kris Dunn,Utah Jazz,G,54,210,22,43,443.3,3,4,150.0,7,19,358.4,7,18,25,26,23,12,13,2,-48,105,79,80,51,130.0,20.551020408163264,24.498866213151928,6.5192743764172345,255.59410430839003,183.40816326530611,193.0702947845805,54.16553287981859,10
303,Kris Murray,Portland Trail Blazers,F,80,294,30,72,459.0,11,14,491.7,9,37,290.0,13,34,47,23,19,8,14,5,23,150,127,103,70,282.90000000000003,59.125,30.600000000000005,5.525,559.625,404.725,364.5,163.02500000000003,10
304,Kristaps Porzingis,Boston Celtics,C,236,301,79,154,525.0,53,57,827.8,25,55,502.2,15,60,75,18,23,5,14,16,102,329,311,254,93,346.5,110.55102040816327,13.63265306122449,6.704081632653061,566.3367346938776,585.4795918367346,337.2755102040816,114.26530612244898,10
305,Kyle Anderson,Minnesota Timberwolves,SF,72,253,29,60,458.9,13,16,350.0,1,6,50.0,6,34,40,48,17,6,13,3,69,160,112,120,88,133.82500000000002,50.025,29.199999999999996,0.9249999999999999,282.4,232.0,208.625,54.825,10
306,Kyle Kuzma,Washington Wizards,SF,261,355,97,191,525.0,47,58,876.7,20,60,303.3,5,68,73,45,17,8,28,10,-87,379,334,306,118,184.90082644628097,64.00413223140495,58.54958677685951,24.18595041322314,339.4132231404961,309.42561983471074,230.33471074380162,107.10743801652893,10
307,Kyle Lowry,Philadelphia 76ers,PG,82,284,27,63,416.6,14,15,475.0,14,38,325.4,5,24,29,50,19,10,15,1,-61,161,111,132,79,199.6,16.900000000000002,68.0,14.4,436.90000000000003,276.9,307.59999999999997,136.9,10
308,Kyrie Irving,Dallas Mavericks,PG,246,351,94,191,493.2,29,29,700.0,29,72,392.7,7,38,45,47,17,10,21,5,-40,338,291,293,92,368.2716049382716,41.0,113.0,19.141975308641975,818.716049382716,429.0493827160494,713.9382716049383,198.0,10
309,LaMelo Ball,Charlotte Hornets,PG,32,55,12,37,66.1,5,6,150.0,3,17,34.7,1,5,6,15,10,3,7,0,-49,53,38,47,21,2.0,2.0,0.5,0.5,4.5,8.0,0.5,0.5,2
310,Lamar Stevens,Memphis Grizzlies,PF,111,215,46,97,495.5,13,18,333.3,6,15,425.0,12,32,44,7,18,7,12,7,-20,162,155,118,51,211.0,48.44444444444444,6.111111111111112,2.4444444444444446,334.9777777777778,267.17777777777775,274.44444444444446,58.91111111111111,10
311,Landry Shamet,Washington Wizards,SG,55,184,20,55,273.1,7,7,300.0,8,35,104.1,4,10,14,8,12,4,9,2,-68,77,69,63,22,330.90000000000003,22.5,5.700000000000001,15.624999999999998,463.7,413.80000000000007,373.0,35.99999999999999,10
312,Larry Nance Jr.,New Orleans Pelicans,PF,49,195,21,34,538.6,6,8,266.7,1,4,100.0,18,29,47,18,19,9,12,4,14,114,96,67,65,116.91836734693878,41.0,12.775510204081632,1.4444444444444444,212.0,201.06122448979593,131.0,50.632653061224495,10
313,Lauri Markkanen,Utah Jazz,PF,211,342,70,163,428.6,40,43,856.7,31,77,398.8,18,52,70,23,15,7,17,3,-46,304,281,234,93,324.9584775086505,112.03460207612457,50.128027681660896,23.539792387543255,784.7543252595156,573.083044982699,492.5674740484429,206.2249134948097,10
314,LeBron James,Los Angeles Lakers,SF,271,360,104,183,566.7,38,50,720.9,25,56,438.3,5,61,66,94,12,11,34,4,42,431,337,365,160,253.6111111111111,112.47530864197532,26.401234567901234,27.271604938271604,229.29012345679007,166.3827160493827,323.41975308641975,131.9753086419753,10
315,Leaky Black,Charlotte Hornets,F,27,151,8,25,232.1,7,10,275.0,4,10,150.0,5,21,26,13,12,2,3,2,-31,66,53,40,39,88.0,30.96,8.41,8.25,118.49000000000001,84.96000000000001,110.40999999999998,50.49,9
316,Leonard Miller,Minnesota Timberwolves,F,0,5,0,1,0.0,0,0,0.0,0,0,0.0,0,0,0,2,0,0,0,0,8,2,0,2,2,0.4444444444444444,1.0,1.7777777777777781,0.0,0.11111111111111122,2.777777777777778,0.44444444444444453,0.11111111111111106,1
317,Lester Quinones,Golden State Warriors,G,58,162,20,53,357.0,9,13,325.0,9,31,250.0,8,18,26,11,17,2,5,0,-34,95,84,69,37,186.8801652892562,18.41322314049587,14.913223140495866,10.929752066115704,243.0,275.27685950413223,171.77685950413223,16.15289256198347,10
318,Lindy Waters III,Oklahoma City Thunder,F,29,66,10,21,323.3,0,0,0.0,9,19,283.3,1,14,15,4,6,1,3,2,-33,48,44,33,19,80.44970414201184,23.70414201183432,3.958579881656805,9.893491124260354,189.60355029585796,158.34319526627218,98.26627218934912,41.10650887573965,7
319,Lonnie Walker IV,Brooklyn Nets,G,101,188,36,101,323.1,6,7,350.0,23,59,341.1,0,25,25,8,23,5,9,3,15,134,126,109,33,411.8,33.525,8.625000000000002,27.700000000000003,627.3000000000001,608.025,429.125,44.1,10
320,Luguentz Dort,Oklahoma City Thunder,G,114,291,40,88,477.1,7,7,400.0,27,56,501.1,6,26,32,14,29,11,5,3,45,160,146,128,46,225.18402777777777,35.60069444444444,12.444444444444445,20.944444444444446,298.5,252.94444444444446,278.35069444444446,40.43402777777777,10
321,Luka Doncic,Dallas Mavericks,PG,344,371,122,244,494.1,60,72,851.1,40,106,362.4,10,85,95,112,22,12,41,4,54,551,439,456,207,444.5826446280992,74.68595041322314,75.42561983471073,36.0,855.0,680.5165289256198,536.2314049586778,232.94628099173553,10
322,Luka Garza,Minnesota Timberwolves,C,17,15,5,10,100.0,5,6,150.0,2,4,133.3,3,1,4,1,4,0,1,0,7,22,21,18,5,43.61224489795917,4.612244897959183,0.7551020408163267,0.3673469387755103,83.46938775510203,71.44897959183673,52.0,9.0,2
323,Luka Samanic,Utah Jazz,F,42,107,13,39,288.8,12,14,450.0,4,19,178.3,5,19,24,5,9,1,5,4,-42,71,66,47,29,92.98469387755101,49.897959183673464,4.576530612244897,2.290816326530612,295.3673469387755,256.045918367347,118.08163265306123,68.69897959183673,9
324,Luke Kennard,Memphis Grizzlies,SG,127,268,40,81,496.70000000000005,18,20,571.4,29,61,477.90000000000003,2,23,25,32,9,7,18,0,-61,184,152,159,57,407.31111111111113,6.511111111111111,61.77777777777777,24.91111111111111,602.5777777777778,431.20000000000005,564.7777777777777,82.2,10
325,Luke Kornet,Boston Celtics,C,65,165,28,37,706.1,9,10,350.0,0,0,0.0,21,25,46,15,16,2,2,10,81,126,111,80,61,174.40625,58.90625,34.4140625,0.0,578.9765625,388.125,293.2890625,165.2890625,10
326,Malachi Flynn,Detroit Pistons,PG,36,83,13,39,232.5,4,6,200.0,6,18,241.7,0,10,10,11,5,3,6,0,-20,57,46,47,21,90.78125,7.5,13.0,4.625,202.15625,139.78125,143.65625,30.0,8
327,Malaki Branham,San Antonio Spurs,G,136,242,49,106,460.7,17,18,575.0,21,47,400.4,4,15,19,22,17,4,17,2,-57,177,155,158,41,607.425,9.0,29.7,29.925000000000004,801.125,650.725,743.625,52.9,10
328,Malcolm Brogdon,Portland Trail Blazers,PG,102,218,37,83,266.20000000000005,17,19,433.3,11,30,202.89999999999998,7,22,29,40,13,4,17,2,4,171,131,142,69,100.0,28.833333333333336,7.333333333333334,6.833333333333334,113.5,66.83333333333334,151.33333333333331,31.5,6
329,Malik Beasley,Milwaukee Bucks,SG,114,305,41,103,390.6,2,3,150.0,30,80,363.7,3,31,34,18,19,10,8,1,93,166,148,132,52,358.7712665406427,14.412098298676748,12.374291115311909,34.07561436672968,245.73534971644614,283.6446124763705,313.45557655954633,34.192816635160675,10
330,Malik Monk,Sacramento Kings,SG,181,280,70,159,417.7,19,25,680.0,22,62,340.5,6,35,41,60,24,9,17,1,15,282,222,241,101,875.1285444234404,23.313799621928165,31.14933837429111,17.724007561436675,1029.6786389413987,1016.7599243856333,860.648393194707,81.86200378071833,10
331,MarJon Beauchamp,Milwaukee Bucks,F,30,42,10,16,350.0,7,8,175.0,3,7,200.0,2,9,11,1,4,1,3,0,-17,42,41,31,12,58.991735537190095,10.140495867768596,0.8677685950413222,1.8099173553719008,103.32231404958677,93.38016528925618,65.92561983471074,14.016528925619834,6
332,Marcus Morris Sr.,Philadelphia 76ers,SF,40,98,16,38,166.7,4,4,200.0,4,13,103.3,0,14,14,3,5,2,6,1,-21,57,54,43,17,86.0,5.0,2.75,2.0,126.75,107.0,104.75,8.75,4
333,Marcus Sasser,Detroit Pistons,G,62,188,23,67,347.3,6,9,300.0,10,34,366.2,1,18,19,42,19,10,18,0,-39,123,81,104,61,259.7890625,13.3515625,72.65625,11.9140625,490.5,296.15625,452.3515625,87.7890625,10
334,Markelle Fultz,Orlando Magic,PG,70,187,30,67,401.1,9,12,333.3,1,7,50.0,15,20,35,22,11,7,13,3,-17,127,105,92,57,236.39999999999998,36.6,23.77777777777778,0.9111111111111112,263.31111111111113,209.4,261.3777777777778,89.3111111111111,10
335,Markieff Morris,Dallas Mavericks,PF,5,11,2,3,150.0,0,0,0.0,1,2,50.0,0,2,2,0,0,0,0,0,4,7,7,5,2,0.625,2.5,0.0,0.625,4.625,4.625,0.625,2.5,2
336,Marques Bolden,Charlotte Hornets,C,0,13,0,1,0.0,0,0,0.0,0,0,0.0,0,1,1,0,1,0,1,0,2,1,1,0,1,0.0,0.7551020408163267,0.0,0.0,0.7551020408163267,0.7551020408163267,0.0,0.7551020408163267,2
337,Marvin Bagley III,Washington Wizards,PF,119,262,53,102,492.7,10,14,383.3,3,8,250.0,40,46,86,16,13,7,8,11,-40,221,205,135,102,366.9111111111111,136.0,12.577777777777778,2.2000000000000006,625.0,593.0444444444445,373.0,174.44444444444446,10
338,Mason Jones,Sacramento Kings,G,1,13,0,3,0.0,1,2,50.0,0,2,0.0,1,3,4,4,0,0,0,0,10,9,5,5,8,0.0,0.0,0.0,0.0,0.0,0.0,0.0,0.0,1
339,Mason Plumlee,LA Clippers,C,57,131,20,32,603.3,17,22,416.7,0,0,0.0,12,38,50,13,21,3,12,5,-15,120,107,70,63,88.2,99.225,12.125,0.0,194.4,209.725,86.02499999999999,98.2,10
340,Matisse Thybulle,Portland Trail Blazers,SG,75,258,28,59,448.9,6,9,250.0,13,33,368.3,8,27,35,21,16,25,12,10,-40,131,110,96,56,261.0,28.069943289224952,21.431001890359166,10.25897920604915,490.27032136105856,359.41776937618147,382.34404536862,59.00945179584121,10
341,Matt Ryan,New Orleans Pelicans,F,26,54,9,21,200.0,0,0,0.0,8,17,194.4,1,8,9,2,5,0,2,0,-6,37,35,28,11,157.63265306122446,9.775510204081634,1.346938775510204,13.551020408163264,247.48979591836738,239.0,166.0,11.244897959183675,6
342,Matthew Hurt,Memphis Grizzlies,F,32,110,12,33,215.9,3,3,200.0,5,19,233.4,9,7,16,4,8,3,2,3,-7,52,48,36,20,105.05785123966943,20.264462809917354,4.016528925619834,3.900826446280991,204.7933884297521,164.3801652892562,139.3388429752066,30.413223140495862,7
343,Max Christie,Los Angeles Lakers,G,41,124,14,29,632.8,7,9,400.0,6,15,286.7,3,13,16,11,2,2,3,3,-42,68,57,52,27,51.86426592797785,10.5595567867036,29.565096952908586,4.404432132963989,188.42659279778394,92.00831024930747,136.83102493074793,51.57617728531856,10
344,Max Strus,Cleveland Cavaliers,SG,118,312,42,93,422.4,12,15,316.7,22,62,318.5,11,20,31,48,25,6,16,4,-32,197,149,166,79,284.77562326869804,32.988919667590025,26.775623268698062,31.81717451523546,400.2908587257617,331.86426592797784,377.1024930747922,35.86426592797784,10
345,Maxi Kleber,Dallas Mavericks,PF,18,194,4,21,149.89999999999998,7,10,350.0,3,16,150.0,2,30,32,10,17,2,1,5,12,60,50,28,42,99.07029478458047,50.12244897959184,6.267573696145125,4.233560090702947,226.17233560090702,184.8798185941043,138.1859410430839,58.56689342403628,10
346,Micah Potter,Utah Jazz,C,8,13,3,3,100.0,0,0,0.0,2,2,100.0,0,2,2,0,1,0,0,0,-5,10,10,8,2,0.0,0.0,0.0,0.0,0.0,0.0,0.0,0.0,1
347,Michael Porter Jr.,Denver Nuggets,SF,201,321,80,146,550.6,12,13,550.0,29,71,420.2,15,62,77,18,21,8,12,7,75,296,278,219,95,697.925,106.5,13.625,21.8,1368.5,1255.825,781.0,149.725,10
348,Mikal Bridges,Brooklyn Nets,SF,169,365,60,153,381.29999999999995,23,33,544.4,26,81,340.2,7,35,42,44,13,13,15,2,21,255,211,213,86,849.7145557655955,38.99810964083176,42.2117202268431,32.661625708884685,950.8185255198487,969.6049149338374,811.9111531190927,100.22684310018903,10
349,Mike Conley,Minnesota Timberwolves,PG,113,289,40,90,399.8,14,16,433.3,19,52,320.8,8,26,34,49,14,11,15,0,-42,196,147,162,83,475.125,32.425000000000004,45.925000000000004,28.924999999999997,309.425,320.20000000000005,440.1,102.60000000000001,10
350,Mike Muscala,Oklahoma City Thunder,C,26,127,9,35,234.2,1,2,50.0,7,25,250.0,5,15,20,6,8,2,1,2,24,52,46,32,26,92.6938775510204,12.204081632653061,6.5,10.13265306122449,175.31632653061226,157.3877551020408,104.33673469387755,24.98979591836735,10
351,Miles Bridges,Charlotte Hornets,SF,211,391,86,191,448.9,19,26,566.7,20,69,284.1,10,71,81,30,16,9,22,3,-82,322,292,241,111,481.89599999999996,92.904,32.4,20.704,976.4639999999999,822.144,618.536,142.984,10
352,Miles McBride,New York Knicks,PG,97,261,38,84,474.3,3,3,200.0,18,43,379.70000000000005,7,12,19,29,21,9,5,2,-6,145,116,126,48,258.41776937618147,13.317580340264652,105.8015122873346,19.81852551984877,540.0850661625708,333.86389413988655,452.98298676748584,130.77504725897919,10
353,Mo Bamba,Philadelphia 76ers,C,42,169,17,38,435.1,4,4,100.0,4,11,216.7,13,30,43,10,23,2,7,10,-31,95,85,52,53,85.825,41.0,14.100000000000001,4.5,134.525,135.725,79.225,60.5,10
354,Monte Morris,Minnesota Timberwolves,PG,53,154,20,52,431.1,5,7,275.0,8,21,341.6,3,12,15,30,4,6,2,1,20,98,68,83,45,93.0,18.92387543252595,42.18685121107266,3.8339100346020762,211.09342560553634,125.68858131487889,155.06920415224914,84.44636678200692,10
355,Moritz Wagner,Orlando Magic,C,114,181,42,65,626.0,27,32,603.1,3,11,233.3,17,37,54,12,18,6,12,1,28,180,168,126,66,349.3469387755102,59.77777777777777,6.0,2.111111111111111,543.7913832199546,581.8866213151928,319.9183673469388,57.11111111111111,10
356,Moses Brown,Portland Trail Blazers,C,13,28,6,10,233.3,1,3,33.3,0,0,0.0,4,5,9,2,4,0,2,1,7,24,22,15,11,18.0,12.320000000000002,2.880000000000001,0.0,25.519999999999996,27.92,13.680000000000001,17.119999999999997,3
357,Moses Moody,Golden State Warriors,SG,89,209,35,79,455.3,9,12,233.3,10,35,275.4,10,28,38,5,15,9,9,9,26,132,127,94,43,196.01730103806227,56.15916955017301,2.577854671280277,18.55363321799308,379.8062283737025,366.7854671280277,209.93079584775086,57.844290657439444,10
358,Mouhamadou Gueye,Toronto Raptors,F,2,6,1,3,33.3,0,0,0.0,0,0,0.0,2,1,3,0,1,0,0,2,4,5,5,2,3,1.0,0.25,0.0,0.0,2.25,2.25,1.0,0.25,1
359,Moussa Diabate,LA Clippers,F,2,7,1,1,100.0,0,2,0.0,0,0,0.0,1,3,4,0,0,1,0,1,1,6,6,2,4,0.0,0.0,0.0,0.0,0.0,0.0,0.0,0.0,1
360,Myles Turner,Indiana Pacers,C,172,270,62,120,516.7,35,45,611.7,13,39,293.0,17,60,77,10,28,4,18,24,12,259,249,182,87,416.5,83.32500000000002,14.900000000000002,14.125,450.12499999999994,406.125,505.6,53.125,10
361,Naji Marshall,New Orleans Pelicans,SF,67,217,26,52,366.1,4,5,250.0,11,27,361.6,5,36,41,24,8,10,12,4,47,132,108,91,65,349.03878116343486,46.62880886426593,12.759002770083102,13.565096952908588,406.7645429362881,402.77562326869804,320.25207756232686,92.1634349030471,10
362,Nassir Little,Phoenix Suns,SF,9,50,3,12,133.3,0,0,0.0,3,8,200.0,0,10,10,3,6,0,1,2,-8,22,19,12,13,12.469135802469136,7.0246913580246915,3.555555555555556,1.5555555555555558,24.358024691358025,23.98765432098765,12.765432098765434,10.654320987654321,5
363,Nate Hinton,Houston Rockets,G,12,22,4,7,110.0,2,3,66.7,2,3,66.7,1,5,6,3,4,1,1,2,10,21,18,15,9,48.05555555555556,6.722222222222221,1.3888888888888884,2.5,97.38888888888886,75.55555555555557,65.0,13.0,2
364,Nathan Mensah,Charlotte Hornets,C,4,59,2,5,66.7,0,0,0.0,0,0,0.0,4,6,10,1,13,2,1,4,-17,15,14,5,11,13.75,9.9375,0.859375,0.0,41.359375,44.4375,13.484375,7.984375,7
365,Naz Reid,Minnesota Timberwolves,C,158,288,56,117,472.5,23,30,579.2,23,54,372.0,15,52,67,19,25,6,15,16,18,244,225,177,86,949.4442344045368,54.107750472589785,11.064272211720228,57.59735349716447,938.6351606805291,863.1058601134215,1015.8015122873347,74.34404536862003,10
366,Neemias Queta,Boston Celtics,C,39,72,19,26,443.4,1,2,100.0,0,0,0.0,12,15,27,4,7,3,3,6,61,70,66,43,31,33.0,42.09375,1.34375,0.0,124.375,133.84375,29.09375,37.875,6
367,Nic Claxton,Brooklyn Nets,C,132,302,54,84,647.6,24,36,508.9,0,0,0.0,16,67,83,26,25,5,14,17,7,241,215,158,109,195.30056710775045,83.98298676748581,8.672967863894138,0.0,323.9073724007561,288.73156899810965,209.96975425330814,113.16257088846879,10
368,Nick Jr. Smith,Charlotte Hornets,G,56,175,18,63,306.1,8,9,187.5,12,35,291.6,3,10,13,17,18,4,5,0,0,86,69,73,30,192.8,11.444444444444443,16.644444444444446,13.777777777777779,224.0,198.5111111111111,200.7777777777778,45.6,10
369,Nick Richards,Charlotte Hornets,C,111,292,46,66,685.9,19,27,471.4,0,1,0.0,30,58,88,5,24,7,14,11,-54,204,199,116,93,303.2361111111111,123.61111111111111,5.350694444444445,0.0,526.9340277777777,505.56944444444446,316.40625,137.15625,10
370,Nickeil Alexander-Walker,Minnesota Timberwolves,SG,105,262,38,83,443.5,13,15,533.3,16,42,368.3,9,19,28,28,15,6,10,7,40,161,133,133,56,522.069943289225,45.965973534971646,31.648393194706994,26.491493383742913,595.0,559.7788279773157,526.3572778827977,108.54820415879017,10
371,Nicolas Batum,Philadelphia 76ers,PF,41,249,14,47,239.6,5,5,200.0,8,33,201.6,11,33,44,18,19,9,6,5,-33,103,85,59,62,119.48979591836734,82.62244897959184,18.122448979591837,5.602040816326531,324.98979591836735,259.60204081632656,137.12244897959184,148.5,10
372,Nikola Jokic,Denver Nuggets,C,267,365,107,177,626.2,44,48,901.4,9,27,177.0,27,109,136,106,25,20,28,10,147,509,403,373,242,473.325,138.0,139.62500000000003,15.3,979.0000000000001,603.125,686.6000000000001,440.225,10
373,Nikola Jovic,Miami Heat,F,82,214,29,59,475.6,9,13,325.0,15,36,435.8,2,42,44,23,17,7,10,4,24,149,126,105,67,355.2071005917159,48.55621301775148,18.91715976331361,17.224852071005916,659.5207100591716,556.2366863905326,428.5621301775148,97.40236686390531,10
374,Nikola Vucevic,Chicago Bulls,C,208,339,92,186,489.7,7,10,350.0,17,47,369.2,35,69,104,31,26,4,21,5,-99,343,312,239,135,381.77777777777777,64.40362811791383,17.48979591836735,4.600907029478457,619.4081632653061,527.9591836734694,477.9342403628118,77.18594104308391,10
375,Noah Clowney,Brooklyn Nets,F,8,41,3,6,50.0,0,0,0.0,0,2,0.0,3,4,7,5,2,2,1,0,-7,20,15,13,12,43.489795918367356,7.1224489795918355,2.63265306122449,0.061224489795918366,75.6938775510204,80.12244897959184,38.0,10.816326530612248,3
376,Norman Powell,LA Clippers,G,159,293,58,124,465.9,16,22,425.0,27,71,406.4,4,30,34,17,21,10,10,2,-5,210,193,176,51,404.3761814744801,20.911153119092628,17.66540642722117,26.591682419659733,453.77693761814754,495.33648393194704,358.6275992438563,42.76559546313799,10
377,O.G. Anunoby,New York Knicks,SF,81,161,32,62,250.2,9,14,243.3,8,24,138.3,3,18,21,10,10,15,10,2,101,112,102,91,31,164.8,38.800000000000004,6.0,5.2,93.2,93.2,174.8,34.800000000000004,5
378,Obi Toppin,Indiana Pacers,PF,87,185,34,60,536.1,9,12,400.0,10,27,316.7,8,30,38,10,14,5,8,6,56,135,125,97,48,278.1228733459357,41.60680529300567,20.680529300567105,8.0,519.0718336483932,462.5047258979206,326.5538752362949,70.4234404536862,10
379,Ochai Agbaji,Toronto Raptors,G,65,193,25,63,381.1,7,10,250.0,8,26,202.6,10,17,27,9,19,4,7,6,-38,101,92,74,36,276.09999999999997,62.125,4.924999999999999,13.825,497.0,491.625,287.625,60.90000000000001,10
380,Olivier Sarr,Oklahoma City Thunder,C,11,22,4,7,125.0,3,5,116.7,0,1,0.0,4,4,8,0,3,0,1,1,-14,19,19,11,8,34.92,6.920000000000002,0.0,0.0,59.68000000000001,59.68000000000001,34.92,6.920000000000002,3
381,OlivierMaxence Prosper,Dallas Mavericks,F,10,36,3,6,150.0,4,7,57.1,0,2,0.0,2,6,8,0,1,1,1,1,-14,18,18,10,8,25.76,12.0,0.0,0.0,72.16,72.16,25.76,12.0,4
382,Omer Yurtseven,Utah Jazz,C,19,47,9,14,183.3,1,3,50.0,0,1,0.0,9,8,17,3,5,1,2,3,-5,39,36,22,20,87.29752066115701,33.396694214876035,7.66115702479339,0.03305785123966942,237.3471074380165,175.9834710743802,135.91735537190084,53.80165289256199,4
383,Onuralp Bitim,Chicago Bulls,SF,48,132,18,40,320.3,3,4,150.0,9,24,273.4,5,12,17,6,10,1,4,1,-12,71,65,54,23,217.5555555555556,43.32098765432098,3.555555555555556,7.0,406.65432098765433,411.3950617283951,218.0,41.69135802469136,8
384,Onyeka Okongwu,Atlanta Hawks,PF,146,301,59,87,686.7,20,25,592.9,8,16,433.3,34,44,78,11,31,5,6,15,26,235,224,157,89,236.51239669421489,139.6528925619835,8.900826446280991,5.652892561983471,571.9586776859504,571.702479338843,240.35537190082647,144.96694214876032,10
385,Orlando Robinson,Miami Heat,C,5,41,1,6,33.3,3,4,75.0,0,1,0.0,5,9,14,2,4,1,3,0,2,21,19,7,16,6.84,15.240000000000002,1.3600000000000003,0.0,27.56,21.0,7.56,22.439999999999998,4
386,Oscar Tshiebwe,Indiana Pacers,C,3,5,1,3,33.3,1,2,50.0,0,0,0.0,2,0,2,0,1,0,0,1,8,5,5,3,2,0.25,0.0,0.0,0.0,0.25,0.25,0.25,0.0,1
387,Oshae Brissett,Boston Celtics,SF,36,134,12,27,332.9,10,20,405.0,2,9,133.3,11,28,39,15,11,4,4,1,25,90,75,51,54,114.7265625,77.6015625,21.0,1.65625,394.90625,267.65625,222.8515625,117.7265625,10
388,Ousmane Dieng,Oklahoma City Thunder,F,28,90,10,25,324.4,4,4,200.0,4,14,220.0,1,7,8,14,3,3,6,3,16,50,36,42,22,108.0,6.0,17.5,4.0,209.5,150.0,163.5,27.5,8
389,P.J. Tucker,LA Clippers,PF,7,56,3,10,33.3,0,0,0.0,1,6,16.7,5,6,11,2,3,0,2,1,-17,20,18,9,13,36.75,18.75,3.0,0.75,138.0,101.0,60.75,34.75,4
390,P.J. Washington,Dallas Mavericks,PF,125,324,46,105,448.8,15,21,400.0,18,62,280.9,12,41,53,11,16,12,8,11,33,189,178,136,64,308.90277777777777,40.15625,12.111111111111112,23.777777777777775,465.18402777777777,439.43402777777777,340.40277777777777,46.517361111111114,10
391,Paolo Banchero,Orlando Magic,PF,233,346,87,177,491.1,43,57,715.5,16,45,329.2,8,57,65,53,19,6,37,8,7,351,298,286,118,446.8781163434903,22.8393351800554,73.0,26.58725761772854,707.2160664819944,551.6897506925208,611.983379501385,86.26038781163436,10
392,Pascal Siakam,Indiana Pacers,PF,191,320,77,151,503.8,28,32,813.5,9,27,279.1,16,62,78,34,20,5,9,5,-44,303,269,225,112,280.36105860113423,115.64461247637051,34.38941398865784,9.431001890359168,526.8638941398866,381.97542533081287,362.648393194707,212.63516068052928,10
393,Pat Connaughton,Milwaukee Bucks,SG,79,245,26,58,457.3,13,15,525.0,14,41,379.6,6,23,29,19,9,7,5,4,-13,127,108,98,48,202.40625,27.61111111111111,23.61111111111111,10.944444444444445,311.5173611111111,292.35069444444446,218.35069444444446,54.44444444444444,10
394,Patrick Baldwin Jr.,Washington Wizards,F,19,78,7,27,176.7,2,3,150.0,3,16,83.3,4,20,24,3,6,3,3,1,4,46,43,22,27,45.28,33.43,1.8299999999999996,1.7200000000000002,50.879999999999995,51.67,41.75,38.0,7
395,Patrick Beverley,Milwaukee Bucks,PG,62,212,21,56,317.9,9,11,433.4,11,31,319.6,6,30,36,19,20,10,6,7,-54,117,98,81,55,185.08506616257088,82.21550094517958,34.62192816635161,9.0,528.2098298676749,422.60113421550096,289.461247637051,118.06994328922495,10
396,Patrick Williams,Chicago Bulls,PF,6,24,2,9,22.2,2,2,100.0,0,5,0.0,0,6,6,2,5,0,2,2,-11,14,12,8,8,0.0,0.0,0.0,0.0,0.0,0.0,0.0,0.0,1
397,Patty Mills,Atlanta Hawks,PG,15,69,6,19,70.5,0,0,0.0,3,12,50.0,3,6,9,5,1,4,3,0,-22,29,24,20,14,147.07407407407408,7.518518518518519,7.296296296296298,7.962962962962964,231.51851851851853,168.66666666666669,202.74074074074076,22.0,6
398,Patty Mills,Miami Heat,PG,20,30,8,14,114.30000000000001,0,0,0.0,4,8,100.0,0,4,4,0,3,0,1,0,22,24,24,20,4,92.69135802469135,0.617283950617284,0.617283950617284,4.987654320987655,92.69135802469135,106.88888888888891,79.72839506172839,0.0,2
399,Paul George,LA Clippers,F,211,355,73,147,503.6,33,42,557.1,32,74,428.7,3,49,52,40,29,11,24,7,45,303,263,251,92,287.80000000000007,15.200000000000001,64.9,30.625,411.70000000000005,298.20000000000005,390.8999999999999,90.5,10
400,Paul Reed,Philadelphia 76ers,SF,106,243,45,84,532.9,8,12,450.0,8,14,400.0,31,41,72,17,29,9,11,17,-20,195,178,123,89,318.27777777777777,77.40625,12.5,6.267361111111112,717.4340277777778,644.7673611111111,371.44444444444446,109.40625,10
401,Payton Pritchard,Boston Celtics,PG,75,196,30,65,402.6,2,2,100.0,13,38,257.2,6,26,32,22,12,5,10,0,43,129,107,97,54,322.0294784580499,52.0,63.832199546485256,15.117913832199546,848.7913832199546,504.124716553288,566.8866213151928,215.64172335600907,10
402,Peyton Watson,Denver Nuggets,F,69,183,27,58,460.6,10,17,280.0,5,21,308.3,6,26,32,8,13,5,11,15,-6,109,101,77,40,133.48979591836735,30.979591836734695,14.471655328798185,2.64172335600907,273.17233560090705,266.6734693877551,132.9954648526077,52.44444444444445,10
403,Precious Achiuwa,New York Knicks,PF,99,303,40,79,518.6,15,24,420.8,4,16,183.3,31,52,83,14,24,11,18,20,18,196,182,113,97,241.97542533081284,79.07939508506615,12.46124763705104,4.4120982986767485,393.9092627599244,311.61814744801507,291.0264650283554,124.7807183364839,10
404,Quentin Grimes,Detroit Pistons,SG,82,218,27,79,319.5,16,20,450.0,12,51,225.0,2,28,30,18,12,8,8,4,0,130,112,100,48,311.6,30.0,13.600000000000001,9.600000000000001,440.0,469.6,282.0,43.6,10
405,R. Rupert,Portland Trail Blazers,G,26,103,9,23,338.1,2,2,100.0,6,13,325.0,7,10,17,10,13,3,5,0,-13,53,43,36,27,132.5432098765432,23.320987654320984,9.506172839506172,7.555555555555556,223.0,236.7283950617284,123.20987654320987,28.432098765432098,8
406,RJ Barrett,Toronto Raptors,SG,208,328,85,152,559.5,20,43,406.1,18,37,425.0,9,42,51,46,22,5,28,4,-39,305,259,254,97,255.64444444444445,58.24444444444445,50.577777777777776,15.777777777777777,454.77777777777777,307.8,398.8,112.64444444444445,10
407,Reggie Bullock,Houston Rockets,SF,25,87,9,19,391.6,0,0,0.0,7,16,349.9,1,12,13,2,3,5,1,0,24,40,38,27,15,28.685950413223136,18.421487603305785,1.5371900826446279,3.3305785123966944,53.17355371900826,47.421487603305785,30.65289256198347,23.74380165289256,8
408,Reggie Jackson,Denver Nuggets,PG,56,170,24,72,307.3,0,0,0.0,8,36,225.8,1,9,10,22,15,2,8,1,27,88,66,78,32,128.81632653061223,9.804988662131517,24.75736961451247,3.600907029478458,238.17233560090708,158.30839002267572,206.11791383219955,37.12471655328798,10
409,Richaun Holmes,Washington Wizards,F,59,147,24,39,479.7,10,11,350.0,1,1,100.0,14,25,39,6,18,5,4,4,-8,104,98,65,45,276.90625,88.5,6.40625,0.9140625,617.625,601.40625,292.125,95.90625,10
410,Ricky IV Council,Philadelphia 76ers,G,71,131,24,56,394.0,22,31,592.5,1,13,25.0,7,20,27,5,7,0,3,1,-18,103,98,76,32,389.141975308642,90.94444444444446,4.623456790123457,1.0493827160493827,888.5,808.3456790123457,449.1111111111112,115.75308641975309,10
411,Robin Lopez,Milwaukee Bucks,C,6,23,3,9,37.5,0,0,0.0,0,2,0.0,1,0,1,1,3,1,0,2,-16,8,7,7,2,21.92,0.52,0.6800000000000002,0.0,24.48,29.0,18.28,0.32000000000000006,2
412,Royce O'Neale,Phoenix Suns,PF,92,318,32,90,299.8,5,6,250.0,23,66,295.8,9,55,64,38,22,11,8,6,36,194,156,130,102,431.124716553288,74.81632653061224,46.48979591836734,30.11111111111111,886.3083900226757,781.0430839002267,521.7777777777778,135.91836734693882,10
413,Rudy Gobert,Minnesota Timberwolves,C,130,361,53,82,648.8,24,35,555.0,0,1,0.0,44,102,146,14,37,7,16,26,30,290,276,144,160,296.21315192743765,109.11111111111111,12.53061224489796,0.0,441.26530612244903,483.1020408163265,243.04308390022678,132.9750566893424,10
414,Rui Hachimura,Los Angeles Lakers,PF,161,312,69,123,552.7,4,7,250.0,19,39,506.7,7,29,36,10,17,7,8,2,-25,207,197,171,46,426.6219281663516,42.0,10.07561436672968,11.158790170132326,368.51606805293,388.187145557656,412.2551984877127,46.77126654064272,10
415,Russell Westbrook,LA Clippers,PG,93,216,37,98,389.9,15,21,523.3,4,26,95.0,8,19,27,29,17,13,15,1,-10,149,120,122,56,193.55363321799308,25.844290657439448,33.636678200692046,4.7543252595155705,366.9792387543252,307.43252595155707,227.9515570934256,84.62975778546712,10
416,Ryan Arcidiacono,New York Knicks,G,0,5,0,1,0.0,0,0,0.0,0,1,0.0,0,0,0,0,1,1,0,0,3,0,0,0,0,0.0,0.0625,0.0,0.0,0.0625,0.0625,0.0,0.0625,1
417,Saben Lee,Phoenix Suns,G,35,98,9,28,194.29999999999998,15,20,416.7,2,9,83.3,3,15,18,17,6,4,2,0,11,70,53,52,35,190.68,24.479999999999997,5.720000000000001,1.5200000000000005,336.32,336.0,189.68,31.519999999999996,8
418,Saddiq Bey,Atlanta Hawks,SF,146,337,48,125,372.4,31,35,800.0,19,59,298.4,29,32,61,14,7,4,10,4,-23,221,207,160,75,398.90000000000003,67.125,9.625,14.9,439.4000000000001,478.32500000000005,362.225,74.5,10
419,Sam Hauser,Boston Celtics,SF,79,188,28,57,526.3,0,0,0.0,23,49,515.8,3,29,32,6,13,4,2,8,76,117,111,85,38,379.0,34.44444444444445,4.444444444444445,30.10204081632653,403.44444444444446,398.7777777777778,382.77777777777777,39.77777777777778,10
420,Sam Merrill,Cleveland Cavaliers,SG,74,210,24,76,291.6,3,3,200.0,23,73,265.8,3,19,22,23,12,3,2,1,12,119,96,97,45,387.5578512396694,18.5,70.42148760330579,48.747933884297524,625.0,446.5123966942149,572.5,82.46694214876032,10
421,Samardo Samuels,Houston Rockets,F,0,6,0,1,0.0,0,0,0.0,0,0,0.0,1,1,2,0,0,0,0,0,-5,2,2,0,2,1.44,1.9599999999999997,0.0,0.0,0.03999999999999998,0.03999999999999998,1.44,1.9599999999999997,1
422,Sandro Mamukelashvili,San Antonio Spurs,PF,20,47,10,16,296.7,0,1,0.0,0,2,0.0,8,3,11,5,5,2,0,0,21,36,31,25,16,66.60355029585799,15.011834319526628,7.3550295857988175,0.0,160.11834319526628,111.03550295857988,97.88757396449704,40.16568047337278,6
423,Santi Aldama,Memphis Grizzlies,PF,112,301,44,101,451.5,9,13,341.7,15,47,296.4,13,43,56,22,13,7,16,13,-91,190,168,134,78,214.4716553287982,18.408163265306122,44.56689342403628,23.775510204081634,355.45124716553283,232.6485260770975,348.077097505669,52.17233560090703,10
424,Sasha Vezenkov,Sacramento Kings,F,9,22,2,7,28.6,3,3,100.0,2,4,50.0,0,1,1,1,4,1,0,0,24,11,10,10,2,4.5,0.5,0.5,2.0,4.5,2.0,8.0,0.0,2
425,Scoot Henderson,Portland Trail Blazers,G,150,281,46,117,395.0,45,48,850.0,13,42,321.2,9,23,32,54,34,6,25,1,-59,236,182,204,86,482.4081632653062,80.0,59.34693877551021,10.173469387755102,679.5510204081634,632.1224489795917,471.26530612244903,197.91836734693877,10
426,Scottie Barnes,Toronto Raptors,SF,179,333,70,155,460.1,33,39,674.9,6,36,159.89999999999998,28,63,91,75,18,13,31,14,21,345,270,254,166,391.6640625,102.8515625,85.6640625,4.8515625,827.2890625,587.40625,576.65625,243.40625,10
427,Scotty Pippen Jr.,Memphis Grizzlies,G,90,203,31,65,366.4,15,22,340.4,13,25,455.0,8,22,30,45,23,10,17,5,-9,165,120,135,75,175.5,17.5,27.875,5.875,255.875,246.0,186.875,43.875,8
428,Seth Curry,Charlotte Hornets,SG,81,181,29,67,372.5,14,15,566.7,9,31,256.6,4,15,19,17,7,5,7,3,-33,117,100,98,36,233.0,12.900826446280993,16.140495867768593,4.900826446280991,334.3388429752066,276.08264462809916,269.8677685950413,50.429752066115704,10
429,Shai Gilgeous-Alexander,Oklahoma City Thunder,PG,311,345,111,211,523.8,72,84,866.1,17,45,422.7,8,55,63,53,27,18,23,11,76,427,374,364,116,298.90625,63.60069444444444,47.65625,24.111111111111107,445.8506944444445,353.6111111111111,416.625,85.77777777777779,10
430,Shake Milton,New York Knicks,SG,40,105,17,39,321.1,2,3,66.7,4,11,150.0,9,13,22,11,6,3,5,2,-16,73,62,51,33,109.48000000000002,70.72,17.27,7.920000000000001,423.83000000000004,324.52,167.02999999999997,129.75,7
431,Simone Fontecchio,Detroit Pistons,F,152,297,56,111,489.6,13,14,366.7,27,59,426.8,6,32,38,20,18,10,11,3,-2,210,190,172,58,454.48979591836735,37.51927437641723,22.090702947845806,25.444444444444446,584.0,480.281179138322,541.0430839002267,76.77551020408164,10
432,Skylar Mays,Los Angeles Lakers,SG,6,29,3,8,120.0,0,0,0.0,0,3,0.0,0,1,1,2,1,1,1,1,0,9,7,8,3,13.333333333333336,0.7037037037037037,2.814814814814815,0.0,8.25925925925926,13.148148148148149,9.925925925925926,2.037037037037037,3
433,Spencer Dinwiddie,Los Angeles Lakers,PG,38,232,12,41,280.0,6,9,216.7,8,26,266.7,1,11,12,24,15,2,7,3,17,74,50,62,36,155.98185941043084,5.927437641723356,45.043083900226755,5.709750566893424,338.9478458049886,171.98185941043084,311.10204081632645,62.81632653061224,10
434,Stanley Umude,Detroit Pistons,G,17,49,6,13,82.5,1,1,100.0,4,7,108.3,3,2,5,1,7,0,1,1,-15,23,22,18,6,110.0,0.6875,0.6875,4.6875,110.0,121.6875,99.6875,0.0,3
435,Stephen Curry,Golden State Warriors,PG,205,299,70,189,356.5,25,29,737.5,40,122,309.6,7,33,40,49,11,7,28,1,39,294,245,254,89,1165.5950413223138,109.4917355371901,73.0,89.3099173553719,1749.1115702479337,1668.2024793388427,1307.3223140495872,121.67355371900827,10
436,Svi Mykhailiuk,Boston Celtics,SG,22,47,8,20,167.5,0,0,0.0,6,16,113.3,2,5,7,6,1,2,1,0,34,35,29,28,13,29.5625,10.3125,6.0,3.5625,109.0,71.0,56.0625,27.8125,4
437,T.J. McConnell,Indiana Pacers,PG,125,194,59,97,582.4,2,3,150.0,5,6,300.0,7,22,29,51,9,13,11,2,48,205,154,176,80,342.09999999999997,45.125,48.925,6.725,541.4,439.025,431.625,106.9,10
438,T.J. Warren,Minnesota Timberwolves,SF,19,64,9,19,213.6,0,0,0.0,1,7,33.3,2,6,8,3,8,1,3,0,31,30,27,22,11,14.75,10.0,2.75,0.75,29.0,34.75,9.0,12.75,4
439,Taj Gibson,New York Knicks,F,2,68,0,9,0.0,2,2,100.0,0,2,0.0,4,6,10,4,8,1,3,0,2,16,12,6,14,3.2222222222222223,10.555555555555554,0.888888888888889,0.0,16.222222222222225,10.0,5.0,15.88888888888889,5
440,Talen Horton-Tucker,Utah Jazz,SG,71,146,21,62,341.2,20,25,555.6,9,27,364.9,8,18,26,23,13,5,4,4,-60,120,97,94,49,81.0,48.736111111111114,28.125,2.944444444444444,291.11111111111114,174.90277777777777,170.625,103.44444444444444,10
441,Taurean Prince,Los Angeles Lakers,PF,60,182,23,53,486.0,2,3,100.0,12,30,340.0,2,26,28,11,13,5,7,4,-3,99,88,71,39,155.3459357277883,34.99810964083176,11.158790170132326,15.965973534971644,296.6370510396975,282.0,158.37996219281663,57.75992438563327,10
442,Taylor Hendricks,Utah Jazz,F,70,220,28,58,514.6,3,3,200.0,11,33,406.7,16,46,62,7,28,5,8,6,-34,139,132,77,69,126.0,105.6,2.1,4.9,334.90000000000003,297.6,146.1,124.9,10
443,Taze Moore,Portland Trail Blazers,G,2,5,1,1,100.0,0,0,0.0,0,0,0.0,0,0,0,1,0,0,1,0,7,3,2,3,1,1.44,0.0,0.6400000000000001,0.0,4.0,1.44,4.0,0.6400000000000001,1
444,Terance Mann,LA Clippers,SG,109,270,43,71,624.6,13,13,700.0,10,26,278.5,10,23,33,12,20,5,5,2,-28,154,142,121,45,196.125,26.90277777777778,15.069444444444445,10.0,328.7361111111111,263.1111111111111,230.77777777777777,72.94444444444446,10
445,Terquavion Smith,Philadelphia 76ers,G,40,59,14,34,241.1,2,3,100.0,10,26,216.6,0,2,2,10,3,7,4,0,9,52,42,50,12,186.96296296296296,1.4074074074074074,17.185185185185183,17.185185185185183,177.40740740740742,184.66666666666663,179.62962962962965,18.666666666666668,6
446,Terry Rozier,Miami Heat,SG,170,318,67,145,467.6,18,20,641.7,18,51,336.9,6,37,43,60,17,8,15,2,12,273,213,230,103,207.37024221453285,30.391003460207614,48.55363321799308,20.685121107266436,446.3287197231834,294.3356401384084,364.1660899653979,74.14186851211072,10
447,Terry Taylor,Chicago Bulls,F,11,46,4,8,275.0,1,2,50.0,2,3,150.0,2,10,12,3,1,1,0,0,-17,26,23,14,15,11.16,24.24,3.0,1.3600000000000003,76.55999999999999,59.96,16.560000000000002,38.43999999999999,4
448,Thaddeus Young,Phoenix Suns,F,6,29,3,6,100.0,0,2,0.0,0,0,0.0,7,3,10,0,4,1,1,0,3,16,16,6,10,18.820000000000004,18.5,6.48,0.0,43.27999999999999,19.520000000000003,46.18000000000001,21.38,2
449,Thaddeus Young,Phoenix Suns,PF,53,152,26,34,569.9,1,5,50.0,0,2,0.0,15,20,35,18,15,3,4,2,-39,106,88,71,53,159.26999999999998,23.75,31.880000000000003,0.0,419.48,232.71999999999997,312.63,89.03,7
450,Thanasis Antetokounmpo,Milwaukee Bucks,SF,10,48,5,11,266.7,0,2,0.0,0,1,0.0,2,1,3,4,8,1,3,1,-18,17,13,14,7,13.322314049586776,1.8099173553719008,1.884297520661157,0.0,22.17355371900826,18.702479338842977,15.966942148760332,4.520661157024794,6
451,Theo Maledon,Phoenix Suns,PG,5,10,1,2,50.0,3,3,100.0,0,0,0.0,0,1,1,0,3,0,3,0,-11,6,6,5,1,14.0625,0.5625,0.0,0.0,20.25,20.25,14.0625,0.5625,1
452,Thomas Bryant,Miami Heat,C,9,36,4,8,108.3,1,2,50.0,0,4,0.0,3,3,6,3,4,0,0,3,-14,18,15,12,9,33.56,17.04,2.84,0.0,132.95999999999998,97.96000000000002,55.43999999999999,33.0,4
453,Tim Hardaway Jr.,Dallas Mavericks,SF,98,201,33,88,354.6,12,16,500.0,20,57,288.9,3,22,25,19,9,3,4,1,28,142,123,117,44,491.625,76.40625,17.01736111111111,31.736111111111107,933.6111111111111,850.65625,562.9340277777777,105.06944444444446,10
454,Tobias Harris,Philadelphia 76ers,PF,155,338,63,146,400.2,15,20,633.3,14,46,249.4,13,58,71,21,13,12,9,7,-39,247,226,176,92,756.0581717451523,119.86426592797784,29.0,25.268698060941826,1305.786703601108,1112.4709141274238,901.163434903047,197.07479224376732,10
455,Torrey Craig,Chicago Bulls,SF,53,193,18,44,331.6,3,6,150.0,14,37,312.1,8,29,37,11,13,4,7,6,-45,101,90,64,48,136.10000000000002,42.1,20.9,12.4,366.9,304.0,180.4,81.60000000000001,10
456,Tosan Evbuomwan,Detroit Pistons,F,17,90,7,18,314.3,0,0,0.0,3,9,183.3,8,8,16,6,6,1,1,1,-34,39,33,23,22,14.833333333333332,107.33333333333334,8.0,1.5,197.5,137.5,28.833333333333332,161.33333333333334,6
457,Toumani Camara,Portland Trail Blazers,F,84,282,30,66,426.2,15,18,500.0,9,21,308.3,28,31,59,21,21,8,12,3,18,164,143,105,80,291.27685950413223,79.0,19.49173553719008,11.061983471074381,634.2479338842975,556.7314049586777,353.4297520661157,113.85537190082646,10
458,Trae Young,Atlanta Hawks,PG,235,370,76,173,432.4,45,55,813.4,38,93,399.0,2,18,20,109,22,11,45,2,-38,364,255,344,129,758.2361111111111,12.069444444444445,83.0,45.06944444444444,786.5,622.5,926.4027777777778,90.90277777777777,10
459,Trayce JacksonDavis,Golden State Warriors,F,91,182,41,52,820.5,9,21,361.7,0,0,0.0,20,32,52,12,19,4,7,13,-1,155,143,103,64,131.4586776859504,95.37603305785125,22.202479338842974,0.0,490.0371900826447,387.0661157024793,182.90082644628094,169.1074380165289,10
460,Tre Jones,San Antonio Spurs,PG,96,289,35,61,568.6,13,15,483.3,13,25,392.1,7,36,43,71,13,10,16,1,32,210,139,167,114,463.6570247933885,37.380165289256205,72.9297520661157,23.0,586.7438016528926,519.3760330578513,493.0,148.33471074380165,10
461,Tre Mann,Charlotte Hornets,PG,118,305,44,95,456.6,15,20,615.0,15,36,355.0,4,45,49,36,21,18,14,0,-43,203,167,154,85,232.5,31.611111111111114,33.77777777777777,12.569444444444443,473.0,374.1111111111111,312.27777777777777,84.5,10
462,Trendon Watford,Brooklyn Nets,PF,78,139,27,56,579.9,19,20,550.0,5,13,300.0,10,23,33,3,19,0,9,5,-54,114,111,81,36,296.5,58.4765625,2.1015625,4.8515625,542.0,507.3515625,329.2265625,62.5,10
463,Trent Forrest,Atlanta Hawks,G,19,85,8,16,275.0,3,4,150.0,0,1,0.0,1,5,6,22,7,2,3,0,-14,47,25,41,28,61.29,8.04,30.41,0.0,117.16,94.25,99.36,23.29,9
464,Trevelin Queen,Orlando Magic,SG,0,13,0,3,0.0,0,0,0.0,0,2,0.0,0,1,1,1,1,0,0,0,-17,2,1,1,2,0.0,0.5555555555555556,0.5555555555555556,0.0,0.22222222222222227,0.5555555555555556,0.5555555555555556,0.22222222222222227,2
465,Trey Jemison,Memphis Grizzlies,C,77,219,34,55,521.0,9,12,450.0,0,0,0.0,22,25,47,9,33,5,14,10,-6,133,124,86,56,480.7777777777777,32.599999999999994,7.177777777777777,0.0,655.0,677.9111111111112,454.80000000000007,42.84444444444444,10
466,Trey Lyles,Sacramento Kings,PF,53,186,18,46,392.9,12,16,625.0,5,22,236.7,11,28,39,8,19,0,7,3,1,100,92,61,47,115.66213151927438,15.090702947845806,7.709750566893424,7.947845804988662,196.281179138322,142.0,154.63265306122446,38.11111111111111,10
467,Trey Murphy III,New Orleans Pelicans,SG,175,313,58,127,432.9,20,29,633.4,39,97,360.0,10,44,54,26,14,11,5,7,71,255,229,201,80,1040.2653061224491,68.49886621315193,37.42403628117914,86.1655328798186,1283.3083900226757,1308.5056689342405,1022.7777777777778,98.21315192743762,10
468,Troy Brown Jr.,Detroit Pistons,SF,30,95,11,30,232.9,2,2,100.0,6,18,206.6,2,16,18,8,6,1,3,0,-31,56,48,38,26,68.0,22.480000000000004,8.080000000000002,3.6799999999999997,185.52,143.68,105.27999999999999,35.120000000000005,8
469,TyTy Washington Jr.,Milwaukee Bucks,G,0,8,0,2,0.0,0,0,0.0,0,1,0.0,0,0,0,1,0,0,0,0,-4,1,0,1,1,0.0,0.0,0.44444444444444453,0.0,0.44444444444444453,0.0,0.44444444444444453,0.44444444444444453,1
470,Tyler Herro,Miami Heat,PG,183,325,71,166,433.4,10,13,333.4,31,80,406.0,3,46,49,50,11,0,13,1,35,282,232,233,99,148.11111111111111,40.94444444444444,28.069444444444443,12.944444444444445,309.7361111111111,207.61111111111111,206.125,113.125,10
471,Tyrese Haliburton,Indiana Pacers,PG,160,331,62,142,405.4,19,22,441.7,17,70,222.8,4,33,37,98,5,12,25,5,5,295,197,258,135,482.9972299168975,41.199445983379505,103.18559556786704,17.343490304709142,1071.9529085872575,580.2908587257617,972.9030470914128,146.14127423822714,10
472,Tyrese Maxey,Philadelphia 76ers,PG,271,378,98,214,460.2,44,48,883.3,31,78,391.4,7,36,43,54,21,9,23,2,-63,368,314,325,97,300.15625,31.90625,30.5390625,17.0,475.6015625,435.625,322.6015625,79.9765625,10
473,Tyus Jones,Washington Wizards,PG,91,313,36,84,402.0,4,4,300.0,15,43,360.8,3,22,25,97,4,9,13,2,-70,213,116,188,122,345.90277777777777,42.56944444444444,160.10069444444446,20.65625,790.4340277777778,550.4444444444445,550.90625,237.65625,10
474,Udoka Azubuike,Phoenix Suns,C,2,11,1,3,33.3,0,2,0.0,0,0,0.0,2,4,6,0,1,0,0,0,-3,8,8,2,6,1.7777777777777781,13.444444444444443,0.0,0.0,25.0,25.0,1.7777777777777781,13.444444444444443,1
475,Vasilije Micic,Charlotte Hornets,G,123,275,47,96,478.79999999999995,17,18,666.7,12,37,288.3,5,18,23,62,12,11,25,0,-62,208,146,185,85,608.8790170132324,42.77693761814745,65.68998109640832,24.998109640831757,987.0623818525519,746.3024574669187,826.1720226843099,131.93383742911155,10
476,Victor Wembanyama,San Antonio Spurs,C,220,306,78,169,460.2,40,52,714.1,24,62,397.7,22,93,115,49,21,19,30,44,19,384,335,269,164,445.83219954648524,30.632653061224485,35.12244897959184,13.328798185941043,644.4444444444445,516.424036281179,574.7913832199546,64.81632653061223,10
477,Vince Williams Jr.,Memphis Grizzlies,G,127,336,42,92,459.70000000000005,30,38,723.3,13,34,328.8,8,54,62,61,30,12,34,9,-54,250,189,188,123,231.93628808864267,72.8808864265928,35.61495844875347,18.00831024930748,492.2326869806094,474.07479224376726,226.76454293628805,131.82548476454295,10
478,Vit Krejci,Atlanta Hawks,G,13,75,4,12,103.3,1,2,50.0,4,10,125.0,2,3,5,10,3,4,2,2,-7,28,18,23,15,19.680000000000003,2.0,10.0,1.52,46.480000000000004,31.280000000000005,32.88000000000001,14.0,3
479,Walker Kessler,Utah Jazz,C,75,236,33,57,647.6,9,11,450.0,0,3,0.0,31,48,79,12,18,7,10,23,-81,166,154,87,91,175.54671280276818,79.9757785467128,5.799307958477509,0.0,368.74048442906576,359.07958477508646,178.4325259515571,92.55017301038063,10
480,Wendell Carter Jr.,Orlando Magic,C,117,260,43,79,564.9,19,27,465.0,12,30,340.1,30,51,81,16,20,5,13,8,0,214,198,133,97,164.325,117.925,4.4,9.625,385.3,346.5,186.325,139.125,10
481,Wendell Moore Jr.,Minnesota Timberwolves,G,2,5,1,1,100.0,0,0,0.0,0,0,0.0,0,2,2,0,1,0,0,0,8,4,4,2,2,1.7777777777777781,2.25,0.027777777777777776,0.0,7.1111111111111125,8.027777777777777,1.3611111111111107,1.7777777777777781,1
482,Wenyen Gabriel,Memphis Grizzlies,F,15,67,7,18,143.3,0,5,0.0,1,5,50.0,6,15,21,3,8,2,8,2,-4,39,36,18,24,32.75,2.75,2.75,0.75,22.75,38.0,21.0,2.0,4
483,Wesley Matthews,Atlanta Hawks,SG,17,52,6,16,247.6,0,1,0.0,5,11,265.0,0,7,7,1,3,1,0,3,-12,25,24,18,8,22.805555555555554,17.47222222222222,0.888888888888889,2.1388888888888884,60.22222222222222,62.0,22.13888888888889,17.25,5
484,Xavier Tillman,Boston Celtics,F,46,158,18,34,451.1,7,12,250.0,3,7,250.0,11,21,32,9,13,8,1,8,3,87,78,55,41,44.88888888888889,31.580246913580247,7.0,1.888888888888889,126.65432098765432,99.4320987654321,69.22222222222223,41.46913580246914,8
485,Yuta Watanabe,Memphis Grizzlies,SF,22,97,10,24,250.0,0,2,0.0,2,12,64.3,0,11,11,5,6,5,4,0,-36,38,33,27,16,115.08000000000001,11.27,3.75,1.4800000000000004,136.28,131.43,116.23000000000002,18.72,7
486,Zach Collins,San Antonio Spurs,PF,114,187,46,89,528.3,12,22,361.7,10,16,583.4,17,29,46,22,26,4,20,10,-47,182,160,136,68,298.8,84.8,25.7,8.025,656.5,527.6,386.5,151.70000000000002,10
487,Zeke Nnaji,Denver Nuggets,PF,30,110,10,25,338.3,10,12,400.0,0,3,0.0,10,11,21,5,10,3,2,12,-18,56,51,35,26,72.71111111111111,8.911111111111111,4.6,0.0,134.0,109.8,91.84444444444443,18.577777777777776,10
488,Ziaire Williams,Memphis Grizzlies,F,103,270,39,94,389.0,13,16,421.4,12,46,213.7,6,38,44,20,15,12,15,0,-39,167,147,123,64,552.1,32.4,24.0,17.599999999999998,788.1,632.1,714.1,50.4,10
489,Zion Williamson,New Orleans Pelicans,PF,220,318,87,159,551.6,45,59,733.6,1,3,50.0,18,48,66,63,19,7,26,12,31,349,286,283,129,424.97506925207756,93.85041551246537,82.71191135734072,0.922437673130194,489.16620498614964,600.4709141274238,337.0,153.23268698060943,10
