,First Last Name,team,position,points,minutes,fgm,fga,fgp,ftm,fta,ftp,tpm,tpa,tpp,offReb,defReb,totReb,assists,pFouls,steals,turnovers,blocks,plusMinus,Points_Rebounds_Assist,Points_Rebounds,Points_Assist,Rebounds_Assist,points_deviation,totReb_deviation,assists_deviation,tpm_deviation,Points_Rebounds_Assist_deviation,Points_Rebounds_deviation,Points_Assist_deviation,Rebounds_Assist_deviation,count
0,A. Flagler,Oklahoma City Thunder,F,3,15,1,7,25.0,0,0,0.0,1,6,33.3,0,0,0,4,0,0,0,0,0,7,3,7,4,6.12,0.0,2.7200000000000006,0.6800000000000002,17.0,6.12,17.0,2.7200000000000006,2
1,A.J. Green,Milwaukee Bucks,G,48,162,16,40,425.8,5,6,300.0,11,32,240.0,1,16,17,5,13,3,5,1,21,70,65,53,22,72.16186556927298,24.885383325712542,4.738149672306051,13.285322359396433,196.39018442310623,154.5186709343088,102.16841944825484,41.488492607834175,10
2,A.J. Lawson,Dallas Mavericks,G,40,98,17,45,378.5,4,8,200.0,2,16,100.0,4,16,20,8,6,1,3,1,-21,68,60,48,28,149.24222837796245,45.31055709449061,7.17205293936596,1.8719606032625422,331.92182209910743,271.79501385041556,181.71745152354572,80.13419513696522,10
3,AJ Griffin,Atlanta Hawks,F,7,29,3,9,66.6,0,0,0.0,1,4,100.0,0,4,4,1,0,0,1,1,-15,12,11,8,5,1.2469135802469125,8.617283950617283,0.5555555555555556,0.5555555555555556,8.024691358024691,4.506172839506172,0.3950617283950621,13.54320987654321,2
4,Aaron Gordon,Denver Nuggets,PF,143,353,54,94,568.3,31,41,627.9,4,20,200.0,29,47,76,52,18,7,13,5,63,271,219,195,128,506.58995076379244,150.41585658376468,39.81769978538064,4.489079661658882,779.5350334553717,882.2112107057189,408.08269157934603,186.06463830324452,10
5,Aaron Holiday,Houston Rockets,G,62,145,24,53,338.1,6,6,200.0,8,26,213.3,5,8,13,14,18,5,6,0,-8,89,75,76,27,374.5340234818836,24.10011362201742,7.480873627067288,7.747254134578967,606.365736649413,545.4547405630602,423.8076000504987,43.21840676682237,10
6,Aaron Nesmith,Indiana Pacers,SF,117,326,38,86,494.1,27,28,885.7,14,49,303.2,10,37,47,23,35,7,10,7,34,187,164,140,70,118.125,23.338151927437636,34.24744897959184,19.176020408163264,194.20209750566892,171.09410430839003,128.05102040816325,70.76757369614513,10
7,Aaron Wiggins,Oklahoma City Thunder,SG,100,190,40,71,621.1,11,13,616.7,9,20,403.3,7,24,31,21,12,14,8,2,54,152,131,121,52,488.8011478371772,22.748113508343078,17.119672653842066,7.0,673.425656286534,529.6153682644276,640.7606546923158,31.718567329152943,10
8,Adama Sanogo,Chicago Bulls,C,26,51,10,23,84.4,6,9,66.7,0,0,0.0,16,11,27,0,5,1,4,0,9,53,53,26,27,375.48582230623816,291.3213610586011,0.0,0.0,1324.9168241965976,1324.9168241965976,375.48582230623816,291.3213610586011,3
9,Admiral Schofield,Orlando Magic,SF,8,18,3,6,116.7,0,0,0.0,2,4,150.0,0,4,4,1,1,1,0,0,-20,13,12,9,5,15.948870392390013,0.8763376932223544,0.6682520808561238,0.8097502972651605,22.0,19.15101070154578,17.428061831153386,2.914387633769322,3
10,Al Horford,Boston Celtics,C,93,242,38,67,575.0,2,4,100.0,15,38,443.3,12,46,58,18,8,5,6,6,80,169,151,111,76,130.36593204775025,29.61111111111111,10.446280991735536,6.299816345270892,158.98163452708903,128.07805325987144,155.87557392102846,45.45133149678604,10
11,Alec Burks,New York Knicks,SG,57,130,17,59,227.7,13,16,471.4,10,32,259.9,1,17,18,11,3,5,6,0,-2,86,75,68,29,289.8632088148347,18.807847352862133,13.03547433485622,8.526740123622682,476.8589088954582,432.7350174684225,332.3961300725611,33.43429185702768,10
12,Aleksej Pokusevski,Charlotte Hornets,F,84,194,27,62,478.9,19,27,475.0,11,28,356.6,6,42,48,12,8,4,8,6,9,144,132,96,60,110.53157753292125,40.54985219027143,9.67696855683956,5.434291857027682,191.7790916420317,220.88578339156143,95.43402311206665,36.217683418435904,10
13,Alex Caruso,Chicago Bulls,SG,88,311,31,69,468.5,3,4,150.0,23,47,474.4,7,33,40,53,21,17,17,6,-39,181,128,141,93,237.4768166089965,28.167474048442905,50.96539792387543,28.11695501730103,421.04844290657445,338.5467128027682,287.36401384083047,111.74740484429066,10
14,Alex Fudge,Dallas Mavericks,F,11,26,5,9,55.6,0,0,0.0,1,3,33.3,2,1,3,0,1,3,1,0,-19,14,14,11,3,60.5,0.5,0.0,0.5,72.0,72.0,60.5,0.5,2
15,Alex Len,Sacramento Kings,C,12,104,5,10,400.0,2,4,50.0,0,0,0.0,9,18,27,18,20,1,6,7,38,57,39,30,45,31.633136094674555,36.72225576621181,12.212051684579157,0.0,52.7555850742664,69.64533268928874,20.55524695085135,43.12244897959184,10
16,Alondes Williams,Miami Heat,G,0,6,0,1,0.0,0,0,0.0,0,1,0.0,0,1,1,0,0,0,1,0,-2,1,1,0,1,0.8975069252077561,0.8975069252077563,0.0,0.0,0.0,0.0,0.8975069252077561,0.8975069252077563,1
17,Alperen Sengun,Houston Rockets,C,209,324,81,157,512.7,43,68,622.9,4,12,200.0,39,68,107,45,36,16,26,7,2,361,316,254,152,847.1723356009071,197.81632653061226,123.77551020408163,4.408163265306122,1935.0226757369614,1622.4580498866212,993.7777777777778,487.5510204081633,10
18,Amari Bailey,Charlotte Hornets,G,18,39,6,15,123.3,5,5,200.0,1,5,50.0,4,3,7,5,2,3,3,0,6,30,25,23,12,81.21301775147928,18.633136094674555,10.325443786982248,0.7633136094674556,257.8520710059172,176.43786982248525,139.66863905325448,51.917159763313606,3
19,Amen Thompson,Houston Rockets,F,136,310,53,95,605.0,30,40,733.3,0,4,0.0,42,54,96,42,23,16,17,5,26,274,232,178,138,344.2716049382716,170.44938271604937,67.7,0.019753086419753086,1311.3,949.1999999999999,582.7716049382716,361.7493827160494,10
20,Amir Coffey,LA Clippers,SG,84,275,31,86,378.1,10,12,400.0,12,45,204.1,6,24,30,9,19,7,6,4,-45,123,114,93,39,359.4516551663901,33.61498820857717,6.971525897458294,13.65044982094506,610.1663900777361,564.7134247532535,402.5627565726264,42.92837802428159,10
21,Andre Drummond,Chicago Bulls,C,83,164,34,59,576.3,15,23,263.4,0,0,0.0,29,68,97,4,19,12,9,8,51,184,180,87,101,194.7871315192744,242.1045918367347,8.402777777777779,0.0,804.9719387755102,746.172335600907,241.19387755102042,262.90022675736964,10
22,Andre Jr. Jackson,Milwaukee Bucks,G,20,114,8,20,366.7,0,0,0.0,4,10,150.0,10,17,27,15,16,7,7,3,-1,62,47,35,42,47.233137166138526,31.306926210955183,44.43956541421457,4.609325486645542,288.0,140.82254413761882,146.7537347215935,123.40334993209596,10
23,Andrew Funk,Chicago Bulls,G,0,7,0,2,0.0,0,0,0.0,0,2,0.0,0,0,0,0,0,0,0,1,0,0,0,0,0,0.0,0.0,0.0,0.0,0.0,0.0,0.0,0.0,1
24,Andrew Nembhard,Indiana Pacers,PG,106,306,41,74,534.5,11,15,410.0,13,31,350.0,8,17,25,44,30,6,9,1,43,175,131,150,69,230.40004624812116,16.895710486761473,55.31367788183604,12.213319458896983,437.92519366400745,329.28720083246617,334.8905075731298,76.35691987513007,10
25,Andrew Wiggins,Golden State Warriors,SF,161,286,55,130,419.1,33,41,658.3,18,50,325.8,9,39,48,19,17,6,19,10,3,228,209,180,67,337.52318339100344,21.06020761245675,51.426297577854676,13.712110726643598,545.447750865052,373.76539792387547,472.30449826989616,109.38754325259517,10
26,Anfernee Simons,Portland Trail Blazers,SG,234,361,80,177,436.7,36,39,757.1,38,94,405.4,4,33,37,64,19,7,30,1,-38,335,271,298,101,935.5240670632775,28.301243915630067,125.20497566252028,19.635478637101134,1764.6960519199567,1205.978907517577,1461.0362358031368,186.71119524067063,10
27,Anthony Black,Orlando Magic,G,36,131,15,36,465.0,1,3,33.3,5,15,266.7,4,7,11,8,9,5,5,2,-11,55,47,44,19,54.02869897959184,5.038903061224489,5.971938775510203,4.528698979591837,79.60204081632654,50.81887755102041,81.95727040816327,11.865433673469386,10
28,Anthony Davis,Los Angeles Lakers,PF,251,373,98,165,585.1,53,66,719.6,2,13,116.7,36,99,135,35,33,11,22,19,15,421,386,286,170,850.6345679012346,200.67777777777778,28.47530864197531,2.5,1557.0345679012346,1397.941975308642,949.541975308642,289.33827160493826,10
29,Anthony Edwards,Minnesota Timberwolves,SG,270,361,90,187,453.4,63,71,866.4,27,72,307.4,12,47,59,55,23,15,32,4,18,384,329,325,114,1497.7635525928831,77.12351730222528,28.50024507401235,51.14822076267032,1964.107440447015,1800.475933731987,1680.4098617782572,86.60895990589157,10
30,Anthony Gill,Washington Wizards,PF,94,232,39,84,450.8,12,14,460.0,4,20,136.6,16,24,40,14,29,6,5,4,-58,148,134,108,54,262.0,85.34693877551022,15.216326530612246,2.4020408163265303,595.6897959183673,559.9183673469388,286.8734693877551,111.46122448979592,10
31,Ashton Hagans,Portland Trail Blazers,G,43,175,15,38,303.3,7,8,350.0,6,17,250.0,9,18,27,32,20,7,18,3,-6,102,70,75,59,118.125,20.2,17.7,6.425,182.225,173.225,127.725,37.3,10
32,Ausar Thompson,Detroit Pistons,F,103,314,42,87,508.0,11,25,325.0,8,29,195.3,15,44,59,21,26,17,14,11,-6,183,162,124,80,121.7,31.399999999999995,24.125,8.5,347.72499999999997,237.7,200.02499999999998,87.225,10
33,Austin Reaves,Los Angeles Lakers,SG,169,335,60,123,496.9,28,35,658.4,21,58,360.0,8,27,35,35,22,9,14,6,-31,239,204,204,70,191.15821978237426,67.57680619547104,66.59690226448389,9.0,436.2718360945005,233.8821684148613,313.53965297519846,214.18194294676988,10
34,Ayo Dosunmu,Chicago Bulls,SG,154,369,61,121,521.7,14,17,491.7,18,47,416.1,8,24,32,37,31,12,19,8,-47,223,186,191,69,199.81406249999992,19.756249999999998,23.5390625,15.200000000000001,328.9062500000001,243.87656250000006,273.7999999999999,54.339062500000004,10
35,Bam Adebayo,Miami Heat,C,167,342,71,129,570.4,20,30,583.4,5,18,233.3,21,59,80,30,23,6,16,6,10,277,247,197,110,346.5735626980534,201.7231779085559,39.93956541421458,4.555454956994115,957.6926210955183,802.0636034404707,441.3601177003169,302.50520597555453,10
36,Ben Sheppard,Indiana Pacers,G,60,191,20,56,406.6,5,5,300.0,15,43,386.8,6,17,23,12,14,8,9,0,44,95,83,72,35,101.54197530864198,13.790123456790123,7.601234567901235,9.112345679012344,101.59753086419752,111.45308641975308,96.97777777777779,16.1,10
37,Ben Simmons,Brooklyn Nets,PG,53,168,24,38,521.1,5,11,150.0,0,0,0.0,15,39,54,46,20,9,12,4,-5,153,107,99,100,134.88888888888889,64.0,78.88888888888889,0.0,382.0,162.8888888888889,300.0,196.88888888888889,9
38,Bennedict Mathurin,Indiana Pacers,SG,139,275,44,115,340.3,35,45,614.5,16,44,245.0,10,33,43,23,24,7,17,4,-18,205,182,162,66,753.4765625,123.6015625,38.125,30.4140625,1418.90625,1097.65625,970.9140625,265.5390625,10
39,Bilal Coulibaly,Washington Wizards,SG,90,289,30,76,451.5,19,27,633.3,11,39,238.3,9,30,39,18,22,12,8,7,-98,147,129,108,57,127.37777777777777,38.5,16.0,13.177777777777775,337.8777777777778,291.7444444444444,166.31111111111107,61.699999999999996,10
40,Bismack Biyombo,Oklahoma City Thunder,C,16,66,6,11,183.3,4,8,150.0,0,0,0.0,5,12,17,2,7,1,4,3,11,35,33,18,19,43.52777777777778,41.0,1.7152777777777775,0.0,167.9375,167.52777777777777,44.4375,42.21527777777778,7
41,Blake Wesley,San Antonio Spurs,G,54,186,19,43,403.3,12,18,516.7,4,14,191.7,3,23,26,34,16,3,17,0,-18,114,80,88,60,281.2136105860113,41.25992438563327,29.948015122873343,4.403827977315689,481.98487712665406,469.3468809073724,296.2807183364839,68.77882797731569,10
42,Boban Marjanovic,Houston Rockets,C,16,19,7,9,175.0,2,5,83.3,0,0,0.0,0,11,11,1,0,1,3,1,6,28,27,17,12,87.80718336483932,40.7882797731569,0.5765595463137996,0.0,265.9243856332704,244.00189035916827,101.78638941398869,49.30812854442344,2
43,Bobby Portis,Milwaukee Bucks,F,159,271,69,130,518.9,9,10,466.7,12,26,350.0,22,73,95,15,20,10,18,5,22,269,254,174,110,565.5097875885048,150.20095793419407,10.516659725114536,17.846938775510203,870.6434818825489,837.0447730112453,616.8248646397335,143.0012494793836,10
44,Bogdan Bogdanovic,Atlanta Hawks,SG,189,331,63,141,477.0,34,35,890.0,29,78,457.2,5,33,38,35,27,11,19,8,-43,262,227,224,73,542.4555785123966,75.6955061983471,42.9661673553719,14.918646694214877,1018.9297520661156,930.8814566115703,640.0818698347107,109.08367768595042,10
45,Bojan Bogdanovic,New York Knicks,SF,93,165,33,80,398.9,11,15,466.7,16,38,474.9,2,19,21,8,7,2,7,1,2,122,114,101,29,152.94444444444446,34.980251736111114,4.0,4.480251736111111,211.744140625,222.369140625,142.27777777777777,39.02191840277778,10
46,Bol Bol,Phoenix Suns,C,35,101,14,24,389.2,2,2,100.0,5,9,175.0,4,22,26,3,7,5,4,4,-23,64,61,38,29,212.90000000000003,25.053086419753086,2.1604938271604937,10.708641975308643,407.91111111111115,370.08641975308643,241.92716049382716,36.01111111111111,10
47,Bones Hyland,LA Clippers,PG,103,197,39,96,342.6,7,9,325.0,18,55,259.4,2,30,32,43,18,12,16,2,-39,178,135,146,75,1272.5713875323183,69.53231829933928,117.26659006032749,39.15943694340707,2434.6429187015224,1613.328641195059,2022.2143062338405,258.4702671646079,10
48,Bradley Beal,Phoenix Suns,SG,214,364,83,151,548.8,17,18,566.7,31,52,552.4,15,29,44,41,30,8,27,10,-15,299,258,255,85,940.625,52.6640625,47.166015625,61.03754340277778,1089.650390625,1108.9765625,912.634765625,108.494140625,10
49,Brandin Podziemski,Golden State Warriors,G,90,256,37,70,537.3,3,3,200.0,13,24,506.6,16,46,62,32,11,6,10,1,23,184,152,122,94,181.663726219577,58.85768944627485,29.892868530130727,8.529386757359974,291.16250398554575,173.85928366457648,298.9807630991604,88.73674141779148,10
50,Brandon Boston Jr.,LA Clippers,SG,90,194,36,87,459.0,11,19,441.7,7,29,155.5,10,22,32,7,21,9,17,4,-48,129,122,97,39,408.025,58.94444444444444,10.725,8.436111111111112,909.3444444444445,750.3361111111111,525.0,111.70277777777777,10
51,Brandon Clarke,Memphis Grizzlies,PF,68,134,33,59,329.5,1,7,50.0,1,6,100.0,13,19,32,9,8,5,3,6,-8,109,100,77,41,87.60640000000001,33.3344,9.5024,0.8335999999999999,105.19839999999999,89.6416,91.16,54.84,6
52,Brandon Ingram,New Orleans Pelicans,SF,152,319,60,141,432.9,25,28,733.4,7,25,290.0,4,44,48,34,20,6,24,11,-78,234,200,186,82,298.80330578512394,13.504132231404958,58.016528925619845,4.702479338842975,472.9487603305786,390.46611570247944,376.10247933884295,76.70413223140493,10
53,Brandon Miller,Charlotte Hornets,F,207,335,73,154,470.8,27,30,796.7,34,85,396.1,7,35,42,23,24,8,19,8,-74,272,249,230,65,579.0,28.320141003044384,18.16359557763179,42.66527800032046,769.8763018746996,753.3960903701329,578.2522031725686,63.71174491267425,10
54,Brandon Williams,Dallas Mavericks,G,33,72,12,38,146.4,8,10,183.3,1,10,16.7,2,6,8,7,3,0,5,0,-50,48,41,40,15,351.66666666666663,20.204081632653057,9.0,0.8367346938775512,621.4421768707482,515.6802721088435,437.33333333333326,49.29931972789115,6
55,Braxton Key,Denver Nuggets,F,2,6,1,1,100.0,0,1,0.0,0,0,0.0,1,1,2,0,1,0,0,0,2,4,4,2,2,0.6232686980609419,0.8975069252077563,0.06925207756232686,0.06925207756232686,2.171745152354571,3.0166204986149587,0.27700831024930755,0.4681440443213295,1
56,Brice Sensabaugh,Utah Jazz,F,116,237,38,96,383.5,20,21,583.3,20,53,339.7,7,33,40,23,20,7,17,4,-98,179,156,139,63,538.2486457920464,26.011890606420927,22.120095124851368,49.411547100013216,724.5597833267274,664.4119434535605,572.365570088519,74.1629013079667,10
57,Brook Lopez,Milwaukee Bucks,C,156,298,62,115,526.5,9,16,341.7,23,52,386.7,16,26,42,17,15,1,10,19,-57,215,198,173,59,334.72797783933515,45.64875346260388,18.102493074792243,32.222160664819945,402.91689750692524,423.29639889196676,331.2914127423823,46.80831024930748,10
58,Bruce Brown,Toronto Raptors,SF,102,254,42,75,563.7,10,19,483.3,8,17,375.0,7,23,30,27,20,7,17,0,-133,159,132,129,57,208.6089965397924,41.351643598615915,43.0,9.833910034602077,550.125,315.625,406.9031141868512,120.55752595155708,10
59,Bruno Fernando,Atlanta Hawks,PF,84,196,30,53,513.8,24,34,590.1,0,0,0.0,7,31,38,17,35,2,10,3,-96,139,122,101,55,165.90726643598617,43.82975778546714,14.57370242214533,0.0,243.4,248.75017301038062,170.57093425605535,48.38961937716264,10
60,Bryce McGowens,Charlotte Hornets,G,53,140,16,39,301.2,17,22,391.7,4,14,183.3,1,14,15,10,9,3,5,4,-39,78,68,63,25,267.4237211407877,8.52829334540516,17.018560434585783,4.4001810774105925,479.0194658216388,347.33906745133544,388.76459936622916,35.886373924852876,10
61,Buddy Boeheim,Detroit Pistons,F,25,69,7,21,133.3,5,7,160.0,6,19,126.19999999999999,2,6,8,3,5,0,0,1,12,36,33,28,11,110.28634039444852,10.690284879474069,7.5799853907962005,7.5573411249086915,245.34112490869248,175.53469685902115,170.18772826880937,28.17531044558072,5
62,Buddy Hield,Philadelphia 76ers,SG,78,183,26,76,302.0,10,11,450.0,16,49,269.9,9,16,25,16,14,6,11,1,21,119,103,94,41,405.236,46.861000000000004,49.104,27.360999999999997,881.125,695.4689999999999,572.9159999999999,113.941,10
63,CJ McCollum,New Orleans Pelicans,SG,200,359,78,174,444.8,9,10,275.0,35,84,387.8,7,35,42,50,23,12,29,7,-70,292,242,250,92,646.098866213152,13.80408163265306,32.01451247165533,79.1859410430839,827.061224489796,754.3383219954648,728.930612244898,35.709750566893426,10
64,Cade Cunningham,Detroit Pistons,PG,241,313,92,212,430.3,40,44,808.3,17,55,297.1,9,44,53,75,18,11,31,2,-38,369,294,316,128,702.373472159348,53.42462652784065,52.55545495699411,12.217745586238117,842.2865550022635,783.9945676776822,690.806699864192,175.83884110457223,10
65,Caleb Houstan,Orlando Magic,G,40,120,13,32,468.3,2,2,100.0,12,31,460.0,5,5,10,2,6,3,1,1,5,52,50,42,12,88.84898929845421,6.240784780023781,1.6004756242568372,8.149821640903685,103.1230677764566,99.65814506539833,90.33531510107015,9.819857312722949,10
66,Caleb Martin,Miami Heat,SF,89,308,33,84,404.8,6,8,300.0,17,42,449.9,12,26,38,22,19,9,7,6,-11,149,127,111,60,437.1346763241286,11.687641466727026,23.676097781801722,26.578768673607968,462.01584427342686,460.70914440923497,435.4780443639656,38.327071072883655,10
67,Cam Reddish,Los Angeles Lakers,SF,21,143,6,25,153.3,5,8,116.7,4,13,166.6,7,5,12,1,7,3,1,3,-37,34,33,22,13,75.05328798185941,17.91043083900227,0.9036281179138321,2.418367346938775,69.18934240362812,75.0,71.70975056689342,16.346938775510203,10
68,Cam Thomas,Brooklyn Nets,SG,280,364,93,211,436.1,64,71,921.4,30,77,364.2,4,31,35,34,23,5,20,4,-25,349,315,314,69,591.6071111111112,47.864,56.544000000000004,26.624000000000002,863.0337777777779,550.3617777777778,920.8871111111112,87.8,10
69,Cam Whitmore,Houston Rockets,F,129,222,46,111,405.4,17,24,488.3,20,56,339.9,11,26,37,15,15,7,10,6,7,181,166,144,52,250.29659763313606,30.59763313609467,37.835059171597635,12.059171597633135,568.4082840236687,393.57174556213016,387.76331360946745,105.80251479289942,10
70,Cameron Johnson,Brooklyn Nets,SF,108,244,35,86,416.4,19,22,650.0,19,52,360.6,6,30,36,16,14,8,9,2,-48,160,144,124,52,173.71267361111114,34.35069444444444,13.684027777777779,12.125,428.0460069444444,306.3515625,261.44184027777777,82.0,10
71,Cameron Payne,Philadelphia 76ers,PG,77,197,29,66,493.3,0,0,0.0,19,42,520.0,4,17,21,29,21,9,11,5,39,127,98,106,50,368.29418282548477,87.8,30.922437673130194,23.36565096952909,612.2465373961219,485.8836565096953,424.17285318559556,189.206648199446,10
72,Caris LeVert,Cleveland Cavaliers,SG,143,278,51,108,460.6,27,33,715.7,14,37,357.5,6,31,37,26,15,10,16,3,-18,206,180,169,63,458.1198308891531,50.22711058263971,94.37310080591888,8.58396089311666,832.6373365041618,668.916105165808,553.090368608799,213.35090500726645,10
73,Cason Wallace,Oklahoma City Thunder,G,45,192,18,43,396.7,0,0,0.0,9,24,350.0,8,12,20,17,13,16,3,4,68,82,65,62,37,186.48481353325644,17.315840061514802,10.11111111111111,7.6111111111111125,270.1693579392541,236.66608996539793,198.22991157247208,49.18512110726644,10
74,Cedi Osman,San Antonio Spurs,SF,70,175,27,53,472.5,1,2,50.0,15,32,373.7,2,23,25,12,17,3,5,2,-40,107,95,82,37,235.14724245577526,36.54162330905307,29.950052029136323,16.565036420395423,418.56711758584805,316.12591050988556,295.82986472424557,108.2502601456816,10
75,Charlie Brown Jr.,New York Knicks,G,3,27,1,5,20.0,0,0,0.0,1,3,33.3,1,1,2,0,4,0,0,1,-6,5,5,3,2,6.5,2.8888888888888893,0.0,0.7222222222222223,18.055555555555557,18.055555555555557,6.5,2.8888888888888893,2
76,Chet Holmgren,Oklahoma City Thunder,PF,155,274,55,109,499.4,30,41,754.7,15,47,304.3,17,69,86,18,23,7,18,23,109,259,241,173,104,315.4236831987697,18.40003844675125,19.655517108804307,8.577854671280276,399.4173394848135,357.8118031526336,348.6262975778547,46.45847750865052,10
77,Chimezie Metu,Detroit Pistons,PF,114,314,45,91,493.0,11,11,600.0,13,36,346.6,14,53,67,17,18,19,19,5,-53,198,181,131,84,323.1092643890428,63.13850415512465,12.113573407202217,19.27146814404432,576.9615266235764,522.7777777777778,363.99661434287475,88.54847645429363,10
78,Chris Boucher,Toronto Raptors,PF,69,120,25,35,573.3,15,18,500.0,4,12,216.7,13,27,40,5,11,1,9,5,7,114,109,74,45,142.20987654320987,47.580246913580254,5.913580246913581,4.0246913580246915,410.0,329.0246913580247,192.69135802469134,83.98765432098766,8
79,Chris Duarte,Sacramento Kings,SG,39,120,14,42,302.5,4,4,200.0,7,27,239.3,6,10,16,5,8,4,5,3,-35,60,55,44,21,171.20266466504034,20.868455620191405,6.5042221805216744,6.21711390504785,339.6888722086695,268.02420716832427,222.77838243572901,47.46162507036967,10
80,Chris Livingston,Milwaukee Bucks,F,6,20,3,5,100.0,0,0,0.0,0,2,0.0,1,5,6,1,7,0,2,0,-11,13,12,7,7,24.48,16.988799999999998,0.9232,0.0,78.86879999999998,80.7328,22.7152,17.8128,2
81,Chris Paul,Golden State Warriors,PG,89,257,37,87,416.09999999999997,2,2,100.0,13,38,349.9,0,31,31,54,20,14,17,3,34,174,120,143,85,85.90404993467847,34.976484250254025,69.24952823341559,4.122078676150385,320.5402816083611,126.02061257076497,236.36681666424738,148.2829147916969,10
82,Christian Braun,Denver Nuggets,G,73,194,28,59,413.0,9,14,333.3,8,25,258.3,14,20,34,17,15,5,4,4,40,124,107,90,51,293.9104190695886,72.87062668204537,34.63533256439831,11.652633602460591,795.9692425990003,556.0709342560554,484.31468665897734,157.0,10
83,Christian Wood,Los Angeles Lakers,F,59,133,22,51,477.0,11,14,450.0,4,19,225.0,6,28,34,6,12,5,5,2,-14,99,93,65,40,153.90277777777777,54.402777777777786,4.625,2.4444444444444446,305.125,285.0,156.7777777777778,76.27777777777777,10
84,Chuma Okeke,Orlando Magic,PF,5,46,1,8,50.0,3,3,200.0,0,6,0.0,0,5,5,3,2,2,3,0,-25,13,10,8,8,9.462716049382717,3.5199999999999996,2.0123456790123457,0.013827160493827161,13.924444444444443,9.951604938271606,13.391111111111112,5.576790123456791,7
85,Clint Capela,Atlanta Hawks,C,129,297,57,89,634.9,15,27,267.9,0,0,0.0,39,79,118,21,14,6,12,10,9,268,247,150,139,238.4039262343843,100.29892920880428,13.632956573468174,0.0,505.47798929208807,410.332242712671,292.3367043426532,155.1448542534206,10
86,Coby White,Chicago Bulls,PG,185,345,72,148,469.40000000000003,23,28,525.7,18,56,258.2,4,32,36,40,24,8,18,1,-4,261,221,225,76,964.510014420766,43.17288896010255,37.012978689312604,22.507610959782088,1573.760134593815,1317.3496234577792,1190.9221278641244,110.18426534209262,10
87,Cody Martin,Charlotte Hornets,SF,69,285,28,76,367.2,6,7,250.0,7,30,228.2,6,44,50,42,15,11,20,7,-28,161,119,111,92,111.0,28.18685121107267,64.68512110726644,2.6816608996539792,183.02076124567472,112.9515570934256,173.33217993079583,100.60899653979239,10
88,Cody Zeller,New Orleans Pelicans,C,9,40,4,7,300.0,1,2,50.0,0,0,0.0,5,11,16,5,6,2,3,0,15,30,25,14,21,4.760416666666666,10.708333333333332,5.208333333333333,0.0,28.760416666666675,21.59375,12.34375,15.5,6
89,Colby Jones,Sacramento Kings,G,17,63,7,23,199.89999999999998,2,4,100.0,1,9,16.7,6,9,15,10,13,3,3,3,28,42,32,27,25,29.502958579881653,15.704142011834321,12.412721893491126,0.8875739644970416,137.3239644970414,75.3491124260355,73.7381656804734,45.856508875739635,7
90,Cole Anthony,Orlando Magic,PG,62,162,23,69,285.1,12,13,650.0,4,22,108.3,2,18,20,15,13,5,11,2,1,97,82,77,35,532.8363724187899,57.3317232218331,27.202391015577835,17.042869218693394,983.2040816326531,754.5917159763313,730.4384736142979,115.54437869822483,10
91,Cole Swider,Miami Heat,F,19,44,6,16,104.7,2,2,100.0,5,13,116.7,0,5,5,1,1,0,4,0,-18,25,24,20,6,140.88109393579074,3.0047562425683716,0.8192627824019023,12.148632580261594,173.99405469678956,175.93579072532705,138.66111771700355,4.102259215219976,5
92,Colin Castleton,Los Angeles Lakers,C,0,12,0,2,0.0,0,0,0.0,0,0,0.0,0,1,1,0,3,1,2,0,-16,1,1,0,1,1.183431952662722,0.5950032873109796,0.0,0.0,1.1078238001314924,1.1078238001314924,1.183431952662722,0.5950032873109796,2
93,Collin Gillespie,Denver Nuggets,G,53,125,19,43,306.4,4,7,200.0,11,25,283.3,0,15,15,18,12,7,9,0,24,86,68,71,33,249.0,13.297606659729446,38.0,15.90738813735692,418.94276795005203,291.5234131113424,349.0,78.71696149843913,8
94,Collin Sexton,Utah Jazz,PG,208,319,78,161,480.5,41,49,859.9,11,39,239.89999999999998,11,19,30,60,20,8,27,4,-116,298,238,268,90,229.79733560090702,22.409580498866216,38.02267573696145,13.719104308390023,417.60204081632656,315.6383219954649,339.953798185941,52.23951247165533,10
95,Corey Kispert,Washington Wizards,SF,184,382,68,133,508.79999999999995,16,23,575.0,32,77,412.3,5,34,39,33,23,6,17,2,-68,256,223,217,72,411.81234567901237,35.93827160493827,76.2,40.864197530864196,585.2444444444444,613.4444444444443,395.21234567901246,100.53827160493827,10
96,Cory Joseph,Golden State Warriors,PG,27,71,10,16,316.7,0,0,0.0,7,11,316.7,2,9,11,6,6,0,1,0,9,44,38,33,17,31.2,10.8,2.8000000000000003,3.2,28.8,47.2,21.2,5.2,5
97,Craig Jr. Porter,Cleveland Cavaliers,G,62,138,26,50,425.3,5,6,300.0,5,12,175.0,6,19,25,24,5,3,8,3,-18,111,87,86,49,378.80400000000003,43.38399999999999,21.616,9.655999999999999,743.3,599.876,502.8039999999999,84.42399999999998,10
98,D'Angelo Russell,Los Angeles Lakers,PG,144,370,51,139,345.3,15,16,450.0,27,84,283.1,1,26,27,59,16,8,13,4,51,230,171,203,86,681.2487534626039,41.10304709141274,79.09085872576178,60.2,943.1135734072022,755.9274238227147,816.2,172.42880886426593,10
99,D.J. Carton,Toronto Raptors,G,8,31,2,7,83.3,3,4,150.0,1,4,50.0,2,1,3,3,1,1,1,0,-30,14,11,11,6,8.666666666666668,2.0,2.0,0.6666666666666667,8.666666666666666,2.6666666666666665,18.666666666666668,0.0,3
100,D.J. Wilson,Philadelphia 76ers,F,10,14,4,6,66.7,0,0,0.0,2,2,100.0,1,1,2,2,1,0,0,2,4,14,12,12,4,25.0,1.0,1.0,1.0,49.0,36.0,36.0,4.0,1
101,DaQuan Jeffries,New York Knicks,SG,0,7,0,2,0.0,0,0,0.0,0,2,0.0,0,0,0,3,0,0,1,0,7,3,0,3,3,0.39889196675900274,0.0,5.609418282548476,0.04432132963988919,3.0166204986149587,0.39889196675900274,3.0166204986149587,5.609418282548476,1
102,Daishen Nix,Minnesota Timberwolves,SG,5,12,2,5,66.7,0,0,0.0,1,3,50.0,0,1,1,3,1,2,1,0,13,9,6,8,4,13.509695290858724,0.5124653739612188,5.110803324099724,0.5346260387811634,4.1024930747922435,9.246537396121884,5.191135734072022,8.797783933518007,2
103,Dalano Banton,Portland Trail Blazers,G,215,354,80,199,402.7,33,40,757.2,22,87,268.6,7,52,59,54,11,13,30,7,-117,328,274,269,113,708.6311519740402,111.99161709031911,89.55543537047053,20.26636019469984,1506.0251487290427,1068.7455381287182,1146.8161168199028,200.6416982152515,10
104,Dalen Terry,Chicago Bulls,F,47,157,20,47,338.9,4,8,50.0,3,17,100.0,8,17,25,15,23,6,8,10,13,87,72,62,40,276.21984856679285,46.586533261222286,50.66360194699838,4.101946998377501,633.8718226068146,402.6122228231476,484.24148188209847,120.48810167658193,10
105,Damian Jones,Cleveland Cavaliers,C,53,115,22,35,544.6,8,10,450.0,1,7,50.0,10,17,27,4,11,4,6,3,-48,84,80,57,31,208.91836734693874,53.20408163265305,4.401499375260308,0.9033735943356935,351.2061640982924,356.2448979591836,195.27321949187836,66.21199500208247,10
106,Damian Lillard,Milwaukee Bucks,PG,260,384,75,189,394.9,78,87,764.9,32,92,330.5,5,38,43,59,25,9,31,3,-33,362,303,319,102,621.75625,20.325000000000003,61.15624999999999,33.625,791.625,711.65625,701.3000000000001,81.90625,10
107,Daniel Gafford,Dallas Mavericks,C,82,201,38,53,636.4,6,13,175.0,0,0,0.0,12,31,43,14,21,5,10,16,-22,139,125,96,57,520.9765290785061,232.38513122904382,24.932362122788764,0.0,1367.898138513123,1147.7233206150997,610.4333448953637,388.035495432998,10
108,Daniel Theis,LA Clippers,C,62,162,25,48,406.4,6,6,300.0,6,16,283.3,12,35,47,9,15,2,8,8,12,118,109,71,56,339.625,69.48291015625,7.556640625,6.5,722.79931640625,677.65478515625,371.275390625,90.53369140625,10
109,Danilo Gallinari,Milwaukee Bucks,PF,36,97,12,25,414.2,10,12,275.0,2,9,200.0,2,12,14,7,7,4,6,1,-45,57,50,43,21,114.41752298539751,14.455381287182263,6.288263926446728,1.7577068685776096,174.1043807463494,176.13520822065982,110.19091400757166,22.939426717144404,10
110,Dante Exum,Dallas Mavericks,G,36,195,14,43,236.3,3,4,150.0,5,19,250.0,5,27,32,23,13,2,11,1,49,91,68,59,55,277.1912818167962,58.689224203627504,38.69151044048163,8.085200426764212,570.2400548696845,424.64990092973636,420.07696997408937,100.08520042676422,10
111,Danuel House Jr.,Philadelphia 76ers,SF,42,143,14,30,276.3,13,15,466.7,1,11,33.3,6,11,17,7,16,7,3,3,-26,66,59,49,24,42.0,11.714285714285715,8.0,0.8571428571428572,41.714285714285715,51.714285714285715,40.0,11.714285714285715,7
112,Dario Saric,Golden State Warriors,PF,29,101,12,30,281.7,3,5,75.0,2,14,100.0,5,15,20,14,3,1,15,1,-26,63,49,43,34,128.86159169550172,32.13840830449827,10.754325259515571,2.1816608996539792,246.84775086505192,230.48096885813146,130.78546712802768,57.33564013840831,10
113,Darius Bazley,Utah Jazz,F,48,141,18,29,408.1,10,12,360.0,2,8,83.3,8,19,27,5,3,6,7,7,-32,80,75,53,32,77.5296,30.769599999999997,4.833600000000001,1.3504,199.3184,185.5984,82.2864,44.5664,6
114,Darius Garland,Cleveland Cavaliers,PG,157,334,59,137,422.5,13,17,376.7,26,61,427.0,3,28,31,63,18,14,30,3,-38,251,188,220,94,438.2493827160494,18.911111111111108,53.80864197530864,14.99753086419753,504.03086419753083,489.67901234567904,423.7049382716049,101.61604938271604,10
115,David Duke Jr.,San Antonio Spurs,G,23,48,9,17,200.0,3,3,200.0,2,5,66.7,2,8,10,4,4,2,3,0,7,37,33,27,14,94.99489795918366,26.096938775510207,10.693877551020407,2.6734693877551017,173.24489795918365,147.77551020408163,91.52551020408163,65.7295918367347,3
116,David Roddy,Phoenix Suns,F,61,130,25,53,522.0,6,10,241.7,5,20,143.3,4,15,19,11,5,1,10,0,-72,91,80,72,30,493.1487603305784,54.88429752066115,20.42809917355372,9.631404958677686,952.3388429752065,757.3586776859505,666.4462809917355,96.99504132231405,10
117,Davion Mitchell,Sacramento Kings,PG,93,235,35,88,397.3,6,9,250.0,17,45,402.1,7,20,27,29,12,1,7,0,74,149,120,122,56,173.469,40.989,24.296,15.236000000000002,350.824,257.61600000000004,233.00099999999995,98.961,10
118,Davis Bertans,Charlotte Hornets,SF,101,224,34,78,424.8,7,7,400.0,26,67,373.0,2,17,19,8,21,10,8,4,-38,128,120,109,27,149.64511009720292,17.466574092441974,13.606427296171395,20.914104344376117,227.13628248363423,236.4372148383257,150.62348740329298,20.79369172783178,10
119,Day'Ron Sharpe,Brooklyn Nets,C,49,129,22,47,507.3,5,7,166.7,0,3,0.0,30,32,62,10,19,1,14,7,-16,121,111,59,72,63.769319161160574,203.98276357368573,10.485492674518817,0.025854639471416266,424.04740017236423,360.0606147658719,95.90721057167481,246.31715024418273,10
120,De'Aaron Fox,Sacramento Kings,PG,281,383,106,233,465.9,31,42,693.6,38,103,379.9,6,44,50,53,25,22,23,3,57,384,331,334,103,512.1734693877551,34.10849645980842,39.31882548937942,48.669720949604326,624.9656393169514,621.7805081216161,488.1482715535194,100.63765097875887,10
121,De'Andre Hunter,Atlanta Hawks,SF,151,350,53,137,355.8,25,35,607.1,20,68,277.5,5,44,49,24,23,5,19,1,-65,224,200,175,73,424.78713151927434,171.77551020408163,18.622448979591834,18.11479591836735,932.3211451247165,892.2395124716553,444.23611111111114,211.03061224489798,10
122,De'Anthony Melton,Philadelphia 76ers,SG,31,71,10,34,130.5,4,4,200.0,7,23,145.0,1,9,10,10,6,6,1,1,1,51,41,41,20,179.2962962962963,5.62962962962963,5.62962962962963,10.851851851851851,285.6666666666667,226.85185185185185,226.85185185185185,22.51851851851852,6
123,DeAndre Jordan,Denver Nuggets,C,36,96,15,27,411.8,6,6,300.0,0,0,0.0,12,28,40,7,13,2,4,4,-33,83,76,43,47,172.41975308641975,89.60000000000001,10.111111111111112,0.0,502.3827160493827,440.3753086419753,210.1604938271605,123.97777777777777,10
124,DeJon Jarreau,Memphis Grizzlies,F,43,150,17,50,308.3,5,11,250.0,4,13,141.7,8,36,44,26,14,6,9,2,-24,113,87,69,70,98.3598615916955,111.6805074971165,54.768166089965405,4.376009227220299,497.42445213379466,248.86851211072664,221.79238754325257,291.5720876585928,9
125,DeMar DeRozan,Chicago Bulls,SF,279,392,105,200,523.8,57,71,811.6,12,30,300.0,2,40,42,59,19,11,30,5,14,380,321,338,101,374.1360946745562,31.901461176186448,62.920057964014006,18.701364569496437,402.05385822968253,396.10687115082726,391.24381113392093,83.66078975969086,10
126,Dean Wade,Cleveland Cavaliers,PF,46,178,15,35,260.2,5,7,216.7,11,31,233.4,4,27,31,7,8,3,1,9,-23,84,77,53,38,468.50000000000006,35.125,6.125,31.525000000000006,718.8,714.725,466.12499999999994,47.699999999999996,10
127,Deandre Ayton,Portland Trail Blazers,C,212,329,100,186,522.8,12,15,263.9,0,7,0.0,30,81,111,16,13,10,18,7,-110,339,323,228,127,695.6772268135904,167.16345270890724,6.415518824609735,0.03673094582185492,1495.6483011937557,1409.2768595041323,755.623507805326,200.00413223140498,10
128,Dejounte Murray,Atlanta Hawks,SG,232,381,91,215,424.1,22,30,666.7,28,85,332.4,12,49,61,78,26,12,33,2,-58,371,293,310,139,844.5324499729584,98.42644672796106,138.0746349378042,21.371822606814494,1390.96106003245,1117.6727961060033,1039.708220659816,314.61357490535426,10
129,Delon Wright,Miami Heat,SG,71,224,24,45,567.9,8,8,300.0,15,23,583.3,7,16,23,23,10,16,1,4,72,117,94,94,46,168.73240915773994,32.07960512497374,24.22453266120563,19.61331653014073,244.9189245956732,166.51417769376184,253.94412938458305,49.497164461247635,10
130,Deni Avdija,Washington Wizards,SF,182,360,62,127,470.2,46,58,825.9,12,41,288.2,8,77,85,45,22,7,28,9,-6,312,267,227,130,493.84693877551024,124.84489795918367,71.67551020408163,8.122448979591837,1223.6,973.2755102040817,680.4448979591837,260.2469387755102,10
131,Dennis Schroder,Brooklyn Nets,PG,158,333,57,139,411.8,25,26,787.5,19,54,394.5,12,40,52,64,22,5,17,5,25,274,210,222,116,565.4933378310002,38.601450497554396,61.52268510710069,34.90285039635689,853.900826446281,618.4483049418114,767.8080620678023,133.2619328723225,10
132,Dennis Smith Jr.,Brooklyn Nets,PG,58,167,21,46,487.1,8,11,383.3,8,22,348.3,5,13,18,28,22,16,11,0,3,104,76,86,46,78.47147022074135,17.85339441899209,40.0,4.21990837151187,181.54768846314036,139.3027905039567,112.87963348604748,65.69012911286964,10
133,Dereck II Lively,Dallas Mavericks,C,73,181,32,48,691.1,9,19,300.0,0,0,0.0,13,45,58,7,12,5,4,11,3,138,131,80,65,142.15142353237593,65.6533131771227,4.1030486268581505,0.0,270.38951877047117,227.9342403628118,165.83219954648524,88.53086419753086,10
134,Derrick Jones Jr.,Dallas Mavericks,SF,92,265,34,72,477.4,14,21,483.3,10,31,268.6,17,17,34,8,24,5,7,12,39,134,126,100,42,233.94541722014247,47.22883709696896,13.702209878034054,7.08682526264944,392.31228112546796,423.91160487863783,213.82151914020045,49.455621301775146,10
135,Derrick Rose,Memphis Grizzlies,PG,49,95,20,37,377.7,5,6,266.7,4,8,233.3,0,15,15,21,3,1,9,0,-9,85,64,70,36,70.0,14.857142857142858,12.0,3.7142857142857144,188.85714285714286,116.85714285714286,128.0,40.857142857142854,7
136,Derrick White,Boston Celtics,PG,155,331,56,115,461.0,12,12,600.0,31,77,378.1,8,25,33,42,19,6,11,8,15,230,188,197,75,828.1435354273193,70.1672753834916,60.58911614317019,38.900292184075965,1137.709276844412,1053.5883856829803,895.0262965668371,147.99452154857562,10
137,Desmond Bane,Memphis Grizzlies,SG,93,165,30,80,183.4,19,21,366.7,14,40,172.9,2,14,16,34,14,5,13,2,-54,143,109,127,50,267.2,8.8,114.79999999999998,4.8,701.1999999999999,362.8,587.2,142.0,5
138,Devin Booker,Phoenix Suns,SG,241,396,71,156,433.1,81,87,941.1,18,59,292.5,7,24,31,66,35,15,31,2,-12,338,272,307,97,1179.5043402777778,25.35004340277777,58.4765625,25.402777777777775,1222.197265625,1313.853515625,1074.9444444444443,96.73025173611113,10
139,Devin Vassell,San Antonio Spurs,SG,193,373,77,163,440.2,18,21,691.7,21,61,312.3,0,33,33,47,16,12,18,1,-43,273,226,240,80,806.4410104810535,25.71969900564364,52.6495565708143,24.90217683418436,1079.5020155872078,846.0,1027.3222252082774,90.99005643644182,10
140,Devonte' Graham,San Antonio Spurs,PG,79,210,27,77,363.0,7,8,350.0,18,60,327.9,3,17,20,30,10,6,14,1,-3,129,99,109,50,287.4330755502677,12.214158239143368,34.3807257584771,18.428316478286735,450.24449732302196,320.9238548483046,406.18262938726946,57.16597263533611,10
141,Dillon Brooks,Houston Rockets,SF,117,315,42,109,361.0,14,17,319.0,19,57,356.79999999999995,8,25,33,15,39,9,11,3,-48,165,150,132,48,681.6047578794831,28.20444390774061,19.166888056997948,23.043473010505977,933.4588817775631,746.8163265306123,851.7751479289941,63.84349716217848,10
142,Domantas Sabonis,Sacramento Kings,PF,181,357,70,132,526.7,39,55,747.5,2,11,66.7,41,98,139,72,33,14,33,6,33,392,320,253,211,199.684,120.26899999999999,33.444,3.625,538.641,364.081,317.256,210.701,10
143,Dominick Barlow,San Antonio Spurs,F,57,150,21,38,506.6,15,18,416.6,0,1,0.0,19,22,41,15,19,4,4,3,10,113,98,72,56,290.46020761245677,81.13667820069205,45.74567474048443,0.0,715.5397923875432,590.5,425.3581314878893,117.0242214532872,10
144,Donovan Mitchell,Cleveland Cavaliers,SG,205,346,71,172,397.5,40,46,745.7,23,77,287.59999999999997,6,29,35,56,21,22,28,6,-38,296,240,261,91,656.0173010380623,50.07650903498654,38.8319876970396,20.729334871203385,627.7685505574779,752.9242599000385,533.3475586312957,86.42252979623223,10
145,Donte DiVincenzo,New York Knicks,SG,145,346,52,120,418.0,12,13,450.0,29,74,354.4,6,31,37,29,14,11,14,4,-10,211,182,174,66,654.0174471992655,13.960310172431386,20.948576675849402,59.444444444444436,893.1803897561473,756.2397714518927,772.9568411386593,52.91011121314152,10
146,Dorian Finney-Smith,Brooklyn Nets,PF,59,287,23,61,357.5,7,10,350.0,6,35,181.6,12,34,46,16,15,11,9,5,-50,121,105,75,62,170.87530233808116,38.64767535608708,6.6374630475678575,5.748454716474066,204.79252889008333,170.7446922870196,212.60816984681537,37.60010749798441,10
147,Doug McDermott,Indiana Pacers,SF,39,111,14,34,279.1,0,0,0.0,11,29,315.4,0,3,3,6,12,3,2,0,-8,48,42,45,9,185.04958677685948,3.231404958677686,8.698347107438018,14.900367309458218,263.06198347107437,192.0,256.54958677685954,11.491735537190083,10
148,Draymond Green,Golden State Warriors,PF,85,306,34,60,494.9,7,11,325.0,10,22,271.4,13,57,70,67,34,21,29,7,30,222,155,152,137,360.89012345679015,71.87777777777778,89.97777777777777,24.653086419753087,573.841975308642,297.2716049382716,586.104938271605,213.2111111111111,10
149,Drew Eubanks,Phoenix Suns,PF,38,138,15,34,383.3,8,9,275.0,0,0,0.0,10,26,36,5,18,4,4,4,-26,79,74,43,41,99.625,78.5390625,5.074001736111112,0.0,148.17296006944446,142.7265625,88.85525173611111,99.82921006944444,10
150,Drew Peterson,Boston Celtics,F,8,20,3,5,75.0,0,0,0.0,2,4,66.7,0,1,1,0,0,2,1,0,6,9,9,8,1,35.55555555555556,0.5555555555555556,0.0,2.2222222222222223,27.222222222222218,27.222222222222218,35.55555555555556,0.5555555555555556,2
151,Duncan Robinson,Miami Heat,F,46,185,16,51,277.2,3,4,150.0,11,41,209.1,3,19,22,9,24,5,13,1,-72,77,68,55,31,339.3312266590061,14.179258833668488,17.757253662740588,20.703533467394426,552.86727951738,398.737719046251,489.60270037345595,35.79459925308818,10
152,Duop Reath,Portland Trail Blazers,C,77,168,30,80,359.6,8,10,275.0,9,37,251.7,11,29,40,9,14,5,3,5,-40,126,117,86,49,202.55600189035917,22.112712665406427,22.95463137996219,5.382088846880908,336.81758034026467,272.8742911153119,259.55127599243855,52.01535916824196,10
153,Dwight Powell,Dallas Mavericks,C,23,125,9,15,516.7,5,10,300.0,0,1,0.0,19,20,39,10,18,3,6,2,-64,72,62,33,49,41.357648507232994,113.24930747922437,13.628193290243152,0.0,340.44444444444446,243.55801785164664,76.18497999384425,188.93659587565404,10
154,Dylan Windler,Atlanta Hawks,G,28,67,10,18,163.8,0,0,0.0,8,16,142.1,3,7,10,3,3,2,2,0,-17,41,38,31,13,136.02615933412602,8.092746730083235,2.9072532699167657,13.467300832342453,201.36385255648037,182.92033293697978,146.07491082045183,19.394768133174793,4
155,Dylan Windler,Los Angeles Lakers,G,3,14,1,4,25.0,0,0,0.0,1,4,25.0,0,1,1,2,1,0,0,0,-7,6,4,5,3,14.702734839476815,3.011890606420927,0.4019024970273484,1.1474435196195003,19.181926278240194,24.83947681331748,11.05469678953627,1.4042806183115344,2
156,Dyson Daniels,New Orleans Pelicans,G,59,208,24,51,387.5,2,3,150.0,9,23,303.3,6,35,41,21,14,11,7,4,-38,121,100,80,62,232.45727040816325,59.67602040816327,49.244897959183675,15.074617346938776,519.6511479591836,333.65625,343.68686224489795,183.6862244897959,10
157,Emoni Bates,Cleveland Cavaliers,F,23,51,9,24,127.9,0,2,0.0,5,13,120.0,0,4,4,4,0,0,7,0,-22,31,27,27,8,33.94921875,5.48046875,5.0,3.76171875,62.6875,44.1875,44.07421875,18.85546875,3
158,Eric Gordon,Phoenix Suns,SG,68,246,22,63,323.8,10,12,350.0,14,42,295.8,1,8,9,12,8,14,8,4,0,89,77,80,21,237.025238497766,12.144306243207343,12.672382562492452,13.605844704745802,292.8654751841565,285.09612365656324,238.08428933703664,31.52698949402246,10
159,Eugene Omoruyi,Washington Wizards,F,63,142,24,53,407.7,8,16,291.7,7,18,230.0,9,11,20,9,16,6,6,4,-72,92,83,72,29,317.98890532544385,22.299556213017752,11.284763313609467,16.426775147928996,395.64275147928987,336.78402366863907,382.1686390532545,28.263313609467453,10
160,Evan Fournier,Detroit Pistons,SG,77,213,29,81,309.8,11,15,350.0,8,42,171.7,1,17,18,14,12,8,5,4,-57,109,95,91,32,435.24845679012344,13.61304012345679,19.187114197530864,9.946373456790123,561.9027777777778,558.0667438271605,429.6871141975309,42.19753086419753,10
161,Evan Mobley,Cleveland Cavaliers,PF,143,303,54,113,485.2,28,34,808.4,7,23,225.0,16,54,70,27,24,9,16,16,-18,240,213,170,97,173.4877551020409,100.1326530612245,26.802040816326528,6.346938775510203,506.5897959183675,399.661224489796,273.5999999999999,133.75102040816327,10
162,Frank Ntilikina,Charlotte Hornets,PG,5,39,1,8,50.0,2,2,100.0,1,7,50.0,1,4,5,3,4,0,0,0,0,13,10,8,8,19.0,7.0,6.84,0.7600000000000002,24.439999999999998,14.0,18.64,24.640000000000004,4
163,Franz Wagner,Orlando Magic,SF,213,324,76,149,514.7,47,56,857.5,14,43,340.0,12,49,61,33,24,7,13,7,73,307,274,246,94,334.1630134997823,91.50312091740454,38.100014515894905,7.554362026418929,682.1964000580634,670.592829147917,364.3957032951081,110.97401654812018,10
164,Fred VanVleet,Houston Rockets,PG,208,376,71,171,428.4,33,39,715.0,33,88,351.0,8,34,42,70,39,23,15,6,-13,320,250,278,112,1160.8407606328929,48.871824647989556,54.606474089127595,62.113949775003626,1447.6771664973146,1484.0150965307012,1159.1197561329657,68.86137320365802,10
165,Furkan Korkmaz,Philadelphia 76ers,SG,41,116,13,29,278.6,7,10,241.7,8,18,258.3,3,12,15,12,6,3,2,2,22,68,56,53,27,292.875,14.875,10.0,20.0,404.0,340.0,363.875,17.875,8
166,GG Jackson,Memphis Grizzlies,F,187,330,67,163,396.4,27,35,685.7,26,77,335.5,9,42,51,21,16,10,19,4,-64,259,238,208,72,1089.9496384297522,135.51368801652893,17.513688016528924,28.509297520661153,1397.3525309917356,1503.1373966942147,1013.1373966942149,124.05475206611571,10
167,Gabe Vincent,Los Angeles Lakers,PG,21,148,8,30,165.0,1,1,100.0,4,19,125.0,2,12,14,9,12,5,4,0,29,44,35,30,23,90.15570934256056,18.899653979238753,2.901384083044983,4.671280276816608,158.52076124567475,172.8062283737024,83.12283737024221,14.548442906574394,10
168,Garrett Temple,Toronto Raptors,SF,50,193,18,53,402.4,7,10,300.0,7,27,253.3,13,18,31,18,22,7,9,3,-92,99,81,68,49,140.73350694444446,31.7265625,33.625,8.2265625,238.94444444444443,214.90277777777777,136.08767361111111,94.0390625,10
169,Garrison Mathews,Atlanta Hawks,SG,78,192,26,58,466.09999999999997,6,8,266.7,20,49,455.0,3,11,14,6,16,4,3,1,-37,98,92,84,20,175.2,14.4,14.84567901234568,10.653086419753087,265.9567901234568,231.2,198.7567901234568,40.44567901234568,10
170,Gary Harris,Orlando Magic,SG,43,295,14,49,254.2,2,2,100.0,13,40,302.1,8,13,21,16,19,14,3,2,24,80,64,59,37,256.2162629757786,23.152249134948097,29.33564013840831,22.25994809688581,499.10899653979243,356.901384083045,378.6522491349481,72.25951557093425,10
171,Gary Payton II,Golden State Warriors,SG,67,174,30,45,679.0,3,5,200.0,4,11,216.7,6,17,23,14,22,9,6,7,46,104,90,81,37,149.61325687299714,44.781413391803,38.67633665036262,4.40006746500253,205.04773148928993,143.1037274413898,135.08939112835216,159.92561983471074,10
172,Gary Trent Jr.,Toronto Raptors,SG,200,317,75,175,428.6,26,29,633.3,24,75,319.1,6,30,36,28,17,15,8,0,-65,264,236,228,64,467.06198347107437,34.4485766758494,28.7089072543618,37.47107438016529,682.793388429752,607.2213039485766,529.4568411386593,76.33471074380166,10
173,Georges Niang,Cleveland Cavaliers,SF,57,190,21,59,318.4,4,6,125.0,11,36,261.3,1,18,19,7,22,5,8,3,-23,83,76,64,26,407.65086619194386,27.316505473482838,7.4093952598575825,24.455627590604742,578.3106600063769,523.145073865448,455.61930066957166,41.92305239664151,10
174,Giannis Antetokounmpo,Milwaukee Bucks,PF,282,365,114,193,601.8,53,86,543.3,1,11,50.0,40,95,135,72,29,9,37,16,18,489,417,354,207,457.31103515625,205.884765625,50.06494140625,1.42041015625,1149.837890625,1028.18212890625,528.7890625,306.12744140625,10
175,Goga Bitadze,Orlando Magic,C,32,109,13,27,496.7,6,8,350.0,0,3,0.0,12,16,28,10,11,4,11,9,-34,70,60,42,38,58.99625156184922,66.75468554768847,10.203248646397332,0.0,255.6326530612245,193.01374427321952,88.84798000832986,109.72511453561017,10
176,Gordon Hayward,Oklahoma City Thunder,SF,53,157,20,36,383.4,9,13,233.4,4,9,166.7,3,21,24,10,5,7,6,2,48,87,77,63,34,302.1029149315884,29.468173706127303,9.522903033908387,5.1329565734681735,316.1647828673409,303.0594883997621,297.7590719809637,56.44021415823915,10
177,Gradey Dick,Toronto Raptors,G,142,305,54,124,437.7,13,16,346.4,21,58,352.9,4,26,30,5,15,6,11,0,-105,177,172,147,35,301.2390625,50.6890625,9.80625,25.0,323.10625,382.0,259.3640625,43.4765625,10
178,Grant Williams,Charlotte Hornets,PF,151,318,57,103,554.7,19,27,691.7,18,40,540.3,13,41,54,49,36,6,15,4,-66,254,205,200,103,251.66481994459832,40.56959833795014,91.99722991689751,3.84106648199446,381.7108725761772,306.09452908587264,273.72299168975076,186.125,10
179,Grayson Allen,Phoenix Suns,SG,119,298,40,95,402.6,19,22,512.5,20,61,371.1,11,40,51,21,17,11,13,3,52,191,170,140,72,455.29583521955635,59.71140787686736,33.0,24.21118153010412,673.6165685830692,584.1910366681757,560.8277501131734,76.60502489814397,10
180,Gui Santos,Golden State Warriors,F,50,130,17,34,372.5,10,11,450.0,6,15,320.0,10,23,33,12,17,3,5,2,6,95,83,62,45,254.08284023668642,136.82117028270875,16.322156476002633,4.669296515450362,777.6416831032216,677.41288625904,299.7777777777778,207.67718606180142,10
181,Harrison Barnes,Sacramento Kings,SF,113,283,35,88,340.3,28,36,551.4,15,43,308.3,11,28,39,19,8,7,6,1,47,171,152,132,58,488.725,41.576,26.836,13.524000000000001,963.925,723.801,690.7610000000001,106.5,10
182,Harry III Giles,Brooklyn Nets,F,8,8,3,6,50.0,1,2,50.0,1,1,100.0,2,2,4,2,3,0,0,0,-12,14,12,10,6,53.29,11.334444444444445,3.61,0.8711111111111112,157.92111111111112,113.77777777777777,84.63999999999999,27.737777777777776,1
183,Harry III Giles,Los Angeles Lakers,F,2,10,1,4,100.0,0,0,0.0,0,2,0.0,0,1,1,0,0,1,0,0,-15,3,3,2,1,2.18,0.5355555555555556,0.020000000000000004,0.008888888888888889,4.5088888888888885,4.555555555555555,2.08,0.6088888888888888,2
184,Haywood Highsmith,Miami Heat,F,65,263,27,62,410.4,2,6,150.0,9,35,211.2,13,26,39,15,24,8,11,3,-8,119,104,80,54,160.94444444444446,74.9802517361111,27.125,14.962673611111112,305.462890625,252.119140625,197.73611111111111,118.65733506944444,10
185,Henri Drell,Chicago Bulls,F,9,23,3,7,42.9,1,2,50.0,2,4,50.0,0,2,2,1,5,2,1,1,7,12,11,10,3,49.0,1.3313609467455618,0.0059171597633136015,2.863905325443787,65.23668639053254,66.48520710059171,47.92899408284024,1.1597633136094674,1
186,Herbert Jones,New Orleans Pelicans,SF,110,339,36,86,428.1,19,22,650.0,19,50,379.2,10,30,40,27,33,13,21,3,-32,177,150,137,67,217.34202529163807,52.258602097833545,34.83060484266248,14.094010391138124,247.36368983432996,301.082638956965,142.1922360552887,108.52004705421037,10
187,Hunter Tyson,Denver Nuggets,F,0,7,0,3,0.0,0,0,0.0,0,3,0.0,0,1,1,0,1,0,2,0,-1,1,1,0,1,3.6337890625,0.765625,0.0244140625,0.1181640625,1.41015625,1.0634765625,4.25390625,0.5166015625,1
188,I. Thomas,Phoenix Suns,G,8,13,3,7,83.3,0,0,0.0,2,4,100.0,0,0,0,2,0,0,0,0,-4,10,8,10,2,17.520408163265305,0.0,0.5739795918367346,1.0204081632653061,24.06377551020408,17.520408163265305,24.06377551020408,0.5739795918367346,2
189,Ibou Badji,Portland Trail Blazers,C,12,51,5,7,300.0,2,4,100.0,0,0,0.0,2,4,6,4,10,1,6,3,-29,22,18,16,10,15.051652892561982,7.365702479338842,4.440082644628099,0.0,39.018595041322314,35.25619834710744,20.487603305785125,10.132231404958679,5
190,Immanuel Quickley,Toronto Raptors,SG,215,338,66,155,420.6,58,66,782.2,25,74,329.5,3,48,51,75,24,11,28,2,-66,341,266,290,126,606.3961068356723,76.92394748755093,77.20733363512902,14.691263014938885,1224.5165233137168,844.6853779990946,911.4875509280217,228.87098234495247,10
191,Isaac Okoro,Cleveland Cavaliers,SF,59,227,20,42,415.0,12,17,408.3,7,19,240.0,3,14,17,10,19,10,7,2,-19,86,76,69,27,228.5,20.214753123140984,35.86823319452707,13.19244497323022,445.65972635336107,327.4708506841166,330.70969660916114,72.06216537775134,10
192,Isaiah Hartenstein,New York Knicks,C,107,271,46,67,706.9,15,26,416.7,0,1,0.0,34,39,73,38,33,11,18,13,3,218,180,145,111,126.20439508506617,82.29300567107751,61.452741020793944,0.0,250.2469281663516,244.68927221172024,113.3367202268431,162.1710775047259,10
193,Isaiah Jackson,Indiana Pacers,SF,67,150,27,41,707.2,13,17,575.0,0,0,0.0,27,23,50,11,20,7,5,11,42,128,117,78,61,122.84852071005918,158.73136094674555,32.20710059171598,0.0,684.371597633136,499.36686390532543,206.9514792899409,291.84023668639054,10
194,Isaiah Joe,Oklahoma City Thunder,SG,61,164,23,51,419.6,2,2,100.0,13,36,353.3,5,18,23,13,10,7,6,2,63,97,84,74,36,153.31632653061223,10.130362349021242,14.951686797167847,10.661599333610994,235.05810079133695,196.98896293211163,189.50708038317367,26.96043315285298,10
195,Isaiah Mobley,Cleveland Cavaliers,F,16,48,7,15,120.8,0,1,0.0,2,7,58.3,2,5,7,2,2,1,1,0,-10,25,23,18,9,66.50692520775623,14.0,1.6121883656509695,1.1551246537396125,109.0,107.34903047091412,65.0,18.77008310249307,3
196,Isaiah Stewart,Detroit Pistons,C,106,319,40,71,587.7,10,12,516.7,16,38,409.0,10,48,58,12,11,4,10,10,-48,176,164,118,70,131.47520661157026,49.603305785123965,9.603305785123966,12.764462809917354,245.47520661157023,193.27685950413223,178.88016528925618,64.0,10
197,Ish Smith,Charlotte Hornets,PG,18,181,8,34,236.0,0,0,0.0,2,2,200.0,1,19,20,41,16,5,6,1,-90,79,38,59,61,54.36000000000001,24.0,78.09,1.5600000000000003,170.49,69.16000000000001,134.09,123.69,9
198,Ish Wainright,Phoenix Suns,F,3,11,1,6,16.7,0,0,0.0,1,4,25.0,3,2,5,1,1,1,1,0,-3,9,8,4,6,6.890625,19.140625,0.765625,0.765625,62.015625,49.0,12.25,27.5625,1
199,Ivica Zubac,LA Clippers,C,142,281,63,111,597.9,16,22,510.0,0,0,0.0,28,73,101,12,24,7,12,10,32,255,243,154,113,163.5244535684096,174.01775147928993,7.940828402366864,0.0,506.3452481584349,492.97753894457196,157.9335829006159,200.9171597633136,10
200,JD Davison,Boston Celtics,SG,8,27,3,9,42.9,1,2,50.0,1,4,33.3,1,6,7,9,3,1,2,1,15,24,15,17,16,23.397959183673464,8.5,26.469387755102034,0.5,151.0204081632653,51.04081632653061,97.23469387755101,61.11224489795917,2
201,JT Thor,Charlotte Hornets,F,53,151,22,34,504.4,3,5,200.0,6,16,200.0,2,24,26,10,13,3,2,6,6,89,79,63,36,334.4361111111111,81.77777777777777,15.111111111111112,10.8,896.5250000000001,727.3027777777777,454.7694444444445,145.77777777777777,10
202,JaVale McGee,Sacramento Kings,C,32,57,15,26,412.1,1,5,50.0,1,3,100.0,8,14,22,3,7,2,3,0,-5,57,54,35,25,116.88581314878891,39.121107266435985,4.03114186851211,0.9100346020761246,298.0865051903114,258.0138408304498,143.5847750865052,56.525951557093435,8
203,Jabari Smith Jr.,Houston Rockets,PF,164,341,59,126,480.9,20,26,658.3,26,67,412.2,11,52,63,26,20,4,7,13,-63,253,227,190,89,459.05164954029203,44.17766360194699,19.526500811249324,17.336127636560303,586.2955651703624,524.3564088696593,520.2866414277988,64.40832882639265,10
204,Jabari Walker,Portland Trail Blazers,F,102,313,35,94,399.4,24,33,570.9,8,24,283.3,28,77,105,14,26,2,8,1,-100,221,207,116,119,265.8241121780216,428.75308641975306,24.53467459228776,7.718030787989636,1260.7655845145555,1141.9654016156073,365.8533760097546,472.0586800792562,10
205,Jack White,Memphis Grizzlies,F,6,64,2,16,28.6,0,0,0.0,2,10,40.0,4,8,12,1,3,4,2,1,-28,19,18,7,13,27.4792899408284,4.023668639053255,0.7514792899408284,3.0532544378698225,19.0,19.289940828402365,25.17751479289941,6.78698224852071,4
206,Jacob Gilyard,Brooklyn Nets,G,0,34,0,6,0.0,0,0,0.0,0,6,0.0,1,2,3,3,4,2,1,0,-23,6,3,3,6,25.579199999999997,6.0767999999999995,10.068800000000001,2.3232,72.08000000000001,28.8528,64.3808,20.5712,3
207,Jacob Gilyard,Memphis Grizzlies,G,61,171,21,45,298.5,1,1,100.0,18,39,281.8,1,11,12,34,8,8,11,2,-52,107,73,95,46,408.4448,12.779200000000001,39.267199999999995,35.7408,766.12,519.0032,630.9952000000001,76.6128,7
208,Jacob Toppin,New York Knicks,F,13,29,5,9,107.1,2,2,100.0,1,4,33.3,3,3,6,1,3,0,1,0,-18,20,19,14,7,83.61224489795917,10.0,0.5918367346938775,0.7551020408163267,144.04081632653063,148.7551020408163,79.18367346938777,10.306122448979593,2
209,Jaden Hardy,Dallas Mavericks,G,69,143,25,63,398.9,10,12,233.3,9,26,231.6,5,20,25,16,18,4,14,0,-50,110,94,85,41,426.5951865873446,45.94402379664684,23.09058950784208,7.22065981611682,802.9045429962141,702.0,505.87723093564085,90.65711195240672,10
210,Jaden Ivey,Detroit Pistons,PG,158,304,56,151,370.0,23,33,629.9,23,62,335.1,7,26,33,48,16,7,23,3,-57,239,191,206,81,534.6665598461785,30.40073706136837,50.482294504085885,41.242268867168725,663.8764621054319,611.1345938150937,571.7849703573145,96.5064893446563,10
211,Jaden McDaniels,Minnesota Timberwolves,PF,109,318,41,83,468.0,18,21,600.0,9,31,225.0,12,24,36,14,30,6,9,6,12,159,145,123,50,344.8939319674542,47.247328693265366,10.428585432800705,9.619939221644936,601.5807273796687,547.9408881482207,389.64503480050973,66.56465052445839,10
212,Jaden Springer,Boston Celtics,G,60,180,22,48,465.0,14,15,575.0,2,15,150.0,12,19,31,17,19,15,9,5,17,108,91,77,48,199.07958477508652,56.955401768550566,39.21837754709727,1.6001537870049982,709.9307958477508,447.44444444444434,375.34525182622065,182.39446366782008,10
213,Jae Crowder,Milwaukee Bucks,PF,47,194,16,53,285.5,7,9,230.0,8,32,185.0,10,18,28,9,8,3,2,4,-34,84,75,56,37,145.9229916897507,17.654293628808862,7.321329639889197,6.238227146814404,185.70637119113573,190.52354570637118,139.80831024930748,26.273130193905814,10
214,Jae'Sean Tate,Houston Rockets,SF,39,131,17,32,440.5,3,5,150.0,2,7,133.3,8,19,27,7,15,5,14,5,6,73,66,46,34,92.96667562483202,21.52512765385649,6.129266326256383,1.6001074979844128,191.7621607094867,145.35608707336738,121.80596613813492,45.221177102929325,10
215,Jahmi'us Ramsey,Toronto Raptors,SG,47,120,18,41,306.3,5,6,175.0,6,22,183.3,4,18,22,8,10,7,7,0,-28,77,69,55,30,69.3801652892562,36.066115702479344,3.072314049586777,3.402892561983472,97.25413223140495,108.65289256198346,77.28719008264463,19.832644628099175,7
216,Jaime Jr. Jaquez,Miami Heat,G,104,291,39,86,430.4,18,25,616.7,8,25,244.89999999999998,9,40,49,27,20,12,9,3,3,180,153,131,76,399.9229968782518,41.14984391259105,22.292403746097815,7.839750260145682,373.75650364203955,369.74921956295526,390.9687825182102,76.40374609781477,10
217,Jake LaRavia,Memphis Grizzlies,F,175,321,54,122,415.7,38,45,668.9,29,67,406.0,14,27,41,25,22,10,25,4,5,241,216,200,66,1008.4555765595462,31.064272211720226,25.071833648393195,69.1722327242176,1423.5066162570888,1236.0,1199.187145557656,52.91115311909263,10
218,Jakob Poeltl,Toronto Raptors,C,122,251,55,101,543.9,12,20,491.7,0,0,0.0,39,53,92,31,28,10,11,19,35,245,214,153,123,161.8469387755102,127.67346938775509,30.387755102040813,0.0,516.704081632653,398.98979591836735,256.6224489795918,181.0,10
219,Jalen Brunson,New York Knicks,PG,353,388,125,272,461.0,76,90,833.7,27,72,335.3,8,36,44,81,19,5,21,1,48,478,397,434,125,745.8836220639813,55.14252311616537,103.46444893187375,42.11786587310022,941.9294292698482,663.1564459559995,1053.3000318843658,129.96354554150278,10
220,Jalen Duren,Detroit Pistons,C,124,254,46,88,476.9,32,37,802.3,0,1,0.0,21,75,96,14,23,8,22,5,-68,234,220,138,110,327.6291257243638,192.8989669942051,16.790123456790123,0.0,984.3456790123457,904.0,376.7755102040817,240.8883849836231,10
221,Jalen Green,Houston Rockets,SG,183,327,64,164,366.5,31,40,644.6,24,85,265.1,6,52,58,46,18,9,32,2,-67,287,241,229,104,1092.9674060660932,51.67315527387958,51.89950203712087,28.485287460389316,1641.239022181983,1512.8469895880487,1216.4857401539157,108.44635581711181,10
222,Jalen HoodSchifino,Los Angeles Lakers,G,5,11,1,6,33.3,2,4,100.0,1,3,50.0,0,2,2,0,1,0,1,0,-13,7,7,5,2,9.0,0.9799999999999999,0.020000000000000004,0.8200000000000001,13.32,14.180000000000001,8.42,0.72,2
223,Jalen Johnson,Atlanta Hawks,SF,177,316,70,142,520.2,19,26,379.0,18,43,494.9,12,75,87,49,16,13,20,5,21,313,264,226,136,616.676,158.356,67.604,11.636,1274.2440000000001,838.0,943.1840000000001,335.69599999999997,10
224,Jalen McDaniels,Toronto Raptors,PF,45,155,18,52,261.5,9,11,425.0,0,10,0.0,5,14,19,14,14,2,8,2,-104,78,64,59,33,136.1634349030471,54.933518005540165,24.904278239458293,0.11080332409972297,433.48045552477686,334.797783933518,205.78608802708524,108.89781471221914,10
225,Jalen Pickett,Denver Nuggets,G,2,7,1,3,33.3,0,0,0.0,0,2,0.0,0,0,0,2,0,0,0,0,-1,4,2,4,2,0.8212890625,0.1650390625,1.0634765625,0.0625,2.3447265625,0.25,3.75390625,0.390625,1
226,Jalen Slawson,Sacramento Kings,F,2,8,1,2,50.0,0,0,0.0,0,1,0.0,1,1,2,0,2,1,0,0,3,4,4,2,2,2.1360946745562135,2.609467455621302,0.0,0.0,9.467455621301774,9.467455621301774,2.1360946745562135,2.609467455621302,1
227,Jalen Smith,Indiana Pacers,PF,82,154,32,64,475.8,13,16,327.4,5,17,283.3,28,32,60,8,18,5,8,7,5,150,142,90,68,188.0,61.18211702827087,7.600591715976332,5.369493754109139,347.7215647600263,349.43852728468113,198.3698224852071,56.695923734385275,10
228,Jalen Suggs,Orlando Magic,SG,148,287,51,99,507.59999999999997,30,39,754.8,16,48,287.6,8,23,31,32,26,12,14,6,11,211,179,180,63,423.0950413223141,20.745092975206614,22.0860020661157,14.926911157024794,480.9297520661157,492.87525826446284,401.4434400826446,52.53719008264463,10
229,Jalen Williams,Oklahoma City Thunder,F,181,312,77,138,556.2,16,22,396.7,11,32,319.9,6,46,52,45,11,16,19,6,139,278,233,226,97,504.84816373929453,79.7451008854696,31.23486717956162,7.463347365365075,865.2509798229061,639.7435041370301,739.8165190884017,101.51908840179998,10
230,Jalen Wilson,Brooklyn Nets,F,53,188,19,46,530.2,9,14,350.0,6,21,250.0,11,29,40,7,12,4,5,3,5,100,93,60,47,138.2227903579255,59.53542731921111,11.0,4.421110299488678,315.6435354273192,263.07596785975164,180.35792549306063,80.96785975164353,10
231,Jamal Cain,Miami Heat,F,12,37,3,9,125.0,4,4,200.0,2,4,150.0,2,3,5,6,5,1,3,1,11,23,17,18,11,14.7025,4.5725,7.402499999999999,1.1225,50.97249999999999,29.240000000000006,37.25,11.16,4
232,Jamal Murray,Denver Nuggets,PG,238,328,94,204,473.4,22,26,713.3,28,72,356.2,8,35,43,60,13,6,23,11,80,341,281,298,103,365.22664359861596,21.017733564013838,43.63538062283737,34.99524221453287,343.19377162629763,356.22188581314884,334.54541522491354,82.30622837370241,10
233,Jamaree Bouyea,San Antonio Spurs,G,7,34,3,5,150.0,0,0,0.0,1,1,100.0,1,8,9,3,5,1,1,0,8,19,16,10,12,4.5041322314049586,32.1404958677686,1.1983471074380163,0.6033057851239669,73.0,57.289256198347104,8.595041322314051,44.958677685950406,2
234,James Bouknight,Charlotte Hornets,SG,10,13,4,10,83.3,0,0,0.0,2,7,58.3,0,0,0,0,0,1,1,0,13,10,10,10,0,18.0,0.0,0.0,0.72,18.0,18.0,18.0,0.0,2
235,James Harden,LA Clippers,SG,175,339,52,119,407.6,44,50,858.0,27,72,364.3,3,45,48,79,15,7,23,5,-13,302,223,254,127,917.8752582644627,73.32980371900827,92.0206611570248,35.30914256198347,1072.7768595041323,1002.2851239669421,859.9950929752066,293.72236570247935,10
236,James Johnson,Indiana Pacers,PF,4,19,1,5,33.3,2,2,100.0,0,1,0.0,0,0,0,3,5,0,2,1,4,7,4,7,3,3.171597633136095,0.0,0.28402366863905326,0.0,4.213017751479289,3.171597633136095,4.213017751479289,0.28402366863905326,3
237,James Wiseman,Detroit Pistons,C,75,239,28,60,399.6,19,25,358.9,0,0,0.0,18,50,68,9,23,3,12,6,-72,152,143,84,77,381.66431661592696,177.6369171607114,9.255728248678096,0.0,1049.9202050953372,992.8932863323184,418.8620413395289,206.7218394488063,10
238,Jamie Jr. Jaquez,Miami Heat,G,129,276,49,108,460.5,20,22,625.0,11,30,383.3,7,30,37,36,21,7,14,5,50,202,166,165,73,385.77506046761624,29.700349368449345,71.28083848427842,12.096479441010482,931.0309056705188,554.5224402042462,710.81510346681,152.44961031980648,10
239,Jarace Walker,Indiana Pacers,F,46,152,17,41,442.2,2,2,100.0,10,21,366.7,4,28,32,19,10,6,7,5,34,97,78,65,51,154.98350694444443,61.85069444444446,62.111111111111114,10.71267361111111,583.7890625,378.1918402777777,293.27517361111114,191.26736111111114,10
240,Jared Butler,Washington Wizards,SG,96,215,37,69,511.8,12,14,450.0,10,25,386.7,3,23,26,43,23,12,17,3,-17,165,122,139,69,351.46420745069395,18.952885317750184,72.18444119795471,10.730460189919649,541.9273192111029,318.04236669101533,599.381300219138,67.10518626734843,10
241,Jared Rhoden,Detroit Pistons,G,68,201,27,54,450.8,3,6,150.0,11,27,383.3,1,26,27,10,24,3,4,11,-57,105,95,78,37,197.7668054729328,20.914336704342656,10.095181439619274,13.290303390838787,323.24866151100537,316.2742415229031,212.18441403926238,23.566329565734684,10
242,Jaren Jackson Jr.,Memphis Grizzlies,PF,223,328,81,183,426.2,46,59,770.4,15,49,319.6,15,33,48,34,37,17,27,17,-129,305,271,257,82,1094.8353151010701,51.54815695600475,26.404280618311535,10.5,1277.910225921522,1216.8281807372177,1154.5,79.36979785969085,10
243,Jarred Vanderbilt,Los Angeles Lakers,PF,68,142,26,42,412.7,13,17,375.0,3,5,166.7,12,22,34,12,8,16,11,2,23,114,102,80,46,111.33333333333334,59.333333333333336,18.0,3.5,362.0,274.0,157.33333333333334,119.33333333333334,6
244,Jarrett Allen,Cleveland Cavaliers,C,176,328,73,110,682.7,30,43,625.6,0,1,0.0,35,77,112,23,17,9,13,8,-9,311,288,199,135,206.41874800722712,202.85768944627483,24.812945052609205,0.0,443.07142097991283,399.18354766712724,237.40046763736845,240.57678818152831,10
245,Jason Preston,Utah Jazz,G,12,66,6,19,133.29999999999998,0,0,0.0,0,3,0.0,5,11,16,16,3,1,1,1,16,44,28,28,32,20.733727810650883,23.81804733727811,20.741124260355026,0.0,145.88757396449702,68.05473372781066,76.12573964497041,67.0,5
246,Javon Freeman-Liberty,Toronto Raptors,G,88,218,32,71,407.0,16,17,650.0,8,25,225.0,11,31,42,20,15,6,17,2,-132,150,130,108,62,415.291015625,52.556640625,32.15625,8.697265625,786.5,688.40625,518.744140625,79.353515625,10
247,Javonte Green,Chicago Bulls,G,125,238,51,82,621.4,13,17,525.0,10,28,329.6,22,47,69,11,17,13,6,7,14,205,194,136,80,463.797783933518,120.95429362880887,17.2202216066482,8.006925207756233,788.5124653739612,807.9293628808864,466.44459833795014,116.11080332409972,10
248,Jaxson Hayes,Los Angeles Lakers,C,42,127,18,23,522.2,6,11,210.0,0,0,0.0,9,25,34,4,16,7,9,5,-17,80,76,46,38,359.8679616140594,89.91582841947044,4.56098970979304,0.0,754.8357035495432,752.738813735692,368.44166955717424,88.0,10
249,Jay Huff,Denver Nuggets,C,3,5,1,2,50.0,0,0,0.0,1,2,50.0,0,0,0,0,2,0,0,0,-3,3,3,3,0,4.9506250000000005,0.10562500000000001,0.010000000000000002,0.8556250000000001,3.24,3.61,4.515625,0.18062499999999998,1
250,Jaylen Brown,Boston Celtics,SG,202,345,84,177,471.4,16,26,483.4,18,53,326.0,17,43,60,29,24,14,31,11,2,291,262,231,89,382.08520710059173,76.19171597633137,20.928994082840237,22.745562130177515,474.9005917159764,492.82130177514796,352.31360946745565,108.97159763313608,10
251,Jaylen Nowell,Detroit Pistons,SG,30,57,12,23,193.1,4,6,150.0,2,6,66.7,3,7,10,3,2,1,2,2,-31,43,40,33,13,83.4792899408284,5.005917159763314,2.78698224852071,3.0059171597633134,135.67455621301775,126.59171597633136,93.53254437869822,6.822485207100591,4
252,Jaylin Williams,Oklahoma City Thunder,F,51,130,20,34,641.7,0,1,0.0,11,21,540.0,3,25,28,15,11,5,6,4,9,94,79,66,43,72.50905387052964,63.434359438660024,14.71118153010412,7.467858759619737,234.80669986419193,172.90221819827974,108.5,104.05907650520597,10
253,Jayson Tatum,Boston Celtics,SF,222,359,73,166,434.2,54,64,694.5,22,70,313.09999999999997,6,75,81,53,22,7,22,5,52,356,303,275,134,276.3996997560519,58.738412460123854,40.42203039969976,16.752486395196097,360.6192531431786,352.27528617001286,284.88252955526355,99.02158003377744,10
254,Jeenathan Williams,Houston Rockets,G,31,57,15,24,350.1,0,5,0.0,1,1,100.0,4,7,11,1,5,2,2,1,24,43,42,32,12,148.76275992438562,10.175803402646505,0.8345935727788281,0.895085066162571,209.79017013232516,218.37712665406426,143.7126654064272,7.473534971644613,6
255,Jeff Dowtin,Philadelphia 76ers,G,52,135,20,36,424.2,3,4,200.0,9,19,283.4,3,17,20,26,1,7,4,1,29,98,72,78,46,209.4948096885813,24.008650519031143,46.75432525951557,9.083044982698961,473.1297577854671,275.2474048442907,401.4878892733565,76.6522491349481,10
256,Jeff Green,Houston Rockets,PF,74,170,24,59,392.1,15,17,575.0,11,36,282.5,9,18,27,12,7,4,2,1,-25,113,101,86,39,83.78189981096408,38.168241965973536,15.957703213610586,9.158790170132326,208.80340264650283,182.96431947069942,106.73345935727788,57.01346880907372,10
257,Jerami Grant,Portland Trail Blazers,SF,169,342,56,142,386.6,38,46,711.3,19,49,402.0,6,19,25,35,18,14,28,2,-77,229,194,204,60,473.98961937716257,45.9204152249135,32.71626297577855,5.083044982698962,888.6262975778548,739.6678200692041,583.0934256055364,118.49134948096886,10
258,Jeremiah Robinson-Earl,New Orleans Pelicans,F,25,109,11,30,286.2,0,4,0.0,3,14,150.0,8,16,24,12,7,3,5,1,31,61,49,37,36,59.93638525564804,45.788941736028534,31.864447086801423,2.4215219976218787,254.1510107015458,139.0856123662307,135.37990487514864,117.27526753864448,10
259,Jeremy Sochan,San Antonio Spurs,F,126,301,51,121,422.6,14,19,516.7,10,44,192.79999999999998,21,59,80,33,16,14,20,10,-20,239,206,159,113,549.0972944849116,204.3746097814776,41.58480749219564,10.166493236212277,1143.8839750260145,1165.4823100936524,519.2138397502601,254.24453694068677,10
260,Jericho Sims,New York Knicks,C,13,151,5,10,266.7,3,4,150.0,0,0,0.0,15,24,39,5,13,4,5,4,13,57,52,18,44,24.85332729741965,81.70076957899502,4.754640108646447,0.0,178.32820280669986,163.60072430964237,33.483929379809865,92.55228610230874,10
261,Jerome Robinson,Golden State Warriors,SG,15,22,6,12,140.0,2,3,150.0,1,6,16.7,0,0,0,1,1,1,0,1,5,16,15,16,1,83.41322314049587,0.18365472910927458,0.7869605142332414,0.8861340679522498,90.72910927456384,76.37924701561067,98.22222222222224,0.5114784205693297,2
262,Jett Howard,Orlando Magic,G,8,22,3,8,125.0,0,0,0.0,2,7,125.0,0,1,1,2,3,2,2,0,-2,11,9,10,3,19.4820415879017,0.7882797731568998,1.001890359168242,1.0170132325141779,15.706994328922494,15.793950850661627,18.37807183364839,2.80718336483932,4
263,Jevon Carter,Chicago Bulls,PG,56,158,22,56,313.0,0,0,0.0,12,38,281.7,4,9,13,21,8,5,6,3,40,90,69,77,34,370.8710059171598,10.744378698224851,122.24023668639052,14.745562130177515,948.340828402367,435.2792899408284,850.8224852071006,166.09467455621302,10
264,Jimmy Butler,Miami Heat,SF,188,355,58,126,493.5,60,69,767.2,12,30,358.2,14,36,50,54,10,12,17,0,18,292,238,242,104,208.40277777777777,28.007716049382715,38.43402777777778,5.8086419753086425,492.9648919753086,316.5679012345679,348.76736111111114,102.4741512345679,10
265,Jock Landale,Houston Rockets,C,90,224,36,65,573.6,15,19,600.0,3,12,183.3,16,19,35,19,18,8,10,6,17,144,125,109,54,234.84505137912384,41.15332612222823,18.974040021633318,2.1043807463493778,341.46349378042186,256.59004867495946,322.31936181719846,57.52650081124933,10
266,Joe Harris,Detroit Pistons,SF,2,12,1,3,33.3,0,0,0.0,0,1,0.0,0,0,0,0,1,0,0,0,-5,2,2,2,0,0.0,0.0,0.0,0.0,0.0,0.0,0.0,0.0,1
267,Joe Ingles,Orlando Magic,SG,29,145,10,21,458.3,3,6,116.7,6,14,250.0,1,20,21,27,6,6,10,1,-7,77,50,56,48,82.01775147928994,19.107233425914742,24.133921024030915,9.179084651612124,164.0648472406714,107.26530612244898,146.3849776597029,35.673469387755105,10
268,Joel Embiid,Philadelphia 76ers,C,315,352,94,203,472.4,102,118,860.4,25,61,436.8,18,79,97,53,28,13,38,10,65,465,412,368,150,559.030612244898,102.05102040816327,40.798469387755105,21.125,669.9617346938776,626.2448979591837,587.625,157.97193877551018,10
269,John Collins,Utah Jazz,PF,193,271,68,119,570.0,39,48,752.5,18,34,508.9,22,58,80,7,25,7,12,7,-49,280,273,200,87,362.38775510204084,95.36033163265307,7.3501275510204085,12.044005102040817,700.0510204081634,672.8960459183673,372.3654336734694,119.88775510204083,10
270,John Konchar,Memphis Grizzlies,SG,57,299,19,46,385.8,8,9,266.7,11,29,391.6,19,45,64,29,20,13,17,9,-3,150,121,86,93,131.325,70.55625,15.0,7.125,291.05625,223.40625,166.425,118.10624999999999,10
271,Johnny Davis,Washington Wizards,G,51,175,19,33,454.2,5,9,160.0,8,13,330.0,2,15,17,13,19,3,5,3,-65,81,68,64,30,227.83906249999998,20.1765625,12.725,17.00625,348.65625,298.60625000000005,285.6515625,25.1390625,10
272,Johnny Juzang,Utah Jazz,G,94,242,32,67,449.9,10,14,466.7,20,45,433.5,5,16,21,19,19,4,9,2,-8,134,115,113,40,482.00229568411385,34.9485766758494,11.224058769513315,32.0,504.17860422405886,493.19421487603313,477.87006427915514,61.2892561983471,10
273,Jonas Valanciunas,New Orleans Pelicans,C,117,214,46,97,473.9,25,32,689.2,0,7,0.0,32,60,92,19,23,5,17,2,-42,228,209,136,111,365.5633679797362,247.06349899554547,18.960171193990742,0.19652371386147258,1031.4982967944798,920.3115555943751,442.299938859289,300.4738405100882,10
274,Jonathan Isaac,Orlando Magic,PF,68,198,25,58,374.9,5,7,300.0,13,36,292.9,12,39,51,7,12,11,4,14,13,126,119,75,58,202.16731320627426,73.4284027660651,4.101366166301231,14.593186034744479,481.6356889863383,420.2700286726261,240.87923764547142,100.18350480688143,10
275,Jonathan Kuminga,Golden State Warriors,PF,149,279,61,120,474.3,22,29,633.4,5,19,200.0,11,42,53,29,26,10,14,6,-9,231,202,178,82,565.0667438271606,88.21141975308642,28.91975308641975,4.934027777777778,749.4340277777778,839.5389660493828,498.4556327160493,93.63734567901234,10
276,Jontay Porter,Toronto Raptors,C,49,159,18,41,352.3,4,6,150.0,9,26,230.4,10,23,33,32,11,10,13,9,-28,114,82,81,65,215.4023668639053,32.251479289940825,58.16863905325444,15.943786982248522,472.0,275.0917159763314,386.0976331360947,116.63313609467455,10
277,Jordan Clarkson,Utah Jazz,PG,161,328,58,144,353.7,31,35,737.9,14,53,206.6,7,29,36,63,18,10,23,0,-70,260,197,224,99,1014.8698224852071,104.98224852071006,74.72485207100591,21.005917159763314,1435.3639053254435,1403.248520710059,1032.630177514793,194.0621301775148,10
278,Jordan Goodwin,Memphis Grizzlies,G,117,294,45,122,367.9,14,18,383.3,13,38,284.4,35,63,98,42,22,14,15,1,-23,257,215,159,140,367.1384083044983,298.083044982699,27.66782006920415,24.78008458285275,894.1418685121108,866.9031141868512,351.0,369.1280276816609,10
279,Jordan Hawkins,New Orleans Pelicans,G,18,92,6,30,225.0,3,5,116.7,3,18,100.0,1,9,10,5,6,2,1,1,19,33,28,23,15,38.307484567901234,8.030864197530864,4.530864197530864,4.902777777777778,53.40625,67.57600308641975,28.076003086419753,8.623456790123457,10
280,Jordan McLaughlin,Minnesota Timberwolves,PG,41,147,15,28,465.5,5,6,250.0,6,16,241.7,3,10,13,26,6,5,4,0,79,80,54,67,39,109.35762788592122,16.54368492530557,60.43458578542328,12.174739701222272,302.6518786781349,159.3897691263015,240.11996378451786,89.47804436396561,10
281,Jordan Miller,LA Clippers,G,4,5,1,1,100.0,2,2,100.0,0,0,0.0,0,1,1,0,0,0,0,0,3,5,5,4,1,11.111111111111112,0.5625,0.0,0.0,16.673611111111107,16.673611111111107,11.111111111111112,0.5625,1
282,Jordan Nwora,Toronto Raptors,SF,86,201,33,73,507.4,9,13,333.3,11,31,326.9,9,33,42,20,6,6,19,6,-104,148,128,106,62,242.1617777777778,97.8151111111111,20.56711111111111,6.936,649.6160000000001,475.77777777777777,350.51377777777776,183.86844444444444,10
283,Jordan Poole,Washington Wizards,SG,226,360,83,191,425.3,26,27,850.0,34,100,326.6,6,33,39,84,26,11,31,1,-62,349,265,310,123,723.1442743764172,21.766723356009066,130.1734693877551,24.096655328798185,1152.6224489795916,875.204081632653,941.266723356009,211.23611111111114,10
284,Jordan Walsh,Boston Celtics,G,11,70,4,11,175.0,1,2,50.0,2,7,66.7,4,9,13,2,10,5,3,1,37,26,24,13,15,45.25,14.400000000000002,1.65,3.4000000000000004,55.99999999999999,62.85,43.2,11.25,5
285,Jose Alvarado,New Orleans Pelicans,PG,57,209,22,61,317.0,2,3,150.0,11,41,291.7,2,19,21,28,16,10,7,2,37,106,78,85,49,241.79256210943453,38.17299192196311,43.23975003810394,17.089315653101664,574.6974546563024,411.0754458161866,367.9041304679165,118.92318244170096,10
286,Josh Giddey,Oklahoma City Thunder,SG,133,276,50,108,442.6,20,22,633.3,13,34,365.4,10,60,70,58,18,5,30,4,116,261,203,191,128,413.87603305785126,110.02550760126518,158.35486174880114,20.14580144883175,1379.9976533006836,833.0108152229365,750.5853484338332,478.6578920518315,10
287,Josh Green,Dallas Mavericks,SG,49,203,16,43,315.8,13,15,430.0,4,21,183.3,9,24,33,13,15,9,4,2,-34,95,82,62,46,130.51652331371662,36.11996378451788,12.853327297419648,4.631054775916705,155.31779085559077,161.55002263467628,136.3295608872793,36.92802172928927,10
288,Josh Hart,New York Knicks,SG,131,376,45,101,406.8,24,31,605.0,17,38,398.8,24,79,103,42,32,10,15,5,15,276,234,173,145,576.536,250.541,81.02399999999999,31.284,1206.081,1098.329,603.944,411.90900000000005,10
289,Josh Minott,Minnesota Timberwolves,F,4,17,2,4,100.0,0,0,0.0,0,0,0.0,0,5,5,2,3,1,0,0,18,11,9,6,7,2.8671386922115785,12.40066638900458,0.9733444398167432,0.24489795918367346,4.821740941274468,4.204081632653061,6.011245314452312,10.847563515202,3
290,Josh Okogie,Phoenix Suns,SF,43,116,14,29,398.90000000000003,9,13,325.0,6,14,300.0,11,9,20,11,13,5,10,1,-8,74,63,54,31,149.70000000000002,16.5,10.036,4.800000000000001,253.156,222.20000000000002,167.05599999999998,40.135999999999996,10
291,Josh Richardson,Miami Heat,SG,98,211,38,76,433.2,6,6,200.0,16,45,301.7,4,26,30,19,16,5,3,2,3,147,128,117,49,296.8888888888889,20.0,10.88888888888889,27.555555555555557,468.0,427.55555555555554,344.0,24.22222222222222,9
292,Joshua Primo,LA Clippers,G,0,5,0,1,0.0,0,0,0.0,0,0,0.0,1,0,1,0,0,0,1,0,1,1,1,0,1,0.0,0.0,0.0,0.0,0.0,0.0,0.0,0.0,1
293,Jrue Holiday,Boston Celtics,PG,84,318,35,91,389.4,2,2,100.0,12,44,291.6,11,36,47,38,14,8,14,9,57,169,131,122,85,160.92403746097813,42.24245577523413,45.948491155046824,8.896982310093653,331.1867845993756,221.13111342351715,264.0816857440167,95.08896982310094,10
294,Jules Bernard,Washington Wizards,G,59,113,23,47,603.7,4,7,250.0,9,19,468.3,8,14,22,12,8,2,6,1,24,93,81,71,34,216.376,16.099999999999998,16.176,7.096000000000001,366.004,282.276,300.50399999999996,31.875999999999998,10
295,Julian Champagnie,San Antonio Spurs,F,128,329,44,94,470.3,19,23,671.7,21,55,400.7,8,38,46,24,12,9,15,7,-33,198,174,152,70,326.0277744233788,37.385822968240554,37.408284023668635,13.117860161816207,629.1926095882139,517.7538944571911,417.8198285231253,94.4407680231856,10
296,Julian Phillips,Chicago Bulls,F,39,132,13,31,272.9,7,8,266.7,6,13,283.4,6,12,18,5,12,5,3,1,-11,62,57,44,23,170.91975308641975,27.290123456790123,6.777777777777779,6.401234567901234,314.4444444444444,289.44444444444446,184.5493827160494,45.43827160493827,10
297,Julian Strawther,Denver Nuggets,G,28,61,9,26,108.0,6,6,300.0,4,18,81.9,1,8,9,8,6,1,6,0,4,45,37,36,17,167.66930445647648,16.73927530195752,10.3981674302374,3.925864223240316,317.6039150354019,249.93960849645984,214.95127030404,47.519783423573514,4
298,Julius Randle,New York Knicks,PF,66,99,23,48,142.2,14,14,300.0,6,11,195.0,8,17,25,18,7,1,10,0,25,109,91,84,43,98.0,2.666666666666667,14.0,2.0,140.66666666666669,120.66666666666666,126.0,8.666666666666668,3
299,Justin Champagnie,Washington Wizards,SF,78,211,27,67,366.2,12,15,400.0,12,39,218.3,19,32,51,17,13,9,8,7,-55,146,129,95,68,314.09599999999995,79.0,12.424,15.924,774.0959999999999,667.416,390.21599999999995,121.98400000000001,10
300,Justin Holiday,Denver Nuggets,SF,31,125,11,32,336.2,0,0,0.0,9,28,353.3,1,9,10,12,8,8,3,0,10,53,41,43,22,104.1516633010947,4.514401105324689,35.79083855882666,6.963014135402274,185.13582739929853,91.0291210543097,208.8850037198427,29.67860559039218,10
301,Justin Minaya,Portland Trail Blazers,F,36,201,13,40,320.9,2,3,150.0,8,28,213.29999999999998,20,14,34,12,23,3,3,5,-54,82,70,48,46,82.13611111111112,34.86944444444445,11.336111111111112,8.311111111111112,234.06944444444449,168.39999999999998,124.10000000000001,69.91111111111111,10
302,Jusuf Nurkic,Phoenix Suns,C,69,275,27,58,506.3,15,25,521.6,0,3,0.0,28,74,102,50,35,20,24,12,19,221,171,119,152,134.51111111111106,207.21604938271605,78.1530864197531,0.030864197530864196,498.2777777777778,375.6456790123458,137.03456790123454,405.47777777777776,10
303,Karl-Anthony Towns,Minnesota Timberwolves,C,162,300,57,128,441.2,31,37,738.4,17,50,331.6,20,59,79,36,39,6,26,4,20,277,241,198,115,301.625,76.3515625,63.853515625,14.40625,511.791015625,460.2890625,373.447265625,119.884765625,10
304,Kawhi Leonard,LA Clippers,SF,213,334,84,165,513.1,32,38,815.0,13,42,277.5,14,49,63,27,14,16,23,9,5,303,276,240,90,378.4755102040817,69.17959183673469,9.375510204081632,12.916326530612244,407.4795918367346,314.4020408163266,446.1000000000001,104.00816326530612,10
305,Keegan Murray,Sacramento Kings,SF,178,371,64,158,398.2,14,15,650.0,36,96,359.0,25,42,67,17,18,11,10,9,31,262,245,195,84,411.47959183673464,72.86422324031653,22.380049979175343,40.70241566014161,434.4189920866307,499.57705122865474,318.87421907538527,122.69158683881716,10
306,Keita Bates-Diop,Brooklyn Nets,SF,35,85,12,20,615.0,6,6,300.0,5,11,350.0,3,10,13,5,1,2,5,4,-13,53,48,40,18,52.10000000000001,16.81111111111111,4.677777777777777,5.4,94.5,87.3777777777778,51.511111111111106,29.2,10
307,Keldon Johnson,San Antonio Spurs,SF,145,293,49,104,463.8,27,32,684.2,20,55,368.5,15,44,59,18,17,4,11,2,-15,222,204,163,77,291.739919975377,55.21606648199445,22.15266235764851,24.603262542320714,379.4958448753462,409.48045552477686,289.8919667590028,49.232071406586634,10
308,Kelly Olynyk,Toronto Raptors,PF,143,297,51,88,584.8,34,38,823.3,7,24,281.6,17,52,69,61,35,12,29,5,-41,273,212,204,130,218.125,48.48337950138503,104.7950138504155,4.1582409972299175,358.2635041551246,247.55574792243758,359.1568559556787,122.95429362880883,10
309,Kelly Oubre Jr.,Philadelphia 76ers,SG,148,338,53,118,441.4,28,37,624.2,14,41,289.8,12,41,53,22,33,13,12,12,53,223,201,170,75,431.5149388863739,58.7960615663196,29.60887279311906,8.479855138071525,797.9144409234948,654.0529651425984,554.733589859665,109.0477591670439,10
310,Kendall Brown,Indiana Pacers,SG,7,29,3,6,150.0,1,2,50.0,0,1,0.0,1,1,2,1,5,0,1,0,-8,10,9,8,3,13.889700511322133,1.1234477720964207,0.7720964207450693,0.0,28.613586559532504,22.763330898466037,18.844411979547118,2.79108838568298,4
311,Kenneth Lofton Jr.,Philadelphia 76ers,F,2,5,1,4,25.0,0,0,0.0,0,2,0.0,0,1,1,0,0,0,0,0,-4,3,3,2,1,108.75510204081633,11.755102040816329,16.576530612244895,0.8622448979591837,321.4336734693877,192.02040816326533,210.25,56.25,1
312,Kenneth Lofton Jr.,Utah Jazz,F,55,90,21,35,236.8,9,11,150.0,4,12,166.7,10,10,20,19,9,3,6,2,-2,94,75,74,39,273.734693877551,65.3061224489796,36.59183673469388,2.020408163265306,797.4489795918367,561.0816326530612,451.0,161.0,4
313,Kenrich Williams,Oklahoma City Thunder,SF,66,166,27,53,520.6,2,2,100.0,10,21,499.9,6,23,29,17,16,3,12,2,-24,112,95,83,46,234.70941840277774,59.85069444444444,46.125,4.391710069444444,639.728515625,437.884765625,371.9281684027777,170.60069444444446,10
314,Kentavious Caldwell-Pope,Denver Nuggets,SG,97,317,39,81,484.6,2,3,100.0,17,50,305.1,4,18,22,21,26,13,11,4,55,140,119,118,43,324.19200333194505,8.62661391087047,13.509787588504791,32.71990837151187,330.39920866305704,344.6332778009163,304.7755102040816,27.318825489379424,10
315,Kenyon Martin Jr.,Philadelphia 76ers,F,56,177,25,47,495.8,4,8,200.0,2,6,150.0,15,25,40,16,20,2,8,5,24,112,96,72,56,114.11632653061224,129.3795918367347,11.3,1.6000000000000003,439.38775510204084,396.5734693877551,148.70204081632653,148.90816326530611,10
316,Keon Ellis,Sacramento Kings,G,99,272,33,72,375.3,10,11,475.0,23,50,453.2,11,22,33,22,34,13,15,10,-18,154,132,121,55,606.2177755333922,40.785380633758365,30.575684888271677,50.510920338341116,1011.4147203635905,762.9491225855321,825.5188738795607,100.52556495391995,10
317,Keon Johnson,Brooklyn Nets,G,15,36,4,10,123.3,5,6,150.0,2,5,133.3,2,3,5,2,3,2,3,0,-11,22,20,17,7,30.12244897959184,0.6938775510204083,3.1020408163265314,1.1020408163265307,43.55102040816326,23.632653061224485,52.48979591836735,1.346938775510204,3
318,Kessler Edwards,Sacramento Kings,SF,39,93,14,34,376.7,1,4,50.0,10,23,386.7,4,10,14,3,9,5,2,0,-23,56,53,42,17,126.47470739932552,13.637770283673872,2.105732989486213,10.160285657607616,187.0482047212855,179.8101567149375,128.38524102360643,21.071017655227134,10
319,Kevin Durant,Phoenix Suns,PF,240,398,89,180,502.29999999999995,45,53,890.2,17,48,387.6,5,51,56,34,20,8,23,9,-41,330,296,274,90,278.61268503087933,57.49789236349377,36.811685128908934,10.02382119400059,550.8228605038722,450.89540241152827,360.9932359572591,111.85648465836681,10
320,Kevin Huerter,Sacramento Kings,SG,72,231,29,79,330.1,2,4,100.0,12,45,205.0,6,24,30,25,23,8,11,2,5,127,102,97,55,288.7933884297521,30.44995408631772,4.61248852157943,16.24793388429752,456.10743801652893,441.77777777777777,290.6730945821855,47.51239669421488,10
321,Kevin Knox II,Detroit Pistons,SF,22,89,9,26,148.9,3,3,200.0,1,11,33.3,3,11,14,4,9,2,6,0,21,40,36,26,18,115.33333333333334,19.333333333333336,3.3333333333333335,0.8333333333333335,167.33333333333331,188.0,101.33333333333334,16.0,6
322,Kevin Love,Miami Heat,PF,74,118,24,53,383.5,14,14,300.0,12,29,305.0,8,40,48,8,14,3,10,0,15,130,122,82,56,360.48487006051977,90.0,8.51192595229619,15.609113563545744,720.8009967960128,712.2584549661801,365.66892132431474,101.87041651833394,10
323,Kevon Looney,Golden State Warriors,F,41,114,16,29,508.4,9,12,450.0,0,0,0.0,16,31,47,9,16,4,5,6,66,97,88,50,56,75.37267780071306,78.68286732970539,4.920435353724901,0.0,199.32126102458247,227.7098892850441,66.04353537249015,64.5438168511916,10
324,Keyontae Johnson,Oklahoma City Thunder,F,5,39,2,8,66.7,0,0,0.0,1,2,100.0,2,4,6,2,4,0,2,0,-15,13,11,7,8,20.0,7.0,1.2653061224489797,0.8163265306122451,29.69387755102041,35.0,17.26530612244898,5.6938775510204085,5
325,Keyonte George,Utah Jazz,G,143,306,48,125,378.1,26,29,646.7,21,68,287.1,1,20,21,41,16,3,39,0,-72,205,164,184,62,392.94444444444446,18.90625,42.259765625,23.556640625,346.6260850694444,417.5173611111111,322.53754340277777,60.681640625,10
326,Khris Middleton,Milwaukee Bucks,SF,200,315,77,149,528.0,30,34,695.8,16,44,423.5,12,57,69,54,30,9,29,1,-23,323,269,254,123,983.883093978332,68.87100025195264,32.0,14.425799949609473,1453.95490047871,1451.7644242882338,992.835474930713,94.10909549004788,10
327,Killian Hayes,Detroit Pistons,PG,18,79,7,14,209.6,1,3,33.3,3,6,100.0,0,15,15,20,4,0,5,2,-12,53,33,38,35,27.0,18.75,54.0,2.75,252.75,74.75,153.0,124.75,4
328,Kira Lewis Jr.,Utah Jazz,PG,37,106,15,35,219.4,5,7,225.0,2,11,83.3,3,7,10,14,4,3,6,0,-54,61,47,51,24,181.12618147448012,22.531190926275993,14.956049149338375,1.4612476370510399,420.38563327032136,321.57230623818526,256.17202268431,61.2547258979206,7
329,Klay Thompson,Golden State Warriors,SG,190,302,69,153,435.0,16,16,600.0,36,93,355.6,3,26,29,25,14,9,18,4,41,244,219,215,54,817.3444444444444,32.96049382716049,10.530864197530862,46.99753086419753,1002.9,852.8753086419754,974.2827160493828,36.577777777777776,10
330,Kobe Brown,LA Clippers,G,30,124,14,32,417.5,0,0,0.0,2,11,66.6,14,11,25,10,12,6,4,3,-52,65,55,40,35,95.59765625000001,36.743489583333336,17.395833333333332,1.6080729166666665,332.22916666666674,212.25,174.00390625,95.71223958333333,9
331,Kobe Bufkin,Atlanta Hawks,G,63,142,27,71,372.6,3,6,116.7,6,29,151.6,4,20,24,18,17,4,8,4,-43,105,87,81,42,128.86776859504133,8.752984389348027,15.601469237832873,4.429752066115703,159.4132231404959,146.7392102846648,131.89623507805328,34.0,10
332,Kobi Simmons,Toronto Raptors,G,20,67,9,21,183.4,0,0,0.0,2,8,100.0,1,6,7,12,5,6,1,2,-31,39,27,32,19,25.11111111111111,4.111111111111111,22.0,1.1111111111111112,45.0,41.0,30.44444444444445,24.77777777777778,4
333,Kris Dunn,Utah Jazz,G,57,220,23,57,422.1,5,7,130.0,6,21,200.0,9,24,33,34,26,9,8,5,-31,124,90,91,67,86.14792899408283,42.469822485207104,44.409467455621304,6.409467455621302,200.63668639053253,168.15147928994082,96.91479289940828,108.59763313609467,10
334,Kris Murray,Portland Trail Blazers,F,94,348,34,94,348.9,12,15,483.3,14,51,242.1,30,32,62,17,25,8,16,5,-103,173,156,111,79,164.99753086419753,180.51975308641974,20.200000000000003,14.677777777777777,333.95679012345676,386.5345679012346,159.10864197530864,154.0308641975309,10
335,Kristaps Porzingis,Boston Celtics,C,161,273,52,103,476.6,39,44,833.3,18,42,466.6,13,65,78,24,24,13,11,24,38,263,239,185,102,442.60493827160496,86.93827160493827,23.23456790123457,14.0,784.9012345679012,661.0,519.5679012345679,157.1111111111111,10
336,Kyle Anderson,Minnesota Timberwolves,SF,34,157,15,45,354.3,3,6,150.0,1,6,50.0,4,17,21,24,22,7,7,5,-12,79,55,58,45,157.5700831024931,54.722991689750685,57.14681440443213,0.9468144044321329,577.4000000000001,317.8520775623269,356.39667590027705,172.59113573407203,10
337,Kyle Kuzma,Washington Wizards,SF,218,366,85,181,489.6,37,47,775.0,11,43,218.6,3,70,73,51,24,7,36,7,-27,342,291,269,124,513.3879277201077,57.532103037293346,59.63667820069204,16.7439446366782,740.9957708573625,549.878123798539,709.8965782391388,111.77777777777777,10
338,Kyle Lowry,Philadelphia 76ers,PG,76,296,23,53,480.2,15,19,480.0,15,36,482.1,8,29,37,37,32,8,11,4,75,150,113,113,74,187.97511111111112,37.576,53.544,10.873777777777777,201.49511111111113,230.10044444444443,144.79377777777776,105.696,10
339,Kyrie Irving,Dallas Mavericks,PG,285,398,100,192,517.4,50,55,832.1,35,79,439.4,11,45,56,43,26,17,31,6,73,384,341,328,99,773.0221453287197,51.72318339100347,67.43598615916954,16.244290657439443,826.2463667820069,930.8878892733563,630.2560553633218,157.28373702422147,10
340,LaMelo Ball,Charlotte Hornets,PG,32,55,12,37,66.1,5,6,150.0,3,17,34.7,1,5,6,15,10,3,7,0,-49,53,38,47,21,2.0,2.0,0.5,0.5,4.5,8.0,0.5,0.5,2
341,Lamar Stevens,Memphis Grizzlies,PF,114,252,42,108,413.9,24,27,583.3,6,27,235.0,13,38,51,12,13,12,6,8,16,177,165,126,63,156.41322314049586,41.26446280991736,9.798553719008265,4.5,248.1745867768595,209.0165289256198,198.50929752066116,48.125,10
342,Landry Shamet,Washington Wizards,SG,55,184,20,55,273.1,7,7,300.0,8,35,104.1,4,10,14,8,12,4,9,2,-68,77,69,63,22,330.90000000000003,22.5,5.700000000000001,15.624999999999998,463.7,413.80000000000007,373.0,35.99999999999999,10
343,Larry Nance Jr.,New Orleans Pelicans,PF,78,235,31,54,564.9,13,17,566.7,3,11,150.0,26,44,70,34,29,11,15,1,12,182,148,112,104,150.65733506944443,126.06879340277777,61.12087673611111,2.15625,595.9177517361112,378.3506944444444,300.7890625,254.625,10
344,Lauri Markkanen,Utah Jazz,PF,223,347,68,170,401.2,57,60,956.7,30,80,363.3,20,49,69,26,14,11,18,4,-42,318,292,249,95,334.8261504747991,129.06135865595326,45.68298027757487,34.00730460189919,657.4915997078159,517.5704894083273,451.0029218407597,198.48867786705623,10
345,LeBron James,Los Angeles Lakers,SF,284,396,110,199,552.4,48,60,785.5,16,48,285.8,9,66,75,98,13,25,42,9,20,457,359,382,173,186.05231866825207,36.952173338618046,127.56850310476945,15.736028537455411,345.39239001189065,246.4638657682653,222.86775003302938,226.63376932223542,10
346,Leaky Black,Charlotte Hornets,F,42,192,16,32,465.4,4,5,250.0,6,12,250.0,4,27,31,19,8,5,4,6,-11,92,73,61,50,135.65289256198346,30.28925619834711,17.595041322314046,10.400826446280993,250.77685950413223,161.0,203.26446280991735,70.04958677685951,10
347,Leonard Miller,Minnesota Timberwolves,F,7,15,3,6,133.3,0,0,0.0,1,2,100.0,2,2,4,4,0,1,0,0,20,15,11,11,8,16.041322314049587,5.534607438016529,4.528925619834711,0.8429752066115701,35.084194214876035,28.332128099173552,26.917355371900822,5.939566115702481,3
348,Lester Quinones,Golden State Warriors,G,64,149,23,57,369.2,9,13,325.0,9,34,228.6,8,15,23,13,18,1,5,0,-13,100,87,77,36,273.41157024793387,28.943801652892564,17.77355371900827,11.000000000000002,434.29421487603304,406.76198347107436,313.97520661157023,33.68595041322314,10
349,Lindy Waters III,Oklahoma City Thunder,F,67,103,25,48,519.0,2,2,200.0,15,33,366.7,5,9,14,8,5,3,2,2,-24,89,81,75,22,207.25318877551018,17.15625,11.971938775510203,19.36989795918367,297.0,222.1862244897959,273.40625,37.78890306122449,10
350,Lonnie Walker IV,Brooklyn Nets,G,67,174,27,81,325.7,3,4,150.0,10,45,240.8,4,23,27,12,7,3,5,6,-67,106,94,79,39,266.38271604938274,54.00192901234567,25.808641975308646,12.0,731.6006944444445,518.7519290123457,420.7716049382716,138.2704475308642,10
351,Luguentz Dort,Oklahoma City Thunder,G,127,304,40,89,438.8,23,28,530.0,24,57,413.2,10,22,32,19,24,9,9,2,63,178,159,146,51,284.5,41.657017909204505,9.109954185755935,16.622448979591834,277.1012078300708,284.0345689296127,277.3854643898375,50.94814660558101,10
352,Luka Doncic,Dallas Mavericks,PG,323,400,110,247,444.5,54,67,796.1,49,133,357.09999999999997,12,93,105,91,27,8,43,6,123,519,428,414,196,470.3001189767995,42.762046400951824,34.04193932183223,53.69809637120762,543.0,565.4077929803689,479.713265913147,44.98304580606781,10
353,Luka Garza,Minnesota Timberwolves,C,70,75,26,48,410.8,11,14,366.7,7,21,233.3,13,6,19,2,9,3,3,1,9,91,89,72,21,227.7779373743177,28.78310830221201,1.7112898592358516,5.465958058029303,385.6185004309107,356.9224360815857,253.7477736282677,33.220626256822754,7
354,Luka Samanic,Utah Jazz,F,95,208,32,81,337.7,26,34,609.2,5,32,197.6,14,38,52,13,13,3,16,2,-48,160,147,108,65,584.65625,104.15114795918367,11.530612244897958,2.8858418367346936,1255.3188775510203,1040.9413265306123,741.5082908163265,173.20727040816325,10
355,Luke Kennard,Memphis Grizzlies,SG,118,282,40,88,429.0,9,9,500.0,29,64,450.4,2,28,30,53,7,6,24,1,-63,201,148,171,83,483.43673469387755,10.073469387755102,60.68979591836735,26.90204081632653,676.3306122448979,492.7755102040816,657.4081632653061,80.34693877551021,10
356,Luke Kornet,Boston Celtics,C,56,153,23,28,795.0,9,9,400.0,1,1,100.0,14,25,39,12,5,3,1,6,80,107,95,68,51,168.47541551246536,87.04986149584488,23.929709141274234,0.9366343490304709,623.8254847645429,439.36322714681444,281.68975069252076,182.22749307479225,10
357,M. Pereira,Memphis Grizzlies,F,44,120,16,33,255.6,7,10,225.0,5,13,150.0,10,26,36,2,10,6,5,4,7,82,80,46,38,240.508875739645,107.38856015779093,1.4319526627218937,5.3550295857988175,656.7297830374753,624.319526627219,255.88165680473372,125.85798816568047,6
358,M. Williams,Toronto Raptors,C,17,102,8,31,117.5,0,2,0.0,1,4,100.0,13,23,36,2,15,3,3,3,-50,55,53,19,38,53.7616,116.99839999999999,1.3504,0.8464,310.81759999999997,291.85760000000005,58.03039999999999,133.04000000000002,6
359,Malachi Flynn,Detroit Pistons,PG,120,191,45,98,409.8,17,25,310.0,13,43,282.3,3,19,22,32,13,11,18,1,-50,174,142,152,54,1870.4000000000003,35.94489795918367,53.88775510204082,22.39387755102041,2424.0,2258.2306122448977,2049.202040816326,76.8,10
360,Malaki Branham,San Antonio Spurs,G,123,262,48,106,436.0,5,9,250.0,22,53,417.1,3,15,18,17,14,3,15,1,-22,158,141,140,35,519.5254753955581,19.830454347510525,12.101175787487298,25.616199738713895,628.356800696763,614.0849179851938,526.9644360574829,38.764552184642184,10
361,Malcolm Brogdon,Portland Trail Blazers,PG,102,218,37,83,266.20000000000005,17,19,433.3,11,30,202.89999999999998,7,22,29,40,13,4,17,2,4,171,131,142,69,100.0,28.833333333333336,7.333333333333334,6.833333333333334,113.5,66.83333333333334,151.33333333333331,31.5,6
362,Malik Beasley,Milwaukee Bucks,SG,79,225,31,70,389.1,0,0,0.0,17,50,275.0,0,25,25,11,13,2,5,0,-50,115,104,90,36,428.427795382526,23.800135808057945,10.923947487550928,28.509280217292893,577.2596197374378,521.9558623811679,492.16930737890453,26.28632865550023,10
363,Malik Monk,Sacramento Kings,SG,157,272,57,138,394.0,31,33,730.0,12,58,166.1,6,27,33,44,31,6,17,2,13,234,190,201,77,653.7845804988663,24.25724363819602,14.982111363063742,11.617031997984379,877.3560090702948,822.5527840765936,694.3827160493827,53.44444444444444,10
364,Mamadi Diakite,New York Knicks,F,0,5,0,0,0.0,0,0,0.0,0,0,0.0,0,1,1,0,1,1,0,0,0,1,1,0,1,0.0,0.4049586776859504,0.0,0.0,0.4049586776859504,0.4049586776859504,0.0,0.4049586776859504,1
365,MarJon Beauchamp,Milwaukee Bucks,F,44,57,16,25,485.0,7,8,175.0,5,10,350.0,2,12,14,2,5,2,3,1,-18,60,58,46,16,73.42720000000001,14.1248,1.5647999999999997,2.4368,136.94719999999998,121.87519999999999,84.18880000000001,20.0,8
366,Marcus Morris Sr.,Cleveland Cavaliers,SF,49,129,20,49,489.5,2,4,100.0,7,22,283.3,4,13,17,6,9,2,7,2,-41,72,66,55,23,58.94444444444446,27.879972565157754,6.785322359396433,5.0,116.77160493827162,89.79972565157749,83.90260631001371,36.67901234567901,10
367,Marcus Sasser,Detroit Pistons,G,136,309,48,127,343.6,21,23,540.0,19,60,303.9,3,17,20,46,18,9,22,4,-93,202,156,182,66,723.9754017060108,14.285657607617537,22.946637571910337,14.129934536798256,843.8091648482443,686.2824836341996,882.2924023011307,36.44197579845269,10
368,Markelle Fultz,Orlando Magic,PG,86,183,38,70,509.0,9,12,325.0,1,5,100.0,11,19,30,13,14,6,10,3,6,129,116,99,43,456.3593964334706,36.390184423106234,24.091906721536347,0.9365950312452369,762.3174820911446,696.2411217802164,501.49382716049377,81.42402072854748,10
369,Markieff Morris,Dallas Mavericks,PF,15,49,5,16,195.3,2,2,100.0,3,10,100.0,0,9,9,3,0,0,2,2,-18,27,24,18,12,33.8704,16.830399999999997,6.7696,2.8944,145.5824,95.4016,66.9856,40.6656,4
370,Marques Bolden,Charlotte Hornets,C,35,112,16,24,376.7,3,4,150.0,0,1,0.0,10,20,30,4,9,3,3,7,-26,69,65,39,34,142.02853745541023,63.56242568370986,5.888228299643282,0.0,440.7253269916765,373.7526753864447,189.5909631391201,88.86087990487513,7
371,Marvin Bagley III,Washington Wizards,PF,134,238,58,89,623.5,12,13,600.0,6,8,450.0,23,49,72,8,11,5,10,9,3,214,206,142,80,341.85484830458057,93.62879238548483,15.875074360499699,4.5258774538964905,424.1273051754908,392.8102320047591,350.1939321832243,132.48185603807258,10
372,Mason Jones,Sacramento Kings,G,7,24,2,7,66.7,1,2,50.0,2,6,66.7,1,4,5,5,2,1,2,0,-5,17,12,12,10,21.787037037037038,12.75,12.75,2.7037037037037037,74.67592592592592,35.48148148148148,35.48148148148148,51.0,3
373,Mason Plumlee,LA Clippers,C,48,153,17,42,417.5,14,18,450.0,0,5,0.0,11,42,53,16,18,5,9,4,-16,117,101,64,69,137.83884110457223,165.51312811226802,27.50746944318696,0.0,741.568356722499,505.18537799909456,263.00497962879126,304.2374377546401,10
374,Matisse Thybulle,Portland Trail Blazers,SG,67,209,25,53,398.9,5,7,200.0,12,31,335.0,7,24,31,20,14,17,12,7,-23,118,98,87,51,338.8434903047091,39.325484764542935,20.249307479224377,12.531855955678669,707.3573407202216,558.770083102493,458.20637119113564,88.79916897506926,10
375,Matt Ryan,New Orleans Pelicans,F,28,83,10,28,233.3,0,0,0.0,8,22,194.4,1,8,9,2,7,0,3,0,-12,39,37,30,11,221.17144402379662,18.19956733369389,1.6311519740400215,20.076798269334773,370.3834505137913,356.0470524607896,233.74905354245539,21.589507842076795,10
376,Matthew Hurt,Memphis Grizzlies,F,32,110,12,33,215.9,3,3,200.0,5,19,233.4,9,7,16,4,8,3,2,3,-7,52,48,36,20,163.8343195266272,34.95857988165681,4.934911242603551,5.335798816568047,360.0,296.6272189349112,213.72781065088756,53.37278106508876,7
377,Max Christie,Los Angeles Lakers,G,39,115,15,31,519.4,3,4,150.0,6,14,250.0,3,17,20,7,4,2,4,1,17,66,59,46,27,156.3390625,37.90625,8.2,6.5265625,411.78906250000006,319.4640625,219.41406250000003,75.35625,10
378,Max Strus,Cleveland Cavaliers,SG,88,320,31,81,396.0,10,12,266.7,16,50,311.1,13,50,63,51,19,7,18,1,-7,202,151,139,114,265.94384765625,133.244140625,135.08447265625,19.494140625,819.587890625,398.63525390625,585.125,370.10009765625,10
379,Maxi Kleber,Dallas Mavericks,PF,51,211,15,31,623.3,11,14,325.0,10,20,500.0,11,25,36,19,15,4,6,12,60,106,87,70,55,94.15576694411415,34.722684634694154,7.5570088518958904,6.528471396485666,211.58858501783592,210.32910556216146,100.84476152728233,36.85017835909631,10
380,Maxwell Lewis,Los Angeles Lakers,F,2,11,1,5,25.0,0,0,0.0,0,2,0.0,1,0,1,2,0,0,0,0,-15,5,3,4,3,2.7573964497041423,0.8579881656804735,3.0680473372781067,0.0,6.7603550295857975,6.65680473372781,3.624260355029586,3.162721893491124,2
381,Micah Potter,Utah Jazz,C,32,138,12,31,307.1,3,5,200.0,5,16,216.7,8,24,32,5,12,4,5,6,-22,69,64,37,37,107.80811609782316,45.73716742811072,8.53292125772642,6.516796560064499,308.30932545014775,255.41144853533996,140.17549045955388,74.80059123891428,10
382,Michael Porter Jr.,Denver Nuggets,SF,190,341,71,141,505.7,17,20,543.3,31,73,417.6,9,57,66,14,17,8,10,5,81,270,256,204,80,265.60219586315065,80.33251641995882,16.63856484658367,24.107734535829824,467.36810116655226,460.26997353200665,264.14233898637383,105.52906577786491,10
383,Mikal Bridges,Brooklyn Nets,SF,138,315,49,118,411.6,10,11,466.7,30,72,425.9,7,24,31,33,10,11,8,4,-33,202,169,171,64,405.80622837370237,54.65813148788928,18.352249134948096,23.00899653979239,654.0013840830451,566.7162629757785,501.28096885813153,64.82076124567473,10
384,Mike Conley,Minnesota Timberwolves,PG,123,294,42,101,407.4,13,14,580.0,26,59,404.0,10,25,35,51,21,11,25,2,21,209,158,174,86,283.0088275237664,28.0454956994115,64.96536894522409,26.400181077410593,371.13105477591665,361.1326392032594,253.21140787686733,132.8066998641919,10
385,Mike Muscala,Oklahoma City Thunder,C,16,96,7,26,306.7,1,3,50.0,1,14,33.3,8,13,21,6,8,3,2,1,38,43,37,22,27,34.25562130177514,29.177514792899412,7.2544378698224845,0.914792899408284,99.06390532544378,83.05917159763314,36.828402366863905,49.86390532544379,10
386,Miles Bridges,Charlotte Hornets,SF,193,366,73,155,472.9,27,31,721.4,20,63,275.2,9,55,64,34,14,6,16,3,-75,291,257,227,98,578.3074717490301,68.311013661663,27.08821049080789,34.13661663012312,1059.5687299713272,850.9669421487603,730.0753921403273,152.23309158374093,10
387,Miles McBride,New York Knicks,PG,101,248,36,85,426.7,9,11,416.7,20,51,335.2,6,19,25,19,20,7,5,0,8,145,126,120,44,436.9183673469388,40.73427738442316,21.37963348604748,29.925239483548523,758.7265722615577,666.2124114952103,529.9568929612661,61.58954602249063,10
388,Mitchell Robinson,New York Knicks,C,39,172,13,24,293.3,13,26,429.1,0,0,0.0,34,21,55,5,17,5,2,10,11,99,94,44,60,196.9604938271605,99.68641975308641,4.649382716049383,0.0,483.8641975308642,466.18271604938275,198.80000000000004,120.17777777777778,10
389,Mo Bamba,Philadelphia 76ers,C,75,191,28,53,507.8,11,15,425.0,8,23,273.3,18,46,64,10,25,7,5,17,-4,149,139,85,74,166.18400000000003,43.681777777777775,12.044444444444443,5.855999999999999,319.80000000000007,300.2444444444444,196.60177777777778,44.864,10
390,Monte Morris,Minnesota Timberwolves,PG,42,130,16,40,330.8,1,2,50.0,9,22,326.7,1,19,20,18,6,2,1,6,43,80,62,60,38,158.89698231009368,27.04058272632674,29.636258526997338,10.915828419470458,374.9723667476009,258.2330905306972,260.02474274482597,72.28835703549544,10
391,Moritz Wagner,Orlando Magic,C,91,163,36,68,539.8,18,23,675.0,1,12,100.0,12,33,45,6,29,8,10,3,49,142,136,97,51,151.81053012921143,23.0,8.46975003018959,2.053012921144789,231.68023185605603,194.37096968965102,195.669242845067,24.920299480739043,10
392,Moses Brown,Portland Trail Blazers,C,51,109,21,39,510.4,9,27,240.8,0,0,0.0,19,20,39,4,14,3,7,4,-16,94,90,55,43,103.24852071005918,72.11111111111111,6.401051939513478,0.0,281.23734385272843,267.051939513478,112.75016436554898,83.19592373438527,10
393,Moses Moody,Golden State Warriors,SG,105,216,35,72,523.8,16,21,596.7,19,36,555.0,7,24,31,14,19,5,5,1,49,150,136,119,45,148.45746579417013,19.938429506246283,7.389946460440214,16.890541344437832,240.5484830458061,205.3768590124925,176.96044021415827,33.99702558001189,10
394,Mouhamadou Gueye,Toronto Raptors,F,26,112,11,37,340.5,4,9,225.0,0,3,0.0,11,10,21,5,13,3,11,15,-78,52,47,31,26,13.906509695290858,27.529778393351805,4.25,0.0,63.374653739612185,48.5983379501385,29.603878116343495,30.858725761772856,9
395,Mouhamed Gueye,Atlanta Hawks,F,21,56,7,17,108.9,4,4,100.0,3,6,166.7,8,11,19,4,12,3,0,4,-13,44,40,25,23,128.75,11.421875,5.6875,2.29296875,159.796875,175.546875,105.6875,24.421875,3
396,Moussa Diabate,LA Clippers,F,2,7,1,1,100.0,0,2,0.0,0,0,0.0,1,3,4,0,0,1,0,1,1,6,6,2,4,0.0,0.0,0.0,0.0,0.0,0.0,0.0,0.0,1
397,Myles Turner,Indiana Pacers,C,208,287,74,136,551.3,30,43,725.0,30,63,489.0,8,69,77,21,22,5,9,20,91,306,285,229,98,612.4888360417492,101.6230677764566,46.56929581186418,33.545514599022326,1211.596247853085,1064.2181265688996,745.4444444444446,162.61487646981107,10
398,Naji Marshall,New Orleans Pelicans,SF,66,209,24,57,389.7,9,10,400.0,9,24,357.1,7,25,32,14,19,7,5,4,-17,112,98,80,46,200.40082644628103,22.501291322314053,17.789256198347108,12.90625,287.7409607438017,246.40418388429754,223.32231404958677,58.70583677685951,10
399,Nassir Little,Phoenix Suns,SF,22,76,9,22,325.0,0,0,0.0,4,13,250.0,0,12,12,5,9,0,1,2,-20,39,34,27,17,45.22666666666666,17.0225,5.255833333333333,2.5066666666666673,75.16,62.76916666666666,53.562499999999986,26.33333333333334,9
400,Nate Hinton,Houston Rockets,G,14,36,5,10,143.3,2,3,66.7,2,5,66.7,2,9,11,7,5,1,1,2,8,32,25,21,18,78.91836734693878,11.0,11.632653061224492,3.4897959183673466,174.0,114.01360544217688,117.0,44.5374149659864,3
401,Nathan Mensah,Charlotte Hornets,C,4,59,2,5,66.7,0,0,0.0,0,0,0.0,4,6,10,1,13,2,1,4,-17,15,14,5,11,13.75,9.9375,0.859375,0.0,41.359375,44.4375,13.484375,7.984375,7
402,Naz Reid,Minnesota Timberwolves,C,122,227,43,100,409.7,19,30,490.8,17,45,348.3,3,42,45,12,28,9,13,7,-8,179,167,134,57,667.4750434027777,147.900390625,11.100694444444446,30.244140625,1303.5694444444443,1174.9340277777778,763.2510850694443,191.86046006944446,10
403,Neemias Queta,Boston Celtics,C,70,116,33,45,590.1,4,6,175.0,0,0,0.0,19,25,44,10,12,5,7,12,81,124,114,80,54,210.49586776859505,68.82851239669421,19.010330578512395,0.0,562.3471074380166,454.72933884297515,309.2747933884297,96.67768595041323,9
404,Nic Claxton,Brooklyn Nets,C,102,311,46,74,638.1,10,30,330.0,0,0,0.0,31,81,112,22,23,6,21,21,9,236,214,124,134,139.23426306965402,86.15058680079254,15.7290047248895,0.0,325.92196311537873,289.16476146928824,166.45816186556925,111.41289437585733,10
405,Nick Jr. Smith,Charlotte Hornets,G,77,177,26,75,328.9,9,10,187.5,16,40,271.2,2,18,20,17,11,2,7,0,-15,114,97,94,37,623.0548696844992,37.90123456790124,16.679012345679013,39.16598079561042,1065.5363511659807,887.639231824417,768.5322359396434,87.0,10
406,Nick Richards,Charlotte Hornets,C,94,247,39,53,745.5,16,18,575.0,0,0,0.0,18,51,69,8,24,5,10,4,-44,171,163,102,77,62.56850077968366,194.35219425261755,7.615059033192247,0.0,339.3105368678993,373.687458231232,39.42214301626198,190.73668968589885,10
407,Nickeil Alexander-Walker,Minnesota Timberwolves,SG,120,262,42,97,419.3,14,15,650.0,22,60,405.4,6,18,24,32,20,13,9,3,80,176,144,152,56,412.5875894520145,22.576021958631507,26.85266150377414,20.083129104989705,681.3530046073914,550.890893049701,532.7265954318203,59.75178904029017,10
408,Nicolas Batum,Philadelphia 76ers,PF,59,283,20,51,334.5,2,4,100.0,17,41,321.2,10,37,47,14,16,6,5,5,6,120,106,73,61,307.1068144943212,26.269605191995673,20.520281233098974,33.41617090319092,294.19469983775014,346.0,244.10086533261222,57.99053542455381,10
409,Nikola Jokic,Denver Nuggets,C,266,374,105,170,616.8000000000001,43,52,727.3,13,27,460.0,33,108,141,91,28,20,34,3,85,498,407,357,232,522.0,146.40625,71.15212673611111,6.251085069444445,618.1156684027778,551.90625,589.6937934027777,216.0740017361111,10
410,Nikola Jovic,Miami Heat,F,103,249,38,80,492.1,6,7,266.7,21,50,445.8,5,53,58,17,19,8,12,4,-46,178,161,120,75,508.1157049375372,59.95389649018442,34.56067816775729,23.632956573468178,825.8753718024986,748.4622248661511,559.1469363474123,120.89649018441405,10
411,Nikola Vucevic,Chicago Bulls,C,179,332,75,149,475.7,13,18,385.7,16,41,480.0,22,79,101,34,18,7,13,5,-42,314,280,213,135,536.3049148653544,101.378215191402,32.65040454051443,5.254437869822485,578.5467938654751,552.4352131385099,509.90858591957493,186.53652940466128,10
412,Noah Clowney,Brooklyn Nets,F,89,241,33,60,503.9,14,20,396.4,9,20,283.4,18,37,55,9,19,5,9,14,-52,153,144,98,64,487.61706406205116,102.65642056880208,7.320597529445562,11.471128985923585,918.6529732835392,869.9448434357943,527.7983338121229,118.50387819592069,10
413,Norman Powell,LA Clippers,G,117,284,39,98,399.4,14,15,350.0,25,52,474.7,4,23,27,9,23,6,10,0,47,153,144,126,36,346.6326530612245,32.90277777777778,7.379818594104309,17.316326530612244,467.90051020408157,443.51162131519277,368.86281179138325,42.441326530612244,10
414,O.G. Anunoby,New York Knicks,SF,128,343,55,114,475.4,2,3,100.0,16,40,385.0,8,35,43,10,22,12,13,10,38,181,171,138,53,295.88858842617634,120.15197404002163,11.952406706327743,18.81882098431585,417.5429962141698,463.5170362358032,259.27744726879394,122.74148188209844,10
415,Obi Toppin,Indiana Pacers,PF,123,179,50,91,532.6,8,10,450.0,15,43,329.5,10,40,50,15,19,8,7,7,47,188,173,138,65,337.3299803445485,69.78610243958839,32.60434732338998,13.374378540871776,528.6712914787838,538.8751300728408,371.105098855359,58.411492658110774,10
416,Ochai Agbaji,Toronto Raptors,G,73,276,29,70,378.4,12,21,441.7,3,23,120.0,19,24,43,20,18,9,13,9,-49,136,116,93,63,168.44489795918366,81.27551020408164,24.35918367346939,2.559183673469388,478.68775510204085,359.1938775510204,238.60816326530613,154.96530612244896,10
417,Olivier Sarr,Oklahoma City Thunder,C,11,22,4,7,125.0,3,5,116.7,0,1,0.0,4,4,8,0,3,0,1,1,-14,19,19,11,8,43.6875,8.75,0.0,0.0,79.1875,79.1875,43.6875,8.75,3
418,OlivierMaxence Prosper,Dallas Mavericks,F,41,102,14,32,235.7,9,14,217.1,4,12,83.3,7,15,22,2,4,3,4,2,-57,65,63,43,24,315.3374726077429,66.47626004382761,1.3571950328707085,5.7428780131482835,711.372534696859,657.9349890430972,353.9554419284149,82.65303140978817,6
419,Omer Yurtseven,Utah Jazz,C,104,220,47,86,529.8,9,11,500.0,1,7,50.0,27,51,78,13,13,3,12,4,-57,195,182,117,91,289.8351525952328,233.4560035642682,12.69035419915349,0.9010915571396747,868.6587213187793,764.7676542659838,327.2401425707284,312.63243484072177,10
420,Onuralp Bitim,Chicago Bulls,SF,54,166,24,54,474.4,1,1,100.0,5,23,133.4,5,14,19,8,16,1,6,1,-56,81,73,62,27,280.4094674556213,51.17514792899408,5.836686390532545,4.813017751479291,548.9360946745562,513.9822485207101,299.7514792899408,72.62366863905325,10
421,Onyeka Okongwu,Atlanta Hawks,PF,147,296,61,89,703.8000000000001,16,22,492.9,9,19,466.6,32,44,76,11,28,7,5,15,4,234,223,158,87,308.4240362811791,185.95918367346937,9.244897959183675,5.6893424036281175,807.5192743764171,822.7913832199548,307.3560090702948,181.0,10
422,Orlando Robinson,Miami Heat,C,13,59,4,11,108.3,4,5,175.0,1,2,100.0,8,9,17,5,4,1,3,0,4,35,30,18,22,57.0,32.03623580313683,3.086533261222282,0.8658734451054626,128.2839372633856,105.68739859383452,77.2958355868037,37.423472147106544,6
423,Oscar Tshiebwe,Indiana Pacers,C,3,5,1,3,33.3,1,2,50.0,0,0,0.0,2,0,2,0,1,0,0,1,8,5,5,3,2,0.25,0.0,0.0,0.0,0.25,0.25,0.25,0.0,1
424,Oshae Brissett,Boston Celtics,SF,39,128,15,34,385.1,6,16,190.0,3,8,250.0,15,17,32,9,9,2,5,4,23,80,71,48,41,68.759765625,83.76806640625,4.900390625,2.14306640625,213.93212890625,234.94384765625,59.40625,77.01025390625,10
425,Ousmane Dieng,Oklahoma City Thunder,F,41,113,16,37,374.4,4,4,200.0,5,17,253.3,1,8,9,18,5,6,8,5,18,68,50,59,27,215.17233560090705,7.090702947845805,28.75736961451247,4.777777777777779,409.50566893424036,268.9750566893424,346.55102040816325,45.0,10
426,P.J. Tucker,LA Clippers,PF,19,164,7,17,213.3,0,0,0.0,5,9,400.0,7,22,29,6,13,7,1,0,3,54,48,25,35,91.27091906721536,49.36145404663923,2.46639231824417,4.554869684499314,178.50754458161862,165.6049382716049,102.62345679012347,53.37791495198902,10
427,P.J. Washington,Dallas Mavericks,PF,136,344,50,106,442.8,15,22,531.4,21,58,343.8,11,53,64,16,20,17,14,12,66,216,200,152,80,616.4447713897691,68.43300135808057,12.5,29.20439112720688,761.4714803078316,692.7161611588955,670.1149841557265,96.01810774105931,10
428,Paolo Banchero,Orlando Magic,PF,230,362,82,197,416.9,52,66,797.3,14,54,247.1,16,65,81,57,19,6,35,6,-10,368,311,287,138,382.37343769726044,160.14808736270672,18.109203383411185,12.511551571771243,941.2781214493119,811.9930564322686,459.8077262971847,230.10806716323697,10
429,Pascal Siakam,Indiana Pacers,PF,231,340,97,174,563.7,28,44,640.0,9,27,350.0,25,60,85,30,32,6,9,6,14,346,316,261,115,629.6053879061163,53.575557867961614,41.6695571742398,8.908428720083245,938.4430570008093,865.9229968782519,659.4453694068678,137.9251936640074,10
430,Pat Connaughton,Milwaukee Bucks,SG,41,215,16,44,316.6,6,7,450.0,3,22,100.0,4,22,26,19,17,8,4,2,-20,86,67,60,45,74.78675551853395,31.413577675968344,12.119325281132863,4.765930862140776,180.47501041232823,121.9795918367347,121.48209079550188,55.33298625572677,10
431,Pat Spencer,Golden State Warriors,G,2,15,1,3,33.3,0,0,0.0,0,2,0.0,2,2,4,3,0,0,1,0,7,9,6,5,7,1.3407202216066483,11.346260387811633,4.886426592797783,0.0,45.38504155124653,20.48753462603878,11.346260387811633,31.124653739612192,1
432,Patrick Baldwin Jr.,Washington Wizards,F,69,217,26,63,339.8,6,9,325.0,11,43,163.3,6,44,50,11,25,9,8,8,-19,130,119,80,61,489.18052167385997,151.4479264402327,24.90542315631451,18.974479264402326,1376.0390317132671,1119.9652842934884,665.656220679302,255.95139801088385,10
433,Patrick Beverley,Milwaukee Bucks,PG,91,295,31,62,456.5,17,18,580.0,12,25,440.0,9,41,50,42,20,9,7,5,-4,183,141,133,92,429.4663923182442,83.24157902758726,52.898643499466544,18.285017527815885,847.6968449931411,703.3627495808566,526.7061423563482,183.23456790123458,10
434,Patrick Williams,Chicago Bulls,PF,6,24,2,9,22.2,2,2,100.0,0,5,0.0,0,6,6,2,5,0,2,2,-11,14,12,8,8,0.0,0.0,0.0,0.0,0.0,0.0,0.0,0.0,1
435,Patty Mills,Miami Heat,PG,69,180,23,66,325.9,13,14,466.7,10,44,210.8,5,3,8,16,12,8,5,0,38,93,77,85,24,245.24777500889996,5.755072979708081,14.519757920968317,6.697757208971164,279.97899608401565,234.71662513349943,278.38269846920616,32.40227839088644,10
436,Paul George,LA Clippers,F,216,326,69,150,468.5,50,55,832.1,28,66,433.3,3,45,48,39,30,14,26,5,40,303,264,255,87,921.625,77.712890625,53.13650173611111,27.532335069444446,1742.5694444444443,1371.244140625,1208.355251736111,215.44444444444443,10
437,Paul Reed,Philadelphia 76ers,SF,61,157,29,46,789.8,2,5,100.0,1,3,50.0,17,31,48,14,19,9,6,8,32,123,109,75,62,101.796,93.99999999999999,36.425,1.0959999999999999,527.901,371.236,197.06099999999998,191.82500000000002,10
438,Payton Pritchard,Boston Celtics,PG,141,258,59,108,430.1,2,2,100.0,21,48,369.2,9,21,30,53,17,6,9,0,110,224,171,194,83,1257.2736384494626,29.015577828764645,102.87296220263254,22.94493418669243,2255.8152397053495,1486.6478686149014,1962.2130177514794,196.1165318198285,10
439,Pete Nance,Cleveland Cavaliers,F,3,11,1,3,33.3,0,0,0.0,1,1,100.0,0,1,1,0,1,0,0,0,-18,4,4,3,1,5.76,0.30250000000000005,0.0,0.6400000000000001,8.7025,8.7025,5.76,0.30250000000000005,1
440,Peyton Watson,Denver Nuggets,F,55,180,23,49,470.8,5,8,250.0,4,14,250.0,6,25,31,14,17,3,6,18,12,100,86,69,45,143.00845828527488,96.81237985390234,22.85678585159554,4.458477508650519,390.0609381007305,323.64167627835445,162.90138408304497,166.1955017301038,10
441,Precious Achiuwa,New York Knicks,PF,22,150,9,29,301.7,3,6,100.0,1,5,100.0,14,26,40,5,18,2,7,8,-28,67,62,27,45,238.61860876152002,158.03484408534277,12.774775912132307,0.982830450700669,808.4132054033582,693.8139123847999,299.29188233808867,224.7356394394647,10
442,Quentin Grimes,Detroit Pistons,SG,82,213,26,80,296.2,19,24,525.0,11,50,200.0,2,27,29,19,13,7,9,4,-12,130,111,101,48,312.44628099173553,35.19834710743802,14.900826446280991,10.900826446280991,442.06611570247935,483.0495867768595,277.6942148760331,43.86776859504132,10
443,Quenton Jackson,Indiana Pacers,G,0,7,0,1,0.0,0,0,0.0,0,0,0.0,0,1,1,2,1,1,0,0,6,3,1,2,3,0.36,0.09000000000000002,1.9599999999999997,0.0,0.25,0.8099999999999998,0.6400000000000001,1.2100000000000002,1
444,R. Rupert,Portland Trail Blazers,G,63,324,22,77,278.6,6,8,300.0,13,42,240.2,10,32,42,31,29,7,15,2,-95,136,105,94,73,101.88495252008767,42.37107377647918,34.70891161431702,13.451059167275384,246.1957633308985,137.58838568298023,177.07231555880205,110.5,10
445,RJ Barrett,Toronto Raptors,SG,244,335,96,172,560.7,39,56,647.3,13,36,325.0,11,50,61,45,26,6,34,5,-65,350,305,289,106,234.80991735537188,71.76400367309458,50.50229568411387,12.17722681359045,532.4499540863177,428.8879706152433,327.46097337006427,133.17722681359047,10
446,RaiQuan Gray,San Antonio Spurs,F,23,36,10,17,118.1,0,0,0.0,3,7,60.0,2,3,5,6,0,1,0,1,18,34,28,29,11,37.23140495867769,12.834710743801653,4.793388429752065,4.834710743801653,71.53719008264464,41.685950413223146,55.1487603305785,29.56198347107438,2
447,Reggie Bullock,Houston Rockets,SF,17,91,6,14,183.3,0,0,0.0,5,12,200.0,0,13,13,3,10,3,2,2,-34,33,30,20,16,112.69974089315653,22.155616521871664,2.1281816796220085,8.820454199055023,208.44185337600976,189.80795610425238,132.0865721688767,23.530864197530867,10
448,Reggie Jackson,Denver Nuggets,PG,69,163,26,74,313.7,6,7,250.0,11,36,266.6,4,13,17,22,19,4,8,1,3,108,86,91,39,310.66243752402926,26.22491349480969,37.14513648596694,8.992310649750097,594.9398308342944,435.5055747789312,450.02172241445595,83.4450211457132,10
449,Richaun Holmes,Washington Wizards,F,88,241,35,62,516.4,18,21,591.7,0,2,0.0,31,52,83,9,31,7,8,8,-2,180,171,97,92,289.8569488456315,267.74694431869625,7.027161611588955,0.004526935264825713,982.0,910.5165233137166,326.7682209144409,309.3463105477592,10
450,Ricky IV Council,Philadelphia 76ers,G,51,103,16,35,424.9,12,17,358.3,7,14,433.3,2,6,8,9,9,6,2,1,33,68,59,60,17,128.9556786703601,8.880886426592799,9.022160664819943,4.125884887657741,229.41828254847647,164.7950138504155,190.77008310249306,20.71191135734072,10
451,Robin Lopez,Milwaukee Bucks,C,6,23,3,9,37.5,0,0,0.0,0,2,0.0,1,0,1,1,3,1,0,2,-16,8,7,7,2,21.92,0.52,0.6800000000000002,0.0,24.48,29.0,18.28,0.32000000000000006,2
452,Royce O'Neale,Phoenix Suns,PF,58,247,20,61,236.9,3,4,150.0,15,49,236.79999999999998,8,39,47,19,23,7,5,4,-3,124,105,77,66,331.77599999999995,68.116,25.125,18.181,689.4490000000001,540.4839999999999,433.221,140.76100000000002,10
453,Rudy Gobert,Minnesota Timberwolves,C,160,351,58,84,678.3,44,58,601.7,0,0,0.0,42,81,123,17,31,14,17,17,35,300,283,177,140,349.9954648526077,235.81887755102042,10.154478458049887,0.0,918.204081632653,890.5694444444445,348.53316326530614,275.0702947845805,10
454,Rui Hachimura,Los Angeles Lakers,PF,127,316,48,98,518.9,15,20,550.0,16,35,473.6,13,36,49,13,15,5,4,2,-42,189,176,140,62,630.5780805803353,73.66405254386825,10.107146358200175,10.469169689246154,981.3450642093912,921.1577296343496,665.8843250661699,108.65228899127536,10
455,Russell Westbrook,LA Clippers,PG,103,231,40,96,401.3,14,21,500.0,9,25,350.0,9,45,54,41,25,12,28,5,59,198,157,144,95,356.58494031221306,169.19375573921027,166.26675849403125,7.59504132231405,1342.06290174472,654.3388429752066,753.2033976124885,626.5661157024792,10
456,Ryan Arcidiacono,New York Knicks,G,0,5,0,1,0.0,0,0,0.0,0,1,0.0,0,0,0,0,1,1,0,0,3,0,0,0,0,0.0,0.0625,0.0,0.0,0.0625,0.0625,0.0,0.0625,1
457,Ryan Rollins,Milwaukee Bucks,G,0,7,0,1,0.0,0,0,0.0,0,0,0.0,0,2,2,2,1,0,1,0,0,4,2,2,4,0.81,1.9599999999999997,1.2100000000000002,0.09,2.5600000000000005,0.25,0.03999999999999998,6.25,1
458,Saben Lee,Phoenix Suns,G,35,103,9,28,194.29999999999998,15,20,416.7,2,9,83.3,3,15,18,17,6,4,2,0,6,70,53,52,35,220.85034013605443,38.795918367346935,18.46938775510204,1.7006802721088436,500.3197278911565,421.49659863945584,271.3333333333333,85.60544217687075,9
459,Saddiq Bey,Atlanta Hawks,SF,146,337,48,125,372.4,31,35,800.0,19,59,298.4,29,32,61,14,7,4,10,4,-23,221,207,160,75,398.90000000000003,67.125,9.625,14.9,439.4000000000001,478.32500000000005,362.225,74.5,10
460,Sam Hauser,Boston Celtics,SF,91,239,33,95,379.2,2,2,100.0,23,69,354.9,6,27,33,17,10,8,1,3,106,141,124,108,50,351.3425751197562,40.74626215706198,14.20714182029322,27.64740891275947,493.36318769052104,422.3957032951082,396.8439541297721,80.41950936275222,10
461,Sam Merrill,Cleveland Cavaliers,SG,74,169,23,56,286.7,5,6,266.7,23,53,295.5,3,15,18,19,14,2,2,0,-8,111,92,93,37,474.4417009602195,22.28501752781588,17.087791495198903,50.111111111111114,844.1354976375552,662.6919676878524,627.5679012345679,67.69013869836915,10
462,Samardo Samuels,Houston Rockets,F,0,11,0,1,0.0,0,0,0.0,0,0,0.0,1,2,3,1,1,0,0,1,-6,4,3,1,4,1.53125,2.03125,0.6953125,0.0,0.1953125,0.5,1.1328125,2.8203125,2
463,Sandro Mamukelashvili,San Antonio Spurs,PF,108,227,42,82,533.5,13,17,500.0,11,29,276.6,24,63,87,20,13,1,11,4,19,215,195,128,107,396.77800916284883,175.13660974593915,14.203248646397332,13.82465639316951,755.4539775093712,690.3469387755102,401.81840899625155,249.4064972927947,10
464,Santi Aldama,Memphis Grizzlies,PF,116,316,42,90,459.2,13,20,450.0,19,52,309.5,11,56,67,23,14,10,7,16,-91,206,183,139,90,464.97257653061223,94.125,18.288903061224488,31.887755102040817,898.1326530612246,764.936862244898,555.9005102040816,154.68176020408163,10
465,Sasha Vezenkov,Sacramento Kings,F,40,103,13,37,238.9,5,5,200.0,9,26,251.2,2,11,13,5,11,6,1,0,25,58,53,45,18,89.22265625,4.265625,4.2900390625,10.4306640625,145.9228515625,105.03515625,128.4462890625,10.2197265625,9
466,Scoot Henderson,Portland Trail Blazers,G,186,351,70,168,416.2,22,28,706.7,24,63,380.7,8,27,35,84,34,12,55,2,-154,305,221,270,119,249.89269928364575,44.56439567139156,124.44444444444443,26.271604938271608,487.6063100137175,297.43347050754454,456.8474317939339,152.2269471117208,10
467,Scottie Barnes,Toronto Raptors,SF,179,333,70,155,460.1,33,39,674.9,6,36,159.89999999999998,28,63,91,75,18,13,31,14,21,345,270,254,166,391.6640625,102.8515625,85.6640625,4.8515625,827.2890625,587.40625,576.65625,243.40625,10
468,Scotty Pippen Jr.,Memphis Grizzlies,G,143,269,57,118,445.1,17,20,585.7,12,39,267.9,11,20,31,46,32,22,30,5,-52,220,174,189,77,595.8697978596908,32.923305588585016,34.46848989298454,12.133769322235434,1017.0439952437574,778.5992865636148,805.4346016646849,96.2717003567182,10
469,Seth Curry,Charlotte Hornets,SG,81,181,29,67,372.5,14,15,566.7,9,31,256.6,4,15,19,17,7,5,7,3,-33,117,100,98,36,233.0,12.900826446280993,16.140495867768593,4.900826446280991,334.3388429752066,276.08264462809916,269.8677685950413,50.429752066115704,10
470,Shai Gilgeous-Alexander,Oklahoma City Thunder,PG,256,333,89,191,467.9,68,82,880.6,10,41,263.3,8,44,52,49,23,11,18,6,126,357,308,305,101,453.6111111111111,64.15647600262986,35.91091387245233,8.32215647600263,646.8211702827086,655.1863905325444,472.25706771860627,73.05621301775147,10
471,Shake Milton,New York Knicks,SG,49,126,21,46,431.1,2,3,66.7,5,12,250.0,9,19,28,15,12,4,5,2,-6,92,77,64,43,168.13609467455623,82.63017751479289,18.28994082840237,8.869822485207102,562.7485207100592,440.9378698224852,242.85207100591717,148.0147928994083,10
472,Sidy Cissoko,San Antonio Spurs,G,39,109,15,27,241.3,8,11,221.4,1,8,33.3,8,8,16,10,16,4,2,3,10,65,55,49,26,156.3194706994329,17.546313799621927,21.4593572778828,0.833648393194707,385.79773156899813,270.70132325141776,242.42155009451795,68.0,6
473,Simone Fontecchio,Detroit Pistons,F,158,307,55,116,455.5,19,21,616.7,29,65,413.2,8,41,49,16,20,10,13,5,5,223,207,174,65,506.0,36.90963139120095,14.430439952437576,30.11296076099881,589.4708680142687,547.3923900118907,538.8442330558859,60.574316290130795,10
474,Skylar Mays,Los Angeles Lakers,SG,8,34,4,10,170.0,0,0,0.0,0,3,0.0,0,1,1,3,2,3,2,1,-3,12,9,11,4,17.521632653061225,0.8236734693877551,3.323265306122449,0.0,18.927346938775507,20.020408163265312,17.51755102040816,3.057959183673469,4
475,Spencer Dinwiddie,Los Angeles Lakers,PG,55,170,15,36,251.7,16,19,550.0,9,23,220.0,2,18,20,18,13,2,5,1,-38,93,75,73,38,360.37006427915514,20.025507601265176,43.00867258443015,16.365574941332518,753.0165289256198,502.4825017855321,583.4938271604939,90.44444444444444,10
476,Stanley Umude,Detroit Pistons,G,49,150,16,39,260.4,8,9,366.7,9,25,243.3,5,16,21,3,15,4,4,2,-32,73,70,52,24,177.08,44.0,1.9200000000000002,10.88,278.68,272.78,180.88,48.02,8
477,Stephen Curry,Golden State Warriors,PG,243,334,85,184,483.1,28,30,858.3,45,101,477.59999999999997,2,45,47,63,13,8,31,7,54,353,290,306,110,387.3309897241752,48.229853975121685,56.877501352082206,28.804218496484587,340.1019469983775,337.0091941590049,370.5,125.03109789075177,10
478,Svi Mykhailiuk,Boston Celtics,SG,71,149,25,47,692.1,3,3,200.0,18,35,593.2,3,14,17,14,7,1,3,0,98,102,88,85,31,373.9078204783661,14.159365761891964,16.40042999193765,26.358505778016664,630.9830690674551,492.79172265520015,501.689062080086,40.96990056436442,10
479,T. Vukcevic,Washington Wizards,PF,85,143,29,65,303.7,17,22,427.8,10,35,215.3,6,26,32,13,27,4,9,6,29,130,117,98,45,371.53739612188366,62.60941828254847,13.550554016620497,7.517313019390581,640.7804709141274,532.8060941828254,431.75,123.92174515235456,7
480,T.J. McConnell,Indiana Pacers,PG,127,192,59,106,544.0,4,4,200.0,5,15,225.0,5,20,25,57,16,3,12,2,31,209,152,184,82,274.75308641975306,20.64938271604938,73.44444444444444,8.504938271604939,532.9012345679013,279.0271604938272,476.5234567901235,146.19753086419752,10
481,T.J. Warren,Minnesota Timberwolves,SF,37,119,16,39,361.2,3,4,150.0,2,13,83.3,5,16,21,7,11,3,4,1,45,65,58,44,28,77.13791238507301,20.88209843158464,7.56571119524067,1.6170903190914006,127.53812871822608,137.0400216333153,63.96051919956733,32.123309897241754,9
482,Taj Gibson,Detroit Pistons,F,18,40,8,14,216.7,0,0,0.0,2,4,100.0,2,7,9,2,3,1,0,1,-5,29,27,20,11,28.78116343490305,12.905817174515235,3.0027700831024937,1.0692520775623269,90.5567867036011,62.88919667590027,45.49030470914127,26.867036011080327,4
483,Taj Gibson,New York Knicks,F,2,68,0,9,0.0,2,2,100.0,0,2,0.0,4,6,10,4,8,1,3,0,2,16,12,6,14,39.79224376731302,10.013850415512465,1.1745152354570638,0.6786703601108033,45.65650969529086,47.229916897506925,34.362880886426595,15.044321329639889,5
484,Talen Horton-Tucker,Utah Jazz,SG,109,209,39,102,368.0,16,19,538.1,15,44,351.6,1,17,18,22,19,9,10,4,-48,149,127,131,40,409.8,21.616,36.084,11.076,629.716,557.976,470.564,68.676,10
485,Taurean Prince,Los Angeles Lakers,PF,69,220,23,61,382.4,12,12,500.0,11,35,333.3,3,22,25,6,14,4,8,4,-12,100,94,75,31,78.65733506944443,18.06684027777778,8.5390625,10.259765625,167.259765625,139.009765625,103.24587673611109,30.267361111111114,10
486,Taylor Hendricks,Utah Jazz,F,98,267,36,72,505.0,5,7,216.7,21,41,540.0,11,39,50,15,16,11,7,7,-47,163,148,113,65,284.2560553633218,59.88788927335639,12.883737024221453,14.273356401384081,333.0927335640138,319.63460207612457,293.80276816609,76.68304498269896,10
487,Taze Moore,Portland Trail Blazers,G,14,35,6,15,135.7,1,2,50.0,1,5,20.0,4,4,8,5,2,1,3,0,-20,27,22,19,13,58.0,34.0,6.03125,0.53125,250.53125,180.0,101.03125,67.53125,2
488,Terance Mann,LA Clippers,SG,113,249,44,71,585.5,13,14,575.0,12,23,516.6,17,28,45,14,25,4,9,0,22,172,158,127,59,510.94444444444446,86.28546712802769,8.583044982698961,11.747789311803153,929.8671664744329,852.2299115724721,572.1941560938101,111.25605536332179,10
489,Terquavion Smith,Philadelphia 76ers,G,46,71,16,40,307.8,3,5,150.0,11,30,266.6,0,4,4,11,6,8,6,0,1,61,50,57,15,252.1487603305785,2.0661157024793386,21.231404958677683,22.2396694214876,271.0,244.41322314049586,280.7933884297521,21.2396694214876,8
490,Terry Rozier,Miami Heat,SG,188,305,68,150,442.8,15,16,466.7,37,74,449.4,2,29,31,31,14,12,12,3,40,250,219,219,62,683.6591836734694,25.0,25.765306122448976,77.26122448979592,794.9469387755103,827.7163265306122,646.1755102040817,55.479591836734706,10
491,Terry Taylor,Chicago Bulls,F,15,56,5,10,325.0,3,4,150.0,2,3,150.0,4,10,14,3,1,2,0,0,-15,32,29,18,17,20.88823959094229,35.125639152666174,3.509130752373996,1.7983929875821767,117.36084733382029,97.06866325785245,26.967129291453613,52.848064280496715,5
492,Thaddeus Young,Phoenix Suns,F,21,83,10,19,325.0,1,3,100.0,0,1,0.0,16,10,26,6,11,5,4,0,0,53,47,27,32,34.169382716049384,71.5679012345679,7.164444444444444,0.0,149.1664197530864,133.7767901234568,44.877530864197524,83.41382716049381,7
493,Thaddeus Young,Phoenix Suns,PF,13,49,6,8,241.7,1,2,50.0,0,1,0.0,5,10,15,6,3,2,1,1,-11,34,28,19,21,11.317037037037036,32.81481481481482,10.613333333333335,0.0,125.37925925925923,69.98370370370371,42.26814814814815,67.87259259259258,3
494,Thanasis Antetokounmpo,Milwaukee Bucks,SF,16,62,8,15,416.7,0,2,0.0,0,1,0.0,2,1,3,6,8,3,4,1,-16,25,19,22,9,24.968858131487888,1.8788927335640138,1.8892733564013842,0.0,32.425605536332185,27.221453287197235,30.59515570934256,3.3460207612456747,8
495,Theo Maledon,Phoenix Suns,PG,5,10,1,2,50.0,3,3,100.0,0,0,0.0,0,1,1,0,3,0,3,0,-11,6,6,5,1,14.0625,0.5625,0.0,0.0,20.25,20.25,14.0625,0.5625,1
496,Thomas Bryant,Miami Heat,C,85,133,31,53,565.8,19,20,675.0,4,12,233.3,12,39,51,7,18,4,6,7,60,143,136,92,58,540.1,108.904,8.136,4.404000000000001,1057.396,974.1639999999999,614.756,125.616,10
497,Tim Hardaway Jr.,Dallas Mavericks,SF,70,194,26,73,333.5,6,8,200.0,12,47,252.5,1,21,22,17,10,5,6,0,-49,109,92,87,39,223.02049861495846,11.745152354570635,14.273130193905818,9.074792243767313,365.25041551246545,322.8520775623268,263.0,28.43711911357341,10
498,Tobias Harris,Philadelphia 76ers,PF,133,333,51,113,446.0,18,21,600.0,13,36,260.8,23,59,82,25,19,4,9,10,47,240,215,158,107,316.1588970442373,42.494743106526485,21.040071414401904,24.950009918666932,443.52192025391787,334.2188057925014,401.96270581233875,87.0341202142432,10
499,Tony Allen,Memphis Grizzlies,F,13,124,6,23,125.0,1,2,50.0,0,7,0.0,4,13,17,5,18,4,2,0,-65,35,30,18,22,15.335640138408305,15.211072664359861,2.0,0.0,54.06920415224913,40.06920415224913,25.335640138408305,21.21107266435986,5
500,Torrey Craig,Chicago Bulls,SF,31,145,11,28,297.0,2,3,150.0,7,16,315.0,10,26,36,7,14,6,5,3,6,74,67,38,43,148.34176085663296,168.15377751338488,9.680547293277812,12.202558001189768,625.7549077929802,498.9559785841761,219.57198096371206,233.40303390838787,10
501,Tosan Evbuomwan,Detroit Pistons,F,84,276,29,53,552.3,17,25,508.4,9,23,390.0,10,34,44,10,17,5,8,4,-96,138,128,94,54,125.78092461474385,43.12952936276552,10.066638900458145,7.008329862557268,264.558100791337,237.48604748021654,150.0,56.04914618908788,10
502,Toumani Camara,Portland Trail Blazers,F,88,292,35,67,507.2,8,9,350.0,10,26,336.6,19,23,42,22,26,8,13,8,-36,152,130,110,64,287.70000000000005,51.93611111111112,28.402777777777775,8.002777777777778,547.7,471.46944444444443,351.46944444444443,92.8,10
503,Trae Young,Atlanta Hawks,PG,184,337,54,139,430.3,52,64,834.7,24,76,367.6,3,24,27,101,17,6,46,1,-75,312,211,285,128,552.625,10.90277777777778,48.5,11.625,598.2777777777777,457.4444444444445,703.125,49.73611111111111,10
504,Trayce JacksonDavis,Golden State Warriors,F,92,226,39,57,710.6,14,23,360.0,0,0,0.0,23,41,64,16,12,6,13,14,-21,172,156,108,80,260.68431001890355,112.5,22.401701323251416,0.0,520.0,409.01039697542535,350.5,156.07561436672967,10
505,Tre Jones,San Antonio Spurs,PG,115,337,48,103,441.5,7,11,258.3,12,37,291.7,11,49,60,70,13,11,21,2,44,245,175,185,130,135.34802560077287,81.97029344282092,62.53254437869822,9.600048303345007,366.3877551020408,228.67854123898078,187.22461055428087,230.33546673107114,10
506,Tre Mann,Charlotte Hornets,PG,113,312,41,93,454.59999999999997,18,22,588.3,13,38,366.7,4,32,36,53,12,20,27,3,-56,202,149,166,89,225.3860345169609,12.136480856972826,26.143820670501885,14.127157310057529,385.24261059313625,250.93056933148182,354.48879190636774,43.48958539972227,10
507,Trendon Watford,Brooklyn Nets,PF,120,253,45,87,520.9,22,33,493.8,8,20,290.0,8,47,55,21,24,6,23,6,-71,196,175,141,76,327.8986676674798,149.12122349408895,29.498780258960405,5.732407581159692,829.4133983861888,692.4756990054418,376.3507224620004,267.10564833927566,10
508,Trent Forrest,Atlanta Hawks,G,24,126,11,28,366.6,2,3,100.0,0,3,0.0,5,12,17,35,2,4,8,1,-25,76,41,59,52,30.69559864573715,12.694675284702985,66.63004001231148,0.0,151.2071406586642,30.62880886426593,137.7177593105571,92.8808864265928,10
509,Trevelin Queen,Orlando Magic,SG,0,13,0,3,0.0,0,0,0.0,0,2,0.0,0,1,1,1,1,0,0,0,-17,2,1,1,2,0.0,0.5918367346938775,0.7551020408163267,0.0,0.04081632653061227,0.5918367346938775,0.7551020408163267,0.04081632653061227,2
510,Trey Jemison,Memphis Grizzlies,C,71,282,31,64,450.5,9,10,450.0,0,0,0.0,34,38,72,16,26,6,15,13,-71,159,143,87,88,224.11296076099882,100.15933412604042,11.239001189060643,0.0,506.2889417360286,490.71462544589775,208.13436385255648,142.95124851367422,10
511,Trey Lyles,Sacramento Kings,PF,66,204,24,58,366.4,5,7,250.0,13,37,347.5,14,31,45,16,10,5,7,4,57,127,111,82,61,227.1353059465671,78.87991956334386,22.557311117494972,6.297902901465095,539.4527434645217,397.3326630278656,350.76644642344155,119.92617064062051,10
512,Trey Murphy III,New Orleans Pelicans,SG,167,400,57,121,464.8,19,20,387.5,34,82,399.6,5,57,62,28,18,12,15,8,-6,257,229,195,90,658.4097543609826,55.65984336062656,15.703809184763262,33.39284442862228,819.5786756852973,734.498576005696,720.5322178711285,94.32128871484514,10
513,Tristan Thompson,Cleveland Cavaliers,C,28,105,13,26,368.0,2,8,100.0,0,0,0.0,14,18,32,9,10,3,5,4,-50,69,60,37,41,68.6042524005487,42.64540466392317,4.944444444444444,0.0,152.48079561042522,147.85733882030178,64.09190672153636,56.72565157750344,10
514,Troy Brown Jr.,Detroit Pistons,SF,45,244,16,57,221.7,5,6,250.0,8,27,170.8,7,31,38,13,8,15,6,1,-54,96,83,58,51,177.14437869822487,22.852071005917157,14.313609467455622,21.685207100591715,234.0828402366864,187.79289940828403,197.2,63.400000000000006,10
515,TyTy Washington Jr.,Milwaukee Bucks,G,11,38,5,13,145.0,0,0,0.0,1,4,100.0,1,2,3,5,1,1,0,0,-2,19,14,16,8,25.0,2.8125,4.7569444444444455,0.7777777777777779,42.111111111111114,28.5625,41.340277777777786,4.777777777777778,4
516,Tyler Herro,Miami Heat,PG,205,365,69,163,425.4,34,36,825.0,33,86,398.2,2,45,47,64,16,3,39,0,50,316,252,269,111,369.9349173553719,53.0,119.33884297520663,15.293388429752065,820.9638429752066,494.98037190082647,651.1911157024792,217.06611570247932,10
517,Tyrese Haliburton,Indiana Pacers,PG,168,350,61,134,458.2,20,25,686.7,26,83,301.3,8,39,47,97,13,12,26,9,80,312,215,265,144,491.9151622269915,57.29415477843706,127.95190001262466,26.511551571771243,532.2908723646004,590.0026511804065,379.139123847999,240.31031435424822,10
518,Tyrese Maxey,Philadelphia 76ers,PG,285,405,105,218,466.7,44,46,950.0,31,88,339.9,3,41,44,62,22,7,17,4,68,391,329,347,106,1332.2894375857338,76.42676421277244,66.5679012345679,21.34567901234568,2173.210943453742,1747.274043590916,1631.877914951989,269.343087943911,10
519,Tyus Jones,Washington Wizards,PG,91,313,36,84,402.0,4,4,300.0,15,43,360.8,3,22,25,97,4,9,13,2,-70,213,116,188,122,345.04336734693874,43.53316326530612,160.5,20.959183673469386,776.265306122449,542.0510204081633,542.9719387755102,240.3188775510204,10
520,Udoka Azubuike,Phoenix Suns,C,2,11,1,3,33.3,0,2,0.0,0,0,0.0,2,4,6,0,1,0,0,0,-3,8,8,2,6,3.305785123966942,28.76859504132231,0.0,0.0,51.578512396694215,51.578512396694215,3.305785123966942,28.76859504132231,1
521,Usman Garuba,Golden State Warriors,PF,1,5,0,1,0.0,1,2,50.0,0,0,0.0,0,4,4,0,0,0,0,2,7,5,5,1,4,0.01777777777777777,5.444444444444443,0.017777777777777778,0.0,5.4444444444444455,6.084444444444445,0.0,4.840000000000001,1
522,Vasilije Micic,Charlotte Hornets,G,91,279,33,88,344.9,13,17,425.0,12,42,264.0,3,19,22,77,19,9,23,1,-74,190,113,168,99,231.96490946963627,22.29322224002564,138.8881589488864,11.724082679057842,671.192757570902,284.3190193879186,567.0200288415318,213.0,10
523,Victor Wembanyama,San Antonio Spurs,C,260,332,92,197,488.0,49,65,697.5,27,81,334.3,26,96,122,61,17,11,48,41,0,443,382,321,183,805.7886259040105,225.92373438527287,27.801775147928993,29.36949375410914,1775.4378698224855,1668.0621301775147,851.5548980933596,315.3349769888232,10
524,Vince Williams Jr.,Memphis Grizzlies,G,127,336,42,92,459.70000000000005,30,38,723.3,13,34,328.8,8,54,62,61,30,12,34,9,-54,250,189,188,123,231.93628808864267,72.8808864265928,35.61495844875347,18.00831024930748,492.2326869806094,474.07479224376726,226.76454293628805,131.82548476454295,10
525,Vit Krejci,Atlanta Hawks,G,63,237,24,45,483.7,1,1,100.0,14,30,320.8,4,21,25,19,23,6,8,0,-32,107,88,82,44,429.33664852692823,28.579283167573653,8.857759429536499,32.42709701632577,577.2045411897167,530.4308500656784,474.32238693938825,39.224995308688314,10
526,Walker Kessler,Utah Jazz,C,72,234,31,42,737.5,10,12,500.0,0,0,0.0,22,52,74,12,20,3,11,12,-77,158,146,84,86,107.6064272961714,126.54671692124577,7.620313429875025,0.0,303.70283673874235,272.61456060305494,118.40388811743702,154.45784566554255,10
527,Wendell Carter Jr.,Orlando Magic,C,83,231,31,67,482.4,7,10,275.0,14,37,426.3,19,35,54,13,28,4,9,2,-4,150,137,96,67,164.17530864197528,90.0,19.7,9.11111111111111,579.8530864197531,429.4197530864197,246.20864197530864,178.09999999999997,10
528,Wendell Moore Jr.,Minnesota Timberwolves,G,8,18,4,5,250.0,0,0,0.0,0,0,0.0,0,7,7,2,2,0,1,0,20,17,15,10,9,15.433250266998934,10.854040583837666,3.025631897472411,0.0,58.89426842292632,47.7625489498042,20.073691705233177,20.37095051619794,3
529,Wenyen Gabriel,Memphis Grizzlies,F,17,81,8,22,168.3,0,5,0.0,1,6,50.0,7,18,25,3,10,2,8,2,-16,45,42,20,28,59.72702331961591,43.6159122085048,4.060356652949245,0.879286694101509,182.2098765432099,171.6858710562414,60.574759945130324,57.352537722908096,5
530,Wesley Matthews,Atlanta Hawks,SG,40,134,14,36,376.1,2,2,100.0,10,24,370.0,5,12,17,9,12,6,2,3,-19,66,57,49,26,66.4099173553719,32.14049586776859,13.08595041322314,6.211570247933885,127.24628099173555,127.92561983471074,64.15702479338843,46.8,10
531,Xavier Moon,LA Clippers,G,24,90,11,37,145.6,0,0,0.0,2,14,22.2,6,8,14,14,5,3,2,2,-24,52,38,38,28,155.73828125,31.467013888888893,39.252170138888886,3.578125,545.828125,308.3980034722223,328.5555555555555,135.33203125,5
532,Xavier Tillman,Boston Celtics,F,44,114,19,37,492.7,1,3,50.0,5,14,223.3,4,16,20,12,6,4,2,4,4,76,64,56,32,112.837890625,28.7265625,3.83447265625,4.69775390625,182.41650390625,178.775390625,116.58447265625,32.45556640625,10
533,Yuta Watanabe,Memphis Grizzlies,SF,22,97,10,24,250.0,0,2,0.0,2,12,64.3,0,11,11,5,6,5,4,0,-36,38,33,27,16,115.08000000000001,11.27,3.75,1.4800000000000004,136.28,131.43,116.23000000000002,18.72,7
534,Zach Collins,San Antonio Spurs,PF,114,187,43,88,456.5,19,23,716.7,9,23,290.0,17,42,59,27,22,3,14,9,-6,200,173,141,86,321.0830498866213,75.76530612244899,15.444444444444443,7.339002267573696,551.890306122449,622.3109410430839,287.1862244897959,54.685941043083886,10
535,Zavier Simpson,Memphis Grizzlies,G,42,162,17,54,192.7,3,4,75.0,5,17,108.3,4,16,20,25,11,7,10,3,-29,87,62,67,45,176.17919999999998,38.88,5.7472,9.48,301.92,250.93120000000002,214.08,57.7152,7
536,Zeke Nnaji,Denver Nuggets,PF,32,114,14,20,576.7,3,7,150.0,1,1,100.0,6,16,22,6,14,3,0,7,-1,60,54,38,28,48.019274376417236,28.23696145124717,6.408163265306122,0.9002267573696145,137.83673469387756,130.48979591836735,45.91043083900227,44.100907029478456,10
537,Ziaire Williams,Memphis Grizzlies,F,103,270,39,94,389.0,13,16,421.4,12,46,213.7,6,38,44,20,15,12,15,0,-39,167,147,123,64,552.1,32.4,24.0,17.599999999999998,788.1,632.1,714.1,50.4,10
538,Zion Williamson,New Orleans Pelicans,PF,258,350,98,194,496.0,61,89,687.5,1,5,50.0,17,44,61,48,21,18,31,11,0,367,319,306,109,593.2396694214876,100.94963842975207,31.80501033057851,0.9297520661157026,824.0010330578513,819.2058367768595,565.4331095041323,165.35640495867767,10
