,First Last Name,team,position,points,minutes,fgm,fga,fgp,ftm,fta,ftp,tpm,tpa,tpp,offReb,defReb,totReb,assists,pFouls,steals,turnovers,blocks,plusMinus,Points_Rebounds_Assist,Points_Rebounds,Points_Assist,Rebounds_Assist,points_deviation,totReb_deviation,assists_deviation,tpm_deviation,Points_Rebounds_Assist_deviation,Points_Rebounds_deviation,Points_Assist_deviation,Rebounds_Assist_deviation,count
0,A. Flagler,Oklahoma City Thunder,F,3,15,1,7,25.0,0,0,0.0,1,6,33.3,0,0,0,4,0,0,0,0,0,7,3,7,4,5.625,0.0,2.5,0.625,15.625,5.625,15.625,2.5,2
1,A.J. Green,Milwaukee Bucks,G,48,151,16,39,337.6,2,3,100.0,14,34,278.1,2,10,12,3,9,4,5,2,42,63,60,51,15,198.59452160493828,20.011188271604937,4.111111111111112,26.43402777777778,318.23611111111114,285.625,222.2704475308642,33.05748456790124,10
2,A.J. Lawson,Dallas Mavericks,G,26,52,11,26,323.3,2,6,100.0,2,9,100.0,2,7,9,4,5,1,0,1,1,39,35,30,13,60.83295608872793,7.490719782707106,2.5658669081032137,1.8442734268899958,83.71163422363061,80.76369397917611,62.34766862833861,11.489814395654145,8
3,Aaron Gordon,Denver Nuggets,PF,143,331,53,106,502.90000000000003,31,46,637.1,6,22,166.6,29,45,74,50,21,5,16,7,54,267,217,193,124,318.44489795918366,61.10204081632653,52.7938775510204,6.408163265306122,373.69999999999993,485.69387755102036,257.20204081632653,63.14489795918369,10
4,Aaron Holiday,Houston Rockets,G,53,146,18,45,310.7,8,8,200.0,9,24,313.3,6,7,13,17,14,5,3,0,-5,83,66,70,30,247.0,26.13146936347412,12.79387269482451,6.915229030339083,502.332242712671,414.54610350981557,317.28167757287326,56.429803688280785,10
5,Aaron Nesmith,Indiana Pacers,SF,114,299,42,97,442.9,13,13,600.0,17,54,294.5,9,29,38,19,35,5,8,7,64,171,152,133,57,125.10204081632654,14.33673469387755,15.146938775510204,14.10204081632653,139.31632653061226,124.76122448979594,127.20408163265304,41.936734693877554,10
6,Aaron Wiggins,Oklahoma City Thunder,SG,112,232,44,84,537.7,14,16,530.0,10,22,375.0,10,18,28,21,18,15,12,5,0,161,140,133,49,475.01234567901236,14.694711172077428,29.864197530864203,12.00152415790276,662.4327084285931,533.8003353147385,621.641975308642,26.56165218716659,10
7,Adama Sanogo,Chicago Bulls,C,4,16,2,5,40.0,0,0,0.0,0,0,0.0,6,1,7,0,0,0,2,0,-2,11,11,4,7,10.420000000000002,20.5,0.0,0.0,59.72,59.72,10.420000000000002,20.5,2
8,Admiral Schofield,Orlando Magic,SF,8,18,3,6,116.7,0,0,0.0,2,4,150.0,0,4,4,1,1,1,0,0,-20,13,12,9,5,16.265306122448983,0.9323979591836733,0.673469387755102,0.836734693877551,22.89158163265306,19.820153061224488,17.918367346938773,3.0242346938775513,3
9,Al Horford,Boston Celtics,C,113,265,44,75,622.6,5,6,250.0,20,43,495.0,12,42,54,21,11,5,10,7,75,188,167,134,75,272.80178516466606,39.31055709449062,9.112034472145275,14.00307787011388,333.9329024315174,350.11357340720224,260.54232071406585,44.50138504155125,10
10,Alec Burks,New York Knicks,SG,52,124,16,57,202.7,11,14,371.4,9,31,209.89999999999998,1,16,17,7,3,4,5,0,-1,76,69,59,24,337.7644355070382,22.466245331801204,4.4288997414536055,10.037632864119505,580.4228669922436,511.93191611605863,394.2910083309394,38.85952312553864,10
11,Aleksej Pokusevski,Charlotte Hornets,F,88,200,27,56,513.1,24,32,591.7,10,25,366.6,9,39,48,15,7,7,6,6,-23,151,136,103,63,129.07461734693877,40.97959183673469,14.551020408163266,4.385841836734693,244.46747448979593,246.6358418367347,137.43686224489798,45.0,10
12,Alex Caruso,Chicago Bulls,SG,109,329,38,82,483.3,7,8,250.0,26,54,466.1,9,32,41,52,25,19,17,6,-16,202,150,161,93,174.90339335180056,30.950484764542935,42.83102493074792,28.936288088642662,292.26038781163436,250.02770083102493,194.34383656509695,96.57375346260388,10
13,Alex Len,Sacramento Kings,C,20,108,9,12,466.7,2,3,150.0,0,0,0.0,9,21,30,14,19,1,7,11,37,64,50,34,44,61.24467232815254,35.34754045825989,11.292421086364364,0.0,118.49254927095018,136.41019067457137,43.133792661432466,46.83319980772312,10
14,Alondes Williams,Miami Heat,G,0,6,0,1,0.0,0,0,0.0,0,1,0.0,0,1,1,0,0,0,1,0,-2,1,1,0,1,0.8520710059171599,0.8520710059171599,0.0,0.0,0.0,0.0,0.8520710059171599,0.8520710059171599,1
15,Alperen Sengun,Houston Rockets,C,209,324,81,157,512.7,43,68,622.9,4,12,200.0,39,68,107,45,36,16,26,7,2,361,316,254,152,847.1723356009071,197.81632653061226,123.77551020408163,4.408163265306122,1935.0226757369614,1622.4580498866212,993.7777777777778,487.5510204081633,10
16,Amari Bailey,Charlotte Hornets,G,2,6,1,3,33.3,0,0,0.0,0,2,0.0,0,0,0,1,0,1,0,0,7,3,2,3,1,2.5600000000000005,0.0,0.5625,0.0,5.522500000000001,2.5600000000000005,5.522500000000001,0.5625,1
17,Amen Thompson,Houston Rockets,F,117,293,47,95,538.3,23,33,583.3,0,5,0.0,44,45,89,34,20,15,15,3,6,240,206,151,123,376.6841341268689,130.4521701262883,26.408767600522573,0.023225431847873422,970.0711278850341,843.2358832922049,433.18783568006967,227.19248076643925,10
18,Amir Coffey,LA Clippers,SG,70,261,24,64,398.3,8,11,366.7,14,39,322.5,8,21,29,13,20,9,4,3,5,112,99,83,42,164.20408163265307,44.287767177877065,8.26530612244898,10.53061224489796,267.70220987803407,273.42748460330876,170.83673469387756,40.19514551382683,10
19,Andre Drummond,Chicago Bulls,C,93,185,37,59,661.3,19,28,438.4,0,0,0.0,32,71,103,4,16,11,9,6,38,200,196,97,107,116.9890625,191.23906250000002,8.4140625,0.0,534.5640625,488.8,155.40625,207.0,10
20,Andre Jr. Jackson,Milwaukee Bucks,G,18,102,7,17,450.0,0,0,0.0,4,9,300.0,5,16,21,11,12,4,3,2,-8,50,39,29,32,30.67361111111111,13.0625,12.062499999999998,2.5625,79.22916666666666,70.77777777777777,38.91666666666667,25.33333333333333,9
21,Andrew Nembhard,Indiana Pacers,PG,105,279,43,81,506.09999999999997,7,9,350.0,12,29,358.3,4,22,26,37,26,10,10,1,28,168,131,142,63,202.67665438231055,21.133792661432462,42.28344816535812,7.6125620894087485,356.3201410030444,308.53052395449447,247.60006409229288,66.28344816535811,10
22,Andrew Wiggins,Golden State Warriors,SF,152,285,55,125,437.2,24,29,606.4,18,48,347.5,10,43,53,16,19,6,16,12,39,221,205,168,69,357.39508310249306,16.806440443213297,50.470914127423825,13.625,586.9542936288088,404.7493074792244,498.75242382271466,108.125,10
23,Anfernee Simons,Portland Trail Blazers,SG,234,361,80,177,436.7,36,39,757.1,38,94,405.4,4,33,37,64,19,7,30,1,-38,335,271,298,101,935.5240670632775,28.301243915630067,125.20497566252028,19.635478637101134,1764.6960519199567,1205.978907517577,1461.0362358031368,186.71119524067063,10
24,Anthony Black,Orlando Magic,G,45,169,16,37,468.3,5,11,133.3,8,17,341.7,4,13,17,8,10,6,6,2,-3,70,62,53,25,123.23599999999999,29.0,3.9239999999999995,11.044,265.824,227.39600000000002,158.34400000000002,36.244,10
25,Anthony Davis,Los Angeles Lakers,PF,245,350,94,165,577.6,49,59,671.8,8,24,320.8,35,114,149,27,22,13,26,22,106,421,394,272,176,815.8545923427891,255.35270779607225,28.764332473715534,8.034516960920453,1782.3076770482048,1845.8317794088475,767.9262051180322,268.521325133902,10
26,Anthony Edwards,Minnesota Timberwolves,SG,247,349,84,193,422.4,56,68,750.6,23,76,267.0,9,40,49,54,10,12,24,1,6,350,296,301,103,1056.119830889153,92.49953758752807,30.596644206632313,42.393314836834456,1356.9620821773021,1187.9830889153125,1245.2782401902498,102.91676575505352,10
27,Anthony Gill,Washington Wizards,PF,103,245,43,88,485.2,11,13,360.0,6,21,208.3,18,29,47,16,32,5,8,4,-46,166,150,119,63,309.7890625,96.90625,20.0,4.83837890625,743.9765625,652.2265625,373.0390625,145.40625,10
28,Ashton Hagans,Portland Trail Blazers,G,43,175,15,38,303.3,7,8,350.0,6,17,250.0,9,18,27,32,20,7,18,3,-6,102,70,75,59,118.06771860618014,20.171597633136095,17.75147928994083,6.437869822485208,182.15647600262986,173.2886259040105,127.52728468113084,37.33136094674556,10
29,Ausar Thompson,Detroit Pistons,F,103,314,42,87,508.0,11,25,325.0,8,29,195.3,15,44,59,21,26,17,14,11,-6,183,162,124,80,121.7,31.399999999999995,24.125,8.5,347.72499999999997,237.7,200.02499999999998,87.225,10
30,Austin Reaves,Los Angeles Lakers,SG,161,354,56,131,419.6,32,37,708.4,17,61,251.1,12,49,61,65,19,6,20,6,34,287,222,226,126,477.37120761451513,172.43932183224274,65.92653182629387,19.0,1233.3914336704343,983.8408685306365,665.7563950029745,299.5312314098751,10
31,Ayo Dosunmu,Chicago Bulls,SG,183,365,72,129,560.1,19,22,591.7,20,44,439.5,7,23,30,42,28,13,20,4,-17,255,213,225,72,456.92278393351796,20.110803324099724,57.35076177285318,22.3393351800554,523.0609418282548,462.42970914127426,528.6731301939058,66.3424515235457,10
32,Bam Adebayo,Miami Heat,C,167,340,66,131,518.7,28,36,691.6,7,18,325.0,19,82,101,42,19,15,21,7,61,310,268,209,143,249.68443245066624,113.16731320627423,68.68814302580536,6.125653567212009,758.5022769438353,531.2737392477652,429.62270197335135,229.14572440546468,10
33,Ben Sheppard,Indiana Pacers,G,49,190,17,54,306.2,5,5,300.0,10,37,211.79999999999998,4,11,15,14,21,9,4,0,14,78,64,63,29,130.4168975069252,18.610803324099724,12.625,10.015581717451525,210.7884349030471,204.84764542936287,146.67347645429362,20.920013850415515,10
34,Ben Simmons,Brooklyn Nets,PG,53,168,24,38,521.1,5,11,150.0,0,0,0.0,15,39,54,46,20,9,12,4,-5,153,107,99,100,134.88888888888889,64.0,78.88888888888889,0.0,382.0,162.8888888888889,300.0,196.88888888888889,9
35,Bennedict Mathurin,Indiana Pacers,SG,139,275,44,115,340.3,35,45,614.5,16,44,245.0,10,33,43,23,24,7,17,4,-18,205,182,162,66,753.4765625,123.6015625,38.125,30.4140625,1418.90625,1097.65625,970.9140625,265.5390625,10
36,Bilal Coulibaly,Washington Wizards,SG,90,289,30,76,451.5,19,27,633.3,11,39,238.3,9,30,39,18,22,12,8,7,-98,147,129,108,57,127.37777777777777,38.5,16.0,13.177777777777775,337.8777777777778,291.7444444444444,166.31111111111107,61.699999999999996,10
37,Bismack Biyombo,Oklahoma City Thunder,C,10,48,4,7,133.3,2,4,100.0,0,0,0.0,4,7,11,2,6,1,4,2,7,23,21,12,13,27.759999999999998,27.24,1.6600000000000001,0.0,114.54,108.36000000000001,31.5,31.340000000000003,6
38,Blake Wesley,San Antonio Spurs,G,52,177,17,44,384.1,12,17,550.0,6,17,241.7,3,18,21,31,14,3,16,1,3,104,73,83,52,180.2560553633218,17.19100346020761,24.453287197231834,6.9536332179930795,153.9515570934256,205.3750865051903,149.6878892733564,20.788927335640135,10
39,Boban Marjanovic,Houston Rockets,C,3,7,1,1,100.0,1,2,50.0,0,0,0.0,0,3,3,0,0,0,1,0,-3,6,6,3,3,0.5625,4.840000000000001,0.04000000000000001,0.0,7.5625,8.7025,0.3024999999999998,4.0,1
40,Bobby Portis,Milwaukee Bucks,F,170,257,75,138,529.4,6,8,300.0,14,31,418.4,23,60,83,18,20,13,15,5,21,271,253,188,101,429.04818560380727,80.11719214753123,12.231112433075548,16.42623438429506,588.3786436644855,522.3765615704938,506.05859607376567,81.3399762046401,10
41,Bogdan Bogdanovic,Atlanta Hawks,SG,195,358,68,148,487.1,30,32,756.7,29,78,450.40000000000003,8,34,42,41,25,12,22,6,19,278,237,236,83,603.125,80.5,35.3515625,16.925,1109.9140625,1029.1250000000002,693.0390625,106.7265625,10
42,Bojan Bogdanovic,New York Knicks,SF,109,162,43,82,504.1,9,12,375.0,14,36,408.6,4,13,17,6,9,1,10,0,-25,132,126,115,23,265.45625,26.40625,5.901562500000001,12.401562499999999,344.9140625,334.025,285.3890625,23.264062499999998,10
43,Bol Bol,Phoenix Suns,C,47,116,16,26,402.5,7,8,275.0,8,12,325.0,3,27,30,6,9,4,3,6,7,83,77,53,36,276.3773433744592,22.02563691716071,4.687710302836083,11.643326390001604,485.38327191155264,438.88623618009933,315.0461464508893,34.541579875020034,10
44,Bones Hyland,LA Clippers,PG,95,188,37,91,343.1,4,5,250.0,17,49,272.1,2,27,29,42,18,10,15,1,-19,166,124,137,71,1198.2400548696846,64.34705075445815,117.8326474622771,38.495198902606305,2284.567901234568,1487.2729766803843,1933.1454046639235,244.56927297668042,10
45,Bradley Beal,Phoenix Suns,SG,159,336,61,120,499.90000000000003,11,12,250.0,26,46,530.8,12,34,46,54,19,9,21,10,16,259,205,213,100,586.9067215363513,48.48803536046334,83.43179393385155,34.91236092059137,503.23014784331656,584.5461057765584,535.4240207285475,102.08657216887669,10
46,Brandin Podziemski,Golden State Warriors,G,89,257,38,76,507.7,3,4,200.0,10,22,390.0,17,40,57,33,16,5,9,0,56,179,146,122,90,184.1210705718975,54.100113622017425,28.84547405630602,12.152758490089635,318.96364095442493,199.6447418255271,289.65837646761776,96.72718091150108,10
47,Brandon Boston Jr.,LA Clippers,SG,77,162,32,72,491.6,7,15,316.7,6,24,155.5,8,18,26,4,17,4,7,6,-41,107,103,81,30,357.5562130177516,54.98594674556213,4.625,6.648668639053254,724.8905325443787,627.9770710059172,426.83505917159766,87.24556213017752,10
48,Brandon Clarke,Memphis Grizzlies,PF,68,134,33,59,329.5,1,7,50.0,1,6,100.0,13,19,32,9,8,5,3,6,-8,109,100,77,41,87.60640000000001,33.3344,9.5024,0.8335999999999999,105.19839999999999,89.6416,91.16,54.84,6
49,Brandon Ingram,New Orleans Pelicans,SF,180,306,68,138,496.2,36,43,724.5,8,27,260.0,6,50,56,54,24,6,19,7,49,290,236,234,110,670.2437673130194,25.364265927977836,44.40443213296399,6.5318559556786715,720.3393351800554,826.6662049861496,558.8476454293628,74.83795013850416,10
50,Brandon Miller,Charlotte Hornets,F,222,358,78,164,477.7,30,33,796.7,36,89,408.6,7,41,48,26,25,8,21,8,-69,296,270,248,74,486.7442472057857,34.21860618014465,12.591715976331361,38.15548980933596,601.6387245233399,646.2777777777778,433.016436554898,55.899079552925706,10
51,Brandon Williams,Dallas Mavericks,G,7,24,2,9,83.3,3,4,100.0,0,2,0.0,1,1,2,4,1,0,1,0,-12,13,9,11,6,17.3125,3.5625,4.140625,0.0,30.265625,15.0,28.015625,12.265625,4
52,Braxton Key,Denver Nuggets,F,2,6,1,1,100.0,0,1,0.0,0,0,0.0,1,1,2,0,1,0,0,0,2,4,4,2,2,0.6173469387755104,1.0,0.12755102040816327,0.12755102040816327,2.040816326530612,3.1887755102040813,0.18367346938775514,0.4132653061224489,1
53,Brice Sensabaugh,Utah Jazz,F,112,230,35,90,375.0,21,23,563.3,21,54,381.1,5,36,41,27,19,5,16,2,-86,180,153,139,68,611.6680384087791,24.906721536351164,18.577503429355282,48.17756439567139,867.2318244170096,757.5075445816187,700.679012345679,64.19753086419753,10
54,Brook Lopez,Milwaukee Bucks,C,127,298,45,88,535.8,17,23,441.8,20,49,415.5,14,34,48,12,22,4,15,19,6,187,175,139,60,263.0461464508893,45.95096939593014,13.36612722320141,26.519147572504405,449.0,462.64460823585966,255.02691876301873,53.691716071142444,10
55,Bruce Brown,Toronto Raptors,SF,103,262,40,79,492.9,17,25,583.3,6,17,275.0,9,22,31,33,19,8,20,0,-119,167,134,136,64,180.81685744016647,44.9105098855359,42.25026014568158,8.401664932362124,424.133714880333,242.72632674297606,343.92351716961497,105.4614984391259,10
56,Bruno Fernando,Atlanta Hawks,PF,79,204,30,50,556.1,19,29,475.1,0,0,0.0,12,34,46,19,37,5,14,6,-47,144,125,98,65,135.29482206105584,43.3469387755102,16.659639062236465,0.0,178.45673806712767,189.6844324506662,153.4214876033058,30.65221791195817,10
57,Bryce McGowens,Charlotte Hornets,G,31,118,10,26,266.6,9,12,316.7,2,8,150.0,1,15,16,6,9,4,2,4,2,53,47,37,22,80.31519274376417,13.709750566893424,7.111111111111112,1.6383219954648527,140.73696145124717,114.10204081632654,104.21995464852608,23.551020408163268,10
58,Buddy Boeheim,Detroit Pistons,F,22,57,7,19,133.3,2,2,100.0,6,17,126.19999999999999,0,6,6,3,4,0,0,1,16,31,28,25,9,110.93771626297577,10.121107266435985,7.380622837370242,6.674740484429065,247.81660899653977,178.02768166089967,170.04498269896195,28.18339100346021,4
59,Buddy Hield,Philadelphia 76ers,SG,100,225,36,83,429.1,9,10,550.0,19,53,362.8,12,20,32,15,17,6,11,3,21,147,132,115,47,215.13710113574905,23.677663601947,18.442671714440234,23.081936181719847,328.69388858842615,303.7406706327745,241.81449432125476,40.39616008653326,10
60,CJ McCollum,New Orleans Pelicans,SG,268,390,98,218,454.3,24,24,600.0,48,104,453.29999999999995,9,42,51,56,15,10,18,3,25,375,319,324,107,529.7097505668935,54.64427437641723,35.5702947845805,43.402777777777786,701.7576530612245,748.5830498866216,495.28458049886603,77.81434240362813,10
61,Cade Cunningham,Detroit Pistons,PG,241,313,92,212,430.3,40,44,808.3,17,55,297.1,9,44,53,75,18,11,31,2,-38,369,294,316,128,702.373472159348,53.42462652784065,52.55545495699411,12.217745586238117,842.2865550022635,783.9945676776822,690.806699864192,175.83884110457223,10
62,Caleb Houstan,Orlando Magic,G,34,135,11,33,268.3,2,2,100.0,10,31,260.0,5,5,10,3,9,2,1,0,-6,47,44,37,13,96.43402777777777,6.0390625,2.150173611111111,10.069444444444445,106.15625,104.40017361111111,94.1015625,12.277777777777779,10
63,Caleb Martin,Miami Heat,SF,81,265,30,86,352.4,12,16,401.7,9,40,341.7,7,20,27,30,13,5,12,6,7,138,108,111,57,357.2354528588295,30.895429246078592,33.41541575307809,5.2644628099173545,550.9084162590657,459.38573115196493,443.9795918367347,69.08939112835218,10
64,Cam Reddish,Los Angeles Lakers,SF,21,143,6,25,153.3,5,8,116.7,4,13,166.6,7,5,12,1,7,3,1,3,-37,34,33,22,13,74.92861005949162,17.835586803677664,0.9026500811249324,2.4077879935100053,68.76365603028664,74.52839372633856,71.61384532179557,16.288263926446728,10
65,Cam Thomas,Brooklyn Nets,SG,261,370,87,204,426.7,63,70,921.4,24,71,296.9,4,38,42,35,19,5,22,4,-42,338,303,296,77,338.9886578449905,41.61016593152699,50.5131274942239,30.68262969964293,546.1180424280614,345.4419239655535,539.6416719176644,92.14639781558496,10
66,Cam Whitmore,Houston Rockets,F,127,209,44,105,410.6,20,27,521.7,19,53,336.2,12,24,36,7,12,6,9,6,-2,170,163,134,43,194.82716049382717,44.523456790123454,14.160493827160494,13.000000000000002,371.08641975308643,304.11111111111114,258.3753086419753,62.111111111111114,10
67,Cameron Johnson,Brooklyn Nets,SF,108,244,35,86,416.4,19,22,650.0,19,52,360.6,6,30,36,16,14,8,9,2,-48,160,144,124,52,173.71267361111114,34.35069444444444,13.684027777777779,12.125,428.0460069444444,306.3515625,261.44184027777777,82.0,10
68,Cameron Payne,Philadelphia 76ers,PG,91,210,34,82,502.79999999999995,2,2,100.0,21,48,410.0,6,20,26,35,23,11,14,4,20,152,117,126,61,575.8211451247165,98.14427437641724,28.138321995464853,34.125,887.8469387755102,795.3798185941042,599.3347505668934,195.23611111111114,10
69,Caris LeVert,Cleveland Cavaliers,SG,138,305,50,112,437.6,23,27,660.7,15,43,364.2,5,42,47,39,20,14,25,7,-32,224,185,177,86,533.4626038781164,30.105609418282548,96.601108033241,8.88954293628809,714.3507617728533,664.1637811634349,555.3545706371191,155.00173130193906,10
70,Cason Wallace,Oklahoma City Thunder,G,66,216,26,59,437.0,4,4,100.0,10,23,400.0,4,20,24,19,15,14,9,5,-5,109,90,85,43,214.6078961600865,14.5,23.30935640886966,16.304218496484587,344.9175229853975,250.59626825310977,298.533802055165,48.204705246078966,10
71,Cedi Osman,San Antonio Spurs,SF,70,175,27,53,472.5,1,2,50.0,15,32,373.7,2,23,25,12,17,3,5,2,-40,107,95,82,37,235.14724245577526,36.54162330905307,29.950052029136323,16.565036420395423,418.56711758584805,316.12591050988556,295.82986472424557,108.2502601456816,10
72,Charlie Brown Jr.,New York Knicks,G,3,27,1,5,20.0,0,0,0.0,1,3,33.3,1,1,2,0,4,0,0,1,-6,5,5,3,2,6.12,2.7200000000000006,0.0,0.6800000000000002,17.0,17.0,6.12,2.7200000000000006,2
73,Chet Holmgren,Oklahoma City Thunder,PF,135,269,45,102,400.9,33,44,696.4,12,42,240.1,11,63,74,15,30,5,19,17,30,224,209,150,89,447.3101676581936,34.5,14.938074634937804,12.077879935100054,730.2057869118443,618.4148188209842,538.4964845862629,70.04272579772851,10
74,Chimezie Metu,Detroit Pistons,PF,110,302,43,83,531.6,16,17,587.5,8,29,241.6,14,51,65,22,25,18,15,7,-70,197,175,132,87,345.038062283737,73.09688581314879,15.168781237985392,10.559784698193003,627.8942714340637,585.0,391.77777777777777,84.42022299115725,10
75,Chris Boucher,Toronto Raptors,PF,69,120,25,35,573.3,15,18,500.0,4,12,216.7,13,27,40,5,11,1,9,5,7,114,109,74,45,142.20987654320987,47.580246913580254,5.913580246913581,4.0246913580246915,410.0,329.0246913580247,192.69135802469134,83.98765432098766,8
76,Chris Duarte,Sacramento Kings,SG,45,120,16,42,369.2,4,4,200.0,9,28,306.0,6,10,16,5,6,5,4,3,-27,66,61,50,21,159.61331653014074,20.72295736189876,6.500525099768956,6.920184835118673,315.949170342365,250.34173492963663,205.19470699432893,47.249527410207946,10
77,Chris Livingston,Milwaukee Bucks,F,0,6,0,2,0.0,0,0,0.0,0,2,0.0,0,1,1,1,4,0,1,0,-10,2,1,1,2,0.33518005540166207,0.46814404432132967,0.8975069252077563,0.0,1.1080332409972302,0.011080332409972297,0.1357340720221607,2.6620498614958445,1
78,Chris Paul,Golden State Warriors,PG,85,261,35,78,411.7,3,4,150.0,12,35,316.6,0,34,34,60,17,14,22,3,70,179,119,145,94,170.02044444444445,41.104,66.784,5.744,403.9937777777778,242.28711111111113,290.8151111111111,148.79999999999998,10
79,Christian Braun,Denver Nuggets,G,88,268,35,76,440.5,7,11,225.0,11,25,416.6,18,29,47,28,17,8,7,4,55,163,135,116,75,266.23225431847874,48.1929162432864,57.434751052402376,7.196835534910728,592.3909130497896,430.7027144723473,421.3467847292785,112.20133546233124,10
80,Christian Wood,Los Angeles Lakers,F,59,133,22,51,477.0,11,14,450.0,4,19,225.0,6,28,34,6,12,5,5,2,-14,99,93,65,40,153.90277777777777,54.402777777777786,4.625,2.4444444444444446,305.125,285.0,156.7777777777778,76.27777777777777,10
81,Chuma Okeke,Orlando Magic,PF,2,40,0,6,0.0,2,2,100.0,0,5,0.0,0,5,5,2,2,2,3,0,-23,9,7,4,7,3.727810650887574,3.0000000000000004,1.4319526627218935,0.003944773175542406,7.50887573964497,6.881656804733728,3.4319526627218937,5.355029585798817,6
82,Clint Capela,Atlanta Hawks,C,121,289,51,81,646.6,19,35,317.9,0,0,0.0,39,73,112,18,17,9,16,14,23,251,233,139,130,148.94444444444446,69.63477975016437,9.64792899408284,0.0,212.9378698224852,182.10059171597632,158.9000657462196,100.16436554898092,10
83,Coby White,Chicago Bulls,PG,163,357,60,151,389.1,22,26,560.0,21,66,306.8,4,33,37,50,26,3,16,2,-22,250,200,213,87,411.07655709342555,24.512543252595158,76.03460207612457,15.083044982698961,562.333910034602,462.1885813148789,532.6440311418685,79.125,10
84,Cody Martin,Charlotte Hornets,SF,69,285,28,76,367.2,6,7,250.0,7,30,228.2,6,44,50,42,15,11,20,7,-28,161,119,111,92,111.0,28.18685121107267,64.68512110726644,2.6816608996539792,183.02076124567472,112.9515570934256,173.33217993079583,100.60899653979239,10
85,Cody Zeller,New Orleans Pelicans,C,9,40,4,7,300.0,1,2,50.0,0,0,0.0,5,11,16,5,6,2,3,0,15,30,25,14,21,4.235,8.375,5.715000000000001,0.0,23.935000000000002,16.36,12.559999999999999,13.339999999999998,6
86,Colby Jones,Sacramento Kings,G,17,63,7,23,199.89999999999998,2,4,100.0,1,9,16.7,6,9,15,10,13,3,3,3,28,42,32,27,25,31.93383742911153,14.574196597353499,12.44187145557656,0.8790170132325142,143.1701323251418,79.4740075614367,78.58931947069945,44.05671077504726,7
87,Cole Anthony,Orlando Magic,PG,112,212,43,99,391.1,7,8,350.0,19,44,335.2,4,28,32,27,9,7,13,5,4,171,144,139,59,647.7777777777778,49.42044444444444,46.52711111111111,34.344,1243.5084444444444,988.416,855.4337777777778,143.384,10
88,Cole Swider,Miami Heat,F,19,44,6,16,104.7,2,2,100.0,5,13,116.7,0,5,5,1,1,0,4,0,-18,25,24,20,6,136.90926275992436,2.463137996219282,0.8034026465028354,12.009451795841207,165.1436672967864,167.82230623818523,134.1512287334594,3.34593572778828,5
89,Colin Castleton,Los Angeles Lakers,C,0,12,0,2,0.0,0,0,0.0,0,0,0.0,0,1,1,0,3,1,2,0,-16,1,1,0,1,1.8873469387755102,0.5689795918367347,0.0,0.0,1.7346938775510208,1.7346938775510208,1.8873469387755102,0.5689795918367347,2
90,Collin Gillespie,Denver Nuggets,G,53,125,19,43,306.4,4,7,200.0,11,25,283.3,0,15,15,18,12,7,9,0,24,86,68,71,33,240.98573127229488,12.9833531510107,37.600475624256845,15.451843043995245,401.7074910820452,279.602853745541,336.38168846611177,77.29250891795482,8
91,Collin Sexton,Utah Jazz,PG,208,319,78,161,480.5,41,49,859.9,11,39,239.89999999999998,11,19,30,60,20,8,27,4,-116,298,238,268,90,229.64982698961938,22.448442906574396,38.034602076124564,13.519031141868513,417.66782006920414,315.79930795847747,339.7674740484429,52.233910034602076,10
92,Corey Kispert,Washington Wizards,SF,190,381,70,139,513.8,17,23,525.0,33,77,454.5,6,36,42,24,22,8,18,1,-42,256,232,214,66,298.3866213151927,102.17233560090703,33.64172335600907,23.662131519274375,538.7131519274377,548.9444444444446,300.98979591836735,122.97959183673471,10
93,Cory Joseph,Golden State Warriors,PG,27,71,10,16,316.7,0,0,0.0,7,11,316.7,2,9,11,6,6,0,1,0,9,44,38,33,17,31.2,10.8,2.8000000000000003,3.2,28.8,47.2,21.2,5.2,5
94,Craig Jr. Porter,Cleveland Cavaliers,G,64,136,27,52,425.3,5,6,300.0,5,12,175.0,6,17,23,24,4,3,8,2,-29,111,87,88,47,371.5812854442344,43.77882797731569,22.57466918714556,9.563327032136106,753.3393194706994,603.8799621928167,499.84593572778823,87.54820415879016,10
95,D'Angelo Russell,Los Angeles Lakers,PG,190,361,62,158,389.0,28,30,550.0,38,98,356.6,2,40,42,59,18,13,30,3,46,291,232,249,101,474.8632271468144,38.531855955678665,120.14716066481994,43.73407202216067,806.0013850415513,557.1374653739612,667.8019390581718,214.60422437673128,10
96,D.J. Carton,Toronto Raptors,G,8,31,2,7,83.3,3,4,150.0,1,4,50.0,2,1,3,3,1,1,1,0,-30,14,11,11,6,8.666666666666668,2.0,2.0,0.6666666666666667,8.666666666666666,2.6666666666666665,18.666666666666668,0.0,3
97,D.J. Wilson,Philadelphia 76ers,F,10,14,4,6,66.7,0,0,0.0,2,2,100.0,1,1,2,2,1,0,0,2,4,14,12,12,4,19.75308641975309,0.7901234567901234,0.7901234567901234,0.7901234567901234,38.71604938271605,28.444444444444443,28.444444444444443,3.1604938271604937,1
98,DaQuan Jeffries,New York Knicks,SG,0,7,0,2,0.0,0,0,0.0,0,2,0.0,0,0,0,3,0,0,1,0,7,3,0,3,3,0.39889196675900274,0.0,5.609418282548476,0.04432132963988919,3.0166204986149587,0.39889196675900274,3.0166204986149587,5.609418282548476,1
99,Daishen Nix,Minnesota Timberwolves,SG,5,12,2,5,66.7,0,0,0.0,1,3,50.0,0,1,1,3,1,2,1,0,13,9,6,8,4,14.080246913580247,0.5246913580246915,5.117283950617283,0.5555555555555556,5.339506172839505,10.0,6.17283950617284,8.88888888888889,2
100,Dalano Banton,Portland Trail Blazers,G,201,334,77,182,415.1,24,30,760.0,23,74,298.6,8,45,53,47,13,11,26,5,-85,301,254,248,100,627.7140625,86.65625,91.60625,16.9265625,1399.7765625000002,873.4765625,1119.0515625,213.22500000000002,10
101,Dalen Terry,Chicago Bulls,F,36,146,16,34,293.1,1,2,50.0,3,15,83.3,6,12,18,10,16,5,5,5,3,64,54,46,28,198.4017777777778,18.16711111111111,16.988444444444443,4.100444444444444,249.216,270.83377777777775,175.24444444444444,36.69511111111112,10
102,Damian Jones,Cleveland Cavaliers,C,59,124,23,38,577.9,13,15,650.0,0,6,0.0,14,24,38,4,14,4,7,7,-35,101,97,63,42,203.29855371900828,87.18698347107437,2.4018595041322315,0.0,431.125,411.27685950413223,205.0619834710744,107.67355371900827,10
103,Damian Lillard,Milwaukee Bucks,PG,248,369,81,181,449.2,54,61,783.7,32,84,392.0,3,42,45,78,25,7,33,4,29,371,293,326,123,629.8948961937716,10.577854671280276,83.625,19.64576124567474,898.4515570934257,636.4294982698962,905.8287197231833,80.29108996539793,10
104,Daniel Gafford,Dallas Mavericks,C,105,243,51,64,786.0,3,11,100.0,0,0,0.0,19,46,65,24,27,9,9,24,50,194,170,129,89,354.11094586555623,164.01695419393218,31.468173706127303,0.0,802.5175490779299,676.1082688875669,393.5350981558596,282.470255800119,10
105,Daniel Theis,LA Clippers,C,46,135,19,36,419.7,3,3,200.0,5,10,350.0,9,26,35,11,14,1,7,6,4,92,81,57,46,174.98614958448755,17.793474915358573,8.986457371498922,4.519236688211757,294.42659279778394,268.5210834102801,201.222837796245,26.448753462603875,10
106,Danilo Gallinari,Milwaukee Bucks,PF,23,88,7,16,366.7,7,9,275.0,2,9,200.0,2,8,10,8,9,3,4,1,-19,41,33,31,18,53.98224852071005,4.059171597633136,9.651545036160421,1.8527284681130833,72.85667324128862,53.0,67.7284681130835,19.821170282708742,10
107,Dante Exum,Dallas Mavericks,G,63,229,23,50,444.6,4,4,200.0,13,28,506.7,5,28,33,31,17,2,9,0,83,127,96,94,64,222.8938775510204,56.05102040816327,23.359183673469385,8.108163265306123,326.18979591836734,306.98979591836735,261.3877551020408,60.116326530612234,10
108,Danuel House Jr.,Philadelphia 76ers,SF,42,143,14,30,276.3,13,15,466.7,1,11,33.3,6,11,17,7,16,7,3,3,-26,66,59,49,24,42.0,11.714285714285715,8.0,0.8571428571428572,41.714285714285715,51.714285714285715,40.0,11.714285714285715,7
109,Dario Saric,Golden State Warriors,PF,21,103,10,30,248.3,0,1,0.0,1,15,50.0,5,14,19,17,4,1,13,0,-31,57,40,38,36,41.8,26.91111111111111,16.11111111111111,1.8000000000000003,134.11111111111111,84.44444444444446,64.04444444444445,70.44444444444444,10
110,Darius Bazley,Utah Jazz,F,34,111,12,21,236.7,9,11,260.0,1,6,33.3,6,16,22,4,1,4,5,5,-22,60,56,38,26,28.64265927977839,10.121883656509697,4.011080332409973,0.7562326869806094,55.96121883656509,62.81994459833795,21.307479224376735,14.609418282548475,4
111,Darius Garland,Cleveland Cavaliers,PG,150,334,58,139,405.2,14,17,610.0,20,59,304.9,5,29,34,79,16,16,29,2,-2,263,184,229,113,489.8506649575388,23.292421086364364,102.76285851626342,16.70661752924211,626.3834321422848,558.6390001602307,513.0817176734497,170.56865886877102,10
112,David Duke Jr.,San Antonio Spurs,G,6,18,2,8,25.0,2,2,100.0,0,2,0.0,1,6,7,4,1,1,1,0,-5,17,13,10,11,2.9387755102040822,16.0,2.9387755102040822,0.32653061224489793,55.183673469387756,32.6530612244898,11.755102040816329,32.6530612244898,1
113,David Roddy,Phoenix Suns,F,61,130,25,53,522.0,6,10,241.7,5,20,143.3,4,15,19,11,5,1,10,0,-72,91,80,72,30,464.64418288818473,53.58488003621548,20.015844273426893,9.451788139429608,897.6645540968763,711.7682209144408,630.5921231326392,93.54911724762337,10
114,Davion Mitchell,Sacramento Kings,PG,105,233,39,78,503.4,10,15,375.0,17,35,480.5,6,18,24,26,13,3,5,0,17,155,129,131,50,243.94550619834712,38.19344008264463,26.566115702479337,15.949638429752065,393.5712809917354,319.9927685950413,282.3731921487603,99.91038223140497,10
115,Davis Bertans,Charlotte Hornets,SF,95,219,32,75,406.9,7,7,400.0,24,62,380.09999999999997,2,17,19,8,18,9,6,3,-48,122,114,103,27,174.665306122449,17.146938775510204,13.618367346938776,21.387755102040813,267.2510204081633,278.8081632653061,173.3734693877551,20.5,10
116,Day'Ron Sharpe,Brooklyn Nets,C,49,129,22,47,507.3,5,7,166.7,0,3,0.0,30,32,62,10,19,1,14,7,-16,121,111,59,72,63.769319161160574,203.98276357368573,10.485492674518817,0.025854639471416266,424.04740017236423,360.0606147658719,95.90721057167481,246.31715024418273,10
117,De'Aaron Fox,Sacramento Kings,PG,263,380,94,215,435.3,39,48,793.3,36,92,380.5,8,49,57,58,25,19,23,5,38,378,320,321,115,478.8626284478096,24.240670632774474,77.87263385613845,48.28447809626825,595.1100594916172,524.1525148729042,535.4118442401299,116.52163331530556,10
118,De'Andre Hunter,Atlanta Hawks,SF,170,349,62,141,428.7,22,31,640.4,24,75,323.4,7,49,56,25,23,5,21,1,19,251,226,195,81,348.209487534626,170.81890581717448,15.270083102493075,14.55297783933518,831.0,785.1648199445983,379.0031163434903,201.130540166205,10
119,De'Anthony Melton,Philadelphia 76ers,SG,28,59,9,29,97.2,4,4,200.0,6,19,95.0,1,7,8,8,4,4,1,1,7,44,36,36,16,136.9387755102041,4.73469387755102,4.73469387755102,9.183673469387756,206.0,166.73469387755102,166.73469387755102,18.93877551020408,4
120,DeAndre Jordan,Denver Nuggets,C,36,95,16,28,411.8,4,4,200.0,0,0,0.0,12,27,39,7,11,1,4,3,-25,82,75,43,46,172.4770969660916,93.10707911957168,10.110053539559788,0.0,506.0,443.0368828078524,210.13146936347414,128.5258774538965,10
121,DeJon Jarreau,Memphis Grizzlies,F,43,150,17,50,308.3,5,11,250.0,4,13,141.7,8,36,44,26,14,6,9,2,-24,113,87,69,70,92.87890625,105.68098958333334,52.5625,4.333333333333334,457.84895833333337,225.89062499999997,207.03515625,276.04557291666663,9
122,DeMar DeRozan,Chicago Bulls,SF,294,393,109,209,522.0,68,84,817.9,8,27,200.0,1,42,43,60,18,14,31,4,31,397,337,354,103,341.17221891731117,38.12879238548483,67.285246876859,13.664782867340866,378.7712671029152,375.26531826293865,375.293277810827,74.79892920880428,10
123,Dean Wade,Cleveland Cavaliers,PF,46,178,15,35,260.2,5,7,216.7,11,31,233.4,4,27,31,7,8,3,1,9,-23,84,77,53,38,468.50000000000006,35.125,6.125,31.525000000000006,718.8,714.725,466.12499999999994,47.699999999999996,10
124,Deandre Ayton,Portland Trail Blazers,C,226,344,107,189,569.7,12,16,263.9,0,6,0.0,34,83,117,17,14,10,18,8,-114,360,343,243,134,450.39750260145684,89.31373569198752,6.206555671175859,0.04162330905306971,845.4984391259105,794.9058272632675,489.5093652445369,107.00104058272632,10
125,Dejounte Murray,Atlanta Hawks,SG,241,385,95,220,440.0,15,22,591.7,36,98,382.4,10,52,62,99,21,18,34,4,27,402,303,340,161,731.8625904010519,90.23142669296516,121.90828402366864,25.11111111111111,1053.8083497698883,964.1347797501643,785.5795529257068,248.09631821170282,10
126,Delon Wright,Miami Heat,SG,45,200,17,49,375.0,6,8,200.0,5,18,225.0,5,15,20,23,8,11,2,1,21,88,65,68,43,86.89248843004628,13.028835884656463,21.11676753292987,4.500889996440014,90.61801352794589,97.19223923104308,86.27269490922036,28.191171235315057,10
127,Deni Avdija,Washington Wizards,SF,188,359,65,134,475.0,43,57,746.7,15,43,347.4,11,81,92,45,23,8,27,8,0,325,280,233,137,387.61181640625,98.2890625,53.57666015625,10.509765625,828.40625,722.88134765625,473.4140625,171.58837890625,10
128,Dennis Schroder,Brooklyn Nets,PG,158,333,57,139,411.8,25,26,787.5,19,54,394.5,12,40,52,64,22,5,17,5,25,274,210,222,116,565.4933378310002,38.601450497554396,61.52268510710069,34.90285039635689,853.900826446281,618.4483049418114,767.8080620678023,133.2619328723225,10
129,Dennis Smith Jr.,Brooklyn Nets,PG,58,167,21,46,487.1,8,11,383.3,8,22,348.3,5,13,18,28,22,16,11,0,3,104,76,86,46,78.47147022074135,17.85339441899209,40.0,4.21990837151187,181.54768846314036,139.3027905039567,112.87963348604748,65.69012911286964,10
130,Dereck II Lively,Dallas Mavericks,C,94,185,45,59,763.7,4,11,150.0,0,0,0.0,16,46,62,8,15,5,6,12,19,164,156,102,70,349.4128943758573,62.45610425240055,9.660493827160494,0.0,659.2345679012345,560.9444444444445,434.4478737997257,85.37174211248285,10
131,Derrick Jones Jr.,Dallas Mavericks,SF,77,241,27,68,410.3,13,18,450.0,10,33,251.9,10,18,28,10,16,7,7,10,47,115,105,87,38,164.85625000000002,17.60625,12.0390625,6.6890624999999995,181.6640625,181.0,161.5515625,33.6140625,10
132,Derrick Rose,Memphis Grizzlies,PG,49,95,20,37,377.7,5,6,266.7,4,8,233.3,0,15,15,21,3,1,9,0,-9,85,64,70,36,70.0,14.857142857142858,12.0,3.7142857142857144,188.85714285714286,116.85714285714286,128.0,40.857142857142854,7
133,Derrick White,Boston Celtics,PG,149,342,50,113,429.2,21,23,755.6,28,78,357.5,8,35,43,58,23,7,11,6,24,250,192,207,101,406.68411386593203,76.63039485766758,73.88797061524335,20.279155188246097,1010.5863177226813,710.1033057851239,672.2598714416896,185.42561983471074,10
134,Desmond Bane,Memphis Grizzlies,SG,93,165,30,80,183.4,19,21,366.7,14,40,172.9,2,14,16,34,14,5,13,2,-54,143,109,127,50,267.2,8.8,114.79999999999998,4.8,701.1999999999999,362.8,587.2,142.0,5
135,Devin Booker,Phoenix Suns,SG,278,363,95,194,446.6,61,67,921.2,27,77,273.5,7,28,35,73,28,9,34,5,49,386,313,351,108,1694.0,44.62383782959914,76.10836762688615,64.69151044048164,1692.9855204999237,1676.5250723975003,1708.4787379972565,122.7139155616522,10
136,Devin Vassell,San Antonio Spurs,SG,193,373,77,163,440.2,18,21,691.7,21,61,312.3,0,33,33,47,16,12,18,1,-43,273,226,240,80,806.4410104810535,25.71969900564364,52.6495565708143,24.90217683418436,1079.5020155872078,846.0,1027.3222252082774,90.99005643644182,10
137,Devonte' Graham,San Antonio Spurs,PG,56,170,19,60,276.6,6,6,300.0,12,48,242.2,1,17,18,23,10,6,9,1,-15,97,74,79,41,322.78373702422147,7.688581314878893,43.99480968858131,15.688581314878894,538.9792387543251,349.9532871972319,509.42906574394465,54.06401384083045,10
138,Dillon Brooks,Houston Rockets,SF,119,313,40,112,336.4,21,24,419.0,18,60,336.79999999999995,6,24,30,16,38,9,10,2,-37,165,149,135,46,674.0653983353152,26.159862597436916,16.9179548156956,25.607609988109395,935.3358435724667,751.0885189589113,833.7372175980975,67.6533227639054,10
139,Domantas Sabonis,Sacramento Kings,PF,152,343,57,117,482.4,38,61,626.7,0,6,0.0,43,94,137,75,30,9,37,8,-26,364,289,227,212,203.41012396694222,131.63739669421489,43.5860020661157,0.46616735537190085,608.0178202479337,499.0,255.70583677685954,231.94550619834712,10
140,Dominick Barlow,San Antonio Spurs,F,57,150,21,38,506.6,15,18,416.6,0,1,0.0,19,22,41,15,19,4,4,3,10,113,98,72,56,290.46020761245677,81.13667820069205,45.74567474048443,0.0,715.5397923875432,590.5,425.3581314878893,117.0242214532872,10
141,Donovan Mitchell,Cleveland Cavaliers,SG,181,345,57,144,382.2,34,40,723.8,33,82,388.3,2,36,38,52,23,13,31,7,-63,271,219,233,90,572.5250000000001,29.756249999999998,47.856249999999996,28.40625,807.125,723.5562499999999,650.1062499999999,83.6,10
142,Donte DiVincenzo,New York Knicks,SG,217,386,74,156,467.6,16,21,538.3,53,118,444.8,5,37,42,29,23,15,17,7,60,288,259,246,71,700.6905211206271,15.683843808970824,19.19683553491073,69.30831760778052,783.9390332413993,776.2022064160255,714.3428654376543,28.96516185222819,10
143,Dorian Finney-Smith,Brooklyn Nets,PF,59,287,23,61,357.5,7,10,350.0,6,35,181.6,12,34,46,16,15,11,9,5,-50,121,105,75,62,170.87530233808116,38.64767535608708,6.6374630475678575,5.748454716474066,204.79252889008333,170.7446922870196,212.60816984681537,37.60010749798441,10
144,Doug McDermott,Indiana Pacers,SF,41,117,15,37,270.8,0,0,0.0,11,32,248.7,0,7,7,8,12,5,3,0,1,56,48,49,15,199.03061224489795,8.10012755102041,9.65625,14.90625,318.74489795918373,227.72257653061226,287.2582908163265,20.551020408163268,10
145,Draymond Green,Golden State Warriors,PF,96,300,39,71,540.5,8,13,300.0,10,24,261.4,14,57,71,59,30,19,25,8,70,226,167,155,130,301.72958355868036,30.199567333693892,77.18820984315846,24.654407787993513,583.5305570578691,309.9507842076798,571.1590048674958,111.53812871822606,10
146,Drew Eubanks,Phoenix Suns,PF,43,163,16,31,450.0,11,13,455.0,0,0,0.0,16,30,46,10,18,3,5,11,-7,99,89,53,56,86.31252721730294,33.154594280737406,14.326607635360721,0.0,73.85876034257512,59.06619248076644,80.11220786761504,68.47408912759472,10
147,Duncan Robinson,Miami Heat,F,100,267,35,88,343.1,8,9,350.0,22,70,236.3,3,26,29,19,26,7,17,2,-38,148,129,119,48,720.2032486463974,23.849645980841316,31.82465639316951,45.95251978342357,1095.765097875885,805.1599333610995,1000.8825489379426,65.60016659725115,10
148,Duop Reath,Portland Trail Blazers,C,85,175,34,83,376.8,8,9,300.0,9,38,211.7,12,30,42,11,21,3,4,5,-8,138,127,96,53,408.6249134948097,39.13494809688581,23.32387543252595,9.27681660899654,740.3474048442906,611.9425605536333,515.4089965397925,84.07958477508653,10
149,Dwight Powell,Dallas Mavericks,C,19,111,7,13,450.0,5,10,300.0,0,0,0.0,12,18,30,6,17,2,5,2,-12,55,49,25,36,37.40453686200379,57.15689981096409,2.7495274102079392,0.0,151.35822306238185,133.21550094517957,41.85727788279773,73.59640831758034,10
150,Dylan Windler,Atlanta Hawks,G,28,67,10,18,163.8,0,0,0.0,8,16,142.1,3,7,10,3,3,2,2,0,-17,41,38,31,13,136.02615933412602,8.092746730083235,2.9072532699167657,13.467300832342453,201.36385255648037,182.92033293697978,146.07491082045183,19.394768133174793,4
151,Dylan Windler,Los Angeles Lakers,G,3,14,1,4,25.0,0,0,0.0,1,4,25.0,0,1,1,2,1,0,0,0,-7,6,4,5,3,14.702734839476815,3.011890606420927,0.4019024970273484,1.1474435196195003,19.181926278240194,24.83947681331748,11.05469678953627,1.4042806183115344,2
152,Dyson Daniels,New Orleans Pelicans,G,80,245,33,63,507.2,2,4,100.0,12,28,353.3,10,33,43,26,22,19,10,7,-15,149,123,106,69,146.4891975308642,41.0679012345679,23.08179012345679,13.808641975308642,191.44444444444446,166.54475308641975,145.3641975308642,90.17438271604938,10
153,Emoni Bates,Cleveland Cavaliers,F,16,23,6,12,102.9,0,2,0.0,4,8,100.0,0,1,1,1,0,0,1,0,-3,18,17,17,2,41.013888888888886,0.8472222222222221,0.5555555555555556,3.6805555555555562,52.0,47.22222222222223,46.51388888888889,0.6805555555555554,2
154,Eric Gordon,Phoenix Suns,SG,67,220,24,66,361.4,4,5,266.7,15,48,278.3,0,8,8,8,9,12,6,2,26,83,75,75,16,169.18714949527316,7.430539977567698,10.953052395449447,15.541900336484538,182.8134914276558,156.98269508091653,187.557282486781,25.84425572824868,10
155,Eugene Omoruyi,Washington Wizards,F,40,127,15,39,433.4,8,16,291.7,2,12,100.0,9,13,22,7,18,8,5,3,-60,69,62,47,29,40.231568998109644,17.668241965973536,6.318525519848771,3.6001890359168245,50.363894139886575,68.15122873345936,31.0,15.43100189035917,10
156,Evan Fournier,Detroit Pistons,SG,69,217,25,72,305.6,11,14,350.0,8,38,205.0,1,16,17,18,13,9,7,4,-71,104,86,87,35,405.6111111111111,10.107438016528926,25.820477502295685,10.360422405876951,486.61157024793386,493.26400367309463,388.23966942148763,46.64692378328742,10
157,Evan Mobley,Cleveland Cavaliers,PF,166,295,62,105,582.5,31,42,746.7,11,22,500.0,15,54,69,37,21,11,16,12,-14,272,235,203,106,236.87603305785123,89.0,50.166942148760334,5.2644628099173545,419.2,363.14876033057857,289.0,143.09421487603305,10
158,Frank Ntilikina,Charlotte Hornets,PG,5,39,1,8,50.0,2,2,100.0,1,7,50.0,1,4,5,3,4,0,0,0,0,13,10,8,8,19.0,7.0,6.84,0.7600000000000002,24.439999999999998,14.0,18.64,24.640000000000004,4
159,Franz Wagner,Orlando Magic,SF,169,297,61,122,498.2,39,47,844.4,8,37,190.0,10,27,37,28,20,8,9,2,26,234,206,197,65,172.55017301038063,42.97923875432526,20.4969723183391,9.842993079584774,297.625,291.22491349480964,205.22188581314873,37.204584775086495,10
160,Fred VanVleet,Houston Rockets,PG,208,376,71,171,428.4,33,39,715.0,33,88,351.0,8,34,42,70,39,23,15,6,-13,320,250,278,112,1174.0440214158239,49.16121356335515,54.81766805472933,62.11005353955979,1458.658239143367,1501.4336704342654,1166.6891731112432,68.5582986317668,10
161,Furkan Korkmaz,Philadelphia 76ers,SG,41,116,13,29,278.6,7,10,241.7,8,18,258.3,3,12,15,12,6,3,2,2,22,68,56,53,27,292.875,14.875,10.0,20.0,404.0,340.0,363.875,17.875,8
162,GG Jackson,Memphis Grizzlies,F,141,313,49,135,368.3,24,31,750.0,19,67,300.9,7,42,49,24,14,6,18,3,-94,214,190,165,73,184.3610945865557,83.18322427126711,16.755800118976797,6.5,236.68560380725756,255.13265913146938,181.48036882807855,84.37269482450921,10
163,Gabe Vincent,Los Angeles Lakers,PG,2,57,1,10,25.0,0,0,0.0,0,6,0.0,1,2,3,4,5,3,3,0,-6,9,5,6,7,3.020408163265306,0.7551020408163265,2.0,0.0,4.795918367346939,4.795918367346939,5.020408163265306,0.7551020408163266,4
164,Garrett Temple,Toronto Raptors,SF,56,200,20,50,485.7,7,10,300.0,9,27,353.3,11,19,30,15,20,10,9,3,-70,101,86,71,45,138.9244497323022,34.148720999405114,22.572873289708507,8.904818560380727,253.93753718024985,206.29863176680544,148.3551457465794,94.92980368828078,10
165,Garrison Mathews,Atlanta Hawks,SG,101,197,33,65,588.3,10,11,300.0,25,53,560.6,3,14,17,8,18,3,4,0,-21,126,118,109,25,267.57584770969663,10.367043426531827,13.681439619274244,17.163890541344436,326.4881023200476,312.0440214158239,275.5148720999405,30.553539559785843,10
166,Gary Harris,Orlando Magic,SG,61,263,22,53,395.3,3,4,200.0,14,39,370.9,6,16,22,14,16,9,6,1,27,97,83,75,36,187.77750088999645,18.0,30.43645425418298,12.400142399430402,390.1128515485938,268.1925952296191,285.0562477750089,73.07796368814525,10
167,Gary Payton II,Golden State Warriors,SG,67,174,30,45,679.0,3,5,200.0,4,11,216.7,6,17,23,14,22,9,6,7,46,104,90,81,37,150.08349769888235,44.71860618014465,38.644641683103224,4.4000657462195925,204.89053254437871,143.27284681130834,135.32314266929652,159.741288625904,10
168,Gary Trent Jr.,Toronto Raptors,SG,221,328,82,177,471.4,28,32,713.3,29,77,364.2,5,34,39,29,19,19,7,1,-64,289,260,250,68,455.61111111111114,27.702777777777776,29.23611111111111,53.125,487.4000000000001,529.0027777777777,409.4694444444443,61.47777777777778,10
169,Georges Niang,Cleveland Cavaliers,SF,92,212,35,74,422.2,3,4,150.0,19,47,359.2,1,22,23,11,24,6,11,2,-20,126,115,103,34,551.4387269482451,23.441403926234383,6.911659726353361,38.90005948839976,462.8268887566925,475.9158239143367,520.5550267697798,48.14782867340868,10
170,Giannis Antetokounmpo,Milwaukee Bucks,PF,282,365,114,193,601.8,53,86,543.3,1,11,50.0,40,95,135,72,29,9,37,16,18,489,417,354,207,453.9763313609468,207.28402366863904,50.06390532544379,1.3976331360946748,1152.4082840236688,1029.5207100591715,526.3905325443787,307.82130177514796,10
171,Goga Bitadze,Orlando Magic,C,32,108,13,23,546.7,6,10,283.3,0,3,0.0,11,15,26,9,12,2,9,9,-9,67,58,41,35,56.85306365258774,68.23319452706723,10.403926234384295,0.0,269.1023200475907,201.7323022010708,90.58596073765617,112.27424152290303,10
172,Gordon Hayward,Oklahoma City Thunder,SF,59,163,20,46,363.8,11,15,316.7,8,16,300.0,2,15,17,11,7,5,6,1,-36,87,76,70,28,309.76400367309463,26.2396694214876,12.15702479338843,9.600091827364556,300.4196510560147,328.7089072543618,270.0367309458219,49.83471074380166,10
173,Gradey Dick,Toronto Raptors,G,158,312,60,132,455.8,13,17,404.7,25,63,387.5,4,30,34,7,18,5,13,1,-104,199,192,165,41,358.75436291987245,51.43253893788703,9.89172452617752,28.482079189341338,379.9093638581347,449.03921936573465,311.88647025708394,39.06230061925314,10
174,Grant Williams,Charlotte Hornets,PF,151,318,57,103,554.7,19,27,691.7,18,40,540.3,13,41,54,49,36,6,15,4,-66,254,205,200,103,252.29262944847363,40.8099173553719,91.71647832686793,3.8677685950413223,384.33698768763696,307.94788328554563,274.4149097655591,186.79321976724574,10
175,Grayson Allen,Phoenix Suns,SG,113,315,40,96,436.6,15,19,379.2,18,61,256.9,8,38,46,25,18,11,9,5,58,184,159,138,71,290.3348574912361,58.37280902301479,27.539247065996037,28.68373723517756,489.2900472488949,415.5651577503429,373.03215973174827,76.93964334705076,10
176,Gui Santos,Golden State Warriors,F,41,117,14,26,422.5,8,9,350.0,5,10,300.0,9,21,30,10,16,2,5,2,-7,81,71,51,40,177.8,136.31836734693877,15.265306122448981,4.6000000000000005,640.2653061224489,566.0612244897959,202.49387755102038,201.0938775510204,10
177,Harrison Barnes,Sacramento Kings,SF,107,258,38,94,331.5,17,22,480.0,14,45,244.7,10,25,35,14,7,5,8,0,-13,156,142,121,49,677.15625,42.53228305785124,16.78202479338843,21.78925619834711,1046.3801652892562,874.5010330578511,824.8132747933885,83.5364152892562,10
178,Harry III Giles,Brooklyn Nets,F,8,8,3,6,50.0,1,2,50.0,1,1,100.0,2,2,4,2,3,0,0,0,-12,14,12,10,6,49.0,11.430839002267573,3.4489795918367347,0.8185941043083901,149.7709750566893,107.76417233560092,78.44897959183675,27.43764172335601,1
179,Harry III Giles,Los Angeles Lakers,F,2,10,1,4,100.0,0,0,0.0,0,2,0.0,0,1,1,0,0,1,0,0,-15,3,3,2,1,2.0,0.528344671201814,0.04081632653061224,0.018140589569160995,4.63718820861678,4.528344671201814,2.0408163265306123,0.6371882086167799,2
180,Haywood Highsmith,Miami Heat,F,108,274,43,75,516.0,1,5,33.3,21,39,459.5,20,44,64,15,18,10,4,4,34,187,172,123,79,514.3243070020831,81.28569139560969,7.311168082038135,30.576349943919244,771.3204614645088,727.9564172408268,543.8921647171927,102.39304598622014,10
181,Herbert Jones,New Orleans Pelicans,SF,98,356,30,76,362.3,25,26,750.0,13,39,311.1,6,25,31,31,32,22,13,5,5,160,129,129,62,226.32656250000002,33.525,17.0,12.1765625,339.01406249999997,285.68906250000003,254.3515625,75.825,10
182,Hunter Tyson,Denver Nuggets,F,0,7,0,3,0.0,0,0,0.0,0,3,0.0,0,1,1,0,1,0,2,0,-1,1,1,0,1,4.746173469387754,0.7346938775510206,0.03188775510204082,0.15433673469387754,2.25,1.7461734693877555,5.556122448979592,0.46045918367346944,1
183,I. Thomas,Phoenix Suns,G,5,8,2,4,50.0,0,0,0.0,1,2,50.0,0,0,0,1,0,0,0,0,1,6,5,6,1,14.92768595041322,0.0,0.29752066115702475,0.5971074380165289,19.4400826446281,14.92768595041322,19.4400826446281,0.29752066115702475,1
184,Ibou Badji,Portland Trail Blazers,C,10,41,4,5,250.0,2,4,100.0,0,0,0.0,2,4,6,4,8,0,5,3,-33,20,16,14,10,15.650969529085874,6.0,4.171745152354571,0.0,37.529085872576175,34.80886426592798,21.42382271468144,7.119113573407203,4
185,Immanuel Quickley,Toronto Raptors,SG,221,348,71,161,437.1,55,64,732.2,24,74,315.2,3,53,56,88,20,12,27,2,-49,365,277,309,144,570.5712809917355,89.7892561983471,183.58367768595042,14.856404958677688,1361.4256198347107,813.6291322314049,969.4297520661156,422.31095041322317,10
186,Isaac Okoro,Cleveland Cavaliers,SF,75,282,29,66,454.2,7,14,208.3,10,32,313.1,6,16,22,11,21,4,9,2,-43,108,97,86,33,136.40610380931165,22.73780351971486,20.684116729783916,8.570282913789262,322.4401871240811,251.65226108264648,196.74448652261083,53.871463577634216,10
187,Isaiah Hartenstein,New York Knicks,C,106,267,43,63,720.6,20,30,488.1,0,0,0.0,26,46,72,41,29,15,17,11,101,219,178,147,113,206.53911900065748,147.59631821170282,66.77777777777777,0.0,547.0578566732413,513.5621301775149,200.30834976988822,254.10059171597632,10
188,Isaiah Jackson,Indiana Pacers,SF,67,150,27,41,707.2,13,17,575.0,0,0,0.0,27,23,50,11,20,7,5,11,42,128,117,78,61,108.69631819403389,150.32141897339426,31.68583714055361,0.0,629.6855683955926,454.88336468691216,186.78903520558993,278.7167428110723,10
189,Isaiah Joe,Oklahoma City Thunder,SG,108,220,37,73,544.3,8,9,375.0,26,52,523.6,4,26,30,23,9,8,7,4,34,161,138,131,53,170.83045806067815,13.002974419988105,60.059785841760856,12.0,434.5,231.8524687685901,354.5761451516954,91.96460440214159,10
190,Isaiah Mobley,Cleveland Cavaliers,F,5,33,2,7,58.3,0,0,0.0,1,4,25.0,0,4,4,2,2,0,0,0,-1,11,9,7,6,6.742222222222221,12.702222222222222,1.5022222222222223,0.8755555555555556,39.22222222222223,26.28,14.36888888888889,19.520000000000003,2
191,Isaiah Stewart,Detroit Pistons,C,106,319,40,71,587.7,10,12,516.7,16,38,409.0,10,48,58,12,11,4,10,10,-48,176,164,118,70,131.47520661157026,49.603305785123965,9.603305785123966,12.764462809917354,245.47520661157023,193.27685950413223,178.88016528925618,64.0,10
192,Ish Smith,Charlotte Hornets,PG,18,181,8,34,236.0,0,0,0.0,2,2,200.0,1,19,20,41,16,5,6,1,-90,79,38,59,61,54.36000000000001,24.0,78.09,1.5600000000000003,170.49,69.16000000000001,134.09,123.69,9
193,Ish Wainright,Phoenix Suns,F,3,11,1,6,16.7,0,0,0.0,1,4,25.0,3,2,5,1,1,1,1,0,-3,9,8,4,6,6.890625,19.140625,0.765625,0.765625,62.015625,49.0,12.25,27.5625,1
194,Ivica Zubac,LA Clippers,C,138,291,57,96,621.4,24,28,625.0,0,0,0.0,27,79,106,16,23,4,9,15,-8,260,244,154,122,224.0288415318058,89.6007050152219,6.465630507931422,0.0,462.2912994712385,452.64508892805634,216.8774234898254,112.863964108316,10
195,JT Thor,Charlotte Hornets,F,38,117,16,24,565.0,2,3,150.0,4,11,250.0,2,14,16,7,11,1,3,4,10,61,54,45,23,88.23140495867769,27.355371900826448,4.7950413223140504,5.04793388429752,209.26446280991738,190.86611570247933,99.4,39.3801652892562,10
196,JaVale McGee,Sacramento Kings,C,23,49,11,19,355.0,0,3,0.0,1,2,100.0,5,10,15,1,6,2,1,0,-4,39,38,24,16,84.69084423305588,15.596908442330559,0.8953626634958384,0.8953626634958384,143.0975029726516,144.2259215219976,87.20095124851368,12.85374554102259,7
197,Jabari Smith Jr.,Houston Rockets,PF,162,320,56,115,496.0,25,30,750.0,25,60,382.2,8,47,55,21,23,4,9,11,-37,238,217,183,76,499.8804678737382,77.99759653901617,17.201570261176094,19.990546386796986,753.4741227367409,662.1219355872456,578.9246915558404,107.50713026758532,10
198,Jabari Walker,Portland Trail Blazers,F,108,325,38,97,410.1,24,31,620.9,8,24,283.3,28,81,109,14,26,3,8,1,-107,231,217,122,123,294.5427559453533,415.4388598414572,24.438859841457244,7.7895091921065935,1249.9063923089898,1160.6326530612246,378.0,445.6942148760331,10
199,Jack White,Memphis Grizzlies,F,6,41,2,10,28.6,0,0,0.0,2,6,40.0,2,4,6,1,1,2,1,1,-18,13,12,7,7,18.367346938775512,2.0408163265306123,0.510204081632653,2.0408163265306123,4.591836734693878,8.16326530612245,12.755102040816325,4.591836734693878,2
200,Jacob Gilyard,Brooklyn Nets,G,0,11,0,2,0.0,0,0,0.0,0,2,0.0,0,0,0,1,2,1,0,0,0,1,0,1,1,14.761772853185596,0.6232686980609419,3.792243767313019,1.3407202216066483,43.28254847645429,21.451523545706372,33.51800554016621,7.490304709141275,1
201,Jacob Gilyard,Memphis Grizzlies,G,67,192,23,49,431.8,1,1,100.0,20,42,431.8,1,13,14,39,10,9,12,2,-59,120,81,106,53,341.01385041551254,15.504155124653737,43.28808864265928,29.750692520775623,656.0166204986151,445.7479224376731,519.5041551246537,90.57063711911357,9
202,Jacob Toppin,New York Knicks,F,13,29,5,9,107.1,2,2,100.0,1,4,33.3,3,3,6,1,3,0,1,0,-18,20,19,14,7,78.05555555555556,8.722222222222221,0.5555555555555556,0.7222222222222223,130.22222222222223,136.55555555555554,72.5,8.5,2
203,Jaden Hardy,Dallas Mavericks,G,55,109,20,45,442.9,8,9,350.0,7,18,223.3,4,12,16,16,13,2,10,0,-13,87,71,71,32,80.49511111111111,11.793777777777779,35.04177777777778,6.100444444444445,161.62044444444444,79.624,147.8,61.52711111111111,10
204,Jaden Ivey,Detroit Pistons,PG,170,305,60,154,393.7,24,33,671.6,26,63,386.3,8,29,37,45,20,6,25,3,-87,252,207,215,82,434.60799399512103,21.378307374741976,61.91912178645149,36.67254644398574,491.2201163445299,441.749483955714,482.38487521110903,84.9911803340214,10
205,Jaden McDaniels,Minnesota Timberwolves,PF,104,291,43,88,482.1,9,10,550.0,9,38,176.2,7,29,36,18,27,9,9,5,-1,158,140,122,54,188.36623067776455,15.086801426872771,11.467829303738934,9.412736160655303,199.22763905403622,208.70154577883474,178.7575637468622,26.689390936715547,10
206,Jaden Springer,Boston Celtics,G,55,181,21,50,413.7,10,10,500.0,3,19,133.3,12,18,30,17,21,14,9,4,2,102,85,72,47,208.0371900826446,55.525826446280995,32.46694214876034,2.447314049586777,698.3192148760331,470.125,366.4462809917356,157.77789256198344,10
207,Jae Crowder,Milwaukee Bucks,PF,58,204,21,50,418.0,8,10,230.0,8,29,270.0,9,17,26,12,6,4,3,2,8,96,84,70,38,134.0489809335963,10.571005917159763,9.609467455621301,6.29750164365549,160.7087442472058,168.31426692965155,126.7629848783695,19.86094674556213,10
208,Jae'Sean Tate,Houston Rockets,SF,39,131,17,32,440.5,3,5,150.0,2,7,133.3,8,19,27,7,15,5,14,5,6,73,66,46,34,92.96667562483202,21.52512765385649,6.129266326256383,1.6001074979844128,191.7621607094867,145.35608707336738,121.80596613813492,45.221177102929325,10
209,Jahmi'us Ramsey,Toronto Raptors,SG,47,120,18,41,306.3,5,6,175.0,6,22,183.3,4,18,22,8,10,7,7,0,-28,77,69,55,30,69.3801652892562,36.066115702479344,3.072314049586777,3.402892561983472,97.25413223140495,108.65289256198346,77.28719008264463,19.832644628099175,7
210,Jaime Jr. Jaquez,Miami Heat,G,104,291,39,86,430.4,18,25,616.7,8,25,244.89999999999998,9,40,49,27,20,12,9,3,3,180,153,131,76,399.9229968782518,41.14984391259105,22.292403746097815,7.839750260145682,373.75650364203955,369.74921956295526,390.9687825182102,76.40374609781477,10
211,Jake LaRavia,Memphis Grizzlies,F,142,311,43,112,367.7,30,39,623.9,26,62,386.2,18,28,46,23,19,9,22,4,-9,211,188,165,69,635.8049886621316,40.40362811791383,17.0,66.6374401612497,930.1020408163265,883.3877551020407,656.2335600907029,83.68934240362813,10
212,Jakob Poeltl,Toronto Raptors,C,122,251,55,101,543.9,12,20,491.7,0,0,0.0,39,53,92,31,28,10,11,19,35,245,214,153,123,161.8469387755102,127.67346938775509,30.387755102040813,0.0,516.704081632653,398.98979591836735,256.6224489795918,181.0,10
213,Jalen Brunson,New York Knicks,PG,362,364,131,256,508.70000000000005,67,79,851.8,33,82,373.9,4,29,33,78,19,8,21,0,160,473,395,440,111,1304.4871208657216,24.100746837372352,53.803993293705226,41.40847431793933,1429.9114464258498,1448.8902606310014,1268.4444444444441,94.96860234720317,10
214,Jalen Duren,Detroit Pistons,C,124,254,46,88,476.9,32,37,802.3,0,1,0.0,21,75,96,14,23,8,22,5,-68,234,220,138,110,326.7901234567901,192.8989669942051,16.637440161249685,0.0,979.6956412194507,900.888384983623,374.8526077097506,240.28117913832202,10
215,Jalen Green,Houston Rockets,SG,208,355,72,180,373.7,37,47,727.9,27,88,282.0,7,52,59,52,23,14,36,4,-31,319,267,260,111,1173.3061170564142,57.98824151142819,45.96327123794424,38.87210992205047,1894.2508917954815,1680.073853877659,1342.3461487646982,149.08851895891135,10
216,Jalen HoodSchifino,Los Angeles Lakers,G,5,11,1,6,33.3,2,4,100.0,1,3,50.0,0,2,2,0,1,0,1,0,-13,7,7,5,2,9.0,0.9799999999999999,0.020000000000000004,0.8200000000000001,13.32,14.180000000000001,8.42,0.72,2
217,Jalen Johnson,Atlanta Hawks,SF,177,316,70,142,520.2,19,26,379.0,18,43,494.9,12,75,87,49,16,13,20,5,21,313,264,226,136,616.3048827374087,158.3048827374087,67.89273356401385,11.655517108804306,1274.7800845828529,837.2195309496348,944.0315263360246,336.0315263360246,10
218,Jalen McDaniels,Toronto Raptors,PF,51,163,21,59,272.9,9,12,425.0,0,11,0.0,5,16,21,14,15,2,8,2,-85,86,72,65,35,151.41700960219478,55.515775034293554,25.23456790123457,0.030864197530864196,455.6049382716049,357.1111111111111,221.27709190672155,109.3840877914952,10
219,Jalen Pickett,Denver Nuggets,G,2,7,1,3,33.3,0,0,0.0,0,2,0.0,0,0,0,2,0,0,0,0,-1,4,2,4,2,0.7585848074921955,0.1758584807492196,1.0,0.06659729448491154,2.1071800208116547,0.20395421436004166,3.5005202913631637,0.33714880332986463,1
220,Jalen Slawson,Sacramento Kings,F,2,8,1,2,50.0,0,0,0.0,0,1,0.0,1,1,2,0,2,1,0,0,3,4,4,2,2,2.6776859504132227,2.3884297520661155,0.0,0.0,10.12396694214876,10.12396694214876,2.6776859504132227,2.3884297520661155,1
221,Jalen Smith,Indiana Pacers,PF,81,150,30,65,426.6,14,20,277.4,7,23,261.9,24,34,58,9,15,4,3,8,7,148,139,90,67,220.95847750865053,87.59861591695503,6.958477508650519,10.141868512110726,539.598615916955,520.273356401384,240.0,94.84083044982698,10
222,Jalen Suggs,Orlando Magic,SG,131,288,46,95,491.8,22,29,666.7,17,45,378.3,5,17,22,35,24,15,13,9,-10,188,153,166,57,294.9278549382716,12.069444444444445,36.65625,9.085262345679013,425.80864197530866,320.82600308641975,400.45216049382714,48.18402777777778,10
223,Jalen Williams,Oklahoma City Thunder,F,198,319,82,152,540.4,24,31,646.7,10,34,213.3,7,36,43,49,19,16,21,10,55,290,241,247,92,431.0581421251949,32.60793049676988,54.90376475829807,13.505903319224773,653.1784361773223,378.2154154600134,701.333704611272,92.19915348629985,10
224,Jalen Wilson,Brooklyn Nets,F,54,164,19,40,567.7,10,15,350.0,6,18,250.0,7,26,33,10,9,2,6,1,25,97,87,64,43,152.9294982698962,39.0,10.01946366782007,4.449826989619377,359.8581314878893,272.5471453287197,212.5051903114187,76.75475778546713,10
225,Jamal Cain,Miami Heat,F,12,37,3,9,125.0,4,4,200.0,2,4,150.0,2,3,5,6,5,1,3,1,11,23,17,18,11,11.816608996539793,4.501730103806228,6.674740484429065,1.055363321799308,42.04498269896194,24.702422145328715,30.733564013840837,9.602076124567473,4
226,Jamal Murray,Denver Nuggets,PG,220,318,82,168,486.9,30,37,761.4,26,55,488.4,9,34,43,70,17,16,20,8,84,333,263,290,113,464.0099958350687,50.54185755935027,66.81632653061224,23.147855060391503,532.0778842149105,427.23240316534776,538.0566430653894,148.15701790920448,10
227,Jamaree Bouyea,San Antonio Spurs,G,2,12,1,1,100.0,0,0,0.0,0,0,0.0,0,1,1,1,0,1,0,0,-4,4,3,3,2,1.3061224489795917,0.32653061224489793,0.32653061224489793,0.0,0.0,0.32653061224489816,0.32653061224489816,1.3061224489795917,1
228,James Bouknight,Charlotte Hornets,SG,10,13,4,10,83.3,0,0,0.0,2,7,58.3,0,0,0,0,0,1,1,0,13,10,10,10,0,18.0,0.0,0.0,0.72,18.0,18.0,18.0,0.0,2
229,James Harden,LA Clippers,SG,132,344,40,114,353.1,36,42,840.7,16,68,217.1,6,51,57,95,10,12,23,3,-25,284,189,227,152,272.0211218836565,36.216412742382275,133.0003462603878,18.127423822714686,411.99065096952904,300.20637119113576,362.32271468144046,190.69944598337952,10
230,James Johnson,Indiana Pacers,PF,4,12,1,4,33.3,2,2,100.0,0,1,0.0,0,0,0,2,3,0,1,1,-2,6,4,6,2,1.2800000000000002,0.0,0.32000000000000006,0.0,2.88,1.2800000000000002,2.88,0.32000000000000006,2
231,James Wiseman,Detroit Pistons,C,73,220,27,52,428.6,19,24,370.8,0,0,0.0,14,49,63,7,27,1,19,4,-89,143,136,80,70,284.9673484706324,96.10227059485833,9.358791518108463,0.0,658.0467254644399,637.5837868267968,303.5233627322199,107.36798648902233,10
232,Jamie Jr. Jaquez,Miami Heat,G,69,188,26,53,492.4,9,11,441.7,8,21,361.7,7,16,23,18,15,5,13,3,27,110,92,87,41,144.95971074380165,14.447314049586776,19.71900826446281,5.691115702479339,208.0,153.71900826446281,198.4473140495868,34.95971074380165,10
233,Jarace Walker,Indiana Pacers,F,38,147,14,37,382.2,2,2,100.0,8,19,300.0,4,25,29,19,11,5,6,5,26,86,67,57,48,134.57941701368233,54.829863176680554,60.5990481856038,9.085068411659728,527.402736466389,321.3355145746579,273.8078524687686,182.26769779892922,10
234,Jared Butler,Washington Wizards,SG,78,209,30,65,463.0,10,10,400.0,8,30,306.7,5,24,29,43,23,12,19,4,-6,150,107,121,72,211.30666089965396,19.142301038062286,120.48832179930798,9.833910034602077,450.3689446366782,213.8148788927336,423.39446366782005,164.0968858131488,10
235,Jared Rhoden,Detroit Pistons,G,43,155,17,39,350.8,3,6,150.0,6,18,233.3,1,19,20,9,20,3,5,10,-45,72,63,52,29,71.8661224489796,17.800816326530615,8.183673469387754,4.081632653061225,141.0,146.61224489795916,73.82938775510203,18.408979591836733,9
236,Jaren Jackson Jr.,Memphis Grizzlies,PF,223,328,81,183,426.2,46,59,770.4,15,49,319.6,15,33,48,34,37,17,27,17,-129,305,271,257,82,1094.8353151010701,51.54815695600475,26.404280618311535,10.5,1277.910225921522,1216.8281807372177,1154.5,79.36979785969085,10
237,Jarred Vanderbilt,Los Angeles Lakers,PF,68,142,26,42,412.7,13,17,375.0,3,5,166.7,12,22,34,12,8,16,11,2,23,114,102,80,46,111.33333333333334,59.333333333333336,18.0,3.5,362.0,274.0,157.33333333333334,119.33333333333334,6
238,Jarrett Allen,Cleveland Cavaliers,C,168,315,72,117,612.5,24,29,758.3,0,1,0.0,26,63,89,31,13,5,10,5,-31,288,257,199,120,189.57792980368828,127.3280785246877,20.958060678167755,0.0,384.1823319452706,336.6073765615705,221.92088042831648,163.51814396192745,10
239,Jason Preston,Utah Jazz,G,10,48,5,13,116.6,0,0,0.0,0,1,0.0,3,7,10,14,2,1,1,0,8,34,20,24,24,20.81663516068053,12.18147448015123,19.875236294896034,0.0,142.06049149338372,57.928166351606805,75.26275992438562,61.742911153119096,4
240,Javon Freeman-Liberty,Toronto Raptors,G,101,230,38,79,440.3,17,19,700.0,8,24,225.0,12,36,48,20,16,9,15,0,-128,169,149,121,68,414.73840665873956,31.199167657550532,32.29726516052319,8.216409036860881,724.0743162901308,592.6688466111772,535.563614744352,74.07669441141498,10
241,Javonte Green,Chicago Bulls,G,75,167,30,46,444.6,9,12,275.0,6,14,316.7,14,38,52,4,13,6,6,8,24,131,127,79,56,331.8079561042524,107.91495198902606,1.737997256515775,2.8902606310013716,712.2565157750344,697.9890260631001,343.641975308642,112.08641975308643,7
242,Jaxson Hayes,Los Angeles Lakers,C,71,177,29,36,851.2,13,19,535.0,0,0,0.0,17,31,48,9,23,8,12,5,-37,128,119,80,57,297.02804709141276,74.3064404432133,7.620498614958449,0.0,597.7340720221607,625.1329639889196,285.4560249307479,66.10006925207756,10
243,Jay Huff,Denver Nuggets,C,3,5,1,2,50.0,0,0,0.0,1,2,50.0,0,0,0,0,2,0,0,0,-3,3,3,3,0,4.6749452154857565,0.12344777209642076,0.011687363038714392,0.8444119795471146,2.8991964937910883,3.2790357925493057,4.219138056975894,0.2111029948867787,1
244,Jaylen Brown,Boston Celtics,SG,222,339,87,180,479.9,28,40,585.5,20,57,354.4,14,40,54,26,26,17,29,8,11,302,276,248,80,384.8698060941828,73.65589412126808,30.61064943059403,14.02770083102493,421.72976300400126,436.96891351184985,337.0981840566328,136.79901508156357,10
245,Jaylen Nowell,Detroit Pistons,SG,26,49,11,19,168.1,2,4,50.0,2,4,66.7,3,5,8,3,2,1,1,2,-15,37,34,29,11,66.94214876033058,4.710743801652892,2.024793388429752,2.7107438016528924,105.0,105.20661157024794,68.80165289256198,4.669421487603305,3
246,Jaylin Williams,Oklahoma City Thunder,F,54,161,18,37,600.0,10,13,258.3,8,21,483.3,7,37,44,34,17,3,12,6,-34,132,98,88,78,49.90532544378699,74.16042077580539,123.18639053254437,5.631821170282709,400.82215647600265,188.94937541091383,215.8136094674556,243.31130834976986,10
247,Jayson Tatum,Boston Celtics,SF,254,361,84,185,450.4,61,71,698.1,25,71,348.3,11,61,72,50,16,11,26,7,8,376,326,304,122,363.31360946745565,90.13254437869823,14.684023668639053,16.576331360946746,591.9763313609468,618.5207100591715,361.5621301775149,80.02366863905326,10
248,Jeenathan Williams,Houston Rockets,G,18,36,9,15,283.4,0,2,0.0,0,0,0.0,3,5,8,1,5,1,0,0,14,27,26,19,9,50.329908058409956,7.289886425094647,0.8069226608977826,0.0,78.56084369929691,83.26608977825853,48.58409951325041,5.137371552190373,5
249,Jeff Dowtin,Philadelphia 76ers,G,50,133,19,34,374.2,3,4,200.0,9,18,283.4,3,15,18,26,1,6,5,1,27,94,68,76,44,228.2925089179548,28.74197384066587,47.495838287752676,8.90011890606421,539.9334126040428,323.4625445897741,430.1260404280618,90.87514863258025,10
250,Jeff Green,Houston Rockets,PF,73,178,24,59,396.3,13,15,475.0,12,38,282.5,8,20,28,10,8,4,2,1,-29,111,101,83,38,86.25951557093425,39.61245674740485,6.0221453287197235,9.634602076124567,198.36193771626296,182.7439446366782,101.84429065743944,45.667820069204154,10
251,Jerami Grant,Portland Trail Blazers,SF,169,342,56,142,386.6,38,46,711.3,19,49,402.0,6,19,25,35,18,14,28,2,-77,229,194,204,60,473.98961937716257,45.9204152249135,32.71626297577855,5.083044982698962,888.6262975778548,739.6678200692041,583.0934256055364,118.49134948096886,10
252,Jeremiah Robinson-Earl,New Orleans Pelicans,F,28,104,11,28,269.6,4,7,80.0,2,13,100.0,10,15,25,11,7,3,5,1,38,64,53,39,36,96.58392336526447,46.9625156184923,31.038317367763433,1.7334443981674303,297.09704289879215,197.04248229904206,162.19033735943356,112.44897959183675,9
253,Jeremy Sochan,San Antonio Spurs,F,126,301,51,121,422.6,14,19,516.7,10,44,192.79999999999998,21,59,80,33,16,14,20,10,-20,239,206,159,113,549.0972944849116,204.3746097814776,41.58480749219564,10.166493236212277,1143.8839750260145,1165.4823100936524,519.2138397502601,254.24453694068677,10
254,Jericho Sims,New York Knicks,C,11,149,5,9,266.7,1,2,50.0,0,0,0.0,16,25,41,5,11,5,5,5,17,57,52,16,46,26.97530864197531,87.4,4.708641975308643,0.0,178.2,163.61975308641973,34.0,99.6641975308642,10
255,Jerome Robinson,Golden State Warriors,SG,10,17,4,10,40.0,1,2,50.0,1,6,16.7,0,0,0,1,1,0,0,1,-2,11,10,11,1,78.12278876170654,0.1040582726326743,0.7585848074921956,0.8751300728407909,88.11758584807491,72.52445369406867,94.27783558792923,0.3007284079084287,1
256,Jett Howard,Orlando Magic,G,3,11,1,5,25.0,0,0,0.0,1,5,25.0,0,0,0,1,1,1,0,0,-1,4,3,4,1,4.515570934256056,0.11072664359861592,0.5155709342560554,0.5017301038062284,8.006920415224913,4.5432525951557095,8.062283737024222,0.5432525951557093,2
257,Jevon Carter,Chicago Bulls,PG,39,128,15,36,359.7,1,2,50.0,8,26,231.7,2,8,10,9,5,4,4,2,12,58,49,48,19,121.34567901234567,12.030864197530864,9.040466392318244,5.649519890260631,215.08367626886147,167.6111111111111,152.6865569272977,37.20301783264746,10
258,Jimmy Butler,Miami Heat,SF,180,347,52,114,469.3,66,72,843.6,10,30,308.2,9,40,49,57,11,10,17,0,72,286,229,237,106,325.607100591716,29.71005917159763,40.36094674556213,4.037869822485208,586.2485207100591,464.7751479289941,412.6,104.55147928994083,10
259,Jock Landale,Houston Rockets,C,89,223,35,57,633.5,15,21,633.3,4,8,250.0,18,24,42,17,18,7,7,5,46,148,131,106,59,167.22592533247877,64.53837526037493,18.13539496875501,4.6156064733215825,351.73561929178015,287.2095817977888,234.18746995673771,80.23826309886236,10
260,Joe Harris,Detroit Pistons,SF,2,12,1,3,33.3,0,0,0.0,0,1,0.0,0,0,0,0,1,0,0,0,-5,2,2,2,0,0.0,0.0,0.0,0.0,0.0,0.0,0.0,0.0,1
261,Joe Ingles,Orlando Magic,SG,44,179,14,30,389.9,5,7,266.7,11,23,408.3,1,19,20,29,10,4,14,1,33,93,64,73,49,122.0,14.113777777777777,11.060444444444444,10.97511111111111,144.11111111111111,116.96711111111111,142.87377777777778,31.444444444444443,10
262,Joel Embiid,Philadelphia 76ers,C,165,182,54,112,293.4,44,52,516.9,13,30,277.7,8,39,47,24,18,9,30,5,-30,236,212,189,71,322.3633217993079,48.45328719723184,42.07612456747405,8.833910034602077,623.8477508650519,480.2698961937717,460.27335640138404,96.19723183391002,6
263,John Collins,Utah Jazz,PF,193,271,68,119,570.0,39,48,752.5,18,34,508.9,22,58,80,7,25,7,12,7,-49,280,273,200,87,362.38775510204084,95.36033163265307,7.3501275510204085,12.044005102040817,700.0510204081634,672.8960459183673,372.3654336734694,119.88775510204083,10
264,John Konchar,Memphis Grizzlies,SG,57,299,19,46,385.8,8,9,266.7,11,29,391.6,19,45,64,29,20,13,17,9,-3,150,121,86,93,131.325,70.55625,15.0,7.125,291.05625,223.40625,166.425,118.10624999999999,10
265,Johnny Davis,Washington Wizards,G,40,161,15,27,441.7,6,9,210.0,4,9,250.0,3,15,18,11,14,3,2,4,-37,69,58,51,29,107.75493060628196,21.871804236669103,11.061358655953253,4.423666910153397,201.95252008765522,173.0080350620891,143.88056975894813,25.75200876552228,10
266,Johnny Juzang,Utah Jazz,G,83,228,29,63,393.2,6,8,316.7,19,45,366.8,5,16,21,15,22,2,9,2,-35,119,104,98,36,546.6,34.969444444444434,13.61111111111111,37.23611111111111,645.5250000000001,605.8027777777777,559.8777777777777,75.025,10
267,Jonas Valanciunas,New Orleans Pelicans,C,118,216,49,84,588.0,19,28,535.0,1,11,33.3,12,63,75,21,25,5,11,2,23,214,193,139,96,416.5832882639264,33.21525148729042,47.473769605192,0.9553812871822607,737.9732287723093,524.3593834505137,627.9159004867496,82.97025419145484,10
268,Jonathan Isaac,Orlando Magic,PF,78,166,29,46,513.6,10,14,416.7,10,19,408.3,12,32,44,8,11,10,3,11,33,130,122,86,52,451.638806772373,45.05401773716743,5.8081160978231665,8.01074979844128,708.0241870464928,689.9742004837408,460.82665950013427,59.72426766998119,10
269,Jonathan Kuminga,Golden State Warriors,PF,183,294,72,134,537.6999999999999,30,38,716.7,9,22,366.7,10,42,52,26,29,9,21,4,30,261,235,209,78,350.51124972154156,70.14212519492092,12.956114947649812,7.092670973490755,452.1102695477835,375.74003118734686,408.18333704611274,101.79639117843617,10
270,Jontay Porter,Toronto Raptors,C,49,159,18,41,352.3,4,6,150.0,9,26,230.4,10,23,33,32,11,10,13,9,-28,114,82,81,65,215.4023668639053,32.251479289940825,58.16863905325444,15.943786982248522,472.0,275.0917159763314,386.0976331360947,116.63313609467455,10
271,Jordan Clarkson,Utah Jazz,PG,161,328,58,144,353.7,31,35,737.9,14,53,206.6,7,29,36,63,18,10,23,0,-70,260,197,224,99,1014.8698224852071,104.98224852071006,74.72485207100591,21.005917159763314,1435.3639053254435,1403.248520710059,1032.630177514793,194.0621301775148,10
272,Jordan Goodwin,Memphis Grizzlies,G,99,275,40,106,364.4,8,10,300.0,11,34,293.3,28,57,85,47,21,8,14,3,-7,231,184,146,132,224.77777777777777,309.44444444444446,31.977777777777778,15.256790123456792,684.2444444444444,584.0,234.79999999999998,431.64444444444445,10
273,Jordan Hawkins,New Orleans Pelicans,G,24,94,8,31,291.7,3,5,116.7,5,19,166.7,2,8,10,5,5,2,1,1,16,39,34,29,15,44.93987889273356,8.01946366782007,4.508650519031142,6.63840830449827,55.15224913494809,74.75432525951558,29.311851211072664,8.554065743944637,10
274,Jordan McLaughlin,Minnesota Timberwolves,PG,43,150,15,29,423.8,4,4,200.0,9,19,358.4,4,10,14,26,5,4,2,0,84,83,57,69,40,126.18352171326592,15.200475907198097,58.79030339083879,11.770969660916121,301.34741225461033,176.59994051160024,242.84889946460441,82.0728732897085,10
275,Jordan Miller,LA Clippers,G,4,5,1,1,100.0,2,2,100.0,0,0,0.0,0,1,1,0,0,0,0,0,3,5,5,4,1,9.679012345679013,0.44444444444444453,0.0,0.0,14.271604938271604,14.271604938271604,9.679012345679013,0.44444444444444453,1
276,Jordan Nwora,Toronto Raptors,SF,96,211,38,82,467.4,9,13,333.3,11,34,326.9,8,35,43,22,8,7,20,6,-100,161,139,118,65,196.44066372610797,97.8300777147658,17.09640831758034,6.907582440663726,558.3707204368831,413.201218231464,277.8911993278723,178.6454526360008,10
277,Jordan Poole,Washington Wizards,SG,226,360,83,191,425.3,26,27,850.0,34,100,326.6,6,33,39,84,26,11,31,1,-62,349,265,310,123,723.1442743764172,21.766723356009066,130.1734693877551,24.096655328798185,1152.6224489795916,875.204081632653,941.266723356009,211.23611111111114,10
278,Jordan Walsh,Boston Celtics,G,2,33,1,5,100.0,0,0,0.0,0,3,0.0,3,4,7,1,6,2,2,1,19,10,9,3,8,3.8163265306122454,13.959183673469386,1.1020408163265305,0.0,8.673469387755102,8.551020408163264,9.0,10.0,3
279,Jose Alvarado,New Orleans Pelicans,PG,79,213,27,67,360.7,5,8,250.0,20,45,379.6,9,20,29,27,23,8,4,1,48,135,108,106,56,310.77777777777777,55.70277777777777,45.0,32.9,726.836111111111,526.7361111111111,441.77777777777777,169.80277777777778,10
280,Josh Giddey,Oklahoma City Thunder,SG,180,296,72,130,544.2,25,34,596.9,11,30,345.8,15,70,85,69,16,6,30,7,67,334,265,249,154,622.6990265008111,113.15900486749592,179.920497566252,21.142779881016764,1491.9775554353703,963.6000540832881,926.4394267171446,517.716603569497,10
281,Josh Green,Dallas Mavericks,SG,56,241,23,52,443.7,4,5,80.0,6,23,236.6,10,24,34,14,17,10,7,2,-11,104,90,70,48,151.150390625,38.625,9.853515625,6.625,184.6640625,192.556640625,153.6015625,38.134765625,10
282,Josh Hart,New York Knicks,SG,116,376,45,92,436.8,19,21,658.3,7,19,281.6,21,80,101,71,22,10,19,0,131,288,217,187,172,718.3321995464852,205.20209750566895,77.79846938775509,4.106859410430839,1595.2755102040817,1307.186224489796,938.5694444444445,350.8526077097506,10
283,Josh Minott,Minnesota Timberwolves,F,2,12,1,2,50.0,0,0,0.0,0,0,0.0,0,5,5,1,3,1,0,0,13,8,7,3,6,2.4780246913580246,11.719999999999999,0.571358024691358,0.16691358024691355,5.120000000000001,4.482469135802468,4.68,10.726913580246913,2
284,Josh Okogie,Phoenix Suns,SF,43,135,12,30,323.8,12,13,450.0,7,15,350.0,13,7,20,11,7,6,10,3,-9,74,63,54,31,162.207756232687,12.560941828254848,8.854570637119114,6.878116343490305,251.05817174515235,224.4224376731302,180.7493074792244,29.509695290858726,10
285,Josh Richardson,Miami Heat,SG,98,211,38,76,433.2,6,6,200.0,16,45,301.7,4,26,30,19,16,5,3,2,3,147,128,117,49,296.8888888888889,20.0,10.88888888888889,27.555555555555557,468.0,427.55555555555554,344.0,24.22222222222222,9
286,Joshua Primo,LA Clippers,G,0,5,0,1,0.0,0,0,0.0,0,0,0.0,1,0,1,0,0,0,1,0,1,1,1,0,1,0.0,0.0,0.0,0.0,0.0,0.0,0.0,0.0,1
287,Jrue Holiday,Boston Celtics,PG,97,302,40,89,469.5,0,0,0.0,17,48,368.3,9,36,45,46,12,8,15,10,57,188,142,143,91,124.94444444444446,76.50342935528121,70.94444444444444,12.277777777777777,396.7873799725652,262.8676268861454,268.77777777777777,137.53429355281207,10
288,Jules Bernard,Washington Wizards,G,52,96,20,39,566.2,4,7,250.0,8,16,435.0,7,11,18,11,8,2,5,1,24,81,70,63,29,221.85633270321358,13.577032136105858,16.967863894139885,7.304820415879018,379.38799621928166,286.6999054820415,312.0491493383743,33.040170132325144,9
289,Julian Champagnie,San Antonio Spurs,F,113,311,39,89,410.9,18,22,688.4,17,52,284.0,7,33,40,18,15,11,14,9,-67,171,153,131,58,330.4002267573696,47.625,22.23696145124717,16.83673469387755,650.1544784580499,549.5966553287981,397.172335600907,103.64767573696146,10
290,Julian Phillips,Chicago Bulls,F,39,132,13,31,272.9,7,8,266.7,6,13,283.4,6,12,18,5,12,5,3,1,-11,62,57,44,23,170.91975308641975,27.290123456790123,6.777777777777779,6.401234567901234,314.4444444444444,289.44444444444446,184.5493827160494,45.43827160493827,10
291,Julian Strawther,Denver Nuggets,G,28,61,9,26,108.0,6,6,300.0,4,18,81.9,1,8,9,8,6,1,6,0,4,45,37,36,17,160.20444444444445,15.920493827160495,9.84,3.777777777777778,298.2908641975309,236.68197530864194,202.81777777777776,44.75604938271605,4
292,Julius Randle,New York Knicks,PF,66,99,23,48,142.2,14,14,300.0,6,11,195.0,8,17,25,18,7,1,10,0,25,109,91,84,43,98.0,2.666666666666667,14.0,2.0,140.66666666666669,120.66666666666666,126.0,8.666666666666668,3
293,Justin Champagnie,Washington Wizards,SF,71,188,24,59,355.1,11,14,300.0,12,38,218.3,17,24,41,15,12,8,9,6,-56,127,112,86,56,335.6735537190083,96.28925619834712,10.520661157024794,15.616735537190083,858.4008264462809,752.9132231404959,403.8223140495868,144.1487603305785,10
294,Justin Holiday,Denver Nuggets,SF,47,164,18,38,472.9,0,0,0.0,11,23,433.3,3,10,13,9,8,8,3,3,39,69,60,56,22,112.32117028270875,10.119000657462196,33.21301775147929,8.905325443786982,234.90236686390534,142.36982248520712,210.4079552925707,37.77777777777778,10
295,Justin Minaya,Portland Trail Blazers,F,31,160,11,33,324.2,1,2,50.0,8,24,229.89999999999998,12,13,25,9,16,4,2,5,-27,65,56,40,34,56.531505873976506,27.598077607689564,9.669277322890707,8.338198647205411,149.6571733713065,104.85439658241367,87.24670701317194,51.35493058027768,10
296,Jusuf Nurkic,Phoenix Suns,C,75,282,27,69,415.8,20,32,468.5,1,2,50.0,34,86,120,47,33,14,23,10,61,242,195,122,167,233.54400000000004,222.576,51.16711111111111,0.9111111111111112,758.2151111111111,673.4960000000001,212.69511111111112,379.31111111111113,10
297,Karl-Anthony Towns,Minnesota Timberwolves,C,193,306,66,146,451.8,41,47,734.2,20,56,341.5,20,55,75,29,33,8,24,8,98,297,268,222,104,265.0493827160493,98.62345679012346,46.91975308641975,18.771604938271604,548.530864197531,414.4012345679012,362.2777777777778,182.44444444444443,10
298,Kawhi Leonard,LA Clippers,SF,239,347,93,173,538.7,37,43,815.0,16,45,350.8,14,45,59,28,12,13,23,11,38,326,298,267,87,125.67722681359045,60.90449954086318,8.631772268135904,8.466942148760332,202.40449954086316,148.5,148.1179981634527,101.0,10
299,Keegan Murray,Sacramento Kings,SF,177,365,66,155,425.7,12,14,541.7,33,93,358.0,18,38,56,22,22,6,6,10,17,255,233,199,78,224.35208220659817,80.68036776636019,20.098431584640345,16.462141698215255,198.9664683612764,124.08274743104377,272.3834505137913,127.63115197404002,10
300,Keita Bates-Diop,Brooklyn Nets,SF,35,85,12,20,615.0,6,6,300.0,5,11,350.0,3,10,13,5,1,2,5,4,-13,53,48,40,18,52.10000000000001,16.81111111111111,4.677777777777777,5.4,94.5,87.3777777777778,51.511111111111106,29.2,10
301,Keldon Johnson,San Antonio Spurs,SF,145,293,49,104,463.8,27,32,684.2,20,55,368.5,15,44,59,18,17,4,11,2,-15,222,204,163,77,291.739919975377,55.21606648199445,22.15266235764851,24.603262542320714,379.4958448753462,409.48045552477686,289.8919667590028,49.232071406586634,10
302,Kelly Olynyk,Toronto Raptors,PF,149,307,54,88,621.2,33,38,773.3,8,26,331.6,14,45,59,62,35,12,31,7,-66,270,208,211,121,200.28775510204085,27.979591836734695,93.03673469387755,3.6,406.8591836734695,299.3326530612245,321.03061224489795,107.79999999999998,10
303,Kelly Oubre Jr.,Philadelphia 76ers,SG,187,338,68,155,431.4,31,37,542.8,20,55,298.2,15,45,60,26,25,13,19,11,50,273,247,213,86,543.5348501842653,64.70661752924211,45.516744111520595,31.744912674250926,888.1677615766705,773.3573145329274,668.5686588687711,100.0,10
304,Kendall Brown,Indiana Pacers,SG,3,19,1,2,100.0,1,2,50.0,0,0,0.0,1,0,1,0,4,0,0,0,-12,4,4,3,1,6.012486992715921,0.6722164412070761,0.25286160249739853,0.0,10.95837669094693,10.66805411030177,6.377731529656607,0.850156087408949,3
305,Kenneth Lofton Jr.,Philadelphia 76ers,F,2,5,1,4,25.0,0,0,0.0,0,2,0.0,0,1,1,0,0,0,0,0,-4,3,3,2,1,39.510204081632665,5.224489795918367,2.0408163265306123,1.3061224489795917,100.0,73.46938775510203,59.510204081632644,13.795918367346939,1
306,Kenneth Lofton Jr.,Utah Jazz,F,21,39,8,14,114.30000000000001,2,4,50.0,3,5,116.7,6,4,10,5,3,2,2,1,1,36,31,26,15,34.306122448979586,37.87755102040816,14.795918367346937,0.7551020408163267,250.0,143.3673469387755,93.5918367346939,100.02040816326529,2
307,Kenrich Williams,Oklahoma City Thunder,SF,67,179,28,55,500.8,2,2,100.0,9,22,383.2,14,18,32,13,21,4,8,2,-12,112,99,80,45,202.10000000000002,79.625,12.2890625,4.90625,463.4265625,391.925,256.9390625,108.5765625,10
308,Kentavious Caldwell-Pope,Denver Nuggets,SG,116,314,42,81,480.40000000000003,7,10,350.0,25,52,390.5,5,23,28,26,27,10,11,7,90,170,144,142,54,543.3699727607755,21.87918602788015,24.646370773914438,48.407146290658545,697.4052235218714,624.4883832719115,589.3622816856273,73.45008812690274,10
309,Kenyon Martin Jr.,Philadelphia 76ers,F,56,177,25,47,495.8,4,8,200.0,2,6,150.0,15,25,40,16,20,2,8,5,24,112,96,72,56,114.11632653061224,129.3795918367347,11.3,1.6000000000000003,439.38775510204084,396.5734693877551,148.70204081632653,148.90816326530611,10
310,Keon Ellis,Sacramento Kings,G,90,265,29,65,391.5,10,11,475.0,22,46,472.59999999999997,11,32,43,20,33,9,13,4,-30,153,133,110,63,483.9008264462809,52.949063923089895,22.1079440040479,51.158711418451674,805.9795918367349,624.4956991060888,638.2755945353348,102.16613256872998,10
311,Keon Johnson,Brooklyn Nets,G,12,26,3,8,73.3,4,4,100.0,2,4,133.3,2,1,3,2,2,2,2,0,-9,17,15,14,5,18.88888888888889,0.5555555555555556,2.2222222222222223,0.22222222222222227,27.222222222222225,13.888888888888888,34.0,1.0,2
312,Kessler Edwards,Sacramento Kings,SF,39,97,14,33,376.7,1,4,50.0,10,23,386.7,4,13,17,3,9,6,1,1,-14,59,56,42,20,120.03668639053254,23.655621301775145,2.100591715976331,9.725443786982247,178.51005917159765,166.36686390532546,122.51360946745562,35.42248520710059,10
313,Kevin Durant,Phoenix Suns,PF,252,363,101,191,542.4,24,29,751.7,26,63,443.7,4,61,65,41,16,12,27,8,60,358,317,293,106,167.1338561384532,85.34505137912384,36.95538128718226,11.666035694970255,429.75121687398604,351.9472687939427,251.50513791238507,115.73309897241754,10
314,Kevin Huerter,Sacramento Kings,SG,72,231,29,79,330.1,2,4,100.0,12,45,205.0,6,24,30,25,23,8,11,2,5,127,102,97,55,288.7933884297521,30.44995408631772,4.61248852157943,16.24793388429752,456.10743801652893,441.77777777777777,290.6730945821855,47.51239669421488,10
315,Kevin Knox II,Detroit Pistons,SF,22,89,9,26,148.9,3,3,200.0,1,11,33.3,3,11,14,4,9,2,6,0,21,40,36,26,18,115.33333333333334,19.333333333333336,3.3333333333333335,0.8333333333333335,167.33333333333331,188.0,101.33333333333334,16.0,6
316,Kevin Love,Miami Heat,PF,78,139,29,63,435.1,7,8,183.3,13,37,285.3,13,48,61,13,20,1,13,3,36,152,139,91,74,323.266975308642,204.5,16.30864197530864,14.10030864197531,850.8595679012345,783.4336419753087,355.0262345679012,256.4753086419753,10
317,Kevon Looney,Golden State Warriors,F,42,122,17,29,551.7,8,12,400.0,0,0,0.0,14,38,52,8,19,4,6,5,63,102,94,50,60,83.28284023668638,88.69822485207101,3.8366863905325443,0.0,255.74437869822486,287.56213017751475,75.6,68.4,10
318,Keyontae Johnson,Oklahoma City Thunder,F,5,39,2,8,66.7,0,0,0.0,1,2,100.0,2,4,6,2,4,0,2,0,-15,13,11,7,8,20.0,7.0,1.2653061224489797,0.8163265306122451,29.69387755102041,35.0,17.26530612244898,5.6938775510204085,5
319,Keyonte George,Utah Jazz,G,129,324,41,123,321.1,31,33,763.3,16,70,197.39999999999998,1,27,28,46,16,5,38,0,-112,203,157,175,74,427.7012345679012,17.91604938271605,38.46049382716049,16.641975308641975,336.62345679012344,437.65679012345686,330.5444444444445,52.5,10
320,Khris Middleton,Milwaukee Bucks,SF,151,299,61,119,529.9,10,13,305.0,19,48,500.4,13,51,64,64,33,11,32,2,-12,279,215,215,128,402.33767361111114,37.27517361111111,40.42100694444444,4.921006944444445,558.9140625,450.56944444444446,465.6111111111111,122.7673611111111,10
321,Killian Hayes,Detroit Pistons,PG,18,79,7,14,209.6,1,3,33.3,3,6,100.0,0,15,15,20,4,0,5,2,-12,53,33,38,35,27.0,18.75,54.0,2.75,252.75,74.75,153.0,124.75,4
322,Kira Lewis Jr.,Utah Jazz,PG,24,78,9,23,169.4,4,6,125.0,2,9,83.3,2,5,7,11,3,2,5,0,-34,42,31,35,18,103.36673553719008,19.10330578512396,13.330578512396695,1.4008264462809916,277.7303719008264,207.6849173553719,154.3460743801653,51.5,6
323,Klay Thompson,Golden State Warriors,SG,207,304,79,161,484.6,10,10,600.0,39,101,372.5,2,26,28,26,17,9,22,2,57,261,235,233,54,492.28697924227026,27.645521846421833,6.425606038612281,32.90245318623893,681.0897082305124,597.5115401364494,573.3968645667005,36.53941065466686,10
324,Kobe Brown,LA Clippers,G,14,67,7,14,340.0,0,0,0.0,0,5,0.0,7,8,15,4,8,1,3,1,-48,33,29,18,19,28.204375,16.557499999999997,4.680000000000001,0.004375,69.079375,50.78937499999999,36.91437500000001,30.817500000000003,7
325,Kobe Bufkin,Atlanta Hawks,G,64,157,27,74,347.2,3,6,116.7,7,31,201.6,3,20,23,26,17,7,8,5,-11,113,87,90,49,126.68622448979592,8.104591836734693,15.887755102040815,4.13265306122449,127.48979591836736,140.05102040816325,111.89030612244899,26.227040816326532,10
326,Kobi Simmons,Toronto Raptors,G,20,67,9,21,183.4,0,0,0.0,2,8,100.0,1,6,7,12,5,6,1,2,-31,39,27,32,19,25.11111111111111,4.111111111111111,22.0,1.1111111111111112,45.0,41.0,30.44444444444445,24.77777777777778,4
327,Kris Dunn,Utah Jazz,G,57,220,23,57,422.1,5,7,130.0,6,21,200.0,9,24,33,34,26,9,8,5,-31,124,90,91,67,86.14792899408283,42.469822485207104,44.409467455621304,6.409467455621302,200.63668639053253,168.15147928994082,96.91479289940828,108.59763313609467,10
328,Kris Murray,Portland Trail Blazers,F,90,331,34,92,349.2,9,12,283.3,13,49,230.20000000000002,24,26,50,17,23,10,15,6,-78,157,140,107,67,194.05225722165773,18.640150965307008,18.34155900711279,16.122078676150384,242.10640150965307,252.32660763536072,190.6185222818987,30.195238786471187,10
329,Kristaps Porzingis,Boston Celtics,C,185,297,66,132,510.3,38,45,875.0,15,44,410.2,21,56,77,24,28,12,15,26,35,286,262,209,101,159.26063100137173,84.36556927297669,14.861454046639231,8.314128943758572,394.05281207133055,306.94444444444446,221.2688614540466,124.32716049382717,10
330,Kyle Anderson,Minnesota Timberwolves,SF,69,220,26,63,368.4,15,19,485.0,2,8,100.0,5,25,30,43,17,13,8,9,48,142,99,112,73,166.57709750566895,36.44444444444444,51.816326530612244,1.600907029478458,523.8151927437642,312.48185941043084,312.38662131519277,153.7845804988662,10
331,Kyle Kuzma,Washington Wizards,SF,218,366,85,181,489.6,37,47,775.0,11,43,218.6,3,70,73,51,24,7,36,7,-27,342,291,269,124,513.3879277201077,57.532103037293346,59.63667820069204,16.7439446366782,740.9957708573625,549.878123798539,709.8965782391388,111.77777777777777,10
332,Kyle Lowry,Philadelphia 76ers,PG,90,292,30,62,517.9,10,14,400.0,20,43,501.7,3,20,23,39,25,6,12,5,7,152,113,129,62,350.25222637173226,28.863257684573398,87.18155702384372,10.73542085607584,605.6093076702095,432.49324906636025,509.84113760413675,129.57196207986212,10
333,Kyrie Irving,Dallas Mavericks,PG,275,378,100,189,530.7,41,46,751.5,34,78,439.7,6,38,44,47,23,13,24,6,127,366,319,322,91,563.159892055996,56.99173553719008,83.6938775510204,10.0,539.6114015854275,659.6392308989712,393.85933546972507,189.95834036093777,10
334,LaMelo Ball,Charlotte Hornets,PG,32,55,12,37,66.1,5,6,150.0,3,17,34.7,1,5,6,15,10,3,7,0,-49,53,38,47,21,2.0,2.0,0.5,0.5,4.5,8.0,0.5,0.5,2
335,Lamar Stevens,Memphis Grizzlies,PF,114,252,42,108,413.9,24,27,583.3,6,27,235.0,13,38,51,12,13,12,6,8,16,177,165,126,63,156.41322314049586,41.26446280991736,9.798553719008265,4.5,248.1745867768595,209.0165289256198,198.50929752066116,48.125,10
336,Landry Shamet,Washington Wizards,SG,55,184,20,55,273.1,7,7,300.0,8,35,104.1,4,10,14,8,12,4,9,2,-68,77,69,63,22,330.90000000000003,22.5,5.700000000000001,15.624999999999998,463.7,413.80000000000007,373.0,35.99999999999999,10
337,Larry Nance Jr.,New Orleans Pelicans,PF,61,233,24,47,525.8,9,11,416.7,4,11,183.3,19,28,47,25,20,10,7,1,4,133,108,86,72,73.0,70.78657266463708,46.644608235859636,4.404101906745714,350.11744912674254,229.8625220317257,164.88511456497355,145.80099343054,10
338,Lauri Markkanen,Utah Jazz,PF,223,347,68,170,401.2,57,60,956.7,30,80,363.3,20,49,69,26,14,11,18,4,-42,318,292,249,95,334.8261504747991,129.06135865595326,45.68298027757487,34.00730460189919,657.4915997078159,517.5704894083273,451.0029218407597,198.48867786705623,10
339,LeBron James,Los Angeles Lakers,SF,255,349,95,161,596.3,48,63,776.1,17,36,366.6,6,68,74,92,7,8,40,3,107,421,329,347,166,411.4825128090889,74.9146803296948,49.60080196034752,64.75139229227,410.90866562708845,406.6974827355758,403.2530630429939,136.95611494764984,10
340,Leaky Black,Charlotte Hornets,F,31,166,10,27,332.1,7,10,275.0,4,10,150.0,5,22,27,14,13,2,3,4,-26,72,58,45,41,92.86159169550173,41.782006920415235,10.505190311418684,8.5121107266436,158.2006920415225,108.27681660899654,122.34256055363322,72.73010380622839,10
341,Leonard Miller,Minnesota Timberwolves,F,5,10,2,3,100.0,0,0,0.0,1,1,100.0,0,1,1,4,0,1,0,0,15,10,6,9,5,16.011250000000004,0.53125,4.06125,0.8200000000000001,31.78125,20.880000000000003,27.625,3.8800000000000003,2
342,Lester Quinones,Golden State Warriors,G,52,148,18,49,323.7,9,13,325.0,7,29,200.0,7,17,24,12,16,2,5,0,-30,88,76,64,36,242.1676278354479,28.67743175701653,15.3279507881584,10.120338331410997,382.5436370626682,388.0,244.74740484429066,35.96924259900039,10
343,Lindy Waters III,Oklahoma City Thunder,F,61,100,23,48,468.9,2,2,200.0,13,33,313.3,6,13,19,7,6,4,1,2,-24,87,80,68,26,186.6068052930057,21.559546313799622,10.591682419659737,15.494328922495272,305.11342155009453,239.41020793950847,231.882797731569,52.578449905482046,10
344,Lonnie Walker IV,Brooklyn Nets,G,42,137,16,59,264.5,3,4,150.0,7,33,203.3,2,19,21,6,5,1,3,4,-56,69,63,48,27,191.3700642791552,39.0325987144169,8.752984389348025,9.0,444.76813590449956,346.7644628099174,263.00642791551877,74.15289256198346,10
345,Luguentz Dort,Oklahoma City Thunder,G,118,301,37,93,376.1,27,35,680.0,17,54,300.3,6,29,35,15,21,10,15,5,-15,168,153,133,50,305.218173900421,46.72681085788939,10.944549281463201,14.305559587748585,386.0728697924227,358.89896937146176,330.0271447234722,60.0362897372623,10
346,Luka Doncic,Dallas Mavericks,PG,324,376,108,225,478.2,58,75,779.5,50,121,413.8,10,97,107,96,27,13,45,5,122,527,431,420,203,424.40065741417095,24.272461650840025,52.586194302410526,44.93791088385683,462.44777209642075,479.1778670562455,422.1110299488678,62.418188458729,10
347,Luka Garza,Minnesota Timberwolves,C,61,70,23,45,310.8,8,11,266.7,7,21,233.3,10,6,16,2,9,3,3,1,4,79,77,63,18,201.97875885047898,25.35776759683466,1.6543107038733862,4.8159100374843815,336.2153269471054,308.57101207830067,227.07996668054975,29.5551853394419,6
348,Luka Samanic,Utah Jazz,F,75,179,25,70,270.0,19,25,449.2,6,29,217.6,10,33,43,11,9,2,7,4,-52,129,118,86,54,579.464,114.34400000000001,12.264,3.1839999999999993,1280.744,1073.6160000000002,730.4,182.8,10
349,Luke Kennard,Memphis Grizzlies,SG,118,282,40,88,429.0,9,9,500.0,29,64,450.4,2,28,30,53,7,6,24,1,-63,201,148,171,83,483.43673469387755,10.073469387755102,60.68979591836735,26.90204081632653,676.3306122448979,492.7755102040816,657.4081632653061,80.34693877551021,10
350,Luke Kornet,Boston Celtics,C,40,158,18,23,755.0,3,4,150.0,1,1,100.0,15,22,37,12,6,3,2,6,36,89,77,52,49,65.8425605536332,129.16608996539793,21.605536332179927,0.9169550173010381,434.45847750865045,312.5,116.93598615916956,221.63667820069202,10
351,M. Pereira,Memphis Grizzlies,F,44,120,16,33,255.6,7,10,225.0,5,13,150.0,10,26,36,2,10,6,5,4,7,82,80,46,38,230.56018518518516,100.11574074074075,1.4074074074074074,5.208333333333333,620.5185185185185,590.0,244.89351851851853,117.70833333333334,6
352,M. Williams,Toronto Raptors,C,13,74,6,25,67.5,0,2,0.0,1,4,100.0,11,19,30,2,10,3,2,3,-25,45,43,15,32,45.85872576177285,95.76177285318562,1.0692520775623269,0.78393351800554,277.1883656509695,264.16897506925204,48.85595567867037,106.85318559556787,4
353,Malachi Flynn,Detroit Pistons,PG,137,210,49,104,426.5,21,30,476.7,18,50,358.5,7,22,29,31,14,9,19,2,-40,197,166,168,60,1923.947265625,36.90625,51.6640625,22.625,2582.306640625,2347.587890625,2148.384765625,98.8515625,10
354,Malaki Branham,San Antonio Spurs,G,123,262,48,106,436.0,5,9,250.0,22,53,417.1,3,15,18,17,14,3,15,1,-22,158,141,140,35,517.8932183224272,19.828673408685304,12.103807257584771,25.5291493158834,626.5389649018441,612.5928019036288,524.9803688280786,38.79149315883402,10
355,Malcolm Brogdon,Portland Trail Blazers,PG,102,218,37,83,266.20000000000005,17,19,433.3,11,30,202.89999999999998,7,22,29,40,13,4,17,2,4,171,131,142,69,100.0,28.833333333333336,7.333333333333334,6.833333333333334,113.5,66.83333333333334,151.33333333333331,31.5,6
356,Malik Beasley,Milwaukee Bucks,SG,99,298,35,100,349.3,3,3,200.0,26,80,320.3,1,24,25,12,22,5,6,2,-23,136,124,111,37,340.44247205785666,18.944444444444443,9.66732412886259,26.886259040105198,333.6360946745562,358.71170282708744,322.2728468113084,21.705785667324133,10
357,Malik Monk,Sacramento Kings,SG,157,272,57,138,394.0,31,33,730.0,12,58,166.1,6,27,33,44,31,6,17,2,13,234,190,201,77,653.7845804988663,24.25724363819602,14.982111363063742,11.617031997984379,877.3560090702948,822.5527840765936,694.3827160493827,53.44444444444444,10
358,Mamadi Diakite,New York Knicks,F,0,5,0,0,0.0,0,0,0.0,0,0,0.0,0,1,1,0,1,1,0,0,0,1,1,0,1,0.0,0.4049586776859504,0.0,0.0,0.4049586776859504,0.4049586776859504,0.0,0.4049586776859504,1
359,MarJon Beauchamp,Milwaukee Bucks,F,30,42,10,16,350.0,7,8,175.0,3,7,200.0,2,9,11,1,4,1,3,0,-17,42,41,31,12,64.50666666666666,13.240000000000002,0.8933333333333334,2.0400000000000005,123.75999999999999,112.33333333333331,72.36000000000001,17.706666666666667,6
360,Marcus Morris Sr.,Cleveland Cavaliers,SF,62,157,23,50,517.6,5,8,250.0,11,25,383.3,4,18,22,10,11,2,10,2,-45,94,84,72,32,141.61111111111111,51.625,10.108506944444443,12.962673611111112,276.4765625,270.40277777777777,145.7890625,63.62934027777777,10
361,Marcus Sasser,Detroit Pistons,G,109,294,38,107,329.9,14,16,340.0,19,55,331.7,2,16,18,44,18,9,20,3,-122,171,127,153,62,533.3763313609468,12.745562130177515,32.485207100591715,14.689940828402367,640.3254437869822,454.4437869822485,722.2828402366864,42.20591715976332,10
362,Markelle Fultz,Orlando Magic,PG,87,219,39,82,485.8,6,6,300.0,3,7,166.7,14,15,29,25,19,10,12,4,2,141,116,112,54,366.20000000000005,37.33136094674556,36.6,4.2,648.7467455621302,580.3621301775148,420.0,88.51597633136095,10
363,Markieff Morris,Dallas Mavericks,PF,5,11,2,3,150.0,0,0,0.0,1,2,50.0,0,2,2,0,0,0,0,0,4,7,7,5,2,3.3799999999999994,2.4050000000000002,0.405,0.52,7.380000000000001,9.945,1.625,2.0,2
364,Marques Bolden,Charlotte Hornets,C,15,53,7,9,266.7,1,2,50.0,0,0,0.0,4,13,17,0,5,1,1,1,-8,32,32,15,17,38.50868055555556,45.25,0.0,0.0,164.13368055555551,164.13368055555551,38.50868055555556,45.25,5
365,Marvin Bagley III,Washington Wizards,PF,134,238,58,89,623.5,12,13,600.0,6,8,450.0,23,49,72,8,11,5,10,9,3,214,206,142,80,341.85484830458057,93.62879238548483,15.875074360499699,4.5258774538964905,424.1273051754908,392.8102320047591,350.1939321832243,132.48185603807258,10
366,Mason Jones,Sacramento Kings,G,7,18,2,6,66.7,1,2,50.0,2,5,66.7,1,4,5,5,0,1,1,0,3,17,12,12,10,16.608888888888888,11.719999999999999,11.719999999999999,2.2222222222222223,55.275555555555556,24.22222222222223,24.22222222222223,46.879999999999995,2
367,Mason Plumlee,LA Clippers,C,44,128,15,28,419.4,14,16,425.0,0,2,0.0,9,31,40,9,16,3,7,3,9,93,84,53,49,149.44378698224853,92.10519395134779,16.902366863905325,0.0,562.0450361604209,426.2117028270875,223.24556213017752,171.03911900065748,10
368,Matisse Thybulle,Portland Trail Blazers,SG,67,209,25,53,398.9,5,7,200.0,12,31,335.0,7,24,31,20,14,17,12,7,-23,118,98,87,51,338.8434903047091,39.325484764542935,20.249307479224377,12.531855955678669,707.3573407202216,558.770083102493,458.20637119113564,88.79916897506926,10
369,Matt Ryan,New Orleans Pelicans,F,28,83,10,28,233.3,0,0,0.0,8,22,194.4,1,8,9,2,7,0,3,0,-12,39,37,30,11,217.42669296515456,18.11111111111111,1.6673241288625904,19.777777777777775,364.0361604207758,350.63182117028265,229.3609467455621,21.24852071005917,10
370,Matthew Hurt,Memphis Grizzlies,F,32,110,12,33,215.9,3,3,200.0,5,19,233.4,9,7,16,4,8,3,2,3,-7,52,48,36,20,163.8343195266272,34.95857988165681,4.934911242603551,5.335798816568047,360.0,296.6272189349112,213.72781065088756,53.37278106508876,7
371,Max Christie,Los Angeles Lakers,G,39,115,15,31,519.4,3,4,150.0,6,14,250.0,3,17,20,7,4,2,4,1,17,66,59,46,27,154.87869822485206,37.78698224852071,8.151545036160421,6.5,407.76988823142676,316.4289940828403,217.335963182117,74.82215647600263,10
372,Max Strus,Cleveland Cavaliers,SG,120,313,40,88,464.0,17,19,466.7,23,58,405.9,10,34,44,40,20,11,22,1,-23,204,164,160,84,254.10412328196585,92.94127446897126,76.06663890045814,16.102040816326532,488.1332778009163,285.52019991670136,384.33735943356936,241.3877551020408,10
373,Maxi Kleber,Dallas Mavericks,PF,47,186,14,29,495.0,11,14,325.0,8,19,300.0,12,20,32,13,15,7,7,8,82,92,79,60,45,121.0387811634349,32.53185595567867,10.806440443213296,7.658240997229916,282.9823407202216,228.0803324099723,168.76350415512465,50.515581717451525,10
374,Maxwell Lewis,Los Angeles Lakers,F,2,11,1,5,25.0,0,0,0.0,0,2,0.0,1,0,1,2,0,0,0,0,-15,5,3,4,3,2.7200000000000006,0.8528,3.0367999999999995,0.0,6.555200000000001,6.580800000000001,3.484799999999999,3.0992000000000006,2
375,Micah Potter,Utah Jazz,C,24,130,8,25,250.0,5,5,300.0,3,13,150.0,7,20,27,4,7,4,4,4,-11,55,51,28,31,60.64744351961951,18.37395957193817,8.442925089179546,4.373959571938169,147.54399524375745,107.26397146254459,86.74435196195004,41.0,10
376,Michael Porter Jr.,Denver Nuggets,SF,153,319,59,134,454.0,11,13,516.7,24,63,409.7,14,60,74,17,17,7,12,3,48,244,227,170,91,140.90362879238555,121.81082688875671,18.20493753718025,7.068411659726354,246.80458060678168,230.06246281975015,132.47620464009523,165.18530636525878,10
377,Mikal Bridges,Brooklyn Nets,SF,156,334,56,130,436.2,10,11,466.7,34,82,440.9,8,26,34,37,9,12,17,3,-16,227,190,193,71,238.0,42.633231853869574,14.269988783848742,16.418522672648614,324.9737221599103,280.0509533728569,302.2193558724564,37.60663355231533,10
378,Mike Conley,Minnesota Timberwolves,PG,146,287,50,102,465.4,14,16,616.7,32,63,491.29999999999995,3,16,19,55,17,18,23,2,10,220,165,201,74,347.40625,22.5,40.1,31.200000000000003,498.50624999999997,412.40625,447.30625,48.8,10
379,Mike Muscala,Oklahoma City Thunder,C,14,88,6,26,256.7,1,3,50.0,1,15,33.3,6,11,17,6,7,3,1,1,25,37,31,20,23,34.77288941736028,17.25921521997622,7.239001189060643,0.9304399524375745,87.0166468489893,66.60285374554103,38.33055885850178,41.35434007134364,10
380,Miles Bridges,Charlotte Hornets,SF,216,388,82,170,480.8,28,34,754.7,24,69,332.3,12,54,66,32,14,6,19,5,-87,314,282,248,98,334.84764542936284,56.625,38.073753462603875,32.92416897506926,558.6592797783934,433.8410664819944,399.60006925207756,154.76454293628808,10
381,Miles McBride,New York Knicks,PG,140,363,50,115,412.09999999999997,11,12,450.0,29,74,347.4,10,21,31,31,26,13,8,1,42,202,171,171,62,663.2735260770975,39.24971655328798,29.900510204081638,61.9795918367347,995.4005102040816,846.1020408163265,805.4444444444445,76.27777777777779,10
382,Mitchell Robinson,New York Knicks,C,28,122,10,23,250.0,8,20,316.6,0,0,0.0,24,14,38,3,12,5,4,6,-3,69,66,31,41,70.03555555555556,95.87555555555555,3.8888888888888893,0.0,240.34222222222223,230.14222222222222,70.88,109.12,8
383,Mo Bamba,Philadelphia 76ers,C,74,201,27,52,491.09999999999997,11,15,425.0,9,24,323.3,16,50,66,10,28,8,8,16,-16,150,140,84,76,164.05102040816325,48.116326530612255,12.0,5.3591836734693885,298.37551020408165,284.37551020408165,194.05102040816325,44.116326530612255,10
384,Monte Morris,Minnesota Timberwolves,PG,58,156,20,42,430.8,6,8,200.0,12,24,410.0,2,22,24,16,8,8,2,5,60,98,82,74,40,139.5140625,16.306250000000002,23.2265625,10.051562500000001,323.60625,198.88906250000002,252.625,51.1390625,10
385,Moritz Wagner,Orlando Magic,C,87,159,34,61,610.1,15,18,650.0,4,14,216.7,15,24,39,13,20,6,13,0,25,139,126,100,52,180.31377777777777,46.91111111111111,42.33511111111112,4.5137777777777774,310.20177777777775,277.47377777777774,200.54399999999998,101.74399999999999,10
386,Moses Brown,Portland Trail Blazers,C,34,79,14,27,393.3,6,21,140.8,0,0,0.0,12,11,23,4,10,1,4,4,-13,61,57,38,27,72.4297520661157,26.09274563820018,6.001836547291092,0.0,148.32966023875116,119.15059687786959,88.51423324150598,45.18916437098255,8
387,Moses Moody,Golden State Warriors,SG,96,201,32,66,551.1,15,20,566.7,17,35,530.0,8,22,30,14,23,4,6,1,30,140,126,110,44,124.2191380569759,31.331263696128563,11.505113221329438,19.83235938641344,294.5332359386414,213.17056245434622,183.1559532505479,65.26223520818115,10
388,Mouhamadou Gueye,Toronto Raptors,F,26,112,11,37,340.5,4,9,225.0,0,3,0.0,11,10,21,5,13,3,11,15,-78,52,47,31,26,13.906509695290858,27.529778393351805,4.25,0.0,63.374653739612185,48.5983379501385,29.603878116343495,30.858725761772856,9
389,Mouhamed Gueye,Atlanta Hawks,F,3,17,1,3,33.3,0,0,0.0,1,1,100.0,2,5,7,3,4,1,0,1,0,13,10,6,10,2.9387755102040813,11.755102040816325,2.9387755102040813,0.32653061224489793,47.0204081632653,26.44897959183674,11.755102040816325,26.44897959183674,1
390,Moussa Diabate,LA Clippers,F,2,7,1,1,100.0,0,2,0.0,0,0,0.0,1,3,4,0,0,1,0,1,1,6,6,2,4,0.0,0.0,0.0,0.0,0.0,0.0,0.0,0.0,1
391,Myles Turner,Indiana Pacers,C,149,244,51,106,484.7,26,36,716.7,21,51,411.3,8,54,62,12,28,3,10,22,50,223,211,161,74,312.4182773503471,85.6547194595609,17.610808782135486,15.673297053856261,525.0,527.3505348095327,308.81910302120474,104.51416776130606,10
392,Naji Marshall,New Orleans Pelicans,SF,61,208,25,55,414.5,3,4,200.0,8,22,332.1,4,35,39,17,15,9,7,1,40,117,100,78,56,183.72177777777776,55.135111111111115,10.104,13.628444444444446,432.3351111111111,382.1777777777778,224.54044444444446,74.57777777777777,10
393,Nassir Little,Phoenix Suns,SF,18,64,7,18,258.3,0,0,0.0,4,11,250.0,0,11,11,5,7,0,1,2,-9,34,29,23,16,39.71137152777778,15.13715277777778,4.805121527777779,2.3467881944444446,73.13715277777777,61.62109375,48.54861111111111,22.62109375,7
394,Nate Hinton,Houston Rockets,G,12,22,4,7,110.0,2,3,66.7,2,3,66.7,1,5,6,3,4,1,1,2,10,21,18,15,9,80.89506172839506,4.5,3.4876543209876547,3.3888888888888884,158.05555555555554,115.06172839506172,116.55555555555554,15.320987654320989,2
395,Nathan Mensah,Charlotte Hornets,C,4,59,2,5,66.7,0,0,0.0,0,0,0.0,4,6,10,1,13,2,1,4,-17,15,14,5,11,13.75,9.9375,0.859375,0.0,41.359375,44.4375,13.484375,7.984375,7
396,Naz Reid,Minnesota Timberwolves,C,165,289,63,140,427.8,12,21,528.3,27,64,385.8,8,66,74,18,24,14,21,12,10,257,239,183,92,722.3218322427126,112.70464009518143,17.660916121356333,56.293277810826886,1126.1977989292088,1114.6273051754908,745.3164782867341,118.94140392623439,10
397,Neemias Queta,Boston Celtics,C,39,80,19,26,443.4,1,2,100.0,0,0,0.0,12,17,29,4,8,3,4,6,63,72,68,43,33,78.9375,55.24609375,2.12109375,0.0,228.734375,238.96484375,76.33984375,49.734375,7
398,Nic Claxton,Brooklyn Nets,C,114,320,50,77,653.1,14,34,421.7,0,0,0.0,32,78,110,21,20,9,19,21,-6,245,224,135,131,266.5777777777778,79.776,14.904,0.0,378.12711111111116,378.38044444444444,262.6284444444444,98.376,10
399,Nick Jr. Smith,Charlotte Hornets,G,45,161,15,58,283.3,7,8,87.5,8,30,200.0,2,13,15,18,16,3,6,0,-3,78,60,63,33,194.39192003331945,18.381091211995,26.290712203248646,12.122448979591837,359.6718034152437,242.0433152852978,284.01874219075387,72.6734693877551,10
400,Nick Richards,Charlotte Hornets,C,94,247,39,53,745.5,16,18,575.0,0,0,0.0,18,51,69,8,24,5,10,4,-44,171,163,102,77,62.3205017301038,194.04887543252596,7.612456747404845,0.0,338.18166089965393,372.42387543252596,39.22361591695502,190.51600346020763,10
401,Nickeil Alexander-Walker,Minnesota Timberwolves,SG,110,224,40,80,532.2,6,8,250.0,24,49,577.3,3,16,19,22,13,6,10,3,79,151,129,132,41,300.01638261329106,22.87871581450654,22.21640903686088,14.09327520147972,571.3088915312459,402.3623992601401,446.3540758356454,67.70392390011891,10
402,Nicolas Batum,Philadelphia 76ers,PF,63,286,23,50,375.4,0,0,0.0,17,41,327.9,10,35,45,21,9,8,9,4,26,129,108,84,66,328.3525094227336,34.54017060107122,37.701448125371954,29.41023606427296,480.50089268002375,443.06605832176155,351.1462011505654,86.88276135687363,10
403,Nikola Jokic,Denver Nuggets,C,305,365,120,208,577.3,52,67,816.5,13,34,440.9,25,108,133,91,23,18,33,6,138,529,438,396,224,548.760161916006,85.94788328554561,98.32231404958678,8.185022769438353,721.5619834710744,718.9586776859502,449.6326530612247,286.001011975038,10
404,Nikola Jovic,Miami Heat,F,107,236,38,78,494.8,13,14,550.0,18,48,372.7,5,40,45,25,17,6,8,2,53,177,152,132,70,317.94674556213016,66.42248520710059,36.84852071005918,15.602366863905328,460.78698224852064,510.07100591715977,251.41301775147932,120.5207100591716,10
405,Nikola Vucevic,Chicago Bulls,C,159,324,66,132,485.7,15,20,410.7,12,36,348.3,21,75,96,36,21,6,12,10,-40,291,255,195,132,550.5928019036287,185.6573468173706,27.58268887566925,7.631469363474123,639.9149315883403,631.611243307555,556.0220107079119,216.11451516954193,10
406,Noah Clowney,Brooklyn Nets,F,79,213,30,57,479.7,11,19,296.4,8,20,250.0,16,40,56,6,15,5,7,14,5,141,135,85,62,468.64756140975436,105.94802420790317,4.427910288358847,10.239231043075828,903.3531505873976,878.74866500534,484.9010323958704,118.72694909220364,10
407,Norman Powell,LA Clippers,G,149,287,51,106,499.3,24,28,535.7,23,50,438.0,3,20,23,11,16,5,7,1,66,183,172,160,34,171.06327160493828,18.396604938271604,6.989197530864197,14.122299382716049,137.65586419753086,164.5,142.49382716049382,27.11111111111111,10
408,O.G. Anunoby,New York Knicks,SF,135,322,55,116,450.8,9,14,243.3,16,46,321.7,6,33,39,16,22,23,18,9,151,190,174,151,55,577.7626886145405,56.47050754458162,10.540466392318244,16.641975308641975,479.0260631001371,471.5281207133059,585.0,67.27160493827161,10
409,Obi Toppin,Indiana Pacers,PF,117,189,47,70,716.8,5,6,350.0,18,34,544.5,10,32,42,13,18,7,8,7,37,172,159,130,55,293.7463547508412,52.052235218714955,8.145008812690275,13.81733696522993,553.2552475564813,509.46723281525396,337.0197083800673,60.71190514340651,10
410,Ochai Agbaji,Toronto Raptors,G,78,287,31,75,368.4,11,20,425.0,5,25,153.3,21,26,47,18,19,10,13,7,-43,143,125,96,65,202.44775390625,81.447265625,24.80322265625,4.50244140625,502.853515625,390.45166015625,264.9765625,156.12353515625,10
411,Olivier Sarr,Oklahoma City Thunder,C,11,22,4,7,125.0,3,5,116.7,0,1,0.0,4,4,8,0,3,0,1,1,-14,19,19,11,8,34.92,6.920000000000002,0.0,0.0,59.68000000000001,59.68000000000001,34.92,6.920000000000002,3
412,OlivierMaxence Prosper,Dallas Mavericks,F,10,36,3,6,150.0,4,7,57.1,0,2,0.0,2,6,8,0,1,1,1,1,-14,18,18,10,8,24.89795918367347,13.897959183673471,0.08163265306122448,0.08163265306122448,71.89795918367346,74.59183673469387,23.591836734693878,12.591836734693876,4
413,Omer Yurtseven,Utah Jazz,C,99,201,46,76,546.4,6,7,350.0,1,6,50.0,26,35,61,11,13,4,10,7,-62,171,160,110,72,328.755979575383,68.07175490459554,13.175759204514915,0.9000268744961032,707.3214189733943,607.9150765923139,404.9852190271433,104.4246170384305,10
414,Onuralp Bitim,Chicago Bulls,SF,54,158,24,48,504.4,0,0,0.0,6,21,166.7,5,12,17,9,14,2,3,1,-38,80,71,63,26,283.34859521331947,52.19823100936524,5.395421436004163,7.261706555671177,545.3262226847035,506.0026014568158,307.2330905306972,73.03277835587929,10
415,Onyeka Okongwu,Atlanta Hawks,PF,147,296,61,89,703.8000000000001,16,22,492.9,9,19,466.6,32,44,76,11,28,7,5,15,4,234,223,158,87,308.4240362811791,185.95918367346937,9.244897959183675,5.6893424036281175,807.5192743764171,822.7913832199548,307.3560090702948,181.0,10
416,Orlando Robinson,Miami Heat,C,13,59,4,11,108.3,4,5,175.0,1,2,100.0,8,9,17,5,4,1,3,0,4,35,30,18,22,53.71453287197232,27.30449826989619,2.930795847750865,0.847750865051903,108.12975778546713,89.28546712802768,72.35813148788928,30.43598615916955,6
417,Oscar Tshiebwe,Indiana Pacers,C,3,5,1,3,33.3,1,2,50.0,0,0,0.0,2,0,2,0,1,0,0,1,8,5,5,3,2,0.25,0.0,0.0,0.0,0.25,0.25,0.25,0.0,1
418,Oshae Brissett,Boston Celtics,SF,36,148,12,27,427.6,9,16,233.3,3,10,250.0,14,15,29,10,11,1,4,1,48,75,65,46,39,63.239001189060644,20.23602853745541,6.074316290130797,2.117122473246136,85.99643281807373,96.7925089179548,61.81272294887039,16.940546967895365,10
419,Ousmane Dieng,Oklahoma City Thunder,F,28,90,10,25,324.4,4,4,200.0,4,14,220.0,1,7,8,14,3,3,6,3,16,50,36,42,22,122.49704142011836,6.0,21.124260355029588,4.295857988165681,242.1183431952663,164.49704142011836,196.11834319526628,31.124260355029584,8
420,P.J. Tucker,LA Clippers,PF,32,185,12,28,313.3,0,0,0.0,8,17,483.4,9,23,32,8,15,6,3,4,-6,72,64,40,40,119.77093707559982,48.52059755545496,4.1086464463558166,5.934812132186509,247.08736985061108,218.3920325939339,137.2286102308737,63.866908103214115,10
421,P.J. Washington,Dallas Mavericks,PF,147,346,53,119,416.0,13,22,560.0,28,70,401.9,12,61,73,20,21,15,11,10,87,240,220,167,93,666.4919436783279,96.63594135578458,9.058208738568734,29.208883727681812,747.8046160545797,714.9147916969081,683.0,122.07591813035272,10
422,Paolo Banchero,Orlando Magic,PF,217,358,74,183,406.0,58,71,811.4,11,57,212.1,6,63,69,52,15,5,33,9,-16,338,286,269,121,388.1000187652467,19.954025145430663,29.46781760180146,4.237755676487146,448.47551135297425,401.4629386376431,424.7507975229874,59.78363670482266,10
423,Pascal Siakam,Indiana Pacers,PF,224,306,89,166,536.3,40,55,647.5,6,17,366.6,25,63,88,32,25,4,16,3,51,344,312,256,120,466.7899375100144,113.62826470116968,30.53837526037494,2.6543823105271596,764.4310206697645,692.2281685627304,466.5185066495754,216.6409229290178,10
424,Pat Connaughton,Milwaukee Bucks,SG,60,252,21,62,393.59999999999997,9,11,350.0,9,42,222.2,9,23,32,37,19,6,8,3,11,129,92,97,69,138.59488399762046,48.0,79.058001189768,8.900951814396194,421.2340868530637,271.57049375371804,219.72189173111246,195.59458655562165,10
425,Patrick Baldwin Jr.,Washington Wizards,F,58,180,21,56,335.5,8,12,335.0,8,38,150.4,7,34,41,10,26,9,7,7,-14,109,99,68,51,360.4330585876587,100.15125863221208,20.109155713967475,13.600356426821117,954.4257072844732,767.6005791935844,493.99732679884164,173.5212742258855,10
426,Patrick Beverley,Milwaukee Bucks,PG,74,223,25,59,329.9,11,12,450.0,13,33,340.0,7,33,40,28,14,5,3,6,61,142,114,102,68,482.5301775147929,89.47928994082841,33.88639053254438,18.531360946745565,1054.1822485207101,841.5597633136096,626.4544378698224,192.06390532544378,10
427,Patrick Williams,Chicago Bulls,PF,6,24,2,9,22.2,2,2,100.0,0,5,0.0,0,6,6,2,5,0,2,2,-11,14,12,8,8,0.0,0.0,0.0,0.0,0.0,0.0,0.0,0.0,1
428,Patty Mills,Miami Heat,PG,56,177,19,63,271.8,11,11,400.0,7,42,145.8,4,6,10,19,12,11,7,0,37,85,66,75,29,258.8175803402646,10.004725897920606,16.020793950850663,6.168241965973536,286.73156899810965,250.7334593572779,278.67013232514176,42.1710775047259,10
429,Paul George,LA Clippers,F,241,346,81,167,480.90000000000003,47,49,775.0,32,67,455.8,6,47,53,31,27,12,26,5,14,325,294,272,84,855.2811791383219,100.56944444444444,36.05924036281179,37.65447845804989,1630.5510204081634,1276.096655328798,1123.8109410430839,222.55328798185943,10
430,Paul Reed,Philadelphia 76ers,SF,86,213,36,61,629.3,12,16,433.3,2,4,150.0,22,44,66,16,23,13,13,14,77,168,152,102,82,66.50519031141869,53.33564013840831,38.43460207612457,1.6678200692041523,262.0484429065744,175.83391003460207,116.2795847750865,128.21038062283736,10
431,Payton Pritchard,Boston Celtics,PG,117,258,47,99,441.5,8,11,350.0,15,48,253.3,8,21,29,49,14,8,7,0,77,195,146,166,78,404.5371900826446,15.216562658121099,71.66520492494519,23.0,760.6218586608197,445.8977905211671,684.4456063417102,121.69741946365323,10
432,Peyton Watson,Denver Nuggets,F,57,205,23,51,394.7,10,15,550.0,1,10,33.3,11,40,51,18,21,3,6,23,14,126,108,75,69,146.19059370010163,63.21570619828712,20.46160545797649,1.134126868921469,375.58252286253446,292.0728697924227,186.4338800987081,126.94367832776891,10
433,Precious Achiuwa,New York Knicks,PF,46,174,19,43,323.2,8,15,200.0,0,6,0.0,25,38,63,6,20,4,9,7,-63,115,109,52,69,383.0265625,212.65624999999997,13.4765625,0.3515625,1223.125,1047.1640625,503.40625,281.71406249999995,10
434,Quentin Grimes,Detroit Pistons,SG,82,213,26,80,296.2,19,24,525.0,11,50,200.0,2,27,29,19,13,7,9,4,-12,130,111,101,48,312.44628099173553,35.19834710743802,14.900826446280991,10.900826446280991,442.06611570247935,483.0495867768595,277.6942148760331,43.86776859504132,10
435,R. Rupert,Portland Trail Blazers,G,60,297,21,69,316.1,5,5,300.0,13,35,261.6,6,33,39,27,32,6,15,2,-61,126,99,87,66,88.98596569391846,39.712408108710186,31.29984406326576,17.736021385609266,151.98930719536648,106.4956560481176,119.74181332145244,85.75005569169079,10
436,RJ Barrett,Toronto Raptors,SG,235,337,92,170,544.8,35,55,611.7,16,38,366.7,10,45,55,48,23,6,32,5,-62,338,290,283,103,119.31009365244539,45.87617065556712,49.950052029136316,20.05202913631634,328.1977107180021,167.04058272632676,255.8553590010406,120.43808532778357,10
437,RaiQuan Gray,San Antonio Spurs,F,13,13,5,8,62.5,0,0,0.0,3,5,60.0,0,0,0,2,0,1,0,0,3,15,13,15,2,55.183673469387756,1.3061224489795917,1.3061224489795917,2.9387755102040813,55.183673469387756,39.51020408163265,73.46938775510203,0.0,1
438,Reggie Bullock,Houston Rockets,SF,26,114,9,19,316.6,0,0,0.0,8,17,333.3,2,20,22,2,11,4,1,3,-45,50,48,28,24,116.72790357925493,47.649379108838566,1.6088385682980277,9.632213294375457,272.06574141709274,253.7227903579255,135.8290723155588,48.5,10
439,Reggie Jackson,Denver Nuggets,PG,132,258,46,114,407.09999999999997,22,26,622.7,18,44,429.3,9,13,22,44,24,7,17,2,5,198,154,176,66,354.46363768326313,29.238786471185946,68.09783713165916,18.20960952242706,557.0222093192046,406.6157642618668,489.13398170997243,113.07272463347364,10
440,Richaun Holmes,Washington Wizards,F,88,241,35,62,516.4,18,21,591.7,0,2,0.0,31,52,83,9,31,7,8,8,-2,180,171,97,92,289.8569488456315,267.74694431869625,7.027161611588955,0.004526935264825713,982.0,910.5165233137166,326.7682209144409,309.3463105477592,10
441,Ricky IV Council,Philadelphia 76ers,G,51,100,16,38,394.9,13,19,408.3,6,14,333.3,2,5,7,9,8,6,1,1,22,67,58,60,16,136.41494082840237,8.33801775147929,8.902366863905325,4.453402366863905,249.53254437869822,181.5059171597633,199.1871301775148,22.4948224852071,10
442,Robin Lopez,Milwaukee Bucks,C,6,23,3,9,37.5,0,0,0.0,0,2,0.0,1,0,1,1,3,1,0,2,-16,8,7,7,2,21.92,0.52,0.6800000000000002,0.0,24.48,29.0,18.28,0.32000000000000006,2
443,Royce O'Neale,Phoenix Suns,PF,73,228,28,63,398.3,2,2,100.0,15,44,308.3,8,43,51,20,13,9,8,6,25,144,124,93,71,315.43598615916954,69.27681660899654,24.1121107266436,24.44636678200692,729.9349480968858,545.9792387543253,449.80276816609,142.97785467128028,10
444,Rudy Gobert,Minnesota Timberwolves,C,145,349,56,79,704.0,33,56,521.3,0,0,0.0,38,92,130,22,36,9,19,19,27,297,275,167,152,245.31632653061226,89.37959183673469,14.587755102040816,0.0,518.6224489795918,450.57346938775515,275.7,141.6326530612245,10
445,Rui Hachimura,Los Angeles Lakers,PF,181,320,71,126,568.3,18,23,550.0,21,45,416.1,13,59,72,15,15,2,4,8,44,268,253,196,87,596.9488399762047,170.8022010707912,18.751338488994644,37.50684116597264,1088.090719809637,1016.544021415824,639.8786436644855,218.17043426531828,10
446,Russell Westbrook,LA Clippers,PG,115,217,44,93,483.3,22,27,691.7,5,16,216.7,13,36,49,51,17,9,25,2,51,215,164,166,100,244.99382716049382,153.36145404663924,141.08779149519893,6.530864197530864,1058.6680384087792,532.400548696845,494.47256515775035,571.2379972565158,10
447,Ryan Arcidiacono,New York Knicks,G,0,5,0,1,0.0,0,0,0.0,0,1,0.0,0,0,0,0,1,1,0,0,3,0,0,0,0,0.0,0.0625,0.0,0.0,0.0625,0.0625,0.0,0.0625,1
448,Saben Lee,Phoenix Suns,G,35,98,9,28,194.29999999999998,15,20,416.7,2,9,83.3,3,15,18,17,6,4,2,0,11,70,53,52,35,202.32179930795849,33.75778546712803,13.968858131487892,1.640138408304498,425.05190311418687,378.55709342560556,230.0,66.54325259515572,8
449,Saddiq Bey,Atlanta Hawks,SF,146,337,48,125,372.4,31,35,800.0,19,59,298.4,29,32,61,14,7,4,10,4,-23,221,207,160,75,398.90000000000003,67.125,9.625,14.9,439.4000000000001,478.32500000000005,362.225,74.5,10
450,Sam Hauser,Boston Celtics,SF,111,255,40,89,483.7,2,2,100.0,29,69,445.4,7,33,40,16,13,9,4,3,44,167,151,127,56,531.0642722117202,26.758244066372608,17.86389413988658,46.30896870405377,538.4715395925226,579.2604494854022,490.16824196597355,44.72925855912624,10
451,Sam Merrill,Cleveland Cavaliers,SG,76,196,23,65,254.6,7,8,466.7,23,62,263.4,3,17,20,22,13,2,3,0,-18,118,96,98,42,466.625,22.062326869806093,33.74653739612188,50.31717451523546,779.2953601108034,643.7136426592798,576.3978531855955,81.61772853185596,10
452,Samardo Samuels,Houston Rockets,F,0,6,0,1,0.0,0,0,0.0,0,0,0.0,1,1,2,0,0,0,0,0,-5,2,2,0,2,1.1597633136094674,2.1360946745562135,0.0,0.0,0.14792899408284022,0.14792899408284022,1.1597633136094674,2.1360946745562135,1
453,Sandro Mamukelashvili,San Antonio Spurs,PF,77,191,31,61,502.6,10,11,400.0,5,18,166.6,22,47,69,19,12,3,6,3,31,165,146,96,88,215.3390022675737,217.6020408163265,14.315192743764172,4.5,604.3877551020407,508.2675736961451,238.5,304.8764172335601,10
454,Santi Aldama,Memphis Grizzlies,PF,116,316,42,90,459.2,13,20,450.0,19,52,309.5,11,56,67,23,14,10,7,16,-91,206,183,139,90,464.97257653061223,94.125,18.288903061224488,31.887755102040817,898.1326530612246,764.936862244898,555.9005102040816,154.68176020408163,10
455,Sasha Vezenkov,Sacramento Kings,F,38,81,12,31,213.9,5,5,200.0,9,23,251.2,0,10,10,5,10,4,1,0,25,53,48,43,15,56.0359168241966,3.7599243856332705,3.455576559546314,7.839319470699433,100.07939508506614,70.29867674858224,84.03213610586012,9.0,7
456,Scoot Henderson,Portland Trail Blazers,G,178,345,69,165,417.7,20,25,726.7,20,60,345.0,7,27,34,83,36,13,58,1,-151,295,212,261,117,115.7851239669421,42.575476471580366,127.53229886996121,9.517962556923596,324.9831337493674,127.67346938775508,330.03997301399886,153.16259065609717,10
457,Scottie Barnes,Toronto Raptors,SF,179,333,70,155,460.1,33,39,674.9,6,36,159.89999999999998,28,63,91,75,18,13,31,14,21,345,270,254,166,391.6640625,102.8515625,85.6640625,4.8515625,827.2890625,587.40625,576.65625,243.40625,10
458,Scotty Pippen Jr.,Memphis Grizzlies,G,135,263,49,103,449.3,23,29,585.7,14,37,375.0,10,18,28,39,28,22,31,5,-66,202,163,174,67,423.0,29.80251479289941,30.40902366863905,10.405325443786982,685.6094674556213,537.3794378698225,548.5244082840236,82.9171597633136,10
459,Seth Curry,Charlotte Hornets,SG,81,181,29,67,372.5,14,15,566.7,9,31,256.6,4,15,19,17,7,5,7,3,-33,117,100,98,36,233.0,12.900826446280993,16.140495867768593,4.900826446280991,334.3388429752066,276.08264462809916,269.8677685950413,50.429752066115704,10
460,Shai Gilgeous-Alexander,Oklahoma City Thunder,PG,256,342,92,188,488.7,61,77,793.3,11,40,292.6,10,49,59,50,23,19,27,6,40,365,315,306,109,586.9162330905307,64.25234131113423,44.58896982310094,3.469823100936524,1001.143600416233,823.1061394380854,753.9360041623307,119.85900104058273,10
461,Shake Milton,New York Knicks,SG,49,126,21,46,431.1,2,3,66.7,5,12,250.0,9,19,28,15,12,4,5,2,-6,92,77,64,43,168.13609467455623,82.63017751479289,18.28994082840237,8.869822485207102,562.7485207100592,440.9378698224852,242.85207100591717,148.0147928994083,10
462,Sidy Cissoko,San Antonio Spurs,G,24,60,8,14,123.80000000000001,7,9,171.4,1,5,33.3,5,4,9,5,7,1,1,1,-19,38,33,29,14,155.0625,15.140625,6.890625,0.765625,356.5625,264.390625,227.265625,42.0,4
463,Simone Fontecchio,Detroit Pistons,F,158,307,55,116,455.5,19,21,616.7,29,65,413.2,8,41,49,16,20,10,13,5,5,223,207,174,65,506.0,36.90963139120095,14.430439952437576,30.11296076099881,589.4708680142687,547.3923900118907,538.8442330558859,60.574316290130795,10
464,Skylar Mays,Los Angeles Lakers,SG,8,34,4,10,170.0,0,0,0.0,0,3,0.0,0,1,1,3,2,3,2,1,-3,12,9,11,4,16.807492195629553,0.8085327783558792,3.1873048907388135,0.0,16.984391259105102,19.05202913631634,15.919875130072839,2.8158168574401667,4
465,Spencer Dinwiddie,Los Angeles Lakers,PG,101,271,28,63,388.2,27,30,638.9,18,42,401.7,3,25,28,23,22,7,14,8,16,152,129,124,51,546.1515625000001,37.66406250000001,49.90625,14.1640625,935.1999999999999,707.90625,765.6640625,95.3515625,10
466,Stanley Umude,Detroit Pistons,G,49,150,16,39,260.4,8,9,366.7,9,25,243.3,5,16,21,3,15,4,4,2,-32,73,70,52,24,177.08,44.0,1.9200000000000002,10.88,278.68,272.78,180.88,48.02,8
467,Stephen Curry,Golden State Warriors,PG,236,327,81,181,470.5,31,33,758.3,43,102,456.4,2,43,45,65,13,5,21,6,108,346,281,301,110,409.71406249999995,55.6390625,49.525000000000006,23.15625,354.30625000000003,409.70625,339.7265625,119.7515625,10
468,Svi Mykhailiuk,Boston Celtics,SG,54,132,19,37,669.6,1,1,100.0,15,30,575.0,2,15,17,14,3,2,2,0,80,85,71,68,31,58.71124828532237,19.444444444444446,8.785322359396433,9.61111111111111,169.4499314128944,121.32853223593962,98.99314128943759,36.06927297668038,10
469,T. Vukcevic,Washington Wizards,PF,66,121,24,54,258.2,10,13,350.0,8,28,186.7,6,25,31,12,23,3,6,5,19,109,97,78,43,265.57407407407413,53.35185185185185,13.375,6.671296296296296,598.875,483.0,336.4490740740741,111.72685185185185,6
470,T.J. McConnell,Indiana Pacers,PG,144,202,67,118,571.6,6,7,400.0,4,8,350.0,5,20,25,61,13,4,17,1,43,230,169,205,86,166.73268698060943,18.640235457063714,40.98926592797785,2.436634349030471,234.62049861495845,144.74272853185596,225.125,91.11495844875346,10
471,T.J. Warren,Minnesota Timberwolves,SF,37,119,16,39,361.2,3,4,150.0,2,13,83.3,5,16,21,7,11,3,4,1,45,65,58,44,28,68.0964207450694,19.16873630387144,7.6238130021913815,1.5880204528853177,105.83710737764791,118.40321402483565,52.761869978086196,29.560993425858292,9
472,Taj Gibson,Detroit Pistons,F,8,20,3,5,116.7,0,0,0.0,2,4,100.0,0,2,2,0,2,1,0,0,-2,10,10,8,2,8.260355029585797,2.29585798816568,0.18934911242603553,0.42603550295857995,2.3195266272189357,3.8343195266272185,6.272189349112427,2.9585798816568047,2
473,Taj Gibson,New York Knicks,F,2,68,0,9,0.0,2,2,100.0,0,2,0.0,4,6,10,4,8,1,3,0,2,16,12,6,14,19.958579881656803,11.893491124260356,2.011834319526627,1.4497041420118342,17.414201183431953,16.585798816568047,13.75739644970414,20.934911242603548,5
474,Talen Horton-Tucker,Utah Jazz,SG,105,204,36,98,351.3,16,19,538.1,17,44,391.6,1,19,20,23,19,9,9,6,-59,148,125,128,43,412.79584120982986,22.302457466918714,40.11531190926276,9.498109640831757,635.4442344045368,563.257088846881,464.84688090737245,82.55387523629489,10
475,Taurean Prince,Los Angeles Lakers,PF,82,205,30,62,447.0,8,11,266.7,14,31,408.3,4,25,29,11,12,5,13,3,-14,122,111,93,40,307.81919379321977,40.900826446280995,21.115365154326195,16.408163265306122,433.6006071850228,365.09310170349136,346.1000168662506,92.24287400910778,10
476,Taylor Hendricks,Utah Jazz,F,92,259,34,74,466.9,4,6,216.7,20,43,501.7,9,40,49,13,18,8,7,8,-72,154,141,105,62,234.0,53.05127383432143,13.329434385515142,14.51914757250441,220.48774234898255,224.87405864444798,231.53196603108478,64.46242589328634,10
477,Taze Moore,Portland Trail Blazers,G,2,5,1,1,100.0,0,0,0.0,0,0,0.0,0,0,0,1,0,0,1,0,7,3,2,3,1,1.44,0.0,0.6400000000000001,0.0,4.0,1.44,4.0,0.6400000000000001,1
478,Terance Mann,LA Clippers,SG,98,231,39,62,585.5,12,15,575.0,8,21,411.9,10,28,38,10,24,5,9,0,-13,146,136,108,48,286.3918334234721,74.80070308274743,8.65440778799351,6.0,588.7636560302866,560.4424012979989,320.4859383450514,77.68226068144943,10
479,Terquavion Smith,Philadelphia 76ers,G,45,65,16,37,307.8,2,3,100.0,11,28,266.6,0,3,3,11,5,8,5,0,6,59,48,56,14,218.5501730103806,1.7543252595155707,19.62975778546713,19.62975778546713,226.72318339100343,214.80276816608998,231.1072664359862,20.747404844290653,7
480,Terry Rozier,Miami Heat,SG,188,305,68,150,442.8,15,16,466.7,37,74,449.4,2,29,31,31,14,12,12,3,40,250,219,219,62,683.6591836734694,25.0,25.765306122448976,77.26122448979592,794.9469387755103,827.7163265306122,646.1755102040817,55.479591836734706,10
481,Terry Taylor,Chicago Bulls,F,15,56,5,10,325.0,3,4,150.0,2,3,150.0,4,10,14,3,1,2,0,0,-15,32,29,18,17,20.88823959094229,35.125639152666174,3.509130752373996,1.7983929875821767,117.36084733382029,97.06866325785245,26.967129291453613,52.848064280496715,5
482,Thaddeus Young,Phoenix Suns,F,16,74,8,17,225.0,0,2,0.0,0,1,0.0,15,10,25,6,7,5,2,0,8,47,41,22,31,29.898891966759003,62.93905817174515,6.265927977839335,0.0,142.28116343490308,127.78808864265926,44.9404432132964,68.65650969529086,6
483,Thaddeus Young,Phoenix Suns,PF,21,74,10,12,341.7,1,3,50.0,0,1,0.0,6,13,19,7,5,2,3,1,-21,47,40,28,26,35.476454293628805,28.889196675900276,9.914127423822716,0.0,140.46814404432132,93.85872576177286,61.714681440443215,59.174515235457065,4
484,Thanasis Antetokounmpo,Milwaukee Bucks,SF,10,48,5,11,266.7,0,2,0.0,0,1,0.0,2,1,3,4,8,1,3,1,-18,17,13,14,7,19.242798353909464,1.5185185185185186,1.736625514403292,0.0,27.674897119341566,23.52674897119342,23.218106995884774,3.42798353909465,6
485,Theo Maledon,Phoenix Suns,PG,5,10,1,2,50.0,3,3,100.0,0,0,0.0,0,1,1,0,3,0,3,0,-11,6,6,5,1,14.0625,0.5625,0.0,0.0,20.25,20.25,14.0625,0.5625,1
486,Thomas Bryant,Miami Heat,C,91,143,33,58,520.0,21,23,750.0,4,14,233.3,12,41,53,6,17,4,4,7,41,150,144,97,59,489.5895078420768,97.64467279610601,8.42617631151974,4.417522985397513,923.4040021633316,860.7106544077878,550.285018929151,108.06868577609518,10
487,Tim Hardaway Jr.,Dallas Mavericks,SF,102,235,37,95,377.0,8,9,266.7,20,60,327.5,2,25,27,22,11,6,6,1,30,151,129,124,49,276.0496443605748,12.214980403541878,34.55131368848889,12.01306430541443,502.607780519669,333.0098708085353,449.1090143707359,43.30483379300334,10
488,Tobias Harris,Philadelphia 76ers,PF,158,325,60,135,432.8,21,26,685.0,17,43,323.6,10,63,73,27,15,6,12,11,-42,258,231,185,100,344.9674744897959,101.04336734693877,18.471938775510203,26.265306122448983,661.1460459183673,521.15625,457.97257653061223,146.5,10
489,Tony Allen,Memphis Grizzlies,F,10,73,5,17,100.0,0,0,0.0,0,6,0.0,1,9,10,3,12,2,1,0,-42,23,20,13,13,10.710743801652892,2.677685950413223,2.0,0.0,32.67768595041322,18.677685950413224,20.710743801652892,8.677685950413222,3
490,Torrey Craig,Chicago Bulls,SF,42,145,15,32,421.9,4,5,250.0,8,19,416.7,6,12,18,8,12,6,3,2,-12,68,60,50,26,120.20353104542748,13.302122594723269,10.409442570918468,9.177544138067844,215.75917476691134,155.01130728030154,176.28922832771275,28.373735369966273,10
491,Tosan Evbuomwan,Detroit Pistons,F,84,276,29,53,552.3,17,25,508.4,9,23,390.0,10,34,44,10,17,5,8,4,-96,138,128,94,54,125.78092461474385,43.12952936276552,10.066638900458145,7.008329862557268,264.558100791337,237.48604748021654,150.0,56.04914618908788,10
492,Toumani Camara,Portland Trail Blazers,F,88,292,35,67,507.2,8,9,350.0,10,26,336.6,19,23,42,22,26,8,13,8,-36,152,130,110,64,287.70000000000005,51.93611111111112,28.402777777777775,8.002777777777778,547.7,471.46944444444443,351.46944444444443,92.8,10
493,Trae Young,Atlanta Hawks,PG,223,357,72,158,487.4,45,55,813.4,34,86,432.3,1,21,22,107,23,11,45,2,-27,352,245,330,129,816.3777777777777,15.777777777777779,79.0,41.11111111111111,797.1999999999999,653.4,962.1777777777778,92.77777777777779,10
494,Trayce JacksonDavis,Golden State Warriors,F,104,264,44,72,591.7,16,23,410.0,0,1,0.0,31,48,79,17,12,11,11,20,-11,200,183,121,96,276.6621315192744,75.52947845804988,24.236111111111114,0.0,350.14427437641723,272.90816326530614,337.67602040816325,115.98781179138321,10
495,Tre Jones,San Antonio Spurs,PG,102,321,42,89,450.3,8,10,325.0,10,30,225.0,12,40,52,63,11,11,19,2,-23,217,154,165,115,211.6145124716553,96.83815192743764,61.53316326530613,12.459183673469386,541.0668934240363,353.4640022675737,296.7259070294785,260.86281179138325,10
496,Tre Mann,Charlotte Hornets,PG,112,320,42,93,463.7,18,21,608.3,10,35,333.4,5,32,37,52,14,20,26,3,-55,201,149,164,89,198.06978879706153,29.380165289256194,25.633149678604227,8.330578512396695,333.60743801652893,224.34251606978876,315.47520661157023,46.87281910009184,10
497,Trendon Watford,Brooklyn Nets,PF,114,213,43,80,517.6,19,29,512.1,9,21,290.0,11,34,45,16,24,5,20,4,-52,175,159,130,61,421.1240810871018,74.93584317219872,31.31922477166406,7.421474715972377,746.8079750501226,664.2421474715973,448.70661617286703,161.23836043662286,10
498,Trent Forrest,Atlanta Hawks,G,24,139,11,29,366.6,2,3,100.0,0,3,0.0,5,11,16,37,3,4,8,2,-26,77,40,61,53,30.42318244170096,10.92729766803841,64.66186556927298,0.0,146.75034293552812,32.77160493827161,125.71330589849109,94.27777777777779,10
499,Trevelin Queen,Orlando Magic,SG,0,13,0,3,0.0,0,0,0.0,0,2,0.0,0,1,1,1,1,0,0,0,-17,2,1,1,2,0.0,0.5918367346938775,0.7551020408163267,0.0,0.04081632653061227,0.5918367346938775,0.7551020408163267,0.04081632653061227,2
500,Trey Jemison,Memphis Grizzlies,C,97,272,42,75,485.09999999999997,13,14,650.0,0,0,0.0,39,29,68,14,23,5,18,15,-61,179,165,111,82,529.5562130177516,78.6301775147929,8.524408284023668,0.0,732.9889053254439,783.9437869822485,465.1309171597633,100.625,10
501,Trey Lyles,Sacramento Kings,PF,76,203,27,63,388.9,8,11,325.0,14,39,324.2,13,29,42,15,10,4,7,5,46,133,118,91,57,228.15482118605703,63.79719330013581,24.510185604345857,10.783159800814849,535.3023992756904,379.27297419646897,376.27387958352193,96.21774558623812,10
502,Trey Murphy III,New Orleans Pelicans,SG,172,375,51,123,409.5,40,46,823.2,30,86,350.6,11,61,72,30,15,13,7,6,18,274,244,202,102,478.8719723183391,46.458131487889275,12.935640138408303,30.012456747404844,601.8477508650518,496.66159169550167,564.3003460207613,79.15155709342561,10
503,Tristan Thompson,Cleveland Cavaliers,C,18,78,8,15,258.4,2,6,100.0,0,0,0.0,12,16,28,9,8,3,4,3,-20,55,46,27,37,48.200954861111114,31.678819444444436,2.27734375,0.0,122.5486111111111,122.3572048611111,48.0954861111111,34.25303819444444,7
504,Troy Brown Jr.,Detroit Pistons,SF,50,252,15,58,220.9,11,13,430.0,9,30,204.1,8,34,42,12,10,12,8,0,-72,104,92,62,54,158.82907210571673,34.4412525136455,15.774777362826775,21.044814708417125,227.76501005458204,184.76587187589774,178.44125251364548,73.6029876472278,10
505,TyTy Washington Jr.,Milwaukee Bucks,G,3,17,1,4,50.0,0,0,0.0,1,2,100.0,1,1,2,1,1,0,0,0,-1,6,5,4,3,5.88888888888889,2.302469135802469,0.8950617283950617,0.654320987654321,13.555555555555557,15.487654320987653,5.265432098765432,1.8888888888888893,2
506,Tyler Herro,Miami Heat,PG,211,333,81,168,482.7,22,26,491.7,27,74,379.1,3,49,52,47,13,0,16,1,71,310,263,258,99,271.0,17.626886145404665,32.57750342935528,12.231824417009602,397.3717421124828,326.3305898491083,324.6145404663923,67.63100137174212,10
507,Tyrese Haliburton,Indiana Pacers,PG,194,330,66,144,451.1,28,33,716.7,34,84,407.0,4,35,39,88,12,16,16,9,83,321,233,282,127,543.504,38.97511111111111,59.664,22.176,611.2151111111111,584.6444444444444,596.336,72.37777777777778,10
508,Tyrese Maxey,Philadelphia 76ers,PG,254,395,95,215,432.0,39,44,725.0,25,83,307.4,3,35,38,70,22,12,13,5,60,362,292,324,108,1685.5455621301776,94.00000000000001,98.62485207100592,24.931360946745563,2553.5621301775145,2285.7917159763315,1851.1928994082841,294.7479289940828,10
509,Tyus Jones,Washington Wizards,PG,91,313,36,84,402.0,4,4,300.0,15,43,360.8,3,22,25,97,4,9,13,2,-70,213,116,188,122,345.04336734693874,43.53316326530612,160.5,20.959183673469386,776.265306122449,542.0510204081633,542.9719387755102,240.3188775510204,10
510,Udoka Azubuike,Phoenix Suns,C,2,11,1,3,33.3,0,2,0.0,0,0,0.0,2,4,6,0,1,0,0,0,-3,8,8,2,6,3.305785123966942,28.76859504132231,0.0,0.0,51.578512396694215,51.578512396694215,3.305785123966942,28.76859504132231,1
511,Vasilije Micic,Charlotte Hornets,G,93,314,34,93,334.9,15,19,525.0,10,41,180.7,4,21,25,80,20,9,22,2,-80,198,118,173,105,235.56683710737764,20.866691015339665,123.33856829802775,14.065741417092768,570.3447772096422,254.57450693937182,514.1128560993426,181.42951059167274,10
512,Victor Wembanyama,San Antonio Spurs,C,238,327,83,183,466.70000000000005,50,65,711.8,22,73,292.6,28,93,121,59,20,11,46,45,16,418,359,297,180,831.1751111111112,226.4471111111111,32.744,25.948444444444444,1886.576,1707.896,944.7777777777778,324.2684444444444,10
513,Vince Williams Jr.,Memphis Grizzlies,G,127,336,42,92,459.70000000000005,30,38,723.3,13,34,328.8,8,54,62,61,30,12,34,9,-54,250,189,188,123,231.93628808864267,72.8808864265928,35.61495844875347,18.00831024930748,492.2326869806094,474.07479224376726,226.76454293628805,131.82548476454295,10
514,Vit Krejci,Atlanta Hawks,G,81,283,31,56,547.8,1,1,100.0,18,38,364.6,7,27,34,19,25,7,11,2,-16,134,115,100,53,445.7391401202941,32.14880819781689,7.8545333036311,36.290042325685015,624.0449988861662,569.167966139452,496.5012252171976,44.11828915125863,10
515,Walker Kessler,Utah Jazz,C,72,234,31,42,737.5,10,12,500.0,0,0,0.0,22,52,74,12,20,3,11,12,-77,158,146,84,86,107.6064272961714,126.54671692124577,7.620313429875025,0.0,303.70283673874235,272.61456060305494,118.40388811743702,154.45784566554255,10
516,Wendell Carter Jr.,Orlando Magic,C,98,264,36,80,436.0,13,20,390.4,13,41,260.8,23,60,83,19,22,11,12,5,-23,200,181,117,102,236.5,114.52045288531775,21.452885317750184,14.222790357925492,678.7304601899197,520.9123447772097,336.8447772096421,193.44667640613585,10
517,Wendell Moore Jr.,Minnesota Timberwolves,G,4,13,2,3,150.0,0,0,0.0,0,0,0.0,0,5,5,2,1,0,0,0,15,11,9,6,7,4.711736073553272,8.781503515413737,2.788534342888048,0.0,39.740941049215785,25.98647917793402,11.355327203893994,18.680908599242837,2
518,Wenyen Gabriel,Memphis Grizzlies,F,17,81,8,22,168.3,0,5,0.0,1,6,50.0,7,18,25,3,10,2,8,2,-16,45,42,20,28,59.72702331961591,43.6159122085048,4.060356652949245,0.879286694101509,182.2098765432099,171.6858710562414,60.574759945130324,57.352537722908096,5
519,Wesley Matthews,Atlanta Hawks,SG,53,141,18,39,456.1,4,4,200.0,13,25,470.0,5,15,20,9,13,6,2,4,-15,82,73,62,29,116.84567901234568,31.111111111111107,13.098079561042521,8.277777777777779,191.1248285322359,184.54938271604937,120.48285322359396,47.147462277091904,10
520,Xavier Moon,LA Clippers,G,8,27,4,11,93.3,0,0,0.0,0,3,0.0,2,3,5,4,1,1,1,0,-25,17,13,12,9,23.554431885782268,7.5698988697204035,11.66627007733492,0.0,104.81915526472339,47.991671624033316,66.3081499107674,33.309934562760255,3
521,Xavier Tillman,Boston Celtics,F,35,129,15,34,409.4,1,2,50.0,4,16,123.3,5,18,23,13,5,3,2,4,1,71,58,48,36,100.85969084423304,28.531510107015457,4.362663495838287,4.414387633769323,183.61117717003566,176.26159334126038,113.60760998810939,27.495838287752676,10
522,Yuta Watanabe,Memphis Grizzlies,SF,22,97,10,24,250.0,0,2,0.0,2,12,64.3,0,11,11,5,6,5,4,0,-36,38,33,27,16,115.08000000000001,11.27,3.75,1.4800000000000004,136.28,131.43,116.23000000000002,18.72,7
523,Zach Collins,San Antonio Spurs,PF,111,199,43,91,440.8,17,24,633.4,8,23,273.3,14,38,52,26,25,3,17,9,-42,189,163,137,78,326.463653229887,64.77551020408164,17.158036768426378,7.959520998482037,507.5781750716815,558.4302580536347,304.1236296171361,53.421487603305785,10
524,Zavier Simpson,Memphis Grizzlies,G,32,127,12,42,117.69999999999999,3,4,75.0,5,15,108.3,4,14,18,20,9,7,9,3,-5,70,50,52,38,155.2797783933518,29.468144044321328,2.0,8.013850415512465,234.05540166204986,210.05540166204986,177.2797783933518,33.468144044321335,5
525,Zeke Nnaji,Denver Nuggets,PF,28,106,11,18,516.7,5,9,250.0,1,2,100.0,8,14,22,5,10,2,1,7,3,55,50,33,27,45.55102040816327,24.416326530612245,6.6,0.9020408163265307,131.88979591836735,109.17551020408163,55.69387755102041,43.587755102040816,10
526,Ziaire Williams,Memphis Grizzlies,F,103,270,39,94,389.0,13,16,421.4,12,46,213.7,6,38,44,20,15,12,15,0,-39,167,147,123,64,552.1,32.4,24.0,17.599999999999998,788.1,632.1,714.1,50.4,10
527,Zion Williamson,New Orleans Pelicans,PF,249,343,91,166,540.2,67,93,652.2,0,1,0.0,16,40,56,52,22,14,36,10,16,357,305,301,108,773.0051273834322,67.17288896010254,46.58548309565775,0.001602307322544464,1104.2212786412433,930.2981893927255,946.6343534689954,114.05223521871496,10
