,First Last Name,team,position,points,minutes,fgm,fga,fgp,ftm,fta,ftp,tpm,tpa,tpp,offReb,defReb,totReb,assists,pFouls,steals,turnovers,blocks,plusMinus,Points_Rebounds_Assist,Points_Rebounds,Points_Assist,Rebounds_Assist,points_deviation,totReb_deviation,assists_deviation,tpm_deviation,Points_Rebounds_Assist_deviation,Points_Rebounds_deviation,Points_Assist_deviation,Rebounds_Assist_deviation,count
0,A. Flagler,Oklahoma City Thunder,F,3,15,1,7,25.0,0,0,0.0,1,6,33.3,0,0,0,4,0,0,0,0,0,7,3,7,4,6.12,0.0,2.7200000000000006,0.6800000000000002,17.0,6.12,17.0,2.7200000000000006,2
1,A.J. Green,Milwaukee Bucks,G,48,151,16,39,337.6,2,3,100.0,14,34,278.1,2,10,12,3,9,4,5,2,42,63,60,51,15,198.0173611111111,19.95679012345679,4.111111111111112,26.40933641975309,317.1963734567901,284.63155864197535,221.65625,32.99382716049383,10
2,A.J. Lawson,Dallas Mavericks,G,28,74,12,32,340.0,2,6,100.0,2,11,100.0,3,12,15,6,5,1,2,1,-3,49,43,34,21,61.662640566430646,32.507705122865474,5.041232819658476,1.851728446480633,124.30695543523532,104.0912119950021,64.67221990837152,54.75510204081634,9
3,AJ Griffin,Atlanta Hawks,F,7,29,3,9,66.6,0,0,0.0,1,4,100.0,0,4,4,1,0,0,1,1,-15,12,11,8,5,5.0,8.080000000000002,0.52,0.52,14.48,10.280000000000003,5.120000000000001,12.68,2
4,Aaron Gordon,Denver Nuggets,PF,145,326,55,105,545.8,28,42,562.1,7,21,266.6,31,39,70,50,19,6,16,6,43,265,215,195,120,311.4278476261963,67.47119534621879,52.29874272846688,6.255395008444361,392.21523738037155,501.0499155563895,248.91518108463126,73.44792644023269,10
5,Aaron Holiday,Houston Rockets,G,64,152,22,49,331.4,12,12,300.0,8,24,280.0,6,8,14,16,18,5,3,0,11,94,78,80,30,388.53840830449826,26.567474048442904,11.645674740484429,7.767474048442907,662.5121107266435,574.2103806228374,458.5536332179931,56.49965397923876,10
6,Aaron Nesmith,Indiana Pacers,SF,115,290,42,87,528.1,17,17,700.0,14,46,321.2,9,34,43,18,34,5,8,5,49,176,158,133,61,130.94444444444443,8.456790123456791,15.946373456790123,17.187114197530864,148.80748456790124,147.88271604938274,137.37229938271605,18.90007716049383,10
7,Aaron Wiggins,Oklahoma City Thunder,SG,123,238,50,93,537.7,12,14,516.7,11,24,425.0,9,19,28,24,18,16,11,5,22,175,151,147,52,563.6325259515571,14.535640138408302,28.799999999999997,11.024913494809688,781.4290657439446,631.0525951557092,729.5148788927337,27.829757785467134,10
8,Adama Sanogo,Chicago Bulls,C,26,51,10,23,84.4,6,9,66.7,0,0,0.0,16,11,27,0,5,1,4,0,9,53,53,26,27,379.6875,294.63020833333337,0.0,0.0,1339.9218749999998,1339.9218749999998,379.6875,294.63020833333337,3
9,Admiral Schofield,Orlando Magic,SF,8,18,3,6,116.7,0,0,0.0,2,4,150.0,0,4,4,1,1,1,0,0,-20,13,12,9,5,15.948870392390013,0.8763376932223544,0.6682520808561238,0.8097502972651605,22.0,19.15101070154578,17.428061831153386,2.914387633769322,3
10,Al Horford,Boston Celtics,C,113,265,44,75,622.6,5,6,250.0,20,43,495.0,12,42,54,21,11,5,10,7,75,188,167,134,75,273.3370986920333,38.966111771700355,9.05410225921522,14.002972651605234,333.6010701545779,350.2294887039239,260.91795481569557,43.81093935790725,10
11,Alec Burks,New York Knicks,SG,57,130,17,59,227.7,13,16,471.4,10,32,259.9,1,17,18,11,3,5,6,0,-2,86,75,68,29,289.8632088148347,18.807847352862133,13.03547433485622,8.526740123622682,476.8589088954582,432.7350174684225,332.3961300725611,33.43429185702768,10
12,Aleksej Pokusevski,Charlotte Hornets,F,84,194,27,62,478.9,19,27,475.0,11,28,356.6,6,42,48,12,8,4,8,6,9,144,132,96,60,110.26486641769607,40.55156564205688,9.015800057454754,5.378052283826487,192.96409077851192,220.54409652398735,96.20626256822753,36.04596380350474,10
13,Alex Caruso,Chicago Bulls,SG,102,322,36,74,489.3,5,6,250.0,25,48,491.1,8,36,44,55,22,19,17,6,-8,201,146,157,99,206.5902900176254,26.84153180580035,46.172568498638036,30.75036051914757,296.63435346899536,273.53372856913956,206.52571703252684,96.17929818939274,10
14,Alex Fudge,Dallas Mavericks,F,0,7,0,0,0.0,0,0,0.0,0,0,0.0,0,1,1,0,0,0,1,0,-2,1,1,0,1,0.0,0.0,0.0,0.0,0.0,0.0,0.0,0.0,1
15,Alex Len,Sacramento Kings,C,22,104,10,13,566.7,2,3,150.0,0,0,0.0,9,20,29,17,20,1,7,9,39,68,51,39,46,54.61169981129337,40.013790100159675,13.052547539555814,0.0,92.72521410944984,128.90245318623894,31.40760632893018,40.09319204528959,10
16,Alondes Williams,Miami Heat,G,0,6,0,1,0.0,0,0,0.0,0,1,0.0,0,1,1,0,0,0,1,0,-2,1,1,0,1,0.5625,0.87890625,0.0,0.0,0.03515625,0.03515625,0.5625,0.87890625,1
17,Alperen Sengun,Houston Rockets,C,209,324,81,157,512.7,43,68,622.9,4,12,200.0,39,68,107,45,36,16,26,7,2,361,316,254,152,847.1723356009071,197.81632653061226,123.77551020408163,4.408163265306122,1935.0226757369614,1622.4580498866212,993.7777777777778,487.5510204081633,10
18,Amari Bailey,Charlotte Hornets,G,18,39,6,15,123.3,5,5,200.0,1,5,50.0,4,3,7,5,2,3,3,0,6,30,25,23,12,109.3780718336484,23.981096408317583,13.54631379962193,0.9187145557655956,347.9187145557655,234.5803402646503,191.18903591682417,69.05482041587902,3
19,Amen Thompson,Houston Rockets,F,130,298,51,98,566.1,28,37,666.6,0,5,0.0,43,51,94,34,18,14,15,3,14,258,224,164,128,320.58263971462543,167.7777777777778,25.653322763905408,0.02113885585942661,1135.2553838023516,903.9006473774607,453.9450389747655,291.42343770643413,10
20,Amir Coffey,LA Clippers,SG,84,265,29,76,405.0,9,13,416.7,17,46,355.8,7,23,30,12,21,9,4,3,-7,126,114,96,42,209.77839335180053,49.280886426592794,8.088642659279778,11.34349030470914,394.6160664819945,405.99113573407203,215.98559556786702,39.78725761772853,10
21,Andre Drummond,Chicago Bulls,C,93,185,37,59,661.3,19,28,438.4,0,0,0.0,32,71,103,4,16,11,9,6,38,200,196,97,107,116.26627038561195,191.99923792104863,8.410303307422648,0.0,534.038103947569,488.4087791495199,154.57536960829142,207.72976680384087,10
22,Andre Jr. Jackson,Milwaukee Bucks,G,18,114,7,19,450.0,0,0,0.0,4,10,300.0,5,18,23,11,14,4,6,2,-28,52,41,29,34,31.074792243767316,12.196675900277011,12.854570637119114,2.5872576177285325,77.78531855955677,67.86980609418283,41.5415512465374,24.5,10
23,Andrew Funk,Chicago Bulls,G,0,7,0,2,0.0,0,0,0.0,0,2,0.0,0,0,0,0,0,0,0,1,0,0,0,0,0,0.0,0.0,0.0,0.0,0.0,0.0,0.0,0.0,1
24,Andrew Nembhard,Indiana Pacers,PG,93,278,36,74,482.2,9,11,350.0,12,31,325.0,4,18,22,37,24,10,10,1,43,152,115,130,59,137.82274043590917,13.746380124980949,42.261697911903674,9.641213229690596,205.3119951226947,194.98902606310014,154.6380124980948,49.515775034293554,10
25,Andrew Wiggins,Golden State Warriors,SF,162,297,56,128,436.5,32,39,686.4,18,49,347.5,8,44,52,15,20,6,18,11,47,229,214,177,67,318.8265625,18.5,52.6265625,13.6390625,523.0,352.6515625,444.5,115.80156249999997,10
26,Anfernee Simons,Portland Trail Blazers,SG,234,361,80,177,436.7,36,39,757.1,38,94,405.4,4,33,37,64,19,7,30,1,-38,335,271,298,101,935.5240670632775,28.301243915630067,125.20497566252028,19.635478637101134,1764.6960519199567,1205.978907517577,1461.0362358031368,186.71119524067063,10
27,Anthony Black,Orlando Magic,G,45,169,16,37,468.3,5,11,133.3,8,17,341.7,4,13,17,8,10,6,6,2,-3,70,62,53,25,123.86094674556213,29.55325443786982,3.9408284023668636,11.020710059171599,268.8639053254438,230.0,159.19822485207104,37.020710059171606,10
28,Anthony Davis,Los Angeles Lakers,PF,259,362,95,173,556.2,61,74,698.3,8,28,287.5,38,110,148,26,22,12,28,23,80,433,407,285,174,957.125,247.93364197530866,24.11304012345679,7.9567901234567895,1959.2704475308644,1975.864197530864,964.5019290123456,248.07600308641977,10
29,Anthony Edwards,Minnesota Timberwolves,SG,238,338,81,187,416.8,57,66,788.1,19,73,217.0,9,38,47,50,13,14,25,1,15,335,285,288,97,1194.1382716049384,95.58641975308643,26.282716049382717,45.8641975308642,1594.6000000000001,1375.7049382716048,1429.1419753086418,105.7604938271605,10
30,Anthony Gill,Washington Wizards,PF,94,232,39,84,450.8,12,14,460.0,4,20,136.6,16,24,40,14,29,6,5,4,-58,148,134,108,54,267.7772491349481,85.27508650519032,15.564013840830448,2.4000865051903117,607.9294982698962,567.261678200692,296.625,112.659169550173,10
31,Ashton Hagans,Portland Trail Blazers,G,43,175,15,38,303.3,7,8,350.0,6,17,250.0,9,18,27,32,20,7,18,3,-6,102,70,75,59,118.125,20.2,17.7,6.425,182.225,173.225,127.725,37.3,10
32,Ausar Thompson,Detroit Pistons,F,103,314,42,87,508.0,11,25,325.0,8,29,195.3,15,44,59,21,26,17,14,11,-6,183,162,124,80,121.7,31.399999999999995,24.125,8.5,347.72499999999997,237.7,200.02499999999998,87.225,10
33,Austin Reaves,Los Angeles Lakers,SG,149,342,55,126,435.9,21,26,616.7,18,61,271.1,11,45,56,58,23,6,20,7,8,263,205,207,114,413.4444444444444,200.38236961451247,85.62046485260771,20.21315192743764,1300.7777777777778,984.2633219954648,615.9617346938775,400.0,10
34,Ayo Dosunmu,Chicago Bulls,SG,183,365,72,129,560.1,19,22,591.7,20,44,439.5,7,23,30,42,28,13,20,4,-17,255,213,225,72,456.92278393351796,20.110803324099724,57.35076177285318,22.3393351800554,523.0609418282548,462.42970914127426,528.6731301939058,66.3424515235457,10
35,Bam Adebayo,Miami Heat,C,164,317,65,119,567.5,27,35,716.6,7,17,341.7,17,71,88,39,20,12,23,7,59,291,252,203,127,202.7265625,119.35625000000002,71.1640625,6.15625,762.15625,521.1640624999999,361.725,272.5140625,10
36,Ben Sheppard,Indiana Pacers,G,52,196,18,56,304.5,5,5,300.0,11,39,245.1,5,16,21,13,18,8,5,0,35,86,73,65,34,119.62130177514793,22.777777777777775,10.13182117028271,9.16929651545036,201.27186061801447,178.3990795529257,144.6051939513478,30.798487836949377,10
37,Ben Simmons,Brooklyn Nets,PG,53,168,24,38,521.1,5,11,150.0,0,0,0.0,15,39,54,46,20,9,12,4,-5,153,107,99,100,134.88888888888889,64.0,78.88888888888889,0.0,382.0,162.8888888888889,300.0,196.88888888888889,9
38,Bennedict Mathurin,Indiana Pacers,SG,139,275,44,115,340.3,35,45,614.5,16,44,245.0,10,33,43,23,24,7,17,4,-18,205,182,162,66,753.4765625,123.6015625,38.125,30.4140625,1418.90625,1097.65625,970.9140625,265.5390625,10
39,Bilal Coulibaly,Washington Wizards,SG,90,289,30,76,451.5,19,27,633.3,11,39,238.3,9,30,39,18,22,12,8,7,-98,147,129,108,57,127.37777777777777,38.5,16.0,13.177777777777775,337.8777777777778,291.7444444444444,166.31111111111107,61.699999999999996,10
40,Bismack Biyombo,Oklahoma City Thunder,C,10,48,4,7,133.3,2,4,100.0,0,0,0.0,4,7,11,2,6,1,4,2,7,23,21,12,13,27.346938775510207,25.816326530612244,1.6734693877551023,0.0,109.69387755102042,104.72789115646259,30.489795918367346,29.312925170068027,6
41,Blake Wesley,San Antonio Spurs,G,42,177,14,41,354.1,10,15,450.0,4,15,141.7,2,19,21,32,14,1,17,0,-27,95,63,74,53,131.07663173841686,17.260573159954554,25.91263729327105,4.403231915162227,111.32091907587426,174.4778437066027,90.49337204898369,20.599545511930316,10
42,Boban Marjanovic,Houston Rockets,C,3,7,1,1,100.0,1,2,50.0,0,0,0.0,0,3,3,0,0,0,1,0,-3,6,6,3,3,0.5625,4.840000000000001,0.04000000000000001,0.0,7.5625,8.7025,0.3024999999999998,4.0,1
43,Bobby Portis,Milwaukee Bucks,F,158,249,69,126,524.2,5,6,250.0,15,30,426.7,22,60,82,20,19,11,16,7,-18,260,240,178,102,569.833910034602,55.79930795847751,11.695501730103807,18.528027681660898,678.1384083044983,626.8650519031141,618.2698961937716,70.33217993079585,10
44,Bogdan Bogdanovic,Atlanta Hawks,SG,192,337,64,142,480.0,36,37,890.0,28,76,452.2,7,33,40,36,23,10,21,6,-41,268,232,228,76,575.8472927856003,84.20902888663086,45.18130352736246,15.909420815793295,1113.034983306721,1007.407461169981,684.283059950646,126.58208738568733,10
45,Bojan Bogdanovic,New York Knicks,SF,94,160,36,77,455.6,11,14,475.0,11,31,383.3,4,14,18,4,7,2,9,0,-46,116,112,98,22,200.7266435986159,25.61245674740485,5.588927335640139,5.799999999999999,296.11487889273354,296.2795847750865,208.56332179930797,23.2,10
46,Bol Bol,Phoenix Suns,C,47,116,16,26,402.5,7,8,275.0,8,12,325.0,3,27,30,6,9,4,3,6,7,83,77,53,36,275.49931412894375,22.0,4.7248894985520495,11.670477061423561,484.475689681451,437.49931412894375,314.475689681451,34.724889498552045,10
47,Bones Hyland,LA Clippers,PG,103,197,39,96,342.6,7,9,325.0,18,55,259.4,2,30,32,43,18,12,16,2,-39,178,135,146,75,1279.2877526753866,67.82461355529132,118.0077288941736,39.32520808561236,2439.438763376932,1614.3929845422115,2034.1432818073727,256.02259215219976,10
48,Bradley Beal,Phoenix Suns,SG,166,342,64,123,509.1,12,13,350.0,26,46,530.8,14,40,54,46,21,11,23,11,9,266,220,212,100,592.1937716262976,54.06920415224913,47.9515570934256,35.07958477508651,546.4498269896194,605.840830449827,532.3820069204153,102.44152249134949,10
49,Brandin Podziemski,Golden State Warriors,G,88,258,37,75,497.7,3,3,200.0,11,23,423.3,16,43,59,33,15,4,9,1,35,180,147,121,92,190.85562381852552,55.514177693761816,28.417769376181475,10.90382797731569,309.79702268431004,195.72613421550093,301.2100661625709,87.648393194707,10
50,Brandon Boston Jr.,LA Clippers,SG,80,181,33,80,449.9,8,15,366.7,6,26,155.5,10,21,31,5,20,5,11,6,-42,116,111,85,36,358.7174744897959,57.7984693877551,4.885841836734694,6.635841836734694,750.625,648.3501275510205,431.530612244898,92.14604591836736,10
51,Brandon Clarke,Memphis Grizzlies,PF,68,134,33,59,329.5,1,7,50.0,1,6,100.0,13,19,32,9,8,5,3,6,-8,109,100,77,41,87.39644970414201,33.52662721893491,9.535502958579881,0.834319526627219,105.60650887573965,89.81065088757397,91.02662721893492,55.22781065088758,6
52,Brandon Ingram,New Orleans Pelicans,SF,180,306,68,138,496.2,36,43,724.5,8,27,260.0,6,50,56,54,24,6,19,7,49,290,236,234,110,670.2437673130194,25.364265927977836,44.40443213296399,6.5318559556786715,720.3393351800554,826.6662049861496,558.8476454293628,74.83795013850416,10
53,Brandon Miller,Charlotte Hornets,F,207,335,73,154,470.8,27,30,796.7,34,85,396.1,7,35,42,23,24,8,19,8,-74,272,249,230,65,575.6999999999999,28.225,18.15625,42.425000000000004,767.85625,751.125,575.2562499999999,63.556250000000006,10
54,Brandon Williams,Dallas Mavericks,G,11,42,4,17,108.3,3,4,100.0,0,4,0.0,1,2,3,4,2,0,2,0,-21,18,14,15,7,22.222222222222218,3.91358024691358,4.830246913580246,0.0,34.089506172839506,22.950617283950617,29.867283950617278,12.237654320987653,5
55,Braxton Key,Denver Nuggets,F,2,6,1,1,100.0,0,1,0.0,0,0,0.0,1,1,2,0,1,0,0,0,2,4,4,2,2,0.6173469387755104,1.0,0.12755102040816327,0.12755102040816327,2.040816326530612,3.1887755102040813,0.18367346938775514,0.4132653061224489,1
56,Brice Sensabaugh,Utah Jazz,F,105,224,33,84,376.8,20,21,583.3,19,48,361.1,6,34,40,24,19,6,14,4,-78,169,145,129,64,553.125,26.090702947845802,18.41638321995465,49.125,790.9591836734694,699.8823696145125,620.124716553288,68.58418367346938,10
57,Brook Lopez,Milwaukee Bucks,C,133,293,47,93,527.6,19,24,575.1,20,50,412.4,16,28,44,10,25,2,15,21,-35,187,177,143,54,281.3042831647829,52.570196311719215,16.021415823914335,26.29149315883403,468.73111243307557,475.56632956573463,268.5606781677573,74.5,10
58,Bruce Brown,Toronto Raptors,SF,102,254,42,75,563.7,10,19,483.3,8,17,375.0,7,23,30,27,20,7,17,0,-133,159,132,129,57,208.0,42.65869140625,43.90625,9.806640625,554.38525390625,316.59619140625,407.40625,124.94775390625,10
59,Bruno Fernando,Atlanta Hawks,PF,85,206,31,53,547.1,23,34,490.1,0,0,0.0,8,33,41,18,36,3,10,4,-85,144,126,103,59,163.05625,33.40625,14.576562500000001,0.0,194.4140625,209.625,163.8515625,31.9765625,10
60,Bryce McGowens,Charlotte Hornets,G,53,140,16,39,301.2,17,22,391.7,4,14,183.3,1,14,15,10,9,3,5,4,-39,78,68,63,25,281.31111111111113,8.777777777777779,19.086419753086417,4.4790123456790125,511.84197530864196,365.2,416.1012345679012,39.71604938271605,10
61,Buddy Boeheim,Detroit Pistons,F,22,57,7,19,133.3,2,2,100.0,6,17,126.19999999999999,0,6,6,3,4,0,0,1,16,31,28,25,9,109.47404844290656,10.121107266435985,7.380622837370242,6.525951557093426,245.6989619377163,176.1903114186851,168.30103806228374,28.18339100346021,4
62,Buddy Hield,Philadelphia 76ers,SG,109,205,38,87,432.9,11,12,550.0,22,55,402.8,13,20,33,15,18,7,12,3,42,157,142,124,48,297.125,35.001291322314046,30.549586776859503,21.914256198347108,617.1500516528926,487.7285640495868,408.40185950413223,83.69550619834712,10
63,CJ McCollum,New Orleans Pelicans,SG,273,391,99,221,451.9,24,24,600.0,51,108,459.2,9,45,54,54,16,9,19,5,13,381,327,327,108,532.1570247933884,48.5,31.038223140495866,55.31327479338844,701.3646694214874,747.8388429752065,487.6373966942147,77.5836776859504,10
64,Cade Cunningham,Detroit Pistons,PG,241,313,92,212,430.3,40,44,808.3,17,55,297.1,9,44,53,75,18,11,31,2,-38,369,294,316,128,702.373472159348,53.42462652784065,52.55545495699411,12.217745586238117,842.2865550022635,783.9945676776822,690.806699864192,175.83884110457223,10
65,Caleb Houstan,Orlando Magic,G,34,135,11,33,268.3,2,2,100.0,10,31,260.0,5,5,10,3,9,2,1,0,-6,47,44,37,13,96.464,6.0360000000000005,2.136,10.016,106.5,104.596,94.29599999999999,12.244,10
66,Caleb Martin,Miami Heat,SF,85,282,33,86,384.5,9,12,326.7,10,39,341.6,8,23,31,33,15,6,12,7,43,149,116,118,64,317.80625,28.90625,27.1140625,4.15625,443.5265625,416.625,346.2890625,54.4390625,10
67,Cam Reddish,Los Angeles Lakers,SF,21,143,6,25,153.3,5,8,116.7,4,13,166.6,7,5,12,1,7,3,1,3,-37,34,33,22,13,75.18820984315846,18.0,0.9156300703082747,2.4261763115197406,69.49053542455381,75.46727961060031,71.76960519199568,16.357490535424553,10
68,Cam Thomas,Brooklyn Nets,SG,280,364,93,211,436.1,64,71,921.4,30,77,364.2,4,31,35,34,23,5,20,4,-25,349,315,314,69,576.5697128917245,48.384875211109026,56.5802214299118,26.505535747795083,849.2844811409269,536.4603115030962,905.7203978232315,88.63858134734471,10
69,Cam Whitmore,Houston Rockets,F,121,210,41,104,392.5,20,27,521.7,19,55,326.6,12,27,39,10,16,8,10,6,12,170,160,131,49,181.0,43.32486463973344,24.337359433569347,12.918367346938775,370.6030820491462,296.8146605581008,242.03123698458973,80.41940857975843,10
70,Cameron Johnson,Brooklyn Nets,SF,108,244,35,86,416.4,19,22,650.0,19,52,360.6,6,30,36,16,14,8,9,2,-48,160,144,124,52,174.18492294877134,34.16743023740108,13.547688463140359,11.952936276551437,427.0478967097043,306.2149104539775,261.3694294044148,81.36359850062475,10
71,Cameron Payne,Philadelphia 76ers,PG,71,197,27,66,516.2,0,0,0.0,17,40,451.7,5,17,22,34,21,10,10,2,28,127,93,105,56,395.2193077339102,90.52812330989724,31.908328826392644,24.11060032449972,660.4621416982152,537.100594916171,443.81449432125476,197.20281233098973,10
72,Caris LeVert,Cleveland Cavaliers,SG,138,294,50,108,450.1,24,29,635.7,14,40,374.2,6,42,48,38,18,14,23,6,-8,224,186,176,86,532.5383752603749,31.661592693478607,94.52235218714951,8.492549270950168,716.0147412273675,669.8807883352026,552.4883832719115,152.36788976125624,10
73,Cason Wallace,Oklahoma City Thunder,G,65,222,25,60,402.0,4,4,100.0,11,26,350.0,4,20,24,21,15,16,9,5,0,110,89,86,45,214.62345679012344,14.460493827160494,20.327160493827158,16.960493827160494,340.3567901234568,253.25679012345677,297.1111111111111,39.4,10
74,Cedi Osman,San Antonio Spurs,SF,70,175,27,53,472.5,1,2,50.0,15,32,373.7,2,23,25,12,17,3,5,2,-40,107,95,82,37,235.14724245577526,36.54162330905307,29.950052029136323,16.565036420395423,418.56711758584805,316.12591050988556,295.82986472424557,108.2502601456816,10
75,Charlie Brown Jr.,New York Knicks,G,3,27,1,5,20.0,0,0,0.0,1,3,33.3,1,1,2,0,4,0,0,1,-6,5,5,3,2,6.12,2.7200000000000006,0.0,0.6800000000000002,17.0,17.0,6.12,2.7200000000000006,2
76,Chet Holmgren,Oklahoma City Thunder,PF,141,261,47,102,416.3,35,45,746.4,12,40,248.4,14,60,74,14,29,6,20,18,24,229,215,155,88,488.6777777777778,34.25679012345679,11.586419753086421,12.04567901234568,791.0,666.4308641975309,592.9456790123457,66.14444444444442,10
77,Chimezie Metu,Detroit Pistons,PF,111,298,44,86,523.6,11,11,600.0,12,32,321.6,13,52,65,21,21,19,13,6,-35,197,176,132,86,339.4293342826628,72.31221075115701,13.627981488074049,20.51192595229619,586.4994660021359,571.5977216091136,363.9857600569598,76.28551085795655,10
78,Chris Boucher,Toronto Raptors,PF,69,120,25,35,573.3,15,18,500.0,4,12,216.7,13,27,40,5,11,1,9,5,7,114,109,74,45,142.20987654320987,47.580246913580254,5.913580246913581,4.0246913580246915,410.0,329.0246913580247,192.69135802469134,83.98765432098766,8
79,Chris Duarte,Sacramento Kings,SG,45,120,16,42,369.2,4,4,200.0,9,28,306.0,6,10,16,5,6,5,4,3,-27,66,61,50,21,160.27346938775509,20.8,6.5,6.932653061224489,317.03061224489795,251.53061224489798,205.7734693877551,47.3,10
80,Chris Livingston,Milwaukee Bucks,F,6,20,3,5,100.0,0,0,0.0,0,2,0.0,1,5,6,1,7,0,2,0,-11,13,12,7,7,24.897959183673475,17.596371882086167,0.909297052154195,0.0,81.0,82.76643990929706,23.167800453514737,18.469387755102044,2
81,Chris Paul,Golden State Warriors,PG,94,266,39,85,456.09999999999997,3,4,150.0,13,37,349.9,0,36,36,59,17,14,20,3,65,189,130,153,95,78.55785667324129,37.801446416831034,66.08053911900066,4.100591715976331,288.0164365548981,110.5,212.301775147929,147.65450361604206,10
82,Christian Braun,Denver Nuggets,G,82,255,32,68,450.9,6,9,225.0,12,26,433.3,14,28,42,25,17,5,7,5,59,149,124,107,67,187.97516184436518,33.91333069097635,42.26014004492008,8.149821640903685,300.64856652133705,256.8138459505879,258.3246135552913,49.65873959571938,10
83,Christian Wood,Los Angeles Lakers,F,59,133,22,51,477.0,11,14,450.0,4,19,225.0,6,28,34,6,12,5,5,2,-14,99,93,65,40,153.90277777777777,54.402777777777786,4.625,2.4444444444444446,305.125,285.0,156.7777777777778,76.27777777777777,10
84,Chuma Okeke,Orlando Magic,PF,2,40,0,6,0.0,2,2,100.0,0,5,0.0,0,5,5,2,2,2,3,0,-23,9,7,4,7,3.7917906008328375,2.9690660321237354,1.4110648423557406,0.003569303985722784,7.500892325996431,6.928613920285544,3.491969066032124,5.252230814991077,6
85,Clint Capela,Atlanta Hawks,C,120,286,51,79,661.6,18,33,317.9,0,0,0.0,36,75,111,18,16,10,16,13,21,249,231,138,129,146.9,68.90625,9.6390625,0.0,201.3515625,175.65625,154.1640625,96.9765625,10
86,Coby White,Chicago Bulls,PG,166,340,66,148,442.3,16,21,445.7,18,55,263.6,6,28,34,41,24,6,16,1,-5,241,200,207,75,359.3897541752674,27.63145055357478,61.0,22.92775379996247,593.2424469881779,432.7082004128354,537.7048226684182,70.85062863576655,10
87,Cody Martin,Charlotte Hornets,SF,69,285,28,76,367.2,6,7,250.0,7,30,228.2,6,44,50,42,15,11,20,7,-28,161,119,111,92,111.0,28.18685121107267,64.68512110726644,2.6816608996539792,183.02076124567472,112.9515570934256,173.33217993079583,100.60899653979239,10
88,Cody Zeller,New Orleans Pelicans,C,9,40,4,7,300.0,1,2,50.0,0,0,0.0,5,11,16,5,6,2,3,0,15,30,25,14,21,4.293388429752065,8.743801652892563,5.5,0.0,24.380165289256194,17.15289256198347,12.247933884297517,13.516528925619838,6
89,Colby Jones,Sacramento Kings,G,17,63,7,23,199.89999999999998,2,4,100.0,1,9,16.7,6,9,15,10,13,3,3,3,28,42,32,27,25,32.234375,14.970486111111114,12.553819444444446,0.8819444444444443,145.484375,80.86111111111109,79.38194444444444,45.0,7
90,Cole Anthony,Orlando Magic,PG,82,172,31,80,361.8,8,8,500.0,12,32,244.1,2,21,23,19,8,5,13,4,-1,124,105,101,42,427.80156250000005,38.8015625,37.7890625,26.2890625,785.6640625,621.90625,563.9250000000001,104.22500000000001,10
91,Cole Swider,Miami Heat,F,19,44,6,16,104.7,2,2,100.0,5,13,116.7,0,5,5,1,1,0,4,0,-18,25,24,20,6,138.42011834319527,2.7396449704142007,0.8002958579881657,12.029585798816568,168.62278106508876,171.3491124260355,135.66420118343194,3.5695266272189348,5
92,Colin Castleton,Los Angeles Lakers,C,0,12,0,2,0.0,0,0,0.0,0,0,0.0,0,1,1,0,3,1,2,0,-16,1,1,0,1,1.6718367346938774,0.5493877551020409,0.0,0.0,1.6465306122448977,1.6465306122448977,1.6718367346938774,0.5493877551020409,2
93,Collin Gillespie,Denver Nuggets,G,53,125,19,43,306.4,4,7,200.0,11,25,283.3,0,15,15,18,12,7,9,0,24,86,68,71,33,240.98573127229488,12.9833531510107,37.600475624256845,15.451843043995245,401.7074910820452,279.602853745541,336.38168846611177,77.29250891795482,8
94,Collin Sexton,Utah Jazz,PG,208,319,78,161,480.5,41,49,859.9,11,39,239.89999999999998,11,19,30,60,20,8,27,4,-116,298,238,268,90,229.79733560090702,22.409580498866216,38.02267573696145,13.719104308390023,417.60204081632656,315.6383219954649,339.953798185941,52.23951247165533,10
95,Corey Kispert,Washington Wizards,SF,184,382,68,133,508.79999999999995,16,23,575.0,32,77,412.3,5,34,39,33,23,6,17,2,-68,256,223,217,72,395.80707644628103,35.85537190082645,79.36492768595042,40.14798553719008,569.6002066115701,594.4186466942148,381.82747933884303,104.38145661157026,10
96,Cory Joseph,Golden State Warriors,PG,27,71,10,16,316.7,0,0,0.0,7,11,316.7,2,9,11,6,6,0,1,0,9,44,38,33,17,31.2,10.8,2.8000000000000003,3.2,28.8,47.2,21.2,5.2,5
97,Craig Jr. Porter,Cleveland Cavaliers,G,62,138,26,50,425.3,5,6,300.0,5,12,175.0,6,19,25,24,5,3,8,3,-18,111,87,86,49,378.3515625,46.837673611111114,22.90625,9.611111111111112,763.6006944444446,610.7777777777779,507.4140625,93.50434027777776,10
98,D'Angelo Russell,Los Angeles Lakers,PG,180,359,60,154,380.4,26,28,450.0,34,93,316.6,2,38,40,66,19,13,27,4,38,286,220,246,106,676.4365548980933,38.3698224852071,113.8990795529257,56.810322156476005,900.2130177514794,797.8754109138724,720.2633136094676,210.77975016436554,10
99,D.J. Carton,Toronto Raptors,G,8,31,2,7,83.3,3,4,150.0,1,4,50.0,2,1,3,3,1,1,1,0,-30,14,11,11,6,8.666666666666668,2.0,2.0,0.6666666666666667,8.666666666666666,2.6666666666666665,18.666666666666668,0.0,3
100,D.J. Wilson,Philadelphia 76ers,F,10,14,4,6,66.7,0,0,0.0,2,2,100.0,1,1,2,2,1,0,0,2,4,14,12,12,4,19.75308641975309,0.7901234567901234,0.7901234567901234,0.7901234567901234,38.71604938271605,28.444444444444443,28.444444444444443,3.1604938271604937,1
101,DaQuan Jeffries,New York Knicks,SG,0,7,0,2,0.0,0,0,0.0,0,2,0.0,0,0,0,3,0,0,1,0,7,3,0,3,3,0.39889196675900274,0.0,5.609418282548476,0.04432132963988919,3.0166204986149587,0.39889196675900274,3.0166204986149587,5.609418282548476,1
102,Daishen Nix,Minnesota Timberwolves,SG,5,12,2,5,66.7,0,0,0.0,1,3,50.0,0,1,1,3,1,2,1,0,13,9,6,8,4,13.779999999999998,0.52,5.220000000000001,0.545,5.0,9.620000000000001,5.92,8.98,2
103,Dalano Banton,Portland Trail Blazers,G,212,348,79,192,405.9,31,38,748.9,23,78,285.3,7,52,59,48,13,10,26,7,-80,319,271,260,107,733.9799680650311,112.47365365074756,89.7265205399913,16.929162432863986,1605.7292785600234,1111.0342575119755,1205.415590071128,225.4595732326898,10
104,Dalen Terry,Chicago Bulls,F,45,161,19,40,338.9,4,8,50.0,3,16,100.0,7,18,25,17,23,6,9,9,21,87,70,62,42,288.63906249999997,40.5765625,58.106249999999996,4.1140625,619.40625,409.02500000000003,481.9765625000001,115.7265625,10
105,Damian Jones,Cleveland Cavaliers,C,60,123,24,39,594.6,11,13,550.0,1,7,50.0,11,20,31,3,13,4,6,5,-53,94,91,63,34,207.16824196597355,68.4773156899811,2.148393194706994,0.9612476370510397,410.1625708884688,395.320415879017,208.23156899810962,84.40453686200378,10
106,Damian Lillard,Milwaukee Bucks,PG,236,368,74,179,407.2,59,67,776.0,29,82,342.0,3,42,45,66,24,8,34,4,8,347,281,302,111,670.9111531190927,10.525729888678848,77.04809913883636,29.305818105440032,991.0,687.2075194286915,977.8445704683891,84.43289224952743,10
107,Daniel Gafford,Dallas Mavericks,C,98,228,48,61,775.3,2,9,50.0,0,0,0.0,15,41,56,20,27,7,12,20,30,174,154,118,76,376.7020975056689,177.40277777777777,24.051020408163264,0.0,871.887755102041,754.4897959183673,415.5048185941043,280.0490362811791,10
108,Daniel Theis,LA Clippers,C,50,147,21,40,406.4,4,4,200.0,4,11,250.0,11,27,38,10,15,0,7,6,2,98,88,60,48,232.10000000000002,27.825,10.177777777777777,4.411111111111111,393.06944444444446,392.225,240.54444444444445,30.40277777777777,10
109,Danilo Gallinari,Milwaukee Bucks,PF,34,101,10,22,404.2,12,14,375.0,2,10,200.0,3,10,13,8,8,4,7,1,-30,55,47,42,21,108.46876859012494,12.164782867340868,9.608566329565734,1.800118976799524,156.6799524092802,160.36704342653184,103.62879238548483,22.92623438429506,10
110,Dante Exum,Dallas Mavericks,G,60,224,22,49,394.6,4,4,200.0,12,26,456.7,5,29,34,30,15,2,10,0,78,124,94,90,64,252.26118827160494,54.5,24.233410493827158,9.625,368.0,333.0111882716049,304.5,61.483410493827165,10
111,Danuel House Jr.,Philadelphia 76ers,SF,42,143,14,30,276.3,13,15,466.7,1,11,33.3,6,11,17,7,16,7,3,3,-26,66,59,49,24,42.0,11.714285714285715,8.0,0.8571428571428572,41.714285714285715,51.714285714285715,40.0,11.714285714285715,7
112,Dario Saric,Golden State Warriors,PF,21,103,10,30,248.3,0,1,0.0,1,15,50.0,5,14,19,17,4,1,13,0,-31,57,40,38,36,40.61706555671175,26.93756503642039,16.13007284079084,1.7242455775234131,132.53590010405827,83.0072840790843,62.67845993756503,70.53485952133194,10
113,Darius Bazley,Utah Jazz,F,46,134,17,28,308.1,10,12,360.0,2,8,83.3,8,19,27,5,2,6,7,6,-23,78,73,51,32,42.487603305785115,8.473140495867769,4.041322314049586,1.28099173553719,65.82851239669424,71.54752066115702,36.03305785123966,13.25,5
114,Darius Garland,Cleveland Cavaliers,PG,157,341,60,141,415.3,14,17,610.0,23,60,359.9,5,28,33,80,12,16,32,2,18,270,190,237,113,439.58506841165973,24.46192742415229,96.09161213563354,18.10023795359905,515.4265318262939,508.38072575847707,395.66121356335515,171.52320047590717,10
115,David Duke Jr.,San Antonio Spurs,G,8,26,3,9,125.0,2,2,100.0,0,2,0.0,1,6,7,4,2,1,1,0,-4,19,15,12,11,8.016528925619834,26.32231404958678,8.016528925619834,0.4132231404958677,115.08264462809919,62.68595041322314,32.06611570247934,62.68595041322314,2
116,David Roddy,Phoenix Suns,F,61,130,25,53,522.0,6,10,241.7,5,20,143.3,4,15,19,11,5,1,10,0,-72,91,80,72,30,468.52517361111114,53.77517361111111,20.125,9.4765625,906.2361111111113,718.4444444444446,636.0460069444445,94.17100694444444,10
117,Davion Mitchell,Sacramento Kings,PG,89,228,34,76,451.0,7,11,300.0,14,34,405.5,5,17,22,29,13,3,6,0,16,140,111,118,51,152.56427221172024,41.72400756143668,22.80552930056711,13.520793950850663,345.42840264650283,247.6001890359168,217.79702268431006,97.125,10
118,Davis Bertans,Charlotte Hornets,SF,101,224,34,78,424.8,7,7,400.0,26,67,373.0,2,17,19,8,21,10,8,4,-38,128,120,109,27,150.81674382716045,17.511188271604937,13.613040123456791,21.069444444444443,229.35378086419752,238.15586419753086,152.23611111111114,20.90277777777778,10
119,Day'Ron Sharpe,Brooklyn Nets,C,49,129,22,47,507.3,5,7,166.7,0,3,0.0,30,32,62,10,19,1,14,7,-16,121,111,59,72,63.84444444444444,203.625,10.469444444444443,0.025000000000000005,424.5,360.36944444444447,95.925,246.14444444444445,10
120,De'Aaron Fox,Sacramento Kings,PG,263,384,95,220,430.0,36,44,810.0,37,94,384.7,6,48,54,59,27,21,25,4,25,376,317,322,113,475.31111111111113,18.75679012345679,76.97901234567901,46.693827160493825,597.5308641975308,527.0086419753087,526.6975308641975,114.8716049382716,10
121,De'Andre Hunter,Atlanta Hawks,SF,156,339,55,133,378.7,25,34,640.4,21,67,294.2,5,47,52,21,24,5,21,1,-29,229,208,177,73,378.1959237343853,166.0,15.213017751479288,15.106180144641684,868.3990795529257,790.0420775805392,430.706771860618,207.0591715976331,10
122,De'Anthony Melton,Philadelphia 76ers,SG,31,64,10,32,130.5,4,4,200.0,7,21,145.0,1,8,9,9,5,6,1,1,2,49,40,40,18,149.25,5.0,5.0,9.3125,235.25,187.25,187.25,20.0,5
123,DeAndre Jordan,Denver Nuggets,C,36,95,16,28,411.8,4,4,200.0,0,0,0.0,12,27,39,7,11,1,4,3,-25,82,75,43,46,172.4770969660916,93.10707911957168,10.110053539559788,0.0,506.0,443.0368828078524,210.13146936347414,128.5258774538965,10
124,DeJon Jarreau,Memphis Grizzlies,F,43,150,17,50,308.3,5,11,250.0,4,13,141.7,8,36,44,26,14,6,9,2,-24,113,87,69,70,94.70304039983341,107.68887963348604,53.306122448979586,4.347355268638068,471.09412744689706,233.56059975010416,211.97417742607246,281.2573927530196,9
125,DeMar DeRozan,Chicago Bulls,SF,289,383,105,205,512.1,69,87,789.3,10,30,250.0,2,39,41,54,18,15,31,4,35,384,330,343,95,334.53494809688584,35.53979238754325,60.405536332179935,14.499653979238754,350.0,362.7349480968857,362.4809688581314,55.2643598615917,10
126,Dean Wade,Cleveland Cavaliers,PF,46,178,15,35,260.2,5,7,216.7,11,31,233.4,4,27,31,7,8,3,1,9,-23,84,77,53,38,468.50000000000006,35.125,6.125,31.525000000000006,718.8,714.725,466.12499999999994,47.699999999999996,10
127,Deandre Ayton,Portland Trail Blazers,C,212,329,100,186,522.8,12,15,263.9,0,7,0.0,30,81,111,16,13,10,18,7,-110,339,323,228,127,697.6386593204775,169.02708907254362,6.415518824609735,0.03673094582185492,1504.0206611570247,1418.0670339761248,757.2984389348026,201.7364554637282,10
128,Dejounte Murray,Atlanta Hawks,SG,232,371,93,214,436.7,17,24,583.4,29,87,332.4,11,46,57,79,24,12,33,4,-39,368,289,311,136,839.0390625,104.17656249999999,139.6640625,22.0390625,1379.1015625,1073.925,1049.0,339.05625,10
129,Delon Wright,Miami Heat,SG,52,202,18,47,423.8,8,10,300.0,8,23,358.3,3,16,19,28,9,13,2,1,64,99,71,80,47,97.71239669421489,11.337190082644629,24.12561983471074,6.343801652892561,152.57685950413224,106.7190082644628,143.15702479338842,35.87603305785124,10
130,Deni Avdija,Washington Wizards,SF,182,360,62,127,470.2,46,58,825.9,12,41,288.2,8,77,85,45,22,7,28,9,-6,312,267,227,130,496.31012110726647,126.0765570934256,71.05363321799308,8.33217993079585,1228.2560553633218,980.5207612456747,680.9139273356402,260.261678200692,10
131,Dennis Schroder,Brooklyn Nets,PG,158,333,57,139,411.8,25,26,787.5,19,54,394.5,12,40,52,64,22,5,17,5,25,274,210,222,116,562.628862590401,37.57955292570678,61.28468113083498,34.90236686390532,843.2215647600264,611.0059171597634,762.9247205785666,130.78402366863907,10
132,Dennis Smith Jr.,Brooklyn Nets,PG,58,167,21,46,487.1,8,11,383.3,8,22,348.3,5,13,18,28,22,16,11,0,3,104,76,86,46,78.47147022074135,17.85339441899209,40.0,4.21990837151187,181.54768846314036,139.3027905039567,112.87963348604748,65.69012911286964,10
133,Dereck II Lively,Dallas Mavericks,C,94,185,45,59,763.7,4,11,150.0,0,0,0.0,16,46,62,8,15,5,6,12,19,164,156,102,70,349.4128943758573,62.45610425240055,9.660493827160494,0.0,659.2345679012345,560.9444444444445,434.4478737997257,85.37174211248285,10
134,Derrick Jones Jr.,Dallas Mavericks,SF,74,237,26,67,393.6,12,17,433.3,10,32,251.9,10,18,28,13,16,6,9,10,52,115,102,87,41,181.24241522903034,17.610053539559786,15.316478286734085,6.786734086853064,182.99881023200476,208.6365258774539,162.18352171326592,26.347709696609158,10
135,Derrick Rose,Memphis Grizzlies,PG,49,95,20,37,377.7,5,6,266.7,4,8,233.3,0,15,15,21,3,1,9,0,-9,85,64,70,36,70.0,14.857142857142858,12.0,3.7142857142857144,188.85714285714286,116.85714285714286,128.0,40.857142857142854,7
136,Derrick White,Boston Celtics,PG,149,342,50,113,429.2,21,23,755.6,28,78,357.5,8,35,43,58,23,7,11,6,24,250,192,207,101,405.49173553719004,76.33471074380165,73.83884297520662,20.062901744719927,1006.9132231404959,707.2396694214876,670.5041322314049,184.83471074380162,10
137,Desmond Bane,Memphis Grizzlies,SG,93,165,30,80,183.4,19,21,366.7,14,40,172.9,2,14,16,34,14,5,13,2,-54,143,109,127,50,267.2,8.8,114.79999999999998,4.8,701.1999999999999,362.8,587.2,142.0,5
138,Devin Booker,Phoenix Suns,SG,267,373,88,182,446.6,65,71,921.2,26,74,280.6,6,26,32,70,30,9,36,5,19,369,299,337,102,1704.2,36.85951557093426,72.49965397923876,64.63391003460208,1645.260207612457,1654.7301038062283,1704.2525951557093,99.83667820069202,10
139,Devin Vassell,San Antonio Spurs,SG,193,373,77,163,440.2,18,21,691.7,21,61,312.3,0,33,33,47,16,12,18,1,-43,273,226,240,80,806.4410104810535,25.71969900564364,52.6495565708143,24.90217683418436,1079.5020155872078,846.0,1027.3222252082774,90.99005643644182,10
140,Devonte' Graham,San Antonio Spurs,PG,67,196,23,70,313.0,7,8,350.0,14,54,270.8,3,17,20,28,10,6,11,1,-5,115,87,95,48,309.03878116343486,12.3393351800554,41.61772853185596,14.522160664819943,551.1814404432133,365.3753462603878,481.0,67.80193905817174,10
141,Dillon Brooks,Houston Rockets,SF,117,315,42,109,361.0,14,17,319.0,19,57,356.79999999999995,8,25,33,15,39,9,11,3,-48,165,150,132,48,682.1597633136095,28.20444390774061,19.348025600772857,22.995652698949407,934.6326530612245,747.23656563217,853.1510687115083,63.95725153966912,10
142,Domantas Sabonis,Sacramento Kings,PF,166,352,63,130,472.4,38,59,647.5,2,9,66.7,42,94,136,74,31,11,36,7,-34,376,302,240,210,220.5,133.55127599243855,39.863894139886575,3.625,607.694943289225,458.07301512287336,314.45085066162574,229.08624763705106,10
143,Dominick Barlow,San Antonio Spurs,F,57,150,21,38,506.6,15,18,416.6,0,1,0.0,19,22,41,15,19,4,4,3,10,113,98,72,56,290.46020761245677,81.13667820069205,45.74567474048443,0.0,715.5397923875432,590.5,425.3581314878893,117.0242214532872,10
144,Donovan Mitchell,Cleveland Cavaliers,SG,198,347,65,161,386.6,34,40,723.8,34,86,378.3,4,34,38,52,20,16,29,7,-57,288,236,250,90,718.1676581936182,29.769605191995673,48.07679826933478,28.76365603028664,942.7733910221742,873.8377501352081,781.0070308274743,83.94267171444024,10
145,Donte DiVincenzo,New York Knicks,SG,192,392,67,147,456.7,16,18,555.0,42,103,406.4,4,37,41,30,20,15,16,5,8,263,233,222,71,338.9413739669422,18.913223140495866,18.104597107438014,36.30707644628099,428.00929752066116,374.07773760330576,392.7985537190083,37.09220041322314,10
146,Dorian Finney-Smith,Brooklyn Nets,PF,59,287,23,61,357.5,7,10,350.0,6,35,181.6,12,34,46,16,15,11,9,5,-50,121,105,75,62,170.87530233808116,38.64767535608708,6.6374630475678575,5.748454716474066,204.79252889008333,170.7446922870196,212.60816984681537,37.60010749798441,10
147,Doug McDermott,Indiana Pacers,SF,39,110,14,34,279.1,0,0,0.0,11,29,315.4,0,4,4,6,12,3,2,0,-3,49,43,45,10,183.46611177170038,3.1420927467300834,8.917954815695602,14.901902497027349,250.34542211652797,180.70451843043998,254.66706302021404,10.5,10
148,Draymond Green,Golden State Warriors,PF,85,303,35,61,500.5,5,9,225.0,10,23,261.4,13,62,75,64,33,20,26,7,60,224,160,149,139,360.1735537190083,49.441373966942145,100.59220041322314,24.516528925619838,572.9803719008264,314.104597107438,571.9000516528926,197.18285123966942,10
149,Drew Eubanks,Phoenix Suns,PF,38,159,14,30,408.3,10,12,355.0,0,0,0.0,16,33,49,10,16,3,5,8,-24,97,87,48,59,85.28420767982693,39.446727961060034,14.390751757706868,0.0,72.19091400757166,54.204705246078966,87.2752839372634,69.83261222282314,10
150,Drew Peterson,Boston Celtics,F,8,20,3,5,75.0,0,0,0.0,2,4,66.7,0,1,1,0,0,2,1,0,6,9,9,8,1,35.55555555555556,0.5555555555555556,0.0,2.2222222222222223,27.222222222222225,27.222222222222225,35.55555555555556,0.5555555555555556,2
151,Duncan Robinson,Miami Heat,F,100,267,35,88,343.1,8,9,350.0,22,70,236.3,3,26,29,19,26,7,17,2,-38,148,129,119,48,720.2032486463974,23.849645980841316,31.82465639316951,45.95251978342357,1095.765097875885,805.1599333610995,1000.8825489379426,65.60016659725115,10
152,Duop Reath,Portland Trail Blazers,C,71,168,28,76,355.4,8,10,275.0,7,34,211.7,11,27,38,9,17,2,2,5,-26,118,109,80,47,169.4143416235324,16.294659765181166,22.912132306526956,5.7090013887135465,282.108319656609,203.9824517106426,237.57858856205024,49.16841307915668,10
153,Dwight Powell,Dallas Mavericks,C,23,116,9,15,516.7,5,10,300.0,0,0,0.0,15,18,33,9,17,2,5,2,-31,65,56,32,42,43.611111111111114,87.6111111111111,14.0390625,0.0,313.48350694444446,218.44444444444446,78.15017361111111,162.1501736111111,10
154,Dylan Windler,Atlanta Hawks,G,28,67,10,18,163.8,0,0,0.0,8,16,142.1,3,7,10,3,3,2,2,0,-17,41,38,31,13,129.20444444444445,7.777777777777777,2.8844444444444446,12.777777777777777,190.2177777777778,172.76000000000002,138.44,18.884444444444444,4
155,Dylan Windler,Los Angeles Lakers,G,3,14,1,4,25.0,0,0,0.0,1,4,25.0,0,1,1,2,1,0,0,0,-7,6,4,5,3,17.335555555555555,3.2222222222222228,0.3755555555555556,1.3888888888888893,23.342222222222222,29.380000000000003,13.319999999999997,1.5755555555555558,2
156,Dyson Daniels,New Orleans Pelicans,G,81,250,33,62,517.2,3,5,200.0,12,27,403.3,12,36,48,29,22,18,10,7,-29,158,129,110,77,144.40625,49.6,39.20625,13.825,218.0,154.40625,150.4,146.40625,10
157,Emoni Bates,Cleveland Cavaliers,F,23,51,9,24,127.9,0,2,0.0,5,13,120.0,0,4,4,4,0,0,7,0,-22,31,27,27,8,52.9795918367347,7.959183673469388,6.75,4.0,119.81122448979592,81.34693877551018,78.87244897959184,27.28061224489796,3
158,Eric Gordon,Phoenix Suns,SG,57,214,21,65,314.7,4,5,266.7,11,47,198.3,0,8,8,10,6,12,6,3,22,75,65,67,18,194.17578748729858,6.959210335317173,12.810277253592682,13.732762374800405,207.5788938888082,202.00333865582814,197.84250254028157,21.67832776890695,10
159,Eugene Omoruyi,Washington Wizards,F,63,142,24,53,407.7,8,16,291.7,7,18,230.0,9,11,20,9,16,6,6,4,-72,92,83,72,29,342.344,22.324,10.936,17.396,418.1,356.836,409.82400000000007,27.044,10
160,Evan Fournier,Detroit Pistons,SG,77,224,29,80,315.2,11,14,350.0,8,42,171.7,1,17,18,16,15,8,6,5,-53,111,95,93,34,435.6647923875433,13.612456747404844,20.5121107266436,10.12629757785467,555.6717128027682,558.4987024221454,426.51254325259515,40.449826989619375,10
161,Evan Mobley,Cleveland Cavaliers,PF,160,303,61,107,573.3,29,37,730.1,9,20,400.0,18,51,69,35,21,10,14,13,1,264,229,195,104,258.14076414823325,84.05314564780235,28.517954610744038,4.903476012640047,416.53605285837403,398.20080436656133,282.7592645791439,106.28784831944843,10
162,Frank Ntilikina,Charlotte Hornets,PG,5,39,1,8,50.0,2,2,100.0,1,7,50.0,1,4,5,3,4,0,0,0,0,13,10,8,8,19.0,7.0,6.84,0.7600000000000002,24.439999999999998,14.0,18.64,24.640000000000004,4
163,Franz Wagner,Orlando Magic,SF,185,309,68,138,495.0,41,49,844.4,8,38,195.0,12,32,44,28,22,9,9,3,10,257,229,213,72,170.11128744296767,22.666931164451498,20.345169609204522,7.848839515969054,214.91747669113272,221.46657409244196,194.25014878000394,12.324142035310457,10
164,Fred VanVleet,Houston Rockets,PG,208,376,71,171,428.4,33,39,715.0,33,88,351.0,8,34,42,70,39,23,15,6,-13,320,250,278,112,1151.8109410430839,48.54336734693878,54.18594104308391,62.14767573696146,1440.4183673469388,1471.1621315192745,1154.625,69.17148526077098,10
165,Furkan Korkmaz,Philadelphia 76ers,SG,41,116,13,29,278.6,7,10,241.7,8,18,258.3,3,12,15,12,6,3,2,2,22,68,56,53,27,292.875,14.875,10.0,20.0,404.0,340.0,363.875,17.875,8
166,GG Jackson,Memphis Grizzlies,F,158,316,56,142,389.2,22,29,700.0,24,72,329.7,4,38,42,22,15,9,17,3,-68,222,200,180,64,389.7222823147647,85.23742563547864,16.528123309897243,26.77257977285019,332.1990265008112,373.3772309356409,363.809626825311,86.5,10
167,Gabe Vincent,Los Angeles Lakers,PG,7,76,3,15,65.0,0,0,0.0,1,10,25.0,2,2,4,5,5,3,3,0,21,16,11,12,9,19.782006920415228,0.8027681660899655,2.0,0.833910034602076,23.30449826989619,23.30449826989619,21.782006920415228,0.8027681660899654,5
168,Garrett Temple,Toronto Raptors,SF,50,193,18,53,402.4,7,10,300.0,7,27,253.3,13,18,31,18,22,7,9,3,-92,99,81,68,49,140.00493827160494,31.34567901234568,34.5679012345679,8.249382716049384,241.8641975308642,215.4444444444444,136.7111111111111,95.62716049382716,10
169,Garrison Mathews,Atlanta Hawks,SG,77,196,27,59,476.09999999999997,4,5,200.0,19,48,438.3,3,12,15,7,12,4,3,1,-41,99,92,84,22,174.31626297577856,12.500346020761244,14.523875432525951,11.116262975778547,262.9418685121107,229.7993079584775,198.43460207612458,36.048442906574394,10
170,Gary Harris,Orlando Magic,SG,54,271,19,49,370.9,3,3,200.0,13,36,361.6,5,14,19,15,16,10,8,1,1,88,73,69,34,206.96952908587258,24.922437673130194,30.839335180055404,12.173899661434287,446.1385041551247,319.4598337950138,308.8227146814404,80.58725761772853,10
171,Gary Payton II,Golden State Warriors,SG,67,174,30,45,679.0,3,5,200.0,4,11,216.7,6,17,23,14,22,9,6,7,46,104,90,81,37,148.40532544378698,44.852728468113085,38.68639053254438,4.405325443786982,204.00164365548983,142.06476002629847,133.81360946745562,160.06771860618016,10
172,Gary Trent Jr.,Toronto Raptors,SG,200,317,75,175,428.6,26,29,633.3,24,75,319.1,6,30,36,28,17,15,8,0,-65,264,236,228,64,462.0,34.426638917793966,27.879292403746096,37.569198751300725,671.7793964620188,601.4588969823101,519.4276795005202,75.19875130072842,10
173,Georges Niang,Cleveland Cavaliers,SF,94,213,36,76,431.1,3,4,150.0,19,48,353.8,1,21,22,8,23,7,7,2,-12,124,116,102,30,522.7314764737696,30.435100054083286,6.528123309897241,34.91752298539751,409.89426717144397,434.7193077339102,486.86965927528394,48.0,10
174,Giannis Antetokounmpo,Milwaukee Bucks,PF,282,365,114,193,601.8,53,86,543.3,1,11,50.0,40,95,135,72,29,9,37,16,18,489,417,354,207,457.31103515625,205.884765625,50.06494140625,1.42041015625,1149.837890625,1028.18212890625,528.7890625,306.12744140625,10
175,Goga Bitadze,Orlando Magic,C,32,108,13,25,496.7,6,8,350.0,0,3,0.0,11,15,26,9,13,4,11,9,-36,67,58,41,35,54.977777777777774,67.77777777777777,10.777777777777777,0.0,265.9777777777778,197.11111111111111,89.4,113.0,10
176,Gordon Hayward,Oklahoma City Thunder,SF,60,165,22,46,413.8,9,14,216.7,7,13,266.7,4,13,17,12,3,7,5,1,-27,89,77,72,29,308.41167821886154,26.617727368199958,12.221382062591893,10.194286914513757,317.6502835538752,336.10607015332914,269.62150808653644,59.173492963663094,10
177,Gradey Dick,Toronto Raptors,G,142,305,54,124,437.7,13,16,346.4,21,58,352.9,4,26,30,5,15,6,11,0,-105,177,172,147,35,296.6942148760331,50.3794906392309,9.839939281497724,24.90082644628099,318.0740428402766,374.457412717153,256.56248945859335,43.96778546129195,10
178,Grant Williams,Charlotte Hornets,PF,151,318,57,103,554.7,19,27,691.7,18,40,540.3,13,41,54,49,36,6,15,4,-66,254,205,200,103,250.66402428740093,40.44257041659639,91.30898971158712,3.82695226851071,376.8402766065105,304.2406813965256,270.3417102378142,184.67346938775506,10
179,Grayson Allen,Phoenix Suns,SG,119,317,42,100,436.6,16,20,379.2,19,62,264.0,8,38,46,25,17,10,12,3,67,190,165,144,71,313.04567474048446,58.24775086505189,27.236678200692044,29.975778546712803,511.0643598615917,429.0955017301038,403.5404844290657,76.95847750865052,10
180,Gui Santos,Golden State Warriors,F,41,117,14,26,422.5,8,9,350.0,5,10,300.0,9,21,30,10,16,2,5,2,-7,81,71,51,40,175.88979591836733,136.31836734693877,15.600000000000001,4.6000000000000005,637.7999999999998,561.8000000000001,201.20408163265304,202.60408163265308,10
181,Harrison Barnes,Sacramento Kings,SF,113,273,39,96,336.5,21,26,480.0,14,45,244.7,12,26,38,16,6,6,7,1,-4,167,151,129,54,635.2762287334593,48.258034026465026,19.55009451795841,21.550094517958414,1010.3272684310019,831.6297258979206,781.8338846880907,99.94801512287336,10
182,Harry III Giles,Brooklyn Nets,F,8,8,3,6,50.0,1,2,50.0,1,1,100.0,2,2,4,2,3,0,0,0,-12,14,12,10,6,49.0,11.430839002267573,3.4489795918367347,0.8185941043083901,149.7709750566893,107.76417233560092,78.44897959183675,27.43764172335601,1
183,Harry III Giles,Los Angeles Lakers,F,2,10,1,4,100.0,0,0,0.0,0,2,0.0,0,1,1,0,0,1,0,0,-15,3,3,2,1,2.0,0.528344671201814,0.04081632653061224,0.018140589569160995,4.63718820861678,4.528344671201814,2.0408163265306123,0.6371882086167799,2
184,Haywood Highsmith,Miami Heat,F,87,261,35,66,473.6,1,6,33.3,16,37,342.8,17,38,55,12,20,8,7,5,62,154,142,99,67,378.0005948839976,102.27781082688875,7.60291493158834,22.659131469363473,634.6189767995241,600.9565734681737,391.2340868530637,130.30963712076147,10
185,Henri Drell,Chicago Bulls,F,9,23,3,7,42.9,1,2,50.0,2,4,50.0,0,2,2,1,5,2,1,1,7,12,11,10,3,49.0,1.3313609467455618,0.0059171597633136015,2.863905325443787,65.23668639053254,66.48520710059171,47.92899408284024,1.1597633136094674,1
186,Herbert Jones,New Orleans Pelicans,SF,104,359,33,82,362.3,25,26,750.0,13,41,284.4,6,29,35,33,32,19,13,5,13,172,139,137,68,220.41638321995464,30.569444444444446,16.736961451247165,12.186224489795919,318.4716553287982,268.9183673469388,246.54903628117916,70.72704081632652,10
187,Hunter Tyson,Denver Nuggets,F,0,7,0,3,0.0,0,0,0.0,0,3,0.0,0,1,1,0,1,0,2,0,-1,1,1,0,1,4.134444444444444,0.7511111111111112,0.027777777777777776,0.13444444444444442,1.7777777777777781,1.3611111111111107,4.840000000000001,0.48999999999999994,1
188,I. Thomas,Phoenix Suns,G,5,8,2,4,50.0,0,0,0.0,1,2,50.0,0,0,0,1,0,0,0,0,1,6,5,6,1,15.311909262759924,0.0,0.3194706994328923,0.612476370510397,20.05482041587901,15.311909262759924,20.05482041587901,0.3194706994328923,1
189,Ibou Badji,Portland Trail Blazers,C,10,41,4,5,250.0,2,4,100.0,0,0,0.0,2,4,6,4,8,0,5,3,-33,20,16,14,10,15.650969529085874,6.0,4.171745152354571,0.0,37.529085872576175,34.80886426592798,21.42382271468144,7.119113573407203,4
190,Immanuel Quickley,Toronto Raptors,SG,215,338,66,155,420.6,58,66,782.2,25,74,329.5,3,48,51,75,24,11,28,2,-66,341,266,290,126,595.622000905387,77.02716161158895,76.82707107288365,14.754640108646445,1207.8501584427343,832.698053417836,896.181982797646,228.44635581711182,10
191,Isaac Okoro,Cleveland Cavaliers,SF,74,270,26,57,463.8,12,19,408.3,10,28,309.5,6,15,21,14,15,4,6,2,-19,109,95,88,35,141.77940884745092,24.67347748462607,42.54671692124579,12.507835746875621,393.5169609204523,266.7563975401706,250.31977782186075,85.4403888117437,10
192,Isaiah Hartenstein,New York Knicks,C,108,263,43,60,770.6,22,34,538.1,0,0,0.0,28,43,71,40,27,16,18,10,80,219,179,148,111,191.71803078798962,145.0,63.5116598079561,0.0,547.295076969974,509.1624752324341,194.5172991921963,243.84499314128942,10
193,Isaiah Jackson,Indiana Pacers,SF,67,150,27,41,707.2,13,17,575.0,0,0,0.0,27,23,50,11,20,7,5,11,42,128,117,78,61,108.14444444444445,151.625,31.800000000000004,0.0,633.4027777777778,457.10277777777776,186.94444444444446,280.92499999999995,10
194,Isaiah Joe,Oklahoma City Thunder,SG,102,218,35,71,494.3,8,9,375.0,24,50,473.6,5,24,29,24,10,7,8,4,33,155,131,126,53,243.86803677663602,12.334505137912384,61.66468361276365,16.393726338561386,498.5324499729584,314.29989183342343,410.796106003245,91.30367766360195,10
195,Isaiah Mobley,Cleveland Cavaliers,F,16,48,7,15,120.8,0,1,0.0,2,7,58.3,2,5,7,2,2,1,1,0,-10,25,23,18,9,97.61245674740483,17.197231833910035,1.5709342560553632,1.5709342560553632,170.7750865051903,163.01038062283735,101.15570934256056,22.989619377162633,3
196,Isaiah Stewart,Detroit Pistons,C,106,319,40,71,587.7,10,12,516.7,16,38,409.0,10,48,58,12,11,4,10,10,-48,176,164,118,70,131.47520661157026,49.603305785123965,9.603305785123966,12.764462809917354,245.47520661157023,193.27685950413223,178.88016528925618,64.0,10
197,Ish Smith,Charlotte Hornets,PG,18,181,8,34,236.0,0,0,0.0,2,2,200.0,1,19,20,41,16,5,6,1,-90,79,38,59,61,54.36000000000001,24.0,78.09,1.5600000000000003,170.49,69.16000000000001,134.09,123.69,9
198,Ish Wainright,Phoenix Suns,F,3,11,1,6,16.7,0,0,0.0,1,4,25.0,3,2,5,1,1,1,1,0,-3,9,8,4,6,7.006920415224913,19.463667820069208,0.7785467128027681,0.7785467128027681,63.062283737024224,49.82698961937716,12.45674740484429,28.027681660899653,1
199,Ivica Zubac,LA Clippers,C,135,272,57,93,649.1,21,24,550.0,0,0,0.0,26,72,98,14,23,4,9,12,-5,247,233,149,112,221.5267697798929,144.82956573468175,8.477096966091612,0.0,565.8268887566925,528.4741225461036,220.27751338488997,191.90868530636527,10
200,JD Davison,Boston Celtics,SG,8,27,3,9,42.9,1,2,50.0,1,4,33.3,1,6,7,9,3,1,2,1,15,24,15,17,16,21.23966942148761,12.107438016528926,26.884297520661153,0.5371900826446281,152.99173553719007,51.611570247933884,91.7768595041322,69.83471074380164,2
201,JT Thor,Charlotte Hornets,F,53,151,22,34,504.4,3,5,200.0,6,16,200.0,2,24,26,10,13,3,2,6,6,89,79,63,36,368.0838287752676,87.75326991676576,16.5,11.5653983353151,985.3442330558859,795.2925089179548,503.48038049940544,158.90844233055884,10
202,JaVale McGee,Sacramento Kings,C,23,49,11,19,355.0,0,3,0.0,1,2,100.0,5,10,15,1,6,2,1,0,-4,39,38,24,16,84.69084423305588,15.596908442330559,0.8953626634958384,0.8953626634958384,143.0975029726516,144.2259215219976,87.20095124851368,12.85374554102259,7
203,Jabari Smith Jr.,Houston Rockets,PF,165,343,57,117,489.3,25,32,683.3,26,62,432.2,10,48,58,23,24,4,10,13,-63,246,223,188,81,454.8095514588474,56.34112353026565,21.430541442879953,17.059079692263026,591.5305559587749,524.5967484395412,511.3345913775585,88.18043257366817,10
204,Jabari Walker,Portland Trail Blazers,F,102,313,35,94,399.4,24,33,570.9,8,24,283.3,28,77,105,14,26,2,8,1,-100,221,207,116,119,266.44444444444446,426.2534674592288,24.53467459228776,7.746380124980949,1260.7655845145555,1141.9654016156073,366.6169791190367,469.41579027587255,10
205,Jack White,Memphis Grizzlies,F,6,55,2,12,28.6,0,0,0.0,2,8,40.0,3,7,10,1,3,4,2,1,-28,17,16,7,11,25.586776859504134,2.8429752066115705,0.6694214876033058,2.8429752066115697,9.462809917355372,11.371900826446282,22.388429752066116,4.801652892561983,3
206,Jacob Gilyard,Brooklyn Nets,G,0,34,0,6,0.0,0,0,0.0,0,6,0.0,1,2,3,3,4,2,1,0,-23,6,3,3,6,33.0309917355372,6.006198347107439,10.950413223140494,3.0,89.0,38.132231404958674,78.36983471074382,22.485537190082646,3
207,Jacob Gilyard,Memphis Grizzlies,G,61,171,21,45,298.5,1,1,100.0,18,39,281.8,1,11,12,34,8,8,11,2,-52,107,73,95,46,377.2541322314049,11.46900826446281,36.61157024793389,33.0,694.0,472.97520661157023,578.1962809917354,68.16322314049587,7
208,Jacob Toppin,New York Knicks,F,13,29,5,9,107.1,2,2,100.0,1,4,33.3,3,3,6,1,3,0,1,0,-18,20,19,14,7,78.05555555555556,8.722222222222221,0.5555555555555556,0.7222222222222223,130.22222222222223,136.55555555555554,72.5,8.5,2
209,Jaden Hardy,Dallas Mavericks,G,69,131,25,59,410.3,11,13,333.3,8,22,206.6,5,18,23,18,14,3,13,0,-24,110,92,87,41,427.6014504975544,40.867768595041326,33.6191600607185,7.635688986338338,807.8036768426379,686.6793725754766,531.1106426041491,92.10204081632652,10
210,Jaden Ivey,Detroit Pistons,PG,161,306,56,150,373.2,24,35,604.9,25,63,361.3,8,26,34,50,19,8,25,3,-62,245,195,211,84,525.6471111111111,26.656,44.83377777777779,40.74044444444444,603.5884444444445,584.6284444444444,539.9617777777778,76.13511111111112,10
211,Jaden McDaniels,Minnesota Timberwolves,PF,107,291,44,87,501.7,9,10,550.0,10,36,217.89999999999998,6,29,35,18,25,9,8,6,11,160,142,125,53,177.8827160493827,15.68641975308642,11.382716049382717,12.31604938271605,189.18641975308643,199.4777777777778,166.5,28.160493827160494,10
212,Jaden Springer,Boston Celtics,G,60,180,22,48,465.0,14,15,575.0,2,15,150.0,12,19,31,17,19,15,9,5,17,108,91,77,48,213.65625,57.83767361111112,38.35069444444444,1.6293402777777777,734.6015625,472.1918402777778,390.7777777777778,181.4765625,10
213,Jae Crowder,Milwaukee Bucks,PF,51,200,17,54,313.8,8,10,230.0,9,33,235.0,9,19,28,9,6,4,3,2,-17,88,79,60,37,131.41731112433075,15.600535395597857,9.844437834622248,5.24360499702558,154.2465794170137,163.24152290303394,120.86734086853062,27.0,10
214,Jae'Sean Tate,Houston Rockets,SF,39,131,17,32,440.5,3,5,150.0,2,7,133.3,8,19,27,7,15,5,14,5,6,73,66,46,34,92.96667562483202,21.52512765385649,6.129266326256383,1.6001074979844128,191.7621607094867,145.35608707336738,121.80596613813492,45.221177102929325,10
215,Jahmi'us Ramsey,Toronto Raptors,SG,47,120,18,41,306.3,5,6,175.0,6,22,183.3,4,18,22,8,10,7,7,0,-28,77,69,55,30,69.3801652892562,36.066115702479344,3.072314049586777,3.402892561983472,97.25413223140495,108.65289256198346,77.28719008264463,19.832644628099175,7
216,Jaime Jr. Jaquez,Miami Heat,G,104,291,39,86,430.4,18,25,616.7,8,25,244.89999999999998,9,40,49,27,20,12,9,3,3,180,153,131,76,399.9229968782518,41.14984391259105,22.292403746097815,7.839750260145682,373.75650364203955,369.74921956295526,390.9687825182102,76.40374609781477,10
217,Jake LaRavia,Memphis Grizzlies,F,158,313,46,112,390.7,39,46,673.9,27,62,402.9,16,25,41,24,19,10,22,5,18,223,199,182,65,822.2777777777777,31.460973370064284,23.26400367309458,66.19375573921029,1164.8842975206612,1028.2337006427915,964.7033976124887,48.949954086317724,10
218,Jakob Poeltl,Toronto Raptors,C,122,251,55,101,543.9,12,20,491.7,0,0,0.0,39,53,92,31,28,10,11,19,35,245,214,153,123,161.8469387755102,127.67346938775509,30.387755102040813,0.0,516.704081632653,398.98979591836735,256.6224489795918,181.0,10
219,Jalen Brunson,New York Knicks,PG,367,372,131,266,486.6,73,86,837.5,32,80,365.59999999999997,4,29,33,79,19,9,22,0,102,479,400,446,112,1247.307193077339,30.119524067063278,84.3842617631152,44.0,1370.4740400216333,1398.1471065440778,1236.2696051919954,97.86830719307734,10
220,Jalen Duren,Detroit Pistons,C,124,254,46,88,476.9,32,37,802.3,0,1,0.0,21,75,96,14,23,8,22,5,-68,234,220,138,110,327.6291257243638,192.8989669942051,16.790123456790123,0.0,984.3456790123457,904.0,376.7755102040817,240.8883849836231,10
221,Jalen Green,Houston Rockets,SG,207,350,73,174,389.09999999999997,33,42,744.6,28,86,298.7,7,55,62,50,21,11,36,3,-63,319,269,257,112,1142.8316628426521,65.60391257094554,56.94626252868011,41.01775147928994,1863.2296824055068,1663.1714768747738,1317.168095640623,148.2719478323874,10
222,Jalen HoodSchifino,Los Angeles Lakers,G,5,11,1,6,33.3,2,4,100.0,1,3,50.0,0,2,2,0,1,0,1,0,-13,7,7,5,2,9.0,0.9799999999999999,0.020000000000000004,0.8200000000000001,13.32,14.180000000000001,8.42,0.72,2
223,Jalen Johnson,Atlanta Hawks,SF,177,316,70,142,520.2,19,26,379.0,18,43,494.9,12,75,87,49,16,13,20,5,21,313,264,226,136,616.676,158.356,67.604,11.636,1274.2440000000001,838.0,943.1840000000001,335.69599999999997,10
224,Jalen McDaniels,Toronto Raptors,PF,45,155,18,52,261.5,9,11,425.0,0,10,0.0,5,14,19,14,14,2,8,2,-104,78,64,59,33,138.75537190082645,54.966942148760324,25.246280991735535,0.029752066115702476,439.1404958677686,338.0165289256198,210.60330578512395,109.4892561983471,10
225,Jalen Pickett,Denver Nuggets,G,2,7,1,3,33.3,0,0,0.0,0,2,0.0,0,0,0,2,0,0,0,0,-1,4,2,4,2,0.8824609733700643,0.155188246097337,1.061524334251607,0.05876951331496787,2.483011937557392,0.29752066115702475,3.879706152433425,0.40495867768595056,1
226,Jalen Slawson,Sacramento Kings,F,2,8,1,2,50.0,0,0,0.0,0,1,0.0,1,1,2,0,2,1,0,0,3,4,4,2,2,2.7296786389413987,2.449905482041588,0.0,0.0,10.351606805293006,10.351606805293006,2.7296786389413987,2.449905482041588,1
227,Jalen Smith,Indiana Pacers,PF,80,146,32,63,475.8,11,14,227.4,5,17,283.3,23,31,54,8,15,5,6,7,14,142,134,88,62,217.3795918367347,78.40816326530613,7.6020408163265305,5.4,497.31632653061223,486.0,231.08775510204083,83.61836734693877,10
228,Jalen Suggs,Orlando Magic,SG,142,288,50,93,539.1,24,31,716.7,18,43,388.3,6,18,24,35,24,14,12,10,23,201,166,177,59,320.3794906392309,12.429752066115702,36.85461291954798,12.053634677011301,400.0612244897959,354.311013661663,376.33513240006744,39.07893405296003,10
229,Jalen Williams,Oklahoma City Thunder,F,192,311,80,147,545.8,22,28,666.7,10,34,213.3,6,32,38,48,17,16,20,9,70,278,230,240,86,428.22733584606226,28.40944257091847,53.60960126958936,13.239833366395557,626.3594524895854,368.06903392184097,689.1414401904384,79.3953580638762,10
230,Jalen Wilson,Brooklyn Nets,F,53,188,19,46,530.2,9,14,350.0,6,21,250.0,11,29,40,7,12,4,5,3,5,100,93,60,47,139.085262345679,62.26736111111111,11.085262345679011,4.4521604938271615,320.2673611111111,270.3225308641975,180.0,82.38271604938271,10
231,Jamal Cain,Miami Heat,F,12,37,3,9,125.0,4,4,200.0,2,4,150.0,2,3,5,6,5,1,3,1,11,23,17,18,11,13.304601899196493,4.468224981738494,7.051862673484296,1.0883856829802778,46.40832724616507,26.85829072315558,34.09934258582907,10.27538349159971,4
232,Jamal Murray,Denver Nuggets,PG,218,310,83,173,478.8,27,32,790.0,25,57,467.2,8,37,45,67,16,15,20,8,69,330,263,285,112,393.2303310786757,48.50800996796013,74.33357066571733,16.500889996440016,443.4211463154147,417.96689213243144,389.5980776076896,151.92808828764686,10
233,Jamaree Bouyea,San Antonio Spurs,G,2,12,1,1,100.0,0,0,0.0,0,0,0.0,0,1,1,1,0,1,0,0,-4,4,3,3,2,1.234567901234568,0.308641975308642,0.308641975308642,0.0,0.0,0.30864197530864174,0.30864197530864174,1.234567901234568,1
234,James Bouknight,Charlotte Hornets,SG,10,13,4,10,83.3,0,0,0.0,2,7,58.3,0,0,0,0,0,1,1,0,13,10,10,10,0,18.0,0.0,0.0,0.72,18.0,18.0,18.0,0.0,2
235,James Harden,LA Clippers,SG,121,318,36,105,339.6,35,41,832.4,14,61,194.89999999999998,5,47,52,90,9,11,22,2,-38,263,173,211,142,372.86686390532543,66.21860618014463,150.27777777777777,22.082840236686387,803.0917159763314,542.241288625904,564.888231426693,285.32544378698225,10
236,James Johnson,Indiana Pacers,PF,4,12,1,4,33.3,2,2,100.0,0,1,0.0,0,0,0,2,3,0,1,1,-2,6,4,6,2,1.2800000000000002,0.0,0.32000000000000006,0.0,2.88,1.2800000000000002,2.88,0.32000000000000006,2
237,James Wiseman,Detroit Pistons,C,68,230,27,54,416.1,14,18,287.5,0,0,0.0,14,48,62,9,24,1,15,6,-78,139,130,77,71,242.30044444444445,88.05511111111112,9.224,0.0,595.0000000000001,539.5840000000001,278.54844444444444,116.44711111111111,10
238,Jamie Jr. Jaquez,Miami Heat,G,87,204,32,59,534.8,15,16,566.7,8,19,366.7,6,22,28,28,18,8,11,6,122,143,115,115,56,289.6373924852874,13.566319601629699,72.33952014486194,7.611588954277954,687.4599366229064,330.30466274332275,615.0,117.6985061113626,10
239,Jarace Walker,Indiana Pacers,F,38,147,14,37,382.2,2,2,100.0,8,19,300.0,4,25,29,19,11,5,6,5,26,86,67,57,48,134.57941701368233,54.829863176680554,60.5990481856038,9.085068411659728,527.402736466389,321.3355145746579,273.8078524687686,182.26769779892922,10
240,Jared Butler,Washington Wizards,SG,96,215,37,69,511.8,12,14,450.0,10,25,386.7,3,23,26,43,23,12,17,3,-17,165,122,139,69,373.91859567901236,18.687114197530864,72.11304012345678,11.111111111111112,569.0173611111111,340.4753086419753,625.9382716049382,67.32253086419753,10
241,Jared Rhoden,Detroit Pistons,G,54,182,22,44,450.8,3,6,150.0,7,19,333.3,1,23,24,9,20,3,5,13,-40,87,78,63,33,108.45872899926954,20.64572680788897,8.938641344046749,4.1263696128561,186.04601899196496,206.34477720964207,99.16508400292184,18.579254930606282,10
242,Jaren Jackson Jr.,Memphis Grizzlies,PF,223,328,81,183,426.2,46,59,770.4,15,49,319.6,15,33,48,34,37,17,27,17,-129,305,271,257,82,1094.8353151010701,51.54815695600475,26.404280618311535,10.5,1277.910225921522,1216.8281807372177,1154.5,79.36979785969085,10
243,Jarred Vanderbilt,Los Angeles Lakers,PF,68,142,26,42,412.7,13,17,375.0,3,5,166.7,12,22,34,12,8,16,11,2,23,114,102,80,46,111.33333333333334,59.333333333333336,18.0,3.5,362.0,274.0,157.33333333333334,119.33333333333334,6
244,Jarrett Allen,Cleveland Cavaliers,C,185,321,82,122,684.7,21,30,620.8,0,1,0.0,28,64,92,29,14,6,13,5,-11,306,277,214,121,255.69740400216332,98.79826933477557,19.408869659275283,0.0,426.8093564088697,357.9310438074635,305.3588426176311,137.4240129799892,10
245,Jason Preston,Utah Jazz,G,12,66,6,19,133.29999999999998,0,0,0.0,0,3,0.0,5,11,16,16,3,1,1,1,16,44,28,28,32,21.189349112426036,25.87721893491124,20.988165680473372,0.0,153.25,72.62278106508876,77.55029585798816,71.13165680473372,5
246,Javon Freeman-Liberty,Toronto Raptors,G,88,218,32,71,407.0,16,17,650.0,8,25,225.0,11,31,42,20,15,6,17,2,-132,150,130,108,62,412.8916957807041,50.92448266595001,32.17199677506047,8.358505778016662,785.2872883633431,679.6323568933083,521.5920451491535,80.05106154259607,10
247,Javonte Green,Chicago Bulls,G,108,217,44,72,547.7,10,13,375.0,10,26,379.6,19,45,64,5,16,10,7,8,33,177,172,113,69,501.0625,113.3759765625,2.22265625,7.0,870.3447265625,873.2978515625,497.19140625,116.5166015625,9
248,Jaxson Hayes,Los Angeles Lakers,C,68,174,29,37,801.2,10,15,460.0,0,0,0.0,16,29,45,8,23,8,12,6,-39,121,113,76,53,317.6190006574622,82.4000657462196,7.8951347797501645,0.0,667.3862590401052,681.6390532544378,314.8639053254438,78.7975016436555,10
249,Jay Huff,Denver Nuggets,C,3,5,1,2,50.0,0,0,0.0,1,2,50.0,0,0,0,0,2,0,0,0,-3,3,3,3,0,4.86259040105194,0.12886259040105194,0.010519395134779749,0.8520710059171599,3.040105193951348,3.4082840236686396,4.42077580539119,0.21301775147928997,1
250,Jaylen Brown,Boston Celtics,SG,222,339,87,180,479.9,28,40,585.5,20,57,354.4,14,40,54,26,26,17,29,8,11,302,276,248,80,385.1720529393659,72.85811018775007,30.293013234841492,14.049245921822099,416.6826715912588,434.1551246537397,336.63711911357336,134.21360418590336,10
251,Jaylen Nowell,Detroit Pistons,SG,26,49,11,19,168.1,2,4,50.0,2,4,66.7,3,5,8,3,2,1,1,2,-15,37,34,29,11,67.0,4.67,2.0300000000000002,2.6799999999999997,105.32,105.07,69.23,4.72,3
252,Jaylin Williams,Oklahoma City Thunder,F,61,163,21,44,550.0,10,13,258.3,9,25,423.3,7,32,39,34,16,4,10,6,-13,134,100,95,73,76.45151695419392,65.67311124330756,123.20761451516955,7.042831647828674,401.4708506841166,194.51070791195716,234.318262938727,237.9741225461035,10
253,Jayson Tatum,Boston Celtics,SF,254,361,84,185,450.4,61,71,698.1,25,71,348.3,11,61,72,50,16,11,26,7,8,376,326,304,122,361.5715976331361,90.0639053254438,14.766863905325444,16.00828402366864,589.628402366864,616.0000000000001,360.007100591716,80.02366863905326,10
254,Jeenathan Williams,Houston Rockets,G,18,36,9,15,283.4,0,2,0.0,0,0,0.0,3,5,8,1,5,1,0,0,14,27,26,19,9,51.07438016528925,7.4323347107438025,0.8083677685950414,0.0,80.22314049586777,84.8125,49.411673553719005,5.314049586776861,5
255,Jeff Dowtin,Philadelphia 76ers,G,50,133,19,34,374.2,3,4,200.0,9,18,283.4,3,15,18,26,1,6,5,1,27,94,68,76,44,224.01040582726327,28.139438085327782,46.426638917793966,8.937565036420395,522.853277835588,314.2996878251821,420.40374609781475,86.72632674297607,10
256,Jeff Green,Houston Rockets,PF,74,171,24,61,379.6,15,17,575.0,11,39,252.5,8,19,27,13,7,4,1,0,-23,114,101,87,40,83.89395278373944,38.195556116651936,14.870218406766822,9.150991036485292,204.8274207802045,183.24517106425958,104.21878550688045,54.32319151622271,10
257,Jerami Grant,Portland Trail Blazers,SF,169,342,56,142,386.6,38,46,711.3,19,49,402.0,6,19,25,35,18,14,28,2,-77,229,194,204,60,473.98961937716257,45.9204152249135,32.71626297577855,5.083044982698962,888.6262975778548,739.6678200692041,583.0934256055364,118.49134948096886,10
258,Jeremiah Robinson-Earl,New Orleans Pelicans,F,31,111,12,31,302.9,4,7,80.0,3,15,150.0,10,16,26,11,7,3,5,1,37,68,57,42,37,97.61872552509789,48.890708437166246,32.09220363118548,2.4489142043431826,303.90103239587035,200.51797792808827,163.88892844428622,118.09576361694553,10
259,Jeremy Sochan,San Antonio Spurs,F,126,301,51,121,422.6,14,19,516.7,10,44,192.79999999999998,21,59,80,33,16,14,20,10,-20,239,206,159,113,549.0972944849116,204.3746097814776,41.58480749219564,10.166493236212277,1143.8839750260145,1165.4823100936524,519.2138397502601,254.24453694068677,10
260,Jericho Sims,New York Knicks,C,13,151,5,10,266.7,3,4,150.0,0,0,0.0,15,24,39,5,13,4,5,4,13,57,52,18,44,24.85332729741965,81.70076957899502,4.754640108646447,0.0,178.32820280669986,163.60072430964237,33.483929379809865,92.55228610230874,10
261,Jerome Robinson,Golden State Warriors,SG,10,17,4,10,40.0,1,2,50.0,1,6,16.7,0,0,0,1,1,0,0,1,-2,11,10,11,1,77.44000000000001,0.1111111111111111,0.7511111111111112,0.8711111111111112,87.11111111111113,71.68444444444445,93.44444444444443,0.28444444444444444,1
262,Jett Howard,Orlando Magic,G,3,11,1,5,25.0,0,0,0.0,1,5,25.0,0,0,0,1,1,1,0,0,-1,4,3,4,1,4.512465373961219,0.08864265927977838,0.5013850415512466,0.5013850415512466,8.022160664819944,4.534626038781163,8.022160664819946,0.5678670360110804,2
263,Jevon Carter,Chicago Bulls,PG,56,158,22,56,313.0,0,0,0.0,12,38,281.7,4,9,13,21,8,5,6,3,40,90,69,77,34,360.8802068371158,10.56334386670497,122.1870152255099,14.147084171215166,928.6555587474862,422.2507900028727,834.7546681987934,165.2806664751508,10
264,Jimmy Butler,Miami Heat,SF,177,340,55,112,515.7,56,64,779.7,11,27,358.2,12,38,50,57,9,8,16,0,61,284,227,234,107,335.67128027681656,28.034602076124568,44.62629757785467,4.901384083044983,587.0242214532873,467.5121107266436,425.4532871972319,102.39100346020763,10
265,Jock Landale,Houston Rockets,C,92,223,37,64,595.0,16,22,633.3,2,9,150.0,16,21,37,18,19,8,7,6,16,147,129,110,55,224.11206270866597,43.308317607780516,19.60371606909566,1.6423283495427494,326.67484395412976,239.3861228044709,316.3225431847874,57.99027435041371,10
266,Joe Harris,Detroit Pistons,SF,2,12,1,3,33.3,0,0,0.0,0,1,0.0,0,0,0,0,1,0,0,0,-5,2,2,2,0,0.0,0.0,0.0,0.0,0.0,0.0,0.0,0.0,1
267,Joe Ingles,Orlando Magic,SG,44,168,14,28,456.6,5,7,266.7,11,21,408.3,0,19,19,29,8,5,13,1,19,92,63,73,48,122.65625,14.9015625,22.95625,11.05625,158.4890625,122.2390625,163.125,33.6390625,10
268,Joel Embiid,Philadelphia 76ers,C,197,214,64,135,336.9,52,61,605.8,17,37,334.8,8,52,60,31,20,9,34,6,-8,288,257,228,91,328.6882716049383,69.87345679012346,48.111111111111114,11.873456790123457,726.716049382716,539.3456790123457,486.9845679012345,147.05864197530863,7
269,John Collins,Utah Jazz,PF,193,271,68,119,570.0,39,48,752.5,18,34,508.9,22,58,80,7,25,7,12,7,-49,280,273,200,87,362.38775510204084,95.36033163265307,7.3501275510204085,12.044005102040817,700.0510204081634,672.8960459183673,372.3654336734694,119.88775510204083,10
270,John Konchar,Memphis Grizzlies,SG,57,299,19,46,385.8,8,9,266.7,11,29,391.6,19,45,64,29,20,13,17,9,-3,150,121,86,93,131.325,70.55625,15.0,7.125,291.05625,223.40625,166.425,118.10624999999999,10
271,Johnny Davis,Washington Wizards,G,51,175,19,33,454.2,5,9,160.0,8,13,330.0,2,15,17,13,19,3,5,3,-65,81,68,64,30,227.86094674556213,20.12130177514793,13.0,16.833990795529257,348.9408284023669,297.63313609467457,287.09171597633133,25.198224852071004,10
272,Johnny Juzang,Utah Jazz,G,86,231,30,63,409.9,8,10,416.7,18,42,383.5,5,15,20,17,22,4,9,2,-28,123,106,103,37,556.4081632653061,38.12345679012346,12.382716049382715,35.93902746283699,645.6621315192743,604.4681279919374,576.6638951877047,71.44444444444444,10
273,Jonas Valanciunas,New Orleans Pelicans,C,120,210,49,89,532.4,21,31,601.7,1,12,33.3,14,56,70,22,22,5,12,2,-8,212,190,142,92,411.0382716049382,30.49382716049383,44.5679012345679,0.9444444444444445,742.4901234567902,526.0999999999999,610.8111111111111,91.67901234567901,10
274,Jonathan Isaac,Orlando Magic,PF,76,193,29,56,411.9,8,12,416.7,10,25,303.6,13,41,54,7,15,9,3,14,8,137,130,83,61,462.40036730945826,65.61111111111111,4.111111111111112,10.036730945821855,733.627640036731,715.1427915518826,466.10743801652893,84.5,10
275,Jonathan Kuminga,Golden State Warriors,PF,183,294,72,134,537.6999999999999,30,38,716.7,9,22,366.7,10,42,52,26,29,9,21,4,30,261,235,209,78,349.01773356401384,69.9325259515571,12.776816608996539,7.083044982698962,447.5160034602076,372.8551038062283,405.37067474048445,101.01730103806227,10
276,Jontay Porter,Toronto Raptors,C,49,159,18,41,352.3,4,6,150.0,9,26,230.4,10,23,33,32,11,10,13,9,-28,114,82,81,65,215.4023668639053,32.251479289940825,58.16863905325444,15.943786982248522,472.0,275.0917159763314,386.0976331360947,116.63313609467455,10
277,Jordan Clarkson,Utah Jazz,PG,161,328,58,144,353.7,31,35,737.9,14,53,206.6,7,29,36,63,18,10,23,0,-70,260,197,224,99,1014.8698224852071,104.98224852071006,74.72485207100591,21.005917159763314,1435.3639053254435,1403.248520710059,1032.630177514793,194.0621301775148,10
278,Jordan Goodwin,Memphis Grizzlies,G,117,289,45,121,369.8,13,16,383.3,14,40,304.4,36,66,102,46,23,12,16,2,-1,265,219,163,148,372.94184027777777,310.01736111111114,33.77517361111111,23.837673611111114,905.125,873.3793402777778,344.9340277777777,403.5460069444444,10
279,Jordan Hawkins,New Orleans Pelicans,G,24,94,8,31,291.7,3,5,116.7,5,19,166.7,2,8,10,5,5,2,1,1,16,39,34,29,15,44.77714765805503,8.033606385213192,4.513127494223902,6.618147448015122,55.0,74.58559126233985,29.149548414198698,8.588741860953581,10
280,Jordan McLaughlin,Minnesota Timberwolves,PG,44,153,16,30,440.5,4,4,200.0,8,19,308.4,4,10,14,26,6,5,3,0,87,84,58,70,40,122.50519031141869,15.069896193771626,58.671280276816596,12.685121107266436,295.4574394463668,170.75017301038062,238.8650519031142,82.0885813148789,10
281,Jordan Miller,LA Clippers,G,4,5,1,1,100.0,2,2,100.0,0,0,0.0,0,1,1,0,0,0,0,0,3,5,5,4,1,9.679012345679013,0.44444444444444453,0.0,0.0,14.271604938271604,14.271604938271604,9.679012345679013,0.44444444444444453,1
282,Jordan Nwora,Toronto Raptors,SF,86,201,33,73,507.4,9,13,333.3,11,31,326.9,9,33,42,20,6,6,19,6,-104,148,128,106,62,241.61111111111111,99.15586419753086,20.100694444444443,6.95216049382716,650.4185956790124,473.8966049382716,350.5173611111111,186.8722993827161,10
283,Jordan Poole,Washington Wizards,SG,226,360,83,191,425.3,26,27,850.0,34,100,326.6,6,33,39,84,26,11,31,1,-62,349,265,310,123,720.159169550173,21.799999999999997,130.28373702422144,23.90726643598616,1147.2560553633218,871.6768166089965,936.3031141868512,211.5190311418685,10
284,Jordan Walsh,Boston Celtics,G,11,70,4,11,175.0,1,2,50.0,2,7,66.7,4,9,13,2,10,5,3,1,37,26,24,13,15,44.89965397923876,16.318339100346023,1.505190311418685,3.335640138408304,56.90311418685121,63.446366782006926,43.2560553633218,12.92387543252595,5
285,Jose Alvarado,New Orleans Pelicans,PG,74,233,25,67,320.7,6,10,300.0,18,45,339.6,9,23,32,29,23,8,4,1,61,135,106,103,61,320.40625,48.72900390625,39.18603515625,31.7265625,727.7890625,535.81494140625,456.63134765625,143.6640625,10
286,Josh Giddey,Oklahoma City Thunder,SG,180,296,72,130,544.2,25,34,596.9,11,30,345.8,15,70,85,69,16,6,30,7,67,334,265,249,154,626.8360020661157,112.69834710743802,180.29855371900825,21.092200413223143,1499.2368285123966,967.9227789256198,933.5632747933886,517.5836776859504,10
287,Josh Green,Dallas Mavericks,SG,53,235,22,50,439.5,4,5,80.0,5,21,216.6,10,26,36,13,16,7,9,2,-14,102,89,66,49,145.0,33.57551020408163,11.587755102040816,7.008163265306123,176.8326530612245,180.46122448979597,153.6163265306122,32.91836734693878,10
288,Josh Hart,New York Knicks,SG,122,373,48,94,453.5,19,21,658.3,7,18,281.7,17,77,94,55,30,12,18,0,70,271,216,177,149,737.0602196692337,201.57732609519002,77.52543870723393,6.1278878929428116,1601.2797626562303,1274.0436813533645,936.8704709001389,406.52859487438457,10
289,Josh Minott,Minnesota Timberwolves,F,2,12,1,2,50.0,0,0,0.0,0,0,0.0,0,5,5,1,3,1,0,0,13,8,7,3,6,2.638941398865785,11.819470699432893,0.5765595463137996,0.18525519848771269,4.764650283553876,4.13327032136106,4.773156899810964,10.89319470699433,2
290,Josh Okogie,Phoenix Suns,SF,43,135,12,30,323.8,12,13,450.0,7,15,350.0,13,7,20,11,7,6,10,3,-9,74,63,54,31,166.725,12.899999999999999,9.15625,7.000000000000001,262.15625,232.125,187.90624999999997,30.906249999999996,10
291,Josh Richardson,Miami Heat,SG,98,211,38,76,433.2,6,6,200.0,16,45,301.7,4,26,30,19,16,5,3,2,3,147,128,117,49,296.8888888888889,20.0,10.88888888888889,27.555555555555557,468.0,427.55555555555554,344.0,24.22222222222222,9
292,Joshua Primo,LA Clippers,G,0,5,0,1,0.0,0,0,0.0,0,0,0.0,1,0,1,0,0,0,1,0,1,1,1,0,1,0.0,0.0,0.0,0.0,0.0,0.0,0.0,0.0,1
293,Jrue Holiday,Boston Celtics,PG,97,302,40,89,469.5,0,0,0.0,17,48,368.3,9,36,45,46,12,8,15,10,57,188,142,143,91,122.93141289437585,76.50342935528121,70.65363511659808,12.231824417009602,391.5589849108368,260.04938271604937,264.5,137.0980795610425,10
294,Jules Bernard,Washington Wizards,G,59,113,23,47,603.7,4,7,250.0,9,19,468.3,8,14,22,12,8,2,6,1,24,93,81,71,34,225.6015625,19.100694444444446,17.1015625,7.4444444444444455,398.9340277777778,305.08767361111114,316.5,39.15017361111111,10
295,Julian Champagnie,San Antonio Spurs,F,123,323,42,90,465.9,20,23,721.7,19,53,350.7,8,35,43,18,14,10,14,7,-45,184,166,141,61,329.97520661157023,48.420712809917354,22.30707644628099,14.986828512396695,665.2892561983471,552.7285640495868,405.9331095041323,107.33057851239668,10
296,Julian Phillips,Chicago Bulls,F,39,132,13,31,272.9,7,8,266.7,6,13,283.4,6,12,18,5,12,5,3,1,-11,62,57,44,23,170.91975308641975,27.290123456790123,6.777777777777779,6.401234567901234,314.4444444444444,289.44444444444446,184.5493827160494,45.43827160493827,10
297,Julian Strawther,Denver Nuggets,G,28,61,9,26,108.0,6,6,300.0,4,18,81.9,1,8,9,8,6,1,6,0,4,45,37,36,17,164.05522861023087,16.109099139882304,10.12856496152105,3.8542326844726125,306.98822996831143,242.49479402444547,209.0801267541874,45.70620190131281,4
298,Julius Randle,New York Knicks,PF,66,99,23,48,142.2,14,14,300.0,6,11,195.0,8,17,25,18,7,1,10,0,25,109,91,84,43,98.0,2.666666666666667,14.0,2.0,140.66666666666669,120.66666666666666,126.0,8.666666666666668,3
299,Justin Champagnie,Washington Wizards,SF,78,211,27,67,366.2,12,15,400.0,12,39,218.3,19,32,51,17,13,9,8,7,-55,146,129,95,68,318.8076052512449,83.5794477138977,12.853327297419648,15.732005432322318,799.841557265731,686.1362607514712,398.8234495246718,130.12222725215028,10
300,Justin Holiday,Denver Nuggets,SF,53,165,20,43,465.8,0,0,0.0,13,29,466.6,3,10,13,11,9,9,3,3,36,77,66,64,24,116.53361094586556,10.131469363474123,32.90719809637121,8.46192742415229,235.70672218917312,143.61213563355145,215.1980963712076,36.468768590124924,10
301,Justin Minaya,Portland Trail Blazers,F,30,178,11,33,324.2,1,2,50.0,7,23,196.6,14,14,28,11,19,4,2,5,-23,69,58,41,39,55.69098184056633,28.67343798091721,10.349338257925515,8.401662049861496,149.02770083102496,103.11111111111111,85.78424130501693,54.84610649430594,10
302,Jusuf Nurkic,Phoenix Suns,C,75,283,25,64,425.8,24,37,548.5,1,2,50.0,30,85,115,47,31,15,23,10,48,237,190,122,162,232.27777777777777,215.4467455621302,50.93951347797501,0.9128862590401052,754.3596318211703,654.9296515450362,212.49079552925704,385.60322156476,10
303,Karl-Anthony Towns,Minnesota Timberwolves,C,185,304,63,142,441.5,42,47,784.2,17,56,291.5,19,56,75,36,31,8,26,9,73,296,260,221,111,319.4,99.725,64.625,16.125,538.8,502.225,352.92499999999995,167.4,10
304,Kawhi Leonard,LA Clippers,SF,239,347,93,173,538.7,37,43,815.0,16,45,350.8,14,45,59,28,12,13,23,11,38,326,298,267,87,125.67722681359045,60.90449954086318,8.631772268135904,8.466942148760332,202.40449954086316,148.5,148.1179981634527,101.0,10
305,Keegan Murray,Sacramento Kings,SF,177,370,66,154,428.1,10,11,475.0,35,94,372.4,20,40,60,18,21,8,6,9,-4,255,237,195,78,217.3111111111111,74.27777777777779,19.749382716049382,20.549382716049383,191.3012345679012,165.47777777777782,209.54197530864204,127.61975308641975,10
306,Keita Bates-Diop,Brooklyn Nets,SF,35,85,12,20,615.0,6,6,300.0,5,11,350.0,3,10,13,5,1,2,5,4,-13,53,48,40,18,52.10000000000001,16.81111111111111,4.677777777777777,5.4,94.5,87.3777777777778,51.511111111111106,29.2,10
307,Keldon Johnson,San Antonio Spurs,SF,145,293,49,104,463.8,27,32,684.2,20,55,368.5,15,44,59,18,17,4,11,2,-15,222,204,163,77,291.739919975377,55.21606648199445,22.15266235764851,24.603262542320714,379.4958448753462,409.48045552477686,289.8919667590028,49.232071406586634,10
308,Kelly Olynyk,Toronto Raptors,PF,143,297,51,88,584.8,34,38,823.3,7,24,281.6,17,52,69,61,35,12,29,5,-41,273,212,204,130,214.01234567901233,51.80748456790123,102.60493827160494,4.160493827160494,351.40625,248.4834104938271,346.7901234567901,124.55748456790124,10
309,Kelly Oubre Jr.,Philadelphia 76ers,SG,185,332,66,150,425.5,33,41,584.9,20,56,291.8,13,53,66,19,27,10,19,11,55,270,251,204,85,616.3141289437586,60.183508611492144,36.19067215363512,31.659807956104252,1052.841944825484,828.9759183051365,820.4444444444443,116.1098917847889,10
310,Kendall Brown,Indiana Pacers,SG,3,19,1,2,100.0,1,2,50.0,0,0,0.0,1,0,1,0,4,0,0,0,-12,4,4,3,1,6.012486992715921,0.6722164412070761,0.25286160249739853,0.0,10.95837669094693,10.66805411030177,6.377731529656607,0.850156087408949,3
311,Kenneth Lofton Jr.,Philadelphia 76ers,F,2,5,1,4,25.0,0,0,0.0,0,2,0.0,0,1,1,0,0,0,0,0,-4,3,3,2,1,112.36,16.0,9.610000000000001,1.0,313.28999999999996,213.16000000000005,187.68999999999997,50.41,1
312,Kenneth Lofton Jr.,Utah Jazz,F,48,74,18,30,176.8,9,11,150.0,3,10,116.7,10,9,19,13,8,3,5,1,2,80,67,61,32,240.68,48.0,37.230000000000004,2.0,757.47,459.87999999999994,459.07,164.43,3
313,Kenrich Williams,Oklahoma City Thunder,SF,66,175,27,53,525.8,2,2,100.0,10,22,483.2,13,19,32,12,21,4,8,2,-8,110,98,78,44,204.73611111111114,79.60005668934241,11.61111111111111,4.171485260770975,466.9750566893424,395.88775510204084,258.625,108.40958049886622,10
314,Kentavious Caldwell-Pope,Denver Nuggets,SG,108,308,40,81,447.0,5,8,250.0,23,51,355.5,5,21,26,26,24,9,9,5,88,160,134,134,52,564.5913775584265,24.400929017273917,24.76237480040644,49.0,766.7359558716795,663.5534910727247,634.9371461750617,82.0,10
315,Kenyon Martin Jr.,Philadelphia 76ers,F,56,177,25,47,495.8,4,8,200.0,2,6,150.0,15,25,40,16,20,2,8,5,24,112,96,72,56,114.11632653061224,129.3795918367347,11.3,1.6000000000000003,439.38775510204084,396.5734693877551,148.70204081632653,148.90816326530611,10
316,Keon Ellis,Sacramento Kings,G,102,274,34,71,415.1,11,12,575.0,23,49,472.6,11,33,44,20,32,11,13,3,-51,166,146,122,64,540.9068739521415,50.74622770919068,22.12345679012346,49.893156531016615,808.592287761012,650.8282274043592,673.2059137326627,98.33470507544581,10
317,Keon Johnson,Brooklyn Nets,G,12,26,3,8,73.3,4,4,100.0,2,4,133.3,2,1,3,2,2,2,2,0,-9,17,15,14,5,26.0,0.625,2.5,0.5,39.625,22.625,44.5,1.625,2
318,Kessler Edwards,Sacramento Kings,SF,39,97,14,33,376.7,1,4,50.0,10,23,386.7,4,13,17,3,9,6,1,1,-14,59,56,42,20,121.12809917355372,23.876033057851238,2.100091827364555,9.79981634527089,181.05463728191,168.69834710743805,123.73783287419651,35.722681359045,10
319,Kevin Durant,Phoenix Suns,PF,255,374,100,195,522.4,27,32,851.7,28,68,436.6,5,61,66,40,18,9,30,8,25,361,321,295,106,181.39999999999998,80.54938271604938,38.123456790123456,10.564197530864197,430.4111111111111,355.79382716049383,259.74567901234565,114.94444444444444,10
320,Kevin Huerter,Sacramento Kings,SG,72,231,29,79,330.1,2,4,100.0,12,45,205.0,6,24,30,25,23,8,11,2,5,127,102,97,55,288.7933884297521,30.44995408631772,4.61248852157943,16.24793388429752,456.10743801652893,441.77777777777777,290.6730945821855,47.51239669421488,10
321,Kevin Knox II,Detroit Pistons,SF,22,89,9,26,148.9,3,3,200.0,1,11,33.3,3,11,14,4,9,2,6,0,21,40,36,26,18,115.33333333333334,19.333333333333336,3.3333333333333335,0.8333333333333335,167.33333333333331,188.0,101.33333333333334,16.0,6
322,Kevin Love,Miami Heat,PF,90,145,33,74,423.6,9,10,283.3,15,44,310.3,13,50,63,14,20,2,13,3,46,167,153,104,77,327.1005917159763,207.792899408284,16.412886259040103,12.633136094674557,891.4247205785666,816.7869822485208,362.57462195923733,263.36949375410916,10
323,Kevon Looney,Golden State Warriors,F,46,124,18,30,568.4,10,14,500.0,0,0,0.0,16,37,53,7,16,4,5,6,64,106,99,53,60,84.4597905992426,82.12987302294498,4.542882601915794,0.0,228.5854310536868,257.0793049676988,74.38115393183337,68.25751837825797,10
324,Keyontae Johnson,Oklahoma City Thunder,F,5,39,2,8,66.7,0,0,0.0,1,2,100.0,2,4,6,2,4,0,2,0,-15,13,11,7,8,20.0,7.0,1.2653061224489797,0.8163265306122451,29.69387755102041,35.0,17.26530612244898,5.6938775510204085,5
325,Keyonte George,Utah Jazz,G,128,321,42,125,323.6,28,30,746.7,16,68,203.79999999999998,1,24,25,43,17,5,41,0,-86,196,153,171,68,423.69106255058387,20.588391721586312,44.56711758584808,16.601456815816857,353.13839750260155,436.6524453694068,335.2016418083016,70.13088218291131,10
326,Khris Middleton,Milwaukee Bucks,SF,146,298,58,118,511.9,13,16,408.3,17,46,483.7,11,53,64,63,28,11,31,1,-26,273,210,209,127,369.216,43.424,42.116,8.244,552.724,433.18399999999997,436.9,137.39600000000002,10
327,Killian Hayes,Detroit Pistons,PG,18,79,7,14,209.6,1,3,33.3,3,6,100.0,0,15,15,20,4,0,5,2,-12,53,33,38,35,27.0,18.75,54.0,2.75,252.75,74.75,153.0,124.75,4
328,Kira Lewis Jr.,Utah Jazz,PG,24,78,9,23,169.4,4,6,125.0,2,9,83.3,2,5,7,11,3,2,5,0,-34,42,31,35,18,103.57057869118444,19.106003244997297,13.367766360194699,1.3942671714440238,278.2823147647377,207.9853975121688,154.77068685776095,51.57057869118443,6
329,Klay Thompson,Golden State Warriors,SG,209,314,79,165,476.2,12,12,600.0,39,100,375.8,4,26,30,25,16,9,21,4,72,264,239,234,55,486.87958477508647,36.13840830449827,8.600000000000001,32.90311418685121,678.8000000000001,601.8,570.1148788927336,38.50311418685121,10
330,Kobe Brown,LA Clippers,G,21,86,10,22,377.5,0,0,0.0,1,8,33.3,11,8,19,6,9,4,4,1,-42,46,40,27,25,55.59504132231406,23.0,6.991735537190083,0.9008264462809918,155.20247933884298,111.09504132231403,82.70247933884298,46.99173553719008,8
331,Kobe Bufkin,Atlanta Hawks,G,68,156,29,75,382.2,3,6,116.7,7,30,201.6,4,21,25,23,18,6,8,4,-21,116,93,91,48,108.31111111111112,6.900000000000001,21.0,4.144444444444445,110.94444444444446,110.94444444444444,106.11111111111111,30.1,10
332,Kobi Simmons,Toronto Raptors,G,20,67,9,21,183.4,0,0,0.0,2,8,100.0,1,6,7,12,5,6,1,2,-31,39,27,32,19,25.11111111111111,4.111111111111111,22.0,1.1111111111111112,45.0,41.0,30.44444444444445,24.77777777777778,4
333,Kris Dunn,Utah Jazz,G,57,220,23,57,422.1,5,7,130.0,6,21,200.0,9,24,33,34,26,9,8,5,-31,124,90,91,67,86.14792899408283,42.469822485207104,44.409467455621304,6.409467455621302,200.63668639053253,168.15147928994082,96.91479289940828,108.59763313609467,10
334,Kris Murray,Portland Trail Blazers,F,89,335,33,90,347.1,10,13,383.3,13,50,227.8,25,25,50,18,23,9,14,5,-82,157,139,107,68,191.84185493460166,18.42806183115339,17.638525564803807,16.105826397146256,242.3626634958383,245.0,191.461355529132,33.80975029726516,10
335,Kristaps Porzingis,Boston Celtics,C,185,297,66,132,510.3,38,45,875.0,15,44,410.2,21,56,77,24,28,12,15,26,35,286,262,209,101,157.05289256198347,84.3388429752066,14.958677685950413,8.325619834710743,392.4495867768595,305.2165289256199,219.15537190082645,124.42809917355372,10
336,Kyle Anderson,Minnesota Timberwolves,SF,59,210,23,56,335.1,11,16,405.0,2,8,100.0,3,21,24,39,20,12,10,10,29,122,83,98,63,205.51103184040164,41.401241907781746,63.92958118641829,1.6025895098427796,677.9524375743163,387.3215748447616,409.1689787290263,192.30373893513018,10
337,Kyle Kuzma,Washington Wizards,SF,218,366,85,181,489.6,37,47,775.0,11,43,218.6,3,70,73,51,24,7,36,7,-27,342,291,269,124,513.3879277201077,57.532103037293346,59.63667820069204,16.7439446366782,740.9957708573625,549.878123798539,709.8965782391388,111.77777777777777,10
338,Kyle Lowry,Philadelphia 76ers,PG,76,279,24,49,501.3,11,13,400.0,17,37,516.7,4,19,23,41,26,5,15,4,36,140,99,117,64,353.8569198751301,29.079084287200832,88.91259105098857,12.105098855359,588.3251821019771,391.9588969823101,521.0452653485952,147.16961498439127,10
339,Kyrie Irving,Dallas Mavericks,PG,275,378,100,189,530.7,41,46,751.5,34,78,439.7,6,38,44,47,23,13,24,6,127,366,319,322,91,561.3653229886996,56.37274413897791,82.60431776016192,9.703491313880924,539.3553719008264,659.3740934390285,393.7824253668409,186.54123798279642,10
340,LaMelo Ball,Charlotte Hornets,PG,32,55,12,37,66.1,5,6,150.0,3,17,34.7,1,5,6,15,10,3,7,0,-49,53,38,47,21,2.0,2.0,0.5,0.5,4.5,8.0,0.5,0.5,2
341,Lamar Stevens,Memphis Grizzlies,PF,114,252,42,108,413.9,24,27,583.3,6,27,235.0,13,38,51,12,13,12,6,8,16,177,165,126,63,156.44444444444443,41.17777777777778,9.91604938271605,4.444444444444445,248.16049382716048,208.6,198.99753086419753,48.10123456790124,10
342,Landry Shamet,Washington Wizards,SG,55,184,20,55,273.1,7,7,300.0,8,35,104.1,4,10,14,8,12,4,9,2,-68,77,69,63,22,330.90000000000003,22.5,5.700000000000001,15.624999999999998,463.7,413.80000000000007,373.0,35.99999999999999,10
343,Larry Nance Jr.,New Orleans Pelicans,PF,61,233,24,47,525.8,9,11,416.7,4,11,183.3,19,28,47,25,20,10,7,1,4,133,108,86,72,73.125,70.725,46.65625,4.40625,350.10625,229.7,165.15625,145.75625,10
344,Lauri Markkanen,Utah Jazz,PF,223,347,68,170,401.2,57,60,956.7,30,80,363.3,20,49,69,26,14,11,18,4,-42,318,292,249,95,334.8261504747991,129.06135865595326,45.68298027757487,34.00730460189919,657.4915997078159,517.5704894083273,451.0029218407597,198.48867786705623,10
345,LeBron James,Los Angeles Lakers,SF,267,361,98,167,589.9,53,71,748.8,18,38,369.5,8,68,76,87,8,10,46,3,84,430,343,354,163,520.304081632653,76.43265306122449,65.81632653061224,65.89387755102041,471.7734693877551,544.5,445.5040816326531,144.32244897959185,10
346,Leaky Black,Charlotte Hornets,F,42,192,16,32,465.4,4,5,250.0,6,12,250.0,4,27,31,19,8,5,4,6,-11,92,73,61,50,145.3905817174515,36.81163434903047,23.216066481994456,10.93628808864266,319.0858725761773,195.40443213296396,234.73407202216066,94.36565096952909,10
347,Leonard Miller,Minnesota Timberwolves,F,5,10,2,3,100.0,0,0,0.0,1,1,100.0,0,1,1,4,0,1,0,0,15,10,6,9,5,15.779298036882805,0.535990481856038,4.002379535990482,0.8239143367043427,31.117192147531227,20.62819750148721,27.027364663890545,3.779298036882808,2
348,Lester Quinones,Golden State Warriors,G,52,148,18,49,323.7,9,13,325.0,7,29,200.0,7,17,24,12,16,2,5,0,-30,88,76,64,36,240.8573625528643,28.324490580545945,15.3279507881584,10.120338331410997,379.03037293348706,384.97577854671283,243.11111111111114,35.45328719723184,10
349,Lindy Waters III,Oklahoma City Thunder,F,58,92,22,45,485.6,2,2,200.0,12,31,320.0,6,11,17,8,4,4,2,1,-9,83,75,66,25,157.2694710537276,18.36109954185756,12.325697625989168,11.072053311120367,247.83048729695957,185.35485214493957,202.38317367763435,48.04872969596002,10
350,Lonnie Walker IV,Brooklyn Nets,G,67,174,27,81,325.7,3,4,150.0,10,45,240.8,4,23,27,12,7,3,5,6,-67,106,94,79,39,269.41419869775257,55.68262969964293,26.598193656794788,12.018903591682419,747.4102079395085,528.0235244696493,427.8187355597563,143.2629699642932,10
351,Luguentz Dort,Oklahoma City Thunder,G,122,306,38,92,394.0,27,35,680.0,19,55,326.5,6,27,33,18,22,13,15,5,24,173,155,140,51,288.31909140075715,52.10438074634938,9.631151974040021,14.902650081124934,350.86262844780964,345.7647376960519,298.1936181719849,56.95889670091942,10
352,Luka Doncic,Dallas Mavericks,PG,324,376,108,225,478.2,58,75,779.5,50,121,413.8,10,97,107,96,27,13,45,5,122,527,431,420,203,424.6051862673485,24.8126369612856,52.46165084002922,45.72680788897006,463.51132213294375,481.78451424397366,420.96603360116876,62.64024835646457,10
353,Luka Garza,Minnesota Timberwolves,C,61,70,23,45,310.8,8,11,266.7,7,21,233.3,10,6,16,2,9,3,3,1,4,79,77,63,18,201.97875885047898,25.643481882548933,1.6543107038733862,4.8159100374843815,337.80299875052066,310.1020408163265,227.07996668054975,29.897542690545603,6
354,Luka Samanic,Utah Jazz,F,86,202,29,79,314.4,22,30,509.2,6,32,217.6,13,36,49,13,9,3,9,4,-50,148,135,99,62,538.7312210751156,102.8810964756141,12.191171235315057,3.077963688145248,1174.2363830544678,978.9280882876469,681.8579565681738,167.2538269846921,10
355,Luke Kennard,Memphis Grizzlies,SG,118,282,40,88,429.0,9,9,500.0,29,64,450.4,2,28,30,53,7,6,24,1,-63,201,148,171,83,483.43673469387755,10.073469387755102,60.68979591836735,26.90204081632653,676.3306122448979,492.7755102040816,657.4081632653061,80.34693877551021,10
356,Luke Kornet,Boston Celtics,C,62,179,27,33,875.0,7,7,300.0,1,1,100.0,19,32,51,16,7,3,2,8,89,129,113,78,67,164.31938107518351,143.3439793691728,29.50486014679627,0.933346558222575,740.008926800238,509.3681809164849,288.873636183297,278.9353302916088,10
357,M. Pereira,Memphis Grizzlies,F,44,120,16,33,255.6,7,10,225.0,5,13,150.0,10,26,36,2,10,6,5,4,7,82,80,46,38,233.79839298758216,102.51716581446311,1.4156318480642804,5.2571219868517165,632.3959094229365,601.2490869247627,248.47626004382766,120.4017531044558,6
358,M. Williams,Toronto Raptors,C,17,102,8,31,117.5,0,2,0.0,1,4,100.0,13,23,36,2,15,3,3,3,-50,55,53,19,38,54.7190082644628,111.5,1.3388429752066116,0.8347107438016528,303.202479338843,285.58264462809916,58.52066115702479,126.65702479338844,6
359,Malachi Flynn,Detroit Pistons,PG,130,201,48,102,426.5,19,27,410.0,15,45,315.6,4,21,25,32,15,12,19,2,-38,187,155,162,57,1858.0,38.17355371900826,55.56703397612489,21.41827364554637,2440.9334251606983,2250.900826446281,2057.082185491276,84.69100091827363,10
360,Malaki Branham,San Antonio Spurs,G,123,262,48,106,436.0,5,9,250.0,22,53,417.1,3,15,18,17,14,3,15,1,-22,158,141,140,35,519.6111111111111,19.910430839002267,12.10204081632653,25.551020408163268,627.3469387755102,613.204081632653,526.9036281179137,38.862811791383216,10
361,Malcolm Brogdon,Portland Trail Blazers,PG,102,218,37,83,266.20000000000005,17,19,433.3,11,30,202.89999999999998,7,22,29,40,13,4,17,2,4,171,131,142,69,100.0,28.833333333333336,7.333333333333334,6.833333333333334,113.5,66.83333333333334,151.33333333333331,31.5,6
362,Malik Beasley,Milwaukee Bucks,SG,91,281,33,92,358.2,3,3,200.0,22,70,304.6,1,23,24,13,18,4,6,1,-36,128,115,104,37,319.86968449931413,20.183508611492147,10.108062795305594,29.22969059594574,336.833714372809,339.2786160646243,326.2566681908246,21.45968602347203,10
363,Malik Monk,Sacramento Kings,SG,157,272,57,138,394.0,31,33,730.0,12,58,166.1,6,27,33,44,31,6,17,2,13,234,190,201,77,653.7845804988663,24.25724363819602,14.982111363063742,11.617031997984379,877.3560090702948,822.5527840765936,694.3827160493827,53.44444444444444,10
364,Mamadi Diakite,New York Knicks,F,0,5,0,0,0.0,0,0,0.0,0,0,0.0,0,1,1,0,1,1,0,0,0,1,1,0,1,0.0,0.4049586776859504,0.0,0.0,0.4049586776859504,0.4049586776859504,0.0,0.4049586776859504,1
365,MarJon Beauchamp,Milwaukee Bucks,F,37,50,13,20,425.0,7,8,175.0,4,9,250.0,2,11,13,2,4,1,3,1,-18,52,50,39,15,66.14186851211073,12.730103806228373,1.5121107266435985,2.252595155709342,127.74740484429066,112.0,77.91695501730104,18.214532871972317,7
366,Marcus Morris Sr.,Cleveland Cavaliers,SF,55,156,21,52,479.5,5,8,250.0,8,24,328.3,5,16,21,10,10,2,11,2,-51,86,76,65,31,81.17409412744689,49.17326114119117,10.14993752603082,4.085797584339859,201.67846730528947,181.60766347355266,97.64972927946688,62.91836734693878,10
367,Marcus Sasser,Detroit Pistons,G,127,306,45,122,334.9,18,20,440.0,19,60,303.9,2,17,19,46,19,9,21,3,-100,192,146,173,65,710.1258632212073,13.381376698596569,23.49788371574961,14.325907774560037,774.8318110937848,661.0291824459791,830.1824459790599,30.6253063042994,10
368,Markelle Fultz,Orlando Magic,PG,83,197,37,78,520.8,6,6,300.0,3,7,166.7,13,17,30,21,15,8,12,5,-41,134,113,104,51,395.8326530612245,34.018367346938774,31.716326530612243,4.2306122448979595,724.2367346938776,617.2020408163265,468.6224489795918,99.9795918367347,10
369,Markieff Morris,Dallas Mavericks,PF,7,25,3,9,166.7,0,0,0.0,1,6,50.0,0,4,4,0,0,0,0,1,-2,11,11,7,4,3.487603305785125,4.123966942148761,0.39669421487603307,0.6694214876033058,9.760330578512395,13.0,1.768595041322314,3.0,3
370,Marques Bolden,Charlotte Hornets,C,35,112,16,24,376.7,3,4,150.0,0,1,0.0,10,20,30,4,9,3,3,7,-26,69,65,39,34,163.96433470507543,71.67626886145405,6.567901234567901,0.0,511.4705075445816,431.30589849108367,219.94787379972567,102.42524005486968,7
371,Marvin Bagley III,Washington Wizards,PF,134,238,58,89,623.5,12,13,600.0,6,8,450.0,23,49,72,8,11,5,10,9,3,214,206,142,80,341.85484830458057,93.62879238548483,15.875074360499699,4.5258774538964905,424.1273051754908,392.8102320047591,350.1939321832243,132.48185603807258,10
372,Mason Jones,Sacramento Kings,G,7,18,2,6,66.7,1,2,50.0,2,5,66.7,1,4,5,5,0,1,1,0,3,17,12,12,10,16.608888888888888,11.719999999999999,11.719999999999999,2.2222222222222223,55.275555555555556,24.22222222222223,24.22222222222223,46.879999999999995,2
373,Mason Plumlee,LA Clippers,C,42,133,15,27,436.1,12,14,400.0,0,2,0.0,10,31,41,11,15,2,8,3,9,94,83,53,52,149.66091612135634,91.12135633551458,17.159131469363473,0.0,559.9039262343844,426.61451516954196,222.67132659131468,168.55948839976205,10
374,Matisse Thybulle,Portland Trail Blazers,SG,67,209,25,53,398.9,5,7,200.0,12,31,335.0,7,24,31,20,14,17,12,7,-23,118,98,87,51,338.8434903047091,39.325484764542935,20.249307479224377,12.531855955678669,707.3573407202216,558.770083102493,458.20637119113564,88.79916897506926,10
375,Matt Ryan,New Orleans Pelicans,F,28,83,10,28,233.3,0,0,0.0,8,22,194.4,1,8,9,2,7,0,3,0,-12,39,37,30,11,218.40625000000003,17.925,1.7,19.85625,363.90625,351.25625,229.75624999999997,20.925,10
376,Matthew Hurt,Memphis Grizzlies,F,32,110,12,33,215.9,3,3,200.0,5,19,233.4,9,7,16,4,8,3,2,3,-7,52,48,36,20,163.8343195266272,34.95857988165681,4.934911242603551,5.335798816568047,360.0,296.6272189349112,213.72781065088756,53.37278106508876,7
377,Max Christie,Los Angeles Lakers,G,39,115,15,31,519.4,3,4,150.0,6,14,250.0,3,17,20,7,4,2,4,1,17,66,59,46,27,154.87869822485206,37.94641683103221,8.171597633136095,6.5,408.4523339907956,316.7501643655489,217.51775147928993,75.181130834977,10
378,Max Strus,Cleveland Cavaliers,SG,121,307,41,90,467.1,15,18,433.4,24,56,430.7,13,41,54,53,17,11,21,1,-5,228,175,174,107,243.438590245639,106.32395870416518,141.32324670701317,20.584549661801354,564.6828052687789,265.87006051975794,406.61943752224994,383.2791028835885,10
379,Maxi Kleber,Dallas Mavericks,PF,46,179,14,28,528.3,10,12,275.0,8,18,333.3,11,22,33,13,12,4,7,10,65,92,79,59,46,116.62590401051939,32.15976331360947,10.866863905325443,7.647928994082839,283.80834976988825,229.4681130834977,163.27975016436557,50.71301775147929,10
380,Maxwell Lewis,Los Angeles Lakers,F,2,11,1,5,25.0,0,0,0.0,0,2,0.0,1,0,1,2,0,0,0,0,-15,5,3,4,3,2.6272,0.8528,2.9799999999999995,0.0,6.144800000000001,6.420800000000001,3.1752000000000002,3.0088000000000004,2
381,Micah Potter,Utah Jazz,C,24,130,8,25,250.0,5,5,300.0,3,13,150.0,7,20,27,4,7,4,4,4,-11,55,51,28,31,60.0,18.649821640903685,8.401902497027349,4.373959571938169,145.93876337693223,106.23602853745541,85.36741973840665,41.38703923900119,10
382,Michael Porter Jr.,Denver Nuggets,SF,155,313,59,136,448.0,13,14,566.7,24,63,409.7,11,57,68,14,17,7,11,3,44,237,223,169,82,117.8274743104381,133.74067063277445,18.614656571119525,6.818820984315847,311.8101676581937,263.89859383450516,133.79150892374258,184.302866414278,10
383,Mikal Bridges,Brooklyn Nets,SF,138,315,49,118,411.6,10,11,466.7,30,72,425.9,7,24,31,33,10,11,8,4,-33,202,169,171,64,418.13557845841194,55.55305559587748,18.62955436202642,23.306430541442882,680.1744810567571,586.6257802293511,518.5302656408767,67.33662360284512,10
384,Mike Conley,Minnesota Timberwolves,PG,138,286,47,98,457.6,13,14,650.0,31,63,474.6,4,19,23,59,19,19,25,1,10,220,161,197,82,288.3283495427493,34.87458266802149,62.60661924807664,30.812744955726522,493.5799100014516,370.90071127885034,390.6124256060386,117.87632457541008,10
385,Mike Muscala,Oklahoma City Thunder,C,14,88,6,26,256.7,1,3,50.0,1,15,33.3,6,11,17,6,7,3,1,1,25,37,31,20,23,35.134235171696155,17.178459937565034,7.169614984391259,0.9203954214360042,88.27107180020812,67.71956295525494,39.007284079084286,41.026534859521334,10
386,Miles Bridges,Charlotte Hornets,SF,193,366,73,155,472.9,27,31,721.4,20,63,275.2,9,55,64,34,14,6,16,3,-75,291,257,227,98,577.4023668639054,67.51775147928994,27.044378698224858,34.13313609467456,1055.094674556213,847.3402366863904,728.7248520710059,150.9940828402367,10
387,Miles McBride,New York Knicks,PG,129,327,46,105,420.4,9,10,350.0,28,68,333.1,9,17,26,27,23,12,8,1,4,182,155,156,53,788.9180869335447,38.88703923900119,33.128418549346016,66.5348130532435,1242.0885189589114,1028.8174131325143,991.1737349715947,83.03091557669441,10
388,Mitchell Robinson,New York Knicks,C,43,154,15,29,333.3,13,28,379.1,0,0,0.0,30,17,47,3,15,5,4,8,-20,93,90,46,50,208.68979591836734,120.44489795918368,4.102040816326531,0.0,500.1510204081633,494.0326530612245,205.06122448979596,134.29387755102042,10
389,Mo Bamba,Philadelphia 76ers,C,75,191,28,53,507.8,11,15,425.0,8,23,273.3,18,46,64,10,25,7,5,17,-4,149,139,85,74,163.68402777777774,44.00771604938272,12.007716049382715,5.777777777777779,314.9340277777778,297.4926697530864,192.64081790123456,44.5,10
390,Monte Morris,Minnesota Timberwolves,PG,50,145,17,37,380.8,6,8,200.0,10,21,360.0,2,22,24,13,7,6,2,4,53,87,74,63,37,160.47031499491942,16.058063579619684,24.79648715343301,10.005806357961967,356.2724633473654,217.9050660473218,287.5190884018,52.173174626215705,10
391,Moritz Wagner,Orlando Magic,C,102,153,41,66,680.1,15,18,650.0,5,13,316.7,15,23,38,7,20,5,12,1,7,147,140,109,45,181.6765625,57.86406249999999,8.125,4.5,418.85625,336.05625000000003,238.21406249999998,92.25156249999999,10
392,Moses Brown,Portland Trail Blazers,C,42,94,17,32,453.3,8,25,190.8,0,0,0.0,17,15,32,4,12,1,5,4,-6,78,74,46,36,86.46938775510205,62.61224489795918,6.223673469387755,0.0,235.16653061224488,215.0,99.24000000000001,76.23183673469387,9
393,Moses Moody,Golden State Warriors,SG,101,214,34,68,568.2,15,20,566.7,18,34,580.0,9,23,32,15,23,3,6,1,39,148,133,116,47,117.65980772474278,29.551020408163264,10.507505481531457,18.660819699780742,270.03272052622697,198.72103221453872,169.33884297520657,59.69117895091921,10
394,Mouhamadou Gueye,Toronto Raptors,F,26,112,11,37,340.5,4,9,225.0,0,3,0.0,11,10,21,5,13,3,11,15,-78,52,47,31,26,13.83826429980276,27.159763313609467,4.238658777120316,0.0,62.30571992110454,47.76331360946746,29.43786982248521,30.34122287968442,9
395,Mouhamed Gueye,Atlanta Hawks,F,21,56,7,17,108.9,4,4,100.0,3,6,166.7,8,11,19,4,12,3,0,4,-13,44,40,25,23,172.2066115702479,13.256198347107443,4.677685950413223,2.6198347107438016,225.7603305785124,251.57851239669424,144.37190082644628,19.950413223140494,3
396,Moussa Diabate,LA Clippers,F,2,7,1,1,100.0,0,2,0.0,0,0,0.0,1,3,4,0,0,1,0,1,1,6,6,2,4,0.0,0.0,0.0,0.0,0.0,0.0,0.0,0.0,1
397,Myles Turner,Indiana Pacers,C,177,247,63,112,553.8,28,38,758.4,23,51,461.3,8,57,65,14,23,3,12,20,50,256,242,191,79,452.77777777777777,102.66044444444445,28.464,16.6,847.6337777777778,843.4204444444445,458.7884444444444,129.32711111111112,10
398,Naji Marshall,New Orleans Pelicans,SF,61,208,25,55,414.5,3,4,200.0,8,22,332.1,4,35,39,17,15,9,7,1,40,117,100,78,56,183.42416897506925,55.2590027700831,10.100069252077562,13.617728531855956,432.1135734072022,382.0155817174515,224.11218836565098,74.76904432132964,10
399,Nassir Little,Phoenix Suns,SF,18,64,7,18,258.3,0,0,0.0,4,11,250.0,0,11,11,5,7,0,1,2,-9,34,29,23,16,40.050799999999995,15.4528,4.8732,2.3931999999999998,75.11999999999999,62.93719999999999,49.2608,23.298799999999996,7
400,Nate Hinton,Houston Rockets,G,12,22,4,7,110.0,2,3,66.7,2,3,66.7,1,5,6,3,4,1,1,2,10,21,18,15,9,82.0,4.986149584487535,3.5595567867036015,3.418282548476454,162.67313019390582,118.56509695290859,118.29639889196675,16.357340720221607,2
401,Nathan Mensah,Charlotte Hornets,C,4,59,2,5,66.7,0,0,0.0,0,0,0.0,4,6,10,1,13,2,1,4,-17,15,14,5,11,13.75,9.9375,0.859375,0.0,41.359375,44.4375,13.484375,7.984375,7
402,Naz Reid,Minnesota Timberwolves,C,164,288,61,139,414.2,19,29,615.8,23,61,350.8,6,59,65,20,23,13,17,11,13,249,229,184,85,718.2878892733564,98.51695501730103,14.167474048442907,44.352249134948096,1077.966089965398,1034.2913494809688,754.0692041522491,120.57785467128028,10
403,Neemias Queta,Boston Celtics,C,70,116,33,45,590.1,4,6,175.0,0,0,0.0,19,25,44,10,12,5,7,12,81,124,114,80,54,251.01108033240996,82.9141274238227,19.09695290858726,0.0,660.168975069252,560.1523545706372,344.6786703601108,108.3601108033241,9
404,Nic Claxton,Brooklyn Nets,C,102,311,46,74,638.1,10,30,330.0,0,0,0.0,31,81,112,22,23,6,21,21,9,236,214,124,134,143.1494952731934,84.32687069379907,15.623137317737541,0.0,324.4002563691716,288.4185226726486,171.03252683864764,108.04871014260534,10
405,Nick Jr. Smith,Charlotte Hornets,G,77,177,26,75,328.9,9,10,187.5,16,40,271.2,2,18,20,17,11,2,7,0,-15,114,97,94,37,693.9173394848135,43.840830449826996,18.847750865051903,43.053440984236836,1220.7397154940409,1005.7397154940406,868.9104190695886,102.69550173010381,10
406,Nick Richards,Charlotte Hornets,C,94,247,39,53,745.5,16,18,575.0,0,0,0.0,18,51,69,8,24,5,10,4,-44,171,163,102,77,62.193771626297575,192.55017301038063,7.612456747404845,0.0,335.6851211072664,369.8650519031142,39.107266435986155,189.06920415224914,10
407,Nickeil Alexander-Walker,Minnesota Timberwolves,SG,111,226,40,84,511.5,8,10,350.0,23,52,542.3,3,17,20,21,15,7,10,4,69,152,131,132,41,301.3,19.038271604938274,23.938271604938272,13.0,568.6864197530864,400.60493827160496,445.30493827160495,67.05308641975309,10
408,Nicolas Batum,Philadelphia 76ers,PF,68,295,25,54,408.7,0,0,0.0,18,42,361.2,9,37,46,26,13,10,7,4,54,140,114,94,72,297.9343216363295,32.40607993995121,44.03527866391443,27.820604240945766,370.91161568774635,393.33083130043156,262.34490523550386,89.611559392006,10
409,Nikola Jokic,Denver Nuggets,C,297,365,117,198,594.3,49,63,830.8,14,35,490.9,25,101,126,92,27,19,35,7,107,515,423,389,218,588.9478737997257,118.50754458161866,103.687852461515,6.716049382716049,774.4125895442769,868.528120713306,438.85063252552965,278.1771071483006,10
410,Nikola Jovic,Miami Heat,F,113,230,41,83,483.4,12,12,500.0,19,51,359.1,4,43,47,23,17,8,7,2,41,183,160,136,70,509.0454152249135,48.59688581314879,32.75475778546713,21.0121107266436,638.8944636678199,702.625,442.083044982699,84.58347750865053,10
411,Nikola Vucevic,Chicago Bulls,C,170,319,69,136,487.1,18,23,510.7,14,35,448.3,25,78,103,32,18,5,13,8,-34,305,273,202,135,592.7557093425605,120.47681660899654,29.601384083044984,6.538408304498269,551.4692041522491,526.8477508650519,580.6228373702422,186.8325259515571,10
412,Noah Clowney,Brooklyn Nets,F,89,241,33,60,503.9,14,20,396.4,9,20,283.4,18,37,55,9,19,5,9,14,-52,153,144,98,64,513.8488765774084,101.12742382271469,7.620498614958449,11.930747922437673,959.3299476762081,903.1000307787011,560.1563558017851,118.67036011080332,10
413,Norman Powell,LA Clippers,G,133,278,46,102,464.3,21,25,435.7,20,48,378.0,2,21,23,11,15,5,6,1,69,167,156,144,34,256.77777777777777,18.37777777777778,6.9751111111111115,18.784,274.344,295.9111111111111,233.5217777777778,27.041777777777778,10
414,O.G. Anunoby,New York Knicks,SF,121,321,51,111,441.4,2,6,83.3,17,44,381.7,6,31,37,17,23,16,19,8,107,175,158,138,54,395.0,59.4140625,14.962890625,14.15625,352.509765625,346.2890625,393.150390625,82.447265625,10
415,Obi Toppin,Indiana Pacers,PF,115,183,46,72,683.4,9,10,550.0,14,31,459.5,11,29,40,21,15,10,9,8,51,176,155,136,61,303.7626886145404,58.12345679012345,28.574455113549757,12.564852918762384,563.2333485749124,538.2894375857339,355.3595488492608,60.04496265813138,10
416,Ochai Agbaji,Toronto Raptors,G,73,276,29,70,378.4,12,21,441.7,3,23,120.0,19,24,43,20,18,9,13,9,-49,136,116,93,63,169.09177990643798,81.98641122744488,24.728892849186906,2.594564490977946,484.5707284473157,362.01381153931834,241.11093784807306,157.25306304299397,10
417,Olivier Sarr,Oklahoma City Thunder,C,11,22,4,7,125.0,3,5,116.7,0,1,0.0,4,4,8,0,3,0,1,1,-14,19,19,11,8,41.0,8.265306122448981,0.0,0.0,73.55102040816327,73.55102040816327,41.0,8.265306122448981,3
418,OlivierMaxence Prosper,Dallas Mavericks,F,26,65,9,18,200.0,6,9,157.1,2,6,50.0,4,10,14,1,2,3,2,2,-25,41,40,27,15,206.84999999999997,35.25000000000001,0.8000000000000002,3.3388888888888886,430.59999999999997,401.8,229.25,42.45,5
419,Omer Yurtseven,Utah Jazz,C,103,206,47,80,571.4,8,9,450.0,1,7,50.0,25,40,65,14,13,4,10,7,-64,182,168,117,79,278.93603515625,87.259765625,17.041015625,0.900390625,637.20166015625,544.52197265625,326.79150390625,149.125,10
420,Onuralp Bitim,Chicago Bulls,SF,54,166,24,54,474.4,1,1,100.0,5,23,133.4,5,14,19,8,16,1,6,1,-56,81,73,62,27,280.4094674556213,51.17514792899408,5.836686390532545,4.813017751479291,548.9360946745562,513.9822485207101,299.7514792899408,72.62366863905325,10
421,Onyeka Okongwu,Atlanta Hawks,PF,147,296,61,89,703.8000000000001,16,22,492.9,9,19,466.6,32,44,76,11,28,7,5,15,4,234,223,158,87,308.4240362811791,185.95918367346937,9.244897959183675,5.6893424036281175,807.5192743764171,822.7913832199548,307.3560090702948,181.0,10
422,Orlando Robinson,Miami Heat,C,13,59,4,11,108.3,4,5,175.0,1,2,100.0,8,9,17,5,4,1,3,0,4,35,30,18,22,54.88750913075238,29.255661066471877,3.0379839298758218,0.8539079620160702,116.74579985390797,95.59824689554418,74.48502556610666,33.84368151935719,6
423,Oscar Tshiebwe,Indiana Pacers,C,3,5,1,3,33.3,1,2,50.0,0,0,0.0,2,0,2,0,1,0,0,1,8,5,5,3,2,0.25,0.0,0.0,0.0,0.25,0.25,0.25,0.0,1
424,Oshae Brissett,Boston Celtics,SF,39,128,15,34,385.1,6,16,190.0,3,8,250.0,15,17,32,9,9,2,5,4,23,80,71,48,41,68.5,83.19999999999999,4.902777777777778,2.125,212.1361111111111,233.29999999999998,59.06944444444444,76.36944444444444,10
425,Ousmane Dieng,Oklahoma City Thunder,F,28,95,10,25,324.4,4,4,200.0,4,14,220.0,1,7,8,14,3,3,7,3,14,50,36,42,22,132.82666666666665,6.8933333333333335,23.706666666666663,4.506666666666667,276.33333333333337,182.43999999999997,219.35999999999999,37.96000000000001,9
426,P.J. Tucker,LA Clippers,PF,25,180,9,20,280.0,0,0,0.0,7,12,466.7,7,24,31,6,15,7,2,3,6,62,56,31,37,101.07600000000001,41.8,2.416,6.164,152.964,149.31600000000003,105.68399999999998,43.25600000000001,10
427,P.J. Washington,Dallas Mavericks,PF,140,326,51,115,416.0,11,20,460.0,27,67,401.9,9,63,72,20,19,15,11,10,74,232,212,160,92,662.3584775086506,104.09688581314879,9.24567474048443,30.03806228373702,809.669204152249,764.2297577854671,689.0643598615917,132.07612456747404,10
428,Paolo Banchero,Orlando Magic,PF,228,364,76,191,403.5,63,77,809.9,13,56,247.7,8,72,80,56,16,5,30,8,14,364,308,284,136,361.0325443786983,101.31360946745562,31.138724523339906,4.36094674556213,592.4750164365549,511.02071005917156,398.75904010519395,176.1801446416831,10
429,Pascal Siakam,Indiana Pacers,PF,210,297,82,153,535.3,38,49,672.5,8,17,450.0,21,51,72,26,28,4,14,3,61,308,282,236,98,314.1697911903673,62.39292790733118,33.11995122694711,3.6000609663161103,428.4444444444446,343.2351775643956,330.13778387440937,164.754153330285,10
430,Pat Connaughton,Milwaukee Bucks,SG,54,241,18,56,363.0,10,13,400.0,8,38,202.2,9,21,30,29,19,6,7,3,-27,113,84,83,59,141.64567474048442,52.067820069204146,46.95847750865052,9.667820069204152,520.4768166089966,313.13217993079587,272.8643598615917,175.15224913494808,10
431,Patrick Baldwin Jr.,Washington Wizards,F,69,217,26,63,339.8,6,9,325.0,11,43,163.3,6,44,50,11,25,9,8,8,-19,130,119,80,61,499.89585399722284,153.1727831779409,25.023804800634792,19.240428486411425,1392.9890894663756,1141.6859750049591,673.3302916088078,256.06526482840707,10
432,Patrick Beverley,Milwaukee Bucks,PG,73,224,25,56,346.5,13,14,550.0,10,28,240.0,9,36,45,32,12,5,4,5,21,150,118,105,77,493.28892733564015,82.81314878892735,49.667820069204154,20.008650519031143,1028.2993079584776,813.3996539792387,652.6868512110726,187.9826989619377,10
433,Patrick Williams,Chicago Bulls,PF,6,24,2,9,22.2,2,2,100.0,0,5,0.0,0,6,6,2,5,0,2,2,-11,14,12,8,8,0.0,0.0,0.0,0.0,0.0,0.0,0.0,0.0,1
434,Patty Mills,Miami Heat,PG,56,177,19,63,271.8,11,11,400.0,7,42,145.8,4,6,10,19,12,11,7,0,37,85,66,75,29,258.9280217292893,10.018107741059303,16.254866455409687,6.1760977818017215,286.82707107288365,250.75056586690812,278.6912630149389,42.58623811679493,10
435,Paul George,LA Clippers,F,233,320,77,157,494.20000000000005,49,51,875.0,30,62,472.5,6,45,51,31,25,13,22,5,43,315,284,264,82,1010.8546703659665,112.9783326727441,35.813845950587925,38.582639714625444,1932.8863786497554,1532.7467300832343,1315.7294226449994,244.05707491082046,10
436,Paul Reed,Philadelphia 76ers,SF,84,204,37,64,648.1,8,13,233.3,2,5,150.0,21,40,61,14,21,10,9,14,69,159,145,98,75,71.21257761923636,66.36239926014005,36.63020214030915,1.657550535077289,294.56929581186415,210.5613687409169,117.77777777777779,140.4353283128551,10
437,Payton Pritchard,Boston Celtics,PG,150,263,62,115,476.7,7,8,350.0,19,51,304.2,8,23,31,56,14,8,9,0,101,237,181,206,87,1108.0640625,26.925,123.4765625,27.125,2104.2,1300.7515624999999,1841.425,220.4890625,10
438,Pete Nance,Cleveland Cavaliers,F,3,11,1,3,33.3,0,0,0.0,1,1,100.0,0,1,1,0,1,0,0,0,-18,4,4,3,1,8.027777777777779,0.44444444444444453,0.0,0.8919753086419753,12.25,12.25,8.027777777777779,0.44444444444444453,1
439,Peyton Watson,Denver Nuggets,F,60,209,25,53,415.5,9,14,450.0,1,10,33.3,11,42,53,17,21,4,7,22,7,130,113,77,70,138.58263971462546,68.0487514863258,21.709208614083764,1.0998810939357906,370.1241907781741,295.90844233055884,178.22843176113093,124.32791650151937,10
440,Precious Achiuwa,New York Knicks,PF,42,163,18,38,363.2,5,7,150.0,1,6,100.0,18,32,50,6,20,3,9,6,-57,98,92,48,56,372.15561224489795,145.92743764172334,14.940192743764172,1.0048185941043084,1097.3469387755101,927.7361111111111,482.172335600907,220.46173469387753,10
441,Quentin Grimes,Detroit Pistons,SG,82,213,26,80,296.2,19,24,525.0,11,50,200.0,2,27,29,19,13,7,9,4,-12,130,111,101,48,312.44628099173553,35.19834710743802,14.900826446280991,10.900826446280991,442.06611570247935,483.0495867768595,277.6942148760331,43.86776859504132,10
442,R. Rupert,Portland Trail Blazers,G,61,307,21,73,282.8,5,6,250.0,14,39,286.6,7,33,40,27,31,7,14,2,-63,128,101,88,67,86.92818885141837,36.64114263043047,30.48859353302916,16.885935330291606,150.15036699067642,96.18706605832178,121.80519738147194,86.21602856576078,10
443,RJ Barrett,Toronto Raptors,SG,244,335,96,172,560.7,39,56,647.3,13,36,325.0,11,50,61,45,26,6,34,5,-65,350,305,289,106,239.4140625,71.125,50.509765625,12.166015625,536.306640625,433.2265625,331.400390625,132.728515625,10
444,RaiQuan Gray,San Antonio Spurs,F,13,13,5,8,62.5,0,0,0.0,3,5,60.0,0,0,0,2,0,1,0,0,3,15,13,15,2,52.160493827160494,1.234567901234568,1.234567901234568,2.777777777777778,52.160493827160494,37.34567901234568,69.44444444444443,0.0,1
445,Reggie Bullock,Houston Rockets,SF,20,100,7,14,283.3,0,0,0.0,6,12,300.0,1,14,15,3,9,3,1,3,-30,38,35,23,18,108.86949375410912,28.944444444444443,2.131821170282709,8.510519395134779,217.7925706771861,201.74556213017752,126.66863905325444,29.3241288625904,10
446,Reggie Jackson,Denver Nuggets,PG,115,248,42,111,382.09999999999997,14,15,550.0,17,42,404.3,9,14,23,43,24,7,14,2,18,181,138,158,66,205.8431761130929,26.554234377064347,67.21878715814506,20.099220504690184,437.5530453164222,309.17056414321576,314.711586735368,113.28709208614083,10
447,Richaun Holmes,Washington Wizards,F,88,241,35,62,516.4,18,21,591.7,0,2,0.0,31,52,83,9,31,7,8,8,-2,180,171,97,92,289.8569488456315,267.74694431869625,7.027161611588955,0.004526935264825713,982.0,910.5165233137166,326.7682209144409,309.3463105477592,10
448,Ricky IV Council,Philadelphia 76ers,G,51,100,16,38,394.9,13,19,408.3,6,14,333.3,2,5,7,9,8,6,1,1,22,67,58,60,16,131.12345679012344,7.790123456790124,8.944444444444445,4.40877914951989,238.94444444444446,172.0,193.21604938271605,21.586419753086417,10
449,Robin Lopez,Milwaukee Bucks,C,6,23,3,9,37.5,0,0,0.0,0,2,0.0,1,0,1,1,3,1,0,2,-16,8,7,7,2,21.92,0.52,0.6800000000000002,0.0,24.48,29.0,18.28,0.32000000000000006,2
450,Royce O'Neale,Phoenix Suns,PF,75,236,28,63,398.3,2,2,100.0,17,46,341.6,8,42,50,22,16,9,6,5,27,147,125,97,72,302.68110087110216,72.02019946976392,19.618230021461937,20.750536548415603,696.7725034717839,537.8882716828683,415.5269536674662,137.6768084837773,10
451,Rudy Gobert,Minnesota Timberwolves,C,153,349,59,79,734.0,35,61,483.8,0,0,0.0,41,96,137,20,33,10,16,23,32,310,290,173,157,348.3908800900732,118.33120660536686,18.22705948583224,0.0,716.0097579283167,706.9341339838619,341.0082567085757,153.01651341715146,10
452,Rui Hachimura,Los Angeles Lakers,PF,186,319,72,124,601.6,20,25,650.0,22,44,457.8,15,57,72,15,15,3,5,7,21,273,258,201,87,547.1383219954649,169.60204081632656,18.739512471655328,36.94444444444445,1030.655612244898,962.2913832199547,587.125,216.71910430839003,10
453,Russell Westbrook,LA Clippers,PG,113,216,44,94,466.6,20,27,591.7,5,16,216.7,13,36,49,50,18,9,26,2,41,212,162,163,99,270.612188365651,153.29301323484148,150.01231148045554,6.537703908895045,1153.600492459218,577.6078793474915,560.4656817482303,589.4444444444445,10
454,Ryan Arcidiacono,New York Knicks,G,0,5,0,1,0.0,0,0,0.0,0,1,0.0,0,0,0,0,1,1,0,0,3,0,0,0,0,0.0,0.0625,0.0,0.0,0.0625,0.0625,0.0,0.0625,1
455,Saben Lee,Phoenix Suns,G,35,98,9,28,194.29999999999998,15,20,416.7,2,9,83.3,3,15,18,17,6,4,2,0,11,70,53,52,35,203.5432098765432,34.91358024691358,15.0,1.6543209876543208,435.3580246913581,383.3580246913581,234.5432098765432,70.9135802469136,8
456,Saddiq Bey,Atlanta Hawks,SF,146,337,48,125,372.4,31,35,800.0,19,59,298.4,29,32,61,14,7,4,10,4,-23,221,207,160,75,398.90000000000003,67.125,9.625,14.9,439.4000000000001,478.32500000000005,362.225,74.5,10
457,Sam Hauser,Boston Celtics,SF,114,257,42,106,441.7,2,2,100.0,28,75,405.1,6,33,39,19,12,7,2,2,103,172,153,133,58,410.4000771604938,25.168595679012345,16.946373456790123,32.298225308641975,420.8445216049383,454.9027777777778,370.4567901234568,48.0,10
458,Sam Merrill,Cleveland Cavaliers,SG,76,196,23,65,254.6,7,8,466.7,23,62,263.4,3,17,20,22,13,2,3,0,-18,118,96,98,42,466.625,22.062326869806093,33.74653739612188,50.31717451523546,779.2953601108034,643.7136426592798,576.3978531855955,81.61772853185596,10
459,Samardo Samuels,Houston Rockets,F,0,6,0,1,0.0,0,0,0.0,0,0,0.0,1,1,2,0,0,0,0,0,-5,2,2,0,2,1.0,2.25,0.0,0.0,0.25,0.25,1.0,2.25,1
460,Sandro Mamukelashvili,San Antonio Spurs,PF,90,207,35,70,479.7,12,15,450.0,8,23,226.6,23,57,80,20,13,1,8,4,22,190,170,110,100,391.85255198487715,206.82041587901702,13.531190926275992,9.965973534971644,905.2930056710776,810.6654064272211,420.95274102079395,285.8790170132325,10
461,Santi Aldama,Memphis Grizzlies,PF,116,316,42,90,459.2,13,20,450.0,19,52,309.5,11,56,67,23,14,10,7,16,-91,206,183,139,90,464.97257653061223,94.125,18.288903061224488,31.887755102040817,898.1326530612246,764.936862244898,555.9005102040816,154.68176020408163,10
462,Sasha Vezenkov,Sacramento Kings,F,38,81,12,31,213.9,5,5,200.0,9,23,251.2,0,10,10,5,10,4,1,0,25,53,48,43,15,55.75,3.734375,3.484375,7.845486111111111,99.75,69.609375,84.109375,9.0,7
463,Scoot Henderson,Portland Trail Blazers,G,186,351,70,168,416.2,22,28,706.7,24,63,380.7,8,27,35,84,34,12,55,2,-154,305,221,270,119,255.1940253010212,44.53086419753086,121.11812223746381,26.910531931108068,492.01112635269016,303.48071940253004,459.54061880810843,149.8327998780674,10
464,Scottie Barnes,Toronto Raptors,SF,179,333,70,155,460.1,33,39,674.9,6,36,159.89999999999998,28,63,91,75,18,13,31,14,21,345,270,254,166,391.6640625,102.8515625,85.6640625,4.8515625,827.2890625,587.40625,576.65625,243.40625,10
465,Scotty Pippen Jr.,Memphis Grizzlies,G,145,270,55,116,437.1,20,23,585.7,15,42,317.9,10,20,30,43,30,22,32,5,-68,218,175,188,73,607.8469387755102,34.11479591836735,28.18622448979592,12.512755102040815,1009.9183673469388,784.125,803.4413265306123,92.5,10
466,Seth Curry,Charlotte Hornets,SG,81,181,29,67,372.5,14,15,566.7,9,31,256.6,4,15,19,17,7,5,7,3,-33,117,100,98,36,233.0,12.900826446280993,16.140495867768593,4.900826446280991,334.3388429752066,276.08264462809916,269.8677685950413,50.429752066115704,10
467,Shai Gilgeous-Alexander,Oklahoma City Thunder,PG,249,334,87,182,477.6,65,80,810.0,10,40,278.3,9,47,56,48,20,17,23,6,59,353,305,297,104,601.3852157943066,46.40036730945822,49.3852157943067,4.918273645546373,991.4003673094585,787.2933884297521,795.0,106.27777777777777,10
468,Shake Milton,New York Knicks,SG,49,126,21,46,431.1,2,3,66.7,5,12,250.0,9,19,28,15,12,4,5,2,-6,92,77,64,43,168.13609467455623,82.63017751479289,18.28994082840237,8.869822485207102,562.7485207100592,440.9378698224852,242.85207100591717,148.0147928994083,10
469,Sidy Cissoko,San Antonio Spurs,G,32,77,12,19,203.8,7,9,171.4,1,6,33.3,7,5,12,5,12,1,1,1,-5,49,44,37,17,155.65,15.3125,8.05,0.8000000000000002,351.41249999999997,265.8125,223.4,41.212500000000006,5
470,Simone Fontecchio,Detroit Pistons,F,158,307,55,116,455.5,19,21,616.7,29,65,413.2,8,41,49,16,20,10,13,5,5,223,207,174,65,506.0,36.90963139120095,14.430439952437576,30.11296076099881,589.4708680142687,547.3923900118907,538.8442330558859,60.574316290130795,10
471,Skylar Mays,Los Angeles Lakers,SG,8,34,4,10,170.0,0,0,0.0,0,3,0.0,0,1,1,3,2,3,2,1,-3,12,9,11,4,16.807492195629553,0.8085327783558792,3.1061394380853278,0.0,16.48907388137357,19.05202913631634,15.455775234131114,2.7034339229968785,4
472,Spencer Dinwiddie,Los Angeles Lakers,PG,78,256,20,53,315.5,22,24,650.0,16,40,335.0,3,24,27,19,21,6,12,6,25,124,105,97,46,276.5,39.441403926234386,45.76591314693635,16.457168352171326,625.116002379536,460.6487209994051,427.6317668054729,98.54283164782868,10
473,Stanley Umude,Detroit Pistons,G,49,150,16,39,260.4,8,9,366.7,9,25,243.3,5,16,21,3,15,4,4,2,-32,73,70,52,24,177.08,44.0,1.9200000000000002,10.88,278.68,272.78,180.88,48.02,8
474,Stephen Curry,Golden State Warriors,PG,238,329,84,183,479.8,25,27,758.3,45,104,464.7,2,43,45,67,14,6,26,6,94,350,283,305,112,441.43424036281175,55.86196145124716,42.30498866213153,28.909580498866216,393.94019274376416,439.97760770975054,384.55102040816325,109.01275510204083,10
475,Svi Mykhailiuk,Boston Celtics,SG,71,149,25,47,692.1,3,3,200.0,18,35,593.2,3,14,17,14,7,1,3,0,98,102,88,85,31,409.9190520160049,14.694675284702985,16.69559864573715,27.94459833795014,685.8534933825794,538.6537396121884,545.88027085257,42.628808864265935,10
476,T. Vukcevic,Washington Wizards,PF,85,143,29,65,303.7,17,22,427.8,10,35,215.3,6,26,32,13,27,4,9,6,29,130,117,98,45,371.53739612188366,62.60941828254847,13.550554016620497,7.517313019390581,640.7804709141274,532.8060941828254,431.75,123.92174515235456,7
477,T.J. McConnell,Indiana Pacers,PG,149,202,69,117,593.5,5,5,300.0,6,11,325.0,3,23,26,63,17,5,13,1,48,238,175,212,89,166.64760026298487,20.407955292570676,46.29651545036161,8.557856673241288,262.5,147.3862590401052,245.80539119000656,102.66042077580539,10
478,T.J. Warren,Minnesota Timberwolves,SF,37,119,16,39,361.2,3,4,150.0,2,13,83.3,5,16,21,7,11,3,4,1,45,65,58,44,28,69.52423822714681,19.529778393351798,7.592797783933518,1.592797783933518,109.41551246537396,121.65650969529088,54.427285318559555,29.97853185595568,9
479,Taj Gibson,Detroit Pistons,F,16,32,7,11,183.4,0,0,0.0,2,4,100.0,1,6,7,2,3,1,0,1,6,25,23,18,9,29.0,13.32,2.7200000000000006,0.7866666666666666,92.48,66.18666666666667,44.25333333333333,27.08,3
480,Taj Gibson,New York Knicks,F,2,68,0,9,0.0,2,2,100.0,0,2,0.0,4,6,10,4,8,1,3,0,2,16,12,6,14,37.0,10.088888888888889,1.1555555555555557,1.088888888888889,39.00000000000001,39.622222222222206,32.02222222222222,15.600000000000001,5
481,Talen Horton-Tucker,Utah Jazz,SG,109,209,39,102,368.0,16,19,538.1,15,44,351.6,1,17,18,22,19,9,10,4,-48,149,127,131,40,404.136,21.664,35.924,10.756,625.3000000000001,551.704,466.644,68.676,10
482,Taurean Prince,Los Angeles Lakers,PF,77,210,27,62,409.5,8,10,266.7,15,34,391.6,5,26,31,12,11,5,14,2,6,120,108,89,43,273.1583079634674,41.255728248678096,19.602307322544462,18.510014420765902,422.23073225444637,343.7868931261016,324.0594456016664,88.40073706136837,10
483,Taylor Hendricks,Utah Jazz,F,90,255,33,70,482.5,4,6,216.7,20,42,510.0,9,39,48,14,17,8,6,7,-57,152,138,104,62,238.3346222486615,53.025580011897674,12.201070791195718,14.786734086853063,225.76710291493157,228.66537775133847,236.08834027364662,64.57465794170136,10
484,Taze Moore,Portland Trail Blazers,G,2,5,1,1,100.0,0,0,0.0,0,0,0.0,0,0,0,1,0,0,1,0,7,3,2,3,1,1.44,0.0,0.6400000000000001,0.0,4.0,1.44,4.0,0.6400000000000001,1
485,Terance Mann,LA Clippers,SG,97,219,39,59,645.5,11,13,525.0,8,20,461.9,10,26,36,10,24,5,9,0,8,143,133,107,46,294.81111111111113,80.57777777777778,8.445679012345678,5.95679012345679,631.2864197530864,596.2777777777778,330.3827160493827,88.46049382716049,10
486,Terquavion Smith,Philadelphia 76ers,G,45,65,16,37,307.8,2,3,100.0,11,28,266.6,0,3,3,11,5,8,5,0,6,59,48,56,14,226.77777777777777,1.7777777777777781,18.975308641975303,20.123456790123456,234.71604938271605,224.11111111111114,237.90123456790127,20.234567901234566,7
487,Terry Rozier,Miami Heat,SG,188,305,68,150,442.8,15,16,466.7,37,74,449.4,2,29,31,31,14,12,12,3,40,250,219,219,62,683.6591836734694,25.0,25.765306122448976,77.26122448979592,794.9469387755103,827.7163265306122,646.1755102040817,55.479591836734706,10
488,Terry Taylor,Chicago Bulls,F,15,56,5,10,325.0,3,4,150.0,2,3,150.0,4,10,14,3,1,2,0,0,-15,32,29,18,17,20.88823959094229,35.125639152666174,3.509130752373996,1.7983929875821767,117.36084733382029,97.06866325785245,26.967129291453613,52.848064280496715,5
489,Thaddeus Young,Phoenix Suns,F,16,74,8,17,225.0,0,2,0.0,0,1,0.0,15,10,25,6,7,5,2,0,8,47,41,22,31,29.48375,63.66000000000001,6.24,0.0,143.84375,129.78374999999997,44.10375,69.34,6
490,Thaddeus Young,Phoenix Suns,PF,21,74,10,12,341.7,1,3,50.0,0,1,0.0,6,13,19,7,5,2,3,1,-21,47,40,28,26,38.272499999999994,29.640000000000004,9.959999999999999,0.0,148.3125,100.4225,65.40249999999999,60.36000000000001,4
491,Thanasis Antetokounmpo,Milwaukee Bucks,SF,14,55,7,13,366.7,0,2,0.0,0,1,0.0,2,1,3,5,8,2,4,1,-16,22,17,19,8,26.787158145065394,1.7158145065398338,1.8038049940546965,0.0,34.349583828775266,28.759809750297265,32.61474435196195,3.281807372175981,7
492,Theo Maledon,Phoenix Suns,PG,5,10,1,2,50.0,3,3,100.0,0,0,0.0,0,1,1,0,3,0,3,0,-11,6,6,5,1,14.0625,0.5625,0.0,0.0,20.25,20.25,14.0625,0.5625,1
493,Thomas Bryant,Miami Heat,C,94,144,35,60,528.3,20,21,775.0,4,14,233.3,12,42,54,7,17,4,6,8,58,155,148,101,61,499.88946280991746,100.38429752066116,8.116735537190083,4.410123966942149,953.5619834710743,885.6745867768595,563.0123966942149,113.26549586776859,10
494,Tim Hardaway Jr.,Dallas Mavericks,SF,97,222,35,87,391.3,9,11,316.7,18,54,327.5,2,25,27,20,9,3,7,1,13,144,124,117,47,270.25259515570934,12.141868512110726,30.112110726643593,11.738408304498268,490.4678200692041,334.7543252595156,426.1031141868512,42.11695501730104,10
495,Tobias Harris,Philadelphia 76ers,PF,176,339,67,143,473.9,23,27,810.0,19,45,373.6,14,66,80,28,17,6,13,13,33,284,256,204,108,149.192033293698,70.67538644470868,15.638525564803805,25.779429250891795,216.7663495838288,160.3929845422117,196.2074910820452,95.6718192627824,10
496,Tony Allen,Memphis Grizzlies,F,12,100,6,21,125.0,0,0,0.0,0,7,0.0,4,12,16,4,15,2,2,0,-59,32,28,16,20,12.444444444444446,8.284444444444444,2.017777777777778,0.0,34.07111111111111,20.01777777777778,22.64,14.16,4
497,Torrey Craig,Chicago Bulls,SF,39,156,14,31,383.7,4,5,250.0,7,15,375.0,7,27,34,7,15,4,5,3,4,80,73,46,41,133.2524238227147,172.4556786703601,9.850761772853184,10.706371191135734,580.0124653739612,464.63192520775624,191.56232686980607,239.37707756232686,10
498,Tosan Evbuomwan,Detroit Pistons,F,84,276,29,53,552.3,17,25,508.4,9,23,390.0,10,34,44,10,17,5,8,4,-96,138,128,94,54,125.78092461474385,43.12952936276552,10.066638900458145,7.008329862557268,264.558100791337,237.48604748021654,150.0,56.04914618908788,10
499,Toumani Camara,Portland Trail Blazers,F,88,292,35,67,507.2,8,9,350.0,10,26,336.6,19,23,42,22,26,8,13,8,-36,152,130,110,64,287.70000000000005,51.93611111111112,28.402777777777775,8.002777777777778,547.7,471.46944444444443,351.46944444444443,92.8,10
500,Trae Young,Atlanta Hawks,PG,187,330,58,141,454.1,47,57,850.1,24,75,373.0,2,25,27,103,20,8,45,1,-54,317,214,290,130,605.9529085872575,10.612188365650969,50.61218836565097,13.396121883656509,667.9529085872578,505.8781163434902,779.2520775623269,50.0,10
501,Trayce JacksonDavis,Golden State Warriors,F,108,258,47,73,629.8,14,22,360.0,0,1,0.0,32,53,85,19,13,9,11,18,10,212,193,127,104,260.1368740916898,87.24388954947814,21.68014268727705,0.0,311.73365041617114,254.21997621878722,305.1796802748051,121.39490025102393,10
502,Tre Jones,San Antonio Spurs,PG,106,339,44,95,424.8,7,11,258.3,11,31,275.0,12,45,57,68,12,11,21,2,15,231,163,174,125,219.40005165289256,84.00929752066118,69.65289256198346,10.986828512396695,555.608729338843,348.10459710743805,328.65625,251.91012396694217,10
503,Tre Mann,Charlotte Hornets,PG,113,312,41,93,454.59999999999997,18,22,588.3,13,38,366.7,4,32,36,53,12,20,27,3,-56,202,149,166,89,226.602604494854,12.034866624658685,26.138836378911993,14.106070153329133,387.45515647973116,253.12854442344047,355.77777777777777,43.32514177693761,10
504,Trendon Watford,Brooklyn Nets,PF,120,253,45,87,520.9,22,33,493.8,8,20,290.0,8,47,55,21,24,6,23,6,-71,196,175,141,76,341.3663955564372,153.76770482047215,31.30708192818885,5.7905177544138065,881.1628645110098,726.4604245189445,401.62130529656815,279.52231700059514,10
505,Trent Forrest,Atlanta Hawks,G,24,139,11,29,366.6,2,3,100.0,0,3,0.0,5,11,16,37,3,4,8,2,-26,77,40,61,53,30.403305785123965,10.87603305785124,64.53719008264463,0.0,145.77355371900825,32.4,125.26446280991736,93.92561983471073,10
506,Trevelin Queen,Orlando Magic,SG,0,13,0,3,0.0,0,0,0.0,0,2,0.0,0,1,1,1,1,0,0,0,-17,2,1,1,2,0.0,0.625,0.78125,0.0,0.03125,0.625,0.78125,0.03125,2
507,Trey Jemison,Memphis Grizzlies,C,79,276,34,66,475.5,11,12,550.0,0,0,0.0,36,31,67,14,25,5,16,14,-60,160,146,93,81,263.75765306122446,78.51275510204081,8.53061224489796,0.0,517.4795918367346,519.5612244897959,245.7576530612245,102.96173469387756,10
508,Trey Lyles,Sacramento Kings,PF,70,200,25,60,378.9,6,9,225.0,14,39,324.2,11,28,39,14,11,4,8,5,33,123,109,84,53,247.44329104190695,68.0242214532872,24.409842368319875,10.684352172241445,581.2145328719723,421.2529796232218,398.3944636678201,101.44444444444444,10
509,Trey Murphy III,New Orleans Pelicans,SG,188,385,58,123,467.9,36,40,848.2,36,86,417.3,11,61,72,30,14,13,7,2,9,290,260,218,102,458.49387703572773,45.63943946471406,12.920338341118546,29.002146193662412,599.4826410806716,519.9058199722256,518.6304759500063,78.0,10
510,Tristan Thompson,Cleveland Cavaliers,C,24,89,11,22,301.3,2,8,100.0,0,0,0.0,14,17,31,9,8,3,4,3,-42,64,55,33,40,64.44897959183672,31.653061224489793,3.216576426488963,0.0,132.40899625156186,139.3265306122449,57.44398167430238,34.95710120783007,8
511,Troy Brown Jr.,Detroit Pistons,SF,50,258,17,60,238.4,7,8,350.0,9,30,204.1,8,33,41,12,9,14,7,0,-65,103,91,62,53,157.29212577264178,29.221445847890354,15.627519484009674,21.112872883633436,210.5764579414136,172.05724267669981,175.52163396936308,65.1386723998925,10
512,TyTy Washington Jr.,Milwaukee Bucks,G,5,31,2,9,70.0,0,0,0.0,1,4,100.0,1,2,3,3,1,1,0,0,-2,11,8,8,6,6.920000000000002,2.27,3.6875,0.7200000000000002,21.6875,16.75,12.5075,5.307499999999999,3
513,Tyler Herro,Miami Heat,PG,206,335,74,160,459.8,32,36,691.7,26,72,382.0,2,49,51,48,16,1,22,1,64,305,257,254,99,254.27777777777774,16.91111111111111,31.777777777777775,10.57777777777778,306.1,292.27777777777777,259.61111111111114,57.17777777777778,10
514,Tyrese Haliburton,Indiana Pacers,PG,187,319,64,136,466.4,27,32,803.4,32,84,363.7,3,36,39,92,15,14,21,7,86,318,226,279,131,482.59959520998484,39.0,79.78242536684095,28.776859504132233,588.8304941811435,606.9502445606341,490.34997470062405,92.91229549671108,10
515,Tyrese Maxey,Philadelphia 76ers,PG,272,394,101,217,465.7,40,47,775.0,30,86,370.3,4,31,35,59,22,11,12,5,77,366,307,331,94,1280.9537197231834,64.51946366782006,98.93814878892734,22.48659169550173,1914.2478373702422,1666.2456747404844,1442.0103806228371,250.4031141868512,10
516,Tyus Jones,Washington Wizards,PG,91,313,36,84,402.0,4,4,300.0,15,43,360.8,3,22,25,97,4,9,13,2,-70,213,116,188,122,345.04336734693874,43.53316326530612,160.5,20.959183673469386,776.265306122449,542.0510204081633,542.9719387755102,240.3188775510204,10
517,Udoka Azubuike,Phoenix Suns,C,2,11,1,3,33.3,0,2,0.0,0,0,0.0,2,4,6,0,1,0,0,0,-3,8,8,2,6,3.305785123966942,28.76859504132231,0.0,0.0,51.578512396694215,51.578512396694215,3.305785123966942,28.76859504132231,1
518,Vasilije Micic,Charlotte Hornets,G,91,279,33,88,344.9,13,17,425.0,12,42,264.0,3,19,22,77,19,9,23,1,-74,190,113,168,99,235.8982965086861,22.1106426041491,136.75307809074042,11.749030190588634,667.265306122449,288.0740428402766,564.793388429752,209.15989205599598,10
519,Victor Wembanyama,San Antonio Spurs,C,260,332,92,197,488.0,49,65,697.5,27,81,334.3,26,96,122,61,17,11,48,41,0,443,382,321,183,816.5710059171597,226.5828402366864,27.590401051939516,30.143655489809333,1795.7797501643656,1684.9822485207103,864.8339907955293,316.70775805391196,10
520,Vince Williams Jr.,Memphis Grizzlies,G,127,336,42,92,459.70000000000005,30,38,723.3,13,34,328.8,8,54,62,61,30,12,34,9,-54,250,189,188,123,231.93628808864267,72.8808864265928,35.61495844875347,18.00831024930748,492.2326869806094,474.07479224376726,226.76454293628805,131.82548476454295,10
521,Vit Krejci,Atlanta Hawks,G,63,237,24,45,483.7,1,1,100.0,14,30,320.8,4,21,25,19,23,6,8,0,-32,107,88,82,44,440.51836734693876,28.518367346938774,7.979591836734694,32.60408163265306,587.9795918367347,541.1999999999999,486.0163265306122,37.779591836734696,10
522,Walker Kessler,Utah Jazz,C,72,234,31,42,737.5,10,12,500.0,0,0,0.0,22,52,74,12,20,3,11,12,-77,158,146,84,86,107.6064272961714,126.54671692124577,7.620313429875025,0.0,303.70283673874235,272.61456060305494,118.40388811743702,154.45784566554255,10
523,Wendell Carter Jr.,Orlando Magic,C,102,251,38,77,519.3,12,18,340.4,14,39,360.8,22,52,74,18,22,11,11,5,14,194,176,120,92,191.6077551674411,134.5185066495754,24.10767505207499,13.015542381028682,770.608235859638,584.4656305079315,290.6409229290178,245.73561929178015,10
524,Wendell Moore Jr.,Minnesota Timberwolves,G,4,13,2,3,150.0,0,0,0.0,0,0,0.0,0,5,5,2,1,0,0,0,15,11,9,6,7,4.776859504132231,8.867768595041323,2.7530991735537196,0.0,39.856404958677686,26.289256198347108,11.323347107438018,18.641528925619834,2
525,Wenyen Gabriel,Memphis Grizzlies,F,17,81,8,22,168.3,0,5,0.0,1,6,50.0,7,18,25,3,10,2,8,2,-16,45,42,20,28,59.72702331961591,43.6159122085048,4.060356652949245,0.879286694101509,182.2098765432099,171.6858710562414,60.574759945130324,57.352537722908096,5
526,Wesley Matthews,Atlanta Hawks,SG,53,141,18,39,456.1,4,4,200.0,13,25,470.0,5,15,20,9,13,6,2,4,-15,82,73,62,29,116.19117123531507,30.911356354574583,13.11107155571378,8.223923104307584,189.41117835528658,182.96440014239943,119.76076895692418,46.8996084015664,10
527,Xavier Moon,LA Clippers,G,10,44,5,15,118.3,0,0,0.0,0,5,0.0,4,4,8,8,3,1,2,1,-17,26,18,18,16,23.08938271604938,11.548641975308644,20.363456790123458,0.0,130.8177777777778,52.16493827160494,75.90123456790124,57.75308641975309,4
528,Xavier Tillman,Boston Celtics,F,44,114,19,37,492.7,1,3,50.0,5,14,223.3,4,16,20,12,6,4,2,4,4,76,64,56,32,115.93926363880678,29.936576189196458,3.7033055630206935,4.796291319537759,182.45686643375436,178.40687987100242,119.5554958344531,34.073636119322764,10
529,Yuta Watanabe,Memphis Grizzlies,SF,22,97,10,24,250.0,0,2,0.0,2,12,64.3,0,11,11,5,6,5,4,0,-36,38,33,27,16,115.08000000000001,11.27,3.75,1.4800000000000004,136.28,131.43,116.23000000000002,18.72,7
530,Zach Collins,San Antonio Spurs,PF,115,201,44,91,452.0,19,25,683.4,8,24,240.0,15,40,55,28,22,3,17,9,-28,198,170,143,83,346.0605090687395,61.655387898186255,15.664075598231975,7.812223746380125,537.9725651577503,586.677335771986,330.2516384697455,44.42356348117664,10
531,Zavier Simpson,Memphis Grizzlies,G,34,139,13,46,142.7,3,4,75.0,5,16,108.3,4,15,19,22,10,7,10,3,-26,75,53,56,41,173.45179584120984,35.030245746691875,5.5803402646502835,8.924385633270322,307.24196597353495,254.44045368620039,215.14555765595463,51.71833648393195,6
532,Zeke Nnaji,Denver Nuggets,PF,28,106,11,17,516.7,5,9,250.0,1,2,100.0,6,15,21,6,12,2,0,7,6,55,49,34,27,42.724523339907954,25.710059171597635,6.4010519395134775,0.9000657462195923,125.44444444444444,112.01643655489809,45.41091387245233,42.852728468113085,10
533,Ziaire Williams,Memphis Grizzlies,F,103,270,39,94,389.0,13,16,421.4,12,46,213.7,6,38,44,20,15,12,15,0,-39,167,147,123,64,552.1,32.4,24.0,17.599999999999998,788.1,632.1,714.1,50.4,10
534,Zion Williamson,New Orleans Pelicans,PF,271,355,100,185,553.9,70,99,702.2,1,3,50.0,13,41,54,51,22,20,33,10,34,376,325,322,105,338.7419073885905,74.44679924517347,49.62186093772681,0.9407751487879228,601.1844970242415,453.9844679924518,476.1602554797503,133.85034112353026,10
