,First Last Name,team,position,points,minutes,fgm,fga,fgp,ftm,fta,ftp,tpm,tpa,tpp,offReb,defReb,totReb,assists,pFouls,steals,turnovers,blocks,plusMinus,Points_Rebounds_Assist,Points_Rebounds,Points_Assist,Rebounds_Assist,points_deviation,totReb_deviation,assists_deviation,tpm_deviation,Points_Rebounds_Assist_deviation,Points_Rebounds_deviation,Points_Assist_deviation,Rebounds_Assist_deviation,count
0,A. Flagler,Oklahoma City Thunder,F,3,15,1,7,25.0,0,0,0.0,1,6,33.3,0,0,0,4,0,0,0,0,0,7,3,7,4,6.12,0.0,2.7200000000000006,0.6800000000000002,17.0,6.12,17.0,2.7200000000000006,2
1,A.J. Green,Milwaukee Bucks,G,48,151,16,39,337.6,2,3,100.0,14,34,278.1,2,10,12,3,9,4,5,2,42,63,60,51,15,198.0173611111111,19.95679012345679,4.111111111111112,26.40933641975309,317.1963734567901,284.63155864197535,221.65625,32.99382716049383,10
2,A.J. Lawson,Dallas Mavericks,G,40,98,17,45,378.5,4,8,200.0,2,16,100.0,4,16,20,8,6,1,3,1,-21,68,60,48,28,158.79716784673053,48.59891711786755,7.652644731361933,1.8533944189920866,363.3844231570179,295.9591836734694,196.05164514785503,86.42232403165346,10
3,AJ Griffin,Atlanta Hawks,F,11,38,5,17,61.9,0,0,0.0,1,6,100.0,0,4,4,1,0,0,2,1,-23,16,15,12,5,25.0,8.5,0.5555555555555556,0.5555555555555556,20.05555555555556,18.5,22.222222222222214,13.388888888888891,2
4,Aaron Gordon,Denver Nuggets,PF,146,320,54,101,562.5,31,45,569.6,7,22,266.6,27,37,64,53,20,6,13,7,82,263,210,199,117,312.3316289262235,50.778670562454344,46.074872169466765,6.275383491599708,388.63002191380576,481.8699780861943,244.5,71.44521548575604,10
5,Aaron Holiday,Houston Rockets,G,62,145,24,53,338.1,6,6,200.0,8,26,213.3,5,8,13,14,18,5,6,0,-8,89,75,76,27,373.72985397512167,24.104380746349378,7.463493780421849,7.769605191995674,603.0797728501893,544.5865332612223,420.85478637101136,42.93618171984857,10
6,Aaron Nesmith,Indiana Pacers,SF,115,290,42,87,528.1,17,17,700.0,14,46,321.2,9,34,43,18,34,5,8,5,49,176,158,133,61,130.21598799024207,8.51660724338525,15.897917057609307,17.135672734096453,147.74179020454116,147.24413586038656,136.2182398198536,18.909926815537624,10
7,Aaron Wiggins,Oklahoma City Thunder,SG,121,231,48,92,522.4,14,16,616.7,11,23,458.3,8,22,30,24,19,17,10,4,63,175,151,145,54,535.0595155709343,24.326643598615917,28.799999999999997,10.977854671280276,772.3854671280277,623.7031141868513,702.0242214532872,34.84429065743946,10
8,Adama Sanogo,Chicago Bulls,C,26,51,10,23,84.4,6,9,66.7,0,0,0.0,16,11,27,0,5,1,4,0,9,53,53,26,27,375.48582230623816,291.3213610586011,0.0,0.0,1324.9168241965976,1324.9168241965976,375.48582230623816,291.3213610586011,3
9,Admiral Schofield,Orlando Magic,SF,8,18,3,6,116.7,0,0,0.0,2,4,150.0,0,4,4,1,1,1,0,0,-20,13,12,9,5,15.948870392390013,0.8763376932223544,0.6682520808561238,0.8097502972651605,22.0,19.15101070154578,17.428061831153386,2.914387633769322,3
10,Al Horford,Boston Celtics,C,113,265,44,75,622.6,5,6,250.0,20,43,495.0,12,42,54,21,11,5,10,7,75,188,167,134,75,273.3370986920333,38.966111771700355,9.05410225921522,14.002972651605234,333.6010701545779,350.2294887039239,260.91795481569557,43.81093935790725,10
11,Alec Burks,New York Knicks,SG,57,130,17,59,227.7,13,16,471.4,10,32,259.9,1,17,18,11,3,5,6,0,-2,86,75,68,29,289.8632088148347,18.807847352862133,13.03547433485622,8.526740123622682,476.8589088954582,432.7350174684225,332.3961300725611,33.43429185702768,10
12,Aleksej Pokusevski,Charlotte Hornets,F,84,194,27,62,478.9,19,27,475.0,11,28,356.6,6,42,48,12,8,4,8,6,9,144,132,96,60,110.94972708991669,40.65900603274921,9.282390117782246,5.4550416546969265,193.28066647515084,221.8937087043953,96.20626256822753,36.07181844297616,10
13,Alex Caruso,Chicago Bulls,SG,112,335,40,79,518.5,5,6,250.0,27,51,501.1,8,36,44,56,22,22,18,6,-9,212,156,168,100,191.02291299471239,26.84153180580035,51.25332478769428,29.383271911552633,355.62762377824066,273.84970357314535,248.12177535651338,102.77391443678898,10
14,Alex Fudge,Dallas Mavericks,F,11,26,5,9,55.6,0,0,0.0,1,3,33.3,2,1,3,0,1,3,1,0,-19,14,14,11,3,67.22222222222223,0.5555555555555556,0.0,0.5555555555555556,80.0,80.0,67.22222222222223,0.5555555555555556,2
15,Alex Len,Sacramento Kings,C,17,106,7,11,466.7,3,6,100.0,0,0,0.0,9,17,26,18,22,1,6,8,35,61,43,35,44,35.19248076643925,34.43344462186094,11.895775874582668,0.0,61.06619248076644,82.25185077660038,20.848744375090725,39.487298591958194,10
16,Alondes Williams,Miami Heat,G,0,6,0,1,0.0,0,0,0.0,0,1,0.0,0,1,1,0,0,0,1,0,-2,1,1,0,1,0.765625,0.87890625,0.0,0.0,0.00390625,0.00390625,0.765625,0.87890625,1
17,Alperen Sengun,Houston Rockets,C,209,324,81,157,512.7,43,68,622.9,4,12,200.0,39,68,107,45,36,16,26,7,2,361,316,254,152,847.1723356009071,197.81632653061226,123.77551020408163,4.408163265306122,1935.0226757369614,1622.4580498866212,993.7777777777778,487.5510204081633,10
18,Amari Bailey,Charlotte Hornets,G,18,40,6,15,123.3,5,5,200.0,1,5,50.0,4,3,7,6,2,3,3,0,9,31,25,24,13,98.33333333333334,21.854166666666668,20.020833333333336,0.8541666666666665,347.41666666666674,211.6875,197.1875,78.75000000000001,3
19,Amen Thompson,Houston Rockets,F,136,310,53,95,605.0,30,40,733.3,0,4,0.0,42,54,96,42,23,16,17,5,26,274,232,178,138,346.54511824547495,172.47932355661248,71.37349715946624,0.02113885585942661,1335.0080591887963,957.9167657550535,594.5303210463734,372.95891134892327,10
20,Amir Coffey,LA Clippers,SG,92,279,33,88,386.2,12,15,466.7,14,48,295.8,7,26,33,11,19,9,5,4,-24,136,125,103,44,313.03933518005545,42.56786703601108,5.930747922437673,10.470914127423823,522.9662049861496,523.3445983379501,321.5529085872576,39.606648199445985,10
21,Andre Drummond,Chicago Bulls,C,93,185,37,59,661.3,19,28,438.4,0,0,0.0,32,71,103,4,16,11,9,6,38,200,196,97,107,116.9890625,191.23906250000002,8.4140625,0.0,534.5640625,488.8,155.40625,207.0,10
22,Andre Jr. Jackson,Milwaukee Bucks,G,15,104,6,18,350.0,0,0,0.0,3,9,200.0,5,17,22,10,11,4,7,2,-36,47,37,25,32,29.527284681130833,13.04010519395135,11.111111111111112,2.119000657462196,70.7777777777778,69.0,32.77514792899408,22.68113083497699,10
23,Andrew Funk,Chicago Bulls,G,0,7,0,2,0.0,0,0,0.0,0,2,0.0,0,0,0,0,0,0,0,1,0,0,0,0,0,0.0,0.0,0.0,0.0,0.0,0.0,0.0,0.0,1
24,Andrew Nembhard,Indiana Pacers,PG,93,278,36,74,482.2,9,11,350.0,12,31,325.0,4,18,22,37,24,10,10,1,43,152,115,130,59,137.72189173111244,13.737061273051754,42.300118976799524,9.62879238548483,205.46460440214156,194.78316478286735,154.8720999405116,49.56841165972635,10
25,Andrew Wiggins,Golden State Warriors,SF,166,292,58,131,441.0,32,38,698.3,18,51,320.8,8,44,52,18,18,6,17,11,45,236,218,184,70,334.87656250000003,18.5,51.824999999999996,13.65625,528.0390625,356.8515625,470.1640625,106.22500000000001,10
26,Anfernee Simons,Portland Trail Blazers,SG,234,361,80,177,436.7,36,39,757.1,38,94,405.4,4,33,37,64,19,7,30,1,-38,335,271,298,101,935.5240670632775,28.301243915630067,125.20497566252028,19.635478637101134,1764.6960519199567,1205.978907517577,1461.0362358031368,186.71119524067063,10
27,Anthony Black,Orlando Magic,G,42,152,16,36,485.0,2,7,58.3,8,17,341.7,4,10,14,7,10,4,6,2,-2,63,56,49,21,100.95044378698225,20.157544378698226,4.171597633136095,10.879437869822484,196.72485207100593,166.4408284023669,130.125,25.438609467455617,10
28,Anthony Davis,Los Angeles Lakers,PF,266,355,98,174,570.2,63,74,748.3,7,27,237.5,35,105,140,25,22,14,28,19,91,431,406,291,165,996.5152936761118,221.2711578157253,23.13886282604616,8.194595608932259,1933.2994933383372,1961.0876337023835,1004.1863389003565,208.95083505348094,10
29,Anthony Edwards,Minnesota Timberwolves,SG,242,344,80,183,423.3,64,72,875.6,18,71,192.0,9,41,50,49,16,14,27,2,-15,341,292,291,99,1057.7975308641976,86.91975308641976,27.864197530864196,48.93827160493827,1353.5864197530864,1120.1,1311.0,95.06790123456791,10
30,Anthony Gill,Washington Wizards,PF,94,232,39,84,450.8,12,14,460.0,4,20,136.6,16,24,40,14,29,6,5,4,-58,148,134,108,54,270.1868512110726,86.31314878892735,15.564013840830448,2.4000865051903117,616.0709342560552,574.7006920415225,299.3356401384083,114.098615916955,10
31,Ashton Hagans,Portland Trail Blazers,G,43,175,15,38,303.3,7,8,350.0,6,17,250.0,9,18,27,32,20,7,18,3,-6,102,70,75,59,118.125,20.2,17.7,6.425,182.225,173.225,127.725,37.3,10
32,Ausar Thompson,Detroit Pistons,F,103,314,42,87,508.0,11,25,325.0,8,29,195.3,15,44,59,21,26,17,14,11,-6,183,162,124,80,121.7,31.399999999999995,24.125,8.5,347.72499999999997,237.7,200.02499999999998,87.225,10
33,Austin Reaves,Los Angeles Lakers,SG,140,323,53,118,452.6,17,22,583.4,17,57,277.6,9,34,43,50,22,7,21,6,23,233,183,190,93,265.33900226757373,138.23611111111111,82.36196145124717,17.22704081632653,649.4580498866213,515.7576530612245,328.5433673469388,291.09410430839006,10
34,Ayo Dosunmu,Chicago Bulls,SG,183,365,72,129,560.1,19,22,591.7,20,44,439.5,7,23,30,42,28,13,20,4,-17,255,213,225,72,456.92278393351796,20.110803324099724,57.35076177285318,22.3393351800554,523.0609418282548,462.42970914127426,528.6731301939058,66.3424515235457,10
35,Bam Adebayo,Miami Heat,C,164,317,65,119,567.5,27,35,716.6,7,17,341.7,17,71,88,39,20,12,23,7,59,291,252,203,127,204.90625,120.6640625,71.0890625,6.15625,771.125,529.3015625,363.9765625,274.50624999999997,10
36,Ben Sheppard,Indiana Pacers,G,54,200,19,57,314.5,5,5,300.0,11,39,245.1,5,16,21,13,18,9,5,0,33,88,75,67,34,122.89633071623138,22.53052395449447,10.121935587245634,9.166639961544623,216.13491427655822,190.42605351706456,150.8269508091652,30.43070020829995,10
37,Ben Simmons,Brooklyn Nets,PG,53,168,24,38,521.1,5,11,150.0,0,0,0.0,15,39,54,46,20,9,12,4,-5,153,107,99,100,134.88888888888889,64.0,78.88888888888889,0.0,382.0,162.8888888888889,300.0,196.88888888888889,9
38,Bennedict Mathurin,Indiana Pacers,SG,139,275,44,115,340.3,35,45,614.5,16,44,245.0,10,33,43,23,24,7,17,4,-18,205,182,162,66,753.4765625,123.6015625,38.125,30.4140625,1418.90625,1097.65625,970.9140625,265.5390625,10
39,Bilal Coulibaly,Washington Wizards,SG,90,289,30,76,451.5,19,27,633.3,11,39,238.3,9,30,39,18,22,12,8,7,-98,147,129,108,57,127.37777777777777,38.5,16.0,13.177777777777775,337.8777777777778,291.7444444444444,166.31111111111107,61.699999999999996,10
40,Bismack Biyombo,Oklahoma City Thunder,C,16,66,6,11,183.3,4,8,150.0,0,0,0.0,5,12,17,2,7,1,4,3,11,35,33,18,19,44.958677685950406,44.10743801652892,1.6942148760330575,0.0,178.8099173553719,176.5371900826446,46.78512396694215,46.24793388429752,7
41,Blake Wesley,San Antonio Spurs,G,54,186,19,43,403.3,12,18,516.7,4,14,191.7,3,23,26,34,16,3,17,0,-18,114,80,88,60,284.3411185456382,42.41585658376467,30.735260699406638,4.4085342759752555,496.9564448933214,477.7260446913268,304.02651180406514,72.69612422673904,10
42,Boban Marjanovic,Houston Rockets,C,16,19,7,9,175.0,2,5,83.3,0,0,0.0,0,11,11,1,0,1,3,1,6,28,27,17,12,104.875283446712,50.46938775510205,0.6371882086167799,0.0,322.32653061224494,296.6371882086168,121.0,60.67120181405895,2
43,Bobby Portis,Milwaukee Bucks,F,158,251,69,126,524.2,5,6,250.0,15,30,426.7,22,60,82,20,20,11,16,7,-26,260,240,178,102,569.8726338561385,55.85749053542455,11.752298539751216,18.512168739859383,678.0865332612223,627.0600324499729,618.2425635478637,70.26636019469983,10
44,Bogdan Bogdanovic,Atlanta Hawks,SG,192,337,64,142,480.0,36,37,890.0,28,76,452.2,7,33,40,36,23,10,21,6,-43,268,232,228,76,576.2946726665698,84.11757874872985,44.78095514588475,15.830454347510523,1115.1383364784438,1006.451734649441,687.4045579910002,126.47525039918712,10
45,Bojan Bogdanovic,New York Knicks,SF,100,164,38,80,466.7,11,14,475.0,13,34,400.0,4,14,18,5,7,2,9,0,-41,123,118,105,23,202.0,25.622145328719718,4.659515570934256,8.252595155709344,294.7190311418685,299.62214532871974,204.65951557093425,22.71903114186851,10
46,Bol Bol,Phoenix Suns,C,46,113,17,27,419.2,5,6,175.0,7,11,275.0,4,25,29,4,8,4,4,5,-19,79,75,50,33,276.8876695625667,23.0,2.4039018442310622,12.102575826855661,488.7256515775034,442.08520042676423,314.68861454046635,34.243408017070564,10
47,Bones Hyland,LA Clippers,PG,103,197,39,96,342.6,7,9,325.0,18,55,259.4,2,30,32,43,18,12,16,2,-39,178,135,146,75,1279.3281009541397,70.09726069559865,117.54786088027085,39.28470298553401,2450.2265312403815,1624.56540473992,2032.4265927977838,260.20775623268696,10
48,Bradley Beal,Phoenix Suns,SG,193,350,74,133,539.4,14,15,450.0,31,48,605.8,17,38,55,45,23,11,23,12,29,293,248,238,100,921.570242214533,55.977162629757785,49.28512110726642,48.09342560553634,904.5501730103806,993.1072664359862,835.7162629757786,102.55916955017301,10
49,Brandin Podziemski,Golden State Warriors,G,89,258,37,72,510.6,3,3,200.0,12,24,456.6,15,44,59,34,13,5,9,1,37,182,148,123,93,187.59948015122873,55.23345935727788,24.461247637051038,9.704395085066162,307.49267485822304,198.5304820415879,286.04749527410206,90.20888468809073,10
50,Brandon Boston Jr.,LA Clippers,SG,90,194,36,87,459.0,11,19,441.7,7,29,155.5,10,22,32,7,21,9,17,4,-48,129,122,97,39,423.625,62.336734693877546,11.275510204081632,8.574617346938775,953.1045918367346,784.0331632653063,547.7576530612245,118.55102040816325,10
51,Brandon Clarke,Memphis Grizzlies,PF,68,134,33,59,329.5,1,7,50.0,1,6,100.0,13,19,32,9,8,5,3,6,-8,109,100,77,41,87.60640000000001,33.3344,9.5024,0.8335999999999999,105.19839999999999,89.6416,91.16,54.84,6
52,Brandon Ingram,New Orleans Pelicans,SF,163,300,66,127,522.9,23,30,624.5,8,25,273.3,5,50,55,50,23,6,20,7,24,268,218,213,105,561.4444444444443,24.9750164365549,70.79552925706773,6.515450361604208,715.5923734385273,704.5562130177515,561.7100591715978,106.54109138724523,10
53,Brandon Miller,Charlotte Hornets,F,207,335,73,154,470.8,27,30,796.7,34,85,396.1,7,35,42,23,24,8,19,8,-74,272,249,230,65,579.0,28.320141003044384,18.16359557763179,42.66527800032046,769.8763018746996,753.3960903701329,578.2522031725686,63.71174491267425,10
54,Brandon Williams,Dallas Mavericks,G,33,72,12,38,146.4,8,10,183.3,1,10,16.7,2,6,8,7,3,0,5,0,-50,48,41,40,15,391.96296296296293,23.5,9.5,0.9074074074074073,700.7407407407408,582.6851851851851,487.35185185185185,55.66666666666667,6
55,Braxton Key,Denver Nuggets,F,2,6,1,1,100.0,0,1,0.0,0,0,0.0,1,1,2,0,1,0,0,0,2,4,4,2,2,0.5377777777777779,0.8711111111111112,0.1111111111111111,0.1111111111111111,1.7777777777777781,2.7777777777777772,0.15999999999999992,0.3600000000000001,1
56,Brice Sensabaugh,Utah Jazz,F,116,237,38,96,383.5,20,21,583.3,20,53,339.7,7,33,40,23,20,7,17,4,-98,179,156,139,63,544.9333900226758,26.051020408163264,22.23611111111111,49.44784580498866,725.2448979591837,668.9810090702947,575.030612244898,74.45379818594105,10
57,Brook Lopez,Milwaukee Bucks,C,133,293,47,93,527.6,19,24,575.1,20,50,412.4,16,28,44,10,25,2,16,21,-38,187,177,143,54,281.6041515459428,52.36580055160401,15.775584264769924,26.245318623893162,468.46697633909133,475.88837276818117,268.73406880534185,73.59007112788504,10
58,Bruce Brown,Toronto Raptors,SF,102,255,42,76,548.7,10,19,483.3,8,18,375.0,7,23,30,27,21,7,17,0,-135,159,132,129,57,208.28402366863907,42.130177514792905,43.5207100591716,9.836686390532545,552.2284023668639,316.0,407.03313609467455,123.13017751479289,10
59,Bruno Fernando,Atlanta Hawks,PF,85,207,31,53,547.1,23,34,490.1,0,0,0.0,8,33,41,18,36,3,10,4,-81,144,126,103,59,161.9515625,32.40625,14.5,0.0,194.4765625,209.9015625,161.9765625,31.456250000000004,10
60,Bryce McGowens,Charlotte Hornets,G,53,140,16,39,301.2,17,22,391.7,4,14,183.3,1,14,15,10,9,3,5,4,-39,78,68,63,25,275.01975308641977,8.649382716049383,18.17777777777778,4.444444444444445,497.1111111111111,356.97777777777776,404.01234567901236,37.9679012345679,10
61,Buddy Boeheim,Detroit Pistons,F,25,69,7,21,133.3,5,7,160.0,6,19,126.19999999999999,2,6,8,3,5,0,0,1,12,36,33,28,11,109.90204081632652,11.0,7.530612244897959,7.387755102040815,245.6,176.15918367346936,169.39999999999998,28.473469387755106,5
62,Buddy Hield,Philadelphia 76ers,SG,109,206,38,87,432.9,11,12,550.0,22,55,402.8,13,20,33,15,18,7,12,3,41,157,142,124,48,295.94356773134706,34.510920338341116,30.969448301982077,21.840424188865043,615.4999368766571,484.4721626057316,408.5365484156041,83.91516222699154,10
63,CJ McCollum,New Orleans Pelicans,SG,275,384,100,216,466.0,24,25,575.0,51,106,467.2,11,41,52,56,17,9,22,5,11,383,327,331,108,542.5,46.66038223140496,34.864669421487605,55.546487603305785,715.0860020661155,754.2967458677685,508.1828512396692,76.63145661157027,10
64,Cade Cunningham,Detroit Pistons,PG,241,313,92,212,430.3,40,44,808.3,17,55,297.1,9,44,53,75,18,11,31,2,-38,369,294,316,128,702.373472159348,53.42462652784065,52.55545495699411,12.217745586238117,842.2865550022635,783.9945676776822,690.806699864192,175.83884110457223,10
65,Caleb Houstan,Orlando Magic,G,37,135,12,33,368.3,2,2,100.0,11,31,360.0,5,5,10,3,9,3,1,1,-1,50,47,40,13,96.884,6.0360000000000005,2.136,8.916,99.60000000000001,99.256,93.156,12.244,10
66,Caleb Martin,Miami Heat,SF,85,282,33,86,384.5,9,12,326.7,10,39,341.6,8,23,31,33,15,6,12,7,43,149,116,118,64,317.52500000000003,29.1015625,27.976562499999996,4.15625,442.92499999999995,416.2890625,346.7390625,54.5,10
67,Cam Reddish,Los Angeles Lakers,SF,21,143,6,25,153.3,5,8,116.7,4,13,166.6,7,5,12,1,7,3,1,3,-37,34,33,22,13,75.05328798185941,17.91043083900227,0.9036281179138321,2.418367346938775,69.18934240362812,75.0,71.70975056689342,16.346938775510203,10
68,Cam Thomas,Brooklyn Nets,SG,280,364,93,211,436.1,64,71,921.4,30,77,364.2,4,31,35,34,23,5,20,4,-25,349,315,314,69,580.4072058547571,48.21598799024208,56.66128729592794,26.880840683054984,851.516794895853,540.0519797335335,907.9012948020265,88.84800150121974,10
69,Cam Whitmore,Houston Rockets,F,129,222,46,111,405.4,17,24,488.3,20,56,339.9,11,26,37,15,15,7,10,6,7,181,166,144,52,247.2790503956685,30.235318617242818,39.88296543107039,12.104123281965848,564.9050395668471,388.0491461890879,386.4881299458559,107.76509787588505,10
70,Cameron Johnson,Brooklyn Nets,SF,108,244,35,86,416.4,19,22,650.0,19,52,360.6,6,30,36,16,14,8,9,2,-48,160,144,124,52,173.71267361111114,34.35069444444444,13.684027777777779,12.125,428.0460069444444,306.3515625,261.44184027777777,82.0,10
71,Cameron Payne,Philadelphia 76ers,PG,74,204,28,69,510.59999999999997,0,0,0.0,18,43,455.3,6,17,23,34,21,10,11,2,22,131,97,108,57,395.8760734575241,89.72770511296076,31.90936715550271,23.641432157484473,657.680142687277,534.5597833267274,444.2615933412604,196.3719117452768,10
72,Caris LeVert,Cleveland Cavaliers,SG,138,294,50,108,450.1,24,29,635.7,14,40,374.2,6,42,48,38,18,14,23,6,-8,224,186,176,86,532.9257067718606,31.619000657462195,96.37869822485207,8.51051939513478,716.784023668639,670.0621301775147,552.1643655489809,155.4809335963182,10
73,Cason Wallace,Oklahoma City Thunder,G,73,212,28,61,445.3,4,4,100.0,13,27,450.0,5,19,24,21,14,16,8,6,38,118,97,94,45,235.5679012345679,14.460493827160494,20.412345679012343,16.223456790123457,341.7,266.71234567901234,305.96049382716046,39.467901234567904,10
74,Cedi Osman,San Antonio Spurs,SF,70,175,27,53,472.5,1,2,50.0,15,32,373.7,2,23,25,12,17,3,5,2,-40,107,95,82,37,235.14724245577526,36.54162330905307,29.950052029136323,16.565036420395423,418.56711758584805,316.12591050988556,295.82986472424557,108.2502601456816,10
75,Charlie Brown Jr.,New York Knicks,G,3,27,1,5,20.0,0,0,0.0,1,3,33.3,1,1,2,0,4,0,0,1,-6,5,5,3,2,6.12,2.7200000000000006,0.0,0.6800000000000002,17.0,17.0,6.12,2.7200000000000006,2
76,Chet Holmgren,Oklahoma City Thunder,PF,152,255,53,108,491.3,34,44,746.4,12,39,248.4,16,60,76,14,24,6,17,16,39,242,228,166,90,306.5641975308642,32.30123456790123,11.438271604938272,11.95679012345679,516.4197530864197,438.14444444444445,371.9111111111111,56.667901234567886,10
77,Chimezie Metu,Detroit Pistons,PF,114,314,45,91,493.0,11,11,600.0,13,36,346.6,14,53,67,17,18,19,19,5,-53,198,181,131,84,330.2359396433471,62.94787379972564,12.19272976680384,20.111111111111114,583.065157750343,533.1700960219479,368.27777777777777,86.99382716049382,10
78,Chris Boucher,Toronto Raptors,PF,69,120,25,35,573.3,15,18,500.0,4,12,216.7,13,27,40,5,11,1,9,5,7,114,109,74,45,142.20987654320987,47.580246913580254,5.913580246913581,4.0246913580246915,410.0,329.0246913580247,192.69135802469134,83.98765432098766,8
79,Chris Duarte,Sacramento Kings,SG,39,120,14,42,302.5,4,4,200.0,7,27,239.3,6,10,16,5,8,4,5,3,-35,60,55,44,21,170.94762943860343,20.822852608609402,6.500495933346559,6.271573100575282,338.79349335449314,267.25431462011505,222.45784566554255,47.352311049394956,10
80,Chris Livingston,Milwaukee Bucks,F,6,20,3,5,100.0,0,0,0.0,0,2,0.0,1,5,6,1,7,0,2,0,-11,13,12,7,7,24.897959183673475,17.596371882086167,0.909297052154195,0.0,81.0,82.76643990929706,23.167800453514737,18.469387755102044,2
81,Chris Paul,Golden State Warriors,PG,97,272,41,90,466.09999999999997,2,2,100.0,13,38,349.9,0,37,37,61,20,14,20,3,60,195,134,158,98,48.66863905325444,36.71860618014464,61.01051939513478,4.10026298487837,206.63313609467457,66.40105193951348,149.77777777777777,136.85207100591717,10
82,Christian Braun,Denver Nuggets,G,84,258,30,72,413.8,11,15,308.3,13,30,416.6,16,31,47,28,17,7,7,5,47,159,131,112,75,227.94503897476545,67.52292244682258,50.77738142423042,9.297000924824943,597.0,444.8348526885982,372.8907385387766,125.51975161844366,10
83,Christian Wood,Los Angeles Lakers,F,59,133,22,51,477.0,11,14,450.0,4,19,225.0,6,28,34,6,12,5,5,2,-14,99,93,65,40,153.90277777777777,54.402777777777786,4.625,2.4444444444444446,305.125,285.0,156.7777777777778,76.27777777777777,10
84,Chuma Okeke,Orlando Magic,PF,2,40,0,6,0.0,2,2,100.0,0,5,0.0,0,5,5,2,2,2,3,0,-23,9,7,4,7,3.6442593694229624,3.0166567519333727,1.4110648423557406,0.003569303985722784,7.522308149910767,6.850089232599643,3.411064842355741,5.33313503866746,6
85,Clint Capela,Atlanta Hawks,C,120,286,51,79,661.6,18,33,317.9,0,0,0.0,36,75,111,18,16,10,16,13,21,249,231,138,129,146.7066175292421,68.91539817336965,9.616407626982856,0.0,201.59990386156065,175.83063611600704,154.107675052075,96.90001602307322,10
86,Coby White,Chicago Bulls,PG,176,355,70,154,442.3,18,23,545.7,18,56,263.6,6,28,34,43,24,6,16,1,-12,253,210,219,77,424.6793019328204,27.43516607243386,52.62394445486958,22.735597673109403,572.1037718145993,455.68624507412267,567.9513980108838,53.20454118971663,10
87,Cody Martin,Charlotte Hornets,SF,69,285,28,76,367.2,6,7,250.0,7,30,228.2,6,44,50,42,15,11,20,7,-28,161,119,111,92,111.0,28.18685121107267,64.68512110726644,2.6816608996539792,183.02076124567472,112.9515570934256,173.33217993079583,100.60899653979239,10
88,Cody Zeller,New Orleans Pelicans,C,9,40,4,7,300.0,1,2,50.0,0,0,0.0,5,11,16,5,6,2,3,0,15,30,25,14,21,4.293388429752065,9.322314049586778,5.330578512396694,0.0,25.03719008264462,18.12809917355372,11.880165289256201,13.975206611570249,6
89,Colby Jones,Sacramento Kings,G,17,63,7,23,199.89999999999998,2,4,100.0,1,9,16.7,6,9,15,10,13,3,3,3,28,42,32,27,25,30.9375,14.970486111111114,12.553819444444446,0.8819444444444443,141.4375,77.92881944444444,76.97048611111111,45.0,7
90,Cole Anthony,Orlando Magic,PG,90,177,34,83,384.1,9,9,500.0,13,33,277.4,2,21,23,21,10,7,14,4,11,134,113,111,44,406.625,40.35625,40.2140625,24.40625,809.1515625000001,631.6062499999999,549.5265625000001,115.21406249999998,10
91,Cole Swider,Miami Heat,F,19,44,6,16,104.7,2,2,100.0,5,13,116.7,0,5,5,1,1,0,4,0,-18,25,24,20,6,138.42011834319527,2.7396449704142007,0.8106508875739645,12.029585798816568,169.0,171.3491124260355,135.89349112426035,3.7278106508875744,5
92,Colin Castleton,Los Angeles Lakers,C,0,12,0,2,0.0,0,0,0.0,0,0,0.0,0,1,1,0,3,1,2,0,-16,1,1,0,1,1.4693877551020407,0.5689795918367347,0.0,0.0,1.4016326530612249,1.4016326530612249,1.4693877551020407,0.5689795918367347,2
93,Collin Gillespie,Denver Nuggets,G,53,125,19,43,306.4,4,7,200.0,11,25,283.3,0,15,15,18,12,7,9,0,24,86,68,71,33,240.98573127229488,12.9833531510107,37.600475624256845,15.451843043995245,401.7074910820452,279.602853745541,336.38168846611177,77.29250891795482,8
94,Collin Sexton,Utah Jazz,PG,208,319,78,161,480.5,41,49,859.9,11,39,239.89999999999998,11,19,30,60,20,8,27,4,-116,298,238,268,90,229.79733560090702,22.409580498866216,38.02267573696145,13.719104308390023,417.60204081632656,315.6383219954649,339.953798185941,52.23951247165533,10
95,Corey Kispert,Washington Wizards,SF,184,382,68,133,508.79999999999995,16,23,575.0,32,77,412.3,5,34,39,33,23,6,17,2,-68,256,223,217,72,403.65289256198344,35.85537190082645,78.65289256198346,40.446280991735534,580.3677685950413,603.4586776859504,391.6115702479338,103.45867768595042,10
96,Cory Joseph,Golden State Warriors,PG,27,71,10,16,316.7,0,0,0.0,7,11,316.7,2,9,11,6,6,0,1,0,9,44,38,33,17,31.2,10.8,2.8000000000000003,3.2,28.8,47.2,21.2,5.2,5
97,Craig Jr. Porter,Cleveland Cavaliers,G,62,138,26,50,425.3,5,6,300.0,5,12,175.0,6,19,25,24,5,3,8,3,-18,111,87,86,49,375.85850694444446,45.18402777777778,22.06944444444444,9.611111111111112,748.087673611111,601.7890625,500.7543402777779,88.65625,10
98,D'Angelo Russell,Los Angeles Lakers,PG,170,347,59,145,394.8,18,20,450.0,34,91,324.9,1,33,34,58,21,12,23,4,54,262,204,228,92,585.0443786982249,35.95923734385273,96.79552925706773,56.98093359631821,616.9010519395135,643.5322156476003,515.7412886259041,175.42669296515447,10
99,D.J. Carton,Toronto Raptors,G,8,31,2,7,83.3,3,4,150.0,1,4,50.0,2,1,3,3,1,1,1,0,-30,14,11,11,6,8.666666666666668,2.0,2.0,0.6666666666666667,8.666666666666666,2.6666666666666665,18.666666666666668,0.0,3
100,D.J. Wilson,Philadelphia 76ers,F,10,14,4,6,66.7,0,0,0.0,2,2,100.0,1,1,2,2,1,0,0,2,4,14,12,12,4,19.75308641975309,0.7901234567901234,0.7901234567901234,0.7901234567901234,38.71604938271605,28.444444444444443,28.444444444444443,3.1604938271604937,1
101,DaQuan Jeffries,New York Knicks,SG,0,7,0,2,0.0,0,0,0.0,0,2,0.0,0,0,0,3,0,0,1,0,7,3,0,3,3,0.39889196675900274,0.0,5.609418282548476,0.04432132963988919,3.0166204986149587,0.39889196675900274,3.0166204986149587,5.609418282548476,1
102,Daishen Nix,Minnesota Timberwolves,SG,5,12,2,5,66.7,0,0,0.0,1,3,50.0,0,1,1,3,1,2,1,0,13,9,6,8,4,13.509695290858724,0.5124653739612188,5.110803324099724,0.5346260387811634,4.1024930747922435,9.246537396121884,5.191135734072022,8.797783933518007,2
103,Dalano Banton,Portland Trail Blazers,G,215,354,80,199,402.7,33,40,757.2,22,87,268.6,7,52,59,54,11,13,30,7,-117,328,274,269,113,719.247931484976,112.47365365074756,91.72448831470459,20.04964436057483,1535.920162578023,1084.4888953403977,1169.362026418929,205.51531426912464,10
104,Dalen Terry,Chicago Bulls,F,47,166,20,41,348.5,4,9,50.0,3,16,100.0,7,18,25,17,23,6,9,9,16,89,72,64,42,292.1640625,40.514062499999994,58.106249999999996,4.1140625,637.8000000000001,430.15625,482.78906249999994,115.6390625,10
105,Damian Jones,Cleveland Cavaliers,C,60,124,24,39,594.6,11,13,550.0,1,7,50.0,11,20,31,3,13,4,6,5,-53,94,91,63,34,202.46597353497168,68.4773156899811,2.148393194706994,0.9319470699432894,403.07844990548205,388.0850661625709,203.68052930056712,84.40453686200378,10
106,Damian Lillard,Milwaukee Bucks,PG,236,368,74,179,407.2,59,67,776.0,29,82,342.0,3,42,45,66,24,8,33,4,8,347,281,302,111,670.530612244898,10.53265306122449,75.27551020408164,29.146938775510204,986.1999999999998,686.9326530612245,972.9897959183675,82.61632653061224,10
107,Daniel Gafford,Dallas Mavericks,C,98,228,48,61,775.3,2,9,50.0,0,0,0.0,15,41,56,20,27,7,12,20,30,174,154,118,76,376.57511975613295,178.46915372332705,24.0362897372623,0.0,873.0059515169112,756.4290898533893,414.92814632022066,280.7292785600232,10
108,Daniel Theis,LA Clippers,C,62,162,25,48,406.4,6,6,300.0,6,16,283.3,12,35,47,9,15,2,8,8,12,118,109,71,56,346.0881483472185,72.12496640687988,7.512765385649018,6.598763773179252,736.713786616501,695.1031980650362,375.4396667562483,91.89680193496372,10
109,Danilo Gallinari,Milwaukee Bucks,PF,34,101,10,22,404.2,12,14,375.0,2,10,200.0,3,10,13,8,8,4,7,1,-30,55,47,42,21,108.46876859012494,12.164782867340868,9.608566329565734,1.800118976799524,156.6799524092802,160.36704342653184,103.62879238548483,22.92623438429506,10
110,Dante Exum,Dallas Mavericks,G,60,224,22,49,394.6,4,4,200.0,12,26,456.7,5,29,34,30,15,2,10,0,78,124,94,90,64,252.95933346558223,54.627256496726844,24.19837333862329,9.628645110097203,367.5810355088276,332.8113469549692,305.1739734179726,61.38067843681809,10
111,Danuel House Jr.,Philadelphia 76ers,SF,42,143,14,30,276.3,13,15,466.7,1,11,33.3,6,11,17,7,16,7,3,3,-26,66,59,49,24,42.0,11.714285714285715,8.0,0.8571428571428572,41.714285714285715,51.714285714285715,40.0,11.714285714285715,7
112,Dario Saric,Golden State Warriors,PF,29,101,12,30,281.7,3,5,75.0,2,14,100.0,5,15,20,14,3,1,15,1,-26,63,49,43,34,125.0,32.0390625,10.90625,2.025390625,238.7890625,224.9140625,125.15625,56.6640625,10
113,Darius Bazley,Utah Jazz,F,48,141,18,29,408.1,10,12,360.0,2,8,83.3,8,19,27,5,3,6,7,7,-32,80,75,53,32,75.17355371900827,29.611570247933884,4.867768595041322,1.3553719008264462,191.05785123966945,177.97520661157023,79.3801652892562,43.35537190082645,6
114,Darius Garland,Cleveland Cavaliers,PG,157,341,60,141,415.3,14,17,610.0,23,60,359.9,5,28,33,80,12,16,32,2,18,270,190,237,113,439.59320225575374,24.61042524005487,96.43956713915561,18.100746837372352,516.1213229690596,508.2575826855662,395.8309708885841,172.6759640298735,10
115,David Duke Jr.,San Antonio Spurs,G,23,48,9,17,200.0,3,3,200.0,2,5,66.7,2,8,10,4,4,2,3,0,7,37,33,27,14,110.0,25.462809917355372,11.371900826446279,2.7107438016528924,182.48760330578511,164.37190082644628,100.28099173553719,64.6694214876033,3
116,David Roddy,Phoenix Suns,F,61,130,25,53,522.0,6,10,241.7,5,20,143.3,4,15,19,11,5,1,10,0,-72,91,80,72,30,472.311120366514,53.84964598084131,20.089546022490634,9.500624739691796,911.3306955435236,723.4793835901708,639.8367346938776,94.26488962932112,10
117,Davion Mitchell,Sacramento Kings,PG,94,234,36,82,447.4,7,11,300.0,15,36,398.8,6,20,26,30,13,3,7,0,53,150,120,124,56,165.4000472589792,43.260160680529296,23.56994328922495,16.206049149338373,382.81379962192807,273.9962192816635,238.01252362948958,103.0352079395085,10
118,Davis Bertans,Charlotte Hornets,SF,101,224,34,78,424.8,7,7,400.0,26,67,373.0,2,17,19,8,21,10,8,4,-38,128,120,109,27,149.64511009720292,17.466574092441974,13.606427296171395,20.914104344376117,227.13628248363423,236.4372148383257,150.62348740329298,20.79369172783178,10
119,Day'Ron Sharpe,Brooklyn Nets,C,49,129,22,47,507.3,5,7,166.7,0,3,0.0,30,32,62,10,19,1,14,7,-16,121,111,59,72,63.769319161160574,203.98276357368573,10.485492674518817,0.025854639471416266,424.04740017236423,360.0606147658719,95.90721057167481,246.31715024418273,10
120,De'Aaron Fox,Sacramento Kings,PG,269,378,99,216,468.1,34,42,810.0,37,93,401.4,4,47,51,59,25,23,23,5,65,379,320,328,110,430.2777777777778,30.682716049382712,76.93086419753087,47.477777777777774,548.0864197530865,494.8345679012346,446.86049382716055,144.2827160493827,10
121,De'Andre Hunter,Atlanta Hawks,SF,156,339,55,133,378.7,25,34,640.4,21,67,294.2,5,47,52,21,24,5,21,1,-29,229,208,177,73,375.72215991027076,166.61400416599903,15.255728248678096,15.032687069379907,870.0161833039577,790.9661913154944,428.5500721038295,208.09181220958175,10
122,De'Anthony Melton,Philadelphia 76ers,SG,31,64,10,32,130.5,4,4,200.0,7,21,145.0,1,8,9,9,5,6,1,1,2,49,40,40,18,149.25,5.0,5.0,9.3125,235.25,187.25,187.25,20.0,5
123,DeAndre Jordan,Denver Nuggets,C,36,95,16,28,411.8,4,4,200.0,0,0,0.0,12,27,39,7,11,1,4,3,-25,82,75,43,46,172.4770969660916,93.10707911957168,10.110053539559788,0.0,506.0,443.0368828078524,210.13146936347414,128.5258774538965,10
124,DeJon Jarreau,Memphis Grizzlies,F,43,150,17,50,308.3,5,11,250.0,4,13,141.7,8,36,44,26,14,6,9,2,-24,113,87,69,70,94.70304039983341,107.68887963348604,53.306122448979586,4.347355268638068,471.09412744689706,233.56059975010416,211.97417742607246,281.2573927530196,9
125,DeMar DeRozan,Chicago Bulls,SF,296,395,108,214,504.6,70,88,792.9,10,30,250.0,3,39,42,56,18,18,31,4,34,394,338,352,98,341.60553633217995,35.83391003460208,54.75432525951557,14.448442906574394,334.03460207612477,372.5674740484428,346.0484429065743,47.61245674740484,10
126,Dean Wade,Cleveland Cavaliers,PF,46,178,15,35,260.2,5,7,216.7,11,31,233.4,4,27,31,7,8,3,1,9,-23,84,77,53,38,468.50000000000006,35.125,6.125,31.525000000000006,718.8,714.725,466.12499999999994,47.699999999999996,10
127,Deandre Ayton,Portland Trail Blazers,C,212,329,100,186,522.8,12,15,263.9,0,7,0.0,30,81,111,16,13,10,18,7,-110,339,323,228,127,696.6437869822486,168.78224852071006,6.409467455621303,0.03786982248520711,1501.2792899408282,1415.0520710059172,756.4544378698224,201.60828402366866,10
128,Dejounte Murray,Atlanta Hawks,SG,238,375,95,217,436.3,17,24,583.4,31,89,349.1,11,47,58,79,24,12,35,4,-37,375,296,317,137,898.8995579942082,97.62200884011584,138.19676878524615,21.11583600060966,1318.8271604938273,1097.3833257125439,1037.648071940253,318.5140984606005,10
129,Delon Wright,Miami Heat,SG,55,209,19,50,405.9,8,10,300.0,9,26,318.3,4,16,20,28,9,14,3,2,59,103,75,83,48,125.7984693877551,12.816326530612244,23.68686224489796,9.979591836734695,207.79400510204079,150.125,179.81441326530614,40.15625,10
130,Deni Avdija,Washington Wizards,SF,182,360,62,127,470.2,46,58,825.9,12,41,288.2,8,77,85,45,22,7,28,9,-6,312,267,227,130,495.4692906574395,125.74567474048445,71.28070934256056,8.181660899653979,1226.159169550173,978.2668685121107,680.333910034602,260.05406574394465,10
131,Dennis Schroder,Brooklyn Nets,PG,158,333,57,139,411.8,25,26,787.5,19,54,394.5,12,40,52,64,22,5,17,5,25,274,210,222,116,565.4933378310002,38.601450497554396,61.52268510710069,34.90285039635689,853.900826446281,618.4483049418114,767.8080620678023,133.2619328723225,10
132,Dennis Smith Jr.,Brooklyn Nets,PG,58,167,21,46,487.1,8,11,383.3,8,22,348.3,5,13,18,28,22,16,11,0,3,104,76,86,46,78.47147022074135,17.85339441899209,40.0,4.21990837151187,181.54768846314036,139.3027905039567,112.87963348604748,65.69012911286964,10
133,Dereck II Lively,Dallas Mavericks,C,94,185,45,59,763.7,4,11,150.0,0,0,0.0,16,46,62,8,15,5,6,12,19,164,156,102,70,349.4128943758573,62.45610425240055,9.660493827160494,0.0,659.2345679012345,560.9444444444445,434.4478737997257,85.37174211248285,10
134,Derrick Jones Jr.,Dallas Mavericks,SF,74,237,26,67,393.6,12,17,433.3,10,32,251.9,10,18,28,13,16,6,9,10,52,115,102,87,41,181.62932479804908,17.60493827160494,15.235939643347054,6.806279530559365,183.53924706599605,208.99009297363204,162.82868465172993,26.190672153635116,10
135,Derrick Rose,Memphis Grizzlies,PG,49,95,20,37,377.7,5,6,266.7,4,8,233.3,0,15,15,21,3,1,9,0,-9,85,64,70,36,70.0,14.857142857142858,12.0,3.7142857142857144,188.85714285714286,116.85714285714286,128.0,40.857142857142854,7
136,Derrick White,Boston Celtics,PG,149,342,50,113,429.2,21,23,755.6,28,78,357.5,8,35,43,58,23,7,11,6,24,250,192,207,101,405.49173553719004,76.33471074380165,73.83884297520662,20.062901744719927,1006.9132231404959,707.2396694214876,670.5041322314049,184.83471074380162,10
137,Desmond Bane,Memphis Grizzlies,SG,93,165,30,80,183.4,19,21,366.7,14,40,172.9,2,14,16,34,14,5,13,2,-54,143,109,127,50,267.2,8.8,114.79999999999998,4.8,701.1999999999999,362.8,587.2,142.0,5
138,Devin Booker,Phoenix Suns,SG,254,369,80,170,434.1,68,74,929.8,26,72,288.1,7,23,30,73,29,9,32,2,40,357,284,327,103,1637.7910034602075,34.93979238754326,64.60000000000001,64.53840830449826,1605.4290657439446,1564.9937716262975,1678.6968858131488,99.06920415224911,10
139,Devin Vassell,San Antonio Spurs,SG,193,373,77,163,440.2,18,21,691.7,21,61,312.3,0,33,33,47,16,12,18,1,-43,273,226,240,80,806.4410104810535,25.71969900564364,52.6495565708143,24.90217683418436,1079.5020155872078,846.0,1027.3222252082774,90.99005643644182,10
140,Devonte' Graham,San Antonio Spurs,PG,79,210,27,77,363.0,7,8,350.0,18,60,327.9,3,17,20,30,10,6,14,1,-3,129,99,109,50,297.5581717451523,12.249307479224377,34.443213296398895,19.462603878116347,464.0069252077562,332.5609418282549,418.3393351800554,57.35734072022161,10
141,Dillon Brooks,Houston Rockets,SF,117,315,42,109,361.0,14,17,319.0,19,57,356.79999999999995,8,25,33,15,39,9,11,3,-48,165,150,132,48,681.8827160493828,28.249382716049386,19.271604938271604,23.023456790123458,933.8382716049383,746.9,852.5,63.84197530864198,10
142,Domantas Sabonis,Sacramento Kings,PF,172,348,67,130,512.4,36,55,672.5,2,10,66.7,43,93,136,74,31,11,36,5,30,382,308,246,210,191.27032136105862,133.1883270321361,40.215500945179585,3.625,555.1127126654064,388.7932419659735,301.3686200378072,229.625,10
143,Dominick Barlow,San Antonio Spurs,F,57,150,21,38,506.6,15,18,416.6,0,1,0.0,19,22,41,15,19,4,4,3,10,113,98,72,56,290.46020761245677,81.13667820069205,45.74567474048443,0.0,715.5397923875432,590.5,425.3581314878893,117.0242214532872,10
144,Donovan Mitchell,Cleveland Cavaliers,SG,198,347,65,161,386.6,34,40,723.8,34,86,378.3,4,34,38,52,20,16,29,7,-57,288,236,250,90,712.1224489795918,29.76530612244898,47.56122448979592,28.944444444444446,932.0,867.2755102040817,770.9081632653063,83.26530612244898,10
145,Donte DiVincenzo,New York Knicks,SG,200,409,70,154,454.3,16,18,555.0,44,108,408.8,5,40,45,30,21,15,18,5,15,275,245,230,75,354.10459710743805,25.586002066115704,18.032283057851238,34.47856404958678,444.79054752066116,417.0165289256198,390.2530991735537,35.24380165289256,10
146,Dorian Finney-Smith,Brooklyn Nets,PF,59,287,23,61,357.5,7,10,350.0,6,35,181.6,12,34,46,16,15,11,9,5,-50,121,105,75,62,170.87530233808116,38.64767535608708,6.6374630475678575,5.748454716474066,204.79252889008333,170.7446922870196,212.60816984681537,37.60010749798441,10
147,Doug McDermott,Indiana Pacers,SF,47,120,17,39,270.8,0,0,0.0,13,33,275.4,1,4,5,7,12,3,2,0,1,59,52,54,12,291.5285837403045,2.816719333524849,8.270324619362253,18.428899741453606,376.9482907210572,300.0,371.01235277219183,8.55156564205688,10
148,Draymond Green,Golden State Warriors,PF,85,303,35,61,500.5,5,9,225.0,10,23,261.4,13,62,75,64,33,20,26,7,60,224,160,149,139,360.88637864975556,49.573127229488705,100.7298189985467,24.760998810939356,573.5732593473379,314.258950984278,573.3905403620029,197.11309287884794,10
149,Drew Eubanks,Phoenix Suns,PF,28,156,11,28,333.3,6,7,275.0,0,0,0.0,16,30,46,10,18,2,5,5,-25,84,74,38,56,71.230124391563,57.090589507842076,14.390751757706868,0.0,123.99378042184965,110.64142779881016,69.54353704705247,86.52028123309897,10
150,Drew Peterson,Boston Celtics,F,8,20,3,5,75.0,0,0,0.0,2,4,66.7,0,1,1,0,0,2,1,0,6,9,9,8,1,32.0,0.5,0.0,2.0,24.5,24.5,32.0,0.5,2
151,Duncan Robinson,Miami Heat,F,100,267,35,88,343.1,8,9,350.0,22,70,236.3,3,26,29,19,26,7,17,2,-38,148,129,119,48,720.2032486463974,23.849645980841316,31.82465639316951,45.95251978342357,1095.765097875885,805.1599333610995,1000.8825489379426,65.60016659725115,10
152,Duop Reath,Portland Trail Blazers,C,77,168,30,80,359.6,8,10,275.0,9,37,251.7,11,29,40,9,14,5,3,5,-40,126,117,86,49,200.2331776290872,23.010730968312085,22.921222067920713,5.3045070066910744,336.4085342759753,272.1566721373564,257.83284938770356,52.58414341623533,10
153,Dwight Powell,Dallas Mavericks,C,23,125,9,15,516.7,5,10,300.0,0,1,0.0,19,20,39,10,18,3,6,2,-64,72,62,33,49,42.91836734693877,120.56768013327778,13.836734693877554,0.0,360.93211162015825,260.0924614743857,79.12244897959182,199.03998334027486,10
154,Dylan Windler,Atlanta Hawks,G,28,67,10,18,163.8,0,0,0.0,8,16,142.1,3,7,10,3,3,2,2,0,-17,41,38,31,13,136.02615933412602,8.092746730083235,2.9072532699167657,13.467300832342453,201.36385255648037,182.92033293697978,146.07491082045183,19.394768133174793,4
155,Dylan Windler,Los Angeles Lakers,G,3,14,1,4,25.0,0,0,0.0,1,4,25.0,0,1,1,2,1,0,0,0,-7,6,4,5,3,14.702734839476815,3.011890606420927,0.4019024970273484,1.1474435196195003,19.181926278240194,24.83947681331748,11.05469678953627,1.4042806183115344,2
156,Dyson Daniels,New Orleans Pelicans,G,73,246,29,59,470.8,3,5,200.0,12,28,403.3,11,35,46,29,20,14,9,5,-35,148,119,102,75,162.60625000000002,56.5,38.956250000000004,13.825000000000001,317.625,213.05624999999998,201.825,160.80625,10
157,Emoni Bates,Cleveland Cavaliers,F,23,52,9,24,127.9,0,2,0.0,5,13,120.0,0,4,4,4,0,0,7,0,-25,31,27,27,8,41.443877551020414,6.75,5.816326530612244,3.7295918367346945,89.10204081632654,60.83673469387756,59.28061224489796,22.99489795918367,3
158,Eric Gordon,Phoenix Suns,SG,57,214,21,65,314.7,4,5,266.7,11,47,198.3,0,8,8,10,6,12,6,3,22,75,65,67,18,192.47412254610353,7.066329565734682,13.011600237953598,13.530636525877455,207.68530636525873,200.94378346222481,197.01279000594886,22.280785246876864,10
159,Eugene Omoruyi,Washington Wizards,F,67,148,26,56,408.1,8,16,291.7,7,19,216.7,9,11,20,11,16,6,6,4,-61,98,87,78,31,482.9960000000001,22.324,23.156000000000002,17.124000000000002,667.844,497.41599999999994,660.0,38.903999999999996,10
160,Evan Fournier,Detroit Pistons,SG,77,213,29,81,309.8,11,15,350.0,8,42,171.7,1,17,18,14,12,8,5,4,-57,109,95,91,32,435.85822306238185,13.621508086536444,19.274102079395085,10.060071413568577,562.2232724217602,558.8483511867255,429.9073724007562,42.22138206259189,10
161,Evan Mobley,Cleveland Cavaliers,PF,160,303,61,107,573.3,29,37,730.1,9,20,400.0,18,51,69,35,21,10,14,13,1,264,229,195,104,258.23269175524274,82.43636885952313,28.621373168629706,4.927607009480035,416.53605285837403,396.93909796035626,283.19017523700086,105.69721344441253,10
162,Frank Ntilikina,Charlotte Hornets,PG,5,39,1,8,50.0,2,2,100.0,1,7,50.0,1,4,5,3,4,0,0,0,0,13,10,8,8,19.0,7.0,6.84,0.7600000000000002,24.439999999999998,14.0,18.64,24.640000000000004,4
163,Franz Wagner,Orlando Magic,SF,189,313,69,139,497.6,43,51,844.4,8,38,195.0,12,33,45,28,22,10,9,3,20,262,234,217,73,207.87808641975312,22.548225308641975,20.298225308641978,7.850694444444444,259.7361111111111,268.44637345679007,230.44637345679013,11.567901234567906,10
164,Fred VanVleet,Houston Rockets,PG,208,376,71,171,428.4,33,39,715.0,33,88,351.0,8,34,42,70,39,23,15,6,-13,320,250,278,112,1160.8407606328929,48.871824647989556,54.606474089127595,62.113949775003626,1447.6771664973146,1484.0150965307012,1159.1197561329657,68.86137320365802,10
165,Furkan Korkmaz,Philadelphia 76ers,SG,41,116,13,29,278.6,7,10,241.7,8,18,258.3,3,12,15,12,6,3,2,2,22,68,56,53,27,292.875,14.875,10.0,20.0,404.0,340.0,363.875,17.875,8
166,GG Jackson,Memphis Grizzlies,F,187,330,67,163,396.4,27,35,685.7,26,77,335.5,9,42,51,21,16,10,19,4,-64,259,238,208,72,1105.2089965397925,136.2733564013841,17.37370242214533,28.405536332179935,1423.7321799307958,1526.328027681661,1031.2,125.06020761245675,10
167,Gabe Vincent,Los Angeles Lakers,PG,7,89,3,17,65.0,0,0,0.0,1,11,25.0,2,2,4,6,7,3,3,0,31,17,11,13,10,20.903114186851212,1.3910034602076125,2.0,0.847750865051903,26.833910034602074,26.83391003460208,22.903114186851212,1.3910034602076125,6
168,Garrett Temple,Toronto Raptors,SF,57,203,19,55,414.9,11,14,300.0,8,29,273.3,13,19,32,20,22,7,9,3,-79,109,89,77,52,145.5679012345679,31.02716049382716,51.97530864197532,7.604938271604939,330.8123456790123,216.24444444444444,222.77777777777774,120.3604938271605,10
169,Garrison Mathews,Atlanta Hawks,SG,80,200,28,61,482.79999999999995,4,5,200.0,20,50,445.0,3,12,15,7,12,5,3,1,-39,102,95,87,22,156.44152249134947,12.508650519031143,14.352249134948098,10.61038062283737,230.93010380622837,203.240830449827,175.22422145328719,35.7674740484429,10
170,Gary Harris,Orlando Magic,SG,54,271,19,49,370.9,3,3,200.0,13,36,361.6,5,14,19,15,16,10,8,1,1,88,73,69,34,206.14404432132963,24.916281932902432,30.839335180055404,12.146814404432135,444.44444444444446,317.2486919052016,308.1911357340721,80.9042782394583,10
171,Gary Payton II,Golden State Warriors,SG,67,174,30,45,679.0,3,5,200.0,4,11,216.7,6,17,23,14,22,9,6,7,46,104,90,81,37,149.61325687299714,44.781413391803,38.67633665036262,4.40006746500253,205.04773148928993,143.1037274413898,135.08939112835216,159.92561983471074,10
172,Gary Trent Jr.,Toronto Raptors,SG,200,317,75,175,428.6,26,29,633.3,24,75,319.1,6,30,36,28,17,15,8,0,-65,264,236,228,64,462.3199798437894,34.41975308641975,28.084152179390276,37.59737969261779,672.6963970773495,601.6427311665406,520.530612244898,75.34693877551021,10
173,Georges Niang,Cleveland Cavaliers,SF,94,213,36,76,431.1,3,4,150.0,19,48,353.8,1,21,22,8,23,7,7,2,-12,124,116,102,30,524.7628447809626,30.274743104380743,6.528123309897241,34.95889670091941,414.2996214169822,438.34532179556516,489.751216873986,47.768793942671714,10
174,Giannis Antetokounmpo,Milwaukee Bucks,PF,282,365,114,193,601.8,53,86,543.3,1,11,50.0,40,95,135,72,29,9,37,16,18,489,417,354,207,457.31103515625,205.884765625,50.06494140625,1.42041015625,1149.837890625,1028.18212890625,528.7890625,306.12744140625,10
175,Goga Bitadze,Orlando Magic,C,32,108,13,25,496.7,6,8,350.0,0,3,0.0,11,15,26,9,13,4,11,9,-36,67,58,41,35,54.977777777777774,66.4,10.590123456790122,0.0,261.4938271604938,194.3111111111111,88.73827160493828,110.41234567901235,10
176,Gordon Hayward,Oklahoma City Thunder,SF,70,173,26,49,480.5,11,17,283.4,7,13,266.7,3,16,19,11,5,7,6,1,7,100,89,81,30,291.0612244897959,30.93265306122449,10.175510204081633,10.173469387755103,345.3081632653061,340.68775510204085,273.07346938775515,63.716326530612236,10
177,Gradey Dick,Toronto Raptors,G,142,305,54,124,437.7,13,16,346.4,21,58,352.9,4,26,30,5,15,6,11,0,-105,177,172,147,35,300.45201551695055,50.4874346432788,9.991735537190081,24.954798448304942,321.13155675493334,379.6144375105414,258.5783437341879,43.86996120762355,10
178,Grant Williams,Charlotte Hornets,PF,151,318,57,103,554.7,19,27,691.7,18,40,540.3,13,41,54,49,36,6,15,4,-66,254,205,200,103,251.66481994459832,40.56959833795014,91.99722991689751,3.84106648199446,381.7108725761772,306.09452908587264,273.72299168975076,186.125,10
179,Grayson Allen,Phoenix Suns,SG,131,324,46,105,442.6,17,21,479.2,22,65,364.0,9,41,50,25,17,11,11,3,56,206,181,156,75,316.5501730103806,59.565397923875416,27.076124567474047,22.92318339100346,448.84152249134945,435.2325259515571,355.916955017301,60.88373702422145,10
180,Gui Santos,Golden State Warriors,F,50,130,17,34,372.5,10,11,450.0,6,15,320.0,10,23,33,12,17,3,5,2,6,95,83,62,45,269.66530612244895,145.13061224489797,17.118367346938776,4.693877551020408,839.4163265306124,725.4897959183672,323.8938775510204,221.9469387755102,10
181,Harrison Barnes,Sacramento Kings,SF,123,280,41,94,369.0,26,33,551.4,15,45,269.7,11,27,38,16,7,7,8,1,43,177,161,139,54,622.2240075614367,48.31498109640832,19.339555765595463,21.18052930056711,1060.2277882797732,847.2743383742911,803.1382325141777,99.6937618147448,10
182,Harry III Giles,Brooklyn Nets,F,8,8,3,6,50.0,1,2,50.0,1,1,100.0,2,2,4,2,3,0,0,0,-12,14,12,10,6,49.63842975206611,11.010330578512399,3.473140495867769,0.8264462809917354,149.50619834710741,107.40495867768594,79.37190082644629,26.851239669421485,1
183,Harry III Giles,Los Angeles Lakers,F,2,10,1,4,100.0,0,0,0.0,0,2,0.0,0,1,1,0,0,1,0,0,-15,3,3,2,1,2.0041322314049586,0.5661157024793388,0.03719008264462809,0.01652892561983471,4.648760330578512,4.537190082644628,2.0165289256198347,0.7024793388429753,2
184,Haywood Highsmith,Miami Heat,F,89,269,36,68,480.3,1,6,33.3,16,38,334.5,18,39,57,13,21,8,7,5,57,159,146,102,70,363.1888756692445,95.86109458655564,6.237061273051755,22.621356335514573,573.9443783462225,558.3628792385484,365.3610945865556,115.50743604997025,10
185,Henri Drell,Chicago Bulls,F,9,23,3,7,42.9,1,2,50.0,2,4,50.0,0,2,2,1,5,2,1,1,7,12,11,10,3,49.0,1.3313609467455618,0.0059171597633136015,2.863905325443787,65.23668639053254,66.48520710059171,47.92899408284024,1.1597633136094674,1
186,Herbert Jones,New Orleans Pelicans,SF,106,360,35,83,375.2,21,22,750.0,15,40,316.5,7,31,38,30,30,20,12,4,14,174,144,136,68,246.40816326530611,30.9795918367347,20.012755102040813,18.55102040816326,341.7270408163265,334.0,234.40051020408163,70.72704081632652,10
187,Hunter Tyson,Denver Nuggets,F,0,7,0,3,0.0,0,0,0.0,0,3,0.0,0,1,1,0,1,0,2,0,-1,1,1,0,1,4.134444444444444,0.7511111111111112,0.027777777777777776,0.13444444444444442,1.7777777777777781,1.3611111111111107,4.840000000000001,0.48999999999999994,1
188,I. Thomas,Phoenix Suns,G,8,13,3,7,83.3,0,0,0.0,2,4,100.0,0,0,0,2,0,0,0,0,-4,10,8,10,2,17.485822306238184,0.0,0.5444234404536862,1.092627599243856,23.837429111531197,17.485822306238184,23.837429111531197,0.5444234404536862,2
189,Ibou Badji,Portland Trail Blazers,C,12,51,5,7,300.0,2,4,100.0,0,0,0.0,2,4,6,4,10,1,6,3,-29,22,18,16,10,15.8125,7.1125,4.3125,0.0,38.2125,35.0,21.25,9.200000000000001,5
190,Immanuel Quickley,Toronto Raptors,SG,215,338,66,155,420.6,58,66,782.2,25,74,329.5,3,48,51,75,24,11,28,2,-66,341,266,290,126,602.9990548204158,76.9546313799622,76.97258979206049,14.670132325141777,1218.0964083175804,840.6398865784499,905.7769376181475,228.60586011342156,10
191,Isaac Okoro,Cleveland Cavaliers,SF,74,270,26,57,463.8,12,19,408.3,10,28,309.5,6,15,21,14,15,4,6,2,-19,109,95,88,35,143.29656814124183,24.556833961515572,42.822852608609395,12.642729617139457,398.39456457052177,268.24419757984526,254.5729022019441,86.25371950009918,10
192,Isaiah Hartenstein,New York Knicks,C,108,274,43,61,745.6,22,34,538.1,0,0,0.0,29,46,75,40,28,16,19,10,86,223,183,148,115,191.81222374638014,170.23456790123456,63.81039475689681,0.0,554.3305898491084,512.266270385612,195.42112482853224,272.50038103947566,10
193,Isaiah Jackson,Indiana Pacers,SF,67,150,27,41,707.2,13,17,575.0,0,0,0.0,27,23,50,11,20,7,5,11,42,128,117,78,61,108.14444444444445,151.625,31.800000000000004,0.0,633.4027777777778,457.10277777777776,186.94444444444446,280.92499999999995,10
194,Isaiah Joe,Oklahoma City Thunder,SG,87,195,30,64,467.6,7,8,275.0,20,46,406.9,6,22,28,19,9,8,8,4,49,134,115,106,47,210.0730124391563,12.193888588426177,43.40886965927528,16.048674959437538,368.3020551649541,273.591400757166,292.8858842617631,67.50054083288265,10
195,Isaiah Mobley,Cleveland Cavaliers,F,16,49,7,16,113.9,0,1,0.0,2,7,58.3,2,5,7,2,2,1,1,0,-13,25,23,18,9,83.18685121107266,16.048442906574394,1.5709342560553632,1.3875432525951557,143.74048442906573,138.49480968858128,84.59861591695503,21.45328719723183,3
196,Isaiah Stewart,Detroit Pistons,C,106,319,40,71,587.7,10,12,516.7,16,38,409.0,10,48,58,12,11,4,10,10,-48,176,164,118,70,131.47520661157026,49.603305785123965,9.603305785123966,12.764462809917354,245.47520661157023,193.27685950413223,178.88016528925618,64.0,10
197,Ish Smith,Charlotte Hornets,PG,18,181,8,34,236.0,0,0,0.0,2,2,200.0,1,19,20,41,16,5,6,1,-90,79,38,59,61,54.36000000000001,24.0,78.09,1.5600000000000003,170.49,69.16000000000001,134.09,123.69,9
198,Ish Wainright,Phoenix Suns,F,3,11,1,6,16.7,0,0,0.0,1,4,25.0,3,2,5,1,1,1,1,0,-3,9,8,4,6,6.890625,19.140625,0.765625,0.765625,62.015625,49.0,12.25,27.5625,1
199,Ivica Zubac,LA Clippers,C,135,272,57,93,649.1,21,24,550.0,0,0,0.0,26,72,98,14,23,4,9,12,-5,247,233,149,112,224.5204999237921,145.37997256515774,8.46639231824417,0.0,572.3394299649442,534.8460600518214,223.41579027587258,192.44444444444446,10
200,JD Davison,Boston Celtics,SG,8,27,3,9,42.9,1,2,50.0,1,4,33.3,1,6,7,9,3,1,2,1,15,24,15,17,16,22.013888888888886,10.625,26.722222222222225,0.513888888888889,152.2222222222222,51.38888888888888,93.8472222222222,66.34722222222221,2
201,JT Thor,Charlotte Hornets,F,53,152,22,34,504.4,3,5,200.0,6,16,200.0,2,24,26,10,13,3,2,6,9,89,79,63,36,356.64744351961946,85.99048751486326,16.00951248513674,11.239001189060643,956.0196195005944,773.0731272294886,486.81391200951253,154.78002378121283,10
202,JaVale McGee,Sacramento Kings,C,32,57,15,26,412.1,1,5,50.0,1,3,100.0,8,14,22,3,7,2,3,0,-5,57,54,35,25,134.7022222222222,42.32,4.342222222222222,0.9022222222222223,341.96888888888896,294.14222222222224,166.9688888888889,62.22222222222223,8
203,Jabari Smith Jr.,Houston Rockets,PF,164,341,59,126,480.9,20,26,658.3,26,67,412.2,11,52,63,26,20,4,7,13,-63,253,227,190,89,456.58382929307595,44.09798229060822,20.521701262882857,17.184787342139643,586.129626941501,522.7503266076353,519.619683553491,64.9631296269415,10
204,Jabari Walker,Portland Trail Blazers,F,102,313,35,94,399.4,24,33,570.9,8,24,283.3,28,77,105,14,26,2,8,1,-100,221,207,116,119,265.7390625,427.0015625,24.5,7.7265625,1257.2062500000002,1139.3562499999998,365.5640625,469.5265625,10
205,Jack White,Memphis Grizzlies,F,6,64,2,16,28.6,0,0,0.0,2,10,40.0,4,8,12,1,3,4,2,1,-28,19,18,7,13,30.240000000000002,4.0,0.7599999999999999,3.3600000000000003,22.36,22.240000000000002,28.36,6.76,4
206,Jacob Gilyard,Brooklyn Nets,G,0,41,0,6,0.0,0,0,0.0,0,6,0.0,1,2,3,5,4,6,1,0,-17,8,3,5,8,30.221172022684307,6.022684310018904,3.843100189035917,2.744801512287335,59.48960302457466,34.58790170132326,53.659735349716456,11.328922495274103,3
207,Jacob Gilyard,Memphis Grizzlies,G,61,171,21,45,298.5,1,1,100.0,18,39,281.8,1,11,12,34,8,8,11,2,-52,107,73,95,46,388.2986767485822,11.92249527410208,37.561436672967865,33.96975425330813,719.5482041587902,489.226843100189,596.945179584121,71.15879017013232,7
208,Jacob Toppin,New York Knicks,F,13,29,5,9,107.1,2,2,100.0,1,4,33.3,3,3,6,1,3,0,1,0,-18,20,19,14,7,78.05555555555556,8.722222222222221,0.5555555555555556,0.7222222222222223,130.22222222222223,136.55555555555554,72.5,8.5,2
209,Jaden Hardy,Dallas Mavericks,G,69,143,25,63,398.9,10,12,233.3,9,26,231.6,5,20,25,16,18,4,14,0,-50,110,94,85,41,424.54123798279636,46.542924607859675,22.89897115871142,7.115365154326193,798.1224489795918,699.5334795075055,502.2275257210322,90.34457750042166,10
210,Jaden Ivey,Detroit Pistons,PG,158,304,56,151,370.0,23,33,629.9,23,62,335.1,7,26,33,48,16,7,23,3,-57,239,191,206,81,536.3978531855955,30.18005540166205,49.89369806094183,40.922783933518005,661.365650969529,612.8313711911358,570.5595567867036,94.4463296398892,10
211,Jaden McDaniels,Minnesota Timberwolves,PF,93,291,38,80,473.2,9,11,500.0,8,33,200.0,5,26,31,19,23,9,11,6,-4,143,124,112,50,124.10123456790123,29.645679012345678,9.744444444444445,9.02716049382716,213.90864197530863,193.79382716049383,139.3641975308642,44.241975308641976,10
212,Jaden Springer,Boston Celtics,G,60,186,22,49,448.3,14,15,575.0,2,16,100.0,12,20,32,17,19,15,10,5,6,109,92,77,49,208.46563931695124,57.46855476884631,38.64681382757185,1.6134943773427741,732.3977509371095,471.46022490628917,385.3365264473136,180.1820074968763,10
213,Jae Crowder,Milwaukee Bucks,PF,51,203,17,54,313.8,8,10,230.0,9,33,235.0,9,19,28,9,6,4,5,2,-28,88,79,60,37,131.3289301785455,15.602845115401363,9.757149078240673,5.285672811728843,153.41849325010887,162.9265495717811,120.31964000580635,26.86122804470896,10
214,Jae'Sean Tate,Houston Rockets,SF,39,131,17,32,440.5,3,5,150.0,2,7,133.3,8,19,27,7,15,5,14,5,6,73,66,46,34,92.96667562483202,21.52512765385649,6.129266326256383,1.6001074979844128,191.7621607094867,145.35608707336738,121.80596613813492,45.221177102929325,10
215,Jahmi'us Ramsey,Toronto Raptors,SG,47,120,18,41,306.3,5,6,175.0,6,22,183.3,4,18,22,8,10,7,7,0,-28,77,69,55,30,69.3801652892562,36.066115702479344,3.072314049586777,3.402892561983472,97.25413223140495,108.65289256198346,77.28719008264463,19.832644628099175,7
216,Jaime Jr. Jaquez,Miami Heat,G,104,291,39,86,430.4,18,25,616.7,8,25,244.89999999999998,9,40,49,27,20,12,9,3,3,180,153,131,76,399.9229968782518,41.14984391259105,22.292403746097815,7.839750260145682,373.75650364203955,369.74921956295526,390.9687825182102,76.40374609781477,10
217,Jake LaRavia,Memphis Grizzlies,F,175,321,54,122,415.7,38,45,668.9,29,67,406.0,14,27,41,25,22,10,25,4,5,241,216,200,66,1052.2984389348026,31.163452708907254,25.71441689623508,70.05785123966942,1471.4113865932047,1273.1404958677685,1254.885215794307,52.56198347107438,10
218,Jakob Poeltl,Toronto Raptors,C,122,251,55,101,543.9,12,20,491.7,0,0,0.0,39,53,92,31,28,10,11,19,35,245,214,153,123,161.8469387755102,127.67346938775509,30.387755102040813,0.0,516.704081632653,398.98979591836735,256.6224489795918,181.0,10
219,Jalen Brunson,New York Knicks,PG,378,383,134,272,487.5,78,91,843.5,32,80,365.59999999999997,5,31,36,83,19,9,25,0,104,497,414,461,119,1276.765008112493,49.21822606814495,68.40075716603569,44.327744726879395,1455.17631151974,1519.9145484045428,1216.3226068144938,113.32314764737697,10
220,Jalen Duren,Detroit Pistons,C,124,254,46,88,476.9,32,37,802.3,0,1,0.0,21,75,96,14,23,8,22,5,-68,234,220,138,110,327.6291257243638,192.8989669942051,16.790123456790123,0.0,984.3456790123457,904.0,376.7755102040817,240.8883849836231,10
221,Jalen Green,Houston Rockets,SG,183,327,64,164,366.5,31,40,644.6,24,85,265.1,6,52,58,46,18,9,32,2,-67,287,241,229,104,1121.4081632653063,51.455621301775146,51.45803646902548,28.312281125467937,1674.7514792899415,1540.0945537978507,1250.467455621302,108.5112909068953,10
222,Jalen HoodSchifino,Los Angeles Lakers,G,5,11,1,6,33.3,2,4,100.0,1,3,50.0,0,2,2,0,1,0,1,0,-13,7,7,5,2,9.0,0.9799999999999999,0.020000000000000004,0.8200000000000001,13.32,14.180000000000001,8.42,0.72,2
223,Jalen Johnson,Atlanta Hawks,SF,177,316,70,142,520.2,19,26,379.0,18,43,494.9,12,75,87,49,16,13,20,5,21,313,264,226,136,616.676,158.356,67.604,11.636,1274.2440000000001,838.0,943.1840000000001,335.69599999999997,10
224,Jalen McDaniels,Toronto Raptors,PF,50,165,19,55,265.1,11,13,525.0,1,11,50.0,5,15,20,15,14,3,9,2,-91,85,70,65,35,144.83966942148763,54.267768595041325,25.75702479338843,0.9074380165289255,446.6495867768594,341.09421487603305,221.23471074380163,109.18512396694214,10
225,Jalen Pickett,Denver Nuggets,G,2,7,1,3,33.3,0,0,0.0,0,2,0.0,0,0,0,2,0,0,0,0,-1,4,2,4,2,0.8212890625,0.1650390625,1.0634765625,0.0625,2.3447265625,0.25,3.75390625,0.390625,1
226,Jalen Slawson,Sacramento Kings,F,2,8,1,2,50.0,0,0,0.0,0,1,0.0,1,1,2,0,2,1,0,0,3,4,4,2,2,2.506944444444444,2.506944444444444,0.0,0.0,10.027777777777777,10.027777777777777,2.506944444444444,2.506944444444444,1
227,Jalen Smith,Indiana Pacers,PF,80,149,32,63,475.8,11,14,227.4,5,17,283.3,23,31,54,9,16,5,6,7,12,143,134,89,63,217.55524697480658,78.40507835746875,8.947629438603451,5.5042650267804,501.3102559016068,486.1380678436818,235.95853997222773,84.12160285657608,10
228,Jalen Suggs,Orlando Magic,SG,142,288,50,93,539.1,24,31,716.7,18,43,388.3,6,18,24,35,24,14,12,10,23,201,166,177,59,324.50261426884805,12.429752066115702,36.85461291954798,11.949738573115198,404.77500421656265,358.1932872322483,381.28976218586604,39.07893405296003,10
229,Jalen Williams,Oklahoma City Thunder,F,183,292,76,139,555.4,20,25,600.0,11,34,263.3,6,30,36,47,17,15,17,9,54,266,219,230,83,544.5231104939496,40.0,56.236659392977586,11.53560801428288,882.9240230113073,574.4104344376116,844.5014878000397,104.77187066058322,10
230,Jalen Wilson,Brooklyn Nets,F,60,194,22,51,548.5,9,14,350.0,7,23,270.0,11,31,42,8,13,4,5,3,9,110,102,68,50,144.4027777777778,80.625,10.0,4.350694444444445,411.77777777777777,360.44444444444446,178.73611111111111,107.625,10
231,Jamal Cain,Miami Heat,F,12,37,3,9,125.0,4,4,200.0,2,4,150.0,2,3,5,6,5,1,3,1,11,23,17,18,11,13.304601899196493,4.468224981738494,7.051862673484296,1.0883856829802778,46.40832724616507,26.85829072315558,34.09934258582907,10.27538349159971,4
232,Jamal Murray,Denver Nuggets,PG,213,295,79,168,470.9,29,31,850.0,26,58,476.8,9,37,46,59,16,15,21,7,81,318,259,272,105,372.1128515485938,50.427910288358845,51.08828764684941,16.564613741545035,332.71911712353153,392.9786400854397,295.3371306514774,118.03239587041652,10
233,Jamaree Bouyea,San Antonio Spurs,G,7,34,3,5,150.0,0,0,0.0,1,1,100.0,1,8,9,3,5,1,1,0,8,19,16,10,12,4.654320987654321,44.555555555555564,1.8888888888888893,0.8024691358024691,97.09876543209877,73.72839506172839,10.469135802469136,64.0,2
234,James Bouknight,Charlotte Hornets,SG,10,13,4,10,83.3,0,0,0.0,2,7,58.3,0,0,0,0,0,1,1,0,13,10,10,10,0,18.0,0.0,0.0,0.72,18.0,18.0,18.0,0.0,2
235,James Harden,LA Clippers,SG,121,318,36,105,339.6,35,41,832.4,14,61,194.89999999999998,5,47,52,90,9,11,22,2,-38,263,173,211,142,372.86686390532543,66.21860618014463,150.27777777777777,22.082840236686387,803.0917159763314,542.241288625904,564.888231426693,285.32544378698225,10
236,James Johnson,Indiana Pacers,PF,4,19,1,5,33.3,2,2,100.0,0,1,0.0,0,0,0,3,5,0,2,1,4,7,4,7,3,2.8429752066115705,0.0,0.39669421487603307,0.0,3.768595041322314,2.8429752066115705,3.768595041322314,0.39669421487603307,3
237,James Wiseman,Detroit Pistons,C,75,239,28,60,399.6,19,25,358.9,0,0,0.0,18,50,68,9,23,3,12,6,-72,152,143,84,77,373.98060941828254,178.21191135734074,9.2202216066482,0.0,1033.7950138504157,979.3753462603879,409.68559556786704,206.14681440443212,10
238,Jamie Jr. Jaquez,Miami Heat,G,92,212,34,63,534.8,16,18,552.4,8,20,366.7,6,23,29,28,18,8,12,6,117,149,121,120,57,360.51516523313717,15.622906292440016,71.52105024898144,7.6586690810321425,809.9751018560435,427.3241285649615,707.5418741511995,122.76822091444095,10
239,Jarace Walker,Indiana Pacers,F,46,152,17,41,442.2,2,2,100.0,10,21,366.7,4,28,32,19,10,6,7,5,34,97,78,65,51,156.70408163265304,63.84693877551021,60.69614512471656,10.99886621315193,580.5056689342404,386.0,287.6111111111111,188.1417233560091,10
240,Jared Butler,Washington Wizards,SG,100,222,39,74,509.2,12,14,450.0,10,26,370.0,3,23,26,45,24,12,17,3,-9,171,126,145,71,462.0019290123456,18.90625,78.82600308641975,10.93364197530864,720.6840277777777,426.97067901234567,780.9027777777777,72.54475308641975,10
241,Jared Rhoden,Detroit Pistons,G,68,201,27,54,450.8,3,6,150.0,11,27,383.3,1,26,27,10,24,3,4,11,-57,105,95,78,37,218.90443213296396,21.78531855955679,10.173130193905818,14.218836565096952,357.11495844875344,346.91689750692524,236.02216066481992,25.038781163434905,10
242,Jaren Jackson Jr.,Memphis Grizzlies,PF,223,328,81,183,426.2,46,59,770.4,15,49,319.6,15,33,48,34,37,17,27,17,-129,305,271,257,82,1094.8353151010701,51.54815695600475,26.404280618311535,10.5,1277.910225921522,1216.8281807372177,1154.5,79.36979785969085,10
243,Jarred Vanderbilt,Los Angeles Lakers,PF,68,142,26,42,412.7,13,17,375.0,3,5,166.7,12,22,34,12,8,16,11,2,23,114,102,80,46,111.33333333333334,59.333333333333336,18.0,3.5,362.0,274.0,157.33333333333334,119.33333333333334,6
244,Jarrett Allen,Cleveland Cavaliers,C,185,321,82,122,684.7,21,30,620.8,0,1,0.0,28,64,92,29,14,6,13,5,-11,306,277,214,121,256.0381287182261,98.00892374256355,19.578420767982696,0.0,426.519469983775,357.4672796106003,306.493239588967,136.18442401297997,10
245,Jason Preston,Utah Jazz,G,12,66,6,19,133.29999999999998,0,0,0.0,0,3,0.0,5,11,16,16,3,1,1,1,16,44,28,28,32,20.768000000000004,25.032000000000004,20.6,0.0,148.43200000000002,70.152,75.928,68.752,5
246,Javon Freeman-Liberty,Toronto Raptors,G,94,226,34,73,432.0,18,19,750.0,8,25,225.0,11,31,42,23,15,6,17,2,-117,159,136,117,65,380.9529696318194,51.30663800053749,53.20747110991668,8.549852190271432,749.3257188927707,616.1230851921526,534.6060198871271,84.06369255576458,10
247,Javonte Green,Chicago Bulls,G,110,231,45,75,547.0,10,13,375.0,10,27,376.3,20,47,67,5,19,10,7,8,28,182,177,115,72,495.00390625,108.6806640625,2.2353515625,6.9462890625,854.390625,853.6025390625,492.3916015625,114.31640625,9
248,Jaxson Hayes,Los Angeles Lakers,C,64,178,28,34,767.9,8,13,360.0,0,0,0.0,13,31,44,8,24,8,12,6,-30,116,108,72,52,354.8639053254438,84.87442472057857,7.940828402366863,0.0,733.190006574622,740.681130834977,357.6094674556213,82.5785667324129,10
249,Jay Huff,Denver Nuggets,C,3,5,1,2,50.0,0,0,0.0,1,2,50.0,0,0,0,0,2,0,0,0,-3,3,3,3,0,4.7707756232686975,0.11703601108033242,0.011080332409972297,0.8483379501385041,3.0166204986149587,3.3933518005540164,4.32202216066482,0.20013850415512466,1
250,Jaylen Brown,Boston Celtics,SG,222,339,87,180,479.9,28,40,585.5,20,57,354.4,14,40,54,26,26,17,29,8,11,302,276,248,80,385.1720529393659,72.85811018775007,30.293013234841492,14.049245921822099,416.6826715912588,434.1551246537397,336.63711911357336,134.21360418590336,10
251,Jaylen Nowell,Detroit Pistons,SG,30,57,12,23,193.1,4,6,150.0,2,6,66.7,3,7,10,3,2,1,2,2,-31,43,40,33,13,87.37190082644628,5.074380165289256,3.0,3.008264462809917,142.95041322314052,131.58677685950414,99.46280991735536,7.347107438016528,4
252,Jaylin Williams,Oklahoma City Thunder,F,61,161,21,42,600.0,10,13,258.3,9,23,490.0,7,34,41,35,15,4,7,6,13,137,102,96,76,76.00624628197502,74.53926234384295,119.97293277810827,7.015169541939322,404.3905413444378,203.07911957168352,232.2450922070197,239.58477096966092,10
253,Jayson Tatum,Boston Celtics,SF,254,361,84,185,450.4,61,71,698.1,25,71,348.3,11,61,72,50,16,11,26,7,8,376,326,304,122,361.5715976331361,90.0639053254438,14.766863905325444,16.00828402366864,589.628402366864,616.0000000000001,360.007100591716,80.02366863905326,10
254,Jeenathan Williams,Houston Rockets,G,31,57,15,24,350.1,0,5,0.0,1,1,100.0,4,7,11,1,5,2,2,1,24,43,42,32,12,164.75929752066116,11.0,0.8336776859504134,0.9576446280991736,233.8099173553719,242.62293388429754,159.5371900826446,8.242768595041323,6
255,Jeff Dowtin,Philadelphia 76ers,G,52,135,20,36,424.2,3,4,200.0,9,19,283.4,3,17,20,26,1,7,4,1,29,98,72,78,46,208.2890625,24.009765625,46.5,8.9765625,470.697265625,274.134765625,398.9140625,76.447265625,10
256,Jeff Green,Houston Rockets,PF,74,170,24,59,392.1,15,17,575.0,11,36,282.5,9,18,27,12,7,4,2,1,-25,113,101,86,39,83.98207297058453,38.195556116651936,16.0,9.187855068804444,208.97323570256282,183.3552581744729,106.79106173462948,57.00454488069688,10
257,Jerami Grant,Portland Trail Blazers,SF,169,342,56,142,386.6,38,46,711.3,19,49,402.0,6,19,25,35,18,14,28,2,-77,229,194,204,60,473.98961937716257,45.9204152249135,32.71626297577855,5.083044982698962,888.6262975778548,739.6678200692041,583.0934256055364,118.49134948096886,10
258,Jeremiah Robinson-Earl,New Orleans Pelicans,F,31,111,12,31,302.9,4,7,80.0,3,15,150.0,10,16,26,11,7,3,5,1,37,68,57,42,37,97.61872552509789,47.99644001423995,32.09220363118548,2.4489142043431826,301.83054467782125,198.70808116767532,163.88892844428622,116.94090423638305,10
259,Jeremy Sochan,San Antonio Spurs,F,126,301,51,121,422.6,14,19,516.7,10,44,192.79999999999998,21,59,80,33,16,14,20,10,-20,239,206,159,113,549.0972944849116,204.3746097814776,41.58480749219564,10.166493236212277,1143.8839750260145,1165.4823100936524,519.2138397502601,254.24453694068677,10
260,Jericho Sims,New York Knicks,C,13,151,5,10,266.7,3,4,150.0,0,0,0.0,15,24,39,5,13,4,5,4,13,57,52,18,44,24.85332729741965,81.70076957899502,4.754640108646447,0.0,178.32820280669986,163.60072430964237,33.483929379809865,92.55228610230874,10
261,Jerome Robinson,Golden State Warriors,SG,15,22,6,12,140.0,2,3,150.0,1,6,16.7,0,0,0,1,1,1,0,1,5,16,15,16,1,88.8210197710718,0.2081165452653486,0.7752341311134234,0.8792924037460979,95.52133194588971,81.05827263267432,103.76274713839751,0.5046826222684703,2
262,Jett Howard,Orlando Magic,G,3,16,1,6,25.0,0,0,0.0,1,6,25.0,0,1,1,2,2,2,0,0,0,6,4,5,3,6.531855955678671,0.6814404432132966,0.7783933518005541,0.7257617728531855,8.074792243767314,5.036011080332409,8.822714681440443,2.2077562326869806,3
263,Jevon Carter,Chicago Bulls,PG,56,161,22,58,313.0,0,0,0.0,12,40,281.7,4,9,13,22,8,5,6,3,34,91,69,78,35,361.94714162596955,10.56334386670497,121.89198506176385,14.22924446997989,920.2910083309393,423.5366274059178,826.4866417696064,164.6702097098535,10
264,Jimmy Butler,Miami Heat,SF,177,340,55,112,515.7,56,64,779.7,11,27,358.2,12,38,50,57,9,8,16,0,61,284,227,234,107,337.04541522491354,28.054065743944637,44.56098615916955,4.916955017301039,589.0852076124568,469.4221453287197,427.0242214532872,102.29930795847751,10
265,Jock Landale,Houston Rockets,C,90,224,36,65,573.6,15,19,600.0,3,12,183.3,16,19,35,19,18,8,10,6,17,144,125,109,54,235.13804616054583,41.445057337784874,19.009870808535346,2.1122078676150386,340.9362752213674,256.2019160981274,322.8551313688489,57.472202061257086,10
266,Joe Harris,Detroit Pistons,SF,2,12,1,3,33.3,0,0,0.0,0,1,0.0,0,0,0,0,1,0,0,0,-5,2,2,2,0,0.0,0.0,0.0,0.0,0.0,0.0,0.0,0.0,1
267,Joe Ingles,Orlando Magic,SG,47,173,15,29,556.6,5,7,266.7,12,22,508.3,0,19,19,30,8,5,13,1,29,96,66,77,49,108.90625,14.9015625,20.30625,10.106250000000001,138.15156249999998,115.0015625,134.1,33.1640625,10
268,Joel Embiid,Philadelphia 76ers,C,197,214,64,135,336.9,52,61,605.8,17,37,334.8,8,52,60,31,20,9,34,6,-8,288,257,228,91,328.6882716049383,69.87345679012346,48.111111111111114,11.873456790123457,726.716049382716,539.3456790123457,486.9845679012345,147.05864197530863,7
269,John Collins,Utah Jazz,PF,193,271,68,119,570.0,39,48,752.5,18,34,508.9,22,58,80,7,25,7,12,7,-49,280,273,200,87,362.38775510204084,95.36033163265307,7.3501275510204085,12.044005102040817,700.0510204081634,672.8960459183673,372.3654336734694,119.88775510204083,10
270,John Konchar,Memphis Grizzlies,SG,57,299,19,46,385.8,8,9,266.7,11,29,391.6,19,45,64,29,20,13,17,9,-3,150,121,86,93,131.325,70.55625,15.0,7.125,291.05625,223.40625,166.425,118.10624999999999,10
271,Johnny Davis,Washington Wizards,G,53,183,20,35,447.5,5,9,160.0,8,13,330.0,2,15,17,13,19,5,5,3,-57,83,70,66,30,233.41387245233395,20.15154503616042,12.852728468113083,16.925706771860618,356.23339907955295,301.36094674556216,296.0923734385273,25.198224852071004,10
272,Johnny Juzang,Utah Jazz,G,94,242,32,67,449.9,10,14,466.7,20,45,433.5,5,16,21,19,19,4,9,2,-8,134,115,113,40,482.49886621315187,34.900226757369616,11.71151423532376,32.0,504.28521038044846,492.67346938775506,479.8445452254976,60.87780297304107,10
273,Jonas Valanciunas,New Orleans Pelicans,C,109,197,44,82,505.7,20,28,568.4,1,12,33.3,13,54,67,23,20,5,15,1,-24,199,176,132,90,465.49382716049377,46.277777777777786,42.1753086419753,0.9444444444444445,915.2456790123457,670.6975308641976,690.4938271604939,108.00123456790124,10
274,Jonathan Isaac,Orlando Magic,PF,76,195,29,56,411.9,8,12,416.7,10,25,303.6,13,41,54,8,15,9,3,14,17,138,130,84,62,462.40036730945826,65.61111111111111,5.739669421487604,10.020661157024794,746.2075298438934,715.1427915518826,472.52571166207525,92.29017447199266,10
275,Jonathan Kuminga,Golden State Warriors,PF,156,282,64,121,490.59999999999997,21,28,626.7,7,20,266.7,9,39,48,31,28,10,15,5,18,235,204,187,79,617.6492214532872,96.04152249134948,29.510380622837367,6.125,790.6163494809689,884.6042387543255,551.7028546712804,97.51038062283736,10
276,Jontay Porter,Toronto Raptors,C,49,159,18,41,352.3,4,6,150.0,9,26,230.4,10,23,33,32,11,10,13,9,-28,114,82,81,65,215.4023668639053,32.251479289940825,58.16863905325444,15.943786982248522,472.0,275.0917159763314,386.0976331360947,116.63313609467455,10
277,Jordan Clarkson,Utah Jazz,PG,161,328,58,144,353.7,31,35,737.9,14,53,206.6,7,29,36,63,18,10,23,0,-70,260,197,224,99,1014.8698224852071,104.98224852071006,74.72485207100591,21.005917159763314,1435.3639053254435,1403.248520710059,1032.630177514793,194.0621301775148,10
278,Jordan Goodwin,Memphis Grizzlies,G,117,294,45,122,367.9,14,18,383.3,13,38,284.4,35,63,98,42,22,14,15,1,-23,257,215,159,140,374.6015625,303.7890625,27.6015625,24.879340277777782,915.6640625,893.125,355.90625,372.625,10
279,Jordan Hawkins,New Orleans Pelicans,G,24,94,8,31,291.7,3,5,116.7,5,19,166.7,2,8,10,5,5,2,1,1,16,39,34,29,15,44.93987889273356,8.01946366782007,4.508650519031142,6.63840830449827,55.15224913494809,74.75432525951558,29.311851211072664,8.554065743944637,10
280,Jordan McLaughlin,Minnesota Timberwolves,PG,41,147,15,28,465.5,5,6,250.0,6,16,241.7,3,10,13,26,6,5,4,0,79,80,54,67,39,112.48096885813148,17.146712802768167,59.01038062283737,13.202768166089964,308.7820069204152,165.86159169550174,242.60000000000002,88.95847750865052,10
281,Jordan Miller,LA Clippers,G,4,5,1,1,100.0,2,2,100.0,0,0,0.0,0,1,1,0,0,0,0,0,3,5,5,4,1,9.679012345679013,0.44444444444444453,0.0,0.0,14.271604938271604,14.271604938271604,9.679012345679013,0.44444444444444453,1
282,Jordan Nwora,Toronto Raptors,SF,98,211,38,82,467.4,9,13,333.3,13,35,376.9,10,40,50,21,6,6,19,6,-91,169,148,119,71,213.10069444444446,148.0389660493827,18.174382716049383,6.841049382716049,686.0262345679013,550.1234567901234,292.4463734567901,222.7704475308642,10
283,Jordan Poole,Washington Wizards,SG,226,360,83,191,425.3,26,27,850.0,34,100,326.6,6,33,39,84,26,11,31,1,-62,349,265,310,123,723.1442743764172,21.766723356009066,130.1734693877551,24.096655328798185,1152.6224489795916,875.204081632653,941.266723356009,211.23611111111114,10
284,Jordan Walsh,Boston Celtics,G,11,70,4,11,175.0,1,2,50.0,2,7,66.7,4,9,13,2,10,5,3,1,37,26,24,13,15,45.0,15.555555555555554,1.5555555555555556,3.3580246913580245,56.55555555555556,63.22222222222223,43.22222222222223,12.222222222222221,5
285,Jose Alvarado,New Orleans Pelicans,PG,77,223,27,67,349.2,4,8,200.0,19,48,329.6,9,23,32,26,20,7,5,1,39,135,109,103,58,326.5,48.556640625,38.71728515625,31.228515625,724.99853515625,530.431640625,455.52978515625,152.81103515625,10
286,Josh Giddey,Oklahoma City Thunder,SG,163,285,65,124,510.3,26,35,696.9,7,26,308.3,16,66,82,73,17,6,30,7,76,318,245,236,155,571.89798553719,110.625,181.19344008264463,7.125,1419.228305785124,890.6707128099174,877.5578512396693,514.7161673553719,10
287,Josh Green,Dallas Mavericks,SG,52,235,21,54,402.0,6,7,180.0,4,22,183.3,9,23,32,15,15,7,8,2,-59,99,84,67,47,153.6081632653061,19.60816326530612,12.959183673469388,7.9183673469387745,187.23673469387757,198.03265306122455,150.6897959183673,24.68979591836735,10
288,Josh Hart,New York Knicks,SG,126,382,50,96,463.5,19,21,658.3,7,18,281.7,18,80,98,56,30,12,19,1,70,280,224,182,154,736.6302234566343,183.30968312081808,72.74788536800908,6.117283171316753,1516.4055043555106,1235.4404746875396,913.6528216134325,360.0,10
289,Josh Minott,Minnesota Timberwolves,F,4,17,2,4,100.0,0,0,0.0,0,0,0.0,0,5,5,2,3,1,0,0,18,11,9,6,7,2.89413988657845,12.16398865784499,1.0146502835538753,0.27788279773156904,4.599243856332702,3.940926275992439,6.012759924385634,10.718336483931946,3
290,Josh Okogie,Phoenix Suns,SF,40,130,11,30,290.5,12,13,450.0,6,14,350.0,13,7,20,10,7,6,10,2,-8,70,60,50,30,139.55624999999998,12.75625,9.40625,4.70625,231.00625,207.6,152.89999999999998,32.225,10
291,Josh Richardson,Miami Heat,SG,98,211,38,76,433.2,6,6,200.0,16,45,301.7,4,26,30,19,16,5,3,2,3,147,128,117,49,296.8888888888889,20.0,10.88888888888889,27.555555555555557,468.0,427.55555555555554,344.0,24.22222222222222,9
292,Joshua Primo,LA Clippers,G,0,5,0,1,0.0,0,0,0.0,0,0,0.0,1,0,1,0,0,0,1,0,1,1,1,0,1,0.0,0.0,0.0,0.0,0.0,0.0,0.0,0.0,1
293,Jrue Holiday,Boston Celtics,PG,97,302,40,89,469.5,0,0,0.0,17,48,368.3,9,36,45,46,12,8,15,10,57,188,142,143,91,122.93141289437585,76.50342935528121,70.65363511659808,12.231824417009602,391.5589849108368,260.04938271604937,264.5,137.0980795610425,10
294,Jules Bernard,Washington Wizards,G,65,120,25,49,616.2,5,8,350.0,10,20,485.0,9,15,24,14,8,3,7,1,32,103,89,79,38,284.2777777777778,32.129340277777786,21.15625,8.850694444444445,582.4001736111111,435.71267361111103,410.9340277777778,73.31684027777777,10
295,Julian Champagnie,San Antonio Spurs,F,128,329,44,94,470.3,19,23,671.7,21,55,400.7,8,38,46,24,12,9,15,7,-33,198,174,152,70,336.40185950413223,37.7161673553719,38.946280991735534,13.364669421487603,659.1376549586777,532.6769111570248,440.3688016528926,99.15625,10
296,Julian Phillips,Chicago Bulls,F,39,132,13,31,272.9,7,8,266.7,6,13,283.4,6,12,18,5,12,5,3,1,-11,62,57,44,23,170.91975308641975,27.290123456790123,6.777777777777779,6.401234567901234,314.4444444444444,289.44444444444446,184.5493827160494,45.43827160493827,10
297,Julian Strawther,Denver Nuggets,G,28,61,9,26,108.0,6,6,300.0,4,18,81.9,1,8,9,8,6,1,6,0,4,45,37,36,17,164.05522861023087,16.34178361249434,10.12856496152105,3.8542326844726125,308.2530556813038,243.5169760072431,209.0801267541874,46.18153010411951,4
298,Julius Randle,New York Knicks,PF,66,99,23,48,142.2,14,14,300.0,6,11,195.0,8,17,25,18,7,1,10,0,25,109,91,84,43,98.0,2.666666666666667,14.0,2.0,140.66666666666669,120.66666666666666,126.0,8.666666666666668,3
299,Justin Champagnie,Washington Wizards,SF,78,213,27,67,366.2,12,15,400.0,12,39,218.3,19,32,51,17,13,9,8,7,-58,146,129,95,68,317.11111111111114,81.90625,12.684027777777777,15.7890625,790.4444444444445,679.3506944444445,395.6840277777777,127.11111111111113,10
300,Justin Holiday,Denver Nuggets,SF,45,162,17,42,419.09999999999997,0,0,0.0,11,30,411.6,2,9,11,12,9,8,4,3,7,68,56,57,23,78.59518143961927,7.107079119571684,35.681439619274244,4.900059488399762,153.82867340868532,80.98304580606782,162.10053539559786,32.12879238548483,10
301,Justin Minaya,Portland Trail Blazers,F,36,201,13,40,320.9,2,3,150.0,8,28,213.29999999999998,20,14,34,12,23,3,3,5,-54,82,70,48,46,86.44444444444443,38.71221914435211,11.910741766697445,8.349030470914128,257.0797168359495,184.71221914435216,132.13296398891967,77.30193905817174,10
302,Jusuf Nurkic,Phoenix Suns,C,74,271,27,63,480.8,19,29,486.0,1,3,50.0,29,81,110,53,32,19,22,11,80,237,184,127,163,235.92917801634354,257.205896490947,57.22848902419484,0.9134754045825989,752.3481813811889,729.3010735459061,195.15991027078994,378.2507610959782,10
303,Karl-Anthony Towns,Minnesota Timberwolves,C,171,306,58,138,412.3,38,43,771.7,17,55,296.5,21,56,77,35,32,8,30,8,38,283,248,206,112,381.24489795918373,91.75736961451247,66.64172335600907,15.662131519274377,675.8390022675737,605.9818594104308,446.66213151927434,162.8390022675737,10
304,Kawhi Leonard,LA Clippers,SF,239,347,93,173,538.7,37,43,815.0,16,45,350.8,14,45,59,28,12,13,23,11,38,326,298,267,87,125.67722681359045,60.90449954086318,8.631772268135904,8.466942148760332,202.40449954086316,148.5,148.1179981634527,101.0,10
305,Keegan Murray,Sacramento Kings,SF,172,364,64,155,406.9,9,9,500.0,35,95,367.7,20,42,62,18,23,8,6,10,42,252,234,190,80,232.5,67.38271604938272,19.723456790123457,20.723456790123453,219.55679012345678,188.0604938271605,234.1345679012346,116.9679012345679,10
306,Keita Bates-Diop,Brooklyn Nets,SF,35,85,12,20,615.0,6,6,300.0,5,11,350.0,3,10,13,5,1,2,5,4,-13,53,48,40,18,52.10000000000001,16.81111111111111,4.677777777777777,5.4,94.5,87.3777777777778,51.511111111111106,29.2,10
307,Keldon Johnson,San Antonio Spurs,SF,145,293,49,104,463.8,27,32,684.2,20,55,368.5,15,44,59,18,17,4,11,2,-15,222,204,163,77,291.739919975377,55.21606648199445,22.15266235764851,24.603262542320714,379.4958448753462,409.48045552477686,289.8919667590028,49.232071406586634,10
308,Kelly Olynyk,Toronto Raptors,PF,143,297,51,88,584.8,34,38,823.3,7,24,281.6,17,52,69,61,35,12,29,5,-41,273,212,204,130,214.74929630324638,51.1208481891537,103.39932445111653,4.165321823981985,354.1195346218802,248.24132107337218,350.04428598236075,125.10339650966407,10
309,Kelly Oubre Jr.,Philadelphia 76ers,SG,185,332,66,150,425.5,33,41,584.9,20,56,291.8,13,53,66,19,27,10,19,11,55,270,251,204,85,617.5116002379536,60.340273646638906,36.00029744199881,31.71921475312314,1055.7575847709697,832.3111243307555,820.8712076145151,116.4274241522903,10
310,Kendall Brown,Indiana Pacers,SG,7,29,3,6,150.0,1,2,50.0,0,1,0.0,1,1,2,1,5,0,1,0,-8,10,9,8,3,14.16015625,1.140625,0.765625,0.0,29.06640625,23.19140625,19.12890625,2.8125,4
311,Kenneth Lofton Jr.,Philadelphia 76ers,F,2,5,1,4,25.0,0,0,0.0,0,2,0.0,0,1,1,0,0,0,0,0,-4,3,3,2,1,101.82644628099175,13.22314049586777,11.31404958677686,1.0,292.09917355371897,188.4380165289256,181.02479338842977,49.0,1
312,Kenneth Lofton Jr.,Utah Jazz,F,55,90,21,35,236.8,9,11,150.0,4,12,166.7,10,10,20,19,9,3,6,2,-2,94,75,74,39,277.76033057851237,64.52892561983471,42.43801652892562,2.0,817.4876033057851,563.1157024793389,472.0991735537191,167.0,4
313,Kenrich Williams,Oklahoma City Thunder,SF,70,176,29,57,530.2,2,2,100.0,10,21,499.9,8,22,30,18,17,3,12,2,-7,118,100,88,48,213.14852607709753,60.6859410430839,44.625,4.141723356009071,603.1238662131519,416.97505668934235,336.17828798185946,168.4299886621315,10
314,Kentavious Caldwell-Pope,Denver Nuggets,SG,110,307,42,81,480.29999999999995,3,7,150.0,23,51,355.5,5,23,28,27,24,8,9,6,96,165,138,137,55,563.5238786471186,25.944258963565105,25.01451589490492,48.92916243286399,769.9287269560168,665.0895630715634,634.4408477282624,84.88096966177964,10
315,Kenyon Martin Jr.,Philadelphia 76ers,F,56,177,25,47,495.8,4,8,200.0,2,6,150.0,15,25,40,16,20,2,8,5,24,112,96,72,56,114.11632653061224,129.3795918367347,11.3,1.6000000000000003,439.38775510204084,396.5734693877551,148.70204081632653,148.90816326530611,10
316,Keon Ellis,Sacramento Kings,G,105,270,34,75,379.5,12,13,575.0,25,53,472.6,12,31,43,20,34,14,14,5,3,168,148,125,63,567.2328913275416,51.6556927297668,22.219478737997253,51.19478737997257,834.7075140984606,673.7893613778388,702.3842402072855,99.64197530864197,10
317,Keon Johnson,Brooklyn Nets,G,15,36,4,10,123.3,5,6,150.0,2,5,133.3,2,3,5,2,3,2,3,0,-11,22,20,17,7,28.320000000000004,0.8800000000000001,2.880000000000001,0.88,41.68000000000001,23.119999999999997,49.11999999999999,1.52,3
318,Kessler Edwards,Sacramento Kings,SF,39,93,14,34,376.7,1,4,50.0,10,23,386.7,4,10,14,3,9,5,2,0,-23,56,53,42,17,122.21318779238139,13.753619959901984,2.101804410781911,9.873468478503009,182.1871240810871,174.45110269547786,124.50478948540878,21.299844063265763,10
319,Kevin Durant,Phoenix Suns,PF,241,376,94,192,494.7,28,32,901.7,25,65,403.2,7,55,62,35,19,10,31,9,50,338,303,276,97,232.2444444444444,86.56419753086419,44.099999999999994,9.153086419753086,573.6493827160493,446.4160493827161,350.94444444444446,139.19753086419755,10
320,Kevin Huerter,Sacramento Kings,SG,72,231,29,79,330.1,2,4,100.0,12,45,205.0,6,24,30,25,23,8,11,2,5,127,102,97,55,288.7933884297521,30.44995408631772,4.61248852157943,16.24793388429752,456.10743801652893,441.77777777777777,290.6730945821855,47.51239669421488,10
321,Kevin Knox II,Detroit Pistons,SF,22,89,9,26,148.9,3,3,200.0,1,11,33.3,3,11,14,4,9,2,6,0,21,40,36,26,18,115.33333333333334,19.333333333333336,3.3333333333333335,0.8333333333333335,167.33333333333331,188.0,101.33333333333334,16.0,6
322,Kevin Love,Miami Heat,PF,90,145,33,74,423.6,9,10,283.3,15,44,310.3,13,50,63,14,20,2,13,3,46,167,153,104,77,339.5134779750165,212.0164365548981,16.412886259040103,12.975016436554899,922.2412886259041,848.1005917159764,374.69296515450367,267.39053254437863,10
323,Kevon Looney,Golden State Warriors,F,43,120,17,29,558.4,9,12,450.0,0,0,0.0,16,33,49,8,14,4,5,7,68,100,92,51,57,72.95891003460206,84.93598615916954,5.759948096885813,0.0,202.54152249134947,235.35164359861594,64.15570934256056,66.68901384083044,10
324,Keyontae Johnson,Oklahoma City Thunder,F,5,39,2,8,66.7,0,0,0.0,1,2,100.0,2,4,6,2,4,0,2,0,-15,13,11,7,8,20.0,7.0,1.2653061224489797,0.8163265306122451,29.69387755102041,35.0,17.26530612244898,5.6938775510204085,5
325,Keyonte George,Utah Jazz,G,143,306,48,125,378.1,26,29,646.7,21,68,287.1,1,20,21,41,16,3,39,0,-72,205,164,184,62,391.7783558792924,19.880332986472425,42.54329980344549,23.961498439125908,345.7427448259915,415.9042663891779,321.0431263729911,62.99734073303271,10
326,Khris Middleton,Milwaukee Bucks,SF,148,301,59,120,513.4,13,16,408.3,17,47,483.7,11,53,64,63,28,11,32,1,-37,275,212,211,127,371.11111111111114,43.846981930026914,42.141868512110726,8.171088043060362,536.2772010765091,421.96462898885045,433.33141099577085,138.08112264513647,10
327,Killian Hayes,Detroit Pistons,PG,18,79,7,14,209.6,1,3,33.3,3,6,100.0,0,15,15,20,4,0,5,2,-12,53,33,38,35,27.0,18.75,54.0,2.75,252.75,74.75,153.0,124.75,4
328,Kira Lewis Jr.,Utah Jazz,PG,37,106,15,35,219.4,5,7,225.0,2,11,83.3,3,7,10,14,4,3,6,0,-54,61,47,51,24,188.92923553719007,23.0,15.305268595041323,1.452479338842975,437.1570247933884,333.7019628099174,267.79338842975204,62.89617768595041,7
329,Klay Thompson,Golden State Warriors,SG,218,301,80,163,490.0,16,16,600.0,42,101,398.5,4,26,30,26,13,9,18,5,78,274,248,244,56,501.9474048442906,36.06782006920415,8.4,36.535640138408304,694.2837370242215,617.4837370242213,584.7474048442907,38.46782006920415,10
330,Kobe Brown,LA Clippers,G,30,124,14,32,417.5,0,0,0.0,2,11,66.6,14,11,25,10,12,6,4,3,-52,65,55,40,35,105.21487603305783,43.80371900826445,19.324380165289256,1.7107438016528924,383.9421487603305,245.8037190082645,194.1673553719008,112.31404958677686,9
331,Kobe Bufkin,Atlanta Hawks,G,63,142,27,71,372.6,3,6,116.7,6,29,151.6,4,20,24,18,17,4,8,4,-43,105,87,81,42,125.47777777777779,8.57777777777778,15.877777777777776,4.3999999999999995,151.4,141.61111111111111,126.11111111111111,33.611111111111114,10
332,Kobi Simmons,Toronto Raptors,G,20,67,9,21,183.4,0,0,0.0,2,8,100.0,1,6,7,12,5,6,1,2,-31,39,27,32,19,25.11111111111111,4.111111111111111,22.0,1.1111111111111112,45.0,41.0,30.44444444444445,24.77777777777778,4
333,Kris Dunn,Utah Jazz,G,57,220,23,57,422.1,5,7,130.0,6,21,200.0,9,24,33,34,26,9,8,5,-31,124,90,91,67,86.14792899408283,42.469822485207104,44.409467455621304,6.409467455621302,200.63668639053253,168.15147928994082,96.91479289940828,108.59763313609467,10
334,Kris Murray,Portland Trail Blazers,F,94,348,34,94,348.9,12,15,483.3,14,51,242.1,30,32,62,17,25,8,16,5,-103,173,156,111,79,165.02787686616463,187.41233980710794,20.293433742898667,14.651605231866826,340.84066587395955,395.14202668780547,159.02430968423835,159.4079799180869,10
335,Kristaps Porzingis,Boston Celtics,C,185,297,66,132,510.3,38,45,875.0,15,44,410.2,21,56,77,24,28,12,15,26,35,286,262,209,101,157.05289256198347,84.3388429752066,14.958677685950413,8.325619834710743,392.4495867768595,305.2165289256199,219.15537190082645,124.42809917355372,10
336,Kyle Anderson,Minnesota Timberwolves,SF,49,205,20,53,312.6,7,11,325.0,2,8,100.0,3,18,21,38,21,11,9,10,4,108,70,87,59,167.4468225657286,47.312855066719514,64.33531510107015,1.6025895098427798,657.8073721759811,364.6087990487515,370.7944246267671,201.49914123398074,10
337,Kyle Kuzma,Washington Wizards,SF,218,366,85,181,489.6,37,47,775.0,11,43,218.6,3,70,73,51,24,7,36,7,-27,342,291,269,124,513.3879277201077,57.532103037293346,59.63667820069204,16.7439446366782,740.9957708573625,549.878123798539,709.8965782391388,111.77777777777777,10
338,Kyle Lowry,Philadelphia 76ers,PG,76,279,24,49,501.3,11,13,400.0,17,37,516.7,4,19,23,41,26,5,15,4,36,140,99,117,64,352.0765936004031,29.221718316956412,88.90728143109096,12.124212648022171,587.3751574703956,389.75988914084155,520.1111111111111,147.70975056689343,10
339,Kyrie Irving,Dallas Mavericks,PG,275,378,100,189,530.7,41,46,751.5,34,78,439.7,6,38,44,47,23,13,24,6,127,366,319,322,91,560.983379501385,56.594182825484765,82.92797783933518,9.896468144044322,539.7963988919668,658.9487534626039,393.68975069252076,187.6634349030471,10
340,LaMelo Ball,Charlotte Hornets,PG,32,55,12,37,66.1,5,6,150.0,3,17,34.7,1,5,6,15,10,3,7,0,-49,53,38,47,21,2.0,2.0,0.5,0.5,4.5,8.0,0.5,0.5,2
341,Lamar Stevens,Memphis Grizzlies,PF,114,252,42,108,413.9,24,27,583.3,6,27,235.0,13,38,51,12,13,12,6,8,16,177,165,126,63,156.41322314049586,41.26446280991736,9.798553719008265,4.5,248.1745867768595,209.0165289256198,198.50929752066116,48.125,10
342,Landry Shamet,Washington Wizards,SG,55,184,20,55,273.1,7,7,300.0,8,35,104.1,4,10,14,8,12,4,9,2,-68,77,69,63,22,330.90000000000003,22.5,5.700000000000001,15.624999999999998,463.7,413.80000000000007,373.0,35.99999999999999,10
343,Larry Nance Jr.,New Orleans Pelicans,PF,68,241,27,53,488.3,9,10,450.0,5,13,233.3,17,27,44,28,23,11,8,1,-6,140,112,96,72,120.67656249999999,55.70624999999999,47.199999999999996,4.6265625,434.8890625,277.7890625,234.77656249999998,145.90625,10
344,Lauri Markkanen,Utah Jazz,PF,223,347,68,170,401.2,57,60,956.7,30,80,363.3,20,49,69,26,14,11,18,4,-42,318,292,249,95,334.8261504747991,129.06135865595326,45.68298027757487,34.00730460189919,657.4915997078159,517.5704894083273,451.0029218407597,198.48867786705623,10
345,LeBron James,Los Angeles Lakers,SF,275,361,102,172,598.2,54,70,777.4,17,37,336.2,10,69,79,98,7,15,42,3,96,452,354,373,177,475.8081632653061,87.24489795918367,117.2,68.76122448979592,530.5306122448981,522.7591836734694,427.75102040816336,260.2734693877551,10
346,Leaky Black,Charlotte Hornets,F,42,193,16,32,465.4,4,5,250.0,6,12,250.0,4,28,32,19,8,5,4,7,-11,93,74,61,51,139.20000000000002,40.0,20.5,10.625,312.09999999999997,198.0,217.3,96.5,10
347,Leonard Miller,Minnesota Timberwolves,F,7,15,3,6,133.3,0,0,0.0,1,2,100.0,2,2,4,4,0,1,0,0,20,15,11,11,8,16.06960142772159,5.842355740630579,4.345032718619869,0.8334324806662701,35.84651992861392,29.245687091017253,26.52766210588935,6.330160618679358,3
348,Lester Quinones,Golden State Warriors,G,64,149,23,57,369.2,9,13,325.0,9,34,228.6,8,15,23,13,18,1,5,0,-13,100,87,77,36,288.8850442137639,28.3440984236832,18.18723567858516,11.033833141099578,458.2529796232219,424.78700499807763,334.9307958477509,33.951557093425606,10
349,Lindy Waters III,Oklahoma City Thunder,F,67,103,25,48,519.0,2,2,200.0,15,33,366.7,5,9,14,8,5,3,2,2,-24,89,81,75,22,211.604,16.8,12.176,20.344,300.51599999999996,222.88400000000001,280.676,37.536,10
350,Lonnie Walker IV,Brooklyn Nets,G,67,174,27,81,325.7,3,4,150.0,10,45,240.8,4,23,27,12,7,3,5,6,-68,106,94,79,39,268.2326530612245,55.04693877551021,26.261224489795914,12.008163265306123,741.2183673469387,524.4591836734694,425.0,141.3,10
351,Luguentz Dort,Oklahoma City Thunder,G,121,286,38,92,394.0,26,34,580.0,19,55,326.5,4,25,29,19,20,12,12,5,30,169,150,140,48,302.9683612763656,46.33693888588426,9.142779881016766,14.915630070308275,393.4648458626284,395.31449432125476,302.5,54.098431584640345,10
352,Luka Doncic,Dallas Mavericks,PG,324,376,108,225,478.2,58,75,779.5,50,121,413.8,10,97,107,96,27,13,45,5,122,527,431,420,203,424.4972790392194,24.62394445486959,52.59485832238694,45.676487145805964,463.01651341715143,480.8480015012198,421.3679864890223,62.516607243385245,10
353,Luka Garza,Minnesota Timberwolves,C,70,75,26,48,410.8,11,14,366.7,7,21,233.3,13,6,19,2,9,3,3,1,9,91,89,72,21,211.9792,27.4128,1.6700000000000002,5.2348,356.8187999999999,330.3168,236.23320000000004,31.3308,7
354,Luka Samanic,Utah Jazz,F,95,208,32,81,337.7,26,34,609.2,5,32,197.6,14,38,52,13,13,3,16,2,-48,160,147,108,65,622.126379494482,109.6746173015308,12.436098255606979,2.8212887148451413,1345.446778212887,1113.7305090779637,791.5720897116411,184.3812744749021,10
355,Luke Kennard,Memphis Grizzlies,SG,118,282,40,88,429.0,9,9,500.0,29,64,450.4,2,28,30,53,7,6,24,1,-63,201,148,171,83,483.43673469387755,10.073469387755102,60.68979591836735,26.90204081632653,676.3306122448979,492.7755102040816,657.4081632653061,80.34693877551021,10
356,Luke Kornet,Boston Celtics,C,64,184,28,35,855.0,7,7,300.0,1,1,100.0,20,32,52,16,7,3,2,8,78,132,116,80,68,181.26736111111114,148.59452160493825,29.18711419753086,0.9340277777777779,800.909336419753,550.5679012345679,318.9382716049382,290.4521604938272,10
357,M. Pereira,Memphis Grizzlies,F,44,120,16,33,255.6,7,10,225.0,5,13,150.0,10,26,36,2,10,6,5,4,7,82,80,46,38,233.79839298758216,102.51716581446311,1.4156318480642804,5.2571219868517165,632.3959094229365,601.2490869247627,248.47626004382766,120.4017531044558,6
358,M. Williams,Toronto Raptors,C,19,104,9,34,110.4,0,2,0.0,1,5,100.0,15,23,38,2,15,3,3,3,-52,59,57,21,40,66.12809917355372,107.28512396694212,1.334710743801653,0.8388429752066116,315.004132231405,299.2644628099173,68.96694214876034,121.5206611570248,6
359,Malachi Flynn,Detroit Pistons,PG,120,191,45,98,409.8,17,25,310.0,13,43,282.3,3,19,22,32,13,11,18,1,-50,174,142,152,54,1862.533303631098,35.75718422811317,55.27689908665627,22.246157273334816,2413.6351080418804,2246.0,2044.2588549788375,76.94364000891068,10
360,Malaki Branham,San Antonio Spurs,G,123,262,48,106,436.0,5,9,250.0,22,53,417.1,3,15,18,17,14,3,15,1,-22,158,141,140,35,519.5254753955581,19.830454347510525,12.101175787487298,25.616199738713895,628.356800696763,614.0849179851938,526.9644360574829,38.764552184642184,10
361,Malcolm Brogdon,Portland Trail Blazers,PG,102,218,37,83,266.20000000000005,17,19,433.3,11,30,202.89999999999998,7,22,29,40,13,4,17,2,4,171,131,142,69,100.0,28.833333333333336,7.333333333333334,6.833333333333334,113.5,66.83333333333334,151.33333333333331,31.5,6
362,Malik Beasley,Milwaukee Bucks,SG,91,283,33,92,358.2,3,3,200.0,22,70,304.6,1,23,24,13,18,4,6,1,-47,128,115,104,37,316.5380725758477,19.97025580011898,10.119274241522902,28.829565734681733,330.69363474122554,333.88726948245096,322.39976204640095,21.034205829863176,10
363,Malik Monk,Sacramento Kings,SG,157,272,57,138,394.0,31,33,730.0,12,58,166.1,6,27,33,44,31,6,17,2,13,234,190,201,77,653.7845804988663,24.25724363819602,14.982111363063742,11.617031997984379,877.3560090702948,822.5527840765936,694.3827160493827,53.44444444444444,10
364,Mamadi Diakite,New York Knicks,F,0,5,0,0,0.0,0,0,0.0,0,0,0.0,0,1,1,0,1,1,0,0,0,1,1,0,1,0.0,0.4049586776859504,0.0,0.0,0.4049586776859504,0.4049586776859504,0.0,0.4049586776859504,1
365,MarJon Beauchamp,Milwaukee Bucks,F,44,57,16,25,485.0,7,8,175.0,5,10,350.0,2,12,14,2,5,2,3,1,-18,60,58,46,16,73.50617283950618,12.691358024691356,1.5555555555555556,2.555555555555556,131.43209876543207,116.8395061728395,84.02469135802468,18.320987654320987,8
366,Marcus Morris Sr.,Cleveland Cavaliers,SF,55,156,21,52,479.5,5,8,250.0,8,24,328.3,5,16,21,10,10,2,11,2,-51,86,76,65,31,81.4,49.224000000000004,10.196,4.084,201.876,182.144,97.636,62.91599999999999,10
367,Marcus Sasser,Detroit Pistons,G,136,309,48,127,343.6,21,23,540.0,19,60,303.9,3,17,20,46,18,9,22,4,-93,202,156,182,66,754.6574394463668,14.175173010380622,23.247837370242216,14.273356401384085,882.6660899653978,718.3689446366782,919.7253460207613,36.65224913494809,10
368,Markelle Fultz,Orlando Magic,PG,83,197,37,78,520.8,6,6,300.0,3,7,166.7,13,17,30,21,15,8,12,5,-41,134,113,104,51,399.8163265306123,34.0,31.56122448979592,4.2306122448979595,727.7081632653061,621.8163265306123,471.70816326530615,99.56122448979592,10
369,Markieff Morris,Dallas Mavericks,PF,15,49,5,16,195.3,2,2,100.0,3,10,100.0,0,9,9,3,0,0,2,2,-18,27,24,18,12,41.11570247933884,20.438016528925623,7.0,3.099173553719008,172.30578512396698,116.48760330578514,77.66115702479341,46.7107438016529,4
370,Marques Bolden,Charlotte Hornets,C,35,113,16,24,376.7,3,4,150.0,0,1,0.0,10,20,30,4,9,3,3,7,-23,69,65,39,34,153.36351165980795,67.90672153635117,6.244170096021948,0.0,478.0,404.09602194787385,205.31412894375856,96.10425240054872,7
371,Marvin Bagley III,Washington Wizards,PF,134,238,58,89,623.5,12,13,600.0,6,8,450.0,23,49,72,8,11,5,10,9,3,214,206,142,80,341.85484830458057,93.62879238548483,15.875074360499699,4.5258774538964905,424.1273051754908,392.8102320047591,350.1939321832243,132.48185603807258,10
372,Mason Jones,Sacramento Kings,G,7,24,2,7,66.7,1,2,50.0,2,6,66.7,1,4,5,5,2,1,2,0,-5,17,12,12,10,21.13671875,12.32421875,12.32421875,2.671875,69.01171875,32.75,32.75,49.296875,3
373,Mason Plumlee,LA Clippers,C,43,145,16,38,359.2,11,14,375.0,0,5,0.0,12,37,49,14,17,3,9,4,0,106,92,57,63,158.1859012492564,169.1448542534206,26.099048185603806,0.0,815.1734086853064,591.3955978584177,268.64901844140394,308.55859607376567,10
374,Matisse Thybulle,Portland Trail Blazers,SG,67,209,25,53,398.9,5,7,200.0,12,31,335.0,7,24,31,20,14,17,12,7,-23,118,98,87,51,338.8434903047091,39.325484764542935,20.249307479224377,12.531855955678669,707.3573407202216,558.770083102493,458.20637119113564,88.79916897506926,10
375,Matt Ryan,New Orleans Pelicans,F,28,83,10,28,233.3,0,0,0.0,8,22,194.4,1,8,9,2,7,0,3,0,-12,39,37,30,11,218.40625000000003,18.206249999999997,1.6562500000000002,19.85625,365.95625,352.325,230.5,21.4,10
376,Matthew Hurt,Memphis Grizzlies,F,32,110,12,33,215.9,3,3,200.0,5,19,233.4,9,7,16,4,8,3,2,3,-7,52,48,36,20,163.8343195266272,34.95857988165681,4.934911242603551,5.335798816568047,360.0,296.6272189349112,213.72781065088756,53.37278106508876,7
377,Max Christie,Los Angeles Lakers,G,39,115,15,31,519.4,3,4,150.0,6,14,250.0,3,17,20,7,4,2,4,1,17,66,59,46,27,155.20874424720577,37.78698224852071,8.171597633136095,6.5,408.79848783694933,317.0746219592374,217.8911900065746,75.0,10
378,Max Strus,Cleveland Cavaliers,SG,121,307,41,90,467.1,15,18,433.4,24,56,430.7,13,41,54,53,17,11,21,1,-5,228,175,174,107,243.04129583481665,105.43538625845497,138.05517977928088,20.49626201495194,552.379494482022,262.9864720541118,400.33107867568526,375.5938056247775,10
379,Maxi Kleber,Dallas Mavericks,PF,46,179,14,28,528.3,10,12,275.0,8,18,333.3,11,22,33,13,12,4,7,10,65,92,79,59,46,116.61022094788329,32.06122448979592,10.908922246584586,7.635688986338338,283.55102040816325,229.2354528588295,163.24489795918367,50.651037274413895,10
380,Maxwell Lewis,Los Angeles Lakers,F,2,11,1,5,25.0,0,0,0.0,0,2,0.0,1,0,1,2,0,0,0,0,-15,5,3,4,3,2.7200000000000006,0.8528,3.0367999999999995,0.0,6.555200000000001,6.580800000000001,3.484799999999999,3.0992000000000006,2
381,Micah Potter,Utah Jazz,C,32,138,12,31,307.1,3,5,200.0,5,16,216.7,8,24,32,5,12,4,5,6,-22,69,64,37,37,107.66618787704681,47.70468256248205,8.558172938810687,6.500718184429762,313.2729100833094,259.61332950301636,140.3484630853203,77.24016087331228,10
382,Michael Porter Jr.,Denver Nuggets,SF,156,315,60,141,432.6,13,14,566.7,23,67,359.7,10,59,69,16,17,6,12,5,66,241,225,172,85,106.17631151974042,128.9034613304489,24.400486749594375,7.028123309897243,259.0789616008654,230.92184964845865,109.1360194699838,178.5013520822066,10
383,Mikal Bridges,Brooklyn Nets,SF,138,315,49,118,411.6,10,11,466.7,30,72,425.9,7,24,31,33,10,11,8,4,-33,202,169,171,64,416.1750616925534,55.357961968355355,18.57555523298011,23.220786761503845,675.6614893308173,583.2313833647844,515.7002467702133,66.83843808970823,10
384,Mike Conley,Minnesota Timberwolves,PG,141,283,47,93,487.3,15,15,700.0,32,61,511.7,5,21,26,54,18,16,26,3,-7,221,167,195,80,299.87879227754394,34.40005806357962,69.11540136449412,32.61837712294963,495.4746697633909,393.0525475395558,385.1138046160546,120.70256931339816,10
385,Mike Muscala,Oklahoma City Thunder,C,16,96,7,26,306.7,1,3,50.0,1,14,33.3,8,13,21,6,8,3,2,1,38,43,37,22,27,34.32466181061395,30.826742976066594,7.16961498439126,0.9203954214360042,101.90686784599376,85.76326742976066,36.72840790842872,51.736212278876174,10
386,Miles Bridges,Charlotte Hornets,SF,193,366,73,155,472.9,27,31,721.4,20,63,275.2,9,55,64,34,14,6,16,3,-75,291,257,227,98,578.3074717490301,68.311013661663,27.08821049080789,34.13661663012312,1059.5687299713272,850.9669421487603,730.0753921403273,152.23309158374093,10
387,Miles McBride,New York Knicks,PG,134,334,48,107,445.4,9,10,350.0,29,69,383.1,10,18,28,30,23,12,8,1,11,192,162,164,58,704.4927995772229,33.36979785969085,27.71119038182058,62.54630730611706,1027.7222882811468,891.3116660060775,841.7777777777777,60.206632316025896,10
388,Mitchell Robinson,New York Knicks,C,43,154,15,29,333.3,13,28,379.1,0,0,0.0,30,17,47,3,15,5,4,8,-20,93,90,46,50,208.68979591836734,120.44489795918368,4.102040816326531,0.0,500.1510204081633,494.0326530612245,205.06122448979596,134.29387755102042,10
389,Mo Bamba,Philadelphia 76ers,C,75,191,28,53,507.8,11,15,425.0,8,23,273.3,18,46,64,10,25,7,5,17,-4,149,139,85,74,164.52861700131356,43.895289923062485,12.016888722086696,5.802964908988553,316.5815349971852,298.42878588853443,193.96978795271158,44.62375680240195,10
390,Monte Morris,Minnesota Timberwolves,PG,49,137,17,38,380.8,5,6,150.0,10,22,360.0,2,20,22,16,5,5,1,5,43,87,71,65,38,169.68805341849327,19.652199158078098,29.11540136449412,10.013064305414428,356.1905937001016,251.19683553491075,271.50515314269126,51.944258963565105,10
391,Moritz Wagner,Orlando Magic,C,104,157,42,67,683.4,15,18,650.0,5,13,316.7,15,23,38,7,20,5,12,1,9,149,142,111,45,177.3765625,57.7265625,8.125,4.5,401.52500000000003,320.0,233.0890625,91.6640625,10
392,Moses Brown,Portland Trail Blazers,C,51,109,21,39,510.4,9,27,240.8,0,0,0.0,19,20,39,4,14,3,7,4,-16,94,90,55,43,107.6604938271605,77.50771604938271,6.419753086419753,0.0,299.4891975308642,286.625,116.54938271604938,87.90277777777779,10
393,Moses Moody,Golden State Warriors,SG,101,225,34,73,505.7,16,20,616.7,17,36,505.0,9,24,33,16,22,5,6,1,53,150,134,117,49,111.49080789340529,25.40816326530612,11.262944847360432,18.038286388935738,259.77534154157536,189.90082644628092,165.16866250632486,52.86776859504132,10
394,Mouhamadou Gueye,Toronto Raptors,F,26,112,11,37,340.5,4,9,225.0,0,3,0.0,11,10,21,5,13,3,11,15,-78,52,47,31,26,13.906509695290858,27.529778393351805,4.25,0.0,63.374653739612185,48.5983379501385,29.603878116343495,30.858725761772856,9
395,Mouhamed Gueye,Atlanta Hawks,F,24,65,8,19,107.8,5,6,83.3,3,6,166.7,9,12,21,4,12,4,0,4,-21,49,45,28,25,221.6694214876033,24.76033057851239,5.0,2.3966942148760335,337.0,366.0,191.9421487603306,30.487603305785118,3
396,Moussa Diabate,LA Clippers,F,2,7,1,1,100.0,0,2,0.0,0,0,0.0,1,3,4,0,0,1,0,1,1,6,6,2,4,0.0,0.0,0.0,0.0,0.0,0.0,0.0,0.0,1
397,Myles Turner,Indiana Pacers,C,177,247,63,112,553.8,28,38,758.4,23,51,461.3,8,57,65,14,23,3,12,20,50,256,242,191,79,445.2801246537396,102.52770083102493,28.494806094182827,16.444598337950136,837.1024930747922,832.6665512465374,451.61357340720224,129.125,10
398,Naji Marshall,New Orleans Pelicans,SF,61,208,25,55,414.5,3,4,200.0,8,22,332.1,4,35,39,17,15,9,7,1,40,117,100,78,56,183.42416897506925,55.2590027700831,10.100069252077562,13.617728531855956,432.1135734072022,382.0155817174515,224.11218836565098,74.76904432132964,10
399,Nassir Little,Phoenix Suns,SF,22,69,9,21,325.0,0,0,0.0,4,12,250.0,0,11,11,5,7,0,1,2,-14,38,33,27,16,45.004799999999996,15.7232,4.9408,2.4608,76.18880000000001,65.1392,52.8112,23.907199999999996,8
400,Nate Hinton,Houston Rockets,G,14,36,5,10,143.3,2,3,66.7,2,5,66.7,2,9,11,7,5,1,1,2,8,32,25,21,18,80.7174515235457,14.457063711911358,15.041551246537395,3.4432132963988917,205.10249307479222,126.86980609418285,130.16343490304706,58.285318559556785,3
401,Nathan Mensah,Charlotte Hornets,C,4,59,2,5,66.7,0,0,0.0,0,0,0.0,4,6,10,1,13,2,1,4,-17,15,14,5,11,13.75,9.9375,0.859375,0.0,41.359375,44.4375,13.484375,7.984375,7
402,Naz Reid,Minnesota Timberwolves,C,153,277,56,129,414.2,17,27,515.8,24,58,378.3,5,54,59,17,25,14,21,11,-13,229,212,170,76,725.2228373702422,93.31833910034601,10.432525951557095,42.449826989619375,1048.665051903114,1030.5702422145328,745.4934256055363,101.57508650519031,10
403,Neemias Queta,Boston Celtics,C,74,118,35,47,596.1,4,6,175.0,0,0,0.0,19,25,44,10,12,5,7,12,84,128,118,84,54,314.81,76.5625,19.0625,0.0,736.41,635.2225,408.62249999999995,103.0,9
404,Nic Claxton,Brooklyn Nets,C,102,311,46,74,638.1,10,30,330.0,0,0,0.0,31,81,112,22,23,6,21,21,9,236,214,124,134,141.27287293702932,85.05079314212468,15.674090690594456,0.0,324.7322544464028,288.4925492709502,168.63900016023075,109.59846178497035,10
405,Nick Jr. Smith,Charlotte Hornets,G,77,178,26,75,328.9,9,10,187.5,16,40,271.2,2,18,20,17,11,2,7,0,-15,114,97,94,37,666.5828402366864,41.59763313609467,18.062130177514796,41.517751479289934,1161.751479289941,960.4171597633135,830.698224852071,96.87869822485206,10
406,Nick Richards,Charlotte Hornets,C,94,247,39,53,745.5,16,18,575.0,0,0,0.0,18,51,69,8,24,5,10,4,-44,171,163,102,77,62.56850077968366,194.35219425261755,7.615059033192247,0.0,339.3105368678993,373.687458231232,39.42214301626198,190.73668968589885,10
407,Nickeil Alexander-Walker,Minnesota Timberwolves,SG,103,219,37,79,492.1,8,9,350.0,21,48,532.7,3,16,19,21,15,7,9,4,51,143,122,124,40,349.97160493827164,22.327160493827158,23.734567901234566,13.077777777777776,660.1197530864198,486.1975308641975,499.5111111111111,70.44444444444444,10
408,Nicolas Batum,Philadelphia 76ers,PF,68,295,25,54,408.7,0,0,0.0,18,42,361.2,9,37,46,26,13,10,7,4,54,140,114,94,72,299.8046018991965,32.403579254930605,43.41417092768444,27.993060628195767,372.0,395.0898466033601,263.64682249817383,88.88568298027758,10
409,Nikola Jokic,Denver Nuggets,C,283,365,113,191,596.8,44,58,795.1,13,33,440.9,24,106,130,89,24,20,35,6,113,502,413,372,219,770.104404816339,120.73769242493522,115.44962658131382,8.204999237921049,987.3086419753087,992.7280902301478,725.9420819996951,274.93019356805365,10
410,Nikola Jovic,Miami Heat,F,113,230,41,83,483.4,12,12,500.0,19,51,359.1,4,43,47,23,17,8,7,2,41,183,160,136,70,510.45847750865056,49.0,33.0,20.983131487889278,644.9290657439446,705.9878892733564,445.3996539792388,86.0,10
411,Nikola Vucevic,Chicago Bulls,C,174,334,71,141,478.9,18,23,510.7,14,37,398.3,26,79,105,34,20,5,13,8,-42,313,279,208,139,664.2477508650519,119.54671280276817,24.67128027681661,6.538408304498269,672.8643598615918,632.846366782007,673.2,175.28373702422147,10
412,Noah Clowney,Brooklyn Nets,F,92,247,34,62,503.9,15,22,376.4,9,21,266.7,18,37,55,9,19,5,9,14,-47,156,147,101,64,559.1794398276393,102.5124653739612,7.529393659587566,11.717759310557092,1011.7777777777779,949.3539550630964,611.86919052016,119.77593105570945,10
413,Norman Powell,LA Clippers,G,133,278,46,102,464.3,21,25,435.7,20,48,378.0,2,21,23,11,15,5,6,1,69,167,156,144,34,258.5412710007305,18.275383491599708,6.97954711468225,18.805332359386412,275.3696128560993,296.8035062089116,235.47114682249818,26.891161431701974,10
414,O.G. Anunoby,New York Knicks,SF,125,337,52,113,443.9,3,8,116.6,18,45,398.4,7,31,38,18,25,17,20,8,114,181,163,143,56,376.712890625,60.65625,18.5,14.1640625,350.666015625,323.478515625,390.650390625,92.40625,10
415,Obi Toppin,Indiana Pacers,PF,115,183,46,72,683.4,9,10,550.0,14,31,459.5,11,29,40,21,15,10,9,8,51,176,155,136,61,304.9892920880428,58.1799524092802,28.355145746579424,12.573468173706129,565.1555621653778,540.5678167757287,356.0,60.11213563355146,10
416,Ochai Agbaji,Toronto Raptors,G,73,284,29,71,374.8,12,21,441.7,3,23,120.0,19,25,44,20,19,10,13,9,-34,137,117,93,64,168.829806192916,84.51325462241033,24.57518378257964,2.594564490977946,491.4094453107597,369.4268211182891,240.14680329694806,159.75406549342839,10
417,Olivier Sarr,Oklahoma City Thunder,C,11,22,4,7,125.0,3,5,116.7,0,1,0.0,4,4,8,0,3,0,1,1,-14,19,19,11,8,41.0,8.265306122448981,0.0,0.0,73.55102040816327,73.55102040816327,41.0,8.265306122448981,3
418,OlivierMaxence Prosper,Dallas Mavericks,F,41,102,14,32,235.7,9,14,217.1,4,12,83.3,7,15,22,2,4,3,4,2,-57,65,63,43,24,349.0,75.07333333333332,1.3933333333333333,6.139999999999999,791.5600000000001,734.4066666666669,390.05999999999995,92.56,6
419,Omer Yurtseven,Utah Jazz,C,104,220,47,86,529.8,9,11,500.0,1,7,50.0,27,51,78,13,13,3,12,4,-57,195,182,117,91,293.666015625,261.41650390625,13.478515625,0.900390625,949.01025390625,829.74853515625,337.0,350.82275390625,10
420,Onuralp Bitim,Chicago Bulls,SF,54,166,24,54,474.4,1,1,100.0,5,23,133.4,5,14,19,8,16,1,6,1,-56,81,73,62,27,280.4094674556213,51.17514792899408,5.836686390532545,4.813017751479291,548.9360946745562,513.9822485207101,299.7514792899408,72.62366863905325,10
421,Onyeka Okongwu,Atlanta Hawks,PF,147,296,61,89,703.8000000000001,16,22,492.9,9,19,466.6,32,44,76,11,28,7,5,15,4,234,223,158,87,308.4240362811791,185.95918367346937,9.244897959183675,5.6893424036281175,807.5192743764171,822.7913832199548,307.3560090702948,181.0,10
422,Orlando Robinson,Miami Heat,C,13,59,4,11,108.3,4,5,175.0,1,2,100.0,8,9,17,5,4,1,3,0,4,35,30,18,22,54.88750913075238,29.255661066471877,3.0379839298758218,0.8539079620160702,116.74579985390797,95.59824689554418,74.48502556610666,33.84368151935719,6
423,Oscar Tshiebwe,Indiana Pacers,C,3,5,1,3,33.3,1,2,50.0,0,0,0.0,2,0,2,0,1,0,0,1,8,5,5,3,2,0.25,0.0,0.0,0.0,0.25,0.25,0.25,0.0,1
424,Oshae Brissett,Boston Celtics,SF,39,133,15,35,378.4,6,16,190.0,3,8,250.0,15,18,33,9,9,3,6,4,18,81,72,48,42,68.43509809191077,80.73286750873419,4.903251814028486,2.1292663262563822,210.76565439398013,231.78876646062886,58.997043805428646,74.05106154259607,10
425,Ousmane Dieng,Oklahoma City Thunder,F,41,113,16,37,374.4,4,4,200.0,5,17,253.3,1,8,9,18,5,6,8,5,18,68,50,59,27,230.5390625,6.90625,30.15625,4.8515625,433.6640625,282.4140625,373.8515625,45.0,10
426,P.J. Tucker,LA Clippers,PF,19,164,7,17,213.3,0,0,0.0,5,9,400.0,7,22,29,6,13,7,1,0,3,54,48,25,35,91.89657823913879,49.13994617454825,2.4259900038446753,4.616301422529796,178.5205690119185,165.85851595540177,103.20069204152249,52.92387543252595,10
427,P.J. Washington,Dallas Mavericks,PF,140,326,51,115,416.0,11,20,460.0,27,67,401.9,9,63,72,20,19,15,11,10,74,232,212,160,92,662.2131519274377,104.01275510204081,9.275510204081632,30.05102040816326,809.3211451247165,763.7361111111111,689.0532879818594,132.03316326530611,10
428,Paolo Banchero,Orlando Magic,PF,228,364,76,191,403.5,63,77,809.9,13,56,247.7,8,72,80,56,16,5,30,8,16,364,308,284,136,359.7028270874424,100.15647600262984,31.21005917159764,4.4503616042077585,587.636094674556,506.0236686390532,397.5913872452334,175.09040105193952,10
429,Pascal Siakam,Indiana Pacers,PF,210,297,82,153,535.3,38,49,672.5,8,17,450.0,21,51,72,26,28,4,14,3,61,308,282,236,98,315.99524092801903,61.4741225461035,32.64485425342058,3.600237953599048,429.0196311719216,345.2920880428318,331.8417608566329,162.0,10
430,Pat Connaughton,Milwaukee Bucks,SG,54,241,18,56,363.0,10,13,400.0,8,38,202.2,9,21,30,29,19,6,7,3,-27,113,84,83,59,141.21822606814496,52.10951865873445,47.01946998377502,9.651974040021635,520.1519740400216,312.72904272579774,272.41238507301244,175.35776095186588,10
431,Pat Spencer,Golden State Warriors,G,2,15,1,3,33.3,0,0,0.0,0,2,0.0,2,2,4,3,0,0,1,0,7,9,6,5,7,1.6747404844290654,14.173010380622838,6.103806228373703,0.0,56.69204152249135,25.5916955017301,14.173010380622838,38.878892733564015,1
432,Patrick Baldwin Jr.,Washington Wizards,F,75,224,28,67,337.2,6,9,325.0,13,45,180.4,6,45,51,11,25,10,8,8,-11,137,126,86,62,604.2402301130728,157.79230311446142,24.9301725848046,27.472128545923425,1534.5965086292401,1296.511803213648,765.67149375124,259.3759174766911,10
433,Patrick Beverley,Milwaukee Bucks,PG,73,227,25,56,346.5,13,14,550.0,10,28,240.0,9,36,45,32,12,5,4,5,10,150,118,105,77,494.1111111111111,82.44423440453687,49.69712245326612,20.002100399075825,1030.3474060071414,814.8452005881118,653.8565427431212,187.89813064482252,10
434,Patrick Williams,Chicago Bulls,PF,6,24,2,9,22.2,2,2,100.0,0,5,0.0,0,6,6,2,5,0,2,2,-11,14,12,8,8,0.0,0.0,0.0,0.0,0.0,0.0,0.0,0.0,1
435,Patty Mills,Miami Heat,PG,54,171,18,60,255.1,11,11,400.0,7,42,145.8,4,4,8,17,12,10,6,0,21,79,62,71,25,277.1887732005432,5.919420552286103,14.315527387958351,6.143503847894975,325.8782254413762,279.7120869171571,313.079674060661,30.510185604345857,10
436,Paul George,LA Clippers,F,233,320,77,157,494.20000000000005,49,51,875.0,30,62,472.5,6,45,51,31,25,13,22,5,43,315,284,264,82,1010.8918334234722,113.02460789616009,35.704975662520276,38.59626825310979,1932.5565170362356,1532.6882098431583,1315.5935640886967,243.89616008653326,10
437,Paul Reed,Philadelphia 76ers,SF,87,210,38,65,652.6,9,15,283.3,2,5,150.0,23,42,65,15,22,11,11,14,65,167,152,102,80,90.90418388429754,92.08186983471074,38.546487603305785,1.652892561983471,414.1404958677686,301.7737603305785,151.72856404958677,182.17071280991735,10
438,Payton Pritchard,Boston Celtics,PG,156,271,64,117,479.7,9,10,350.0,19,51,304.2,8,25,33,58,15,8,11,0,93,247,189,214,91,1358.2030178326472,46.160493827160494,146.4011583600061,27.20301783264746,2733.6389269928363,1712.6927297668037,2266.6663618350863,305.04450541076056,10
439,Pete Nance,Cleveland Cavaliers,F,3,12,1,3,33.3,0,0,0.0,1,1,100.0,0,1,1,0,1,0,0,0,-18,4,4,3,1,7.111111111111111,0.37345679012345684,0.0,0.7901234567901234,10.743827160493826,10.743827160493826,7.111111111111111,0.37345679012345684,1
440,Peyton Watson,Denver Nuggets,F,61,208,26,51,442.5,7,12,350.0,2,10,133.3,10,36,46,16,19,4,7,19,-22,123,107,77,62,147.6420927467301,50.64262121812657,21.526489628748845,1.6279561368740918,283.7987845157881,223.66481701677895,177.79719910159864,102.147971991016,10
441,Precious Achiuwa,New York Knicks,PF,46,168,20,41,429.9,5,7,150.0,1,6,100.0,19,33,52,6,21,3,9,7,-56,104,98,52,58,334.723875432526,132.85259515570934,15.0560553633218,1.0000000000000002,1011.0366782006921,832.6851211072664,450.5896193771626,210.3944636678201,10
442,Quentin Grimes,Detroit Pistons,SG,82,213,26,80,296.2,19,24,525.0,11,50,200.0,2,27,29,19,13,7,9,4,-12,130,111,101,48,312.44628099173553,35.19834710743802,14.900826446280991,10.900826446280991,442.06611570247935,483.0495867768595,277.6942148760331,43.86776859504132,10
443,Quenton Jackson,Indiana Pacers,G,0,7,0,1,0.0,0,0,0.0,0,0,0.0,0,1,1,2,1,1,0,0,6,3,1,2,3,0.5625,0.140625,3.0625,0.0,0.390625,1.265625,1.0,1.890625,1
444,R. Rupert,Portland Trail Blazers,G,63,324,22,77,278.6,6,8,300.0,13,42,240.2,10,32,42,31,29,7,15,2,-95,136,105,94,73,104.89129141043443,43.731005752826825,36.55008926800238,13.688752231700057,264.93711565165637,146.33584606228928,186.62566951001781,117.14798651061297,10
445,RJ Barrett,Toronto Raptors,SG,244,335,96,172,560.7,39,56,647.3,13,36,325.0,11,50,61,45,26,6,34,5,-65,350,305,289,106,239.4140625,71.125,50.509765625,12.166015625,536.306640625,433.2265625,331.400390625,132.728515625,10
446,RaiQuan Gray,San Antonio Spurs,F,23,36,10,17,118.1,0,0,0.0,3,7,60.0,2,3,5,6,0,1,0,1,18,34,28,29,11,47.02469135802468,14.728395061728394,7.555555555555557,4.555555555555555,115.55555555555557,66.2222222222222,79.320987654321,39.32098765432099,2
447,Reggie Bullock,Houston Rockets,SF,17,91,6,14,183.3,0,0,0.0,5,12,200.0,0,13,13,3,10,3,2,2,-34,33,30,20,16,113.63872452333989,22.292570677186063,2.131821170282709,8.92077580539119,210.939513477975,192.5,132.89940828402368,23.60322156476003,10
448,Reggie Jackson,Denver Nuggets,PG,111,248,41,111,371.0,12,13,550.0,17,45,370.9,8,14,22,37,26,6,14,2,-15,170,133,148,59,180.56480380499403,29.548156956004753,54.63376932223543,19.997753996564935,377.0249702734839,292.0321046373365,232.39714625445896,117.3424494649227,10
449,Richaun Holmes,Washington Wizards,F,88,241,35,62,516.4,18,21,591.7,0,2,0.0,31,52,83,9,31,7,8,8,-2,180,171,97,92,289.8569488456315,267.74694431869625,7.027161611588955,0.004526935264825713,982.0,910.5165233137166,326.7682209144409,309.3463105477592,10
450,Ricky IV Council,Philadelphia 76ers,G,51,103,16,35,424.9,12,17,358.3,7,14,433.3,2,6,8,9,9,6,2,1,33,68,59,60,17,130.32231404958677,8.671074380165289,8.96694214876033,4.140495867768595,231.23966942148763,166.21322314049587,192.28429752066114,20.702479338842977,10
451,Robin Lopez,Milwaukee Bucks,C,6,23,3,9,37.5,0,0,0.0,0,2,0.0,1,0,1,1,3,1,0,2,-16,8,7,7,2,21.92,0.52,0.6800000000000002,0.0,24.48,29.0,18.28,0.32000000000000006,2
452,Royce O'Neale,Phoenix Suns,PF,67,233,24,61,340.0,3,4,150.0,16,46,308.2,8,39,47,23,19,9,6,4,47,137,114,90,70,306.90026511804064,80.33695240499937,20.336952404999366,21.58212346925893,720.9002651180407,572.4772124731726,413.99722257290745,142.0,10
453,Rudy Gobert,Minnesota Timberwolves,C,163,347,61,83,711.8000000000001,41,69,461.6,0,0,0.0,39,91,130,17,32,12,14,22,-5,310,293,180,147,377.2788515668981,159.8033402139238,14.248639519609682,0.0,718.8639519609684,700.0853818727716,371.02195533871264,199.08744604991557,10
454,Rui Hachimura,Los Angeles Lakers,PF,181,314,70,120,601.6,18,23,550.0,23,46,482.8,12,53,65,18,14,5,5,7,37,264,246,199,83,583.8619614512472,104.30498866213152,25.457199546485263,34.39030612244898,992.6621315192743,937.0127551020408,598.9444444444445,170.32908163265307,10
455,Russell Westbrook,LA Clippers,PG,113,216,44,94,466.6,20,27,591.7,5,16,216.7,13,36,49,50,18,9,26,2,41,212,162,163,99,270.31441326530614,154.36033163265307,150.45918367346943,6.512755102040817,1155.625,578.155612244898,560.1460459183673,592.4572704081633,10
456,Ryan Arcidiacono,New York Knicks,G,0,5,0,1,0.0,0,0,0.0,0,1,0.0,0,0,0,0,1,1,0,0,3,0,0,0,0,0.0,0.0625,0.0,0.0,0.0625,0.0625,0.0,0.0625,1
457,Ryan Rollins,Milwaukee Bucks,G,0,7,0,1,0.0,0,0,0.0,0,0,0.0,0,2,2,2,1,0,1,0,0,4,2,2,4,0.7346938775510203,2.9387755102040822,2.0408163265306123,0.08163265306122448,5.224489795918367,0.7346938775510206,0.32653061224489793,9.877551020408163,1
458,Saben Lee,Phoenix Suns,G,35,103,9,28,194.29999999999998,15,20,416.7,2,9,83.3,3,15,18,17,6,4,2,0,6,70,53,52,35,214.83379501385042,37.0,16.867036011080334,1.6786703601108033,473.68698060941836,406.5706371191136,257.0027700831025,78.81440443213296,9
459,Saddiq Bey,Atlanta Hawks,SF,146,337,48,125,372.4,31,35,800.0,19,59,298.4,29,32,61,14,7,4,10,4,-23,221,207,160,75,398.90000000000003,67.125,9.625,14.9,439.4000000000001,478.32500000000005,362.225,74.5,10
460,Sam Hauser,Boston Celtics,SF,114,261,42,107,440.1,2,2,100.0,28,75,405.1,6,33,39,19,12,7,2,2,103,172,153,133,58,410.94126477763183,25.114843310189528,16.81910302120473,32.39594670669919,420.3208857196472,455.378307374742,370.2486395196097,47.569149934321636,10
461,Sam Merrill,Cleveland Cavaliers,SG,76,196,23,65,254.6,7,8,466.7,23,62,263.4,3,17,20,22,13,2,3,0,-18,118,96,98,42,466.625,22.062326869806093,33.74653739612188,50.31717451523546,779.2953601108034,643.7136426592798,576.3978531855955,81.61772853185596,10
462,Samardo Samuels,Houston Rockets,F,0,11,0,1,0.0,0,0,0.0,0,0,0.0,1,2,3,1,1,0,0,1,-6,4,3,1,4,2.0,2.2244897959183674,0.8673469387755102,0.0,0.25510204081632665,0.5102040816326531,1.1530612244897958,3.6836734693877555,2
463,Sandro Mamukelashvili,San Antonio Spurs,PF,108,227,42,82,533.5,13,17,500.0,11,29,276.6,24,63,87,20,13,1,11,4,19,215,195,128,107,435.3241965973535,181.83553875236294,14.084120982986768,14.9054820415879,844.4328922495275,772.7117202268432,445.95085066162574,257.0141776937618,10
464,Santi Aldama,Memphis Grizzlies,PF,116,316,42,90,459.2,13,20,450.0,19,52,309.5,11,56,67,23,14,10,7,16,-91,206,183,139,90,464.97257653061223,94.125,18.288903061224488,31.887755102040817,898.1326530612246,764.936862244898,555.9005102040816,154.68176020408163,10
465,Sasha Vezenkov,Sacramento Kings,F,38,92,12,33,213.9,5,5,200.0,9,24,251.2,0,11,11,5,11,5,1,0,22,54,49,43,16,76.97919999999999,3.8768000000000002,3.88,9.0,131.26719999999997,94.45920000000001,111.5312,10.0128,8
466,Scoot Henderson,Portland Trail Blazers,G,186,351,70,168,416.2,22,28,706.7,24,63,380.7,8,27,35,84,34,12,55,2,-154,305,221,270,119,256.42499999999995,44.5390625,124.5890625,26.95625,501.25625000000014,304.40156249999995,469.45156250000014,152.95625,10
467,Scottie Barnes,Toronto Raptors,SF,179,333,70,155,460.1,33,39,674.9,6,36,159.89999999999998,28,63,91,75,18,13,31,14,21,345,270,254,166,391.6640625,102.8515625,85.6640625,4.8515625,827.2890625,587.40625,576.65625,243.40625,10
468,Scotty Pippen Jr.,Memphis Grizzlies,G,143,269,57,118,445.1,17,20,585.7,12,39,267.9,11,20,31,46,32,22,30,5,-52,220,174,189,77,599.2578512396694,32.96694214876033,34.8,12.24793388429752,1024.0,782.8000000000001,811.3305785123966,96.89421487603306,10
469,Seth Curry,Charlotte Hornets,SG,81,181,29,67,372.5,14,15,566.7,9,31,256.6,4,15,19,17,7,5,7,3,-33,117,100,98,36,233.0,12.900826446280993,16.140495867768593,4.900826446280991,334.3388429752066,276.08264462809916,269.8677685950413,50.429752066115704,10
470,Shai Gilgeous-Alexander,Oklahoma City Thunder,PG,233,313,83,177,466.8,58,70,830.0,9,40,253.3,9,39,48,49,19,15,22,6,76,330,281,282,97,713.5215794306705,54.714416896235086,49.67355371900826,6.289256198347108,1178.9444444444443,985.2240587695135,897.7598714416894,113.87006427915517,10
471,Shake Milton,New York Knicks,SG,49,126,21,46,431.1,2,3,66.7,5,12,250.0,9,19,28,15,12,4,5,2,-6,92,77,64,43,168.13609467455623,82.63017751479289,18.28994082840237,8.869822485207102,562.7485207100592,440.9378698224852,242.85207100591717,148.0147928994083,10
472,Sidy Cissoko,San Antonio Spurs,G,39,109,15,27,241.3,8,11,221.4,1,8,33.3,8,8,16,10,16,4,2,3,10,65,55,49,26,157.31500000000003,18.14,22.375,0.8400000000000001,393.5,273.875,246.44000000000003,71.015,6
473,Simone Fontecchio,Detroit Pistons,F,158,307,55,116,455.5,19,21,616.7,29,65,413.2,8,41,49,16,20,10,13,5,5,223,207,174,65,506.0,36.90963139120095,14.430439952437576,30.11296076099881,589.4708680142687,547.3923900118907,538.8442330558859,60.574316290130795,10
474,Skylar Mays,Los Angeles Lakers,SG,8,34,4,10,170.0,0,0,0.0,0,3,0.0,0,1,1,3,2,3,2,1,-3,12,9,11,4,16.807492195629553,0.8085327783558792,3.1873048907388135,0.0,16.984391259105102,19.05202913631634,15.919875130072839,2.8158168574401667,4
475,Spencer Dinwiddie,Los Angeles Lakers,PG,78,228,21,49,353.0,20,22,650.0,16,37,365.0,3,23,26,16,17,6,12,5,13,120,104,94,42,275.6835217132659,41.048483045806066,46.59607376561571,16.5,640.8628792385485,464.55472932778105,435.5847709696609,104.05145746579417,10
476,Stanley Umude,Detroit Pistons,G,49,150,16,39,260.4,8,9,366.7,9,25,243.3,5,16,21,3,15,4,4,2,-32,73,70,52,24,177.08,44.0,1.9200000000000002,10.88,278.68,272.78,180.88,48.02,8
477,Stephen Curry,Golden State Warriors,PG,238,329,84,183,479.8,25,27,758.3,45,104,464.7,2,43,45,67,14,6,26,6,94,350,283,305,112,442.0,55.6790535636522,42.953549136304254,28.84874437509072,393.67803745100883,439.9200174190739,384.5439105820874,109.84671214980405,10
478,Svi Mykhailiuk,Boston Celtics,SG,73,156,26,48,694.0,3,3,200.0,18,35,593.2,3,15,18,15,7,1,3,1,90,106,91,88,33,473.59393579072537,20.399524375743162,22.92806183115339,27.227705112960763,869.6337693222356,655.5178359096315,664.53983353151,66.49762187871582,10
479,T. Vukcevic,Washington Wizards,PF,85,143,29,65,303.7,17,22,427.8,10,35,215.3,6,26,32,13,27,4,9,6,29,130,117,98,45,371.53739612188366,62.60941828254847,13.550554016620497,7.517313019390581,640.7804709141274,532.8060941828254,431.75,123.92174515235456,7
480,T.J. McConnell,Indiana Pacers,PG,149,202,69,117,593.5,5,5,300.0,6,11,325.0,3,23,26,63,17,5,13,1,48,238,175,212,89,165.2483576349944,20.420765902900175,45.810767505207494,8.487742348982534,258.2230411792981,145.50664957538854,242.25348501842655,101.94279762858517,10
481,T.J. Warren,Minnesota Timberwolves,SF,37,119,16,39,361.2,3,4,150.0,2,13,83.3,5,16,21,7,11,3,4,1,45,65,58,44,28,68.0964207450694,19.16873630387144,7.6238130021913815,1.5880204528853177,105.83710737764791,118.40321402483565,52.761869978086196,29.560993425858292,9
482,Taj Gibson,Detroit Pistons,F,18,40,8,14,216.7,0,0,0.0,2,4,100.0,2,7,9,2,3,1,0,1,-5,29,27,20,11,30.765625,13.3125,3.0,1.015625,95.765625,67.765625,47.765625,27.3125,4
483,Taj Gibson,New York Knicks,F,2,68,0,9,0.0,2,2,100.0,0,2,0.0,4,6,10,4,8,1,3,0,2,16,12,6,14,35.39453125,10.078125,1.25,0.95703125,37.11328125,38.30078125,29.83203125,15.703125,5
484,Talen Horton-Tucker,Utah Jazz,SG,109,209,39,102,368.0,16,19,538.1,15,44,351.6,1,17,18,22,19,9,10,4,-48,149,127,131,40,411.09745939192,21.63265306122449,35.952519783423575,10.95918367346939,631.0899625156185,558.7884214910454,472.3844231570179,68.59975010412327,10
485,Taurean Prince,Los Angeles Lakers,PF,77,202,27,58,429.5,8,10,266.7,15,30,471.6,5,23,28,11,11,6,13,2,9,116,105,88,39,273.81333119692357,43.724082679057844,21.032687069379907,18.503605191475724,424.50248357634996,341.2595737862522,324.3996154462426,97.41339528921647,10
486,Taylor Hendricks,Utah Jazz,F,98,267,36,72,505.0,5,7,216.7,21,41,540.0,11,39,50,15,16,11,7,7,-47,163,148,113,65,286.3961927424152,59.28524687685901,13.123438429506246,14.256395002974422,335.9280190362879,320.2311124330755,297.9646044021416,76.53718024985127,10
487,Taze Moore,Portland Trail Blazers,G,14,35,6,15,135.7,1,2,50.0,1,5,20.0,4,4,8,5,2,1,3,0,-20,27,22,19,13,87.55555555555557,46.22222222222223,10.055555555555555,0.7222222222222223,370.72222222222223,260.0,156.5,98.05555555555557,2
488,Terance Mann,LA Clippers,SG,107,221,44,63,666.9,12,14,525.0,7,16,466.6,10,25,35,12,23,6,9,0,9,154,142,119,47,474.3975308641975,74.56049382716049,7.604938271604938,4.934567901234568,891.4567901234568,812.9777777777776,540.911111111111,94.13086419753087,10
489,Terquavion Smith,Philadelphia 76ers,G,46,71,16,40,307.8,3,5,150.0,11,30,266.6,0,4,4,11,6,8,6,0,1,61,50,57,15,237.09141274238226,2.1385041551246537,20.14681440443213,21.13296398891967,247.99722991689748,230.57617728531855,256.39058171745154,20.407202216066484,8
490,Terry Rozier,Miami Heat,SG,188,305,68,150,442.8,15,16,466.7,37,74,449.4,2,29,31,31,14,12,12,3,40,250,219,219,62,683.6591836734694,25.0,25.765306122448976,77.26122448979592,794.9469387755103,827.7163265306122,646.1755102040817,55.479591836734706,10
491,Terry Taylor,Chicago Bulls,F,15,56,5,10,325.0,3,4,150.0,2,3,150.0,4,10,14,3,1,2,0,0,-15,32,29,18,17,20.88823959094229,35.125639152666174,3.509130752373996,1.7983929875821767,117.36084733382029,97.06866325785245,26.967129291453613,52.848064280496715,5
492,Thaddeus Young,Phoenix Suns,F,21,83,10,19,325.0,1,3,100.0,0,1,0.0,16,10,26,6,11,5,4,0,0,53,47,27,32,34.0175,68.28937499999999,7.68,0.0,144.554375,128.754375,45.4575,80.329375,7
493,Thaddeus Young,Phoenix Suns,PF,13,49,6,8,241.7,1,2,50.0,0,1,0.0,5,10,15,6,3,2,1,1,-11,34,28,19,21,10.407499999999999,29.116875,9.919999999999998,0.0,111.30187500000001,61.50187499999999,38.967499999999994,60.276875,3
494,Thanasis Antetokounmpo,Milwaukee Bucks,SF,16,62,8,15,416.7,0,2,0.0,0,1,0.0,2,1,3,6,8,3,4,1,-16,25,19,22,9,27.520000000000003,1.8800000000000001,2.0,0.0,35.12,28.919999999999998,34.32,3.2800000000000002,8
495,Theo Maledon,Phoenix Suns,PG,5,10,1,2,50.0,3,3,100.0,0,0,0.0,0,1,1,0,3,0,3,0,-11,6,6,5,1,14.0625,0.5625,0.0,0.0,20.25,20.25,14.0625,0.5625,1
496,Thomas Bryant,Miami Heat,C,100,152,38,64,525.0,20,21,775.0,4,15,233.3,13,44,57,7,17,4,6,8,53,164,157,107,64,570.8444444444444,120.11111111111111,8.111111111111112,4.404938271604938,1124.7999999999997,1051.3111111111111,637.7111111111112,134.84444444444443,10
497,Tim Hardaway Jr.,Dallas Mavericks,SF,78,216,28,82,345.3,7,8,250.0,15,54,277.5,1,24,25,17,9,4,7,0,-38,120,103,95,42,167.60000000000002,15.139792387543253,14.57370242214533,8.244290657439446,273.0380622837371,252.85743944636675,193.67958477508648,23.81453287197232,10
498,Tobias Harris,Philadelphia 76ers,PF,176,339,67,143,473.9,23,27,810.0,19,45,373.6,14,66,80,28,17,6,13,13,33,284,256,204,108,148.06320022981902,70.58546394714163,15.622522263717322,25.64464234415398,215.12726228095377,158.30163746049988,195.3714449870727,95.72536627405917,10
499,Tony Allen,Memphis Grizzlies,F,13,124,6,23,125.0,1,2,50.0,0,7,0.0,4,13,17,5,18,4,2,0,-65,35,30,18,22,16.31122448979592,15.25,2.0,0.0,55.63265306122449,41.63265306122449,26.31122448979592,21.25,5
500,Torrey Craig,Chicago Bulls,SF,39,158,14,31,383.7,4,5,250.0,7,15,375.0,7,27,34,7,16,4,5,3,2,80,73,46,41,132.4380193905817,171.96849030470915,9.962603878116344,10.573753462603879,580.7257617728532,464.87673130193906,191.04328254847644,239.17486149584488,10
501,Tosan Evbuomwan,Detroit Pistons,F,84,276,29,53,552.3,17,25,508.4,9,23,390.0,10,34,44,10,17,5,8,4,-96,138,128,94,54,125.78092461474385,43.12952936276552,10.066638900458145,7.008329862557268,264.558100791337,237.48604748021654,150.0,56.04914618908788,10
502,Toumani Camara,Portland Trail Blazers,F,88,292,35,67,507.2,8,9,350.0,10,26,336.6,19,23,42,22,26,8,13,8,-36,152,130,110,64,287.70000000000005,51.93611111111112,28.402777777777775,8.002777777777778,547.7,471.46944444444443,351.46944444444443,92.8,10
503,Trae Young,Atlanta Hawks,PG,187,332,58,141,454.1,47,57,850.1,24,75,373.0,2,24,26,105,20,8,45,1,-50,318,213,292,131,601.0,8.7202216066482,52.5623268698061,12.847645429362881,648.0,515.0886426592799,742.1939058171745,53.0,10
504,Trayce JacksonDavis,Golden State Warriors,F,108,246,47,69,679.8,14,23,360.0,0,0,0.0,27,44,71,17,13,8,12,17,0,196,179,125,88,259.9833531510107,82.31272294887039,20.145990223279167,0.0,362.626767076232,309.6730083234245,311.82732197119833,103.56850310476946,10
505,Tre Jones,San Antonio Spurs,PG,115,337,48,103,441.5,7,11,258.3,12,37,291.7,11,49,60,70,13,11,21,2,44,245,175,185,130,135.51239669421489,83.07773760330578,62.625,9.600206611570249,369.65625,230.90625,187.72830578512395,232.2368285123967,10
506,Tre Mann,Charlotte Hornets,PG,113,312,41,93,454.59999999999997,18,22,588.3,13,38,366.7,4,32,36,53,12,20,27,3,-56,202,149,166,89,225.68262969964294,12.2117202268431,26.122873345935727,14.100189035916825,385.5710985087166,251.68515017853392,354.5780298256669,43.32514177693761,10
507,Trendon Watford,Brooklyn Nets,PF,123,260,46,88,526.1,22,33,493.8,9,21,340.0,8,48,56,24,25,6,24,5,-67,203,179,147,80,354.6345963102559,160.8756199166832,45.208490378893075,5.401507637373537,998.6746677246579,771.3531045427495,460.27395358063876,327.7663162071018,10
508,Trent Forrest,Atlanta Hawks,G,24,126,11,28,366.6,2,3,100.0,0,3,0.0,5,12,17,35,2,4,8,1,-25,76,41,59,52,30.482644628099173,13.0,66.5404958677686,0.0,150.46611570247933,30.42809917355372,137.13884297520661,92.92231404958677,10
509,Trevelin Queen,Orlando Magic,SG,0,13,0,3,0.0,0,0,0.0,0,2,0.0,0,1,1,1,1,0,0,0,-17,2,1,1,2,0.0,0.5918367346938775,0.7551020408163267,0.0,0.04081632653061227,0.5918367346938775,0.7551020408163267,0.04081632653061227,2
510,Trey Jemison,Memphis Grizzlies,C,71,282,31,64,450.5,9,10,450.0,0,0,0.0,34,38,72,16,26,6,15,13,-71,159,143,87,88,224.72561983471076,103.56694214876032,11.47107438016529,0.0,508.6033057851239,491.79338842975204,208.2,148.37355371900827,10
511,Trey Lyles,Sacramento Kings,PF,70,199,25,61,370.6,5,7,250.0,15,41,374.2,13,32,45,17,10,4,7,5,64,132,115,87,62,248.1353325643983,77.10073048827374,24.540176855055748,8.547097270280661,545.598615916955,396.8146866589773,382.8908112264514,115.66935793925413,10
512,Trey Murphy III,New Orleans Pelicans,SG,183,378,56,121,457.9,36,39,848.2,35,86,400.6,12,57,69,30,14,15,8,2,16,282,252,213,99,495.9443252114632,57.161595758111346,12.989774018432016,28.371291503598027,702.0,608.8549425577578,564.9818204772125,94.25893195303622,10
513,Tristan Thompson,Cleveland Cavaliers,C,24,90,11,22,301.3,2,8,100.0,0,0,0.0,14,17,31,9,8,3,4,3,-42,64,55,33,40,62.988800000000005,31.54719999999999,3.2800000000000002,0.0,129.6288,136.1248,56.0848,35.2352,8
514,Troy Brown Jr.,Detroit Pistons,SF,45,244,16,57,221.7,5,6,250.0,8,27,170.8,7,31,38,13,8,15,6,1,-54,96,83,58,51,176.71071800208114,22.92872008324662,14.339750260145681,21.633714880332985,232.81581685744015,186.6977107180021,196.5,63.597294484911544,10
515,TyTy Washington Jr.,Milwaukee Bucks,G,11,38,5,13,145.0,0,0,0.0,1,4,100.0,1,2,3,5,1,1,0,0,-2,19,14,16,8,30.342403628117914,2.777777777777778,6.111111111111112,0.7641723356009069,53.961451247165535,33.755102040816325,53.437641723356,6.0,4
516,Tyler Herro,Miami Heat,PG,207,336,74,161,455.3,33,37,691.7,26,73,372.0,2,50,52,49,16,1,22,1,66,308,259,256,101,248.5444444444444,17.87777777777778,37.17777777777778,10.57777777777778,305.59999999999997,281.84444444444443,257.3444444444445,70.0111111111111,10
517,Tyrese Haliburton,Indiana Pacers,PG,187,319,64,136,466.4,27,32,803.4,32,84,363.7,3,36,39,92,15,14,21,7,86,318,226,279,131,484.14365548980936,38.95529257067719,79.6715976331361,29.169296515450363,589.8698224852071,608.8668639053254,490.87245233399074,92.90105193951348,10
518,Tyrese Maxey,Philadelphia 76ers,PG,272,394,101,217,465.7,40,47,775.0,30,86,370.3,4,31,35,59,22,11,12,5,77,366,307,331,94,1280.876706574249,64.51312749422391,99.0058811174123,22.472589792060493,1915.572358748162,1666.3837429111531,1443.13988657845,250.44444444444446,10
519,Tyus Jones,Washington Wizards,PG,91,313,36,84,402.0,4,4,300.0,15,43,360.8,3,22,25,97,4,9,13,2,-70,213,116,188,122,345.04336734693874,43.53316326530612,160.5,20.959183673469386,776.265306122449,542.0510204081633,542.9719387755102,240.3188775510204,10
520,Udoka Azubuike,Phoenix Suns,C,2,11,1,3,33.3,0,2,0.0,0,0,0.0,2,4,6,0,1,0,0,0,-3,8,8,2,6,3.305785123966942,28.76859504132231,0.0,0.0,51.578512396694215,51.578512396694215,3.305785123966942,28.76859504132231,1
521,Usman Garuba,Golden State Warriors,PF,1,5,0,1,0.0,1,2,50.0,0,0,0.0,0,4,4,0,0,0,0,2,7,5,5,1,4,0.0,6.950413223140497,0.0,0.0,6.950413223140496,6.950413223140496,0.0,6.950413223140497,1
522,Vasilije Micic,Charlotte Hornets,G,91,279,33,88,344.9,13,17,425.0,12,42,264.0,3,19,22,77,19,9,23,1,-74,190,113,168,99,236.218080620678,22.17102378141339,137.16259065609714,11.719008264462811,667.4154157530782,288.0740428402766,564.793388429752,210.09967954123798,10
523,Victor Wembanyama,San Antonio Spurs,C,260,332,92,197,488.0,49,65,697.5,27,81,334.3,26,96,122,61,17,11,48,41,0,443,382,321,183,812.8804182830157,225.9591836734694,27.743801652892564,29.8099173553719,1786.1320627424523,1676.7023106763365,860.6738067127677,315.3393489627255,10
524,Vince Williams Jr.,Memphis Grizzlies,G,127,336,42,92,459.70000000000005,30,38,723.3,13,34,328.8,8,54,62,61,30,12,34,9,-54,250,189,188,123,231.93628808864267,72.8808864265928,35.61495844875347,18.00831024930748,492.2326869806094,474.07479224376726,226.76454293628805,131.82548476454295,10
525,Vit Krejci,Atlanta Hawks,G,63,247,24,46,483.7,1,1,100.0,14,31,320.8,6,23,29,21,23,6,9,0,-34,113,92,84,50,433.88775510204084,32.07551020408164,15.193877551020407,32.5,518.4591836734694,479.1183673469388,456.204081632653,64.29387755102042,10
526,Walker Kessler,Utah Jazz,C,72,234,31,42,737.5,10,12,500.0,0,0,0.0,22,52,74,12,20,3,11,12,-77,158,146,84,86,107.6064272961714,126.54671692124577,7.620313429875025,0.0,303.70283673874235,272.61456060305494,118.40388811743702,154.45784566554255,10
527,Wendell Carter Jr.,Orlando Magic,C,102,255,38,77,519.3,12,18,340.4,14,39,360.8,22,52,74,18,22,11,11,5,24,194,176,120,92,191.6077551674411,134.65438231052715,24.0,13.015542381028682,770.4467232815254,584.5733055600064,290.5191475725044,245.61640762698283,10
528,Wendell Moore Jr.,Minnesota Timberwolves,G,8,18,4,5,250.0,0,0,0.0,0,0,0.0,0,7,7,2,2,0,1,0,20,17,15,10,9,16.16528925619835,10.75,2.902376033057852,0.0,58.4684917355372,48.91528925619835,19.968491735537192,19.402376033057852,3
529,Wenyen Gabriel,Memphis Grizzlies,F,17,81,8,22,168.3,0,5,0.0,1,6,50.0,7,18,25,3,10,2,8,2,-16,45,42,20,28,59.72702331961591,43.6159122085048,4.060356652949245,0.879286694101509,182.2098765432099,171.6858710562414,60.574759945130324,57.352537722908096,5
530,Wesley Matthews,Atlanta Hawks,SG,53,141,18,39,456.1,4,4,200.0,13,25,470.0,5,15,20,9,13,6,2,4,-15,82,73,62,29,116.19117123531507,30.911356354574583,13.11107155571378,8.223923104307584,189.41117835528658,182.96440014239943,119.76076895692418,46.8996084015664,10
531,Xavier Moon,LA Clippers,G,24,90,11,37,145.6,0,0,0.0,2,14,22.2,6,8,14,14,5,3,2,2,-24,52,38,38,28,169.79999999999998,35.80987654320987,43.439506172839515,3.8320987654320984,608.0765432098765,342.54320987654313,362.17283950617286,152.40987654320986,5
532,Xavier Tillman,Boston Celtics,F,44,114,19,37,492.7,1,3,50.0,5,14,223.3,4,16,20,12,6,4,2,4,4,76,64,56,32,114.73048907388136,29.50468262226847,3.742455775234131,4.760145681581687,182.41259105098857,178.4703433922997,118.44380853277836,33.47606659729449,10
533,Yuta Watanabe,Memphis Grizzlies,SF,22,97,10,24,250.0,0,2,0.0,2,12,64.3,0,11,11,5,6,5,4,0,-36,38,33,27,16,115.08000000000001,11.27,3.75,1.4800000000000004,136.28,131.43,116.23000000000002,18.72,7
534,Zach Collins,San Antonio Spurs,PF,114,187,43,88,456.5,19,23,716.7,9,23,290.0,17,42,59,27,22,3,14,9,-6,200,173,141,86,326.64167047706144,77.6803840877915,15.444444444444443,7.4444444444444455,568.454199055022,636.4336229233348,294.390641670477,57.39643347050753,10
535,Zavier Simpson,Memphis Grizzlies,G,42,162,17,54,192.7,3,4,75.0,5,17,108.3,4,16,20,25,11,7,10,3,-29,87,62,67,45,176.23140495867767,39.105371900826455,5.997933884297521,9.694214876033056,304.0,251.81611570247935,214.74173553719007,58.77685950413223,7
536,Zeke Nnaji,Denver Nuggets,PF,32,114,14,20,576.7,3,7,150.0,1,1,100.0,6,16,22,6,14,3,0,7,-1,60,54,38,28,47.852728468113085,28.042077580539118,6.4010519395134775,0.9000657462195925,137.28862590401053,129.76331360946745,45.82117028270874,44.0,10
537,Ziaire Williams,Memphis Grizzlies,F,103,270,39,94,389.0,13,16,421.4,12,46,213.7,6,38,44,20,15,12,15,0,-39,167,147,123,64,552.1,32.4,24.0,17.599999999999998,788.1,632.1,714.1,50.4,10
538,Zion Williamson,New Orleans Pelicans,PF,247,353,91,184,491.8,64,90,710.8,1,4,50.0,15,40,55,53,22,20,33,10,-5,355,302,300,108,380.1220786761504,77.50515314269124,57.76818115836841,0.9407751487879227,484.84874437509075,425.14240092901724,419.30643054144286,155.79532588184063,10
