,First Last Name,team,position,points,minutes,fgm,fga,fgp,ftm,fta,ftp,tpm,tpa,tpp,offReb,defReb,totReb,assists,pFouls,steals,turnovers,blocks,plusMinus,Points_Rebounds_Assist,Points_Rebounds,Points_Assist,Rebounds_Assist,points_deviation,totReb_deviation,assists_deviation,tpm_deviation,Points_Rebounds_Assist_deviation,Points_Rebounds_deviation,Points_Assist_deviation,Rebounds_Assist_deviation,count
0,A. Flagler,Oklahoma City Thunder,F,0,6,0,3,0.0,0,0,0.0,0,3,0.0,0,0,0,1,0,0,0,0,0,1,0,1,1,0.0,0.0,0.0,0.0,0.0,0.0,0.0,0.0,1
1,A.J. Green,Milwaukee Bucks,G,51,148,17,37,437.6,2,3,100.0,15,33,378.1,3,10,13,3,9,4,4,2,45,67,64,54,16,188.38451557093427,18.5,4.1280276816609,24.502162629757784,296.1734429065744,265.82569204152253,210.32050173010379,31.039792387543248,10
2,A.J. Lawson,Dallas Mavericks,G,26,52,11,26,323.3,2,6,100.0,2,9,100.0,2,7,9,4,5,1,0,1,1,39,35,30,13,59.35965386695511,8.358572201189832,2.67604110329908,1.8312601406165494,85.92698756084368,81.85343428880476,61.36398053001623,13.10383991346674,8
3,Aaron Gordon,Denver Nuggets,PF,145,328,54,102,574.3,31,46,637.1,6,20,166.6,29,43,72,48,23,4,15,7,48,265,217,193,120,284.505012252172,71.27244375139229,40.42325685007796,6.40008910670528,396.9255959010916,479.59434172421476,254.6903541991535,58.84161283136558,10
4,Aaron Holiday,Houston Rockets,G,62,153,21,46,354.0,10,10,300.0,10,23,348.3,5,9,14,17,16,6,4,0,4,93,76,79,31,328.3511659807956,28.761469288218258,12.857948483462886,10.097546105776559,598.4567901234568,530.5547934766042,380.90001524157907,56.972565157750346,10
5,Aaron Nesmith,Indiana Pacers,SF,114,299,42,97,442.9,13,13,600.0,17,54,294.5,9,29,38,19,35,5,8,7,64,171,152,133,57,126.89446366782006,14.348183391003458,15.152249134948095,14.141868512110726,142.2322664359862,127.25129757785471,129.4065743944637,41.96929065743945,10
6,Aaron Wiggins,Oklahoma City Thunder,SG,108,227,43,80,554.4,14,16,530.0,8,20,275.0,10,17,27,20,17,16,12,5,-7,155,135,128,47,501.52804709141276,16.738227146814406,28.37015235457064,11.901662049861496,706.3227146814404,578.0945290858726,647.2963988919668,27.568213296398888,10
7,Adama Sanogo,Chicago Bulls,C,0,5,0,0,0.0,0,0,0.0,0,0,0.0,0,1,1,0,0,0,1,0,2,1,1,0,1,0.390625,0.0,0.0,0.0,0.390625,0.390625,0.390625,0.0,1
8,Admiral Schofield,Orlando Magic,SF,8,18,3,6,116.7,0,0,0.0,2,4,150.0,0,4,4,1,1,1,0,0,-20,13,12,9,5,17.48,1.1792,0.7200000000000002,0.9488000000000001,26.5312,22.467200000000002,19.88,3.5631999999999997,3
9,Al Horford,Boston Celtics,C,131,282,50,86,613.0,7,8,350.0,24,50,488.3,14,41,55,23,10,7,10,6,108,209,186,154,78,408.31239669421484,33.631404958677685,8.100826446280992,30.148760330578508,343.06611570247935,368.28429752066114,400.1553719008264,24.671074380165287,10
10,Alec Burks,New York Knicks,SG,52,124,16,57,202.7,11,14,371.4,9,31,209.89999999999998,1,16,17,7,3,4,5,0,-1,76,69,59,24,333.40277777777777,22.43611111111111,4.377777777777778,9.902777777777777,573.6111111111111,506.2777777777777,388.92499999999995,38.625,10
11,Aleksej Pokusevski,Charlotte Hornets,F,81,202,25,55,483.1,23,31,591.7,8,24,266.6,9,38,47,15,6,7,8,5,-40,143,128,96,62,140.3771626297578,39.30449826989619,14.662437524029219,3.6124567474048446,249.8573625528643,244.28373702422147,155.83544790465206,44.08227604767397,10
12,Alex Caruso,Chicago Bulls,SG,106,326,36,81,453.3,8,10,250.0,26,56,452.8,8,33,41,46,27,20,16,7,-39,193,147,152,87,201.68812159879903,30.900919497091387,14.661287295927943,28.92963032463877,330.52786639144307,277.45787202101707,229.98911615687746,70.33120660536686,10
13,Alex Len,Sacramento Kings,C,20,106,8,11,366.7,4,5,250.0,0,0,0.0,10,23,33,13,16,1,6,11,34,66,53,33,46,62.26844444444445,34.455999999999996,12.584,0.0,112.91377777777778,132.10044444444443,45.97777777777778,44.144,10
14,Alondes Williams,Miami Heat,G,0,6,0,1,0.0,0,0,0.0,0,1,0.0,0,1,1,0,0,0,1,0,-2,1,1,0,1,1.44,0.81,0.0,0.0,0.09000000000000002,0.09000000000000002,1.44,0.81,1
15,Alperen Sengun,Houston Rockets,C,209,324,81,157,512.7,43,68,622.9,4,12,200.0,39,68,107,45,36,16,26,7,2,361,316,254,152,847.1723356009071,197.81632653061226,123.77551020408163,4.408163265306122,1935.0226757369614,1622.4580498866212,993.7777777777778,487.5510204081633,10
16,Amari Bailey,Charlotte Hornets,G,2,6,1,3,33.3,0,0,0.0,0,2,0.0,0,0,0,1,0,1,0,0,7,3,2,3,1,2.5600000000000005,0.0,0.5625,0.0,5.522500000000001,2.5600000000000005,5.522500000000001,0.5625,1
17,Amen Thompson,Houston Rockets,F,117,284,46,92,543.9,25,35,591.6,0,5,0.0,39,48,87,33,23,14,15,3,7,237,204,150,120,375.4438391283448,128.57955455856433,25.710142605351706,0.025636917160711425,948.6603108476206,830.4701169684346,426.07659029001763,221.84713988142926,10
18,Amir Coffey,LA Clippers,SG,61,248,21,54,400.8,7,9,316.7,12,33,289.2,7,18,25,13,20,8,4,3,7,99,86,74,38,171.61646188400053,40.555819791253796,8.2294887039239,11.603382216937508,276.27229488703927,271.9476813317479,185.11111111111111,39.61527282335844,10
19,Andre Drummond,Chicago Bulls,C,93,185,37,59,661.3,19,28,438.4,0,0,0.0,32,71,103,4,16,11,9,6,38,200,196,97,107,118.82438711744912,190.135394968755,8.418522672648614,0.0,538.5008812690273,492.34193238263094,157.43454574587406,206.1027078993751,10
20,Andre Jr. Jackson,Milwaukee Bucks,G,13,92,5,14,383.3,0,0,0.0,3,7,250.0,4,14,18,11,10,3,3,2,-6,42,31,24,29,18.0078125,11.03125,10.40625,2.0703125,61.1328125,47.5703125,31.1328125,21.875,8
21,Andrew Nembhard,Indiana Pacers,PG,105,279,43,81,506.09999999999997,7,9,350.0,12,29,358.3,4,22,26,37,26,10,10,1,28,168,131,142,63,202.55102040816325,21.088210490807896,42.10743801652893,7.63265306122449,356.53938269522683,308.013998988025,247.61949738573117,66.65255523697083,10
22,Andrew Wiggins,Golden State Warriors,SF,159,284,59,127,459.8,22,27,506.4,19,46,376.7,16,42,58,18,16,5,13,11,72,235,217,177,76,411.1006944444444,35.90625,51.625,17.38155864197531,752.5694444444445,540.7777777777778,571.5173611111112,138.90625,10
23,Anfernee Simons,Portland Trail Blazers,SG,234,361,80,177,436.7,36,39,757.1,38,94,405.4,4,33,37,64,19,7,30,1,-38,335,271,298,101,935.5240670632775,28.301243915630067,125.20497566252028,19.635478637101134,1764.6960519199567,1205.978907517577,1461.0362358031368,186.71119524067063,10
24,Anthony Black,Orlando Magic,G,44,174,15,42,382.6,6,13,183.3,8,19,275.0,6,19,25,8,9,6,8,2,0,77,69,52,33,120.17777777777779,73.79012345679013,3.916049382716049,11.200000000000001,326.2,283.00493827160494,154.43456790123454,86.64444444444445,10
25,Anthony Davis,Los Angeles Lakers,PF,245,350,94,165,577.6,49,59,671.8,8,24,320.8,35,114,149,27,22,13,26,22,106,421,394,272,176,798.9183673469388,246.9734693877551,28.836734693877553,7.944897959183673,1735.0224489795917,1795.2183673469387,753.3877551020407,261.14489795918365,10
26,Anthony Edwards,Minnesota Timberwolves,SG,238,349,81,192,407.7,54,65,754.2,22,71,333.7,11,49,60,55,10,12,26,1,34,353,298,293,115,1130.7102575826857,126.73769242493522,28.509525986892243,43.93385154702027,1306.0047248894984,1154.716049382716,1322.1665904587717,115.079561042524,10
27,Anthony Gill,Washington Wizards,PF,103,245,43,88,485.2,11,13,360.0,6,21,208.3,18,29,47,16,32,5,8,4,-46,166,150,119,63,330.8751300728409,103.23517169614985,20.81581685744016,4.924557752341311,808.9698231009363,703.4131113423516,403.38085327783557,157.10197710718,10
28,Ashton Hagans,Portland Trail Blazers,G,51,194,17,43,297.7,10,11,450.0,7,18,266.7,8,22,30,36,23,8,23,4,-5,117,81,87,66,186.27100073046017,25.234477720964207,41.68298027757487,8.447772096420744,424.85975164353545,286.10737764791816,300.9970781592403,90.9437545653762,10
29,Ausar Thompson,Detroit Pistons,F,103,314,42,87,508.0,11,25,325.0,8,29,195.3,15,44,59,21,26,17,14,11,-6,183,162,124,80,121.7,31.399999999999995,24.125,8.5,347.72499999999997,237.7,200.02499999999998,87.225,10
30,Austin Reaves,Los Angeles Lakers,SG,161,354,56,131,419.6,32,37,708.4,17,61,251.1,12,49,61,65,19,6,20,6,34,287,222,226,126,476.9019387918603,172.95449447203973,64.87502002884153,18.660310847620572,1236.8932863323184,987.4065053677296,666.6412433904823,297.5769908668483,10
31,Ayo Dosunmu,Chicago Bulls,SG,183,365,72,129,560.1,19,22,591.7,20,44,439.5,7,23,30,42,28,13,20,4,-17,255,213,225,72,456.53719008264466,20.20408163265306,57.39247765221791,22.379490639230898,523.7755102040817,462.1438691178951,528.9591836734694,66.80620678023276,10
32,Bam Adebayo,Miami Heat,C,171,340,67,125,552.7,29,38,666.6,8,18,375.0,18,90,108,43,18,15,21,9,65,322,279,214,151,197.14749483955714,55.13492212422593,61.17188966034904,5.888534434227811,406.90673672358787,290.875774066429,324.5438168511916,104.94145243009946,10
33,Ben Sheppard,Indiana Pacers,G,49,190,17,54,306.2,5,5,300.0,10,37,211.79999999999998,4,11,15,14,21,9,4,0,14,78,64,63,29,129.45288531775017,18.589481373265155,12.689919649379108,10.089481373265158,209.85427319211104,203.48721694667643,146.14207450693937,20.9572680788897,10
34,Ben Simmons,Brooklyn Nets,PG,53,168,24,38,521.1,5,11,150.0,0,0,0.0,15,39,54,46,20,9,12,4,-5,153,107,99,100,134.88888888888889,64.0,78.88888888888889,0.0,382.0,162.8888888888889,300.0,196.88888888888889,9
35,Bennedict Mathurin,Indiana Pacers,SG,139,275,44,115,340.3,35,45,614.5,16,44,245.0,10,33,43,23,24,7,17,4,-18,205,182,162,66,753.4765625,123.6015625,38.125,30.4140625,1418.90625,1097.65625,970.9140625,265.5390625,10
36,Bilal Coulibaly,Washington Wizards,SG,90,289,30,76,451.5,19,27,633.3,11,39,238.3,9,30,39,18,22,12,8,7,-98,147,129,108,57,127.37777777777777,38.5,16.0,13.177777777777775,337.8777777777778,291.7444444444444,166.31111111111107,61.699999999999996,10
37,Bismack Biyombo,Oklahoma City Thunder,C,4,36,1,4,33.3,2,4,100.0,0,0,0.0,3,2,5,2,6,1,4,1,3,11,9,6,7,5.024221453287197,6.093425605536332,1.5986159169550171,0.0,33.31141868512111,20.4878892733564,12.020761245674741,13.51903114186851,5
38,Blake Wesley,San Antonio Spurs,G,45,162,16,37,375.0,8,13,450.0,5,14,216.7,4,16,20,30,13,3,15,1,6,95,65,75,50,195.57033988721233,18.07468373723518,28.440481633897274,6.914951989026063,222.38698369151044,230.21048620637094,203.38408779149523,30.87791495198903,10
39,Boban Marjanovic,Houston Rockets,C,3,7,1,1,100.0,1,2,50.0,0,0,0.0,0,3,3,0,0,0,1,0,-3,6,6,3,3,0.5625,4.840000000000001,0.04000000000000001,0.0,7.5625,8.7025,0.3024999999999998,4.0,1
40,Bobby Portis,Milwaukee Bucks,F,146,257,63,130,471.6,8,10,400.0,12,31,318.4,23,60,83,17,20,10,11,6,14,246,229,163,100,323.9437869822485,80.10026298487837,10.609138724523339,18.156476002629848,397.9674556213018,384.3438527284681,349.74424720578565,78.53254437869822,10
41,Bogdan Bogdanovic,Atlanta Hawks,SG,188,362,67,147,482.6,28,30,656.7,26,72,450.40000000000003,9,35,44,39,23,11,20,6,22,271,232,227,83,624.7217777777778,71.34044444444444,23.060444444444443,13.424,1110.495111111111,1054.576,669.064,105.97777777777779,10
42,Bojan Bogdanovic,New York Knicks,SF,98,144,38,74,494.1,9,12,375.0,13,32,425.3,3,12,15,6,10,0,10,0,-21,119,113,104,21,298.1710237814134,25.775510204081627,6.105582728959352,12.158711418451679,407.08264462809916,369.65339854950247,340.6503626243886,26.83100016866251,10
43,Bol Bol,Phoenix Suns,C,47,116,16,26,402.5,7,8,275.0,8,12,325.0,3,27,30,6,9,4,3,6,7,83,77,53,36,279.3804444444445,22.4,4.61511111111111,11.60711111111111,490.184,444.6871111111111,317.464,34.428444444444445,10
44,Bones Hyland,LA Clippers,PG,68,158,25,65,391.4,4,6,200.0,14,40,322.1,2,25,27,34,15,10,12,1,-6,129,95,102,61,320.0,67.764,88.484,20.756,936.0559999999999,539.044,667.7639999999999,205.49599999999998,10
45,Bradley Beal,Phoenix Suns,SG,145,339,56,110,504.1,9,10,250.0,24,43,523.7,13,32,45,59,20,9,23,11,17,249,190,204,104,489.1224489795918,48.59487265980772,89.13088210490807,31.611401585427558,418.56518805869456,478.9084162590656,460.0752234778209,106.4297520661157,10
46,Brandin Podziemski,Golden State Warriors,G,87,243,36,71,513.3,4,5,200.0,11,24,423.3,16,40,56,29,17,5,9,0,32,172,143,116,85,187.53316326530611,60.70209750566893,41.24971655328798,10.900226757369614,391.66808390022675,222.51927437641723,313.18934240362813,145.44444444444446,10
47,Brandon Boston Jr.,LA Clippers,SG,54,131,22,52,449.9,6,13,266.7,4,17,133.3,4,16,20,2,18,2,4,5,-30,76,74,56,22,90.9001736111111,30.5,1.6293402777777777,4.421006944444444,191.40625,172.10850694444443,99.65625,42.67100694444445,10
48,Brandon Clarke,Memphis Grizzlies,PF,68,134,33,59,329.5,1,7,50.0,1,6,100.0,13,19,32,9,8,5,3,6,-8,109,100,77,41,88.62381852551985,34.12098298676749,9.570888468809073,0.833648393194707,104.8336483931947,89.39508506616257,91.58979206049149,56.16446124763705,6
49,Brandon Ingram,New Orleans Pelicans,SF,180,306,68,138,496.2,36,43,724.5,8,27,260.0,6,50,56,54,24,6,19,7,49,290,236,234,110,670.2437673130194,25.364265927977836,44.40443213296399,6.5318559556786715,720.3393351800554,826.6662049861496,558.8476454293628,74.83795013850416,10
50,Brandon Miller,Charlotte Hornets,F,208,359,74,159,466.5,27,32,730.0,33,84,396.4,7,40,47,25,24,8,21,8,-93,280,255,233,72,479.0264589979359,38.25539500844436,14.537999624695066,35.89172452617752,688.7866391443048,698.7744417339088,453.8849690373428,67.94708200412836,10
51,Brandon Williams,Dallas Mavericks,G,7,24,2,9,83.3,3,4,100.0,0,2,0.0,1,1,2,4,1,0,1,0,-12,13,9,11,6,18.487603305785125,3.4049586776859497,4.297520661157025,0.0,33.0,16.5702479338843,30.223140495867764,12.396694214876032,4
52,Braxton Key,Denver Nuggets,F,2,6,1,1,100.0,0,1,0.0,0,0,0.0,1,1,2,0,1,0,0,0,2,4,4,2,2,0.6173469387755104,1.0,0.12755102040816327,0.12755102040816327,2.040816326530612,3.1887755102040813,0.18367346938775514,0.4132653061224489,1
53,Brice Sensabaugh,Utah Jazz,F,98,226,31,85,347.6,19,22,513.3,17,49,336.7,5,38,43,29,18,6,18,4,-95,170,141,127,72,582.0211218836565,36.84903047091413,24.948753462603882,42.89785318559557,767.4477146814404,666.2662742382271,644.125,100.8753462603878,10
54,Brook Lopez,Milwaukee Bucks,C,134,295,48,87,573.6,17,22,441.8,21,48,442.2,13,36,49,8,24,3,15,16,-20,191,183,142,57,277.3617777777778,44.97511111111111,9.376000000000001,26.921777777777777,457.0,471.496,263.9484444444444,53.26844444444445,10
55,Bruce Brown,Toronto Raptors,SF,103,262,40,79,492.9,17,25,583.3,6,17,275.0,9,22,31,33,19,8,20,0,-119,167,134,136,64,182.27777777777777,45.077777777777776,42.43611111111112,8.411111111111111,424.43611111111113,242.4,346.625,105.20277777777777,10
56,Bruno Fernando,Atlanta Hawks,PF,99,205,40,61,601.4,19,27,500.1,0,1,0.0,16,30,46,20,36,6,12,7,-14,165,145,119,66,427.5447530864198,43.30401234567902,13.736111111111112,0.0,475.9027777777779,516.2777777777777,413.66049382716045,30.549382716049383,10
57,Bryce McGowens,Charlotte Hornets,G,41,140,13,33,249.89999999999998,12,16,391.7,3,12,90.0,1,19,20,6,14,5,3,4,-16,67,61,47,26,211.3564645726808,26.565376186997806,6.8911614317019705,4.170197224251279,360.5880204528853,344.9430241051862,228.00657414170928,32.451424397370346,10
58,Buddy Boeheim,Detroit Pistons,F,22,57,7,19,133.3,2,2,100.0,6,17,126.19999999999999,0,6,6,3,4,0,0,1,16,31,28,25,9,109.0,9.87890625,7.3125,6.5625,243.09765625,174.37890625,167.3125,27.59765625,4
59,Buddy Hield,Philadelphia 76ers,SG,100,225,36,83,429.1,9,10,550.0,19,53,362.8,12,20,32,15,17,6,11,3,21,147,132,115,47,214.23951247165533,24.444444444444446,19.10459183673469,22.941326530612244,327.0,305.03316326530614,239.44444444444446,40.3109410430839,10
60,CJ McCollum,New Orleans Pelicans,SG,267,385,99,221,450.3,24,24,600.0,45,104,428.3,9,43,52,56,15,9,20,3,50,375,319,323,108,538.4951989026064,54.413961286389274,35.814052735863434,23.89590001524158,734.7777777777779,775.8428593202256,505.6197226032616,82.03840877914953,10
61,Cade Cunningham,Detroit Pistons,PG,241,313,92,212,430.3,40,44,808.3,17,55,297.1,9,44,53,75,18,11,31,2,-38,369,294,316,128,702.373472159348,53.42462652784065,52.55545495699411,12.217745586238117,842.2865550022635,783.9945676776822,690.806699864192,175.83884110457223,10
62,Caleb Houstan,Orlando Magic,G,37,138,12,32,293.3,2,2,100.0,11,30,285.0,5,5,10,3,12,2,1,2,3,50,47,40,13,84.35749053542456,6.086533261222283,2.2298539751216877,9.019469983775014,104.02163331530556,98.14548404542995,86.02163331530556,12.52839372633856,10
63,Caleb Martin,Miami Heat,SF,71,259,26,79,331.0,12,16,401.7,7,40,291.7,6,23,29,26,14,4,10,5,25,126,100,97,55,359.11221617564274,36.43966973165697,21.649089885531993,5.560705573278289,480.8650778757741,445.9373240758116,395.74385438168514,56.384875211109026,10
64,Cam Reddish,Los Angeles Lakers,SF,21,143,6,25,153.3,5,8,116.7,4,13,166.6,7,5,12,1,7,3,1,3,-37,34,33,22,13,75.0,17.821170282708746,0.9053254437869824,2.416831032215647,69.1387245233399,74.71860618014463,71.75147928994083,16.395134779750165,10
65,Cam Thomas,Brooklyn Nets,SG,263,367,88,201,437.0,65,73,907.1,22,71,276.9,4,37,41,37,18,5,21,3,-58,341,304,300,78,330.39273780351976,43.18445087992871,40.10269547783471,23.69124526620628,511.1100467810203,336.9445310759635,501.9028736912453,85.94252617509467,10
66,Cam Whitmore,Houston Rockets,F,128,202,48,110,421.4,16,23,421.7,16,49,311.2,16,24,40,4,10,7,8,4,-10,172,168,132,44,208.5,62.14172335600906,2.5,8.744897959183675,412.2369614512471,382.9750566893424,232.0,70.40362811791383,10
67,Cameron Johnson,Brooklyn Nets,SF,113,254,37,93,406.4,18,22,625.0,21,58,365.6,6,32,38,18,14,9,10,3,-51,169,151,131,56,206.32345679012346,34.5679012345679,14.093827160493825,11.444444444444445,490.3827160493827,353.0,309.12345679012344,83.24444444444445,10
68,Cameron Payne,Philadelphia 76ers,PG,91,210,34,82,502.79999999999995,2,2,100.0,21,48,410.0,6,20,26,35,23,11,14,4,20,152,117,126,61,574.9580606781677,99.09726353361094,28.762046400951817,34.0002974419988,889.6704342653182,795.0737656157049,599.0353955978584,198.37864366448542,10
69,Caris LeVert,Cleveland Cavaliers,SG,136,314,48,108,435.8,26,31,648.2,14,43,339.2,6,44,50,49,20,14,29,8,-53,235,186,185,99,519.399926953981,22.18261504747991,122.73849525200878,8.568298027757487,795.4218407596785,668.4371804236669,633.0653761869978,158.24032140248354,10
70,Cason Wallace,Oklahoma City Thunder,G,71,215,28,63,459.20000000000005,4,4,100.0,11,26,414.3,5,17,22,16,17,13,10,4,-38,109,93,87,38,170.9018442310623,12.259411675049533,24.41761926535589,15.049382716049383,345.71330589849106,228.69151044048164,280.1080627953056,44.49260783417162,10
71,Cedi Osman,San Antonio Spurs,SF,70,175,27,53,472.5,1,2,50.0,15,32,373.7,2,23,25,12,17,3,5,2,-40,107,95,82,37,235.14724245577526,36.54162330905307,29.950052029136323,16.565036420395423,418.56711758584805,316.12591050988556,295.82986472424557,108.2502601456816,10
72,Charlie Brown Jr.,New York Knicks,G,3,27,1,5,20.0,0,0,0.0,1,3,33.3,1,1,2,0,4,0,0,1,-6,5,5,3,2,6.12,2.7200000000000006,0.0,0.6800000000000002,17.0,17.0,6.12,2.7200000000000006,2
73,Chet Holmgren,Oklahoma City Thunder,PF,132,279,43,104,373.4,35,46,696.4,11,45,190.1,11,61,72,13,28,4,20,17,21,217,204,145,85,510.62338058222826,50.650815424477976,17.631611034903216,13.92242036274958,932.8442310623382,763.0864197530865,642.7777777777778,105.88584057308336,10
74,Chimezie Metu,Detroit Pistons,PF,97,289,39,76,514.9,14,15,487.5,5,25,191.6,14,47,61,21,27,18,17,7,-52,179,158,118,82,346.2561432736359,73.29654310703873,14.08954602249063,4.625989171178675,600.9750104123282,579.9575177009579,375.1528529779258,79.50687213660976,10
75,Chris Boucher,Toronto Raptors,PF,69,120,25,35,573.3,15,18,500.0,4,12,216.7,13,27,40,5,11,1,9,5,7,114,109,74,45,142.20987654320987,47.580246913580254,5.913580246913581,4.0246913580246915,410.0,329.0246913580247,192.69135802469134,83.98765432098766,8
76,Chris Duarte,Sacramento Kings,SG,45,120,16,42,369.2,4,4,200.0,9,28,306.0,6,10,16,5,6,5,4,3,-27,66,61,50,21,158.43862775673867,20.588549788371573,6.5050122521719755,6.9037647582980615,314.0,248.2363555357541,204.14078859434176,47.15504566718646,10
77,Chris Livingston,Milwaukee Bucks,F,0,6,0,2,0.0,0,0,0.0,0,2,0.0,0,1,1,1,4,0,1,0,-10,2,1,1,2,0.32653061224489793,0.6173469387755102,0.8622448979591837,0.0,1.3061224489795917,0.045918367346938785,0.12755102040816324,2.9387755102040822,1
78,Chris Paul,Golden State Warriors,PG,84,249,35,77,415.9,3,4,150.0,11,32,316.6,1,34,35,62,16,13,22,2,62,181,119,146,97,172.5,40.85918367346939,61.602040816326536,5.244897959183674,386.5,242.0448979591837,280.81632653061223,138.6,10
79,Christian Braun,Denver Nuggets,G,83,254,32,71,433.4,8,12,275.0,11,25,416.6,17,28,45,28,17,7,6,3,32,156,128,111,73,288.706771860618,48.28994082840237,58.0,7.260026298487838,641.8487836949375,462.87442472057853,456.9119000657462,117.05917159763314,10
80,Christian Wood,Los Angeles Lakers,F,59,133,22,51,477.0,11,14,450.0,4,19,225.0,6,28,34,6,12,5,5,2,-14,99,93,65,40,153.90277777777777,54.402777777777786,4.625,2.4444444444444446,305.125,285.0,156.7777777777778,76.27777777777777,10
81,Chuma Okeke,Orlando Magic,PF,2,40,0,6,0.0,2,2,100.0,0,5,0.0,0,5,5,2,2,2,3,0,-23,9,7,4,7,3.6384083044982702,3.112456747404844,1.541522491349481,0.005190311418685121,7.686851211072664,6.833910034602075,3.342560553633218,5.802768166089965,6
82,Clint Capela,Atlanta Hawks,C,118,290,49,82,622.1,20,35,367.9,0,1,0.0,44,72,116,19,17,8,16,15,31,253,234,137,135,141.3571026458998,42.99455807843873,7.011259148057797,0.0,200.14880840683054,178.7074498029649,159.08406830549822,53.72021017076375,10
83,Coby White,Chicago Bulls,PG,158,349,58,149,380.9,23,28,610.0,19,63,296.8,4,34,38,48,25,3,15,1,-42,244,196,206,86,417.92899408284023,23.5905325443787,79.88639053254438,11.544378698224852,587.178698224852,468.8,557.5976331360946,82.1869822485207,10
84,Cody Martin,Charlotte Hornets,SF,69,285,28,76,367.2,6,7,250.0,7,30,228.2,6,44,50,42,15,11,20,7,-28,161,119,111,92,111.0,28.18685121107267,64.68512110726644,2.6816608996539792,183.02076124567472,112.9515570934256,173.33217993079583,100.60899653979239,10
85,Cody Zeller,New Orleans Pelicans,C,7,31,3,6,200.0,1,2,50.0,0,0,0.0,5,10,15,3,5,2,3,0,14,25,22,10,18,3.42578125,5.58203125,3.61328125,0.0,21.64453125,14.203125,7.25,12.8125,5
86,Colby Jones,Sacramento Kings,G,17,63,7,23,199.89999999999998,2,4,100.0,1,9,16.7,6,9,15,10,13,3,3,3,28,42,32,27,25,31.285714285714285,13.718253968253968,12.194444444444445,0.8730158730158731,138.14285714285714,76.48015873015873,76.8611111111111,42.000000000000014,7
87,Cole Anthony,Orlando Magic,PG,99,197,37,93,364.3,7,8,350.0,18,44,310.2,5,28,33,24,9,7,10,5,39,156,132,123,57,494.0040816326531,51.816326530612244,46.41836734693877,32.5,1038.6877551020407,825.0367346938776,665.7,140.18979591836734,10
88,Cole Swider,Miami Heat,F,19,44,6,16,104.7,2,2,100.0,5,13,116.7,0,5,5,1,1,0,4,0,-18,25,24,20,6,137.60000000000002,2.2,0.9124999999999999,12.199999999999998,164.0125,167.0,134.3125,3.4124999999999996,5
89,Colin Castleton,Los Angeles Lakers,C,0,12,0,2,0.0,0,0,0.0,0,0,0.0,0,1,1,0,3,1,2,0,-16,1,1,0,1,0.9453125,0.5703125,0.0,0.0,1.0,1.0,0.9453125,0.5703125,2
90,Collin Gillespie,Denver Nuggets,G,53,125,19,43,306.4,4,7,200.0,11,25,283.3,0,15,15,18,12,7,9,0,24,86,68,71,33,240.98573127229488,12.9833531510107,37.600475624256845,15.451843043995245,401.7074910820452,279.602853745541,336.38168846611177,77.29250891795482,8
91,Collin Sexton,Utah Jazz,PG,208,319,78,161,480.5,41,49,859.9,11,39,239.89999999999998,11,19,30,60,20,8,27,4,-116,298,238,268,90,229.70975056689343,22.36281179138322,38.00141723356009,13.977607709750565,417.6952947845805,315.6734693877551,339.6862244897959,52.40958049886621,10
92,Corey Kispert,Washington Wizards,SF,190,381,70,139,513.8,17,23,525.0,33,77,454.5,6,36,42,24,22,8,18,1,-42,256,232,214,66,310.2415229030339,102.00118976799523,34.20107079119572,24.092207019631175,559.6204640095182,562.7531231409876,319.0779298036882,124.23319452706724,10
93,Cory Joseph,Golden State Warriors,PG,27,71,10,16,316.7,0,0,0.0,7,11,316.7,2,9,11,6,6,0,1,0,9,44,38,33,17,31.2,10.8,2.8000000000000003,3.2,28.8,47.2,21.2,5.2,5
94,Craig Jr. Porter,Cleveland Cavaliers,G,64,136,27,52,425.3,5,6,300.0,5,12,175.0,6,17,23,24,4,3,8,2,-29,111,87,88,47,362.50103305785126,42.60330578512397,21.33884297520661,9.512396694214877,726.0919421487603,587.0836776859504,482.76549586776855,82.68595041322314,10
95,D'Angelo Russell,Los Angeles Lakers,PG,190,361,62,158,389.0,28,30,550.0,38,98,356.6,2,40,42,59,18,13,30,3,46,291,232,249,101,482.0097579283168,38.645149183711766,116.65847250891349,43.612685306811784,812.2381309814224,561.5691499343217,675.9739163069994,212.00844436104336,10
96,D.J. Carton,Toronto Raptors,G,8,31,2,7,83.3,3,4,150.0,1,4,50.0,2,1,3,3,1,1,1,0,-30,14,11,11,6,8.666666666666668,2.0,2.0,0.6666666666666667,8.666666666666666,2.6666666666666665,18.666666666666668,0.0,3
97,D.J. Wilson,Philadelphia 76ers,F,10,14,4,6,66.7,0,0,0.0,2,2,100.0,1,1,2,2,1,0,0,2,4,14,12,12,4,19.75308641975309,0.7901234567901234,0.7901234567901234,0.7901234567901234,38.71604938271605,28.444444444444443,28.444444444444443,3.1604938271604937,1
98,DaQuan Jeffries,New York Knicks,SG,0,7,0,2,0.0,0,0,0.0,0,2,0.0,0,0,0,3,0,0,1,0,7,3,0,3,3,0.39889196675900274,0.0,5.609418282548476,0.04432132963988919,3.0166204986149587,0.39889196675900274,3.0166204986149587,5.609418282548476,1
99,Daishen Nix,Minnesota Timberwolves,SG,5,12,2,5,66.7,0,0,0.0,1,3,50.0,0,1,1,3,1,2,1,0,13,9,6,8,4,16.550295857988168,0.57396449704142,4.8579881656804735,0.6449704142011834,8.810650887573964,13.218934911242602,8.81656804733728,8.757396449704142,2
100,Dalano Banton,Portland Trail Blazers,G,201,334,77,182,415.1,24,30,760.0,23,74,298.6,8,45,53,47,13,11,26,5,-85,301,254,248,100,619.7965154503617,86.1111111111111,91.24720578566732,16.924720578566735,1382.0410913872452,860.7366863905326,1107.1863905325445,211.27284681130834,10
101,Dalen Terry,Chicago Bulls,F,30,146,14,30,297.5,1,2,50.0,1,12,33.3,9,14,23,15,14,4,5,5,12,68,53,45,38,131.0204475308642,40.113040123456784,26.569444444444446,1.1685956790123457,314.9444444444444,252.9027777777778,160.12229938271602,99.62229938271606,10
102,Damian Jones,Cleveland Cavaliers,C,59,124,23,38,577.9,13,15,650.0,0,6,0.0,14,24,38,4,14,4,7,7,-35,101,97,63,42,196.10090702947846,83.85600907029479,2.4002267573696145,0.0,409.09410430839006,390.6326530612245,197.1224489795918,103.69614512471657,10
103,Damian Lillard,Milwaukee Bucks,PG,236,373,78,178,440.4,49,55,798.0,31,83,383.1,4,38,42,78,24,8,29,5,41,356,278,314,120,648.0,9.96337890625,83.625,20.9765625,881.32275390625,657.08837890625,893.625,72.19775390625,10
104,Daniel Gafford,Dallas Mavericks,C,117,244,55,69,776.9,7,17,166.7,0,0,0.0,22,45,67,26,29,9,10,21,73,210,184,143,93,496.1213017751479,161.80834976988822,38.87442472057857,0.0,1002.8994082840237,795.1308349769888,617.0548980933596,287.5177514792899,10
105,Daniel Theis,LA Clippers,C,46,140,19,36,419.7,3,3,200.0,5,10,350.0,10,28,38,11,15,1,4,8,30,95,84,57,49,176.9917355371901,21.76198347107438,9.138842975206611,4.500826446280991,278.75537190082645,258.4495867768595,204.50413223140495,23.694214876033058,10
106,Danilo Gallinari,Milwaukee Bucks,PF,23,88,7,16,366.7,7,9,275.0,2,9,200.0,2,8,10,8,9,3,4,1,-19,41,33,31,18,53.125,4.05625,9.65625,1.825,71.8,52.00625,66.80625,19.825,10
107,Dante Exum,Dallas Mavericks,G,60,225,22,49,394.6,4,4,200.0,12,27,406.7,4,28,32,31,19,2,11,0,65,123,92,91,63,262.692378328742,57.15702479338842,23.0325987144169,9.739669421487603,377.33562901744716,351.77777777777777,306.9334251606979,61.50642791551883,10
108,Danuel House Jr.,Philadelphia 76ers,SF,42,143,14,30,276.3,13,15,466.7,1,11,33.3,6,11,17,7,16,7,3,3,-26,66,59,49,24,42.0,11.714285714285715,8.0,0.8571428571428572,41.714285714285715,51.714285714285715,40.0,11.714285714285715,7
109,Dario Saric,Golden State Warriors,PF,28,107,12,33,298.3,2,3,100.0,2,17,83.3,6,15,21,18,5,0,13,0,-31,67,49,46,39,52.0,27.193877551020407,15.673469387755102,2.1224489795918364,146.1326530612245,98.90816326530613,72.53061224489795,69.56122448979592,10
110,Darius Bazley,Utah Jazz,F,26,88,8,16,156.7,9,11,260.0,1,5,33.3,4,11,15,2,1,4,4,3,-21,43,41,28,17,25.632653061224488,4.586734693877553,2.6734693877551017,0.6683673469387754,38.015306122448976,50.7091836734694,17.204081632653065,2.994897959183674,3
111,Darius Garland,Cleveland Cavaliers,PG,153,338,61,147,404.8,13,15,630.0,18,56,282.7,6,24,30,74,16,16,28,1,-34,257,183,227,104,500.5783437341879,16.006746500252994,111.06122448979592,22.08702985326362,606.1661325687301,554.1067633665036,510.5041322314049,169.20155169505819,10
112,David Roddy,Phoenix Suns,F,61,130,25,53,522.0,6,10,241.7,5,20,143.3,4,15,19,11,5,1,10,0,-72,91,80,72,30,452.4142561983472,53.125,19.694214876033058,9.37293388429752,871.2479338842974,691.107438016529,613.5092975206611,91.8646694214876,10
113,Davion Mitchell,Sacramento Kings,PG,94,218,35,73,474.2,9,13,325.0,15,34,380.5,6,18,24,24,12,3,4,0,11,142,118,118,48,242.89257369614512,38.02862811791384,19.094104308390023,16.44019274376417,339.8321995464853,315.35260770975066,232.31887755102042,92.17602040816327,10
114,Davis Bertans,Charlotte Hornets,SF,95,225,32,76,403.3,6,6,300.0,25,63,392.0,2,17,19,8,17,9,7,3,-88,122,114,103,27,175.80236686390532,17.2698224852071,13.602366863905328,20.039053254437867,267.8698224852071,281.13136094674553,173.0,20.41301775147929,10
115,Day'Ron Sharpe,Brooklyn Nets,C,58,137,26,50,535.1,6,10,200.0,0,3,0.0,28,29,57,11,21,2,13,6,-19,126,115,69,68,149.9458294859957,206.20714065866423,11.022160664819944,0.027700831024930744,472.72022160664824,397.33795013850414,196.95690981840565,245.60049245921823,10
116,De'Aaron Fox,Sacramento Kings,PG,261,375,93,219,419.7,39,47,802.2,36,97,362.6,10,50,60,52,25,20,19,5,49,373,321,313,112,461.3426531826294,30.14753123140988,88.70701963117192,49.61213563355146,535.3185603807258,555.9803688280784,443.3042831647829,116.23111243307555,10
117,De'Andre Hunter,Atlanta Hawks,SF,170,349,62,141,428.7,22,31,640.4,24,75,323.4,7,49,56,25,23,5,21,1,19,251,226,195,81,348.96603360116876,176.43425858290726,15.569758948137324,14.535062089116144,848.3235938641345,797.4302410518626,381.9799123447772,209.88349159970784,10
118,De'Anthony Melton,Philadelphia 76ers,SG,28,59,9,29,97.2,4,4,200.0,6,19,95.0,1,7,8,8,4,4,1,1,7,44,36,36,16,134.64000000000001,4.16,4.16,9.040000000000001,206.0,166.16,166.16,16.64,4
119,DeAndre Jordan,Denver Nuggets,C,36,95,16,28,411.8,4,4,200.0,0,0,0.0,12,27,39,7,11,1,4,3,-25,82,75,43,46,172.4770969660916,93.10707911957168,10.110053539559788,0.0,506.0,443.0368828078524,210.13146936347414,128.5258774538965,10
120,DeJon Jarreau,Memphis Grizzlies,F,43,150,17,50,308.3,5,11,250.0,4,13,141.7,8,36,44,26,14,6,9,2,-24,113,87,69,70,91.06473517428701,103.67089180624716,51.81167949298326,4.319601629696695,444.5889542779538,218.2358533272974,202.0905387052965,270.8098687188774,9
121,DeMar DeRozan,Chicago Bulls,SF,271,381,99,202,485.1,69,85,819.3,4,22,133.3,1,40,41,55,19,13,30,4,2,367,312,326,96,289.6281044704375,43.54734818138119,76.54846979650696,2.885114564973562,440.9048229450408,382.35058484217274,361.5366127223201,106.74154782887358,10
122,Dean Wade,Cleveland Cavaliers,PF,46,178,15,35,260.2,5,7,216.7,11,31,233.4,4,27,31,7,8,3,1,9,-23,84,77,53,38,468.50000000000006,35.125,6.125,31.525000000000006,718.8,714.725,466.12499999999994,47.699999999999996,10
123,Deandre Ayton,Portland Trail Blazers,C,232,350,107,186,576.8,17,21,263.9,1,6,100.0,39,81,120,16,15,7,20,8,-118,368,352,248,136,533.6432818073722,92.02675386444709,8.414387633769323,0.9096313912009513,940.8299643281807,922.000594530321,548.4334126040428,104.48038049940547,10
124,Dejounte Murray,Atlanta Hawks,SG,241,385,95,220,440.0,15,22,591.7,36,98,382.4,10,52,62,99,21,18,34,4,27,402,303,340,161,731.2590027700832,91.50831024930747,123.42693905817174,25.065096952908586,1060.7358033240998,964.7119113573407,787.8244459833795,254.39369806094186,10
125,Delon Wright,Miami Heat,SG,45,200,17,49,375.0,6,8,200.0,5,18,225.0,5,15,20,23,8,11,2,1,21,88,65,68,43,87.42368319876971,13.111111111111109,21.121491733948478,4.508650519031142,92.75586312956555,98.5609381007305,87.4878892733564,28.36332179930796,10
126,Deni Avdija,Washington Wizards,SF,188,359,65,134,475.0,43,57,746.7,15,43,347.4,11,81,92,45,23,8,27,8,0,325,280,233,137,387.67585848074924,97.88137356919876,53.75910509885536,10.565036420395423,826.3964620187305,722.0650364203954,472.8168574401665,170.83090530697189,10
127,Dennis Schroder,Brooklyn Nets,PG,142,331,52,130,395.1,20,21,687.5,18,51,389.5,10,37,47,64,22,4,18,5,3,253,189,206,111,602.055111111111,34.44177777777778,62.455111111111115,35.64444444444444,763.0640000000001,645.5937777777777,712.8444444444444,103.57777777777781,10
128,Dennis Smith Jr.,Brooklyn Nets,PG,58,167,21,46,487.1,8,11,383.3,8,22,348.3,5,13,18,28,22,16,11,0,3,104,76,86,46,78.47147022074135,17.85339441899209,40.0,4.21990837151187,181.54768846314036,139.3027905039567,112.87963348604748,65.69012911286964,10
129,Dereck II Lively,Dallas Mavericks,C,94,185,45,59,763.7,4,11,150.0,0,0,0.0,16,46,62,8,15,5,6,12,19,164,156,102,70,349.4128943758573,62.45610425240055,9.660493827160494,0.0,659.2345679012345,560.9444444444445,434.4478737997257,85.37174211248285,10
130,Derrick Jones Jr.,Dallas Mavericks,SF,77,239,26,60,468.6,16,22,466.7,9,28,231.9,8,22,30,12,14,5,7,9,69,119,107,89,42,167.5682132963989,18.20948753462604,12.378116343490305,7.166204986149584,226.42936288088643,203.91828254847644,185.27181440443212,35.395083102493075,10
131,Derrick Rose,Memphis Grizzlies,PG,49,95,20,37,377.7,5,6,266.7,4,8,233.3,0,15,15,21,3,1,9,0,-9,85,64,70,36,70.0,14.857142857142858,12.0,3.7142857142857144,188.85714285714286,116.85714285714286,128.0,40.857142857142854,7
132,Derrick White,Boston Celtics,PG,169,350,57,128,449.2,21,23,755.6,34,87,407.5,8,43,51,66,20,8,13,6,70,286,220,235,117,252.35691987513007,95.22632674297607,72.05202913631635,18.969823100936527,809.977627471384,560.4521331945889,449.6139438085328,219.5468262226847,10
133,Desmond Bane,Memphis Grizzlies,SG,93,165,30,80,183.4,19,21,366.7,14,40,172.9,2,14,16,34,14,5,13,2,-54,143,109,127,50,267.2,8.8,114.79999999999998,4.8,701.1999999999999,362.8,587.2,142.0,5
134,Devin Booker,Phoenix Suns,SG,271,356,92,185,459.1,59,65,921.2,28,73,306.8,7,31,38,71,32,8,35,4,30,380,309,342,109,1603.6942148760331,35.036262438859836,90.90082644628099,71.1792882442233,1687.265306122449,1640.2700286726263,1660.4462809917354,116.18030021926124,10
135,Devin Vassell,San Antonio Spurs,SG,193,373,77,163,440.2,18,21,691.7,21,61,312.3,0,33,33,47,16,12,18,1,-43,273,226,240,80,806.4410104810535,25.71969900564364,52.6495565708143,24.90217683418436,1079.5020155872078,846.0,1027.3222252082774,90.99005643644182,10
136,Devonte' Graham,San Antonio Spurs,PG,57,154,19,55,312.3,6,6,300.0,13,46,292.2,1,16,17,22,10,6,8,1,10,96,74,79,39,335.6111111111111,6.1,50.5,14.644444444444446,587.3444444444444,369.9111111111111,547.8444444444444,61.8,10
137,Dillon Brooks,Houston Rockets,SF,123,312,40,106,357.79999999999995,23,26,519.0,20,58,403.5,3,27,30,19,36,8,9,2,-5,172,153,142,49,656.1204648526077,26.069444444444443,20.944444444444446,22.20408163265306,925.6383219954649,740.2653061224489,811.6045918367346,76.90277777777777,10
138,Domantas Sabonis,Sacramento Kings,PF,155,348,56,119,465.7,42,63,676.7,1,9,33.3,42,99,141,79,31,8,35,8,-1,375,296,234,220,224.41836734693874,112.67346938775509,28.977607709750565,1.0592403628117915,583.453798185941,510.4183673469386,274.1714852607709,164.93339002267575,10
139,Dominick Barlow,San Antonio Spurs,F,57,150,21,38,506.6,15,18,416.6,0,1,0.0,19,22,41,15,19,4,4,3,10,113,98,72,56,290.46020761245677,81.13667820069205,45.74567474048443,0.0,715.5397923875432,590.5,425.3581314878893,117.0242214532872,10
140,Donovan Mitchell,Cleveland Cavaliers,SG,182,350,56,148,367.40000000000003,40,46,730.4,30,80,363.3,1,39,40,51,22,12,28,6,-61,273,222,233,91,549.2202216066482,34.02770083102493,42.717451523545705,26.027700831024926,797.9792243767313,743.4362880886426,592.2119113573406,88.29639889196675,10
141,Donte DiVincenzo,New York Knicks,SG,228,378,78,161,475.9,18,23,638.3,54,121,441.9,7,37,44,30,24,15,18,8,78,302,272,258,74,753.2,19.2265625,22.00625,66.40625,920.4265624999999,860.9765625,810.5062499999999,43.3765625,10
142,Dorian Finney-Smith,Brooklyn Nets,PF,59,287,23,61,357.5,7,10,350.0,6,35,181.6,12,34,46,16,15,11,9,5,-50,121,105,75,62,168.83922996878252,38.534859521331946,6.601456815816858,5.636316337148804,203.45525494276797,169.83194588969823,209.99219562955253,37.606659729448495,10
143,Doug McDermott,Indiana Pacers,SF,41,117,15,37,270.8,0,0,0.0,11,32,248.7,0,7,7,8,12,5,3,0,1,56,48,49,15,199.15363511659808,8.104938271604938,9.649519890260633,14.908779149519889,319.03429355281213,227.92935528120717,287.4272976680384,20.585733882030176,10
144,Draymond Green,Golden State Warriors,PF,96,300,39,71,540.5,8,13,300.0,10,24,261.4,14,57,71,59,30,19,25,8,70,226,167,155,130,303.73900420960956,32.07359558716796,77.02554797503267,25.3949775003629,583.2495282334156,308.6356510378865,574.5410074031064,112.91101756423282,10
145,Drew Eubanks,Phoenix Suns,PF,43,163,16,31,450.0,11,13,455.0,0,0,0.0,16,30,46,10,18,3,5,11,-7,99,89,53,56,86.23140987507436,33.27096966091612,14.380725758477098,0.0,74.31082688875671,59.225758477096974,80.16478286734088,68.80339083878644,10
146,Duncan Robinson,Miami Heat,F,100,267,35,88,343.1,8,9,350.0,22,70,236.3,3,26,29,19,26,7,17,2,-38,148,129,119,48,720.116,23.799999999999997,31.8,45.924,1095.7160000000001,805.156,1000.676,65.6,10
147,Duop Reath,Portland Trail Blazers,C,90,188,37,83,406.8,6,7,300.0,10,40,220.0,9,31,40,13,24,5,7,4,-22,143,130,103,53,430.77975918305134,37.46837372351776,23.5932022557537,10.054869684499314,775.8126809937509,634.1975308641976,547.716049382716,85.74043590916018,10
148,Dwight Powell,Dallas Mavericks,C,19,111,7,13,450.0,5,10,300.0,0,0,0.0,12,18,30,6,17,2,5,2,-12,55,49,25,36,36.74377546401086,56.82028066998642,2.7043911272068812,0.0,148.39339067451337,131.11226799456767,40.75373472159349,72.79583521955635,10
149,Dylan Windler,Atlanta Hawks,G,16,41,6,11,106.7,0,0,0.0,4,9,85.0,1,6,7,2,2,2,1,0,3,25,23,18,9,79.80325443786984,6.946745562130177,2.75,5.755917159763313,120.77514792899407,109.29437869822485,83.74556213017752,17.235207100591715,3
150,Dylan Windler,Los Angeles Lakers,G,3,14,1,4,25.0,0,0,0.0,1,4,25.0,0,1,1,2,1,0,0,0,-7,6,4,5,3,7.920118343195265,2.3491124260355023,0.5,0.6065088757396448,8.260355029585797,12.298816568047336,5.80473372781065,0.9260355029585796,2
151,Dyson Daniels,New Orleans Pelicans,G,72,241,30,58,490.5,2,4,100.0,10,24,313.3,12,33,45,30,21,21,10,6,6,147,117,102,75,165.6014692378329,42.68595041322314,24.33057851239669,14.036730945821853,194.11111111111111,176.3204775022957,153.88797061524335,96.52066115702479,10
152,Emoni Bates,Cleveland Cavaliers,F,16,23,6,12,102.9,0,2,0.0,4,8,100.0,0,1,1,1,0,0,1,0,-3,18,17,17,2,22.765432098765434,0.8024691358024691,0.5061728395061729,2.617283950617284,28.888888888888893,26.58024691358024,25.98765432098765,0.3950617283950617,2
153,Eric Gordon,Phoenix Suns,SG,77,220,28,67,394.1,4,5,266.7,17,48,311.7,0,9,9,13,10,13,6,2,41,99,86,90,22,315.62044444444444,6.5537777777777775,21.16711111111111,20.136000000000003,428.50044444444444,302.4,438.46399999999994,30.977777777777774,10
154,Eugene Omoruyi,Washington Wizards,F,40,127,15,39,433.4,8,16,291.7,2,12,100.0,9,13,22,7,18,8,5,3,-60,69,62,47,29,40.0051652892562,17.691115702479337,6.447314049586778,3.674586776859505,49.82747933884297,67.7396694214876,30.537190082644628,15.694214876033056,10
155,Evan Fournier,Detroit Pistons,SG,67,213,24,74,288.1,10,12,300.0,9,41,219.3,1,16,17,19,12,9,6,4,-59,103,84,86,36,416.10304862685814,10.10304862685815,29.602670697908795,9.073570168808264,491.0,506.4121945074326,391.19828672209627,49.19828672209624,10
156,Evan Mobley,Cleveland Cavaliers,PF,158,287,60,103,567.5,29,40,646.7,9,19,450.0,13,50,63,40,22,10,14,8,-33,261,221,198,103,372.1117835528658,65.82876468494126,42.60163759344963,4.9259522961908155,598.439658241367,554.8810964756141,385.4182983268067,138.68244927020294,10
157,Frank Ntilikina,Charlotte Hornets,PG,5,39,1,8,50.0,2,2,100.0,1,7,50.0,1,4,5,3,4,0,0,0,0,13,10,8,8,19.0,7.0,6.84,0.7600000000000002,24.439999999999998,14.0,18.64,24.640000000000004,4
158,Franz Wagner,Orlando Magic,SF,169,297,61,122,498.2,39,47,844.4,8,37,190.0,10,27,37,28,20,8,9,2,26,234,206,197,65,172.55017301038063,42.97923875432526,20.4969723183391,9.842993079584774,297.625,291.22491349480964,205.22188581314873,37.204584775086495,10
159,Fred VanVleet,Houston Rockets,PG,200,364,70,157,457.2,26,31,725.0,34,90,348.5,5,33,38,70,39,23,15,5,4,308,238,270,108,910.258291940394,39.83848742188752,56.254766864284576,75.71062329754847,1013.2065374138759,1060.7370613683704,893.8554718795065,64.96555039256529,10
160,Furkan Korkmaz,Philadelphia 76ers,SG,41,116,13,29,278.6,7,10,241.7,8,18,258.3,3,12,15,12,6,3,2,2,22,68,56,53,27,292.875,14.875,10.0,20.0,404.0,340.0,363.875,17.875,8
161,GG Jackson,Memphis Grizzlies,F,154,312,53,133,392.9,24,32,735.7,24,71,330.9,8,44,52,25,14,4,18,2,-89,231,206,179,77,490.2514792899408,74.94444444444446,17.68211702827087,26.591715976331358,617.5059171597634,594.965154503616,528.655489809336,76.76331360946746,10
162,Gabe Vincent,Los Angeles Lakers,PG,2,57,1,10,25.0,0,0,0.0,0,6,0.0,1,2,3,4,5,3,3,0,-6,9,5,6,7,3.0532544378698225,0.7633136094674556,2.0236686390532546,0.0,4.822485207100591,4.763313609467455,5.14792899408284,0.7514792899408285,4
163,Garrett Temple,Toronto Raptors,SF,53,164,19,44,469.0,7,10,300.0,8,24,320.0,7,17,24,11,19,8,6,3,-59,88,77,64,35,132.41274238227146,24.01108033240997,15.556786703601109,8.892659279778394,243.62603878116346,206.1523545706371,148.54570637119116,60.90858725761773,9
164,Garrison Mathews,Atlanta Hawks,SG,111,193,35,61,630.0,14,16,380.0,27,50,605.1,3,14,17,6,21,3,4,1,-4,134,128,117,23,422.8677685950413,10.767920391297015,4.769438353853939,22.578343734187893,522.9998313374937,504.13864058019897,441.1224489795918,16.143869117895093,10
165,Gary Harris,Orlando Magic,SG,61,263,22,53,395.3,3,4,200.0,14,39,370.9,6,16,22,14,16,9,6,1,27,97,83,75,36,187.8719723183391,18.608996539792386,30.474432910419072,12.407535563244906,390.1849288735102,268.10034602076126,285.00845828527486,74.03152633602461,10
166,Gary Payton II,Golden State Warriors,SG,67,174,30,45,679.0,3,5,200.0,4,11,216.7,6,17,23,14,22,9,6,7,46,104,90,81,37,148.6551111111111,44.708444444444446,38.70044444444445,4.407111111111112,203.5271111111111,141.51111111111112,134.21599999999998,159.864,10
167,Gary Trent Jr.,Toronto Raptors,SG,221,328,82,177,471.4,28,32,713.3,29,77,364.2,5,34,39,29,19,19,7,1,-64,289,260,250,68,439.5624820453892,27.471128985923585,29.678540649238727,52.902326917552436,466.54208560758406,508.8101120367711,392.9750071818443,61.469118069520256,10
168,Georges Niang,Cleveland Cavaliers,SF,98,228,38,79,438.9,3,3,200.0,19,48,342.5,2,22,24,10,26,8,12,2,-47,132,122,108,34,516.4890625,22.7765625,8.1890625,38.9140625,419.11406250000005,432.10625,486.15625,48.306250000000006,10
169,Giannis Antetokounmpo,Milwaukee Bucks,PF,282,365,114,193,601.8,53,86,543.3,1,11,50.0,40,95,135,72,29,9,37,16,18,489,417,354,207,461.73494583018385,204.5429579239103,50.06601158982111,1.4444444444444444,1148.9012345679012,1028.5192743764173,532.2448979591836,304.48097757621565,10
170,Goga Bitadze,Orlando Magic,C,32,108,13,23,546.7,6,10,283.3,0,3,0.0,11,15,26,9,12,2,9,9,-9,67,58,41,35,54.277777777777786,69.11882716049382,9.902777777777777,0.0,261.4938271604938,198.304012345679,85.125,111.3641975308642,10
171,Gordon Hayward,Oklahoma City Thunder,SF,48,160,16,41,355.5,8,11,300.0,8,16,300.0,3,15,18,14,6,4,3,1,-68,80,66,62,32,152.0660115898211,25.632653061224485,12.553287981859409,9.629125724363819,201.57470395565633,191.14537666918616,152.7538422776518,47.92743764172336,10
172,Gradey Dick,Toronto Raptors,G,139,310,52,120,423.3,15,19,504.7,20,55,361.3,3,28,31,10,16,6,14,1,-118,180,170,149,41,307.5471136679231,53.62368577663162,12.24003173973418,14.126958936718903,328.5018845467169,406.1535409640945,256.72902201944055,39.030152747470744,10
173,Grant Williams,Charlotte Hornets,PF,142,316,55,107,501.4,15,23,591.7,17,43,490.3,13,39,52,48,34,5,14,4,-94,242,194,190,100,289.30864197530866,40.40277777777778,92.05748456790124,4.137345679012346,409.34452160493834,351.1929012345679,297.7982253086419,182.12229938271602,10
174,Grayson Allen,Phoenix Suns,SG,139,326,48,108,455.4,18,23,454.2,25,71,276.9,7,38,45,29,15,12,11,6,60,213,184,168,74,555.0661157024792,59.148760330578504,26.48962725586102,67.86996120762353,749.4128858154832,646.4132231404959,670.502614268848,73.20155169505819,10
175,Gui Santos,Golden State Warriors,F,41,117,14,26,422.5,8,9,350.0,5,10,300.0,9,21,30,10,16,2,5,2,-7,81,71,51,40,171.9843912591051,131.46097814776275,15.371488033298647,4.523413111342351,615.7513007284081,544.2591050988555,195.0,195.30905306971903,10
176,Harrison Barnes,Sacramento Kings,SF,94,262,32,89,301.5,18,24,455.0,12,43,211.4,10,24,34,10,6,4,9,0,13,138,128,104,44,592.2984693877551,40.42998866213152,10.277777777777779,25.315192743764175,856.4818594104307,748.1723356009071,686.7905328798187,64.52522675736962,10
177,Harry III Giles,Brooklyn Nets,F,8,8,3,6,50.0,1,2,50.0,1,1,100.0,2,2,4,2,3,0,0,0,-12,14,12,10,6,49.0,11.430839002267573,3.4489795918367347,0.8185941043083901,149.7709750566893,107.76417233560092,78.44897959183675,27.43764172335601,1
178,Harry III Giles,Los Angeles Lakers,F,2,10,1,4,100.0,0,0,0.0,0,2,0.0,0,1,1,0,0,1,0,0,-15,3,3,2,1,2.0,0.528344671201814,0.04081632653061224,0.018140589569160995,4.63718820861678,4.528344671201814,2.0408163265306123,0.6371882086167799,2
179,Haywood Highsmith,Miami Heat,F,106,272,42,75,482.7,1,5,33.3,21,40,459.5,17,40,57,17,17,10,4,4,39,180,163,123,74,538.8071111111111,59.656,10.340444444444445,30.58044444444445,846.7804444444446,830.7777777777778,540.8951111111111,83.91111111111111,10
180,Herbert Jones,New Orleans Pelicans,SF,103,366,31,77,371.2,28,29,850.0,13,39,311.1,5,24,29,27,31,22,10,6,16,159,132,130,56,198.3965255523697,30.48962725586102,8.715297689323663,12.205262270197336,345.5781750716816,275.3074717490302,253.2892561983471,54.58289762185866,10
181,Hunter Tyson,Denver Nuggets,F,0,7,0,3,0.0,0,0,0.0,0,3,0.0,0,1,1,0,1,0,2,0,-1,1,1,0,1,7.034026465028354,0.6824196597353497,0.04725897920604915,0.2287334593572779,4.175803402646504,3.3345935727788283,8.234404536862003,0.37051039697542537,1
182,I. Thomas,Phoenix Suns,G,5,8,2,4,50.0,0,0,0.0,1,2,50.0,0,0,0,1,0,0,0,0,1,6,5,6,1,14.512471655328797,0.0,0.2743764172335601,0.5804988662131518,18.777777777777775,14.512471655328797,18.777777777777775,0.2743764172335601,1
183,Ibou Badji,Portland Trail Blazers,C,10,41,4,5,250.0,2,4,100.0,0,0,0.0,2,4,6,4,8,0,5,3,-33,20,16,14,10,15.650969529085874,6.0,4.171745152354571,0.0,37.529085872576175,34.80886426592798,21.42382271468144,7.119113573407203,4
184,Immanuel Quickley,Toronto Raptors,SG,206,347,67,151,438.3,48,59,665.5,24,70,335.9,3,53,56,86,17,12,24,1,-75,348,262,292,142,452.12244897959187,89.70975056689342,183.0532879818594,14.553287981859409,1171.339002267574,647.1111111111111,834.2097505668935,414.90362811791385,10
185,Isaac Okoro,Cleveland Cavaliers,SF,75,288,30,69,451.7,5,8,175.0,10,32,313.1,9,16,25,13,24,3,10,2,-51,113,100,88,38,138.556640625,40.509765625,18.962890625,8.625,331.900390625,259.2265625,192.4140625,78.2890625,10
186,Isaiah Hartenstein,New York Knicks,C,107,253,44,60,750.1,19,28,454.8,0,0,0.0,23,42,65,37,26,17,15,10,114,209,172,144,102,208.10044444444446,125.04444444444445,62.873777777777775,0.0,483.0,483.95377777777776,193.24444444444444,201.82044444444446,10
187,Isaiah Jackson,Indiana Pacers,SF,67,150,27,41,707.2,13,17,575.0,0,0,0.0,27,23,50,11,20,7,5,11,42,128,117,78,61,107.57914392415974,153.03246193622522,31.926170640620516,0.0,637.3145647802355,459.42688882505024,187.10542947428902,283.32002298190184,10
188,Isaiah Joe,Oklahoma City Thunder,SG,106,216,36,72,534.3,8,9,375.0,26,52,523.6,4,24,28,23,7,8,6,2,12,157,134,129,51,177.68561308821052,14.954967110811264,59.08939112835217,12.0,462.9160060718502,251.14218249283186,363.92561983471074,99.57817507168157,10
189,Isaiah Mobley,Cleveland Cavaliers,F,5,33,2,7,58.3,0,0,0.0,1,4,25.0,0,4,4,2,2,0,0,0,-1,11,9,7,6,5.970414201183432,13.727810650887577,1.4319526627218935,0.8579881656804735,39.6508875739645,26.89349112426036,13.0,20.88757396449704,2
190,Isaiah Stewart,Detroit Pistons,C,106,319,40,71,587.7,10,12,516.7,16,38,409.0,10,48,58,12,11,4,10,10,-48,176,164,118,70,131.47520661157026,49.603305785123965,9.603305785123966,12.764462809917354,245.47520661157023,193.27685950413223,178.88016528925618,64.0,10
191,Ish Smith,Charlotte Hornets,PG,18,181,8,34,236.0,0,0,0.0,2,2,200.0,1,19,20,41,16,5,6,1,-90,79,38,59,61,54.36000000000001,24.0,78.09,1.5600000000000003,170.49,69.16000000000001,134.09,123.69,9
192,Ish Wainright,Phoenix Suns,F,3,11,1,6,16.7,0,0,0.0,1,4,25.0,3,2,5,1,1,1,1,0,-3,9,8,4,6,6.612244897959185,18.36734693877551,0.7346938775510206,0.7346938775510206,59.51020408163266,47.020408163265316,11.755102040816329,26.44897959183674,1
193,Ivica Zubac,LA Clippers,C,138,291,57,96,621.4,24,28,625.0,0,0,0.0,27,79,106,16,23,4,9,15,-8,260,244,154,122,230.93359631821176,91.76988823142668,6.476002629848784,0.0,480.0,469.50164365548994,224.3339907955293,115.3438527284681,10
194,JT Thor,Charlotte Hornets,F,34,107,14,22,538.3,2,3,150.0,4,11,250.0,1,14,15,6,9,1,2,5,-2,55,49,40,21,82.896,24.436,4.724,4.976,181.704,169.3,91.716,32.74399999999999,10
195,JaVale McGee,Sacramento Kings,C,23,49,11,19,355.0,0,3,0.0,1,2,100.0,5,10,15,1,6,2,1,0,-4,39,38,24,16,84.69084423305588,15.596908442330559,0.8953626634958384,0.8953626634958384,143.0975029726516,144.2259215219976,87.20095124851368,12.85374554102259,7
196,Jabari Smith Jr.,Houston Rockets,PF,160,316,55,119,466.0,26,31,850.0,24,60,357.2,9,50,59,19,27,4,12,9,-36,238,219,179,78,535.6412742382272,65.59591412742382,20.29639889196676,23.12049861495845,753.3507617728532,618.9200138504156,658.0013850415512,97.96295013850417,10
197,Jabari Walker,Portland Trail Blazers,F,105,317,38,92,433.9,23,32,585.9,6,22,216.6,22,79,101,16,26,3,8,1,-84,222,206,121,117,260.30681178457496,367.7614937136423,26.868455620191405,6.419215612685307,1083.6382060424094,970.0626759241884,365.0,403.5122912366298,10
198,Jack White,Memphis Grizzlies,F,6,26,2,7,28.6,0,0,0.0,2,5,40.0,0,2,2,0,1,1,0,1,-13,8,8,6,2,0.0,0.0,0.0,0.0,0.0,0.0,0.0,0.0,1
199,Jacob Gilyard,Brooklyn Nets,G,0,11,0,2,0.0,0,0,0.0,0,2,0.0,0,0,0,1,2,1,0,0,0,1,0,1,1,14.761772853185596,0.6232686980609419,3.792243767313019,1.3407202216066483,43.28254847645429,21.451523545706372,33.51800554016621,7.490304709141275,1
200,Jacob Gilyard,Memphis Grizzlies,G,67,192,23,49,431.8,1,1,100.0,20,42,431.8,1,13,14,39,10,9,12,2,-59,120,81,106,53,341.01385041551254,15.504155124653737,43.28808864265928,29.750692520775623,656.0166204986151,445.7479224376731,519.5041551246537,90.57063711911357,9
201,Jacob Toppin,New York Knicks,F,13,29,5,9,107.1,2,2,100.0,1,4,33.3,3,3,6,1,3,0,1,0,-18,20,19,14,7,78.05555555555556,8.722222222222221,0.5555555555555556,0.7222222222222223,130.22222222222223,136.55555555555554,72.5,8.5,2
202,Jaden Hardy,Dallas Mavericks,G,55,109,20,45,442.9,8,9,350.0,7,18,223.3,4,12,16,16,13,2,10,0,-13,87,71,71,32,78.80995834159889,11.700059512001587,35.0144812537195,6.136679230311447,156.25451299345366,75.77960722078953,144.69728228526085,61.30212259472327,10
203,Jaden Ivey,Detroit Pistons,PG,169,304,60,154,393.7,25,34,688.3,24,61,359.6,8,29,37,42,20,7,23,3,-92,248,206,211,79,437.1809164848245,21.41023606427296,59.63499305693315,37.679825431462014,509.06605832176155,447.2045229121206,489.4142035310454,90.67347748462606,10
204,Jaden McDaniels,Minnesota Timberwolves,PF,110,289,45,90,492.1,10,14,575.0,10,38,201.2,9,29,38,15,26,11,14,7,31,163,148,125,53,198.60966316110347,11.702484377381497,11.021643042219173,10.219478737997257,200.24340801707055,208.81207133058984,184.5034293552812,28.261697911903674,10
205,Jaden Springer,Boston Celtics,G,60,176,22,52,413.7,13,14,575.0,3,18,183.3,13,18,31,17,21,13,10,4,-19,108,91,77,48,240.97505668934238,55.27551020408163,31.81632653061224,2.622448979591837,726.5226757369614,510.4002267573697,390.1383219954649,154.05102040816328,10
206,Jae Crowder,Milwaukee Bucks,PF,51,188,20,46,433.6,4,5,150.0,7,26,270.0,7,17,24,13,9,4,4,1,-5,88,75,64,37,68.30505540166203,9.364265927977842,10.1398891966759,5.080678670360111,75.87430747922436,78.21364265927977,66.75796398891967,18.71191135734072,10
207,Jae'Sean Tate,Houston Rockets,SF,39,131,17,32,440.5,3,5,150.0,2,7,133.3,8,19,27,7,15,5,14,5,6,73,66,46,34,92.96667562483202,21.52512765385649,6.129266326256383,1.6001074979844128,191.7621607094867,145.35608707336738,121.80596613813492,45.221177102929325,10
208,Jahmi'us Ramsey,Toronto Raptors,SG,47,120,18,41,306.3,5,6,175.0,6,22,183.3,4,18,22,8,10,7,7,0,-28,77,69,55,30,69.3801652892562,36.066115702479344,3.072314049586777,3.402892561983472,97.25413223140495,108.65289256198346,77.28719008264463,19.832644628099175,7
209,Jaime Jr. Jaquez,Miami Heat,G,104,291,39,86,430.4,18,25,616.7,8,25,244.89999999999998,9,40,49,27,20,12,9,3,3,180,153,131,76,399.9229968782518,41.14984391259105,22.292403746097815,7.839750260145682,373.75650364203955,369.74921956295526,390.9687825182102,76.40374609781477,10
210,Jake LaRavia,Memphis Grizzlies,F,124,295,37,103,356.5,30,38,643.9,20,56,353.5,18,25,43,22,19,9,18,3,11,189,167,146,65,275.0373555495834,34.53345874764848,19.82746573501747,32.32518140284869,515.2805697393173,420.11959150765927,336.0263370061811,88.53292125772641,10
211,Jakob Poeltl,Toronto Raptors,C,122,251,55,101,543.9,12,20,491.7,0,0,0.0,39,53,92,31,28,10,11,19,35,245,214,153,123,161.8469387755102,127.67346938775509,30.387755102040813,0.0,516.704081632653,398.98979591836735,256.6224489795918,181.0,10
212,Jalen Brunson,New York Knicks,PG,340,363,123,255,475.3,64,74,791.8,30,75,394.4,5,30,35,80,18,9,20,0,136,455,375,420,115,1546.15647600263,22.633136094674555,43.825443786982255,32.72485207100591,1714.707758053912,1681.3339907955292,1573.4888231426694,72.5,10
213,Jalen Duren,Detroit Pistons,C,119,257,46,88,476.9,27,32,766.6,0,1,0.0,21,81,102,12,22,8,21,6,-70,233,221,131,114,276.525,228.26944444444445,15.200000000000003,0.0,949.0444444444444,907.4444444444445,299.125,262.46944444444443,10
214,Jalen Green,Houston Rockets,SG,246,369,86,195,427.59999999999997,41,51,827.9,33,94,325.6,8,54,62,55,24,15,36,4,23,363,308,301,117,961.5252267573696,35.9719387755102,33.22704081632653,46.369897959183675,1136.549036281179,1149.1655328798188,940.9036281179137,77.20408163265306,10
215,Jalen HoodSchifino,Los Angeles Lakers,G,5,11,1,6,33.3,2,4,100.0,1,3,50.0,0,2,2,0,1,0,1,0,-13,7,7,5,2,9.0,0.9799999999999999,0.020000000000000004,0.8200000000000001,13.32,14.180000000000001,8.42,0.72,2
216,Jalen Johnson,Atlanta Hawks,SF,177,316,70,142,520.2,19,26,379.0,18,43,494.9,12,75,87,49,16,13,20,5,21,313,264,226,136,617.2615576842982,158.4152436484798,67.31903373594336,11.62015826738859,1274.107038733861,839.0870470637235,942.6280716368179,335.3877551020408,10
217,Jalen McDaniels,Toronto Raptors,PF,60,168,26,65,328.5,8,11,416.7,0,13,0.0,6,17,23,15,13,4,9,2,-94,98,83,75,38,222.9,55.864000000000004,22.983999999999998,0.036,528.0360000000001,446.084,280.00399999999996,103.696,10
218,Jalen Pickett,Denver Nuggets,G,2,7,1,3,33.3,0,0,0.0,0,2,0.0,0,0,0,2,0,0,0,0,-1,4,2,4,2,0.42751479289940814,0.25,0.7825443786982248,0.09467455621301776,1.0784023668639051,0.023668639053254406,2.3668639053254434,0.14792899408284022,1
219,Jalen Slawson,Sacramento Kings,F,2,8,1,2,50.0,0,0,0.0,0,1,0.0,1,1,2,0,2,1,0,0,3,4,4,2,2,2.5600000000000005,2.25,0.0,0.0,9.610000000000001,9.610000000000001,2.5600000000000005,2.25,1
220,Jalen Smith,Indiana Pacers,PF,81,150,30,65,426.6,14,20,277.4,7,23,261.9,24,34,58,9,15,4,3,8,7,148,139,90,67,221.59504132231405,86.59320477502297,6.92653810835629,10.17722681359045,537.7061524334251,518.9265381083562,240.44995408631775,93.44444444444446,10
221,Jalen Suggs,Orlando Magic,SG,135,289,47,98,487.3,23,29,683.3,18,47,382.5,4,16,20,37,22,15,14,9,8,192,155,172,57,354.8761416796614,13.623969703720205,26.470706170639343,10.061929160169301,461.05814212519493,348.0643795945645,459.42169748273557,48.5428826019158,10
222,Jalen Williams,Oklahoma City Thunder,F,215,330,88,162,547.3,26,33,746.7,13,37,273.3,7,33,40,52,21,14,23,12,25,307,255,267,92,355.43912591050986,24.16649323621228,45.829864724245574,14.381373569198752,575.5468262226847,356.39646201873046,552.1982310093653,92.38761706555671,10
223,Jalen Wilson,Brooklyn Nets,F,56,155,19,40,567.7,12,17,450.0,6,17,250.0,7,25,32,10,7,2,8,1,33,98,88,66,42,142.83976124885214,34.631772268135904,10.0,4.405876951331497,362.2447199265381,272.2447199265381,206.83976124885214,70.6317722681359,10
224,Jamal Cain,Miami Heat,F,12,37,3,9,125.0,4,4,200.0,2,4,150.0,2,3,5,6,5,1,3,1,11,23,17,18,11,10.78515625,4.3125,6.41015625,1.03515625,38.140625,22.56640625,28.390625,8.69140625,4
225,Jamal Murray,Denver Nuggets,PG,219,328,81,173,464.3,34,41,861.4,23,53,446.7,7,38,45,72,18,18,21,8,81,336,264,291,117,473.7933884297521,52.75309917355372,66.58367768595042,22.367768595041323,528.0,428.9473140495868,539.8440082644629,152.3388429752066,10
226,James Bouknight,Charlotte Hornets,SG,10,13,4,10,83.3,0,0,0.0,2,7,58.3,0,0,0,0,0,1,1,0,13,10,10,10,0,18.0,0.0,0.0,0.72,18.0,18.0,18.0,0.0,2
227,James Harden,LA Clippers,SG,132,344,40,114,353.1,36,42,840.7,16,68,217.1,6,51,57,95,10,12,23,3,-25,284,189,227,152,271.3658289762186,36.125653567212005,132.7230561646146,18.09411367852926,414.66453027491985,301.19699780738745,363.6820711755777,190.0,10
228,James Johnson,Indiana Pacers,PF,4,12,1,4,33.3,2,2,100.0,0,1,0.0,0,0,0,2,3,0,1,1,-2,6,4,6,2,1.2800000000000002,0.0,0.32000000000000006,0.0,2.88,1.2800000000000002,2.88,0.32000000000000006,2
229,James Wiseman,Detroit Pistons,C,95,240,37,63,463.2,21,26,420.8,0,0,0.0,17,49,66,9,29,1,22,4,-103,170,161,104,75,489.67645308470543,103.50486014679628,16.95159690537592,0.0,1081.837333862329,930.8123388216625,621.9789724261059,139.1789327514382,10
230,Jamie Jr. Jaquez,Miami Heat,G,70,201,27,54,502.4,10,12,541.7,6,20,261.7,7,15,22,19,18,5,13,3,27,111,92,89,41,145.40625,15.90625,19.0,4.40625,205.8,154.0,197.15625,34.95625,10
231,Jarace Walker,Indiana Pacers,F,38,147,14,37,382.2,2,2,100.0,8,19,300.0,4,25,29,19,11,5,6,5,26,86,67,57,48,131.11111111111111,52.75016436554899,60.028270874424734,8.925706771860618,510.13017751479293,310.3911900065746,266.59237343852726,177.03616042077581,10
232,Jared Butler,Washington Wizards,SG,78,209,30,65,463.0,10,10,400.0,8,30,306.7,5,24,29,43,23,12,19,4,-6,150,107,121,72,210.22268135904497,20.285123966942148,120.36776859504133,9.777777777777779,449.81496786042237,214.0670339761249,421.46648301193756,165.15702479338844,10
233,Jared Rhoden,Detroit Pistons,G,35,137,14,33,300.8,3,6,150.0,4,14,183.3,0,16,16,8,19,3,4,9,-39,59,51,43,24,56.39026629935721,14.00734618916437,8.029384756657484,2.001836547291093,104.82552800734618,112.5206611570248,56.66574839302112,14.066115702479339,8
234,Jaren Jackson Jr.,Memphis Grizzlies,PF,223,328,81,183,426.2,46,59,770.4,15,49,319.6,15,33,48,34,37,17,27,17,-129,305,271,257,82,1094.8353151010701,51.54815695600475,26.404280618311535,10.5,1277.910225921522,1216.8281807372177,1154.5,79.36979785969085,10
235,Jarred Vanderbilt,Los Angeles Lakers,PF,68,142,26,42,412.7,13,17,375.0,3,5,166.7,12,22,34,12,8,16,11,2,23,114,102,80,46,111.33333333333334,59.333333333333336,18.0,3.5,362.0,274.0,157.33333333333334,119.33333333333334,6
236,Jarrett Allen,Cleveland Cavaliers,C,167,314,70,114,608.7,27,33,741.6,0,0,0.0,25,67,92,31,13,5,9,3,-47,290,259,198,123,193.5390625,135.11406250000002,21.7890625,0.0,388.12656250000003,333.90625,220.65625,184.00625000000002,10
237,Jason Preston,Utah Jazz,G,10,48,5,13,116.6,0,0,0.0,0,1,0.0,3,7,10,14,2,1,1,0,8,34,20,24,24,19.40495867768595,11.297520661157025,18.1900826446281,0.0,130.16528925619835,53.396694214876035,68.98347107438016,56.67768595041322,4
238,Javon Freeman-Liberty,Toronto Raptors,G,99,235,38,81,430.3,17,19,700.0,6,23,175.0,11,37,48,22,17,8,17,0,-139,169,147,121,70,433.3923182441701,34.24211248285323,32.68655692729767,6.770919067215363,780.1604938271605,634.2009602194788,568.423182441701,77.85733882030179,10
239,Javonte Green,Chicago Bulls,G,64,137,25,40,361.3,8,10,225.0,6,13,316.7,14,30,44,4,10,5,5,6,10,112,108,68,48,332.8333333333333,107.84375,1.375,2.0416666666666665,711.84375,696.2604166666667,345.375,112.26041666666666,6
240,Jaxson Hayes,Los Angeles Lakers,C,71,177,29,36,851.2,13,19,535.0,0,0,0.0,17,31,48,9,23,8,12,5,-37,128,119,80,57,300.4182773503472,73.65884781384875,7.6282604616250715,0.0,603.7826984424845,627.5670857571777,291.4479264402327,66.4730718708951,10
241,Jay Huff,Denver Nuggets,C,3,5,1,2,50.0,0,0,0.0,1,2,50.0,0,0,0,0,2,0,0,0,-3,3,3,3,0,4.1259765625,0.1181640625,0.015625,0.8212890625,2.44140625,2.84765625,3.6337890625,0.2197265625,1
242,Jaylen Brown,Boston Celtics,SG,244,343,95,188,500.8,30,43,585.5,24,61,390.0,13,44,57,28,25,19,27,6,48,329,301,272,85,501.3264506941972,60.11285154859381,26.831612673549305,20.929868280526875,391.8928444286223,459.3360626557494,416.83161267354933,103.99608401566394,10
243,Jaylen Nowell,Detroit Pistons,SG,26,49,11,19,168.1,2,4,50.0,2,4,66.7,3,5,8,3,2,1,1,2,-15,37,34,29,11,73.55371900826447,5.0,2.024793388429752,2.677685950413223,115.9504132231405,114.91735537190083,76.40495867768595,5.206611570247933,3
244,Jaylin Williams,Oklahoma City Thunder,F,46,156,15,34,525.0,10,12,258.3,6,20,383.3,5,34,39,32,17,2,12,5,-66,117,85,78,71,53.05385625820979,56.23775567648715,124.69018577594295,4.526177519234378,366.1548132857947,147.48189153687372,228.35241133420905,224.30230812535189,10
245,Jayson Tatum,Boston Celtics,SF,266,356,87,189,459.0,62,72,700.3,30,76,384.0,10,64,74,49,14,12,26,7,64,389,340,315,123,299.23138941144856,80.89707067992475,11.685837140553616,20.325181402848695,497.2606826122011,478.42784197796294,332.01424348293466,78.63289438323032,10
246,Jeenathan Williams,Houston Rockets,G,18,36,9,15,283.4,0,2,0.0,0,0,0.0,3,5,8,1,5,1,0,0,14,27,26,19,9,48.77324263038548,6.859977324263038,0.8055555555555557,0.0,74.67346938775512,79.5266439909297,46.928004535147394,4.657596371882086,5
247,Jeff Dowtin,Philadelphia 76ers,G,50,133,19,34,374.2,3,4,200.0,9,18,283.4,3,15,18,26,1,6,5,1,27,94,68,76,44,226.31824417009602,30.06310013717421,46.50754458161865,8.939643347050755,534.0960219478739,323.16049382716045,423.8244170096022,90.0,10
248,Jeff Green,Houston Rockets,PF,81,181,27,66,389.2,14,16,475.0,13,41,272.5,7,19,26,11,10,4,2,3,-11,118,107,92,37,234.3477096966092,30.490481856038073,5.086555621653777,14.119274241522904,353.3804283164783,320.91433670434265,260.2736466389054,42.117192147531235,10
249,Jerami Grant,Portland Trail Blazers,SF,169,342,56,142,386.6,38,46,711.3,19,49,402.0,6,19,25,35,18,14,28,2,-77,229,194,204,60,473.98961937716257,45.9204152249135,32.71626297577855,5.083044982698962,888.6262975778548,739.6678200692041,583.0934256055364,118.49134948096886,10
250,Jeremiah Robinson-Earl,New Orleans Pelicans,F,28,104,11,28,269.6,4,7,80.0,2,13,100.0,10,15,25,11,7,3,5,1,38,64,53,39,36,94.90666666666665,44.040000000000006,30.55555555555555,1.7155555555555555,282.88888888888886,187.88888888888889,157.9511111111111,106.55111111111111,9
251,Jeremy Sochan,San Antonio Spurs,F,126,301,51,121,422.6,14,19,516.7,10,44,192.79999999999998,21,59,80,33,16,14,20,10,-20,239,206,159,113,549.0972944849116,204.3746097814776,41.58480749219564,10.166493236212277,1143.8839750260145,1165.4823100936524,519.2138397502601,254.24453694068677,10
252,Jericho Sims,New York Knicks,C,11,149,5,9,266.7,1,2,50.0,0,0,0.0,16,25,41,5,11,5,5,5,17,57,52,16,46,26.97530864197531,87.4,4.708641975308643,0.0,178.2,163.61975308641973,34.0,99.6641975308642,10
253,Jerome Robinson,Golden State Warriors,SG,10,17,4,10,40.0,1,2,50.0,1,6,16.7,0,0,0,1,1,0,0,1,-2,11,10,11,1,76.71343638525565,0.11890606420927469,0.7431629013079666,0.8668252080856124,86.04161712247326,70.79191438763377,92.55766944114148,0.26753864447086795,1
254,Jett Howard,Orlando Magic,G,0,5,0,1,0.0,0,0,0.0,0,1,0.0,0,0,0,0,1,0,0,0,-5,0,0,0,0,1.5625,0.1111111111111111,0.027777777777777776,0.17361111111111113,3.0625,2.506944444444444,2.0069444444444446,0.25,1
255,Jevon Carter,Chicago Bulls,PG,44,128,17,37,383.5,1,2,50.0,9,24,278.4,2,8,10,10,9,2,4,1,5,64,54,54,20,155.184,12.036,10.036000000000001,6.916,260.656,200.884,198.884,38.144,10
256,Jimmy Butler,Miami Heat,SF,198,348,58,125,464.7,72,79,929.3,10,31,291.5,9,40,49,59,12,12,14,0,91,306,247,257,108,373.7033055630207,29.361193227626984,34.435098091910774,4.010749798441279,530.4568664337544,471.101048105348,402.9419510884171,93.91346412254771,10
257,Jock Landale,Houston Rockets,C,86,214,35,58,608.5,13,19,533.3,3,8,150.0,19,24,43,18,18,6,8,4,55,147,129,104,61,172.67486149584488,59.57617728531856,19.658240997229914,4.18005540166205,358.30193905817174,303.37707756232686,234.98614958448755,71.8479916897507,10
258,Joe Harris,Detroit Pistons,SF,2,12,1,3,33.3,0,0,0.0,0,1,0.0,0,0,0,0,1,0,0,0,-5,2,2,2,0,0.0,0.0,0.0,0.0,0.0,0.0,0.0,0.0,1
259,Joe Ingles,Orlando Magic,SG,41,180,13,29,339.9,5,7,266.7,10,23,308.3,1,19,20,28,11,7,13,1,60,89,61,69,48,137.10408163265305,14.344897959183674,11.60204081632653,12.00204081632653,158.07551020408164,125.9795918367347,165.14693877551022,30.0,10
260,Joel Embiid,Philadelphia 76ers,C,165,182,54,112,293.4,44,52,516.9,13,30,277.7,8,39,47,24,18,9,30,5,-30,236,212,189,71,307.90666666666664,47.0,40.10666666666667,9.159999999999998,582.56,455.17333333333335,433.0266666666667,89.37333333333333,6
261,John Collins,Utah Jazz,PF,193,271,68,119,570.0,39,48,752.5,18,34,508.9,22,58,80,7,25,7,12,7,-49,280,273,200,87,362.38775510204084,95.36033163265307,7.3501275510204085,12.044005102040817,700.0510204081634,672.8960459183673,372.3654336734694,119.88775510204083,10
262,John Konchar,Memphis Grizzlies,SG,57,299,19,46,385.8,8,9,266.7,11,29,391.6,19,45,64,29,20,13,17,9,-3,150,121,86,93,131.325,70.55625,15.0,7.125,291.05625,223.40625,166.425,118.10624999999999,10
263,Johnny Davis,Washington Wizards,G,40,161,15,27,441.7,6,9,210.0,4,9,250.0,3,15,18,11,14,3,2,4,-37,69,58,51,29,109.5667438271605,22.011188271604937,11.0,4.444444444444445,205.0,176.0,145.76118827160494,25.816743827160494,10
264,Johnny Juzang,Utah Jazz,G,81,226,29,63,393.2,4,6,216.7,19,45,366.8,5,18,23,14,21,2,7,1,-41,118,104,95,37,541.0859504132233,38.10082644628099,15.047933884297521,36.920661157024796,643.7619834710744,602.5619834710743,560.6396694214875,74.79504132231405,10
265,Jonas Valanciunas,New Orleans Pelicans,C,111,201,47,80,600.5,16,23,475.0,1,12,33.3,11,59,70,19,24,5,10,2,11,200,181,130,89,418.9265495717811,30.209028886630858,46.96516185222819,0.96516185222819,736.5547975032662,525.710988532443,630.0037741326753,76.94077514878792,10
266,Jonathan Isaac,Orlando Magic,PF,88,173,33,51,570.7,10,14,416.7,12,23,458.3,12,37,49,8,12,9,3,13,47,145,137,96,57,390.9081632653062,33.181760204081634,5.747448979591837,7.931760204081632,560.8603316326531,564.1358418367346,385.625,40.93686224489796,10
267,Jonathan Kuminga,Golden State Warriors,PF,186,291,74,141,524.1,28,36,716.7,10,23,383.4,8,43,51,26,29,9,19,5,26,263,237,212,77,362.56758935769955,69.11287288363343,13.037355549583445,8.68798710024187,453.56382692824513,383.83902176834187,410.7557108304219,103.68691212039775,10
268,Jontay Porter,Toronto Raptors,C,49,159,18,41,352.3,4,6,150.0,9,26,230.4,10,23,33,32,11,10,13,9,-28,114,82,81,65,215.4023668639053,32.251479289940825,58.16863905325444,15.943786982248522,472.0,275.0917159763314,386.0976331360947,116.63313609467455,10
269,Jordan Clarkson,Utah Jazz,PG,161,328,58,144,353.7,31,35,737.9,14,53,206.6,7,29,36,63,18,10,23,0,-70,260,197,224,99,1014.8698224852071,104.98224852071006,74.72485207100591,21.005917159763314,1435.3639053254435,1403.248520710059,1032.630177514793,194.0621301775148,10
270,Jordan Goodwin,Memphis Grizzlies,G,99,275,40,106,364.4,8,10,300.0,11,34,293.3,28,57,85,47,21,8,14,3,-7,231,184,146,132,223.73657024793388,321.72004132231405,31.925619834710744,15.050619834710742,705.8553719008265,601.7396694214876,233.0051652892562,448.4927685950413,10
271,Jordan Hawkins,New Orleans Pelicans,G,24,94,8,31,291.7,3,5,116.7,5,19,166.7,2,8,10,5,5,2,1,1,16,39,34,29,15,45.70461127199822,8.002227667631988,4.5050122521719755,6.74560035642682,56.15125863221208,75.81465805301849,30.04789485408777,8.500556916907996,10
272,Jordan McLaughlin,Minnesota Timberwolves,PG,55,159,19,33,523.8,4,4,200.0,13,23,458.4,4,12,16,29,5,4,2,0,89,100,71,84,45,150.38538781163436,12.494806094182824,60.31301939058172,18.1398891966759,316.483379501385,186.03462603878114,276.7718144044321,76.87015235457064,10
273,Jordan Miller,LA Clippers,G,4,5,1,1,100.0,2,2,100.0,0,0,0.0,0,1,1,0,0,0,0,0,3,5,5,4,1,9.679012345679013,0.44444444444444453,0.0,0.0,14.271604938271604,14.271604938271604,9.679012345679013,0.44444444444444453,1
274,Jordan Nwora,Toronto Raptors,SF,98,210,39,79,498.8,10,14,350.0,10,31,336.9,7,34,41,20,8,8,25,5,-114,159,139,118,61,207.7301775147929,101.46863905325442,19.85562130177515,6.002366863905325,559.6863905325444,415.80000000000007,281.5621301775148,191.37869822485206,10
275,Jordan Poole,Washington Wizards,SG,226,360,83,191,425.3,26,27,850.0,34,100,326.6,6,33,39,84,26,11,31,1,-62,349,265,310,123,729.4994051160024,21.698096371207612,129.94527067221892,24.52498512790006,1163.883997620464,882.6680547293277,951.7076145151694,210.65110053539553,10
276,Jordan Walsh,Boston Celtics,G,2,33,1,5,100.0,0,0,0.0,0,3,0.0,3,4,7,1,6,2,2,1,19,10,9,3,8,3.8163265306122454,13.959183673469386,1.1020408163265305,0.0,8.673469387755102,8.551020408163264,9.0,10.0,3
277,Jose Alvarado,New Orleans Pelicans,PG,70,210,24,63,348.2,5,8,250.0,17,40,412.9,8,17,25,21,20,8,4,1,4,116,95,91,46,273.83673469387753,44.579719387755105,37.39030612244898,28.10459183673469,571.8654336734693,437.1817602040816,361.125,129.3654336734694,10
278,Josh Giddey,Oklahoma City Thunder,SG,179,296,72,130,544.2,21,30,596.9,14,33,379.2,15,67,82,70,17,5,28,7,42,331,261,249,152,608.758573388203,95.4567901234568,183.12543819539704,28.507544581618657,1433.7450083828683,902.1577503429354,917.846517299192,501.0815424477977,10
279,Josh Green,Dallas Mavericks,SG,67,259,28,55,498.7,4,5,80.0,7,23,270.0,11,24,35,13,16,11,9,2,-34,115,102,80,48,175.42568370986916,41.573127229488705,10.20332936979786,7.416171224732463,227.9346016646849,241.15576694411413,176.20927467300828,37.77170035671819,10
280,Josh Hart,New York Knicks,SG,106,381,41,84,433.0,18,21,558.3,6,17,256.6,21,75,96,70,22,10,18,1,128,272,202,176,166,706.8821825941168,169.62932479804908,82.07285474775188,4.507544581618656,1531.4601432708428,1186.8532235939642,969.1940253010213,333.997256515775,10
281,Josh Minott,Minnesota Timberwolves,F,2,12,1,2,50.0,0,0,0.0,0,0,0.0,0,5,5,1,3,1,0,0,13,8,7,3,6,2.3366206443129522,10.491124260355031,0.5161078238001315,0.15910585141354372,3.9776462853385923,3.9875082182774504,4.705456936226167,8.628533859303088,2
282,Josh Okogie,Phoenix Suns,SF,43,135,12,30,323.8,12,13,450.0,7,15,350.0,13,7,20,11,7,6,10,3,-9,74,63,54,31,153.0,12.077854671280276,8.230103806228373,6.626297577854671,229.12802768166088,209.3719723183391,166.11245674740485,26.951557093425606,10
283,Josh Richardson,Miami Heat,SG,98,211,38,76,433.2,6,6,200.0,16,45,301.7,4,26,30,19,16,5,3,2,3,147,128,117,49,296.8888888888889,20.0,10.88888888888889,27.555555555555557,468.0,427.55555555555554,344.0,24.22222222222222,9
284,Joshua Primo,LA Clippers,G,0,5,0,1,0.0,0,0,0.0,0,0,0.0,1,0,1,0,0,0,1,0,1,1,1,0,1,0.0,0.0,0.0,0.0,0.0,0.0,0.0,0.0,1
285,Jrue Holiday,Boston Celtics,PG,106,311,43,94,476.6,2,2,100.0,18,51,371.9,9,36,45,53,11,9,14,9,90,204,151,159,98,137.55599999999998,76.6,65.124,11.636000000000001,422.464,283.476,278.904,139.36399999999998,10
286,Jules Bernard,Washington Wizards,G,52,96,20,39,566.2,4,7,250.0,8,16,435.0,7,11,18,11,8,2,5,1,24,81,70,63,29,223.22314049586774,14.46745867768595,16.712809917355372,7.194731404958677,383.42200413223145,291.3186983471075,312.7789256198347,33.72778925619835,9
287,Julian Champagnie,San Antonio Spurs,F,109,304,38,84,396.6,16,20,663.4,17,48,284.0,7,31,38,19,13,12,13,10,-24,166,147,128,57,373.125,52.356249999999996,19.525000000000002,16.725,717.70625,626.90625,429.7,106.10625,10
288,Julian Phillips,Chicago Bulls,F,39,132,13,31,272.9,7,8,266.7,6,13,283.4,6,12,18,5,12,5,3,1,-11,62,57,44,23,170.91975308641975,27.290123456790123,6.777777777777779,6.401234567901234,314.4444444444444,289.44444444444446,184.5493827160494,45.43827160493827,10
289,Julian Strawther,Denver Nuggets,G,28,61,9,26,108.0,6,6,300.0,4,18,81.9,1,8,9,8,6,1,6,0,4,45,37,36,17,149.40249999999997,15.2525,9.0225,3.5625,273.0725,219.75,185.20999999999998,41.78999999999999,4
290,Julius Randle,New York Knicks,PF,66,99,23,48,142.2,14,14,300.0,6,11,195.0,8,17,25,18,7,1,10,0,25,109,91,84,43,98.0,2.666666666666667,14.0,2.0,140.66666666666669,120.66666666666666,126.0,8.666666666666668,3
291,Justin Champagnie,Washington Wizards,SF,71,188,24,59,355.1,11,14,300.0,12,38,218.3,17,24,41,15,12,8,9,6,-56,127,112,86,56,335.6735537190083,96.28925619834712,10.520661157024794,15.616735537190083,858.4008264462809,752.9132231404959,403.8223140495868,144.1487603305785,10
292,Justin Holiday,Denver Nuggets,SF,44,166,17,39,372.9,0,0,0.0,10,24,333.3,3,10,13,9,9,7,3,3,20,66,57,53,22,130.7074498029649,10.106774254081442,33.52842934884593,10.030024394820792,262.0,162.32294989679113,235.9149934321636,38.104710076937515,10
293,Justin Minaya,Portland Trail Blazers,F,28,136,10,27,309.9,1,2,50.0,7,20,209.89999999999998,9,14,23,8,12,3,2,5,-13,59,51,36,31,61.65431070387338,24.85089546022491,8.43981674302374,8.541857559350271,143.95460224906287,106.38442315701792,88.98458975426907,43.53061224489796,10
294,Jusuf Nurkic,Phoenix Suns,C,80,272,29,73,375.8,21,32,518.5,1,2,50.0,34,73,107,43,33,14,21,9,34,230,187,123,150,205.2407581159692,198.61005817226496,22.283918183524115,0.9099268155376242,727.1938449990619,716.4194032651529,214.40364045787203,222.5055357477951,10
295,Karl-Anthony Towns,Minnesota Timberwolves,C,193,306,66,146,451.8,41,47,734.2,20,56,341.5,20,55,75,29,33,8,24,8,98,297,268,222,104,265.0493827160493,98.62345679012346,46.91975308641975,18.771604938271604,548.530864197531,414.4012345679012,362.2777777777778,182.44444444444443,10
296,Kawhi Leonard,LA Clippers,SF,239,347,93,173,538.7,37,43,815.0,16,45,350.8,14,45,59,28,12,13,23,11,38,326,298,267,87,125.67722681359045,60.90449954086318,8.631772268135904,8.466942148760332,202.40449954086316,148.5,148.1179981634527,101.0,10
297,Keegan Murray,Sacramento Kings,SF,180,367,68,153,449.5,10,12,441.7,34,90,393.7,17,41,58,23,24,4,6,12,47,261,238,203,81,255.68828078524686,81.73706127305175,19.0,23.236466389054133,259.65556216537766,180.8506841165972,308.5907198096371,126.639500297442,10
298,Keita Bates-Diop,Brooklyn Nets,SF,35,85,12,20,615.0,6,6,300.0,5,11,350.0,3,10,13,5,1,2,5,4,-13,53,48,40,18,52.10000000000001,16.81111111111111,4.677777777777777,5.4,94.5,87.3777777777778,51.511111111111106,29.2,10
299,Keldon Johnson,San Antonio Spurs,SF,145,293,49,104,463.8,27,32,684.2,20,55,368.5,15,44,59,18,17,4,11,2,-15,222,204,163,77,291.739919975377,55.21606648199445,22.15266235764851,24.603262542320714,379.4958448753462,409.48045552477686,289.8919667590028,49.232071406586634,10
300,Kelly Olynyk,Toronto Raptors,PF,149,307,54,88,621.2,33,38,773.3,8,26,331.6,14,45,59,62,35,12,31,7,-66,270,208,211,121,210.37996219281666,27.748582230623818,93.25519848771266,3.600084015963033,422.33270321361056,309.50472589792065,337.08317580340264,107.12854442344047,10
301,Kelly Oubre Jr.,Philadelphia 76ers,SG,187,338,68,155,431.4,31,37,542.8,20,55,298.2,15,45,60,26,25,13,19,11,50,273,247,213,86,543.2040816326531,64.3794906392309,45.15803676842638,31.62084668578175,884.6528925619834,771.7542587282846,667.0300219261258,98.61022094788329,10
302,Kendall Brown,Indiana Pacers,SG,3,19,1,2,100.0,1,2,50.0,0,0,0.0,1,0,1,0,4,0,0,0,-12,4,4,3,1,6.057074910820452,0.6682520808561238,0.28894173602853745,0.0,11.209274673008323,10.706302021403094,6.602853745541023,0.9143876337693222,3
303,Kenneth Lofton Jr.,Philadelphia 76ers,F,2,5,1,4,25.0,0,0,0.0,0,2,0.0,0,1,1,0,0,0,0,0,-4,3,3,2,1,17.361111111111114,0.0,0.0,0.6944444444444445,17.361111111111114,17.361111111111114,17.361111111111114,0.0,1
304,Kenneth Lofton Jr.,Utah Jazz,F,7,12,3,7,42.9,0,0,0.0,1,2,50.0,1,0,1,0,0,0,0,0,-4,8,8,7,1,0.694444444444444,0.0,0.0,0.027777777777777766,0.694444444444444,0.694444444444444,0.694444444444444,0.0,1
305,Kenrich Williams,Oklahoma City Thunder,SF,70,183,29,56,512.7,4,4,200.0,8,22,349.9,15,20,35,12,24,5,7,2,-39,117,105,82,47,188.81599999999997,74.66044444444445,9.664,5.687111111111111,447.64177777777775,358.11111111111103,252.144,110.52711111111111,10
306,Kentavious Caldwell-Pope,Denver Nuggets,SG,113,325,40,77,476.0,7,10,350.0,26,52,410.5,4,25,29,28,27,11,12,9,116,170,142,141,57,555.8849525200877,23.601533966398833,22.759678597516434,46.31701972242513,691.427319211103,627.3265157048941,590.581811541271,75.76515704894084,10
307,Kenyon Martin Jr.,Philadelphia 76ers,F,56,177,25,47,495.8,4,8,200.0,2,6,150.0,15,25,40,16,20,2,8,5,24,112,96,72,56,114.11632653061224,129.3795918367347,11.3,1.6000000000000003,439.38775510204084,396.5734693877551,148.70204081632653,148.90816326530611,10
308,Keon Ellis,Sacramento Kings,G,104,279,34,72,409.8,11,13,525.0,25,52,483.7,12,35,47,26,33,11,13,5,-7,177,151,130,73,620.8977294051417,46.548883467817596,35.831488084068305,57.59748545693377,1056.3109401388629,773.2848564458623,876.7753799962469,109.52880465378118,10
309,Keon Johnson,Brooklyn Nets,G,12,26,3,8,73.3,4,4,100.0,2,4,133.3,2,1,3,2,2,2,2,0,-9,17,15,14,5,18.88888888888889,0.5555555555555556,2.2222222222222223,0.22222222222222227,27.222222222222225,13.888888888888888,34.0,1.0,2
310,Kessler Edwards,Sacramento Kings,SF,39,97,14,33,376.7,1,4,50.0,10,23,386.7,4,13,17,3,9,6,1,1,-14,59,56,42,20,117.83900226757369,23.204081632653057,2.1030486268581505,9.574703955656336,173.36986646510454,161.64172335600907,120.0614764424288,34.81279919375157,10
311,Kevin Durant,Phoenix Suns,PF,247,363,96,185,528.1,29,34,751.7,26,62,446.5,5,55,60,40,17,11,28,9,52,347,307,287,100,188.78078524687683,88.67608566329567,40.85663295657347,11.66805472932778,522.417013682332,402.23140987507435,296.1835217132659,142.31558596073765,10
312,Kevin Huerter,Sacramento Kings,SG,72,231,29,79,330.1,2,4,100.0,12,45,205.0,6,24,30,25,23,8,11,2,5,127,102,97,55,288.7933884297521,30.44995408631772,4.61248852157943,16.24793388429752,456.10743801652893,441.77777777777777,290.6730945821855,47.51239669421488,10
313,Kevin Knox II,Detroit Pistons,SF,22,89,9,26,148.9,3,3,200.0,1,11,33.3,3,11,14,4,9,2,6,0,21,40,36,26,18,115.33333333333334,19.333333333333336,3.3333333333333335,0.8333333333333335,167.33333333333331,188.0,101.33333333333334,16.0,6
314,Kevin Love,Miami Heat,PF,81,144,29,62,443.4,9,12,233.3,14,39,276.7,12,46,58,16,19,3,12,3,50,155,139,97,74,399.587890625,184.15625,16.40625,21.759765625,964.994140625,816.478515625,490.041015625,258.625,10
315,Kevon Looney,Golden State Warriors,F,37,118,15,25,585.0,7,11,350.0,0,0,0.0,11,32,43,8,20,2,4,1,50,88,80,45,51,54.34859521331946,48.450052029136316,3.881373569198751,0.0,136.03590010405827,142.37304890738815,55.43912591050989,44.903746097814775,10
316,Keyontae Johnson,Oklahoma City Thunder,F,5,39,2,8,66.7,0,0,0.0,1,2,100.0,2,4,6,2,4,0,2,0,-15,13,11,7,8,20.0,7.0,1.2653061224489797,0.8163265306122451,29.69387755102041,35.0,17.26530612244898,5.6938775510204085,5
317,Keyonte George,Utah Jazz,G,127,324,40,125,308.6,32,33,783.3,15,70,180.79999999999998,1,25,26,46,13,4,39,0,-119,199,153,173,72,397.42214532871975,17.730103806228374,38.40138408304498,16.791003460207612,285.1356401384083,386.80899653979236,301.03460207612454,50.84567474048443,10
318,Khris Middleton,Milwaukee Bucks,SF,151,299,61,119,529.9,10,13,305.0,19,48,500.4,13,51,64,64,33,11,32,2,-12,279,215,215,128,405.05613399728384,37.39157990040743,40.675418741512,4.923947487550928,559.1684019918515,451.5875961973744,466.791760977818,123.91217745586238,10
319,Killian Hayes,Detroit Pistons,PG,18,79,7,14,209.6,1,3,33.3,3,6,100.0,0,15,15,20,4,0,5,2,-12,53,33,38,35,27.0,18.75,54.0,2.75,252.75,74.75,153.0,124.75,4
320,Kira Lewis Jr.,Utah Jazz,PG,24,78,9,23,169.4,4,6,125.0,2,9,83.3,2,5,7,11,3,2,5,0,-34,42,31,35,18,103.79931972789116,19.108843537414963,13.408163265306122,1.387755102040816,278.88775510204084,208.31632653061226,155.24149659863946,51.64625850340136,6
321,Klay Thompson,Golden State Warriors,SG,207,304,79,161,484.6,10,10,600.0,39,101,372.5,2,26,28,26,17,9,22,2,57,261,235,233,54,504.7640625,27.6765625,6.4,32.9765625,693.125,608.725,586.7640625,36.4765625,10
322,Kobe Brown,LA Clippers,G,10,39,5,9,300.0,0,0,0.0,0,2,0.0,6,7,13,2,5,0,3,0,-18,25,23,12,15,21.00462962962963,15.060185185185185,1.7962962962962963,0.004629629629629629,41.574074074074076,37.0,17.893518518518515,24.541666666666668,6
323,Kobe Bufkin,Atlanta Hawks,G,56,149,24,66,338.9,1,3,50.0,7,32,193.3,3,21,24,25,13,7,7,4,-2,105,80,81,49,107.49716446124764,8.733459357277884,18.882797731569,4.122873345935727,137.2381852551985,123.46313799621927,122.5576559546314,26.330812854442346,10
324,Kobi Simmons,Toronto Raptors,G,20,67,9,21,183.4,0,0,0.0,2,8,100.0,1,6,7,12,5,6,1,2,-31,39,27,32,19,26.959999999999997,4.3376,22.665599999999998,1.1296,52.03039999999999,44.36959999999999,35.1776,26.446399999999997,4
325,Kris Dunn,Utah Jazz,G,57,220,23,57,422.1,5,7,130.0,6,21,200.0,9,24,33,34,26,9,8,5,-31,124,90,91,67,86.27777777777777,42.602846648301195,44.44444444444444,6.404499540863178,200.64830119375574,168.08264462809916,96.94444444444444,108.94628099173553,10
326,Kris Murray,Portland Trail Blazers,F,97,322,38,95,369.2,6,9,266.7,15,48,265.9,25,28,53,17,22,12,16,5,-75,167,150,114,70,315.7950648934466,23.0214709181221,18.319339849383113,19.461784970357314,434.21935587245633,442.09934305399776,313.7160711424451,35.539817336965235,10
327,Kristaps Porzingis,Boston Celtics,C,191,293,68,134,518.6,37,44,875.0,18,48,425.8,20,57,77,24,28,13,14,25,63,292,268,215,101,130.46745562130178,84.42677514792899,14.686390532544378,17.75147928994083,355.1693786982249,282.7965976331361,177.82840236686388,124.125,10
328,Kyle Anderson,Minnesota Timberwolves,SF,75,232,30,67,404.0,13,17,385.0,2,7,100.0,8,27,35,46,13,16,8,7,61,156,110,121,81,162.54109138724525,35.369493754109136,45.362590401051946,1.6002629848783696,480.8786982248521,303.28862590401053,286.301446416831,134.56180144641684,10
329,Kyle Kuzma,Washington Wizards,SF,218,366,85,181,489.6,37,47,775.0,11,43,218.6,3,70,73,51,24,7,36,7,-27,342,291,269,124,513.3879277201077,57.532103037293346,59.63667820069204,16.7439446366782,740.9957708573625,549.878123798539,709.8965782391388,111.77777777777777,10
330,Kyle Lowry,Philadelphia 76ers,PG,90,292,30,62,517.9,10,14,400.0,20,43,501.7,3,20,23,39,25,6,12,5,7,152,113,129,62,350.25222637173226,28.863257684573398,87.18155702384372,10.73542085607584,605.6093076702095,432.49324906636025,509.84113760413675,129.57196207986212,10
331,Kyrie Irving,Dallas Mavericks,PG,266,376,97,193,500.8,41,46,751.5,31,78,402.2,7,39,46,50,22,13,24,6,153,362,312,316,96,670.635391255395,53.59166823043723,83.15443798085944,7.18389941827735,600.841808969788,758.0863201351098,469.51322949896786,180.62375680240194,10
332,LaMelo Ball,Charlotte Hornets,PG,32,55,12,37,66.1,5,6,150.0,3,17,34.7,1,5,6,15,10,3,7,0,-49,53,38,47,21,2.0,2.0,0.5,0.5,4.5,8.0,0.5,0.5,2
333,Lamar Stevens,Memphis Grizzlies,PF,111,239,44,107,433.1,19,24,516.6,4,25,195.0,13,38,51,10,13,11,5,5,12,172,162,121,61,136.90362811791383,41.281179138321995,6.459183673469387,2.403628117913832,197.61451247165533,183.91043083900226,157.44444444444443,40.90362811791383,10
334,Landry Shamet,Washington Wizards,SG,55,184,20,55,273.1,7,7,300.0,8,35,104.1,4,10,14,8,12,4,9,2,-68,77,69,63,22,330.90000000000003,22.5,5.700000000000001,15.624999999999998,463.7,413.80000000000007,373.0,35.99999999999999,10
335,Larry Nance Jr.,New Orleans Pelicans,PF,61,233,24,47,525.8,9,11,416.7,4,11,183.3,19,28,47,25,20,10,7,1,4,133,108,86,72,72.9000657462196,70.78402366863905,46.54109138724523,4.402366863905326,350.5,230.2975016436555,164.4378698224852,145.98980933596317,10
336,Lauri Markkanen,Utah Jazz,PF,223,347,68,170,401.2,57,60,956.7,30,80,363.3,20,49,69,26,14,11,18,4,-42,318,292,249,95,334.8261504747991,129.06135865595326,45.68298027757487,34.00730460189919,657.4915997078159,517.5704894083273,451.0029218407597,198.48867786705623,10
337,LeBron James,Los Angeles Lakers,SF,255,349,95,161,596.3,48,63,776.1,17,36,366.6,6,68,74,92,7,8,40,3,107,421,329,347,166,407.5711662075298,74.82460973370064,49.60009182736456,64.82736455463727,405.2750229568411,401.33057851239676,399.12809917355366,136.81221303948578,10
338,Leaky Black,Charlotte Hornets,F,31,166,10,27,332.1,7,10,275.0,4,10,150.0,5,22,27,14,13,2,3,4,-26,72,58,45,41,89.8,38.11111111111111,9.511111111111111,8.444444444444445,135.64444444444445,94.31111111111112,114.5111111111111,64.24444444444445,10
339,Leonard Miller,Minnesota Timberwolves,F,5,10,2,3,100.0,0,0,0.0,1,1,100.0,0,1,1,4,0,1,0,0,15,10,6,9,5,15.698961937716263,0.5017301038062284,3.9861591695501724,0.7923875432525951,32.01384083044982,21.051903114186853,26.826989619377166,4.321799307958478,2
340,Lester Quinones,Golden State Warriors,G,52,148,18,49,323.7,9,13,325.0,7,29,200.0,7,17,24,12,16,2,5,0,-30,88,76,64,36,235.40334993209598,27.215029425079223,14.817564508827525,10.217745586238117,361.88139429606156,373.39791760977823,233.72566772295158,32.193752829334535,10
341,Lindy Waters III,Oklahoma City Thunder,F,55,96,21,43,518.9,2,2,200.0,11,28,363.3,6,11,17,7,7,4,1,2,-27,79,72,62,24,173.9075175770687,22.985938345051377,10.454840454299621,11.8361276365603,301.10167658193615,227.75662520281236,225.0286641427799,55.66468361276365,10
342,Lonnie Walker IV,Brooklyn Nets,G,42,137,16,59,264.5,3,4,150.0,7,33,203.3,2,19,21,6,5,1,3,4,-56,69,63,48,27,190.29137892626423,39.068612163065275,8.710180441078192,9.0,442.877923813767,345.4094453107596,261.4172421474716,74.12140788594343,10
343,Luguentz Dort,Oklahoma City Thunder,G,118,301,37,93,376.1,27,35,680.0,17,54,300.3,6,29,35,15,21,10,15,5,-15,168,153,133,50,309.0102118579485,46.63755525072398,10.914951989026063,14.231824417009603,389.0833714372809,362.364121322969,333.2072854747752,60.074683737235176,10
344,Luka Doncic,Dallas Mavericks,PG,313,380,105,229,461.3,55,72,772.0,48,117,405.3,9,99,108,103,23,14,46,5,120,524,421,416,211,619.0793950850662,23.323251417769384,86.43877336693971,51.16530140726738,504.5150178533921,667.7485822306238,473.86095358118047,91.74690191136312,10
345,Luka Garza,Minnesota Timberwolves,C,61,70,23,45,310.8,8,11,266.7,7,21,233.3,10,6,16,2,9,3,3,1,4,79,77,63,18,173.18074074074076,23.878518518518522,1.6296296296296295,4.46962962962963,290.55851851851855,265.24,196.3807407407407,27.626666666666665,6
346,Luka Samanic,Utah Jazz,F,61,157,21,59,278.8,13,17,471.4,6,25,236.6,7,34,41,9,9,1,5,4,-67,111,102,70,50,336.01234567901236,117.70123456790124,11.864197530864196,3.511111111111112,950.7777777777778,783.8271604938273,449.041975308642,183.48641975308644,10
347,Luke Kennard,Memphis Grizzlies,SG,118,282,40,88,429.0,9,9,500.0,29,64,450.4,2,28,30,53,7,6,24,1,-63,201,148,171,83,483.43673469387755,10.073469387755102,60.68979591836735,26.90204081632653,676.3306122448979,492.7755102040816,657.4081632653061,80.34693877551021,10
348,Luke Kornet,Boston Celtics,C,42,179,19,25,755.0,3,4,150.0,1,1,100.0,20,25,45,12,7,5,1,8,30,99,87,54,57,58.15625,154.5390625,21.603515625,0.947265625,405.025390625,305.8515625,105.306640625,228.166015625,10
349,M. Pereira,Memphis Grizzlies,F,44,120,16,33,255.6,7,10,225.0,5,13,150.0,10,26,36,2,10,6,5,4,7,82,80,46,38,219.9183673469388,93.48244897959184,1.3991836734693877,5.019591836734694,584.1681632653061,555.2048979591837,233.3012244897959,110.46204081632652,6
350,M. Williams,Toronto Raptors,C,6,50,3,15,37.5,0,2,0.0,0,3,0.0,6,10,16,1,6,1,1,3,-25,23,22,7,17,28.320000000000004,40.080000000000005,0.6800000000000002,0.0,126.12000000000002,128.72,25.480000000000004,41.0,3
351,Malachi Flynn,Detroit Pistons,PG,136,213,48,104,414.0,21,29,491.7,19,53,348.5,6,23,29,31,14,11,16,2,-58,196,165,167,60,1956.3392299687828,35.890738813735695,50.0171696149844,23.66545265348595,2610.710197710718,2378.3485952133196,2181.0098855359,93.59885535900104,10
352,Malaki Branham,San Antonio Spurs,G,120,260,47,105,427.1,5,9,250.0,21,52,392.1,3,16,19,18,14,4,14,1,-1,157,139,138,37,540.094674556213,20.902366863905325,11.63182117028271,27.24852071005917,630.5657462195924,625.4940828402366,537.5489809335963,40.15154503616042,10
353,Malcolm Brogdon,Portland Trail Blazers,PG,102,218,37,83,266.20000000000005,17,19,433.3,11,30,202.89999999999998,7,22,29,40,13,4,17,2,4,171,131,142,69,100.0,28.833333333333336,7.333333333333334,6.833333333333334,113.5,66.83333333333334,151.33333333333331,31.5,6
354,Malik Beasley,Milwaukee Bucks,SG,107,304,37,101,366.0,7,7,300.0,26,79,323.9,2,24,26,12,20,5,6,2,-14,145,133,119,38,358.1128560993426,23.263696128560994,9.829072315558802,27.174945215485756,375.3853177501826,421.77830533235937,320.5,24.312636961285612,10
355,Malik Monk,Sacramento Kings,SG,157,272,57,138,394.0,31,33,730.0,12,58,166.1,6,27,33,44,31,6,17,2,13,234,190,201,77,653.7845804988663,24.25724363819602,14.982111363063742,11.617031997984379,877.3560090702948,822.5527840765936,694.3827160493827,53.44444444444444,10
356,Mamadi Diakite,New York Knicks,F,0,5,0,0,0.0,0,0,0.0,0,0,0.0,0,1,1,0,1,1,0,0,0,1,1,0,1,0.0,0.4049586776859504,0.0,0.0,0.4049586776859504,0.4049586776859504,0.0,0.4049586776859504,1
357,MarJon Beauchamp,Milwaukee Bucks,F,30,42,10,16,350.0,7,8,175.0,3,7,200.0,2,9,11,1,4,1,3,0,-17,42,41,31,12,64.50666666666666,13.240000000000002,0.8933333333333334,2.0400000000000005,123.75999999999999,112.33333333333331,72.36000000000001,17.706666666666667,6
358,Marcus Morris Sr.,Cleveland Cavaliers,SF,62,157,23,50,517.6,5,8,250.0,11,25,383.3,4,18,22,10,11,2,10,2,-45,94,84,72,32,141.69596001665974,51.60599750104122,10.104123281965848,13.0,276.70803831736777,270.4539775093711,146.0,63.66014160766346,10
359,Marcus Sasser,Detroit Pistons,G,97,295,34,104,309.9,14,16,340.0,15,47,291.7,3,19,22,45,18,8,19,2,-110,164,119,142,67,418.4809775762157,11.617031997984379,35.1053162005543,10.64172335600907,564.0,382.2164273116654,594.0614764424288,52.925422020660115,10
360,Markelle Fultz,Orlando Magic,PG,81,215,36,81,425.8,6,6,300.0,3,7,166.7,16,14,30,25,22,8,12,4,22,136,111,106,55,424.7777777777778,36.17777777777778,36.50277777777778,4.169444444444444,716.625,634.911111111111,494.53611111111115,84.6361111111111,10
361,Markieff Morris,Dallas Mavericks,PF,5,11,2,3,150.0,0,0,0.0,1,2,50.0,0,2,2,0,0,0,0,0,4,7,7,5,2,1.6755555555555555,2.32,0.4355555555555556,0.5022222222222222,5.48,7.222222222222222,0.6799999999999997,2.008888888888889,2
362,Marques Bolden,Charlotte Hornets,C,15,53,7,9,266.7,1,2,50.0,0,0,0.0,4,13,17,0,5,1,1,1,-8,32,32,15,17,36.886426592797775,42.75623268698061,0.0,0.0,155.9916897506925,155.9916897506925,36.886426592797775,42.75623268698061,5
363,Marvin Bagley III,Washington Wizards,PF,134,238,58,89,623.5,12,13,600.0,6,8,450.0,23,49,72,8,11,5,10,9,3,214,206,142,80,341.85484830458057,93.62879238548483,15.875074360499699,4.5258774538964905,424.1273051754908,392.8102320047591,350.1939321832243,132.48185603807258,10
364,Mason Jones,Sacramento Kings,G,7,18,2,6,66.7,1,2,50.0,2,5,66.7,1,4,5,5,0,1,1,0,3,17,12,12,10,16.608888888888888,11.719999999999999,11.719999999999999,2.2222222222222223,55.275555555555556,24.22222222222223,24.22222222222223,46.879999999999995,2
365,Mason Plumlee,LA Clippers,C,37,100,12,21,425.0,13,16,400.0,0,1,0.0,8,22,30,6,14,2,5,3,12,73,67,43,36,86.13221329437546,26.56537618699781,6.689919649379109,0.0,180.24872169466767,159.4645726807889,98.6154127100073,41.556245434623804,10
366,Matisse Thybulle,Portland Trail Blazers,SG,67,209,25,53,398.9,5,7,200.0,12,31,335.0,7,24,31,20,14,17,12,7,-23,118,98,87,51,338.8434903047091,39.325484764542935,20.249307479224377,12.531855955678669,707.3573407202216,558.770083102493,458.20637119113564,88.79916897506926,10
367,Matt Ryan,New Orleans Pelicans,F,28,83,10,28,233.3,0,0,0.0,8,22,194.4,1,8,9,2,7,0,3,0,-12,39,37,30,11,216.4168975069252,18.62742382271468,1.613573407202216,19.696675900277008,366.33933518005534,351.0886426592798,229.7174515235457,22.191135734072024,10
368,Matthew Hurt,Memphis Grizzlies,F,32,110,12,33,215.9,3,3,200.0,5,19,233.4,9,7,16,4,8,3,2,3,-7,52,48,36,20,163.8343195266272,34.95857988165681,4.934911242603551,5.335798816568047,360.0,296.6272189349112,213.72781065088756,53.37278106508876,7
369,Max Christie,Los Angeles Lakers,G,39,115,15,31,519.4,3,4,150.0,6,14,250.0,3,17,20,7,4,2,4,1,17,66,59,46,27,154.58044444444445,37.44177777777778,8.136,6.464,406.1084444444444,315.1404444444444,216.84444444444443,74.28177777777778,10
370,Max Strus,Cleveland Cavaliers,SG,123,320,41,96,434.8,17,18,466.7,24,65,369.2,11,32,43,45,23,11,23,1,-40,211,166,168,88,238.1760977818017,90.85332729741965,68.99909461294703,16.552286102308738,454.91308284291534,278.7505658669081,330.56496152105024,243.62607514712542,10
371,Maxi Kleber,Dallas Mavericks,PF,48,188,15,30,495.0,9,12,225.0,9,20,400.0,11,20,31,16,18,7,7,6,96,95,79,64,47,124.0,35.54989089466376,16.400317397341798,7.230113072803015,285.5102162269391,232.02876413410036,180.71017655227138,48.7214838325729,10
372,Maxwell Lewis,Los Angeles Lakers,F,2,11,1,5,25.0,0,0,0.0,0,2,0.0,1,0,1,2,0,0,0,0,-15,5,3,4,3,2.870076957899502,0.8442734268899954,3.1090991398823,0.0,7.118605703938433,6.808963331824354,3.9438660027161614,3.1892258940697147,2
373,Micah Potter,Utah Jazz,C,33,136,11,27,300.0,6,6,400.0,5,14,250.0,8,20,28,5,7,4,4,4,-3,66,61,38,33,123.0,16.555371900826447,8.639669421487604,6.500826446280991,203.6892561983471,156.6099173553719,157.3487603305785,37.925619834710744,10
374,Michael Porter Jr.,Denver Nuggets,SF,166,319,65,136,485.3,11,13,516.7,25,65,409.7,12,62,74,15,16,7,12,3,66,255,240,181,89,326.09074042840274,121.70349131388092,20.652217911958168,6.9052116714454375,412.07640411536516,439.88598414572436,277.1720357564513,163.46483386743128,10
375,Mikal Bridges,Brooklyn Nets,SF,169,344,62,140,450.3,8,9,366.7,37,88,446.3,9,28,37,37,11,13,18,3,-24,243,206,206,74,251.69421487603307,45.4317760161916,14.158711418451677,22.702479338842977,307.350480688143,312.58289762185865,274.82104908078935,31.23123629617136,10
376,Mike Conley,Minnesota Timberwolves,PG,140,286,46,97,450.0,20,22,716.7,28,58,460.7,4,17,21,58,22,18,22,2,30,219,161,198,79,319.01972242512784,31.674945215485756,28.85208181154127,28.759678597516434,495.6628926223521,374.0299488677867,443.427684441198,57.75200876552228,10
377,Mike Muscala,Oklahoma City Thunder,C,20,90,8,27,296.7,1,3,50.0,3,17,100.0,6,10,16,6,4,3,1,2,11,42,36,26,22,54.61374154503382,14.229975080099683,7.795656817372731,4.269490922036312,149.54574581701675,109.25097899608402,79.48451406194376,37.4496262014952,10
378,Miles Bridges,Charlotte Hornets,SF,214,396,83,171,484.1,26,32,654.7,22,68,292.3,12,55,67,34,14,7,20,5,-95,315,281,248,101,350.756199166832,52.387819877008525,39.6004760960127,37.60285657607618,549.5383852410235,452.55088276135683,399.8488395159691,139.88315810355087,10
379,Miles McBride,New York Knicks,PG,161,382,57,124,448.7,13,14,550.0,34,81,392.9,11,22,33,30,29,12,7,1,63,224,194,191,63,604.8271604938271,31.459686023472035,28.121322969059598,59.42173449169334,899.0260631001372,701.6887669562566,788.7646700198139,72.98079561042526,10
380,Mitchell Robinson,New York Knicks,C,23,107,8,20,183.3,7,19,216.6,0,0,0.0,20,14,34,3,11,4,4,6,-10,60,57,26,37,69.12345679012346,96.44444444444444,3.717421124828532,0.0,245.9931412894376,235.41975308641975,70.98079561042523,108.87791495198903,7
381,Mo Bamba,Philadelphia 76ers,C,74,201,27,52,491.09999999999997,11,15,425.0,9,24,323.3,16,50,66,10,28,8,8,16,-16,150,140,84,76,160.784169550173,45.625,12.008650519031141,5.27681660899654,285.3702422145328,272.659169550173,189.99524221453288,41.13365051903114,10
382,Monte Morris,Minnesota Timberwolves,PG,55,159,19,43,400.8,6,8,200.0,11,24,360.0,2,21,23,18,7,8,2,4,68,96,78,73,41,144.5164353542732,18.906135865595328,24.055880204528854,9.097516435354272,329.67275383491597,214.85208181154127,254.3991964937911,47.899926953981,10
383,Moritz Wagner,Orlando Magic,C,94,152,36,60,660.1,16,19,650.0,6,14,316.7,14,22,36,13,17,6,11,0,48,143,130,107,49,188.5326530612245,55.3,42.199999999999996,6.4326530612244905,295.2040816326531,270.8897959183673,193.0469387755102,117.30000000000001,10
384,Moses Brown,Portland Trail Blazers,C,34,79,14,27,393.3,6,21,140.8,0,0,0.0,12,11,23,4,10,1,4,4,-13,61,57,38,27,72.4297520661157,26.09274563820018,6.001836547291092,0.0,148.32966023875116,119.15059687786959,88.51423324150598,45.18916437098255,8
385,Moses Moody,Golden State Warriors,SG,91,188,31,65,534.4,12,14,516.7,17,36,480.0,8,20,28,14,20,5,4,1,19,133,119,105,42,137.44444444444443,38.02352446964923,11.56983826927116,19.66540642722117,339.34992648603236,257.76748582230624,196.01911363159002,72.60113421550093,10
386,Mouhamadou Gueye,Toronto Raptors,F,23,89,10,30,326.2,3,8,125.0,0,3,0.0,10,7,17,4,9,2,11,12,-74,44,40,27,21,13.915918367346938,24.04326530612245,4.014693877551021,0.0,56.93877551020408,44.414693877551024,29.177959183673465,25.32,8
387,Moussa Diabate,LA Clippers,F,2,7,1,1,100.0,0,2,0.0,0,0,0.0,1,3,4,0,0,1,0,1,1,6,6,2,4,0.0,0.0,0.0,0.0,0.0,0.0,0.0,0.0,1
388,Myles Turner,Indiana Pacers,C,149,244,51,106,484.7,26,36,716.7,21,51,411.3,8,54,62,12,28,3,10,22,50,223,211,161,74,312.2509422733585,85.79051775441381,17.615552469748067,15.868875223170008,525.8204721285459,528.039476294386,308.7230708192819,104.71493751239834,10
389,Naji Marshall,New Orleans Pelicans,SF,61,208,25,55,414.5,3,4,200.0,8,22,332.1,4,35,39,17,15,9,7,1,40,117,100,78,56,184.09678597516435,54.979547114682255,10.149379108838568,13.642074506939373,433.1694667640613,382.6592403214025,225.33235938641343,74.4035792549306,10
390,Nassir Little,Phoenix Suns,SF,18,64,7,18,258.3,0,0,0.0,4,11,250.0,0,11,11,5,7,0,1,2,-9,34,29,23,16,38.97469008264463,14.135847107438016,4.65650826446281,2.2474173553719012,68.09039256198348,58.163223140495866,47.0,20.694214876033055,7
391,Nate Hinton,Houston Rockets,G,12,22,4,7,110.0,2,3,66.7,2,3,66.7,1,5,6,3,4,1,1,2,10,21,18,15,9,79.67474048442907,3.0519031141868513,3.4083044982698962,3.3564013840830444,147.76816608996543,106.85121107266434,114.63321799307958,12.41868512110727,2
392,Nathan Mensah,Charlotte Hornets,C,4,59,2,5,66.7,0,0,0.0,0,0,0.0,4,6,10,1,13,2,1,4,-17,15,14,5,11,13.75,9.9375,0.859375,0.0,41.359375,44.4375,13.484375,7.984375,7
393,Naz Reid,Minnesota Timberwolves,C,170,285,64,136,442.9,12,17,608.3,30,68,423.3,7,64,71,19,23,13,22,11,17,260,241,189,90,717.226108033241,125.56509695290859,18.922437673130194,49.663781163434905,1109.71364265928,1101.7454986149585,745.2385734072022,124.4432132963989,10
394,Neemias Queta,Boston Celtics,C,39,80,19,26,443.4,1,2,100.0,0,0,0.0,12,17,29,4,8,3,4,6,63,72,68,43,33,78.9375,55.24609375,2.12109375,0.0,228.734375,238.96484375,76.33984375,49.734375,7
395,Nic Claxton,Brooklyn Nets,C,108,309,47,73,667.4,14,32,471.7,0,0,0.0,32,73,105,19,22,9,17,17,-9,232,213,127,124,268.3208857196472,97.44999061737661,11.139613435916683,0.0,405.7324075811597,422.1157815725277,249.8917245261775,110.635391255395,10
396,Nick Jr. Smith,Charlotte Hornets,G,45,161,15,58,283.3,7,8,87.5,8,30,200.0,2,13,15,18,16,3,6,0,-3,78,60,63,33,190.7537347215935,17.925305568130376,26.60570393843368,12.017202354006338,350.03893164327746,234.96333182435492,278.17519239474876,72.18515165233137,10
397,Nick Richards,Charlotte Hornets,C,89,256,37,54,690.5,15,17,475.0,0,0,0.0,20,62,82,7,22,4,9,4,-38,178,171,96,89,119.70849080372889,207.6487780297304,8.121189216427311,0.0,277.1655328798186,305.3381204333585,110.27160493827162,197.0342655580751,10
398,Nickeil Alexander-Walker,Minnesota Timberwolves,SG,105,220,38,78,482.2,6,8,250.0,23,50,477.3,2,17,19,20,16,5,9,3,88,144,124,125,39,376.95945739978663,23.35086114921506,27.281816796220088,17.075598231976834,712.4444444444443,490.2036274958085,571.6553878981863,78.1775643956714,10
399,Nicolas Batum,Philadelphia 76ers,PF,63,286,23,50,375.4,0,0,0.0,17,41,327.9,10,35,45,21,9,8,9,4,26,129,108,84,66,327.08527620247844,34.61814744801512,37.572988867884895,29.14450745641672,477.7595043058181,441.5156479731149,348.8930896870406,86.62717916404117,10
400,Nikola Jokic,Denver Nuggets,C,299,365,118,210,560.9,49,61,824.9,14,36,415.9,24,114,138,86,21,15,34,6,140,523,437,385,224,451.52970679012344,90.91975308641975,136.60069444444443,11.011188271604938,664.8456790123458,720.7982253086418,340.7530864197531,282.3445216049383,10
401,Nikola Jovic,Miami Heat,F,111,231,39,78,505.9,13,14,550.0,20,49,412.7,4,37,41,22,15,7,8,2,58,174,152,133,63,312.9150765923139,75.2311206664875,34.30529427573233,12.386992743886054,493.3996237570544,524.0376242945445,261.7105616769685,130.10292932007525,10
402,Nikola Vucevic,Chicago Bulls,C,148,326,61,127,472.4,15,20,410.7,11,35,335.0,23,76,99,38,20,4,13,10,-72,285,247,186,137,444.15093734978365,200.63435346899536,33.81733696522993,7.063451369972761,534.2722320141003,515.8722961063932,440.87293702932226,256.12962666239383,10
403,Noah Clowney,Brooklyn Nets,F,69,184,25,49,417.2,11,19,296.4,8,18,250.0,14,37,51,7,16,6,5,7,-3,127,120,76,58,478.2310649750097,105.0,6.461745482506728,9.969242599000385,889.4913494809688,889.0349865436369,477.9031141868512,112.24605920799692,10
404,Norman Powell,LA Clippers,G,149,287,51,106,499.3,24,28,535.7,23,50,438.0,3,20,23,11,16,5,7,1,66,183,172,160,34,171.86887522317,18.189049791707994,6.9944455465185476,14.164451497718707,138.62824836341997,165.24538781987698,143.66831977782186,26.766911327117636,10
405,O.G. Anunoby,New York Knicks,SF,123,296,50,106,400.8,9,14,243.3,14,43,255.0,5,29,34,15,21,22,17,8,131,172,157,138,49,628.640625,55.22395833333333,10.25,17.307291666666668,526.9166666666665,515.6666666666667,638.515625,66.84895833333333,9
406,Obi Toppin,Indiana Pacers,PF,117,189,47,70,716.8,5,6,350.0,18,34,544.5,10,32,42,13,18,7,8,7,37,172,159,130,55,308.68595041322317,52.301905886321485,8.125653567212009,14.244897959183673,572.6581210996794,528.5675493337831,352.24489795918373,60.95918367346938,10
407,Ochai Agbaji,Toronto Raptors,G,79,287,32,78,362.8,10,19,325.0,5,27,153.3,23,27,50,17,22,10,15,7,-47,146,129,96,67,201.92499999999998,68.1361111111111,26.43611111111111,4.525,475.1361111111111,370.94444444444446,261.2444444444444,139.44444444444443,10
408,Olivier Sarr,Oklahoma City Thunder,C,11,22,4,7,125.0,3,5,116.7,0,1,0.0,4,4,8,0,3,0,1,1,-14,19,19,11,8,34.92,6.920000000000002,0.0,0.0,59.68000000000001,59.68000000000001,34.92,6.920000000000002,3
409,OlivierMaxence Prosper,Dallas Mavericks,F,10,36,3,6,150.0,4,7,57.1,0,2,0.0,2,6,8,0,1,1,1,1,-14,18,18,10,8,30.79773156899811,13.111531190926279,0.12098298676748581,0.030245746691871453,79.59924385633272,83.44045368620037,28.52930056710775,11.659735349716444,4
410,Omer Yurtseven,Utah Jazz,C,96,197,44,71,565.8,7,9,400.0,1,5,50.0,26,35,61,11,13,4,10,7,-49,168,157,107,72,346.60012755102036,80.51275510204081,13.15625,0.9005102040816326,779.9719387755104,669.3603316326531,431.1224489795918,119.75829081632651,10
411,Onuralp Bitim,Chicago Bulls,SF,54,158,24,48,504.4,0,0,0.0,6,21,166.7,5,12,17,9,14,2,3,1,-38,80,71,63,26,280.98091910776674,52.01585595270088,5.3472184896533195,7.2324643912926625,540.2972319269014,501.9852190271432,304.04165546896,72.61435098091911,10
412,Onyeka Okongwu,Atlanta Hawks,PF,147,296,61,89,703.8000000000001,16,22,492.9,9,19,466.6,32,44,76,11,28,7,5,15,4,234,223,158,87,308.4240362811791,185.95918367346937,9.244897959183675,5.6893424036281175,807.5192743764171,822.7913832199548,307.3560090702948,181.0,10
413,Orlando Robinson,Miami Heat,C,13,59,4,11,108.3,4,5,175.0,1,2,100.0,8,9,17,5,4,1,3,0,4,35,30,18,22,52.479708636836634,25.118626430801253,2.854318418314256,0.841831425598335,98.86888657648284,82.36628511966701,70.22060353798128,26.734651404786682,6
414,Oscar Tshiebwe,Indiana Pacers,C,3,5,1,3,33.3,1,2,50.0,0,0,0.0,2,0,2,0,1,0,0,1,8,5,5,3,2,0.25,0.0,0.0,0.0,0.25,0.25,0.25,0.0,1
415,Oshae Brissett,Boston Celtics,SF,36,148,12,27,427.6,9,16,233.3,3,10,250.0,14,15,29,10,11,1,4,1,48,75,65,46,39,62.98979591836735,20.100127551020407,6.079719387755103,2.1103316326530615,85.1045918367347,95.97257653061224,61.5031887755102,16.7984693877551,10
416,Ousmane Dieng,Oklahoma City Thunder,F,28,90,10,25,324.4,4,4,200.0,4,14,220.0,1,7,8,14,3,3,6,3,16,50,36,42,22,122.49704142011836,6.0,21.124260355029588,4.295857988165681,242.1183431952663,164.49704142011836,196.11834319526628,31.124260355029584,8
417,P.J. Tucker,LA Clippers,PF,22,173,8,23,233.3,0,0,0.0,6,15,383.4,8,21,29,7,16,5,4,4,-22,58,51,29,36,66.21234567901234,44.97530864197531,4.3086419753086425,4.444444444444445,157.94567901234566,132.24444444444444,81.19753086419753,60.0,10
418,P.J. Washington,Dallas Mavericks,PF,141,344,51,117,403.8,13,21,560.0,26,68,368.6,12,60,72,19,25,15,11,11,86,232,213,160,91,689.9450408588368,98.96106393206217,9.547348181381189,31.849703573145327,798.067296907547,754.7282486780964,713.9339849383111,127.85851626341933,10
419,Paolo Banchero,Orlando Magic,PF,217,357,76,186,409.3,53,65,748.9,12,60,202.1,7,66,73,57,17,5,35,9,3,347,290,274,130,388.1885813148789,31.166089965397926,56.21842560553633,4.685121107266435,490.68901384083046,397.81487889273353,434.8118512110726,133.63538062283737,10
420,Pascal Siakam,Indiana Pacers,PF,224,306,89,166,536.3,40,55,647.5,6,17,366.6,25,63,88,32,25,4,16,3,51,344,312,256,120,466.41322314049586,113.63568898633834,30.620678023275428,2.721200877045033,764.8989711587113,691.6923595884634,467.2015516950582,216.67465002529937,10
421,Pat Connaughton,Milwaukee Bucks,SG,57,242,20,61,378.59999999999997,8,10,250.0,9,41,222.2,8,22,30,38,17,7,7,3,12,125,87,95,68,152.21597633136096,56.02629848783695,80.21564760026297,8.912886259040103,448.4171597633137,314.35272846811307,225.23241288625906,197.28994082840237,10
422,Patrick Baldwin Jr.,Washington Wizards,F,58,180,21,56,335.5,8,12,335.0,8,38,150.4,7,34,41,10,26,9,7,7,-14,109,99,68,51,369.26863905325445,100.68994082840237,20.002366863905326,13.637869822485207,970.7751479289941,781.3763313609468,504.79763313609476,174.5621301775148,10
423,Patrick Beverley,Milwaukee Bucks,PG,65,220,22,57,288.2,11,13,416.7,10,33,240.0,5,29,34,26,15,4,3,6,19,125,99,91,60,453.40000000000003,72.86944444444444,24.869444444444447,16.1,875.4,751.5694444444445,540.9694444444444,134.0,10
424,Patrick Williams,Chicago Bulls,PF,6,24,2,9,22.2,2,2,100.0,0,5,0.0,0,6,6,2,5,0,2,2,-11,14,12,8,8,0.0,0.0,0.0,0.0,0.0,0.0,0.0,0.0,1
425,Patty Mills,Miami Heat,PG,56,180,20,66,264.7,9,9,300.0,7,43,137.5,4,8,12,19,12,11,7,0,57,87,68,75,31,258.5462412114657,9.835586803677664,15.408869659275283,6.145484045429962,284.7663601946998,255.61060032449973,278.6095186587345,34.336938885884265,10
426,Paul George,LA Clippers,F,241,346,81,167,480.90000000000003,47,49,775.0,32,67,455.8,6,47,53,31,27,12,26,5,14,325,294,272,84,855.7571490782407,101.0,35.78560023225432,37.64232834954275,1631.371316591668,1277.9137755842648,1123.6002322543186,222.40005806357962,10
427,Paul Reed,Philadelphia 76ers,SF,86,213,36,61,629.3,12,16,433.3,2,4,150.0,22,44,66,16,23,13,13,14,77,168,152,102,82,66.47408912759471,53.47394396864566,38.4047031499492,1.6794890404993468,261.82319640005807,175.76310059515168,115.87632457541008,128.53650747568588,10
428,Payton Pritchard,Boston Celtics,PG,121,275,48,101,441.0,8,11,350.0,17,53,247.7,6,21,27,52,16,8,8,0,70,200,148,173,79,453.09908050290863,15.56070557327829,88.84743854381685,27.0,849.0808782135485,470.18127228373055,809.1546256333271,127.25220491649465,10
429,Peyton Watson,Denver Nuggets,F,58,195,23,52,378.0,11,15,600.0,1,12,33.3,11,37,48,14,20,3,7,17,-3,120,106,72,62,141.75147928994082,74.6301775147929,15.362590401051941,1.1863905325443789,416.51939513477976,307.5177514792899,195.95036160420776,144.79552925706773,10
430,Precious Achiuwa,New York Knicks,PF,53,183,22,42,386.5,8,15,200.0,1,6,100.0,23,40,63,9,22,4,8,8,-56,125,116,62,72,367.03332799230895,212.94552155103352,14.851626341932384,0.9807723121294665,1162.5388559525718,1001.3940073706137,485.2683864765262,270.7069379907066,10
431,Quentin Grimes,Detroit Pistons,SG,82,213,26,80,296.2,19,24,525.0,11,50,200.0,2,27,29,19,13,7,9,4,-12,130,111,101,48,312.44628099173553,35.19834710743802,14.900826446280991,10.900826446280991,442.06611570247935,483.0495867768595,277.6942148760331,43.86776859504132,10
432,R. Rupert,Portland Trail Blazers,G,63,291,22,65,399.4,6,7,350.0,13,32,261.6,5,32,37,28,31,6,14,3,-61,128,100,91,65,77.37641723356009,40.78029730410683,27.918367346938776,17.790123456790123,137.3524817334341,102.48626858150665,90.45124716553286,90.49004787100024,10
433,RJ Barrett,Toronto Raptors,SG,235,337,92,170,544.8,35,55,611.7,16,38,366.7,10,45,55,48,23,6,32,5,-62,338,290,283,103,118.10000000000001,47.34444444444444,50.144444444444446,19.511111111111113,326.5,166.04444444444445,255.04444444444445,121.0,10
434,Reggie Bullock,Houston Rockets,SF,29,120,10,21,366.6,0,0,0.0,9,18,433.3,3,21,24,2,12,4,1,3,-29,55,53,31,26,110.335449315612,46.42293195794485,1.6155524697480659,9.057131521523509,256.0001983733386,239.92124578456657,128.05217218805794,46.40071414401904,10
435,Reggie Jackson,Denver Nuggets,PG,127,251,44,108,407.09999999999997,22,26,622.7,17,42,396.0,9,11,20,47,21,7,15,3,9,194,147,174,67,386.2343852728468,32.72485207100591,57.982248520710066,19.639053254437872,597.0795529257068,467.01446416831027,498.94444444444446,108.06213017751482,10
436,Richaun Holmes,Washington Wizards,F,88,241,35,62,516.4,18,21,591.7,0,2,0.0,31,52,83,9,31,7,8,8,-2,180,171,97,92,289.8569488456315,267.74694431869625,7.027161611588955,0.004526935264825713,982.0,910.5165233137166,326.7682209144409,309.3463105477592,10
437,Ricky IV Council,Philadelphia 76ers,G,51,100,16,38,394.9,13,19,408.3,6,14,333.3,2,5,7,9,8,6,1,1,22,67,58,60,16,139.3,8.404,8.904,4.436,253.65599999999998,185.824,201.92399999999998,22.516,10
438,Robin Lopez,Milwaukee Bucks,C,6,23,3,9,37.5,0,0,0.0,0,2,0.0,1,0,1,1,3,1,0,2,-16,8,7,7,2,21.92,0.52,0.6800000000000002,0.0,24.48,29.0,18.28,0.32000000000000006,2
439,Royce O'Neale,Phoenix Suns,PF,72,210,27,58,419.7,2,2,100.0,16,41,341.7,6,43,49,17,12,6,8,6,33,138,121,89,66,296.19905502210025,65.50358177107148,14.61042524005487,27.234567901234566,607.8820301783265,492.1111111111111,375.68007925621095,116.40390184423106,10
440,Rudy Gobert,Minnesota Timberwolves,C,141,347,54,80,668.3000000000001,33,57,513.0,0,0,0.0,39,91,130,20,33,7,18,20,54,291,271,161,150,271.556640625,88.00244140625,14.625,0.0,537.30712890625,461.47900390625,315.462890625,134.54931640625,10
441,Rui Hachimura,Los Angeles Lakers,PF,181,320,71,126,568.3,18,23,550.0,21,45,416.1,13,59,72,15,15,2,4,8,44,268,253,196,87,610.3206216952411,175.36228168562732,18.836885114564975,37.8934465630508,1129.7567697484378,1054.410030443839,655.7753565133793,224.09117128665275,10
442,Russell Westbrook,LA Clippers,PG,115,217,44,93,483.3,22,27,691.7,5,16,216.7,13,36,49,51,17,9,25,2,51,215,164,166,100,244.75720897116412,156.47739409042364,143.751156995372,6.500889996440013,1067.941972232111,534.3161267354931,495.79565681737273,582.8159487362052,10
443,Ryan Arcidiacono,New York Knicks,G,0,5,0,1,0.0,0,0,0.0,0,1,0.0,0,0,0,0,1,1,0,0,3,0,0,0,0,0.0,0.0625,0.0,0.0,0.0625,0.0625,0.0,0.0625,1
444,Saben Lee,Phoenix Suns,G,35,98,9,28,194.29999999999998,15,20,416.7,2,9,83.3,3,15,18,17,6,4,2,0,11,70,53,52,35,198.02040816326533,29.877551020408156,10.510204081632654,1.591836734693878,389.795918367347,362.0,214.32653061224488,51.87755102040817,8
445,Saddiq Bey,Atlanta Hawks,SF,146,337,48,125,372.4,31,35,800.0,19,59,298.4,29,32,61,14,7,4,10,4,-23,221,207,160,75,398.90000000000003,67.125,9.625,14.9,439.4000000000001,478.32500000000005,362.225,74.5,10
446,Sam Hauser,Boston Celtics,SF,110,257,40,95,456.9,0,0,0.0,30,75,421.8,6,34,40,14,14,10,4,2,43,164,150,124,54,525.2402366863905,27.04378698224852,15.084023668639054,47.04378698224852,514.4023668639053,572.6059171597633,467.3467455621302,41.817751479289946,10
447,Sam Merrill,Cleveland Cavaliers,SG,76,196,23,65,254.6,7,8,466.7,23,62,263.4,3,17,20,22,13,2,3,0,-18,118,96,98,42,465.34693877551024,22.06071850227694,33.782425366840954,50.23359757125991,777.9591836734694,642.2536684095126,575.2629448473605,81.63265306122449,10
448,Samardo Samuels,Houston Rockets,F,0,6,0,1,0.0,0,0,0.0,0,0,0.0,1,1,2,0,0,0,0,0,-5,2,2,0,2,1.7777777777777777,1.7777777777777781,0.0,0.0,0.0,0.0,1.7777777777777777,1.7777777777777781,1
449,Sandro Mamukelashvili,San Antonio Spurs,PF,77,170,31,55,502.6,10,11,400.0,5,15,166.6,23,36,59,17,12,3,5,3,61,153,136,94,76,210.4016620498615,224.62742382271466,17.1994459833795,4.506925207756233,798.5498614958449,656.5498614958449,262.95290858725764,331.27562326869804,10
450,Santi Aldama,Memphis Grizzlies,PF,116,316,42,90,459.2,13,20,450.0,19,52,309.5,11,56,67,23,14,10,7,16,-91,206,183,139,90,464.97257653061223,94.125,18.288903061224488,31.887755102040817,898.1326530612246,764.936862244898,555.9005102040816,154.68176020408163,10
451,Sasha Vezenkov,Sacramento Kings,F,33,70,10,26,173.9,5,5,200.0,8,19,226.2,0,8,8,5,9,4,1,0,25,46,41,38,13,56.38775510204081,3.3469387755102042,2.918367346938775,7.82312925170068,100.53061224489797,70.34693877551021,83.83673469387755,9.0,6
452,Scoot Henderson,Portland Trail Blazers,G,184,340,70,163,427.1,23,27,760.0,21,58,370.0,7,28,35,81,34,13,53,1,-146,300,219,265,116,179.3998874085195,42.53799962469506,122.792081065866,11.510790016888722,454.56370801276023,199.0465378119722,444.2527678738976,155.9943704259711,10
453,Scottie Barnes,Toronto Raptors,SF,179,333,70,155,460.1,33,39,674.9,6,36,159.89999999999998,28,63,91,75,18,13,31,14,21,345,270,254,166,391.6640625,102.8515625,85.6640625,4.8515625,827.2890625,587.40625,576.65625,243.40625,10
454,Scotty Pippen Jr.,Memphis Grizzlies,G,126,254,46,96,452.59999999999997,22,29,535.7,12,35,325.0,9,19,28,43,27,22,31,6,-66,197,154,169,71,412.5173611111111,29.68402777777777,60.18402777777778,12.26736111111111,630.15625,506.40277777777777,504.90277777777777,121.23611111111111,10
455,Seth Curry,Charlotte Hornets,SG,81,181,29,67,372.5,14,15,566.7,9,31,256.6,4,15,19,17,7,5,7,3,-33,117,100,98,36,233.0,12.900826446280993,16.140495867768593,4.900826446280991,334.3388429752066,276.08264462809916,269.8677685950413,50.429752066115704,10
456,Shai Gilgeous-Alexander,Oklahoma City Thunder,PG,253,343,90,184,490.2,58,74,793.3,15,44,330.7,10,45,55,51,24,19,27,6,43,359,308,304,106,590.2052939365959,76.51923668821175,45.414896891351184,16.77777777777778,1038.7451523545706,868.2025238534934,752.3373345644815,130.34472145275467,10
457,Shake Milton,New York Knicks,SG,49,126,21,46,431.1,2,3,66.7,5,12,250.0,9,19,28,15,12,4,5,2,-6,92,77,64,43,168.13609467455623,82.63017751479289,18.28994082840237,8.869822485207102,562.7485207100592,440.9378698224852,242.85207100591717,148.0147928994083,10
458,Sidy Cissoko,San Antonio Spurs,G,10,32,4,7,66.7,2,2,100.0,0,2,0.0,2,2,4,2,4,1,1,1,-2,16,14,12,6,75.00000000000001,5.416666666666666,3.0000000000000004,0.0,159.41666666666666,118.75,108.0,16.083333333333332,3
459,Simone Fontecchio,Detroit Pistons,F,158,307,55,116,455.5,19,21,616.7,29,65,413.2,8,41,49,16,20,10,13,5,5,223,207,174,65,506.0,36.90963139120095,14.430439952437576,30.11296076099881,589.4708680142687,547.3923900118907,538.8442330558859,60.574316290130795,10
460,Skylar Mays,Los Angeles Lakers,SG,8,34,4,10,170.0,0,0,0.0,0,3,0.0,0,1,1,3,2,3,2,1,-3,12,9,11,4,15.923182441700959,0.7914951989026062,3.2194787379972563,0.0,15.717421124828533,17.861454046639235,15.0,2.7901234567901234,4
461,Spencer Dinwiddie,Los Angeles Lakers,PG,101,271,28,63,388.2,27,30,638.9,18,42,401.7,3,25,28,23,22,7,14,8,16,152,129,124,51,557.5022769438355,39.39180300219261,49.508686119075726,14.53938269522685,955.1850227694385,729.920559959521,775.2794737729802,96.38775510204081,10
462,Stanley Umude,Detroit Pistons,G,49,150,16,39,260.4,8,9,366.7,9,25,243.3,5,16,21,3,15,4,4,2,-32,73,70,52,24,177.08,44.0,1.9200000000000002,10.88,278.68,272.78,180.88,48.02,8
463,Stephen Curry,Golden State Warriors,PG,239,326,82,183,471.6,31,33,758.3,44,104,458.4,5,44,49,62,13,4,20,4,88,350,288,301,111,405.0,89.15516950581886,45.75307809074042,24.740091077753412,384.24287400910777,450.44088379153317,339.8959352335976,133.81430258053635,10
464,Svi Mykhailiuk,Boston Celtics,SG,53,138,19,40,647.1,1,1,100.0,14,32,533.3,3,16,19,14,3,3,2,0,60,86,72,67,33,55.52399999999999,26.263999999999996,8.884,7.3,193.344,141.7,95.816,46.5,10
465,T. Vukcevic,Washington Wizards,PF,66,121,24,54,258.2,10,13,350.0,8,28,186.7,6,25,31,12,23,3,6,5,19,109,97,78,43,265.57407407407413,53.35185185185185,13.375,6.671296296296296,598.875,483.0,336.4490740740741,111.72685185185185,6
466,T.J. McConnell,Indiana Pacers,PG,144,202,67,118,571.6,6,7,400.0,4,8,350.0,5,20,25,61,13,4,17,1,43,230,169,205,86,169.06062819576331,18.68261504747991,41.538714390065735,2.421110299488678,238.86194302410522,146.47078159240323,230.2925493060628,91.38056975894813,10
467,T.J. Warren,Minnesota Timberwolves,SF,37,119,16,39,361.2,3,4,150.0,2,13,83.3,5,16,21,7,11,3,4,1,45,65,58,44,28,65.22916666666667,18.694444444444443,7.805555555555555,1.5833333333333335,99.39583333333333,112.72916666666666,49.395833333333336,29.0,9
468,Taj Gibson,Detroit Pistons,F,8,20,3,5,116.7,0,0,0.0,2,4,100.0,0,2,2,0,2,1,0,0,-2,10,10,8,2,6.938775510204083,2.163265306122449,0.16326530612244897,0.3673469387755103,2.0,3.306122448979591,5.3061224489795915,2.6530612244897958,2
469,Taj Gibson,New York Knicks,F,2,68,0,9,0.0,2,2,100.0,0,2,0.0,4,6,10,4,8,1,3,0,2,16,12,6,14,23.77551020408163,12.551020408163266,2.122448979591837,1.6326530612244896,18.0,17.836734693877553,16.265306122448983,22.346938775510207,5
470,Talen Horton-Tucker,Utah Jazz,SG,98,190,35,94,357.2,12,16,438.1,16,41,391.6,0,16,16,21,14,9,8,4,-67,135,114,119,37,382.8036776636019,12.42617631151974,32.90265008112493,10.113574905354245,491.9799891833424,482.28772309356407,391.67928610059494,46.14548404542997,10
471,Taurean Prince,Los Angeles Lakers,PF,82,205,30,62,447.0,8,11,266.7,14,31,408.3,4,25,29,11,12,5,13,3,-14,122,111,93,40,308.0219138056976,40.953250547845144,21.14572680788897,16.597516435354272,435.4934258582907,365.67494521548576,347.4116143170197,92.52775748721695,10
472,Taylor Hendricks,Utah Jazz,F,92,268,34,75,450.2,4,6,216.7,20,44,485.0,8,39,47,9,22,6,8,7,-82,148,139,101,56,233.60116873630386,64.59386413440468,4.9572680788897,14.527757487216947,288.5745069393718,255.19576333089847,254.97479912344778,81.5562454346238,10
473,Taze Moore,Portland Trail Blazers,G,2,5,1,1,100.0,0,0,0.0,0,0,0.0,0,0,0,1,0,0,1,0,7,3,2,3,1,1.44,0.0,0.6400000000000001,0.0,4.0,1.44,4.0,0.6400000000000001,1
474,Terance Mann,LA Clippers,SG,101,246,40,64,592.2,11,14,475.0,10,22,511.9,11,25,36,11,26,5,9,0,-10,148,137,112,47,253.22575847709697,81.2004759071981,7.319750148721,6.005948839976204,557.7049375371803,546.2049375371803,271.08506841165973,82.16091612135634,10
475,Terquavion Smith,Philadelphia 76ers,G,45,65,16,37,307.8,2,3,100.0,11,28,266.6,0,3,3,11,5,8,5,0,6,59,48,56,14,201.0,1.7200000000000002,18.564444444444444,18.564444444444444,196.7777777777778,195.11999999999998,203.8311111111111,19.111111111111114,7
476,Terry Rozier,Miami Heat,SG,188,305,68,150,442.8,15,16,466.7,37,74,449.4,2,29,31,31,14,12,12,3,40,250,219,219,62,685.2426105931362,24.74846260662567,25.550287641341004,77.19202539178735,794.0313429875025,828.2307081928188,646.794088474509,54.547907161277514,10
477,Terry Taylor,Chicago Bulls,F,15,56,5,10,325.0,3,4,150.0,2,3,150.0,4,10,14,3,1,2,0,0,-15,32,29,18,17,20.88823959094229,35.125639152666174,3.509130752373996,1.7983929875821767,117.36084733382029,97.06866325785245,26.967129291453613,52.848064280496715,5
478,Thaddeus Young,Phoenix Suns,F,16,61,8,15,225.0,0,2,0.0,0,0,0.0,13,10,23,4,5,3,2,0,6,43,39,20,27,20.87629757785467,60.11505190311419,5.508650519031142,0.0,126.68858131487889,104.14186851211073,41.25,67.79671280276817,5
479,Thaddeus Young,Phoenix Suns,PF,37,106,18,25,403.2,1,3,50.0,0,2,0.0,10,15,25,13,10,2,4,1,-6,75,62,50,38,190.288062283737,35.056228373702425,33.332179930795846,0.0,535.7474048442906,318.083044982699,361.25,115.09083044982698,5
480,Thanasis Antetokounmpo,Milwaukee Bucks,SF,10,48,5,11,266.7,0,2,0.0,0,1,0.0,2,1,3,4,8,1,3,1,-18,17,13,14,7,17.702479338842977,1.512396694214876,1.884297520661157,0.0,24.78512396694215,20.65289256198347,22.0,3.2314049586776856,6
481,Theo Maledon,Phoenix Suns,PG,5,10,1,2,50.0,3,3,100.0,0,0,0.0,0,1,1,0,3,0,3,0,-11,6,6,5,1,14.0625,0.5625,0.0,0.0,20.25,20.25,14.0625,0.5625,1
482,Thomas Bryant,Miami Heat,C,91,143,33,58,520.0,21,23,750.0,4,14,233.3,12,41,53,6,17,4,4,7,41,150,144,97,59,489.5895078420768,97.64467279610601,8.42617631151974,4.417522985397513,923.4040021633316,860.7106544077878,550.285018929151,108.06868577609518,10
483,Tim Hardaway Jr.,Dallas Mavericks,SF,97,234,35,91,352.0,8,9,266.7,19,57,310.8,1,25,26,21,11,6,6,1,9,144,123,118,47,351.6101586284249,14.841531805800352,37.09037013299151,14.938471398814293,646.5229931100786,439.68482614965546,556.2281685627303,54.15205896490947,10
484,Tobias Harris,Philadelphia 76ers,PF,158,325,60,135,432.8,21,26,685.0,17,43,323.6,10,63,73,27,15,6,12,11,-42,258,231,185,100,346.27777777777777,100.30864197530865,18.330589849108367,26.149519890260628,657.2791495198902,518.7716049382716,458.54663923182443,144.87791495198903,10
485,Tony Allen,Memphis Grizzlies,F,8,57,4,15,50.0,0,0,0.0,0,6,0.0,1,5,6,2,6,2,1,0,-29,16,14,10,8,8.88888888888889,2.2222222222222223,2.2222222222222223,0.0,35.55555555555556,20.0,20.0,8.88888888888889,2
486,Torrey Craig,Chicago Bulls,SF,49,160,18,39,416.3,3,4,150.0,10,23,466.7,5,15,20,8,15,5,5,3,-33,77,69,57,28,136.15570934256056,15.576557093425606,10.517733564013842,8.48659169550173,246.2439446366782,186.26340830449826,191.73053633217992,30.5,10
487,Tosan Evbuomwan,Detroit Pistons,F,84,276,29,53,552.3,17,25,508.4,9,23,390.0,10,34,44,10,17,5,8,4,-96,138,128,94,54,125.30000000000001,43.536,10.016,7.0440000000000005,263.7,238.19600000000003,148.356,56.0,10
488,Toumani Camara,Portland Trail Blazers,F,88,292,35,67,507.2,8,9,350.0,10,26,336.6,19,23,42,22,26,8,13,8,-36,152,130,110,64,287.70000000000005,51.93611111111112,28.402777777777775,8.002777777777778,547.7,471.46944444444443,351.46944444444443,92.8,10
489,Trae Young,Atlanta Hawks,PG,235,370,76,173,432.4,45,55,813.4,38,93,399.0,2,18,20,109,22,11,45,2,-38,364,255,344,129,758.2361111111111,12.069444444444445,83.0,45.06944444444444,786.5,622.5,926.4027777777778,90.90277777777777,10
490,Trayce JacksonDavis,Golden State Warriors,F,103,263,45,73,596.7,13,22,343.3,0,1,0.0,33,48,81,15,12,11,11,18,-9,199,184,118,96,278.3193398493831,85.68706937990707,18.590129786893126,0.0,347.2483576349944,279.676974843775,333.6282647011697,116.539657106233,10
491,Tre Jones,San Antonio Spurs,PG,105,325,43,88,461.2,8,10,325.0,11,30,250.0,15,38,53,61,13,10,18,1,5,219,158,166,114,232.56406249999998,102.70156250000001,64.5,13.1640625,558.7062500000001,395.90625,303.71406249999995,258.8515625,10
492,Tre Mann,Charlotte Hornets,PG,105,312,41,91,461.6,13,15,525.0,10,36,328.4,5,32,37,54,14,14,26,3,-76,196,142,159,91,182.6646062886321,29.83902176834184,37.037355549583445,8.526740123622682,303.09271701155603,225.8333781241602,274.6113947863477,52.18892770760548,10
493,Trendon Watford,Brooklyn Nets,PF,108,202,41,76,477.6,17,24,472.1,9,19,290.0,11,28,39,11,24,5,20,4,-50,158,147,119,50,488.0,69.17751479289942,17.397633136094676,7.331360946745562,888.8639053254437,793.3005917159763,549.8284023668639,120.31005917159763,10
494,Trent Forrest,Atlanta Hawks,G,24,130,10,28,356.6,4,4,200.0,0,3,0.0,4,10,14,36,3,3,7,2,-11,74,38,60,50,31.090349865436373,12.444444444444446,62.917339484813525,0.0,123.50096116878125,20.685121107266436,118.40292195309496,90.86505190311419,10
495,Trevelin Queen,Orlando Magic,SG,0,13,0,3,0.0,0,0,0.0,0,2,0.0,0,1,1,1,1,0,0,0,-17,2,1,1,2,0.0,0.52,0.6800000000000002,0.0,0.07999999999999996,0.52,0.6800000000000002,0.07999999999999996,2
496,Trey Jemison,Memphis Grizzlies,C,95,257,41,71,489.8,13,14,650.0,0,0,0.0,39,24,63,13,21,4,18,11,-45,171,158,108,76,542.4001736111111,74.68402777777777,6.337673611111112,0.0,786.1006944444443,841.6640625,485.06944444444446,82.7890625,10
497,Trey Lyles,Sacramento Kings,PF,77,218,28,64,398.9,9,12,425.0,12,37,274.2,14,33,47,14,11,4,7,5,54,138,124,91,61,229.46403461330448,55.175229853975125,24.524607896160084,13.237425635478637,513.7198485667928,351.21146565711194,382.3044889129259,89.36776636019471,10
498,Trey Murphy III,New Orleans Pelicans,SG,159,360,48,120,395.9,35,40,835.7,28,83,345.0,12,63,75,29,15,13,9,6,10,263,234,188,104,362.21832242712674,47.67102914931588,11.425639500297441,21.60291493158834,500.07168352171334,418.85425342058306,418.7879238548484,83.744497323022,10
499,Tristan Thompson,Cleveland Cavaliers,C,18,78,8,15,258.4,2,6,100.0,0,0,0.0,12,16,28,9,8,3,4,3,-20,55,46,27,37,48.61516034985423,32.31778425655977,2.373177842565598,0.0,125.68513119533527,124.4723032069971,49.00583090379009,35.51311953352769,7
500,Troy Brown Jr.,Detroit Pistons,SF,54,237,17,59,247.1,9,11,330.0,11,33,237.39999999999998,7,34,41,11,9,11,7,0,-71,106,95,65,52,165.77777777777777,33.75100030778701,12.922437673130194,21.252385349338255,228.22099107417668,182.94398276392735,190.59495229301325,67.13327177593106,10
501,TyTy Washington Jr.,Milwaukee Bucks,G,3,17,1,4,50.0,0,0,0.0,1,2,100.0,1,1,2,1,1,0,0,0,-1,6,5,4,3,5.16568047337278,2.29585798816568,0.8579881656804735,0.57396449704142,11.834319526627219,14.349112426035504,4.0,1.804733727810651,2
502,Tyler Herro,Miami Heat,PG,205,329,81,172,474.3,15,19,391.7,28,77,376.6,2,47,49,46,15,0,14,1,73,300,254,251,95,309.64650283553874,14.901701323251418,30.83553875236295,11.637051039697543,434.3364839319471,373.36105860113423,359.476370510397,56.882797731569,10
503,Tyrese Haliburton,Indiana Pacers,PG,194,330,66,144,451.1,28,33,716.7,34,84,407.0,4,35,39,88,12,16,16,9,83,321,233,282,127,554.7010696190655,38.93469694126478,59.947082004128355,22.326890598611374,618.7196472133608,596.2538937887034,603.347344717583,72.70125727153312,10
504,Tyrese Maxey,Philadelphia 76ers,PG,254,395,95,215,432.0,39,44,725.0,25,83,307.4,3,35,38,70,22,12,13,5,60,362,292,324,108,1685.5455621301776,94.00000000000001,98.62485207100592,24.931360946745563,2553.5621301775145,2285.7917159763315,1851.1928994082841,294.7479289940828,10
505,Tyus Jones,Washington Wizards,PG,91,313,36,84,402.0,4,4,300.0,15,43,360.8,3,22,25,97,4,9,13,2,-70,213,116,188,122,345.04336734693874,43.53316326530612,160.5,20.959183673469386,776.265306122449,542.0510204081633,542.9719387755102,240.3188775510204,10
506,Udoka Azubuike,Phoenix Suns,C,2,11,1,3,33.3,0,2,0.0,0,0,0.0,2,4,6,0,1,0,0,0,-3,8,8,2,6,3.3611111111111107,29.340277777777782,0.0,0.0,52.5625,52.5625,3.3611111111111107,29.340277777777782,1
507,Vasilije Micic,Charlotte Hornets,G,111,319,42,100,414.9,15,19,525.0,12,42,247.4,4,20,24,76,21,9,23,2,-89,211,135,187,100,246.9092627599244,21.886158370090318,146.07939508506618,13.616467128754465,458.73240915773994,243.76076454526358,415.02646502835535,214.81999579920182,10
508,Victor Wembanyama,San Antonio Spurs,C,238,327,83,183,466.70000000000005,50,65,711.8,22,73,292.6,28,93,121,59,20,11,46,45,16,418,359,297,180,830.3871439006574,225.5872899926954,32.37143900657414,25.741417092768444,1879.415997078159,1704.0021913805697,942.5116873630387,321.2479912344777,10
509,Vince Williams Jr.,Memphis Grizzlies,G,127,336,42,92,459.70000000000005,30,38,723.3,13,34,328.8,8,54,62,61,30,12,34,9,-54,250,189,188,123,231.93628808864267,72.8808864265928,35.61495844875347,18.00831024930748,492.2326869806094,474.07479224376726,226.76454293628805,131.82548476454295,10
510,Vit Krejci,Atlanta Hawks,G,71,281,26,46,565.7,1,1,100.0,18,34,402.1,6,28,34,21,26,5,10,2,17,126,105,92,55,315.14984391259105,33.92976066597294,11.149843912591052,36.40582726326743,489.44276795005203,417.53642039542143,378.5993756503642,53.53642039542144,10
511,Walker Kessler,Utah Jazz,C,72,234,31,42,737.5,10,12,500.0,0,0,0.0,22,52,74,12,20,3,11,12,-77,158,146,84,86,107.6064272961714,126.54671692124577,7.620313429875025,0.0,303.70283673874235,272.61456060305494,118.40388811743702,154.45784566554255,10
512,Wendell Carter Jr.,Orlando Magic,C,97,264,37,78,459.8,11,21,290.4,12,39,235.8,23,63,86,23,20,14,12,6,-11,206,183,120,109,243.44444444444443,91.52572988867884,20.14639781558496,15.600084015963033,614.7334593572779,500.7286284394035,328.07393404746904,141.04746901911363,10
513,Wendell Moore Jr.,Minnesota Timberwolves,G,4,13,2,3,150.0,0,0,0.0,0,0,0.0,0,5,5,2,1,0,0,0,15,11,9,6,7,3.950328707085463,8.178962746530315,2.7728268809349883,0.0,36.28414901387874,23.144631117604092,10.217677136596055,17.82395909422936,2
514,Wenyen Gabriel,Memphis Grizzlies,F,17,81,8,22,168.3,0,5,0.0,1,6,50.0,7,18,25,3,10,2,8,2,-16,45,42,20,28,59.72702331961591,43.6159122085048,4.060356652949245,0.879286694101509,182.2098765432099,171.6858710562414,60.574759945130324,57.352537722908096,5
515,Wesley Matthews,Atlanta Hawks,SG,53,141,18,39,456.1,4,4,200.0,13,25,470.0,5,15,20,9,13,6,2,4,-15,82,73,62,29,115.5628698224852,30.724852071005916,13.125,8.178254437869823,187.75443786982248,181.45636094674555,119.05325443786981,46.657544378698226,10
516,Xavier Moon,LA Clippers,G,2,11,1,6,33.3,0,0,0.0,0,2,0.0,1,1,2,0,1,1,1,0,-20,4,4,2,2,2.005843681519357,2.4222059897735573,0.5273922571219868,0.0,0.023374726077428687,0.32870708546384236,2.644265887509131,2.005843681519357,2
517,Xavier Tillman,Boston Celtics,F,35,140,15,35,359.4,1,2,50.0,4,17,123.3,5,22,27,13,5,3,2,5,14,75,62,48,40,100.77777777777779,23.0,4.45679012345679,4.472565157750342,163.2716049382716,157.77777777777777,113.60493827160494,20.123456790123456,10
518,Yuta Watanabe,Memphis Grizzlies,SF,22,97,10,24,250.0,0,2,0.0,2,12,64.3,0,11,11,5,6,5,4,0,-36,38,33,27,16,115.08000000000001,11.27,3.75,1.4800000000000004,136.28,131.43,116.23000000000002,18.72,7
519,Zach Collins,San Antonio Spurs,PF,95,188,37,77,460.4,15,21,566.7,6,18,233.3,14,35,49,26,28,2,13,8,-29,170,144,121,75,252.50422218052165,61.15687746293863,17.135672734096453,6.40607993995121,410.04353537249017,446.7269656595984,241.75136048039033,52.36198161005818,10
520,Zavier Simpson,Memphis Grizzlies,G,28,103,10,37,77.69999999999999,3,4,75.0,5,14,108.3,3,7,10,16,4,6,8,3,2,54,38,44,26,152.0,5.04,2.16,6.884444444444444,235.76000000000002,209.84,175.76,9.36,4
521,Zeke Nnaji,Denver Nuggets,PF,28,106,11,18,516.7,5,9,250.0,1,2,100.0,8,14,22,5,10,2,1,7,3,55,50,33,27,48.94444444444444,25.200000000000003,6.9,0.9111111111111112,143.04444444444445,116.67777777777776,61.71111111111111,45.699999999999996,10
522,Ziaire Williams,Memphis Grizzlies,F,103,270,39,94,389.0,13,16,421.4,12,46,213.7,6,38,44,20,15,12,15,0,-39,167,147,123,64,552.1,32.4,24.0,17.599999999999998,788.1,632.1,714.1,50.4,10
523,Zion Williamson,New Orleans Pelicans,PF,238,341,86,160,531.6,66,94,618.9,0,0,0.0,15,44,59,48,27,13,40,10,0,345,297,286,107,755.8204444444444,63.576,53.71377777777778,0.001777777777777778,1122.7137777777778,927.7111111111111,950.6684444444445,117.44444444444444,10
