,First Last Name,team,position,points,minutes,fgm,fga,fgp,ftm,fta,ftp,tpm,tpa,tpp,offReb,defReb,totReb,assists,pFouls,steals,turnovers,blocks,plusMinus,Points_Rebounds_Assist,Points_Rebounds,Points_Assist,Rebounds_Assist,points_deviation,totReb_deviation,assists_deviation,tpm_deviation,Points_Rebounds_Assist_deviation,Points_Rebounds_deviation,Points_Assist_deviation,Rebounds_Assist_deviation,count
0,A. Flagler,Oklahoma City Thunder,F,3,15,1,7,25.0,0,0,0.0,1,6,33.3,0,0,0,4,0,0,0,0,0,7,3,7,4,6.12,0.0,2.7200000000000006,0.6800000000000002,17.0,6.12,17.0,2.7200000000000006,2
1,A.J. Green,Milwaukee Bucks,G,33,137,11,30,332.9,5,5,300.0,6,23,140.0,0,13,13,2,13,2,3,0,21,48,46,35,15,100.86101202272428,20.182454749636676,1.8097502972651607,12.66243889549478,214.33188003699303,188.101202272427,120.02866957325934,29.05522526093275,10
2,A.J. Lawson,Dallas Mavericks,G,40,99,17,44,395.2,4,8,200.0,2,16,100.0,5,15,20,7,6,1,3,1,-21,67,60,47,27,148.1,45.669444444444444,7.102777777777778,1.7777777777777777,330.5,271.1361111111111,179.23611111111111,80.99999999999999,10
3,AJ Griffin,Atlanta Hawks,F,7,29,3,9,66.6,0,0,0.0,1,4,100.0,0,4,4,1,0,0,1,1,-15,12,11,8,5,1.2469135802469125,8.617283950617283,0.5555555555555556,0.5555555555555556,8.024691358024691,4.506172839506172,0.3950617283950621,13.54320987654321,2
4,Aaron Gordon,Denver Nuggets,PF,143,353,54,94,568.3,31,41,627.9,4,20,200.0,29,47,76,52,18,7,13,5,63,271,219,195,128,509.674513354459,149.16183793571753,39.38094160253509,4.5,787.1167949298326,887.5203712086917,415.20801267541873,182.6057039384337,10
5,Aaron Holiday,Houston Rockets,G,62,145,24,53,338.1,6,6,200.0,8,26,213.3,5,8,13,14,18,5,6,0,-8,89,75,76,27,374.5340234818836,24.10011362201742,7.480873627067288,7.747254134578967,606.365736649413,545.4547405630602,423.8076000504987,43.21840676682237,10
6,Aaron Nesmith,Indiana Pacers,SF,113,330,36,88,460.3,27,28,785.7,14,51,309.0,9,34,43,22,36,7,10,10,29,178,156,135,65,115.36419753086419,28.871604938271606,35.7,13.299999999999999,239.60493827160494,192.4604938271605,141.1530864197531,85.92716049382716,10
7,Aaron Wiggins,Oklahoma City Thunder,SG,100,190,40,71,621.1,11,13,616.7,9,20,403.3,7,24,31,21,12,14,8,2,54,152,131,121,52,491.86158219782374,22.89393196745417,17.074698558964812,6.981178315851387,679.679247132634,534.4820115674934,645.0941084207432,31.933339868640324,10
8,Adama Sanogo,Chicago Bulls,C,26,51,10,23,84.4,6,9,66.7,0,0,0.0,16,11,27,0,5,1,4,0,9,53,53,26,27,375.48582230623816,291.3213610586011,0.0,0.0,1324.9168241965976,1324.9168241965976,375.48582230623816,291.3213610586011,3
9,Admiral Schofield,Orlando Magic,SF,8,18,3,6,116.7,0,0,0.0,2,4,150.0,0,4,4,1,1,1,0,0,-20,13,12,9,5,15.948870392390013,0.8763376932223544,0.6682520808561238,0.8097502972651605,22.0,19.15101070154578,17.428061831153386,2.914387633769322,3
10,Al Horford,Boston Celtics,C,92,235,37,64,592.9,3,6,150.0,15,37,460.0,13,45,58,19,8,5,6,5,82,169,150,111,77,128.0667438271605,29.7704475308642,11.288966049382717,5.705632716049383,154.3260030864198,127.77777777777776,148.5,47.17438271604939,10
11,Alec Burks,New York Knicks,SG,57,130,17,59,227.7,13,16,471.4,10,32,259.9,1,17,18,11,3,5,6,0,-2,86,75,68,29,289.8632088148347,18.807847352862133,13.03547433485622,8.526740123622682,476.8589088954582,432.7350174684225,332.3961300725611,33.43429185702768,10
12,Aleksej Pokusevski,Charlotte Hornets,F,84,194,27,62,478.9,19,27,475.0,11,28,356.6,6,42,48,12,8,4,8,6,9,144,132,96,60,110.53157753292125,40.54985219027143,9.67696855683956,5.434291857027682,191.7790916420317,220.88578339156143,95.43402311206665,36.217683418435904,10
13,Alex Caruso,Chicago Bulls,SG,88,311,31,69,468.5,3,4,150.0,23,47,474.4,7,33,40,53,21,17,17,6,-39,181,128,141,93,237.4768166089965,28.167474048442905,50.96539792387543,28.11695501730103,421.04844290657445,338.5467128027682,287.36401384083047,111.74740484429066,10
14,Alex Fudge,Dallas Mavericks,F,11,26,5,9,55.6,0,0,0.0,1,3,33.3,2,1,3,0,1,3,1,0,-19,14,14,11,3,60.5,0.5,0.0,0.5,72.0,72.0,60.5,0.5,2
15,Alex Len,Sacramento Kings,C,12,104,5,10,400.0,2,4,50.0,0,0,0.0,9,18,27,18,20,1,6,7,38,57,39,30,45,31.633136094674555,36.72225576621181,12.212051684579157,0.0,52.7555850742664,69.64533268928874,20.55524695085135,43.12244897959184,10
16,Alondes Williams,Miami Heat,G,0,6,0,1,0.0,0,0,0.0,0,1,0.0,0,1,1,0,0,0,1,0,-2,1,1,0,1,0.8975069252077561,0.8975069252077563,0.0,0.0,0.0,0.0,0.8975069252077561,0.8975069252077563,1
17,Alperen Sengun,Houston Rockets,C,209,324,81,157,512.7,43,68,622.9,4,12,200.0,39,68,107,45,36,16,26,7,2,361,316,254,152,847.1723356009071,197.81632653061226,123.77551020408163,4.408163265306122,1935.0226757369614,1622.4580498866212,993.7777777777778,487.5510204081633,10
18,Amari Bailey,Charlotte Hornets,G,18,39,6,15,123.3,5,5,200.0,1,5,50.0,4,3,7,5,2,3,3,0,6,30,25,23,12,81.21301775147928,18.633136094674555,10.325443786982248,0.7633136094674556,257.8520710059172,176.43786982248525,139.66863905325448,51.917159763313606,3
19,Amen Thompson,Houston Rockets,F,136,310,53,95,605.0,30,40,733.3,0,4,0.0,42,54,96,42,23,16,17,5,26,274,232,178,138,344.2716049382716,170.44938271604937,67.7,0.019753086419753086,1311.3,949.1999999999999,582.7716049382716,361.7493827160494,10
20,Amir Coffey,LA Clippers,SG,76,271,28,83,350.40000000000003,8,10,300.0,12,45,204.1,5,22,27,9,16,7,6,4,-63,112,103,85,36,367.6882971938776,34.2890625,6.528698979591836,13.610331632653061,651.6862244897959,578.5644132653061,430.5199298469388,51.10794005102041,10
21,Andre Drummond,Chicago Bulls,C,83,164,34,59,576.3,15,23,263.4,0,0,0.0,29,68,97,4,19,12,9,8,51,184,180,87,101,194.7871315192744,242.1045918367347,8.402777777777779,0.0,804.9719387755102,746.172335600907,241.19387755102042,262.90022675736964,10
22,Andre Jr. Jackson,Milwaukee Bucks,G,20,111,8,21,366.7,0,0,0.0,4,11,150.0,7,16,23,12,18,7,7,3,-7,55,43,32,35,45.64542541829832,29.807404770380913,41.71164115343539,4.49626201495194,271.1032395870416,134.44250622997507,138.6329654681381,115.19223923104308,10
23,Andrew Funk,Chicago Bulls,G,0,7,0,2,0.0,0,0,0.0,0,2,0.0,0,0,0,0,0,0,0,1,0,0,0,0,0,0.0,0.0,0.0,0.0,0.0,0.0,0.0,0.0,1
24,Andrew Nembhard,Indiana Pacers,PG,121,319,49,84,581.2,10,14,410.0,13,31,358.3,8,20,28,48,31,7,9,2,68,197,149,169,76,174.65085195388224,23.50413223140496,50.0,12.216814610754005,376.0815222936435,306.1825323946536,238.36802367105395,79.68595041322314,10
25,Andrew Wiggins,Golden State Warriors,SF,161,286,55,130,419.1,33,41,658.3,18,50,325.8,9,39,48,19,17,6,19,10,3,228,209,180,67,337.52318339100344,21.06020761245675,51.426297577854676,13.712110726643598,545.447750865052,373.76539792387547,472.30449826989616,109.38754325259517,10
26,Anfernee Simons,Portland Trail Blazers,SG,234,361,80,177,436.7,36,39,757.1,38,94,405.4,4,33,37,64,19,7,30,1,-38,335,271,298,101,935.5240670632775,28.301243915630067,125.20497566252028,19.635478637101134,1764.6960519199567,1205.978907517577,1461.0362358031368,186.71119524067063,10
27,Anthony Black,Orlando Magic,G,36,131,15,36,465.0,1,3,33.3,5,15,266.7,4,7,11,8,9,5,5,2,-11,55,47,44,19,54.20252385349338,5.082486919052016,6.014158202523853,4.537703908895044,80.32409972299169,51.232071406586634,82.34472145275468,12.046475838719605,10
28,Anthony Davis,Los Angeles Lakers,PF,251,373,98,165,585.1,53,66,719.6,2,13,116.7,36,99,135,35,33,11,22,19,15,421,386,286,170,853.9030470914128,200.6465373961219,27.743490304709145,2.349030470914127,1554.3152354570636,1397.5235457063711,952.5484764542936,286.53628808864266,10
29,Anthony Edwards,Minnesota Timberwolves,SG,270,361,90,187,453.4,63,71,866.4,27,72,307.4,12,47,59,55,23,15,32,4,18,384,329,325,114,1485.2526077097505,77.58594104308389,28.500226757369614,50.51927437641723,1951.233560090703,1787.8,1667.661224489796,87.1111111111111,10
30,Anthony Gill,Washington Wizards,PF,94,232,39,84,450.8,12,14,460.0,4,20,136.6,16,24,40,14,29,6,5,4,-58,148,134,108,54,262.0,85.34693877551022,15.216326530612246,2.4020408163265303,595.6897959183673,559.9183673469388,286.8734693877551,111.46122448979592,10
31,Ashton Hagans,Portland Trail Blazers,G,43,175,15,38,303.3,7,8,350.0,6,17,250.0,9,18,27,32,20,7,18,3,-6,102,70,75,59,118.125,20.2,17.7,6.425,182.225,173.225,127.725,37.3,10
32,Ausar Thompson,Detroit Pistons,F,103,314,42,87,508.0,11,25,325.0,8,29,195.3,15,44,59,21,26,17,14,11,-6,183,162,124,80,121.7,31.399999999999995,24.125,8.5,347.72499999999997,237.7,200.02499999999998,87.225,10
33,Austin Reaves,Los Angeles Lakers,SG,169,335,60,123,496.9,28,35,658.4,21,58,360.0,8,27,35,35,22,9,14,6,-31,239,204,204,70,188.7066571733713,64.2431470274119,65.65147739409042,9.116589533641866,437.34175863296554,234.46707013171945,316.89070843716627,204.5852616589534,10
34,Ayo Dosunmu,Chicago Bulls,SG,154,369,61,121,521.7,14,17,491.7,18,47,416.1,8,24,32,37,31,12,19,8,-47,223,186,191,69,199.81406249999992,19.756249999999998,23.5390625,15.200000000000001,328.9062500000001,243.87656250000006,273.7999999999999,54.339062500000004,10
35,Bam Adebayo,Miami Heat,C,180,330,77,147,558.9,22,32,683.4,4,19,166.6,21,57,78,29,22,5,14,5,-34,287,258,209,107,314.049,222.64900000000003,35.461,2.761,939.6609999999998,704.1,486.644,321.07599999999996,10
36,Ben Sheppard,Indiana Pacers,G,54,189,18,45,434.9,4,5,250.0,14,36,424.9,5,23,28,11,16,5,8,0,38,93,82,65,39,94.431640625,20.337673611111107,6.921006944444445,7.684027777777778,97.009765625,111.2927517361111,88.50108506944444,18.90625,10
37,Ben Simmons,Brooklyn Nets,PG,53,168,24,38,521.1,5,11,150.0,0,0,0.0,15,39,54,46,20,9,12,4,-5,153,107,99,100,134.88888888888889,64.0,78.88888888888889,0.0,382.0,162.8888888888889,300.0,196.88888888888889,9
38,Bennedict Mathurin,Indiana Pacers,SG,139,275,44,115,340.3,35,45,614.5,16,44,245.0,10,33,43,23,24,7,17,4,-18,205,182,162,66,753.4765625,123.6015625,38.125,30.4140625,1418.90625,1097.65625,970.9140625,265.5390625,10
39,Bilal Coulibaly,Washington Wizards,SG,90,289,30,76,451.5,19,27,633.3,11,39,238.3,9,30,39,18,22,12,8,7,-98,147,129,108,57,127.37777777777777,38.5,16.0,13.177777777777775,337.8777777777778,291.7444444444444,166.31111111111107,61.699999999999996,10
40,Bismack Biyombo,Oklahoma City Thunder,C,16,66,6,11,183.3,4,8,150.0,0,0,0.0,5,12,17,2,7,1,4,3,11,35,33,18,19,43.52777777777778,41.0,1.7152777777777775,0.0,167.9375,167.52777777777777,44.4375,42.21527777777778,7
41,Blake Wesley,San Antonio Spurs,G,54,186,19,43,403.3,12,18,516.7,4,14,191.7,3,23,26,34,16,3,17,0,-18,114,80,88,60,281.2136105860113,41.25992438563327,29.948015122873343,4.403827977315689,481.98487712665406,469.3468809073724,296.2807183364839,68.77882797731569,10
42,Boban Marjanovic,Houston Rockets,C,16,19,7,9,175.0,2,5,83.3,0,0,0.0,0,11,11,1,0,1,3,1,6,28,27,17,12,87.80718336483932,40.7882797731569,0.5765595463137996,0.0,265.9243856332704,244.00189035916827,101.78638941398869,49.30812854442344,2
43,Bobby Portis,Milwaukee Bucks,F,165,289,73,138,513.2,10,15,409.6,9,20,391.6,24,81,105,15,22,11,20,4,43,285,270,180,120,678.6503328402367,178.01775147928996,10.5,10.641457100591717,1144.4506286982248,1113.9506286982248,716.1503328402367,181.51775147928996,10
44,Bogdan Bogdanovic,Atlanta Hawks,SG,189,331,63,141,477.0,34,35,890.0,29,78,457.2,5,33,38,35,27,11,19,8,-43,262,227,224,73,542.4555785123966,75.6955061983471,42.9661673553719,14.918646694214877,1018.9297520661156,930.8814566115703,640.0818698347107,109.08367768595042,10
45,Bojan Bogdanovic,New York Knicks,SF,93,165,33,80,398.9,11,15,466.7,16,38,474.9,2,19,21,8,7,2,7,1,2,122,114,101,29,151.20658059142025,35.070595585172846,3.9225322782174095,4.544981257809246,209.0564348188255,220.80820491461893,139.52394835485214,38.923990004164935,10
46,Bol Bol,Phoenix Suns,C,35,101,14,24,389.2,2,2,100.0,5,9,175.0,4,22,26,3,7,5,4,4,-23,64,61,38,29,212.19671537253953,24.953024996981043,2.154208428933704,10.688684941432195,406.27798575051327,368.65414804975245,241.07426639294772,35.85352010626736,10
47,Bones Hyland,LA Clippers,PG,106,186,39,93,365.1,11,13,425.0,17,54,242.7,2,29,31,43,14,12,15,2,-23,180,137,149,74,1286.258584807492,72.01716961498441,118.19198751300728,38.8309053069719,2450.502081165453,1624.2840790842872,2038.4068678459937,264.27887617065556,10
48,Bradley Beal,Phoenix Suns,SG,214,364,83,151,548.8,17,18,566.7,31,52,552.4,15,29,44,41,30,8,27,10,-15,299,258,255,85,951.9290000000001,52.425,42.92500000000001,61.0,1111.389,1130.3840000000002,928.184,100.1,10
49,Brandin Podziemski,Golden State Warriors,G,90,256,37,70,537.3,3,3,200.0,13,24,506.6,16,46,62,32,11,6,10,1,23,184,152,122,94,181.663726219577,58.85768944627485,29.892868530130727,8.529386757359974,291.16250398554575,173.85928366457648,298.9807630991604,88.73674141779148,10
50,Brandon Boston Jr.,LA Clippers,SG,90,191,36,86,475.7,11,17,441.7,7,28,155.5,9,23,32,8,22,9,17,3,-44,130,122,98,40,418.26706979087936,60.114386495338884,10.7538422776518,8.532375913328293,917.2723607961703,768.7437641723355,527.0294784580499,110.63441672965483,10
51,Brandon Clarke,Memphis Grizzlies,PF,68,134,33,59,329.5,1,7,50.0,1,6,100.0,13,19,32,9,8,5,3,6,-8,109,100,77,41,87.60640000000001,33.3344,9.5024,0.8335999999999999,105.19839999999999,89.6416,91.16,54.84,6
52,Brandon Ingram,New Orleans Pelicans,SF,152,319,60,141,432.9,25,28,733.4,7,25,290.0,4,44,48,34,20,6,24,11,-78,234,200,186,82,280.7911519678253,12.842861246768166,58.05745475438092,4.56334386670497,433.2496409077851,364.8865268600976,346.1850043091065,73.86957770755528,10
53,Brandon Miller,Charlotte Hornets,F,207,335,73,154,470.8,27,30,796.7,34,85,396.1,7,35,42,23,24,8,19,8,-74,272,249,230,65,579.0,28.320141003044384,18.16359557763179,42.66527800032046,769.8763018746996,753.3960903701329,578.2522031725686,63.71174491267425,10
54,Brandon Williams,Dallas Mavericks,G,33,72,12,38,146.4,8,10,183.3,1,10,16.7,2,6,8,7,3,0,5,0,-50,48,41,40,15,351.66666666666663,20.204081632653057,9.0,0.8367346938775512,621.4421768707482,515.6802721088435,437.33333333333326,49.29931972789115,6
55,Braxton Key,Denver Nuggets,F,2,6,1,1,100.0,0,1,0.0,0,0,0.0,1,1,2,0,1,0,0,0,2,4,4,2,2,0.6232686980609419,0.8975069252077563,0.06925207756232686,0.06925207756232686,2.171745152354571,3.0166204986149587,0.27700831024930755,0.4681440443213295,1
56,Brice Sensabaugh,Utah Jazz,F,116,237,38,96,383.5,20,21,583.3,20,53,339.7,7,33,40,23,20,7,17,4,-98,179,156,139,63,538.2486457920464,26.011890606420927,22.120095124851368,49.411547100013216,724.5597833267274,664.4119434535605,572.365570088519,74.1629013079667,10
57,Brook Lopez,Milwaukee Bucks,C,160,311,64,117,534.8,12,20,366.7,20,47,328.4,18,23,41,16,16,1,10,16,-37,217,201,176,57,362.51093030095086,48.41731202823252,20.401921380256837,40.1411626311146,452.2824232918341,465.69287324772085,362.13606509165766,55.783648661895896,10
58,Bruce Brown,Toronto Raptors,SF,102,254,42,75,563.7,10,19,483.3,8,17,375.0,7,23,30,27,20,7,17,0,-133,159,132,129,57,208.6089965397924,41.351643598615915,43.0,9.833910034602077,550.125,315.625,406.9031141868512,120.55752595155708,10
59,Bruno Fernando,Atlanta Hawks,PF,84,196,30,53,513.8,24,34,590.1,0,0,0.0,7,31,38,17,35,2,10,3,-96,139,122,101,55,165.90726643598617,43.82975778546714,14.57370242214533,0.0,243.4,248.75017301038062,170.57093425605535,48.38961937716264,10
60,Bryce McGowens,Charlotte Hornets,G,53,140,16,39,301.2,17,22,391.7,4,14,183.3,1,14,15,10,9,3,5,4,-39,78,68,63,25,267.4237211407877,8.52829334540516,17.018560434585783,4.4001810774105925,479.0194658216388,347.33906745133544,388.76459936622916,35.886373924852876,10
61,Buddy Boeheim,Detroit Pistons,F,25,69,7,21,133.3,5,7,160.0,6,19,126.19999999999999,2,6,8,3,5,0,0,1,12,36,33,28,11,110.28634039444852,10.690284879474069,7.5799853907962005,7.5573411249086915,245.34112490869248,175.53469685902115,170.18772826880937,28.17531044558072,5
62,Buddy Hield,Philadelphia 76ers,SG,91,183,30,80,328.7,10,11,450.0,21,56,286.6,10,17,27,17,13,4,10,1,28,135,118,108,44,504.39947064013336,48.10008822664445,45.77208116851289,43.123517302225274,961.8048230565631,819.1436133712382,634.836388589354,106.09646113126165,10
63,CJ McCollum,New Orleans Pelicans,SG,200,359,78,174,444.8,9,10,275.0,35,84,387.8,7,35,42,50,23,12,29,7,-70,292,242,250,92,643.2785119097719,13.978284656173722,32.10184327918525,78.88906657688746,823.6961535224308,752.9310664085515,724.4361585725107,35.68756838649946,10
64,Cade Cunningham,Detroit Pistons,PG,241,313,92,212,430.3,40,44,808.3,17,55,297.1,9,44,53,75,18,11,31,2,-38,369,294,316,128,702.373472159348,53.42462652784065,52.55545495699411,12.217745586238117,842.2865550022635,783.9945676776822,690.806699864192,175.83884110457223,10
65,Caleb Houstan,Orlando Magic,G,40,120,13,32,468.3,2,2,100.0,12,31,460.0,5,5,10,2,6,3,1,1,5,52,50,42,12,89.76788279230105,6.287273771904625,1.600114909508762,8.229244469979891,104.57167480609021,101.04280379201377,91.30824475725366,9.875897730537202,10
66,Caleb Martin,Miami Heat,SF,99,317,37,84,449.2,7,9,400.0,18,41,469.9,13,27,40,20,22,7,7,4,-42,159,139,119,60,352.5,8.064,24.625,24.303999999999995,354.749,337.524,364.125,38.289,10
67,Cam Reddish,Los Angeles Lakers,SF,21,143,6,25,153.3,5,8,116.7,4,13,166.6,7,5,12,1,7,3,1,3,-37,34,33,22,13,75.05328798185941,17.91043083900227,0.9036281179138321,2.418367346938775,69.18934240362812,75.0,71.70975056689342,16.346938775510203,10
68,Cam Thomas,Brooklyn Nets,SG,280,364,93,211,436.1,64,71,921.4,30,77,364.2,4,31,35,34,23,5,20,4,-25,349,315,314,69,591.6071111111112,47.864,56.544000000000004,26.624000000000002,863.0337777777779,550.3617777777778,920.8871111111112,87.8,10
69,Cam Whitmore,Houston Rockets,F,129,222,46,111,405.4,17,24,488.3,20,56,339.9,11,26,37,15,15,7,10,6,7,181,166,144,52,250.29659763313606,30.59763313609467,37.835059171597635,12.059171597633135,568.4082840236687,393.57174556213016,387.76331360946745,105.80251479289942,10
70,Cameron Johnson,Brooklyn Nets,SF,108,244,35,86,416.4,19,22,650.0,19,52,360.6,6,30,36,16,14,8,9,2,-48,160,144,124,52,173.71267361111114,34.35069444444444,13.684027777777779,12.125,428.0460069444444,306.3515625,261.44184027777777,82.0,10
71,Cameron Payne,Philadelphia 76ers,PG,55,159,20,52,465.6,0,0,0.0,15,38,493.3,1,13,14,25,19,9,9,5,15,94,69,80,39,115.99402019409862,19.937261052837957,29.088422703656505,4.835506322909518,233.90589157925697,157.69052053720227,158.30722478188412,82.92785021076365,10
72,Caris LeVert,Cleveland Cavaliers,SG,120,263,43,98,424.7,21,26,630.0,13,36,340.8,6,26,32,22,14,11,13,3,-32,174,152,142,54,375.6531819828523,56.36155053737471,102.81053012921146,8.133921024030915,866.9822485207101,609.2010626735902,546.7520830817535,245.854365414805,10
73,Cason Wallace,Oklahoma City Thunder,G,45,192,18,43,396.7,0,0,0.0,9,24,350.0,8,12,20,17,13,16,3,4,68,82,65,62,37,178.69010323958705,16.855286578853686,10.175329298682804,7.438590245639017,255.81861872552508,224.3606265574938,188.65574937700248,48.52296190815237,10
74,Cedi Osman,San Antonio Spurs,SF,70,175,27,53,472.5,1,2,50.0,15,32,373.7,2,23,25,12,17,3,5,2,-40,107,95,82,37,235.14724245577526,36.54162330905307,29.950052029136323,16.565036420395423,418.56711758584805,316.12591050988556,295.82986472424557,108.2502601456816,10
75,Charlie Brown Jr.,New York Knicks,G,3,27,1,5,20.0,0,0,0.0,1,3,33.3,1,1,2,0,4,0,0,1,-6,5,5,3,2,6.79591836734694,3.020408163265307,0.0,0.7551020408163267,18.877551020408163,18.877551020408163,6.79591836734694,3.020408163265307,2
76,Chet Holmgren,Oklahoma City Thunder,PF,155,274,55,109,499.4,30,41,754.7,15,47,304.3,17,69,86,18,23,7,18,23,109,259,241,173,104,314.7572089711641,18.400142399430404,19.60128159487362,8.607689569241723,399.2079031683873,357.16945532217875,348.3948024207903,46.40227839088644,10
77,Chimezie Metu,Detroit Pistons,PF,114,314,45,91,493.0,11,11,600.0,13,36,346.6,14,53,67,17,18,19,19,5,-53,198,181,131,84,323.1092643890428,63.13850415512465,12.113573407202217,19.27146814404432,576.9615266235764,522.7777777777778,363.99661434287475,88.54847645429363,10
78,Chris Boucher,Toronto Raptors,PF,69,120,25,35,573.3,15,18,500.0,4,12,216.7,13,27,40,5,11,1,9,5,7,114,109,74,45,142.20987654320987,47.580246913580254,5.913580246913581,4.0246913580246915,410.0,329.0246913580247,192.69135802469134,83.98765432098766,8
79,Chris Duarte,Sacramento Kings,SG,39,120,14,42,302.5,4,4,200.0,7,27,239.3,6,10,16,5,8,4,5,3,-35,60,55,44,21,171.20266466504034,20.868455620191405,6.5042221805216744,6.21711390504785,339.6888722086695,268.02420716832427,222.77838243572901,47.46162507036967,10
80,Chris Livingston,Milwaukee Bucks,F,6,20,3,5,100.0,0,0,0.0,0,2,0.0,1,5,6,1,7,0,2,0,-11,13,12,7,7,24.2603550295858,17.278106508875744,0.9260355029585798,0.0,78.94970414201184,80.7810650887574,22.452662721893493,18.180473372781062,2
81,Chris Paul,Golden State Warriors,PG,89,257,37,87,416.09999999999997,2,2,100.0,13,38,349.9,0,31,31,54,20,14,17,3,34,174,120,143,85,85.90404993467847,34.976484250254025,69.24952823341559,4.122078676150385,320.5402816083611,126.02061257076497,236.36681666424738,148.2829147916969,10
82,Christian Braun,Denver Nuggets,G,73,194,28,59,413.0,9,14,333.3,8,25,258.3,14,20,34,17,15,5,4,4,40,124,107,90,51,292.24534893877194,71.06140274259761,34.355402218534365,11.61009695169884,784.7403266660843,548.150668180627,480.78609485544587,153.46571752991525,10
83,Christian Wood,Los Angeles Lakers,F,59,133,22,51,477.0,11,14,450.0,4,19,225.0,6,28,34,6,12,5,5,2,-14,99,93,65,40,153.90277777777777,54.402777777777786,4.625,2.4444444444444446,305.125,285.0,156.7777777777778,76.27777777777777,10
84,Chuma Okeke,Orlando Magic,PF,5,46,1,8,50.0,3,3,200.0,0,6,0.0,0,5,5,3,2,2,3,0,-25,13,10,8,8,9.431001890359168,3.542060491493384,2.0264650283553878,0.029773156899810964,13.75,9.863421550094518,13.226843100189036,5.659262759924386,7
85,Clint Capela,Atlanta Hawks,C,129,297,57,89,634.9,15,27,267.9,0,0,0.0,39,79,118,21,14,6,12,10,9,268,247,150,139,238.4039262343843,100.29892920880428,13.632956573468174,0.0,505.47798929208807,410.332242712671,292.3367043426532,155.1448542534206,10
86,Coby White,Chicago Bulls,PG,185,345,72,148,469.40000000000003,23,28,525.7,18,56,258.2,4,32,36,40,24,8,18,1,-4,261,221,225,76,964.510014420766,43.17288896010255,37.012978689312604,22.507610959782088,1573.760134593815,1317.3496234577792,1190.9221278641244,110.18426534209262,10
87,Cody Martin,Charlotte Hornets,SF,69,285,28,76,367.2,6,7,250.0,7,30,228.2,6,44,50,42,15,11,20,7,-28,161,119,111,92,111.0,28.18685121107267,64.68512110726644,2.6816608996539792,183.02076124567472,112.9515570934256,173.33217993079583,100.60899653979239,10
88,Cody Zeller,New Orleans Pelicans,C,9,40,4,7,300.0,1,2,50.0,0,0,0.0,5,11,16,5,6,2,3,0,15,30,25,14,21,4.760416666666666,10.708333333333332,5.208333333333333,0.0,28.760416666666675,21.59375,12.34375,15.5,6
89,Colby Jones,Sacramento Kings,G,17,63,7,23,199.89999999999998,2,4,100.0,1,9,16.7,6,9,15,10,13,3,3,3,28,42,32,27,25,29.502958579881653,15.704142011834321,12.412721893491126,0.8875739644970416,137.3239644970414,75.3491124260355,73.7381656804734,45.856508875739635,7
90,Cole Anthony,Orlando Magic,PG,62,155,23,65,297.6,12,13,650.0,4,19,108.3,2,19,21,15,12,4,12,2,-18,98,83,77,36,508.99722991689754,51.19612188365652,26.649861495844874,16.033240997229917,909.562326869806,694.0504155124654,698.2941828254848,104.06094182825484,10
91,Cole Swider,Miami Heat,F,19,44,6,16,104.7,2,2,100.0,5,13,116.7,0,5,5,1,1,0,4,0,-18,25,24,20,6,140.88109393579074,3.0047562425683716,0.8192627824019023,12.148632580261594,173.99405469678956,175.93579072532705,138.66111771700355,4.102259215219976,5
92,Colin Castleton,Los Angeles Lakers,C,0,12,0,2,0.0,0,0,0.0,0,0,0.0,0,1,1,0,3,1,2,0,-16,1,1,0,1,1.183431952662722,0.5950032873109796,0.0,0.0,1.1078238001314924,1.1078238001314924,1.183431952662722,0.5950032873109796,2
93,Collin Gillespie,Denver Nuggets,G,53,125,19,43,306.4,4,7,200.0,11,25,283.3,0,15,15,18,12,7,9,0,24,86,68,71,33,249.0,13.297606659729446,38.0,15.90738813735692,418.94276795005203,291.5234131113424,349.0,78.71696149843913,8
94,Collin Sexton,Utah Jazz,PG,208,319,78,161,480.5,41,49,859.9,11,39,239.89999999999998,11,19,30,60,20,8,27,4,-116,298,238,268,90,229.79733560090702,22.409580498866216,38.02267573696145,13.719104308390023,417.60204081632656,315.6383219954649,339.953798185941,52.23951247165533,10
95,Corey Kispert,Washington Wizards,SF,184,382,68,133,508.79999999999995,16,23,575.0,32,77,412.3,5,34,39,33,23,6,17,2,-68,256,223,217,72,411.81234567901237,35.93827160493827,76.2,40.864197530864196,585.2444444444444,613.4444444444443,395.21234567901246,100.53827160493827,10
96,Cory Joseph,Golden State Warriors,PG,27,71,10,16,316.7,0,0,0.0,7,11,316.7,2,9,11,6,6,0,1,0,9,44,38,33,17,31.2,10.8,2.8000000000000003,3.2,28.8,47.2,21.2,5.2,5
97,Craig Jr. Porter,Cleveland Cavaliers,G,62,138,26,50,425.3,5,6,300.0,5,12,175.0,6,19,25,24,5,3,8,3,-18,111,87,86,49,378.80400000000003,43.38399999999999,21.616,9.655999999999999,743.3,599.876,502.8039999999999,84.42399999999998,10
98,D'Angelo Russell,Los Angeles Lakers,PG,144,370,51,139,345.3,15,16,450.0,27,84,283.1,1,26,27,59,16,8,13,4,51,230,171,203,86,673.4559999999999,40.029,78.26400000000001,59.496,917.6010000000002,739.9490000000001,800.7759999999998,168.62499999999997,10
99,D.J. Carton,Toronto Raptors,G,8,31,2,7,83.3,3,4,150.0,1,4,50.0,2,1,3,3,1,1,1,0,-30,14,11,11,6,8.666666666666668,2.0,2.0,0.6666666666666667,8.666666666666666,2.6666666666666665,18.666666666666668,0.0,3
100,D.J. Wilson,Philadelphia 76ers,F,10,14,4,6,66.7,0,0,0.0,2,2,100.0,1,1,2,2,1,0,0,2,4,14,12,12,4,29.752066115702476,1.190082644628099,1.190082644628099,1.190082644628099,58.31404958677687,42.84297520661158,42.84297520661158,4.760330578512396,1
101,DaQuan Jeffries,New York Knicks,SG,0,7,0,2,0.0,0,0,0.0,0,2,0.0,0,0,0,3,0,0,1,0,7,3,0,3,3,0.39889196675900274,0.0,5.609418282548476,0.04432132963988919,3.0166204986149587,0.39889196675900274,3.0166204986149587,5.609418282548476,1
102,Daishen Nix,Minnesota Timberwolves,SG,5,12,2,5,66.7,0,0,0.0,1,3,50.0,0,1,1,3,1,2,1,0,13,9,6,8,4,13.509695290858724,0.5124653739612188,5.110803324099724,0.5346260387811634,4.1024930747922435,9.246537396121884,5.191135734072022,8.797783933518007,2
103,Dalano Banton,Portland Trail Blazers,G,215,354,80,199,402.7,33,40,757.2,22,87,268.6,7,52,59,54,11,13,30,7,-117,328,274,269,113,708.6311519740402,111.99161709031911,89.55543537047053,20.26636019469984,1506.0251487290427,1068.7455381287182,1146.8161168199028,200.6416982152515,10
104,Dalen Terry,Chicago Bulls,F,47,157,20,47,338.9,4,8,50.0,3,17,100.0,8,17,25,15,23,6,8,10,13,87,72,62,40,276.21984856679285,46.586533261222286,50.66360194699838,4.101946998377501,633.8718226068146,402.6122228231476,484.24148188209847,120.48810167658193,10
105,Damian Jones,Cleveland Cavaliers,C,53,115,22,35,544.6,8,10,450.0,1,7,50.0,10,17,27,4,11,4,6,3,-48,84,80,57,31,208.91836734693874,53.20408163265305,4.401499375260308,0.9033735943356935,351.2061640982924,356.2448979591836,195.27321949187836,66.21199500208247,10
106,Damian Lillard,Milwaukee Bucks,PG,261,370,73,176,407.7,82,90,779.2,33,90,342.4,4,36,40,55,20,8,32,3,-34,356,301,316,95,626.3732662703856,25.761926535589087,69.25849718030787,34.116598079561044,781.1400701112635,703.2731290961743,690.5075445816186,108.75308641975309,10
107,Daniel Gafford,Dallas Mavericks,C,84,197,37,52,626.4,10,19,241.7,0,0,0.0,12,33,45,13,17,5,10,15,-16,142,129,97,58,496.4414827155352,216.63098708871306,27.091420241566013,0.0,1282.9106622240731,1067.2448979591836,585.1089129529363,370.72074135776757,10
108,Daniel Theis,LA Clippers,C,62,162,25,48,406.4,6,6,300.0,6,16,283.3,12,35,47,9,15,2,8,8,12,118,109,71,56,340.4444444444444,70.33471074380165,7.389348025711662,6.471992653810835,725.7598714416896,681.0215794306703,371.8741965105601,91.0325987144169,10
109,Danilo Gallinari,Milwaukee Bucks,PF,40,109,13,26,447.5,12,14,375.0,2,9,200.0,3,16,19,7,7,3,6,1,-15,66,59,47,26,101.34943773427739,33.50978758850479,6.235318617242816,1.673469387755102,164.87963348604748,180.67346938775512,90.73011245314453,34.570595585172846,10
110,Dante Exum,Dallas Mavericks,G,37,184,15,44,253.0,3,4,150.0,4,17,200.0,4,26,30,23,11,2,9,1,48,90,67,60,53,260.84315846403456,61.53812871822606,38.5,8.430773391022175,559.203082747431,419.61005949161705,403.41292590589507,97.06138453217956,10
111,Danuel House Jr.,Philadelphia 76ers,SF,42,143,14,30,276.3,13,15,466.7,1,11,33.3,6,11,17,7,16,7,3,3,-26,66,59,49,24,42.0,11.714285714285715,8.0,0.8571428571428572,41.714285714285715,51.714285714285715,40.0,11.714285714285715,7
112,Dario Saric,Golden State Warriors,PF,29,101,12,30,281.7,3,5,75.0,2,14,100.0,5,15,20,14,3,1,15,1,-26,63,49,43,34,128.86159169550172,32.13840830449827,10.754325259515571,2.1816608996539792,246.84775086505192,230.48096885813146,130.78546712802768,57.33564013840831,10
113,Darius Bazley,Utah Jazz,F,48,141,18,29,408.1,10,12,360.0,2,8,83.3,8,19,27,5,3,6,7,7,-32,80,75,53,32,77.5296,30.769599999999997,4.833600000000001,1.3504,199.3184,185.5984,82.2864,44.5664,6
114,Darius Garland,Cleveland Cavaliers,PG,172,341,66,147,445.5,13,18,343.4,27,62,437.0,4,29,33,60,17,14,30,2,-38,265,205,232,93,423.24422815753735,22.397012222725216,55.57899502037122,15.173607967406067,503.8082842915346,502.4674060660932,401.9585785423268,100.60253508374831,10
115,David Duke Jr.,San Antonio Spurs,G,23,48,9,17,200.0,3,3,200.0,2,5,66.7,2,8,10,4,4,2,3,0,7,37,33,27,14,94.99489795918366,26.096938775510207,10.693877551020407,2.6734693877551017,173.24489795918365,147.77551020408163,91.52551020408163,65.7295918367347,3
116,David Roddy,Phoenix Suns,F,61,130,25,53,522.0,6,10,241.7,5,20,143.3,4,15,19,11,5,1,10,0,-72,91,80,72,30,496.329719387755,55.12244897959183,20.52869897959184,9.651147959183675,959.798469387755,763.1103316326531,671.012755102041,97.65625,10
117,Davion Mitchell,Sacramento Kings,PG,93,235,35,88,397.3,6,9,250.0,17,45,402.1,7,20,27,29,12,1,7,0,74,149,120,122,56,173.469,40.989,24.296,15.236000000000002,350.824,257.61600000000004,233.00099999999995,98.961,10
118,Davis Bertans,Charlotte Hornets,SF,101,224,34,78,424.8,7,7,400.0,26,67,373.0,2,17,19,8,21,10,8,4,-38,128,120,109,27,149.64511009720292,17.466574092441974,13.606427296171395,20.914104344376117,227.13628248363423,236.4372148383257,150.62348740329298,20.79369172783178,10
119,Day'Ron Sharpe,Brooklyn Nets,C,49,129,22,47,507.3,5,7,166.7,0,3,0.0,30,32,62,10,19,1,14,7,-16,121,111,59,72,63.769319161160574,203.98276357368573,10.485492674518817,0.025854639471416266,424.04740017236423,360.0606147658719,95.90721057167481,246.31715024418273,10
120,De'Aaron Fox,Sacramento Kings,PG,281,383,106,233,465.9,31,42,693.6,38,103,379.9,6,44,50,53,25,22,23,3,57,384,331,334,103,512.1734693877551,34.10849645980842,39.31882548937942,48.669720949604326,624.9656393169514,621.7805081216161,488.1482715535194,100.63765097875887,10
121,De'Andre Hunter,Atlanta Hawks,SF,151,350,53,137,355.8,25,35,607.1,20,68,277.5,5,44,49,24,23,5,19,1,-65,224,200,175,73,424.78713151927434,171.77551020408163,18.622448979591834,18.11479591836735,932.3211451247165,892.2395124716553,444.23611111111114,211.03061224489798,10
122,De'Anthony Melton,Philadelphia 76ers,SG,31,71,10,34,130.5,4,4,200.0,7,23,145.0,1,9,10,10,6,6,1,1,1,51,41,41,20,187.0,5.355371900826446,5.355371900826446,11.231404958677684,292.05785123966945,234.1735537190083,234.1735537190083,21.421487603305785,6
123,DeAndre Jordan,Denver Nuggets,C,36,96,15,27,411.8,6,6,300.0,0,0,0.0,12,28,40,7,13,2,4,4,-33,83,76,43,47,172.41975308641975,89.60000000000001,10.111111111111112,0.0,502.3827160493827,440.3753086419753,210.1604938271605,123.97777777777777,10
124,DeJon Jarreau,Memphis Grizzlies,F,43,150,17,50,308.3,5,11,250.0,4,13,141.7,8,36,44,26,14,6,9,2,-24,113,87,69,70,98.3598615916955,111.6805074971165,54.768166089965405,4.376009227220299,497.42445213379466,248.86851211072664,221.79238754325257,291.5720876585928,9
125,DeMar DeRozan,Chicago Bulls,SF,279,392,105,200,523.8,57,71,811.6,12,30,300.0,2,40,42,59,19,11,30,5,14,380,321,338,101,374.1360946745562,31.901461176186448,62.920057964014006,18.701364569496437,402.05385822968253,396.10687115082726,391.24381113392093,83.66078975969086,10
126,Dean Wade,Cleveland Cavaliers,PF,46,178,15,35,260.2,5,7,216.7,11,31,233.4,4,27,31,7,8,3,1,9,-23,84,77,53,38,468.50000000000006,35.125,6.125,31.525000000000006,718.8,714.725,466.12499999999994,47.699999999999996,10
127,Deandre Ayton,Portland Trail Blazers,C,212,329,100,186,522.8,12,15,263.9,0,7,0.0,30,81,111,16,13,10,18,7,-110,339,323,228,127,695.6772268135904,167.16345270890724,6.415518824609735,0.03673094582185492,1495.6483011937557,1409.2768595041323,755.623507805326,200.00413223140498,10
128,Dejounte Murray,Atlanta Hawks,SG,232,381,91,215,424.1,22,30,666.7,28,85,332.4,12,49,61,78,26,12,33,2,-58,371,293,310,139,844.5324499729584,98.42644672796106,138.0746349378042,21.371822606814494,1390.96106003245,1117.6727961060033,1039.708220659816,314.61357490535426,10
129,Delon Wright,Miami Heat,SG,74,235,26,45,596.4,8,8,300.0,14,23,533.3,7,19,26,24,11,16,1,4,42,124,100,98,50,177.6468224981738,28.331628926223523,23.101533966398833,21.1208911614317,244.93973703433167,172.02227903579256,262.0427319211103,39.954711468224986,10
130,Deni Avdija,Washington Wizards,SF,182,360,62,127,470.2,46,58,825.9,12,41,288.2,8,77,85,45,22,7,28,9,-6,312,267,227,130,493.84693877551024,124.84489795918367,71.67551020408163,8.122448979591837,1223.6,973.2755102040817,680.4448979591837,260.2469387755102,10
131,Dennis Schroder,Brooklyn Nets,PG,158,333,57,139,411.8,25,26,787.5,19,54,394.5,12,40,52,64,22,5,17,5,25,274,210,222,116,565.4933378310002,38.601450497554396,61.52268510710069,34.90285039635689,853.900826446281,618.4483049418114,767.8080620678023,133.2619328723225,10
132,Dennis Smith Jr.,Brooklyn Nets,PG,58,167,21,46,487.1,8,11,383.3,8,22,348.3,5,13,18,28,22,16,11,0,3,104,76,86,46,78.47147022074135,17.85339441899209,40.0,4.21990837151187,181.54768846314036,139.3027905039567,112.87963348604748,65.69012911286964,10
133,Dereck II Lively,Dallas Mavericks,C,73,190,32,46,719.7,9,19,300.0,0,0,0.0,14,46,60,7,13,5,6,11,31,140,133,80,67,145.0281141868512,66.21626297577855,4.100778546712803,0.0,290.57612456747404,246.7962802768166,168.78200692041523,90.34299307958477,10
134,Derrick Jones Jr.,Dallas Mavericks,SF,90,266,35,71,498.8,9,16,400.0,11,32,285.3,15,17,32,9,29,4,8,14,46,131,122,99,41,198.10069444444446,42.18402777777777,12.90017361111111,8.275173611111112,334.4140625,348.94444444444446,191.15017361111114,47.504340277777786,10
135,Derrick Rose,Memphis Grizzlies,PG,49,95,20,37,377.7,5,6,266.7,4,8,233.3,0,15,15,21,3,1,9,0,-9,85,64,70,36,70.0,14.857142857142858,12.0,3.7142857142857144,188.85714285714286,116.85714285714286,128.0,40.857142857142854,7
136,Derrick White,Boston Celtics,PG,165,328,59,119,466.9,14,15,580.0,33,80,385.2,7,28,35,41,20,7,12,8,23,241,200,206,76,908.6390624999999,67.7890625,60.1515625,42.1015625,1185.7265625,1159.25625,934.625,128.42500000000004,10
137,Desmond Bane,Memphis Grizzlies,SG,93,165,30,80,183.4,19,21,366.7,14,40,172.9,2,14,16,34,14,5,13,2,-54,143,109,127,50,267.2,8.8,114.79999999999998,4.8,701.1999999999999,362.8,587.2,142.0,5
138,Devin Booker,Phoenix Suns,SG,241,396,71,156,433.1,81,87,941.1,18,59,292.5,7,24,31,66,35,15,31,2,-12,338,272,307,97,1214.104,25.54099999999999,58.464000000000006,25.444,1273.3609999999999,1364.529,1110.1999999999998,96.74100000000001,10
139,Devin Vassell,San Antonio Spurs,SG,193,373,77,163,440.2,18,21,691.7,21,61,312.3,0,33,33,47,16,12,18,1,-43,273,226,240,80,806.4410104810535,25.71969900564364,52.6495565708143,24.90217683418436,1079.5020155872078,846.0,1027.3222252082774,90.99005643644182,10
140,Devonte' Graham,San Antonio Spurs,PG,79,210,27,77,363.0,7,8,350.0,18,60,327.9,3,17,20,30,10,6,14,1,-3,129,99,109,50,287.4330755502677,12.214158239143368,34.3807257584771,18.428316478286735,450.24449732302196,320.9238548483046,406.18262938726946,57.16597263533611,10
141,Dillon Brooks,Houston Rockets,SF,117,315,42,109,361.0,14,17,319.0,19,57,356.79999999999995,8,25,33,15,39,9,11,3,-48,165,150,132,48,681.6047578794831,28.20444390774061,19.166888056997948,23.043473010505977,933.4588817775631,746.8163265306123,851.7751479289941,63.84349716217848,10
142,Domantas Sabonis,Sacramento Kings,PF,181,357,70,132,526.7,39,55,747.5,2,11,66.7,41,98,139,72,33,14,33,6,33,392,320,253,211,199.684,120.26899999999999,33.444,3.625,538.641,364.081,317.256,210.701,10
143,Dominick Barlow,San Antonio Spurs,F,57,150,21,38,506.6,15,18,416.6,0,1,0.0,19,22,41,15,19,4,4,3,10,113,98,72,56,290.46020761245677,81.13667820069205,45.74567474048443,0.0,715.5397923875432,590.5,425.3581314878893,117.0242214532872,10
144,Donovan Mitchell,Cleveland Cavaliers,SG,221,354,76,182,405.8,46,53,735.7,23,77,287.6,7,31,38,50,25,22,31,6,-42,309,259,271,88,596.9008264462809,52.79338842975207,42.47603305785124,18.976859504132232,581.9752066115702,700.0314049586777,489.3371900826446,84.77685950413223,10
145,Donte DiVincenzo,New York Knicks,SG,141,350,51,122,402.0,14,15,550.0,25,72,323.0,6,31,37,31,15,12,12,7,-13,209,178,172,68,593.8081632653061,13.587755102040813,41.319274376417226,47.400000000000006,907.9723356009071,688.0163265306122,796.7437641723357,71.92743764172336,10
146,Dorian Finney-Smith,Brooklyn Nets,PF,59,287,23,61,357.5,7,10,350.0,6,35,181.6,12,34,46,16,15,11,9,5,-50,121,105,75,62,170.87530233808116,38.64767535608708,6.6374630475678575,5.748454716474066,204.79252889008333,170.7446922870196,212.60816984681537,37.60010749798441,10
147,Doug McDermott,Indiana Pacers,SF,28,94,10,28,266.6,0,0,0.0,8,24,308.3,1,3,4,3,8,2,0,0,-20,35,32,31,7,89.43402777777777,2.90625,3.7673611111111116,6.402777777777778,130.1840277777778,106.27777777777777,111.90277777777779,8.11111111111111,10
148,Draymond Green,Golden State Warriors,PF,85,306,34,60,494.9,7,11,325.0,10,22,271.4,13,57,70,67,34,21,29,7,30,222,155,152,137,360.89012345679015,71.87777777777778,89.97777777777777,24.653086419753087,573.841975308642,297.2716049382716,586.104938271605,213.2111111111111,10
149,Drew Eubanks,Phoenix Suns,PF,38,138,15,34,383.3,8,9,275.0,0,0,0.0,10,26,36,5,18,4,4,4,-26,79,74,43,41,100.0897013497715,78.25698799022213,5.038048676798809,0.0,148.39908598150706,143.04708258050803,89.4425550005314,99.29418641726006,10
150,Drew Peterson,Boston Celtics,F,8,20,3,5,75.0,0,0,0.0,2,4,66.7,0,1,1,0,0,2,1,0,6,9,9,8,1,35.55555555555556,0.5555555555555556,0.0,2.2222222222222223,27.222222222222218,27.222222222222218,35.55555555555556,0.5555555555555556,2
151,Duncan Robinson,Miami Heat,F,45,178,16,49,290.5,2,2,100.0,11,42,209.1,2,17,19,11,22,5,13,1,-75,75,64,56,30,278.2544378698224,12.207100591715976,12.45562130177515,16.72544378698225,458.5976331360947,353.7751479289941,376.5917159763313,31.147928994082843,10
152,Duop Reath,Portland Trail Blazers,C,77,168,30,80,359.6,8,10,275.0,9,37,251.7,11,29,40,9,14,5,3,5,-40,126,117,86,49,202.55600189035917,22.112712665406427,22.95463137996219,5.382088846880908,336.81758034026467,272.8742911153119,259.55127599243855,52.01535916824196,10
153,Dwight Powell,Dallas Mavericks,C,23,125,9,15,516.7,5,10,300.0,0,1,0.0,19,20,39,10,18,3,6,2,-64,72,62,33,49,41.7,114.11111111111113,13.6,0.0,342.8111111111112,245.8777777777778,76.5,189.84444444444443,10
154,Dylan Windler,Atlanta Hawks,G,28,67,10,18,163.8,0,0,0.0,8,16,142.1,3,7,10,3,3,2,2,0,-17,41,38,31,13,136.02615933412602,8.092746730083235,2.9072532699167657,13.467300832342453,201.36385255648037,182.92033293697978,146.07491082045183,19.394768133174793,4
155,Dylan Windler,Los Angeles Lakers,G,3,14,1,4,25.0,0,0,0.0,1,4,25.0,0,1,1,2,1,0,0,0,-7,6,4,5,3,14.702734839476815,3.011890606420927,0.4019024970273484,1.1474435196195003,19.181926278240194,24.83947681331748,11.05469678953627,1.4042806183115344,2
156,Dyson Daniels,New Orleans Pelicans,G,59,208,24,51,387.5,2,3,150.0,9,23,303.3,6,35,41,21,14,11,7,4,-38,121,100,80,62,232.7353031702062,59.97630040012311,49.112034472145275,15.112034472145275,521.3281009541397,334.97506925207756,344.24376731301936,183.9329024315174,10
157,Emoni Bates,Cleveland Cavaliers,F,23,51,9,24,127.9,0,2,0.0,5,13,120.0,0,4,4,4,0,0,7,0,-22,31,27,27,8,33.94921875,5.48046875,5.0,3.76171875,62.6875,44.1875,44.07421875,18.85546875,3
158,Eric Gordon,Phoenix Suns,SG,68,246,22,63,323.8,10,12,350.0,14,42,295.8,1,8,9,12,8,14,8,4,0,89,77,80,21,235.7939058171745,11.930747922437673,12.468698060941827,13.680886426592798,288.38725761772855,282.4493074792244,235.43933518005542,30.69196675900277,10
159,Eugene Omoruyi,Washington Wizards,F,63,142,24,53,407.7,8,16,291.7,7,18,230.0,9,11,20,9,16,6,6,4,-72,92,83,72,29,317.98890532544385,22.299556213017752,11.284763313609467,16.426775147928996,395.64275147928987,336.78402366863907,382.1686390532545,28.263313609467453,10
160,Evan Fournier,Detroit Pistons,SG,77,213,29,81,309.8,11,15,350.0,8,42,171.7,1,17,18,14,12,8,5,4,-57,109,95,91,32,435.24845679012344,13.61304012345679,19.187114197530864,9.946373456790123,561.9027777777778,558.0667438271605,429.6871141975309,42.19753086419753,10
161,Evan Mobley,Cleveland Cavaliers,PF,137,306,53,111,487.3,25,33,708.4,6,21,175.0,17,57,74,26,24,10,15,17,-10,237,211,163,100,156.7381300219138,128.68845872899928,24.886778670562453,6.8444119795471146,483.84441197954715,388.92695398100796,238.7498173849525,166.4810080350621,10
162,Frank Ntilikina,Charlotte Hornets,PG,5,39,1,8,50.0,2,2,100.0,1,7,50.0,1,4,5,3,4,0,0,0,0,13,10,8,8,19.0,7.0,6.84,0.7600000000000002,24.439999999999998,14.0,18.64,24.640000000000004,4
163,Franz Wagner,Orlando Magic,SF,207,329,73,150,482.0,47,55,867.2,14,47,306.7,12,48,60,38,26,8,14,8,56,305,267,245,98,351.24388954947824,88.23120623596247,39.181662042541944,7.495838287752676,668.6969216541155,675.3995243757432,360.49583828775275,111.45831681860217,10
164,Fred VanVleet,Houston Rockets,PG,208,376,71,171,428.4,33,39,715.0,33,88,351.0,8,34,42,70,39,23,15,6,-13,320,250,278,112,1160.8407606328929,48.871824647989556,54.606474089127595,62.113949775003626,1447.6771664973146,1484.0150965307012,1159.1197561329657,68.86137320365802,10
165,Furkan Korkmaz,Philadelphia 76ers,SG,41,116,13,29,278.6,7,10,241.7,8,18,258.3,3,12,15,12,6,3,2,2,22,68,56,53,27,292.875,14.875,10.0,20.0,404.0,340.0,363.875,17.875,8
166,GG Jackson,Memphis Grizzlies,F,187,330,67,163,396.4,27,35,685.7,26,77,335.5,9,42,51,21,16,10,19,4,-64,259,238,208,72,1089.9496384297522,135.51368801652893,17.513688016528924,28.509297520661153,1397.3525309917356,1503.1373966942147,1013.1373966942149,124.05475206611571,10
167,Gabe Vincent,Los Angeles Lakers,PG,21,148,8,30,165.0,1,1,100.0,4,19,125.0,2,12,14,9,12,5,4,0,29,44,35,30,23,90.65548980933596,19.005917159763314,2.9079552925706773,4.606180144641684,160.27087442472057,173.87836949375412,84.10913872452333,14.852728468113085,10
168,Garrett Temple,Toronto Raptors,SF,50,193,18,53,402.4,7,10,300.0,7,27,253.3,13,18,31,18,22,7,9,3,-92,99,81,68,49,140.73350694444446,31.7265625,33.625,8.2265625,238.94444444444443,214.90277777777777,136.08767361111111,94.0390625,10
169,Garrison Mathews,Atlanta Hawks,SG,78,192,26,58,466.09999999999997,6,8,266.7,20,49,455.0,3,11,14,6,16,4,3,1,-37,98,92,84,20,175.2,14.4,14.84567901234568,10.653086419753087,265.9567901234568,231.2,198.7567901234568,40.44567901234568,10
170,Gary Harris,Orlando Magic,SG,43,284,14,49,254.2,2,2,100.0,13,39,302.1,7,12,19,14,18,14,4,4,26,76,62,57,33,246.03896604938274,26.915123456790123,30.66859567901235,22.137345679012345,544.4753086419753,372.35069444444446,393.23611111111114,82.51118827160494,10
171,Gary Payton II,Golden State Warriors,SG,67,174,30,45,679.0,3,5,200.0,4,11,216.7,6,17,23,14,22,9,6,7,46,104,90,81,37,149.61325687299714,44.781413391803,38.67633665036262,4.40006746500253,205.04773148928993,143.1037274413898,135.08939112835216,159.92561983471074,10
172,Gary Trent Jr.,Toronto Raptors,SG,200,317,75,175,428.6,26,29,633.3,24,75,319.1,6,30,36,28,17,15,8,0,-65,264,236,228,64,467.06198347107437,34.4485766758494,28.7089072543618,37.47107438016529,682.793388429752,607.2213039485766,529.4568411386593,76.33471074380166,10
173,Georges Niang,Cleveland Cavaliers,SF,57,190,21,59,318.4,4,6,125.0,11,36,261.3,1,18,19,7,22,5,8,3,-23,83,76,64,26,401.618700541441,26.882548937942527,7.332153269471053,24.178467305289463,566.6426488962932,513.3163265306122,448.11495210329036,41.04477301124531,10
174,Giannis Antetokounmpo,Milwaukee Bucks,PF,282,365,114,193,601.8,53,86,543.3,1,11,50.0,40,95,135,72,29,9,37,16,18,489,417,354,207,457.31103515625,205.884765625,50.06494140625,1.42041015625,1149.837890625,1028.18212890625,528.7890625,306.12744140625,10
175,Goga Bitadze,Orlando Magic,C,32,109,13,27,496.7,6,8,350.0,0,3,0.0,12,16,28,10,11,4,11,9,-34,70,60,42,38,59.984,67.524,10.115999999999998,0.0,259.264,196.51600000000002,89.876,110.496,10
176,Gordon Hayward,Oklahoma City Thunder,SF,53,157,20,36,383.4,9,13,233.4,4,9,166.7,3,21,24,10,5,7,6,2,48,87,77,63,34,302.63007030827475,29.568685776095187,9.137101135749052,4.973769605191996,316.6517036235803,305.37290427257983,296.21444023796647,56.400216333153054,10
177,Gradey Dick,Toronto Raptors,G,142,305,54,124,437.7,13,16,346.4,21,58,352.9,4,26,30,5,15,6,11,0,-105,177,172,147,35,301.2390625,50.6890625,9.80625,25.0,323.10625,382.0,259.3640625,43.4765625,10
178,Grant Williams,Charlotte Hornets,PF,151,318,57,103,554.7,19,27,691.7,18,40,540.3,13,41,54,49,36,6,15,4,-66,254,205,200,103,251.66481994459832,40.56959833795014,91.99722991689751,3.84106648199446,381.7108725761772,306.09452908587264,273.72299168975076,186.125,10
179,Grayson Allen,Phoenix Suns,SG,119,298,40,95,402.6,19,22,512.5,20,61,371.1,11,40,51,21,17,11,13,3,52,191,170,140,72,455.29583521955635,59.71140787686736,33.0,24.21118153010412,673.6165685830692,584.1910366681757,560.8277501131734,76.60502489814397,10
180,Gui Santos,Golden State Warriors,F,50,130,17,34,372.5,10,11,450.0,6,15,320.0,10,23,33,12,17,3,5,2,6,95,83,62,45,254.08284023668642,136.82117028270875,16.322156476002633,4.669296515450362,777.6416831032216,677.41288625904,299.7777777777778,207.67718606180142,10
181,Harrison Barnes,Sacramento Kings,SF,113,283,35,88,340.3,28,36,551.4,15,43,308.3,11,28,39,19,8,7,6,1,47,171,152,132,58,488.725,41.576,26.836,13.524000000000001,963.925,723.801,690.7610000000001,106.5,10
182,Harry III Giles,Brooklyn Nets,F,8,8,3,6,50.0,1,2,50.0,1,1,100.0,2,2,4,2,3,0,0,0,-12,14,12,10,6,53.29,11.334444444444445,3.61,0.8711111111111112,157.92111111111112,113.77777777777777,84.63999999999999,27.737777777777776,1
183,Harry III Giles,Los Angeles Lakers,F,2,10,1,4,100.0,0,0,0.0,0,2,0.0,0,1,1,0,0,1,0,0,-15,3,3,2,1,2.18,0.5355555555555556,0.020000000000000004,0.008888888888888889,4.5088888888888885,4.555555555555555,2.08,0.6088888888888888,2
184,Haywood Highsmith,Miami Heat,F,56,251,24,57,400.4,2,4,150.0,6,30,168.3,12,23,35,13,25,8,10,3,-24,104,91,69,48,131.72645136485966,66.11572472126105,28.155517108804304,12.949634755863128,231.9031141868512,181.01826220684356,168.21030372933484,108.67224144559785,10
185,Henri Drell,Chicago Bulls,F,9,23,3,7,42.9,1,2,50.0,2,4,50.0,0,2,2,1,5,2,1,1,7,12,11,10,3,49.0,1.3313609467455618,0.0059171597633136015,2.863905325443787,65.23668639053254,66.48520710059171,47.92899408284024,1.1597633136094674,1
186,Herbert Jones,New Orleans Pelicans,SF,110,339,36,86,428.1,19,22,650.0,19,50,379.2,10,30,40,27,33,13,21,3,-32,177,150,137,67,216.98775510204084,51.836734693877546,34.88934240362812,14.244444444444447,246.23356009070295,299.51836734693876,142.11111111111111,108.31791383219954,10
187,Hunter Tyson,Denver Nuggets,F,0,7,0,3,0.0,0,0,0.0,0,3,0.0,0,1,1,0,1,0,2,0,-1,1,1,0,1,3.6337890625,0.765625,0.0244140625,0.1181640625,1.41015625,1.0634765625,4.25390625,0.5166015625,1
188,I. Thomas,Phoenix Suns,G,8,13,3,7,83.3,0,0,0.0,2,4,100.0,0,0,0,2,0,0,0,0,-4,10,8,10,2,17.520408163265305,0.0,0.5739795918367346,1.0204081632653061,24.06377551020408,17.520408163265305,24.06377551020408,0.5739795918367346,2
189,Ibou Badji,Portland Trail Blazers,C,12,51,5,7,300.0,2,4,100.0,0,0,0.0,2,4,6,4,10,1,6,3,-29,22,18,16,10,15.051652892561982,7.365702479338842,4.440082644628099,0.0,39.018595041322314,35.25619834710744,20.487603305785125,10.132231404958679,5
190,Immanuel Quickley,Toronto Raptors,SG,215,338,66,155,420.6,58,66,782.2,25,74,329.5,3,48,51,75,24,11,28,2,-66,341,266,290,126,606.3961068356723,76.92394748755093,77.20733363512902,14.691263014938885,1224.5165233137168,844.6853779990946,911.4875509280217,228.87098234495247,10
191,Isaac Okoro,Cleveland Cavaliers,SF,60,225,19,46,385.0,14,19,508.3,8,24,173.3,3,16,19,12,21,10,8,2,-16,91,79,72,31,220.8212547322877,23.23985938345051,33.43104380746349,13.785018929150892,431.49323958896707,321.12222823147647,314.65251487290425,73.210654407788,10
192,Isaiah Hartenstein,New York Knicks,C,110,269,48,73,675.7,14,22,400.0,0,1,0.0,37,38,75,33,34,7,19,15,-29,218,185,143,108,147.1497292794669,80.80008329862558,30.122032486463976,0.0,273.6120366513953,270.56663890045814,126.74489795918367,134.3723448563099,10
193,Isaiah Jackson,Indiana Pacers,SF,58,144,22,34,690.5,14,18,591.7,0,0,0.0,21,26,47,10,23,5,3,10,35,115,105,68,57,56.57409244197579,91.01150565364014,33.0493949613172,0.0,413.91212061099,238.02678040071422,140.5479071612775,215.97242610593136,10
194,Isaiah Joe,Oklahoma City Thunder,SG,61,164,23,51,419.6,2,2,100.0,13,36,353.3,5,18,23,13,10,7,6,2,63,97,84,74,36,147.34121491733947,10.188581314878892,14.626297577854672,10.169357939254134,224.7777777777778,190.10995770857363,180.24086889657823,26.58304498269896,10
195,Isaiah Mobley,Cleveland Cavaliers,F,16,48,7,15,120.8,0,1,0.0,2,7,58.3,2,5,7,2,2,1,1,0,-10,25,23,18,9,66.50692520775623,14.0,1.6121883656509695,1.1551246537396125,109.0,107.34903047091412,65.0,18.77008310249307,3
196,Isaiah Stewart,Detroit Pistons,C,106,319,40,71,587.7,10,12,516.7,16,38,409.0,10,48,58,12,11,4,10,10,-48,176,164,118,70,131.47520661157026,49.603305785123965,9.603305785123966,12.764462809917354,245.47520661157023,193.27685950413223,178.88016528925618,64.0,10
197,Ish Smith,Charlotte Hornets,PG,18,181,8,34,236.0,0,0,0.0,2,2,200.0,1,19,20,41,16,5,6,1,-90,79,38,59,61,54.36000000000001,24.0,78.09,1.5600000000000003,170.49,69.16000000000001,134.09,123.69,9
198,Ish Wainright,Phoenix Suns,F,3,11,1,6,16.7,0,0,0.0,1,4,25.0,3,2,5,1,1,1,1,0,-3,9,8,4,6,6.890625,19.140625,0.765625,0.765625,62.015625,49.0,12.25,27.5625,1
199,Ivica Zubac,LA Clippers,C,147,278,65,105,649.7,17,21,610.0,0,0,0.0,25,71,96,11,25,7,13,9,20,254,243,158,107,161.0,184.1015625,5.714626736111111,0.0,506.32400173611103,494.9765625,163.90212673611114,198.26150173611111,10
200,JD Davison,Boston Celtics,SG,8,27,3,9,42.9,1,2,50.0,1,4,33.3,1,6,7,9,3,1,2,1,15,24,15,17,16,23.397959183673464,8.5,26.469387755102034,0.5,151.0204081632653,51.04081632653061,97.23469387755101,61.11224489795917,2
201,JT Thor,Charlotte Hornets,F,53,151,22,34,504.4,3,5,200.0,6,16,200.0,2,24,26,10,13,3,2,6,6,89,79,63,36,334.4361111111111,81.77777777777777,15.111111111111112,10.8,896.5250000000001,727.3027777777777,454.7694444444445,145.77777777777777,10
202,JaVale McGee,Sacramento Kings,C,32,57,15,26,412.1,1,5,50.0,1,3,100.0,8,14,22,3,7,2,3,0,-5,57,54,35,25,116.88581314878891,39.121107266435985,4.03114186851211,0.9100346020761246,298.0865051903114,258.0138408304498,143.5847750865052,56.525951557093435,8
203,Jabari Smith Jr.,Houston Rockets,PF,164,341,59,126,480.9,20,26,658.3,26,67,412.2,11,52,63,26,20,4,7,13,-63,253,227,190,89,459.05164954029203,44.17766360194699,19.526500811249324,17.336127636560303,586.2955651703624,524.3564088696593,520.2866414277988,64.40832882639265,10
204,Jabari Walker,Portland Trail Blazers,F,102,313,35,94,399.4,24,33,570.9,8,24,283.3,28,77,105,14,26,2,8,1,-100,221,207,116,119,265.8241121780216,428.75308641975306,24.53467459228776,7.718030787989636,1260.7655845145555,1141.9654016156073,365.8533760097546,472.0586800792562,10
205,Jack White,Memphis Grizzlies,F,6,64,2,16,28.6,0,0,0.0,2,10,40.0,4,8,12,1,3,4,2,1,-28,19,18,7,13,27.4792899408284,4.023668639053255,0.7514792899408284,3.0532544378698225,19.0,19.289940828402365,25.17751479289941,6.78698224852071,4
206,Jacob Gilyard,Brooklyn Nets,G,0,34,0,6,0.0,0,0,0.0,0,6,0.0,1,2,3,3,4,2,1,0,-23,6,3,3,6,25.579199999999997,6.0767999999999995,10.068800000000001,2.3232,72.08000000000001,28.8528,64.3808,20.5712,3
207,Jacob Gilyard,Memphis Grizzlies,G,61,171,21,45,298.5,1,1,100.0,18,39,281.8,1,11,12,34,8,8,11,2,-52,107,73,95,46,408.4448,12.779200000000001,39.267199999999995,35.7408,766.12,519.0032,630.9952000000001,76.6128,7
208,Jacob Toppin,New York Knicks,F,13,29,5,9,107.1,2,2,100.0,1,4,33.3,3,3,6,1,3,0,1,0,-18,20,19,14,7,88.03125,11.03125,0.625,0.78125,155.125,158.5,84.53125,11.78125,2
209,Jaden Hardy,Dallas Mavericks,G,79,144,28,67,411.4,12,14,333.3,11,30,281.6,5,20,25,16,16,4,14,0,-51,120,104,95,41,494.6118826228716,47.68711508271947,23.319888902306484,8.304190315179325,844.0710059171599,746.5269894940225,569.1900736626011,93.97282936843379,10
210,Jaden Ivey,Detroit Pistons,PG,158,304,56,151,370.0,23,33,629.9,23,62,335.1,7,26,33,48,16,7,23,3,-57,239,191,206,81,534.6665598461785,30.40073706136837,50.482294504085885,41.242268867168725,663.8764621054319,611.1345938150937,571.7849703573145,96.5064893446563,10
211,Jaden McDaniels,Minnesota Timberwolves,PF,109,318,41,83,468.0,18,21,600.0,9,31,225.0,12,24,36,14,30,6,9,6,12,159,145,123,50,346.2199546485261,47.11111111111111,10.490702947845806,9.536961451247166,602.4893424036281,549.6040816326531,390.41315192743764,66.29387755102042,10
212,Jaden Springer,Boston Celtics,G,51,162,19,42,507.9,11,12,475.0,2,14,150.0,9,18,27,14,19,14,9,5,28,92,78,65,41,139.8871484514062,45.82876468494126,35.06514773940904,1.6012815948736208,538.0854396582414,325.75863296546817,279.8081167675329,153.29975080099678,10
213,Jae Crowder,Milwaukee Bucks,PF,47,194,16,53,285.5,7,9,230.0,8,32,185.0,10,18,28,9,8,3,2,4,-34,84,75,56,37,143.9365501115953,17.719417578913806,7.312466787118716,6.133276650015942,182.53161866298225,187.8851100010628,137.42693166117547,26.18801147837177,10
214,Jae'Sean Tate,Houston Rockets,SF,39,131,17,32,440.5,3,5,150.0,2,7,133.3,8,19,27,7,15,5,14,5,6,73,66,46,34,92.96667562483202,21.52512765385649,6.129266326256383,1.6001074979844128,191.7621607094867,145.35608707336738,121.80596613813492,45.221177102929325,10
215,Jahmi'us Ramsey,Toronto Raptors,SG,47,120,18,41,306.3,5,6,175.0,6,22,183.3,4,18,22,8,10,7,7,0,-28,77,69,55,30,69.3801652892562,36.066115702479344,3.072314049586777,3.402892561983472,97.25413223140495,108.65289256198346,77.28719008264463,19.832644628099175,7
216,Jaime Jr. Jaquez,Miami Heat,G,104,291,39,86,430.4,18,25,616.7,8,25,244.89999999999998,9,40,49,27,20,12,9,3,3,180,153,131,76,399.9229968782518,41.14984391259105,22.292403746097815,7.839750260145682,373.75650364203955,369.74921956295526,390.9687825182102,76.40374609781477,10
217,Jake LaRavia,Memphis Grizzlies,F,175,321,54,122,415.7,38,45,668.9,29,67,406.0,14,27,41,25,22,10,25,4,5,241,216,200,66,1008.4555765595462,31.064272211720226,25.071833648393195,69.1722327242176,1423.5066162570888,1236.0,1199.187145557656,52.91115311909263,10
218,Jakob Poeltl,Toronto Raptors,C,122,251,55,101,543.9,12,20,491.7,0,0,0.0,39,53,92,31,28,10,11,19,35,245,214,153,123,161.8469387755102,127.67346938775509,30.387755102040813,0.0,516.704081632653,398.98979591836735,256.6224489795918,181.0,10
219,Jalen Brunson,New York Knicks,PG,356,402,124,271,459.6,77,94,813.6,31,80,355.9,6,32,38,80,19,6,21,1,39,474,394,436,118,728.7041191441228,45.72249976435102,111.29946272033179,40.00895466113677,834.6430389292111,559.4859081911584,1059.9700254500897,100.91318691676877,10
220,Jalen Duren,Detroit Pistons,C,124,254,46,88,476.9,32,37,802.3,0,1,0.0,21,75,96,14,23,8,22,5,-68,234,220,138,110,327.6291257243638,192.8989669942051,16.790123456790123,0.0,984.3456790123457,904.0,376.7755102040817,240.8883849836231,10
221,Jalen Green,Houston Rockets,SG,183,327,64,164,366.5,31,40,644.6,24,85,265.1,6,52,58,46,18,9,32,2,-67,287,241,229,104,1092.9674060660932,51.67315527387958,51.89950203712087,28.485287460389316,1641.239022181983,1512.8469895880487,1216.4857401539157,108.44635581711181,10
222,Jalen HoodSchifino,Los Angeles Lakers,G,5,11,1,6,33.3,2,4,100.0,1,3,50.0,0,2,2,0,1,0,1,0,-13,7,7,5,2,9.0,0.9799999999999999,0.020000000000000004,0.8200000000000001,13.32,14.180000000000001,8.42,0.72,2
223,Jalen Johnson,Atlanta Hawks,SF,177,316,70,142,520.2,19,26,379.0,18,43,494.9,12,75,87,49,16,13,20,5,21,313,264,226,136,616.676,158.356,67.604,11.636,1274.2440000000001,838.0,943.1840000000001,335.69599999999997,10
224,Jalen McDaniels,Toronto Raptors,PF,45,155,18,52,261.5,9,11,425.0,0,10,0.0,5,14,19,14,14,2,8,2,-104,78,64,59,33,136.1634349030471,54.933518005540165,24.904278239458293,0.11080332409972297,433.48045552477686,334.797783933518,205.78608802708524,108.89781471221914,10
225,Jalen Pickett,Denver Nuggets,G,2,7,1,3,33.3,0,0,0.0,0,2,0.0,0,0,0,2,0,0,0,0,-1,4,2,4,2,0.8212890625,0.1650390625,1.0634765625,0.0625,2.3447265625,0.25,3.75390625,0.390625,1
226,Jalen Slawson,Sacramento Kings,F,2,8,1,2,50.0,0,0,0.0,0,1,0.0,1,1,2,0,2,1,0,0,3,4,4,2,2,2.1360946745562135,2.609467455621302,0.0,0.0,9.467455621301774,9.467455621301774,2.1360946745562135,2.609467455621302,1
227,Jalen Smith,Indiana Pacers,PF,82,154,32,64,475.8,13,16,327.4,5,17,283.3,28,32,60,8,18,5,8,7,5,150,142,90,68,188.0,61.18211702827087,7.600591715976332,5.369493754109139,347.7215647600263,349.43852728468113,198.3698224852071,56.695923734385275,10
228,Jalen Suggs,Orlando Magic,SG,153,304,52,105,493.3,33,43,829.8,16,50,287.6,8,27,35,30,25,13,15,7,30,218,188,183,65,399.6996691871456,22.289224952741016,30.926275992438562,14.694943289224954,421.5739603024575,452.13917769376184,377.765831758034,44.58412098298676,10
229,Jalen Williams,Oklahoma City Thunder,F,181,312,77,138,556.2,16,22,396.7,11,32,319.9,6,46,52,45,11,16,19,6,139,278,233,226,97,510.35526489628745,76.33531510107015,31.110714757563745,7.680142687277051,872.0,645.1796802748052,745.231866825208,99.38974765490818,10
230,Jalen Wilson,Brooklyn Nets,F,53,188,19,46,530.2,9,14,350.0,6,21,250.0,11,29,40,7,12,4,5,3,5,100,93,60,47,138.2227903579255,59.53542731921111,11.0,4.421110299488678,315.6435354273192,263.07596785975164,180.35792549306063,80.96785975164353,10
231,Jamal Cain,Miami Heat,F,12,37,3,9,125.0,4,4,200.0,2,4,150.0,2,3,5,6,5,1,3,1,11,23,17,18,11,14.7025,4.5725,7.402499999999999,1.1225,50.97249999999999,29.240000000000006,37.25,11.16,4
232,Jamal Murray,Denver Nuggets,PG,238,328,94,204,473.4,22,26,713.3,28,72,356.2,8,35,43,60,13,6,23,11,80,341,281,298,103,348.0574216550948,20.858134734471754,43.310189528992304,34.71720773128167,334.9016701069619,342.5049727903922,323.2857947082004,81.33664852692812,10
233,Jamaree Bouyea,San Antonio Spurs,G,7,34,3,5,150.0,0,0,0.0,1,1,100.0,1,8,9,3,5,1,1,0,8,19,16,10,12,4.5041322314049586,32.1404958677686,1.1983471074380163,0.6033057851239669,73.0,57.289256198347104,8.595041322314051,44.958677685950406,2
234,James Bouknight,Charlotte Hornets,SG,10,13,4,10,83.3,0,0,0.0,2,7,58.3,0,0,0,0,0,1,1,0,13,10,10,10,0,18.0,0.0,0.0,0.72,18.0,18.0,18.0,0.0,2
235,James Harden,LA Clippers,SG,176,336,53,128,391.0,43,48,883.0,27,76,345.3,5,41,46,76,16,6,27,5,-44,298,222,252,122,889.7278298069141,73.67233206151,91.47878367441324,35.07908428720083,1149.663313677882,1014.6962654642156,895.8459937565036,294.0,10
236,James Johnson,Indiana Pacers,PF,4,19,1,5,33.3,2,2,100.0,0,1,0.0,0,0,0,3,5,0,2,1,4,7,4,7,3,3.171597633136095,0.0,0.28402366863905326,0.0,4.213017751479289,3.171597633136095,4.213017751479289,0.28402366863905326,3
237,James Wiseman,Detroit Pistons,C,75,239,28,60,399.6,19,25,358.9,0,0,0.0,18,50,68,9,23,3,12,6,-72,152,143,84,77,381.66431661592696,177.6369171607114,9.255728248678096,0.0,1049.9202050953372,992.8932863323184,418.8620413395289,206.7218394488063,10
238,Jamie Jr. Jaquez,Miami Heat,G,129,276,49,108,460.5,20,22,625.0,11,30,383.3,7,30,37,36,21,7,14,5,50,202,166,165,73,386.15976331360946,29.532544378698226,71.30177514792899,12.439053254437868,931.0059171597634,554.3976331360947,711.4023668639054,152.2,10
239,Jarace Walker,Indiana Pacers,F,40,130,15,32,420.0,2,2,100.0,8,17,316.7,4,21,25,14,9,3,5,2,19,79,65,54,39,156.98285322359396,40.13305898491084,40.598079561042525,8.999314128943757,448.4561042524005,339.8305898491083,244.84567901234564,101.49382716049381,10
240,Jared Butler,Washington Wizards,SG,96,215,37,69,511.8,12,14,450.0,10,25,386.7,3,23,26,43,23,12,17,3,-17,165,122,139,69,351.46420745069395,18.952885317750184,72.18444119795471,10.730460189919649,541.9273192111029,318.04236669101533,599.381300219138,67.10518626734843,10
241,Jared Rhoden,Detroit Pistons,G,68,201,27,54,450.8,3,6,150.0,11,27,383.3,1,26,27,10,24,3,4,11,-57,105,95,78,37,197.7668054729328,20.914336704342656,10.095181439619274,13.290303390838787,323.24866151100537,316.2742415229031,212.18441403926238,23.566329565734684,10
242,Jaren Jackson Jr.,Memphis Grizzlies,PF,223,328,81,183,426.2,46,59,770.4,15,49,319.6,15,33,48,34,37,17,27,17,-129,305,271,257,82,1094.8353151010701,51.54815695600475,26.404280618311535,10.5,1277.910225921522,1216.8281807372177,1154.5,79.36979785969085,10
243,Jarred Vanderbilt,Los Angeles Lakers,PF,68,142,26,42,412.7,13,17,375.0,3,5,166.7,12,22,34,12,8,16,11,2,23,114,102,80,46,111.33333333333334,59.333333333333336,18.0,3.5,362.0,274.0,157.33333333333334,119.33333333333334,6
244,Jarrett Allen,Cleveland Cavaliers,C,176,328,73,110,682.7,30,43,625.6,0,1,0.0,35,77,112,23,17,9,13,8,-9,311,288,199,135,206.40066638900458,202.9947938359017,24.679925031236984,0.0,443.09829237817576,399.0564348188255,237.44127446897124,240.6759683465223,10
245,Jason Preston,Utah Jazz,G,12,66,6,19,133.29999999999998,0,0,0.0,0,3,0.0,5,11,16,16,3,1,1,1,16,44,28,28,32,20.733727810650883,23.81804733727811,20.741124260355026,0.0,145.88757396449702,68.05473372781066,76.12573964497041,67.0,5
246,Javon Freeman-Liberty,Toronto Raptors,G,88,218,32,71,407.0,16,17,650.0,8,25,225.0,11,31,42,20,15,6,17,2,-132,150,130,108,62,415.291015625,52.556640625,32.15625,8.697265625,786.5,688.40625,518.744140625,79.353515625,10
247,Javonte Green,Chicago Bulls,G,125,238,51,82,621.4,13,17,525.0,10,28,329.6,22,47,69,11,17,13,6,7,14,205,194,136,80,463.797783933518,120.95429362880887,17.2202216066482,8.006925207756233,788.5124653739612,807.9293628808864,466.44459833795014,116.11080332409972,10
248,Jaxson Hayes,Los Angeles Lakers,C,42,127,18,23,522.2,6,11,210.0,0,0,0.0,9,25,34,4,16,7,9,5,-17,80,76,46,38,353.2269887546855,89.61870054144107,4.544981257809246,0.0,741.0812161599333,739.9743856726365,360.9831320283215,87.51436901291129,10
249,Jay Huff,Denver Nuggets,C,3,5,1,2,50.0,0,0,0.0,1,2,50.0,0,0,0,0,2,0,0,0,-3,3,3,3,0,4.9506250000000005,0.10562500000000001,0.010000000000000002,0.8556250000000001,3.24,3.61,4.515625,0.18062499999999998,1
250,Jaylen Brown,Boston Celtics,SG,209,332,86,179,476.4,18,31,523.4,19,57,340.3,17,48,65,27,23,12,33,9,8,301,274,236,92,354.9460424518945,52.60682404284864,20.45090259869074,19.064272961713947,392.7655227137473,397.6088077762349,327.50366990676457,95.65681412418172,10
251,Jaylen Nowell,Detroit Pistons,SG,30,57,12,23,193.1,4,6,150.0,2,6,66.7,3,7,10,3,2,1,2,2,-31,43,40,33,13,83.4792899408284,5.005917159763314,2.78698224852071,3.0059171597633134,135.67455621301775,126.59171597633136,93.53254437869822,6.822485207100591,4
252,Jaylin Williams,Oklahoma City Thunder,F,51,130,20,34,641.7,0,1,0.0,11,21,540.0,3,25,28,15,11,5,6,4,9,94,79,66,43,73.0414410662224,62.5,13.765306122448981,7.441274468971262,232.7790503956685,172.97001249479385,108.85047896709705,100.26530612244898,10
253,Jayson Tatum,Boston Celtics,SF,215,355,67,158,419.8,60,73,761.2,21,68,313.09999999999997,5,79,84,52,23,7,20,6,79,351,299,267,136,320.8766223361642,72.43070020829995,44.02050953372857,16.49655503925653,390.3379266143249,361.77711905143417,364.88559525717034,101.00304438391284,10
254,Jeenathan Williams,Houston Rockets,G,31,57,15,24,350.1,0,5,0.0,1,1,100.0,4,7,11,1,5,2,2,1,24,43,42,32,12,148.76275992438562,10.175803402646505,0.8345935727788281,0.895085066162571,209.79017013232516,218.37712665406426,143.7126654064272,7.473534971644613,6
255,Jeff Dowtin,Philadelphia 76ers,G,52,135,20,36,424.2,3,4,200.0,9,19,283.4,3,17,20,26,1,7,4,1,29,98,72,78,46,209.4948096885813,24.008650519031143,46.75432525951557,9.083044982698961,473.1297577854671,275.2474048442907,401.4878892733565,76.6522491349481,10
256,Jeff Green,Houston Rockets,PF,74,170,24,59,392.1,15,17,575.0,11,36,282.5,9,18,27,12,7,4,2,1,-25,113,101,86,39,83.78189981096408,38.168241965973536,15.957703213610586,9.158790170132326,208.80340264650283,182.96431947069942,106.73345935727788,57.01346880907372,10
257,Jerami Grant,Portland Trail Blazers,SF,169,342,56,142,386.6,38,46,711.3,19,49,402.0,6,19,25,35,18,14,28,2,-77,229,194,204,60,473.98961937716257,45.9204152249135,32.71626297577855,5.083044982698962,888.6262975778548,739.6678200692041,583.0934256055364,118.49134948096886,10
258,Jeremiah Robinson-Earl,New Orleans Pelicans,F,25,109,11,30,286.2,0,4,0.0,3,14,150.0,8,16,24,12,7,3,5,1,31,61,49,37,36,59.93638525564804,45.788941736028534,31.864447086801423,2.4215219976218787,254.1510107015458,139.0856123662307,135.37990487514864,117.27526753864448,10
259,Jeremy Sochan,San Antonio Spurs,F,126,301,51,121,422.6,14,19,516.7,10,44,192.79999999999998,21,59,80,33,16,14,20,10,-20,239,206,159,113,549.0972944849116,204.3746097814776,41.58480749219564,10.166493236212277,1143.8839750260145,1165.4823100936524,519.2138397502601,254.24453694068677,10
260,Jericho Sims,New York Knicks,C,13,151,5,10,266.7,3,4,150.0,0,0,0.0,15,24,39,5,13,4,5,4,13,57,52,18,44,24.85332729741965,81.70076957899502,4.754640108646447,0.0,178.32820280669986,163.60072430964237,33.483929379809865,92.55228610230874,10
261,Jerome Robinson,Golden State Warriors,SG,15,22,6,12,140.0,2,3,150.0,1,6,16.7,0,0,0,1,1,1,0,1,5,16,15,16,1,83.41322314049587,0.18365472910927458,0.7869605142332414,0.8861340679522498,90.72910927456384,76.37924701561067,98.22222222222224,0.5114784205693297,2
262,Jett Howard,Orlando Magic,G,8,22,3,8,125.0,0,0,0.0,2,7,125.0,0,1,1,2,3,2,2,0,-2,11,9,10,3,19.77777777777778,0.8125,1.0069444444444444,1.0277777777777777,15.75,15.923611111111114,18.5625,2.861111111111111,4
263,Jevon Carter,Chicago Bulls,PG,56,158,22,56,313.0,0,0,0.0,12,38,281.7,4,9,13,21,8,5,6,3,40,90,69,77,34,370.8710059171598,10.744378698224851,122.24023668639052,14.745562130177515,948.340828402367,435.2792899408284,850.8224852071006,166.09467455621302,10
264,Jimmy Butler,Miami Heat,SF,188,355,58,126,493.5,60,69,767.2,12,30,358.2,14,36,50,54,10,12,17,0,18,292,238,242,104,208.40277777777777,28.007716049382715,38.43402777777778,5.8086419753086425,492.9648919753086,316.5679012345679,348.76736111111114,102.4741512345679,10
265,Jock Landale,Houston Rockets,C,90,224,36,65,573.6,15,19,600.0,3,12,183.3,16,19,35,19,18,8,10,6,17,144,125,109,54,234.84505137912384,41.15332612222823,18.974040021633318,2.1043807463493778,341.46349378042186,256.59004867495946,322.31936181719846,57.52650081124933,10
266,Joe Harris,Detroit Pistons,SF,2,12,1,3,33.3,0,0,0.0,0,1,0.0,0,0,0,0,1,0,0,0,-5,2,2,2,0,0.0,0.0,0.0,0.0,0.0,0.0,0.0,0.0,1
267,Joe Ingles,Orlando Magic,SG,32,133,11,24,448.3,3,5,116.7,7,15,266.7,2,22,24,26,5,6,8,1,1,82,56,58,50,87.84376731301938,16.262603878116344,26.489750692520776,10.521329639889196,155.78725761772853,112.41772853185596,144.83102493074793,29.134626038781164,10
268,Joel Embiid,Philadelphia 76ers,C,320,378,96,208,470.3,103,120,847.1,25,61,451.8,27,89,116,55,31,11,45,14,98,491,436,375,171,763.2179930795849,96.92214532871971,64.53460207612457,18.446366782006923,616.460207612457,692.6868512110725,656.9359861591696,191.51211072664358,10
269,John Collins,Utah Jazz,PF,193,271,68,119,570.0,39,48,752.5,18,34,508.9,22,58,80,7,25,7,12,7,-49,280,273,200,87,362.38775510204084,95.36033163265307,7.3501275510204085,12.044005102040817,700.0510204081634,672.8960459183673,372.3654336734694,119.88775510204083,10
270,John Konchar,Memphis Grizzlies,SG,57,299,19,46,385.8,8,9,266.7,11,29,391.6,19,45,64,29,20,13,17,9,-3,150,121,86,93,131.325,70.55625,15.0,7.125,291.05625,223.40625,166.425,118.10624999999999,10
271,Johnny Davis,Washington Wizards,G,51,175,19,33,454.2,5,9,160.0,8,13,330.0,2,15,17,13,19,3,5,3,-65,81,68,64,30,227.83906249999998,20.1765625,12.725,17.00625,348.65625,298.60625000000005,285.6515625,25.1390625,10
272,Johnny Juzang,Utah Jazz,G,94,242,32,67,449.9,10,14,466.7,20,45,433.5,5,16,21,19,19,4,9,2,-8,134,115,113,40,482.00229568411385,34.9485766758494,11.224058769513315,32.0,504.17860422405886,493.19421487603313,477.87006427915514,61.2892561983471,10
273,Jonas Valanciunas,New Orleans Pelicans,C,117,214,46,97,473.9,25,32,689.2,0,7,0.0,32,60,92,19,23,5,17,2,-42,228,209,136,111,359.56683710737764,244.4356789221654,19.035062089116142,0.18261504747991236,1016.1357032708385,903.3976949922895,437.0737764791819,298.70180991802613,10
274,Jonathan Isaac,Orlando Magic,PF,67,198,25,58,374.9,4,5,250.0,13,36,292.9,13,38,51,5,12,10,4,13,-3,123,118,72,56,203.44444444444446,73.29507696997409,2.7777777777777777,14.45679012345679,480.8341716201798,421.4967230605091,240.44444444444449,98.41030330742265,10
275,Jonathan Kuminga,Golden State Warriors,PF,149,279,61,120,474.3,22,29,633.4,5,19,200.0,11,42,53,29,26,10,14,6,-9,231,202,178,82,565.0667438271606,88.21141975308642,28.91975308641975,4.934027777777778,749.4340277777778,839.5389660493828,498.4556327160493,93.63734567901234,10
276,Jontay Porter,Toronto Raptors,C,49,159,18,41,352.3,4,6,150.0,9,26,230.4,10,23,33,32,11,10,13,9,-28,114,82,81,65,215.4023668639053,32.251479289940825,58.16863905325444,15.943786982248522,472.0,275.0917159763314,386.0976331360947,116.63313609467455,10
277,Jordan Clarkson,Utah Jazz,PG,161,328,58,144,353.7,31,35,737.9,14,53,206.6,7,29,36,63,18,10,23,0,-70,260,197,224,99,1014.8698224852071,104.98224852071006,74.72485207100591,21.005917159763314,1435.3639053254435,1403.248520710059,1032.630177514793,194.0621301775148,10
278,Jordan Goodwin,Memphis Grizzlies,G,117,294,45,122,367.9,14,18,383.3,13,38,284.4,35,63,98,42,22,14,15,1,-23,257,215,159,140,367.1384083044983,298.083044982699,27.66782006920415,24.78008458285275,894.1418685121108,866.9031141868512,351.0,369.1280276816609,10
279,Jordan Hawkins,New Orleans Pelicans,G,18,92,6,30,225.0,3,5,116.7,3,18,100.0,1,9,10,5,6,2,1,1,19,33,28,23,15,36.68317174515235,8.043282548476455,4.562326869806094,4.738227146814404,51.785318559556785,65.99584487534626,26.36876731301939,8.709487534626039,10
280,Jordan McLaughlin,Minnesota Timberwolves,PG,41,147,15,28,465.5,5,6,250.0,6,16,241.7,3,10,13,26,6,5,4,0,79,80,54,67,39,109.35762788592122,16.54368492530557,60.43458578542328,12.174739701222272,302.6518786781349,159.3897691263015,240.11996378451786,89.47804436396561,10
281,Jordan Miller,LA Clippers,G,4,5,1,1,100.0,2,2,100.0,0,0,0.0,0,1,1,0,0,0,0,0,3,5,5,4,1,11.111111111111112,0.5625,0.0,0.0,16.673611111111107,16.673611111111107,11.111111111111112,0.5625,1
282,Jordan Nwora,Toronto Raptors,SF,86,201,33,73,507.4,9,13,333.3,11,31,326.9,9,33,42,20,6,6,19,6,-104,148,128,106,62,242.1617777777778,97.8151111111111,20.56711111111111,6.936,649.6160000000001,475.77777777777777,350.51377777777776,183.86844444444444,10
283,Jordan Poole,Washington Wizards,SG,226,360,83,191,425.3,26,27,850.0,34,100,326.6,6,33,39,84,26,11,31,1,-62,349,265,310,123,723.1442743764172,21.766723356009066,130.1734693877551,24.096655328798185,1152.6224489795916,875.204081632653,941.266723356009,211.23611111111114,10
284,Jordan Walsh,Boston Celtics,G,11,70,4,11,175.0,1,2,50.0,2,7,66.7,4,9,13,2,10,5,3,1,37,26,24,13,15,45.25,14.400000000000002,1.65,3.4000000000000004,55.99999999999999,62.85,43.2,11.25,5
285,Jose Alvarado,New Orleans Pelicans,PG,57,209,22,61,317.0,2,3,150.0,11,41,291.7,2,19,21,28,16,10,7,2,37,106,78,85,49,234.6415224913495,37.94671280276816,42.84567474048443,16.453287197231834,568.2408304498271,400.99100346020765,363.7750865051903,118.90865051903114,10
286,Josh Giddey,Oklahoma City Thunder,SG,133,276,50,108,442.6,20,22,633.3,13,34,365.4,10,60,70,58,18,5,30,4,116,261,203,191,128,414.98718069563574,110.24130455273824,159.21557168441888,20.115845037232535,1378.3856159864267,832.2996512395135,749.8243943821284,480.7056272975775,10
287,Josh Green,Dallas Mavericks,SG,45,194,15,41,309.1,10,11,450.0,5,23,216.6,9,25,34,11,12,8,4,2,-39,90,79,56,45,125.27292899408283,33.005917159763314,14.207100591715975,3.698224852071006,163.5658284023669,162.3380177514793,133.08062130177515,40.633136094674555,10
288,Josh Hart,New York Knicks,SG,158,427,55,118,471.3,28,37,665.0,20,47,425.5,28,88,116,43,33,10,19,6,20,317,274,201,159,495.33926664293347,169.95229619081525,52.050729797080805,34.380918476326094,661.7687789248843,712.3545745817016,421.44126023495915,245.31523673905303,10
289,Josh Minott,Minnesota Timberwolves,F,4,17,2,4,100.0,0,0,0.0,0,0,0.0,0,5,5,2,3,1,0,0,18,11,9,6,7,2.8208,12.4748,0.9867999999999998,0.23520000000000002,5.1808000000000005,4.43,6.03,11.003200000000001,3
290,Josh Okogie,Phoenix Suns,SF,43,116,14,29,398.90000000000003,9,13,325.0,6,14,300.0,11,9,20,11,13,5,10,1,-8,74,63,54,31,144.53840877914953,15.814128943758572,9.665980795610427,4.84567901234568,239.11454046639233,212.53086419753086,158.64197530864197,37.96021947873799,10
291,Josh Richardson,Miami Heat,SG,98,211,38,76,433.2,6,6,200.0,16,45,301.7,4,26,30,19,16,5,3,2,3,147,128,117,49,296.8888888888889,20.0,10.88888888888889,27.555555555555557,468.0,427.55555555555554,344.0,24.22222222222222,9
292,Joshua Primo,LA Clippers,G,0,5,0,1,0.0,0,0,0.0,0,0,0.0,1,0,1,0,0,0,1,0,1,1,1,0,1,0.0,0.0,0.0,0.0,0.0,0.0,0.0,0.0,1
293,Jrue Holiday,Boston Celtics,PG,92,322,37,85,440.3,4,4,200.0,14,40,341.6,13,35,48,41,15,9,15,9,73,181,140,133,89,91.1349480968858,43.83391003460208,40.39489619377163,5.524221453287198,226.91392733564018,160.78200692041523,146.6751730103806,94.8205017301038,10
294,Jules Bernard,Washington Wizards,G,59,113,23,47,603.7,4,7,250.0,9,19,468.3,8,14,22,12,8,2,6,1,24,93,81,71,34,216.376,16.099999999999998,16.176,7.096000000000001,366.004,282.276,300.50399999999996,31.875999999999998,10
295,Julian Champagnie,San Antonio Spurs,F,128,329,44,94,470.3,19,23,671.7,21,55,400.7,8,38,46,24,12,9,15,7,-33,198,174,152,70,326.0277744233788,37.385822968240554,37.408284023668635,13.117860161816207,629.1926095882139,517.7538944571911,417.8198285231253,94.4407680231856,10
296,Julian Phillips,Chicago Bulls,F,39,132,13,31,272.9,7,8,266.7,6,13,283.4,6,12,18,5,12,5,3,1,-11,62,57,44,23,170.91975308641975,27.290123456790123,6.777777777777779,6.401234567901234,314.4444444444444,289.44444444444446,184.5493827160494,45.43827160493827,10
297,Julian Strawther,Denver Nuggets,G,28,61,9,26,108.0,6,6,300.0,4,18,81.9,1,8,9,8,6,1,6,0,4,45,37,36,17,167.66930445647648,16.73927530195752,10.3981674302374,3.925864223240316,317.6039150354019,249.93960849645984,214.95127030404,47.519783423573514,4
298,Julius Randle,New York Knicks,PF,66,99,23,48,142.2,14,14,300.0,6,11,195.0,8,17,25,18,7,1,10,0,25,109,91,84,43,98.0,2.666666666666667,14.0,2.0,140.66666666666669,120.66666666666666,126.0,8.666666666666668,3
299,Justin Champagnie,Washington Wizards,SF,78,211,27,67,366.2,12,15,400.0,12,39,218.3,19,32,51,17,13,9,8,7,-55,146,129,95,68,314.09599999999995,79.0,12.424,15.924,774.0959999999999,667.416,390.21599999999995,121.98400000000001,10
300,Justin Holiday,Denver Nuggets,SF,31,125,11,32,336.2,0,0,0.0,9,28,353.3,1,9,10,12,8,8,3,0,10,53,41,43,22,101.64975009611686,4.277777777777779,35.96174548250673,6.925990003844675,180.46866589773165,86.66608996539792,206.08631295655516,29.60553633217993,10
301,Justin Minaya,Portland Trail Blazers,F,36,201,13,40,320.9,2,3,150.0,8,28,213.29999999999998,20,14,34,12,23,3,3,5,-54,82,70,48,46,82.13611111111112,34.86944444444445,11.336111111111112,8.311111111111112,234.06944444444449,168.39999999999998,124.10000000000001,69.91111111111111,10
302,Jusuf Nurkic,Phoenix Suns,C,69,275,27,58,506.3,15,25,521.6,0,3,0.0,28,74,102,50,35,20,24,12,19,221,171,119,152,132.61430511543682,204.2055228610231,78.35038478949751,0.028293345405160705,488.8813942960616,364.2602987777274,135.4726120416478,404.31869624264374,10
303,Karl-Anthony Towns,Minnesota Timberwolves,C,162,300,57,128,441.2,31,37,738.4,17,50,331.6,20,59,79,36,39,6,26,4,20,277,241,198,115,341.1419753086421,73.32253086419753,64.27777777777779,15.569444444444446,549.2361111111112,509.125,404.27160493827154,114.5817901234568,10
304,Kawhi Leonard,LA Clippers,SF,213,334,84,165,513.1,32,38,815.0,13,42,277.5,14,49,63,27,14,16,23,9,5,303,276,240,90,371.9724261059314,68.9174766911327,9.271374727236658,12.793691727831778,401.7450902598691,310.25471136679226,437.6199166831978,104.03173973417972,10
305,Keegan Murray,Sacramento Kings,SF,178,371,64,158,398.2,14,15,650.0,36,96,359.0,25,42,67,17,18,11,10,9,31,262,245,195,84,411.47959183673464,72.86422324031653,22.380049979175343,40.70241566014161,434.4189920866307,499.57705122865474,318.87421907538527,122.69158683881716,10
306,Keita Bates-Diop,Brooklyn Nets,SF,35,85,12,20,615.0,6,6,300.0,5,11,350.0,3,10,13,5,1,2,5,4,-13,53,48,40,18,52.10000000000001,16.81111111111111,4.677777777777777,5.4,94.5,87.3777777777778,51.511111111111106,29.2,10
307,Keldon Johnson,San Antonio Spurs,SF,145,293,49,104,463.8,27,32,684.2,20,55,368.5,15,44,59,18,17,4,11,2,-15,222,204,163,77,291.739919975377,55.21606648199445,22.15266235764851,24.603262542320714,379.4958448753462,409.48045552477686,289.8919667590028,49.232071406586634,10
308,Kelly Olynyk,Toronto Raptors,PF,143,297,51,88,584.8,34,38,823.3,7,24,281.6,17,52,69,61,35,12,29,5,-41,273,212,204,130,218.125,48.48337950138503,104.7950138504155,4.1582409972299175,358.2635041551246,247.55574792243758,359.1568559556787,122.95429362880883,10
309,Kelly Oubre Jr.,Philadelphia 76ers,SG,136,345,49,113,433.1,25,31,619.5,13,40,259.4,15,34,49,13,36,12,11,13,58,198,185,149,62,352.2560000000001,54.036,18.340999999999998,12.461,607.0009999999999,526.8839999999999,416.9250000000001,87.825,10
310,Kendall Brown,Indiana Pacers,SG,7,29,3,6,150.0,1,2,50.0,0,1,0.0,1,1,2,1,5,0,1,0,-8,10,9,8,3,13.80332409972299,1.1357340720221607,0.7673130193905817,0.0,28.595567867036014,22.695290858725766,18.800554016620502,2.806094182825485,4
311,Kenneth Lofton Jr.,Philadelphia 76ers,F,2,5,1,4,25.0,0,0,0.0,0,2,0.0,0,1,1,0,0,0,0,0,-4,3,3,2,1,108.75510204081633,11.755102040816329,16.576530612244895,0.8622448979591837,321.4336734693877,192.02040816326533,210.25,56.25,1
312,Kenneth Lofton Jr.,Utah Jazz,F,55,90,21,35,236.8,9,11,150.0,4,12,166.7,10,10,20,19,9,3,6,2,-2,94,75,74,39,273.734693877551,65.3061224489796,36.59183673469388,2.020408163265306,797.4489795918367,561.0816326530612,451.0,161.0,4
313,Kenrich Williams,Oklahoma City Thunder,SF,66,166,27,53,520.6,2,2,100.0,10,21,499.9,6,23,29,17,16,3,12,2,-24,112,95,83,46,240.601,59.224000000000004,46.599999999999994,4.529,652.361,445.66100000000006,381.701,171.42399999999998,10
314,Kentavious Caldwell-Pope,Denver Nuggets,SG,97,317,39,81,484.6,2,3,100.0,17,50,305.1,4,18,22,21,26,13,11,4,55,140,119,118,43,324.1143368837779,8.651522292393253,13.67640682439438,32.59430672070883,330.1059477801866,344.2114242624187,304.601753228391,27.735036289942503,10
315,Kenyon Martin Jr.,Philadelphia 76ers,F,56,177,25,47,495.8,4,8,200.0,2,6,150.0,15,25,40,16,20,2,8,5,24,112,96,72,56,114.11632653061224,129.3795918367347,11.3,1.6000000000000003,439.38775510204084,396.5734693877551,148.70204081632653,148.90816326530611,10
316,Keon Ellis,Sacramento Kings,G,99,272,33,72,375.3,10,11,475.0,23,50,453.2,11,22,33,22,34,13,15,10,-18,154,132,121,55,606.2177755333922,40.785380633758365,30.575684888271677,50.510920338341116,1011.4147203635905,762.9491225855321,825.5188738795607,100.52556495391995,10
317,Keon Johnson,Brooklyn Nets,G,15,36,4,10,123.3,5,6,150.0,2,5,133.3,2,3,5,2,3,2,3,0,-11,22,20,17,7,30.12244897959184,0.6938775510204083,3.1020408163265314,1.1020408163265307,43.55102040816326,23.632653061224485,52.48979591836735,1.346938775510204,3
318,Kessler Edwards,Sacramento Kings,SF,39,93,14,34,376.7,1,4,50.0,10,23,386.7,4,10,14,3,9,5,2,0,-23,56,53,42,17,126.47470739932552,13.637770283673872,2.105732989486213,10.160285657607616,187.0482047212855,179.8101567149375,128.38524102360643,21.071017655227134,10
319,Kevin Durant,Phoenix Suns,PF,240,398,89,180,502.29999999999995,45,53,890.2,17,48,387.6,5,51,56,34,20,8,23,9,-41,330,296,274,90,278.00816326530617,58.39546485260772,37.24444444444444,9.896145124716552,561.461224489796,457.02947845804994,363.5573696145125,114.52244897959181,10
320,Kevin Huerter,Sacramento Kings,SG,72,231,29,79,330.1,2,4,100.0,12,45,205.0,6,24,30,25,23,8,11,2,5,127,102,97,55,288.7933884297521,30.44995408631772,4.61248852157943,16.24793388429752,456.10743801652893,441.77777777777777,290.6730945821855,47.51239669421488,10
321,Kevin Knox II,Detroit Pistons,SF,22,89,9,26,148.9,3,3,200.0,1,11,33.3,3,11,14,4,9,2,6,0,21,40,36,26,18,115.33333333333334,19.333333333333336,3.3333333333333335,0.8333333333333335,167.33333333333331,188.0,101.33333333333334,16.0,6
322,Kevin Love,Miami Heat,PF,74,118,24,53,383.5,14,14,300.0,12,29,305.0,8,40,48,8,14,3,10,0,15,130,122,82,56,370.388394139615,89.65067509336397,7.663315139327779,15.822464808962943,725.0675093363976,725.1979316288423,369.7046825624821,97.86727951738007,10
323,Kevon Looney,Golden State Warriors,F,41,114,16,29,508.4,9,12,450.0,0,0,0.0,16,31,47,9,16,4,5,6,66,97,88,50,56,75.37267780071306,78.68286732970539,4.920435353724901,0.0,199.32126102458247,227.7098892850441,66.04353537249015,64.5438168511916,10
324,Keyontae Johnson,Oklahoma City Thunder,F,5,39,2,8,66.7,0,0,0.0,1,2,100.0,2,4,6,2,4,0,2,0,-15,13,11,7,8,20.0,7.0,1.2653061224489797,0.8163265306122451,29.69387755102041,35.0,17.26530612244898,5.6938775510204085,5
325,Keyonte George,Utah Jazz,G,143,306,48,125,378.1,26,29,646.7,21,68,287.1,1,20,21,41,16,3,39,0,-72,205,164,184,62,392.94444444444446,18.90625,42.259765625,23.556640625,346.6260850694444,417.5173611111111,322.53754340277777,60.681640625,10
326,Khris Middleton,Milwaukee Bucks,SF,198,328,74,149,509.3,34,38,748.6,16,41,434.8,15,60,75,50,31,6,28,1,-4,323,273,248,125,1031.5047258979205,87.68809073724007,39.815584961142626,18.491493383742913,1594.3354337324092,1584.5614366729678,1060.2692711615207,108.5131274942239,10
327,Killian Hayes,Detroit Pistons,PG,18,79,7,14,209.6,1,3,33.3,3,6,100.0,0,15,15,20,4,0,5,2,-12,53,33,38,35,27.0,18.75,54.0,2.75,252.75,74.75,153.0,124.75,4
328,Kira Lewis Jr.,Utah Jazz,PG,37,106,15,35,219.4,5,7,225.0,2,11,83.3,3,7,10,14,4,3,6,0,-54,61,47,51,24,181.12618147448012,22.531190926275993,14.956049149338375,1.4612476370510399,420.38563327032136,321.57230623818526,256.17202268431,61.2547258979206,7
329,Klay Thompson,Golden State Warriors,SG,190,302,69,153,435.0,16,16,600.0,36,93,355.6,3,26,29,25,14,9,18,4,41,244,219,215,54,817.3444444444444,32.96049382716049,10.530864197530862,46.99753086419753,1002.9,852.8753086419754,974.2827160493828,36.577777777777776,10
330,Kobe Brown,LA Clippers,G,30,130,14,32,417.5,0,0,0.0,2,11,66.6,14,11,25,10,12,6,4,3,-54,65,55,40,35,102.39600153787005,40.111111111111114,18.033833141099578,1.639369473279508,360.0511341791618,232.29796232218374,185.62629757785467,102.66782006920414,10
331,Kobe Bufkin,Atlanta Hawks,G,63,142,27,71,372.6,3,6,116.7,6,29,151.6,4,20,24,18,17,4,8,4,-43,105,87,81,42,128.86776859504133,8.752984389348027,15.601469237832873,4.429752066115703,159.4132231404959,146.7392102846648,131.89623507805328,34.0,10
332,Kobi Simmons,Toronto Raptors,G,20,67,9,21,183.4,0,0,0.0,2,8,100.0,1,6,7,12,5,6,1,2,-31,39,27,32,19,25.11111111111111,4.111111111111111,22.0,1.1111111111111112,45.0,41.0,30.44444444444445,24.77777777777778,4
333,Kris Dunn,Utah Jazz,G,57,220,23,57,422.1,5,7,130.0,6,21,200.0,9,24,33,34,26,9,8,5,-31,124,90,91,67,86.14792899408283,42.469822485207104,44.409467455621304,6.409467455621302,200.63668639053253,168.15147928994082,96.91479289940828,108.59763313609467,10
334,Kris Murray,Portland Trail Blazers,F,94,348,34,94,348.9,12,15,483.3,14,51,242.1,30,32,62,17,25,8,16,5,-103,173,156,111,79,164.99753086419753,180.51975308641974,20.200000000000003,14.677777777777777,333.95679012345676,386.5345679012346,159.10864197530864,154.0308641975309,10
335,Kristaps Porzingis,Boston Celtics,C,161,273,52,103,476.6,39,44,833.3,18,42,466.6,13,65,78,24,24,13,11,24,38,263,239,185,102,416.64490977946093,90.0,23.882824682557363,13.88950768545333,761.1960347516151,634.8240142570728,493.25573624415244,163.6440187124081,10
336,Kyle Anderson,Minnesota Timberwolves,SF,34,157,15,45,354.3,3,6,150.0,1,6,50.0,4,17,21,24,22,7,7,5,-12,79,55,58,45,149.33884297520663,57.52259973472094,53.47107438016528,0.9379655137230895,562.3049688807264,315.91011121314153,333.4214876033058,173.305887154372,10
337,Kyle Kuzma,Washington Wizards,SF,218,366,85,181,489.6,37,47,775.0,11,43,218.6,3,70,73,51,24,7,36,7,-27,342,291,269,124,513.3879277201077,57.532103037293346,59.63667820069204,16.7439446366782,740.9957708573625,549.878123798539,709.8965782391388,111.77777777777777,10
338,Kyle Lowry,Philadelphia 76ers,PG,64,273,19,51,337.3,14,17,430.0,12,35,342.1,8,26,34,36,34,9,10,5,53,134,98,100,70,292.9370522786161,26.310013717421125,55.68145099832343,15.141289437585733,313.19890260631,344.92516384697456,253.01783264746228,90.18442310623381,10
339,Kyrie Irving,Dallas Mavericks,PG,272,394,96,187,507.7,48,53,832.1,32,78,403.7,12,47,59,47,27,16,27,5,102,378,331,319,106,936.1,36.41111111111111,56.69382716049383,19.7,948.3456790123457,1107.5777777777778,767.216049382716,102.7567901234568,10
340,LaMelo Ball,Charlotte Hornets,PG,32,55,12,37,66.1,5,6,150.0,3,17,34.7,1,5,6,15,10,3,7,0,-49,53,38,47,21,2.0,2.0,0.5,0.5,4.5,8.0,0.5,0.5,2
341,Lamar Stevens,Memphis Grizzlies,PF,114,252,42,108,413.9,24,27,583.3,6,27,235.0,13,38,51,12,13,12,6,8,16,177,165,126,63,156.41322314049586,41.26446280991736,9.798553719008265,4.5,248.1745867768595,209.0165289256198,198.50929752066116,48.125,10
342,Landry Shamet,Washington Wizards,SG,55,184,20,55,273.1,7,7,300.0,8,35,104.1,4,10,14,8,12,4,9,2,-68,77,69,63,22,330.90000000000003,22.5,5.700000000000001,15.624999999999998,463.7,413.80000000000007,373.0,35.99999999999999,10
343,Larry Nance Jr.,New Orleans Pelicans,PF,78,235,31,54,564.9,13,17,566.7,3,11,150.0,26,44,70,34,29,11,15,1,12,182,148,112,104,150.484,123.104,61.425000000000004,2.149,589.241,372.676,301.129,250.44899999999998,10
344,Lauri Markkanen,Utah Jazz,PF,223,347,68,170,401.2,57,60,956.7,30,80,363.3,20,49,69,26,14,11,18,4,-42,318,292,249,95,334.8261504747991,129.06135865595326,45.68298027757487,34.00730460189919,657.4915997078159,517.5704894083273,451.0029218407597,198.48867786705623,10
345,LeBron James,Los Angeles Lakers,SF,284,396,110,199,552.4,48,60,785.5,16,48,285.8,9,66,75,98,13,25,42,9,20,457,359,382,173,181.09758979206046,36.882797731569,128.1656427221172,15.671077504725897,342.265595463138,242.62972589792057,218.71550094517949,227.0663988657845,10
346,Leaky Black,Charlotte Hornets,F,42,192,16,32,465.4,4,5,250.0,6,12,250.0,4,27,31,19,8,5,4,6,-11,92,73,61,50,135.65289256198346,30.28925619834711,17.595041322314046,10.400826446280993,250.77685950413223,161.0,203.26446280991735,70.04958677685951,10
347,Leonard Miller,Minnesota Timberwolves,F,7,15,3,6,133.3,0,0,0.0,1,2,100.0,2,2,4,4,0,1,0,0,20,15,11,11,8,16.223703703703706,5.5925925925925934,4.586666666666668,0.845925925925926,35.92592592592593,28.77925925925926,27.37037037037037,6.1792592592592595,3
348,Lester Quinones,Golden State Warriors,G,64,149,23,57,369.2,9,13,325.0,9,34,228.6,8,15,23,13,18,1,5,0,-13,100,87,77,36,273.41157024793387,28.943801652892564,17.77355371900827,11.000000000000002,434.29421487603304,406.76198347107436,313.97520661157023,33.68595041322314,10
349,Lindy Waters III,Oklahoma City Thunder,F,67,103,25,48,519.0,2,2,200.0,15,33,366.7,5,9,14,8,5,3,2,2,-24,89,81,75,22,210.95136965220067,17.26869806094183,12.014158202523852,19.554016620498615,303.21606648199446,227.39827639273625,277.9695290858725,38.08248691905201,10
350,Lonnie Walker IV,Brooklyn Nets,G,67,174,27,81,325.7,3,4,150.0,10,45,240.8,4,23,27,12,7,3,5,6,-67,106,94,79,39,266.38271604938274,54.00192901234567,25.808641975308646,12.0,731.6006944444445,518.7519290123457,420.7716049382716,138.2704475308642,10
351,Luguentz Dort,Oklahoma City Thunder,G,127,304,40,89,438.8,23,28,530.0,24,57,413.2,10,22,32,19,24,9,9,2,63,178,159,146,51,283.2145328719723,42.09092656670511,8.992310649750095,16.416186082276045,267.4242599000384,276.88677431757014,273.77777777777777,51.05747789311803,10
352,Luka Doncic,Dallas Mavericks,PG,311,404,106,243,438.3,57,67,856.1,42,125,325.8,13,87,100,94,30,7,41,6,139,505,411,405,194,255.63258026159335,48.02113885585943,26.13132514202669,35.77170035671819,341.51975161844365,278.7944246267671,340.74052054432553,51.76985070683049,10
353,Luka Garza,Minnesota Timberwolves,C,70,75,26,48,410.8,11,14,366.7,7,21,233.3,13,6,19,2,9,3,3,1,9,91,89,72,21,233.65750000000003,29.215277777777775,1.7152777777777777,5.524444444444446,395.55750000000006,366.4311111111112,259.96444444444444,33.75,7
354,Luka Samanic,Utah Jazz,F,95,208,32,81,337.7,26,34,609.2,5,32,197.6,14,38,52,13,13,3,16,2,-48,160,147,108,65,584.65625,104.15114795918367,11.530612244897958,2.8858418367346936,1255.3188775510203,1040.9413265306123,741.5082908163265,173.20727040816325,10
355,Luke Kennard,Memphis Grizzlies,SG,118,282,40,88,429.0,9,9,500.0,29,64,450.4,2,28,30,53,7,6,24,1,-63,201,148,171,83,483.43673469387755,10.073469387755102,60.68979591836735,26.90204081632653,676.3306122448979,492.7755102040816,657.4081632653061,80.34693877551021,10
356,Luke Kornet,Boston Celtics,C,54,161,22,27,795.0,9,9,400.0,1,1,100.0,15,31,46,14,6,3,2,7,97,114,100,68,60,178.60707911957167,70.45002974419988,22.45002974419988,0.9402141582391432,566.6070791195716,402.0535395597858,282.06067816775726,154.0,10
357,M. Pereira,Memphis Grizzlies,F,44,120,16,33,255.6,7,10,225.0,5,13,150.0,10,26,36,2,10,6,5,4,7,82,80,46,38,240.508875739645,107.38856015779093,1.4319526627218937,5.3550295857988175,656.7297830374753,624.319526627219,255.88165680473372,125.85798816568047,6
358,M. Williams,Toronto Raptors,C,17,102,8,31,117.5,0,2,0.0,1,4,100.0,13,23,36,2,15,3,3,3,-50,55,53,19,38,53.7616,116.99839999999999,1.3504,0.8464,310.81759999999997,291.85760000000005,58.03039999999999,133.04000000000002,6
359,Malachi Flynn,Detroit Pistons,PG,120,191,45,98,409.8,17,25,310.0,13,43,282.3,3,19,22,32,13,11,18,1,-50,174,142,152,54,1870.4000000000003,35.94489795918367,53.88775510204082,22.39387755102041,2424.0,2258.2306122448977,2049.202040816326,76.8,10
360,Malaki Branham,San Antonio Spurs,G,123,262,48,106,436.0,5,9,250.0,22,53,417.1,3,15,18,17,14,3,15,1,-22,158,141,140,35,519.5254753955581,19.830454347510525,12.101175787487298,25.616199738713895,628.356800696763,614.0849179851938,526.9644360574829,38.764552184642184,10
361,Malcolm Brogdon,Portland Trail Blazers,PG,102,218,37,83,266.20000000000005,17,19,433.3,11,30,202.89999999999998,7,22,29,40,13,4,17,2,4,171,131,142,69,100.0,28.833333333333336,7.333333333333334,6.833333333333334,113.5,66.83333333333334,151.33333333333331,31.5,6
362,Malik Beasley,Milwaukee Bucks,SG,87,229,35,73,408.40000000000003,0,0,0.0,17,47,271.7,1,25,26,7,14,5,5,0,-43,120,113,94,33,510.5,20.801,7.948999999999999,35.316,707.3439999999999,644.461,577.569,24.563999999999997,10
363,Malik Monk,Sacramento Kings,SG,157,272,57,138,394.0,31,33,730.0,12,58,166.1,6,27,33,44,31,6,17,2,13,234,190,201,77,653.7845804988663,24.25724363819602,14.982111363063742,11.617031997984379,877.3560090702948,822.5527840765936,694.3827160493827,53.44444444444444,10
364,Mamadi Diakite,New York Knicks,F,0,5,0,0,0.0,0,0,0.0,0,0,0.0,0,1,1,0,1,1,0,0,0,1,1,0,1,0.0,0.4049586776859504,0.0,0.0,0.4049586776859504,0.4049586776859504,0.0,0.4049586776859504,1
365,MarJon Beauchamp,Milwaukee Bucks,F,44,57,16,25,485.0,7,8,175.0,5,10,350.0,2,12,14,2,5,2,3,1,-18,60,58,46,16,89.29448491155046,15.11758584807492,1.525494276795005,2.771071800208117,161.24037460978147,147.4588969823101,99.1945889698231,20.52445369406868,8
366,Marcus Morris Sr.,Cleveland Cavaliers,SF,54,134,21,48,503.9,3,4,150.0,9,24,323.3,4,14,18,5,12,1,7,1,-13,77,72,59,23,97.03032104637337,28.759215219976223,5.35909631391201,5.080856123662308,169.67776456599287,140.9797859690844,122.43341260404281,37.41319857312723,10
367,Marcus Sasser,Detroit Pistons,G,136,309,48,127,343.6,21,23,540.0,19,60,303.9,3,17,20,46,18,9,22,4,-93,202,156,182,66,723.9754017060108,14.285657607617537,22.946637571910337,14.129934536798256,843.8091648482443,686.2824836341996,882.2924023011307,36.44197579845269,10
368,Markelle Fultz,Orlando Magic,PG,78,166,35,62,554.5,7,11,275.0,1,4,100.0,9,17,26,13,15,5,10,3,6,117,104,91,39,386.076124567474,26.75432525951557,24.220761245674744,0.9280276816608997,608.1280276816609,563.3771626297578,417.481660899654,64.32041522491349,10
369,Markieff Morris,Dallas Mavericks,PF,15,49,5,16,195.3,2,2,100.0,3,10,100.0,0,9,9,3,0,0,2,2,-18,27,24,18,12,33.8704,16.830399999999997,6.7696,2.8944,145.5824,95.4016,66.9856,40.6656,4
370,Marques Bolden,Charlotte Hornets,C,35,112,16,24,376.7,3,4,150.0,0,1,0.0,10,20,30,4,9,3,3,7,-26,69,65,39,34,142.02853745541023,63.56242568370986,5.888228299643282,0.0,440.7253269916765,373.7526753864447,189.5909631391201,88.86087990487513,7
371,Marvin Bagley III,Washington Wizards,PF,134,238,58,89,623.5,12,13,600.0,6,8,450.0,23,49,72,8,11,5,10,9,3,214,206,142,80,341.85484830458057,93.62879238548483,15.875074360499699,4.5258774538964905,424.1273051754908,392.8102320047591,350.1939321832243,132.48185603807258,10
372,Mason Jones,Sacramento Kings,G,7,24,2,7,66.7,1,2,50.0,2,6,66.7,1,4,5,5,2,1,2,0,-5,17,12,12,10,21.787037037037038,12.75,12.75,2.7037037037037037,74.67592592592592,35.48148148148148,35.48148148148148,51.0,3
373,Mason Plumlee,LA Clippers,C,51,162,18,46,434.2,15,20,500.0,0,4,0.0,15,39,54,16,21,5,10,4,-28,121,105,67,70,121.14610754004693,166.4334251606979,27.419446995204574,0.0,712.1570247933884,484.7022752780329,239.34527089072546,303.1084583205796,10
374,Matisse Thybulle,Portland Trail Blazers,SG,67,209,25,53,398.9,5,7,200.0,12,31,335.0,7,24,31,20,14,17,12,7,-23,118,98,87,51,338.8434903047091,39.325484764542935,20.249307479224377,12.531855955678669,707.3573407202216,558.770083102493,458.20637119113564,88.79916897506926,10
375,Matt Ryan,New Orleans Pelicans,F,28,83,10,28,233.3,0,0,0.0,8,22,194.4,1,8,9,2,7,0,3,0,-12,39,37,30,11,222.0382231404959,18.02582644628099,1.625,20.145661157024794,371.1002066115703,356.52066115702485,234.77685950413223,21.491735537190085,10
376,Matthew Hurt,Memphis Grizzlies,F,32,110,12,33,215.9,3,3,200.0,5,19,233.4,9,7,16,4,8,3,2,3,-7,52,48,36,20,163.8343195266272,34.95857988165681,4.934911242603551,5.335798816568047,360.0,296.6272189349112,213.72781065088756,53.37278106508876,7
377,Max Christie,Los Angeles Lakers,G,39,115,15,31,519.4,3,4,150.0,6,14,250.0,3,17,20,7,4,2,4,1,17,66,59,46,27,156.3390625,37.90625,8.2,6.5265625,411.78906250000006,319.4640625,219.41406250000003,75.35625,10
378,Max Strus,Cleveland Cavaliers,SG,95,322,33,85,397.8,10,12,266.7,19,55,331.1,13,44,57,48,21,8,15,0,-2,200,152,143,105,288.181660899654,89.63019031141869,122.784169550173,21.927768166089965,794.5415224913495,411.625,615.6059688581315,267.90657439446363,10
379,Maxi Kleber,Dallas Mavericks,PF,66,213,20,34,694.7,11,14,325.0,15,26,571.4,10,26,36,18,16,3,7,9,72,120,102,84,54,185.61365784499054,35.26961247637051,7.887523629489603,22.474480151228732,293.99621928166346,303.26748582230624,181.5758506616257,37.92367674858223,10
380,Maxwell Lewis,Los Angeles Lakers,F,2,11,1,5,25.0,0,0,0.0,0,2,0.0,1,0,1,2,0,0,0,0,-15,5,3,4,3,2.7573964497041423,0.8579881656804735,3.0680473372781067,0.0,6.7603550295857975,6.65680473372781,3.624260355029586,3.162721893491124,2
381,Micah Potter,Utah Jazz,C,32,138,12,31,307.1,3,5,200.0,5,16,216.7,8,24,32,5,12,4,5,6,-22,69,64,37,37,107.80811609782316,45.73716742811072,8.53292125772642,6.516796560064499,308.30932545014775,255.41144853533996,140.17549045955388,74.80059123891428,10
382,Michael Porter Jr.,Denver Nuggets,SF,190,341,71,141,505.7,17,20,543.3,31,73,417.6,9,57,66,14,17,8,10,5,81,270,256,204,80,256.373976504094,80.23442506229975,16.564613741545035,23.57796368814525,463.28515485938055,454.7696689213243,256.5904236383055,105.09807760768958,10
383,Mikal Bridges,Brooklyn Nets,SF,138,315,49,118,411.6,10,11,466.7,30,72,425.9,7,24,31,33,10,11,8,4,-33,202,169,171,64,405.80622837370237,54.65813148788928,18.352249134948096,23.00899653979239,654.0013840830451,566.7162629757785,501.28096885813153,64.82076124567473,10
384,Mike Conley,Minnesota Timberwolves,PG,123,294,42,101,407.4,13,14,580.0,26,59,404.0,10,25,35,51,21,11,25,2,21,209,158,174,86,281.060807996668,27.31466055810079,65.14056643065389,26.403373594335694,371.4822990420658,360.84652228238235,252.84902124114956,131.3027905039567,10
385,Mike Muscala,Oklahoma City Thunder,C,16,96,7,26,306.7,1,3,50.0,1,14,33.3,8,13,21,6,8,3,2,1,38,43,37,22,27,34.25562130177514,29.177514792899412,7.2544378698224845,0.914792899408284,99.06390532544378,83.05917159763314,36.828402366863905,49.86390532544379,10
386,Miles Bridges,Charlotte Hornets,SF,193,366,73,155,472.9,27,31,721.4,20,63,275.2,9,55,64,34,14,6,16,3,-75,291,257,227,98,578.3074717490301,68.311013661663,27.08821049080789,34.13661663012312,1059.5687299713272,850.9669421487603,730.0753921403273,152.23309158374093,10
387,Miles McBride,New York Knicks,PG,87,209,33,76,420.9,5,6,266.7,16,45,301.7,4,14,18,18,19,8,4,1,-9,123,105,105,36,492.04234467455626,25.246301775147927,28.90625,29.17455621301775,878.559171597633,705.5808062130177,646.8764792899409,72.29678254437871,10
388,Mitchell Robinson,New York Knicks,C,36,189,13,24,326.6,10,19,362.5,0,0,0.0,35,24,59,2,21,9,3,12,36,97,95,38,61,198.4539775093711,111.95876718034151,1.8159100374843817,0.0,481.2065805914202,468.80008329862557,204.08579758433987,120.54935443565182,10
389,Mo Bamba,Philadelphia 76ers,C,75,191,28,53,507.8,11,15,425.0,8,23,273.3,18,46,64,10,25,7,5,17,-4,149,139,85,74,166.18400000000003,43.681777777777775,12.044444444444443,5.855999999999999,319.80000000000007,300.2444444444444,196.60177777777778,44.864,10
390,Monte Morris,Minnesota Timberwolves,PG,42,130,16,40,330.8,1,2,50.0,9,22,326.7,1,19,20,18,6,2,1,6,43,80,62,60,38,158.56677229515617,27.158895427795382,29.6260751471254,10.923947487550928,374.6518786781349,258.0172023540063,259.54911724762337,72.43730194658217,10
391,Moritz Wagner,Orlando Magic,C,91,167,35,66,546.5,19,26,635.0,2,13,150.0,10,33,43,6,28,8,10,3,39,140,134,97,49,150.0803324099723,27.418836565096953,8.262603878116344,2.2382271468144044,244.38670360110802,204.74459833795015,192.45706371191136,32.94681440443213,10
392,Moses Brown,Portland Trail Blazers,C,51,109,21,39,510.4,9,27,240.8,0,0,0.0,19,20,39,4,14,3,7,4,-16,94,90,55,43,103.24852071005918,72.11111111111111,6.401051939513478,0.0,281.23734385272843,267.051939513478,112.75016436554898,83.19592373438527,10
393,Moses Moody,Golden State Warriors,SG,105,216,35,72,523.8,16,21,596.7,19,36,555.0,7,24,31,14,19,5,5,1,49,150,136,119,45,148.45746579417013,19.938429506246283,7.389946460440214,16.890541344437832,240.5484830458061,205.3768590124925,176.96044021415827,33.99702558001189,10
394,Mouhamadou Gueye,Toronto Raptors,F,26,112,11,37,340.5,4,9,225.0,0,3,0.0,11,10,21,5,13,3,11,15,-78,52,47,31,26,13.906509695290858,27.529778393351805,4.25,0.0,63.374653739612185,48.5983379501385,29.603878116343495,30.858725761772856,9
395,Mouhamed Gueye,Atlanta Hawks,F,21,56,7,17,108.9,4,4,100.0,3,6,166.7,8,11,19,4,12,3,0,4,-13,44,40,25,23,128.75,11.421875,5.6875,2.29296875,159.796875,175.546875,105.6875,24.421875,3
396,Moussa Diabate,LA Clippers,F,2,7,1,1,100.0,0,2,0.0,0,0,0.0,1,3,4,0,0,1,0,1,1,6,6,2,4,0.0,0.0,0.0,0.0,0.0,0.0,0.0,0.0,1
397,Myles Turner,Indiana Pacers,C,201,309,72,135,520.2,30,43,650.0,27,63,397.29999999999995,12,66,78,25,21,3,8,15,80,304,279,226,103,704.5599491270668,93.72366747600879,42.755578679616136,38.00289050757313,1279.098624118395,1186.2653485952133,801.3844375072263,132.48803329864722,10
398,Naji Marshall,New Orleans Pelicans,SF,66,209,24,57,389.7,9,10,400.0,9,24,357.1,7,25,32,14,19,7,5,4,-17,112,98,80,46,201.18643667296786,22.05671077504726,17.477551984877127,12.96124763705104,291.79584120982986,249.62310964083173,225.70510396975425,57.18832703213611,10
399,Nassir Little,Phoenix Suns,SF,22,76,9,22,325.0,0,0,0.0,4,13,250.0,0,12,12,5,9,0,1,2,-20,39,34,27,17,46.5625,16.7275390625,5.340087890625,2.5625,78.883056640625,65.4306640625,55.863525390625,26.218994140625,9
400,Nate Hinton,Houston Rockets,G,14,36,5,10,143.3,2,3,66.7,2,5,66.7,2,9,11,7,5,1,1,2,8,32,25,21,18,78.91836734693878,11.0,11.632653061224492,3.4897959183673466,174.0,114.01360544217688,117.0,44.5374149659864,3
401,Nathan Mensah,Charlotte Hornets,C,4,59,2,5,66.7,0,0,0.0,0,0,0.0,4,6,10,1,13,2,1,4,-17,15,14,5,11,13.75,9.9375,0.859375,0.0,41.359375,44.4375,13.484375,7.984375,7
402,Naz Reid,Minnesota Timberwolves,C,122,227,43,100,409.7,19,30,490.8,17,45,348.3,3,42,45,12,28,9,13,7,-8,179,167,134,57,653.7760000000001,143.525,10.516,29.699999999999996,1260.5249999999999,1141.341,743.3,183.701,10
403,Neemias Queta,Boston Celtics,C,70,116,33,45,590.1,4,6,175.0,0,0,0.0,19,25,44,10,12,5,7,12,81,124,114,80,54,210.49586776859505,68.82851239669421,19.010330578512395,0.0,562.3471074380166,454.72933884297515,309.2747933884297,96.67768595041323,9
404,Nic Claxton,Brooklyn Nets,C,102,311,46,74,638.1,10,30,330.0,0,0,0.0,31,81,112,22,23,6,21,21,9,236,214,124,134,139.23426306965402,86.15058680079254,15.7290047248895,0.0,325.92196311537873,289.16476146928824,166.45816186556925,111.41289437585733,10
405,Nick Jr. Smith,Charlotte Hornets,G,77,177,26,75,328.9,9,10,187.5,16,40,271.2,2,18,20,17,11,2,7,0,-15,114,97,94,37,623.0548696844992,37.90123456790124,16.679012345679013,39.16598079561042,1065.5363511659807,887.639231824417,768.5322359396434,87.0,10
406,Nick Richards,Charlotte Hornets,C,94,247,39,53,745.5,16,18,575.0,0,0,0.0,18,51,69,8,24,5,10,4,-44,171,163,102,77,62.56850077968366,194.35219425261755,7.615059033192247,0.0,339.3105368678993,373.687458231232,39.42214301626198,190.73668968589885,10
407,Nickeil Alexander-Walker,Minnesota Timberwolves,SG,120,262,42,97,419.3,14,15,650.0,22,60,405.4,6,18,24,32,20,13,9,3,80,176,144,152,56,416.0907029478458,22.53061224489796,25.918367346938776,20.261224489795914,680.9723356009071,553.7369614512472,533.424036281179,58.351020408163265,10
408,Nicolas Batum,Philadelphia 76ers,PF,65,277,22,54,340.5,5,8,175.0,16,40,311.6,14,38,52,15,20,3,8,7,-10,132,117,80,67,397.85845935727787,33.528355387523625,17.493620037807187,31.0359168241966,449.50945179584124,501.88303402646505,344.25330812854446,52.25354442344045,10
409,Nikola Jokic,Denver Nuggets,C,266,374,105,170,616.8000000000001,43,52,727.3,13,27,460.0,33,108,141,91,28,20,34,3,85,498,407,357,232,522.2782080188216,142.57710028428588,69.66405254386824,6.22517400254877,617.7708067836487,554.4090775414174,591.917361043035,205.96372904617192,10
410,Nikola Jovic,Miami Heat,F,88,237,33,75,468.3,6,7,266.7,16,45,383.3,5,52,57,20,19,8,11,4,-58,165,145,108,77,326.40418388429754,51.95867768595042,38.12913223140496,16.698347107438018,574.9723657024794,457.00955578512395,399.3298037190083,135.125,10
411,Nikola Vucevic,Chicago Bulls,C,179,332,75,149,475.7,13,18,385.7,16,41,480.0,22,79,101,34,18,7,13,5,-42,314,280,213,135,536.3049148653544,101.378215191402,32.65040454051443,5.254437869822485,578.5467938654751,552.4352131385099,509.90858591957493,186.53652940466128,10
412,Noah Clowney,Brooklyn Nets,F,89,241,33,60,503.9,14,20,396.4,9,20,283.4,18,37,55,9,19,5,9,14,-52,153,144,98,64,487.61706406205116,102.65642056880208,7.320597529445562,11.471128985923585,918.6529732835392,869.9448434357943,527.7983338121229,118.50387819592069,10
413,Norman Powell,LA Clippers,G,114,280,40,103,384.0,11,13,325.0,23,54,416.4,5,22,27,8,25,6,9,0,29,149,141,122,35,337.7257921979548,33.04090392627194,8.315111728317131,18.156672137356395,460.2935235450069,435.97437192273696,358.88549425577577,44.515465219038,10
414,O.G. Anunoby,New York Knicks,SF,148,371,63,125,498.3,4,8,183.3,18,41,415.0,8,46,54,8,23,10,16,11,24,210,202,156,62,283.8467305289463,122.34319033735943,11.765097875885049,17.29945855893378,405.01124531445237,478.13660974593927,237.22365680966263,107.60599750104123,10
415,Obi Toppin,Indiana Pacers,PF,127,181,50,94,513.2,11,13,450.0,16,49,316.2,8,40,48,19,18,5,7,4,3,194,175,146,67,408.9753086419753,56.91868176716661,38.88429752066115,13.67860422405877,656.9541883481277,610.5584124068972,479.27374757677785,71.9003162942557,10
416,Ochai Agbaji,Toronto Raptors,G,73,276,29,70,378.4,12,21,441.7,3,23,120.0,19,24,43,20,18,9,13,9,-49,136,116,93,63,168.44489795918366,81.27551020408164,24.35918367346939,2.559183673469388,478.68775510204085,359.1938775510204,238.60816326530613,154.96530612244896,10
417,Olivier Sarr,Oklahoma City Thunder,C,11,22,4,7,125.0,3,5,116.7,0,1,0.0,4,4,8,0,3,0,1,1,-14,19,19,11,8,43.6875,8.75,0.0,0.0,79.1875,79.1875,43.6875,8.75,3
418,OlivierMaxence Prosper,Dallas Mavericks,F,41,102,14,32,235.7,9,14,217.1,4,12,83.3,7,15,22,2,4,3,4,2,-57,65,63,43,24,315.3374726077429,66.47626004382761,1.3571950328707085,5.7428780131482835,711.372534696859,657.9349890430972,353.9554419284149,82.65303140978817,6
419,Omer Yurtseven,Utah Jazz,C,104,220,47,86,529.8,9,11,500.0,1,7,50.0,27,51,78,13,13,3,12,4,-57,195,182,117,91,289.8351525952328,233.4560035642682,12.69035419915349,0.9010915571396747,868.6587213187793,764.7676542659838,327.2401425707284,312.63243484072177,10
420,Onuralp Bitim,Chicago Bulls,SF,54,166,24,54,474.4,1,1,100.0,5,23,133.4,5,14,19,8,16,1,6,1,-56,81,73,62,27,280.4094674556213,51.17514792899408,5.836686390532545,4.813017751479291,548.9360946745562,513.9822485207101,299.7514792899408,72.62366863905325,10
421,Onyeka Okongwu,Atlanta Hawks,PF,147,296,61,89,703.8000000000001,16,22,492.9,9,19,466.6,32,44,76,11,28,7,5,15,4,234,223,158,87,308.4240362811791,185.95918367346937,9.244897959183675,5.6893424036281175,807.5192743764171,822.7913832199548,307.3560090702948,181.0,10
422,Orlando Robinson,Miami Heat,C,13,59,4,11,108.3,4,5,175.0,1,2,100.0,8,9,17,5,4,1,3,0,4,35,30,18,22,57.321280991735534,32.01239669421487,3.066115702479339,0.8677685950413222,128.80061983471074,106.48243801652893,77.53202479338843,37.18595041322314,6
423,Oscar Tshiebwe,Indiana Pacers,C,3,5,1,3,33.3,1,2,50.0,0,0,0.0,2,0,2,0,1,0,0,1,8,5,5,3,2,0.25,0.0,0.0,0.0,0.25,0.25,0.25,0.0,1
424,Oshae Brissett,Boston Celtics,SF,40,114,16,31,420.8,6,16,190.0,2,6,200.0,15,16,31,9,8,2,5,4,23,80,71,49,40,69.21675206059255,82.37135219425261,4.911784361773224,1.6057028291378928,215.70372020494545,235.9391846736467,58.517932724437514,77.74649142347961,10
425,Ousmane Dieng,Oklahoma City Thunder,F,41,113,16,37,374.4,4,4,200.0,5,17,253.3,1,8,9,18,5,6,8,5,18,68,50,59,27,215.17233560090705,7.090702947845805,28.75736961451247,4.777777777777779,409.50566893424036,268.9750566893424,346.55102040816325,45.0,10
426,P.J. Tucker,LA Clippers,PF,19,153,7,15,280.0,0,0,0.0,5,9,400.0,6,20,26,6,13,6,1,0,-10,51,45,25,32,91.40625,50.40625,2.5,4.579719387755102,177.125,161.125,102.65625,57.65625,10
427,P.J. Washington,Dallas Mavericks,PF,119,338,45,102,402.6,13,22,431.4,16,54,281.3,11,50,61,15,20,16,14,12,64,195,180,134,76,679.4350576471788,67.59504132231406,10.500255076012651,23.01744719926538,792.9000102030404,762.4497500255077,700.9119477604327,87.06866646260586,10
428,Paolo Banchero,Orlando Magic,PF,237,360,86,195,436.7,48,62,793.1,17,53,291.7,13,68,81,53,20,5,37,4,13,371,318,290,134,559.6699040351486,160.00520291363162,15.444444444444446,18.269279685512775,1014.034339229969,994.6615793733379,534.6555671175859,219.83674413226964,10
429,Pascal Siakam,Indiana Pacers,PF,215,344,91,164,541.0,23,40,530.0,10,30,308.3,24,58,82,31,31,6,8,6,40,328,297,246,113,746.5700438730742,63.77777777777777,42.086419753086425,8.199979593918988,1180.813590449954,1088.1794714825019,796.3893480257116,148.679012345679,10
430,Pat Connaughton,Milwaukee Bucks,SG,44,199,18,43,355.0,4,5,350.0,4,19,158.3,5,25,30,20,12,8,6,1,-10,94,74,64,50,91.8025147928994,32.00832100591716,16.27514792899408,4.062130177514793,214.17991863905326,139.14293639053253,159.21671597633136,55.90625,10
431,Pat Spencer,Golden State Warriors,G,2,15,1,3,33.3,0,0,0.0,0,2,0.0,2,2,4,3,0,0,1,0,7,9,6,5,7,1.3407202216066483,11.346260387811633,4.886426592797783,0.0,45.38504155124653,20.48753462603878,11.346260387811633,31.124653739612192,1
432,Patrick Baldwin Jr.,Washington Wizards,F,69,217,26,63,339.8,6,9,325.0,11,43,163.3,6,44,50,11,25,9,8,8,-19,130,119,80,61,489.18052167385997,151.4479264402327,24.90542315631451,18.974479264402326,1376.0390317132671,1119.9652842934884,665.656220679302,255.95139801088385,10
433,Patrick Beverley,Milwaukee Bucks,PG,90,313,31,66,455.9,17,19,560.0,11,23,450.0,9,37,46,51,21,9,9,4,23,187,136,141,97,306.23781212841857,84.6872770511296,117.11626370722686,17.18549346016647,813.2748051261726,567.7336504161711,513.0916897872903,240.49081780948606,10
434,Patrick Williams,Chicago Bulls,PF,6,24,2,9,22.2,2,2,100.0,0,5,0.0,0,6,6,2,5,0,2,2,-11,14,12,8,8,0.0,0.0,0.0,0.0,0.0,0.0,0.0,0.0,1
435,Patty Mills,Miami Heat,PG,68,175,23,63,342.5,13,14,466.7,9,41,190.8,3,3,6,14,10,8,4,0,14,88,74,82,20,248.07756391841423,5.191611605860385,12.416546969261708,7.13789141051422,302.3596667624246,250.02010916403333,290.98822177535186,27.0370583165757,10
436,Paul George,LA Clippers,F,213,330,68,151,457.6,49,55,815.4,28,67,426.6,3,52,55,42,31,12,28,5,31,310,268,255,97,957.1807665915106,112.52945789628468,45.896088618762874,27.78394275071071,1673.0818547201254,1338.3229095186746,1208.0342123321243,242.3310459758847,10
437,Paul Reed,Philadelphia 76ers,SF,56,150,27,45,689.8,1,3,50.0,1,3,50.0,19,29,48,14,20,8,6,7,8,118,104,70,62,137.36418654325382,84.44090423638303,36.4001423994304,1.059807760768957,564.6046635813457,397.64702741189035,244.83588465646136,180.32698469206122,10
438,Payton Pritchard,Boston Celtics,PG,127,252,53,100,405.1,5,6,175.0,16,41,319.2,8,24,32,53,15,4,9,0,127,212,159,180,85,1227.547135721118,23.646296099479223,103.89531299819322,17.40822616643639,2315.0181740886387,1491.875757253693,1994.4661494313957,183.76501222234032,10
439,Pete Nance,Cleveland Cavaliers,F,3,11,1,3,33.3,0,0,0.0,1,1,100.0,0,1,1,0,1,0,0,0,-18,4,4,3,1,5.76,0.30250000000000005,0.0,0.6400000000000001,8.7025,8.7025,5.76,0.30250000000000005,1
440,Peyton Watson,Denver Nuggets,F,55,180,23,49,470.8,5,8,250.0,4,14,250.0,6,25,31,14,17,3,6,18,12,100,86,69,45,142.56310594811774,94.9376364748013,22.981395755087785,4.4403878067953535,386.8393746178706,319.21792296270417,163.16141147698488,164.94217835618832,10
441,Precious Achiuwa,New York Knicks,PF,22,150,9,29,301.7,3,6,100.0,1,5,100.0,14,26,40,5,18,2,7,8,-28,67,62,27,45,228.95809684820674,158.16374833957252,13.023668639053255,0.9753652940466128,792.810167854124,677.6326530612243,289.27170631566236,226.0513223040695,10
442,Quentin Grimes,Detroit Pistons,SG,82,213,26,80,296.2,19,24,525.0,11,50,200.0,2,27,29,19,13,7,9,4,-12,130,111,101,48,312.44628099173553,35.19834710743802,14.900826446280991,10.900826446280991,442.06611570247935,483.0495867768595,277.6942148760331,43.86776859504132,10
443,Quenton Jackson,Indiana Pacers,G,0,7,0,1,0.0,0,0,0.0,0,0,0.0,0,1,1,2,1,1,0,0,6,3,1,2,3,0.36,0.09000000000000002,1.9599999999999997,0.0,0.25,0.8099999999999998,0.6400000000000001,1.2100000000000002,1
444,R. Rupert,Portland Trail Blazers,G,63,324,22,77,278.6,6,8,300.0,13,42,240.2,10,32,42,31,29,7,15,2,-95,136,105,94,73,101.88495252008767,42.37107377647918,34.70891161431702,13.451059167275384,246.1957633308985,137.58838568298023,177.07231555880205,110.5,10
445,RJ Barrett,Toronto Raptors,SG,244,335,96,172,560.7,39,56,647.3,13,36,325.0,11,50,61,45,26,6,34,5,-65,350,305,289,106,234.80991735537188,71.76400367309458,50.50229568411387,12.17722681359045,532.4499540863177,428.8879706152433,327.46097337006427,133.17722681359047,10
446,RaiQuan Gray,San Antonio Spurs,F,23,36,10,17,118.1,0,0,0.0,3,7,60.0,2,3,5,6,0,1,0,1,18,34,28,29,11,37.23140495867769,12.834710743801653,4.793388429752065,4.834710743801653,71.53719008264464,41.685950413223146,55.1487603305785,29.56198347107438,2
447,Reggie Bullock,Houston Rockets,SF,17,91,6,14,183.3,0,0,0.0,5,12,200.0,0,13,13,3,10,3,2,2,-34,33,30,20,16,112.69974089315653,22.155616521871664,2.1281816796220085,8.820454199055023,208.44185337600976,189.80795610425238,132.0865721688767,23.530864197530867,10
448,Reggie Jackson,Denver Nuggets,PG,69,163,26,74,313.7,6,7,250.0,11,36,266.6,4,13,17,22,19,4,8,1,3,108,86,91,39,302.5795265962093,26.185605729758063,34.37872303257927,8.992663114682506,576.4426587474888,428.57315049349285,429.6459952834309,81.36736832911171,10
449,Richaun Holmes,Washington Wizards,F,88,241,35,62,516.4,18,21,591.7,0,2,0.0,31,52,83,9,31,7,8,8,-2,180,171,97,92,289.8569488456315,267.74694431869625,7.027161611588955,0.004526935264825713,982.0,910.5165233137166,326.7682209144409,309.3463105477592,10
450,Ricky IV Council,Philadelphia 76ers,G,51,103,16,35,424.9,12,17,358.3,7,14,433.3,2,6,8,9,9,6,2,1,33,68,59,60,17,128.9556786703601,8.880886426592799,9.022160664819943,4.125884887657741,229.41828254847647,164.7950138504155,190.77008310249306,20.71191135734072,10
451,Robin Lopez,Milwaukee Bucks,C,6,23,3,9,37.5,0,0,0.0,0,2,0.0,1,0,1,1,3,1,0,2,-16,8,7,7,2,21.92,0.52,0.6800000000000002,0.0,24.48,29.0,18.28,0.32000000000000006,2
452,Royce O'Neale,Phoenix Suns,PF,58,247,20,61,236.9,3,4,150.0,15,49,236.79999999999998,8,39,47,19,23,7,5,4,-3,124,105,77,66,325.86168639053255,68.16216715976331,25.04215976331361,18.05417899408284,683.38849852071,536.1414571005918,425.52071005917156,140.7923446745562,10
453,Rudy Gobert,Minnesota Timberwolves,C,160,351,58,84,678.3,44,58,601.7,0,0,0.0,42,81,123,17,31,14,17,17,35,300,283,177,140,353.625,231.80991735537188,10.114927685950413,0.0,921.6273243801653,894.2076446280992,352.77401859504135,270.1955061983471,10
454,Rui Hachimura,Los Angeles Lakers,PF,127,316,48,98,518.9,15,20,550.0,16,35,473.6,13,36,49,13,15,5,4,2,-42,189,176,140,62,624.0352438590246,73.26966892132431,10.101281594873619,10.462798148807407,970.1092915628338,910.9343182627271,658.5,108.0811676753293,10
455,Russell Westbrook,LA Clippers,PG,89,223,35,93,369.5,12,19,500.0,7,25,283.3,10,47,57,39,20,12,25,5,60,185,146,128,96,283.1805197381472,163.9974211465979,177.78317794088477,6.164451497718706,1389.9676651458044,626.3558817694902,766.3991271573101,622.1737750446341,10
456,Ryan Arcidiacono,New York Knicks,G,0,5,0,1,0.0,0,0,0.0,0,1,0.0,0,0,0,0,1,1,0,0,3,0,0,0,0,0.0,0.0625,0.0,0.0,0.0625,0.0625,0.0,0.0625,1
457,Ryan Rollins,Milwaukee Bucks,G,0,7,0,1,0.0,0,0,0.0,0,0,0.0,0,2,2,2,1,0,1,0,0,4,2,2,4,0.81,1.9599999999999997,1.2100000000000002,0.09,2.5600000000000005,0.25,0.03999999999999998,6.25,1
458,Saben Lee,Phoenix Suns,G,35,103,9,28,194.29999999999998,15,20,416.7,2,9,83.3,3,15,18,17,6,4,2,0,6,70,53,52,35,220.85034013605443,38.795918367346935,18.46938775510204,1.7006802721088436,500.3197278911565,421.49659863945584,271.3333333333333,85.60544217687075,9
459,Saddiq Bey,Atlanta Hawks,SF,146,337,48,125,372.4,31,35,800.0,19,59,298.4,29,32,61,14,7,4,10,4,-23,221,207,160,75,398.90000000000003,67.125,9.625,14.9,439.4000000000001,478.32500000000005,362.225,74.5,10
460,Sam Hauser,Boston Celtics,SF,105,223,38,87,433.6,2,2,100.0,27,64,409.7,5,26,31,15,9,7,1,3,136,151,136,120,46,298.7747759121323,30.73260951900013,11.525438707233935,24.401843201615957,515.0,431.2894836510541,370.22699154147205,54.51634894584017,10
461,Sam Merrill,Cleveland Cavaliers,SG,62,150,19,50,236.7,5,6,266.7,19,47,245.5,2,12,14,17,15,2,2,0,-20,93,76,79,31,508.04429065743943,21.723183391003463,20.800692041522492,51.94671280276817,925.1937716262976,704.9522491349481,692.8339100346021,77.9757785467128,10
462,Samardo Samuels,Houston Rockets,F,0,11,0,1,0.0,0,0,0.0,0,0,0.0,1,2,3,1,1,0,0,1,-6,4,3,1,4,1.53125,2.03125,0.6953125,0.0,0.1953125,0.5,1.1328125,2.8203125,2
463,Sandro Mamukelashvili,San Antonio Spurs,PF,108,227,42,82,533.5,13,17,500.0,11,29,276.6,24,63,87,20,13,1,11,4,19,215,195,128,107,396.77800916284883,175.13660974593915,14.203248646397332,13.82465639316951,755.4539775093712,690.3469387755102,401.81840899625155,249.4064972927947,10
464,Santi Aldama,Memphis Grizzlies,PF,116,316,42,90,459.2,13,20,450.0,19,52,309.5,11,56,67,23,14,10,7,16,-91,206,183,139,90,464.97257653061223,94.125,18.288903061224488,31.887755102040817,898.1326530612246,764.936862244898,555.9005102040816,154.68176020408163,10
465,Sasha Vezenkov,Sacramento Kings,F,40,103,13,37,238.9,5,5,200.0,9,26,251.2,2,11,13,5,11,6,1,0,25,58,53,45,18,89.22265625,4.265625,4.2900390625,10.4306640625,145.9228515625,105.03515625,128.4462890625,10.2197265625,9
466,Scoot Henderson,Portland Trail Blazers,G,186,351,70,168,416.2,22,28,706.7,24,63,380.7,8,27,35,84,34,12,55,2,-154,305,221,270,119,249.89269928364575,44.56439567139156,124.44444444444443,26.271604938271608,487.6063100137175,297.43347050754454,456.8474317939339,152.2269471117208,10
467,Scottie Barnes,Toronto Raptors,SF,179,333,70,155,460.1,33,39,674.9,6,36,159.89999999999998,28,63,91,75,18,13,31,14,21,345,270,254,166,391.6640625,102.8515625,85.6640625,4.8515625,827.2890625,587.40625,576.65625,243.40625,10
468,Scotty Pippen Jr.,Memphis Grizzlies,G,143,269,57,118,445.1,17,20,585.7,12,39,267.9,11,20,31,46,32,22,30,5,-52,220,174,189,77,595.8697978596908,32.923305588585016,34.46848989298454,12.133769322235434,1017.0439952437574,778.5992865636148,805.4346016646849,96.2717003567182,10
469,Seth Curry,Charlotte Hornets,SG,81,181,29,67,372.5,14,15,566.7,9,31,256.6,4,15,19,17,7,5,7,3,-33,117,100,98,36,233.0,12.900826446280993,16.140495867768593,4.900826446280991,334.3388429752066,276.08264462809916,269.8677685950413,50.429752066115704,10
470,Shai Gilgeous-Alexander,Oklahoma City Thunder,PG,256,333,89,191,467.9,68,82,880.6,10,41,263.3,8,44,52,49,23,11,18,6,126,357,308,305,101,450.3929208804283,65.18054729327781,35.30339083878644,8.291493158834028,645.41998810232,655.8810232004759,465.6338488994646,74.7819750148721,10
471,Shake Milton,New York Knicks,SG,49,126,21,46,431.1,2,3,66.7,5,12,250.0,9,19,28,15,12,4,5,2,-6,92,77,64,43,168.13609467455623,82.63017751479289,18.28994082840237,8.869822485207102,562.7485207100592,440.9378698224852,242.85207100591717,148.0147928994083,10
472,Sidy Cissoko,San Antonio Spurs,G,39,109,15,27,241.3,8,11,221.4,1,8,33.3,8,8,16,10,16,4,2,3,10,65,55,49,26,156.3194706994329,17.546313799621927,21.4593572778828,0.833648393194707,385.79773156899813,270.70132325141776,242.42155009451795,68.0,6
473,Simone Fontecchio,Detroit Pistons,F,158,307,55,116,455.5,19,21,616.7,29,65,413.2,8,41,49,16,20,10,13,5,5,223,207,174,65,506.0,36.90963139120095,14.430439952437576,30.11296076099881,589.4708680142687,547.3923900118907,538.8442330558859,60.574316290130795,10
474,Skylar Mays,Los Angeles Lakers,SG,8,34,4,10,170.0,0,0,0.0,0,3,0.0,0,1,1,3,2,3,2,1,-3,12,9,11,4,17.521632653061225,0.8236734693877551,3.323265306122449,0.0,18.927346938775507,20.020408163265312,17.51755102040816,3.057959183673469,4
475,Spencer Dinwiddie,Los Angeles Lakers,PG,55,170,15,36,251.7,16,19,550.0,9,23,220.0,2,18,20,18,13,2,5,1,-38,93,75,73,38,354.4556213017751,20.059171597633135,42.688794378698226,16.335244082840237,742.9240014792899,495.85207100591714,574.3825813609468,89.89293639053255,10
476,Stanley Umude,Detroit Pistons,G,49,150,16,39,260.4,8,9,366.7,9,25,243.3,5,16,21,3,15,4,4,2,-32,73,70,52,24,177.08,44.0,1.9200000000000002,10.88,278.68,272.78,180.88,48.02,8
477,Stephen Curry,Golden State Warriors,PG,243,334,85,184,483.1,28,30,858.3,45,101,477.59999999999997,2,45,47,63,13,8,31,7,54,353,290,306,110,387.3309897241752,48.229853975121685,56.877501352082206,28.804218496484587,340.1019469983775,337.0091941590049,370.5,125.03109789075177,10
478,Svi Mykhailiuk,Boston Celtics,SG,68,154,24,48,592.1,3,3,200.0,17,36,493.2,4,14,18,15,8,2,4,0,89,101,86,83,33,405.74072265625,12.025390625,14.69775390625,28.70947265625,653.587890625,522.52197265625,530.2265625,33.30322265625,10
479,T. Vukcevic,Washington Wizards,PF,85,143,29,65,303.7,17,22,427.8,10,35,215.3,6,26,32,13,27,4,9,6,29,130,117,98,45,371.53739612188366,62.60941828254847,13.550554016620497,7.517313019390581,640.7804709141274,532.8060941828254,431.75,123.92174515235456,7
480,T.J. McConnell,Indiana Pacers,PG,129,191,58,107,526.8,6,6,200.0,7,19,325.0,2,20,22,54,15,7,12,1,7,205,151,183,76,339.2673611111111,15.681640625,70.42100694444444,10.459418402777779,586.978515625,311.60004340277777,590.6640625,110.08441840277777,10
481,T.J. Warren,Minnesota Timberwolves,SF,37,119,16,39,361.2,3,4,150.0,2,13,83.3,5,16,21,7,11,3,4,1,45,65,58,44,28,77.13791238507301,20.88209843158464,7.56571119524067,1.6170903190914006,127.53812871822608,137.0400216333153,63.96051919956733,32.123309897241754,9
482,Taj Gibson,Detroit Pistons,F,18,40,8,14,216.7,0,0,0.0,2,4,100.0,2,7,9,2,3,1,0,1,-5,29,27,20,11,28.78116343490305,12.905817174515235,3.0027700831024937,1.0692520775623269,90.5567867036011,62.88919667590027,45.49030470914127,26.867036011080327,4
483,Taj Gibson,New York Knicks,F,2,68,0,9,0.0,2,2,100.0,0,2,0.0,4,6,10,4,8,1,3,0,2,16,12,6,14,39.79224376731302,10.013850415512465,1.1745152354570638,0.6786703601108033,45.65650969529086,47.229916897506925,34.362880886426595,15.044321329639889,5
484,Talen Horton-Tucker,Utah Jazz,SG,109,209,39,102,368.0,16,19,538.1,15,44,351.6,1,17,18,22,19,9,10,4,-48,149,127,131,40,409.8,21.616,36.084,11.076,629.716,557.976,470.564,68.676,10
485,Taurean Prince,Los Angeles Lakers,PF,69,220,23,61,382.4,12,12,500.0,11,35,333.3,3,22,25,6,14,4,8,4,-12,100,94,75,31,76.35535731791,17.666797372806588,8.246446426820901,9.897559062836976,159.91432212528184,134.3340848936379,99.0,28.84883834918145,10
486,Taylor Hendricks,Utah Jazz,F,98,267,36,72,505.0,5,7,216.7,21,41,540.0,11,39,50,15,16,11,7,7,-47,163,148,113,65,284.2560553633218,59.88788927335639,12.883737024221453,14.273356401384081,333.0927335640138,319.63460207612457,293.80276816609,76.68304498269896,10
487,Taze Moore,Portland Trail Blazers,G,14,35,6,15,135.7,1,2,50.0,1,5,20.0,4,4,8,5,2,1,3,0,-20,27,22,19,13,58.0,34.0,6.03125,0.53125,250.53125,180.0,101.03125,67.53125,2
488,Terance Mann,LA Clippers,SG,105,258,41,72,546.6,10,10,500.0,13,26,541.6,19,29,48,14,25,2,8,0,-24,167,153,119,62,433.93265787405016,96.51515416193556,8.543104201240283,10.488863656214516,864.818499432265,785.0508341339855,499.38134334876406,119.3772381867412,10
489,Terquavion Smith,Philadelphia 76ers,G,46,71,16,40,307.8,3,5,150.0,11,30,266.6,0,4,4,11,6,8,6,0,1,61,50,57,15,258.02268431001886,2.0945179584120988,21.567107750472594,22.572778827977313,281.3289224952741,251.3534971644613,289.8166351606805,21.843100189035916,8
490,Terry Rozier,Miami Heat,SG,188,305,68,150,442.8,15,16,466.7,37,74,449.4,2,29,31,31,14,12,12,3,40,250,219,219,62,683.6591836734694,25.0,25.765306122448976,77.26122448979592,794.9469387755103,827.7163265306122,646.1755102040817,55.479591836734706,10
491,Terry Taylor,Chicago Bulls,F,15,56,5,10,325.0,3,4,150.0,2,3,150.0,4,10,14,3,1,2,0,0,-15,32,29,18,17,20.88823959094229,35.125639152666174,3.509130752373996,1.7983929875821767,117.36084733382029,97.06866325785245,26.967129291453613,52.848064280496715,5
492,Thaddeus Young,Phoenix Suns,F,21,83,10,19,325.0,1,3,100.0,0,1,0.0,16,10,26,6,11,5,4,0,0,53,47,27,32,34.169382716049384,71.5679012345679,7.164444444444444,0.0,149.1664197530864,133.7767901234568,44.877530864197524,83.41382716049381,7
493,Thaddeus Young,Phoenix Suns,PF,13,49,6,8,241.7,1,2,50.0,0,1,0.0,5,10,15,6,3,2,1,1,-11,34,28,19,21,11.317037037037036,32.81481481481482,10.613333333333335,0.0,125.37925925925923,69.98370370370371,42.26814814814815,67.87259259259258,3
494,Thanasis Antetokounmpo,Milwaukee Bucks,SF,16,62,8,15,416.7,0,2,0.0,0,1,0.0,2,1,3,6,8,3,4,1,-16,25,19,22,9,26.30825420014609,1.89554419284149,2.055514974433893,0.0,35.679327976625274,29.124178232286337,33.14974433893353,3.66471877282688,8
495,Theo Maledon,Phoenix Suns,PG,5,10,1,2,50.0,3,3,100.0,0,0,0.0,0,1,1,0,3,0,3,0,-11,6,6,5,1,14.0625,0.5625,0.0,0.0,20.25,20.25,14.0625,0.5625,1
496,Thomas Bryant,Miami Heat,C,93,135,35,58,632.5,19,21,641.7,4,14,233.3,13,37,50,7,17,4,8,7,60,150,143,100,57,494.48807404770383,112.00355998576006,8.134211463154148,4.417230331078676,1001.2039871840514,912.6760412958349,574.993948024208,128.15984336062655,10
497,Tim Hardaway Jr.,Dallas Mavericks,SF,70,194,26,73,333.5,6,8,200.0,12,47,252.5,1,21,22,17,10,5,6,0,-49,109,92,87,39,223.02049861495846,11.745152354570635,14.273130193905818,9.074792243767313,365.25041551246545,322.8520775623268,263.0,28.43711911357341,10
498,Tobias Harris,Philadelphia 76ers,PF,113,346,45,99,412.4,13,15,525.0,10,31,215.0,22,57,79,22,16,4,7,7,39,214,192,135,101,524.7766908416259,51.595041322314046,21.179288244223308,17.415415753078094,730.7525721032215,662.3127002867261,568.9119581716984,97.07893405296002,10
499,Tony Allen,Memphis Grizzlies,F,13,124,6,23,125.0,1,2,50.0,0,7,0.0,4,13,17,5,18,4,2,0,-65,35,30,18,22,15.335640138408305,15.211072664359861,2.0,0.0,54.06920415224913,40.06920415224913,25.335640138408305,21.21107266435986,5
500,Torrey Craig,Chicago Bulls,SF,31,145,11,28,297.0,2,3,150.0,7,16,315.0,10,26,36,7,14,6,5,3,6,74,67,38,43,148.34176085663296,168.15377751338488,9.680547293277812,12.202558001189768,625.7549077929802,498.9559785841761,219.57198096371206,233.40303390838787,10
501,Tosan Evbuomwan,Detroit Pistons,F,84,276,29,53,552.3,17,25,508.4,9,23,390.0,10,34,44,10,17,5,8,4,-96,138,128,94,54,125.78092461474385,43.12952936276552,10.066638900458145,7.008329862557268,264.558100791337,237.48604748021654,150.0,56.04914618908788,10
502,Toumani Camara,Portland Trail Blazers,F,88,292,35,67,507.2,8,9,350.0,10,26,336.6,19,23,42,22,26,8,13,8,-36,152,130,110,64,287.70000000000005,51.93611111111112,28.402777777777775,8.002777777777778,547.7,471.46944444444443,351.46944444444443,92.8,10
503,Trae Young,Atlanta Hawks,PG,184,337,54,139,430.3,52,64,834.7,24,76,367.6,3,24,27,101,17,6,46,1,-75,312,211,285,128,552.625,10.90277777777778,48.5,11.625,598.2777777777777,457.4444444444445,703.125,49.73611111111111,10
504,Trayce JacksonDavis,Golden State Warriors,F,92,226,39,57,710.6,14,23,360.0,0,0,0.0,23,41,64,16,12,6,13,14,-21,172,156,108,80,260.68431001890355,112.5,22.401701323251416,0.0,520.0,409.01039697542535,350.5,156.07561436672967,10
505,Tre Jones,San Antonio Spurs,PG,115,337,48,103,441.5,7,11,258.3,12,37,291.7,11,49,60,70,13,11,21,2,44,245,175,185,130,135.34802560077287,81.97029344282092,62.53254437869822,9.600048303345007,366.3877551020408,228.67854123898078,187.22461055428087,230.33546673107114,10
506,Tre Mann,Charlotte Hornets,PG,113,312,41,93,454.59999999999997,18,22,588.3,13,38,366.7,4,32,36,53,12,20,27,3,-56,202,149,166,89,225.3860345169609,12.136480856972826,26.143820670501885,14.127157310057529,385.24261059313625,250.93056933148182,354.48879190636774,43.48958539972227,10
507,Trendon Watford,Brooklyn Nets,PF,120,253,45,87,520.9,22,33,493.8,8,20,290.0,8,47,55,21,24,6,23,6,-71,196,175,141,76,327.8986676674798,149.12122349408895,29.498780258960405,5.732407581159692,829.4133983861888,692.4756990054418,376.3507224620004,267.10564833927566,10
508,Trent Forrest,Atlanta Hawks,G,24,126,11,28,366.6,2,3,100.0,0,3,0.0,5,12,17,35,2,4,8,1,-25,76,41,59,52,30.69559864573715,12.694675284702985,66.63004001231148,0.0,151.2071406586642,30.62880886426593,137.7177593105571,92.8808864265928,10
509,Trevelin Queen,Orlando Magic,SG,0,13,0,3,0.0,0,0,0.0,0,2,0.0,0,1,1,1,1,0,0,0,-17,2,1,1,2,0.0,0.5918367346938775,0.7551020408163267,0.0,0.04081632653061227,0.5918367346938775,0.7551020408163267,0.04081632653061227,2
510,Trey Jemison,Memphis Grizzlies,C,71,282,31,64,450.5,9,10,450.0,0,0,0.0,34,38,72,16,26,6,15,13,-71,159,143,87,88,224.11296076099882,100.15933412604042,11.239001189060643,0.0,506.2889417360286,490.71462544589775,208.13436385255648,142.95124851367422,10
511,Trey Lyles,Sacramento Kings,PF,66,204,24,58,366.4,5,7,250.0,13,37,347.5,14,31,45,16,10,5,7,4,57,127,111,82,61,227.1353059465671,78.87991956334386,22.557311117494972,6.297902901465095,539.4527434645217,397.3326630278656,350.76644642344155,119.92617064062051,10
512,Trey Murphy III,New Orleans Pelicans,SG,167,400,57,121,464.8,19,20,387.5,34,82,399.6,5,57,62,28,18,12,15,8,-6,257,229,195,90,664.0008264462809,55.6297520661157,15.7,33.85785123966942,823.0132231404959,737.6404958677685,726.6826446280992,94.02066115702479,10
513,Tristan Thompson,Cleveland Cavaliers,C,23,99,11,24,301.3,1,6,50.0,0,0,0.0,12,16,28,11,10,3,3,4,-49,62,51,34,39,64.89952437574317,40.399524375743155,9.18549346016647,0.0,126.99464922711057,136.09809750297265,54.440546967895365,50.940546967895365,10
514,Troy Brown Jr.,Detroit Pistons,SF,45,244,16,57,221.7,5,6,250.0,8,27,170.8,7,31,38,13,8,15,6,1,-54,96,83,58,51,177.14437869822487,22.852071005917157,14.313609467455622,21.685207100591715,234.0828402366864,187.79289940828403,197.2,63.400000000000006,10
515,TyTy Washington Jr.,Milwaukee Bucks,G,11,38,5,13,145.0,0,0,0.0,1,4,100.0,1,2,3,5,1,1,0,0,-2,19,14,16,8,25.0,2.8125,4.7569444444444455,0.7777777777777779,42.111111111111114,28.5625,41.340277777777786,4.777777777777778,4
516,Tyler Herro,Miami Heat,PG,187,352,62,157,405.0,33,34,850.0,30,81,379.9,2,43,45,63,15,3,36,0,7,295,232,250,108,199.396,55.4,128.20000000000002,18.324,750.436,339.95599999999996,553.476,240.0,10
517,Tyrese Haliburton,Indiana Pacers,PG,169,343,62,134,466.5,20,25,686.7,25,83,292.3,9,43,52,94,14,9,28,7,75,315,221,263,146,363.2792243767313,54.6803324099723,135.53462603878117,22.58005540166205,450.7739612188366,434.25983379501383,312.30193905817174,257.70637119113576,10
518,Tyrese Maxey,Philadelphia 76ers,PG,304,434,111,234,465.7,49,54,912.5,33,88,354.2,2,42,44,60,24,8,20,3,33,408,348,364,104,1279.1414982164088,43.171356850310474,50.00132117849121,32.93235566124984,1796.9274673008322,1453.999735764302,1549.9482098031444,165.2936979785969,10
519,Tyus Jones,Washington Wizards,PG,91,313,36,84,402.0,4,4,300.0,15,43,360.8,3,22,25,97,4,9,13,2,-70,213,116,188,122,345.04336734693874,43.53316326530612,160.5,20.959183673469386,776.265306122449,542.0510204081633,542.9719387755102,240.3188775510204,10
520,Udoka Azubuike,Phoenix Suns,C,2,11,1,3,33.3,0,2,0.0,0,0,0.0,2,4,6,0,1,0,0,0,-3,8,8,2,6,3.305785123966942,28.76859504132231,0.0,0.0,51.578512396694215,51.578512396694215,3.305785123966942,28.76859504132231,1
521,Usman Garuba,Golden State Warriors,PF,1,5,0,1,0.0,1,2,50.0,0,0,0.0,0,4,4,0,0,0,0,2,7,5,5,1,4,0.01777777777777777,5.444444444444443,0.017777777777777778,0.0,5.4444444444444455,6.084444444444445,0.0,4.840000000000001,1
522,Vasilije Micic,Charlotte Hornets,G,91,279,33,88,344.9,13,17,425.0,12,42,264.0,3,19,22,77,19,9,23,1,-74,190,113,168,99,231.96490946963627,22.29322224002564,138.8881589488864,11.724082679057842,671.192757570902,284.3190193879186,567.0200288415318,213.0,10
523,Victor Wembanyama,San Antonio Spurs,C,260,332,92,197,488.0,49,65,697.5,27,81,334.3,26,96,122,61,17,11,48,41,0,443,382,321,183,805.7886259040105,225.92373438527287,27.801775147928993,29.36949375410914,1775.4378698224855,1668.0621301775147,851.5548980933596,315.3349769888232,10
524,Vince Williams Jr.,Memphis Grizzlies,G,127,336,42,92,459.70000000000005,30,38,723.3,13,34,328.8,8,54,62,61,30,12,34,9,-54,250,189,188,123,231.93628808864267,72.8808864265928,35.61495844875347,18.00831024930748,492.2326869806094,474.07479224376726,226.76454293628805,131.82548476454295,10
525,Vit Krejci,Atlanta Hawks,G,63,237,24,45,483.7,1,1,100.0,14,30,320.8,4,21,25,19,23,6,8,0,-32,107,88,82,44,429.33664852692823,28.579283167573653,8.857759429536499,32.42709701632577,577.2045411897167,530.4308500656784,474.32238693938825,39.224995308688314,10
526,Walker Kessler,Utah Jazz,C,72,234,31,42,737.5,10,12,500.0,0,0,0.0,22,52,74,12,20,3,11,12,-77,158,146,84,86,107.6064272961714,126.54671692124577,7.620313429875025,0.0,303.70283673874235,272.61456060305494,118.40388811743702,154.45784566554255,10
527,Wendell Carter Jr.,Orlando Magic,C,76,240,29,66,461.0,7,10,275.0,11,35,351.3,19,35,54,12,25,5,7,5,2,142,130,88,66,149.3852421910367,93.34902670891807,18.411045722046172,6.900407424173834,492.57311000452705,361.7564508827524,218.7867813490267,173.1751923947487,10
528,Wendell Moore Jr.,Minnesota Timberwolves,G,8,18,4,5,250.0,0,0,0.0,0,0,0.0,0,7,7,2,2,0,1,0,20,17,15,10,9,15.572016460905349,10.954732510288066,3.0380658436213985,0.0,59.56481481481481,48.23868312757201,20.322016460905353,20.568930041152267,3
529,Wenyen Gabriel,Memphis Grizzlies,F,17,81,8,22,168.3,0,5,0.0,1,6,50.0,7,18,25,3,10,2,8,2,-16,45,42,20,28,59.72702331961591,43.6159122085048,4.060356652949245,0.879286694101509,182.2098765432099,171.6858710562414,60.574759945130324,57.352537722908096,5
530,Wesley Matthews,Atlanta Hawks,SG,40,134,14,36,376.1,2,2,100.0,10,24,370.0,5,12,17,9,12,6,2,3,-19,66,57,49,26,66.4099173553719,32.14049586776859,13.08595041322314,6.211570247933885,127.24628099173555,127.92561983471074,64.15702479338843,46.8,10
531,Xavier Moon,LA Clippers,G,24,90,11,37,145.6,0,0,0.0,2,14,22.2,6,8,14,14,5,3,2,2,-24,52,38,38,28,155.73828125,31.467013888888893,39.252170138888886,3.578125,545.828125,308.3980034722223,328.5555555555555,135.33203125,5
532,Xavier Tillman,Boston Celtics,F,44,110,19,36,542.7,1,3,50.0,5,13,223.3,4,15,19,11,6,5,2,5,7,74,63,55,30,113.44168962350781,30.322314049586776,2.929752066115703,4.729568411386593,192.5697887970615,184.4416896235078,120.1730945821855,34.64876033057851,10
533,Yuta Watanabe,Memphis Grizzlies,SF,22,97,10,24,250.0,0,2,0.0,2,12,64.3,0,11,11,5,6,5,4,0,-36,38,33,27,16,115.08000000000001,11.27,3.75,1.4800000000000004,136.28,131.43,116.23000000000002,18.72,7
534,Zach Collins,San Antonio Spurs,PF,114,187,43,88,456.5,19,23,716.7,9,23,290.0,17,42,59,27,22,3,14,9,-6,200,173,141,86,321.0830498866213,75.76530612244899,15.444444444444443,7.339002267573696,551.890306122449,622.3109410430839,287.1862244897959,54.685941043083886,10
535,Zavier Simpson,Memphis Grizzlies,G,42,162,17,54,192.7,3,4,75.0,5,17,108.3,4,16,20,25,11,7,10,3,-29,87,62,67,45,176.17919999999998,38.88,5.7472,9.48,301.92,250.93120000000002,214.08,57.7152,7
536,Zeke Nnaji,Denver Nuggets,PF,32,114,14,20,576.7,3,7,150.0,1,1,100.0,6,16,22,6,14,3,0,7,-1,60,54,38,28,48.019274376417236,28.23696145124717,6.408163265306122,0.9002267573696145,137.83673469387756,130.48979591836735,45.91043083900227,44.100907029478456,10
537,Ziaire Williams,Memphis Grizzlies,F,103,270,39,94,389.0,13,16,421.4,12,46,213.7,6,38,44,20,15,12,15,0,-39,167,147,123,64,552.1,32.4,24.0,17.599999999999998,788.1,632.1,714.1,50.4,10
538,Zion Williamson,New Orleans Pelicans,PF,258,350,98,194,496.0,61,89,687.5,1,5,50.0,17,44,61,48,21,18,31,11,0,367,319,306,109,593.2396694214876,100.94963842975207,31.80501033057851,0.9297520661157026,824.0010330578513,819.2058367768595,565.4331095041323,165.35640495867767,10
