,First Last Name,team,position,points,minutes,fgm,fga,fgp,ftm,fta,ftp,tpm,tpa,tpp,offReb,defReb,totReb,assists,pFouls,steals,turnovers,blocks,plusMinus,Points_Rebounds_Assist,Points_Rebounds,Points_Assist,Rebounds_Assist,points_deviation,totReb_deviation,assists_deviation,tpm_deviation,Points_Rebounds_Assist_deviation,Points_Rebounds_deviation,Points_Assist_deviation,Rebounds_Assist_deviation,count
0,A. Flagler,Oklahoma City Thunder,F,0,6,0,3,0.0,0,0,0.0,0,3,0.0,0,0,0,1,0,0,0,0,0,1,0,1,1,0.0,0.0,0.0,0.0,0.0,0.0,0.0,0.0,1
1,A.J. Green,Milwaukee Bucks,G,60,142,19,43,431.5,7,8,266.7,15,35,389.3,2,14,16,6,8,2,4,0,3,82,76,66,22,251.1640625,16.541015625,8.90625,22.8515625,359.681640625,365.041015625,245.5390625,25.712890625,10
2,A.J. Lawson,Dallas Mavericks,G,20,42,8,21,223.3,2,6,100.0,2,8,100.0,2,6,8,3,5,1,0,1,-5,31,28,23,11,33.96539792387543,7.211072664359863,1.9204152249134947,1.6124567474048441,52.92387543252596,45.84083044982699,38.49480968858131,11.685121107266436,6
3,Aaron Gordon,Denver Nuggets,PF,125,313,53,93,639.4,15,24,521.7,4,17,133.3,22,37,59,42,22,5,12,1,40,226,184,167,101,199.804012345679,105.76697530864197,58.40277777777778,2.415123456790123,317.78549382716045,452.6975308641976,126.1604938271605,102.90123456790124,10
4,Aaron Holiday,Houston Rockets,G,44,113,16,41,296.5,6,6,300.0,6,21,161.7,1,8,9,16,16,6,3,1,14,69,53,60,25,248.66033601168738,7.137326515704894,32.19722425127831,11.417092768444121,384.9912344777209,315.77720964207447,322.77574872169464,34.43316289262235,10
5,Aaron Nesmith,Indiana Pacers,SF,110,288,35,84,417.8,24,26,825.0,16,43,381.3,5,26,31,16,33,5,6,9,43,157,141,126,47,224.44444444444449,32.603305785123965,9.55188246097337,12.494031221303949,387.06611570247924,375.53259871441696,227.83471074380168,50.298438934802576,10
6,Aaron Wiggins,Oklahoma City Thunder,SG,53,150,22,41,553.0,4,6,200.0,5,14,200.0,8,12,20,10,6,7,9,6,-11,83,73,63,30,107.29012345679011,8.123456790123457,8.0,8.475308641975309,114.32716049382714,118.32716049382714,111.29012345679011,8.123456790123457,10
7,Admiral Schofield,Orlando Magic,SF,5,11,2,4,66.7,0,0,0.0,1,2,100.0,0,2,2,0,1,1,0,0,-11,7,7,5,2,14.36888888888889,0.03555555555555554,0.008888888888888889,0.5555555555555556,14.635555555555555,14.92,14.12,0.008888888888888885,2
8,Al Horford,Boston Celtics,C,102,265,39,69,588.5,6,6,300.0,18,40,439.3,12,41,53,24,17,9,7,8,96,179,155,126,77,308.0,66.10013717421124,22.540466392318244,27.602194787379972,418.97256515775035,330.91495198902606,390.4663923182442,94.2318244170096,10
9,Alec Burks,New York Knicks,SG,68,132,22,70,272.1,14,18,446.4,10,37,237.5,3,16,19,9,2,3,4,1,-15,96,87,77,28,317.2345679012346,18.125,3.345679012345679,10.785493827160494,508.625,459.5817901234568,357.0,30.748456790123456,10
10,Aleksej Pokusevski,Charlotte Hornets,F,30,111,12,32,275.8,3,3,200.0,3,11,183.3,5,16,21,11,6,6,7,5,-8,62,51,41,32,35.34626038781163,15.50415512465374,6.966759002770083,1.5041551246537397,81.46814404432133,62.70083102493075,45.1606648199446,31.42382271468144,6
11,Aleksej Pokusevski,Oklahoma City Thunder,F,6,18,2,5,100.0,1,2,50.0,1,3,100.0,0,2,2,0,0,1,0,0,-12,8,8,6,2,27.14681440443213,25.199445983379498,8.509695290858724,0.7257617728531855,162.62880886426592,99.69252077562325,61.185595567867026,62.60664819944598,3
12,Alex Caruso,Chicago Bulls,SG,104,320,37,90,391.5,9,15,275.0,21,56,367.0,6,32,38,48,29,24,13,8,-27,190,142,152,86,409.0612244897959,28.261224489795918,28.244897959183675,27.0,616.0,506.2448979591837,526.261224489796,49.06122448979592,10
13,Alex Len,Sacramento Kings,C,31,97,11,17,516.7,9,10,375.0,0,0,0.0,5,18,23,9,16,2,4,8,34,63,54,40,32,53.494140625,18.525390625,14.9765625,0.0,108.125,66.4140625,90.244140625,38.462890625,10
14,Alondes Williams,Miami Heat,G,0,6,0,1,0.0,0,0,0.0,0,1,0.0,0,1,1,0,0,0,1,0,-2,1,1,0,1,0.0,0.25,0.0,0.0,0.25,0.25,0.0,0.25,1
15,Alperen Sengun,Houston Rockets,C,209,324,81,157,512.7,43,68,622.9,4,12,200.0,39,68,107,45,36,16,26,7,2,361,316,254,152,847.1723356009071,197.81632653061226,123.77551020408163,4.408163265306122,1935.0226757369614,1622.4580498866212,993.7777777777778,487.5510204081633,10
16,Amari Bailey,Charlotte Hornets,G,2,6,1,3,33.3,0,0,0.0,0,2,0.0,0,0,0,1,0,1,0,0,7,3,2,3,1,1.0,0.0,0.140625,0.0,1.890625,1.0,1.890625,0.140625,1
17,Amen Thompson,Houston Rockets,F,130,239,53,80,633.3,23,29,671.4,1,5,100.0,20,48,68,20,24,14,10,8,91,218,198,150,88,466.9972299168975,72.45983379501385,17.558171745152357,0.9002770083102494,912.3171745152355,830.0387811634349,519.0484764542937,120.24515235457064,10
18,Amir Coffey,LA Clippers,SG,62,224,24,60,322.0,3,3,200.0,11,33,216.7,2,28,30,13,13,6,7,2,-35,105,92,75,43,248.79238548483045,75.33848899464604,16.102914931588337,19.107079119571683,607.2450922070196,449.9940511600238,370.1683521713266,127.31647828673408,10
19,Andre Drummond,Chicago Bulls,C,71,153,24,49,402.9,23,38,579.2,0,0,0.0,28,47,75,3,18,2,7,2,4,149,146,74,78,303.40613586559533,72.77501826150473,2.2111029948867786,0.0,583.764061358656,542.5668371073776,333.7005113221329,85.88897005113219,10
20,Andre Jr. Jackson,Milwaukee Bucks,G,10,69,4,9,333.3,0,0,0.0,2,5,200.0,3,9,12,10,6,3,3,0,-10,32,22,20,22,11.420118343195266,8.272189349112427,8.0,1.5266272189349113,40.35502958579881,32.04733727810651,16.804733727810646,19.19526627218935,6
21,Andrew Nembhard,Indiana Pacers,PG,79,279,32,68,486.59999999999997,4,5,100.0,11,34,373.3,5,18,23,32,23,10,12,1,-10,134,102,111,55,139.8137326515705,35.35354273192111,21.57487216946676,4.921110299488678,270.81373265157055,174.15047479912343,245.1504747991235,48.25493060628196,10
22,Andrew Wiggins,Golden State Warriors,SF,128,255,48,101,468.6,16,20,500.0,16,37,408.3,17,31,48,19,13,6,7,4,14,195,176,147,67,298.130612244898,78.0,13.359183673469387,10.4734693877551,563.5224489795918,537.9020408163266,343.5795918367347,71.53061224489795,10
23,Anfernee Simons,Portland Trail Blazers,SG,261,384,89,194,463.5,42,46,842.8,41,99,424.8,5,39,44,65,20,6,34,1,-15,370,305,326,109,480.11111111111114,21.785493827160494,124.56944444444444,10.125,1141.3827160493827,606.2484567901234,982.625,178.97530864197532,10
24,Anthony Black,Orlando Magic,G,50,193,17,48,368.8,7,12,250.0,9,21,308.3,6,23,29,9,11,6,9,3,25,88,79,59,38,133.98573127229486,64.02021403091557,5.099881093935791,10.64090368608799,328.01426872770514,283.01189060642093,173.2782401902497,74.82996432818072,10
25,Anthony Davis,Los Angeles Lakers,PF,216,344,80,151,528.3,54,65,824.9,2,8,100.0,29,99,128,36,20,15,14,22,33,380,344,252,164,641.1111111111111,263.76675849403125,18.4058769513315,1.9761248852157944,1619.430670339761,1405.1606978879706,766.4462809917355,371.10743801652893,10
26,Anthony Edwards,Minnesota Timberwolves,SG,269,360,103,224,442.2,41,51,792.3,22,70,320.6,9,53,62,48,16,16,26,11,12,379,331,317,110,1023.7908587257617,48.088642659279785,55.26454293628808,22.426592797783936,1570.87811634349,1373.5415512465374,1169.0,155.48060941828254,10
27,Anthony Gill,Washington Wizards,PF,38,91,14,31,284.4,6,6,200.0,4,11,191.7,8,11,19,10,9,5,8,0,-12,67,57,48,29,190.39542143600417,43.09885535900105,15.20083246618106,3.876170655567117,485.687825182102,381.88969823100933,269.32778355879293,83.16545265348596,7
28,Ashton Hagans,Portland Trail Blazers,G,47,181,17,39,452.7,8,11,350.0,5,11,166.7,8,21,29,32,25,7,19,7,8,108,76,79,61,130.2265625,18.90625,51.625,6.8515625,392.9140625,216.4765625,286.0390625,91.15625,10
29,Ausar Thompson,Detroit Pistons,F,103,314,42,87,508.0,11,25,325.0,8,29,195.3,15,44,59,21,26,17,14,11,-6,183,162,124,80,121.7,31.399999999999995,24.125,8.5,347.72499999999997,237.7,200.02499999999998,87.225,10
30,Austin Reaves,Los Angeles Lakers,SG,166,349,63,121,528.4,14,17,600.0,26,59,382.6,5,47,52,56,15,6,21,2,15,274,218,222,108,232.40000000000003,37.03673469387755,95.06122448979593,40.922448979591834,367.49387755102043,261.0367346938775,384.2612244897959,86.6938775510204,10
31,Ayo Dosunmu,Chicago Bulls,SG,183,375,71,142,469.7,19,21,558.3,22,56,378.3,8,23,31,58,24,10,17,6,-48,272,214,241,89,926.2008765522279,34.95325054784514,67.61869978086193,18.58290723155588,862.0204528853177,823.4141709276844,982.3440467494522,85.03506208911614,10
32,Bam Adebayo,Miami Heat,C,177,341,73,139,522.3000000000001,26,42,633.3,5,7,400.0,28,81,109,32,20,12,14,8,-34,318,286,209,141,258.7560553633218,121.8287197231834,21.87024221453287,4.508650519031143,370.5,357.3702422145329,254.3287197231834,161.2560553633218,10
33,Ben Sheppard,Indiana Pacers,G,64,200,24,56,412.5,4,4,200.0,12,40,279.6,2,19,21,8,19,5,2,1,36,93,85,72,29,147.56401384083046,42.45328719723183,10.126297577854672,17.89100346020761,288.65916955017303,257.90657439446363,187.7249134948097,43.17128027681661,10
34,Ben Simmons,Brooklyn Nets,PG,53,168,24,38,521.1,5,11,150.0,0,0,0.0,15,39,54,46,20,9,12,4,-5,153,107,99,100,134.88888888888889,64.0,78.88888888888889,0.0,382.0,162.8888888888889,300.0,196.88888888888889,9
35,Bennedict Mathurin,Indiana Pacers,SG,139,275,44,115,340.3,35,45,614.5,16,44,245.0,10,33,43,23,24,7,17,4,-18,205,182,162,66,753.4765625,123.6015625,38.125,30.4140625,1418.90625,1097.65625,970.9140625,265.5390625,10
36,Bilal Coulibaly,Washington Wizards,SG,90,289,30,76,451.5,19,27,633.3,11,39,238.3,9,30,39,18,22,12,8,7,-98,147,129,108,57,127.37777777777777,38.5,16.0,13.177777777777775,337.8777777777778,291.7444444444444,166.31111111111107,61.699999999999996,10
37,Bismack Biyombo,Oklahoma City Thunder,C,4,31,1,4,33.3,2,2,100.0,0,0,0.0,3,2,5,2,6,0,2,1,4,11,9,6,7,4.16,2.7600000000000002,1.04,0.0,21.240000000000002,13.0,9.36,6.84,4
38,Blake Wesley,San Antonio Spurs,G,46,140,17,34,390.4,11,14,400.0,1,7,100.0,2,17,19,27,15,4,7,4,-26,92,65,73,46,152.64197530864197,23.125,68.17901234567901,0.9151234567901236,295.1558641975309,171.43364197530866,250.69753086419752,116.97067901234568,10
39,Boban Marjanovic,Houston Rockets,C,3,7,1,1,100.0,1,2,50.0,0,0,0.0,0,3,3,0,0,0,1,0,-3,6,6,3,3,0.13223140495867777,5.586776859504133,0.0,0.0,7.438016528925619,7.438016528925619,0.13223140495867777,5.586776859504133,1
40,Bobby Portis,Milwaukee Bucks,F,162,259,68,131,510.3,13,17,525.0,13,29,353.4,18,71,89,10,22,7,13,3,-5,261,251,172,99,635.680055401662,141.65373961218836,5.3573407202216075,23.199445983379498,1117.4362880886426,1120.5,633.696675900277,145.93074792243766,10
41,Bogdan Bogdanovic,Atlanta Hawks,SG,145,328,50,133,362.2,15,17,550.0,30,80,375.0,10,26,36,39,20,11,21,4,-12,220,181,184,75,355.8765522279036,45.25200876552228,58.840759678597514,26.06574141709277,395.8699780861943,314.5208181154127,444.5975164353543,96.72096420745069,10
42,Bojan Bogdanovic,New York Knicks,SF,80,200,28,84,276.29999999999995,14,15,450.0,10,40,206.4,3,16,19,11,12,0,19,0,-17,110,99,91,30,494.0,18.69377162629758,10.06401384083045,17.122837370242216,653.7301038062285,606.10553633218,532.5346020761245,37.84775086505191,10
43,Bol Bol,Phoenix Suns,C,58,109,24,38,573.8,3,3,200.0,7,15,350.0,6,27,33,3,7,1,5,5,-21,94,91,61,36,200.94444444444446,36.37777777777778,4.1,6.144444444444444,341.24444444444447,347.74444444444447,194.24444444444444,40.67777777777778,10
44,Bones Hyland,LA Clippers,PG,65,161,24,62,368.1,4,6,200.0,13,36,313.8,1,16,17,31,15,10,14,1,0,113,82,96,48,273.7984693877551,16.125,89.12244897959184,18.622448979591837,776.0612244897959,403.9591836734694,578.829081632653,172.3188775510204,10
45,Bradley Beal,Phoenix Suns,SG,185,352,71,137,514.3,26,30,738.3,17,42,371.9,11,30,41,63,25,12,30,7,19,289,226,248,104,548.4140625,27.65625,24.40625,8.212890625,368.0390625,446.6640625,465.3515625,56.5,10
46,Brandin Podziemski,Golden State Warriors,G,68,290,25,69,332.8,7,12,275.0,11,29,390.0,16,33,49,41,12,12,12,5,53,158,117,109,90,194.37673130193906,30.854570637119114,19.365650969529085,9.0595567867036,427.0318559556787,335.11495844875344,270.18559556786704,66.32825484764541,10
47,Brandon Boston Jr.,LA Clippers,SG,49,114,20,52,357.1,6,12,300.0,3,13,183.3,6,9,15,2,12,2,1,7,-23,66,64,51,17,143.5679012345679,25.44444444444444,1.7530864197530867,2.444444444444444,249.01234567901236,218.1975308641975,162.97530864197535,38.604938271604944,9
48,Brandon Ingram,New Orleans Pelicans,SF,180,306,68,138,496.2,36,43,724.5,8,27,260.0,6,50,56,54,24,6,19,7,49,290,236,234,110,673.216049382716,24.97067901234568,44.641975308641975,6.9444444444444455,724.0817901234568,828.7361111111111,564.104938271605,74.06944444444444,10
49,Brandon Miller,Charlotte Hornets,F,179,328,69,168,406.0,16,22,471.7,25,75,309.9,10,46,56,25,24,9,16,6,-86,260,235,204,81,343.34623813002185,60.79912344777209,42.58948137326516,14.501826150474798,692.9919649379109,658.3601168736304,383.8714390065742,97.49525200876552,10
50,Brandon Williams,Dallas Mavericks,G,7,24,2,9,83.3,3,4,100.0,0,2,0.0,1,1,2,4,1,0,1,0,-12,13,9,11,6,18.22448979591837,3.183673469387756,4.081632653061224,0.0,30.46938775510204,15.448979591836734,29.0,11.510204081632653,4
51,Braxton Key,Denver Nuggets,F,2,6,1,1,100.0,0,1,0.0,0,0,0.0,1,1,2,0,1,0,0,0,2,4,4,2,2,2.25,1.0,0.0,0.0,6.25,6.25,2.25,1.0,1
52,Brice Sensabaugh,Utah Jazz,F,78,229,31,79,374.8,10,12,316.7,6,36,170.0,8,38,46,23,11,5,19,2,-40,147,124,101,69,273.7814776274714,127.71488033298647,21.0,6.620187304890738,492.62122788761707,497.55671175858487,258.07180020811654,159.48907388137357,10
53,Brook Lopez,Milwaukee Bucks,C,106,281,37,74,482.79999999999995,9,12,350.0,23,47,500.0,14,33,47,18,21,3,10,11,-5,171,153,124,65,186.20408163265307,31.20408163265306,31.68979591836735,18.346938775510203,360.4938775510203,265.0163265306122,257.7877551020408,86.78775510204082,10
54,Bruce Brown,Toronto Raptors,SF,92,267,33,76,393.0,22,23,650.0,4,18,150.0,6,32,38,35,16,4,13,2,-69,165,130,127,73,209.03061224489795,91.625,24.551020408163268,4.5,494.65561224489795,366.8698979591837,322.7448979591837,130.24744897959184,10
55,Bruno Fernando,Atlanta Hawks,PF,49,196,20,39,499.9,9,12,375.0,0,0,0.0,17,50,67,11,29,13,17,11,-37,127,116,60,78,70.15570934256056,61.275086505190316,6.9031141868512105,0.0,170.76989619377161,147.1643598615917,85.46020761245674,76.47923875432525,10
56,Bryce McGowens,Charlotte Hornets,G,54,155,18,37,330.8,13,18,441.7,5,15,180.0,3,21,24,8,15,7,4,3,-10,86,78,62,32,234.40625,28.0,5.65625,6.8515625,395.625,383.40625,249.625,30.65625,10
57,Buddy Hield,Philadelphia 76ers,SG,114,242,41,103,405.59999999999997,9,9,300.0,23,62,407.2,7,23,30,25,14,8,9,6,-22,169,144,139,55,86.40625,35.80625,18.1,8.125,256.9,192.0,132.70624999999998,72.50625,10
58,CJ McCollum,New Orleans Pelicans,SG,161,302,62,138,439.0,7,9,241.7,30,76,374.3,3,34,37,33,16,5,16,4,33,231,198,194,70,425.5694444444445,22.11111111111111,44.94444444444444,38.03086419753087,626.2361111111112,411.7361111111111,662.625,44.5,10
59,Cade Cunningham,Detroit Pistons,PG,210,316,77,190,399.1,37,40,722.2,19,62,269.6,8,40,48,88,17,6,30,2,-32,346,258,298,136,544.2901307966706,37.60047562425684,22.837098692033287,19.884661117717002,931.6646848989299,748.0,698.7063020214031,89.68608799048752,10
60,Caleb Houstan,Orlando Magic,G,41,161,13,35,289.4,2,2,100.0,13,33,322.7,4,11,15,3,14,2,3,2,-5,59,56,44,18,151.5679012345679,33.11111111111111,2.308641975308642,17.790123456790123,291.3333333333333,272.60493827160496,157.33333333333337,48.382716049382715,9
61,Caleb Martin,Miami Heat,SF,118,300,42,97,420.5,15,17,666.7,19,50,387.9,11,40,51,21,24,9,12,8,-8,190,169,139,72,197.05478451424398,37.06135865595325,31.1373265157049,17.620891161431704,448.2615047479912,283.2352081811541,329.88970051132213,100.39006574141709,10
62,Cam Reddish,Los Angeles Lakers,SF,23,83,8,17,193.3,2,6,75.0,5,11,183.3,3,4,7,1,5,3,2,4,7,31,30,24,8,48.138888888888886,7.472222222222222,0.8055555555555556,2.1388888888888884,42.138888888888886,35.0,58.0,5.555555555555556,5
63,Cam Thomas,Brooklyn Nets,SG,231,338,85,186,452.5,39,46,827.4,22,64,318.3,8,39,47,35,21,7,18,0,0,313,278,266,82,302.728515625,61.369140625,16.978515625,29.712890625,320.119140625,308.2890625,312.0,80.90625,10
64,Cam Whitmore,Houston Rockets,F,126,203,48,111,415.2,17,26,385.0,13,50,239.8,14,31,45,5,11,5,15,5,3,176,171,131,50,215.05817174515238,60.56232686980609,2.673130193905817,12.290858725761774,347.16343490304706,345.24376731301936,225.77008310249312,54.44321329639889,10
65,Cameron Johnson,Brooklyn Nets,SF,151,275,50,106,471.6,23,28,691.7,28,65,416.3,7,30,37,21,13,10,14,1,-16,209,188,172,58,468.90000000000003,50.11111111111111,14.9,33.477777777777774,667.5777777777778,536.2777777777778,583.6,81.61111111111111,10
66,Cameron Payne,Philadelphia 76ers,PG,101,203,38,92,429.9,10,11,375.0,15,44,341.2,4,11,15,34,20,5,13,2,-52,150,116,135,49,198.84349030470915,20.506925207756233,32.95290858725761,10.52770083102493,269.2202216066482,283.1648199445983,198.63296398891964,39.72576177285319,10
67,Caris LeVert,Cleveland Cavaliers,SG,137,338,48,120,386.4,25,35,450.2,16,55,274.5,6,44,50,92,18,19,22,7,34,279,187,229,142,369.3155588020453,24.35792549306063,107.37326515704893,11.092768444119795,760.8349159970782,468.9926953981008,587.0832724616507,205.80569758948138,10
68,Cason Wallace,Oklahoma City Thunder,G,65,200,26,53,457.2,2,3,150.0,11,27,350.0,7,17,24,19,15,14,9,6,-18,108,89,84,43,329.125,12.401234567901234,20.915123456790123,16.901234567901234,420.5,353.58179012345676,397.2345679012346,32.125,10
69,Cedi Osman,San Antonio Spurs,SF,46,134,19,38,457.1,0,0,0.0,8,22,266.6,3,17,20,14,12,4,8,2,-40,80,66,60,34,123.11479591836734,18.0,21.06122448979592,7.033163265306123,117.625,147.11479591836738,101.625,31.06122448979592,10
70,Charlie Brown Jr.,New York Knicks,G,3,27,1,5,20.0,0,0,0.0,1,3,33.3,1,1,2,0,4,0,0,1,-6,5,5,3,2,6.12,2.7200000000000006,0.0,0.6800000000000002,17.0,17.0,6.12,2.7200000000000006,2
71,Chet Holmgren,Oklahoma City Thunder,PF,171,307,62,117,532.0,34,39,643.3,13,41,295.0,17,75,92,25,12,5,9,14,35,288,263,196,117,640.2777777777777,126.32716049382715,21.43364197530864,10.655864197530864,1204.625,1167.8641975308642,672.229938271605,152.56944444444443,10
72,Chimezie Metu,Detroit Pistons,PF,8,22,3,8,37.5,2,2,100.0,0,3,0.0,1,2,3,1,2,2,1,0,-2,12,11,9,4,21.77777777777777,0.44444444444444425,0.19753086419753085,0.0,33.382716049382715,28.444444444444443,26.123456790123452,1.234567901234568,1
73,Chimezie Metu,Phoenix Suns,PF,6,29,3,5,150.0,0,0,0.0,0,0,0.0,2,9,11,2,2,2,3,0,-7,19,17,8,13,13.333333333333336,23.999999999999993,0.7037037037037037,0.0,44.7037037037037,34.666666666666664,17.148148148148145,30.92592592592592,3
74,Chris Boucher,Toronto Raptors,PF,69,120,25,35,573.3,15,18,500.0,4,12,216.7,13,27,40,5,11,1,9,5,7,114,109,74,45,142.20987654320987,47.580246913580254,5.913580246913581,4.0246913580246915,410.0,329.0246913580247,192.69135802469134,83.98765432098766,8
75,Chris Duarte,Sacramento Kings,SG,67,153,24,51,420.8,4,5,250.0,15,34,431.0,8,21,29,9,8,7,2,5,12,105,96,76,38,308.5053507728894,28.193816884661114,7.099881093935791,13.002378121284186,477.8133174791914,430.30677764565996,342.15457788347203,49.15101070154577,10
76,Chris Livingston,Milwaukee Bucks,F,0,6,0,2,0.0,0,0,0.0,0,2,0.0,0,1,1,1,4,0,1,0,-10,2,1,1,2,0.0,0.0625,0.5625,0.0,1.0,0.0625,0.5625,1.0,1
77,Chris Paul,Golden State Warriors,PG,108,245,46,93,493.1,2,2,100.0,14,33,406.7,4,40,44,69,18,11,8,0,-33,221,152,177,113,213.625,32.5,97.68402777777779,8.40625,435.01736111111114,353.625,305.60069444444446,119.60069444444444,10
78,Christian Braun,Denver Nuggets,G,70,190,27,41,659.7,7,12,275.0,9,17,433.3,4,31,35,14,23,5,7,6,35,119,105,84,49,145.08641975308643,20.77777777777778,10.625,8.989197530864198,200.5077160493827,155.71604938271602,187.3780864197531,33.90277777777778,10
79,Christian Wood,Los Angeles Lakers,F,59,133,22,51,477.0,11,14,450.0,4,19,225.0,6,28,34,6,12,5,5,2,-14,99,93,65,40,153.90277777777777,54.402777777777786,4.625,2.4444444444444446,305.125,285.0,156.7777777777778,76.27777777777777,10
80,Chuma Okeke,Orlando Magic,PF,0,33,0,4,0.0,0,0,0.0,0,4,0.0,0,4,4,2,2,2,2,0,-14,6,4,2,6,0.506198347107438,3.0185950413223144,1.3491735537190082,0.010330578512396695,4.820247933884297,2.8595041322314048,1.305785123966942,5.52892561983471,5
81,Clint Capela,Atlanta Hawks,C,126,255,54,98,557.3000000000001,18,29,430.0,0,0,0.0,50,64,114,21,21,5,10,10,46,261,240,147,135,83.50204081632653,50.432653061224485,18.387755102040817,0.0,189.77551020408163,186.3183673469388,86.2,69.57959183673469,10
82,Coby White,Chicago Bulls,PG,187,385,66,158,413.0,30,35,771.7,25,72,331.2,8,38,46,51,24,7,22,3,-9,284,233,238,97,604.7051039697543,25.126654064272213,94.02079395085066,39.07183364839319,937.1001890359169,666.5500945179583,788.6502835538752,205.75236294896033,10
83,Cody Martin,Charlotte Hornets,SF,69,285,28,76,367.2,6,7,250.0,7,30,228.2,6,44,50,42,15,11,20,7,-28,161,119,111,92,111.0,28.18685121107267,64.68512110726644,2.6816608996539792,183.02076124567472,112.9515570934256,173.33217993079583,100.60899653979239,10
84,Cody Zeller,New Orleans Pelicans,C,7,31,3,6,200.0,1,2,50.0,0,0,0.0,5,10,15,3,5,2,3,0,14,25,22,10,18,3.3209876543209877,4.246913580246914,3.2098765432098766,0.0,16.061728395061728,11.222222222222221,6.061728395061729,9.555555555555555,5
85,Colby Jones,Sacramento Kings,G,4,20,2,7,83.3,0,0,0.0,0,2,0.0,1,4,5,3,3,0,1,0,4,12,9,7,8,4.279999999999999,4.43,0.4800000000000001,0.0,18.83,14.75,6.5200000000000005,6.75,3
86,Cole Anthony,Orlando Magic,PG,102,215,37,85,412.9,18,24,587.5,10,36,218.4,7,32,39,20,17,5,12,6,30,161,141,122,59,309.80408163265304,42.95102040816327,23.175510204081636,12.03265306122449,388.0040816326531,387.3591836734694,343.95918367346934,32.61632653061224,10
87,Cole Swider,Miami Heat,F,2,18,0,6,0.0,2,2,100.0,0,5,0.0,0,2,2,1,1,0,3,0,-9,5,4,3,3,2.666666666666667,0.6666666666666667,0.6666666666666667,0.0,8.666666666666666,4.666666666666667,6.0,2.0,3
88,Collin Gillespie,Denver Nuggets,G,30,64,11,20,197.8,1,3,50.0,7,11,200.0,0,7,7,7,6,5,5,0,8,44,37,37,14,157.84,3.24,7.24,9.24,242.96,167.15999999999997,231.16,12.96,4
89,Collin Sexton,Utah Jazz,PG,220,330,88,164,537.5,24,27,813.3,20,48,306.7,12,20,32,58,17,8,23,1,-39,310,252,278,90,124.14396192742414,37.35990481856039,42.21891731112433,38.095181439619274,287.5169541939322,191.07555026769776,205.87269482450924,94.29149315883403,10
90,Corey Kispert,Washington Wizards,SF,132,289,46,95,454.0,15,27,458.3,25,60,386.4,3,24,27,18,21,7,12,3,-38,177,159,150,45,359.35600907029476,16.114512471655328,23.602040816326532,26.52267573696145,514.0612244897959,408.98979591836735,441.6383219954649,62.50566893424036,10
91,Cory Joseph,Golden State Warriors,PG,27,71,10,16,316.7,0,0,0.0,7,11,316.7,2,9,11,6,6,0,1,0,9,44,38,33,17,31.2,10.8,2.8000000000000003,3.2,28.8,47.2,21.2,5.2,5
92,Craig Jr. Porter,Cleveland Cavaliers,G,53,105,22,44,391.9,5,5,300.0,4,10,125.0,5,16,21,16,7,3,7,0,-17,90,74,69,37,327.6747448979592,37.2704081632653,14.045918367346939,9.040816326530612,619.2155612244898,529.9604591836734,409.3686224489795,58.87755102040816,9
93,D'Angelo Russell,Los Angeles Lakers,PG,206,353,74,152,463.9,21,26,735.0,37,82,423.8,6,30,36,64,19,9,19,4,39,306,242,270,100,1030.5051903114188,30.87370242214533,122.37370242214534,52.11245674740484,1744.1055363321798,1330.181660899654,1441.681660899654,155.99480968858134,10
94,D.J. Carton,Toronto Raptors,G,8,31,2,7,83.3,3,4,150.0,1,4,50.0,2,1,3,3,1,1,1,0,-30,14,11,11,6,8.666666666666668,2.0,2.0,0.6666666666666667,8.666666666666666,2.6666666666666665,18.666666666666668,0.0,3
95,Daishen Nix,Minnesota Timberwolves,SG,5,5,2,3,66.7,0,0,0.0,1,2,50.0,0,0,0,0,1,1,0,0,6,5,5,5,0,9.0,0.0,0.08163265306122448,0.32653061224489793,7.367346938775511,9.0,7.367346938775511,0.08163265306122448,1
96,Dalano Banton,Portland Trail Blazers,G,173,328,61,149,420.5,26,32,851.7,25,63,420.0,12,37,49,38,17,8,24,6,-95,260,222,211,87,688.9027777777778,52.125,44.625,22.54938271604938,1300.0694444444443,1024.9444444444443,930.2777777777776,130.5,10
97,Dalen Terry,Chicago Bulls,F,34,128,14,32,403.6,3,6,150.0,3,12,175.0,8,18,26,19,10,9,5,1,28,79,60,53,45,39.611111111111114,44.400000000000006,23.077777777777776,2.3777777777777778,244.77777777777777,131.2111111111111,99.97777777777779,120.67777777777778,10
98,Damian Jones,Cleveland Cavaliers,C,52,118,21,35,527.9,10,12,550.0,0,5,0.0,14,23,37,6,10,4,6,7,-25,95,89,58,43,149.80555555555554,47.583333333333336,4.027777777777778,0.0,262.25,264.0,149.66666666666666,50.0,9
99,Damian Lillard,Milwaukee Bucks,PG,257,359,84,185,441.09999999999997,49,51,969.0,40,94,412.3,3,36,39,87,16,7,24,4,19,383,296,344,126,865.141975308642,23.938271604938272,102.90277777777779,34.44444444444444,1183.8780864197531,969.8827160493827,1053.5632716049383,152.41512345679013,10
100,Daniel Gafford,Dallas Mavericks,C,139,229,60,70,792.1,19,29,473.4,0,0,0.0,23,54,77,15,33,9,7,20,45,231,216,154,92,445.05401662049866,85.68559556786704,20.610803324099727,0.0,849.8739612188366,706.0,581.5013850415512,113.7229916897507,10
101,Daniel Theis,LA Clippers,C,49,152,21,44,446.1,3,3,200.0,4,13,250.0,14,30,44,11,17,1,7,7,28,104,93,60,55,118.08641975308643,117.7777777777778,9.444444444444445,4.401234567901235,291.5308641975309,265.71604938271605,148.12345679012344,123.0,10
102,Danilo Gallinari,Milwaukee Bucks,PF,28,105,9,23,350.0,9,10,275.0,1,11,100.0,3,6,9,9,7,2,3,1,-43,46,37,37,18,85.15702479338843,5.458677685950414,12.929752066115704,1.1983471074380165,105.1404958677686,103.7396694214876,84.5,20.446280991735534,10
103,Dante Exum,Dallas Mavericks,G,62,186,20,41,439.1,14,16,516.7,8,13,350.0,2,18,20,27,14,2,12,0,30,109,82,89,47,277.5147928994083,18.724852071005916,34.251479289940825,16.59467455621302,405.8520710059172,301.0325443786983,363.6715976331361,71.63905325443787,10
104,Danuel House Jr.,Philadelphia 76ers,SF,42,143,14,30,276.3,13,15,466.7,1,11,33.3,6,11,17,7,16,7,3,3,-26,66,59,49,24,42.0,11.714285714285715,8.0,0.8571428571428572,41.714285714285715,51.714285714285715,40.0,11.714285714285715,7
105,Dario Saric,Golden State Warriors,PF,28,107,12,33,298.3,2,3,100.0,2,17,83.3,6,15,21,18,5,0,13,0,-31,67,49,46,39,53.45562130177515,27.0,15.62130177514793,2.2840236686390534,147.5207100591716,99.99408284023669,74.67455621301775,68.92899408284023,10
106,Darius Garland,Cleveland Cavaliers,PG,200,359,72,165,436.6,20,27,677.4,36,90,396.8,8,23,31,72,25,11,29,1,-10,303,231,272,103,627.6743827160494,40.901234567901234,58.5679012345679,44.711419753086425,864.8410493827162,701.9027777777779,793.0817901234568,97.0,10
107,David Roddy,Phoenix Suns,F,68,169,27,69,480.3,9,15,301.7,5,25,143.3,5,24,29,13,7,2,14,0,-88,110,97,81,42,422.0127551020408,121.04336734693878,25.125,8.818877551020407,1016.9719387755101,793.7755102040816,595.5306122448978,195.84693877551024,10
108,Davion Mitchell,Sacramento Kings,PG,57,155,24,45,491.7,0,0,0.0,9,25,310.0,5,10,15,14,9,3,9,0,28,86,72,71,29,149.39143367043425,9.155859607376563,10.440214158239144,15.742415229030339,212.8280785246877,173.8810232004759,176.66329565734682,31.27126710291493,10
109,Davis Bertans,Charlotte Hornets,SF,92,245,31,89,316.3,7,8,250.0,23,71,284.1,5,23,28,15,18,11,7,4,-33,135,120,107,43,359.5315101070155,56.7063020214031,20.56956004756243,27.19500594530321,620.0321046373365,518.1474435196194,440.80975029726517,97.8822829964328,10
110,Day'Ron Sharpe,Brooklyn Nets,C,63,160,26,44,652.2,9,18,241.6,2,3,100.0,24,35,59,19,18,4,12,7,-3,141,122,82,78,167.93402777777777,182.10069444444446,17.01736111111111,3.65625,510.6006944444445,419.625,221.40277777777777,236.625,10
111,De'Aaron Fox,Sacramento Kings,PG,253,358,99,218,459.09999999999997,29,35,751.7,26,75,360.3,9,43,52,63,28,23,30,4,57,368,305,316,115,595.5325443786982,43.60420775805391,75.09467455621302,16.527284681130837,511.5963182117028,582.3754109138724,564.0828402366864,79.36949375410914,10
112,De'Andre Hunter,Atlanta Hawks,SF,166,294,60,132,450.2,22,29,598.3,24,60,392.7,1,25,26,15,22,8,13,3,0,207,192,181,41,328.4151234567901,20.5,6.507716049382717,19.402777777777775,322.1111111111111,373.63734567901236,278.94444444444446,24.95216049382716,10
113,De'Anthony Melton,Philadelphia 76ers,SG,23,43,7,20,75.0,4,4,200.0,5,14,75.0,0,5,5,5,3,2,1,1,-2,33,28,28,10,128.66666666666666,2.666666666666667,2.666666666666667,8.666666666666666,206.0,164.66666666666669,164.66666666666669,10.666666666666668,3
114,DeAndre Jordan,Denver Nuggets,C,25,80,12,20,650.0,1,3,100.0,0,0,0.0,14,18,32,2,11,0,1,3,-38,59,57,27,34,28.041322314049587,54.16528925619835,1.5702479338842972,0.0,109.11570247933885,94.37190082644628,34.66942148760331,63.85123966942148,9
115,DeJon Jarreau,Memphis Grizzlies,F,29,108,11,36,175.0,4,6,200.0,3,9,116.7,6,31,37,22,9,5,7,0,-16,88,66,51,59,49.609418282548475,51.73130193905817,29.41274238227147,3.5373961218836567,195.48476454293626,91.57340720221607,103.91412742382272,130.75069252077563,6
116,DeMar DeRozan,Chicago Bulls,SF,256,358,80,157,504.59999999999997,85,97,883.0,11,33,263.4,4,45,49,48,14,9,18,5,3,353,305,304,97,1015.5398100803507,79.67494521548575,56.911614317019726,11.33308984660336,1499.9948867786707,1395.4295105916729,1066.5215485756025,190.17019722425127,10
117,Dean Wade,Cleveland Cavaliers,PF,46,178,15,35,260.2,5,7,216.7,11,31,233.4,4,27,31,7,8,3,1,9,-23,84,77,53,38,468.50000000000006,35.125,6.125,31.525000000000006,718.8,714.725,466.12499999999994,47.699999999999996,10
118,Deandre Ayton,Portland Trail Blazers,C,229,346,105,167,627.8,18,22,450.0,1,3,100.0,39,97,136,14,15,7,22,9,-35,379,365,243,150,609.8897959183673,211.20816326530615,6.43265306122449,0.9020408163265307,1348.3469387755101,1409.3591836734695,573.2448979591836,193.27346938775514,10
119,Dejounte Murray,Atlanta Hawks,SG,259,379,95,216,433.9,32,41,720.3,37,100,356.7,8,43,51,85,17,21,31,2,-17,395,310,344,136,842.0069252077562,72.97091412742382,63.06094182825485,35.95706371191135,775.5595567867036,1032.02216066482,618.9432132963989,102.63296398891967,10
120,Delon Wright,Miami Heat,SG,40,148,14,34,436.09999999999997,8,10,233.3,4,8,250.0,6,12,18,22,4,10,1,3,20,80,58,62,40,122.0,3.890260631001372,33.382716049382715,4.861454046639232,217.36351165980793,139.29766803840877,195.82716049382714,41.5116598079561,10
121,Deni Avdija,Washington Wizards,SF,155,341,61,129,476.6,22,32,633.7,11,33,310.0,17,71,88,31,25,8,22,3,-62,274,243,186,119,266.6268861454047,138.52400548696843,28.355281207133057,9.444444444444445,658.3456790123457,516.5116598079561,380.18655692729766,195.15363511659808,10
122,Dennis Schroder,Brooklyn Nets,PG,155,353,57,126,438.59999999999997,20,27,496.4,21,54,383.5,4,19,23,69,17,9,33,2,-85,247,178,224,92,465.23611111111103,19.655864197530864,48.125,13.236111111111109,547.5077160493827,422.7716049382716,592.4444444444445,65.30864197530865,10
123,Dennis Smith Jr.,Brooklyn Nets,PG,59,174,22,49,477.1,7,9,333.3,8,23,331.6,6,13,19,28,22,17,12,1,0,106,78,87,47,76.34404674945216,16.93718042366691,42.94521548575603,4.420745069393718,159.25200876552228,126.42074506939372,102.35427319211104,66.70343316289262,10
124,Dereck II Lively,Dallas Mavericks,C,93,188,45,58,685.7,3,9,150.0,0,0,0.0,19,26,45,7,23,4,8,9,-24,145,138,100,52,413.0790842872008,65.80749219562955,8.130072840790843,0.0,820.8855359001041,727.2362122788761,496.6659729448491,84.0,10
125,Derrick Jones Jr.,Dallas Mavericks,SF,86,198,32,53,620.2,13,20,466.7,9,20,240.0,13,14,27,8,13,5,6,4,46,121,113,94,35,336.6003086419753,73.0,5.711419753086419,26.285493827160497,560.5,566.4336419753085,336.5,72.87808641975309,10
126,Derrick Rose,Memphis Grizzlies,PG,49,95,20,37,377.7,5,6,266.7,4,8,233.3,0,15,15,21,3,1,9,0,-9,85,64,70,36,70.0,14.857142857142858,12.0,3.7142857142857144,188.85714285714286,116.85714285714286,128.0,40.857142857142854,7
127,Derrick White,Boston Celtics,PG,140,335,53,118,461.7,6,6,400.0,28,68,333.3,9,52,61,69,22,10,14,18,105,270,201,209,130,484.5390625,38.15625,45.125,60.556640625,588.7265625,554.7890625,500.8515625,100.90625,10
128,Desmond Bane,Memphis Grizzlies,SG,52,93,16,49,93.4,12,14,166.7,8,25,95.2,1,8,9,15,7,3,6,2,-24,76,61,67,24,203.7869822485207,8.284023668639053,6.071005917159764,2.698224852071006,323.25443786982254,287.28994082840234,239.46745562130178,14.63905325443787,3
129,Devin Booker,Phoenix Suns,SG,247,363,89,197,457.0,50,52,925.0,19,62,268.0,14,38,52,63,32,7,20,5,-6,362,299,310,115,237.525390625,53.90625,102.119140625,44.90625,197.6015625,289.509765625,110.6640625,190.978515625,10
130,Devin Vassell,San Antonio Spurs,SG,202,385,81,167,471.1,18,24,775.0,22,59,357.5,4,43,47,52,14,14,23,5,-3,301,249,254,99,419.68979591836734,66.6,78.5469387755102,21.6734693877551,718.3306122448979,450.9183673469388,678.4734693877551,153.77551020408163,10
131,Devonte' Graham,San Antonio Spurs,PG,11,27,4,8,125.0,0,0,0.0,3,6,150.0,0,7,7,0,2,1,0,0,12,18,18,11,7,46.111111111111114,2.1111111111111107,0.0,3.0,58.0,58.0,46.111111111111114,2.1111111111111107,4
132,Dillon Brooks,Houston Rockets,SF,100,293,40,87,397.4,6,8,300.0,14,49,268.5,4,25,29,18,20,10,10,1,76,147,129,118,47,424.9307479224377,30.218836565096954,13.602493074792244,9.20775623268698,550.4335180055402,478.61772853185596,465.0318559556787,75.5360110803324,10
133,Domantas Sabonis,Sacramento Kings,PF,202,367,79,135,602.0,42,52,810.0,2,7,200.0,46,120,166,74,28,12,37,7,50,442,368,276,240,290.34622248661515,99.87864366448542,88.24271267102915,1.8750743604997027,405.69779892920883,342.1677572873289,326.64366448542535,215.35395597858417,10
134,Dominick Barlow,San Antonio Spurs,F,62,141,24,39,553.3,14,18,366.6,0,1,0.0,19,20,39,16,18,4,2,4,-20,117,101,78,55,229.33333333333334,73.44444444444444,39.66666666666667,0.0,529.7777777777777,478.3333333333334,307.0,86.88888888888889,9
135,Donovan Mitchell,Cleveland Cavaliers,SG,241,347,75,167,435.8,52,59,812.8,39,86,449.3,3,47,50,49,22,13,34,6,4,340,291,290,99,886.6487603305785,22.330578512396695,23.0495867768595,16.96694214876033,1278.185950413223,1120.5,1030.0206611570247,59.69421487603306,10
136,Donte DiVincenzo,New York Knicks,SG,163,355,57,160,357.4,14,17,516.7,35,110,325.9,11,34,45,35,25,17,19,6,23,243,208,198,80,267.191380569759,52.19795471146823,27.569758948137324,16.035792549306063,360.44046749452156,350.3710737764792,281.5222790357925,75.50620891161432,10
137,Dorian Finney-Smith,Brooklyn Nets,PF,100,328,37,81,461.6,9,10,375.0,17,52,333.3,18,28,46,22,20,14,9,5,-6,168,146,122,68,237.61111111111114,26.799999999999997,34.099999999999994,22.6,413.7777777777777,351.74444444444447,294.0444444444444,66.5,10
138,Doug McDermott,Indiana Pacers,SF,45,123,17,43,325.0,1,2,50.0,10,34,239.89999999999998,1,8,9,9,8,3,2,0,-4,63,54,54,18,179.07612456747404,11.373702422145328,11.664359861591695,10.13840830449827,271.80276816609,234.39446366782005,215.48096885813146,24.041522491349482,10
139,Draymond Green,Golden State Warriors,PF,72,272,30,69,480.1,8,11,300.0,4,21,103.3,21,65,86,64,31,9,27,9,29,222,158,136,150,82.75967859751643,94.84441197954712,113.0927684441198,4.778670562454346,505.054784514244,194.6398831263696,265.78670562454346,335.32505478451424,10
140,Drew Eubanks,Phoenix Suns,PF,49,148,21,31,650.0,7,7,300.0,0,0,0.0,14,31,45,4,12,3,5,7,1,98,94,53,49,69.1899196493791,74.03579254930607,2.528853177501826,0.0,239.6128560993426,243.56026296566836,68.13221329437546,73.67494521548575,10
141,Duncan Robinson,Miami Heat,F,146,321,53,111,467.0,8,9,350.0,32,84,339.0,2,33,35,30,26,10,16,3,-13,211,181,176,65,474.1436004162331,21.310093652445367,36.16649323621228,38.0,687.649323621228,499.1456815816858,648.8574401664932,71.26638917793964,10
142,Duop Reath,Portland Trail Blazers,C,93,188,33,67,373.4,12,15,385.7,15,30,333.4,12,10,22,6,21,2,9,3,-61,121,115,99,28,706.9171597633136,37.631821170282706,8.476002629848784,31.88231426692965,1051.0,925.0144641683103,803.4010519395134,75.6094674556213,10
143,Dwight Powell,Dallas Mavericks,C,20,119,7,12,450.0,6,11,325.0,0,0,0.0,12,20,32,9,19,0,9,3,-9,61,52,29,41,35.86703601108034,84.29362880886426,9.595567867036012,0.0,222.9639889196676,179.11911357340722,52.32686980609417,121.27423822714682,9
144,Dylan Windler,Atlanta Hawks,G,0,5,0,0,0.0,0,0,0.0,0,0,0.0,0,1,1,0,1,0,0,0,-8,1,1,0,1,0.81,0.16000000000000003,0.25,0.09,1.0,0.25,1.9599999999999997,0.010000000000000018,1
145,Dylan Windler,Los Angeles Lakers,G,3,14,1,4,25.0,0,0,0.0,1,4,25.0,0,1,1,2,1,0,0,0,-7,6,4,5,3,5.220000000000001,0.52,0.5,0.58,4.0,2.5,6.920000000000001,0.8199999999999998,2
146,Dyson Daniels,New Orleans Pelicans,G,38,181,16,32,311.4,1,2,50.0,5,13,250.0,7,20,27,20,12,15,12,8,25,85,65,58,47,123.55555555555556,24.0,25.555555555555557,4.222222222222222,146.22222222222223,113.55555555555556,128.22222222222223,77.55555555555556,9
147,Emoni Bates,Cleveland Cavaliers,F,7,12,3,7,42.9,0,2,0.0,1,4,25.0,0,1,1,0,0,0,1,0,-3,8,8,7,1,0.0,0.0,0.0,0.0,0.0,0.0,0.0,0.0,1
148,Eric Gordon,Phoenix Suns,SG,90,258,33,77,366.2,5,8,216.7,19,46,356.3,2,12,14,22,11,9,7,3,-8,126,104,112,36,501.77777777777777,7.111111111111112,11.6,27.8,519.7777777777778,435.77777777777777,591.3777777777777,13.11111111111111,10
149,Eugene Omoruyi,Washington Wizards,F,39,106,17,38,391.3,5,10,200.0,0,6,0.0,7,13,20,7,18,7,5,1,-68,66,59,46,27,94.91836734693878,9.033163265306124,6.798469387755102,0.012755102040816325,87.34693877551021,71.67602040816327,106.89030612244898,19.530612244897956,10
150,Evan Fournier,Detroit Pistons,SG,69,172,24,72,311.8,8,9,366.7,13,46,221.8,2,16,18,23,18,9,6,0,-9,110,87,92,41,393.7984693877551,10.543367346938776,22.247448979591837,16.65561224489796,515.4617346938776,446.9183673469388,471.8877551020408,23.244897959183675,10
151,Evan Mobley,Cleveland Cavaliers,PF,147,305,60,107,547.9,24,42,522.6,3,14,175.0,25,76,101,35,27,12,16,20,-29,283,248,182,136,371.84429065743944,105.37370242214533,75.2006920415225,2.6262975778546713,782.1418685121107,674.0,423.83391003460207,236.7266435986159,10
152,Frank Ntilikina,Charlotte Hornets,PG,5,39,1,8,50.0,2,2,100.0,1,7,50.0,1,4,5,3,4,0,0,0,0,13,10,8,8,19.0,7.0,6.84,0.7600000000000002,24.439999999999998,14.0,18.64,24.640000000000004,4
153,Franz Wagner,Orlando Magic,SF,159,303,60,128,481.4,33,40,795.0,6,36,107.9,5,42,47,27,26,11,19,5,69,233,206,186,74,372.5755102040816,56.689795918367345,38.83673469387756,12.489795918367347,697.5877551020408,556.530612244898,499.95102040816323,109.20816326530614,10
154,Fred VanVleet,Houston Rockets,PG,177,373,58,132,439.3,27,31,502.4,34,77,433.6,4,35,39,103,20,18,20,6,93,319,216,280,142,437.89072543618,23.0257116620753,72.22130394857666,23.777777777777782,496.6786042240588,507.41965105601474,431.70247933884303,90.69421487603306,10
155,Furkan Korkmaz,Philadelphia 76ers,SG,41,116,13,29,278.6,7,10,241.7,8,18,258.3,3,12,15,12,6,3,2,2,22,68,56,53,27,292.875,14.875,10.0,20.0,404.0,340.0,363.875,17.875,8
156,GG Jackson,Memphis Grizzlies,F,192,316,62,140,427.5,41,49,757.4,27,76,331.0,14,29,43,14,13,5,18,4,-63,249,235,206,57,817.0761772853185,38.31717451523546,18.409972299168977,48.588642659279785,1113.6204986149585,983.0609418282548,938.1288088642659,66.23407202216066,10
157,Garrett Temple,Toronto Raptors,SF,5,12,2,4,50.0,1,2,50.0,0,2,0.0,1,0,1,0,2,1,1,0,-4,6,6,5,1,16.0,0.16000000000000003,0.0,0.0,19.360000000000003,19.360000000000003,16.0,0.16000000000000003,1
158,Garrison Mathews,Atlanta Hawks,SG,46,175,13,31,390.0,10,11,283.3,10,23,375.1,4,10,14,7,23,4,0,2,-56,67,60,53,21,108.66929651545037,16.606180144641684,16.147928994082843,12.105193951347797,250.66863905325442,178.94674556213016,168.19000657462198,44.95529257067719,10
159,Gary Harris,Orlando Magic,SG,74,238,27,54,532.8,4,7,125.0,16,38,477.6,2,13,15,9,12,8,7,3,22,98,89,83,24,113.15561224489795,10.614795918367347,12.900510204081632,4.6938775510204085,206.625,167.77551020408163,142.98979591836735,32.53061224489796,10
160,Gary Payton II,Golden State Warriors,SG,32,138,14,25,443.3,1,3,50.0,3,6,300.0,11,10,21,11,16,4,7,3,-19,64,53,43,32,107.18192627824018,23.313912009512485,3.014268727705113,2.5719381688466116,117.66468489892985,139.0166468489893,88.46492271105825,23.693222354340072,10
161,Gary Trent Jr.,Toronto Raptors,SG,181,330,67,153,436.6,15,19,521.7,32,86,364.0,9,33,42,13,14,14,3,2,-52,236,223,194,55,568.2777777777777,13.611111111111107,14.5,31.6,550.411111111111,597.9777777777778,516.4444444444445,32.37777777777778,10
162,Georges Niang,Cleveland Cavaliers,SF,127,280,46,92,500.0,10,10,400.0,25,58,459.4,2,32,34,18,26,6,14,3,-8,179,161,145,52,339.37869822485203,26.416831032215647,16.023668639053255,21.0,541.6180144641683,451.77975016436557,413.2130177514793,58.44444444444444,10
163,Giannis Antetokounmpo,Milwaukee Bucks,PF,298,346,106,177,605.1,77,106,708.2,9,20,433.3,23,84,107,65,24,5,31,7,53,470,405,363,172,493.65755053507723,84.12009512485136,91.00237812128418,5.680142687277051,1176.1070154577883,868.6456599286564,760.319857312723,215.92152199762188,10
164,Goga Bitadze,Orlando Magic,C,28,99,11,20,480.0,6,9,283.3,0,3,0.0,10,12,22,9,10,2,8,9,3,59,50,37,31,49.5625,61.557291666666664,8.390625000000002,0.0,233.22916666666669,174.22395833333334,77.18229166666667,101.33333333333331,9
165,Gordon Hayward,Oklahoma City Thunder,SF,50,178,16,33,495.0,11,17,310.0,7,12,466.7,5,14,19,24,11,5,5,0,-10,93,69,74,43,95.11111111111111,13.0,39.15625,4.111111111111112,202.18402777777777,128.77777777777777,142.76736111111111,77.90625,10
166,Gradey Dick,Toronto Raptors,G,94,298,36,100,351.5,5,5,300.0,17,55,312.0,6,19,25,18,18,7,12,1,-136,137,119,112,43,152.447265625,20.978515625,42.322265625,14.15625,351.853515625,207.125,282.0,78.4765625,10
167,Grant Williams,Charlotte Hornets,PF,133,318,48,96,524.0,26,33,524.6,11,35,372.5,17,35,52,25,31,11,27,5,-47,210,185,158,77,347.9027777777778,89.4027777777778,24.58179012345679,10.975308641975309,667.7484567901234,601.0,364.7716049382716,163.86419753086417,10
168,Grayson Allen,Phoenix Suns,SG,188,359,62,109,565.9,17,19,725.0,47,87,515.3,3,26,29,32,18,11,10,8,34,249,217,220,61,710.625,18.952160493827158,29.970679012345677,88.7777777777778,841.9027777777778,739.4938271604939,817.6790123456791,44.27777777777777,10
169,Gui Santos,Golden State Warriors,F,38,103,13,24,372.5,8,9,350.0,4,8,250.0,9,21,30,9,14,2,5,2,22,77,68,47,39,153.9022222222222,90.72,13.08,4.080000000000001,479.0355555555555,432.6755555555556,168.7422222222222,135.32,8
170,Harrison Barnes,Sacramento Kings,SF,137,268,49,96,511.2,20,25,450.0,19,46,292.6,6,20,26,12,14,4,7,2,-24,175,163,149,38,230.7441998810232,51.43961927424152,9.608566329565734,46.639500297442005,444.40987507436046,349.0963712076146,306.9488399762047,80.1570493753718,10
171,Harry III Giles,Brooklyn Nets,F,8,8,3,6,50.0,1,2,50.0,1,1,100.0,2,2,4,2,3,0,0,0,-12,14,12,10,6,44.72265625,10.16015625,3.28515625,0.765625,136.59765625,97.515625,72.25,25.0,1
172,Harry III Giles,Los Angeles Lakers,F,2,5,1,1,100.0,0,0,0.0,0,0,0.0,0,1,1,0,0,0,0,0,-3,3,3,2,1,0.47265625,0.03515625,0.03515625,0.015625,0.47265625,0.765625,0.25,0.0,1
173,Haywood Highsmith,Miami Heat,F,26,117,10,26,368.8,1,4,50.0,5,18,200.0,4,12,16,7,7,0,1,2,-36,49,42,33,23,144.6448979591837,30.244897959183675,4.1020408163265305,10.722448979591837,332.3877551020408,292.1795918367347,172.99999999999997,46.2,10
174,Herbert Jones,New Orleans Pelicans,SF,97,309,34,58,525.6,15,18,525.0,14,29,327.4,6,24,30,27,29,12,13,12,64,154,127,124,57,229.791015625,33.625,21.197265625,22.90625,315.1640625,265.634765625,242.3515625,91.791015625,10
175,Hunter Tyson,Denver Nuggets,F,0,7,0,3,0.0,0,0,0.0,0,3,0.0,0,1,1,0,1,0,2,0,-1,1,1,0,1,4.0,0.11111111111111106,0.0,0.4444444444444444,5.4444444444444455,5.4444444444444455,4.0,0.11111111111111106,1
176,Ibou Badji,Portland Trail Blazers,C,7,32,3,4,150.0,1,2,50.0,0,0,0.0,1,2,3,4,6,0,5,3,-17,14,10,11,7,15.720000000000002,3.0800000000000005,2.75,0.0,37.06999999999999,30.32,21.470000000000002,6.83,3
177,Immanuel Quickley,Toronto Raptors,SG,195,364,68,158,420.7,33,45,597.2,26,77,328.3,2,55,57,88,17,11,26,3,-71,340,252,283,145,477.0639999999999,39.496,197.456,20.976,930.7840000000001,541.9359999999999,785.464,317.4,10
178,Isaac Okoro,Cleveland Cavaliers,SF,116,349,44,93,491.0,10,16,341.7,18,48,439.7,8,30,38,19,29,11,9,8,-38,173,154,135,57,160.06180144641684,40.698224852071,8.963182117028271,10.284023668639055,274.8566732412886,219.23734385272846,200.5647600262985,64.77777777777777,10
179,Isaiah Hartenstein,New York Knicks,C,82,230,35,51,729.5,12,16,630.0,0,0,0.0,28,53,81,32,27,7,9,13,38,195,163,114,113,231.3515625,80.853515625,32.2890625,0.0,420.837890625,369.134765625,275.65625,120.541015625,10
180,Isaiah Jackson,Indiana Pacers,SF,92,188,35,56,681.8,22,30,708.3,0,1,0.0,21,36,57,14,25,11,9,7,-3,163,149,106,71,231.67863894139882,203.0264650283554,28.73345935727788,0.0,852.3459357277882,722.4102079395084,276.7523629489603,316.6219281663516,10
181,Isaiah Joe,Oklahoma City Thunder,SG,64,175,24,65,303.7,1,1,100.0,15,47,260.4,4,14,18,7,8,3,4,4,-14,89,82,71,25,228.4140625,9.619140625,6.822265625,14.65625,262.125,255.666015625,229.837890625,21.4765625,10
182,Isaiah Mobley,Cleveland Cavaliers,F,5,33,2,7,58.3,0,0,0.0,1,4,25.0,0,4,4,2,2,0,0,0,-1,11,9,7,6,0.6799999999999997,10.880000000000003,0.72,0.6800000000000002,13.32,9.0,2.1199999999999997,14.479999999999999,2
183,Isaiah Stewart,Detroit Pistons,C,106,319,40,71,587.7,10,12,516.7,16,38,409.0,10,48,58,12,11,4,10,10,-48,176,164,118,70,134.38941398865785,49.603024574669185,9.60680529300567,12.835538752362949,249.08128544423437,196.6616257088847,182.0,64.01890359168242,10
184,Ish Smith,Charlotte Hornets,PG,18,181,8,34,236.0,0,0,0.0,2,2,200.0,1,19,20,41,16,5,6,1,-90,79,38,59,61,54.36000000000001,24.0,78.09,1.5600000000000003,170.49,69.16000000000001,134.09,123.69,9
185,Ish Wainright,Phoenix Suns,F,3,11,1,6,16.7,0,0,0.0,1,4,25.0,3,2,5,1,1,1,1,0,-3,9,8,4,6,5.76,16.0,0.6400000000000001,0.6400000000000001,51.84,40.96000000000001,10.240000000000002,23.04,1
186,Ivica Zubac,LA Clippers,C,90,248,37,55,646.2,16,18,600.0,0,0,0.0,26,49,75,17,22,6,13,8,-38,182,165,107,92,268.244140625,72.150390625,8.212890625,0.0,483.806640625,441.125,276.7890625,114.5,10
187,JT Thor,Charlotte Hornets,F,19,104,8,16,408.3,0,0,0.0,3,8,200.0,1,15,16,5,9,0,2,3,24,40,35,24,21,41.376033057851245,17.17355371900826,3.0165289256198347,4.239669421487603,74.91322314049587,66.76446280991736,46.38429752066115,23.330578512396695,10
188,JaVale McGee,Sacramento Kings,C,23,44,11,18,355.0,0,3,0.0,1,2,100.0,5,8,13,1,6,2,1,0,3,37,36,24,14,45.95867768595041,12.867768595041323,0.8347107438016528,0.8347107438016528,78.65289256198348,84.0,44.95867768595041,9.355371900826446,6
189,Jabari Smith Jr.,Houston Rockets,PF,134,308,48,106,433.0,19,23,791.7,19,52,343.4,16,56,72,13,29,10,12,9,25,219,206,147,85,325.9183673469388,136.0,12.102040816326532,14.951020408163266,592.0938775510205,552.1469387755103,361.4081632653061,152.55918367346936,10
190,Jabari Walker,Portland Trail Blazers,F,90,224,35,75,451.3,15,17,625.0,5,15,266.7,24,43,67,13,28,7,10,1,-21,170,157,103,80,322.15816857440166,95.94068678459936,16.213319458896983,6.814776274713839,601.3714880332986,532.3485952133194,350.29448491155046,153.04058272632673,10
191,Jacob Gilyard,Memphis Grizzlies,G,67,205,23,52,431.8,1,1,100.0,20,45,431.8,1,14,15,41,10,10,12,2,-62,123,82,108,56,274.1404958677686,10.685950413223141,31.595041322314046,24.0,454.1404958677686,332.0,382.0,56.561983471074385,10
192,Jacob Toppin,New York Knicks,F,13,29,5,9,107.1,2,2,100.0,1,4,33.3,3,3,6,1,3,0,1,0,-18,20,19,14,7,78.05555555555556,8.722222222222221,0.5555555555555556,0.7222222222222223,130.22222222222223,136.55555555555554,72.5,8.5,2
193,Jaden Hardy,Dallas Mavericks,G,77,116,32,65,499.4,4,5,250.0,9,21,300.0,1,9,10,18,10,3,7,1,9,105,87,95,28,140.32716049382717,10.0,31.660493827160494,7.216049382716048,209.0,164.32716049382717,173.0,53.660493827160494,10
194,Jaden Ivey,Detroit Pistons,PG,163,320,58,143,406.0,34,41,696.7,13,55,202.7,10,19,29,40,25,11,29,6,-69,232,192,203,69,446.1263696128561,22.953250547845144,60.0073046018992,31.134404674945216,615.8290723155588,545.754565376187,486.1614317019723,113.0,10
195,Jaden McDaniels,Minnesota Timberwolves,PF,118,318,46,105,434.4,14,22,348.8,12,41,283.1,11,40,51,14,35,7,6,5,-39,183,169,132,65,624.6440443213297,61.32548476454295,27.120498614958446,29.602493074792243,911.2257617728532,863.6925207756233,631.4958448753463,129.1274238227147,10
196,Jaden Springer,Boston Celtics,G,58,175,21,50,363.7,13,14,575.0,3,17,183.3,13,18,31,18,22,13,12,4,-17,107,89,76,49,170.84023668639054,33.13905325443786,22.023668639053255,2.4408284023668636,457.80177514792894,337.2455621301775,254.05917159763314,92.5,10
197,Jae Crowder,Milwaukee Bucks,PF,53,205,21,48,392.9,2,2,100.0,9,26,266.6,8,17,25,9,17,9,2,1,-1,87,78,62,34,115.74653739612187,22.501385041551245,8.034626038781164,10.854570637119114,161.79778393351802,159.16481994459838,120.3656509695291,28.549861495844873,10
198,Jae'Sean Tate,Houston Rockets,SF,37,125,15,34,428.7,5,9,200.0,2,6,133.3,10,18,28,6,17,9,11,3,10,71,65,43,34,60.1,29.200000000000003,4.944444444444445,1.6111111111111112,149.17777777777778,118.10000000000001,74.64444444444445,50.67777777777778,10
199,Jahmi'us Ramsey,Toronto Raptors,SG,32,83,12,29,203.39999999999998,5,6,175.0,3,14,108.3,4,14,18,5,4,5,5,0,-26,55,50,37,23,66.36805555555556,24.53472222222222,2.3125,1.4722222222222223,88.8125,95.25,73.22222222222221,13.555555555555555,5
200,Jaime Jr. Jaquez,Miami Heat,G,104,291,39,86,430.4,18,25,616.7,8,25,244.89999999999998,9,40,49,27,20,12,9,3,3,180,153,131,76,400.228515625,40.90625,22.40625,7.806640625,372.197265625,368.244140625,390.869140625,76.625,10
201,Jake LaRavia,Memphis Grizzlies,F,125,276,35,103,319.4,41,50,730.0,14,48,276.9,24,31,55,19,22,14,12,5,-46,199,180,144,74,165.71604938271602,126.91495198902605,33.0,6.6419753086419755,477.721536351166,430.5733882030179,218.2716049382716,154.50754458161865,10
202,Jakob Poeltl,Toronto Raptors,C,122,251,55,101,543.9,12,20,491.7,0,0,0.0,39,53,92,31,28,10,11,19,35,245,214,153,123,161.8469387755102,127.67346938775509,30.387755102040813,0.0,516.704081632653,398.98979591836735,256.6224489795918,181.0,10
203,Jalen Brunson,New York Knicks,PG,308,346,112,235,481.0,52,61,750.0,32,87,378.9,6,25,31,67,14,10,30,2,41,406,339,375,98,712.9795918367347,19.0,107.69387755102042,16.244897959183675,554.4,669.9224489795919,624.6,99.55102040816327,10
204,Jalen Duren,Detroit Pistons,C,132,273,49,79,611.5,34,41,755.0,0,0,0.0,31,86,117,21,31,6,27,4,-81,270,249,153,138,263.33235938641343,251.55222790357925,23.137326515704892,0.0,1020.3579254930606,864.9123447772096,347.35208181154127,346.11541271000726,10
205,Jalen Green,Houston Rockets,SG,265,361,97,196,484.9,35,45,706.3,36,92,374.79999999999995,7,52,59,34,14,9,17,4,124,358,324,299,93,733.1537396121884,113.87396121883657,10.454293628808864,39.06509695290859,1167.4626038781164,1170.9529085872578,717.8240997229917,136.16759002770084,10
206,Jalen HoodSchifino,Los Angeles Lakers,G,5,11,1,6,33.3,2,4,100.0,1,3,50.0,0,2,2,0,1,0,1,0,-13,7,7,5,2,9.0,0.9799999999999999,0.020000000000000004,0.8200000000000001,13.32,14.180000000000001,8.42,0.72,2
207,Jalen Johnson,Atlanta Hawks,SF,178,339,71,149,485.0,19,29,568.3,17,46,399.9,13,75,88,44,19,7,16,11,35,310,266,222,132,518.8114186851211,93.24740484429066,50.567474048442904,14.832179930795848,1016.3875432525954,703.6262975778548,770.9221453287197,204.46539792387543,10
208,Jalen McDaniels,Toronto Raptors,PF,41,124,18,42,312.0,2,4,66.7,3,15,116.7,5,19,24,11,13,7,12,1,-31,76,65,52,35,153.06172839506175,86.76543209876542,11.358024691358022,4.222222222222222,388.0246913580247,321.7654320987655,188.22222222222226,129.2222222222222,8
209,Jalen Pickett,Denver Nuggets,G,2,7,1,3,33.3,0,0,0.0,0,2,0.0,0,0,0,2,0,0,0,0,-1,4,2,4,2,2.25,0.0,1.3611111111111107,0.0,7.1111111111111125,2.25,7.1111111111111125,1.3611111111111107,1
210,Jalen Slawson,Sacramento Kings,F,2,8,1,2,50.0,0,0,0.0,0,1,0.0,1,1,2,0,2,1,0,0,3,4,4,2,2,0.6400000000000001,0.15999999999999992,0.0,0.0,1.4400000000000004,1.4400000000000004,0.6400000000000001,0.15999999999999992,1
211,Jalen Smith,Indiana Pacers,PF,97,167,36,66,553.3,16,26,515.0,9,28,361.9,23,34,57,12,17,0,6,5,13,166,154,109,69,100.10836762688615,44.10836762688614,18.0,5.34567901234568,109.24828532235941,88.4334705075446,129.51577503429354,53.515775034293554,10
212,Jalen Suggs,Orlando Magic,SG,136,260,48,87,560.1,15,19,583.3,25,53,467.9,4,26,30,29,28,15,17,5,151,195,166,165,59,255.306640625,30.625,15.556640625,22.978515625,331.2890625,278.650390625,287.2265625,66.900390625,10
213,Jalen Williams,Oklahoma City Thunder,F,200,301,79,150,510.4,27,30,736.7,15,36,384.9,5,36,41,38,21,15,19,10,42,279,241,238,79,609.585848074922,26.937565036420395,22.472424557752344,12.710718002081165,892.0260145681582,789.5910509885535,692.4661810613944,68.96462018730487,10
214,Jalen Wilson,Brooklyn Nets,F,36,139,13,39,413.8,7,8,350.0,3,17,200.0,15,17,32,10,12,1,8,0,-1,78,68,46,42,44.91906721536351,37.75308641975309,6.0,2.577503429355281,113.86556927297669,85.86556927297667,52.91906721536351,63.75308641975309,10
215,Jamal Cain,Miami Heat,F,4,16,0,3,0.0,4,4,200.0,0,1,0.0,1,2,3,1,1,1,1,0,-4,8,7,5,4,2.88,2.1199999999999997,0.6800000000000002,0.0,11.52,9.32,5.0,2.88,2
216,Jamal Murray,Denver Nuggets,PG,227,360,87,190,450.6,33,39,861.4,20,50,410.0,10,43,53,82,18,16,22,3,51,362,280,309,135,469.8148788927336,47.607266435986155,69.80622837370242,20.216262975778548,654.0484429065746,479.21799307958486,618.8114186851211,143.24740484429068,10
217,James Bouknight,Charlotte Hornets,SG,10,13,4,10,83.3,0,0,0.0,2,7,58.3,0,0,0,0,0,1,1,0,13,10,10,10,0,18.0,0.0,0.0,0.72,18.0,18.0,18.0,0.0,2
218,James Harden,LA Clippers,SG,172,351,54,125,417.5,36,40,950.0,28,75,344.5,5,44,49,93,17,7,29,9,-16,314,221,265,142,613.9669421487603,58.77777777777778,43.04224058769513,37.623507805325985,554.7033976124885,561.5325987144168,596.8549127640038,112.10284664830118,10
219,James Johnson,Indiana Pacers,PF,2,7,0,1,0.0,2,2,100.0,0,0,0.0,0,0,0,1,3,0,0,1,1,3,2,3,1,2.25,0.0,0.5625,0.0,5.0625,2.25,5.0625,0.5625,1
220,James Wiseman,Detroit Pistons,C,87,182,36,60,576.3,15,17,550.0,0,0,0.0,21,50,71,13,23,3,11,8,-13,171,158,100,84,150.041015625,94.681640625,14.103515625,0.0,456.869140625,342.5390625,226.5,146.65625,10
221,Jamie Jr. Jaquez,Miami Heat,G,7,31,3,5,60.0,1,1,100.0,0,1,0.0,0,1,1,2,4,0,1,0,-7,10,8,9,3,0.0,0.0,0.0,0.0,0.0,0.0,0.0,0.0,1
222,Jarace Walker,Indiana Pacers,F,26,101,9,29,232.2,2,2,100.0,6,17,200.0,3,20,23,8,9,4,5,6,19,57,49,34,31,105.55555555555554,46.55555555555555,32.46913580246913,6.5432098765432105,397.8024691358024,260.0,180.61728395061726,141.76543209876544,8
223,Jared Butler,Washington Wizards,SG,58,166,25,58,503.5,5,5,300.0,3,17,83.4,3,12,15,35,14,6,17,1,-28,108,73,93,50,167.13905325443787,19.224852071005916,75.44674556213018,4.100591715976331,490.9940828402367,212.47633136094674,391.0,149.3284023668639,10
224,Jared Rhoden,Detroit Pistons,G,2,13,1,2,50.0,0,0,0.0,0,0,0.0,0,1,1,1,0,0,1,2,2,4,3,3,2,0.0,0.0,0.0,0.0,0.0,0.0,0.0,0.0,1
225,Jaren Jackson Jr.,Memphis Grizzlies,PF,234,334,81,185,444.0,53,71,722.2,19,53,363.9,14,43,57,30,38,16,31,17,-83,321,291,264,87,371.68608799048747,149.71105826397147,39.24375743162901,10.914387633769323,741.3424494649228,783.5398335315101,390.12366230677765,128.31985731272295,10
226,Jarred Vanderbilt,Los Angeles Lakers,PF,68,142,26,42,412.7,13,17,375.0,3,5,166.7,12,22,34,12,8,16,11,2,23,114,102,80,46,111.33333333333334,59.333333333333336,18.0,3.5,362.0,274.0,157.33333333333334,119.33333333333334,6
227,Jarrett Allen,Cleveland Cavaliers,C,195,352,74,122,616.9,47,61,780.5,0,0,0.0,26,95,121,24,12,5,14,13,-4,340,316,219,145,379.28402366863907,232.9079552925707,26.925706771860614,0.0,1125.335963182117,1003.7777777777777,466.6476002629849,294.0282708744247,10
228,Jason Preston,Utah Jazz,G,4,25,2,6,66.6,0,0,0.0,0,0,0.0,2,4,6,7,1,0,1,0,10,17,10,11,13,0.7573964497041421,3.1834319526627217,6.349112426035504,0.0,23.508875739644967,5.834319526627219,9.47337278106509,18.49112426035503,2
229,Javon Freeman-Liberty,Toronto Raptors,G,28,87,8,20,173.8,10,11,380.0,2,9,83.3,2,13,15,8,8,1,3,2,-10,51,43,36,23,129.2662721893491,13.57396449704142,4.650887573964497,1.5029585798816567,222.47337278106514,197.68047337278108,145.8343195266272,26.44970414201184,5
230,Jaxson Hayes,Los Angeles Lakers,C,50,147,20,27,643.4,10,16,400.0,0,1,0.0,13,31,44,2,18,2,9,4,1,96,94,52,46,85.19926538108356,94.41138659320478,3.867768595041322,0.0,231.73370064279155,221.2213039485767,87.84389348025712,106.14692378328742,10
231,Jay Huff,Denver Nuggets,C,3,5,1,2,50.0,0,0,0.0,1,2,50.0,0,0,0,0,2,0,0,0,-3,3,3,3,0,3.0625,0.5625,0.0,0.5625,1.0,1.0,3.0625,0.5625,1
232,Jaylen Brown,Boston Celtics,SG,290,333,111,210,535.0,41,60,698.8,27,65,422.5,19,43,62,33,27,12,15,0,134,385,352,323,95,536.6862244897959,98.5,14.5,20.125,810.6147959183671,810.5433673469388,526.7576530612246,123.0,10
233,Jaylin Williams,Oklahoma City Thunder,F,39,129,14,31,408.3,2,3,150.0,9,21,424.9,5,30,35,11,13,4,3,5,56,85,74,50,46,55.125,59.666015625,10.90625,3.228515625,226.556640625,195.134765625,73.90625,83.212890625,10
234,Jayson Tatum,Boston Celtics,SF,280,350,92,196,478.9,55,63,870.0,41,82,508.9,9,59,68,50,20,10,26,5,130,398,348,330,118,312.2601456815817,89.29864724245579,48.34131113423517,15.582726326742975,328.7825182101976,478.3891779396461,210.16233090530702,90.13111342351719,10
235,Jeenathan Williams,Houston Rockets,G,8,17,4,7,66.7,0,2,0.0,0,0,0.0,2,1,3,0,4,0,0,0,17,11,11,8,3,43.0726643598616,2.1626297577854667,0.062283737024221464,0.0,59.574394463667815,61.81660899653979,41.47404844290658,1.5813148788927336,2
236,Jeff Dowtin,Philadelphia 76ers,G,28,69,10,16,203.8,2,2,100.0,6,11,183.4,1,5,6,13,0,4,3,1,23,47,34,41,19,139.91836734693877,7.061224489795919,31.551020408163264,5.061224489795919,368.81632653061223,191.9591836734694,290.40816326530614,64.9795918367347,5
237,Jeff Green,Houston Rockets,PF,59,154,21,49,365.6,7,12,275.0,10,24,425.0,4,16,20,8,8,3,4,4,-16,87,79,67,28,203.0262345679012,41.11111111111111,7.808641975308641,8.123456790123457,360.9151234567901,373.21141975308643,203.76697530864197,35.882716049382715,10
238,Jerami Grant,Portland Trail Blazers,SF,169,342,56,142,386.6,38,46,711.3,19,49,402.0,6,19,25,35,18,14,28,2,-77,229,194,204,60,473.98961937716257,45.9204152249135,32.71626297577855,5.083044982698962,888.6262975778548,739.6678200692041,583.0934256055364,118.49134948096886,10
239,Jeremiah Robinson-Earl,New Orleans Pelicans,F,28,87,11,24,269.6,4,7,80.0,2,9,100.0,9,9,18,10,6,3,2,1,30,56,46,38,28,61.800554016620495,31.598337950138504,28.62603878116343,1.4681440443213298,197.6038781163435,134.75069252077563,100.70360110803324,84.17451523545706,7
240,Jeremy Sochan,San Antonio Spurs,F,143,320,55,123,441.3,20,25,683.4,13,41,266.6,22,57,79,33,28,5,20,10,18,255,222,176,112,362.01234567901236,23.73456790123457,42.45679012345679,13.0,279.61111111111114,356.9938271604939,280.9382716049383,69.88271604938272,10
241,Jericho Sims,New York Knicks,C,29,189,12,14,516.7,5,8,113.3,0,0,0.0,21,30,51,13,11,4,6,6,2,93,80,42,64,106.20710059171597,58.017751479289934,13.825443786982248,0.0,322.3698224852071,239.59763313609466,169.6360946745562,91.18639053254438,10
242,Jerome Robinson,Golden State Warriors,SG,10,17,4,10,40.0,1,2,50.0,1,6,16.7,0,0,0,1,1,0,0,1,-2,11,10,11,1,61.5621301775148,0.21301775147928997,0.4792899408284023,0.7159763313609467,65.23668639053254,54.53254437869823,72.90532544378698,0.053254437869822466,1
243,Jett Howard,Orlando Magic,G,0,5,0,1,0.0,0,0,0.0,0,1,0.0,0,0,0,0,1,0,0,0,-5,0,0,0,0,0.25,0.0,0.0,0.027777777777777776,0.25,0.25,0.25,0.0,1
244,Jevon Carter,Chicago Bulls,PG,41,150,17,38,405.20000000000005,1,2,50.0,6,19,191.7,2,9,11,13,9,4,4,2,5,65,52,54,24,163.76400367309458,11.764003673094583,8.338842975206612,6.7529843893480255,242.01193755739212,205.0560146923783,186.4113865932048,34.411386593204774,10
245,Jimmy Butler,Miami Heat,SF,222,361,78,155,502.4,56,69,792.8,10,28,358.3,15,35,50,54,16,17,18,5,40,326,272,276,104,487.68402777777777,47.01736111111111,55.40277777777778,8.434027777777777,688.7361111111112,472.0,688.90625,117.93402777777777,10
246,Jock Landale,Houston Rockets,C,77,175,29,50,519.6,16,18,450.0,3,7,250.0,22,24,46,19,19,3,6,13,41,142,123,96,65,249.44444444444446,96.57777777777778,43.400000000000006,2.3777777777777778,747.3777777777777,523.0444444444444,411.91111111111115,201.84444444444443,10
247,Joe Harris,Detroit Pistons,SF,2,12,1,3,33.3,0,0,0.0,0,1,0.0,0,0,0,0,1,0,0,0,-5,2,2,2,0,0.0,0.0,0.0,0.0,0.0,0.0,0.0,0.0,1
248,Joe Ingles,Orlando Magic,SG,33,162,10,20,355.0,5,6,250.0,8,17,325.0,1,14,15,29,12,8,11,0,23,77,48,62,44,113.81632653061224,10.844897959183672,47.489795918367356,9.893877551020408,167.37551020408162,121.20000000000002,151.8938775510204,66.43265306122449,10
249,Joel Embiid,Philadelphia 76ers,C,45,61,16,38,82.8,9,12,170.0,4,10,83.3,2,12,14,5,6,2,10,0,-41,64,59,50,19,144.5,0.0,0.5,0.0,162.0,144.5,162.0,0.5,2
250,John Collins,Utah Jazz,PF,158,293,61,112,534.6,24,32,754.2,12,29,388.9,24,64,88,10,32,3,17,13,-37,256,246,168,98,291.598615916955,115.01730103806227,10.216262975778548,7.891003460207612,556.4584775086505,544.4498269896194,294.5,134.340830449827,10
251,John Konchar,Memphis Grizzlies,SG,58,287,19,45,395.8,10,11,366.7,10,26,401.6,21,42,63,30,19,14,16,10,-5,151,121,88,93,135.4967860422406,74.25436179981634,14.009182736455465,6.229568411386593,292.96510560146925,228.50229568411385,169.88429752066116,118.3388429752066,10
252,Johnny Davis,Washington Wizards,G,33,133,12,35,333.3,5,6,250.0,4,13,183.3,4,12,16,7,13,2,1,4,-42,56,49,40,23,78.55918367346939,14.473469387755102,8.26530612244898,4.604081632653061,156.69387755102042,121.80000000000001,116.07346938775508,20.118367346938776,10
253,Johnny Juzang,Utah Jazz,G,50,121,19,39,276.9,0,0,0.0,12,28,219.2,2,13,15,3,9,0,4,0,3,68,65,53,18,265.6426592797784,18.88919667590028,2.2271468144044317,22.806094182825486,343.31855955678674,359.3074792243767,248.76731301939057,22.002770083102494,7
254,Jonas Valanciunas,New Orleans Pelicans,C,62,176,25,54,436.3,8,8,400.0,4,12,250.0,14,55,69,17,19,2,14,7,19,148,131,79,86,220.80470914127423,68.64404432132964,21.164819944598335,4.5872576177285325,522.4224376731303,450.2963988919668,294.5844875346261,88.1551246537396,10
255,Jonathan Isaac,Orlando Magic,PF,90,169,34,55,659.0,8,10,316.7,14,23,568.3,15,35,50,5,5,7,4,13,53,145,140,95,55,98.5,36.15561224489796,4.551020408163265,12.971938775510205,170.32908163265304,196.58418367346937,80.90816326530613,32.04336734693878,10
256,Jonathan Kuminga,Golden State Warriors,PF,209,286,80,151,516.0,39,45,715.0,10,23,350.1,7,35,42,23,28,9,19,4,-5,274,251,232,65,355.3,60.225,13.125,10.15625,502.0,486.925,372.825,70.9,10
257,Jontay Porter,Toronto Raptors,C,54,157,19,44,335.6,5,8,125.0,11,28,255.4,11,26,37,27,13,10,10,8,-15,118,91,81,64,293.34693877551024,44.265306122448976,35.204081632653065,22.219954648526077,606.204081632653,423.8163265306122,442.1020408163266,113.10204081632652,10
258,Jordan Clarkson,Utah Jazz,PG,174,327,64,151,396.6,29,32,757.9,17,59,244.1,7,28,35,60,19,10,22,0,-76,269,209,234,95,814.0,107.44444444444446,81.07029478458051,20.83673469387755,1289.530612244898,1206.7777777777778,873.736961451247,211.53061224489798,10
259,Jordan Goodwin,Memphis Grizzlies,G,69,232,28,81,330.5,5,12,225.0,8,28,229.89999999999998,13,28,41,37,16,15,14,10,-59,147,110,106,78,85.28515625,128.0625,77.28515625,2.94140625,402.0625,251.44140625,102.0,339.25390625,9
260,Jordan Hawkins,New Orleans Pelicans,G,48,123,17,56,371.5,4,5,150.0,10,37,210.0,2,12,14,6,8,1,2,2,4,68,62,54,20,161.8698224852071,16.40532544378698,6.485207100591716,10.724852071005916,235.4467455621302,203.3639053254438,196.71005917159763,20.133136094674555,10
261,Jordan McLaughlin,Minnesota Timberwolves,PG,50,147,17,31,494.4,4,4,200.0,12,21,369.4,3,18,21,24,10,6,4,2,57,95,71,74,45,157.31496786042243,29.694214876033055,20.0,21.794306703397613,222.31496786042243,224.25436179981637,149.92102846648302,55.14876033057851,10
262,Jordan Miller,LA Clippers,G,4,5,1,1,100.0,2,2,100.0,0,0,0.0,0,1,1,0,0,0,0,0,3,5,5,4,1,10.240000000000002,0.48999999999999994,0.0,0.0,15.209999999999999,15.209999999999999,10.240000000000002,0.48999999999999994,1
263,Jordan Nwora,Toronto Raptors,SF,92,165,37,77,441.70000000000005,7,8,366.7,11,34,301.6,5,35,40,7,8,8,11,4,-32,139,132,99,47,314.2984693877551,47.26530612244898,4.346938775510203,6.908163265306123,365.125,400.5433673469388,274.67602040816325,55.816326530612244,10
264,Jordan Poole,Washington Wizards,SG,185,287,68,150,435.9,19,21,630.0,30,77,386.6,5,22,27,42,27,11,28,5,-84,254,212,227,69,772.672335600907,28.209750566893423,45.63832199546486,22.6859410430839,605.6111111111111,694.3764172335601,676.8367346938775,80.91836734693878,10
265,Jordan Walsh,Boston Celtics,G,2,27,1,4,100.0,0,0,0.0,0,2,0.0,2,4,6,1,5,2,2,1,24,9,8,3,7,2.5,9.53125,2.5,0.0,1.28125,2.28125,9.0,4.53125,2
266,Jose Alvarado,New Orleans Pelicans,PG,56,205,20,56,358.4,4,6,200.0,12,28,443.3,2,16,18,21,18,12,8,1,44,95,74,77,39,70.07093425605537,9.600346020761245,31.254325259515564,5.688581314878893,84.19550173010381,72.0,81.84429065743944,41.27681660899654,10
267,Josh Giddey,Oklahoma City Thunder,SG,122,235,54,107,491.6,3,3,200.0,11,36,336.9,16,44,60,43,16,7,18,5,52,225,182,165,103,270.1188271604938,102.03086419753086,42.45679012345679,2.919753086419753,550.9891975308642,395.40277777777777,345.9151234567901,224.27777777777777,10
268,Josh Green,Dallas Mavericks,SG,67,259,28,55,498.7,4,5,80.0,7,23,270.0,11,24,35,13,16,11,9,2,-34,115,102,80,48,175.42568370986916,41.573127229488705,10.20332936979786,7.416171224732463,227.9346016646849,241.15576694411413,176.20927467300828,37.77170035671819,10
269,Josh Hart,New York Knicks,SG,117,424,45,120,368.3,13,17,383.3,14,52,217.2,23,101,124,56,26,13,17,5,20,297,241,173,180,281.2645429362881,287.5013850415512,127.53462603878116,21.22576177285319,1380.3504155124654,822.5,624.1288088642659,630.0221606648199,10
270,Josh Minott,Minnesota Timberwolves,F,0,5,0,0,0.0,0,0,0.0,0,0,0.0,0,4,4,0,0,0,0,0,6,4,4,0,4,5.224489795918367,10.331632653061225,0.02040816326530612,0.18367346938775508,0.6173469387755101,0.8622448979591834,5.897959183673469,9.433673469387754,1
271,Josh Okogie,Phoenix Suns,SF,46,141,15,32,423.8,10,11,350.0,6,14,300.0,16,6,22,10,4,8,10,2,6,78,68,56,32,116.44982698961938,13.598615916955017,8.13840830449827,6.422145328719724,170.26989619377161,161.01730103806227,120.75432525951557,26.685121107266436,10
272,Josh Richardson,Miami Heat,SG,98,211,38,76,433.2,6,6,200.0,16,45,301.7,4,26,30,19,16,5,3,2,3,147,128,117,49,296.8888888888889,20.0,10.88888888888889,27.555555555555557,468.0,427.55555555555554,344.0,24.22222222222222,9
273,Joshua Primo,LA Clippers,G,0,5,0,1,0.0,0,0,0.0,0,0,0.0,1,0,1,0,0,0,1,0,1,1,1,0,1,0.0,0.0,0.0,0.0,0.0,0.0,0.0,0.0,1
274,Jrue Holiday,Boston Celtics,PG,114,323,45,81,564.5,4,4,200.0,20,44,531.8,8,25,33,55,13,14,17,11,120,202,147,169,88,82.40532544378698,48.251479289940825,52.514792899408285,6.014792899408284,209.71597633136096,168.31360946745562,164.9023668639053,59.6715976331361,10
275,Jules Bernard,Washington Wizards,G,37,62,14,27,346.2,3,5,200.0,6,11,285.0,6,5,11,9,3,1,3,1,21,57,48,46,20,157.1673553719008,10.688016528925619,11.960743801652892,5.0,253.01859504132233,196.5867768595041,212.9504132231405,23.297520661157026,5
276,Julian Champagnie,San Antonio Spurs,F,69,223,20,52,322.0,12,13,450.0,17,41,319.1,3,22,25,13,6,4,7,4,19,107,94,82,38,247.06530612244896,29.089795918367344,18.151020408163266,25.816326530612244,557.2612244897961,388.9795918367347,376.0,86.58775510204082,10
277,Julian Phillips,Chicago Bulls,F,39,132,13,31,272.9,7,8,266.7,6,13,283.4,6,12,18,5,12,5,3,1,-11,62,57,44,23,170.91975308641975,27.290123456790123,6.777777777777779,6.401234567901234,314.4444444444444,289.44444444444446,184.5493827160494,45.43827160493827,10
278,Julian Strawther,Denver Nuggets,G,9,27,3,11,37.5,2,2,100.0,1,8,20.0,0,3,3,4,1,1,2,0,-15,16,12,13,7,37.0,7.512396694214877,4.231404958677686,0.8347107438016528,108.4297520661157,76.69421487603304,61.59504132231405,18.884297520661153,2
279,Julius Randle,New York Knicks,PF,66,99,23,48,142.2,14,14,300.0,6,11,195.0,8,17,25,18,7,1,10,0,25,109,91,84,43,98.0,2.666666666666667,14.0,2.0,140.66666666666669,120.66666666666666,126.0,8.666666666666668,3
280,Justin Champagnie,Washington Wizards,SF,45,114,15,38,184.3,8,8,200.0,7,22,133.3,11,14,25,8,7,6,8,4,-45,78,70,53,33,256.9669421487603,76.15702479338843,5.338842975206612,9.330578512396695,668.6942148760331,597.504132231405,300.65289256198344,109.0,6
281,Justin Holiday,Denver Nuggets,SF,45,155,17,34,413.70000000000005,0,0,0.0,11,25,326.7,0,13,13,19,13,3,1,3,23,77,58,64,32,224.93964620187302,10.213319458896983,43.53069719042664,14.908428720083247,393.77835587929246,267.70655567117586,327.31945889698227,77.43600416233092,10
282,Justin Minaya,Portland Trail Blazers,F,12,94,4,17,149.89999999999998,1,2,50.0,3,14,116.6,6,9,15,4,5,3,3,2,-37,31,27,16,19,20.055555555555554,16.0,2.347222222222222,1.888888888888889,42.43055555555555,49.55555555555556,14.680555555555557,16.597222222222218,8
283,Jusuf Nurkic,Phoenix Suns,C,94,290,40,74,572.1,14,32,355.4,0,2,0.0,48,100,148,38,35,5,33,11,10,280,242,132,186,66.24489795918369,576.0,38.587755102040816,0.0,849.6,830.2448979591837,82.0,618.1877551020408,10
284,Karl-Anthony Towns,Minnesota Timberwolves,C,193,306,66,146,451.8,41,47,734.2,20,56,341.5,20,55,75,29,33,8,24,8,98,297,268,222,104,265.0493827160493,98.62345679012346,46.91975308641975,18.771604938271604,548.530864197531,414.4012345679012,362.2777777777778,182.44444444444443,10
285,Kawhi Leonard,LA Clippers,SF,230,331,85,167,514.5,46,52,827.5,14,46,294.1,12,41,53,32,8,15,15,8,44,315,283,262,85,531.9119000657462,56.11111111111111,29.65154503616042,8.625904010519395,737.5193951347798,682.8093359631821,557.8698224852071,114.51479289940828,10
286,Keegan Murray,Sacramento Kings,SF,122,352,45,111,393.4,18,21,425.0,14,56,242.6,16,44,60,17,27,10,8,11,32,199,182,139,77,217.20578566732416,80.1051939513478,18.119000657462195,19.763313609467456,502.90795529257065,426.84681130834974,263.1775147928994,128.31360946745562,10
287,Keita Bates-Diop,Brooklyn Nets,SF,35,85,12,20,615.0,6,6,300.0,5,11,350.0,3,10,13,5,1,2,5,4,-13,53,48,40,18,44.09763313609467,16.215976331360945,4.559171597633136,5.224852071005917,78.01479289940828,73.63313609467457,41.31360946745561,27.940828402366865,10
288,Keldon Johnson,San Antonio Spurs,SF,172,304,62,128,485.1,16,19,483.3,32,74,428.6,17,39,56,22,17,3,12,1,-19,250,228,194,78,293.166015625,55.416015625,19.916015625,24.041015625,393.666015625,412.0,304.1640625,46.0,10
289,Kelly Olynyk,Toronto Raptors,PF,131,284,49,93,490.90000000000003,21,29,437.1,12,31,391.6,20,38,58,43,39,15,27,10,-92,232,189,174,101,370.15625,53.587890625,59.125,8.869140625,691.166015625,562.384765625,489.90625,121.744140625,10
290,Kelly Oubre Jr.,Philadelphia 76ers,SG,204,334,74,178,415.1,41,55,634.5,15,55,252.79999999999998,20,41,61,23,28,9,20,10,-54,288,265,227,84,341.9833795013851,62.62880886426593,22.981994459833793,9.670360110803323,596.0069252077562,445.2714681440443,460.8545706371192,117.47506925207756,10
291,Kendall Brown,Indiana Pacers,SG,0,7,0,0,0.0,0,0,0.0,0,0,0.0,0,0,0,0,0,0,0,0,4,0,0,0,0,1.7777777777777777,0.0625,0.4444444444444444,0.0,5.0625,2.506944444444444,4.0,0.8402777777777777,1
292,Kenneth Lofton Jr.,Philadelphia 76ers,F,2,5,1,4,25.0,0,0,0.0,0,2,0.0,0,1,1,0,0,0,0,0,-4,3,3,2,1,0.0,0.0,0.0,0.0,0.0,0.0,0.0,0.0,1
293,Kenrich Williams,Oklahoma City Thunder,SF,20,101,8,23,281.7,0,0,0.0,4,15,150.0,9,22,31,12,11,3,3,1,21,63,51,32,43,92.759765625,43.7265625,14.869140625,6.962890625,169.65625,145.166015625,95.6015625,80.244140625,10
294,Kentavious Caldwell-Pope,Denver Nuggets,SG,94,327,34,71,472.9,7,7,300.0,19,44,408.3,2,21,23,25,22,16,11,11,40,142,117,119,48,176.837890625,20.166015625,19.681640625,14.259765625,170.041015625,213.40625,131.9140625,41.40625,10
295,Kenyon Martin Jr.,Philadelphia 76ers,F,47,157,18,35,506.1,8,12,400.0,3,5,250.0,11,28,39,11,27,4,5,3,-16,97,86,58,50,113.43827160493827,143.804012345679,10.902777777777779,2.111111111111111,566.1049382716049,462.4151234567901,174.74845679012344,197.08641975308643,10
296,Keon Ellis,Sacramento Kings,G,57,232,22,43,470.8,1,2,50.0,12,27,360.0,7,20,27,17,25,21,5,9,92,101,84,74,44,164.54444444444442,30.199999999999996,47.7,11.777777777777779,190.24444444444447,217.61111111111114,133.77777777777777,81.3,10
297,Keon Johnson,Brooklyn Nets,G,12,26,3,8,73.3,4,4,100.0,2,4,133.3,2,1,3,2,2,2,2,0,-9,17,15,14,5,18.88888888888889,0.5555555555555556,2.2222222222222223,0.22222222222222227,27.222222222222225,13.888888888888888,34.0,1.0,2
298,Kessler Edwards,Sacramento Kings,SF,24,67,9,21,206.7,1,2,50.0,5,14,211.7,2,12,14,4,8,4,1,1,21,42,38,28,18,84.77958579881657,20.11834319526627,2.3535502958579886,4.585798816568047,134.70414201183434,119.01627218934911,89.9112426035503,33.02810650887574,7
299,Kevin Durant,Phoenix Suns,PF,257,369,96,196,476.1,42,48,773.1,23,60,376.2,3,60,63,37,15,8,36,12,-4,357,320,294,100,1288.0518626734843,66.49452154857559,38.71804236669101,18.76479181884587,1675.1913805697588,1462.489408327246,1404.046749452155,201.91964937910885,10
300,Kevin Huerter,Sacramento Kings,SG,72,231,29,79,330.1,2,4,100.0,12,45,205.0,6,24,30,25,23,8,11,2,5,127,102,97,55,288.7933884297521,30.44995408631772,4.61248852157943,16.24793388429752,456.10743801652893,441.77777777777777,290.6730945821855,47.51239669421488,10
301,Kevin Knox II,Detroit Pistons,SF,22,89,9,26,148.9,3,3,200.0,1,11,33.3,3,11,14,4,9,2,6,0,21,40,36,26,18,115.33333333333334,19.333333333333336,3.3333333333333335,0.8333333333333335,167.33333333333331,188.0,101.33333333333334,16.0,6
302,Kevin Love,Miami Heat,PF,88,158,30,62,483.6,10,14,208.3,18,45,387.4,10,55,65,19,20,3,10,3,31,172,153,107,84,362.530612244898,61.03061224489795,13.244897959183673,16.97959183673469,574.7448979591837,534.5,405.0,72.05102040816325,10
303,Kevon Looney,Golden State Warriors,F,23,98,10,20,533.3,3,7,75.0,0,0,0.0,6,22,28,10,16,1,6,3,25,61,51,33,38,20.956104252400547,21.083676268861453,4.123456790123457,0.0,21.123456790123463,23.493827160493826,13.729766803840878,30.063100137174217,10
304,Keyontae Johnson,Oklahoma City Thunder,F,5,39,2,8,66.7,0,0,0.0,1,2,100.0,2,4,6,2,4,0,2,0,-15,13,11,7,8,20.0,7.0,1.2653061224489797,0.8163265306122451,29.69387755102041,35.0,17.26530612244898,5.6938775510204085,5
305,Keyonte George,Utah Jazz,G,190,309,64,148,387.9,39,43,792.5,23,66,317.4,0,33,33,48,12,5,35,2,-96,271,223,238,81,862.0562499999999,30.25625,61.90625,45.0,1209.8062499999999,944.125,1136.1,83.8,10
306,Khris Middleton,Milwaukee Bucks,SF,130,231,50,96,440.3,16,19,417.5,14,33,393.3,8,31,39,45,29,8,17,3,18,214,169,175,84,290.08163265306126,38.0,47.46938775510204,3.5918367346938775,476.93877551020404,323.795918367347,452.65306122448976,76.0408163265306,8
307,Killian Hayes,Detroit Pistons,PG,18,79,7,14,209.6,1,3,33.3,3,6,100.0,0,15,15,20,4,0,5,2,-12,53,33,38,35,27.0,18.75,54.0,2.75,252.75,74.75,153.0,124.75,4
308,Kira Lewis Jr.,Utah Jazz,PG,0,14,0,2,0.0,0,0,0.0,0,0,0.0,0,0,0,3,1,0,0,0,-10,3,0,3,3,4.081632653061225,0.16326530612244897,4.86734693877551,0.0,7.8061224489795915,5.877551020408163,6.5,4.540816326530612,2
309,Klay Thompson,Golden State Warriors,SG,178,259,63,143,449.7,14,16,516.7,38,87,423.5,5,20,25,24,10,10,9,3,-7,227,203,202,49,552.5318559556787,28.501385041551245,47.20775623268698,21.601108033240997,586.8504155124654,511.7645429362881,641.0747922437673,62.252077562326875,10
310,Kobe Brown,LA Clippers,G,2,27,1,5,100.0,0,0,0.0,0,2,0.0,4,5,9,2,4,0,3,0,-23,13,11,4,11,3.169550173010381,12.28719723183391,1.5847750865051902,0.01384083044982699,20.93771626297578,13.0,3.3840830449826993,21.595155709342563,4
311,Kobe Bufkin,Atlanta Hawks,G,27,81,11,31,158.4,1,2,50.0,4,14,115.0,1,10,11,14,6,3,4,1,21,52,38,41,25,72.63265306122449,3.9795918367346945,14.959183673469388,2.836734693877551,134.6326530612245,95.83673469387756,113.83673469387753,16.53061224489796,5
312,Kris Dunn,Utah Jazz,G,49,222,21,49,368.1,0,0,0.0,7,21,275.0,8,16,24,34,28,10,9,3,-37,107,73,83,58,111.19576333089847,19.01826150474799,18.89116143170197,6.579254930606282,255.17384952520086,147.54346238130023,192.92403214024833,63.81154127100073,10
313,Kris Murray,Portland Trail Blazers,F,91,287,36,76,499.0,9,14,391.7,10,36,273.3,14,34,48,24,20,6,12,7,-10,163,139,115,72,282.70781592403216,66.43973703433163,34.98173849525201,8.357925493060627,538.2622352081812,413.1300219138057,323.8356464572681,185.42585829072314,10
314,Kristaps Porzingis,Boston Celtics,C,208,286,70,147,494.1,42,46,836.1,26,61,457.8,17,55,72,20,23,6,11,14,98,300,280,228,92,151.05785123966942,97.8388429752066,11.012396694214877,18.41322314049587,456.08264462809916,410.5165289256198,201.6404958677686,103.83471074380165,10
315,Kyle Anderson,Minnesota Timberwolves,SF,80,271,33,72,422.9,12,16,500.0,2,8,100.0,7,35,42,49,22,7,9,7,54,171,122,129,91,132.0,39.730612244897955,31.636734693877553,1.6081632653061224,242.00408163265308,238.01632653061225,132.20816326530613,75.14693877551021,10
316,Kyle Kuzma,Washington Wizards,SF,249,344,93,178,535.3,43,53,855.3,20,52,308.3,5,60,65,47,21,9,28,9,-55,361,314,296,112,440.3425160697887,41.51239669421488,54.35537190082645,29.322314049586772,664.2488521579432,569.3810835629018,523.1772268135906,107.90082644628097,10
317,Kyle Lowry,Philadelphia 76ers,PG,91,304,29,74,365.2,16,19,575.0,17,47,330.4,3,31,34,53,21,11,13,2,-39,178,125,144,87,211.38400000000001,22.544,99.096,14.296,312.0,257.656,220.864,166.50400000000002,10
318,Kyrie Irving,Dallas Mavericks,PG,236,353,91,187,486.9,27,27,700.0,27,75,344.0,9,44,53,58,17,14,21,4,16,347,289,294,111,408.0,30.860422405876953,116.13039485766758,20.100091827364555,857.1469237832872,490.4967860422405,742.6758494031221,178.96510560146925,10
319,LaMelo Ball,Charlotte Hornets,PG,32,55,12,37,66.1,5,6,150.0,3,17,34.7,1,5,6,15,10,3,7,0,-49,53,38,47,21,2.0,2.0,0.5,0.5,4.5,8.0,0.5,0.5,2
320,Lamar Stevens,Memphis Grizzlies,PF,111,215,46,97,495.5,13,18,333.3,6,15,425.0,12,32,44,7,18,7,12,7,-20,162,155,118,51,211.0,48.44444444444444,6.111111111111112,2.4444444444444446,334.9777777777778,267.17777777777775,274.44444444444446,58.91111111111111,10
321,Landry Shamet,Washington Wizards,SG,55,184,20,55,273.1,7,7,300.0,8,35,104.1,4,10,14,8,12,4,9,2,-68,77,69,63,22,330.90000000000003,22.5,5.700000000000001,15.624999999999998,463.7,413.80000000000007,373.0,35.99999999999999,10
322,Larry Nance Jr.,New Orleans Pelicans,PF,62,220,26,41,597.0,8,10,266.7,2,6,133.3,15,33,48,24,17,11,6,3,41,134,110,86,72,181.66207529843894,54.13039485766758,6.444444444444444,1.777777777777778,283.67860422405874,307.7998163452709,172.61157024793388,45.50413223140496,10
323,Lauri Markkanen,Utah Jazz,PF,199,339,64,166,388.6,45,48,856.7,26,78,325.2,18,51,69,23,13,10,17,4,-79,291,268,222,92,189.4444444444444,140.125,50.76736111111111,24.444444444444443,599.90625,405.7361111111111,357.40625,217.10069444444443,10
324,LeBron James,Los Angeles Lakers,SF,281,362,107,183,584.2,42,55,708.4,25,57,421.6,7,66,73,96,13,11,34,5,26,450,354,377,169,394.2444444444444,77.0,24.799999999999997,26.900000000000006,294.7111111111111,272.44444444444446,443.31111111111113,75.0,10
325,Leaky Black,Charlotte Hornets,F,27,151,8,25,232.1,7,10,275.0,4,10,150.0,5,21,26,13,12,2,3,2,-31,66,53,40,39,88.0,30.96,8.41,8.25,118.49000000000001,84.96000000000001,110.40999999999998,50.49,9
326,Leonard Miller,Minnesota Timberwolves,F,0,5,0,1,0.0,0,0,0.0,0,0,0.0,0,0,0,2,0,0,0,0,8,2,0,2,2,0.04938271604938271,0.308641975308642,0.44444444444444453,0.0,0.01234567901234569,0.6049382716049383,0.19753086419753085,0.01234567901234569,1
327,Lester Quinones,Golden State Warriors,G,58,162,20,53,357.0,9,13,325.0,9,31,250.0,8,18,26,11,17,2,5,0,-34,95,84,69,37,195.6186556927298,18.92729766803841,14.901234567901234,10.901234567901234,257.7873799725652,289.9807956104252,180.67626886145405,16.577503429355282,10
328,Lindy Waters III,Oklahoma City Thunder,F,29,66,10,21,323.3,0,0,0.0,9,19,283.3,1,14,15,4,6,1,3,2,-33,48,44,33,19,102.78116343490305,29.6786703601108,3.872576177285319,12.044321329639889,241.69529085872577,209.75069252077563,121.01939058171745,47.25761772853186,7
329,Lonnie Walker IV,Brooklyn Nets,G,68,159,26,75,331.4,3,4,150.0,13,43,172.4,1,18,19,5,14,2,7,5,10,92,87,73,24,554.3020408163266,18.918367346938773,3.987755102040816,34.199999999999996,746.7755102040816,695.4081632653061,599.0,29.575510204081635,10
330,Luguentz Dort,Oklahoma City Thunder,G,116,294,39,81,500.4,13,13,500.0,25,54,479.4,9,23,32,16,32,10,8,2,46,164,148,132,48,129.30864197530863,35.60493827160494,19.08179012345679,17.804012345679013,184.1929012345679,140.04938271604937,173.73611111111111,54.40277777777778,10
331,Luka Doncic,Dallas Mavericks,PG,325,376,113,248,454.5,59,73,825.0,40,111,349.1,13,85,98,103,19,13,43,2,44,526,423,428,201,537.053633217993,62.159169550173,108.18858131487889,28.86505190311419,679.7301038062284,766.8321799307959,407.7993079584775,212.5,10
332,Luka Garza,Minnesota Timberwolves,C,45,61,16,35,240.8,6,8,200.0,7,20,233.3,8,6,14,1,8,2,3,1,-7,60,59,46,15,18.3469387755102,17.678004535147394,0.9160997732426304,1.2653061224489797,66.95918367346938,62.60997732426303,21.657596371882086,19.63265306122449,5
333,Luka Samanic,Utah Jazz,F,42,107,13,39,288.8,12,14,450.0,4,19,178.3,5,19,24,5,9,1,5,4,-42,71,66,47,29,102.44444444444443,50.25000000000001,4.666666666666667,2.3333333333333335,313.1388888888889,271.36111111111114,129.55555555555554,69.58333333333334,9
334,Luke Kennard,Memphis Grizzlies,SG,124,269,39,78,499.6,18,20,571.4,28,59,476.40000000000003,2,23,25,40,10,8,18,0,-65,189,149,164,65,418.7712665406427,7.29867674858223,89.46313799621927,24.192816635160682,601.7599243856333,437.31758034026467,557.0359168241965,122.93950850661625,10
335,Luke Kornet,Boston Celtics,C,60,176,24,39,498.4,12,12,400.0,0,0,0.0,20,24,44,11,11,3,2,12,75,115,104,71,55,256.0,108.0,31.17065556711758,0.0,728.3964620187305,572.0,363.1706555671176,188.39646201873052,10
336,M. Pereira,Memphis Grizzlies,F,2,6,1,2,50.0,0,0,0.0,0,1,0.0,0,0,0,0,1,0,0,0,4,2,2,2,0,0.0,0.0,0.0,0.0,0.0,0.0,0.0,0.0,1
337,Malachi Flynn,Detroit Pistons,PG,47,101,16,47,270.0,7,10,275.0,8,23,281.7,0,12,12,12,5,5,6,0,-43,71,59,59,24,126.30864197530863,6.790123456790123,13.160493827160495,5.679012345679013,233.0493827160494,177.8641975308642,174.33333333333331,27.111111111111114,9
338,Malaki Branham,San Antonio Spurs,G,113,218,41,95,398.2,16,18,441.7,15,41,273.7,6,14,20,22,14,3,17,1,-45,155,133,135,42,673.8576675849403,18.082644628099175,31.83471074380165,34.43067033976125,985.593204775023,751.2075298438934,891.1028466483014,67.05785123966942,10
339,Malcolm Brogdon,Portland Trail Blazers,PG,102,218,37,83,266.20000000000005,17,19,433.3,11,30,202.89999999999998,7,22,29,40,13,4,17,2,4,171,131,142,69,100.0,28.833333333333336,7.333333333333334,6.833333333333334,113.5,66.83333333333334,151.33333333333331,31.5,6
340,Malik Beasley,Milwaukee Bucks,SG,110,300,39,104,362.8,6,7,250.0,26,79,314.6,4,36,40,13,15,6,7,1,25,163,150,123,53,305.46020761245677,22.865051903114185,10.626297577854672,26.505190311418684,244.840830449827,266.8650519031142,294.7854671280277,22.141868512110726,10
341,Malik Monk,Sacramento Kings,SG,191,289,68,151,440.3,36,38,930.0,19,68,283.3,7,33,40,55,29,7,22,2,68,286,231,246,95,365.81737061273054,31.719214753123143,41.33194527067222,7.271267102914932,622.0928019036287,486.43367043426525,443.7120761451517,130.81558596073765,10
342,MarJon Beauchamp,Milwaukee Bucks,F,30,42,10,16,350.0,7,8,175.0,3,7,200.0,2,9,11,1,4,1,3,0,-17,42,41,31,12,58.991735537190095,10.140495867768596,0.8677685950413222,1.8099173553719008,103.32231404958677,93.38016528925618,65.92561983471074,14.016528925619834,6
343,Marcus Morris Sr.,Cleveland Cavaliers,SF,18,36,6,10,104.7,1,2,50.0,5,7,130.0,1,5,6,3,5,0,1,0,7,27,24,21,9,52.72222222222222,2.2222222222222223,5.0,4.625,42.5,76.5,25.388888888888886,0.5555555555555558,2
344,Marcus Morris Sr.,Philadelphia 76ers,SF,40,98,16,38,166.7,4,4,200.0,4,13,103.3,0,14,14,3,5,2,6,1,-21,57,54,43,17,86.1111111111111,5.111111111111111,3.0,8.25,127.0,107.0,105.44444444444444,8.777777777777777,4
345,Marcus Sasser,Detroit Pistons,G,59,202,23,67,345.8,3,3,200.0,10,37,299.6,1,25,26,32,13,8,16,0,-36,117,85,91,58,143.978515625,20.90625,36.0,10.478515625,322.369140625,237.869140625,218.478515625,66.90625,10
346,Markelle Fultz,Orlando Magic,PG,69,176,31,69,418.6,7,9,183.3,0,3,0.0,11,18,29,19,13,4,12,2,30,117,98,88,48,206.19381688466112,48.58382877526754,28.296076099881095,0.011890606420927466,316.8049940546968,298.6064209274673,225.80975029726517,75.46254458977408,10
347,Markieff Morris,Dallas Mavericks,PF,5,11,2,3,150.0,0,0,0.0,1,2,50.0,0,2,2,0,0,0,0,0,4,7,7,5,2,0.625,2.5,0.0,0.625,4.625,4.625,0.625,2.5,2
348,Marques Bolden,Charlotte Hornets,C,0,13,0,1,0.0,0,0,0.0,0,0,0.0,0,1,1,0,1,0,1,0,2,1,1,0,1,0.0,0.7551020408163267,0.0,0.0,0.7551020408163267,0.7551020408163267,0.0,0.7551020408163267,2
349,Marvin Bagley III,Washington Wizards,PF,119,262,53,102,492.7,10,14,383.3,3,8,250.0,40,46,86,16,13,7,8,11,-40,221,205,135,102,366.9111111111111,136.0,12.577777777777778,2.2000000000000006,625.0,593.0444444444445,373.0,174.44444444444446,10
350,Mason Jones,Sacramento Kings,G,1,13,0,3,0.0,1,2,50.0,0,2,0.0,1,3,4,4,0,0,0,0,10,9,5,5,8,0.0,0.0,0.0,0.0,0.0,0.0,0.0,0.0,1
351,Mason Plumlee,LA Clippers,C,48,117,17,29,603.3,14,20,391.7,0,0,0.0,11,35,46,13,16,3,10,4,4,107,94,61,59,63.66837107377648,107.68298027757487,12.845142439737035,0.0,248.11614317019723,237.06062819576331,77.19576333089847,118.0562454346238,10
352,Matisse Thybulle,Portland Trail Blazers,SG,75,232,28,57,448.9,6,9,250.0,13,32,368.3,8,23,31,21,15,19,12,8,-28,127,106,96,52,295.0863177226814,36.25436179981635,21.694214876033058,10.827364554637281,627.8760330578513,473.1404958677686,423.188246097337,84.5821854912764,10
353,Matt Ryan,New Orleans Pelicans,F,28,60,10,24,233.3,0,0,0.0,8,19,194.4,1,8,9,2,6,0,2,0,-2,39,37,30,11,171.33884297520663,12.958677685950413,1.5041322314049586,16.066115702479337,281.52066115702485,268.6280991735537,182.69421487603304,16.0,7
354,Matthew Hurt,Memphis Grizzlies,F,32,110,12,33,215.9,3,3,200.0,5,19,233.4,9,7,16,4,8,3,2,3,-7,52,48,36,20,144.06648199445982,30.016620498614955,4.626038781163435,4.853185595567868,307.80055401662054,252.1495844875346,188.70914127423822,45.65096952908588,7
355,Max Christie,Los Angeles Lakers,G,42,123,15,32,606.9,5,7,300.0,7,17,320.0,3,12,15,11,2,1,3,2,-29,68,57,53,26,90.19771071800209,10.627471383975026,30.182101977107177,4.292403746097815,244.2996878251821,143.9760665972945,176.32986472424557,55.00104058272632,10
356,Max Strus,Cleveland Cavaliers,SG,118,312,42,93,422.4,12,15,316.7,22,62,318.5,11,20,31,48,25,6,16,4,-32,197,149,166,79,284.77562326869804,32.988919667590025,26.775623268698062,31.81717451523546,400.2908587257617,331.86426592797784,377.1024930747922,35.86426592797784,10
357,Maxi Kleber,Dallas Mavericks,PF,22,183,6,22,250.0,6,8,300.0,4,18,216.7,2,27,29,15,23,5,1,4,65,66,51,37,44,80.12345679012346,34.94444444444444,16.012345679012345,5.111111111111112,142.84567901234567,95.21604938271605,135.2716049382716,43.43827160493827,10
358,Maxwell Lewis,Los Angeles Lakers,F,0,5,0,1,0.0,0,0,0.0,0,1,0.0,0,0,0,2,0,0,0,0,-3,2,0,2,2,0.05536332179930796,0.0,1.9930795847750862,0.0,1.384083044982699,0.05536332179930796,1.384083044982699,1.9930795847750862,1
359,Micah Potter,Utah Jazz,C,26,62,9,12,300.0,3,3,200.0,5,7,250.0,2,9,11,2,4,0,2,1,0,39,37,28,13,66.80078125,2.953125,1.20703125,4.01953125,75.0,65.33203125,75.203125,5.42578125,5
360,Michael Porter Jr.,Denver Nuggets,SF,207,325,80,133,606.8,14,16,530.0,33,68,498.7,10,54,64,15,16,7,11,5,58,286,271,222,79,403.9795918367347,51.06122448979592,18.551020408163264,17.375510204081632,606.0,584.5510204081633,405.0612244897959,89.97959183673468,10
361,Mikal Bridges,Brooklyn Nets,SF,163,360,51,136,362.0,30,41,730.1,31,73,438.7,10,35,45,38,14,11,19,1,-57,246,208,201,83,271.83102493074796,42.56232686980609,34.664819944598335,25.087257617728532,280.98060941828254,295.2908587257618,259.005540166205,75.74238227146814,10
362,Mike Conley,Minnesota Timberwolves,PG,121,297,41,93,399.4,23,25,563.3,16,51,266.6,10,25,35,47,19,12,15,1,-18,203,156,168,82,618.9183673469388,33.987755102040815,37.375510204081635,34.75918367346939,553.0,525.5755102040816,630.5877551020409,87.11836734693877,10
363,Mike Muscala,Oklahoma City Thunder,C,26,127,9,35,234.2,1,2,50.0,7,25,250.0,5,15,20,6,8,2,1,2,24,52,46,32,26,104.98298676748583,19.561436672967865,7.274102079395085,11.052930056710775,225.90170132325144,196.05293005671078,123.68998109640832,37.9773156899811,10
364,Miles Bridges,Charlotte Hornets,SF,208,390,85,188,451.1,22,30,546.4,16,62,231.0,11,70,81,40,12,8,19,3,-87,329,289,248,121,498.2119113573407,81.86426592797784,16.44321329639889,25.430747922437675,826.106648199446,836.0124653739613,505.61357340720224,81.0,10
365,Miles McBride,New York Knicks,PG,114,298,42,87,439.2,8,9,283.3,22,48,387.8,6,12,18,25,23,10,5,2,11,157,132,139,43,642.3047091412742,9.734072022160666,74.50554016620498,36.880886426592795,835.7465373961219,671.4182825484763,808.5609418282548,82.31163434903048,10
366,Mo Bamba,Philadelphia 76ers,C,50,189,20,37,541.8,4,6,100.0,6,15,300.0,11,36,47,8,24,7,11,10,-33,105,97,58,55,58.816326530612244,48.83673469387755,15.2,4.604081632653061,113.98775510204082,76.10204081632654,89.73061224489796,71.00816326530612,10
367,Monte Morris,Minnesota Timberwolves,PG,54,166,20,48,538.6,5,8,225.0,9,19,383.3,3,12,15,30,3,7,2,1,7,99,69,84,45,44.401664932362124,19.251821019771075,50.50364203954215,4.987513007284079,190.85848074921955,83.72424557752342,119.11342351716961,102.17793964620186,10
368,Moritz Wagner,Orlando Magic,C,96,150,38,59,623.8,14,16,560.0,6,17,316.6,8,25,33,11,11,2,12,2,17,140,129,107,44,223.63265306122446,47.20408163265307,7.065306122448979,4.473469387755102,401.1510204081632,405.79999999999995,211.75102040816327,61.50204081632653,10
369,Moses Brown,Portland Trail Blazers,C,13,34,6,10,233.3,1,5,33.3,0,0,0.0,5,7,12,2,4,0,2,1,16,27,25,15,14,34.3125,10.25,3.25,0.0,43.3125,40.8125,35.3125,15.0,4
370,Moses Moody,Golden State Warriors,SG,87,209,34,78,438.6,9,12,233.3,10,36,225.4,10,28,38,6,14,10,8,8,28,131,125,93,44,253.21947873799726,76.21124828532237,2.4087791495198903,18.219478737997253,521.7160493827159,523.8861454046639,259.54046639231825,70.12894375857339,10
371,Mouhamadou Gueye,Toronto Raptors,F,5,19,2,9,50.0,1,4,25.0,0,0,0.0,3,2,5,0,2,1,3,3,-15,10,10,5,5,0.6799999999999997,0.6799999999999997,0.0,0.0,0.7199999999999992,0.7199999999999992,0.6799999999999997,0.6799999999999997,2
372,Moussa Diabate,LA Clippers,F,2,7,1,1,100.0,0,2,0.0,0,0,0.0,1,3,4,0,0,1,0,1,1,6,6,2,4,0.0,0.0,0.0,0.0,0.0,0.0,0.0,0.0,1
373,Myles Turner,Indiana Pacers,C,152,267,58,119,475.0,19,29,470.0,17,42,335.2,12,47,59,13,28,3,14,22,24,224,211,165,72,383.89100346020757,47.067474048442904,16.299307958477506,25.517301038062286,422.5,404.91695501730106,436.5086505190311,28.33217993079585,10
374,Naji Marshall,New Orleans Pelicans,SF,72,206,29,56,418.3,4,5,250.0,10,24,385.0,5,39,44,23,7,11,10,3,25,139,116,95,67,283.20000000000005,53.91836734693878,12.444897959183674,14.204081632653061,366.265306122449,346.43265306122447,264.6734693877551,104.72244897959183,10
375,Nassir Little,Phoenix Suns,SF,9,50,3,12,133.3,0,0,0.0,3,8,200.0,0,10,10,3,6,0,1,2,-8,22,19,12,13,14.392290249433106,13.535147392290249,4.244897959183674,1.693877551020408,47.265306122448976,39.632653061224495,17.71201814058957,22.092970521541954,5
376,Nate Hinton,Houston Rockets,G,12,22,4,7,110.0,2,3,66.7,2,3,66.7,1,5,6,3,4,1,1,2,10,21,18,15,9,48.05555555555556,6.722222222222221,1.3888888888888884,2.5,97.38888888888886,75.55555555555557,65.0,13.0,2
377,Nathan Mensah,Charlotte Hornets,C,4,59,2,5,66.7,0,0,0.0,0,0,0.0,4,6,10,1,13,2,1,4,-17,15,14,5,11,13.75,9.9375,0.859375,0.0,41.359375,44.4375,13.484375,7.984375,7
378,Naz Reid,Minnesota Timberwolves,C,169,280,60,128,467.5,21,28,559.2,28,62,408.4,11,57,68,22,21,6,11,15,22,259,237,191,90,801.3581314878893,71.4878892733564,21.247404844290656,53.487889273356416,928.5778546712803,793.1089965397924,888.9653979238755,140.5968858131488,10
379,Neemias Queta,Boston Celtics,C,39,80,19,26,443.4,1,2,100.0,0,0,0.0,12,17,29,4,8,3,4,6,63,72,68,43,33,90.77777777777776,50.71527777777777,1.8819444444444442,0.0,252.86111111111114,245.5486111111111,98.9375,51.75,7
380,Nic Claxton,Brooklyn Nets,C,143,305,58,84,707.3,27,40,617.2,0,1,0.0,21,69,90,24,27,6,12,16,-53,257,233,167,114,287.58033240997236,66.5,14.865650969529087,0.0,300.7714681440443,324.6066481994459,285.90304709141276,59.20775623268698,10
381,Nick Jr. Smith,Charlotte Hornets,G,53,164,17,59,301.1,8,9,187.5,11,32,275.0,2,10,12,17,19,4,5,0,8,82,65,70,29,229.13017751479288,11.13905325443787,21.0,15.213017751479288,290.8786982248521,233.64792899408283,265.6686390532544,52.83136094674557,10
382,Nick Richards,Charlotte Hornets,C,90,296,38,56,653.6,14,20,400.0,0,1,0.0,26,64,90,7,27,5,12,8,-27,187,180,97,97,271.32505478451424,152.0292184075968,10.468224981738494,0.0,381.6194302410519,396.1431701972242,276.59386413440467,142.70489408327245,10
383,Nickeil Alexander-Walker,Minnesota Timberwolves,SG,110,285,39,81,474.1,12,14,433.3,20,44,425.0,9,19,28,25,13,9,9,5,34,163,138,135,53,463.31301939058176,38.2382271468144,23.0,24.3393351800554,599.2714681440443,566.9030470914128,455.1551246537397,101.76454293628808,10
384,Nicolas Batum,Philadelphia 76ers,PF,50,293,18,53,317.5,6,7,250.0,8,34,211.6,15,41,56,21,19,13,7,8,16,127,106,71,77,125.18906064209276,83.34839476813318,21.841854934601663,5.638525564803805,310.46492271105825,247.38882282996434,147.14744351961951,146.30796670630204,10
385,Nikola Jokic,Denver Nuggets,C,277,377,111,190,590.0,45,52,870.5,10,25,218.7,27,96,123,74,15,13,29,7,96,474,400,351,197,602.8448979591838,130.5591836734694,92.0,18.073469387755104,940.0,766.0,763.530612244898,235.87346938775508,10
386,Nikola Jovic,Miami Heat,F,76,213,28,62,455.8,6,9,250.0,14,40,346.6,2,41,43,17,18,8,10,4,10,136,119,93,60,82.425,46.725,21.325,10.8,254.625,195.8,119.69999999999999,89.6,10
387,Nikola Vucevic,Chicago Bulls,C,199,342,86,169,500.4,12,15,450.0,15,42,351.6,29,78,107,29,21,5,20,4,-37,335,306,228,136,512.8305332359386,72.81592403214026,31.28926223520818,6.516435354273192,666.8568298027758,612.2921840759678,556.9393718042367,114.5609934258583,10
388,Noah Clowney,Brooklyn Nets,F,13,55,5,11,90.0,0,0,0.0,1,6,25.0,4,7,11,6,2,2,1,0,3,30,24,19,17,53.792899408284015,11.224852071005914,4.130177514792899,0.7514792899408284,111.75147928994085,108.74556213017753,54.31360946745563,17.840236686390536,4
389,Norman Powell,LA Clippers,G,153,282,54,116,463.2,21,27,525.0,24,68,384.1,3,29,32,16,23,10,10,2,0,201,185,169,48,363.20395421436007,32.3309053069719,17.00104058272633,20.40374609781478,435.0,481.80749219562955,306.2341311134235,59.494276795005206,10
390,O.G. Anunoby,New York Knicks,SF,83,194,33,70,262.7,9,14,243.3,8,28,138.3,3,24,27,12,12,16,13,5,107,122,110,95,39,431.93491124260356,55.0,6.0,8.757396449704142,260.7810650887574,260.7810650887574,441.9349112426035,51.0,6
391,Obi Toppin,Indiana Pacers,PF,75,178,30,53,523.0,9,11,450.0,6,21,233.3,8,31,39,10,16,5,6,4,35,124,114,85,49,236.88458728999268,48.0781592403214,18.36669101533966,4.965668371073776,426.65741417092767,410.50840029218404,237.69393718042366,81.7845142439737,10
392,Ochai Agbaji,Toronto Raptors,G,66,255,28,79,325.1,4,8,200.0,6,28,155.89999999999998,15,20,35,9,22,7,9,4,-95,110,101,75,44,183.00104058272632,66.39646201873049,6.908428720083245,4.601456815816857,373.03642039542143,383.5327783558793,177.25182101977106,68.55775234131113,10
393,Olivier Sarr,Oklahoma City Thunder,C,11,22,4,7,125.0,3,5,116.7,0,1,0.0,4,4,8,0,3,0,1,1,-14,19,19,11,8,34.92,6.920000000000002,0.0,0.0,59.68000000000001,59.68000000000001,34.92,6.920000000000002,3
394,OlivierMaxence Prosper,Dallas Mavericks,F,10,36,3,6,150.0,4,7,57.1,0,2,0.0,2,6,8,0,1,1,1,1,-14,18,18,10,8,28.0,13.444444444444443,0.0,0.0,79.44444444444443,79.44444444444443,28.0,13.444444444444443,4
395,Omer Yurtseven,Utah Jazz,C,43,86,19,28,326.1,4,7,200.0,1,3,50.0,12,15,27,5,10,1,3,6,-14,75,70,48,32,145.0,25.7891156462585,10.333333333333332,0.8367346938775512,267.40816326530614,210.88435374149662,188.66666666666666,48.9795918367347,6
396,Onuralp Bitim,Chicago Bulls,SF,49,159,21,45,421.1,1,2,50.0,6,23,166.7,6,12,18,9,13,2,4,2,-25,76,67,58,27,248.05599999999998,56.06400000000001,5.384,6.416,504.304,465.976,268.73600000000005,79.096,10
397,Onyeka Okongwu,Atlanta Hawks,PF,147,296,61,89,703.8000000000001,16,22,492.9,9,19,466.6,32,44,76,11,28,7,5,15,4,234,223,158,87,275.5123456790123,170.9444444444444,9.444444444444445,5.216049382716049,715.679012345679,730.3086419753085,274.77160493827165,166.5,10
398,Orlando Robinson,Miami Heat,C,13,54,4,10,108.3,4,5,175.0,1,2,100.0,7,9,16,4,4,1,3,0,6,33,29,17,20,43.242603550295854,14.952662721893489,2.9704142011834316,0.8047337278106508,56.573964497041416,37.816568047337284,61.24260355029586,18.680473372781066,5
399,Oscar Tshiebwe,Indiana Pacers,C,3,5,1,3,33.3,1,2,50.0,0,0,0.0,2,0,2,0,1,0,0,1,8,5,5,3,2,0.25,0.0,0.0,0.0,0.25,0.25,0.25,0.0,1
400,Oshae Brissett,Boston Celtics,SF,41,155,12,33,327.2,14,24,438.3,3,12,183.3,14,23,37,15,12,4,4,1,30,93,78,56,52,110.06122448979593,65.0,22.186224489795915,2.125,371.36989795918373,249.06122448979593,214.86989795918373,104.68622448979593,10
401,Ousmane Dieng,Oklahoma City Thunder,F,28,90,10,25,324.4,4,4,200.0,4,14,220.0,1,7,8,14,3,3,6,3,16,50,36,42,22,115.28925619834712,6.0,19.32231404958678,4.148760330578512,225.90082644628097,157.28925619834715,179.90082644628097,29.322314049586776,8
402,P.J. Tucker,LA Clippers,PF,16,127,6,16,133.3,0,0,0.0,4,10,183.4,7,17,24,3,8,3,3,4,-15,43,40,19,27,59.92041522491349,36.50519031141869,3.84083044982699,4.391003460207612,155.318339100346,121.51903114186852,76.92387543252596,57.141868512110726,7
403,P.J. Washington,Dallas Mavericks,PF,92,321,33,92,377.0,15,20,400.0,11,53,204.3,12,48,60,13,18,11,7,10,38,165,152,105,73,219.8606180144642,54.02629848783695,10.55292570677186,13.231426692965156,348.01775147928987,271.54898093359634,274.11111111111114,86.7975016436555,10
404,Paolo Banchero,Orlando Magic,PF,218,344,81,156,575.3,40,52,642.8,16,39,491.3,8,54,62,63,20,7,34,6,77,343,280,281,125,228.2791551882461,74.0,82.11111111111111,9.01744719926538,464.188246097337,392.0367309458219,277.7640036730946,178.77777777777777,10
405,Pascal Siakam,Indiana Pacers,PF,197,312,80,151,530.6,31,43,621.8,6,18,208.3,22,63,85,31,21,10,12,5,-6,313,282,228,116,262.1132213294375,110.54565376186999,24.21402483564646,5.101533966398832,444.53834915997083,394.0,278.8736303871439,168.53761869978086,10
406,Pat Connaughton,Milwaukee Bucks,SG,64,233,21,47,437.9,11,13,525.0,11,30,381.0,7,20,27,17,10,3,5,3,-9,108,91,81,44,199.81301939058173,33.0,21.0,13.220221606648199,345.6024930747923,349.70775623268696,205.707756232687,44.0,10
407,Patrick Baldwin Jr.,Washington Wizards,F,46,144,16,50,322.6,6,9,310.0,8,31,196.9,4,31,35,12,11,7,5,4,-46,93,81,58,47,126.48038049940547,59.0,18.606420927467298,5.873959571938169,320.32461355529136,214.3769322235434,189.2556480380499,120.77883472057076,10
408,Patrick Beverley,Milwaukee Bucks,PG,57,215,18,51,294.2,11,13,533.4,10,30,282.9,3,26,29,16,22,9,7,7,-24,102,86,73,45,193.66764061358657,63.8327246165084,34.51570489408328,10.0,430.42512783053326,365.25200876552225,257.8619430241052,99.327246165084,10
409,Patrick Williams,Chicago Bulls,PF,6,24,2,9,22.2,2,2,100.0,0,5,0.0,0,6,6,2,5,0,2,2,-11,14,12,8,8,0.0,0.0,0.0,0.0,0.0,0.0,0.0,0.0,1
410,Patty Mills,Atlanta Hawks,PG,2,27,1,6,25.0,0,0,0.0,0,4,0.0,0,4,4,1,0,2,0,0,17,7,6,3,5,25.740799999999997,2.6672000000000002,7.120000000000001,1.08,62.26079999999999,30.8528,55.93280000000001,11.003200000000001,3
411,Patty Mills,Miami Heat,PG,36,116,13,45,175.0,4,4,200.0,6,31,132.5,3,8,11,13,8,6,5,0,20,60,47,49,24,167.1552,6.1568,14.88,7.32,186.03520000000003,192.16320000000002,161.6832,20.3808,7
412,Paul George,LA Clippers,F,238,361,83,161,525.5,36,43,769.6,36,82,447.7,2,50,52,37,22,15,20,9,44,327,290,275,89,174.7888970051132,11.741417092768446,70.17019722425127,21.48721694667641,316.1672753834916,210.26150474799124,285.6939371804237,76.91234477720964,10
413,Paul Reed,Philadelphia 76ers,SF,101,248,40,85,478.9,14,20,550.0,7,17,350.0,32,42,74,18,25,12,11,17,10,193,175,119,92,313.84023668639054,58.40105193951348,10.284023668639051,6.939513477975017,573.0657462195924,555.0578566732413,330.301775147929,70.23142669296516,10
414,Payton Pritchard,Boston Celtics,PG,111,252,43,88,431.2,4,4,200.0,21,47,415.3,9,30,39,42,11,5,12,0,83,192,150,153,81,552.7716049382716,58.433641975308646,158.11882716049385,29.734567901234566,1314.0,720.0077160493827,1049.655864197531,313.66049382716045,10
415,Peyton Watson,Denver Nuggets,F,66,186,28,63,437.3,7,12,250.0,3,22,225.0,4,28,32,9,16,5,5,10,-8,107,98,75,41,109.82716049382717,15.679012345679013,16.90277777777778,2.396604938271605,192.125,169.77777777777777,125.80401234567901,38.952160493827165,10
416,Precious Achiuwa,New York Knicks,PF,89,258,37,65,580.0,10,18,433.3,5,11,283.3,26,49,75,18,21,9,16,19,26,182,164,107,93,234.29639889196676,81.15512465373962,19.646814404432135,4.839335180055401,384.20637119113576,360.35457063711914,243.03185595567868,115.91828254847645,10
417,Quentin Grimes,Detroit Pistons,SG,82,213,26,80,296.2,19,24,525.0,11,50,200.0,2,27,29,19,13,7,9,4,-12,130,111,101,48,312.44628099173553,35.19834710743802,14.900826446280991,10.900826446280991,442.06611570247935,483.0495867768595,277.6942148760331,43.86776859504132,10
418,R. Rupert,Portland Trail Blazers,G,36,135,12,29,398.1,6,6,300.0,6,15,325.0,8,15,23,13,15,3,7,0,-15,72,59,49,36,161.42403628117913,33.30839002267573,15.308390022675736,9.387755102040817,341.1111111111111,308.9591836734694,182.95918367346937,59.23356009070295,10
419,RJ Barrett,Toronto Raptors,SG,208,328,85,152,559.5,20,43,406.1,18,37,425.0,9,42,51,46,22,5,28,4,-39,305,259,254,97,255.64444444444445,58.24444444444445,50.577777777777776,15.777777777777777,454.77777777777777,307.8,398.8,112.64444444444445,10
420,Reggie Bullock,Houston Rockets,SF,26,114,9,21,424.9,0,0,0.0,8,18,449.9,2,20,22,3,5,5,2,0,26,51,48,29,25,28.336,25.664,2.136,3.856,61.800000000000004,64.896,26.344,26.696,10
421,Reggie Jackson,Denver Nuggets,PG,52,138,21,61,304.3,2,2,100.0,8,23,310.0,1,10,11,23,9,1,8,2,32,86,63,75,34,105.51234567901233,8.5,34.67901234567901,5.611111111111111,143.16049382716045,104.90123456790121,129.88271604938268,57.06790123456789,10
422,Richaun Holmes,Washington Wizards,F,69,203,27,52,498.0,14,16,500.0,1,2,100.0,23,38,61,7,28,6,5,6,-20,137,130,76,68,211.14984391259105,189.7117585848075,6.117585848074922,0.9458896982310095,657.2268470343392,582.0291363163371,250.53485952133195,231.64203954214364,10
423,Ricky IV Council,Philadelphia 76ers,G,62,114,21,48,420.2,17,23,530.0,3,14,125.0,2,15,17,6,5,0,3,1,-8,85,79,68,23,261.54648526077096,32.3469387755102,6.403628117913833,4.410430839002267,482.9183673469388,416.8049886621315,322.0,44.41043083900227,10
424,Robin Lopez,Milwaukee Bucks,C,6,23,3,9,37.5,0,0,0.0,0,2,0.0,1,0,1,1,3,1,0,2,-16,8,7,7,2,21.92,0.52,0.6800000000000002,0.0,24.48,29.0,18.28,0.32000000000000006,2
425,Royce O'Neale,Phoenix Suns,PF,69,255,26,70,400.5,0,0,0.0,17,49,385.9,7,38,45,32,17,3,8,4,39,146,114,101,77,278.84567901234567,21.80401234567901,40.5,20.845679012345677,332.625,337.625,250.90123456790127,85.24845679012346,10
426,Rudy Gobert,Minnesota Timberwolves,C,130,361,53,82,648.8,24,35,555.0,0,1,0.0,44,102,146,14,37,7,16,26,30,290,276,144,160,287.37603305785126,111.5206611570248,12.41322314049587,0.0,438.5165289256198,479.09504132231405,236.8305785123967,133.900826446281,10
427,Rui Hachimura,Los Angeles Lakers,PF,162,310,71,123,573.5,5,8,250.0,15,37,381.7,6,26,32,13,18,5,7,2,-3,207,194,175,45,411.0367346938776,31.199999999999996,8.200000000000001,12.600000000000001,338.32244897959185,355.7795918367347,389.97959183673476,43.0,10
428,Russell Westbrook,LA Clippers,PG,93,216,37,98,389.9,15,21,523.3,4,26,95.0,8,19,27,29,17,13,15,1,-10,149,120,122,56,193.55363321799308,25.844290657439448,33.636678200692046,4.7543252595155705,366.9792387543252,307.43252595155707,227.9515570934256,84.62975778546712,10
429,Ryan Arcidiacono,New York Knicks,G,0,5,0,1,0.0,0,0,0.0,0,1,0.0,0,0,0,0,1,1,0,0,3,0,0,0,0,0.0,0.0625,0.0,0.0,0.0625,0.0625,0.0,0.0625,1
430,Saben Lee,Phoenix Suns,G,35,98,9,28,194.29999999999998,15,20,416.7,2,9,83.3,3,15,18,17,6,4,2,0,11,70,53,52,35,190.68,24.479999999999997,5.720000000000001,1.5200000000000005,336.32,336.0,189.68,31.519999999999996,8
431,Saddiq Bey,Atlanta Hawks,SF,146,337,48,125,372.4,31,35,800.0,19,59,298.4,29,32,61,14,7,4,10,4,-23,221,207,160,75,398.90000000000003,67.125,9.625,14.9,439.4000000000001,478.32500000000005,362.225,74.5,10
432,Sam Hauser,Boston Celtics,SF,103,210,36,72,446.1,0,0,0.0,31,63,432.70000000000005,2,36,38,8,13,6,2,7,90,149,141,111,46,817.2755102040817,33.890306122448976,5.632653061224489,83.97959183673468,938.9413265306123,922.2474489795918,829.3163265306121,44.17602040816326,10
433,Sam Merrill,Cleveland Cavaliers,SG,91,241,28,82,330.8,8,8,400.0,27,78,334.09999999999997,3,21,24,24,16,3,4,3,7,139,115,115,48,332.77777777777777,49.081790123456784,68.22993827160494,40.61882716049383,547.4938271604938,427.3225308641975,453.9151234567901,116.3456790123457,10
434,Samardo Samuels,Houston Rockets,F,0,6,0,1,0.0,0,0,0.0,0,0,0.0,1,1,2,0,0,0,0,0,-5,2,2,0,2,1.44,1.9599999999999997,0.0,0.0,0.03999999999999998,0.03999999999999998,1.44,1.9599999999999997,1
435,Sandro Mamukelashvili,San Antonio Spurs,PF,20,47,10,16,296.7,0,1,0.0,0,2,0.0,8,3,11,5,5,2,0,0,21,36,31,25,16,61.83673469387756,13.5,6.918367346938775,0.0,142.1938775510204,98.76530612244899,89.12244897959182,36.56122448979592,6
436,Santi Aldama,Memphis Grizzlies,PF,144,333,53,116,461.0,15,23,516.7,23,62,319.3,14,50,64,29,14,9,16,13,-112,237,208,173,93,365.2897959183673,34.40816326530612,36.95102040816327,38.118367346938776,602.2,477.0367346938775,501.6938775510204,60.11836734693878,10
437,Sasha Vezenkov,Sacramento Kings,F,9,22,2,7,28.6,3,3,100.0,2,4,50.0,0,1,1,1,4,1,0,0,24,11,10,10,2,4.5,0.5,0.5,2.0,4.5,2.0,8.0,0.0,2
438,Scoot Henderson,Portland Trail Blazers,G,126,289,42,122,357.6,33,38,808.3,9,39,226.6,9,26,35,56,36,9,30,1,-103,217,161,182,91,156.9698231009365,74.50260145681582,64.14776274713839,5.0,460.9729448491155,269.5494276795005,286.7429760665973,200.3007284079084,10
439,Scottie Barnes,Toronto Raptors,SF,179,333,70,155,460.1,33,39,674.9,6,36,159.89999999999998,28,63,91,75,18,13,31,14,21,345,270,254,166,391.6640625,102.8515625,85.6640625,4.8515625,827.2890625,587.40625,576.65625,243.40625,10
440,Scotty Pippen Jr.,Memphis Grizzlies,G,90,203,31,65,366.4,15,22,340.4,13,25,455.0,8,22,30,45,23,10,17,5,-9,165,120,135,75,177.12,17.52,34.0,6.72,257.68,247.28000000000003,188.32,50.72000000000001,8
441,Seth Curry,Charlotte Hornets,SG,81,181,29,67,372.5,14,15,566.7,9,31,256.6,4,15,19,17,7,5,7,3,-33,117,100,98,36,233.0,12.900826446280993,16.140495867768593,4.900826446280991,334.3388429752066,276.08264462809916,269.8677685950413,50.429752066115704,10
442,Shai Gilgeous-Alexander,Oklahoma City Thunder,PG,295,344,107,205,519.4,67,81,827.2,14,44,364.3,8,52,60,53,28,18,21,11,65,408,355,348,113,372.50771604938274,66.03086419753086,34.61882716049383,18.563271604938272,545.3086419753087,418.56944444444446,510.5,89.39660493827162,10
443,Shake Milton,New York Knicks,SG,40,105,17,39,321.1,2,3,66.7,4,11,150.0,9,13,22,11,6,3,5,2,-16,73,62,51,33,109.48000000000002,70.72,17.27,7.920000000000001,423.83000000000004,324.52,167.02999999999997,129.75,7
444,Simone Fontecchio,Detroit Pistons,F,158,307,55,116,455.5,19,21,616.7,29,65,413.2,8,41,49,16,20,10,13,5,5,223,207,174,65,506.0,36.90963139120095,14.430439952437576,30.11296076099881,589.4708680142687,547.3923900118907,538.8442330558859,60.574316290130795,10
445,Skylar Mays,Los Angeles Lakers,SG,8,34,4,10,170.0,0,0,0.0,0,3,0.0,0,1,1,3,2,3,2,1,-3,12,9,11,4,12.0,0.75,2.890625,0.0,7.640625,12.75,8.390625,2.140625,4
446,Spencer Dinwiddie,Los Angeles Lakers,PG,45,225,14,36,385.0,8,11,316.7,9,22,391.7,1,13,14,24,14,2,8,3,29,83,59,69,38,111.57116620752984,4.400367309458218,30.0,4.904499540863177,179.15794306703395,117.8852157943067,172.1166207529844,35.127640036730945,10
447,Stanley Umude,Detroit Pistons,G,49,150,16,39,260.4,8,9,366.7,9,25,243.3,5,16,21,3,15,4,4,2,-32,73,70,52,24,178.0,44.0,2.0,10.879999999999999,283.0,276.0,182.5,48.5,8
448,Stephen Curry,Golden State Warriors,PG,214,292,74,190,387.8,26,29,642.5,40,120,329.0,8,40,48,39,9,4,24,2,18,301,262,253,87,977.7877551020408,91.89387755102041,39.52244897959183,63.3469387755102,1672.0612244897961,1459.1591836734694,1192.2734693877553,129.83265306122448,10
449,Svi Mykhailiuk,Boston Celtics,SG,40,99,14,36,335.4,0,0,0.0,12,31,288.3,2,12,14,10,1,4,2,0,64,64,54,50,24,40.53968253968254,22.142857142857142,7.968253968253968,5.492063492063492,171.85714285714286,118.01587301587301,76.0,48.492063492063494,7
450,T.J. McConnell,Indiana Pacers,PG,135,200,61,105,565.0,7,8,250.0,6,10,400.0,5,24,29,41,11,17,18,2,35,205,164,176,70,308.66782006920414,30.91695501730104,40.93598615916955,4.567474048442906,497.3581314878893,385.25259515570934,422.0501730103806,70.57612456747404,10
451,T.J. Warren,Minnesota Timberwolves,SF,29,98,13,34,301.2,1,2,50.0,2,11,83.3,5,11,16,7,10,3,4,1,31,52,45,36,23,32.50415512465374,13.556786703601109,6.484764542936288,1.43213296398892,32.445983379501385,46.121883656509695,14.329639889196677,24.54016620498615,7
452,Taj Gibson,Detroit Pistons,F,3,11,1,2,50.0,0,0,0.0,1,2,50.0,0,2,2,0,1,1,0,0,-3,5,5,3,2,2.115702479338843,0.03305785123966944,0.1322314049586777,0.29752066115702475,1.6198347107438023,2.6776859504132227,1.190082644628099,0.03305785123966936,1
453,Taj Gibson,New York Knicks,F,2,68,0,9,0.0,2,2,100.0,0,2,0.0,4,6,10,4,8,1,3,0,2,16,12,6,14,9.760330578512395,10.165289256198346,1.7520661157024793,1.0330578512396693,16.1900826446281,13.842975206611571,7.314049586776861,16.710743801652892,5
454,Talen Horton-Tucker,Utah Jazz,SG,64,154,19,65,304.2,16,18,566.7,10,30,384.9,3,17,20,23,12,6,3,5,-48,107,84,87,43,47.424,53.024,31.864000000000004,2.064,213.86399999999998,140.4,111.576,94.2,10
455,Taurean Prince,Los Angeles Lakers,PF,63,186,24,53,497.70000000000005,2,2,100.0,13,33,342.0,3,27,30,11,12,4,6,6,17,104,93,74,41,147.46530612244896,34.20408163265306,11.8,16.68979591836735,299.26530612244903,278.0367346938776,165.83673469387753,48.861224489795916,10
456,Taylor Hendricks,Utah Jazz,F,86,257,31,67,500.6,10,12,325.0,14,39,371.9,13,52,65,7,34,6,4,12,-66,158,151,93,72,100.8870392390012,129.5731272294887,2.1010701545778834,6.430439952437574,273.6932223543401,245.01426872770514,120.63376932223544,140.6064209274673,10
457,Taze Moore,Portland Trail Blazers,G,2,5,1,1,100.0,0,0,0.0,0,0,0.0,0,0,0,1,0,0,1,0,7,3,2,3,1,1.44,0.0,0.6400000000000001,0.0,4.0,1.44,4.0,0.6400000000000001,1
458,Terance Mann,LA Clippers,SG,95,251,35,66,554.4,14,14,700.0,11,26,378.5,7,22,29,6,20,7,4,3,-21,130,124,101,35,146.74930747922437,17.049861495844873,7.512465373961219,8.90443213296399,160.02354570637118,144.32271468144046,152.5,34.51246537396122,10
459,Terquavion Smith,Philadelphia 76ers,G,40,59,14,34,241.1,2,3,100.0,10,26,216.6,0,2,2,10,3,7,4,0,9,52,42,50,12,186.96296296296296,1.4074074074074074,17.185185185185183,17.185185185185183,177.40740740740742,184.66666666666663,179.62962962962965,18.666666666666668,6
460,Terry Rozier,Miami Heat,SG,181,344,71,158,456.1,19,23,547.7,20,51,338.7,6,42,48,51,18,10,15,2,-16,280,229,232,99,187.67584940312216,38.446280991735534,111.33976124885216,34.44995408631772,389.7777777777777,253.94582185491274,349.98163452708917,123.31221303948575,10
461,Terry Taylor,Chicago Bulls,F,11,46,4,8,275.0,1,2,50.0,2,3,150.0,2,10,12,3,1,1,0,0,-17,26,23,14,15,11.419753086419755,29.12345679012346,3.123456790123457,1.6049382716049383,88.41975308641973,69.44444444444443,17.641975308641975,45.0,4
462,Thaddeus Young,Phoenix Suns,F,6,29,3,6,100.0,0,2,0.0,0,0,0.0,7,3,10,0,4,1,1,0,3,16,16,6,10,4.880000000000001,24.96888888888889,3.5555555555555554,0.0,8.888888888888888,8.88888888888889,14.835555555555555,18.56888888888889,2
463,Thaddeus Young,Phoenix Suns,PF,53,152,26,34,569.9,1,5,50.0,0,2,0.0,15,20,35,18,15,3,4,2,-39,106,88,71,53,219.28,46.391111111111115,38.44444444444445,0.0,652.4444444444446,391.7777777777778,419.59111111111116,145.1911111111111,7
464,Thanasis Antetokounmpo,Milwaukee Bucks,SF,10,48,5,11,266.7,0,2,0.0,0,1,0.0,2,1,3,4,8,1,3,1,-18,17,13,14,7,12.833333333333332,1.666666666666667,2.0000000000000004,0.0,20.83333333333334,17.5,15.5,4.333333333333334,6
465,Theo Maledon,Phoenix Suns,PG,5,10,1,2,50.0,3,3,100.0,0,0,0.0,0,1,1,0,3,0,3,0,-11,6,6,5,1,14.0625,0.5625,0.0,0.0,20.25,20.25,14.0625,0.5625,1
466,Thomas Bryant,Miami Heat,C,48,108,18,35,330.2,11,13,525.0,1,9,100.0,8,25,33,5,11,1,0,6,-2,86,81,53,38,168.16326530612244,87.0,4.224489795918367,1.0340136054421767,387.46938775510205,380.8775510204082,177.32653061224488,88.65306122448979,9
467,Tim Hardaway Jr.,Dallas Mavericks,SF,74,179,25,76,266.1,9,14,350.0,15,49,248.9,2,16,18,16,5,5,5,0,28,108,92,90,34,575.6554898093359,79.90532544378699,12.416831032215647,31.262984878369494,1073.4898093359632,966.1446416831034,661.5529257067719,113.7698882314267,10
468,Tobias Harris,Philadelphia 76ers,PF,155,338,63,146,400.2,15,20,633.3,14,46,249.4,13,58,71,21,13,12,9,7,-39,247,226,176,92,755.2438016528926,123.67355371900827,29.0,24.698347107438014,1298.4214876033059,1114.1487603305786,898.1528925619835,194.03719008264463,10
469,Torrey Craig,Chicago Bulls,SF,65,209,23,53,366.3,3,6,150.0,16,39,327.1,8,26,34,15,19,3,9,5,-50,114,99,80,49,154.5,38.83136094674556,20.51479289940828,14.402366863905327,385.0059171597633,331.3313609467456,194.01479289940826,73.50591715976331,10
470,Tosan Evbuomwan,Detroit Pistons,F,39,138,15,30,451.4,4,6,125.0,5,12,283.3,8,14,22,6,9,2,2,1,-55,67,61,45,28,128.42560553633217,111.61937716262977,10.761245674740485,4.031141868512111,285.08996539792383,252.82698961937717,112.41868512110726,170.6505190311419,8
471,Toumani Camara,Portland Trail Blazers,F,75,275,27,56,475.0,12,15,400.0,9,21,328.3,19,30,49,19,22,8,8,6,-10,143,124,94,68,246.75805391190005,79.04207758053911,17.14464168310322,9.33136094674556,538.9631821170283,503.83694937541094,280.07100591715977,98.0,10
472,Trae Young,Atlanta Hawks,PG,235,370,76,173,432.4,45,55,813.4,38,93,399.0,2,18,20,109,22,11,45,2,-38,364,255,344,129,758.2361111111111,12.069444444444445,83.0,45.06944444444444,786.5,622.5,926.4027777777778,90.90277777777777,10
473,Trayce JacksonDavis,Golden State Warriors,F,116,223,52,64,825.5,12,23,486.7,0,0,0.0,23,41,64,18,21,3,6,17,11,198,180,134,82,142.37545653761873,71.7954711468225,26.02191380569759,0.0,385.0051132213295,325.99269539810075,180.36961285609937,118.83564645726808,10
474,Tre Jones,San Antonio Spurs,PG,103,305,36,68,498.4,19,21,658.3,12,26,247.1,6,36,42,77,10,11,12,1,62,222,145,180,119,599.7510204081633,22.416326530612245,62.83673469387755,27.730612244897962,663.5510204081633,599.3755102040816,617.1755102040815,132.00408163265305,10
475,Tre Mann,Charlotte Hornets,PG,118,315,46,99,465.8,14,23,457.1,12,36,288.3,6,41,47,42,17,19,12,0,-51,207,165,160,89,239.264,33.464000000000006,37.903999999999996,8.176,493.896,392.056,330.33599999999996,82.13600000000002,10
476,Trendon Watford,Brooklyn Nets,PF,63,128,20,48,431.4,19,21,535.7,4,10,200.0,10,17,27,2,17,2,9,4,-52,92,90,65,29,272.79972565157755,56.02606310013717,1.777777777777778,4.861454046639232,411.8737997256515,392.9355281207133,301.1947873799726,48.34705075445816,10
477,Trent Forrest,Atlanta Hawks,G,25,123,11,22,408.3,3,4,150.0,0,1,0.0,3,11,14,27,7,1,3,1,-20,66,39,52,41,53.356718192627824,14.42330558858502,45.35434007134364,0.0,141.7360285374554,71.26397146254459,106.6064209274673,77.0,10
478,Trevelin Queen,Orlando Magic,SG,0,13,0,3,0.0,0,0,0.0,0,2,0.0,0,1,1,1,1,0,0,0,-17,2,1,1,2,0.0,0.5555555555555556,0.5555555555555556,0.0,0.22222222222222227,0.5555555555555556,0.5555555555555556,0.22222222222222227,2
479,Trey Jemison,Memphis Grizzlies,C,80,228,36,57,561.0,8,10,400.0,0,0,0.0,24,27,51,11,32,3,15,9,4,142,131,91,62,466.6390532544379,22.053254437869825,6.902366863905325,0.0,537.7071005917161,595.698224852071,411.02071005917156,26.582840236686387,10
480,Trey Lyles,Sacramento Kings,PF,53,186,18,46,392.9,12,16,625.0,5,22,236.7,11,28,39,8,19,0,7,3,1,100,92,61,47,103.99173553719008,15.06198347107438,7.640495867768594,7.148760330578514,183.88429752066114,131.55785123966942,140.88016528925618,38.14049586776859,10
481,Trey Murphy III,New Orleans Pelicans,SG,187,300,62,124,485.9,24,30,802.4,39,90,404.8,9,42,51,29,8,7,6,2,53,267,238,216,80,861.5916727538349,45.0,40.840759678597514,80.52520087655223,937.1431701972242,1063.0781592403214,740.5756026296566,80.9218407596786,10
482,Tristan Thompson,Cleveland Cavaliers,C,7,38,3,6,116.7,1,4,50.0,0,0,0.0,6,7,13,4,6,2,2,1,-6,24,20,11,17,12.75,0.6666666666666667,0.6875,0.0,18.1875,18.75,12.854166666666666,0.6875,3
483,Troy Brown Jr.,Detroit Pistons,SF,34,118,13,35,316.2,2,2,100.0,6,20,206.6,3,18,21,9,6,1,3,0,-30,64,55,43,30,75.53086419753086,23.938271604938272,9.444444444444446,5.111111111111112,208.0,158.11111111111111,119.71604938271605,39.08641975308642,10
484,TyTy Washington Jr.,Milwaukee Bucks,G,0,8,0,2,0.0,0,0,0.0,0,1,0.0,0,0,0,1,0,0,0,0,-4,1,0,1,1,0.0,0.0,0.44444444444444453,0.0,0.44444444444444453,0.0,0.44444444444444453,0.44444444444444453,1
485,Tyler Herro,Miami Heat,PG,183,325,71,166,433.4,10,13,333.4,31,80,406.0,3,46,49,50,11,0,13,1,35,282,232,233,99,148.11111111111111,40.94444444444444,28.069444444444443,12.944444444444445,309.7361111111111,207.61111111111111,206.125,113.125,10
486,Tyrese Haliburton,Indiana Pacers,PG,157,327,60,141,408.9,25,27,625.0,12,68,180.79999999999998,5,43,48,94,14,10,26,7,-7,299,205,251,142,374.10743801652893,31.421487603305785,125.17722681359045,9.50413223140496,806.463728191001,417.99173553719004,791.5325987144168,127.64554637281911,10
487,Tyrese Maxey,Philadelphia 76ers,PG,250,367,88,203,428.2,45,48,825.0,29,78,349.7,4,34,38,54,20,11,18,3,-20,342,288,304,92,622.5036420395421,56.299687825182104,39.56919875130073,22.900104058272632,967.5629552549427,915.0697190426639,637.5879292403746,133.27783558792925,10
488,Tyus Jones,Washington Wizards,PG,91,313,36,84,402.0,4,4,300.0,15,43,360.8,3,22,25,97,4,9,13,2,-70,213,116,188,122,345.04336734693874,43.53316326530612,160.5,20.959183673469386,776.265306122449,542.0510204081633,542.9719387755102,240.3188775510204,10
489,Udoka Azubuike,Phoenix Suns,C,2,11,1,3,33.3,0,2,0.0,0,0,0.0,2,4,6,0,1,0,0,0,-3,8,8,2,6,1.7777777777777781,13.444444444444443,0.0,0.0,25.0,25.0,1.7777777777777781,13.444444444444443,1
490,Vasilije Micic,Charlotte Hornets,G,160,310,60,115,530.5,26,29,844.5,14,38,330.0,6,18,24,53,13,11,31,2,-60,237,184,213,77,406.4753086419753,43.530864197530875,77.9891975308642,23.08179012345679,575.5447530864196,448.5,495.125,159.91512345679016,10
491,Victor Wembanyama,San Antonio Spurs,C,210,318,74,162,440.9,42,55,717.8,20,58,344.5,24,94,118,44,27,11,38,47,35,372,328,254,162,628.1384083044983,38.256055363321806,36.45847750865052,19.69550173010381,1093.2820069204151,862.0,818.7768166089966,115.35813148788927,10
492,Vince Williams Jr.,Memphis Grizzlies,G,127,336,42,92,459.70000000000005,30,38,723.3,13,34,328.8,8,54,62,61,30,12,34,9,-54,250,189,188,123,231.93628808864267,72.8808864265928,35.61495844875347,18.00831024930748,492.2326869806094,474.07479224376726,226.76454293628805,131.82548476454295,10
493,Vit Krejci,Atlanta Hawks,G,40,192,15,36,280.2,4,5,150.0,6,21,178.3,2,7,9,20,17,6,4,4,4,69,49,60,29,69.4375,3.5277777777777777,13.803819444444443,3.234375,70.609375,76.04861111111111,62.345486111111114,18.984375,7
494,Walker Kessler,Utah Jazz,C,71,243,32,48,715.0,7,10,300.0,0,1,0.0,29,60,89,11,17,3,11,13,-104,171,160,82,100,168.91234477720963,98.97954711468225,6.903579254930606,0.0,396.95325054784513,364.0292184075968,187.6026296566837,120.11687363038715,10
495,Wendell Carter Jr.,Orlando Magic,C,112,264,41,80,519.2,19,29,506.7,11,33,306.7,27,52,79,24,17,9,15,7,55,215,191,136,103,164.5,101.12975778546715,8.776816608996539,6.958477508650519,350.5,343.3944636678201,180.51211072664358,101.0,10
496,Wendell Moore Jr.,Minnesota Timberwolves,G,2,5,1,1,100.0,0,0,0.0,0,0,0.0,0,2,2,0,1,0,0,0,8,4,4,2,2,2.777777777777778,3.0625,0.006944444444444444,0.0,11.111111111111112,11.67361111111111,2.506944444444444,2.777777777777778,1
497,Wenyen Gabriel,Memphis Grizzlies,F,17,81,8,22,168.3,0,5,0.0,1,6,50.0,7,18,25,3,10,2,8,2,-16,45,42,20,28,51.400000000000006,25.012499999999996,3.8125,0.8500000000000001,122.2,119.31249999999999,49.112500000000004,33.99999999999999,5
498,Wesley Matthews,Atlanta Hawks,SG,42,108,14,29,502.6,2,3,100.0,12,20,565.0,0,12,12,5,8,3,0,4,-35,59,54,47,17,109.38560000000001,22.5776,8.9504,6.3136,189.96000000000004,181.1664,124.8096,24.8976,9
499,Xavier Moon,LA Clippers,G,2,6,1,3,33.3,0,0,0.0,0,1,0.0,0,0,0,0,0,1,1,0,-9,2,2,2,0,0.44444444444444425,0.16000000000000003,0.16000000000000003,0.0,2.1511111111111116,1.1377777777777782,1.1377777777777782,0.6400000000000001,1
500,Xavier Tillman,Boston Celtics,F,45,191,18,37,447.5,6,10,200.0,3,14,183.3,13,26,39,12,13,9,2,6,16,96,84,57,51,90.15625,32.184027777777786,8.184027777777777,2.125,194.15625,165.61111111111111,116.56944444444446,42.5,10
501,Yuta Watanabe,Memphis Grizzlies,SF,22,97,10,24,250.0,0,2,0.0,2,12,64.3,0,11,11,5,6,5,4,0,-36,38,33,27,16,115.08000000000001,11.27,3.75,1.4800000000000004,136.28,131.43,116.23000000000002,18.72,7
502,Zach Collins,San Antonio Spurs,PF,102,181,39,75,507.9,17,23,541.7,7,13,516.7,17,31,48,21,26,5,20,9,-31,171,150,123,69,239.46254458977407,77.69322235434007,25.313912009512485,4.434007134363853,517.0,404.03804994054695,330.41736028537457,125.01426872770512,10
503,Zeke Nnaji,Denver Nuggets,PF,18,100,6,17,350.0,6,8,300.0,0,2,0.0,7,10,17,4,10,2,2,10,-19,39,35,22,21,50.40625,16.277777777777775,7.350694444444445,0.0,130.125,94.18402777777779,73.06944444444443,36.90625,10
504,Ziaire Williams,Memphis Grizzlies,F,103,270,39,94,389.0,13,16,421.4,12,46,213.7,6,38,44,20,15,12,15,0,-39,167,147,123,64,552.1,32.4,24.0,17.599999999999998,788.1,632.1,714.1,50.4,10
505,Zion Williamson,New Orleans Pelicans,PF,238,316,94,155,600.4,49,66,744.5,1,3,50.0,18,54,72,45,19,11,27,10,65,355,310,283,117,577.9755102040817,73.43673469387755,54.95918367346939,0.9510204081632653,611.865306122449,789.2734693877551,442.40408163265306,86.55918367346939,10
