,First Last Name,team,position,points,minutes,fgm,fga,fgp,ftm,fta,ftp,tpm,tpa,tpp,offReb,defReb,totReb,assists,pFouls,steals,turnovers,blocks,plusMinus,Points_Rebounds_Assist,Points_Rebounds,Points_Assist,Rebounds_Assist,points_deviation,totReb_deviation,assists_deviation,tpm_deviation,Points_Rebounds_Assist_deviation,Points_Rebounds_deviation,Points_Assist_deviation,Rebounds_Assist_deviation,count
0,A. Flagler,Oklahoma City Thunder,F,0,6,0,3,0.0,0,0,0.0,0,3,0.0,0,0,0,1,0,0,0,0,0,1,0,1,1,0.0,0.0,0.0,0.0,0.0,0.0,0.0,0.0,1
1,A.J. Green,Milwaukee Bucks,G,53,152,17,43,388.1,5,5,200.0,14,37,339.3,2,12,14,6,9,3,4,1,20,73,67,59,20,254.10724852071004,20.453402366863905,9.494082840236686,24.400147928994084,373.52071005917156,370.12130177514797,257.823224852071,29.630917159763314,10
2,A.J. Lawson,Dallas Mavericks,G,26,47,11,24,323.3,2,6,100.0,2,8,100.0,2,7,9,3,5,1,0,1,2,38,35,29,12,48.0,7.4325259515570945,2.3910034602076125,1.7889273356401385,71.87197231833912,62.72664359861592,53.567474048442904,13.401384083044984,7
3,Aaron Gordon,Denver Nuggets,PF,143,325,55,103,578.8,26,38,630.0,7,22,191.6,29,45,74,45,23,3,15,5,64,262,217,188,119,274.90582726326744,71.55046826222684,34.125910509885536,6.17585848074922,385.18470343392295,485.2429760665973,222.3210197710718,58.20291363163371,10
4,Aaron Holiday,Houston Rockets,G,62,156,21,52,307.59999999999997,12,12,400.0,8,26,268.3,5,10,15,24,17,8,4,1,31,101,77,86,39,337.42214301626194,26.513922922699933,26.76498106482513,9.721987079527732,589.2940521274226,527.6175094675874,400.95611494764984,51.42147471597238,10
5,Aaron Nesmith,Indiana Pacers,SF,117,304,43,101,436.8,13,13,500.0,18,54,350.3,10,26,36,18,35,5,6,9,70,171,153,135,54,93.11239669421488,11.722314049586778,16.446280991735538,5.652892561983471,102.36198347107441,86.74876033057852,98.20991735537191,38.684297520661154,10
6,Aaron Wiggins,Oklahoma City Thunder,SG,78,178,30,54,557.6,11,14,280.0,7,16,241.7,10,15,25,12,10,9,10,4,20,115,103,90,37,280.4716553287982,14.515747039556562,5.600907029478458,13.308390022675736,411.5588309397833,411.2217183169564,280.8163265306123,20.10909549004787,10
7,Admiral Schofield,Orlando Magic,SF,8,18,3,6,116.7,0,0,0.0,2,4,150.0,0,4,4,1,1,1,0,0,-20,13,12,9,5,15.314049586776857,0.7830578512396693,0.6776859504132231,0.8016528925619834,20.964876033057855,17.873966942148762,17.0,2.865702479338843,3
8,Al Horford,Boston Celtics,C,122,297,45,81,583.4,8,8,400.0,24,48,507.6,15,44,59,24,15,8,8,7,67,205,181,146,83,444.7308641975308,74.93086419753087,14.479012345679013,33.3679012345679,500.20493827160493,471.12345679012344,481.1111111111111,82.1111111111111,10
9,Alec Burks,New York Knicks,SG,71,130,23,74,271.7,14,19,446.4,11,40,257.5,2,16,18,9,2,3,4,0,-23,98,89,80,27,269.284,20.516,3.0960000000000005,8.196,462.01599999999996,418.024,304.164,32.724,10
10,Aleksej Pokusevski,Charlotte Hornets,F,62,204,23,60,422.2,10,14,366.7,6,24,216.6,12,31,43,21,9,11,8,5,-66,126,105,83,64,97.68005540166205,24.234072022160664,13.565096952908588,2.409972299168975,223.207756232687,182.50692520775624,132.3836565096953,43.79639889196676,10
11,Alex Caruso,Chicago Bulls,SG,123,327,42,93,457.2,10,12,350.0,29,59,480.3,7,36,43,47,26,22,19,6,-34,213,166,170,90,233.81103515625,22.10009765625,14.634765625,32.759765625,338.4765625,270.166015625,286.30712890625,52.54931640625,10
12,Alex Len,Sacramento Kings,C,30,112,11,15,466.7,8,9,450.0,0,0,0.0,9,23,32,11,17,1,5,15,27,73,62,41,43,76.01074979844128,32.562214458478905,17.07632356893308,0.0,192.25073904864286,160.2160709486697,105.0,52.683955925826396,10
13,Alondes Williams,Miami Heat,G,0,6,0,1,0.0,0,0,0.0,0,1,0.0,0,1,1,0,0,0,1,0,-2,1,1,0,1,1.44,0.81,0.0,0.0,0.09000000000000002,0.09000000000000002,1.44,0.81,1
14,Alperen Sengun,Houston Rockets,C,209,324,81,157,512.7,43,68,622.9,4,12,200.0,39,68,107,45,36,16,26,7,2,361,316,254,152,847.1723356009071,197.81632653061226,123.77551020408163,4.408163265306122,1935.0226757369614,1622.4580498866212,993.7777777777778,487.5510204081633,10
15,Amari Bailey,Charlotte Hornets,G,2,6,1,3,33.3,0,0,0.0,0,2,0.0,0,0,0,1,0,1,0,0,7,3,2,3,1,2.5600000000000005,0.0,0.5625,0.0,5.522500000000001,2.5600000000000005,5.522500000000001,0.5625,1
16,Amen Thompson,Houston Rockets,F,154,294,63,112,546.3,28,39,613.0,0,5,0.0,45,56,101,31,24,15,13,3,68,286,255,185,132,494.7698961937716,69.98096885813149,31.067474048442904,0.03460207612456748,832.8875432525952,783.2837370242214,490.1072664359862,155.3148788927336,10
17,Amir Coffey,LA Clippers,SG,54,234,20,47,436.7,3,4,150.0,11,29,326.7,5,15,20,17,16,5,9,3,-35,91,74,71,37,134.565306122449,30.246938775510202,12.30408163265306,11.03061224489796,155.430612244898,118.80816326530613,185.63673469387754,28.10204081632653,10
18,Andre Drummond,Chicago Bulls,C,102,176,38,64,628.1,26,36,634.2,0,0,0.0,36,66,102,6,16,5,6,6,44,210,204,108,108,102.94444444444444,102.94444444444443,8.448576675849404,0.0,300.44857667584944,253.77777777777777,149.50413223140495,111.50413223140497,10
19,Andre Jr. Jackson,Milwaukee Bucks,G,10,69,4,9,333.3,0,0,0.0,2,5,200.0,3,9,12,10,6,3,3,0,-10,32,22,20,22,13.598615916955021,6.3321799307958475,6.4498269896193765,1.6124567474048441,33.01038062283737,30.311418685121104,17.07958477508651,12.0,6
20,Andrew Nembhard,Indiana Pacers,PG,107,291,45,87,515.1,5,7,250.0,12,33,391.6,4,18,22,34,22,7,7,1,41,163,129,141,56,167.30322265625,31.85400390625,21.853515625,5.625,357.9765625,313.462890625,204.20166015625,61.32275390625,10
21,Andrew Wiggins,Golden State Warriors,SF,155,286,58,133,427.4,21,27,481.4,18,45,363.3,22,41,63,17,16,6,13,9,37,235,218,172,80,445.35791015625,36.95556640625,52.166015625,15.85400390625,772.916015625,540.1640625,641.17822265625,126.05322265625,10
22,Anfernee Simons,Portland Trail Blazers,SG,234,361,80,177,436.7,36,39,757.1,38,94,405.4,4,33,37,64,19,7,30,1,-38,335,271,298,101,935.5240670632775,28.301243915630067,125.20497566252028,19.635478637101134,1764.6960519199567,1205.978907517577,1461.0362358031368,186.71119524067063,10
23,Anthony Black,Orlando Magic,G,44,174,15,42,382.6,6,13,183.3,8,19,275.0,6,19,25,8,9,6,8,2,0,77,69,52,33,110.5,70.125,3.7,10.825000000000001,292.725,255.125,141.6,80.325,10
24,Anthony Davis,Los Angeles Lakers,PF,241,356,94,172,563.7,45,58,750.7,8,24,270.8,39,114,153,29,20,15,28,18,78,423,394,270,182,526.9679901508157,355.357648507233,29.18959679901508,7.734072022160666,1629.0,1510.0141582025237,578.0769467528471,452.42413050169284,10
25,Anthony Edwards,Minnesota Timberwolves,SG,246,361,92,199,447.2,44,57,682.3,18,63,333.9,12,63,75,56,13,13,31,6,42,377,321,302,131,623.628402366864,97.27455621301775,28.515976331360946,28.745562130177515,884.5313609467455,799.0,707.3869822485207,127.56331360946746,10
26,Anthony Gill,Washington Wizards,PF,76,175,31,65,384.7,9,11,260.0,5,18,175.0,15,21,36,12,22,5,10,0,-19,124,112,88,48,370.27514792899404,86.08062130177515,19.45562130177515,4.5924556213017755,763.9563609467457,713.2226331360947,410.09763313609466,116.4474852071006,10
27,Ashton Hagans,Portland Trail Blazers,G,57,205,19,44,337.7,12,13,550.0,7,16,266.7,7,22,29,40,25,9,23,7,18,126,86,97,69,158.1937557392103,25.31221303948577,37.739210284664836,8.254361799816348,362.5123966942149,256.7640036730946,242.86593204775028,84.12764003673095,10
28,Ausar Thompson,Detroit Pistons,F,103,314,42,87,508.0,11,25,325.0,8,29,195.3,15,44,59,21,26,17,14,11,-6,183,162,124,80,121.7,31.399999999999995,24.125,8.5,347.72499999999997,237.7,200.02499999999998,87.225,10
29,Austin Reaves,Los Angeles Lakers,SG,167,348,55,128,412.5,38,43,900.0,19,65,231.2,9,57,66,63,15,4,19,8,63,296,233,230,129,540.59228515625,150.84228515625,62.13525390625,42.92822265625,1153.88525390625,950.5,710.791015625,246.1640625,10
30,Ayo Dosunmu,Chicago Bulls,SG,186,366,74,135,534.8,19,20,666.7,19,46,373.7,6,20,26,46,25,10,15,2,-15,258,212,232,72,782.1841138659321,6.87603305785124,76.6028466483012,25.389348025711662,956.2479338842975,735.1758494031221,1015.8347107438017,70.90036730945822,10
31,Bam Adebayo,Miami Heat,C,188,326,76,124,627.3000000000001,27,40,624.9,9,16,550.0,20,98,118,38,13,15,19,9,50,344,306,226,156,135.5178359096314,79.99762187871582,56.0,5.58680142687277,357.69381688466115,187.0041617122473,292.96611177170035,149.23900118906067,10
32,Ben Sheppard,Indiana Pacers,G,49,185,18,47,358.3,7,7,400.0,6,30,186.6,1,15,16,15,20,5,4,0,27,80,65,64,31,111.07632356893308,20.41547970975544,13.521902714324106,2.8132222520827734,200.2176834184359,164.79629131953777,154.74926095135714,25.685837140553613,10
33,Ben Simmons,Brooklyn Nets,PG,53,168,24,38,521.1,5,11,150.0,0,0,0.0,15,39,54,46,20,9,12,4,-5,153,107,99,100,134.88888888888889,64.0,78.88888888888889,0.0,382.0,162.8888888888889,300.0,196.88888888888889,9
34,Bennedict Mathurin,Indiana Pacers,SG,139,275,44,115,340.3,35,45,614.5,16,44,245.0,10,33,43,23,24,7,17,4,-18,205,182,162,66,753.4765625,123.6015625,38.125,30.4140625,1418.90625,1097.65625,970.9140625,265.5390625,10
35,Bilal Coulibaly,Washington Wizards,SG,90,289,30,76,451.5,19,27,633.3,11,39,238.3,9,30,39,18,22,12,8,7,-98,147,129,108,57,127.37777777777777,38.5,16.0,13.177777777777775,337.8777777777778,291.7444444444444,166.31111111111107,61.699999999999996,10
36,Bismack Biyombo,Oklahoma City Thunder,C,4,36,1,4,33.3,2,4,100.0,0,0,0.0,3,2,5,2,6,1,4,1,3,11,9,6,7,6.222222222222222,5.800000000000001,1.5555555555555556,0.0,36.6,23.222222222222225,14.000000000000002,12.955555555555557,5
37,Blake Wesley,San Antonio Spurs,G,33,143,10,33,278.6,10,16,425.0,3,9,150.0,4,15,19,24,13,4,8,2,-9,76,52,57,43,118.52320940978785,18.90758244066373,31.65049359378282,4.101029195547155,182.38563327032136,128.47216971224535,177.44192396555346,45.552825036756985,10
38,Boban Marjanovic,Houston Rockets,C,3,7,1,1,100.0,1,2,50.0,0,0,0.0,0,3,3,0,0,0,1,0,-3,6,6,3,3,1.41015625,5.0625,0.0,0.0,11.81640625,11.81640625,1.41015625,5.0625,1
39,Bobby Portis,Milwaukee Bucks,F,141,247,61,118,506.09999999999997,9,13,375.0,10,23,283.4,20,64,84,12,22,11,15,4,24,237,225,153,96,539.6987513007284,136.76222684703433,9.750260145681581,24.585327783558792,868.2278876170656,909.6472424557753,516.3459937565036,128.445889698231,10
40,Bogdan Bogdanovic,Atlanta Hawks,SG,184,343,65,143,472.7,25,28,456.7,29,69,482.9,12,37,49,44,22,10,15,3,46,277,233,228,93,649.2345679012345,55.12244897959184,44.69790879314689,11.221718316956412,919.4681279919375,923.880826404636,609.5021415973797,135.14008566389518,10
41,Bojan Bogdanovic,New York Knicks,SF,80,155,31,73,404.1,8,11,275.0,10,33,253.6,4,14,18,9,8,0,14,0,18,107,98,89,27,317.0655567117586,31.742455775234127,7.226326742976067,15.625910509885538,433.93652445369406,418.73517169614985,340.235691987513,31.0,10
42,Bol Bol,Phoenix Suns,C,51,110,18,29,456.7,6,7,275.0,9,14,400.0,5,23,28,5,9,0,4,5,15,84,79,56,33,212.56851479459925,16.84286124676817,4.506463659867855,9.04481470841712,342.58488939959784,322.69146796897445,228.28267739155416,25.528583740304512,10
43,Bones Hyland,LA Clippers,PG,67,155,25,61,418.1,4,6,200.0,13,37,313.8,1,18,19,30,15,10,14,1,-4,116,86,97,49,324.511005353956,16.29803688280785,91.92742415229031,21.32956573468174,877.9298036882808,463.67757287328965,671.6448542534206,175.34384295062458,10
44,Bradley Beal,Phoenix Suns,SG,129,340,51,103,489.4,10,12,333.3,17,39,394.5,11,34,45,68,16,9,27,8,10,242,174,197,113,270.9656006449879,43.14565976887934,60.997043805428646,10.243214189733942,228.47245364149427,242.93899489384575,284.5995700080623,76.04219295888201,10
45,Brandin Podziemski,Golden State Warriors,G,60,253,25,59,404.7,2,3,100.0,8,25,283.3,20,40,60,25,18,7,8,1,21,145,120,85,85,171.44709289374026,78.10915571396748,30.65382044998886,9.942526175094676,442.7812430385386,360.09445310759634,224.02071730897745,138.87614167966137,10
46,Brandon Boston Jr.,LA Clippers,SG,56,129,22,50,466.6,8,15,366.7,4,16,133.3,4,16,20,2,18,2,4,5,-29,78,76,58,22,90.0828402366864,29.28862590401052,1.6042077580539118,4.402366863905326,178.44444444444443,160.7836949375411,97.59631821170284,41.04010519395135,10
47,Brandon Clarke,Memphis Grizzlies,PF,34,64,16,28,167.9,1,3,50.0,1,3,100.0,8,8,16,4,5,3,1,3,19,54,50,38,20,45.62130177514793,4.863905325443787,4.792899408284024,0.6982248520710058,57.13609467455622,62.68639053254438,49.053254437869825,0.6745562130177516,3
48,Brandon Ingram,New Orleans Pelicans,SF,180,306,68,138,496.2,36,43,724.5,8,27,260.0,6,50,56,54,24,6,19,7,49,290,236,234,110,670.2437673130194,25.364265927977836,44.40443213296399,6.5318559556786715,720.3393351800554,826.6662049861496,558.8476454293628,74.83795013850416,10
49,Brandon Miller,Charlotte Hornets,F,172,331,62,152,404.0,18,24,538.3,30,79,340.8,9,37,46,22,25,8,15,5,-93,240,218,194,68,526.0694444444445,40.46944444444445,19.93611111111111,34.025,820.025,810.2777777777777,531.9111111111112,64.31111111111112,10
50,Brandon Williams,Dallas Mavericks,G,7,24,2,9,83.3,3,4,100.0,0,2,0.0,1,1,2,4,1,0,1,0,-12,13,9,11,6,18.22448979591837,3.183673469387756,4.081632653061224,0.0,30.46938775510204,15.448979591836734,29.0,11.510204081632653,4
51,Braxton Key,Denver Nuggets,F,2,6,1,1,100.0,0,1,0.0,0,0,0.0,1,1,2,0,1,0,0,0,2,4,4,2,2,0.7511111111111112,1.1377777777777778,0.1111111111111111,0.1111111111111111,2.5600000000000005,3.7377777777777768,0.28444444444444456,0.5377777777777779,1
52,Brice Sensabaugh,Utah Jazz,F,90,227,31,91,318.8,12,15,313.3,16,55,270.0,7,38,45,29,13,7,23,2,-109,164,135,119,74,617.328798185941,57.32753842277651,24.31519274376417,45.451247165532884,828.4545225497607,739.8233812043337,676.9591836734694,110.64348702443941,10
53,Brook Lopez,Milwaukee Bucks,C,110,282,39,76,530.6,14,16,433.4,18,46,415.0,10,34,44,17,24,5,13,15,-1,171,154,127,61,186.4159724217179,33.715598965814415,28.10830221200805,18.07066934788854,368.6977879919563,283.6972134444125,254.80752657282392,78.43292157426026,10
54,Bruce Brown,Toronto Raptors,SF,107,277,42,80,506.7,15,21,533.3,8,17,341.7,9,25,34,37,20,10,20,1,-117,178,141,144,71,199.3905325443787,42.86390532544379,39.79363905325444,9.64792899408284,452.625,268.97633136094674,366.4119822485207,99.28476331360946,10
55,Bruno Fernando,Atlanta Hawks,PF,90,197,37,56,664.7,16,23,508.4,0,1,0.0,19,36,55,18,33,10,17,7,15,163,145,108,73,381.37777777777774,30.725,12.825,0.0,380.6444444444444,385.3027777777778,403.6694444444445,16.6,10
56,Bryce McGowens,Charlotte Hornets,G,44,137,14,31,273.7,12,16,391.7,4,15,80.0,2,19,21,7,14,5,2,3,-10,72,65,51,28,244.71383975026012,31.455775234131117,6.716961498439126,6.969823100936524,438.5910509885536,409.33922996878243,271.3433922996878,40.79500520291362,10
57,Buddy Boeheim,Detroit Pistons,F,19,40,6,14,83.3,2,2,100.0,5,13,76.19999999999999,0,6,6,3,3,0,0,1,12,28,25,22,9,69.39909297052154,4.081632653061225,6.224489795918369,4.183673469387755,150.6848072562358,100.55555555555559,114.22222222222224,15.612244897959185,2
58,Buddy Hield,Philadelphia 76ers,SG,101,214,39,82,472.0,6,6,400.0,17,49,368.1,10,17,27,15,16,5,10,4,-28,143,128,116,42,133.06427221172024,18.128754463348038,18.969334173492964,11.279773156899813,230.8109640831758,168.29195547153958,177.59630329762658,55.08506616257089,10
59,CJ McCollum,New Orleans Pelicans,SG,215,362,83,184,455.2,11,12,375.0,38,91,409.3,4,35,39,60,17,8,17,2,33,314,254,275,99,388.8437869822485,41.03313609467456,43.931360946745556,24.546745562130177,576.0,405.13136094674553,556.2331360946745,88.44378698224853,10
60,Cade Cunningham,Detroit Pistons,PG,241,313,92,212,430.3,40,44,808.3,17,55,297.1,9,44,53,75,18,11,31,2,-38,369,294,316,128,706.3109640831758,53.24574669187146,52.57561436672968,12.168241965973536,849.6616257088847,790.6134215500945,695.3837429111531,175.796786389414,10
61,Caleb Houstan,Orlando Magic,G,46,161,15,36,368.3,2,2,100.0,14,34,360.0,6,10,16,4,15,3,2,2,26,66,62,50,20,92.27777777777777,30.59410430839002,2.839002267573696,10.48185941043084,191.0532879818594,171.28458049886623,100.13265306122449,45.34693877551021,10
62,Caleb Martin,Miami Heat,SF,85,260,32,88,354.2,12,14,575.0,9,43,253.3,10,31,41,25,13,9,13,4,-8,151,126,110,66,246.85969084423306,47.05410225921522,41.35909631391201,5.466111771700357,564.9042806183115,397.384661117717,388.10701545778835,114.68549346016647,10
63,Cam Reddish,Los Angeles Lakers,SF,30,155,9,28,213.3,6,12,141.7,6,17,216.6,7,6,13,1,8,5,2,6,-16,44,43,31,14,125.43617998163452,21.0,0.9485766758494032,5.281910009182737,130.38934802571166,117.89072543617998,140.1166207529844,19.766758494031222,10
64,Cam Thomas,Brooklyn Nets,SG,257,363,89,195,453.1,60,66,907.9,19,60,274.3,5,41,46,41,27,6,21,1,-60,344,303,298,87,327.2479338842975,69.72231404958677,27.0,25.337190082644625,397.53719008264454,268.71900826446284,476.53884297520665,76.2495867768595,10
65,Cam Whitmore,Houston Rockets,F,125,203,48,112,411.4,15,24,366.7,14,47,269.5,18,26,44,5,11,9,12,3,12,174,169,130,49,199.30399999999997,70.416,2.696,14.496,335.344,332.1039999999999,206.656,69.0,10
66,Cameron Johnson,Brooklyn Nets,SF,131,263,41,97,431.4,25,29,725.0,24,61,397.7,6,34,40,17,15,9,11,3,-30,188,171,148,57,267.4478458049887,34.36281179138322,15.148526077097504,12.408163265306124,535.6009070294784,417.88775510204084,351.9274376417234,82.74489795918367,10
67,Cameron Payne,Philadelphia 76ers,PG,112,196,43,90,519.7,2,2,100.0,24,48,446.6,6,17,23,33,14,6,14,2,-10,168,135,145,56,518.2468255736244,90.84450879928715,17.617509467587436,33.25506794386277,773.5108041880151,699.6250835375362,545.8509690354199,154.74359545555802,10
68,Caris LeVert,Cleveland Cavaliers,SG,132,325,46,109,392.5,30,38,525.9,10,40,263.4,7,44,51,71,21,15,26,9,14,254,183,203,122,723.9361111111111,27.8,92.01111111111112,6.1,1121.625,871.4361111111111,936.325,157.61111111111111,10
69,Cason Wallace,Oklahoma City Thunder,G,68,212,27,59,488.1,2,4,100.0,12,28,424.3,8,18,26,15,16,12,6,3,8,109,94,83,41,151.24740484429063,10.472750865051903,18.508650519031143,17.8810553633218,241.7478373702422,209.42776816608995,175.5173010380623,37.03157439446367,10
70,Cedi Osman,San Antonio Spurs,SF,70,175,27,53,472.5,1,2,50.0,15,32,373.7,2,23,25,12,17,3,5,2,-40,107,95,82,37,236.41870464928786,36.651169040580484,30.040311744154796,16.65116904058049,419.73958613276,318.27922601451223,296.39505509271703,108.17549045955386,10
71,Charlie Brown Jr.,New York Knicks,G,3,27,1,5,20.0,0,0,0.0,1,3,33.3,1,1,2,0,4,0,0,1,-6,5,5,3,2,6.12,2.7200000000000006,0.0,0.6800000000000002,17.0,17.0,6.12,2.7200000000000006,2
72,Chet Holmgren,Oklahoma City Thunder,PF,157,281,55,107,455.2,35,40,733.3,12,41,270.1,12,69,81,12,24,6,17,17,44,250,238,169,93,894.5484429065743,83.28373702422145,16.625,9.752595155709344,1537.625,1398.5,1004.7028546712802,128.87932525951555,10
73,Chimezie Metu,Detroit Pistons,PF,63,183,23,50,328.0,15,16,487.5,2,17,66.6,9,26,35,13,21,8,10,6,-36,111,98,76,48,223.6738754325259,42.185986159169545,11.166089965397925,1.4463667820069204,412.71626297577853,422.97577854671283,221.77076124567475,44.99567474048443,7
74,Chimezie Metu,Phoenix Suns,PF,6,29,3,5,150.0,0,0,0.0,0,0,0.0,2,9,11,2,2,2,3,0,-7,19,17,8,13,93.01989619377161,20.466262975778548,3.5501730103806226,0.16608996539792387,194.97923875432528,146.22491349480973,131.8849480968858,33.90570934256055,3
75,Chris Boucher,Toronto Raptors,PF,69,120,25,35,573.3,15,18,500.0,4,12,216.7,13,27,40,5,11,1,9,5,7,114,109,74,45,142.20987654320987,47.580246913580254,5.913580246913581,4.0246913580246915,410.0,329.0246913580247,192.69135802469134,83.98765432098766,8
76,Chris Duarte,Sacramento Kings,SG,51,126,18,46,419.2,5,6,250.0,10,30,356.0,7,12,19,7,8,5,4,3,-31,77,70,58,26,140.34542211652794,32.5,8.57193816884661,6.047562425683711,336.46492271105825,256.94887039239,188.72354340071342,72.20986920332938,10
77,Chris Livingston,Milwaukee Bucks,F,0,6,0,2,0.0,0,0,0.0,0,2,0.0,0,1,1,1,4,0,1,0,-10,2,1,1,2,1.0,0.390625,0.765625,0.0,0.25,0.140625,0.015625,2.25,1
78,Chris Paul,Golden State Warriors,PG,90,223,39,75,476.0,1,2,50.0,11,24,390.0,4,37,41,59,18,5,13,0,11,190,131,149,100,194.60163759344962,31.30758276966892,107.04129583481665,6.978640085439658,409.2039871840513,264.89960840156635,330.2260590957636,147.02883588465644,10
79,Christian Braun,Denver Nuggets,G,86,228,33,69,443.1,10,16,375.0,10,23,416.6,14,27,41,24,17,7,8,3,-14,151,127,110,65,323.5816440187124,36.930496769881934,58.48073067498329,4.269547783470706,686.1989307195365,484.3704611271998,505.5045667186456,115.31677433726888,10
80,Christian Wood,Los Angeles Lakers,F,59,133,22,51,477.0,11,14,450.0,4,19,225.0,6,28,34,6,12,5,5,2,-14,99,93,65,40,153.90277777777777,54.402777777777786,4.625,2.4444444444444446,305.125,285.0,156.7777777777778,76.27777777777777,10
81,Chuma Okeke,Orlando Magic,PF,2,40,0,6,0.0,2,2,100.0,0,5,0.0,0,5,5,2,2,2,3,0,-23,9,7,4,7,3.7170035671819255,2.957193816884661,1.488703923900119,0.00713436385255648,7.516052318668253,6.904875148632581,3.384066587395957,5.390011890606422,6
82,Clint Capela,Atlanta Hawks,C,124,267,54,91,616.4,16,30,402.9,0,1,0.0,48,63,111,20,16,8,11,19,63,255,235,144,131,35.21365224402042,41.0,14.52674012362268,0.0,148.27922601451223,91.98414404729911,53.04971781779092,93.98575651706531,10
83,Coby White,Chicago Bulls,PG,167,359,59,159,377.2,28,32,776.7,21,65,335.1,8,33,41,43,26,4,18,2,-43,251,208,210,84,173.52736686390529,23.758136094674562,88.25443786982248,10.207100591715978,329.78994082840234,222.5710059171598,278.5717455621302,114.18713017751477,10
84,Cody Martin,Charlotte Hornets,SF,69,285,28,76,367.2,6,7,250.0,7,30,228.2,6,44,50,42,15,11,20,7,-28,161,119,111,92,111.0,28.18685121107267,64.68512110726644,2.6816608996539792,183.02076124567472,112.9515570934256,173.33217993079583,100.60899653979239,10
85,Cody Zeller,New Orleans Pelicans,C,7,31,3,6,200.0,1,2,50.0,0,0,0.0,5,10,15,3,5,2,3,0,14,25,22,10,18,3.2091836734693877,5.25,3.494897959183673,0.0,19.08673469387755,12.673469387755102,6.408163265306122,11.959183673469386,5
86,Colby Jones,Sacramento Kings,G,6,25,3,10,116.6,0,0,0.0,0,2,0.0,3,4,7,5,4,0,1,0,-3,18,13,11,12,3.8573388203017833,5.71604938271605,2.2894375857338813,0.0,26.123456790123463,15.762688614540469,9.444444444444443,12.779149519890261,4
87,Cole Anthony,Orlando Magic,PG,129,216,49,99,478.1,9,13,400.0,22,46,403.6,9,34,43,22,10,5,10,6,54,194,172,151,65,403.0,36.15173899661434,32.4481378885811,28.8808864265928,813.0335487842414,607.0464758387196,564.6060326254233,112.98091720529393,10
88,Cole Swider,Miami Heat,F,19,44,6,16,104.7,2,2,100.0,5,13,116.7,0,5,5,1,1,0,4,0,-18,25,24,20,6,137.60000000000002,2.2,0.9124999999999999,12.199999999999998,164.0125,167.0,134.3125,3.4124999999999996,5
89,Colin Castleton,Los Angeles Lakers,C,0,12,0,2,0.0,0,0,0.0,0,0,0.0,0,1,1,0,3,1,2,0,-16,1,1,0,1,0.02768166089965398,0.6401384083044982,0.0,0.0,0.5432525951557092,0.5432525951557092,0.02768166089965398,0.6401384083044982,2
90,Collin Gillespie,Denver Nuggets,G,53,125,19,43,306.4,4,7,200.0,11,25,283.3,0,15,15,18,12,7,9,0,24,86,68,71,33,244.88888888888886,13.12,37.768888888888895,15.680000000000003,409.90222222222224,285.3422222222222,342.43555555555554,77.90222222222222,8
91,Collin Sexton,Utah Jazz,PG,227,342,88,165,535.0,36,43,876.6,15,42,302.4,10,18,28,63,21,8,31,3,-100,318,255,290,91,99.19365734659411,25.70838806530306,52.21711390504785,22.89453931319197,210.7524863951961,168.21598799024207,138.7554888346782,80.90016888722087,10
92,Corey Kispert,Washington Wizards,SF,166,351,62,125,491.9,14,25,458.3,28,71,395.90000000000003,5,34,39,13,20,10,13,4,-51,218,205,179,52,349.58693771626304,110.27335640138408,13.747404844290656,19.688581314878892,641.9294982698962,666.1942041522491,317.73053633217995,131.61245674740485,10
93,Cory Joseph,Golden State Warriors,PG,27,71,10,16,316.7,0,0,0.0,7,11,316.7,2,9,11,6,6,0,1,0,9,44,38,33,17,31.2,10.8,2.8000000000000003,3.2,28.8,47.2,21.2,5.2,5
94,Craig Jr. Porter,Cleveland Cavaliers,G,64,136,27,52,425.3,5,6,300.0,5,12,175.0,6,17,23,24,4,3,8,2,-29,111,87,88,47,343.30625,40.1,18.799999999999997,9.399999999999999,668.70625,551.50625,446.90625,72.5,10
95,D'Angelo Russell,Los Angeles Lakers,PG,184,353,60,151,390.8,27,31,650.0,37,91,378.7,5,32,37,72,19,12,26,3,61,293,221,256,109,655.6819262782402,28.13436385255648,101.81985731272295,44.2627824019025,1202.500594530321,770.1527942925089,1059.0035671819262,158.98038049940547,10
96,D.J. Carton,Toronto Raptors,G,8,31,2,7,83.3,3,4,150.0,1,4,50.0,2,1,3,3,1,1,1,0,-30,14,11,11,6,8.666666666666668,2.0,2.0,0.6666666666666667,8.666666666666666,2.6666666666666665,18.666666666666668,0.0,3
97,D.J. Wilson,Philadelphia 76ers,F,10,14,4,6,66.7,0,0,0.0,2,2,100.0,1,1,2,2,1,0,0,2,4,14,12,12,4,19.75308641975309,0.7901234567901234,0.7901234567901234,0.7901234567901234,38.71604938271605,28.444444444444443,28.444444444444443,3.1604938271604937,1
98,DaQuan Jeffries,New York Knicks,SG,0,7,0,2,0.0,0,0,0.0,0,2,0.0,0,0,0,3,0,0,1,0,7,3,0,3,3,0.5625,0.0,5.0625,0.0625,2.25,0.5625,2.25,5.0625,1
99,Daishen Nix,Minnesota Timberwolves,SG,5,5,2,3,66.7,0,0,0.0,1,2,50.0,0,0,0,0,1,1,0,0,6,5,5,5,0,9.0,0.0,0.08163265306122448,0.32653061224489793,7.367346938775511,9.0,7.367346938775511,0.08163265306122448,1
100,Dalano Banton,Portland Trail Blazers,G,195,343,73,174,422.8,25,28,850.0,24,73,332.8,9,43,52,38,15,15,31,7,-150,285,247,233,90,654.706152433425,70.8356290174472,74.7089072543618,20.384297520661157,1303.0973370064278,868.0174471992653,1069.0661157024792,166.26446280991735,10
101,Dalen Terry,Chicago Bulls,F,37,146,16,34,317.8,2,4,100.0,3,14,158.3,8,19,27,19,13,5,6,3,27,83,64,56,46,136.180695202528,42.40476874461362,24.94829072105717,2.104854926745188,325.21488078138464,265.0991094513071,160.65383510485492,102.99569089342143,10
102,Damian Jones,Cleveland Cavaliers,C,59,124,23,38,577.9,13,15,650.0,0,6,0.0,14,24,38,4,14,4,7,7,-35,101,97,63,42,168.447265625,73.322265625,2.447265625,0.0,328.322265625,312.5,168.5,91.5390625,10
103,Damian Lillard,Milwaukee Bucks,PG,238,369,82,186,434.9,38,43,888.0,36,90,399.3,4,43,47,90,21,6,20,3,36,375,285,328,137,693.2303310786757,14.911712353150586,93.20897116411534,33.179779280882876,1090.1463154147382,707.2427910288359,1087.2958348166608,96.95870416518335,10
104,Daniel Gafford,Dallas Mavericks,C,119,249,54,72,746.7,11,17,291.7,0,0,0.0,26,50,76,25,32,10,11,23,97,220,195,144,101,294.95166015625,98.78759765625,28.84619140625,0.0,681.29150390625,572.65625,407.494140625,123.7265625,10
105,Daniel Theis,LA Clippers,C,41,144,17,37,385.8,3,3,200.0,4,9,300.0,12,24,36,12,17,1,6,8,11,89,77,53,48,135.23611111111111,20.69184027777778,9.777777777777779,4.402777777777777,221.1015625,196.37934027777777,167.9027777777778,22.52517361111111,10
106,Danilo Gallinari,Milwaukee Bucks,PF,31,102,10,22,450.0,9,11,275.0,2,11,200.0,4,7,11,6,9,3,5,1,-40,48,42,37,17,72.1129607609988,4.942925089179548,8.651605231866824,2.057074910820452,93.54815695600476,80.39952437574316,80.66944114149821,18.186682520808564,10
107,Dante Exum,Dallas Mavericks,G,73,208,25,49,479.1,8,9,366.7,15,23,556.7,2,16,18,28,17,2,12,0,25,119,91,101,46,205.1190828402367,9.607248520710058,19.81360946745562,14.559171597633135,194.82248520710058,189.75443786982248,207.06582840236686,32.542159763313606,10
108,Danuel House Jr.,Philadelphia 76ers,SF,42,143,14,30,276.3,13,15,466.7,1,11,33.3,6,11,17,7,16,7,3,3,-26,66,59,49,24,42.0,11.714285714285715,8.0,0.8571428571428572,41.714285714285715,51.714285714285715,40.0,11.714285714285715,7
109,Dario Saric,Golden State Warriors,PF,28,107,12,33,298.3,2,3,100.0,2,17,83.3,6,15,21,18,5,0,13,0,-31,67,49,46,39,52.0,27.193877551020407,15.673469387755102,2.1224489795918364,146.1326530612245,98.90816326530613,72.53061224489795,69.56122448979592,10
110,Darius Garland,Cleveland Cavaliers,PG,129,333,50,132,379.3,13,17,750.0,16,62,232.8,8,26,34,76,19,7,25,1,-9,239,163,205,110,249.3628117913832,23.756109851347947,95.11111111111111,23.701688082640462,382.30864197530866,237.04938271604934,385.4580498866214,128.0312421264802,10
111,David Roddy,Phoenix Suns,F,61,130,25,53,522.0,6,10,241.7,5,20,143.3,4,15,19,11,5,1,10,0,-72,91,80,72,30,436.47293277810826,52.92147531231411,19.290303390838787,9.286734086853063,841.0,668.2415229030339,590.8483045806067,90.59488399762047,10
112,Davion Mitchell,Sacramento Kings,PG,69,180,27,53,430.5,4,6,125.0,11,23,348.8,7,12,19,18,9,5,5,0,18,106,88,87,37,305.21836734693875,24.075510204081635,13.76530612244898,19.244897959183675,457.13673469387754,411.59999999999997,330.2734693877551,58.32244897959184,10
113,Davis Bertans,Charlotte Hornets,SF,72,218,23,66,314.8,8,8,300.0,18,55,299.1,0,16,16,7,14,7,7,4,-101,95,88,79,23,306.8794378698225,20.465236686390533,4.14792899408284,24.0,371.698224852071,348.36686390532543,330.72263313609466,24.101331360946745,10
114,Day'Ron Sharpe,Brooklyn Nets,C,62,131,26,47,645.1,10,17,308.3,0,2,0.0,27,29,56,10,22,2,16,5,6,128,118,72,66,119.60069444444446,218.40277777777777,10.733506944444445,0.0390625,456.2890625,375.60069444444446,160.37934027777777,269.0460069444444,10
115,De'Aaron Fox,Sacramento Kings,PG,227,359,77,195,403.7,46,54,757.2,27,79,356.0,12,47,59,63,28,26,26,6,56,349,286,290,122,132.07093425605535,25.965830449826992,90.6128892733564,12.5,257.8287197231833,212.29282006920414,175.5281141868512,118.6574394463668,10
116,De'Andre Hunter,Atlanta Hawks,SF,167,317,60,138,428.3,22,26,690.0,25,70,349.1,6,37,43,20,20,5,13,2,31,230,210,187,63,429.7783558792924,127.21436004162331,12.939125910509887,26.939646201873046,622.2356919875131,687.3652445369407,371.2284079084287,133.5738813735692,10
117,De'Anthony Melton,Philadelphia 76ers,SG,23,43,7,20,75.0,4,4,200.0,5,14,75.0,0,5,5,5,3,2,1,1,-2,33,28,28,10,128.66666666666666,2.666666666666667,2.666666666666667,8.666666666666666,206.0,164.66666666666669,164.66666666666669,10.666666666666668,3
118,DeAndre Jordan,Denver Nuggets,C,38,95,17,29,511.8,4,4,200.0,0,0,0.0,13,27,40,7,12,1,4,3,-25,85,78,45,47,164.15586419753086,87.304012345679,10.277777777777777,0.0,474.5,413.1111111111111,200.5817901234568,122.54475308641976,10
119,DeJon Jarreau,Memphis Grizzlies,F,43,150,17,50,308.3,5,11,250.0,4,13,141.7,8,36,44,26,14,6,9,2,-24,113,87,69,70,77.97633136094674,88.41617357001972,45.75147928994083,4.232741617357002,343.9428007889547,161.48520710059174,164.55621301775147,230.04536489151877,9
120,DeMar DeRozan,Chicago Bulls,SF,249,368,85,180,466.3,73,89,831.5,6,25,190.0,4,38,42,50,17,14,23,7,25,341,291,299,92,343.32460973370064,42.17309458218549,56.11248852157943,4.525711662075299,517.9416896235078,448.88429752066116,435.8741965105601,74.79338842975206,10
121,Dean Wade,Cleveland Cavaliers,PF,46,178,15,35,260.2,5,7,216.7,11,31,233.4,4,27,31,7,8,3,1,9,-23,84,77,53,38,468.50000000000006,35.125,6.125,31.525000000000006,718.8,714.725,466.12499999999994,47.699999999999996,10
122,Deandre Ayton,Portland Trail Blazers,C,219,335,102,167,609.9,14,18,350.0,1,4,100.0,38,89,127,13,16,7,22,8,-47,359,346,232,140,624.6937618147448,192.1077504725898,6.417769376181474,0.9017013232514178,1336.03213610586,1409.8790170132324,575.5576559546314,173.8147448015123,10
123,Dejounte Murray,Atlanta Hawks,SG,254,374,97,221,454.3,21,27,568.9,39,104,388.4,8,52,60,98,19,22,33,3,32,412,314,352,158,758.728515625,46.244140625,74.0,32.89697265625,774.5390625,859.5390625,673.228515625,120.744140625,10
124,Delon Wright,Miami Heat,SG,51,214,17,50,360.0,11,14,283.3,6,20,225.0,4,16,20,26,7,13,1,2,24,97,71,77,46,158.9,13.443999999999999,30.496,6.596,236.904,175.94400000000002,222.99600000000004,40.804,10
125,Deni Avdija,Washington Wizards,SF,186,364,72,137,529.5,31,45,703.7,11,38,279.1,16,83,99,43,24,8,25,5,-17,328,285,229,142,93.11111111111111,75.65625,50.19184027777777,10.337673611111112,296.4418402777778,192.76736111111114,177.19184027777777,145.4418402777778,10
126,Dennis Schroder,Brooklyn Nets,PG,146,336,54,138,377.3,16,18,625.0,22,56,422.79999999999995,8,28,36,58,20,7,25,5,-58,240,182,204,94,426.0770975056689,24.75081884605694,39.64877802973041,29.709750566893426,630.4444444444445,515.1620055429579,552.6979087931469,53.061224489795926,10
127,Dennis Smith Jr.,Brooklyn Nets,PG,58,167,21,46,487.1,8,11,383.3,8,22,348.3,5,13,18,28,22,16,11,0,3,104,76,86,46,78.47147022074135,17.85339441899209,40.0,4.21990837151187,181.54768846314036,139.3027905039567,112.87963348604748,65.69012911286964,10
128,Dereck II Lively,Dallas Mavericks,C,94,185,45,59,763.7,4,11,150.0,0,0,0.0,16,46,62,8,15,5,6,12,19,164,156,102,70,347.9074380165289,62.15867768595041,9.629752066115701,0.0,654.9950413223139,557.5371900826447,432.3074380165289,84.84628099173554,10
129,Derrick Jones Jr.,Dallas Mavericks,SF,65,214,24,52,494.4,12,18,433.4,5,17,183.3,11,19,30,9,11,4,8,4,38,104,95,74,39,120.51040582726327,46.43964620187304,8.912591050988553,6.541623309053071,218.60145681581687,180.81477627471384,144.445889698231,69.20343392299688,10
130,Derrick Rose,Memphis Grizzlies,PG,49,95,20,37,377.7,5,6,266.7,4,8,233.3,0,15,15,21,3,1,9,0,-9,85,64,70,36,70.0,14.857142857142858,12.0,3.7142857142857144,188.85714285714286,116.85714285714286,128.0,40.857142857142854,7
131,Derrick White,Boston Celtics,PG,185,359,65,144,462.0,18,20,655.6,37,89,411.09999999999997,10,55,65,61,21,9,14,12,101,311,250,246,126,201.91918832324671,63.53043787824849,66.9060163759345,36.34282662869349,519.0968316126737,340.8487006051975,326.60733357066573,183.99644001423994,10
132,Desmond Bane,Memphis Grizzlies,SG,93,165,30,80,183.4,19,21,366.7,14,40,172.9,2,14,16,34,14,5,13,2,-54,143,109,127,50,267.2,8.8,114.79999999999998,4.8,701.1999999999999,362.8,587.2,142.0,5
133,Devin Booker,Phoenix Suns,SG,266,348,99,195,494.1,43,49,867.8,25,73,280.4,11,42,53,73,33,4,23,6,10,392,319,339,126,1156.4310669174952,48.149690943294814,88.1126041386724,62.694168234345604,1177.8435904326793,1106.9021768341845,1182.0792797635045,181.5554958344531,10
134,Devin Vassell,San Antonio Spurs,SG,193,373,77,163,440.2,18,21,691.7,21,61,312.3,0,33,33,47,16,12,18,1,-43,273,226,240,80,807.5535900104059,25.360041623309055,52.816857440166494,24.908428720083247,1081.2684703433924,846.0,1029.964620187305,91.03433922996877,10
135,Devonte' Graham,San Antonio Spurs,PG,25,73,9,23,228.3,1,1,100.0,6,19,220.0,0,12,12,7,6,3,3,0,-7,44,37,32,19,61.377162629757784,1.844290657439446,11.186851211072666,4.906574394463668,86.43598615916954,63.844290657439444,85.37370242214533,11.626297577854672,7
136,Dillon Brooks,Houston Rockets,SF,103,281,39,100,367.1,12,13,350.0,13,55,285.6,4,26,30,18,28,6,12,2,74,151,133,121,48,508.8477508650519,22.423875432525953,23.600778546712807,12.769896193771627,762.125,591.1228373702422,647.8135813148789,78.06098615916954,10
137,Domantas Sabonis,Sacramento Kings,PF,169,356,59,121,502.5,49,67,732.5,2,11,133.3,38,106,144,75,26,6,35,7,21,388,313,244,219,231.25918367346938,82.40816326530613,69.00816326530612,1.6510204081632656,411.65918367346933,472.9897959183673,171.54489795918363,149.8,10
138,Dominick Barlow,San Antonio Spurs,F,57,150,21,38,506.6,15,18,416.6,0,1,0.0,19,22,41,15,19,4,4,3,10,113,98,72,56,290.46020761245677,81.13667820069205,45.74567474048443,0.0,715.5397923875432,590.5,425.3581314878893,117.0242214532872,10
139,Donovan Mitchell,Cleveland Cavaliers,SG,199,342,58,149,380.0,50,57,812.8,33,79,406.9,3,37,40,54,23,12,28,3,-47,293,239,253,94,723.3,32.044444444444444,30.0,24.2,1050.9444444444443,944.2777777777778,828.5,63.511111111111106,10
140,Donte DiVincenzo,New York Knicks,SG,206,360,72,159,440.79999999999995,14,19,525.0,48,121,389.2,6,34,40,27,28,19,12,6,19,273,246,233,67,797.7633136094674,28.151479289940827,14.597633136094673,57.88639053254438,1014.105325443787,959.0059171597634,846.3136094674556,49.29822485207101,10
141,Dorian Finney-Smith,Brooklyn Nets,PF,65,278,25,62,405.4,8,10,400.0,7,35,256.6,11,33,44,16,17,13,4,5,-82,125,109,81,60,163.44444444444446,28.419753086419753,8.944444444444445,7.114540466392319,210.84567901234567,192.60493827160496,188.27777777777777,30.771604938271604,10
142,Doug McDermott,Indiana Pacers,SF,51,134,19,45,320.8,1,2,50.0,12,37,223.6,1,8,9,9,11,3,4,0,1,69,60,60,18,253.19753086419752,9.049382716049385,10.91111111111111,17.644444444444446,338.441975308642,276.0493827160494,315.8716049382716,19.67901234567901,10
143,Draymond Green,Golden State Warriors,PF,90,301,39,78,487.0,8,11,300.0,4,21,140.0,20,65,85,67,31,19,25,5,60,242,175,157,152,265.31496786042237,39.3287419651056,93.23140495867769,6.708907254361801,474.0,249.95867768595042,438.41965105601463,183.4967860422406,10
144,Drew Eubanks,Phoenix Suns,PF,46,153,19,29,615.0,8,9,380.0,0,0,0.0,13,29,42,8,17,3,6,10,20,96,88,54,50,66.41551882460973,37.83884297520661,13.603305785123968,0.0,106.7089072543618,97.9761248852158,68.40449954086318,58.18595041322314,10
145,Duncan Robinson,Miami Heat,F,134,308,47,103,430.1,8,9,350.0,32,83,340.7,3,29,32,23,28,7,17,3,-33,189,166,157,55,590.1929012345679,17.625,31.248456790123456,38.40277777777778,870.5077160493827,637.0679012345679,819.8827160493827,52.623456790123456,10
146,Duop Reath,Portland Trail Blazers,C,88,190,35,73,385.1,8,8,400.0,10,33,220.0,7,24,31,10,23,5,9,5,-55,129,119,98,41,503.80172232724215,44.97311489182945,24.102919554715392,12.134425540852762,932.9201848351186,754.9319470699431,645.6164671287544,105.24952741020795,10
147,Dwight Powell,Dallas Mavericks,C,20,128,7,12,450.0,6,13,325.0,0,0,0.0,13,22,35,10,19,0,9,3,-17,65,55,30,45,49.71745152354571,106.53462603878114,12.32825484764543,0.0,319.3310249307479,246.1800554016621,79.43628808864267,162.2950138504155,10
148,Dylan Windler,Atlanta Hawks,G,16,41,6,11,106.7,0,0,0.0,4,9,85.0,1,6,7,2,2,2,1,0,3,25,23,18,9,81.41152263374485,6.843621399176956,2.7695473251028804,5.8559670781893,122.99999999999999,111.02880658436214,85.76954732510288,17.226337448559672,3
149,Dylan Windler,Los Angeles Lakers,G,3,14,1,4,25.0,0,0,0.0,1,4,25.0,0,1,1,2,1,0,0,0,-7,6,4,5,3,7.397805212620027,2.426611796982167,0.5377229080932786,0.5829903978052127,7.555555555555557,11.550068587105624,5.438957475994513,0.9286694101508917,2
150,Dyson Daniels,New Orleans Pelicans,G,49,200,21,41,394.7,1,2,50.0,6,17,283.3,12,20,32,24,14,18,13,8,14,105,81,73,56,131.28373702422147,38.15916955017301,33.010380622837374,4.567474048442906,273.2006920415225,182.9031141868512,172.681660899654,120.06920415224913,10
151,Emoni Bates,Cleveland Cavaliers,F,16,23,6,12,102.9,0,2,0.0,4,8,100.0,0,1,1,1,0,0,1,0,-3,18,17,17,2,22.765432098765434,0.8024691358024691,0.5061728395061729,2.617283950617284,28.888888888888893,26.58024691358024,25.98765432098765,0.3950617283950617,2
152,Eric Gordon,Phoenix Suns,SG,78,226,29,66,378.7,2,2,200.0,18,45,365.9,1,13,14,17,13,7,5,3,21,109,92,95,31,443.7454754380925,6.517667336972135,18.163458776213734,25.935076127549554,498.9988509049124,383.0916403332376,559.0798621085895,25.25395001436369,10
153,Eugene Omoruyi,Washington Wizards,F,35,109,15,35,373.8,5,10,200.0,0,7,0.0,7,11,18,6,18,4,4,1,-87,59,53,41,24,85.4,9.477777777777778,5.744444444444444,0.011111111111111112,65.0,59.477777777777774,89.34444444444445,16.800000000000004,10
154,Evan Fournier,Detroit Pistons,SG,76,219,27,80,317.4,11,14,366.7,11,46,229.3,1,17,18,21,17,11,8,2,-44,115,94,97,39,316.0621301775148,13.600591715976332,27.870562130177518,12.902366863905325,433.5628698224852,406.0,335.27292899408286,49.82322485207101,10
155,Evan Mobley,Cleveland Cavaliers,PF,170,296,66,108,598.6,30,47,544.3,8,19,375.0,19,69,88,42,24,10,13,13,-8,300,258,212,130,391.78698224852076,182.84681130834977,65.01775147928994,5.694937541091388,836.077580539119,773.1111111111111,380.0,322.6180144641683,10
156,Frank Ntilikina,Charlotte Hornets,PG,5,39,1,8,50.0,2,2,100.0,1,7,50.0,1,4,5,3,4,0,0,0,0,13,10,8,8,19.0,7.0,6.84,0.7600000000000002,24.439999999999998,14.0,18.64,24.640000000000004,4
157,Franz Wagner,Orlando Magic,SF,162,306,60,118,512.2,37,43,873.6,5,30,140.0,9,35,44,33,26,11,13,2,53,239,206,195,77,130.53308710372423,48.720221606648195,20.246537396121884,5.6703601108033235,315.00677131425056,293.3955063096337,148.11111111111114,73.0,10
158,Fred VanVleet,Houston Rockets,PG,172,355,62,145,448.0,14,17,485.7,34,88,386.2,4,29,33,83,30,22,19,8,52,288,205,255,116,688.7755102040817,10.193751574703956,126.3524817334341,58.56941295036533,638.793146888385,697.1053162005543,611.1824137062232,155.82716049382717,10
159,Furkan Korkmaz,Philadelphia 76ers,SG,41,116,13,29,278.6,7,10,241.7,8,18,258.3,3,12,15,12,6,3,2,2,22,68,56,53,27,292.875,14.875,10.0,20.0,404.0,340.0,363.875,17.875,8
160,GG Jackson,Memphis Grizzlies,F,182,334,59,136,420.0,35,42,873.2,29,79,347.6,10,34,44,20,16,5,19,3,-119,246,226,202,64,573.1655328798186,30.436381960191483,24.644998740236836,39.44444444444445,643.17258755354,642.4968505920887,574.1476442428823,54.77500629881582,10
161,Gabe Vincent,Los Angeles Lakers,PG,2,14,1,4,25.0,0,0,0.0,0,2,0.0,0,1,1,1,2,1,1,0,-1,4,3,3,2,0.0,0.0,0.0,0.0,0.0,0.0,0.0,0.0,1
162,Garrett Temple,Toronto Raptors,SF,41,121,14,30,375.0,7,10,300.0,6,18,200.0,4,16,20,10,13,8,4,1,-17,71,61,51,30,132.0,22.892857142857142,13.75,8.866071428571429,238.42857142857142,203.75,147.75,55.57142857142857,7
163,Garrison Mathews,Atlanta Hawks,SG,90,194,27,54,496.7,15,17,263.3,21,42,473.5,0,14,14,13,22,3,2,3,2,117,104,103,27,445.86745562130176,10.4,13.520710059171597,27.55621301775148,628.8130177514793,548.2674556213018,508.81301775147926,41.52071005917159,10
164,Gary Harris,Orlando Magic,SG,75,244,27,57,510.3,7,10,325.0,14,37,444.2,3,12,15,6,16,7,9,2,-7,96,90,81,21,117.64134404674945,10.720964207450695,4.965668371073777,2.4002921840759677,214.4236669101534,174.35792549306063,147.0,26.39371804236669,10
165,Gary Payton II,Golden State Warriors,SG,46,149,21,35,576.6,2,4,100.0,2,7,200.0,7,11,18,13,19,7,6,5,1,77,64,59,31,74.88703923900118,50.14982164090369,38.107609988109395,1.6343638525564805,186.11712247324613,94.40190249702735,87.27288941736029,167.58680142687277,10
166,Gary Trent Jr.,Toronto Raptors,SG,223,329,82,180,466.8,27,30,663.3,32,86,371.0,7,28,35,21,16,13,5,1,-116,279,258,244,56,495.15625,17.02517361111111,26.96267361111111,34.2265625,467.56944444444434,542.0251736111112,427.3376736111112,37.35069444444444,10
167,Georges Niang,Cleveland Cavaliers,SF,129,277,47,95,488.1,10,10,400.0,25,60,418.1,2,27,29,11,25,8,17,3,-15,169,158,140,40,372.2337006427915,23.324609733700644,6.944444444444445,31.24380165289256,251.01056014692378,267.3388429752066,335.43067033976126,50.74380165289256,10
168,Giannis Antetokounmpo,Milwaukee Bucks,PF,316,376,123,203,614.4,68,106,596.8000000000001,2,13,83.3,36,103,139,75,30,9,37,9,0,530,455,391,214,190.5,171.0,94.4171597633136,2.0155325443786984,660.6863905325442,426.5,389.8402366863904,300.26331360946745,10
169,Goga Bitadze,Orlando Magic,C,32,108,13,23,546.7,6,10,283.3,0,3,0.0,11,15,26,9,12,2,9,9,-9,67,58,41,35,46.67845993756504,62.19562955254943,9.395421436004163,0.0,223.7762747138398,168.9219562955255,72.94380853277836,100.18002081165454,10
170,Gordon Hayward,Oklahoma City Thunder,SF,53,164,17,40,388.8,10,14,350.0,9,17,400.0,4,13,17,14,8,3,3,1,-29,84,70,67,31,124.54400510204081,26.622448979591837,10.693877551020408,8.99298469387755,182.7582908163265,168.0031887755102,132.1154336734694,44.5,10
171,Gradey Dick,Toronto Raptors,G,127,307,48,120,375.8,14,18,504.7,17,52,318.0,3,16,19,13,17,5,16,2,-144,159,146,140,32,323.8297193877551,21.887755102040817,8.369897959183673,16.346938775510203,331.0746173469388,383.2786989795918,273.99298469387753,27.89030612244898,10
172,Grant Williams,Charlotte Hornets,PF,145,285,57,110,514.1,15,22,516.7,16,48,374.5,16,35,51,27,27,6,16,4,-81,223,196,172,78,306.65642056880205,37.24130996839989,26.404768744613616,6.400459638035047,537.2309681126113,461.876472278081,348.76587187589774,96.89112324044815,10
173,Grayson Allen,Phoenix Suns,SG,156,325,56,102,555.5,13,16,491.7,31,68,376.9,5,26,31,34,14,8,10,4,49,221,187,190,65,551.5479289940829,50.439053254437866,33.084023668639055,69.46863905325444,692.2284023668639,543.1301775147929,681.3940828402367,102.77514792899409,10
174,Gui Santos,Golden State Warriors,F,41,109,14,26,422.5,8,9,350.0,5,10,300.0,9,21,30,9,15,2,5,2,6,80,71,50,39,150.89440000000002,120.4816,15.6864,4.2224,553.3056,480.9664,174.04,185.3616,9
175,Harrison Barnes,Sacramento Kings,SF,127,288,46,106,424.3,19,24,550.0,16,46,300.0,11,26,37,14,9,4,10,1,-2,178,164,141,51,356.5,26.23061224489796,10.451020408163266,21.779591836734696,451.8877551020408,392.1877551020408,403.63673469387754,49.244897959183675,10
176,Harry III Giles,Brooklyn Nets,F,8,8,3,6,50.0,1,2,50.0,1,1,100.0,2,2,4,2,3,0,0,0,-12,14,12,10,6,49.0,11.430839002267573,3.4489795918367347,0.8185941043083901,149.7709750566893,107.76417233560092,78.44897959183675,27.43764172335601,1
177,Harry III Giles,Los Angeles Lakers,F,2,10,1,4,100.0,0,0,0.0,0,2,0.0,0,1,1,0,0,1,0,0,-15,3,3,2,1,2.0,0.528344671201814,0.04081632653061224,0.018140589569160995,4.63718820861678,4.528344671201814,2.0408163265306123,0.6371882086167799,2
178,Haywood Highsmith,Miami Heat,F,93,223,36,66,495.1,2,7,83.3,19,34,416.6,13,29,42,12,13,5,3,1,14,147,135,105,54,530.1444444444444,48.269444444444446,9.877777777777776,31.369444444444444,904.9027777777777,848.525,571.0444444444445,73.625,10
179,Herbert Jones,New Orleans Pelicans,SF,105,340,34,75,434.5,23,26,700.0,14,39,309.4,8,26,34,34,32,19,11,13,-6,173,139,139,68,186.33673743617305,26.406879871002417,11.309862940069873,13.232464391292662,269.23219564633166,231.26390755173338,207.66326256382692,54.358505778016664,10
180,Hunter Tyson,Denver Nuggets,F,0,7,0,3,0.0,0,0,0.0,0,3,0.0,0,1,1,0,1,0,2,0,-1,1,1,0,1,9.33641975308642,0.6049382716049383,0.0771604938271605,0.37345679012345684,6.530864197530863,5.188271604938271,11.111111111111112,0.25,1
181,I. Thomas,Phoenix Suns,G,5,8,2,4,50.0,0,0,0.0,1,2,50.0,0,0,0,1,0,0,0,0,1,6,5,6,1,5.165289256198348,0.0,0.0,0.20661157024793392,5.165289256198348,5.165289256198348,5.165289256198348,0.0,1
182,Ibou Badji,Portland Trail Blazers,C,10,41,4,5,250.0,2,4,100.0,0,0,0.0,2,4,6,4,8,0,5,3,-33,20,16,14,10,14.760000000000002,5.64,4.25,0.0,34.09,32.24,20.210000000000004,6.289999999999999,4
183,Immanuel Quickley,Toronto Raptors,SG,196,356,67,154,429.0,36,48,697.2,26,77,328.3,2,52,54,92,15,10,25,2,-94,342,250,288,146,470.5157750342935,43.2482853223594,177.01234567901233,20.770919067215363,925.6351165980795,527.1083676268862,766.4581618655692,322.84499314128936,10
184,Isaac Okoro,Cleveland Cavaliers,SF,77,302,30,77,385.0,5,8,175.0,12,39,341.7,9,17,26,16,25,7,12,2,-61,119,103,93,42,148.1,42.67777777777778,18.5,7.777777777777779,379.6111111111111,281.0444444444445,222.2,85.64444444444445,10
185,Isaiah Hartenstein,New York Knicks,C,110,240,46,63,758.6,18,24,551.4,0,0,0.0,27,51,78,31,28,14,11,13,110,219,188,141,109,249.60000000000002,147.3361111111111,16.90277777777778,0.0,540.9,471.60277777777776,266.6361111111111,216.5,10
186,Isaiah Jackson,Indiana Pacers,SF,85,168,34,50,761.0,17,25,608.3,0,1,0.0,21,30,51,10,21,9,6,10,17,146,136,95,61,243.13988657844993,188.062381852552,30.231568998109644,0.0,836.7986767485822,683.890359168242,306.83270321361056,307.50945179584124,10
187,Isaiah Joe,Oklahoma City Thunder,SG,89,193,30,70,425.9,6,6,300.0,23,52,431.9,3,19,22,21,10,4,6,2,22,132,111,110,43,232.72119140625,9.74853515625,57.95947265625,17.197265625,575.91650390625,311.025390625,462.6640625,102.65625,10
188,Isaiah Mobley,Cleveland Cavaliers,F,5,33,2,7,58.3,0,0,0.0,1,4,25.0,0,4,4,2,2,0,0,0,-1,11,9,7,6,0.6799999999999997,10.880000000000003,0.72,0.6800000000000002,13.32,9.0,2.1199999999999997,14.479999999999999,2
189,Isaiah Stewart,Detroit Pistons,C,106,319,40,71,587.7,10,12,516.7,16,38,409.0,10,48,58,12,11,4,10,10,-48,176,164,118,70,131.47520661157026,49.603305785123965,9.603305785123966,12.764462809917354,245.47520661157023,193.27685950413223,178.88016528925618,64.0,10
190,Ish Smith,Charlotte Hornets,PG,18,181,8,34,236.0,0,0,0.0,2,2,200.0,1,19,20,41,16,5,6,1,-90,79,38,59,61,54.36000000000001,24.0,78.09,1.5600000000000003,170.49,69.16000000000001,134.09,123.69,9
191,Ish Wainright,Phoenix Suns,F,3,11,1,6,16.7,0,0,0.0,1,4,25.0,3,2,5,1,1,1,1,0,-3,9,8,4,6,6.25,17.361111111111114,0.6944444444444445,0.6944444444444445,56.25,44.44444444444445,11.111111111111112,25.0,1
192,Ivica Zubac,LA Clippers,C,116,275,48,76,705.1,20,25,475.0,0,0,0.0,29,62,91,15,26,8,9,15,-31,222,207,131,106,255.94625100779362,59.844396667562485,8.50604676162322,0.0,473.44746036011827,427.1940338618651,272.932813759742,97.61730717549047,10
193,JT Thor,Charlotte Hornets,F,21,85,8,16,358.3,1,2,50.0,4,10,250.0,1,11,12,6,6,0,2,4,15,39,33,27,18,45.817370612730514,9.570493753718026,4.659131469363475,4.819750148720999,77.5377751338489,74.37180249851279,49.95419393218323,13.258774538964902,10
194,JaVale McGee,Sacramento Kings,C,23,49,11,19,355.0,0,3,0.0,1,2,100.0,5,10,15,1,6,2,1,0,-4,39,38,24,16,74.62809917355372,14.652892561983467,0.8760330578512395,0.8760330578512395,124.70247933884295,127.0495867768595,76.19834710743801,11.611570247933882,7
195,Jabari Smith Jr.,Houston Rockets,PF,155,293,54,110,495.1,27,31,916.7,20,51,345.8,13,54,67,12,27,6,11,7,17,234,222,167,79,431.6361111111111,102.50000000000001,9.625,20.044444444444444,707.2444444444445,671.6027777777778,477.87777777777774,101.525,10
196,Jabari Walker,Portland Trail Blazers,F,96,266,37,72,499.6,15,22,673.4,7,18,300.0,15,47,62,17,30,6,6,0,-87,175,158,113,79,242.0,62.65358774522978,31.251545283525935,8.220639613007256,500.27922601451223,394.3585057780167,298.9236764310669,142.90217683418436,10
197,Jacob Gilyard,Brooklyn Nets,G,0,11,0,2,0.0,0,0,0.0,0,2,0.0,0,0,0,1,2,1,0,0,0,1,0,1,1,14.761772853185596,0.6232686980609419,3.792243767313019,1.3407202216066483,43.28254847645429,21.451523545706372,33.51800554016621,7.490304709141275,1
198,Jacob Gilyard,Memphis Grizzlies,G,67,192,23,49,431.8,1,1,100.0,20,42,431.8,1,13,14,39,10,9,12,2,-59,120,81,106,53,341.01385041551254,15.504155124653737,43.28808864265928,29.750692520775623,656.0166204986151,445.7479224376731,519.5041551246537,90.57063711911357,9
199,Jacob Toppin,New York Knicks,F,13,29,5,9,107.1,2,2,100.0,1,4,33.3,3,3,6,1,3,0,1,0,-18,20,19,14,7,78.05555555555556,8.722222222222221,0.5555555555555556,0.7222222222222223,130.22222222222223,136.55555555555554,72.5,8.5,2
200,Jaden Hardy,Dallas Mavericks,G,73,116,30,66,447.3,3,3,200.0,10,25,306.6,1,10,11,15,11,1,8,1,0,99,84,88,26,140.68176020408166,8.967474489795919,32.51275510204081,6.25829081632653,229.31632653061226,181.625,173.31441326530611,56.53890306122448,10
201,Jaden Ivey,Detroit Pistons,PG,148,310,54,139,396.2,27,34,721.7,13,52,240.1,6,28,34,44,25,8,27,5,-75,226,182,192,78,136.40625,26.53061224489796,63.95727040816326,7.043367346938776,280.53061224489795,178.65114795918367,228.12244897959184,100.65114795918367,10
202,Jaden McDaniels,Minnesota Timberwolves,PF,119,297,48,104,443.4,9,16,332.1,14,46,262.9,12,31,43,10,33,11,14,6,38,172,162,129,53,511.39763313609467,34.59763313609468,12.463905325443788,16.402366863905325,564.0639053254438,583.6,486.8224852071006,52.100591715976336,10
203,Jaden Springer,Boston Celtics,G,60,176,22,52,413.7,13,14,575.0,3,18,183.3,13,18,31,17,21,13,10,4,-19,108,91,77,48,223.46260387811634,50.5,30.390581717451518,2.5886426592797784,669.220221606648,469.7520775623268,361.19390581717454,142.62742382271472,10
204,Jae Crowder,Milwaukee Bucks,PF,60,191,23,49,436.5,3,3,100.0,11,31,350.0,4,15,19,11,12,7,3,0,-3,90,79,71,30,92.66389177939647,10.214880332986471,9.020291363163372,8.920395421436004,126.35587929240377,134.40426638917793,84.81633714880333,19.034339229968786,10
205,Jae'Sean Tate,Houston Rockets,SF,39,131,17,32,440.5,3,5,150.0,2,7,133.3,8,19,27,7,15,5,14,5,6,73,66,46,34,90.94054696789536,20.20332936979786,6.186682520808562,1.6004756242568372,184.77883472057076,138.68727705112963,119.68608799048752,43.73602853745541,10
206,Jahmi'us Ramsey,Toronto Raptors,SG,47,120,18,41,306.3,5,6,175.0,6,22,183.3,4,18,22,8,10,7,7,0,-28,77,69,55,30,69.3801652892562,36.066115702479344,3.072314049586777,3.402892561983472,97.25413223140495,108.65289256198346,77.28719008264463,19.832644628099175,7
207,Jaime Jr. Jaquez,Miami Heat,G,104,291,39,86,430.4,18,25,616.7,8,25,244.89999999999998,9,40,49,27,20,12,9,3,3,180,153,131,76,399.9229968782518,41.14984391259105,22.292403746097815,7.839750260145682,373.75650364203955,369.74921956295526,390.9687825182102,76.40374609781477,10
208,Jake LaRavia,Memphis Grizzlies,F,124,287,37,105,349.59999999999997,30,38,543.9,20,55,349.4,22,23,45,19,20,11,14,1,-41,188,169,143,64,330.4119822485207,28.633136094674555,25.09171597633136,32.01479289940828,564.0806213017751,442.96523668639054,418.2078402366864,87.04437869822485,10
209,Jakob Poeltl,Toronto Raptors,C,122,251,55,101,543.9,12,20,491.7,0,0,0.0,39,53,92,31,28,10,11,19,35,245,214,153,123,161.8469387755102,127.67346938775509,30.387755102040813,0.0,516.704081632653,398.98979591836735,256.6224489795918,181.0,10
210,Jalen Brunson,New York Knicks,PG,329,345,123,257,467.9,53,63,757.4,30,83,374.7,5,25,30,64,15,9,24,2,111,423,359,393,94,1568.8332073570168,16.20408163265306,46.40816326530612,16.090702947845806,1376.81960191484,1623.7810531620055,1331.7901234567903,52.69387755102041,10
211,Jalen Duren,Detroit Pistons,C,126,251,47,74,540.6,32,40,730.0,0,0,0.0,31,87,118,18,26,7,27,7,-39,262,244,144,136,476.57059558517284,325.6201582673886,24.179925031236984,0.0,1651.6426488962934,1488.7080383173677,564.521449396085,424.7838400666389,10
212,Jalen Green,Houston Rockets,SG,308,373,110,219,498.5,44,57,841.7,44,104,402.2,10,63,73,43,20,12,28,6,116,424,381,351,116,864.4498269896195,66.55752595155708,24.48832179930796,50.25129757785468,1114.3062283737027,1098.6647923875435,865.2599480968859,105.8771626297578,10
213,Jalen HoodSchifino,Los Angeles Lakers,G,5,11,1,6,33.3,2,4,100.0,1,3,50.0,0,2,2,0,1,0,1,0,-13,7,7,5,2,9.0,0.9799999999999999,0.020000000000000004,0.8200000000000001,13.32,14.180000000000001,8.42,0.72,2
214,Jalen Johnson,Atlanta Hawks,SF,177,327,69,148,472.1,20,28,618.3,19,49,439.9,11,69,80,41,21,8,16,8,43,298,257,218,121,517.4444444444445,102.82253086419753,60.989197530864196,10.919753086419751,1206.4197530864199,813.6929012345679,818.8595679012345,255.12345679012347,10
215,Jalen McDaniels,Toronto Raptors,PF,44,145,19,48,307.3,6,8,266.7,0,13,0.0,5,21,26,11,14,6,11,2,-58,81,70,55,37,149.2396694214876,92.8356290174472,11.874196510560145,0.08264462809917356,378.8842975206612,316.4444444444444,179.9182736455464,136.47107438016528,10
216,Jalen Pickett,Denver Nuggets,G,2,7,1,3,33.3,0,0,0.0,0,2,0.0,0,0,0,2,0,0,0,0,-1,4,2,4,2,0.8185941043083899,0.056689342403628114,1.0975056689342404,0.03628117913832199,2.9387755102040822,0.44444444444444453,3.8117913832199553,0.655328798185941,1
217,Jalen Slawson,Sacramento Kings,F,2,8,1,2,50.0,0,0,0.0,0,1,0.0,1,1,2,0,2,1,0,0,3,4,4,2,2,2.419753086419753,2.0864197530864197,0.0,0.0,9.0,9.0,2.419753086419753,2.0864197530864197,1
218,Jalen Smith,Indiana Pacers,PF,87,159,32,62,468.3,13,19,366.7,10,25,345.2,26,36,62,6,22,3,3,7,22,155,149,93,68,238.23246707013175,64.31185475258098,8.462798148807405,10.014239943040229,479.59807760768956,458.9430402278391,240.11285154859382,91.54930580277679,10
219,Jalen Suggs,Orlando Magic,SG,136,284,46,94,504.8,21,26,733.3,23,52,482.5,4,17,21,37,19,16,16,9,81,194,157,173,58,224.179012345679,15.285322359396433,30.429355281207133,8.330589849108367,313.8882030178326,232.3820301783265,291.7976680384088,59.60219478737997,10
220,Jalen Williams,Oklahoma City Thunder,F,211,304,86,157,551.8,26,33,746.7,13,39,248.3,7,29,36,51,21,14,21,13,42,298,247,262,87,454.0739048642838,22.813222252082774,48.92582639075518,14.352862133834991,822.051061542596,551.0800859983875,690.4514915345337,106.33243751679655,10
221,Jalen Wilson,Brooklyn Nets,F,42,124,16,35,513.3,7,9,300.0,3,12,158.3,6,16,22,8,7,0,4,0,37,72,64,50,30,89.83058984910836,28.735939643347056,7.715363511659808,2.36556927297668,229.1556927297668,176.79012345679013,122.6721536351166,55.97530864197532,10
222,Jamal Cain,Miami Heat,F,12,37,3,9,125.0,4,4,200.0,2,4,150.0,2,3,5,6,5,1,3,1,11,23,17,18,11,8.040816326530614,3.8979591836734686,5.510204081632653,1.0,27.08163265306122,17.0,21.591836734693878,5.9387755102040805,4
223,Jamal Murray,Denver Nuggets,PG,227,360,87,190,450.6,33,39,861.4,20,50,410.0,10,43,53,82,18,16,22,3,51,362,280,309,135,463.3490304709141,47.16481994459834,73.01523545706371,20.02770083102493,650.9362880886429,468.5,620.0124653739612,145.95290858725764,10
224,James Bouknight,Charlotte Hornets,SG,10,13,4,10,83.3,0,0,0.0,2,7,58.3,0,0,0,0,0,1,1,0,13,10,10,10,0,18.0,0.0,0.0,0.72,18.0,18.0,18.0,0.0,2
225,James Harden,LA Clippers,SG,117,353,37,101,357.0,26,31,855.0,17,60,252.0,5,43,48,97,10,14,25,5,-36,262,165,214,145,222.3647242455775,28.502081165452655,107.64880332986472,22.227887617065555,435.5489073881373,243.40166493236214,443.952133194589,106.71071800208117,10
226,James Johnson,Indiana Pacers,PF,4,12,1,4,33.3,2,2,100.0,0,1,0.0,0,0,0,2,3,0,1,1,-2,6,4,6,2,1.2800000000000002,0.0,0.32000000000000006,0.0,2.88,1.2800000000000002,2.88,0.32000000000000006,2
227,James Wiseman,Detroit Pistons,C,104,231,40,72,456.1,24,29,520.8,0,0,0.0,21,53,74,11,28,1,20,4,-92,189,178,115,85,407.2755102040816,91.8654336734694,16.921556122448976,0.0,852.3367346938776,729.3603316326531,524.3654336734694,114.6734693877551,10
228,Jamie Jr. Jaquez,Miami Heat,G,46,127,18,38,291.0,7,8,375.0,3,14,95.0,1,8,9,13,12,2,9,1,-7,68,55,59,22,85.03999999999999,5.5024,15.96,1.5024000000000002,165.17440000000002,116.6704,130.44,24.5664,6
229,Jarace Walker,Indiana Pacers,F,38,147,14,37,382.2,2,2,100.0,8,19,300.0,4,25,29,19,11,5,6,5,26,86,67,57,48,128.73611111111111,50.7716049382716,59.581790123456784,8.674382716049383,496.0493827160493,301.69290123456784,261.141975308642,172.304012345679,10
230,Jared Butler,Washington Wizards,SG,88,222,36,76,483.0,7,7,400.0,9,29,270.1,5,17,22,46,18,11,24,3,-18,156,110,134,68,268.6301775147929,13.751479289940828,147.04437869822482,11.823224852071004,676.1301775147929,315.5177514792899,565.0177514792899,225.0207100591716,10
231,Jared Rhoden,Detroit Pistons,G,20,80,8,15,203.3,1,2,50.0,3,7,133.3,0,12,12,5,10,1,4,6,-22,37,32,25,17,41.3718820861678,11.222222222222223,6.283446712018142,1.2040816326530612,78.63265306122449,94.94331065759636,32.90249433106576,9.664399092970521,5
232,Jaren Jackson Jr.,Memphis Grizzlies,PF,209,326,75,176,414.5,46,61,749.6,13,44,291.0,17,37,54,33,39,17,29,18,-161,296,263,242,87,913.4437585733881,60.42318244170096,26.10013717421125,12.258573388203018,1132.2716049382716,1088.0178326474622,956.0939643347051,88.12688614540465,10
233,Jarred Vanderbilt,Los Angeles Lakers,PF,68,142,26,42,412.7,13,17,375.0,3,5,166.7,12,22,34,12,8,16,11,2,23,114,102,80,46,111.33333333333334,59.333333333333336,18.0,3.5,362.0,274.0,157.33333333333334,119.33333333333334,6
234,Jarrett Allen,Cleveland Cavaliers,C,176,307,71,107,649.4,34,42,812.4,0,0,0.0,17,84,101,27,12,4,13,6,-44,304,277,203,128,298.4669421487603,211.02157943067036,26.630394857667586,0.0,863.3741965105602,739.0422405876951,354.3204775022957,306.1303948576676,10
235,Jason Preston,Utah Jazz,G,4,25,2,6,66.6,0,0,0.0,0,0,0.0,2,4,6,7,1,0,1,0,10,17,10,11,13,1.2800000000000002,4.275555555555554,7.879999999999999,0.0,32.55555555555556,8.96888888888889,13.32,23.70222222222222,2
236,Javon Freeman-Liberty,Toronto Raptors,G,74,223,27,65,367.0,17,19,800.0,3,21,108.3,8,33,41,22,18,7,13,2,-77,137,115,96,63,212.5054784514244,22.47845142439737,8.115412710007305,2.1088385682980277,341.3856829802776,315.0,237.4872169466764,31.997808619430245,10
237,Javonte Green,Chicago Bulls,G,15,51,6,11,166.7,0,0,0.0,3,5,200.0,3,8,11,2,3,2,3,2,22,28,26,17,13,8.0,12.668639053254438,0.6686390532544378,0.0,2.674556213017752,0.6686390532544377,4.668639053254438,18.674556213017752,3
238,Jaxson Hayes,Los Angeles Lakers,C,61,162,24,32,814.0,13,18,658.3,0,0,0.0,17,33,50,6,23,1,10,2,-17,117,111,67,56,117.64209274673009,88.42806183115339,6.401902497027347,0.0,312.53151010701544,305.1973840665874,124.91914387633769,94.88703923900118,10
239,Jay Huff,Denver Nuggets,C,3,5,1,2,50.0,0,0,0.0,1,2,50.0,0,0,0,0,2,0,0,0,-3,3,3,3,0,5.975308641975309,0.1111111111111111,0.02194787379972565,0.7901234567901234,3.853223593964335,4.45679012345679,5.272976680384088,0.23182441700960216,1
240,Jaylen Brown,Boston Celtics,SG,276,352,108,211,507.8,36,58,525.9,24,63,380.7,18,41,59,31,24,18,19,3,68,366,335,307,90,713.116049382716,113.55308641975307,29.177777777777777,16.99753086419753,1073.911111111111,1093.177777777778,666.5012345679012,170.07901234567902,10
241,Jaylin Williams,Oklahoma City Thunder,F,31,137,10,27,383.3,5,6,175.0,6,19,391.6,3,35,38,27,18,4,10,5,-20,96,69,58,65,66.77777777777777,57.602777777777774,129.47777777777776,2.625,461.40277777777777,216.63611111111112,258.5,240.125,10
242,Jayson Tatum,Boston Celtics,SF,293,360,98,206,478.3,64,75,767.0,33,82,397.9,10,62,72,50,17,11,28,7,97,415,365,343,122,243.625845496618,89.57137771448915,24.80099679601281,16.104307582769668,296.7572089711641,348.46600213599146,206.34994660021354,99.93948024207901,10
243,Jeenathan Williams,Houston Rockets,G,14,31,7,11,233.4,0,2,0.0,0,0,0.0,3,3,6,1,5,1,0,0,21,21,20,15,7,46.47242455775234,6.924037460978147,0.7523413111342352,0.0,72.00728407908429,76.79292403746098,44.5525494276795,4.810613943808534,4
244,Jeff Dowtin,Philadelphia 76ers,G,31,86,11,20,237.1,2,2,100.0,7,14,216.7,2,9,11,17,1,4,5,1,16,59,42,48,28,155.62975778546712,15.0,33.155709342560556,6.024221453287198,398.318339100346,209.6885813148789,312.96539792387546,79.44982698961938,7
245,Jeff Green,Houston Rockets,PF,86,192,31,69,411.4,8,9,350.0,16,42,318.3,6,27,33,8,11,1,4,4,35,127,119,94,41,316.5,49.74885215794306,3.6000918273645546,15.281910009182738,518.6910009182736,503.5821854912764,328.4334251606979,56.52433425160697,10
246,Jerami Grant,Portland Trail Blazers,SF,169,342,56,142,386.6,38,46,711.3,19,49,402.0,6,19,25,35,18,14,28,2,-77,229,194,204,60,473.98961937716257,45.9204152249135,32.71626297577855,5.083044982698962,888.6262975778548,739.6678200692041,583.0934256055364,118.49134948096886,10
247,Jeremiah Robinson-Earl,New Orleans Pelicans,F,28,92,11,25,269.6,4,7,80.0,2,10,100.0,9,12,21,10,6,3,3,1,37,59,49,38,31,81.67999999999999,38.28,29.892244897959184,1.6473469387755102,257.9208163265306,171.0,139.46938775510205,97.30367346938777,8
248,Jeremy Sochan,San Antonio Spurs,F,126,301,51,121,422.6,14,19,516.7,10,44,192.79999999999998,21,59,80,33,16,14,20,10,-20,239,206,159,113,550.59410430839,205.00781053162004,41.912572436381964,10.204081632653061,1151.9443184681281,1169.7137818090198,522.9042579994962,256.840765936004,10
249,Jericho Sims,New York Knicks,C,11,149,5,9,266.7,1,2,50.0,0,0,0.0,16,25,41,5,11,5,5,5,17,57,52,16,46,28.11111111111111,85.88775510204081,4.86281179138322,0.0,180.06122448979593,164.23696145124717,36.132653061224495,98.55328798185941,10
250,Jerome Robinson,Golden State Warriors,SG,10,17,4,10,40.0,1,2,50.0,1,6,16.7,0,0,0,1,1,0,0,1,-2,11,10,11,1,68.6530612244898,0.08163265306122448,0.655328798185941,0.8185941043083901,77.60770975056691,64.0,82.72335600907029,0.2743764172335601,1
251,Jett Howard,Orlando Magic,G,0,5,0,1,0.0,0,0,0.0,0,1,0.0,0,0,0,0,1,0,0,0,-5,0,0,0,0,0.25,0.0,0.0,0.027777777777777776,0.25,0.25,0.25,0.0,1
252,Jevon Carter,Chicago Bulls,PG,48,142,19,37,423.5,1,2,50.0,9,22,291.7,2,7,9,11,10,2,4,1,6,68,57,59,20,160.99432892249527,13.17296786389414,8.927221172022685,6.927221172022684,256.9338374291115,201.8421550094518,199.71361058601136,38.47258979206049,10
253,Jimmy Butler,Miami Heat,SF,176,336,59,127,464.8,52,60,882.4,6,25,216.6,12,37,49,51,16,10,13,2,93,276,225,227,100,320.4045368620038,41.33553875236295,36.33081285444235,5.520793950850662,420.71172022684317,379.51323251417773,335.82419659735353,103.44517958412098,10
254,Jock Landale,Houston Rockets,C,93,225,36,62,582.1,19,22,616.6,2,7,100.0,22,29,51,13,19,2,11,12,67,157,144,106,64,258.90277777777777,93.23611111111111,24.569444444444443,3.6111111111111107,758.1027777777778,580.0,372.40000000000003,182.4111111111111,10
255,Joe Harris,Detroit Pistons,SF,2,12,1,3,33.3,0,0,0.0,0,1,0.0,0,0,0,0,1,0,0,0,-5,2,2,2,0,0.0,0.0,0.0,0.0,0.0,0.0,0.0,0.0,1
256,Joe Ingles,Orlando Magic,SG,37,163,11,23,398.3,6,6,300.0,9,19,375.0,1,16,17,31,13,4,11,0,60,85,54,68,48,108.11357340720222,12.11111111111111,12.094490612496152,8.908895044629118,71.67036011080333,60.40012311480456,120.55340104647584,23.036011080332408,10
257,Joel Embiid,Philadelphia 76ers,C,69,90,22,52,125.7,21,24,270.0,4,13,83.3,3,17,20,12,10,5,16,0,-43,101,89,81,32,146.1875,0.75,15.6875,3.0,180.75,144.6875,189.0,9.6875,3
258,John Collins,Utah Jazz,PF,193,271,68,119,570.0,39,48,752.5,18,34,508.9,22,58,80,7,25,7,12,7,-49,280,273,200,87,358.64112034472146,95.958756540474,7.222837796244999,11.88365650969529,700.8895044629116,672.1135734072022,370.2437673130194,120.35487842413049,10
259,John Konchar,Memphis Grizzlies,SG,57,299,19,46,385.8,8,9,266.7,11,29,391.6,19,45,64,29,20,13,17,9,-3,150,121,86,93,131.325,70.55625,15.0,7.125,291.05625,223.40625,166.425,118.10624999999999,10
260,Johnny Davis,Washington Wizards,G,38,178,16,40,371.4,3,4,150.0,3,13,83.3,4,15,19,12,13,5,0,5,-54,69,57,50,31,67.9865627519484,25.41924213920989,10.0,4.101316850309057,157.29776941682343,131.23219564633163,104.74066111260414,24.730717549045956,10
261,Johnny Juzang,Utah Jazz,G,63,180,24,54,372.6,1,1,100.0,14,41,276.8,4,14,18,9,15,0,6,0,-13,90,81,72,27,336.55475206611567,19.600206611570247,8.900826446280991,24.550619834710744,396.5,397.3099173553719,334.1456611570248,30.100206611570247,10
262,Jonas Valanciunas,New Orleans Pelicans,C,79,187,35,66,549.3,8,14,325.0,1,12,33.3,12,53,65,13,24,2,8,3,-14,157,144,92,78,201.72220984629092,52.057251058142114,20.594564490977945,1.0534640231677435,342.2893740253954,393.1196257518378,181.54377366896858,42.0,10
263,Jonathan Isaac,Orlando Magic,PF,101,179,37,59,620.3,10,12,416.7,17,29,560.0,13,37,50,5,12,7,3,17,60,156,151,106,55,316.9753086419753,24.316049382716052,4.649382716049383,13.311111111111112,390.00000000000006,420.07160493827166,293.3382716049383,22.530864197530864,10
264,Jonathan Kuminga,Golden State Warriors,PF,202,306,78,150,521.6,38,48,706.7,8,20,300.1,9,39,48,23,32,10,20,4,15,273,250,225,71,279.2165289256198,71.65289256198346,12.249586776859505,9.682644628099174,319.2314049586777,278.40000000000003,318.1735537190083,85.77685950413223,10
265,Jontay Porter,Toronto Raptors,C,49,159,18,41,352.3,4,6,150.0,9,26,230.4,10,23,33,32,11,10,13,9,-28,114,82,81,65,215.4023668639053,32.251479289940825,58.16863905325444,15.943786982248522,472.0,275.0917159763314,386.0976331360947,116.63313609467455,10
266,Jordan Clarkson,Utah Jazz,PG,161,328,58,144,353.7,31,35,737.9,14,53,206.6,7,29,36,63,18,10,23,0,-70,260,197,224,99,1014.8698224852071,104.98224852071006,74.72485207100591,21.005917159763314,1435.3639053254435,1403.248520710059,1032.630177514793,194.0621301775148,10
267,Jordan Goodwin,Memphis Grizzlies,G,77,275,31,98,298.8,4,8,200.0,11,38,246.6,22,45,67,46,19,15,20,8,-80,190,144,123,113,178.9191438763377,168.88347205707493,66.12366230677765,12.914387633769321,415.9690844233056,393.02259215219976,124.84066587395957,312.0321046373365,10
268,Jordan Hawkins,New Orleans Pelicans,G,25,94,9,32,301.7,3,5,116.7,4,18,150.0,1,6,7,7,5,1,1,0,27,39,32,32,14,52.937190082644626,4.616528925619835,6.199999999999999,4.730578512396694,56.03140495867768,57.50413223140496,55.719008264462815,6.56198347107438,10
269,Jordan McLaughlin,Minnesota Timberwolves,PG,59,164,21,33,607.1,2,2,100.0,15,20,541.7,5,17,22,26,3,4,2,1,78,107,81,85,48,169.8,26.711111111111105,42.425,18.725,228.10277777777776,167.57777777777778,235.72500000000002,63.73611111111111,10
270,Jordan Miller,LA Clippers,G,4,5,1,1,100.0,2,2,100.0,0,0,0.0,0,1,1,0,0,0,0,0,3,5,5,4,1,9.679012345679013,0.44444444444444453,0.0,0.0,14.271604938271604,14.271604938271604,9.679012345679013,0.44444444444444453,1
271,Jordan Nwora,Toronto Raptors,SF,113,211,46,88,523.5,8,10,416.7,13,38,338.5,2,36,38,13,10,12,23,5,-49,164,151,126,51,250.45636094674552,25.0207100591716,12.14275147928994,9.0,344.58284023668637,339.8113905325444,252.52071005917156,39.87056213017752,10
272,Jordan Poole,Washington Wizards,SG,195,328,72,167,418.1,25,26,880.0,26,80,320.8,5,29,34,68,28,10,31,1,-66,297,229,263,102,787.9204152249134,33.19723183391004,141.57958477508652,18.721885813148788,1199.4065743944636,970.5986159169549,986.4515570934255,205.05363321799308,10
273,Jordan Walsh,Boston Celtics,G,2,27,1,4,100.0,0,0,0.0,0,2,0.0,2,4,6,1,5,2,2,1,24,9,8,3,7,2.8099173553719012,13.355371900826448,0.8347107438016528,0.0,1.1983471074380163,4.0,6.68595041322314,7.512396694214876,2
274,Jose Alvarado,New Orleans Pelicans,PG,66,206,22,58,360.1,7,10,350.0,15,33,450.4,6,19,25,23,19,8,5,1,32,114,91,89,48,184.336,40.756,32.775999999999996,14.504000000000001,467.79600000000005,312.5,293.8,119.36399999999999,10
275,Josh Giddey,Oklahoma City Thunder,SG,170,264,70,121,566.0,13,21,413.6,17,42,357.8,14,58,72,60,17,3,19,8,65,302,242,230,132,587.6146193771626,106.60899653979239,92.18685121107266,24.69593425605536,960.5834775086505,734.7807093425606,683.3066608996539,328.9065743944637,10
276,Josh Green,Dallas Mavericks,SG,67,259,28,55,498.7,4,5,80.0,7,23,270.0,11,24,35,13,16,11,9,2,-34,115,102,80,48,175.42568370986916,41.573127229488705,10.20332936979786,7.416171224732463,227.9346016646849,241.15576694411413,176.20927467300828,37.77170035671819,10
277,Josh Hart,New York Knicks,SG,79,409,30,85,365.3,15,18,466.6,4,26,106.6,25,81,106,62,28,12,16,1,81,247,185,141,168,163.57805325987147,158.75298438934803,116.20247933884298,6.024334251606978,788.7943067033976,556.1124885215793,381.5821854912764,289.63314967860424,10
278,Josh Minott,Minnesota Timberwolves,F,0,5,0,0,0.0,0,0,0.0,0,0,0.0,0,4,4,0,0,0,0,0,6,4,4,0,4,1.6384,12.6736,0.0064,0.0576,4.840000000000001,5.198400000000001,1.8496000000000004,12.1104,1
279,Josh Okogie,Phoenix Suns,SF,43,135,12,30,323.8,12,13,450.0,7,15,350.0,13,7,20,11,7,6,10,3,-9,74,63,54,31,138.39030612244898,12.459183673469388,7.193877551020407,6.186224489795918,200.2984693877551,190.79846938775512,142.625,24.918367346938773,10
280,Josh Richardson,Miami Heat,SG,98,211,38,76,433.2,6,6,200.0,16,45,301.7,4,26,30,19,16,5,3,2,3,147,128,117,49,296.8888888888889,20.0,10.88888888888889,27.555555555555557,468.0,427.55555555555554,344.0,24.22222222222222,9
281,Joshua Primo,LA Clippers,G,0,5,0,1,0.0,0,0,0.0,0,0,0.0,1,0,1,0,0,0,1,0,1,1,1,0,1,0.0,0.0,0.0,0.0,0.0,0.0,0.0,0.0,1
282,Jrue Holiday,Boston Celtics,PG,106,328,41,89,477.4,4,4,200.0,20,54,398.5,8,35,43,52,15,12,16,9,88,201,149,158,95,168.44875346260386,56.61218836565097,61.80193905817175,10.02770083102493,409.6412742382272,265.50969529085876,331.1371191135734,99.8573407202216,10
283,Jules Bernard,Washington Wizards,G,46,88,17,36,466.2,4,7,250.0,8,16,435.0,6,9,15,11,6,2,3,1,24,72,61,57,26,210.6465306122449,11.140408163265308,14.544489795918368,6.104489795918368,347.52,262.5102040816326,292.44326530612244,28.89795918367347,8
284,Julian Champagnie,San Antonio Spurs,F,76,258,26,66,325.0,10,14,433.4,14,41,257.9,5,23,28,13,13,7,10,7,-15,117,104,89,41,250.54887543252593,37.759948096885815,14.224913494809687,16.5121107266436,479.74740484429066,425.07958477508646,279.7339965397924,77.46756055363322,10
285,Julian Phillips,Chicago Bulls,F,39,132,13,31,272.9,7,8,266.7,6,13,283.4,6,12,18,5,12,5,3,1,-11,62,57,44,23,170.91975308641975,27.290123456790123,6.777777777777779,6.401234567901234,314.4444444444444,289.44444444444446,184.5493827160494,45.43827160493827,10
286,Julian Strawther,Denver Nuggets,G,23,49,8,22,83.0,4,4,200.0,3,15,48.6,1,4,5,5,4,1,4,0,-3,33,28,28,10,139.81893860561914,8.41831425598335,4.863683662851197,3.2486992715920913,234.35796045785636,201.315296566077,165.5920915712799,20.551508844953176,3
287,Julius Randle,New York Knicks,PF,66,99,23,48,142.2,14,14,300.0,6,11,195.0,8,17,25,18,7,1,10,0,25,109,91,84,43,98.0,2.666666666666667,14.0,2.0,140.66666666666669,120.66666666666666,126.0,8.666666666666668,3
288,Justin Champagnie,Washington Wizards,SF,53,142,17,46,209.3,10,12,250.0,9,30,158.3,11,17,28,11,11,6,8,5,-40,92,81,64,39,257.6955017301038,76.8719723183391,7.726643598615918,9.44636678200692,669.0415224913495,597.1349480968859,305.39446366782005,108.80622837370242,7
289,Justin Holiday,Denver Nuggets,SF,49,162,19,43,355.2,0,0,0.0,11,26,300.0,3,10,13,8,12,8,1,3,22,70,62,57,21,189.8194588969823,10.11758584807492,11.783558792924035,12.94588969823101,334.4396462018731,246.79136316337147,264.3813735691988,34.98751300728408,10
290,Justin Minaya,Portland Trail Blazers,F,14,110,5,19,199.89999999999998,1,2,50.0,3,14,116.6,7,11,18,4,8,3,4,3,-44,36,32,18,22,22.440214158239144,16.574657941701368,2.9256395002974416,2.131469363474123,48.685306365258775,54.218917311124336,17.875074360499706,18.531826293872697,10
291,Jusuf Nurkic,Phoenix Suns,C,91,274,35,74,481.7,20,40,344.8,1,2,50.0,40,81,121,33,31,7,19,10,4,245,212,124,154,157.25395001436368,364.6299913817868,32.0870439528871,0.9241597242171791,892.5173800632002,841.608733122666,188.41827061189315,416.46136167767884,10
292,Karl-Anthony Towns,Minnesota Timberwolves,C,193,306,66,146,451.8,41,47,734.2,20,56,341.5,20,55,75,29,33,8,24,8,98,297,268,222,104,265.0493827160493,98.62345679012346,46.91975308641975,18.771604938271604,548.530864197531,414.4012345679012,362.2777777777778,182.44444444444443,10
293,Kawhi Leonard,LA Clippers,SF,239,347,93,173,538.7,37,43,815.0,16,45,350.8,14,45,59,28,12,13,23,11,38,326,298,267,87,125.67722681359045,60.90449954086318,8.631772268135904,8.466942148760332,202.40449954086316,148.5,148.1179981634527,101.0,10
294,Keegan Murray,Sacramento Kings,SF,170,354,66,142,468.2,11,16,366.7,27,74,363.0,15,40,55,19,27,6,7,11,61,244,225,189,74,270.64576124567475,58.50865051903114,10.922145328719722,30.5,305.625,220.19420415224909,357.1042387543253,68.40311418685121,10
295,Keita Bates-Diop,Brooklyn Nets,SF,35,85,12,20,615.0,6,6,300.0,5,11,350.0,3,10,13,5,1,2,5,4,-13,53,48,40,18,52.10000000000001,16.81111111111111,4.677777777777777,5.4,94.5,87.3777777777778,51.511111111111106,29.2,10
296,Keldon Johnson,San Antonio Spurs,SF,160,297,56,113,491.7,25,30,584.2,23,61,384.9,15,43,58,21,14,4,9,1,-21,239,218,181,79,294.2668038408779,57.37997256515776,24.92318244170096,28.454046639231823,328.735939643347,353.7345679012345,309.46021947873805,42.111111111111114,10
297,Kelly Olynyk,Toronto Raptors,PF,134,288,55,94,595.7,17,22,575.0,7,23,308.3,17,40,57,65,41,12,38,8,-110,256,191,199,122,126.52869897959184,30.459183673469386,90.47193877551021,4.1020408163265305,396.65625,190.46747448979593,337.04400510204084,116.6045918367347,10
298,Kelly Oubre Jr.,Philadelphia 76ers,SG,180,334,66,161,400.7,30,35,571.4,18,54,258.2,18,41,59,24,23,11,20,14,26,263,239,204,83,594.187825182102,85.32622268470344,30.895421436004163,34.703954214360046,962.1420395421436,855.4453694068678,701.165452653486,115.94068678459938,10
299,Kendall Brown,Indiana Pacers,SG,3,19,1,2,100.0,1,2,50.0,0,0,0.0,1,0,1,0,4,0,0,0,-12,4,4,3,1,6.2174556213017755,0.6671597633136095,0.3594674556213017,0.0,11.85059171597633,10.905325443786982,7.1360946745562135,1.0532544378698225,3
300,Kenneth Lofton Jr.,Philadelphia 76ers,F,2,5,1,4,25.0,0,0,0.0,0,2,0.0,0,1,1,0,0,0,0,0,-4,3,3,2,1,0.0,0.0,0.0,0.0,0.0,0.0,0.0,0.0,1
301,Kenrich Williams,Oklahoma City Thunder,SF,61,152,25,46,524.6,2,2,100.0,9,23,350.0,18,19,37,12,16,9,1,2,36,110,98,73,49,83.98231009365246,44.329864724245574,5.706555671175859,6.987513007284079,137.36524453694068,121.0738813735692,88.76066597294486,61.54942767950052,10
302,Kentavious Caldwell-Pope,Denver Nuggets,SG,90,327,31,66,434.8,8,10,450.0,20,44,376.7,4,22,26,26,24,13,11,10,87,142,116,116,52,342.6449987402368,28.496850592088688,20.55328798185941,28.161249685059204,556.1224489795918,449.6417233560091,422.56941295036535,75.60644998740236,10
303,Kenyon Martin Jr.,Philadelphia 76ers,F,38,153,15,35,411.1,6,10,300.0,2,7,150.0,9,22,31,14,23,3,5,2,14,83,69,52,45,128.09726069559866,144.3130193905817,14.444444444444446,1.620806401969837,565.8808864265928,470.78147122191444,198.77562326869804,183.1785164666051,10
304,Keon Ellis,Sacramento Kings,G,76,285,26,56,411.6,9,11,425.0,15,37,362.1,9,35,44,19,32,15,5,9,77,139,120,95,63,288.99569089342145,65.13530594656709,29.32059752944556,18.50071818442976,585.834243033611,408.69003160011493,430.5173800632002,130.07842573972997,10
305,Keon Johnson,Brooklyn Nets,G,12,26,3,8,73.3,4,4,100.0,2,4,133.3,2,1,3,2,2,2,2,0,-9,17,15,14,5,18.88888888888889,0.5555555555555556,2.2222222222222223,0.22222222222222227,27.222222222222225,13.888888888888888,34.0,1.0,2
306,Kessler Edwards,Sacramento Kings,SF,36,93,13,29,356.7,1,4,50.0,9,20,361.7,4,13,17,4,10,5,1,1,2,57,53,40,21,122.63667820069205,21.278354479046516,2.815840061514802,9.539792387543253,173.55363321799305,160.07650903498654,124.77893118031527,35.42906574394463,10
307,Kevin Durant,Phoenix Suns,PF,215,355,86,165,515.2,21,24,666.7,22,56,417.7,5,63,68,33,14,11,33,15,16,316,283,248,101,402.10330578512406,75.42561983471074,28.384297520661157,13.633149678604223,680.913223140496,594.1735537190083,450.04958677685954,142.60330578512398,10
308,Kevin Huerter,Sacramento Kings,SG,72,231,29,79,330.1,2,4,100.0,12,45,205.0,6,24,30,25,23,8,11,2,5,127,102,97,55,288.7933884297521,30.44995408631772,4.61248852157943,16.24793388429752,456.10743801652893,441.77777777777777,290.6730945821855,47.51239669421488,10
309,Kevin Knox II,Detroit Pistons,SF,22,89,9,26,148.9,3,3,200.0,1,11,33.3,3,11,14,4,9,2,6,0,21,40,36,26,18,115.33333333333334,19.333333333333336,3.3333333333333335,0.8333333333333335,167.33333333333331,188.0,101.33333333333334,16.0,6
310,Kevin Love,Miami Heat,PF,83,159,28,65,428.6,9,12,233.3,18,49,349.3,9,49,58,20,20,3,10,4,12,161,141,103,78,328.65625,47.0390625,14.15625,16.5,459.4765625,432.8515625,367.125,49.3515625,10
311,Kevon Looney,Golden State Warriors,F,36,113,14,23,585.0,8,13,325.0,0,0,0.0,9,27,36,9,17,1,5,2,13,81,72,45,45,60.44635581711182,51.39157990040742,2.9619737437754643,0.0,151.95971027614306,160.20914440923494,54.50113173381621,52.04934359438659,10
312,Keyontae Johnson,Oklahoma City Thunder,F,5,39,2,8,66.7,0,0,0.0,1,2,100.0,2,4,6,2,4,0,2,0,-15,13,11,7,8,20.0,7.0,1.2653061224489797,0.8163265306122451,29.69387755102041,35.0,17.26530612244898,5.6938775510204085,5
313,Keyonte George,Utah Jazz,G,128,329,40,131,302.7,36,38,870.8,12,63,203.2,0,32,32,47,13,5,40,0,-131,207,160,175,79,240.641975308642,31.850694444444443,50.3167438271605,11.40625,198.77777777777771,208.085262345679,264.60069444444446,48.901234567901234,10
314,Khris Middleton,Milwaukee Bucks,SF,153,299,61,122,530.3,12,15,405.0,19,47,502.1,11,46,57,64,35,9,25,3,13,274,210,217,121,382.73061224489794,69.8734693877551,48.8,6.90204081632653,624.9224489795918,468.4081632653061,500.38775510204084,157.53061224489795,10
315,Killian Hayes,Detroit Pistons,PG,18,79,7,14,209.6,1,3,33.3,3,6,100.0,0,15,15,20,4,0,5,2,-12,53,33,38,35,27.0,18.75,54.0,2.75,252.75,74.75,153.0,124.75,4
316,Kira Lewis Jr.,Utah Jazz,PG,19,62,7,19,119.4,3,4,75.0,2,8,83.3,2,4,6,9,3,1,5,0,-28,34,25,28,15,101.76311728395063,19.0,13.432098765432098,1.2746913580246915,275.7445987654321,206.04089506172838,152.35570987654322,51.5432098765432,5
317,Klay Thompson,Golden State Warriors,SG,178,294,66,151,428.5,10,10,600.0,36,97,361.8,4,23,27,26,12,8,16,3,22,231,205,204,53,344.06601158982113,26.257243638196023,38.55328798185941,20.412194507432602,475.3728898966994,401.6646510456034,430.48475686570924,52.100025195263285,10
318,Kobe Brown,LA Clippers,G,6,32,3,7,200.0,0,0,0.0,0,2,0.0,4,6,10,2,5,0,3,0,-20,18,16,8,12,13.69135802469136,13.9039780521262,1.7311385459533608,0.006858710562414266,28.432098765432094,21.53772290809328,11.998628257887514,24.222222222222225,5
319,Kobe Bufkin,Atlanta Hawks,G,30,98,12,35,183.4,1,2,50.0,5,17,148.3,1,12,13,17,7,3,5,2,21,60,43,47,30,78.86,3.64,13.96,2.8400000000000003,137.33999999999997,102.46,117.5,13.839999999999998,6
320,Kobi Simmons,Toronto Raptors,G,20,67,9,21,183.4,0,0,0.0,2,8,100.0,1,6,7,12,5,6,1,2,-31,39,27,32,19,14.0,2.8775510204081636,18.0,1.020408163265306,2.8775510204081636,20.877551020408166,2.0,14.877551020408163,4
321,Kris Dunn,Utah Jazz,G,47,211,20,52,362.1,1,2,50.0,6,20,200.0,8,25,33,34,27,8,7,5,-58,114,80,81,67,100.33869577707554,42.10830221200804,44.40735420856076,6.525136455041655,307.53806377477736,227.66388968687156,158.59724217178973,108.13128411376042,10
322,Kris Murray,Portland Trail Blazers,F,91,316,36,91,335.3,6,9,266.7,13,47,212.5,16,32,48,21,19,13,9,5,-89,160,139,112,69,411.4299398529739,29.7286700824237,16.930496769881934,16.32724437513923,470.51102695477834,514.6997104032079,370.7159723769214,43.18445087992872,10
323,Kristaps Porzingis,Boston Celtics,C,204,307,73,158,473.3,36,41,887.5,22,64,322.5,22,49,71,23,27,10,15,19,60,298,275,227,94,67.64172335600907,69.88775510204081,12.519274376417233,22.33673469387755,257.1938775510204,222.94444444444446,87.20408163265307,97.09410430839003,10
324,Kyle Anderson,Minnesota Timberwolves,SF,93,273,37,73,484.5,17,22,585.0,2,5,100.0,14,31,45,58,15,14,8,10,77,196,138,151,103,128.2814776274714,28.125910509885536,47.08480749219562,1.6149843912591053,307.2466181061394,210.2814776274714,184.48595213319456,115.97138397502601,10
325,Kyle Kuzma,Washington Wizards,SF,226,358,88,184,498.4,38,49,741.7,12,44,228.6,3,63,66,52,24,7,33,7,-43,344,292,278,118,505.5173611111111,34.400173611111114,56.5,18.5,742.5668402777777,554.6085069444445,677.9340277777777,106.44184027777779,10
326,Kyle Lowry,Philadelphia 76ers,PG,91,293,29,63,477.1,15,19,600.0,18,43,448.3,3,21,24,40,25,8,14,4,-7,155,115,131,64,371.924,26.656,102.676,11.664000000000001,572.6,426.756,494.936,152.164,10
327,Kyrie Irving,Dallas Mavericks,PG,259,368,99,191,523.5,31,33,783.3,30,76,381.7,7,37,44,65,23,16,20,3,87,368,303,324,109,243.13789141051424,46.6027003734559,111.6888825050273,20.0,406.96121804079286,238.10140764148235,356.04883654122375,214.24044814708418,10
328,LaMelo Ball,Charlotte Hornets,PG,32,55,12,37,66.1,5,6,150.0,3,17,34.7,1,5,6,15,10,3,7,0,-49,53,38,47,21,2.0,2.0,0.5,0.5,4.5,8.0,0.5,0.5,2
329,Lamar Stevens,Memphis Grizzlies,PF,113,225,43,104,434.9,22,26,566.6,5,24,245.0,9,29,38,10,14,11,7,5,-20,161,151,123,48,198.722681359045,21.887970615243344,8.918273645546373,2.6124885215794307,210.91551882460973,176.07254361799815,242.53719008264463,21.83471074380165,10
330,Landry Shamet,Washington Wizards,SG,55,184,20,55,273.1,7,7,300.0,8,35,104.1,4,10,14,8,12,4,9,2,-68,77,69,63,22,330.90000000000003,22.5,5.700000000000001,15.624999999999998,463.7,413.80000000000007,373.0,35.99999999999999,10
331,Larry Nance Jr.,New Orleans Pelicans,PF,67,239,27,47,524.6,8,10,316.7,5,11,216.6,18,34,52,20,15,9,2,0,-12,139,119,87,72,186.5041623309053,75.67585848074921,10.0,4.54162330905307,384.23413111342353,382.23413111342353,192.5041623309053,81.67585848074921,10
332,Lauri Markkanen,Utah Jazz,PF,223,347,68,170,401.2,57,60,956.7,30,80,363.3,20,49,69,26,14,11,18,4,-42,318,292,249,95,334.8261504747991,129.06135865595326,45.68298027757487,34.00730460189919,657.4915997078159,517.5704894083273,451.0029218407597,198.48867786705623,10
333,LeBron James,Los Angeles Lakers,SF,260,357,93,158,592.3,52,67,790.3,22,44,448.3,7,77,84,87,9,5,40,3,92,431,344,347,171,620.9553719008264,92.14876033057851,36.70247933884297,59.603305785123965,547.0859504132231,552.5190082644629,583.1752066115703,161.19834710743802,10
334,Leaky Black,Charlotte Hornets,F,27,151,8,25,232.1,7,10,275.0,4,10,150.0,5,21,26,13,12,2,3,2,-31,66,53,40,39,88.0,30.96,8.41,8.25,118.49000000000001,84.96000000000001,110.40999999999998,50.49,9
335,Leonard Miller,Minnesota Timberwolves,F,0,5,0,1,0.0,0,0,0.0,0,0,0.0,0,0,0,2,0,0,0,0,8,2,0,2,2,0.010000000000000002,0.0625,1.9599999999999997,0.0,1.1025,0.12249999999999998,1.6900000000000002,1.3224999999999998,1
336,Lester Quinones,Golden State Warriors,G,52,148,18,49,323.7,9,13,325.0,7,29,200.0,7,17,24,12,16,2,5,0,-30,88,76,64,36,237.66691015339666,22.46165084002922,13.741417092768444,10.100073046018991,336.72753834915994,360.6165084002921,228.2980277574872,21.68298027757487,10
337,Lindy Waters III,Oklahoma City Thunder,F,37,86,13,33,406.6,1,1,100.0,10,25,316.6,5,15,20,4,7,1,3,3,-31,61,57,41,24,112.74401664932361,32.0,4.459937565036421,13.371488033298647,227.26014568158175,193.96982310093648,132.4859521331946,50.00832466181062,10
338,Lonnie Walker IV,Brooklyn Nets,G,39,123,15,53,327.9,3,4,150.0,6,29,153.3,2,16,18,7,5,0,4,4,-22,64,57,46,25,198.75445897740784,41.662901307966706,8.309750297265161,10.287752675386447,468.23840665873956,364.66468489892986,273.2984542211653,79.00237812128418,10
339,Luguentz Dort,Oklahoma City Thunder,G,94,285,29,76,377.1,20,25,775.0,16,51,296.7,8,27,35,20,31,8,15,3,35,149,129,114,55,96.5674740484429,49.05363321799308,14.55363321799308,10.671280276816608,274.06401384083046,193.01211072664358,168.51211072664358,72.71453287197232,10
340,Luka Doncic,Dallas Mavericks,PG,297,367,100,226,442.6,55,75,730.6,42,107,380.4,12,88,100,99,18,15,41,1,104,496,397,396,199,662.5444444444444,68.1,145.17777777777778,48.0,706.0,899.9777777777775,442.90000000000003,238.94444444444443,10
341,Luka Garza,Minnesota Timberwolves,C,45,61,16,35,240.8,6,8,200.0,7,20,233.3,8,6,14,1,8,2,3,1,-7,60,59,46,15,72.11570247933885,22.883379247015608,0.9439853076216714,2.5583103764921944,164.49586776859508,155.10927456382004,79.23048668503216,26.099173553719005,5
342,Luka Samanic,Utah Jazz,F,54,131,16,44,338.8,17,23,521.4,5,22,203.3,5,29,34,6,11,1,6,5,-54,94,88,60,40,213.90625,58.65625,5.625,3.125,482.625,418.5,261.90625,80.40625,10
343,Luke Kennard,Memphis Grizzlies,SG,126,279,41,87,470.7,14,14,600.0,30,65,467.1,2,27,29,49,8,7,22,1,-67,204,155,175,78,400.6181061394381,11.582726326742975,85.28720083246618,24.04162330905307,620.4016649323621,412.9396462018731,587.2518210197711,117.69823100936524,10
344,Luke Kornet,Boston Celtics,C,55,181,22,35,642.7,11,12,350.0,0,0,0.0,21,28,49,17,9,5,2,9,51,121,104,72,66,178.52402921953095,180.9584775086505,43.44444444444445,0.0,791.322183775471,570.5574778931181,307.3279507881584,316.3637062668205,10
345,M. Pereira,Memphis Grizzlies,F,14,54,5,14,140.0,3,5,75.0,1,5,50.0,7,9,16,1,6,4,2,3,-7,31,30,15,17,29.04,35.44,0.7600000000000001,0.7600000000000002,129.96,114.0,36.76,44.440000000000005,4
346,Malachi Flynn,Detroit Pistons,PG,91,166,33,74,409.6,11,17,441.7,14,38,347.9,6,19,25,17,7,7,10,2,-87,133,116,108,42,291.4771389769126,22.049343594386603,21.89271163422363,9.53010411951109,546.1009506564056,448.2308736985061,377.01403349932093,56.27523766410141,10
347,Malaki Branham,San Antonio Spurs,G,94,202,37,87,395.1,9,13,366.7,11,37,280.8,5,13,18,16,11,2,9,0,-9,128,112,110,34,466.0,23.601469237832873,14.752984389348024,12.966942148760332,612.1028466483012,561.2984389348026,504.4499540863177,50.7089072543618,10
348,Malcolm Brogdon,Portland Trail Blazers,PG,102,218,37,83,266.20000000000005,17,19,433.3,11,30,202.89999999999998,7,22,29,40,13,4,17,2,4,171,131,142,69,100.0,28.833333333333336,7.333333333333334,6.833333333333334,113.5,66.83333333333334,151.33333333333331,31.5,6
349,Malik Beasley,Milwaukee Bucks,SG,128,312,45,113,403.4,7,7,300.0,31,90,348.4,2,29,31,10,18,4,8,2,16,169,159,138,41,290.6064209274673,27.151605231866824,10.297265160523185,22.914387633769323,314.9019024970273,323.1516052318668,297.80975029726517,21.99583828775268,10
350,Malik Monk,Sacramento Kings,SG,157,272,57,138,394.0,31,33,730.0,12,58,166.1,6,27,33,44,31,6,17,2,13,234,190,201,77,658.43603515625,24.35400390625,15.337890625,11.63525390625,886.806640625,828.6640625,702.00244140625,54.26806640625,10
351,Mamadi Diakite,New York Knicks,F,0,5,0,0,0.0,0,0,0.0,0,0,0.0,0,1,1,0,1,1,0,0,0,1,1,0,1,0.0,0.25,0.0,0.0,0.25,0.25,0.0,0.25,1
352,MarJon Beauchamp,Milwaukee Bucks,F,30,42,10,16,350.0,7,8,175.0,3,7,200.0,2,9,11,1,4,1,3,0,-17,42,41,31,12,64.50666666666666,13.240000000000002,0.8933333333333334,2.0400000000000005,123.75999999999999,112.33333333333331,72.36000000000001,17.706666666666667,6
353,Marcus Morris Sr.,Cleveland Cavaliers,SF,57,139,21,47,367.6,4,6,200.0,11,25,383.3,3,17,20,9,8,2,9,2,-32,86,77,66,29,108.08734693877551,49.19020408163264,8.949387755102041,9.938775510204083,205.18367346938777,214.68,100.18612244897959,56.54448979591836,8
354,Marcus Morris Sr.,Philadelphia 76ers,SF,14,43,6,15,80.0,0,0,0.0,2,5,50.0,0,8,8,1,2,2,2,1,-12,23,22,15,9,18.528979591836734,4.4832653061224494,1.0587755102040814,2.163265306122449,24.510204081632654,32.72,14.675102040816327,1.1861224489795923,2
355,Marcus Sasser,Detroit Pistons,G,86,261,30,86,372.9,13,14,290.0,13,41,376.3,1,25,26,43,18,6,17,1,-59,155,112,129,69,319.38775510204084,17.660974593919203,36.10703873386089,6.112036651395252,452.63265306122446,322.0807996668055,445.7280299875052,57.9795918367347,10
356,Markelle Fultz,Orlando Magic,PG,48,171,22,66,324.6,2,2,100.0,2,5,66.7,12,15,27,24,15,6,11,3,34,99,75,72,51,152.51516523313717,54.397012222725216,37.588048890900865,3.6115889542779542,393.1167949298325,279.92168401991853,256.12222725215025,101.57311000452694,10
357,Markieff Morris,Dallas Mavericks,PF,5,11,2,3,150.0,0,0,0.0,1,2,50.0,0,2,2,0,0,0,0,0,4,7,7,5,2,1.0,2.4260355029585803,0.2958579881656805,0.5266272189349113,5.165680473372782,6.349112426035504,0.5266272189349113,2.0118343195266273,2
358,Marques Bolden,Charlotte Hornets,C,4,28,2,4,66.7,0,0,0.0,0,0,0.0,2,4,6,0,4,0,1,0,-12,10,10,4,6,10.719999999999999,14.48,0.0,0.0,49.52,49.52,10.719999999999999,14.48,3
359,Marvin Bagley III,Washington Wizards,PF,134,238,58,89,623.5,12,13,600.0,6,8,450.0,23,49,72,8,11,5,10,9,3,214,206,142,80,336.21170282708744,93.85272846811309,15.77777777777778,4.476002629848784,414.0,385.1111111111111,342.72452333990793,132.00657462195926,10
360,Mason Jones,Sacramento Kings,G,7,18,2,6,66.7,1,2,50.0,2,5,66.7,1,4,5,5,0,1,1,0,3,17,12,12,10,14.180555555555555,10.625,10.625,2.0555555555555554,39.51388888888889,16.22222222222222,16.22222222222222,42.5,2
361,Mason Plumlee,LA Clippers,C,44,108,16,28,503.3,12,17,400.0,0,0,0.0,12,33,45,8,14,2,9,6,17,97,89,52,53,79.28985923585176,103.44757253662739,9.60930767020971,0.0,243.53203102556736,270.93392703246195,64.3171502441827,100.6276931916116,10
362,Matisse Thybulle,Portland Trail Blazers,SG,67,209,25,53,398.9,5,7,200.0,12,31,335.0,7,24,31,20,14,17,12,7,-23,118,98,87,51,344.1111111111112,39.89809335963182,20.236686390532544,12.677186061801446,716.9940828402367,568.2485207100591,463.62984878369497,89.36160420775803,10
363,Matt Ryan,New Orleans Pelicans,F,28,72,10,27,233.3,0,0,0.0,8,21,194.4,1,8,9,2,7,0,2,0,-8,39,37,30,11,201.5625,18.144132653061224,1.5625,18.511479591836736,342.4298469387755,328.3316326530612,214.0,21.367346938775515,9
364,Matthew Hurt,Memphis Grizzlies,F,32,110,12,33,215.9,3,3,200.0,5,19,233.4,9,7,16,4,8,3,2,3,-7,52,48,36,20,163.8343195266272,34.95857988165681,4.934911242603551,5.335798816568047,360.0,296.6272189349112,213.72781065088756,53.37278106508876,7
365,Max Christie,Los Angeles Lakers,G,40,121,16,32,569.4,1,2,50.0,7,15,300.0,3,18,21,7,4,2,4,1,19,68,61,47,28,150.3361111111111,36.91111111111111,8.277777777777779,6.236111111111111,399.2249999999999,305.3694444444444,213.9027777777778,75.47777777777777,10
366,Max Strus,Cleveland Cavaliers,SG,127,301,42,92,433.8,16,19,508.4,27,65,388.1,9,20,29,39,20,11,18,3,-56,195,156,166,68,279.2314049586777,25.885215794306703,40.057851239669425,37.44444444444444,353.7144168962351,349.76675849403125,285.5206611570248,63.60146923783287,10
367,Maxi Kleber,Dallas Mavericks,PF,25,168,9,23,391.7,2,4,100.0,5,15,266.7,5,16,21,15,16,6,4,5,35,61,46,40,36,75.49115504682622,20.910509885535898,16.502601456815817,6.874609781477628,143.78876170655568,102.80332986472425,115.33194588969823,38.55775234131113,10
368,Maxwell Lewis,Los Angeles Lakers,F,2,11,1,5,25.0,0,0,0.0,0,2,0.0,1,0,1,2,0,0,0,0,-15,5,3,4,3,3.125,0.8828125,2.9453125,0.0,7.53125,7.3203125,4.1328125,3.03125,2
369,Micah Potter,Utah Jazz,C,34,119,12,20,375.0,3,3,200.0,7,12,350.0,5,18,23,2,5,1,3,2,-2,59,57,36,25,146.86247637051042,10.696124763705104,1.5619092627599245,8.049621928166353,176.80576559546313,161.98109640831757,161.79962192816637,12.14555765595463,9
370,Michael Porter Jr.,Denver Nuggets,SF,179,319,67,130,517.0,18,21,696.7,27,61,452.6,12,63,75,17,12,8,13,3,58,271,254,196,92,372.9265381083563,107.64279155188245,20.10330578512397,8.11111111111111,380.8728191000919,430.14692378328743,300.4485766758494,150.94995408631772,10
371,Mikal Bridges,Brooklyn Nets,SF,167,354,58,146,384.3,14,17,550.0,37,93,391.9,11,28,39,38,11,13,18,2,-73,244,206,205,77,282.60236686390533,53.16094674556213,19.685207100591718,26.2,264.72899408284025,285.3136094674556,270.715976331361,64.14792899408285,10
372,Mike Conley,Minnesota Timberwolves,PG,165,291,57,107,514.5,20,23,596.7,31,62,476.79999999999995,5,16,21,53,20,18,15,3,52,239,186,218,74,469.32674297606656,26.5,44.32986472424558,35.27263267429761,572.391779396462,531.149323621228,517.9562955254943,63.44276795005203,10
373,Mike Muscala,Oklahoma City Thunder,C,23,116,8,32,134.2,1,2,50.0,6,23,150.0,6,12,18,6,6,3,1,1,22,47,41,29,24,110.60330578512398,18.368801652892557,7.327479338842975,11.96384297520661,238.52066115702476,202.5712809917355,133.14152892561984,39.10743801652893,10
374,Miles Bridges,Charlotte Hornets,SF,212,395,83,176,466.2,25,34,601.1,21,69,254.3,15,57,72,39,12,7,20,3,-120,323,284,251,111,412.1117979037893,52.45149153453373,49.16339693630745,43.16339693630744,575.3654931470035,483.0835796828809,460.940876108573,145.06772373018006,10
375,Miles McBride,New York Knicks,PG,161,386,57,113,447.0,16,17,583.3,31,70,325.8,10,16,26,27,31,12,8,2,72,214,187,188,53,993.097337006428,15.78925619834711,36.63039485766758,83.33976124885217,1304.3122130394856,1022.2777777777777,1253.8149678604225,73.73645546372819,10
376,Mitchell Robinson,New York Knicks,C,15,42,6,13,133.3,3,8,100.0,0,0,0.0,9,6,15,0,5,1,4,2,-2,30,30,15,15,42.08333333333333,84.08333333333333,0.0,0.0,189.0,189.0,42.08333333333333,84.08333333333333,3
377,Mo Bamba,Philadelphia 76ers,C,76,209,28,49,541.1,11,15,425.0,9,23,340.0,16,48,64,12,28,9,9,14,-10,152,140,88,76,143.50520291363165,43.73413111342352,15.783558792924039,5.26222684703434,263.3111342351717,256.6326742976067,170.21904266389177,39.48231009365245,10
378,Monte Morris,Minnesota Timberwolves,PG,45,141,16,35,513.3,6,8,200.0,7,17,250.0,1,11,12,17,5,9,2,1,6,74,57,62,29,97.46313912009512,5.862663495838287,16.362663495838287,6.117122473246136,172.42568370986922,116.33174791914388,155.83174791914388,19.95065398335315,10
379,Moritz Wagner,Orlando Magic,C,84,144,34,53,660.6,9,12,450.0,7,15,350.0,11,21,32,15,13,4,14,2,26,131,116,99,47,198.71591258848875,70.67343798091721,40.67313019390582,6.246537396121884,422.48414896891353,376.83410280086184,216.24038165589414,139.47214527546936,10
380,Moses Brown,Portland Trail Blazers,C,34,79,14,27,393.3,6,21,140.8,0,0,0.0,12,11,23,4,10,1,4,4,-13,61,57,38,27,72.4453125,25.8203125,6.0078125,0.0,148.0078125,118.65625,88.625,45.0,8
381,Moses Moody,Golden State Warriors,SG,85,168,29,63,498.4,13,15,433.3,14,34,396.7,7,19,26,10,19,6,6,4,22,121,111,95,36,171.74556213017752,34.78476331360947,12.033284023668639,22.625,399.67159763313606,316.30251479289944,238.88831360946747,63.04437869822485,10
382,Mouhamadou Gueye,Toronto Raptors,F,20,70,9,26,301.2,2,6,75.0,0,2,0.0,7,4,11,4,6,2,10,9,-50,35,31,24,15,15.816884661117717,7.029726516052318,3.8882282996432824,0.0,48.7871581450654,29.93579072532699,32.282996432818074,13.30321046373365,7
383,Moussa Diabate,LA Clippers,F,2,7,1,1,100.0,0,2,0.0,0,0,0.0,1,3,4,0,0,1,0,1,1,6,6,2,4,0.0,0.0,0.0,0.0,0.0,0.0,0.0,0.0,1
384,Myles Turner,Indiana Pacers,C,145,256,52,108,480.2,20,29,658.4,21,49,380.9,10,49,59,12,26,4,10,20,40,216,204,157,71,428.27922601451223,35.51276538564902,15.66191883902177,28.334049986562754,507.25450147809727,539.8355280838484,412.90862671324913,33.96425692018275,10
385,Naji Marshall,New Orleans Pelicans,SF,70,205,30,63,463.4,0,1,0.0,10,26,372.1,4,36,40,15,15,9,5,1,65,125,110,85,55,182.625,58.009765625,8.8515625,14.02197265625,438.509765625,382.478515625,222.5390625,82.978515625,10
386,Nassir Little,Phoenix Suns,SF,18,64,7,18,258.3,0,0,0.0,4,11,250.0,0,11,11,5,7,0,1,2,-9,34,29,23,16,34.25259515570934,14.89186851211073,4.069204152249135,1.892733564013841,50.60813148788928,46.50432525951557,37.78200692041523,19.53546712802768,7
387,Nate Hinton,Houston Rockets,G,12,22,4,7,110.0,2,3,66.7,2,3,66.7,1,5,6,3,4,1,1,2,10,21,18,15,9,48.05555555555556,6.722222222222221,1.3888888888888884,2.5,97.38888888888886,75.55555555555557,65.0,13.0,2
388,Nathan Mensah,Charlotte Hornets,C,4,59,2,5,66.7,0,0,0.0,0,0,0.0,4,6,10,1,13,2,1,4,-17,15,14,5,11,13.75,9.9375,0.859375,0.0,41.359375,44.4375,13.484375,7.984375,7
389,Naz Reid,Minnesota Timberwolves,C,175,300,66,141,464.5,16,20,671.7,27,71,354.7,7,59,66,26,23,10,18,13,53,267,241,201,92,457.87777777777785,108.86944444444444,26.57777777777778,37.977777777777774,785.125,716.5694444444443,517.6111111111111,144.26944444444445,10
390,Neemias Queta,Boston Celtics,C,39,80,19,26,443.4,1,2,100.0,0,0,0.0,12,17,29,4,8,3,4,6,63,72,68,43,33,78.9375,55.24609375,2.12109375,0.0,228.734375,238.96484375,76.33984375,49.734375,7
391,Nic Claxton,Brooklyn Nets,C,109,305,47,74,669.7,15,34,488.3,0,1,0.0,33,74,107,17,25,11,14,13,-64,233,216,126,124,229.101775147929,103.4284023668639,11.194082840236685,0.0,358.59763313609466,354.51597633136095,228.8,119.00591715976331,10
392,Nick Jr. Smith,Charlotte Hornets,G,53,164,17,59,301.1,8,9,187.5,11,32,275.0,2,10,12,17,19,4,5,0,8,82,65,70,29,264.3753718024985,14.330755502676977,27.460440214158236,16.8488994646044,398.7424152290303,293.79000594884,339.4657941701368,71.65318262938726,10
393,Nick Richards,Charlotte Hornets,C,89,283,37,55,670.2,15,21,425.0,0,0,0.0,22,67,89,8,21,3,9,6,-45,186,178,97,97,121.42659279778394,217.7177593105571,9.665127731609727,0.0,317.4324407510003,332.0510926438904,112.7463835026162,221.44444444444446,10
394,Nickeil Alexander-Walker,Minnesota Timberwolves,SG,93,245,33,69,461.3,7,9,183.3,20,45,446.2,4,16,20,17,18,4,8,5,80,130,113,110,37,529.6437869822485,22.46390532544379,24.6,22.60591715976331,684.6840236686392,611.8994082840236,578.2745562130178,71.21775147928994,10
395,Nicolas Batum,Philadelphia 76ers,PF,66,278,25,50,430.4,1,2,50.0,15,36,333.3,14,35,49,19,14,9,10,6,-6,134,115,85,68,284.76886145404666,55.15363511659808,17.28532235939643,22.993827160493826,474.5384087791495,380.0363511659808,358.84567901234567,92.8641975308642,10
396,Nikola Jokic,Denver Nuggets,C,275,368,110,196,564.8,47,59,805.0,8,28,245.0,24,102,126,76,19,13,30,7,113,477,401,351,202,712.7425423273314,112.59876377317926,142.7863477559796,7.780704111797903,1004.6839559258262,930.9021768341843,715.5917764041925,326.3176565439398,10
397,Nikola Jovic,Miami Heat,F,85,219,30,67,466.9,8,9,350.0,17,45,400.2,5,33,38,25,18,10,8,3,66,148,123,110,63,111.1805293005671,67.96597353497164,35.709829867674856,8.100189035916824,364.0,292.1446124763705,147.70510396975422,139.00661625708884,10
398,Nikola Vucevic,Chicago Bulls,C,168,325,70,134,521.2,16,22,525.0,12,37,301.6,22,82,104,36,22,7,16,9,-58,308,272,204,140,454.2777777777778,164.47199265381082,35.37419651056015,5.607438016528926,442.58218549127633,528.6689623507806,413.52066115702473,154.51652892561984,10
399,Noah Clowney,Brooklyn Nets,F,31,139,12,31,266.2,2,6,100.0,3,13,108.3,9,21,30,8,10,5,4,2,20,69,61,39,38,70.32544378698225,37.1301775147929,8.735700197238659,2.0059171597633134,156.5621301775148,163.95660749506902,71.45562130177514,37.34122287968442,9
400,Norman Powell,LA Clippers,G,166,278,56,106,544.2,34,40,710.7,20,50,419.7,2,21,23,13,18,5,10,2,-21,202,189,179,36,252.91083676268863,40.11659807956104,4.231824417009602,10.16803840877915,399.83264746227707,392.33882030178324,248.1111111111111,56.641975308641975,10
401,O.G. Anunoby,New York Knicks,SF,83,194,33,70,262.7,9,14,243.3,8,28,138.3,3,24,27,12,12,16,13,5,107,122,110,95,39,431.93491124260356,55.0,6.0,8.757396449704142,260.7810650887574,260.7810650887574,441.9349112426035,51.0,6
402,Obi Toppin,Indiana Pacers,PF,77,177,31,51,647.0,5,6,350.0,10,24,426.6,9,26,35,16,15,6,7,3,18,128,112,93,51,90.181640625,30.52197265625,15.31884765625,8.0390625,184.0,160.13134765625,102.33447265625,57.556640625,10
403,Ochai Agbaji,Toronto Raptors,G,80,272,34,80,355.6,6,12,225.0,6,27,178.3,20,20,40,17,19,11,11,5,-102,137,120,97,57,199.7484381507705,76.00416493127864,26.83673469387755,4.453977509371096,518.2736359850062,444.0024989587672,245.90878800499792,130.95168679716784,10
404,Olivier Sarr,Oklahoma City Thunder,C,11,22,4,7,125.0,3,5,116.7,0,1,0.0,4,4,8,0,3,0,1,1,-14,19,19,11,8,34.92,6.920000000000002,0.0,0.0,59.68000000000001,59.68000000000001,34.92,6.920000000000002,3
405,OlivierMaxence Prosper,Dallas Mavericks,F,10,36,3,6,150.0,4,7,57.1,0,2,0.0,2,6,8,0,1,1,1,1,-14,18,18,10,8,32.963988919667585,12.43213296398892,0.17728531855955676,0.0,80.38781163434903,85.13019390581715,29.994459833795016,10.83656509695291,4
406,Omer Yurtseven,Utah Jazz,C,58,128,26,44,409.4,5,8,300.0,1,4,50.0,17,20,37,8,14,1,7,7,-18,103,95,66,45,195.6235827664399,42.208616780045354,12.0,0.8775510204081635,418.9569160997733,333.4807256235828,259.14739229024946,76.1609977324263,8
407,Onuralp Bitim,Chicago Bulls,SF,50,153,22,45,454.4,0,0,0.0,6,21,166.7,5,12,17,9,14,2,3,1,-38,76,67,59,26,275.344,50.356,4.936,6.884000000000001,526.5,491.716,296.53599999999994,68.884,10
408,Onyeka Okongwu,Atlanta Hawks,PF,147,296,61,89,703.8000000000001,16,22,492.9,9,19,466.6,32,44,76,11,28,7,5,15,4,234,223,158,87,308.4240362811791,185.95918367346937,9.244897959183675,5.6893424036281175,807.5192743764171,822.7913832199548,307.3560090702948,181.0,10
409,Orlando Robinson,Miami Heat,C,13,59,4,11,108.3,4,5,175.0,1,2,100.0,8,9,17,5,4,1,3,0,4,35,30,18,22,52.479708636836634,25.118626430801253,2.854318418314256,0.841831425598335,98.86888657648284,82.36628511966701,70.22060353798128,26.734651404786682,6
410,Oscar Tshiebwe,Indiana Pacers,C,3,5,1,3,33.3,1,2,50.0,0,0,0.0,2,0,2,0,1,0,0,1,8,5,5,3,2,0.25,0.0,0.0,0.0,0.25,0.25,0.25,0.0,1
411,Oshae Brissett,Boston Celtics,SF,46,183,15,34,477.2,12,21,313.3,4,13,283.3,15,26,41,16,13,3,4,2,82,103,87,62,57,116.35694970254191,61.282314764737706,22.0,2.4261763115197406,332.5208220659816,242.4743104380746,193.3336938885884,96.35208220659818,10
412,Ousmane Dieng,Oklahoma City Thunder,F,28,90,10,25,324.4,4,4,200.0,4,14,220.0,1,7,8,14,3,3,6,3,16,50,36,42,22,122.49704142011836,6.0,21.124260355029588,4.295857988165681,242.1183431952663,164.49704142011836,196.11834319526628,31.124260355029584,8
413,P.J. Tucker,LA Clippers,PF,19,147,7,19,183.3,0,0,0.0,5,12,283.4,7,21,28,4,12,4,4,4,-22,51,47,23,32,63.2666015625,39.16015625,4.265625,4.2353515625,167.8056640625,128.8447265625,84.8994140625,60.75390625,9
414,P.J. Washington,Dallas Mavericks,PF,104,332,39,109,353.0,9,18,300.0,17,61,271.7,11,57,68,13,24,10,6,11,64,185,172,117,81,242.79999999999998,77.7301775147929,8.469822485207102,18.10532544378698,281.3171597633136,276.7455621301775,217.94674556213016,115.62485207100592,10
415,Paolo Banchero,Orlando Magic,PF,188,340,69,144,533.0,35,46,631.7,15,48,393.4,5,60,65,61,15,5,33,8,73,314,253,249,126,260.92561983471074,78.79834710743802,63.19834710743802,8.600000000000001,449.7256198347108,377.0,299.2479338842975,176.4,10
416,Pascal Siakam,Indiana Pacers,PF,232,305,94,171,538.6,38,57,550.8,6,16,300.0,25,72,97,35,20,10,16,4,87,364,329,267,132,464.869140625,111.22119140625,29.4765625,4.8515625,696.16650390625,658.38916015625,464.119140625,179.22509765625,10
417,Pat Connaughton,Milwaukee Bucks,SG,64,220,22,53,465.8,11,13,450.0,9,34,339.3,10,20,30,30,14,1,8,2,25,124,94,94,60,166.94536940686783,48.585327783558796,69.25910509885537,6.901664932362122,432.55359001040586,336.792924037461,236.9890738813736,143.56139438085327,10
418,Patrick Baldwin Jr.,Washington Wizards,F,34,163,12,52,215.89999999999998,4,6,160.0,6,35,138.6,6,32,38,12,15,8,7,7,-63,84,72,46,50,144.92986828052685,66.88999644001424,19.928088287646847,6.411534353862586,414.10039159843365,272.060519757921,236.09184763260947,137.69597721609114,10
419,Patrick Beverley,Milwaukee Bucks,PG,50,210,16,48,276.7,11,13,416.7,7,27,240.0,4,24,28,24,20,6,3,7,1,102,78,74,52,261.45275469375196,25.726069559864577,28.354570637119114,6.301939058171745,433.99199753770387,315.5820252385349,351.2699292089874,82.67343798091721,10
420,Patrick Williams,Chicago Bulls,PF,6,24,2,9,22.2,2,2,100.0,0,5,0.0,0,6,6,2,5,0,2,2,-11,14,12,8,8,0.0,0.0,0.0,0.0,0.0,0.0,0.0,0.0,1
421,Patty Mills,Miami Heat,PG,56,180,20,66,264.7,9,9,300.0,7,43,137.5,4,8,12,19,12,11,7,0,57,87,68,75,31,259.82334710743805,9.914256198347108,15.480371900826446,6.191115702479339,284.1167355371901,256.0,278.68595041322317,34.64876033057851,10
422,Paul George,LA Clippers,F,247,345,88,171,508.90000000000003,34,34,800.0,37,78,462.9,5,45,50,28,21,16,14,8,16,325,297,275,78,586.7392102846648,54.11248852157943,30.28512396694215,34.5,915.5711662075298,731.2364554637282,744.1730945821855,111.29843893480258,10
423,Paul Reed,Philadelphia 76ers,SF,79,214,30,63,493.9,18,23,583.3,1,7,100.0,28,39,67,11,22,9,12,15,21,157,146,90,78,103.43987889273356,36.75475778546713,13.336072664359861,1.2768166089965398,208.9589100346021,180.78373702422147,113.94636678200692,67.75951557093425,10
424,Payton Pritchard,Boston Celtics,PG,122,287,47,96,453.59999999999997,8,11,350.0,20,50,355.8,10,23,33,54,16,4,11,0,60,209,155,176,87,536.6766998118785,22.24321418973394,158.6084385917764,36.096748185971514,1176.7495296963182,616.2389142703574,1072.9427573233002,205.09621069604947,10
425,Peyton Watson,Denver Nuggets,F,53,173,22,54,369.9,7,11,400.0,2,14,133.3,11,28,39,10,23,4,7,10,-24,102,92,63,49,113.26821118289152,47.184450879928704,8.002227667631988,1.6698596569391848,299.8503007351303,225.89975495656049,165.16841167297838,77.23702383604366,10
426,Precious Achiuwa,New York Knicks,PF,65,212,27,46,553.2,10,17,300.0,1,4,100.0,31,46,77,15,18,5,8,9,-59,157,142,80,92,286.29430670339764,139.87419651056015,18.509182736455465,1.06198347107438,734.4361799816346,684.698347107438,340.77685950413223,153.6386593204775,10
427,Quentin Grimes,Detroit Pistons,SG,82,213,26,80,296.2,19,24,525.0,11,50,200.0,2,27,29,19,13,7,9,4,-12,130,111,101,48,312.44628099173553,35.19834710743802,14.900826446280991,10.900826446280991,442.06611570247935,483.0495867768595,277.6942148760331,43.86776859504132,10
428,R. Rupert,Portland Trail Blazers,G,53,225,19,45,467.2,8,9,450.0,7,19,158.3,6,23,29,25,24,3,13,2,-43,107,82,78,54,112.88619761630142,29.356785851595543,26.446366782006926,14.111111111111112,230.84775086505186,180.0415224913495,140.80661284121493,78.68896578239139,10
429,RJ Barrett,Toronto Raptors,SG,223,330,90,160,560.6,23,48,413.2,20,38,491.7,7,45,52,50,22,4,24,4,-18,325,275,273,102,229.1660899653979,58.68512110726643,45.24567474048443,12.865051903114187,399.90657439446363,285.961937716263,339.43598615916954,107.60553633217992,10
430,Reggie Bullock,Houston Rockets,SF,26,121,9,22,449.9,0,0,0.0,8,19,483.3,3,27,30,3,5,5,2,1,-3,59,56,29,33,26.611570247933884,46.647933884297515,2.1404958677685952,3.6033057851239674,121.0495867768595,128.0,25.33719008264463,43.11239669421487,10
431,Reggie Jackson,Denver Nuggets,PG,110,225,38,95,397.5,19,22,472.7,15,35,396.0,5,8,13,47,20,7,16,2,31,170,123,157,60,396.1987079527734,20.66317665404322,61.711962575183776,19.106482512809087,562.0948986411228,413.6197371352194,506.77946090443305,120.2695477834707,10
432,Richaun Holmes,Washington Wizards,F,88,241,35,62,516.4,18,21,591.7,0,2,0.0,31,52,83,9,31,7,8,8,-2,180,171,97,92,289.8569488456315,267.74694431869625,7.027161611588955,0.004526935264825713,982.0,910.5165233137166,326.7682209144409,309.3463105477592,10
433,Ricky IV Council,Philadelphia 76ers,G,55,88,17,38,431.6,17,24,483.3,4,12,233.3,2,8,10,6,5,0,2,1,-1,71,65,61,16,219.30625000000003,14.506250000000001,4.425000000000001,5.15625,359.0,313.525,262.55625,21.15625,10
434,Robin Lopez,Milwaukee Bucks,C,6,23,3,9,37.5,0,0,0.0,0,2,0.0,1,0,1,1,3,1,0,2,-16,8,7,7,2,21.92,0.52,0.6800000000000002,0.0,24.48,29.0,18.28,0.32000000000000006,2
435,Royce O'Neale,Phoenix Suns,PF,67,182,27,57,507.7,0,0,0.0,13,37,408.4,9,33,42,18,11,2,8,3,-8,127,109,85,60,233.52544378698227,19.590532544378704,16.546745562130177,19.98224852071006,279.0710059171597,279.62248520710057,229.4284023668639,39.68284023668639,10
436,Rudy Gobert,Minnesota Timberwolves,C,147,365,58,82,707.1,31,50,611.3,0,0,0.0,41,94,135,15,37,8,16,21,47,297,282,162,150,338.15017361111114,45.75434027777777,16.71267361111111,0.0,272.2890625,338.40277777777777,286.06944444444446,48.434027777777786,10
437,Rui Hachimura,Los Angeles Lakers,PF,170,315,68,108,623.8,17,20,533.3,17,36,387.5,9,51,60,16,20,1,4,5,40,246,230,186,76,350.6015625,163.34228515625,17.13916015625,36.103515625,748.0390625,703.33837890625,372.15869140625,203.625,10
438,Russell Westbrook,LA Clippers,PG,93,181,35,90,406.1,20,24,691.7,3,17,91.7,10,15,25,31,17,9,17,0,-2,149,118,124,56,266.56944444444446,26.125,49.0,4.179012345679013,438.94444444444434,354.94444444444446,312.06944444444446,113.625,10
439,Ryan Arcidiacono,New York Knicks,G,0,5,0,1,0.0,0,0,0.0,0,1,0.0,0,0,0,0,1,1,0,0,3,0,0,0,0,0.0,0.0625,0.0,0.0,0.0625,0.0625,0.0,0.0625,1
440,Saben Lee,Phoenix Suns,G,35,98,9,28,194.29999999999998,15,20,416.7,2,9,83.3,3,15,18,17,6,4,2,0,11,70,53,52,35,190.68,24.479999999999997,5.720000000000001,1.5200000000000005,336.32,336.0,189.68,31.519999999999996,8
441,Saddiq Bey,Atlanta Hawks,SF,146,337,48,125,372.4,31,35,800.0,19,59,298.4,29,32,61,14,7,4,10,4,-23,221,207,160,75,398.90000000000003,67.125,9.625,14.9,439.4000000000001,478.32500000000005,362.225,74.5,10
442,Sam Hauser,Boston Celtics,SF,153,256,54,100,522.1,0,0,0.0,45,86,504.1,4,37,41,11,11,11,3,5,80,205,194,164,52,872.2488430046279,19.17871128515486,9.145247419010323,85.22285510857958,976.7486650053402,1022.5133499466002,831.189035243859,23.619081523673902,10
443,Sam Merrill,Cleveland Cavaliers,SG,108,247,33,80,396.5,10,11,566.7,32,76,401.1,4,24,28,23,15,2,6,2,15,159,136,131,51,279.50214159737965,48.244897959183675,32.13832199546485,31.519274376417233,449.9382716049382,418.84908037288994,294.7545981355505,96.21995464852608,10
444,Samardo Samuels,Houston Rockets,F,0,6,0,1,0.0,0,0,0.0,0,0,0.0,1,1,2,0,0,0,0,0,-5,2,2,0,2,1.44,1.9599999999999997,0.0,0.0,0.03999999999999998,0.03999999999999998,1.44,1.9599999999999997,1
445,Sandro Mamukelashvili,San Antonio Spurs,PF,51,104,22,37,472.3,4,5,200.0,3,9,100.0,18,16,34,8,7,2,3,1,30,93,85,59,42,152.16,115.7376,8.96,4.0064,506.3136,440.9056,182.24,160.02560000000003,9
446,Santi Aldama,Memphis Grizzlies,PF,116,316,42,90,459.2,13,20,450.0,19,52,309.5,11,56,67,23,14,10,7,16,-91,206,183,139,90,466.1487603305785,94.2396694214876,18.421487603305785,32.15702479338843,902.7669421487603,766.9768595041322,559.0,155.6,10
447,Sasha Vezenkov,Sacramento Kings,F,16,42,4,11,95.3,5,5,200.0,3,6,150.0,0,4,4,2,7,4,1,0,31,22,20,18,6,10.0625,2.5625,1.0625,2.75,18.5625,11.0,17.25,4.0,4
448,Scoot Henderson,Portland Trail Blazers,G,164,311,62,155,408.5,26,32,785.0,14,44,298.3,8,36,44,59,35,14,44,2,-145,267,208,223,103,179.23138941144853,47.22117710292932,48.30932545014781,6.431066917495297,401.75248589088955,208.6363880677237,323.55952700886854,144.3184627788229,10
449,Scottie Barnes,Toronto Raptors,SF,179,333,70,155,460.1,33,39,674.9,6,36,159.89999999999998,28,63,91,75,18,13,31,14,21,345,270,254,166,391.6640625,102.8515625,85.6640625,4.8515625,827.2890625,587.40625,576.65625,243.40625,10
450,Scotty Pippen Jr.,Memphis Grizzlies,G,116,247,41,85,444.2,17,25,433.3,17,37,480.0,8,21,29,43,30,17,23,6,-65,188,145,159,72,313.3553719008264,23.444444444444446,59.04224058769513,10.188246097337007,463.7777777777778,424.5573921028466,331.44444444444446,103.61799816345271,10
451,Seth Curry,Charlotte Hornets,SG,81,181,29,67,372.5,14,15,566.7,9,31,256.6,4,15,19,17,7,5,7,3,-33,117,100,98,36,233.0,12.900826446280993,16.140495867768593,4.900826446280991,334.3388429752066,276.08264462809916,269.8677685950413,50.429752066115704,10
452,Shai Gilgeous-Alexander,Oklahoma City Thunder,PG,250,341,92,188,489.8,51,65,795.1,15,48,292.6,9,44,53,53,24,18,23,6,54,356,303,303,106,504.44958677685946,74.2,42.97685950413222,16.864462809917356,948.7999999999998,727.7768595041323,712.1999999999999,130.44958677685952,10
453,Shake Milton,New York Knicks,SG,49,126,21,46,431.1,2,3,66.7,5,12,250.0,9,19,28,15,12,4,5,2,-6,92,77,64,43,156.9027777777778,78.625,17.350694444444446,8.777777777777779,521.65625,411.44444444444434,223.90625,139.18402777777777,10
454,Sidy Cissoko,San Antonio Spurs,G,0,5,0,0,0.0,0,0,0.0,0,0,0.0,0,1,1,0,1,0,0,0,0,1,1,0,1,0.0,0.11111111111111113,0.0,0.0,0.11111111111111113,0.11111111111111113,0.0,0.11111111111111113,1
455,Simone Fontecchio,Detroit Pistons,F,158,307,55,116,455.5,19,21,616.7,29,65,413.2,8,41,49,16,20,10,13,5,5,223,207,174,65,506.0,36.90963139120095,14.430439952437576,30.11296076099881,589.4708680142687,547.3923900118907,538.8442330558859,60.574316290130795,10
456,Skylar Mays,Los Angeles Lakers,SG,8,34,4,10,170.0,0,0,0.0,0,3,0.0,0,1,1,3,2,3,2,1,-3,12,9,11,4,14.131519274376416,0.7641723356009069,3.1632653061224487,0.0,12.485260770975056,15.485260770975053,12.47845804988662,2.580498866213152,4
457,Spencer Dinwiddie,Los Angeles Lakers,PG,82,253,23,56,371.5,21,24,538.9,15,35,431.7,2,17,19,19,22,5,12,9,39,120,101,101,38,534.216961498439,32.95993756503643,30.695629552549427,12.760145681581687,779.8964620187304,645.961498439126,673.5306971904266,58.27679500520291,10
458,Stanley Umude,Detroit Pistons,G,49,150,16,39,260.4,8,9,366.7,9,25,243.3,5,16,21,3,15,4,4,2,-32,73,70,52,24,177.08,44.0,1.9200000000000002,10.88,278.68,272.78,180.88,48.02,8
459,Stephen Curry,Golden State Warriors,PG,231,319,82,190,436.0,25,26,680.0,42,108,407.3,6,37,43,56,9,4,19,3,63,330,274,287,99,535.24072265625,88.24853515625,45.416015625,20.291015625,619.431640625,635.40625,519.64306640625,133.28759765625,10
460,Svi Mykhailiuk,Boston Celtics,SG,52,135,18,43,560.4,1,1,100.0,15,37,413.3,2,15,17,14,2,4,2,0,77,83,69,66,31,60.37107377647918,27.315558802045288,13.41709276844412,9.159240321402484,223.18407596785974,150.12344777209643,116.80788897005114,57.356464572680785,10
461,T. Vukcevic,Washington Wizards,PF,23,53,8,19,118.8,3,3,100.0,4,12,116.7,1,11,12,5,9,1,2,0,5,40,35,28,17,132.35416666666669,23.1875,8.187499999999998,2.0000000000000004,345.1875,265.41666666666663,190.75,52.749999999999986,3
462,T.J. McConnell,Indiana Pacers,PG,137,196,61,118,525.2,9,10,400.0,6,12,450.0,4,25,29,49,9,10,18,1,28,215,166,186,78,59.00483740929856,13.41924213920989,39.51276538564902,2.484278419779629,82.99785004031176,82.58317656543942,74.74764848159099,37.603869927438865,10
463,T.J. Warren,Minnesota Timberwolves,SF,29,105,13,34,301.2,1,2,50.0,2,11,83.3,5,12,17,7,11,3,4,1,23,53,46,36,24,48.8048,14.875200000000001,6.9328,1.5008000000000001,71.8512,74.4928,39.92,28.0512,8
464,Taj Gibson,Detroit Pistons,F,3,11,1,2,50.0,0,0,0.0,1,2,50.0,0,2,2,0,1,1,0,0,-3,5,5,3,2,2.5600000000000005,0.03999999999999998,0.16000000000000003,0.36,1.9599999999999997,3.2399999999999993,1.44,0.04000000000000007,1
465,Taj Gibson,New York Knicks,F,2,68,0,9,0.0,2,2,100.0,0,2,0.0,4,6,10,4,8,1,3,0,2,16,12,6,14,8.2,10.200000000000001,1.6,0.8000000000000002,15.600000000000001,12.400000000000002,6.6000000000000005,16.599999999999998,5
466,Talen Horton-Tucker,Utah Jazz,SG,73,162,23,70,325.6,16,18,566.7,11,32,351.6,3,18,21,22,12,7,3,5,-48,116,94,95,43,72.07958477508652,53.63667820069204,34.048442906574394,3.5103806228373697,191.91695501730104,157.39100346020763,97.9204152249135,96.37024221453285,10
467,Taurean Prince,Los Angeles Lakers,PF,80,211,29,62,487.5,8,11,266.7,14,34,463.6,3,22,25,12,14,5,8,5,14,117,105,92,37,165.0370583165757,26.87991956334387,23.622522263717322,8.602700373455903,256.304222924447,193.17236426314278,200.3539212869865,78.31743751795462,10
468,Taylor Hendricks,Utah Jazz,F,109,293,39,84,462.3,10,12,341.7,21,51,403.6,11,46,57,9,27,7,6,10,-105,175,166,118,66,218.80542864821282,69.6412254770223,2.9645256651437784,12.730717549045956,257.85729642569197,229.96506315506582,234.2536952432142,85.04971781779092,10
469,Taze Moore,Portland Trail Blazers,G,2,5,1,1,100.0,0,0,0.0,0,0,0.0,0,0,0,1,0,0,1,0,7,3,2,3,1,1.44,0.0,0.6400000000000001,0.0,4.0,1.44,4.0,0.6400000000000001,1
470,Terance Mann,LA Clippers,SG,93,255,32,69,472.4,17,19,700.0,12,30,515.5,6,22,28,11,19,6,6,2,-13,132,121,104,39,200.66863905325445,40.54674556213018,15.16094674556213,3.637869822485207,348.60828402366866,285.8828402366864,284.0,35.10177514792899,10
471,Terquavion Smith,Philadelphia 76ers,G,40,59,14,34,241.1,2,3,100.0,10,26,216.6,0,2,2,10,3,7,4,0,9,52,42,50,12,186.96296296296296,1.4074074074074074,17.185185185185183,17.185185185185183,177.40740740740742,184.66666666666663,179.62962962962965,18.666666666666668,6
472,Terry Rozier,Miami Heat,SG,204,329,76,169,450.6,20,23,472.7,32,74,387.8,4,41,45,33,12,10,11,5,86,282,249,237,78,436.7925089179548,22.607015457788346,67.41319857312723,70.95600475624258,451.8935790725327,472.04399524375737,425.4114149821641,81.25089179548155,10
473,Terry Taylor,Chicago Bulls,F,15,56,5,10,325.0,3,4,150.0,2,3,150.0,4,10,14,3,1,2,0,0,-15,32,29,18,17,24.0,36.55102040816326,3.461224489795918,1.7877551020408164,126.26530612244898,106.26530612244898,30.03265306122449,53.9795918367347,5
474,Thaddeus Young,Phoenix Suns,F,16,53,8,14,225.0,0,2,0.0,0,0,0.0,12,9,21,4,5,3,2,0,16,41,37,20,25,8.137174211248286,51.41975308641975,4.927297668038408,0.0,71.34567901234568,61.3758573388203,21.77777777777778,52.67626886145405,4
475,Thaddeus Young,Phoenix Suns,PF,41,128,20,28,469.9,1,3,50.0,0,2,0.0,11,18,29,14,12,2,4,1,-24,84,70,55,43,158.90946502057614,27.51851851851852,29.687242798353914,0.0,428.5185185185186,247.6378600823046,304.33333333333326,92.66255144032921,6
476,Thanasis Antetokounmpo,Milwaukee Bucks,SF,10,48,5,11,266.7,0,2,0.0,0,1,0.0,2,1,3,4,8,1,3,1,-18,17,13,14,7,15.09375,1.5,1.5,0.0,20.34375,18.59375,16.84375,3.0,6
477,Theo Maledon,Phoenix Suns,PG,5,10,1,2,50.0,3,3,100.0,0,0,0.0,0,1,1,0,3,0,3,0,-11,6,6,5,1,14.0625,0.5625,0.0,0.0,20.25,20.25,14.0625,0.5625,1
478,Thomas Bryant,Miami Heat,C,91,143,33,58,520.0,21,23,750.0,4,14,233.3,12,41,53,6,17,4,4,7,41,150,144,97,59,487.05061983471074,96.63739669421487,8.434917355371901,4.429752066115702,916.8729338842976,853.6570247933884,548.1404958677685,107.19834710743801,10
479,Tim Hardaway Jr.,Dallas Mavericks,SF,90,219,32,81,324.7,7,9,316.7,19,50,325.6,2,27,29,21,7,7,6,1,49,140,119,111,50,590.2698224852071,58.90532544378698,33.11360946745562,27.21301775147929,1148.807100591716,892.6639053254438,832.1455621301776,106.28639053254437,10
480,Tobias Harris,Philadelphia 76ers,PF,154,335,59,136,422.3,19,25,643.3,17,45,323.6,8,65,73,25,16,8,15,10,-49,252,227,179,98,377.71599999999995,100.104,17.176,26.296,639.8760000000001,510.00399999999996,500.4840000000001,124.384,10
481,Torrey Craig,Chicago Bulls,SF,65,187,24,51,468.3,2,4,100.0,15,34,463.8,5,21,26,12,16,5,5,3,-27,103,91,77,38,126.5404958677686,22.611570247933884,9.682644628099172,14.507438016528925,228.398347107438,196.96694214876032,164.10743801652893,26.15867768595041,10
482,Tosan Evbuomwan,Detroit Pistons,F,74,237,26,46,632.3,13,20,341.7,9,21,440.0,8,30,38,6,15,4,7,2,-79,118,112,80,44,154.23795359904818,53.66091612135634,6.468768590124926,6.950029744199882,369.7025580011898,318.5318262938727,184.87923854848304,80.65913146936347,10
483,Toumani Camara,Portland Trail Blazers,F,88,292,35,67,507.2,8,9,350.0,10,26,336.6,19,23,42,22,26,8,13,8,-36,152,130,110,64,287.70000000000005,51.93611111111112,28.402777777777775,8.002777777777778,547.7,471.46944444444443,351.46944444444443,92.8,10
484,Trae Young,Atlanta Hawks,PG,235,370,76,173,432.4,45,55,813.4,38,93,399.0,2,18,20,109,22,11,45,2,-38,364,255,344,129,758.2361111111111,12.069444444444445,83.0,45.06944444444444,786.5,622.5,926.4027777777778,90.90277777777777,10
485,Trayce JacksonDavis,Golden State Warriors,F,104,265,48,71,669.8,8,17,308.3,0,1,0.0,33,47,80,19,15,9,8,17,2,203,184,123,99,224.5952133194589,112.01873048907386,13.469823100936525,0.0,361.0848074921957,337.9729448491155,244.62278876170657,128.57284079084286,10
486,Tre Jones,San Antonio Spurs,PG,107,313,39,76,470.5,15,17,550.0,14,27,330.0,11,38,49,69,10,9,15,1,0,225,156,176,118,306.11245674740485,86.34991349480968,55.39965397923875,18.45847750865052,551.0834775086505,403.34126297577853,376.7543252595156,218.8499134948097,10
487,Tre Mann,Charlotte Hornets,PG,112,309,44,98,448.6,13,19,317.1,11,38,298.4,8,33,41,53,15,11,24,1,-67,206,153,165,94,212.26736111111111,41.44444444444444,56.10850694444444,7.125,426.5390625,322.5173611111111,343.02517361111114,70.81684027777777,10
488,Trendon Watford,Brooklyn Nets,PF,105,183,38,67,480.3,21,29,532.8,8,16,300.0,11,25,36,9,21,7,15,4,-15,150,141,114,45,447.6514773940904,63.56140975436098,16.925952296190815,5.745817016731934,719.2417230331079,649.687789248843,497.4325382698469,100.26023495906014,10
489,Trent Forrest,Atlanta Hawks,G,24,130,10,28,356.6,4,4,200.0,0,3,0.0,4,10,14,36,3,3,7,2,-11,74,38,60,50,31.1042899408284,12.453402366863907,63.25443786982249,0.0,124.37869822485207,20.745562130177515,119.11020710059171,91.33505917159763,10
490,Trevelin Queen,Orlando Magic,SG,0,13,0,3,0.0,0,0,0.0,0,2,0.0,0,1,1,1,1,0,0,0,-17,2,1,1,2,0.0,0.5555555555555556,0.5555555555555556,0.0,0.22222222222222227,0.5555555555555556,0.5555555555555556,0.22222222222222227,2
491,Trey Jemison,Memphis Grizzlies,C,82,232,36,58,546.0,10,12,500.0,0,0,0.0,27,24,51,11,29,3,15,7,-11,144,133,93,62,465.1331496786043,21.648301193755735,6.92653810835629,0.0,532.9568411386593,593.0,407.8301193755739,25.83471074380165,10
492,Trey Lyles,Sacramento Kings,PF,72,205,25,57,418.2,12,15,625.0,10,30,314.2,13,28,41,16,21,1,8,5,27,129,113,88,57,169.19387755102042,13.676020408163264,22.584183673469386,15.26530612244898,312.98979591836735,183.61479591836735,287.01275510204084,47.816326530612244,10
493,Trey Murphy III,New Orleans Pelicans,SG,150,337,47,116,410.1,27,32,735.7,29,79,390.2,9,62,71,30,7,9,10,6,-2,251,221,180,101,191.67355371900825,50.51652892561983,23.673553719008265,18.90036730945822,213.49173553719004,137.33057851239673,232.69421487603302,109.33057851239668,10
494,Tristan Thompson,Cleveland Cavaliers,C,18,78,8,15,258.4,2,6,100.0,0,0,0.0,12,16,28,9,8,3,4,3,-20,55,46,27,37,44.789612097304406,24.42274819197896,1.550295857988166,0.0,93.02958579881657,101.57396449704142,40.77777777777778,21.440499671268906,7
495,Troy Brown Jr.,Detroit Pistons,SF,35,178,11,45,230.4,7,9,230.0,6,24,174.89999999999998,4,26,30,7,5,5,6,0,-48,72,65,42,37,61.95124716553288,34.0,8.622448979591837,4.418367346938776,191.3151927437642,141.9512471655329,103.31519274376417,50.62244897959183,10
496,TyTy Washington Jr.,Milwaukee Bucks,G,0,8,0,2,0.0,0,0,0.0,0,1,0.0,0,0,0,1,0,0,0,0,-4,1,0,1,1,0.0,0.0,0.44444444444444453,0.0,0.44444444444444453,0.0,0.44444444444444453,0.44444444444444453,1
497,Tyler Herro,Miami Heat,PG,183,325,71,166,433.4,10,13,333.4,31,80,406.0,3,46,49,50,11,0,13,1,35,282,232,233,99,148.11111111111111,40.94444444444444,28.069444444444443,12.944444444444445,309.7361111111111,207.61111111111111,206.125,113.125,10
498,Tyrese Haliburton,Indiana Pacers,PG,185,320,66,146,457.5,27,30,796.7,26,76,344.09999999999997,4,40,44,95,17,18,18,7,70,324,229,280,139,268.5,47.51111111111111,96.37777777777778,26.425,417.6111111111111,226.67777777777778,500.5444444444445,102.77777777777777,10
499,Tyrese Maxey,Philadelphia 76ers,PG,235,380,85,199,429.8,37,45,650.0,28,79,365.6,2,30,32,59,18,9,17,4,-10,326,267,294,91,591.641975308642,57.956790123456784,83.36145404663924,21.616598079561044,861.0013717421124,875.5864197530864,531.4684499314129,186.90672153635117,10
500,Tyus Jones,Washington Wizards,PG,91,313,36,84,402.0,4,4,300.0,15,43,360.8,3,22,25,97,4,9,13,2,-70,213,116,188,122,345.04336734693874,43.53316326530612,160.5,20.959183673469386,776.265306122449,542.0510204081633,542.9719387755102,240.3188775510204,10
501,Udoka Azubuike,Phoenix Suns,C,2,11,1,3,33.3,0,2,0.0,0,0,0.0,2,4,6,0,1,0,0,0,-3,8,8,2,6,1.7777777777777781,13.444444444444443,0.0,0.0,25.0,25.0,1.7777777777777781,13.444444444444443,1
502,Vasilije Micic,Charlotte Hornets,G,131,321,50,103,480.5,18,23,552.8,13,39,278.6,5,14,19,68,17,9,22,3,-83,218,150,199,87,485.12525136455037,16.910370583165754,144.0,20.90117782246481,522.1321459350761,398.70841712151685,569.4642344153979,199.99511634587762,10
503,Victor Wembanyama,San Antonio Spurs,C,233,319,81,182,451.4,53,70,781.7,18,71,255.5,31,87,118,53,25,13,44,40,5,404,351,286,171,906.2065556711759,185.95005202913632,33.80489073881374,13.74245577523413,2004.8678459937564,1704.9703433922996,1117.3590010405828,308.5,10
504,Vince Williams Jr.,Memphis Grizzlies,G,127,336,42,92,459.70000000000005,30,38,723.3,13,34,328.8,8,54,62,61,30,12,34,9,-54,250,189,188,123,231.93628808864267,72.8808864265928,35.61495844875347,18.00831024930748,492.2326869806094,474.07479224376726,226.76454293628805,131.82548476454295,10
505,Vit Krejci,Atlanta Hawks,G,87,306,33,58,609.3,3,3,100.0,18,37,355.4,4,23,27,24,31,4,10,4,37,138,114,111,51,260.2,31.124,12.464,36.175999999999995,436.5,395.284,294.504,50.5,10
506,Walker Kessler,Utah Jazz,C,72,234,31,42,737.5,10,12,500.0,0,0,0.0,22,52,74,12,20,3,11,12,-77,158,146,84,86,107.61016593152699,127.36189876076455,7.648393194706994,0.0,304.3423650493594,273.56983826927114,118.41419869775257,154.97878596933418,10
507,Wendell Carter Jr.,Orlando Magic,C,99,254,37,75,472.5,16,28,457.1,9,34,207.9,18,63,81,25,14,13,15,5,64,205,180,124,106,257.15625,102.00318877551021,19.775510204081634,9.084183673469388,608.9591836734694,512.204081632653,338.53890306122446,137.15114795918367,10
508,Wendell Moore Jr.,Minnesota Timberwolves,G,2,5,1,1,100.0,0,0,0.0,0,0,0.0,0,2,2,0,1,0,0,0,8,4,4,2,2,3.3345935727788283,2.5879017013232515,0.0018903591682419658,0.0,11.500945179584122,11.797731568998111,3.1776937618147447,2.449905482041588,1
509,Wenyen Gabriel,Memphis Grizzlies,F,17,81,8,22,168.3,0,5,0.0,1,6,50.0,7,18,25,3,10,2,8,2,-16,45,42,20,28,59.72702331961591,43.6159122085048,4.060356652949245,0.879286694101509,182.2098765432099,171.6858710562414,60.574759945130324,57.352537722908096,5
510,Wesley Matthews,Atlanta Hawks,SG,54,150,19,46,470.4,2,2,100.0,14,29,495.0,5,15,20,8,13,5,2,5,-20,82,74,62,28,106.675418741512,30.113173381620648,13.600724309642372,6.414667270258036,178.29606156631957,165.14169307378904,113.84789497510185,49.69578995020372,10
511,Xavier Moon,LA Clippers,G,2,11,1,6,33.3,0,0,0.0,0,2,0.0,1,1,2,0,1,1,1,0,-20,4,4,2,2,2.18,2.5,0.8022222222222222,0.0,0.3755555555555552,0.07999999999999996,3.742222222222222,2.0355555555555553,2
512,Xavier Tillman,Boston Celtics,F,26,146,11,27,351.6,2,4,100.0,2,14,133.3,10,22,32,10,8,4,3,3,34,68,58,36,42,40.8,36.434567901234566,4.004938271604938,1.6444444444444446,129.64444444444442,133.67901234567898,38.89382716049383,38.31111111111111,10
513,Yuta Watanabe,Memphis Grizzlies,SF,22,97,10,24,250.0,0,2,0.0,2,12,64.3,0,11,11,5,6,5,4,0,-36,38,33,27,16,115.08000000000001,11.27,3.75,1.4800000000000004,136.28,131.43,116.23000000000002,18.72,7
514,Zach Collins,San Antonio Spurs,PF,92,176,33,72,438.3,20,26,641.7,6,18,300.0,12,34,46,21,31,5,13,7,-40,159,138,113,67,232.06826122010213,64.82665950013437,23.219295888202097,6.406879871002419,381.4966406879871,431.38887395861326,216.1142166084386,54.10776672937382,10
515,Zavier Simpson,Memphis Grizzlies,G,0,9,0,1,0.0,0,0,0.0,0,0,0.0,1,0,1,4,1,1,1,0,12,5,1,4,5,0.0,0.0,0.0,0.0,0.0,0.0,0.0,0.0,1
516,Zeke Nnaji,Denver Nuggets,PF,18,100,6,17,350.0,6,8,300.0,0,2,0.0,7,10,17,4,10,2,2,10,-19,39,35,22,21,50.40625,16.277777777777775,7.350694444444445,0.0,130.125,94.18402777777779,73.06944444444443,36.90625,10
517,Ziaire Williams,Memphis Grizzlies,F,103,270,39,94,389.0,13,16,421.4,12,46,213.7,6,38,44,20,15,12,15,0,-39,167,147,123,64,552.1,32.4,24.0,17.599999999999998,788.1,632.1,714.1,50.4,10
518,Zion Williamson,New Orleans Pelicans,PF,260,341,97,159,596.7,66,94,657.5,0,0,0.0,18,46,64,44,27,14,40,5,26,368,324,304,108,728.634765625,46.45166015625,50.1015625,0.00244140625,914.36962890625,800.56884765625,870.228515625,68.76025390625,10
