,First Last Name,team,position,points,minutes,fgm,fga,fgp,ftm,fta,ftp,tpm,tpa,tpp,offReb,defReb,totReb,assists,pFouls,steals,turnovers,blocks,plusMinus,Points_Rebounds_Assist,Points_Rebounds,Points_Assist,Rebounds_Assist,points_deviation,totReb_deviation,assists_deviation,tpm_deviation,Points_Rebounds_Assist_deviation,Points_Rebounds_deviation,Points_Assist_deviation,Rebounds_Assist_deviation,count
0,A. Flagler,Oklahoma City Thunder,F,3,15,1,7,25.0,0,0,0.0,1,6,33.3,0,0,0,4,0,0,0,0,0,7,3,7,4,5.0,0.0,2.2222222222222223,0.5555555555555556,13.888888888888888,5.0,13.888888888888888,2.2222222222222223,2
1,A.J. Green,Milwaukee Bucks,G,48,151,16,39,337.6,2,3,100.0,14,34,278.1,2,10,12,3,9,4,5,2,42,63,60,51,15,198.4947431065265,20.034516960920453,4.1144614163856374,26.425709184685577,318.2545129934537,285.5723070819282,222.21840904582425,33.10751834953383,10
2,A.J. Lawson,Dallas Mavericks,G,26,52,11,26,323.3,2,6,100.0,2,9,100.0,2,7,9,4,5,1,0,1,1,39,35,30,13,60.122469135802476,7.675555555555557,2.617283950617284,1.8380246913580247,83.88,80.4972839506173,61.87555555555554,11.92246913580247,8
3,Aaron Gordon,Denver Nuggets,PF,143,331,53,106,502.90000000000003,31,46,637.1,6,22,166.6,29,45,74,50,21,5,16,7,54,267,217,193,124,318.12875446334806,60.76748582230624,53.530770846460825,6.404116782188616,371.22684310018906,483.2049989498005,256.296786389414,64.15206889308968,10
4,Aaron Holiday,Houston Rockets,G,62,153,21,46,354.0,10,10,300.0,10,23,348.3,5,9,14,17,16,6,4,0,4,93,76,79,31,328.161865569273,28.761469288218258,12.791495198902608,10.074683737235176,598.369608291419,530.2246608748667,380.90672153635114,56.95305593659503,10
5,Aaron Nesmith,Indiana Pacers,SF,114,299,42,97,442.9,13,13,600.0,17,54,294.5,9,29,38,19,35,5,8,7,64,171,152,133,57,126.79999999999998,14.416326530612244,15.193877551020408,14.108163265306121,142.70408163265307,127.38775510204079,129.53673469387758,42.18979591836735,10
6,Aaron Wiggins,Oklahoma City Thunder,SG,112,232,44,84,537.7,14,16,530.0,10,22,375.0,10,18,28,21,18,15,12,5,0,161,140,133,49,463.62500000000006,14.825,29.526562500000004,12.0,645.7265625,521.5999999999999,605.7640625,26.339062500000008,10
7,Adama Sanogo,Chicago Bulls,C,0,5,0,0,0.0,0,0,0.0,0,0,0.0,0,1,1,0,0,0,1,0,2,1,1,0,1,0.308641975308642,0.0,0.0,0.0,0.308641975308642,0.308641975308642,0.308641975308642,0.0,1
8,Admiral Schofield,Orlando Magic,SF,8,18,3,6,116.7,0,0,0.0,2,4,150.0,0,4,4,1,1,1,0,0,-20,13,12,9,5,17.003826530612244,1.075255102040816,0.6875,0.8915816326530613,24.88137755102041,21.408163265306122,18.959183673469386,3.2806122448979593,3
9,Al Horford,Boston Celtics,C,131,282,50,86,613.0,7,8,350.0,24,50,488.3,14,41,55,23,10,7,10,6,108,209,186,154,78,411.2040816326531,33.651147959183675,8.100127551020408,30.298469387755098,344.9591836734694,370.57461734693874,402.56441326530614,24.77551020408163,10
10,Alec Burks,New York Knicks,SG,52,124,16,57,202.7,11,14,371.4,9,31,209.89999999999998,1,16,17,7,3,4,5,0,-1,76,69,59,24,337.7644355070382,22.466245331801204,4.4288997414536055,10.037632864119505,580.4228669922436,511.93191611605863,394.2910083309394,38.85952312553864,10
11,Aleksej Pokusevski,Charlotte Hornets,F,88,200,27,56,513.1,24,32,591.7,10,25,366.6,9,39,48,15,7,7,6,6,-23,151,136,103,63,125.19999999999999,40.555371900826444,14.540495867768596,4.330578512396693,237.97520661157023,239.60991735537192,133.95867768595042,44.70247933884298,10
12,Alex Caruso,Chicago Bulls,SG,106,326,36,81,453.3,8,10,250.0,26,56,452.8,8,33,41,46,27,20,16,7,-39,193,147,152,87,201.89228748358042,30.941452430099456,14.580221429911804,28.811033965096648,331.1013323325202,278.13116907487336,230.23531619440794,70.14880840683055,10
13,Alex Len,Sacramento Kings,C,20,106,8,11,366.7,4,5,250.0,0,0,0.0,10,23,33,13,16,1,6,11,34,66,53,33,46,61.415415753078086,34.166132568729964,12.435317928824423,0.0,112.95867768595042,132.1283521673132,45.710406476640244,43.136785292629455,10
14,Alondes Williams,Miami Heat,G,0,6,0,1,0.0,0,0,0.0,0,1,0.0,0,1,1,0,0,0,1,0,-2,1,1,0,1,1.0,0.8402777777777777,0.0,0.0,0.006944444444444432,0.006944444444444432,1.0,0.8402777777777777,1
15,Alperen Sengun,Houston Rockets,C,209,324,81,157,512.7,43,68,622.9,4,12,200.0,39,68,107,45,36,16,26,7,2,361,316,254,152,847.1723356009071,197.81632653061226,123.77551020408163,4.408163265306122,1935.0226757369614,1622.4580498866212,993.7777777777778,487.5510204081633,10
16,Amari Bailey,Charlotte Hornets,G,2,6,1,3,33.3,0,0,0.0,0,2,0.0,0,0,0,1,0,1,0,0,7,3,2,3,1,2.5600000000000005,0.0,0.5625,0.0,5.522500000000001,2.5600000000000005,5.522500000000001,0.5625,1
17,Amen Thompson,Houston Rockets,F,117,284,46,92,543.9,25,35,591.6,0,5,0.0,39,48,87,33,23,14,15,3,7,237,204,150,120,374.0156988263984,128.95610425240056,25.593202255753695,0.02438652644413961,948.181222374638,828.6709343087944,425.46471574455114,222.61057765584513,10
18,Amir Coffey,LA Clippers,SG,70,261,24,64,398.3,8,11,366.7,14,39,322.5,8,21,29,13,20,9,4,3,5,112,99,83,42,164.00123456790124,44.77777777777778,8.249382716049382,10.608641975308641,268.63827160493827,274.8753086419753,170.22345679012346,40.5679012345679,10
19,Andre Drummond,Chicago Bulls,C,93,185,37,59,661.3,19,28,438.4,0,0,0.0,32,71,103,4,16,11,9,6,38,200,196,97,107,118.4890625,190.6640625,8.4140625,0.0,536.1390625,490.20625,157.0,206.5,10
20,Andre Jr. Jackson,Milwaukee Bucks,G,18,102,7,17,450.0,0,0,0.0,4,9,300.0,5,16,21,11,12,4,3,2,-8,50,39,29,32,32.4930612244898,13.448979591836734,11.877551020408163,2.6416326530612246,83.85224489795917,74.7665306122449,41.25224489795919,25.6530612244898,9
21,Andrew Nembhard,Indiana Pacers,PG,105,279,43,81,506.09999999999997,7,9,350.0,12,29,358.3,4,22,26,37,26,10,10,1,28,168,131,142,63,202.61576670405384,21.133792661432462,42.135394968755,7.636917160711425,356.6175292421086,308.33247876942795,247.62313731773753,66.54686748918442,10
22,Andrew Wiggins,Golden State Warriors,SF,159,284,59,127,459.8,22,27,506.4,19,46,376.7,16,42,58,18,16,5,13,11,72,235,217,177,76,410.3623569149934,35.989116156877465,51.654719459560894,17.305498217301558,752.9921185963594,540.5289923062488,571.333646087446,139.13567273409643,10
23,Anfernee Simons,Portland Trail Blazers,SG,234,361,80,177,436.7,36,39,757.1,38,94,405.4,4,33,37,64,19,7,30,1,-38,335,271,298,101,935.5240670632775,28.301243915630067,125.20497566252028,19.635478637101134,1764.6960519199567,1205.978907517577,1461.0362358031368,186.71119524067063,10
24,Anthony Black,Orlando Magic,G,45,169,16,37,468.3,5,11,133.3,8,17,341.7,4,13,17,8,10,6,6,2,-3,70,62,53,25,124.39192003331945,28.718450645564353,3.9525197834235732,11.135360266555603,267.0812161599334,228.22074135776762,159.90045814244064,36.022907122032485,10
25,Anthony Davis,Los Angeles Lakers,PF,245,350,94,165,577.6,49,59,671.8,8,24,320.8,35,114,149,27,22,13,26,22,106,421,394,272,176,806.5591836734693,250.95918367346937,28.76122448979592,8.0,1757.1938775510207,1818.6367346938775,760.0183673469387,264.81836734693877,10
26,Anthony Edwards,Minnesota Timberwolves,SG,247,349,84,193,422.4,56,68,750.6,23,76,267.0,9,40,49,54,10,12,24,1,6,350,296,301,103,1048.6145124716552,94.90277777777777,30.525226757369616,42.265306122448976,1346.5,1179.4299886621313,1236.236111111111,104.87641723356009,10
27,Anthony Gill,Washington Wizards,PF,103,245,43,88,485.2,11,13,360.0,6,21,208.3,18,29,47,16,32,5,8,4,-46,166,150,119,63,319.9795918367347,99.93071302595112,20.39103048626858,4.879818594104308,775.2653061224489,676.8808264046359,387.6858150667674,151.0,10
28,Ashton Hagans,Portland Trail Blazers,G,51,194,17,43,297.7,10,11,450.0,7,18,266.7,8,22,30,36,23,8,23,4,-5,117,81,87,66,186.27100073046017,25.234477720964207,41.68298027757487,8.447772096420744,424.85975164353545,286.10737764791816,300.9970781592403,90.9437545653762,10
29,Ausar Thompson,Detroit Pistons,F,103,314,42,87,508.0,11,25,325.0,8,29,195.3,15,44,59,21,26,17,14,11,-6,183,162,124,80,121.7,31.399999999999995,24.125,8.5,347.72499999999997,237.7,200.02499999999998,87.225,10
30,Austin Reaves,Los Angeles Lakers,SG,161,354,56,131,419.6,32,37,708.4,17,61,251.1,12,49,61,65,19,6,20,6,34,287,222,226,126,477.20624999999995,172.33906249999998,65.3890625,18.856250000000003,1233.10625,984.3265625,665.7140625,298.00000000000006,10
31,Ayo Dosunmu,Chicago Bulls,SG,183,365,72,129,560.1,19,22,591.7,20,44,439.5,7,23,30,42,28,13,20,4,-17,255,213,225,72,457.24894585933544,20.168662506324843,57.28419632315736,22.379490639230898,522.9052116714454,462.5371900826446,528.5510204081633,66.51880586945522,10
32,Bam Adebayo,Miami Heat,C,167,340,66,131,518.7,28,36,691.6,7,18,325.0,19,82,101,42,19,15,21,7,61,310,268,209,143,253.36980609418285,115.64127423822714,68.6994459833795,6.130540166204986,768.0124653739613,543.6121883656509,431.6149584487535,230.49584487534625,10
33,Ben Sheppard,Indiana Pacers,G,49,190,17,54,306.2,5,5,300.0,10,37,211.79999999999998,4,11,15,14,21,9,4,0,14,78,64,63,29,129.49896121883657,18.58483379501385,12.625,10.062326869806094,209.9490997229917,203.53462603878114,146.1897506925208,20.93351800554017,10
34,Ben Simmons,Brooklyn Nets,PG,53,168,24,38,521.1,5,11,150.0,0,0,0.0,15,39,54,46,20,9,12,4,-5,153,107,99,100,134.88888888888889,64.0,78.88888888888889,0.0,382.0,162.8888888888889,300.0,196.88888888888889,9
35,Bennedict Mathurin,Indiana Pacers,SG,139,275,44,115,340.3,35,45,614.5,16,44,245.0,10,33,43,23,24,7,17,4,-18,205,182,162,66,753.4765625,123.6015625,38.125,30.4140625,1418.90625,1097.65625,970.9140625,265.5390625,10
36,Bilal Coulibaly,Washington Wizards,SG,90,289,30,76,451.5,19,27,633.3,11,39,238.3,9,30,39,18,22,12,8,7,-98,147,129,108,57,127.37777777777777,38.5,16.0,13.177777777777775,337.8777777777778,291.7444444444444,166.31111111111107,61.699999999999996,10
37,Bismack Biyombo,Oklahoma City Thunder,C,10,48,4,7,133.3,2,4,100.0,0,0,0.0,4,7,11,2,6,1,4,2,7,23,21,12,13,28.886426592797783,29.54293628808864,1.6454293628808865,0.0,122.6343490304709,115.17174515235459,33.257617728531855,34.279778393351805,6
38,Blake Wesley,San Antonio Spurs,G,52,177,17,44,384.1,12,17,550.0,6,17,241.7,3,18,21,31,14,3,16,1,3,104,73,83,52,181.92403628117913,17.117913832199545,24.57709750566893,7.111111111111112,156.68934240362813,206.98979591836735,152.61451247165533,20.704081632653057,10
39,Boban Marjanovic,Houston Rockets,C,3,7,1,1,100.0,1,2,50.0,0,0,0.0,0,3,3,0,0,0,1,0,-3,6,6,3,3,0.5625,4.840000000000001,0.04000000000000001,0.0,7.5625,8.7025,0.3024999999999998,4.0,1
40,Bobby Portis,Milwaukee Bucks,F,170,257,75,138,529.4,6,8,300.0,14,31,418.4,23,60,83,18,20,13,15,5,21,271,253,188,101,430.2484377381497,80.1080627953056,12.324340801707056,16.46639231824417,592.0577655845145,524.9314128943759,508.0219478737997,81.7852461515013,10
41,Bogdan Bogdanovic,Atlanta Hawks,SG,195,358,68,148,487.1,30,32,756.7,29,78,450.40000000000003,8,34,42,41,25,12,22,6,19,278,237,236,83,600.1786572664637,80.22816856273033,35.59990386156065,16.9243710943759,1106.4316615926934,1023.3521871494953,692.3319980772312,106.75420605672169,10
42,Bojan Bogdanovic,New York Knicks,SF,98,144,38,74,494.1,9,12,375.0,13,32,425.3,3,12,15,6,10,0,10,0,-21,119,113,104,21,298.10913872452335,25.698224852071007,6.104207758053912,12.151545036160421,406.594674556213,369.36949375410916,340.47633136094674,26.66042077580539,10
43,Bol Bol,Phoenix Suns,C,47,116,16,26,402.5,7,8,275.0,8,12,325.0,3,27,30,6,9,4,3,6,7,83,77,53,36,277.0548980933596,22.080539119000658,4.669296515450362,11.63182117028271,486.301775147929,440.11111111111114,315.5401051939514,34.45529257067719,10
44,Bones Hyland,LA Clippers,PG,95,188,37,91,343.1,4,5,250.0,17,49,272.1,2,27,29,42,18,10,15,1,-19,166,124,137,71,1246.2544378698226,67.60428994082841,120.45340236686391,39.84097633136094,2394.0,1563.6072485207103,2007.8350591715973,256.86982248520707,10
45,Bradley Beal,Phoenix Suns,SG,159,336,61,120,499.90000000000003,11,12,250.0,26,46,530.8,12,34,46,54,19,9,21,10,16,259,205,213,100,586.95625,48.625,84.0,34.425,503.65625,584.55625,536.65625,102.025,10
46,Brandin Podziemski,Golden State Warriors,G,87,243,36,71,513.3,4,5,200.0,11,24,423.3,16,40,56,29,17,5,9,0,32,172,143,116,85,187.0,60.7114186851211,41.16332179930795,10.903114186851212,392.40276816608997,222.25259515570934,313.6456747404844,145.37923875432526,10
47,Brandon Boston Jr.,LA Clippers,SG,77,162,32,72,491.6,7,15,316.7,6,24,155.5,8,18,26,4,17,4,7,6,-41,107,103,81,30,367.924,56.144000000000005,4.724,6.724,746.344,646.5,439.4,89.23600000000002,10
48,Brandon Clarke,Memphis Grizzlies,PF,68,134,33,59,329.5,1,7,50.0,1,6,100.0,13,19,32,9,8,5,3,6,-8,109,100,77,41,89.03999999999999,33.76,9.5216,0.8335999999999999,105.0896,89.76,92.1776,55.4736,6
49,Brandon Ingram,New Orleans Pelicans,SF,180,306,68,138,496.2,36,43,724.5,8,27,260.0,6,50,56,54,24,6,19,7,49,290,236,234,110,670.2437673130194,25.364265927977836,44.40443213296399,6.5318559556786715,720.3393351800554,826.6662049861496,558.8476454293628,74.83795013850416,10
50,Brandon Miller,Charlotte Hornets,F,222,358,78,164,477.7,30,33,796.7,36,89,408.6,7,41,48,26,25,8,21,8,-69,296,270,248,74,499.0737055152639,34.315736211840104,12.575476471580366,38.99578343734188,616.4503288918872,660.894585933547,445.5206611570247,56.0,10
51,Brandon Williams,Dallas Mavericks,G,7,24,2,9,83.3,3,4,100.0,0,2,0.0,1,1,2,4,1,0,1,0,-12,13,9,11,6,17.612244897959183,3.510204081632653,4.183673469387756,0.0,31.04081632653061,15.448979591836734,28.591836734693878,12.30612244897959,4
52,Braxton Key,Denver Nuggets,F,2,6,1,1,100.0,0,1,0.0,0,0,0.0,1,1,2,0,1,0,0,0,2,4,4,2,2,0.6173469387755104,1.0,0.12755102040816327,0.12755102040816327,2.040816326530612,3.1887755102040813,0.18367346938775514,0.4132653061224489,1
53,Brice Sensabaugh,Utah Jazz,F,98,226,31,85,347.6,19,22,513.3,17,49,336.7,5,38,43,29,18,6,18,4,-95,170,141,127,72,579.4919885309496,36.85090234440884,24.77028166638556,42.78512396694215,762.8119413054478,663.2725586102209,640.0612244897959,100.59133074717491,10
54,Brook Lopez,Milwaukee Bucks,C,127,298,45,88,535.8,17,23,441.8,20,49,415.5,14,34,48,12,22,4,15,19,6,187,175,139,60,263.0154503616042,45.95036160420776,13.220578566732414,26.369822485207102,448.92472057856673,462.63313609467457,255.0,53.47797501643655,10
55,Bruce Brown,Toronto Raptors,SF,103,262,40,79,492.9,17,25,583.3,6,17,275.0,9,22,31,33,19,8,20,0,-119,167,134,136,64,181.54890738813737,44.7684703433923,42.450052029136316,8.401664932362124,424.283558792924,242.42663891779398,345.6233090530697,105.00104058272633,10
56,Bruno Fernando,Atlanta Hawks,PF,79,204,30,50,556.1,19,29,475.1,0,0,0.0,12,34,46,19,37,5,14,6,-47,144,125,98,65,135.48614958448752,43.51246537396122,16.29639889196676,0.0,178.43351800554018,189.4972299168975,153.39196675900277,30.8393351800554,10
57,Bryce McGowens,Charlotte Hornets,G,31,118,10,26,266.6,9,12,316.7,2,8,150.0,1,15,16,6,9,4,2,4,2,53,47,37,22,80.30625,13.45625,7.0249999999999995,1.625,140.5,114.125,104.25625000000001,22.90625,10
58,Buddy Boeheim,Detroit Pistons,F,22,57,7,19,133.3,2,2,100.0,6,17,126.19999999999999,0,6,6,3,4,0,0,1,16,31,28,25,9,108.74297606659731,9.758584807492197,7.276795005202914,6.582726326742975,241.71383975026012,173.41311134235167,166.77939646201875,27.299687825182108,4
59,Buddy Hield,Philadelphia 76ers,SG,100,225,36,83,429.1,9,10,550.0,19,53,362.8,12,20,32,15,17,6,11,3,21,147,132,115,47,214.4280618311534,24.323160258950985,18.717532038578412,22.978332672744088,327.21878715814506,304.591887964064,239.8328709208614,40.2627824019025,10
60,CJ McCollum,New Orleans Pelicans,SG,267,385,99,221,450.3,24,24,600.0,45,104,428.3,9,43,52,56,15,9,20,3,50,375,319,323,108,530.4384295062465,54.67221891731112,35.97025580011898,23.16389054134444,727.7911957168352,768.5621653777514,497.4366448542534,82.87328970850683,10
61,Cade Cunningham,Detroit Pistons,PG,241,313,92,212,430.3,40,44,808.3,17,55,297.1,9,44,53,75,18,11,31,2,-38,369,294,316,128,702.373472159348,53.42462652784065,52.55545495699411,12.217745586238117,842.2865550022635,783.9945676776822,690.806699864192,175.83884110457223,10
62,Caleb Houstan,Orlando Magic,G,34,135,11,33,268.3,2,2,100.0,10,31,260.0,5,5,10,3,9,2,1,0,-6,47,44,37,13,96.83553875236295,6.042533081285443,2.168241965973535,10.170132325141775,106.13705103969754,104.60586011342154,94.25897920604915,12.318525519848771,10
63,Caleb Martin,Miami Heat,SF,81,265,30,86,352.4,12,16,401.7,9,40,341.7,7,20,27,30,13,5,12,6,7,138,108,111,57,361.23268698060946,31.14404432132964,34.15685595567867,5.269044321329639,555.4532548476454,468.3434903047091,445.06959833795014,68.57375346260388,10
64,Cam Reddish,Los Angeles Lakers,SF,21,143,6,25,153.3,5,8,116.7,4,13,166.6,7,5,12,1,7,3,1,3,-37,34,33,22,13,74.95716835217132,17.828673408685308,0.9000594883997621,2.4116597263533612,68.92563950029745,74.61451516954195,71.66091612135634,16.33610945865556,10
65,Cam Thomas,Brooklyn Nets,SG,261,370,87,204,426.7,63,70,921.4,24,71,296.9,4,38,42,35,19,5,22,4,-42,338,303,296,77,339.68515017853395,41.61016593152699,50.52572988867885,30.84772106700273,546.4444444444446,346.1199327872296,539.9773156899811,92.16824196597354,10
66,Cam Whitmore,Houston Rockets,F,128,202,48,110,421.4,16,23,421.7,16,49,311.2,16,24,40,4,10,7,8,4,-10,172,168,132,44,205.2752839372634,62.43807463493781,2.4424012979989183,8.546241211465656,408.302866414278,380.0,227.85073012439153,70.60789616008654,10
67,Cameron Johnson,Brooklyn Nets,SF,108,244,35,86,416.4,19,22,650.0,19,52,360.6,6,30,36,16,14,8,9,2,-48,160,144,124,52,173.22679945676776,34.55138071525577,13.834314169307378,12.318243549117248,429.09823449524674,306.494341330919,261.5174287007696,82.69895880488909,10
68,Cameron Payne,Philadelphia 76ers,PG,91,210,34,82,502.79999999999995,2,2,100.0,21,48,410.0,6,20,26,35,23,11,14,4,20,152,117,126,61,576.8615916955017,98.8968858131488,28.343944636678202,34.187543252595155,893.5086505190312,799.0,601.6110726643599,197.0,10
69,Caris LeVert,Cleveland Cavaliers,SG,138,305,50,112,437.6,23,27,660.7,15,43,364.2,5,42,47,39,20,14,25,7,-32,224,185,177,86,533.4626038781164,30.1398891966759,96.601108033241,8.839335180055402,715.5360110803325,663.8573407202216,555.3545706371191,156.5277008310249,10
70,Cason Wallace,Oklahoma City Thunder,G,66,216,26,59,437.0,4,4,100.0,10,23,400.0,4,20,24,19,15,14,9,5,-5,109,90,85,43,215.3356401384083,14.512110726643597,23.32387543252595,16.4,345.32387543252594,251.6955017301038,298.6,48.2,10
71,Cedi Osman,San Antonio Spurs,SF,70,175,27,53,472.5,1,2,50.0,15,32,373.7,2,23,25,12,17,3,5,2,-40,107,95,82,37,235.14724245577526,36.54162330905307,29.950052029136323,16.565036420395423,418.56711758584805,316.12591050988556,295.82986472424557,108.2502601456816,10
72,Charlie Brown Jr.,New York Knicks,G,3,27,1,5,20.0,0,0,0.0,1,3,33.3,1,1,2,0,4,0,0,1,-6,5,5,3,2,6.12,2.7200000000000006,0.0,0.6800000000000002,17.0,17.0,6.12,2.7200000000000006,2
73,Chet Holmgren,Oklahoma City Thunder,PF,135,269,45,102,400.9,33,44,696.4,12,42,240.1,11,63,74,15,30,5,19,17,30,224,209,150,89,453.5868512110727,35.42283737024221,14.923875432525952,12.15363321799308,742.8650519031141,630.5778546712802,545.1750865051904,71.0456747404844,10
74,Chimezie Metu,Detroit Pistons,PF,97,289,39,76,514.9,14,15,487.5,5,25,191.6,14,47,61,21,27,18,17,7,-52,179,158,118,82,351.9340277777778,72.125,14.125,4.65625,608.9340277777778,586.6006944444445,382.51736111111114,78.0,10
75,Chris Boucher,Toronto Raptors,PF,69,120,25,35,573.3,15,18,500.0,4,12,216.7,13,27,40,5,11,1,9,5,7,114,109,74,45,142.20987654320987,47.580246913580254,5.913580246913581,4.0246913580246915,410.0,329.0246913580247,192.69135802469134,83.98765432098766,8
76,Chris Duarte,Sacramento Kings,SG,45,120,16,42,369.2,4,4,200.0,9,28,306.0,6,10,16,5,6,5,4,3,-27,66,61,50,21,158.57828719723184,20.607698961937714,6.502162629757785,6.9031141868512105,314.1786332179931,248.5,204.21453287197232,47.15224913494809,10
77,Chris Livingston,Milwaukee Bucks,F,0,6,0,2,0.0,0,0,0.0,0,2,0.0,0,1,1,1,4,0,1,0,-10,2,1,1,2,0.308641975308642,0.5216049382716049,0.8919753086419753,0.0,1.234567901234568,0.027777777777777766,0.15123456790123452,2.777777777777778,1
78,Chris Paul,Golden State Warriors,PG,84,249,35,77,415.9,3,4,150.0,11,32,316.6,1,34,35,62,16,13,22,2,62,181,119,146,97,173.9345367982543,40.595318389208494,61.645705217218804,5.283277127554057,389.41817099781787,243.18051973814718,283.5532632414204,138.85994842293195,10
79,Christian Braun,Denver Nuggets,G,88,268,35,76,440.5,7,11,225.0,11,25,416.6,18,29,47,28,17,8,7,4,55,163,135,116,75,268.1844140392624,48.18352171326592,58.0,7.243604997025581,598.4559785841761,433.62671029149317,425.9892920880428,113.20791195716836,10
80,Christian Wood,Los Angeles Lakers,F,59,133,22,51,477.0,11,14,450.0,4,19,225.0,6,28,34,6,12,5,5,2,-14,99,93,65,40,153.90277777777777,54.402777777777786,4.625,2.4444444444444446,305.125,285.0,156.7777777777778,76.27777777777777,10
81,Chuma Okeke,Orlando Magic,PF,2,40,0,6,0.0,2,2,100.0,0,5,0.0,0,5,5,2,2,2,3,0,-23,9,7,4,7,3.6218836565096955,3.0775623268698062,1.466759002770083,0.0041551246537396115,7.603878116343489,6.835180055401662,3.362880886426592,5.572022160664819,6
82,Clint Capela,Atlanta Hawks,C,121,289,51,81,646.6,19,35,317.9,0,0,0.0,39,73,112,18,17,9,16,14,23,251,233,139,130,149.29482206105584,69.60431776016192,9.61140158542756,0.0,213.24489795918367,182.5817169843144,159.17203575645135,100.00168662506324,10
83,Coby White,Chicago Bulls,PG,158,349,58,149,380.9,23,28,610.0,19,63,296.8,4,34,38,48,25,3,15,1,-42,244,196,206,86,425.0064279155189,23.29843893480257,80.2791551882461,11.61111111111111,599.7777777777778,476.6427915518824,568.793388429752,82.92561983471074,10
84,Cody Martin,Charlotte Hornets,SF,69,285,28,76,367.2,6,7,250.0,7,30,228.2,6,44,50,42,15,11,20,7,-28,161,119,111,92,111.0,28.18685121107267,64.68512110726644,2.6816608996539792,183.02076124567472,112.9515570934256,173.33217993079583,100.60899653979239,10
85,Cody Zeller,New Orleans Pelicans,C,7,31,3,6,200.0,1,2,50.0,0,0,0.0,5,10,15,3,5,2,3,0,14,25,22,10,18,3.5986159169550174,5.7301038062283745,3.667820069204152,0.0,22.92041522491349,14.98961937716263,7.730103806228373,13.197231833910033,5
86,Colby Jones,Sacramento Kings,G,17,63,7,23,199.89999999999998,2,4,100.0,1,9,16.7,6,9,15,10,13,3,3,3,28,42,32,27,25,30.131714876033058,13.107438016528928,11.603305785123966,0.8631198347107438,130.9085743801653,72.79287190082644,73.4375,39.52066115702478,7
87,Cole Anthony,Orlando Magic,PG,112,212,43,99,391.1,7,8,350.0,19,44,335.2,4,28,32,27,9,7,13,5,4,171,144,139,59,648.9452154857561,49.612856099342586,46.745434623813004,34.5,1244.3728999269538,988.5682980277575,857.8294375456537,143.27867056245435,10
88,Cole Swider,Miami Heat,F,19,44,6,16,104.7,2,2,100.0,5,13,116.7,0,5,5,1,1,0,4,0,-18,25,24,20,6,136.80165289256198,2.371900826446281,0.8202479338842975,12.041322314049586,164.50619834710744,167.12396694214874,134.0103305785124,3.3657024793388426,5
89,Colin Castleton,Los Angeles Lakers,C,0,12,0,2,0.0,0,0,0.0,0,0,0.0,0,1,1,0,3,1,2,0,-16,1,1,0,1,1.4398530762167128,0.5775941230486685,0.0,0.0,1.348943985307622,1.348943985307622,1.4398530762167128,0.5775941230486685,2
90,Collin Gillespie,Denver Nuggets,G,53,125,19,43,306.4,4,7,200.0,11,25,283.3,0,15,15,18,12,7,9,0,24,86,68,71,33,240.98573127229488,12.9833531510107,37.600475624256845,15.451843043995245,401.7074910820452,279.602853745541,336.38168846611177,77.29250891795482,8
91,Collin Sexton,Utah Jazz,PG,208,319,78,161,480.5,41,49,859.9,11,39,239.89999999999998,11,19,30,60,20,8,27,4,-116,298,238,268,90,229.79733560090702,22.409580498866216,38.02267573696145,13.719104308390023,417.60204081632656,315.6383219954649,339.953798185941,52.23951247165533,10
92,Corey Kispert,Washington Wizards,SF,190,381,70,139,513.8,17,23,525.0,33,77,454.5,6,36,42,24,22,8,18,1,-42,256,232,214,66,300.9716553287982,102.17233560090703,33.81519274376417,23.662131519274375,544.0770975056689,552.1734693877552,305.3877551020409,123.47505668934241,10
93,Cory Joseph,Golden State Warriors,PG,27,71,10,16,316.7,0,0,0.0,7,11,316.7,2,9,11,6,6,0,1,0,9,44,38,33,17,31.2,10.8,2.8000000000000003,3.2,28.8,47.2,21.2,5.2,5
94,Craig Jr. Porter,Cleveland Cavaliers,G,64,136,27,52,425.3,5,6,300.0,5,12,175.0,6,17,23,24,4,3,8,2,-29,111,87,88,47,367.0864197530864,43.19753086419753,21.960493827160487,9.538271604938274,739.8444444444444,595.5679012345679,491.3827160493827,85.13827160493827,10
95,D'Angelo Russell,Los Angeles Lakers,PG,190,361,62,158,389.0,28,30,550.0,38,98,356.6,2,40,42,59,18,13,30,3,46,291,232,249,101,477.01972242512784,38.634404674945216,119.00840029218408,43.632213294375454,808.0533235938641,558.2647918188459,670.8754565376187,213.5756026296567,10
96,D.J. Carton,Toronto Raptors,G,8,31,2,7,83.3,3,4,150.0,1,4,50.0,2,1,3,3,1,1,1,0,-30,14,11,11,6,8.666666666666668,2.0,2.0,0.6666666666666667,8.666666666666666,2.6666666666666665,18.666666666666668,0.0,3
97,D.J. Wilson,Philadelphia 76ers,F,10,14,4,6,66.7,0,0,0.0,2,2,100.0,1,1,2,2,1,0,0,2,4,14,12,12,4,19.75308641975309,0.7901234567901234,0.7901234567901234,0.7901234567901234,38.71604938271605,28.444444444444443,28.444444444444443,3.1604938271604937,1
98,DaQuan Jeffries,New York Knicks,SG,0,7,0,2,0.0,0,0,0.0,0,2,0.0,0,0,0,3,0,0,1,0,7,3,0,3,3,0.39889196675900274,0.0,5.609418282548476,0.04432132963988919,3.0166204986149587,0.39889196675900274,3.0166204986149587,5.609418282548476,1
99,Daishen Nix,Minnesota Timberwolves,SG,5,12,2,5,66.7,0,0,0.0,1,3,50.0,0,1,1,3,1,2,1,0,13,9,6,8,4,14.5,0.53125,5.0,0.5703125,5.78125,10.53125,6.5,8.78125,2
100,Dalano Banton,Portland Trail Blazers,G,201,334,77,182,415.1,24,30,760.0,23,74,298.6,8,45,53,47,13,11,26,5,-85,301,254,248,100,615.1640625,86.65625,90.2,16.856250000000003,1373.6515625,858.2265625,1096.6390625,210.80624999999998,10
101,Dalen Terry,Chicago Bulls,F,30,146,14,30,297.5,1,2,50.0,1,12,33.3,9,14,23,15,14,4,5,5,12,68,53,45,38,131.08087821354852,40.10001876524676,26.55676487145806,1.1568774629386378,315.24413586038656,253.18990429724153,160.13304559954966,99.65884781384875,10
102,Damian Jones,Cleveland Cavaliers,C,59,124,23,38,577.9,13,15,650.0,0,6,0.0,14,24,38,4,14,4,7,7,-35,101,97,63,42,199.6998377501352,85.53704705246078,2.4002163331530553,0.0,420.1444023796647,401.0,201.08328826392645,105.6982152514873,10
103,Damian Lillard,Milwaukee Bucks,PG,248,369,81,181,449.2,54,61,783.7,32,84,392.0,3,42,45,78,25,7,33,4,29,371,293,326,123,628.0833147694365,10.594118957451549,83.62887057251058,19.66495878814881,896.6974827355758,634.664067721096,904.0124749387392,80.32724437513923,10
104,Daniel Gafford,Dallas Mavericks,C,105,243,51,64,786.0,3,11,100.0,0,0,0.0,19,46,65,24,27,9,9,24,50,194,170,129,89,347.14418533760096,163.1268099375095,31.629324798049076,0.0,789.2235939643347,661.8698369151044,387.7267184880354,281.5273586343545,10
105,Daniel Theis,LA Clippers,C,46,135,19,36,419.7,3,3,200.0,5,10,350.0,9,26,35,11,14,1,7,6,4,92,81,57,46,175.2576530612245,17.90625,9.03061224489796,4.512755102040816,295.71747448979596,269.3603316326531,201.7576530612245,26.79400510204082,10
106,Danilo Gallinari,Milwaukee Bucks,PF,23,88,7,16,366.7,7,9,275.0,2,9,200.0,2,8,10,8,9,3,4,1,-19,41,33,31,18,53.98224852071005,4.059171597633136,9.651545036160421,1.8527284681130833,72.85667324128862,53.0,67.7284681130835,19.821170282708742,10
107,Dante Exum,Dallas Mavericks,G,63,229,23,50,444.6,4,4,200.0,13,28,506.7,5,28,33,31,17,2,9,0,83,127,96,94,64,225.84520058811177,55.08149548414199,23.366309598823783,8.100189035916824,324.36819995799203,306.42722117202266,263.33795421130014,58.89603024574669,10
108,Danuel House Jr.,Philadelphia 76ers,SF,42,143,14,30,276.3,13,15,466.7,1,11,33.3,6,11,17,7,16,7,3,3,-26,66,59,49,24,42.0,11.714285714285715,8.0,0.8571428571428572,41.714285714285715,51.714285714285715,40.0,11.714285714285715,7
109,Dario Saric,Golden State Warriors,PF,28,107,12,33,298.3,2,3,100.0,2,17,83.3,6,15,21,18,5,0,13,0,-31,67,49,46,39,52.0,27.193877551020407,15.673469387755102,2.1224489795918364,146.1326530612245,98.90816326530613,72.53061224489795,69.56122448979592,10
110,Darius Bazley,Utah Jazz,F,26,88,8,16,156.7,9,11,260.0,1,5,33.3,4,11,15,2,1,4,4,3,-21,43,41,28,17,29.120000000000005,5.0,2.72,0.6800000000000002,43.08000000000001,57.319999999999986,19.680000000000003,2.920000000000001,3
111,Darius Garland,Cleveland Cavaliers,PG,150,334,58,139,405.2,14,17,610.0,20,59,304.9,5,29,34,79,16,16,29,2,-2,263,184,229,113,493.388559525717,23.369652299311007,102.92180740265982,16.847620573626024,626.9698766223362,561.0325268386476,514.5763499439192,171.04101906745714,10
112,David Duke Jr.,San Antonio Spurs,G,6,18,2,8,25.0,2,2,100.0,0,2,0.0,1,6,7,4,1,1,1,0,-5,17,13,10,11,3.2399999999999993,17.64,3.2399999999999993,0.36,60.84000000000001,36.0,12.959999999999997,36.0,1
113,David Roddy,Phoenix Suns,F,61,130,25,53,522.0,6,10,241.7,5,20,143.3,4,15,19,11,5,1,10,0,-72,91,80,72,30,460.6663516068053,53.41115311909263,19.907372400756145,9.426275992438564,888.9697542533081,704.982986767486,625.0179584120983,92.95368620037807,10
114,Davion Mitchell,Sacramento Kings,PG,94,218,35,73,474.2,9,13,325.0,15,34,380.5,6,18,24,24,12,3,4,0,11,142,118,118,48,239.44321254732284,38.255543537047046,18.94672796106003,16.35100054083288,335.078691184424,312.1590048674959,227.2958355868037,92.26933477555437,10
115,Davis Bertans,Charlotte Hornets,SF,95,219,32,75,406.9,7,7,400.0,24,62,380.09999999999997,2,17,19,8,18,9,6,3,-48,122,114,103,27,174.21571098508716,17.20751942869145,13.610165931526991,21.206889308968705,266.9413988657845,278.8199957992019,172.62528880487295,20.529510607015332,10
116,Day'Ron Sharpe,Brooklyn Nets,C,49,129,22,47,507.3,5,7,166.7,0,3,0.0,30,32,62,10,19,1,14,7,-16,121,111,59,72,63.21890261419132,204.6906061476587,10.563056592933066,0.025854639471416266,423.1683424303361,359.4711289859236,95.55443837977592,246.61534041941968,10
117,De'Aaron Fox,Sacramento Kings,PG,261,375,93,219,419.7,39,47,802.2,36,97,362.6,10,50,60,52,25,20,19,5,49,373,321,313,112,459.9027777777778,29.940192743764175,88.23696145124717,48.908163265306115,534.3866213151927,553.2040816326531,443.0841836734694,116.1782879818594,10
118,De'Andre Hunter,Atlanta Hawks,SF,170,349,62,141,428.7,22,31,640.4,24,75,323.4,7,49,56,25,23,5,21,1,19,251,226,195,81,348.4432132963989,174.75242382271466,15.410318559556789,14.55297783933518,840.2853185595568,791.7662742382272,380.125,207.0,10
119,De'Anthony Melton,Philadelphia 76ers,SG,28,59,9,29,97.2,4,4,200.0,6,19,95.0,1,7,8,8,4,4,1,1,7,44,36,36,16,135.7777777777778,4.444444444444445,4.444444444444445,9.111111111111112,206.0,166.44444444444446,166.44444444444446,17.77777777777778,4
120,DeAndre Jordan,Denver Nuggets,C,36,95,16,28,411.8,4,4,200.0,0,0,0.0,12,27,39,7,11,1,4,3,-25,82,75,43,46,172.4770969660916,93.10707911957168,10.110053539559788,0.0,506.0,443.0368828078524,210.13146936347414,128.5258774538965,10
121,DeJon Jarreau,Memphis Grizzlies,F,43,150,17,50,308.3,5,11,250.0,4,13,141.7,8,36,44,26,14,6,9,2,-24,113,87,69,70,91.06473517428701,103.67089180624716,51.81167949298326,4.319601629696695,444.5889542779538,218.2358533272974,202.0905387052965,270.8098687188774,9
122,DeMar DeRozan,Chicago Bulls,SF,271,381,99,202,485.1,69,85,819.3,4,22,133.3,1,40,41,55,19,13,30,4,2,367,312,326,96,282.2890625,43.464062500000004,76.65625,2.90625,436.32499999999993,376.60625,355.6015625,106.5265625,10
123,Dean Wade,Cleveland Cavaliers,PF,46,178,15,35,260.2,5,7,216.7,11,31,233.4,4,27,31,7,8,3,1,9,-23,84,77,53,38,468.50000000000006,35.125,6.125,31.525000000000006,718.8,714.725,466.12499999999994,47.699999999999996,10
124,Deandre Ayton,Portland Trail Blazers,C,232,350,107,186,576.8,17,21,263.9,1,6,100.0,39,81,120,16,15,7,20,8,-118,368,352,248,136,529.1111111111111,92.1,8.411111111111111,0.9111111111111112,935.3777777777777,916.2777777777777,544.1444444444444,104.57777777777777,10
125,Dejounte Murray,Atlanta Hawks,SG,241,385,95,220,440.0,15,22,591.7,36,98,382.4,10,52,62,99,21,18,34,4,27,402,303,340,161,731.0391190006574,91.13905325443787,122.0913872452334,25.11111111111111,1059.4976988823141,964.8527284681131,787.6308349769888,251.2836949375411,10
126,Delon Wright,Miami Heat,SG,45,200,17,49,375.0,6,8,200.0,5,18,225.0,5,15,20,23,8,11,2,1,21,88,65,68,43,87.125,13.06878698224852,21.119082840236686,4.50369822485207,91.63091715976331,97.82840236686391,86.84023668639053,28.275147928994084,10
127,Deni Avdija,Washington Wizards,SF,188,359,65,134,475.0,43,57,746.7,15,43,347.4,11,81,92,45,23,8,27,8,0,325,280,233,137,388.134765625,98.0,53.57666015625,10.52197265625,825.38134765625,722.009765625,472.19384765625,170.88916015625,10
128,Dennis Schroder,Brooklyn Nets,PG,158,333,57,139,411.8,25,26,787.5,19,54,394.5,12,40,52,64,22,5,17,5,25,274,210,222,116,573.3553719008264,38.601450497554396,61.798954292460785,34.91836734693877,871.7655591162085,632.0678023275425,778.899308483724,134.55422499578344,10
129,Dennis Smith Jr.,Brooklyn Nets,PG,58,167,21,46,487.1,8,11,383.3,8,22,348.3,5,13,18,28,22,16,11,0,3,104,76,86,46,78.47147022074135,17.85339441899209,40.0,4.21990837151187,181.54768846314036,139.3027905039567,112.87963348604748,65.69012911286964,10
130,Dereck II Lively,Dallas Mavericks,C,94,185,45,59,763.7,4,11,150.0,0,0,0.0,16,46,62,8,15,5,6,12,19,164,156,102,70,349.4128943758573,62.45610425240055,9.660493827160494,0.0,659.2345679012345,560.9444444444445,434.4478737997257,85.37174211248285,10
131,Derrick Jones Jr.,Dallas Mavericks,SF,77,241,27,68,410.3,13,18,450.0,10,33,251.9,10,18,28,10,16,7,7,10,47,115,105,87,38,165.38807883352027,17.605191475725043,12.07851305880468,6.640922929017786,182.58628424931902,181.53196603108478,162.48277519628266,33.643326390001604,10
132,Derrick Rose,Memphis Grizzlies,PG,49,95,20,37,377.7,5,6,266.7,4,8,233.3,0,15,15,21,3,1,9,0,-9,85,64,70,36,70.0,14.857142857142858,12.0,3.7142857142857144,188.85714285714286,116.85714285714286,128.0,40.857142857142854,7
133,Derrick White,Boston Celtics,PG,169,350,57,128,449.2,21,23,755.6,34,87,407.5,8,43,51,66,20,8,13,6,70,286,220,235,117,254.447265625,95.556640625,72.1015625,18.994140625,816.0390625,564.65625,452.916015625,220.572265625,10
134,Desmond Bane,Memphis Grizzlies,SG,93,165,30,80,183.4,19,21,366.7,14,40,172.9,2,14,16,34,14,5,13,2,-54,143,109,127,50,267.2,8.8,114.79999999999998,4.8,701.1999999999999,362.8,587.2,142.0,5
135,Devin Booker,Phoenix Suns,SG,278,363,95,194,446.6,61,67,921.2,27,77,273.5,7,28,35,73,28,9,34,5,49,386,313,351,108,1693.4140625,45.525,75.6015625,64.85625,1692.5,1676.9265625,1706.125,123.9890625,10
136,Devin Vassell,San Antonio Spurs,SG,193,373,77,163,440.2,18,21,691.7,21,61,312.3,0,33,33,47,16,12,18,1,-43,273,226,240,80,806.4410104810535,25.71969900564364,52.6495565708143,24.90217683418436,1079.5020155872078,846.0,1027.3222252082774,90.99005643644182,10
137,Devonte' Graham,San Antonio Spurs,PG,56,170,19,60,276.6,6,6,300.0,12,48,242.2,1,17,18,23,10,6,9,1,-15,97,74,79,41,326.70339761248846,7.617998163452708,45.10835629017448,15.867768595041323,549.0,354.0477502295684,518.921028466483,55.46097337006428,10
138,Dillon Brooks,Houston Rockets,SF,123,312,40,106,357.79999999999995,23,26,519.0,20,58,403.5,3,27,30,19,36,8,9,2,-5,172,153,142,49,656.5238754325259,26.049826989619376,20.941868512110727,22.112110726643596,926.0484429065745,740.8643598615918,811.7993079584774,76.90034602076125,10
139,Domantas Sabonis,Sacramento Kings,PF,155,348,56,119,465.7,42,63,676.7,1,9,33.3,42,99,141,79,31,8,35,8,-1,375,296,234,220,219.90751757706863,113.20091941590049,28.94240129799892,1.0462412114656572,578.445105462412,506.7985397512168,268.5,165.19740400216332,10
140,Dominick Barlow,San Antonio Spurs,F,57,150,21,38,506.6,15,18,416.6,0,1,0.0,19,22,41,15,19,4,4,3,10,113,98,72,56,290.46020761245677,81.13667820069205,45.74567474048443,0.0,715.5397923875432,590.5,425.3581314878893,117.0242214532872,10
141,Donovan Mitchell,Cleveland Cavaliers,SG,181,345,57,144,382.2,34,40,723.8,33,82,388.3,2,36,38,52,23,13,31,7,-63,271,219,233,90,561.4681130834978,29.75147928994083,47.32544378698225,28.597633136094675,789.732412886259,711.8744247205786,633.5036160420775,82.89940828402366,10
142,Donte DiVincenzo,New York Knicks,SG,228,378,78,161,475.9,18,23,638.3,54,121,441.9,7,37,44,30,24,15,18,8,78,302,272,258,74,742.8449931412894,19.23456790123457,22.001524157902757,65.59823197683279,906.8428593202257,849.5034293552812,798.2557536960829,43.16476146928822,10
143,Dorian Finney-Smith,Brooklyn Nets,PF,59,287,23,61,357.5,7,10,350.0,6,35,181.6,12,34,46,16,15,11,9,5,-50,121,105,75,62,170.87530233808116,38.64767535608708,6.6374630475678575,5.748454716474066,204.79252889008333,170.7446922870196,212.60816984681537,37.60010749798441,10
144,Doug McDermott,Indiana Pacers,SF,41,117,15,37,270.8,0,0,0.0,11,32,248.7,0,7,7,8,12,5,3,0,1,56,48,49,15,199.08595041322315,8.100826446280994,9.652892561983471,14.907438016528927,318.87603305785126,227.81157024793387,287.33719008264467,20.56694214876033,10
145,Draymond Green,Golden State Warriors,PF,96,300,39,71,540.5,8,13,300.0,10,24,261.4,14,57,71,59,30,19,25,8,70,226,167,155,130,302.3321995464853,31.125,77.15447845804988,24.958049886621314,582.9081632653061,309.00481859410434,571.9617346938775,112.55328798185943,10
146,Drew Eubanks,Phoenix Suns,PF,43,163,16,31,450.0,11,13,455.0,0,0,0.0,16,30,46,10,18,3,5,11,-7,99,89,53,56,86.15401364494122,32.91304978951952,14.284511540136448,0.0,73.93482363187691,59.13412686892147,80.19059370010162,67.96167803745101,10
147,Duncan Robinson,Miami Heat,F,100,267,35,88,343.1,8,9,350.0,22,70,236.3,3,26,29,19,26,7,17,2,-38,148,129,119,48,718.6760000000002,23.799999999999997,31.576,45.796,1094.0839999999998,804.9159999999999,997.6039999999999,65.616,10
148,Duop Reath,Portland Trail Blazers,C,90,188,37,83,406.8,6,7,300.0,10,40,220.0,9,31,40,13,24,5,7,4,-22,143,130,103,53,431.5799100014516,36.71214980403541,23.577151981419657,10.052257221657715,776.1484976048772,634.5318623893163,548.8989693714618,84.58687763100595,10
149,Dwight Powell,Dallas Mavericks,C,19,111,7,13,450.0,5,10,300.0,0,0,0.0,12,18,30,6,17,2,5,2,-12,55,49,25,36,37.40453686200379,57.15689981096409,2.7495274102079392,0.0,151.35822306238185,133.21550094517957,41.85727788279773,73.59640831758034,10
150,Dylan Windler,Atlanta Hawks,G,28,67,10,18,163.8,0,0,0.0,8,16,142.1,3,7,10,3,3,2,2,0,-17,41,38,31,13,144.00510204081633,8.448979591836736,2.9336734693877555,14.29081632653061,214.30612244897958,194.71938775510205,155.0,19.974489795918366,4
151,Dylan Windler,Los Angeles Lakers,G,3,14,1,4,25.0,0,0,0.0,1,4,25.0,0,1,1,2,1,0,0,0,-7,6,4,5,3,12.21683673469388,2.7959183673469385,0.43112244897959184,0.931122448979592,15.224489795918366,20.43112244897959,9.0,1.237244897959184,2
152,Dyson Daniels,New Orleans Pelicans,G,72,241,30,58,490.5,2,4,100.0,10,24,313.3,12,33,45,30,21,21,10,6,6,147,117,102,75,165.60034602076124,42.71626297577855,24.13840830449827,14.008650519031141,194.11245674740482,176.33391003460207,153.7249134948097,96.50865051903114,10
153,Emoni Bates,Cleveland Cavaliers,F,16,23,6,12,102.9,0,2,0.0,4,8,100.0,0,1,1,1,0,0,1,0,-3,18,17,17,2,35.47107438016529,0.8347107438016528,0.5371900826446281,3.338842975206611,44.99173553719009,41.0,40.23966942148761,0.5950413223140495,2
154,Eric Gordon,Phoenix Suns,SG,67,220,24,66,361.4,4,5,266.7,15,48,278.3,0,8,8,8,9,12,6,2,26,83,75,75,16,165.34976988823144,7.567718606180145,11.636094674556212,15.36949375410914,179.99408284023664,152.8905325443787,184.36061801446417,27.29651545036161,10
155,Eugene Omoruyi,Washington Wizards,F,40,127,15,39,433.4,8,16,291.7,2,12,100.0,9,13,22,7,18,8,5,3,-60,69,62,47,29,40.075614366729674,17.637051039697543,6.465973534971645,3.622873345935728,50.050094517958414,67.81852551984878,30.874291115311912,15.535916824196597,10
156,Evan Fournier,Detroit Pistons,SG,67,213,24,74,288.1,10,12,300.0,9,41,219.3,1,16,17,19,12,9,6,4,-59,103,84,86,36,417.09775762156715,10.10909549004787,29.602670697908795,9.221718316956412,490.16553287981856,507.5973796926178,390.4257999496094,48.95187704711515,10
157,Evan Mobley,Cleveland Cavaliers,PF,166,295,62,105,582.5,31,42,746.7,11,22,500.0,15,54,69,37,21,11,16,12,-14,272,235,203,106,236.45289256198345,87.15537190082644,50.107438016528924,5.416528925619836,420.37355371900827,363.6578512396694,288.2,142.2314049586777,10
158,Frank Ntilikina,Charlotte Hornets,PG,5,39,1,8,50.0,2,2,100.0,1,7,50.0,1,4,5,3,4,0,0,0,0,13,10,8,8,19.0,7.0,6.84,0.7600000000000002,24.439999999999998,14.0,18.64,24.640000000000004,4
159,Franz Wagner,Orlando Magic,SF,169,297,61,122,498.2,39,47,844.4,8,37,190.0,10,27,37,28,20,8,9,2,26,234,206,197,65,172.02163411048102,42.85255198487712,20.444444444444446,9.84499054820416,295.76769586221377,289.97059441293845,204.25351816845202,36.862213820625925,10
160,Fred VanVleet,Houston Rockets,PG,200,364,70,157,457.2,26,31,725.0,34,90,348.5,5,33,38,70,39,23,15,5,4,308,238,270,108,890.2015625,39.8640625,56.76406249999999,75.45625,999.2390625,1039.90625,880.90625,65.25625000000001,10
161,Furkan Korkmaz,Philadelphia 76ers,SG,41,116,13,29,278.6,7,10,241.7,8,18,258.3,3,12,15,12,6,3,2,2,22,68,56,53,27,292.875,14.875,10.0,20.0,404.0,340.0,363.875,17.875,8
162,GG Jackson,Memphis Grizzlies,F,141,313,49,135,368.3,24,31,750.0,19,67,300.9,7,42,49,24,14,6,18,3,-94,214,190,165,73,184.77777777777783,83.02072854747752,16.64746227709191,6.426306965401615,239.711629324798,258.3581771071484,182.28943758573385,83.50998323426307,10
163,Gabe Vincent,Los Angeles Lakers,PG,2,57,1,10,25.0,0,0,0.0,0,6,0.0,1,2,3,4,5,3,3,0,-6,9,5,6,7,3.0532544378698225,0.7514792899408284,2.0,0.0,4.822485207100591,4.822485207100591,5.053254437869823,0.7514792899408285,4
164,Garrett Temple,Toronto Raptors,SF,56,200,20,50,485.7,7,10,300.0,9,27,353.3,11,19,30,15,20,10,9,3,-70,101,86,71,45,138.45806067816775,34.48185603807258,22.751338488994644,8.904818560380727,255.8173706127305,206.93158834027366,148.6478286734087,95.92920880428316,10
165,Garrison Mathews,Atlanta Hawks,SG,101,197,33,65,588.3,10,11,300.0,25,53,560.6,3,14,17,8,18,3,4,0,-21,126,118,109,25,268.82716049382714,10.57750342935528,13.626886145404661,17.365493065081544,332.3456790123457,316.153635116598,278.44581618655695,30.77777777777777,10
166,Gary Harris,Orlando Magic,SG,61,263,22,53,395.3,3,4,200.0,14,39,370.9,6,16,22,14,16,9,6,1,27,97,83,75,36,187.23495906016376,18.358846564613742,30.462798148807405,12.417230331078677,390.3948024207903,268.18547525809896,284.6076895692417,73.65824136703453,10
167,Gary Payton II,Golden State Warriors,SG,67,174,30,45,679.0,3,5,200.0,4,11,216.7,6,17,23,14,22,9,6,7,46,104,90,81,37,150.89785318559558,44.711911357340725,38.66620498614959,4.403393351800554,206.1402354570637,144.19286703601108,136.4380193905817,159.7853185595568,10
168,Gary Trent Jr.,Toronto Raptors,SG,221,328,82,177,471.4,28,32,713.3,29,77,364.2,5,34,39,29,19,19,7,1,-64,289,260,250,68,452.01111111111106,27.369444444444444,29.07777777777778,53.03611111111111,477.12499999999994,521.1361111111111,404.17777777777775,60.269444444444446,10
169,Georges Niang,Cleveland Cavaliers,SF,92,212,35,74,422.2,3,4,150.0,19,47,359.2,1,22,23,11,24,6,11,2,-20,126,115,103,34,551.0127900059488,23.441403926234383,6.921475312314099,38.900951814396194,462.46311719214754,475.2079119571684,520.332242712671,48.29863176680548,10
170,Giannis Antetokounmpo,Milwaukee Bucks,PF,282,365,114,193,601.8,53,86,543.3,1,11,50.0,40,95,135,72,29,9,37,16,18,489,417,354,207,457.02248520710066,205.16331360946748,50.0,1.3976331360946748,1149.624852071006,1028.1479289940828,528.7763313609468,304.88639053254434,10
171,Goga Bitadze,Orlando Magic,C,32,108,13,23,546.7,6,10,283.3,0,3,0.0,11,15,26,9,12,2,9,9,-9,67,58,41,35,56.825,69.05625,10.30625,0.0,270.325,203.35625,90.15625,113.0,10
172,Gordon Hayward,Oklahoma City Thunder,SF,59,163,20,46,363.8,11,15,316.7,8,16,300.0,2,15,17,11,7,5,6,1,-36,87,76,70,28,311.2485207100592,26.271005917159766,12.3207100591716,9.602366863905328,300.105325443787,329.65207100591715,270.1159763313609,50.17751479289941,10
173,Gradey Dick,Toronto Raptors,G,158,312,60,132,455.8,13,17,404.7,25,63,387.5,4,30,34,7,18,5,13,1,-104,199,192,165,41,368.0803152561456,51.43253893788703,9.89172452617752,28.864890223306436,389.6192531431788,460.0247701257271,319.93676111840875,39.06230061925314,10
174,Grant Williams,Charlotte Hornets,PF,151,318,57,103,554.7,19,27,691.7,18,40,540.3,13,41,54,49,36,6,15,4,-66,254,205,200,103,250.43801939058173,40.95290858725762,91.99722991689751,3.84106648199446,381.7108725761772,306.09452908587264,271.2454986149584,187.75900277008307,10
175,Grayson Allen,Phoenix Suns,SG,113,315,40,96,436.6,15,19,379.2,18,61,256.9,8,38,46,25,18,11,9,5,58,184,159,138,71,297.2015625,58.6015625,27.75625,29.599999999999994,496.02499999999986,419.90625,382.73906249999993,76.93906249999999,10
176,Gui Santos,Golden State Warriors,F,41,117,14,26,422.5,8,9,350.0,5,10,300.0,9,21,30,10,16,2,5,2,-7,81,71,51,40,174.98714416896235,134.0,15.314967860422405,4.557392102846648,628.5371900826445,555.593204775023,198.90082644628097,198.34527089072546,10
177,Harrison Barnes,Sacramento Kings,SF,94,262,32,89,301.5,18,24,455.0,12,43,211.4,10,24,34,10,6,4,9,0,13,138,128,104,44,583.3112493239588,40.4394267171444,10.194699837750136,24.819902650081126,845.0427257977286,738.8912925905895,675.637912385073,64.45889670091941,10
178,Harry III Giles,Brooklyn Nets,F,8,8,3,6,50.0,1,2,50.0,1,1,100.0,2,2,4,2,3,0,0,0,-12,14,12,10,6,49.0,11.430839002267573,3.4489795918367347,0.8185941043083901,149.7709750566893,107.76417233560092,78.44897959183675,27.43764172335601,1
179,Harry III Giles,Los Angeles Lakers,F,2,10,1,4,100.0,0,0,0.0,0,2,0.0,0,1,1,0,0,1,0,0,-15,3,3,2,1,2.0,0.528344671201814,0.04081632653061224,0.018140589569160995,4.63718820861678,4.528344671201814,2.0408163265306123,0.6371882086167799,2
180,Haywood Highsmith,Miami Heat,F,108,274,43,75,516.0,1,5,33.3,21,39,459.5,20,44,64,15,18,10,4,4,34,187,172,123,79,520.5,86.01347797501643,7.369493754109139,30.814266929651545,795.8284023668639,750.1288625904011,551.3310322156476,108.25147928994082,10
181,Herbert Jones,New Orleans Pelicans,SF,103,366,31,77,371.2,28,29,850.0,13,39,311.1,5,24,29,27,31,22,10,6,16,159,132,130,56,196.939513477975,30.66831032215648,8.656476002629848,12.171597633136095,341.8520710059172,272.6446416831032,250.76298487836948,54.708744247205786,10
182,Hunter Tyson,Denver Nuggets,F,0,7,0,3,0.0,0,0,0.0,0,3,0.0,0,1,1,0,1,0,2,0,-1,1,1,0,1,5.4444444444444455,0.7256515775034293,0.034293552812071325,0.16598079561042522,2.7777777777777772,2.194787379972565,6.342935528120714,0.44444444444444453,1
183,I. Thomas,Phoenix Suns,G,5,8,2,4,50.0,0,0,0.0,1,2,50.0,0,0,0,1,0,0,0,0,1,6,5,6,1,14.512471655328797,0.0,0.2743764172335601,0.5804988662131518,18.777777777777775,14.512471655328797,18.777777777777775,0.2743764172335601,1
184,Ibou Badji,Portland Trail Blazers,C,10,41,4,5,250.0,2,4,100.0,0,0,0.0,2,4,6,4,8,0,5,3,-33,20,16,14,10,15.650969529085874,6.0,4.171745152354571,0.0,37.529085872576175,34.80886426592798,21.42382271468144,7.119113573407203,4
185,Immanuel Quickley,Toronto Raptors,SG,221,348,71,161,437.1,55,64,732.2,24,74,315.2,3,53,56,88,20,12,27,2,-49,365,277,309,144,571.4586776859504,89.7892561983471,181.0960743801653,14.764462809917354,1356.3894628099172,814.6859504132232,964.9018595041323,419.1456611570248,10
186,Isaac Okoro,Cleveland Cavaliers,SF,75,282,29,66,454.2,7,14,208.3,10,32,313.1,6,16,22,11,21,4,9,2,-43,108,97,86,33,137.94764981064827,22.63934061038093,20.684116729783916,8.501225217197595,324.2699933169971,253.10380931165074,198.79037647582985,53.646914680329694,10
187,Isaiah Hartenstein,New York Knicks,C,107,253,44,60,750.1,19,28,454.8,0,0,0.0,23,42,65,37,26,17,15,10,114,209,172,144,102,208.2053324099723,124.69390581717452,62.626385041551245,0.0,485.325484764543,486.816135734072,192.0,202.03497229916897,10
188,Isaiah Jackson,Indiana Pacers,SF,67,150,27,41,707.2,13,17,575.0,0,0,0.0,27,23,50,11,20,7,5,11,42,128,117,78,61,111.03332437516798,153.19967750604675,31.88040849234077,0.0,643.890889545821,465.83310937919913,190.8782585326525,283.2929320075249,10
189,Isaiah Joe,Oklahoma City Thunder,SG,108,220,37,73,544.3,8,9,375.0,26,52,523.6,4,26,30,23,9,8,7,4,34,161,138,131,53,170.53101661332113,13.671391556165215,59.50998323426308,12.0,434.05593659503126,234.19356805365035,351.5980795610425,91.9766803840878,10
190,Isaiah Mobley,Cleveland Cavaliers,F,5,33,2,7,58.3,0,0,0.0,1,4,25.0,0,4,4,2,2,0,0,0,-1,11,9,7,6,6.3775510204081645,12.938775510204081,1.4693877551020411,0.8673469387755102,38.826530612244895,26.091836734693874,13.724489795918366,19.795918367346943,2
191,Isaiah Stewart,Detroit Pistons,C,106,319,40,71,587.7,10,12,516.7,16,38,409.0,10,48,58,12,11,4,10,10,-48,176,164,118,70,131.47520661157026,49.603305785123965,9.603305785123966,12.764462809917354,245.47520661157023,193.27685950413223,178.88016528925618,64.0,10
192,Ish Smith,Charlotte Hornets,PG,18,181,8,34,236.0,0,0,0.0,2,2,200.0,1,19,20,41,16,5,6,1,-90,79,38,59,61,54.36000000000001,24.0,78.09,1.5600000000000003,170.49,69.16000000000001,134.09,123.69,9
193,Ish Wainright,Phoenix Suns,F,3,11,1,6,16.7,0,0,0.0,1,4,25.0,3,2,5,1,1,1,1,0,-3,9,8,4,6,6.760000000000001,18.777777777777775,0.7511111111111112,0.7511111111111112,60.839999999999996,48.071111111111115,12.017777777777779,27.040000000000003,1
194,Ivica Zubac,LA Clippers,C,138,291,57,96,621.4,24,28,625.0,0,0,0.0,27,79,106,16,23,4,9,15,-8,260,244,154,122,225.91027078993753,90.23137317737542,6.487742348982535,0.0,468.0788335202691,457.3574747636596,219.4744431982054,113.87630187469959,10
195,JT Thor,Charlotte Hornets,F,38,117,16,24,565.0,2,3,150.0,4,11,250.0,2,14,16,7,11,1,3,4,10,61,54,45,23,91.77144891420434,27.94019223923105,4.807760768956924,5.020291918832325,217.88287646849412,198.31470274118902,103.65147739409042,40.43609825560698,10
196,JaVale McGee,Sacramento Kings,C,23,49,11,19,355.0,0,3,0.0,1,2,100.0,5,10,15,1,6,2,1,0,-4,39,38,24,16,85.8577777777778,15.45777777777778,0.8977777777777779,0.8977777777777779,144.09777777777776,145.11111111111114,88.47999999999999,12.719999999999999,7
197,Jabari Smith Jr.,Houston Rockets,PF,160,316,55,119,466.0,26,31,850.0,24,60,357.2,9,50,59,19,27,4,12,9,-36,238,219,179,78,534.2614268848035,65.88412885815484,19.9795918367347,23.129701467363805,752.4614606173047,618.9122954967111,654.8977905211672,98.77652217911958,10
198,Jabari Walker,Portland Trail Blazers,F,105,317,38,92,433.9,23,32,585.9,6,22,216.6,22,79,101,16,26,3,8,1,-84,222,206,121,117,260.6,362.25511111111115,27.041777777777778,6.407111111111111,1077.7777777777778,962.695111111111,366.2017777777778,398.7777777777778,10
199,Jack White,Memphis Grizzlies,F,6,41,2,10,28.6,0,0,0.0,2,6,40.0,2,4,6,1,1,2,1,1,-18,13,12,7,7,18.72,2.08,0.52,2.08,4.68,8.32,13.0,4.68,2
200,Jacob Gilyard,Brooklyn Nets,G,0,11,0,2,0.0,0,0,0.0,0,2,0.0,0,0,0,1,2,1,0,0,0,1,0,1,1,14.761772853185596,0.6232686980609419,3.792243767313019,1.3407202216066483,43.28254847645429,21.451523545706372,33.51800554016621,7.490304709141275,1
201,Jacob Gilyard,Memphis Grizzlies,G,67,192,23,49,431.8,1,1,100.0,20,42,431.8,1,13,14,39,10,9,12,2,-59,120,81,106,53,341.01385041551254,15.504155124653737,43.28808864265928,29.750692520775623,656.0166204986151,445.7479224376731,519.5041551246537,90.57063711911357,9
202,Jacob Toppin,New York Knicks,F,13,29,5,9,107.1,2,2,100.0,1,4,33.3,3,3,6,1,3,0,1,0,-18,20,19,14,7,78.05555555555556,8.722222222222221,0.5555555555555556,0.7222222222222223,130.22222222222223,136.55555555555554,72.5,8.5,2
203,Jaden Hardy,Dallas Mavericks,G,55,109,20,45,442.9,8,9,350.0,7,18,223.3,4,12,16,16,13,2,10,0,-13,87,71,71,32,79.83126369612856,11.87289992695398,35.1599707815924,6.102629656683711,160.59240321402484,78.50474799123447,147.00292184075968,61.94886778670563,10
204,Jaden Ivey,Detroit Pistons,PG,169,304,60,154,393.7,25,34,688.3,24,61,359.6,8,29,37,42,20,7,23,3,-92,248,206,211,79,437.48979591836735,21.275510204081634,59.765306122448976,37.67551020408163,510.70204081632653,447.83061224489796,490.2795918367347,91.12244897959184,10
205,Jaden McDaniels,Minnesota Timberwolves,PF,104,291,43,88,482.1,9,10,550.0,9,38,176.2,7,29,36,18,27,9,9,5,-1,158,140,122,54,189.22590702947846,15.189342403628117,11.777777777777779,9.489795918367346,199.70209750566892,210.25765306122452,178.89257369614512,26.744897959183675,10
206,Jaden Springer,Boston Celtics,G,60,176,22,52,413.7,13,14,575.0,3,18,183.3,13,18,31,17,21,13,10,4,-19,108,91,77,48,245.01352082206594,56.38561384532181,32.146565711195244,2.630070308274743,739.7750135208222,519.7982693347756,396.8193618171985,156.70308274743104,10
207,Jae Crowder,Milwaukee Bucks,PF,58,204,21,50,418.0,8,10,230.0,8,29,270.0,9,17,26,12,6,4,3,2,8,96,84,70,38,132.59467455621302,10.51051939513478,9.63182117028271,6.168639053254438,158.67455621301775,166.16831032215646,125.38231426692965,19.86094674556213,10
208,Jae'Sean Tate,Houston Rockets,SF,39,131,17,32,440.5,3,5,150.0,2,7,133.3,8,19,27,7,15,5,14,5,6,73,66,46,34,92.96667562483202,21.52512765385649,6.129266326256383,1.6001074979844128,191.7621607094867,145.35608707336738,121.80596613813492,45.221177102929325,10
209,Jahmi'us Ramsey,Toronto Raptors,SG,47,120,18,41,306.3,5,6,175.0,6,22,183.3,4,18,22,8,10,7,7,0,-28,77,69,55,30,69.3801652892562,36.066115702479344,3.072314049586777,3.402892561983472,97.25413223140495,108.65289256198346,77.28719008264463,19.832644628099175,7
210,Jaime Jr. Jaquez,Miami Heat,G,104,291,39,86,430.4,18,25,616.7,8,25,244.89999999999998,9,40,49,27,20,12,9,3,3,180,153,131,76,399.9229968782518,41.14984391259105,22.292403746097815,7.839750260145682,373.75650364203955,369.74921956295526,390.9687825182102,76.40374609781477,10
211,Jake LaRavia,Memphis Grizzlies,F,142,311,43,112,367.7,30,39,623.9,26,62,386.2,18,28,46,23,19,9,22,4,-9,211,188,165,69,643.4719042663892,40.403746097814775,16.90582726326743,67.62330905306973,940.2403746097815,892.0213319458896,665.181061394381,83.81945889698231,10
212,Jakob Poeltl,Toronto Raptors,C,122,251,55,101,543.9,12,20,491.7,0,0,0.0,39,53,92,31,28,10,11,19,35,245,214,153,123,161.8469387755102,127.67346938775509,30.387755102040813,0.0,516.704081632653,398.98979591836735,256.6224489795918,181.0,10
213,Jalen Brunson,New York Knicks,PG,340,363,123,255,475.3,64,74,791.8,30,75,394.4,5,30,35,80,18,9,20,0,136,455,375,420,115,1541.1927575709021,22.64460823585964,44.30636116007051,32.41019067457138,1705.8344816535812,1675.8771030283608,1564.9581797788815,73.14292581317095,10
214,Jalen Duren,Detroit Pistons,C,119,257,46,88,476.9,27,32,766.6,0,1,0.0,21,81,102,12,22,8,21,6,-70,233,221,131,114,276.03611111111115,228.54444444444442,15.61111111111111,0.0,949.7694444444445,906.925,299.125,263.91111111111115,10
215,Jalen Green,Houston Rockets,SG,246,369,86,195,427.59999999999997,41,51,827.9,33,94,325.6,8,54,62,55,24,15,36,4,23,363,308,301,117,958.8207612456747,35.871280276816606,32.15017301038063,46.31626297577854,1136.2,1145.3148788927338,940.9418685121108,76.78546712802768,10
216,Jalen HoodSchifino,Los Angeles Lakers,G,5,11,1,6,33.3,2,4,100.0,1,3,50.0,0,2,2,0,1,0,1,0,-13,7,7,5,2,9.0,0.9799999999999999,0.020000000000000004,0.8200000000000001,13.32,14.180000000000001,8.42,0.72,2
217,Jalen Johnson,Atlanta Hawks,SF,177,316,70,142,520.2,19,26,379.0,18,43,494.9,12,75,87,49,16,13,20,5,21,313,264,226,136,616.5909265667051,158.2079969242599,67.68204536716648,11.655517108804306,1274.507881584006,837.4594386774318,943.3356401384083,336.1937716262976,10
218,Jalen McDaniels,Toronto Raptors,PF,51,163,21,59,272.9,9,12,425.0,0,11,0.0,5,16,21,14,15,2,8,2,-85,86,72,65,35,154.55286578853685,55.529725881096475,25.11783552865789,0.03203987184051264,459.2929868280526,360.91847632609466,224.3826984692062,109.19223923104308,10
219,Jalen Pickett,Denver Nuggets,G,2,7,1,3,33.3,0,0,0.0,0,2,0.0,0,0,0,2,0,0,0,0,-1,4,2,4,2,0.5377777777777779,0.25,0.8711111111111112,0.09,1.3611111111111107,0.05444444444444447,2.7777777777777772,0.1877777777777778,1
220,Jalen Slawson,Sacramento Kings,F,2,8,1,2,50.0,0,0,0.0,0,1,0.0,1,1,2,0,2,1,0,0,3,4,4,2,2,2.5600000000000005,2.25,0.0,0.0,9.610000000000001,9.610000000000001,2.5600000000000005,2.25,1
221,Jalen Smith,Indiana Pacers,PF,81,150,30,65,426.6,14,20,277.4,7,23,261.9,24,34,58,9,15,4,3,8,7,148,139,90,67,221.0121107266436,87.59861591695503,6.922145328719723,10.141868512110726,539.1072664359862,520.0640138408304,240.03460207612457,94.54152249134948,10
222,Jalen Suggs,Orlando Magic,SG,131,288,46,95,491.8,22,29,666.7,17,45,378.3,5,17,22,35,24,15,13,9,-10,188,153,166,57,294.9190636778417,12.095219202539177,36.54017060107122,9.176949018051973,425.7333862328903,320.4199563578655,400.51458044038884,48.35330291608808,10
223,Jalen Williams,Oklahoma City Thunder,F,198,319,82,152,540.4,24,31,646.7,10,34,213.3,7,36,43,49,19,16,21,10,55,290,241,247,92,435.56213017751486,33.0,54.91479289940828,13.72544378698225,655.978698224852,380.40828402366867,706.7633136094674,92.28402366863905,10
224,Jalen Wilson,Brooklyn Nets,F,54,164,19,40,567.7,10,15,350.0,6,18,250.0,7,26,33,10,9,2,6,1,25,97,87,64,43,151.7733564013841,39.0,10.034602076124568,4.431228373702423,357.84256055363323,270.5968858131488,211.37197231833912,76.68166089965398,10
225,Jamal Cain,Miami Heat,F,12,37,3,9,125.0,4,4,200.0,2,4,150.0,2,3,5,6,5,1,3,1,11,23,17,18,11,11.303948576675849,4.408631772268136,6.543617998163452,1.0449954086317723,40.1111111111111,23.64462809917355,29.570247933884303,9.152433425160698,4
226,Jamal Murray,Denver Nuggets,PG,220,318,82,168,486.9,30,37,761.4,26,55,488.4,9,34,43,70,17,16,20,8,84,333,263,290,113,470.5,50.68402777777778,66.52517361111111,23.625,536.2265625,431.93402777777777,543.9001736111112,148.1015625,10
227,Jamaree Bouyea,San Antonio Spurs,G,2,12,1,1,100.0,0,0,0.0,0,0,0.0,0,1,1,1,0,1,0,0,-4,4,3,3,2,1.4400000000000004,0.36,0.36,0.0,0.0,0.3600000000000001,0.3600000000000001,1.44,1
228,James Bouknight,Charlotte Hornets,SG,10,13,4,10,83.3,0,0,0.0,2,7,58.3,0,0,0,0,0,1,1,0,13,10,10,10,0,18.0,0.0,0.0,0.72,18.0,18.0,18.0,0.0,2
229,James Harden,LA Clippers,SG,132,344,40,114,353.1,36,42,840.7,16,68,217.1,6,51,57,95,10,12,23,3,-25,284,189,227,152,274.9512565356721,36.23359757125991,133.2796424354866,18.416596390622363,412.7377298026649,302.7041659639063,363.3393489627255,191.15871141845167,10
230,James Johnson,Indiana Pacers,PF,4,12,1,4,33.3,2,2,100.0,0,1,0.0,0,0,0,2,3,0,1,1,-2,6,4,6,2,1.2800000000000002,0.0,0.32000000000000006,0.0,2.88,1.2800000000000002,2.88,0.32000000000000006,2
231,James Wiseman,Detroit Pistons,C,95,240,37,63,463.2,21,26,420.8,0,0,0.0,17,49,66,9,29,1,22,4,-103,170,161,104,75,485.93673469387755,103.13673469387756,17.03061224489796,0.0,1074.7367346938775,924.3469387755101,617.7469387755101,138.74693877551022,10
232,Jamie Jr. Jaquez,Miami Heat,G,69,188,26,53,492.4,9,11,441.7,8,21,361.7,7,16,23,18,15,5,13,3,27,110,92,87,41,145.0,14.52839372633856,19.769605191995677,5.821525148729043,208.0054083288264,153.71444023796647,198.63007030827475,34.95889670091941,10
233,Jarace Walker,Indiana Pacers,F,38,147,14,37,382.2,2,2,100.0,8,19,300.0,4,25,29,19,11,5,6,5,26,86,67,57,48,132.85625,53.800000000000004,60.30625,9.00625,518.8,315.90625,270.2,179.65625,10
234,Jared Butler,Washington Wizards,SG,78,209,30,65,463.0,10,10,400.0,8,30,306.7,5,24,29,43,23,12,19,4,-6,150,107,121,72,210.78892733564018,19.579584775086506,120.5484429065744,9.791089965397925,450.7474048442907,213.8148788927336,422.9290657439446,164.92041522491348,10
235,Jared Rhoden,Detroit Pistons,G,35,137,14,33,300.8,3,6,150.0,4,14,183.3,0,16,16,8,19,3,4,9,-39,59,51,43,24,57.6328125,14.0078125,8.125,2.0,107.0,113.875,58.6953125,14.1953125,8
236,Jaren Jackson Jr.,Memphis Grizzlies,PF,223,328,81,183,426.2,46,59,770.4,15,49,319.6,15,33,48,34,37,17,27,17,-129,305,271,257,82,1094.8353151010701,51.54815695600475,26.404280618311535,10.5,1277.910225921522,1216.8281807372177,1154.5,79.36979785969085,10
237,Jarred Vanderbilt,Los Angeles Lakers,PF,68,142,26,42,412.7,13,17,375.0,3,5,166.7,12,22,34,12,8,16,11,2,23,114,102,80,46,111.33333333333334,59.333333333333336,18.0,3.5,362.0,274.0,157.33333333333334,119.33333333333334,6
238,Jarrett Allen,Cleveland Cavaliers,C,168,315,72,117,612.5,24,29,758.3,0,1,0.0,26,63,89,31,13,5,10,5,-31,288,257,199,120,189.76799524092803,127.3280785246877,21.4244497323022,0.0,382.91612135633545,337.14604402141583,221.7004759071981,162.59012492563951,10
239,Jason Preston,Utah Jazz,G,10,48,5,13,116.6,0,0,0.0,0,1,0.0,3,7,10,14,2,1,1,0,8,34,20,24,24,20.396694214876035,11.826446280991735,19.388429752066116,0.0,138.22314049586777,56.37190082644627,73.43801652892562,60.02479338842976,4
240,Javon Freeman-Liberty,Toronto Raptors,G,101,230,38,79,440.3,17,19,700.0,8,24,225.0,12,36,48,20,16,9,15,0,-128,169,149,121,68,432.28531855955674,32.28377962449985,32.307787011388115,8.55340104647584,754.031702062173,620.7482302246844,554.700215450908,75.46014158202524,10
241,Javonte Green,Chicago Bulls,G,64,137,25,40,361.3,8,10,225.0,6,13,316.7,14,30,44,4,10,5,5,6,10,112,108,68,48,331.33439999999996,107.84960000000001,1.3504,2.0384,711.6415999999999,696.4704,343.36,112.34559999999999,6
242,Jaxson Hayes,Los Angeles Lakers,C,71,177,29,36,851.2,13,19,535.0,0,0,0.0,17,31,48,9,23,8,12,5,-37,128,119,80,57,297.9872169466764,73.94777209642075,7.601533966398832,0.0,599.2655222790357,625.1051862673484,287.53542731921107,66.16143170197223,10
243,Jay Huff,Denver Nuggets,C,3,5,1,2,50.0,0,0,0.0,1,2,50.0,0,0,0,0,2,0,0,0,-3,3,3,3,0,4.111882716049382,0.1111111111111111,0.012345679012345678,0.8402777777777777,2.506944444444444,2.871141975308642,3.6736111111111116,0.19753086419753085,1
244,Jaylen Brown,Boston Celtics,SG,244,343,95,188,500.8,30,43,585.5,24,61,390.0,13,44,57,28,25,19,27,6,48,329,301,272,85,503.39504132231406,60.16694214876033,26.67107438016529,21.04793388429752,392.7256198347107,460.5933884297521,418.1917355371901,104.17355371900825,10
245,Jaylen Nowell,Detroit Pistons,SG,26,49,11,19,168.1,2,4,50.0,2,4,66.7,3,5,8,3,2,1,1,2,-15,37,34,29,11,67.0,4.67,2.0300000000000002,2.6799999999999997,105.32,105.07,69.23,4.72,3
246,Jaylin Williams,Oklahoma City Thunder,F,54,161,18,37,600.0,10,13,258.3,8,21,483.3,7,37,44,34,17,3,12,6,-34,132,98,88,78,50.57244054646653,74.84162590656098,123.1074380165289,5.6218586608197,405.04773148928996,191.85292629448475,216.87232248271206,244.84398718164954,10
247,Jayson Tatum,Boston Celtics,SF,266,356,87,189,459.0,62,72,700.3,30,76,384.0,10,64,74,49,14,12,26,7,64,389,340,315,123,298.1170655567118,80.72632674297607,11.761706555671175,20.374609781477627,494.64776274713836,476.24609781477625,330.6581685744017,78.34859521331944,10
248,Jeenathan Williams,Houston Rockets,G,18,36,9,15,283.4,0,2,0.0,0,0,0.0,3,5,8,1,5,1,0,0,14,27,26,19,9,49.56916099773242,7.145691609977323,0.8055555555555557,0.0,76.86848072562358,81.68990929705214,47.73979591836735,4.959183673469388,5
249,Jeff Dowtin,Philadelphia 76ers,G,50,133,19,34,374.2,3,4,200.0,9,18,283.4,3,15,18,26,1,6,5,1,27,94,68,76,44,227.2111111111111,30.099999999999998,46.57777777777778,8.911111111111111,536.8,324.97777777777776,425.3,90.41111111111111,10
250,Jeff Green,Houston Rockets,PF,81,181,27,66,389.2,14,16,475.0,13,41,272.5,7,19,26,11,10,4,2,3,-11,118,107,92,37,234.91958194222673,30.455799100014517,5.085353462040935,14.150529830164029,354.20960952242706,321.50399187109883,261.0285963129627,42.1377558426477,10
251,Jerami Grant,Portland Trail Blazers,SF,169,342,56,142,386.6,38,46,711.3,19,49,402.0,6,19,25,35,18,14,28,2,-77,229,194,204,60,473.98961937716257,45.9204152249135,32.71626297577855,5.083044982698962,888.6262975778548,739.6678200692041,583.0934256055364,118.49134948096886,10
252,Jeremiah Robinson-Earl,New Orleans Pelicans,F,28,104,11,28,269.6,4,7,80.0,2,13,100.0,10,15,25,11,7,3,5,1,38,64,53,39,36,95.76731552738795,45.52512449071978,30.79538252602988,1.7247623358985966,290.11770031688553,192.56269805341785,160.11000452693528,109.53282028067,9
253,Jeremy Sochan,San Antonio Spurs,F,126,301,51,121,422.6,14,19,516.7,10,44,192.79999999999998,21,59,80,33,16,14,20,10,-20,239,206,159,113,549.0972944849116,204.3746097814776,41.58480749219564,10.166493236212277,1143.8839750260145,1165.4823100936524,519.2138397502601,254.24453694068677,10
254,Jericho Sims,New York Knicks,C,11,149,5,9,266.7,1,2,50.0,0,0,0.0,16,25,41,5,11,5,5,5,17,57,52,16,46,26.97530864197531,87.4,4.708641975308643,0.0,178.2,163.61975308641973,34.0,99.6641975308642,10
255,Jerome Robinson,Golden State Warriors,SG,10,17,4,10,40.0,1,2,50.0,1,6,16.7,0,0,0,1,1,0,0,1,-2,11,10,11,1,77.44000000000001,0.1111111111111111,0.7511111111111112,0.8711111111111112,87.11111111111113,71.68444444444445,93.44444444444443,0.28444444444444444,1
256,Jett Howard,Orlando Magic,G,3,11,1,5,25.0,0,0,0.0,1,5,25.0,0,0,0,1,1,1,0,0,-1,4,3,4,1,4.5,0.1953125,0.5703125,0.5,8.03125,4.6953125,8.0703125,0.53125,2
257,Jevon Carter,Chicago Bulls,PG,44,128,17,37,383.5,1,2,50.0,9,24,278.4,2,8,10,10,9,2,4,1,5,64,54,54,20,155.31180315263362,12.034602076124568,10.015378700499808,6.913879277201076,260.8158400615148,200.9911572472126,199.0903498654364,38.0961168781238,10
258,Jimmy Butler,Miami Heat,SF,180,347,52,114,469.3,66,72,843.6,10,30,308.2,9,40,49,57,11,10,17,0,72,286,229,237,106,330.8515625,29.7265625,40.2890625,4.02197265625,592.9140625,471.0,418.15625,104.625,10
259,Jock Landale,Houston Rockets,C,86,214,35,58,608.5,13,19,533.3,3,8,150.0,19,24,43,18,18,6,8,4,55,147,129,104,61,172.57547647158037,58.90892224658458,19.652892561983467,4.162759318603475,358.1627593186035,303.1308821049081,234.82104908078932,71.34811941305448,10
260,Joe Harris,Detroit Pistons,SF,2,12,1,3,33.3,0,0,0.0,0,1,0.0,0,0,0,0,1,0,0,0,-5,2,2,2,0,0.0,0.0,0.0,0.0,0.0,0.0,0.0,0.0,1
261,Joe Ingles,Orlando Magic,SG,44,179,14,30,389.9,5,7,266.7,11,23,408.3,1,19,20,29,10,4,14,1,33,93,64,73,49,121.69211102994888,14.147918188458728,10.97954711468225,10.935354273192113,143.35208181154127,116.71439006574141,142.11285609934257,31.344411979547115,10
262,Joel Embiid,Philadelphia 76ers,C,165,182,54,112,293.4,44,52,516.9,13,30,277.7,8,39,47,24,18,9,30,5,-30,236,212,189,71,315.09688581314884,48.840830449826996,40.186851211072664,8.90311418685121,601.8062283737024,471.7162629757786,441.9619377162629,92.25259515570934,6
263,John Collins,Utah Jazz,PF,193,271,68,119,570.0,39,48,752.5,18,34,508.9,22,58,80,7,25,7,12,7,-49,280,273,200,87,362.38775510204084,95.36033163265307,7.3501275510204085,12.044005102040817,700.0510204081634,672.8960459183673,372.3654336734694,119.88775510204083,10
264,John Konchar,Memphis Grizzlies,SG,57,299,19,46,385.8,8,9,266.7,11,29,391.6,19,45,64,29,20,13,17,9,-3,150,121,86,93,131.325,70.55625,15.0,7.125,291.05625,223.40625,166.425,118.10624999999999,10
265,Johnny Davis,Washington Wizards,G,40,161,15,27,441.7,6,9,210.0,4,9,250.0,3,15,18,11,14,3,2,4,-37,69,58,51,29,109.06975894813733,22.02191380569759,11.061358655953253,4.43864134404675,204.75858290723156,175.36778670562455,145.53871439006573,26.005113221329438,10
266,Johnny Juzang,Utah Jazz,G,81,226,29,63,393.2,4,6,216.7,19,45,366.8,5,18,23,14,21,2,7,1,-41,118,104,95,37,542.5,38.20727040816327,15.061224489795919,37.038903061224495,643.6154336734694,603.2786989795919,560.704081632653,75.40114795918367,10
267,Jonas Valanciunas,New Orleans Pelicans,C,111,201,47,80,600.5,16,23,475.0,1,12,33.3,11,59,70,19,24,5,10,2,11,200,181,130,89,426.1326530612245,30.090702947845802,47.05924036281179,0.961734693877551,746.1442743764172,533.4478458049887,639.0694444444445,76.9095804988662,10
268,Jonathan Isaac,Orlando Magic,PF,78,166,29,46,513.6,10,14,416.7,10,19,408.3,12,32,44,8,11,10,3,11,33,130,122,86,52,451.7,44.86944444444444,5.825000000000001,8.011111111111111,708.0111111111111,689.7361111111111,461.025,59.644444444444446,10
269,Jonathan Kuminga,Golden State Warriors,PF,186,291,74,141,524.1,28,36,716.7,10,23,383.4,8,43,51,26,29,9,19,5,26,263,237,212,77,361.42806752330563,69.44444444444444,13.145376669186193,8.644998740236835,452.939027462837,383.16880826404633,409.1242126480222,104.66389518770471,10
270,Jontay Porter,Toronto Raptors,C,49,159,18,41,352.3,4,6,150.0,9,26,230.4,10,23,33,32,11,10,13,9,-28,114,82,81,65,215.4023668639053,32.251479289940825,58.16863905325444,15.943786982248522,472.0,275.0917159763314,386.0976331360947,116.63313609467455,10
271,Jordan Clarkson,Utah Jazz,PG,161,328,58,144,353.7,31,35,737.9,14,53,206.6,7,29,36,63,18,10,23,0,-70,260,197,224,99,1014.8698224852071,104.98224852071006,74.72485207100591,21.005917159763314,1435.3639053254435,1403.248520710059,1032.630177514793,194.0621301775148,10
272,Jordan Goodwin,Memphis Grizzlies,G,99,275,40,106,364.4,8,10,300.0,11,34,293.3,28,57,85,47,21,8,14,3,-7,231,184,146,132,223.19753086419755,316.11111111111114,32.175308641975306,15.177777777777777,694.7827160493827,591.6049382716049,232.74567901234568,441.9160493827161,10
273,Jordan Hawkins,New Orleans Pelicans,G,24,94,8,31,291.7,3,5,116.7,5,19,166.7,2,8,10,5,5,2,1,1,16,39,34,29,15,45.13789262642014,8.008910670527957,4.5050122521719755,6.660948986411228,55.38137669859657,74.98462909333927,29.5212742258855,8.527288928491869,10
274,Jordan McLaughlin,Minnesota Timberwolves,PG,43,150,15,29,423.8,4,4,200.0,9,19,358.4,4,10,14,26,5,4,2,0,84,83,57,69,40,126.65197884954335,15.20397372215991,58.94247716712065,11.893446563050793,301.36083960903704,177.28200608876782,242.8516263419324,82.02563691716071,10
275,Jordan Miller,LA Clippers,G,4,5,1,1,100.0,2,2,100.0,0,0,0.0,0,1,1,0,0,0,0,0,3,5,5,4,1,9.679012345679013,0.44444444444444453,0.0,0.0,14.271604938271604,14.271604938271604,9.679012345679013,0.44444444444444453,1
276,Jordan Nwora,Toronto Raptors,SF,96,211,38,82,467.4,9,13,333.3,11,34,326.9,8,35,43,22,8,7,20,6,-100,161,139,118,65,196.5154822900423,97.73602138560926,17.23591000222767,6.930496769881934,559.3305858765872,413.5208286923591,278.64736021385613,178.64981064825128,10
277,Jordan Poole,Washington Wizards,SG,226,360,83,191,425.3,26,27,850.0,34,100,326.6,6,33,39,84,26,11,31,1,-62,349,265,310,123,719.6734693877551,21.60204081632653,127.10204081632654,24.19614512471655,1136.173469387755,870.0510204081634,928.0,206.5,10
278,Jordan Walsh,Boston Celtics,G,2,33,1,5,100.0,0,0,0.0,0,3,0.0,3,4,7,1,6,2,2,1,19,10,9,3,8,3.8163265306122454,13.959183673469386,1.1020408163265305,0.0,8.673469387755102,8.551020408163264,9.0,10.0,3
279,Jose Alvarado,New Orleans Pelicans,PG,70,210,24,63,348.2,5,8,250.0,17,40,412.9,8,17,25,21,20,8,4,1,4,116,95,91,46,274.167063020214,44.52675386444709,37.151605231866824,28.100475624256838,570.9678953626635,437.1753864447087,360.79548156956,128.8424494649227,10
280,Josh Giddey,Oklahoma City Thunder,SG,180,296,72,130,544.2,25,34,596.9,11,30,345.8,15,70,85,69,16,6,30,7,67,334,265,249,154,615.0795847750866,111.90519031141869,177.52318339100347,21.19100346020761,1461.7162629757786,948.534948096886,907.3709342560553,510.318339100346,10
281,Josh Green,Dallas Mavericks,SG,56,241,23,52,443.7,4,5,80.0,6,23,236.6,10,24,34,14,17,10,7,2,-11,104,90,70,48,161.2424557752341,38.70343392299688,9.800208116545265,6.730489073881373,193.5650364203954,200.7617065556712,164.54942767950055,38.0,10
282,Josh Hart,New York Knicks,SG,106,381,41,84,433.0,18,21,558.3,6,17,256.6,21,75,96,70,22,10,18,1,128,272,202,176,166,703.970255800119,170.7558001189768,79.75758477096967,4.542831647828674,1519.194527067222,1184.2810826888756,958.4726353361095,330.9244497323022,10
283,Josh Minott,Minnesota Timberwolves,F,2,12,1,2,50.0,0,0,0.0,0,0,0.0,0,5,5,1,3,1,0,0,13,8,7,3,6,2.453514739229025,11.39795918367347,0.5555555555555556,0.16326530612244897,4.790249433106575,4.314058956916099,4.691609977324263,10.191609977324262,2
284,Josh Okogie,Phoenix Suns,SF,43,135,12,30,323.8,12,13,450.0,7,15,350.0,13,7,20,11,7,6,10,3,-9,74,63,54,31,157.6111111111111,12.277777777777779,8.544753086419751,6.753086419753087,239.9706790123457,216.77777777777777,173.45216049382717,28.174382716049383,10
285,Josh Richardson,Miami Heat,SG,98,211,38,76,433.2,6,6,200.0,16,45,301.7,4,26,30,19,16,5,3,2,3,147,128,117,49,296.8888888888889,20.0,10.88888888888889,27.555555555555557,468.0,427.55555555555554,344.0,24.22222222222222,9
286,Joshua Primo,LA Clippers,G,0,5,0,1,0.0,0,0,0.0,0,0,0.0,1,0,1,0,0,0,1,0,1,1,1,0,1,0.0,0.0,0.0,0.0,0.0,0.0,0.0,0.0,1
287,Jrue Holiday,Boston Celtics,PG,106,311,43,94,476.6,2,2,100.0,18,51,371.9,9,36,45,53,11,9,14,9,90,204,151,159,98,137.8498520710059,76.63313609467455,65.52071005917159,11.64275147928994,422.5244082840237,283.6042899408284,278.9001479289941,140.02366863905326,10
288,Jules Bernard,Washington Wizards,G,52,96,20,39,566.2,4,7,250.0,8,16,435.0,7,11,18,11,8,2,5,1,24,81,70,63,29,224.7542533081285,14.087429111531192,16.967863894139885,7.304820415879018,386.5335538752363,292.6053875236295,315.8771266540642,33.86058601134216,9
289,Julian Champagnie,San Antonio Spurs,F,113,311,39,89,410.9,18,22,688.4,17,52,284.0,7,33,40,18,15,11,14,9,-67,171,153,131,58,328.02772535926835,46.71621425460879,22.039483234141382,16.746262157061985,638.6243286398606,541.932210770794,391.8404703149949,101.63507040209029,10
290,Julian Phillips,Chicago Bulls,F,39,132,13,31,272.9,7,8,266.7,6,13,283.4,6,12,18,5,12,5,3,1,-11,62,57,44,23,170.91975308641975,27.290123456790123,6.777777777777779,6.401234567901234,314.4444444444444,289.44444444444446,184.5493827160494,45.43827160493827,10
291,Julian Strawther,Denver Nuggets,G,28,61,9,26,108.0,6,6,300.0,4,18,81.9,1,8,9,8,6,1,6,0,4,45,37,36,17,154.16528925619835,15.0,8.950413223140497,3.6198347107438007,278.95041322314046,224.80165289256195,191.13223140495865,41.13223140495868,4
292,Julius Randle,New York Knicks,PF,66,99,23,48,142.2,14,14,300.0,6,11,195.0,8,17,25,18,7,1,10,0,25,109,91,84,43,98.0,2.666666666666667,14.0,2.0,140.66666666666669,120.66666666666666,126.0,8.666666666666668,3
293,Justin Champagnie,Washington Wizards,SF,71,188,24,59,355.1,11,14,300.0,12,38,218.3,17,24,41,15,12,8,9,6,-56,127,112,86,56,337.12345679012344,96.77777777777779,10.560493827160492,15.644444444444444,863.0,756.5382716049382,405.9111111111111,145.01234567901236,10
294,Justin Holiday,Denver Nuggets,SF,47,164,18,38,472.9,0,0,0.0,11,23,433.3,3,10,13,9,8,8,3,3,39,69,60,56,22,112.20526227019734,10.128352167313206,33.622701973351326,8.904874346432788,235.02766065103728,142.2428740091078,210.67633665036263,38.064766402428745,10
295,Justin Minaya,Portland Trail Blazers,F,28,136,10,27,309.9,1,2,50.0,7,20,209.89999999999998,9,14,23,8,12,3,2,5,-13,59,51,36,31,59.964628988850436,24.370242214532876,8.135332564398308,8.327950788158402,137.15916955017298,102.16878123798539,85.5501730103806,41.91041906958862,10
296,Jusuf Nurkic,Phoenix Suns,C,75,282,27,69,415.8,20,32,468.5,1,2,50.0,34,86,120,47,33,14,23,10,61,242,195,122,167,234.664,223.296,51.544,0.9111111111111112,756.2239999999999,671.736,212.41600000000003,381.576,10
297,Karl-Anthony Towns,Minnesota Timberwolves,C,193,306,66,146,451.8,41,47,734.2,20,56,341.5,20,55,75,29,33,8,24,8,98,297,268,222,104,265.0493827160493,98.62345679012346,46.91975308641975,18.771604938271604,548.530864197531,414.4012345679012,362.2777777777778,182.44444444444443,10
298,Kawhi Leonard,LA Clippers,SF,239,347,93,173,538.7,37,43,815.0,16,45,350.8,14,45,59,28,12,13,23,11,38,326,298,267,87,125.67722681359045,60.90449954086318,8.631772268135904,8.466942148760332,202.40449954086316,148.5,148.1179981634527,101.0,10
299,Keegan Murray,Sacramento Kings,SF,180,367,68,153,449.5,10,12,441.7,34,90,393.7,17,41,58,23,24,4,6,12,47,261,238,203,81,254.24489795918373,81.63832199546485,18.86281179138322,23.069444444444443,253.7437641723357,176.71315192743765,305.733560090703,126.04308390022676,10
300,Keita Bates-Diop,Brooklyn Nets,SF,35,85,12,20,615.0,6,6,300.0,5,11,350.0,3,10,13,5,1,2,5,4,-13,53,48,40,18,52.10000000000001,16.81111111111111,4.677777777777777,5.4,94.5,87.3777777777778,51.511111111111106,29.2,10
301,Keldon Johnson,San Antonio Spurs,SF,145,293,49,104,463.8,27,32,684.2,20,55,368.5,15,44,59,18,17,4,11,2,-15,222,204,163,77,293.8222354340071,55.522592152199756,22.07193816884661,24.668846611177173,384.0005945303211,414.05945303210467,291.69916765755056,49.658739595719375,10
302,Kelly Olynyk,Toronto Raptors,PF,149,307,54,88,621.2,33,38,773.3,8,26,331.6,14,45,59,62,35,12,31,7,-66,270,208,211,121,200.7795918367347,27.63673469387755,92.76122448979592,3.6020408163265305,403.4469387755101,297.59999999999997,321.03061224489795,105.9938775510204,10
303,Kelly Oubre Jr.,Philadelphia 76ers,SG,187,338,68,155,431.4,31,37,542.8,20,55,298.2,15,45,60,26,25,13,19,11,50,273,247,213,86,542.4765625,64.4515625,44.9640625,31.6,882.8890624999999,771.0,665.35625,98.425,10
304,Kendall Brown,Indiana Pacers,SG,3,19,1,2,100.0,1,2,50.0,0,0,0.0,1,0,1,0,4,0,0,0,-12,4,4,3,1,6.03,0.6699999999999999,0.27,0.0,11.069999999999999,10.68,6.48,0.88,3
305,Kenneth Lofton Jr.,Philadelphia 76ers,F,2,5,1,4,25.0,0,0,0.0,0,2,0.0,0,1,1,0,0,0,0,0,-4,3,3,2,1,16.0,0.0,0.0,0.6400000000000001,16.0,16.0,16.0,0.0,1
306,Kenneth Lofton Jr.,Utah Jazz,F,7,12,3,7,42.9,0,0,0.0,1,2,50.0,1,0,1,0,0,0,0,0,-4,8,8,7,1,1.0,0.0,0.0,0.03999999999999998,1.0,1.0,1.0,0.0,1
307,Kenrich Williams,Oklahoma City Thunder,SF,67,179,28,55,500.8,2,2,100.0,9,22,383.2,14,18,32,13,21,4,8,2,-12,112,99,80,45,199.79506489344658,79.6433263900016,12.283448165358116,4.901938791860279,460.56497356192915,389.4835763499438,254.25476686428453,108.54846979650696,10
308,Kentavious Caldwell-Pope,Denver Nuggets,SG,116,314,42,81,480.40000000000003,7,10,350.0,25,52,390.5,5,23,28,26,27,10,11,7,90,170,144,142,54,536.8616042077581,21.895134779750165,24.71301775147929,47.69822485207101,690.0647600262985,617.2886259040105,582.6298487836949,73.61604207758054,10
309,Kenyon Martin Jr.,Philadelphia 76ers,F,56,177,25,47,495.8,4,8,200.0,2,6,150.0,15,25,40,16,20,2,8,5,24,112,96,72,56,113.35069444444444,129.304012345679,11.350694444444443,1.6003086419753088,437.1604938271605,394.8815586419753,147.40277777777777,148.88155864197532,10
310,Keon Ellis,Sacramento Kings,G,104,279,34,72,409.8,11,13,525.0,25,52,483.7,12,35,47,26,33,11,13,5,-7,177,151,130,73,608.224,46.44177777777777,35.39377777777777,56.17511111111112,1033.0,756.0204444444444,858.6951111111111,108.34400000000001,10
311,Keon Johnson,Brooklyn Nets,G,12,26,3,8,73.3,4,4,100.0,2,4,133.3,2,1,3,2,2,2,2,0,-9,17,15,14,5,18.88888888888889,0.5555555555555556,2.2222222222222223,0.22222222222222227,27.222222222222225,13.888888888888888,34.0,1.0,2
312,Kessler Edwards,Sacramento Kings,SF,39,97,14,33,376.7,1,4,50.0,10,23,386.7,4,13,17,3,9,6,1,1,-14,59,56,42,20,116.37353515625,23.431640625,2.10791015625,9.52587890625,171.125,159.84228515625,118.337890625,34.85791015625,10
313,Kevin Durant,Phoenix Suns,PF,252,363,101,191,542.4,24,29,751.7,26,63,443.7,4,61,65,41,16,12,27,8,60,358,317,293,106,166.53979238754323,85.33079584775086,37.083044982698965,11.56401384083045,428.0761245674741,351.5287197231833,249.30726643598615,116.19377162629758,10
314,Kevin Huerter,Sacramento Kings,SG,72,231,29,79,330.1,2,4,100.0,12,45,205.0,6,24,30,25,23,8,11,2,5,127,102,97,55,288.7933884297521,30.44995408631772,4.61248852157943,16.24793388429752,456.10743801652893,441.77777777777777,290.6730945821855,47.51239669421488,10
315,Kevin Knox II,Detroit Pistons,SF,22,89,9,26,148.9,3,3,200.0,1,11,33.3,3,11,14,4,9,2,6,0,21,40,36,26,18,115.33333333333334,19.333333333333336,3.3333333333333335,0.8333333333333335,167.33333333333331,188.0,101.33333333333334,16.0,6
316,Kevin Love,Miami Heat,PF,78,139,29,63,435.1,7,8,183.3,13,37,285.3,13,48,61,13,20,1,13,3,36,152,139,91,74,327.44489795918366,208.00408163265308,16.559183673469388,14.2,862.5306122448981,798.7795918367347,357.40816326530614,258.35102040816327,10
317,Kevon Looney,Golden State Warriors,F,37,118,15,25,585.0,7,11,350.0,0,0,0.0,11,32,43,8,20,2,4,1,50,88,80,45,51,54.05306971904266,48.73309053069719,3.9380853277835586,0.0,136.19771071800207,142.81009365244535,55.16597294484911,44.945889698231014,10
318,Keyontae Johnson,Oklahoma City Thunder,F,5,39,2,8,66.7,0,0,0.0,1,2,100.0,2,4,6,2,4,0,2,0,-15,13,11,7,8,20.0,7.0,1.2653061224489797,0.8163265306122451,29.69387755102041,35.0,17.26530612244898,5.6938775510204085,5
319,Keyonte George,Utah Jazz,G,127,324,40,125,308.6,32,33,783.3,15,70,180.79999999999998,1,25,26,46,13,4,39,0,-119,199,153,173,72,403.342617631152,17.733098972417523,38.42861005949162,16.988101676581937,290.47728501892914,393.9897241752298,305.4207679826933,50.571119524067065,10
320,Khris Middleton,Milwaukee Bucks,SF,151,299,61,119,529.9,10,13,305.0,19,48,500.4,13,51,64,64,33,11,32,2,-12,279,215,215,128,401.44444444444446,37.5390625,40.767361111111114,4.944444444444445,559.7751736111111,450.60850694444446,464.51736111111114,124.4001736111111,10
321,Killian Hayes,Detroit Pistons,PG,18,79,7,14,209.6,1,3,33.3,3,6,100.0,0,15,15,20,4,0,5,2,-12,53,33,38,35,27.0,18.75,54.0,2.75,252.75,74.75,153.0,124.75,4
322,Kira Lewis Jr.,Utah Jazz,PG,24,78,9,23,169.4,4,6,125.0,2,9,83.3,2,5,7,11,3,2,5,0,-34,42,31,35,18,103.57057869118444,19.106003244997297,13.367766360194699,1.3942671714440238,278.2823147647377,207.9853975121688,154.77068685776095,51.57057869118443,6
323,Klay Thompson,Golden State Warriors,SG,207,304,79,161,484.6,10,10,600.0,39,101,372.5,2,26,28,26,17,9,22,2,57,261,235,233,54,497.1975308641975,27.658588629782045,6.408779149519891,32.905502210028956,685.680079256211,601.9041304679165,578.5281207133058,36.51272671848803,10
324,Kobe Brown,LA Clippers,G,14,67,7,14,340.0,0,0,0.0,0,5,0.0,7,8,15,4,8,1,3,1,-48,33,29,18,19,28.65858725761773,16.70083102493075,4.911357340720221,0.00484764542936288,72.23753462603878,52.21537396121884,38.29293628808864,32.0,7
325,Kobe Bufkin,Atlanta Hawks,G,64,157,27,74,347.2,3,6,116.7,7,31,201.6,3,20,23,26,17,7,8,5,-11,113,87,90,49,130.25240054869684,8.100137174211248,15.561042524005488,4.14951989026063,131.97668038408779,144.02606310013718,115.77777777777777,26.086419753086417,10
326,Kobi Simmons,Toronto Raptors,G,20,67,9,21,183.4,0,0,0.0,2,8,100.0,1,6,7,12,5,6,1,2,-31,39,27,32,19,25.11111111111111,4.111111111111111,22.0,1.1111111111111112,45.0,41.0,30.44444444444445,24.77777777777778,4
327,Kris Dunn,Utah Jazz,G,57,220,23,57,422.1,5,7,130.0,6,21,200.0,9,24,33,34,26,9,8,5,-31,124,90,91,67,86.14792899408283,42.469822485207104,44.409467455621304,6.409467455621302,200.63668639053253,168.15147928994082,96.91479289940828,108.59763313609467,10
328,Kris Murray,Portland Trail Blazers,F,97,322,38,95,369.2,6,9,266.7,15,48,265.9,25,28,53,17,22,12,16,5,-75,167,150,114,70,314.48026215515927,22.699740893156534,18.330589849108367,19.20454199055022,431.48163389727176,439.125438195397,312.58497180307876,35.281816796220085,10
329,Kristaps Porzingis,Boston Celtics,C,191,293,68,134,518.6,37,44,875.0,18,48,425.8,20,57,77,24,28,13,14,25,63,292,268,215,101,128.47739409042362,84.27945888216448,14.701317194731221,17.711641153435387,354.4442862228551,281.75436098255614,176.30224279102882,123.84585261658954,10
330,Kyle Anderson,Minnesota Timberwolves,SF,69,220,26,63,368.4,15,19,485.0,2,8,100.0,5,25,30,43,17,13,8,9,48,142,99,112,73,167.6014327084286,37.30559365950313,52.624752324340804,1.6000609663161103,532.2466087486664,316.47873799725653,316.04938271604937,157.25026672763298,10
331,Kyle Kuzma,Washington Wizards,SF,218,366,85,181,489.6,37,47,775.0,11,43,218.6,3,70,73,51,24,7,36,7,-27,342,291,269,124,513.3879277201077,57.532103037293346,59.63667820069204,16.7439446366782,740.9957708573625,549.878123798539,709.8965782391388,111.77777777777777,10
332,Kyle Lowry,Philadelphia 76ers,PG,90,292,30,62,517.9,10,14,400.0,20,43,501.7,3,20,23,39,25,6,12,5,7,152,113,129,62,350.3361111111111,28.724999999999998,87.03611111111111,10.71111111111111,605.7361111111111,432.64444444444445,510.2444444444445,128.94444444444446,10
333,Kyrie Irving,Dallas Mavericks,PG,275,378,100,189,530.7,41,46,751.5,34,78,439.7,6,38,44,47,23,13,24,6,127,366,319,322,91,556.3244459833795,57.11495844875347,82.5,10.106994459833794,543.3369113573407,656.9948060941829,393.92970914127426,188.35180055401662,10
334,LaMelo Ball,Charlotte Hornets,PG,32,55,12,37,66.1,5,6,150.0,3,17,34.7,1,5,6,15,10,3,7,0,-49,53,38,47,21,2.0,2.0,0.5,0.5,4.5,8.0,0.5,0.5,2
335,Lamar Stevens,Memphis Grizzlies,PF,114,252,42,108,413.9,24,27,583.3,6,27,235.0,13,38,51,12,13,12,6,8,16,177,165,126,63,156.60789616008654,41.3677663601947,9.704705246078962,4.581936181719849,248.76636019469984,209.7993510005408,198.4175229853975,48.229853975121685,10
336,Landry Shamet,Washington Wizards,SG,55,184,20,55,273.1,7,7,300.0,8,35,104.1,4,10,14,8,12,4,9,2,-68,77,69,63,22,330.90000000000003,22.5,5.700000000000001,15.624999999999998,463.7,413.80000000000007,373.0,35.99999999999999,10
337,Larry Nance Jr.,New Orleans Pelicans,PF,61,233,24,47,525.8,9,11,416.7,4,11,183.3,19,28,47,25,20,10,7,1,4,133,108,86,72,72.90129786893127,71.07755167441115,46.532446723281524,4.404101906745714,350.6968434545746,230.50761095978208,164.4467232815254,146.25380547989104,10
338,Lauri Markkanen,Utah Jazz,PF,223,347,68,170,401.2,57,60,956.7,30,80,363.3,20,49,69,26,14,11,18,4,-42,318,292,249,95,334.8261504747991,129.06135865595326,45.68298027757487,34.00730460189919,657.4915997078159,517.5704894083273,451.0029218407597,198.48867786705623,10
339,LeBron James,Los Angeles Lakers,SF,255,349,95,161,596.3,48,63,776.1,17,36,366.6,6,68,74,92,7,8,40,3,107,421,329,347,166,409.69926538108353,74.95867768595042,49.603305785123965,64.82736455463727,408.2777777777777,404.66896235078053,400.994031221304,136.87603305785123,10
340,Leaky Black,Charlotte Hornets,F,31,166,10,27,332.1,7,10,275.0,4,10,150.0,5,22,27,14,13,2,3,4,-26,72,58,45,41,91.15625,39.9140625,10.0,8.4765625,146.4140625,100.9140625,118.15625,68.4140625,10
341,Leonard Miller,Minnesota Timberwolves,F,5,10,2,3,100.0,0,0,0.0,1,1,100.0,0,1,1,4,0,1,0,0,15,10,6,9,5,15.936449963476989,0.5178962746530315,3.950328707085463,0.8071585098612126,31.745799853907954,20.958363769174575,27.25566106647187,3.93644996347699,2
342,Lester Quinones,Golden State Warriors,G,52,148,18,49,323.7,9,13,325.0,7,29,200.0,7,17,24,12,16,2,5,0,-30,88,76,64,36,238.80966264056644,27.95835068721366,15.072053311120367,10.157017909204498,372.3023740108287,380.7755102040816,239.26530612244895,34.10162432319866,10
343,Lindy Waters III,Oklahoma City Thunder,F,61,100,23,48,468.9,2,2,200.0,13,33,313.3,6,13,19,7,6,4,1,2,-24,87,80,68,26,185.62287334593574,22.17202268431002,10.591682419659737,15.752362948960304,306.5,240.70037807183365,230.80245746691872,53.38374291115312,10
344,Lonnie Walker IV,Brooklyn Nets,G,42,137,16,59,264.5,3,4,150.0,7,33,203.3,2,19,21,6,5,1,3,4,-56,69,63,48,27,191.53575406549342,39.0,8.710180441078192,8.91267542882602,445.0432167520606,347.3118734684785,262.8193361550457,74.15794163510805,10
345,Luguentz Dort,Oklahoma City Thunder,G,118,301,37,93,376.1,27,35,680.0,17,54,300.3,6,29,35,15,21,10,15,5,-15,168,153,133,50,306.68834373639135,46.69197271011758,10.944549281463201,14.305559587748585,387.218173900421,360.29830164029613,331.19248076643925,60.05225722165772,10
346,Luka Doncic,Dallas Mavericks,PG,324,376,108,225,478.2,58,75,779.5,50,121,413.8,10,97,107,96,27,13,45,5,122,527,431,420,203,424.40120097579285,24.62394445486959,52.996809908050295,45.676487145805964,462.33120660536684,479.27772565209233,422.70970163257647,62.365734659410776,10
347,Luka Garza,Minnesota Timberwolves,C,61,70,23,45,310.8,8,11,266.7,7,21,233.3,10,6,16,2,9,3,3,1,4,79,77,63,18,189.06428248076054,24.772295156179265,1.6423721140787686,4.645993662290628,316.1598008148483,289.55862381167947,213.2996831145315,28.780443639655957,6
348,Luka Samanic,Utah Jazz,F,61,157,21,59,278.8,13,17,471.4,6,25,236.6,7,34,41,9,9,1,5,4,-67,111,102,70,50,319.79678638941397,112.62948960302457,11.27126654064272,3.407372400756144,901.0,744.4017013232512,425.97731568998114,174.31852551984878,10
349,Luke Kennard,Memphis Grizzlies,SG,118,282,40,88,429.0,9,9,500.0,29,64,450.4,2,28,30,53,7,6,24,1,-63,201,148,171,83,483.43673469387755,10.073469387755102,60.68979591836735,26.90204081632653,676.3306122448979,492.7755102040816,657.4081632653061,80.34693877551021,10
350,Luke Kornet,Boston Celtics,C,42,179,19,25,755.0,3,4,150.0,1,1,100.0,20,25,45,12,7,5,1,8,30,99,87,54,57,57.80945821854913,154.50918273645547,21.601469237832877,0.9297520661157026,403.8962350780532,304.8677685950413,104.8305785123967,228.1179981634527,10
351,M. Pereira,Memphis Grizzlies,F,44,120,16,33,255.6,7,10,225.0,5,13,150.0,10,26,36,2,10,6,5,4,7,82,80,46,38,224.0,94.66666666666666,1.375,5.060185185185185,594.7083333333334,566.0,237.375,111.375,6
352,M. Williams,Toronto Raptors,C,13,74,6,25,67.5,0,2,0.0,1,4,100.0,11,19,30,2,10,3,2,3,-25,45,43,15,32,51.41975308641975,111.86419753086422,1.1111111111111112,0.8271604938271604,320.7777777777778,305.0,55.49382716049384,124.67901234567901,4
353,Malachi Flynn,Detroit Pistons,PG,136,213,48,104,414.0,21,29,491.7,19,53,348.5,6,23,29,31,14,11,16,2,-58,196,165,167,60,1932.9153453372749,36.31792528890083,51.600376242945444,23.17844665412523,2593.5323837678043,2354.8059661381344,2162.2136522440205,97.34641225477023,10
354,Malaki Branham,San Antonio Spurs,G,123,262,48,106,436.0,5,9,250.0,22,53,417.1,3,15,18,17,14,3,15,1,-22,158,141,140,35,510.3878981862521,19.791190367322056,12.102575826855661,24.995579942082,620.2466087486664,606.1111111111111,517.679012345679,38.73814967230605,10
355,Malcolm Brogdon,Portland Trail Blazers,PG,102,218,37,83,266.20000000000005,17,19,433.3,11,30,202.89999999999998,7,22,29,40,13,4,17,2,4,171,131,142,69,100.0,28.833333333333336,7.333333333333334,6.833333333333334,113.5,66.83333333333334,151.33333333333331,31.5,6
356,Malik Beasley,Milwaukee Bucks,SG,99,298,35,100,349.3,3,3,200.0,26,80,320.3,1,24,25,12,22,5,6,2,-23,136,124,111,37,342.47073705515265,18.46736380502614,9.755439365828977,27.06122448979592,337.244054646652,360.6132568729971,325.5309495699106,21.79338842975206,10
357,Malik Monk,Sacramento Kings,SG,157,272,57,138,394.0,31,33,730.0,12,58,166.1,6,27,33,44,31,6,17,2,13,234,190,201,77,653.7845804988663,24.25724363819602,14.982111363063742,11.617031997984379,877.3560090702948,822.5527840765936,694.3827160493827,53.44444444444444,10
358,Mamadi Diakite,New York Knicks,F,0,5,0,0,0.0,0,0,0.0,0,0,0.0,0,1,1,0,1,1,0,0,0,1,1,0,1,0.0,0.4049586776859504,0.0,0.0,0.4049586776859504,0.4049586776859504,0.0,0.4049586776859504,1
359,MarJon Beauchamp,Milwaukee Bucks,F,30,42,10,16,350.0,7,8,175.0,3,7,200.0,2,9,11,1,4,1,3,0,-17,42,41,31,12,64.50666666666666,13.240000000000002,0.8933333333333334,2.0400000000000005,123.75999999999999,112.33333333333331,72.36000000000001,17.706666666666667,6
360,Marcus Morris Sr.,Cleveland Cavaliers,SF,62,157,23,50,517.6,5,8,250.0,11,25,383.3,4,18,22,10,11,2,10,2,-45,94,84,72,32,141.74010828821324,51.60599750104122,10.149937526030822,13.0,276.8679716784673,270.4881299458559,146.179925031237,63.695960016659726,10
361,Marcus Sasser,Detroit Pistons,G,97,295,34,104,309.9,14,16,340.0,15,47,291.7,3,19,22,45,18,8,19,2,-110,164,119,142,67,418.9932362122789,11.600416233090531,35.0098855359001,10.627471383975026,563.1071800208116,381.94016649323623,594.1311134235173,52.63943808532778,10
362,Markelle Fultz,Orlando Magic,PG,87,219,39,82,485.8,6,6,300.0,3,7,166.7,14,15,29,25,19,10,12,4,2,141,116,112,54,365.99462890625,37.556640625,36.56103515625,4.166015625,647.2265625,579.36181640625,419.259765625,88.71728515625,10
363,Markieff Morris,Dallas Mavericks,PF,5,11,2,3,150.0,0,0,0.0,1,2,50.0,0,2,2,0,0,0,0,0,4,7,7,5,2,2.728395061728395,2.3950617283950617,0.3950617283950617,0.5061728395061729,6.728395061728394,9.0,1.2469135802469138,2.0,2
364,Marques Bolden,Charlotte Hornets,C,15,53,7,9,266.7,1,2,50.0,0,0,0.0,4,13,17,0,5,1,1,1,-8,32,32,15,17,37.74586776859504,44.11570247933884,0.0,0.0,160.37396694214874,160.37396694214874,37.74586776859504,44.11570247933884,5
365,Marvin Bagley III,Washington Wizards,PF,134,238,58,89,623.5,12,13,600.0,6,8,450.0,23,49,72,8,11,5,10,9,3,214,206,142,80,341.85484830458057,93.62879238548483,15.875074360499699,4.5258774538964905,424.1273051754908,392.8102320047591,350.1939321832243,132.48185603807258,10
366,Mason Jones,Sacramento Kings,G,7,18,2,6,66.7,1,2,50.0,2,5,66.7,1,4,5,5,0,1,1,0,3,17,12,12,10,16.608888888888888,11.719999999999999,11.719999999999999,2.2222222222222223,55.275555555555556,24.22222222222223,24.22222222222223,46.879999999999995,2
367,Mason Plumlee,LA Clippers,C,44,128,15,28,419.4,14,16,425.0,0,2,0.0,9,31,40,9,16,3,7,3,9,93,84,53,49,149.7989542924608,92.20408163265304,16.908922246584584,0.0,563.0893911283522,427.07168156518804,223.73132062742457,171.19834710743805,10
368,Matisse Thybulle,Portland Trail Blazers,SG,67,209,25,53,398.9,5,7,200.0,12,31,335.0,7,24,31,20,14,17,12,7,-23,118,98,87,51,338.8434903047091,39.325484764542935,20.249307479224377,12.531855955678669,707.3573407202216,558.770083102493,458.20637119113564,88.79916897506926,10
369,Matt Ryan,New Orleans Pelicans,F,28,83,10,28,233.3,0,0,0.0,8,22,194.4,1,8,9,2,7,0,3,0,-12,39,37,30,11,216.4168975069252,18.313019390581715,1.6398891966759006,19.696675900277008,364.1731301939058,349.9792243767313,228.9487534626039,21.614958448753463,10
370,Matthew Hurt,Memphis Grizzlies,F,32,110,12,33,215.9,3,3,200.0,5,19,233.4,9,7,16,4,8,3,2,3,-7,52,48,36,20,163.8343195266272,34.95857988165681,4.934911242603551,5.335798816568047,360.0,296.6272189349112,213.72781065088756,53.37278106508876,7
371,Max Christie,Los Angeles Lakers,G,39,115,15,31,519.4,3,4,150.0,6,14,250.0,3,17,20,7,4,2,4,1,17,66,59,46,27,154.46849030470915,37.505886426592795,8.146814404432133,6.475415512465374,406.2229916897507,315.0484764542937,216.832756232687,74.46295013850417,10
372,Max Strus,Cleveland Cavaliers,SG,120,313,40,88,464.0,17,19,466.7,23,58,405.9,10,34,44,40,20,11,22,1,-23,204,164,160,84,255.20366513952519,92.7680133277801,76.59975010412327,16.107038733860893,492.54144106622243,287.30279050395666,387.5027072053311,242.30737192836318,10
373,Maxi Kleber,Dallas Mavericks,PF,47,186,14,29,495.0,11,14,325.0,8,19,300.0,12,20,32,13,15,7,7,8,82,92,79,60,45,121.16177777777777,32.624,11.000000000000002,7.664,282.8871111111111,228.5271111111111,168.64177777777778,50.504,10
374,Maxwell Lewis,Los Angeles Lakers,F,2,11,1,5,25.0,0,0,0.0,0,2,0.0,1,0,1,2,0,0,0,0,-15,5,3,4,3,2.78125,0.8472222222222221,3.063368055555556,0.0,6.77170138888889,6.670138888888888,3.6675347222222214,3.125868055555555,2
375,Micah Potter,Utah Jazz,C,33,136,11,27,300.0,6,6,400.0,5,14,250.0,8,20,28,5,7,4,4,4,-3,66,61,38,33,122.70247933884298,16.24793388429752,8.540495867768595,6.500826446280991,201.57685950413224,155.4,156.55537190082646,37.11239669421487,10
376,Michael Porter Jr.,Denver Nuggets,SF,153,319,59,134,454.0,11,13,516.7,24,63,409.7,14,60,74,17,17,7,12,3,48,244,227,170,91,144.97530864197537,122.10028959000151,18.168419448254838,7.2488949855205,249.39338515470203,232.07422648986432,137.21231519585425,165.35086114921506,10
377,Mikal Bridges,Brooklyn Nets,SF,156,334,56,130,436.2,10,11,466.7,34,82,440.9,8,26,34,37,9,12,17,3,-16,227,190,193,71,236.95112962666244,42.9690754686749,14.269988783848742,16.409229290177855,324.48918442557283,279.533408107675,301.26950809165197,37.87646210543182,10
378,Mike Conley,Minnesota Timberwolves,PG,146,287,50,102,465.4,14,16,616.7,32,63,491.29999999999995,3,16,19,55,17,18,23,2,10,220,165,201,74,347.68595041322317,22.120931017034913,39.68443245066622,31.715972339348962,498.2614268848035,412.97335132400065,445.8804182830157,48.89897115871142,10
379,Mike Muscala,Oklahoma City Thunder,C,14,88,6,26,256.7,1,3,50.0,1,15,33.3,6,11,17,6,7,3,1,1,25,37,31,20,23,34.625,17.8297193877551,7.387755102040818,0.9368622448979593,87.65625,66.68686224489797,38.155612244897966,42.65625,10
380,Miles Bridges,Charlotte Hornets,SF,216,388,82,170,480.8,28,34,754.7,24,69,332.3,12,54,66,32,14,6,19,5,-87,314,282,248,98,335.3884444444444,58.176,38.167111111111105,32.976,559.584,434.0551111111111,399.616,157.64444444444445,10
381,Miles McBride,New York Knicks,PG,161,382,57,124,448.7,13,14,550.0,34,81,392.9,11,22,33,30,29,12,7,1,63,224,194,191,63,615.3664485425343,32.5,28.336704342653178,60.08001189767995,922.2049375371803,719.8908387864366,803.1439619274241,75.37328970850683,10
382,Mitchell Robinson,New York Knicks,C,23,107,8,20,183.3,7,19,216.6,0,0,0.0,20,14,34,3,11,4,4,6,-10,60,57,26,37,67.75,95.75,3.7499999999999996,0.0,241.46428571428572,231.14285714285717,69.57142857142857,108.0,7
383,Mo Bamba,Philadelphia 76ers,C,74,201,27,52,491.09999999999997,11,15,425.0,9,24,323.3,16,50,66,10,28,8,8,16,-16,150,140,84,76,163.6326530612245,46.5,12.002040816326529,5.300000000000001,292.8897959183674,279.5612244897959,193.21836734693878,42.24489795918367,10
384,Monte Morris,Minnesota Timberwolves,PG,58,156,20,42,430.8,6,8,200.0,12,24,410.0,2,22,24,16,8,8,2,5,60,98,82,74,40,139.28419632315737,16.58289762185866,23.522685107100692,10.110642604149099,322.81396525552367,198.77551020408163,252.45673806712765,50.9714960364311,10
385,Moritz Wagner,Orlando Magic,C,87,159,34,61,610.1,15,18,650.0,4,14,216.7,15,24,39,13,20,6,13,0,25,139,126,100,52,179.96238130021914,46.9035792549306,42.329072315558804,4.5288531775018255,309.6018991964938,276.7425127830533,200.27903579254934,101.77538349159971,10
386,Moses Brown,Portland Trail Blazers,C,34,79,14,27,393.3,6,21,140.8,0,0,0.0,12,11,23,4,10,1,4,4,-13,61,57,38,27,72.4297520661157,26.09274563820018,6.001836547291092,0.0,148.32966023875116,119.15059687786959,88.51423324150598,45.18916437098255,8
387,Moses Moody,Golden State Warriors,SG,91,188,31,65,534.4,12,14,516.7,17,36,480.0,8,20,28,14,20,5,4,1,19,133,119,105,42,141.14693877551022,37.89387755102041,11.575510204081633,19.700000000000003,343.00816326530617,260.7795918367347,200.60000000000002,72.24489795918367,10
388,Mouhamadou Gueye,Toronto Raptors,F,26,112,11,37,340.5,4,9,225.0,0,3,0.0,11,10,21,5,13,3,11,15,-78,52,47,31,26,13.981008035062091,27.97516435354273,4.265157048940833,0.0,64.61869978086195,49.56026296566837,29.79035792549306,31.489408327246167,9
389,Mouhamed Gueye,Atlanta Hawks,F,3,17,1,3,33.3,0,0,0.0,1,1,100.0,2,5,7,3,4,1,0,1,0,13,10,6,10,4.591836734693877,18.36734693877551,4.591836734693877,0.5102040816326531,73.46938775510203,41.3265306122449,18.36734693877551,41.3265306122449,1
390,Moussa Diabate,LA Clippers,F,2,7,1,1,100.0,0,2,0.0,0,0,0.0,1,3,4,0,0,1,0,1,1,6,6,2,4,0.0,0.0,0.0,0.0,0.0,0.0,0.0,0.0,1
391,Myles Turner,Indiana Pacers,C,149,244,51,106,484.7,26,36,716.7,21,51,411.3,8,54,62,12,28,3,10,22,50,223,211,161,74,313.46087446049916,85.98911615687746,17.62169262525802,15.751360480390316,528.5488834678176,530.5143554137737,310.11165321823984,104.99455807843873,10
392,Naji Marshall,New Orleans Pelicans,SF,61,208,25,55,414.5,3,4,200.0,8,22,332.1,4,35,39,17,15,9,7,1,40,117,100,78,56,184.555263651717,54.96096828673297,10.14505535747795,13.658847813848753,433.6672921748921,383.08087821354854,225.8465002814787,74.40120097579283,10
393,Nassir Little,Phoenix Suns,SF,18,64,7,18,258.3,0,0,0.0,4,11,250.0,0,11,11,5,7,0,1,2,-9,34,29,23,16,39.35302457466919,14.801512287334596,4.732986767485823,2.2982041587901705,71.03591682419659,60.22637051039696,47.79584120982987,21.901228733459362,7
394,Nate Hinton,Houston Rockets,G,12,22,4,7,110.0,2,3,66.7,2,3,66.7,1,5,6,3,4,1,1,2,10,21,18,15,9,80.89506172839506,3.8580246913580245,3.4876543209876547,3.3888888888888884,154.67283950617283,112.22222222222223,116.55555555555554,14.135802469135804,2
395,Nathan Mensah,Charlotte Hornets,C,4,59,2,5,66.7,0,0,0.0,0,0,0.0,4,6,10,1,13,2,1,4,-17,15,14,5,11,13.75,9.9375,0.859375,0.0,41.359375,44.4375,13.484375,7.984375,7
396,Naz Reid,Minnesota Timberwolves,C,165,289,63,140,427.8,12,21,528.3,27,64,385.8,8,66,74,18,24,14,21,12,10,257,239,183,92,722.1924371094376,112.50248357634995,17.724082679057844,56.269988783848746,1124.9455215510336,1113.9649094696363,745.0,118.39961544624259,10
397,Neemias Queta,Boston Celtics,C,39,80,19,26,443.4,1,2,100.0,0,0,0.0,12,17,29,4,8,3,4,6,63,72,68,43,33,78.9375,55.24609375,2.12109375,0.0,228.734375,238.96484375,76.33984375,49.734375,7
398,Nic Claxton,Brooklyn Nets,C,114,320,50,77,653.1,14,34,421.7,0,0,0.0,32,78,110,21,20,9,19,21,-6,245,224,135,131,266.6899196493791,79.93316289262235,14.900292184075967,0.0,379.44813732651573,379.2461650840029,262.80861943024104,98.91672753834916,10
399,Nick Jr. Smith,Charlotte Hornets,G,45,161,15,58,283.3,7,8,87.5,8,30,200.0,2,13,15,18,16,3,6,0,-3,78,60,63,33,192.56944444444443,18.15625,26.44444444444445,12.069444444444445,354.90625,238.5173611111111,281.125,72.43402777777777,10
400,Nick Richards,Charlotte Hornets,C,94,247,39,53,745.5,16,18,575.0,0,0,0.0,18,51,69,8,24,5,10,4,-44,171,163,102,77,63.005569169079976,195.0,7.615059033192247,0.0,341.6005791935844,376.0354199153486,39.824459790599235,191.36132768990865,10
401,Nickeil Alexander-Walker,Minnesota Timberwolves,SG,110,224,40,80,532.2,6,8,250.0,24,49,577.3,3,16,19,22,13,6,10,3,79,151,129,132,41,304.0966553287982,22.882369614512474,22.019274376417233,14.196145124716553,573.7335600907029,405.0,450.60685941043084,67.125,10
402,Nicolas Batum,Philadelphia 76ers,PF,63,286,23,50,375.4,0,0,0.0,17,41,327.9,10,35,45,21,9,8,9,4,26,129,108,84,66,326.6840277777777,34.59452160493827,37.766975308641975,28.98341049382716,477.8780864197531,441.2901234567901,348.8445216049383,86.78896604938272,10
403,Nikola Jokic,Denver Nuggets,C,305,365,120,208,577.3,52,67,816.5,13,34,440.9,25,108,133,91,23,18,33,6,138,529,438,396,224,560.9168975069252,85.63746537396122,97.33275623268699,8.205332409972298,732.9487534626037,731.5086565096951,461.73580332409983,283.5914127423823,10
404,Nikola Jovic,Miami Heat,F,107,236,38,78,494.8,13,14,550.0,18,48,372.7,5,40,45,25,17,6,8,2,53,177,152,132,70,318.3515625,67.49072265625,37.322265625,15.60009765625,467.80712890625,513.91650390625,253.431640625,123.62353515625,10
405,Nikola Vucevic,Chicago Bulls,C,148,326,61,127,472.4,15,20,410.7,11,35,335.0,23,76,99,38,20,4,13,10,-72,285,247,186,137,444.55156249999993,199.52499999999998,34.625,7.026562500000001,522.8265625,506.6140625000001,437.9140625,257.0,10
406,Noah Clowney,Brooklyn Nets,F,79,213,30,57,479.7,11,19,296.4,8,20,250.0,16,40,56,6,15,5,7,14,5,141,135,85,62,471.49270202919183,104.31826272694909,4.427910288358847,10.239231043075828,903.3531505873976,878.74866500534,487.8059807760769,117.0373798504806,10
407,Norman Powell,LA Clippers,G,149,287,51,106,499.3,24,28,535.7,23,50,438.0,3,20,23,11,16,5,7,1,66,183,172,160,34,171.23611111111111,18.308641975308642,6.964891975308642,14.15625,137.7673611111111,164.6743827160494,142.69637345679013,26.90625,10
408,O.G. Anunoby,New York Knicks,SF,123,296,50,106,400.8,9,14,243.3,14,43,255.0,5,29,34,15,21,22,17,8,131,172,157,138,49,616.2816,55.4784,10.1024,17.1184,511.1936,503.5776,622.1184,67.36,9
409,Obi Toppin,Indiana Pacers,PF,117,189,47,70,716.8,5,6,350.0,18,34,544.5,10,32,42,13,18,7,8,7,37,172,159,130,55,298.94744431982053,52.22816856273033,8.145008812690275,13.81733696522993,560.5582438711745,516.9910270789937,342.0509533728569,60.83688511456498,10
410,Ochai Agbaji,Toronto Raptors,G,78,287,31,75,368.4,11,20,425.0,5,25,153.3,21,26,47,18,19,10,13,7,-43,143,125,96,65,200.51801461325272,80.78029730410682,24.7538422776518,4.505668934240363,496.5308641975309,385.4787100025195,262.1224489795918,154.98185941043084,10
411,Olivier Sarr,Oklahoma City Thunder,C,11,22,4,7,125.0,3,5,116.7,0,1,0.0,4,4,8,0,3,0,1,1,-14,19,19,11,8,34.92,6.920000000000002,0.0,0.0,59.68000000000001,59.68000000000001,34.92,6.920000000000002,3
412,OlivierMaxence Prosper,Dallas Mavericks,F,10,36,3,6,150.0,4,7,57.1,0,2,0.0,2,6,8,0,1,1,1,1,-14,18,18,10,8,26.66863905325444,13.68639053254438,0.09467455621301776,0.053254437869822494,74.48520710059172,77.56213017751479,25.05917159763314,12.31360946745562,4
413,Omer Yurtseven,Utah Jazz,C,96,197,44,71,565.8,7,9,400.0,1,5,50.0,26,35,61,11,13,4,10,7,-49,168,157,107,72,337.83687288396436,75.39273622653124,13.094182825484763,0.9002770083102494,749.3130193905818,642.0803324099722,420.4176669744537,113.13881194213604,10
414,Onuralp Bitim,Chicago Bulls,SF,54,158,24,48,504.4,0,0,0.0,6,21,166.7,5,12,17,9,14,2,3,1,-38,80,71,63,26,277.63988175221715,52.01585595270088,5.3472184896533195,7.2324643912926625,536.1048105348026,498.07014243482934,300.4232733136254,72.61435098091911,10
415,Onyeka Okongwu,Atlanta Hawks,PF,147,296,61,89,703.8000000000001,16,22,492.9,9,19,466.6,32,44,76,11,28,7,5,15,4,234,223,158,87,308.4240362811791,185.95918367346937,9.244897959183675,5.6893424036281175,807.5192743764171,822.7913832199548,307.3560090702948,181.0,10
416,Orlando Robinson,Miami Heat,C,13,59,4,11,108.3,4,5,175.0,1,2,100.0,8,9,17,5,4,1,3,0,4,35,30,18,22,53.30853994490358,26.60330578512397,2.9008264462809916,0.8457300275482093,105.11019283746558,87.04683195592285,71.64187327823691,29.234159779614323,6
417,Oscar Tshiebwe,Indiana Pacers,C,3,5,1,3,33.3,1,2,50.0,0,0,0.0,2,0,2,0,1,0,0,1,8,5,5,3,2,0.25,0.0,0.0,0.0,0.25,0.25,0.25,0.0,1
418,Oshae Brissett,Boston Celtics,SF,36,148,12,27,427.6,9,16,233.3,3,10,250.0,14,15,29,10,11,1,4,1,48,75,65,46,39,62.88703923900119,20.365041617122472,6.074316290130797,2.117122473246136,85.25624256837098,96.14149821640905,61.34185493460166,17.099286563614744,10
419,Ousmane Dieng,Oklahoma City Thunder,F,28,90,10,25,324.4,4,4,200.0,4,14,220.0,1,7,8,14,3,3,6,3,16,50,36,42,22,122.49704142011836,6.0,21.124260355029588,4.295857988165681,242.1183431952663,164.49704142011836,196.11834319526628,31.124260355029584,8
420,P.J. Tucker,LA Clippers,PF,32,185,12,28,313.3,0,0,0.0,8,17,483.4,9,23,32,8,15,6,3,4,-6,72,64,40,40,124.51516523313717,49.51290176550476,4.1086464463558166,6.108646446355817,258.545948392938,228.50701674966052,142.9325486645541,65.24309642372116,10
421,P.J. Washington,Dallas Mavericks,PF,147,346,53,119,416.0,13,22,560.0,28,70,401.9,12,61,73,20,21,15,11,10,87,240,220,167,93,659.0380725758478,95.61273051754908,9.16597263533611,28.804283164782866,732.9946460440214,700.6734086853064,675.311719214753,120.82629387269485,10
422,Paolo Banchero,Orlando Magic,PF,217,358,74,183,406.0,58,71,811.4,11,57,212.1,6,63,69,52,15,5,33,9,-16,338,286,269,121,388.1408179012346,19.992669753086417,29.26697530864197,4.390817901234568,448.74845679012344,401.1111111111111,425.3815586419753,59.65625,10
423,Pascal Siakam,Indiana Pacers,PF,224,306,89,166,536.3,40,55,647.5,6,17,366.6,25,63,88,32,25,4,16,3,51,344,312,256,120,466.6963627623778,113.6433263900016,30.389681140842814,2.6963627623778237,764.4185226726486,692.1663195000801,466.5185066495754,216.46306681621533,10
424,Pat Connaughton,Milwaukee Bucks,SG,60,252,21,62,393.59999999999997,9,11,350.0,9,42,222.2,9,23,32,37,19,6,8,3,11,129,92,97,69,138.49382716049382,48.050906873952144,79.08565767413504,8.901844231062338,421.0384087791495,271.4884926078342,219.29416247523244,195.88614540466395,10
425,Patrick Baldwin Jr.,Washington Wizards,F,58,180,21,56,335.5,8,12,335.0,8,38,150.4,7,34,41,10,26,9,7,7,-14,109,99,68,51,360.07173089775006,99.67899309423034,20.035642682111828,13.600356426821117,953.1318779238137,764.8658944085543,494.6709734907551,173.38137669859657,10
426,Patrick Beverley,Milwaukee Bucks,PG,74,223,25,59,329.9,11,12,450.0,13,33,340.0,7,33,40,28,14,5,3,6,61,142,114,102,68,486.25346434870244,91.08641975308642,33.74552784076594,18.907281431090954,1064.0,851.8407659360041,629.7530864197531,193.49155958679768,10
427,Patrick Williams,Chicago Bulls,PF,6,24,2,9,22.2,2,2,100.0,0,5,0.0,0,6,6,2,5,0,2,2,-11,14,12,8,8,0.0,0.0,0.0,0.0,0.0,0.0,0.0,0.0,1
428,Patty Mills,Miami Heat,PG,56,177,19,63,271.8,11,11,400.0,7,42,145.8,4,6,10,19,12,11,7,0,37,85,66,75,29,258.71604938271605,10.0,15.8,6.1604938271604945,286.6493827160494,250.71604938271602,278.6493827160494,41.8,10
429,Paul George,LA Clippers,F,241,346,81,167,480.90000000000003,47,49,775.0,32,67,455.8,6,47,53,31,27,12,26,5,14,325,294,272,84,854.9002267573696,100.38577097505669,36.22704081632653,37.65447845804989,1630.8628117913834,1274.702097505669,1124.892573696145,222.781179138322,10
430,Paul Reed,Philadelphia 76ers,SF,86,213,36,61,629.3,12,16,433.3,2,4,150.0,22,44,66,16,23,13,13,14,77,168,152,102,82,66.414548404543,53.49053542455381,38.415630070308275,1.682260681449432,261.6625202812331,175.74067063277448,115.2752839372634,128.96727961060031,10
431,Payton Pritchard,Boston Celtics,PG,121,275,48,101,441.0,8,11,350.0,17,53,247.7,6,21,27,52,16,8,8,0,70,200,148,173,79,453.02844444444446,15.444444444444446,88.58844444444445,27.0,848.8604444444444,470.24177777777777,808.456,127.224,10
432,Peyton Watson,Denver Nuggets,F,57,205,23,51,394.7,10,15,550.0,1,10,33.3,11,40,51,18,21,3,6,23,14,126,108,75,69,146.61451516954193,63.9506246281975,21.112730517549082,1.143664485425342,374.4809637120761,290.3961927424152,185.83848899464604,129.9241522903034,10
433,Precious Achiuwa,New York Knicks,PF,53,183,22,42,386.5,8,15,200.0,1,6,100.0,23,40,63,9,22,4,8,8,-56,125,116,62,72,367.03332799230895,212.01874699567378,14.741387598141323,0.9807723121294665,1158.9977567697483,999.0020829995192,484.7918602788015,268.99727607755165,10
434,Quentin Grimes,Detroit Pistons,SG,82,213,26,80,296.2,19,24,525.0,11,50,200.0,2,27,29,19,13,7,9,4,-12,130,111,101,48,312.44628099173553,35.19834710743802,14.900826446280991,10.900826446280991,442.06611570247935,483.0495867768595,277.6942148760331,43.86776859504132,10
435,R. Rupert,Portland Trail Blazers,G,63,291,22,65,399.4,6,7,350.0,13,32,261.6,5,32,37,28,31,6,14,3,-61,128,100,91,65,75.94674556213019,40.578698224852076,27.578698224852076,17.407100591715974,132.14674556213018,99.60710059171596,87.24378698224852,89.4,10
436,RJ Barrett,Toronto Raptors,SG,235,337,92,170,544.8,35,55,611.7,16,38,366.7,10,45,55,48,23,6,32,5,-62,338,290,283,103,119.76795005202915,47.0,49.681581685744014,20.05202913631634,326.5993756503642,166.5098855359001,254.76066597294485,121.7783558792924,10
437,RaiQuan Gray,San Antonio Spurs,F,13,13,5,8,62.5,0,0,0.0,3,5,60.0,0,0,0,2,0,1,0,0,3,15,13,15,2,60.839999999999996,1.44,1.44,3.24,60.839999999999996,43.559999999999995,81.0,0.0,1
438,Reggie Bullock,Houston Rockets,SF,29,120,10,21,366.6,0,0,0.0,9,18,433.3,3,21,24,2,12,4,1,3,-29,55,53,31,26,109.58179012345678,46.42785493827161,1.625,8.989197530864198,255.19637345679013,239.085262345679,127.34567901234567,46.40007716049383,10
439,Reggie Jackson,Denver Nuggets,PG,132,258,46,114,407.09999999999997,22,26,622.7,18,44,429.3,9,13,22,44,24,7,17,2,5,198,154,176,66,346.8483045806068,29.16121356335515,68.0,17.932183224271267,545.7311124330755,397.34086853063656,479.6775728732897,112.72218917311125,10
440,Richaun Holmes,Washington Wizards,F,88,241,35,62,516.4,18,21,591.7,0,2,0.0,31,52,83,9,31,7,8,8,-2,180,171,97,92,289.8569488456315,267.74694431869625,7.027161611588955,0.004526935264825713,982.0,910.5165233137166,326.7682209144409,309.3463105477592,10
441,Ricky IV Council,Philadelphia 76ers,G,51,100,16,38,394.9,13,19,408.3,6,14,333.3,2,5,7,9,8,6,1,1,22,67,58,60,16,138.45247419010326,8.307226771092916,8.906016375934497,4.436454254182983,253.60590957636168,184.29832680669276,202.1295834816661,22.843716625133503,10
442,Robin Lopez,Milwaukee Bucks,C,6,23,3,9,37.5,0,0,0.0,0,2,0.0,1,0,1,1,3,1,0,2,-16,8,7,7,2,21.92,0.52,0.6800000000000002,0.0,24.48,29.0,18.28,0.32000000000000006,2
443,Royce O'Neale,Phoenix Suns,PF,73,228,28,63,398.3,2,2,100.0,15,44,308.3,8,43,51,20,13,9,8,6,25,144,124,93,71,311.6111111111111,69.9640022675737,24.012755102040817,24.138321995464853,723.7199546485261,541.3211451247165,444.2429138321995,143.7437641723356,10
444,Rudy Gobert,Minnesota Timberwolves,C,145,349,56,79,704.0,33,56,521.3,0,0,0.0,38,92,130,22,36,9,19,19,27,297,275,167,152,246.06437959456449,88.72176431276452,14.926264201381155,0.0,520.5112497215416,450.6609489864112,277.8714635776342,141.6912452662063,10
445,Rui Hachimura,Los Angeles Lakers,PF,181,320,71,126,568.3,18,23,550.0,21,45,416.1,13,59,72,15,15,2,4,8,44,268,253,196,87,601.3000000000001,172.85625,18.7640625,37.65624999999999,1102.9765625,1030.35625,644.9640625,220.5765625,10
446,Russell Westbrook,LA Clippers,PG,115,217,44,93,483.3,22,27,691.7,5,16,216.7,13,36,49,51,17,9,25,2,51,215,164,166,100,244.55486968449932,154.21742112482852,141.82235939643346,6.503429355281206,1062.011659807956,533.2345679012345,494.9272976680384,574.4444444444443,10
447,Ryan Arcidiacono,New York Knicks,G,0,5,0,1,0.0,0,0,0.0,0,1,0.0,0,0,0,0,1,1,0,0,3,0,0,0,0,0.0,0.0625,0.0,0.0,0.0625,0.0625,0.0,0.0625,1
448,Saben Lee,Phoenix Suns,G,35,98,9,28,194.29999999999998,15,20,416.7,2,9,83.3,3,15,18,17,6,4,2,0,11,70,53,52,35,201.0,32.53125,12.875,1.625,414.03125,373.40625,225.125,61.90625,8
449,Saddiq Bey,Atlanta Hawks,SF,146,337,48,125,372.4,31,35,800.0,19,59,298.4,29,32,61,14,7,4,10,4,-23,221,207,160,75,398.90000000000003,67.125,9.625,14.9,439.4000000000001,478.32500000000005,362.225,74.5,10
450,Sam Hauser,Boston Celtics,SF,110,257,40,95,456.9,0,0,0.0,30,75,421.8,6,34,40,14,14,10,4,2,43,164,150,124,54,524.4259300512364,27.078191133882825,14.887948318110936,46.80418801514814,514.4321675206058,572.2695477834707,467.1378926264202,41.4167966139452,10
451,Sam Merrill,Cleveland Cavaliers,SG,76,196,23,65,254.6,7,8,466.7,23,62,263.4,3,17,20,22,13,2,3,0,-18,118,96,98,42,465.34693877551024,22.026986001011977,33.782425366840954,50.23359757125991,777.7136110642605,641.9379321976725,575.2629448473605,81.66908416259065,10
452,Samardo Samuels,Houston Rockets,F,0,6,0,1,0.0,0,0,0.0,0,0,0.0,1,1,2,0,0,0,0,0,-5,2,2,0,2,1.3611111111111114,2.006944444444444,0.0,0.0,0.0625,0.0625,1.3611111111111114,2.006944444444444,1
453,Sandro Mamukelashvili,San Antonio Spurs,PF,77,191,31,61,502.6,10,11,400.0,5,18,166.6,22,47,69,19,12,3,6,3,31,165,146,96,88,214.66448542534206,223.3438429506246,14.599048185603808,4.5014872099940515,617.0107079119572,517.2171326591315,238.2331945270672,314.1677572873289,10
454,Santi Aldama,Memphis Grizzlies,PF,116,316,42,90,459.2,13,20,450.0,19,52,309.5,11,56,67,23,14,10,7,16,-91,206,183,139,90,464.97257653061223,94.125,18.288903061224488,31.887755102040817,898.1326530612246,764.936862244898,555.9005102040816,154.68176020408163,10
455,Sasha Vezenkov,Sacramento Kings,F,33,70,10,26,173.9,5,5,200.0,8,19,226.2,0,8,8,5,9,4,1,0,25,46,41,38,13,59.2190082644628,3.4008264462809916,2.9710743801652897,8.0,105.38429752066116,74.2396694214876,87.50413223140494,9.231404958677686,6
456,Scoot Henderson,Portland Trail Blazers,G,184,340,70,163,427.1,23,27,760.0,21,58,370.0,7,28,35,81,34,13,53,1,-146,300,219,265,116,178.22400000000007,42.504000000000005,117.64177777777776,11.268444444444444,444.29511111111117,199.79999999999993,430.4204444444445,152.44444444444443,10
457,Scottie Barnes,Toronto Raptors,SF,179,333,70,155,460.1,33,39,674.9,6,36,159.89999999999998,28,63,91,75,18,13,31,14,21,345,270,254,166,391.6640625,102.8515625,85.6640625,4.8515625,827.2890625,587.40625,576.65625,243.40625,10
458,Scotty Pippen Jr.,Memphis Grizzlies,G,135,263,49,103,449.3,23,29,585.7,14,37,375.0,10,18,28,39,28,22,31,5,-66,202,163,174,67,422.115724721261,29.60553633217993,30.159554017685508,10.425990003844674,685.6055363321799,537.5321030372934,548.4221453287197,81.53210303729334,10
459,Seth Curry,Charlotte Hornets,SG,81,181,29,67,372.5,14,15,566.7,9,31,256.6,4,15,19,17,7,5,7,3,-33,117,100,98,36,233.0,12.900826446280993,16.140495867768593,4.900826446280991,334.3388429752066,276.08264462809916,269.8677685950413,50.429752066115704,10
460,Shai Gilgeous-Alexander,Oklahoma City Thunder,PG,256,342,92,188,488.7,61,77,793.3,11,40,292.6,10,49,59,50,23,19,27,6,40,365,315,306,109,580.536111111111,64.5,45.13611111111111,3.444444444444444,993.8777777777776,817.3027777777778,746.8444444444443,119.90277777777777,10
461,Shake Milton,New York Knicks,SG,49,126,21,46,431.1,2,3,66.7,5,12,250.0,9,19,28,15,12,4,5,2,-6,92,77,64,43,168.13609467455623,82.63017751479289,18.28994082840237,8.869822485207102,562.7485207100592,440.9378698224852,242.85207100591717,148.0147928994083,10
462,Sidy Cissoko,San Antonio Spurs,G,24,60,8,14,123.80000000000001,7,9,171.4,1,5,33.3,5,4,9,5,7,1,1,1,-19,38,33,29,14,165.79591836734693,16.224489795918366,7.367346938775509,0.7959183673469389,381.6530612244898,283.0408163265306,243.0,45.0,4
463,Simone Fontecchio,Detroit Pistons,F,158,307,55,116,455.5,19,21,616.7,29,65,413.2,8,41,49,16,20,10,13,5,5,223,207,174,65,506.0,36.90963139120095,14.430439952437576,30.11296076099881,589.4708680142687,547.3923900118907,538.8442330558859,60.574316290130795,10
464,Skylar Mays,Los Angeles Lakers,SG,8,34,4,10,170.0,0,0,0.0,0,3,0.0,0,1,1,3,2,3,2,1,-3,12,9,11,4,16.39001189060642,0.8002378121284184,3.202140309155767,0.0,16.387633769322235,18.48870392390012,15.487514863258022,2.803804994054697,4
465,Spencer Dinwiddie,Los Angeles Lakers,PG,101,271,28,63,388.2,27,30,638.9,18,42,401.7,3,25,28,23,22,7,14,8,16,152,129,124,51,550.8852728468113,38.46416831032216,49.74128862590401,14.352728468113083,943.4937541091389,717.3520710059172,769.4779750164366,95.75443786982248,10
466,Stanley Umude,Detroit Pistons,G,49,150,16,39,260.4,8,9,366.7,9,25,243.3,5,16,21,3,15,4,4,2,-32,73,70,52,24,177.08,44.0,1.9200000000000002,10.88,278.68,272.78,180.88,48.02,8
467,Stephen Curry,Golden State Warriors,PG,239,326,82,183,471.6,31,33,758.3,44,104,458.4,5,44,49,62,13,4,20,4,88,350,288,301,111,403.6135941980098,89.1153651543262,45.15702479338844,24.78967785461292,384.2040816326531,449.49097655591163,339.73874177770284,132.86034744476302,10
468,Svi Mykhailiuk,Boston Celtics,SG,53,138,19,40,647.1,1,1,100.0,14,32,533.3,3,16,19,14,3,3,2,0,60,86,72,67,33,54.50369822485207,26.18417159763314,8.831360946745562,7.3232248520710055,190.89940828402368,139.96745562130175,94.25517751479289,46.196005917159766,10
469,T. Vukcevic,Washington Wizards,PF,66,121,24,54,258.2,10,13,350.0,8,28,186.7,6,25,31,12,23,3,6,5,19,109,97,78,43,259.4112490869247,51.00146092037984,12.739225712198683,6.650109569028487,573.0394448502557,465.12125639152663,324.7742878013148,106.29583637691745,6
470,T.J. McConnell,Indiana Pacers,PG,144,202,67,118,571.6,6,7,400.0,4,8,350.0,5,20,25,61,13,4,17,1,43,230,169,205,86,165.3147506925208,18.58483379501385,41.33275623268698,2.4224376731301938,234.19286703601108,143.97506925207756,223.75900277008304,91.69113573407202,10
471,T.J. Warren,Minnesota Timberwolves,SF,37,119,16,39,361.2,3,4,150.0,2,13,83.3,5,16,21,7,11,3,4,1,45,65,58,44,28,66.72916666666667,18.84027777777778,7.666666666666667,1.5833333333333335,102.55555555555556,115.33333333333334,51.229166666666664,29.229166666666668,9
472,Taj Gibson,Detroit Pistons,F,8,20,3,5,116.7,0,0,0.0,2,4,100.0,0,2,2,0,2,1,0,0,-2,10,10,8,2,8.260355029585797,2.29585798816568,0.18934911242603553,0.42603550295857995,2.3195266272189357,3.8343195266272185,6.272189349112427,2.9585798816568047,2
473,Taj Gibson,New York Knicks,F,2,68,0,9,0.0,2,2,100.0,0,2,0.0,4,6,10,4,8,1,3,0,2,16,12,6,14,19.958579881656803,11.893491124260356,2.011834319526627,1.4497041420118342,17.414201183431953,16.585798816568047,13.75739644970414,20.934911242603548,5
474,Talen Horton-Tucker,Utah Jazz,SG,98,190,35,94,357.2,12,16,438.1,16,41,391.6,0,16,16,21,14,9,8,4,-67,135,114,119,37,378.79826933477557,12.42617631151974,32.915630070308275,9.75013520822066,487.6965927528394,478.44889129259053,387.20551649540295,46.182260681449435,10
475,Taurean Prince,Los Angeles Lakers,PF,82,205,30,62,447.0,8,11,266.7,14,31,408.3,4,25,29,11,12,5,13,3,-14,122,111,93,40,307.616,40.91111111111111,21.13511111111111,16.444444444444443,433.8151111111111,364.9004444444445,346.22844444444445,92.34844444444444,10
476,Taylor Hendricks,Utah Jazz,F,92,268,34,75,450.2,4,6,216.7,20,44,485.0,8,39,47,9,22,6,8,7,-82,148,139,101,56,233.60711111111112,64.68711111111112,4.921777777777778,14.45511111111111,288.88177777777776,255.0,254.95377777777776,82.144,10
477,Taze Moore,Portland Trail Blazers,G,2,5,1,1,100.0,0,0,0.0,0,0,0.0,0,0,0,1,0,0,1,0,7,3,2,3,1,1.44,0.0,0.6400000000000001,0.0,4.0,1.44,4.0,0.6400000000000001,1
478,Terance Mann,LA Clippers,SG,98,231,39,62,585.5,12,15,575.0,8,21,411.9,10,28,38,10,24,5,9,0,-13,146,136,108,48,286.6851211072664,75.2955017301038,8.865051903114187,6.099653979238754,588.8484429065744,560.4678200692042,321.4878892733564,77.73840830449826,10
479,Terquavion Smith,Philadelphia 76ers,G,45,65,16,37,307.8,2,3,100.0,11,28,266.6,0,3,3,11,5,8,5,0,6,59,48,56,14,207.21799307958474,1.7162629757785468,19.03806228373702,19.03806228373702,206.44982698961942,200.97577854671283,213.95847750865047,19.4878892733564,7
480,Terry Rozier,Miami Heat,SG,188,305,68,150,442.8,15,16,466.7,37,74,449.4,2,29,31,31,14,12,12,3,40,250,219,219,62,688.5740924419758,24.017655227137475,25.78198770085301,78.01567149375124,792.8748264233287,829.7494544733188,647.9018051973815,53.59730212259471,10
481,Terry Taylor,Chicago Bulls,F,15,56,5,10,325.0,3,4,150.0,2,3,150.0,4,10,14,3,1,2,0,0,-15,32,29,18,17,20.88823959094229,35.125639152666174,3.509130752373996,1.7983929875821767,117.36084733382029,97.06866325785245,26.967129291453613,52.848064280496715,5
482,Thaddeus Young,Phoenix Suns,F,16,74,8,17,225.0,0,2,0.0,0,1,0.0,15,10,25,6,7,5,2,0,8,47,41,22,31,30.671296296296298,62.185185185185176,6.296296296296296,0.0,141.20833333333334,126.1712962962963,46.22685185185185,67.96296296296296,6
483,Thaddeus Young,Phoenix Suns,PF,21,74,10,12,341.7,1,3,50.0,0,1,0.0,6,13,19,7,5,2,3,1,-21,47,40,28,26,32.57716049382716,28.086419753086417,9.864197530864198,0.0,132.19444444444446,86.96604938271606,57.85493827160495,57.901234567901234,4
484,Thanasis Antetokounmpo,Milwaukee Bucks,SF,10,48,5,11,266.7,0,2,0.0,0,1,0.0,2,1,3,4,8,1,3,1,-18,17,13,14,7,18.970414201183434,1.5,1.8106508875739646,0.0,26.76627218934911,22.470414201183434,23.26627218934911,3.3106508875739644,6
485,Theo Maledon,Phoenix Suns,PG,5,10,1,2,50.0,3,3,100.0,0,0,0.0,0,1,1,0,3,0,3,0,-11,6,6,5,1,14.0625,0.5625,0.0,0.0,20.25,20.25,14.0625,0.5625,1
486,Thomas Bryant,Miami Heat,C,91,143,33,58,520.0,21,23,750.0,4,14,233.3,12,41,53,6,17,4,4,7,41,150,144,97,59,489.5895078420768,97.64467279610601,8.42617631151974,4.417522985397513,923.4040021633316,860.7106544077878,550.285018929151,108.06868577609518,10
487,Tim Hardaway Jr.,Dallas Mavericks,SF,102,235,37,95,377.0,8,9,266.7,20,60,327.5,2,25,27,22,11,6,6,1,30,151,129,124,49,276.3462224866151,12.164782867340868,34.559488399762046,12.023795359904819,503.4244497323022,333.2712671029149,449.7980368828078,43.42563950029744,10
488,Tobias Harris,Philadelphia 76ers,PF,158,325,60,135,432.8,21,26,685.0,17,43,323.6,10,63,73,27,15,6,12,11,-42,258,231,185,100,345.6,100.61652892561983,18.398347107438017,26.2,659.2,519.9619834710744,458.25289256198346,145.6,10
489,Tony Allen,Memphis Grizzlies,F,10,73,5,17,100.0,0,0,0.0,0,6,0.0,1,9,10,3,12,2,1,0,-42,23,20,13,13,10.719999999999999,3.0,2.12,0.0,34.0,19.32,21.0,9.52,3
490,Torrey Craig,Chicago Bulls,SF,49,160,18,39,416.3,3,4,150.0,10,23,466.7,5,15,20,8,15,5,5,3,-33,77,69,57,28,135.60701533291325,15.646712875446335,10.50871665616467,8.472589792060491,245.1684520058811,185.47637051039698,190.85255198487712,30.601974375131274,10
491,Tosan Evbuomwan,Detroit Pistons,F,84,276,29,53,552.3,17,25,508.4,9,23,390.0,10,34,44,10,17,5,8,4,-96,138,128,94,54,125.78092461474385,43.12952936276552,10.066638900458145,7.008329862557268,264.558100791337,237.48604748021654,150.0,56.04914618908788,10
492,Toumani Camara,Portland Trail Blazers,F,88,292,35,67,507.2,8,9,350.0,10,26,336.6,19,23,42,22,26,8,13,8,-36,152,130,110,64,287.70000000000005,51.93611111111112,28.402777777777775,8.002777777777778,547.7,471.46944444444443,351.46944444444443,92.8,10
493,Trae Young,Atlanta Hawks,PG,223,357,72,158,487.4,45,55,813.4,34,86,432.3,1,21,22,107,23,11,45,2,-27,352,245,330,129,822.0510204081633,15.602040816326532,79.0,40.744897959183675,805.3877551020408,658.6734693877551,971.4795918367347,91.88775510204081,10
494,Trayce JacksonDavis,Golden State Warriors,F,103,263,45,73,596.7,13,22,343.3,0,1,0.0,33,48,81,15,12,11,11,18,-9,199,184,118,96,278.1765625,85.925,18.5390625,0.0,346.65624999999994,278.0390625,333.60625,117.65156249999998,10
495,Tre Jones,San Antonio Spurs,PG,102,321,42,89,450.3,8,10,325.0,10,30,225.0,12,40,52,63,11,11,19,2,-23,217,154,165,115,213.218173900421,96.88895340397735,61.9917259399042,12.470314994919438,543.1924807664393,354.05835389751775,300.5410074031064,260.69197271011757,10
496,Tre Mann,Charlotte Hornets,PG,112,320,42,93,463.7,18,21,608.3,10,35,333.4,5,32,37,52,14,20,26,3,-55,201,149,164,89,198.49940828402367,29.608284023668638,25.6094674556213,8.532544378698224,334.39171597633134,225.68639053254438,315.64023668639055,46.782248520710056,10
497,Trendon Watford,Brooklyn Nets,PF,114,213,43,80,517.6,19,29,512.1,9,21,290.0,11,34,45,16,24,5,20,4,-52,175,159,130,61,413.87079527734454,74.93584317219872,31.82312319002005,7.294052127422589,738.0443305858767,653.4023167743372,442.4535531298731,162.81822232122965,10
498,Trent Forrest,Atlanta Hawks,G,24,139,11,29,366.6,2,3,100.0,0,3,0.0,5,11,16,37,3,4,8,2,-26,77,40,61,53,30.53684585261659,10.983268066927735,64.80776076895692,0.0,148.00035599857603,33.28515485938056,126.36703453186186,94.67604129583482,10
499,Trevelin Queen,Orlando Magic,SG,0,13,0,3,0.0,0,0,0.0,0,2,0.0,0,1,1,1,1,0,0,0,-17,2,1,1,2,0.0,0.5555555555555556,0.7222222222222223,0.0,0.05555555555555553,0.5555555555555556,0.7222222222222223,0.05555555555555553,2
500,Trey Jemison,Memphis Grizzlies,C,97,272,42,75,485.09999999999997,13,14,650.0,0,0,0.0,39,29,68,14,23,5,18,15,-61,179,165,111,82,534.0695886197617,80.3844675124952,8.61053440984237,0.0,747.9957708573627,796.3094963475585,471.4359861591695,103.31487889273357,10
501,Trey Lyles,Sacramento Kings,PF,77,218,28,64,398.9,9,12,425.0,12,37,274.2,14,33,47,14,11,4,7,5,54,138,124,91,61,229.41975308641975,54.30864197530864,24.47901234567901,13.200000000000001,516.0,353.4567901234568,381.8197530864197,88.93086419753087,10
502,Trey Murphy III,New Orleans Pelicans,SG,159,360,48,120,395.9,35,40,835.7,28,83,345.0,12,63,75,29,15,13,9,6,10,263,234,188,104,360.20278705182176,48.35172013354622,11.521991580780956,21.645521846421833,495.49441138046166,414.02583829293064,416.3913485266367,85.1537233270431,10
503,Tristan Thompson,Cleveland Cavaliers,C,18,78,8,15,258.4,2,6,100.0,0,0,0.0,12,16,28,9,8,3,4,3,-20,55,46,27,37,48.200954861111114,31.678819444444436,2.27734375,0.0,122.5486111111111,122.3572048611111,48.0954861111111,34.25303819444444,7
504,Troy Brown Jr.,Detroit Pistons,SF,54,237,17,59,247.1,9,11,330.0,11,33,237.39999999999998,7,34,41,11,9,11,7,0,-71,106,95,65,52,170.5433673469388,34.41836734693877,12.967474489795919,21.676020408163268,239.96747448979593,193.125,196.3654336734694,68.40625,10
505,TyTy Washington Jr.,Milwaukee Bucks,G,3,17,1,4,50.0,0,0,0.0,1,2,100.0,1,1,2,1,1,0,0,0,-1,6,5,4,3,5.7612456747404845,2.339100346020761,0.8892733564013842,0.6401384083044982,13.425605536332178,15.408304498269898,5.051903114186851,1.9550173010380625,2
506,Tyler Herro,Miami Heat,PG,211,333,81,168,482.7,22,26,491.7,27,74,379.1,3,49,52,47,13,0,16,1,71,310,263,258,99,274.05325443786984,17.75147928994083,33.63905325443787,12.215976331360947,407.59763313609466,330.7869822485207,332.698224852071,69.55621301775147,10
507,Tyrese Haliburton,Indiana Pacers,PG,194,330,66,144,451.1,28,33,716.7,34,84,407.0,4,35,39,88,12,16,16,9,83,321,233,282,127,551.376,38.95377777777779,59.744,22.380444444444446,617.4444444444443,592.5484444444444,602.4960000000001,72.47377777777777,10
508,Tyrese Maxey,Philadelphia 76ers,PG,254,395,95,215,432.0,39,44,725.0,25,83,307.4,3,35,38,70,22,12,13,5,60,362,292,324,108,1686.4317219870795,94.07484963243485,98.60592559590108,24.79460904433059,2551.9523279126756,2286.142125194921,1849.753619959902,295.169079973268,10
509,Tyus Jones,Washington Wizards,PG,91,313,36,84,402.0,4,4,300.0,15,43,360.8,3,22,25,97,4,9,13,2,-70,213,116,188,122,345.04336734693874,43.53316326530612,160.5,20.959183673469386,776.265306122449,542.0510204081633,542.9719387755102,240.3188775510204,10
510,Udoka Azubuike,Phoenix Suns,C,2,11,1,3,33.3,0,2,0.0,0,0,0.0,2,4,6,0,1,0,0,0,-3,8,8,2,6,3.305785123966942,28.76859504132231,0.0,0.0,51.578512396694215,51.578512396694215,3.305785123966942,28.76859504132231,1
511,Vasilije Micic,Charlotte Hornets,G,93,314,34,93,334.9,15,19,525.0,10,41,180.7,4,21,25,80,20,9,22,2,-80,198,118,173,105,243.3940701820229,21.0,119.93019328204166,14.227059485832239,564.9735410020642,259.4899605929818,512.165321823982,177.64252204916497,10
512,Victor Wembanyama,San Antonio Spurs,C,238,327,83,183,466.70000000000005,50,65,711.8,22,73,292.6,28,93,121,59,20,11,46,45,16,418,359,297,180,828.5884444444445,225.50844444444445,32.744,25.744,1875.5751111111113,1701.1937777777778,939.7111111111111,321.5111111111111,10
513,Vince Williams Jr.,Memphis Grizzlies,G,127,336,42,92,459.70000000000005,30,38,723.3,13,34,328.8,8,54,62,61,30,12,34,9,-54,250,189,188,123,231.93628808864267,72.8808864265928,35.61495844875347,18.00831024930748,492.2326869806094,474.07479224376726,226.76454293628805,131.82548476454295,10
514,Vit Krejci,Atlanta Hawks,G,81,283,31,56,547.8,1,1,100.0,18,38,364.6,7,27,34,19,25,7,11,2,-16,134,115,100,53,447.2640036730946,32.231404958677686,7.971074380165288,36.32736455463728,626.4334251606979,572.7846648301194,497.1111111111111,44.00413223140496,10
515,Walker Kessler,Utah Jazz,C,72,234,31,42,737.5,10,12,500.0,0,0,0.0,22,52,74,12,20,3,11,12,-77,158,146,84,86,107.6064272961714,126.54671692124577,7.620313429875025,0.0,303.70283673874235,272.61456060305494,118.40388811743702,154.45784566554255,10
516,Wendell Carter Jr.,Orlando Magic,C,98,264,36,80,436.0,13,20,390.4,13,41,260.8,23,60,83,19,22,11,12,5,-23,200,181,117,102,237.611559392006,113.39444548695815,21.67329705385626,14.217113905047851,680.2987427284669,521.3054982173015,339.19703509101146,192.4755113529743,10
517,Wendell Moore Jr.,Minnesota Timberwolves,G,4,13,2,3,150.0,0,0,0.0,0,0,0.0,0,5,5,2,1,0,0,0,15,11,9,6,7,4.5,8.5,2.78125,0.0,38.53125,25.0,11.03125,18.28125,2
518,Wenyen Gabriel,Memphis Grizzlies,F,17,81,8,22,168.3,0,5,0.0,1,6,50.0,7,18,25,3,10,2,8,2,-16,45,42,20,28,59.72702331961591,43.6159122085048,4.060356652949245,0.879286694101509,182.2098765432099,171.6858710562414,60.574759945130324,57.352537722908096,5
519,Wesley Matthews,Atlanta Hawks,SG,53,141,18,39,456.1,4,4,200.0,13,25,470.0,5,15,20,9,13,6,2,4,-15,82,73,62,29,116.19117123531507,30.911356354574583,13.11107155571378,8.223923104307584,189.41117835528658,182.96440014239943,119.76076895692418,46.8996084015664,10
520,Xavier Moon,LA Clippers,G,8,27,4,11,93.3,0,0,0.0,0,3,0.0,2,3,5,4,1,1,1,0,-25,17,13,12,9,24.207100591715978,7.822485207100593,11.899408284023668,0.0,108.1301775147929,49.7258382642998,68.0,34.333333333333336,3
521,Xavier Tillman,Boston Celtics,F,35,140,15,35,359.4,1,2,50.0,4,17,123.3,5,22,27,13,5,3,2,5,14,75,62,48,40,101.42155612244896,22.89604591836735,4.40625,4.4183673469387745,164.18686224489795,159.03061224489795,113.76530612244898,20.114795918367346,10
522,Yuta Watanabe,Memphis Grizzlies,SF,22,97,10,24,250.0,0,2,0.0,2,12,64.3,0,11,11,5,6,5,4,0,-36,38,33,27,16,115.08000000000001,11.27,3.75,1.4800000000000004,136.28,131.43,116.23000000000002,18.72,7
523,Zach Collins,San Antonio Spurs,PF,111,199,43,91,440.8,17,24,633.4,8,23,273.3,14,38,52,26,25,3,17,9,-42,189,163,137,78,328.85076177285316,65.28531855955679,17.20775623268698,8.032202216066482,514.2635041551247,563.9006232686982,307.2801246537396,54.42659279778393,10
524,Zavier Simpson,Memphis Grizzlies,G,32,127,12,42,117.69999999999999,3,4,75.0,5,15,108.3,4,14,18,20,9,7,9,3,-5,70,50,52,38,155.91358024691357,30.138888888888893,2.015432098765432,8.13888888888889,234.06172839506172,210.01543209876544,177.7191358024691,34.39506172839506,5
525,Zeke Nnaji,Denver Nuggets,PF,28,106,11,18,516.7,5,9,250.0,1,2,100.0,8,14,22,5,10,2,1,7,3,55,50,33,27,46.77508650519031,25.10726643598616,6.716262975778547,0.9221453287197232,137.6089965397924,113.25951557093425,57.98269896193771,44.965397923875436,10
526,Ziaire Williams,Memphis Grizzlies,F,103,270,39,94,389.0,13,16,421.4,12,46,213.7,6,38,44,20,15,12,15,0,-39,167,147,123,64,552.1,32.4,24.0,17.599999999999998,788.1,632.1,714.1,50.4,10
527,Zion Williamson,New Orleans Pelicans,PF,238,341,86,160,531.6,66,94,618.9,0,0,0.0,15,44,59,48,27,13,40,10,0,345,297,286,107,756.1983471074379,63.928993084837245,53.71900826446281,0.00168662506324844,1124.9183673469388,929.6763366503626,951.1404958677687,117.94788328554561,10
