,First Last Name,team,position,points,minutes,fgm,fga,fgp,ftm,fta,ftp,tpm,tpa,tpp,offReb,defReb,totReb,assists,pFouls,steals,turnovers,blocks,plusMinus,Points_Rebounds_Assist,Points_Rebounds,Points_Assist,Rebounds_Assist,points_deviation,totReb_deviation,assists_deviation,tpm_deviation,Points_Rebounds_Assist_deviation,Points_Rebounds_deviation,Points_Assist_deviation,Rebounds_Assist_deviation,count
0,A. Flagler,Oklahoma City Thunder,F,0,6,0,3,0.0,0,0,0.0,0,3,0.0,0,0,0,1,0,0,0,0,0,1,0,1,1,0.0,0.0,0.0,0.0,0.0,0.0,0.0,0.0,1
1,A.J. Green,Milwaukee Bucks,G,60,142,19,43,431.5,7,8,266.7,15,35,389.3,2,14,16,6,8,2,4,0,3,82,76,66,22,252.44444444444446,16.415123456790123,9.11111111111111,23.271604938271604,359.52623456790127,365.3780864197531,246.0,26.11882716049383,10
2,A.J. Lawson,Dallas Mavericks,G,20,42,8,21,223.3,2,6,100.0,2,8,100.0,2,6,8,3,5,1,0,1,-5,31,28,23,11,33.75069252077563,7.767313019390582,2.0027700831024933,1.6454293628808865,55.01108033240997,47.02493074792244,38.75069252077563,12.75623268698061,6
3,Aaron Gordon,Denver Nuggets,PF,129,315,53,98,627.5,20,31,496.7,3,15,108.3,25,37,62,42,20,4,12,4,24,233,191,171,104,257.8877551020408,133.1621315192744,57.76530612244898,2.100907029478458,495.4750566893424,617.9342403628118,191.24489795918367,135.11111111111111,10
4,Aaron Holiday,Houston Rockets,G,51,127,19,47,339.4,6,6,300.0,7,24,195.0,1,8,9,18,14,6,2,1,18,78,60,69,27,224.244497323022,7.506841165972635,31.161213563355147,11.152290303390838,353.80249851279,295.1493158834027,287.35098155859606,34.21475312314099,10
5,Aaron Nesmith,Indiana Pacers,SF,109,303,35,90,385.09999999999997,23,24,775.0,16,46,347.9,6,25,31,15,35,6,6,10,70,155,140,124,46,221.29948867786706,27.606281957633307,7.6413440467494524,12.64572680788897,362.11468224981735,352.3856829802775,224.49525200876548,41.780861943024114,10
6,Aaron Wiggins,Oklahoma City Thunder,SG,52,150,21,40,536.3,5,8,250.0,5,14,200.0,7,11,18,11,5,10,8,6,3,81,70,63,29,106.07852468768591,8.10350981558596,8.904818560380726,8.321832242712672,117.488994646044,125.99524092801903,107.07376561570494,7.506841165972636,10
7,Admiral Schofield,Orlando Magic,SF,5,11,2,4,66.7,0,0,0.0,1,2,100.0,0,2,2,0,1,1,0,0,-11,7,7,5,2,15.131487889273355,0.02768166089965399,0.006920415224913495,0.5847750865051903,15.408304498269898,15.698961937716263,14.868512110726641,0.006920415224913498,2
8,Al Horford,Boston Celtics,C,117,275,43,79,571.8,8,8,400.0,23,48,489.3,14,42,56,24,17,8,9,7,110,197,173,141,80,453.9073881373569,72.85327783558793,22.534859521331946,32.816857440166494,581.9177939646202,546.5775234131113,492.54214360041624,92.09365244536941,10
9,Alec Burks,New York Knicks,SG,71,131,23,72,280.0,14,19,446.4,11,40,257.5,4,15,19,9,2,3,4,0,-14,99,90,80,28,290.8774538964902,18.8488994646044,3.2903033908387864,9.02498512790006,485.8673408685307,437.1326591314694,330.0678167757287,31.68352171326591,10
10,Aleksej Pokusevski,Charlotte Hornets,F,39,135,14,36,325.8,7,7,300.0,4,14,216.6,7,19,26,15,7,8,7,5,-37,80,65,54,41,50.39682539682539,17.444444444444443,11.253968253968253,1.73015873015873,135.44444444444446,90.53968253968253,80.57142857142858,43.42857142857143,7
11,Aleksej Pokusevski,Oklahoma City Thunder,F,6,18,2,5,100.0,1,2,50.0,1,3,100.0,0,2,2,0,0,1,0,0,-12,8,8,6,2,34.14965986394558,27.666666666666664,10.884353741496598,0.7755102040816326,197.87074829931973,118.95918367346937,78.77551020408163,72.83673469387755,3
12,Alex Caruso,Chicago Bulls,SG,116,314,41,88,444.0,9,14,275.0,25,56,433.7,6,32,38,44,29,21,13,8,-31,198,154,160,82,341.33596318211704,27.694937541091385,22.77975016436555,26.07955292570677,568.0,416.06180144641684,492.05391190006577,51.69493754109139,10
13,Alex Len,Sacramento Kings,C,27,96,9,14,450.0,9,10,375.0,0,0,0.0,4,16,20,9,16,2,4,8,24,56,47,36,29,62.9819944598338,16.3393351800554,14.900277008310248,0.0,133.5235457063712,79.29916897506926,107.22576177285319,41.2202216066482,10
14,Alondes Williams,Miami Heat,G,0,6,0,1,0.0,0,0,0.0,0,1,0.0,0,1,1,0,0,0,1,0,-2,1,1,0,1,0.0,0.25,0.0,0.0,0.25,0.25,0.0,0.25,1
15,Alperen Sengun,Houston Rockets,C,209,324,81,157,512.7,43,68,622.9,4,12,200.0,39,68,107,45,36,16,26,7,2,361,316,254,152,847.1723356009071,197.81632653061226,123.77551020408163,4.408163265306122,1935.0226757369614,1622.4580498866212,993.7777777777778,487.5510204081633,10
16,Amari Bailey,Charlotte Hornets,G,2,6,1,3,33.3,0,0,0.0,0,2,0.0,0,0,0,1,0,1,0,0,7,3,2,3,1,1.44,0.0,0.25,0.0,2.8899999999999997,1.44,2.8899999999999997,0.25,1
17,Amen Thompson,Houston Rockets,F,125,248,52,84,595.5,20,28,571.4,1,6,100.0,25,48,73,23,25,11,12,8,101,221,198,148,96,530.546485260771,70.35600907029479,30.971655328798185,0.9002267573696145,880.5,823.8049886621316,535.1893424036281,153.3798185941043,10
18,Amir Coffey,LA Clippers,SG,68,226,25,58,368.7,5,5,300.0,13,35,316.7,2,25,27,16,13,4,9,1,-55,111,95,84,43,223.4567901234568,77.0,16.523456790123454,18.101234567901237,579.4938271604939,434.72345679012346,333.96049382716046,127.79012345679011,10
19,Andre Drummond,Chicago Bulls,C,74,153,25,47,462.9,24,39,679.2,0,0,0.0,29,46,75,3,13,2,8,2,-10,152,149,77,78,262.5603807257585,64.80725758477095,2.1433670434265317,0.0,487.659726353361,453.2914931588341,287.79238548483045,76.0868530636526,10
20,Andre Jr. Jackson,Milwaukee Bucks,G,10,69,4,9,333.3,0,0,0.0,2,5,200.0,3,9,12,10,6,3,3,0,-10,32,22,20,22,11.420118343195266,8.272189349112427,8.0,1.5266272189349113,40.35502958579881,32.04733727810651,16.804733727810646,19.19526627218935,6
21,Andrew Nembhard,Indiana Pacers,PG,86,282,35,67,516.9,6,7,200.0,10,28,398.3,6,22,28,33,23,8,14,1,36,147,114,119,61,205.32302201070794,38.19750148720999,23.0,4.023795359904819,415.6317668054729,287.2659131469363,333.9815585960738,60.904818560380726,10
22,Andrew Wiggins,Golden State Warriors,SF,122,249,47,104,442.5,14,18,400.0,14,36,358.3,20,31,51,17,14,5,5,4,-10,190,173,139,68,332.90625,67.45625,12.099999999999998,13.15625,618.5,574.6,386.20624999999995,70.15625,10
23,Anfernee Simons,Portland Trail Blazers,SG,234,361,80,177,436.7,36,39,757.1,38,94,405.4,4,33,37,64,19,7,30,1,-38,335,271,298,101,907.2076145151696,28.110053539559786,125.17311124330756,18.732897085068412,1723.4901844140393,1171.0,1427.4741225461034,185.50684116597265,10
24,Anthony Black,Orlando Magic,G,50,193,17,48,368.8,7,12,250.0,9,21,308.3,6,23,29,9,11,6,9,3,25,88,79,59,38,136.98439125910508,64.95421436004162,5.0582726326742975,10.9105098855359,335.10509885535896,290.70655567117586,176.01977107180022,75.37565036420396,10
25,Anthony Davis,Los Angeles Lakers,PF,219,348,82,152,537.5,52,64,794.9,3,8,150.0,33,102,135,38,22,13,15,23,41,392,354,257,173,640.729938271605,298.766975308642,15.95679012345679,2.308641975308642,1666.4012345679012,1454.716049382716,759.9027777777778,407.23611111111114,10
26,Anthony Edwards,Minnesota Timberwolves,SG,274,376,107,230,459.3,38,49,767.3,22,68,387.3,11,62,73,51,17,16,28,10,27,398,347,325,124,835.2796106003245,65.30070308274743,43.686857760951874,20.819902650081126,918.9259058950785,890.3153055705787,846.1487290427258,126.72904272579773,10
27,Anthony Gill,Washington Wizards,PF,38,91,14,31,284.4,6,6,200.0,4,11,191.7,8,11,19,10,9,5,8,0,-12,67,57,48,29,187.77777777777777,43.19375573921028,15.188246097337007,3.934802571166207,480.494031221304,378.0422405876951,265.2892561983471,83.32231404958678,7
28,Ashton Hagans,Portland Trail Blazers,G,44,179,15,38,402.7,9,11,400.0,5,11,166.7,9,21,30,34,25,8,20,8,12,108,74,78,64,136.5,18.123456790123456,57.23456790123457,6.6234567901234565,392.5,222.40123456790124,283.9567901234568,98.0,10
29,Ausar Thompson,Detroit Pistons,F,103,314,42,87,508.0,11,25,325.0,8,29,195.3,15,44,59,21,26,17,14,11,-6,183,162,124,80,121.7,31.399999999999995,24.125,8.5,347.72499999999997,237.7,200.02499999999998,87.225,10
30,Austin Reaves,Los Angeles Lakers,SG,167,346,60,118,511.4,20,25,675.0,27,60,397.6,5,45,50,56,16,5,23,3,19,273,217,223,106,227.03185595567868,23.98891966759003,95.20775623268699,39.3808864265928,371.00969529085876,262.87673130193906,379.5747922437673,74.78670360110804,10
31,Ayo Dosunmu,Chicago Bulls,SG,177,376,69,143,453.5,19,21,558.3,20,55,338.3,7,24,31,57,26,11,18,6,-50,265,208,234,88,968.5716835217132,35.199881023200476,70.55026769779893,24.623438429506248,927.7376561570493,873.7572873289708,1037.2171326591315,91.08506841165973,10
32,Bam Adebayo,Miami Heat,C,167,335,69,128,535.0,23,40,608.3,6,9,450.0,28,83,111,30,16,11,13,10,-47,308,278,197,141,270.3225308641976,111.21604938271605,25.512345679012345,4.452160493827161,435.5632716049382,394.0694444444444,294.4336419753086,154.1111111111111,10
33,Ben Sheppard,Indiana Pacers,G,65,197,24,56,412.5,4,4,200.0,13,40,312.9,3,19,22,9,18,6,2,1,30,96,87,74,31,141.0,40.26038781163435,9.436288088642659,16.849030470914126,256.5498614958449,240.41828254847647,171.12049861495845,35.70775623268698,10
34,Ben Simmons,Brooklyn Nets,PG,53,168,24,38,521.1,5,11,150.0,0,0,0.0,15,39,54,46,20,9,12,4,-5,153,107,99,100,134.88888888888889,64.0,78.88888888888889,0.0,382.0,162.8888888888889,300.0,196.88888888888889,9
35,Bennedict Mathurin,Indiana Pacers,SG,139,275,44,115,340.3,35,45,614.5,16,44,245.0,10,33,43,23,24,7,17,4,-18,205,182,162,66,753.4765625,123.6015625,38.125,30.4140625,1418.90625,1097.65625,970.9140625,265.5390625,10
36,Bilal Coulibaly,Washington Wizards,SG,90,289,30,76,451.5,19,27,633.3,11,39,238.3,9,30,39,18,22,12,8,7,-98,147,129,108,57,127.37777777777777,38.5,16.0,13.177777777777775,337.8777777777778,291.7444444444444,166.31111111111107,61.699999999999996,10
37,Bismack Biyombo,Oklahoma City Thunder,C,4,31,1,4,33.3,2,2,100.0,0,0,0.0,3,2,5,2,6,0,2,1,4,11,9,6,7,4.16,2.7600000000000002,1.04,0.0,21.240000000000002,13.0,9.36,6.84,4
38,Blake Wesley,San Antonio Spurs,G,49,145,18,40,370.4,10,12,425.0,3,10,200.0,4,14,18,28,14,5,5,5,-27,95,67,77,46,190.1995673336939,23.61060032449973,69.85073012439155,4.182260681449432,358.1941590048675,213.78420767982692,305.10059491617085,122.97025419145484,10
39,Boban Marjanovic,Houston Rockets,C,3,7,1,1,100.0,1,2,50.0,0,0,0.0,0,3,3,0,0,0,1,0,-3,6,6,3,3,0.5917159763313609,5.325443786982247,0.0,0.0,9.467455621301776,9.467455621301776,0.5917159763313609,5.325443786982247,1
40,Bobby Portis,Milwaukee Bucks,F,162,259,68,131,510.3,13,17,525.0,13,29,353.4,18,71,89,10,22,7,13,3,-5,261,251,172,99,635.6111111111111,137.9795918367347,5.111111111111111,22.836734693877553,1116.9081632653063,1118.2097505668935,632.5,144.9002267573696,10
41,Bogdan Bogdanovic,Atlanta Hawks,SG,146,322,51,130,381.4,13,15,450.0,31,79,405.0,11,25,36,42,18,11,21,4,34,224,182,188,78,348.65625,44.55625,63.825,22.90625,368.425,303.2,423.90625,98.35625,10
42,Bojan Bogdanovic,New York Knicks,SF,79,189,29,79,326.29999999999995,10,11,350.0,11,38,256.4,3,14,17,10,13,0,19,0,-15,106,96,89,27,455.92965154503617,18.159763313609467,11.28862590401052,14.39907955292571,633.7580539119001,578.318211702827,500.11111111111114,40.70677186061802,10
43,Bol Bol,Phoenix Suns,C,69,121,27,41,603.8,6,7,275.0,9,16,450.0,6,30,36,4,9,1,4,6,-8,109,105,73,40,225.32253086419755,30.641975308641975,4.402777777777777,6.989197530864197,350.08641975308643,351.804012345679,224.4567901234568,34.192901234567906,10
44,Bones Hyland,LA Clippers,PG,65,161,24,62,368.1,4,6,200.0,13,36,313.8,1,16,17,31,15,10,14,1,0,113,82,96,48,294.041015625,16.2890625,87.041015625,19.4140625,804.2890625,430.056640625,602.0,169.603515625,10
45,Bradley Beal,Phoenix Suns,SG,167,346,67,133,502.9,18,20,658.3,15,40,345.2,9,29,38,69,24,12,24,6,29,274,205,236,107,388.1024930747923,37.745152354570635,53.62049861495845,6.52770083102493,206.7202216066482,324.5013850415512,299.207756232687,62.4792243767313,10
46,Brandin Podziemski,Golden State Warriors,G,74,289,27,69,357.8,7,12,275.0,13,32,400.0,19,36,55,39,12,11,12,4,45,168,129,113,94,222.3115197404002,50.72850189291509,23.473769605191997,12.630070308274744,482.45429962141696,432.3618171984857,276.67982693347756,69.92644672796105,10
47,Brandon Boston Jr.,LA Clippers,SG,58,133,23,56,432.1,7,14,350.0,5,16,250.0,7,12,19,3,15,3,4,7,-37,80,77,61,22,136.66181061394383,28.617065556711765,2.292403746097815,4.93964620187305,255.3277835587929,217.71383975026012,159.98439125910505,45.20083246618107,10
48,Brandon Ingram,New Orleans Pelicans,SF,180,306,68,138,496.2,36,43,724.5,8,27,260.0,6,50,56,54,24,6,19,7,49,290,236,234,110,670.2437673130194,25.364265927977836,44.40443213296399,6.5318559556786715,720.3393351800554,826.6662049861496,558.8476454293628,74.83795013850416,10
49,Brandon Miller,Charlotte Hornets,F,171,322,66,159,409.6,14,22,405.0,25,74,314.6,9,42,51,25,23,9,16,6,-108,247,222,196,76,348.9631821170283,62.391190006574625,42.77777777777777,14.514792899408285,744.9592373438527,671.9763313609467,412.4760026298488,114.63905325443787,10
50,Brandon Williams,Dallas Mavericks,G,7,24,2,9,83.3,3,4,100.0,0,2,0.0,1,1,2,4,1,0,1,0,-12,13,9,11,6,18.22448979591837,3.183673469387756,4.081632653061224,0.0,30.46938775510204,15.448979591836734,29.0,11.510204081632653,4
51,Braxton Key,Denver Nuggets,F,2,6,1,1,100.0,0,1,0.0,0,0,0.0,1,1,2,0,1,0,0,0,2,4,4,2,2,2.25,1.0,0.0,0.0,6.25,6.25,2.25,1.0,1
52,Brice Sensabaugh,Utah Jazz,F,88,243,34,89,360.5,14,17,396.7,6,43,123.3,8,42,50,27,10,5,19,2,-56,165,138,115,77,355.88312636961285,106.14317019722425,18.44046749452155,6.528853177501826,531.3900657414172,537.7501826150475,361.93937180423666,112.1672753834916,10
53,Brook Lopez,Milwaukee Bucks,C,106,281,37,74,482.79999999999995,9,12,350.0,23,47,500.0,14,33,47,18,21,3,10,11,-5,171,153,124,65,187.90532544378698,29.520710059171595,31.455621301775146,18.36094674556213,354.30177514792894,261.0,259.15976331360946,83.02366863905326,10
54,Bruce Brown,Toronto Raptors,SF,95,271,36,83,405.9,19,23,533.3,4,16,150.0,11,32,43,36,16,5,18,1,-97,174,138,131,79,191.5795918367347,87.81632653061223,26.4734693877551,4.4734693877551015,466.4,333.6734693877551,314.61632653061224,123.9795918367347,10
55,Bruno Fernando,Atlanta Hawks,PF,72,204,30,50,545.2,12,16,450.0,0,1,0.0,20,50,70,11,31,12,16,12,0,153,142,83,81,415.49159970781596,57.538349159970785,6.921110299488677,0.0,475.80350620891164,455.3601168736304,426.71804236669095,73.67640613586559,10
56,Bryce McGowens,Charlotte Hornets,G,54,155,18,37,330.8,13,18,441.7,5,15,180.0,3,21,24,8,15,7,4,3,-10,86,78,62,32,234.40625,28.0,5.65625,6.8515625,395.625,383.40625,249.625,30.65625,10
57,Buddy Hield,Philadelphia 76ers,SG,108,227,39,98,402.5,9,9,300.0,21,57,403.0,6,21,27,22,15,9,9,6,-37,157,135,130,49,123.60743801652892,43.08367768595041,17.921487603305785,9.009297520661157,360.2985537190083,271.66219008264466,186.06611570247935,87.18285123966942,10
58,CJ McCollum,New Orleans Pelicans,SG,168,303,65,138,453.2,7,9,241.7,31,80,361.8,2,34,36,37,13,6,17,4,66,241,204,205,73,572.2974419988102,18.57346817370613,55.15229030339084,43.1832242712671,901.9565734681737,564.2391433670434,919.5603807257586,64.180249851279,10
59,Cade Cunningham,Detroit Pistons,PG,204,308,77,188,402.8,32,35,722.2,18,58,269.6,9,42,51,84,18,7,32,2,-62,339,255,288,135,572.7837370242215,35.06747404844291,26.458477508650518,20.887543252595155,975.7179930795849,764.3148788927335,754.7889273356402,90.92387543252596,10
60,Caleb Houstan,Orlando Magic,G,47,172,15,40,329.4,2,2,100.0,15,38,362.7,6,11,17,3,14,3,3,2,-12,67,64,50,20,153.18730489073883,32.97294484911551,2.392299687825182,18.061394380853276,291.7034339229969,274.29136316337156,157.96462018730492,48.0,10
61,Caleb Martin,Miami Heat,SF,100,294,37,96,364.9,11,13,566.7,15,51,321.2,12,37,49,17,22,9,13,5,-32,166,149,117,66,255.9274241522903,40.90005948839976,30.209994051160024,13.286734086853064,565.5002974419988,386.80606781677574,395.2165377751338,110.51516954193933,10
62,Cam Reddish,Los Angeles Lakers,SF,23,102,8,19,193.3,2,6,75.0,5,13,183.3,4,5,9,1,7,3,2,4,9,33,32,24,10,72.62962962962963,7.518518518518519,0.8518518518518519,3.2962962962962963,63.07407407407408,54.0,84.66666666666667,5.407407407407407,6
63,Cam Thomas,Brooklyn Nets,SG,231,344,83,184,445.4,44,51,827.4,21,62,309.7,7,43,50,37,20,5,21,0,-19,318,281,268,87,298.97954711468225,54.63696128560993,22.447772096420742,31.333089846603357,283.3308984660336,276.7005113221329,299.6946676406136,83.0,10
64,Cam Whitmore,Houston Rockets,F,126,203,48,111,415.2,17,26,385.0,13,50,239.8,14,31,45,5,11,5,15,5,3,176,171,131,50,215.05817174515238,60.56232686980609,2.673130193905817,12.290858725761774,347.16343490304706,345.24376731301936,225.77008310249312,54.44321329639889,10
65,Cameron Johnson,Brooklyn Nets,SF,155,278,49,102,478.1,27,32,791.7,30,67,441.3,7,31,38,21,14,10,13,1,-6,214,193,176,59,442.2734693877551,44.5469387755102,15.0,30.359183673469392,606.204081632653,479.0897959183673,551.9020408163266,77.03265306122448,10
66,Cameron Payne,Philadelphia 76ers,PG,103,198,39,95,429.9,10,11,375.0,15,43,349.5,4,11,15,29,17,6,11,2,-58,147,118,132,44,182.49546485260774,20.77777777777778,16.944444444444443,10.522675736961451,284.328798185941,265.4795918367347,200.12244897959184,38.94444444444444,10
67,Caris LeVert,Cleveland Cavaliers,SG,139,337,49,124,382.2,26,35,500.2,15,53,271.6,7,41,48,83,17,18,23,6,31,270,187,222,131,375.02498512790004,19.619274241522902,54.86436644854254,7.750743604997027,656.2831647828674,468.64901844140394,520.8530636525878,116.28970850684118,10
68,Cason Wallace,Oklahoma City Thunder,G,74,209,29,60,463.9,2,4,100.0,14,31,410.0,9,16,25,17,14,12,9,6,-7,116,99,91,42,344.64485425342053,14.572873289708507,20.209994051160027,18.819750148721,452.0,389.86853063652586,411.59726353361094,29.96192742415229,10
69,Cedi Osman,San Antonio Spurs,SF,44,148,18,40,397.1,0,0,0.0,8,24,249.89999999999998,3,19,22,8,13,4,7,2,-55,74,66,52,30,125.57551020408162,22.0,10.122448979591836,6.261224489795919,146.18775510204082,151.7469387755102,128.13061224489797,24.008163265306123,10
70,Charlie Brown Jr.,New York Knicks,G,3,27,1,5,20.0,0,0,0.0,1,3,33.3,1,1,2,0,4,0,0,1,-6,5,5,3,2,6.12,2.7200000000000006,0.0,0.6800000000000002,17.0,17.0,6.12,2.7200000000000006,2
71,Chet Holmgren,Oklahoma City Thunder,PF,166,301,62,118,526.8,28,33,543.3,14,41,320.0,20,75,95,21,12,7,8,14,59,282,261,187,116,641.7858417608567,120.53599048185603,14.926234384295062,9.847709696609162,1215.249256395003,1205.118976799524,633.3783462224866,154.0,10
72,Chimezie Metu,Detroit Pistons,PF,10,41,4,11,70.8,2,2,100.0,0,5,0.0,1,6,7,3,6,2,4,0,-4,20,17,13,10,21.30612244897959,1.5204081632653064,1.1530612244897958,0.0,21.224489795918366,20.5,19.397959183673468,5.3061224489795915,2
73,Chimezie Metu,Phoenix Suns,PF,6,29,3,5,150.0,0,0,0.0,0,0,0.0,2,9,11,2,2,2,3,0,-7,19,17,8,13,16.816326530612244,20.994897959183675,0.8724489795918366,0.0,48.265306122448976,36.75,24.382653061224495,25.816326530612244,3
74,Chris Boucher,Toronto Raptors,PF,69,120,25,35,573.3,15,18,500.0,4,12,216.7,13,27,40,5,11,1,9,5,7,114,109,74,45,142.20987654320987,47.580246913580254,5.913580246913581,4.0246913580246915,410.0,329.0246913580247,192.69135802469134,83.98765432098766,8
75,Chris Duarte,Sacramento Kings,SG,68,147,25,51,454.2,3,4,150.0,15,33,447.7,8,19,27,9,10,5,2,5,-6,104,95,77,36,299.9591836734694,32.06122448979592,6.9183673469387745,12.95918367346939,468.0,422.9183673469388,329.2612244897959,54.75918367346939,10
76,Chris Livingston,Milwaukee Bucks,F,0,6,0,2,0.0,0,0,0.0,0,2,0.0,0,1,1,1,4,0,1,0,-10,2,1,1,2,0.0,0.0625,0.5625,0.0,1.0,0.0625,0.5625,1.0,1
77,Chris Paul,Golden State Warriors,PG,107,246,46,93,493.1,2,2,100.0,13,32,396.7,6,40,46,68,20,9,10,0,-40,221,153,175,114,210.80499405469678,34.40428061831153,98.39952437574317,6.434007134363853,430.9001189060642,358.91914387633767,302.50297265160526,113.08680142687277,10
78,Christian Braun,Denver Nuggets,G,85,202,33,53,673.1,9,16,325.0,10,19,466.6,7,31,38,18,24,7,6,5,31,141,123,103,56,229.87981859410434,38.12244897959184,31.162131519274375,8.459183673469388,563.6383219954648,360.60090702947844,391.9104308390023,110.29138321995465,10
79,Christian Wood,Los Angeles Lakers,F,59,133,22,51,477.0,11,14,450.0,4,19,225.0,6,28,34,6,12,5,5,2,-14,99,93,65,40,153.90277777777777,54.402777777777786,4.625,2.4444444444444446,305.125,285.0,156.7777777777778,76.27777777777777,10
80,Chuma Okeke,Orlando Magic,PF,0,33,0,4,0.0,0,0,0.0,0,4,0.0,0,4,4,2,2,2,2,0,-14,6,4,2,6,0.4253472222222223,2.953125,1.3836805555555554,0.008680555555555556,4.828125,2.868055555555556,1.25,5.472222222222221,5
81,Clint Capela,Atlanta Hawks,C,127,253,55,102,545.7,17,27,455.0,0,1,0.0,50,64,114,20,19,4,9,11,72,261,241,147,134,83.01523545706371,50.58725761772853,19.170360110803326,0.0,196.07479224376726,186.27839335180056,87.87534626038779,74.69390581717451,10
82,Coby White,Chicago Bulls,PG,188,380,67,155,426.0,28,31,796.7,26,71,356.2,7,39,46,55,25,7,23,3,-1,289,234,243,101,560.8120713305898,24.86145404663923,114.58573388203018,34.41975308641975,837.1975308641976,615.5692729766804,694.0425240054869,227.84499314128942,10
83,Cody Martin,Charlotte Hornets,SF,69,285,28,76,367.2,6,7,250.0,7,30,228.2,6,44,50,42,15,11,20,7,-28,161,119,111,92,111.0,28.18685121107267,64.68512110726644,2.6816608996539792,183.02076124567472,112.9515570934256,173.33217993079583,100.60899653979239,10
84,Cody Zeller,New Orleans Pelicans,C,7,31,3,6,200.0,1,2,50.0,0,0,0.0,5,10,15,3,5,2,3,0,14,25,22,10,18,3.201388888888889,4.868055555555555,3.3680555555555554,0.0,17.701388888888886,12.0,6.13888888888889,11.0,5
85,Colby Jones,Sacramento Kings,G,4,20,2,7,83.3,0,0,0.0,0,2,0.0,1,4,5,3,3,0,1,0,4,12,9,7,8,4.75,4.354166666666668,0.33333333333333337,0.0,19.020833333333332,15.52083333333333,6.749999999999999,6.187500000000002,3
86,Cole Anthony,Orlando Magic,PG,116,232,43,96,434.6,18,24,587.5,12,41,247.0,10,30,40,25,15,6,11,6,50,181,156,141,65,266.094674556213,48.322156476002625,34.514792899408285,11.621301775147929,468.0164365548981,412.8823142669296,327.36686390532543,76.69888231426694,10
87,Cole Swider,Miami Heat,F,16,37,5,13,71.4,2,2,100.0,4,11,66.7,0,4,4,1,1,0,3,0,-20,21,20,17,5,180.44444444444443,2.444444444444444,0.7777777777777779,16.0,214.11111111111114,219.77777777777777,175.0,3.0,4
88,Collin Gillespie,Denver Nuggets,G,41,83,15,30,237.8,2,5,100.0,9,15,250.0,0,10,10,8,9,5,7,0,21,59,51,49,18,163.97959183673467,4.1020408163265305,7.693877551020409,9.061224489795919,247.24489795918367,178.77551020408163,232.0,12.244897959183673,5
89,Collin Sexton,Utah Jazz,PG,222,335,88,168,524.9,25,29,796.6,21,49,356.7,13,20,33,61,18,10,23,1,-38,316,255,283,94,114.2046174739701,33.75147125396107,44.90765052059756,35.4182888184699,244.2390221819828,165.12584880036218,186.142598460842,85.83431416930739,10
90,Corey Kispert,Washington Wizards,SF,145,306,51,98,490.09999999999997,15,27,458.3,28,60,436.4,3,21,24,19,22,8,11,3,-45,188,169,164,43,300.4744801512287,17.150283553875234,22.99149338374291,26.258034026465026,453.6446124763705,360.1710775047259,369.67202268431,64.41776937618148,10
91,Cory Joseph,Golden State Warriors,PG,27,71,10,16,316.7,0,0,0.0,7,11,316.7,2,9,11,6,6,0,1,0,9,44,38,33,17,31.2,10.8,2.8000000000000003,3.2,28.8,47.2,21.2,5.2,5
92,Craig Jr. Porter,Cleveland Cavaliers,G,53,105,22,44,391.9,5,5,300.0,4,10,125.0,5,16,21,16,7,3,7,0,-17,90,74,69,37,325.62901307966706,39.613555291319855,15.493460166468488,9.067776456599287,635.0,535.3900118906064,413.9239001189061,66.42211652794292,9
93,D'Angelo Russell,Los Angeles Lakers,PG,202,356,72,155,434.7,20,24,760.0,38,86,413.8,6,33,39,61,21,10,21,4,40,302,241,263,100,1064.420745069394,30.39371804236669,130.12344777209643,51.618699780861945,1782.1504747991235,1339.0,1518.08838568298,150.0,10
94,D.J. Carton,Toronto Raptors,G,8,31,2,7,83.3,3,4,150.0,1,4,50.0,2,1,3,3,1,1,1,0,-30,14,11,11,6,8.666666666666668,2.0,2.0,0.6666666666666667,8.666666666666666,2.6666666666666665,18.666666666666668,0.0,3
95,Daishen Nix,Minnesota Timberwolves,SG,5,5,2,3,66.7,0,0,0.0,1,2,50.0,0,0,0,0,1,1,0,0,6,5,5,5,0,9.0,0.0,0.08163265306122448,0.32653061224489793,7.367346938775511,9.0,7.367346938775511,0.08163265306122448,1
96,Dalano Banton,Portland Trail Blazers,G,173,323,61,151,417.09999999999997,26,30,916.7,25,63,420.0,9,35,44,32,19,10,24,5,-86,249,217,205,76,664.9426717144403,41.33261222282315,41.4710654407788,22.56949702541915,1203.9702541914548,963.4553812871821,882.9816116819903,105.2796106003245,10
97,Dalen Terry,Chicago Bulls,F,43,136,18,39,366.1,3,6,150.0,4,15,208.3,8,18,26,18,11,9,5,1,11,87,69,61,44,102.76989619377163,45.19723183391003,23.724913494809687,2.4498269896193774,306.363321799308,203.82871972318338,152.2733564013841,121.95328719723183,10
98,Damian Jones,Cleveland Cavaliers,C,52,118,21,35,527.9,10,12,550.0,0,5,0.0,14,23,37,6,10,4,6,7,-25,95,89,58,43,149.80555555555554,47.583333333333336,4.027777777777778,0.0,262.25,264.0,149.66666666666666,50.0,9
99,Damian Lillard,Milwaukee Bucks,PG,257,359,84,185,441.09999999999997,49,51,969.0,40,94,412.3,3,36,39,87,16,7,24,4,19,383,296,344,126,847.125,23.525000000000006,102.60625,32.025000000000006,1166.65625,957.3000000000001,1030.20625,152.40625,10
100,Daniel Gafford,Dallas Mavericks,C,139,229,60,70,792.1,19,29,473.4,0,0,0.0,23,54,77,15,33,9,7,20,45,231,216,154,92,432.9988662131519,84.41836734693878,20.70408163265306,0.0,844.9036281179137,702.5532879818594,564.4716553287982,116.0,10
101,Daniel Theis,LA Clippers,C,51,144,22,42,477.5,3,3,200.0,4,10,250.0,11,24,35,11,18,1,7,9,23,97,86,62,46,116.925,31.25625,9.525,4.425000000000001,224.35625,190.90625,148.0,43.15625,10
102,Danilo Gallinari,Milwaukee Bucks,PF,28,105,9,23,350.0,9,10,275.0,1,11,100.0,3,6,9,9,7,2,3,1,-43,46,37,37,18,85.73611111111111,5.40625,12.934027777777777,1.125,105.77777777777779,104.2673611111111,85.18402777777779,20.40277777777778,10
103,Dante Exum,Dallas Mavericks,G,62,186,20,41,439.1,14,16,516.7,8,13,350.0,2,18,20,27,14,2,12,0,30,109,82,89,47,279.2,18.9,34.5,17.477777777777778,405.0,301.70000000000005,363.29999999999995,72.6,10
104,Danuel House Jr.,Philadelphia 76ers,SF,42,143,14,30,276.3,13,15,466.7,1,11,33.3,6,11,17,7,16,7,3,3,-26,66,59,49,24,42.0,11.714285714285715,8.0,0.8571428571428572,41.714285714285715,51.714285714285715,40.0,11.714285714285715,7
105,Dario Saric,Golden State Warriors,PF,28,107,12,33,298.3,2,3,100.0,2,17,83.3,6,15,21,18,5,0,13,0,-31,67,49,46,39,52.0,27.193877551020407,15.673469387755102,2.1224489795918364,146.1326530612245,98.90816326530613,72.53061224489795,69.56122448979592,10
106,Darius Garland,Cleveland Cavaliers,PG,200,354,73,172,424.7,23,30,777.4,31,88,334.3,8,21,29,71,26,9,29,1,-13,300,229,271,100,604.90625,40.925,63.95625,48.125,866.0,686.45625,775.9250000000001,113.40625,10
107,David Roddy,Phoenix Suns,F,61,140,25,62,497.0,6,10,241.7,5,21,143.3,3,17,20,13,7,2,10,0,-71,94,81,74,33,417.712890625,56.791015625,24.791015625,8.978515625,843.712890625,656.6015625,575.90625,110.5,10
108,Davion Mitchell,Sacramento Kings,PG,53,158,22,44,450.0,0,0,0.0,9,25,310.0,4,10,14,16,8,3,7,0,28,83,67,69,30,151.99954730647352,6.435491172476234,12.40651878678135,15.959710276143053,199.37935717519238,162.9502037120869,173.19827976459936,34.07243096423721,10
109,Davis Bertans,Charlotte Hornets,SF,84,249,28,85,299.6,7,8,250.0,21,68,272.7,5,23,28,13,17,11,9,5,-64,125,112,97,41,309.891779396462,57.691987513007284,20.53590010405827,21.272632674297608,575.9698231009364,482.54942767950047,378.3943808532778,103.14568158168574,10
110,Day'Ron Sharpe,Brooklyn Nets,C,64,156,26,46,602.2,10,19,341.6,2,3,100.0,26,31,57,20,19,4,12,8,5,141,121,84,77,158.45816186556928,182.7421124828532,16.342935528120712,3.6790123456790123,491.9849108367627,407.44444444444446,206.4417009602195,235.64197530864197,10
111,De'Aaron Fox,Sacramento Kings,PG,264,355,101,224,454.59999999999997,35,41,773.9,27,80,356.7,11,48,59,55,31,25,27,4,63,378,323,319,114,617.2938271604938,33.19753086419753,78.37777777777778,16.130864197530865,516.1234567901236,591.8049382716049,572.6641975308642,80.52345679012346,10
112,De'Andre Hunter,Atlanta Hawks,SF,162,293,59,135,433.3,23,29,648.3,21,62,338.5,1,24,25,17,20,8,11,3,34,204,187,179,42,356.7455621301775,22.50164365548981,8.284681130834977,16.90532544378698,346.8639053254438,419.3339907955293,291.310322156476,23.751479289940832,10
113,De'Anthony Melton,Philadelphia 76ers,SG,23,43,7,20,75.0,4,4,200.0,5,14,75.0,0,5,5,5,3,2,1,1,-2,33,28,28,10,128.66666666666666,2.666666666666667,2.666666666666667,8.666666666666666,206.0,164.66666666666669,164.66666666666669,10.666666666666668,3
114,DeAndre Jordan,Denver Nuggets,C,36,100,16,27,707.1,4,6,200.0,0,0,0.0,16,24,40,5,14,1,3,4,-28,81,76,41,45,88.4,72.84444444444443,8.511111111111113,0.0,321.4,237.24444444444444,142.91111111111113,111.0,10
115,DeJon Jarreau,Memphis Grizzlies,F,30,120,11,40,175.0,5,8,250.0,3,9,116.7,6,33,39,22,12,6,8,1,-26,91,69,52,61,62.8611111111111,62.4375,38.44444444444445,3.720486111111111,296.9375,141.0486111111111,149.75,169.88194444444446,7
116,DeMar DeRozan,Chicago Bulls,SF,251,362,82,164,484.5,78,89,891.3,9,31,196.7,4,51,55,53,14,7,18,6,3,359,306,304,108,951.6841165972636,61.31766805472934,70.20999405116002,10.990481856038073,1588.7501487209995,1416.7376561570495,1070.7269482450922,184.4973230220107,10
117,Dean Wade,Cleveland Cavaliers,PF,46,178,15,35,260.2,5,7,216.7,11,31,233.4,4,27,31,7,8,3,1,9,-23,84,77,53,38,468.50000000000006,35.125,6.125,31.525000000000006,718.8,714.725,466.12499999999994,47.699999999999996,10
118,Deandre Ayton,Portland Trail Blazers,C,229,346,105,167,627.8,18,22,450.0,1,3,100.0,39,97,136,14,15,7,22,9,-35,379,365,243,150,638.5704894083273,219.7589481373265,6.410518626734843,0.9006574141709277,1419.390065741417,1479.582907231556,602.2505478451425,202.29656683710735,10
119,Dejounte Murray,Atlanta Hawks,SG,267,375,97,211,463.2,31,38,770.3,42,101,409.5,8,44,52,86,16,23,33,1,20,405,319,353,138,816.9036287923856,76.7328970850684,68.5258774538965,47.21356335514574,812.0981558596073,1016.2730517549077,637.883997620464,120.10350981558597,10
120,Delon Wright,Miami Heat,SG,42,164,15,39,414.7,9,12,283.3,3,11,150.0,5,12,17,24,5,11,1,2,-9,83,59,66,41,121.72944849115504,4.242455775234132,34.31633714880333,4.292403746097814,218.78147762747136,137.57440166493237,199.04266389177937,42.452653485952126,10
121,Deni Avdija,Washington Wizards,SF,172,350,67,136,502.0,25,38,683.7,13,38,314.2,20,77,97,35,25,9,21,3,-47,304,269,207,132,112.20187304890742,133.9177939646202,24.81477627471384,12.43808532778356,362.85327783558796,284.91259105098857,173.0,175.87513007284076,10
122,Dennis Schroder,Brooklyn Nets,PG,151,350,56,127,428.7,19,24,463.1,20,51,379.9,4,24,28,63,16,8,35,5,-95,242,179,214,91,514.4622248661511,37.908387864366446,45.61273051754908,14.3807257584771,577.8429506246282,438.79535990481855,678.3914336704344,58.639500297442,10
123,Dennis Smith Jr.,Brooklyn Nets,PG,62,171,23,48,512.1,8,11,383.3,8,22,348.3,5,13,18,29,22,17,13,0,6,109,80,91,47,82.40022675736962,19.316326530612248,36.57709750566893,4.122448979591837,139.03061224489795,124.7437641723356,89.6938775510204,62.88662131519274,10
124,Dereck II Lively,Dallas Mavericks,C,93,188,45,58,685.7,3,9,150.0,0,0,0.0,19,26,45,7,23,4,8,9,-24,145,138,100,52,412.68979591836734,65.13061224489796,8.10204081632653,0.0,819.3755102040816,724.7755102040817,496.52244897959184,84.0,10
125,Derrick Jones Jr.,Dallas Mavericks,SF,86,198,32,53,620.2,13,20,466.7,9,20,240.0,13,14,27,8,13,5,6,4,46,121,113,94,35,332.45624999999995,72.725,5.65625,26.706250000000004,557.4,564.40625,331.025,72.80625,10
126,Derrick Rose,Memphis Grizzlies,PG,49,95,20,37,377.7,5,6,266.7,4,8,233.3,0,15,15,21,3,1,9,0,-9,85,64,70,36,70.0,14.857142857142858,12.0,3.7142857142857144,188.85714285714286,116.85714285714286,128.0,40.857142857142854,7
127,Derrick White,Boston Celtics,PG,149,357,54,130,407.0,16,18,555.6,25,75,244.9,10,52,62,70,21,9,14,17,79,281,211,219,132,494.21191135734074,43.418282548476455,57.55817174515235,62.16343490304709,690.2963988919668,570.8047091412743,572.7229916897508,141.95706371191136,10
128,Desmond Bane,Memphis Grizzlies,SG,52,93,16,49,93.4,12,14,166.7,8,25,95.2,1,8,9,15,7,3,6,2,-24,76,61,67,24,194.66666666666669,8.0,6.0,2.6666666666666665,308.66666666666663,274.66666666666663,228.66666666666666,14.0,3
129,Devin Booker,Phoenix Suns,SG,254,358,96,197,486.1,40,42,925.0,22,65,310.9,15,39,54,70,32,6,21,4,38,378,308,324,124,272.5498614958449,56.720221606648195,88.5,41.689750692520775,269.7451523545706,348.87673130193906,155.20775623268696,183.43074792243766,10
130,Devin Vassell,San Antonio Spurs,SG,182,370,71,154,432.4,21,25,741.7,19,53,315.8,3,42,45,44,13,11,21,3,-38,271,227,226,89,731.3469387755101,63.316326530612244,60.42743764172335,24.900226757369616,1060.124716553288,821.5612244897959,950.2097505668935,143.44444444444446,10
131,Devonte' Graham,San Antonio Spurs,PG,17,36,6,14,158.3,1,1,100.0,4,11,170.0,0,9,9,2,2,2,1,0,18,28,26,19,11,52.578125,1.703125,3.25,2.953125,76.8125,63.3125,65.703125,5.328125,5
132,Dillon Brooks,Houston Rockets,SF,101,286,40,85,407.4,7,8,350.0,14,46,301.9,3,24,27,19,21,9,10,0,81,147,128,120,46,444.63265306122446,22.99546485260771,16.903628117913833,9.709750566893424,577.733560090703,500.2131519274377,492.9580498866213,69.09410430839002,10
133,Domantas Sabonis,Sacramento Kings,PF,205,375,79,130,615.2,44,54,810.0,3,9,233.3,37,122,159,78,25,11,34,7,57,442,364,283,237,296.04481665912175,71.57311000452694,73.62607514712539,2.1380715255771845,419.3291081937529,343.7283838841104,302.5735626980534,214.27116342236306,10
134,Dominick Barlow,San Antonio Spurs,F,66,150,25,42,586.6,16,20,466.6,0,1,0.0,21,21,42,16,18,4,2,4,-14,124,108,82,58,236.99173553719007,78.198347107438,44.0,0.0,557.603305785124,504.1487603305786,318.2644628099173,94.3801652892562,10
135,Donovan Mitchell,Cleveland Cavaliers,SG,241,347,75,167,435.8,52,59,812.8,39,86,449.3,3,47,50,49,22,13,34,6,4,340,291,290,99,886.6487603305785,22.330578512396695,23.0495867768595,16.96694214876033,1278.185950413223,1120.5,1030.0206611570247,59.69421487603306,10
136,Donte DiVincenzo,New York Knicks,SG,178,360,63,163,378.8,15,17,541.7,37,111,340.0,8,36,44,38,26,18,18,6,47,260,222,216,82,438.172335600907,46.403628117913826,27.918367346938776,12.346938775510203,643.8367346938776,578.1224489795918,496.40362811791385,81.80498866213152,10
137,Dorian Finney-Smith,Brooklyn Nets,PF,91,314,33,79,410.2,9,10,375.0,16,53,300.0,16,30,46,19,22,13,8,5,-32,156,137,110,65,283.0661157024793,26.958677685950413,23.198347107438014,24.991735537190085,440.9586776859504,408.17355371900834,307.8347107438016,58.17355371900827,10
138,Doug McDermott,Indiana Pacers,SF,39,117,15,39,285.0,1,2,50.0,8,30,199.89999999999998,1,7,8,9,8,3,2,0,-8,56,47,48,17,197.3305785123967,11.834710743801653,11.264462809917354,9.838842975206614,303.42148760330576,253.44628099173553,243.90082644628097,26.50413223140496,10
139,Draymond Green,Golden State Warriors,PF,76,278,31,75,445.1,10,13,325.0,4,22,103.3,19,65,84,64,30,9,26,10,14,224,160,140,148,95.32879818594104,94.94784580498867,112.48979591836735,4.553287981859411,516.4444444444445,206.55328798185943,273.80498866213156,338.8526077097506,10
140,Drew Eubanks,Phoenix Suns,PF,57,152,23,32,691.7,11,12,380.0,0,0,0.0,14,32,46,4,11,4,4,10,13,107,103,61,50,84.3704705246079,71.46349378042184,2.5819361817198483,0.0,235.59383450513795,230.6679286100595,91.5895078420768,71.75229853975122,10
141,Duncan Robinson,Miami Heat,F,146,321,53,111,467.0,8,9,350.0,32,84,339.0,2,33,35,30,26,10,16,3,-13,211,181,176,65,468.41111111111104,21.877777777777776,36.01111111111111,37.7,674.5,489.5777777777777,640.8444444444444,70.37777777777778,10
142,Duop Reath,Portland Trail Blazers,C,88,171,32,65,374.6,9,10,450.0,15,31,333.4,9,16,25,8,22,3,10,4,-49,121,113,96,33,569.452741020794,62.51890359168242,11.708884688090738,18.882797731569,1105.313799621928,929.5973534971645,701.2599243856332,118.13705103969752,10
143,Dwight Powell,Dallas Mavericks,C,20,119,7,12,450.0,6,11,325.0,0,0,0.0,12,20,32,9,19,0,9,3,-9,61,52,29,41,38.068027210884345,86.73469387755102,10.040816326530612,0.0,237.37414965986397,188.6666666666667,56.993197278911566,126.5578231292517,9
144,Dylan Windler,Atlanta Hawks,G,5,24,2,5,40.0,0,0,0.0,1,4,25.0,1,4,5,2,2,1,1,0,9,12,10,7,7,14.180555555555557,8.055555555555555,2.125,0.5138888888888888,62.5,42.125,27.222222222222218,17.513888888888886,2
145,Dylan Windler,Los Angeles Lakers,G,3,14,1,4,25.0,0,0,0.0,1,4,25.0,0,1,1,2,1,0,0,0,-7,6,4,5,3,4.513888888888889,1.3888888888888893,0.125,0.5138888888888888,2.5,3.125,4.555555555555555,0.8472222222222223,2
146,Dyson Daniels,New Orleans Pelicans,G,38,181,16,32,311.4,1,2,50.0,5,13,250.0,7,20,27,20,12,15,12,8,25,85,65,58,47,123.55555555555556,24.0,25.555555555555557,4.222222222222222,146.22222222222223,113.55555555555556,128.22222222222223,77.55555555555556,9
147,Emoni Bates,Cleveland Cavaliers,F,7,12,3,7,42.9,0,2,0.0,1,4,25.0,0,1,1,0,0,0,1,0,-3,8,8,7,1,0.0,0.0,0.0,0.0,0.0,0.0,0.0,0.0,1
148,Eric Gordon,Phoenix Suns,SG,86,246,32,73,382.9,3,5,150.0,19,44,379.2,2,11,13,22,11,8,6,2,3,121,99,108,35,477.4382716049382,9.067901234567902,11.660493827160494,28.32716049382716,513.9567901234568,414.11111111111114,580.0,18.012345679012345,10
149,Eugene Omoruyi,Washington Wizards,F,39,106,17,38,391.3,5,10,200.0,0,6,0.0,7,13,20,7,18,7,5,1,-68,66,59,46,27,94.91836734693878,9.033163265306124,6.798469387755102,0.012755102040816325,87.34693877551021,71.67602040816327,106.89030612244898,19.530612244897956,10
150,Evan Fournier,Detroit Pistons,SG,58,174,21,66,308.5,6,7,266.7,10,41,184.3,1,17,18,21,20,9,7,1,-25,97,76,79,39,308.1015625,10.462890625,15.3515625,15.40625,401.541015625,383.587890625,330.40625,21.462890625,10
151,Evan Mobley,Cleveland Cavaliers,PF,147,305,60,107,547.9,24,42,522.6,3,14,175.0,25,76,101,35,27,12,16,20,-29,283,248,182,136,371.84429065743944,105.37370242214533,75.2006920415225,2.6262975778546713,782.1418685121107,674.0,423.83391003460207,236.7266435986159,10
152,Frank Ntilikina,Charlotte Hornets,PG,5,39,1,8,50.0,2,2,100.0,1,7,50.0,1,4,5,3,4,0,0,0,0,13,10,8,8,19.0,7.0,6.84,0.7600000000000002,24.439999999999998,14.0,18.64,24.640000000000004,4
153,Franz Wagner,Orlando Magic,SF,164,309,63,132,488.5,31,37,785.0,7,39,132.9,6,36,42,30,27,11,16,3,13,236,206,194,72,342.792899408284,48.55489809335963,30.318211702827085,11.720578566732414,657.7751479289941,544.4878369493754,429.43852728468113,105.51479289940828,10
154,Fred VanVleet,Houston Rockets,PG,187,359,61,133,454.79999999999995,27,30,535.7,38,81,445.8,3,34,37,99,20,19,20,6,108,323,224,286,136,670.6873630387145,22.10007304601899,71.60628195763331,58.768444119795475,560.101533966399,694.845872899927,540.5872899926954,89.06208911614316,10
155,Furkan Korkmaz,Philadelphia 76ers,SG,41,116,13,29,278.6,7,10,241.7,8,18,258.3,3,12,15,12,6,3,2,2,22,68,56,53,27,292.875,14.875,10.0,20.0,404.0,340.0,363.875,17.875,8
156,GG Jackson,Memphis Grizzlies,F,195,330,63,148,408.8,42,51,757.4,27,81,289.3,17,33,50,17,15,5,19,4,-76,262,245,212,67,775.2152514872904,36.778799351000536,18.301243915630067,49.30070308274743,934.3385613845321,845.4867495943753,855.2752839372635,63.8718226068145,10
157,Garrett Temple,Toronto Raptors,SF,16,41,5,8,200.0,3,4,150.0,3,6,150.0,1,7,8,4,5,3,1,1,6,28,24,20,12,22.75,10.430000000000001,3.0,2.12,44.47999999999999,28.279999999999994,30.75,21.63,3
158,Garrison Mathews,Atlanta Hawks,SG,66,189,19,38,465.0,14,16,363.3,14,28,441.8,4,13,17,9,24,4,0,3,-28,92,83,75,26,299.8469387755102,16.971655328798185,16.900226757369616,18.944444444444443,501.1111111111111,401.7573696145124,385.828798185941,47.2437641723356,10
159,Gary Harris,Orlando Magic,SG,74,238,27,54,532.8,4,7,125.0,16,38,477.6,2,13,15,9,12,8,7,3,22,98,89,83,24,115.07777777777778,10.677777777777777,12.944444444444445,4.800000000000001,210.8111111111111,170.5111111111111,146.2,32.8,10
160,Gary Payton II,Golden State Warriors,SG,33,137,14,25,443.3,2,5,100.0,3,6,300.0,12,8,20,10,14,4,8,2,-17,63,53,43,30,92.78546712802768,24.55363321799308,4.077854671280276,2.2993079584775087,116.59688581314879,131.49134948096886,78.30622837370242,28.216262975778548,10
161,Gary Trent Jr.,Toronto Raptors,SG,201,333,72,167,433.4,25,29,621.7,32,87,361.6,9,32,41,13,14,17,3,2,-49,255,242,214,54,694.0986159169549,10.230103806228374,14.769896193771627,31.667820069204154,700.0640138408305,727.6678200692041,662.9826989619377,28.5121107266436,10
162,Georges Niang,Cleveland Cavaliers,SF,137,298,50,94,550.0,11,11,500.0,26,57,492.7,2,33,35,17,29,8,15,4,-10,189,172,154,52,211.0,24.72850189291509,18.50784207679827,18.579772850189293,384.580313683072,292.8912925905895,286.2055164954029,59.71984856679286,10
163,Giannis Antetokounmpo,Milwaukee Bucks,PF,298,346,106,177,605.1,77,106,708.2,9,20,433.3,23,84,107,65,24,5,31,7,53,470,405,363,172,497.6795005202914,84.32986472424558,90.62747138397503,5.549427679500521,1180.588969823101,874.7460978147762,762.8647242455776,215.6149843912591,10
164,Goga Bitadze,Orlando Magic,C,28,99,11,20,480.0,6,9,283.3,0,3,0.0,10,12,22,9,10,2,8,9,3,59,50,37,31,47.63905325443787,63.61094674556212,8.33284023668639,0.0,232.10059171597635,173.7174556213018,74.48668639053254,103.4792899408284,9
165,Gordon Hayward,Oklahoma City Thunder,SF,55,190,17,34,520.0,13,19,410.0,8,15,500.0,5,19,24,24,14,5,7,0,4,103,79,79,48,66.5743162901308,26.40190249702735,39.29369797859691,3.600475624256837,149.82520808561236,98.95243757431629,104.79548156956005,78.34720570749109,10
166,Gradey Dick,Toronto Raptors,G,109,314,41,110,348.4,8,10,433.3,19,59,313.3,5,21,26,18,18,6,16,2,-146,153,135,127,44,314.3990795529257,24.760026298487837,38.04207758053912,18.928994082840237,548.2965154503617,419.8284023668639,425.66929651545036,80.0,10
167,Grant Williams,Charlotte Hornets,PF,127,316,45,100,454.0,26,32,524.6,11,40,289.2,16,34,50,27,30,10,28,4,-90,204,177,154,77,379.33102493074796,88.00138504155125,27.375346260387808,10.717451523545707,684.7493074792244,638.4182825484764,379.1634349030471,161.8753462603878,10
168,Grayson Allen,Phoenix Suns,SG,188,351,63,106,599.3,17,19,725.0,45,80,486.7,3,26,29,30,17,11,11,6,63,247,217,218,59,700.7131519274376,18.908163265306122,36.173469387755105,98.67346938775509,883.6111111111111,731.8798185941043,853.9954648526077,53.53061224489796,10
169,Gui Santos,Golden State Warriors,F,38,103,13,24,372.5,8,9,350.0,4,8,250.0,9,21,30,9,14,2,5,2,22,77,68,47,39,164.88581314878894,97.67474048442905,13.71280276816609,4.173010380622837,524.6747404844291,468.1245674740484,185.69896193771626,147.12456747404843,8
170,Harrison Barnes,Sacramento Kings,SF,136,280,49,99,498.3,20,25,450.0,18,46,267.6,6,23,29,11,15,3,8,2,-9,176,165,147,40,235.2150294250792,44.83974649162517,10.900407424173833,48.81756450882753,416.5885015844273,312.5264825712992,323.0208239022182,71.99637845178813,10
171,Harry III Giles,Brooklyn Nets,F,8,8,3,6,50.0,1,2,50.0,1,1,100.0,2,2,4,2,3,0,0,0,-12,14,12,10,6,44.72265625,10.16015625,3.28515625,0.765625,136.59765625,97.515625,72.25,25.0,1
172,Harry III Giles,Los Angeles Lakers,F,2,5,1,1,100.0,0,0,0.0,0,0,0.0,0,1,1,0,0,0,0,0,-3,3,3,2,1,0.47265625,0.03515625,0.03515625,0.015625,0.47265625,0.765625,0.25,0.0,1
173,Haywood Highsmith,Miami Heat,F,24,120,9,24,348.8,1,4,50.0,5,16,200.0,5,13,18,10,7,0,1,1,-48,52,42,34,28,130.98487836949374,27.643655489809333,8.32215647600263,9.369493754109138,278.7455621301775,251.1860618014464,144.82708744247205,49.683103221564764,10
174,Herbert Jones,New Orleans Pelicans,SF,92,314,33,60,496.4,14,17,525.0,12,29,277.4,6,26,32,28,29,10,12,13,71,152,124,120,60,214.42512783053326,27.330898466033602,18.245434623813,20.420745069393718,328.23520818115406,270.96420745069395,243.79254930606282,73.4799123447772,10
175,Hunter Tyson,Denver Nuggets,F,0,7,0,3,0.0,0,0,0.0,0,3,0.0,0,1,1,0,1,0,2,0,-1,1,1,0,1,4.0,0.11111111111111106,0.0,0.4444444444444444,5.4444444444444455,5.4444444444444455,4.0,0.11111111111111106,1
176,Ibou Badji,Portland Trail Blazers,C,7,32,3,4,150.0,1,2,50.0,0,0,0.0,1,2,3,4,6,0,5,3,-17,14,10,11,7,15.720000000000002,3.0800000000000005,2.75,0.0,37.06999999999999,30.32,21.470000000000002,6.83,3
177,Immanuel Quickley,Toronto Raptors,SG,195,364,68,158,420.7,33,45,597.2,26,77,328.3,2,55,57,88,17,11,26,3,-71,340,252,283,145,477.0639999999999,39.496,197.456,20.976,930.7840000000001,541.9359999999999,785.464,317.4,10
178,Isaac Okoro,Cleveland Cavaliers,SF,104,351,39,86,470.5,11,17,391.7,15,43,402.2,6,28,34,19,30,11,9,8,-40,157,138,123,53,144.00757166035697,42.36127636560304,8.909140075716603,10.56625202812331,186.32179556517036,202.73228772309358,131.26392644672796,47.60356949702542,10
179,Isaiah Hartenstein,New York Knicks,C,93,236,41,56,769.5,11,16,580.0,0,0,0.0,32,52,84,32,26,10,10,15,69,209,177,125,116,291.5142439737034,67.41417092768445,32.723155588020454,0.0,424.9430241051862,406.26953981008035,308.53396639883124,101.79108838568298,10
180,Isaiah Jackson,Indiana Pacers,SF,92,188,35,56,681.8,22,30,708.3,0,1,0.0,21,36,57,14,25,11,9,7,-3,163,149,106,71,217.13600000000002,193.0,28.800000000000004,0.0,768.5360000000001,665.496,242.57600000000002,299.4,10
181,Isaiah Joe,Oklahoma City Thunder,SG,57,169,21,62,281.2,3,3,100.0,12,44,228.3,3,15,18,9,11,3,3,4,-2,84,75,66,27,154.76479181884585,9.649379108838568,7.0,7.649379108838568,215.38056975894813,192.48867786705623,176.1972242512783,18.10883856829803,10
182,Isaiah Mobley,Cleveland Cavaliers,F,5,33,2,7,58.3,0,0,0.0,1,4,25.0,0,4,4,2,2,0,0,0,-1,11,9,7,6,0.6799999999999997,10.880000000000003,0.72,0.6800000000000002,13.32,9.0,2.1199999999999997,14.479999999999999,2
183,Isaiah Stewart,Detroit Pistons,C,106,319,40,71,587.7,10,12,516.7,16,38,409.0,10,48,58,12,11,4,10,10,-48,176,164,118,70,131.47520661157026,49.603305785123965,9.603305785123966,12.764462809917354,245.47520661157023,193.27685950413223,178.88016528925618,64.0,10
184,Ish Smith,Charlotte Hornets,PG,18,181,8,34,236.0,0,0,0.0,2,2,200.0,1,19,20,41,16,5,6,1,-90,79,38,59,61,54.36000000000001,24.0,78.09,1.5600000000000003,170.49,69.16000000000001,134.09,123.69,9
185,Ish Wainright,Phoenix Suns,F,3,11,1,6,16.7,0,0,0.0,1,4,25.0,3,2,5,1,1,1,1,0,-3,9,8,4,6,6.25,17.361111111111114,0.6944444444444445,0.6944444444444445,56.25,44.44444444444445,11.111111111111112,25.0,1
186,Ivica Zubac,LA Clippers,C,94,247,39,56,696.2,16,18,600.0,0,0,0.0,27,54,81,16,27,7,15,9,-13,191,175,110,97,228.22993827160494,36.95216049382716,10.5,0.0,322.5,283.0,240.7854938271605,74.39660493827161,10
187,JT Thor,Charlotte Hornets,F,19,104,8,16,408.3,0,0,0.0,3,8,200.0,1,15,16,5,9,0,2,3,24,40,35,24,21,41.376033057851245,17.17355371900826,3.0165289256198347,4.239669421487603,74.91322314049587,66.76446280991736,46.38429752066115,23.330578512396695,10
188,JaVale McGee,Sacramento Kings,C,23,44,11,18,355.0,0,3,0.0,1,2,100.0,5,8,13,1,6,2,1,0,3,37,36,24,14,47.62721893491124,12.857988165680473,0.834319526627219,0.834319526627219,78.98816568047337,84.0,46.9585798816568,9.349112426035504,6
189,Jabari Smith Jr.,Houston Rockets,PF,125,280,45,98,454.2,18,20,841.7,17,45,314.8,15,54,69,14,28,9,12,8,32,208,194,139,83,387.47205785667325,155.0,12.606180144641684,18.134779750164366,733.207100591716,714.9848783694937,412.05325443786984,161.24720578566735,10
190,Jabari Walker,Portland Trail Blazers,F,111,246,43,78,546.2,19,24,765.0,6,14,366.7,18,55,73,16,31,9,9,1,-9,200,184,127,89,311.6468144044321,94.58864265927978,17.91689750692521,6.522160664819944,570.5096952908586,532.3379501385042,317.696675900277,144.6274238227147,10
191,Jacob Gilyard,Memphis Grizzlies,G,67,205,23,52,431.8,1,1,100.0,20,45,431.8,1,14,15,41,10,10,12,2,-62,123,82,108,56,274.1404958677686,10.685950413223141,31.595041322314046,24.0,454.1404958677686,332.0,382.0,56.561983471074385,10
192,Jacob Toppin,New York Knicks,F,13,29,5,9,107.1,2,2,100.0,1,4,33.3,3,3,6,1,3,0,1,0,-18,20,19,14,7,78.05555555555556,8.722222222222221,0.5555555555555556,0.7222222222222223,130.22222222222223,136.55555555555554,72.5,8.5,2
193,Jaden Hardy,Dallas Mavericks,G,77,116,32,65,499.4,4,5,250.0,9,21,300.0,1,9,10,18,10,3,7,1,9,105,87,95,28,144.125,10.0,31.625,7.125,209.0,168.125,173.0,53.62500000000001,10
194,Jaden Ivey,Detroit Pistons,PG,169,322,62,145,432.5,31,38,696.7,14,54,227.7,9,23,32,40,25,11,31,6,-53,241,201,209,72,408.5800118976799,20.21891731112433,61.16597263533612,28.659131469363476,486.960737656157,480.9488399762047,406.89292088042833,89.08387864366449,10
195,Jaden McDaniels,Minnesota Timberwolves,PF,107,305,43,104,412.6,12,22,298.8,9,38,261.7,12,36,48,13,31,10,10,7,-16,168,155,120,61,417.59491617090316,51.66035694970254,29.0,17.128718226068145,583.6138453217956,543.6371011357489,414.5484045429962,123.68361276365603,10
196,Jaden Springer,Boston Celtics,G,58,175,21,50,363.7,13,14,575.0,3,17,183.3,13,18,31,18,22,13,12,4,-17,107,89,76,49,204.31111111111113,42.67777777777778,26.0,2.5,576.9444444444446,416.2777777777778,315.24444444444447,118.41111111111111,10
197,Jae Crowder,Milwaukee Bucks,PF,53,205,21,48,392.9,2,2,100.0,9,26,266.6,8,17,25,9,17,9,2,1,-1,87,78,62,34,113.81519274376417,22.138321995464853,8.577097505668934,10.209750566893423,160.5192743764172,154.90816326530614,121.11111111111114,29.030612244897963,10
198,Jae'Sean Tate,Houston Rockets,SF,40,129,16,35,437.0,5,9,200.0,3,6,233.3,9,19,28,6,19,8,11,4,1,74,68,46,34,71.04671280276817,30.15916955017301,5.3719723183391,2.1124567474048446,165.07958477508652,134.47923875432525,86.40138408304499,50.77681660899654,10
199,Jahmi'us Ramsey,Toronto Raptors,SG,47,120,18,41,306.3,5,6,175.0,6,22,183.3,4,18,22,8,10,7,7,0,-28,77,69,55,30,71.5207756232687,36.32963988919668,3.066481994459834,3.0,98.36288088642658,109.5180055401662,79.76177285318559,20.0,7
200,Jaime Jr. Jaquez,Miami Heat,G,104,291,39,86,430.4,18,25,616.7,8,25,244.89999999999998,9,40,49,27,20,12,9,3,3,180,153,131,76,399.9229968782518,41.14984391259105,22.292403746097815,7.839750260145682,373.75650364203955,369.74921956295526,390.9687825182102,76.40374609781477,10
201,Jake LaRavia,Memphis Grizzlies,F,134,290,38,108,356.9,43,51,743.9,15,49,310.2,26,32,58,20,24,15,12,5,-24,212,192,154,78,133.462890625,116.625,30.009765625,4.509765625,349.2265625,346.056640625,154.2890625,128.978515625,10
202,Jakob Poeltl,Toronto Raptors,C,122,251,55,101,543.9,12,20,491.7,0,0,0.0,39,53,92,31,28,10,11,19,35,245,214,153,123,161.8469387755102,127.67346938775509,30.387755102040813,0.0,516.704081632653,398.98979591836735,256.6224489795918,181.0,10
203,Jalen Brunson,New York Knicks,PG,291,341,107,234,462.2,46,55,650.0,31,82,409.5,6,26,32,66,15,10,27,2,65,389,323,357,98,871.90625,19.6,98.9,14.70625,642.65625,805.1062499999999,731.8562499999998,96.1,10
204,Jalen Duren,Detroit Pistons,C,132,273,49,79,611.5,34,41,755.0,0,0,0.0,31,86,117,21,31,6,27,4,-81,270,249,153,138,263.0761772853186,252.196675900277,23.132963988919666,0.0,1020.062326869806,864.9542936288088,346.9819944598338,346.5318559556787,10
205,Jalen Green,Houston Rockets,SG,272,356,100,195,500.9,35,45,706.3,37,91,388.4,7,47,54,34,15,8,17,4,138,360,326,306,88,880.3367346938776,109.5612244897959,10.458049886621314,44.332199546485256,1214.0907029478458,1214.6938775510205,873.4750566893424,126.27777777777779,10
206,Jalen HoodSchifino,Los Angeles Lakers,G,5,11,1,6,33.3,2,4,100.0,1,3,50.0,0,2,2,0,1,0,1,0,-13,7,7,5,2,9.0,0.9799999999999999,0.020000000000000004,0.8200000000000001,13.32,14.180000000000001,8.42,0.72,2
207,Jalen Johnson,Atlanta Hawks,SF,178,339,71,149,485.0,19,29,568.3,17,46,399.9,13,75,88,44,19,7,16,11,35,310,266,222,132,520.0495867768595,92.6317722681359,50.47199265381084,14.673094582185492,1012.7970615243343,701.9265381083562,770.7750229568411,203.24885215794305,10
208,Jalen McDaniels,Toronto Raptors,PF,41,132,18,44,312.0,2,4,66.7,3,15,116.7,6,20,26,11,13,7,13,1,-46,78,67,52,37,169.05860113421554,88.26275992438563,12.0,4.370510396975425,412.7504725897921,344.0548204158791,209.14555765595466,128.87145557655955,9
209,Jalen Pickett,Denver Nuggets,G,2,7,1,3,33.3,0,0,0.0,0,2,0.0,0,0,0,2,0,0,0,0,-1,4,2,4,2,2.25,0.0,1.3611111111111107,0.0,7.1111111111111125,2.25,7.1111111111111125,1.3611111111111107,1
210,Jalen Slawson,Sacramento Kings,F,2,8,1,2,50.0,0,0,0.0,0,1,0.0,1,1,2,0,2,1,0,0,3,4,4,2,2,0.32653061224489793,0.08163265306122454,0.0,0.0,0.7346938775510206,0.7346938775510206,0.32653061224489793,0.08163265306122454,1
211,Jalen Smith,Indiana Pacers,PF,99,174,36,64,576.2,16,26,515.0,11,29,411.9,23,36,59,11,19,1,6,5,10,169,158,110,70,99.84185493460167,43.642092746730086,17.0,9.209274673008323,111.1973840665874,86.95600475624258,130.4280618311534,54.29726516052318,10
212,Jalen Suggs,Orlando Magic,SG,136,280,48,92,530.1,15,21,533.3,25,56,437.9,4,28,32,31,28,13,17,5,123,199,168,167,63,250.34104938271605,28.444444444444446,14.915123456790123,23.125,289.4938271604938,255.08179012345678,267.5679012345679,60.54475308641976,10
213,Jalen Williams,Oklahoma City Thunder,F,196,293,77,146,514.9,29,32,836.7,13,33,318.2,3,36,39,36,21,16,19,10,49,271,235,232,75,595.1929012345679,26.919753086419753,21.53086419753086,14.23611111111111,858.4706790123457,766.2361111111111,669.378086419753,66.5,10
214,Jalen Wilson,Brooklyn Nets,F,35,130,13,38,430.5,7,8,350.0,2,15,150.0,13,17,30,10,10,1,9,0,8,75,65,45,40,44.806640625,35.181640625,6.0390625,2.1640625,121.90625,93.4765625,53.666015625,60.791015625,10
215,Jamal Cain,Miami Heat,F,4,16,0,3,0.0,4,4,200.0,0,1,0.0,1,2,3,1,1,1,1,0,-4,8,7,5,4,1.125,1.625,0.5,0.0,4.5,5.0,1.625,1.125,2
216,Jamal Murray,Denver Nuggets,PG,227,360,87,190,450.6,33,39,861.4,20,50,410.0,10,43,53,82,18,16,22,3,51,362,280,309,135,469.2423822714681,47.5360110803324,69.41828254847645,20.062326869806096,650.9362880886429,478.04986149584494,616.6274238227147,142.45567867036013,10
217,James Bouknight,Charlotte Hornets,SG,10,13,4,10,83.3,0,0,0.0,2,7,58.3,0,0,0,0,0,1,1,0,13,10,10,10,0,18.0,0.0,0.0,0.72,18.0,18.0,18.0,0.0,2
218,James Harden,LA Clippers,SG,164,347,51,122,406.0,34,38,941.7,28,75,344.5,5,46,51,94,17,7,27,10,17,309,215,258,145,568.4105186267349,50.6099342585829,41.10153396639883,37.741417092768444,535.227903579255,548.4886778670563,540.1402483564646,106.72096420745069,10
219,James Johnson,Indiana Pacers,PF,2,7,0,1,0.0,2,2,100.0,0,0,0.0,0,0,0,1,3,0,0,1,1,3,2,3,1,2.777777777777778,0.0,0.6944444444444445,0.0,6.25,2.777777777777778,6.25,0.6944444444444445,1
220,James Wiseman,Detroit Pistons,C,103,204,43,68,580.9,17,20,600.0,0,0,0.0,26,51,77,17,23,2,13,8,-40,197,180,120,94,367.5077160493827,81.54475308641976,18.753086419753085,0.0,789.2160493827159,592.2777777777777,525.1188271604938,139.625,10
221,Jamie Jr. Jaquez,Miami Heat,G,10,45,4,12,74.3,1,1,100.0,1,6,20.0,0,1,1,5,5,0,1,0,-22,16,11,15,6,8.5,0.53125,0.53125,0.53125,8.5,13.28125,4.78125,0.0,2
222,Jarace Walker,Indiana Pacers,F,26,101,9,29,232.2,2,2,100.0,6,17,200.0,3,20,23,8,9,4,5,6,19,57,49,34,31,105.18,47.88,32.879999999999995,6.779999999999999,402.68,262.12,181.5,145.0,8
223,Jared Butler,Washington Wizards,SG,61,176,26,62,479.7,5,5,300.0,4,22,103.4,4,12,16,36,16,7,18,1,-18,113,77,97,52,163.6111111111111,18.57777777777778,70.5,4.444444444444445,457.0,205.7,366.3777777777778,137.61111111111111,10
224,Jared Rhoden,Detroit Pistons,G,11,30,5,7,130.0,0,0,0.0,1,2,50.0,0,6,6,1,2,1,3,2,-5,18,17,12,7,30.625,10.0,0.625,0.625,62.5,75.625,22.5,5.625,2
225,Jaren Jackson Jr.,Memphis Grizzlies,PF,244,342,85,195,435.7,56,75,738.9,18,53,347.2,16,46,62,29,37,17,31,18,-85,335,306,273,91,352.4031141868512,142.71453287197232,38.86159169550173,9.60553633217993,666.3148788927335,725.9515570934257,357.8425605536332,116.5,10
226,Jarred Vanderbilt,Los Angeles Lakers,PF,68,142,26,42,412.7,13,17,375.0,3,5,166.7,12,22,34,12,8,16,11,2,23,114,102,80,46,111.33333333333334,59.333333333333336,18.0,3.5,362.0,274.0,157.33333333333334,119.33333333333334,6
227,Jarrett Allen,Cleveland Cavaliers,C,192,349,71,119,605.4,50,63,813.8,0,0,0.0,30,97,127,23,12,4,13,13,-17,342,319,215,150,391.70578691184426,204.36830719307733,18.229853975121685,0.0,1090.167658193618,963.4845862628448,448.5164954029205,292.47052460789615,10
228,Jason Preston,Utah Jazz,G,4,25,2,6,66.6,0,0,0.0,0,0,0.0,2,4,6,7,1,0,1,0,10,17,10,11,13,1.2800000000000002,4.275555555555554,7.879999999999999,0.0,32.55555555555556,8.96888888888889,13.32,23.70222222222222,2
229,Javon Freeman-Liberty,Toronto Raptors,G,42,139,13,35,233.8,14,15,580.0,2,14,83.3,3,20,23,15,10,3,8,2,-26,80,65,57,38,135.27,11.217500000000001,10.2175,1.6700000000000002,219.27,190.0575,153.9175,32.0,7
230,Jaxson Hayes,Los Angeles Lakers,C,55,144,21,28,743.4,13,20,475.0,0,1,0.0,14,33,47,3,17,2,9,4,-2,105,102,58,50,51.2716049382716,86.35956790123457,4.236111111111111,0.0,149.58641975308643,145.52623456790124,49.15586419753087,96.77160493827161,10
231,Jay Huff,Denver Nuggets,C,3,5,1,2,50.0,0,0,0.0,1,2,50.0,0,0,0,0,2,0,0,0,-3,3,3,3,0,3.0625,0.5625,0.0,0.5625,1.0,1.0,3.0625,0.5625,1
232,Jaylen Brown,Boston Celtics,SG,292,331,113,215,524.8,37,57,675.9,29,71,410.0,18,42,60,32,24,15,15,0,118,384,352,324,92,538.103515625,103.181640625,19.712890625,18.728515625,822.556640625,797.9140625,541.4765625,144.1640625,10
233,Jaylin Williams,Oklahoma City Thunder,F,39,129,14,31,408.3,2,3,150.0,9,21,424.9,5,30,35,11,13,4,3,5,56,85,74,50,46,55.31833910034602,60.34775086505191,10.916955017301039,3.171280276816609,230.12629757785467,196.83217993079583,74.98269896193771,84.89446366782006,10
234,Jayson Tatum,Boston Celtics,SF,274,350,90,197,466.3,56,65,858.9,38,80,481.9,10,52,62,53,19,11,27,6,118,389,336,327,115,302.8,113.32244897959183,42.26530612244898,17.632653061224488,365.0,511.26530612244886,210.7224489795918,101.40000000000002,10
235,Jeenathan Williams,Houston Rockets,G,12,26,6,10,133.4,0,2,0.0,0,0,0.0,3,3,6,0,5,1,0,0,18,18,18,12,6,45.29639889196676,6.022160664819945,0.07479224376731301,0.0,70.92797783933517,73.94459833795014,43.37673130193906,5.0,3
236,Jeff Dowtin,Philadelphia 76ers,G,28,69,10,16,203.8,2,2,100.0,6,11,183.4,1,5,6,13,0,4,3,1,23,47,34,41,19,163.65432098765433,7.432098765432099,34.888888888888886,5.432098765432099,422.2222222222222,222.0,335.28395061728395,70.91358024691358,5
237,Jeff Green,Houston Rockets,PF,75,162,26,60,348.9,10,15,375.0,13,30,425.0,4,20,24,6,10,3,3,4,14,105,99,81,30,402.50625,39.02499999999999,3.3000000000000003,16.325,621.25625,611.40625,413.65625,41.025,10
238,Jerami Grant,Portland Trail Blazers,SF,169,342,56,142,386.6,38,46,711.3,19,49,402.0,6,19,25,35,18,14,28,2,-77,229,194,204,60,473.98961937716257,45.9204152249135,32.71626297577855,5.083044982698962,888.6262975778548,739.6678200692041,583.0934256055364,118.49134948096886,10
239,Jeremiah Robinson-Earl,New Orleans Pelicans,F,28,87,11,24,269.6,4,7,80.0,2,9,100.0,9,9,18,10,6,3,2,1,30,56,46,38,28,61.11111111111111,34.92881944444445,27.75,1.527777777777778,206.88715277777774,140.09548611111111,102.19444444444444,88.38715277777777,7
240,Jeremy Sochan,San Antonio Spurs,F,123,306,47,121,375.2,19,25,633.4,10,43,216.6,21,53,74,35,25,9,24,11,-21,232,197,158,109,352.6873985938345,45.15305570578691,33.09626825310979,10.005408328826393,341.70578691184426,340.9859383450514,320.74743104380747,110.9091400757166,10
241,Jericho Sims,New York Knicks,C,27,187,11,14,466.7,5,8,113.3,0,0,0.0,19,33,52,11,14,5,7,6,5,90,79,38,63,115.36004162330906,60.72840790842873,13.42455775234131,0.0,326.98647242455775,245.46618106139437,186.0,85.03329864724246,10
242,Jerome Robinson,Golden State Warriors,SG,10,17,4,10,40.0,1,2,50.0,1,6,16.7,0,0,0,1,1,0,0,1,-2,11,10,11,1,61.5621301775148,0.21301775147928997,0.4792899408284023,0.7159763313609467,65.23668639053254,54.53254437869823,72.90532544378698,0.053254437869822466,1
243,Jett Howard,Orlando Magic,G,0,5,0,1,0.0,0,0,0.0,0,1,0.0,0,0,0,0,1,0,0,0,-5,0,0,0,0,0.25,0.0,0.0,0.027777777777777776,0.25,0.25,0.25,0.0,1
244,Jevon Carter,Chicago Bulls,PG,41,150,17,38,405.20000000000005,1,2,50.0,6,19,191.7,2,9,11,13,9,4,4,2,5,65,52,54,24,163.76400367309458,11.764003673094583,8.338842975206612,6.7529843893480255,242.01193755739212,205.0560146923783,186.4113865932048,34.411386593204774,10
245,Jimmy Butler,Miami Heat,SF,217,364,76,155,485.8,56,67,815.0,9,29,308.3,15,35,50,50,13,14,17,3,27,317,267,267,100,515.4161712247325,43.71224732461356,40.04756242568371,9.466111771700357,727.30677764566,509.89417360285375,704.2580261593341,112.33055885850177,10
246,Jock Landale,Houston Rockets,C,83,182,32,53,594.6,16,18,450.0,3,8,250.0,24,22,46,21,23,3,8,13,61,150,129,104,67,190.37024221453285,94.5674740484429,42.45328719723183,2.432525951557093,618.0,428.5709342560553,331.97923875432525,184.840830449827,10
247,Joe Harris,Detroit Pistons,SF,2,12,1,3,33.3,0,0,0.0,0,1,0.0,0,0,0,0,1,0,0,0,-5,2,2,2,0,0.0,0.0,0.0,0.0,0.0,0.0,0.0,0.0,1
248,Joe Ingles,Orlando Magic,SG,31,158,9,16,330.0,5,6,250.0,8,15,325.0,2,16,18,30,12,7,10,0,37,79,49,61,48,121.44444444444444,9.604207758053912,47.28862590401052,9.651545036160421,155.0105193951348,113.54437869822485,157.0578566732413,62.74556213017751,10
249,Joel Embiid,Philadelphia 76ers,C,45,61,16,38,82.8,9,12,170.0,4,10,83.3,2,12,14,5,6,2,10,0,-41,64,59,50,19,144.5,0.0,0.5,0.0,162.0,144.5,162.0,0.5,2
250,John Collins,Utah Jazz,PF,178,291,66,113,587.4,32,41,744.2,14,28,488.9,24,60,84,9,32,3,14,12,-33,271,262,187,93,253.9002770083102,120.35457063711912,9.2202216066482,7.120498614958449,517.3919667590028,489.0083102493075,275.90166204986156,135.95706371191136,10
251,John Konchar,Memphis Grizzlies,SG,57,299,19,46,385.8,8,9,266.7,11,29,391.6,19,45,64,29,20,13,17,9,-3,150,121,86,93,131.34349030470915,70.43351800554017,15.132963988919668,7.321329639889196,292.00138504155126,223.76869806094183,166.9529085872576,118.18975069252078,10
252,Johnny Davis,Washington Wizards,G,34,142,13,37,300.0,5,6,250.0,3,13,83.3,4,12,16,7,13,3,1,5,-46,57,50,41,23,78.8862590401052,14.412886259040105,8.313609467455622,4.14792899408284,156.2215647600263,120.65746219592373,116.95529257067719,20.221564760026297,10
253,Johnny Juzang,Utah Jazz,G,58,142,22,44,336.9,0,0,0.0,14,32,269.2,2,13,15,4,11,0,4,0,-4,77,73,62,19,258.7168,22.980800000000002,2.7200000000000006,22.1728,337.88000000000005,351.48,245.5648,25.2528,8
254,Jonas Valanciunas,New Orleans Pelicans,C,70,191,29,57,536.3,8,8,400.0,4,12,250.0,14,62,76,17,23,2,14,7,47,163,146,87,93,136.03677663601945,52.49540292049757,20.288263926446728,4.680367766360194,266.5543537047052,263.8031368307193,168.91995673336936,42.65170362358031,10
255,Jonathan Isaac,Orlando Magic,PF,108,173,41,60,698.4,9,11,333.4,17,26,643.3,12,38,50,4,8,8,3,13,62,162,158,112,54,340.2265625,34.791015625,4.90625,14.572265625,458.634765625,506.900390625,305.2265625,26.431640625,10
256,Jonathan Kuminga,Golden State Warriors,PF,196,289,75,149,492.1,36,43,690.0,10,24,350.1,7,37,44,23,29,11,20,5,-23,263,240,219,67,431.1456790123457,71.3679012345679,13.064197530864199,10.177777777777777,529.9530864197532,498.0,466.1111111111111,81.41975308641975,10
257,Jontay Porter,Toronto Raptors,C,49,159,18,41,352.3,4,6,150.0,9,26,230.4,10,23,33,32,11,10,13,9,-28,114,82,81,65,223.04437869822482,32.171597633136095,60.582840236686394,16.207100591715978,493.0177514792899,283.1863905325444,407.0,118.6301775147929,10
258,Jordan Clarkson,Utah Jazz,PG,174,327,64,151,396.6,29,32,757.9,17,59,244.1,7,28,35,60,19,10,22,0,-76,269,209,234,95,814.0,107.44444444444446,81.07029478458051,20.83673469387755,1289.530612244898,1206.7777777777778,873.736961451247,211.53061224489798,10
259,Jordan Goodwin,Memphis Grizzlies,G,71,257,29,86,350.5,5,12,225.0,8,31,229.89999999999998,13,33,46,42,16,16,17,10,-68,159,117,113,88,117.90304709141273,126.65927977839334,74.37673130193906,3.734072022160665,417.7700831024931,280.2853185595568,125.55955678670357,330.8642659279779,10
260,Jordan Hawkins,New Orleans Pelicans,G,48,123,17,56,371.5,4,5,150.0,10,37,210.0,2,12,14,6,8,1,2,2,4,68,62,54,20,166.08324661810616,16.60145681581686,6.420395421436005,10.842872008324662,244.66181061394386,211.92924037460978,201.74401664932364,20.093652445369408,10
261,Jordan McLaughlin,Minnesota Timberwolves,PG,59,159,20,32,561.1,4,4,200.0,15,24,369.4,3,19,22,27,9,7,4,2,64,108,81,86,49,201.00554016620498,28.531855955678672,20.495844875346258,29.19252077562327,274.0,262.0747922437673,210.74238227146816,51.21606648199445,10
262,Jordan Miller,LA Clippers,G,4,5,1,1,100.0,2,2,100.0,0,0,0.0,0,1,1,0,0,0,0,0,3,5,5,4,1,9.679012345679013,0.44444444444444453,0.0,0.0,14.271604938271604,14.271604938271604,9.679012345679013,0.44444444444444453,1
263,Jordan Nwora,Toronto Raptors,SF,111,183,46,87,551.7,7,8,366.7,12,37,334.9,5,35,40,7,11,8,16,5,-53,158,151,118,47,139.3183673469388,48.70204081632652,4.559183673469388,6.122448979591836,213.03673469387752,220.6326530612245,128.66122448979593,56.32244897959183,10
264,Jordan Poole,Washington Wizards,SG,171,296,63,146,417.7,19,21,630.0,26,75,351.6,6,24,30,52,28,12,28,4,-60,253,201,223,82,556.9914933837429,27.36578449905482,96.5,12.409262759924385,581.5850661625709,527.6502835538753,591.7523629489604,143.03969754253308,10
265,Jordan Walsh,Boston Celtics,G,2,27,1,4,100.0,0,0,0.0,0,2,0.0,2,4,6,1,5,2,2,1,24,9,8,3,7,2.7200000000000006,12.5,1.0,0.0,0.8200000000000005,3.62,6.920000000000001,6.5,2
266,Jose Alvarado,New Orleans Pelicans,PG,68,218,24,59,386.2,5,8,250.0,15,32,467.1,3,19,22,25,18,11,9,0,58,115,90,93,47,181.66732412886256,33.621301775147934,44.975016436554895,12.541091387245231,463.698224852071,318.1643655489809,289.0,116.7975016436555,10
267,Josh Giddey,Oklahoma City Thunder,SG,130,239,57,108,538.3000000000001,4,4,300.0,12,35,386.9,16,44,60,46,18,7,19,6,75,236,190,176,106,196.19274241522902,102.0,36.94824509220702,1.8286734086853063,336.0499702558001,258.192742415229,218.04997025580013,194.94824509220703,10
268,Josh Green,Dallas Mavericks,SG,67,259,28,55,498.7,4,5,80.0,7,23,270.0,11,24,35,13,16,11,9,2,-34,115,102,80,48,175.42568370986916,41.573127229488705,10.20332936979786,7.416171224732463,227.9346016646849,241.15576694411413,176.20927467300828,37.77170035671819,10
269,Josh Hart,New York Knicks,SG,109,421,44,111,382.3,10,14,308.3,11,46,183.9,22,97,119,54,26,12,17,6,46,282,228,163,173,300.19524067063276,247.92049756625204,125.81936181719848,18.005949161709033,1288.628447809627,753.9664683612763,638.8226068144943,569.7744726879395,10
270,Josh Minott,Minnesota Timberwolves,F,0,5,0,0,0.0,0,0,0.0,0,0,0.0,0,4,4,0,0,0,0,0,6,4,4,0,4,5.224489795918367,10.331632653061225,0.02040816326530612,0.18367346938775508,0.6173469387755101,0.8622448979591834,5.897959183673469,9.433673469387754,1
271,Josh Okogie,Phoenix Suns,SF,42,135,13,32,323.8,10,11,350.0,6,14,300.0,15,6,21,11,5,7,10,2,-6,74,63,53,32,135.81717451523545,14.29639889196676,7.321329639889195,6.404432132963989,198.40443213296396,190.61218836565095,139.34349030470915,25.883656509695292,10
272,Josh Richardson,Miami Heat,SG,98,211,38,76,433.2,6,6,200.0,16,45,301.7,4,26,30,19,16,5,3,2,3,147,128,117,49,296.8888888888889,20.0,10.88888888888889,27.555555555555557,468.0,427.55555555555554,344.0,24.22222222222222,9
273,Joshua Primo,LA Clippers,G,0,5,0,1,0.0,0,0,0.0,0,0,0.0,1,0,1,0,0,0,1,0,1,1,1,0,1,0.0,0.0,0.0,0.0,0.0,0.0,0.0,0.0,1
274,Jrue Holiday,Boston Celtics,PG,114,323,45,81,564.5,4,4,200.0,20,44,531.8,8,25,33,55,13,14,17,11,120,202,147,169,88,82.40532544378698,48.251479289940825,52.514792899408285,6.014792899408284,209.71597633136096,168.31360946745562,164.9023668639053,59.6715976331361,10
275,Jules Bernard,Washington Wizards,G,37,62,14,27,346.2,3,5,200.0,6,11,285.0,6,5,11,9,3,1,3,1,21,57,48,46,20,157.1673553719008,10.688016528925619,11.960743801652892,5.0,253.01859504132233,196.5867768595041,212.9504132231405,23.297520661157026,5
276,Julian Champagnie,San Antonio Spurs,F,61,227,17,49,263.7,12,15,466.7,15,39,252.5,2,21,23,14,7,6,9,6,-1,98,84,75,37,274.3287981859411,30.971655328798192,18.418367346938776,29.61111111111111,607.3151927437642,435.61111111111114,406.6859410430839,88.73696145124717,10
277,Julian Phillips,Chicago Bulls,F,39,132,13,31,272.9,7,8,266.7,6,13,283.4,6,12,18,5,12,5,3,1,-11,62,57,44,23,170.91975308641975,27.290123456790123,6.777777777777779,6.401234567901234,314.4444444444444,289.44444444444446,184.5493827160494,45.43827160493827,10
278,Julian Strawther,Denver Nuggets,G,9,27,3,11,37.5,2,2,100.0,1,8,20.0,0,3,3,4,1,1,2,0,-15,16,12,13,7,37.0,7.512396694214877,4.231404958677686,0.8347107438016528,108.4297520661157,76.69421487603304,61.59504132231405,18.884297520661153,2
279,Julius Randle,New York Knicks,PF,66,99,23,48,142.2,14,14,300.0,6,11,195.0,8,17,25,18,7,1,10,0,25,109,91,84,43,98.0,2.666666666666667,14.0,2.0,140.66666666666669,120.66666666666666,126.0,8.666666666666668,3
280,Justin Champagnie,Washington Wizards,SF,45,114,15,38,184.3,8,8,200.0,7,22,133.3,11,14,25,8,7,6,8,4,-45,78,70,53,33,252.21893491124263,74.88165680473372,5.337278106508876,8.857988165680474,657.2781065088758,586.4733727810651,295.6627218934911,107.57988165680473,6
281,Justin Holiday,Denver Nuggets,SF,41,161,16,32,413.70000000000005,0,0,0.0,9,21,276.7,0,12,12,18,12,3,1,3,31,71,53,59,30,227.6749452154857,9.60262965668371,45.8626734842951,15.137326515704892,409.2279035792549,268.9678597516435,343.2892622352082,80.1110299488678,10
282,Justin Minaya,Portland Trail Blazers,F,12,94,4,17,149.89999999999998,1,2,50.0,3,14,116.6,6,9,15,4,5,3,3,2,-37,31,27,16,19,20.011834319526628,15.781065088757398,2.4260355029585803,1.8757396449704142,41.112426035502956,48.58579881656806,14.29585798816568,16.449704142011836,8
283,Jusuf Nurkic,Phoenix Suns,C,86,280,36,65,571.2,14,32,355.4,0,0,0.0,38,89,127,37,36,8,28,10,26,250,213,123,164,59.363474122546094,219.70672218917312,38.50981558596074,0.0,379.7168352171327,347.1653777513385,76.74657941701368,273.3848899464604,10
284,Karl-Anthony Towns,Minnesota Timberwolves,C,193,306,66,146,451.8,41,47,734.2,20,56,341.5,20,55,75,29,33,8,24,8,98,297,268,222,104,265.0493827160493,98.62345679012346,46.91975308641975,18.771604938271604,548.530864197531,414.4012345679012,362.2777777777778,182.44444444444443,10
285,Kawhi Leonard,LA Clippers,SF,225,331,85,162,529.5,41,48,794.2,14,42,319.1,9,41,50,31,6,14,17,8,49,306,275,256,81,520.9556517036236,43.56300703082747,28.90048674959438,8.113574905354245,677.4732287723092,635.8274743104381,540.6565711195241,94.40832882639265,10
286,Keegan Murray,Sacramento Kings,SF,127,347,46,108,413.4,16,19,325.0,19,60,295.0,16,46,62,18,31,8,7,12,39,207,189,145,80,286.3975308641975,79.84197530864198,17.723456790123457,36.90123456790123,603.6123456790124,519.4,341.46419753086417,126.71111111111111,10
287,Keita Bates-Diop,Brooklyn Nets,SF,35,85,12,20,615.0,6,6,300.0,5,11,350.0,3,10,13,5,1,2,5,4,-13,53,48,40,18,48.125,16.471938775510203,4.6147959183673475,5.316326530612245,86.125,80.41836734693875,46.41836734693878,28.5,10
288,Keldon Johnson,San Antonio Spurs,SF,164,292,59,121,481.6,21,26,480.0,25,65,354.5,17,43,60,16,15,3,9,1,-43,240,224,180,76,312.0105193951348,50.899408284023664,10.416831032215647,28.750164365548983,346.6863905325444,353.3754109138724,323.76331360946745,42.87442472057857,10
289,Kelly Olynyk,Toronto Raptors,PF,141,289,55,99,555.1,19,26,415.7,12,29,408.3,16,40,56,51,43,13,33,9,-92,248,197,192,107,305.215647600263,28.64168310322156,89.37343852728468,9.04010519395135,620.0420775805392,415.36686390532543,483.1005917159763,144.8053911900066,10
290,Kelly Oubre Jr.,Philadelphia 76ers,SG,202,343,73,179,407.2,41,55,634.5,15,53,258.5,19,43,62,22,25,12,22,10,-42,286,264,224,84,331.4478458049887,63.85600907029479,18.33673469387755,9.61111111111111,576.908163265306,448.48979591836735,425.1247165532879,116.93424036281179,10
291,Kendall Brown,Indiana Pacers,SG,0,7,0,0,0.0,0,0,0.0,0,0,0.0,0,0,0,0,0,0,0,0,4,0,0,0,0,2.0408163265306123,0.12755102040816327,0.5102040816326531,0.0,6.25,3.188775510204082,4.591836734693877,1.1479591836734693,1
292,Kenneth Lofton Jr.,Philadelphia 76ers,F,2,5,1,4,25.0,0,0,0.0,0,2,0.0,0,1,1,0,0,0,0,0,-4,3,3,2,1,0.0,0.0,0.0,0.0,0.0,0.0,0.0,0.0,1
293,Kenrich Williams,Oklahoma City Thunder,SF,30,119,12,29,253.10000000000002,0,0,0.0,6,18,216.7,12,23,35,14,10,7,3,1,39,79,65,44,49,171.46122448979594,43.0,14.489795918367346,8.0,281.8,247.88979591836733,184.79999999999998,78.06122448979592,10
294,Kentavious Caldwell-Pope,Denver Nuggets,SG,89,328,33,66,494.1,5,5,300.0,18,41,418.3,1,23,24,24,21,17,12,12,25,137,113,113,48,110.95429362880886,20.43351800554017,21.430747922437675,9.801939058171744,107.03185595567867,158.10249307479225,60.711911357340725,41.03601108033241,10
295,Kenyon Martin Jr.,Philadelphia 76ers,F,47,157,18,35,506.1,8,12,400.0,3,5,250.0,11,28,39,11,27,4,5,3,-16,97,86,58,50,113.40625,140.95625,10.90625,2.125,568.35625,464.9,174.625,194.1,10
296,Keon Ellis,Sacramento Kings,G,74,250,28,53,479.1,2,4,100.0,16,35,404.4,6,24,30,16,22,19,5,9,110,120,104,90,46,323.4891975308642,34.77160493827161,36.452160493827165,17.827160493827158,582.2530864197531,437.73611111111114,435.60493827160496,103.625,10
297,Keon Johnson,Brooklyn Nets,G,12,26,3,8,73.3,4,4,100.0,2,4,133.3,2,1,3,2,2,2,2,0,-9,17,15,14,5,18.88888888888889,0.5555555555555556,2.2222222222222223,0.22222222222222227,27.222222222222225,13.888888888888888,34.0,1.0,2
298,Kessler Edwards,Sacramento Kings,SF,24,67,9,21,206.7,1,2,50.0,5,14,211.7,2,12,14,4,8,4,1,1,21,42,38,28,18,75.75,16.48,2.0077777777777777,4.120000000000001,104.16444444444446,94.63000000000002,76.99111111111111,26.781111111111116,7
299,Kevin Durant,Phoenix Suns,PF,262,364,102,197,511.1,36,42,673.1,22,58,376.2,3,60,63,38,13,10,31,11,36,363,325,300,101,1293.3369388858844,62.370470524607896,34.61222282314765,19.471065440778798,1650.0081124932394,1451.2617631151973,1407.7101135749053,181.35586803677666,10
300,Kevin Huerter,Sacramento Kings,SG,72,231,29,79,330.1,2,4,100.0,12,45,205.0,6,24,30,25,23,8,11,2,5,127,102,97,55,288.7933884297521,30.44995408631772,4.61248852157943,16.24793388429752,456.10743801652893,441.77777777777777,290.6730945821855,47.51239669421488,10
301,Kevin Knox II,Detroit Pistons,SF,22,89,9,26,148.9,3,3,200.0,1,11,33.3,3,11,14,4,9,2,6,0,21,40,36,26,18,115.33333333333334,19.333333333333336,3.3333333333333335,0.8333333333333335,167.33333333333331,188.0,101.33333333333334,16.0,6
302,Kevin Love,Miami Heat,PF,88,158,30,62,483.6,10,14,208.3,18,45,387.4,10,55,65,19,20,3,10,3,31,172,153,107,84,362.530612244898,61.03061224489795,13.244897959183673,16.97959183673469,574.7448979591837,534.5,405.0,72.05102040816325,10
303,Kevon Looney,Golden State Warriors,F,23,98,10,20,533.3,3,7,75.0,0,0,0.0,6,22,28,10,16,1,6,3,25,61,51,33,38,20.733650416171226,20.149821640903685,4.107015457788347,0.0,18.376932223543395,21.26397146254459,13.361474435196197,28.741973840665874,10
304,Keyontae Johnson,Oklahoma City Thunder,F,5,39,2,8,66.7,0,0,0.0,1,2,100.0,2,4,6,2,4,0,2,0,-15,13,11,7,8,20.0,7.0,1.2653061224489797,0.8163265306122451,29.69387755102041,35.0,17.26530612244898,5.6938775510204085,5
305,Keyonte George,Utah Jazz,G,186,309,63,149,377.0,37,42,775.8,23,71,289.6,0,34,34,44,12,4,35,2,-122,264,220,230,78,874.1068052930057,30.454631379962194,42.60586011342155,45.952741020793944,1178.9914933837429,949.1228733459358,1109.3875236294896,67.648393194707,10
306,Khris Middleton,Milwaukee Bucks,SF,130,231,50,96,440.3,16,19,417.5,14,33,393.3,8,31,39,45,29,8,17,3,18,214,169,175,84,307.625,37.15625,47.40625,3.625,503.625,346.65625,472.65625,76.5,8
307,Killian Hayes,Detroit Pistons,PG,18,79,7,14,209.6,1,3,33.3,3,6,100.0,0,15,15,20,4,0,5,2,-12,53,33,38,35,27.0,18.75,54.0,2.75,252.75,74.75,153.0,124.75,4
308,Kira Lewis Jr.,Utah Jazz,PG,12,39,4,11,44.4,3,4,75.0,1,3,33.3,1,4,5,7,1,0,2,0,-21,24,17,19,12,100.31999999999998,18.92,10.0675,0.8300000000000001,280.6875,205.48000000000002,155.3075,49.207499999999996,3
309,Klay Thompson,Golden State Warriors,SG,181,257,64,145,451.2,16,18,616.7,37,88,409.1,4,19,23,25,10,8,10,3,-14,229,204,206,48,537.1427798810167,19.507301243915627,44.60951865873445,22.18226068144943,580.0265008112493,511.8691184424013,611.0784207679827,58.33856138453218,10
310,Kobe Brown,LA Clippers,G,2,27,1,5,100.0,0,0,0.0,0,2,0.0,4,5,9,2,4,0,3,0,-23,13,11,4,11,3.140625,11.75,1.5625,0.015625,19.765625,12.140625,3.265625,20.8125,4
311,Kobe Bufkin,Atlanta Hawks,G,27,81,11,31,158.4,1,2,50.0,4,14,115.0,1,10,11,14,6,3,4,1,21,52,38,41,25,72.63265306122449,3.9795918367346945,14.959183673469388,2.836734693877551,134.6326530612245,95.83673469387756,113.83673469387753,16.53061224489796,5
312,Kris Dunn,Utah Jazz,G,44,206,19,45,358.5,0,0,0.0,6,18,250.0,9,15,24,32,25,9,8,3,-52,100,68,76,56,116.75716603569496,18.650081124932395,28.43158464034613,6.96268253109789,314.27798810167656,165.72309356408869,234.0,78.39372633856138,10
313,Kris Murray,Portland Trail Blazers,F,97,304,39,88,456.3,7,12,283.4,12,42,220.0,16,38,54,24,18,8,13,7,-7,175,151,121,78,369.6570247933884,73.1404958677686,35.27685950413223,11.773760330578513,660.2396694214876,556.6487603305785,399.3305785123967,182.33471074380165,10
314,Kristaps Porzingis,Boston Celtics,C,202,280,69,148,483.70000000000005,38,41,833.3,26,63,441.1,19,48,67,18,24,9,10,14,118,287,269,220,85,133.65976331360946,103.35207100591715,9.813609467455622,19.494082840236686,426.1213017751479,387.0,176.94674556213016,109.0,10
315,Kyle Anderson,Minnesota Timberwolves,SF,78,267,32,71,418.5,12,16,500.0,2,6,100.0,10,29,39,51,21,10,9,6,50,168,117,129,90,110.65625,19.65625,26.9,1.6000000000000003,201.625,160.125,127.95625000000001,70.75625000000001,10
316,Kyle Kuzma,Washington Wizards,SF,245,341,93,180,530.4,43,55,805.3,16,47,258.3,3,61,64,48,22,8,30,6,-59,357,309,293,112,469.2483564645727,34.4572680788897,53.57487216946676,26.404674945215483,643.1431701972243,566.834915997078,530.7867056245434,102.80204528853179,10
317,Kyle Lowry,Philadelphia 76ers,PG,81,300,25,71,326.3,16,19,575.0,15,45,305.4,3,27,30,46,19,11,12,3,-42,157,111,127,76,183.49940546967895,16.963139120095125,65.05112960760998,12.574316290130795,149.0,197.9821640903686,112.10107015457788,104.43043995243757,10
318,Kyrie Irving,Dallas Mavericks,PG,236,353,91,187,486.9,27,27,700.0,27,75,344.0,9,44,53,58,17,14,21,4,16,347,289,294,111,389.1132213294376,31.134404674945216,114.91161431701973,20.447772096420746,826.3966398831266,471.30387143900657,712.6764061358656,177.5756026296567,10
319,LaMelo Ball,Charlotte Hornets,PG,32,55,12,37,66.1,5,6,150.0,3,17,34.7,1,5,6,15,10,3,7,0,-49,53,38,47,21,2.0,2.0,0.5,0.5,4.5,8.0,0.5,0.5,2
320,Lamar Stevens,Memphis Grizzlies,PF,111,215,46,97,495.5,13,18,333.3,6,15,425.0,12,32,44,7,18,7,12,7,-20,162,155,118,51,211.0,48.44444444444444,6.111111111111112,2.4444444444444446,334.9777777777778,267.17777777777775,274.44444444444446,58.91111111111111,10
321,Landry Shamet,Washington Wizards,SG,55,184,20,55,273.1,7,7,300.0,8,35,104.1,4,10,14,8,12,4,9,2,-68,77,69,63,22,330.90000000000003,22.5,5.700000000000001,15.624999999999998,463.7,413.80000000000007,373.0,35.99999999999999,10
322,Larry Nance Jr.,New Orleans Pelicans,PF,64,224,26,40,630.3,10,12,333.4,2,5,133.3,16,35,51,22,13,11,5,3,42,137,115,86,73,180.1274238227147,67.93074792243767,7.639889196675901,1.68005540166205,288.612188365651,319.33795013850414,175.39612188365652,49.576177285318565,10
323,Lauri Markkanen,Utah Jazz,PF,199,339,64,166,388.6,45,48,856.7,26,78,325.2,18,51,69,23,13,10,17,4,-79,291,268,222,92,188.7159763313609,135.24852071005918,50.78402366863905,24.437869822485208,585.4940828402366,389.4082840236687,356.73668639053255,214.0976331360947,10
324,LeBron James,Los Angeles Lakers,SF,273,363,102,179,567.7,46,58,754.8,23,54,404.9,6,68,74,90,11,9,39,5,41,437,347,363,164,452.82736455463726,76.95867768595042,28.082644628099175,28.2396694214876,394.13314967860424,322.1111111111111,552.4196510560147,77.47107438016528,10
325,Leaky Black,Charlotte Hornets,F,27,151,8,25,232.1,7,10,275.0,4,10,150.0,5,21,26,13,12,2,3,2,-31,66,53,40,39,88.0,30.96,8.41,8.25,118.49000000000001,84.96000000000001,110.40999999999998,50.49,9
326,Leonard Miller,Minnesota Timberwolves,F,0,5,0,1,0.0,0,0,0.0,0,0,0.0,0,0,0,2,0,0,0,0,8,2,0,2,2,0.04938271604938271,0.308641975308642,0.44444444444444453,0.0,0.01234567901234569,0.6049382716049383,0.19753086419753085,0.01234567901234569,1
327,Lester Quinones,Golden State Warriors,G,58,162,20,53,357.0,9,13,325.0,9,31,250.0,8,18,26,11,17,2,5,0,-34,95,84,69,37,196.7063020214031,19.05112960760999,14.900118906064211,10.90011890606421,260.0035671819263,292.0,181.92746730083232,16.733650416171226,10
328,Lindy Waters III,Oklahoma City Thunder,F,29,71,10,26,323.3,0,0,0.0,9,20,283.3,3,15,18,4,7,1,3,2,-36,51,47,33,22,116.59722222222224,30.0,4.055555555555555,13.375,248.375,216.43055555555554,136.875,45.722222222222214,8
329,Lonnie Walker IV,Brooklyn Nets,G,75,160,29,74,383.8,3,4,150.0,14,43,205.7,1,19,20,6,13,2,7,5,11,101,95,81,26,545.40625,18.056250000000002,3.025,33.15625,721.3000000000001,677.5249999999999,583.55625,26.70625,10
330,Luguentz Dort,Oklahoma City Thunder,G,118,284,40,82,507.3,13,13,500.0,25,53,482.70000000000005,8,23,31,18,32,10,9,2,71,167,149,136,49,126.1225461035098,34.99048185603807,15.608566329565736,19.0,175.39143367043428,140.92385484830456,158.13444378346225,53.05472932778109,10
331,Luka Doncic,Dallas Mavericks,PG,325,376,113,248,454.5,59,73,825.0,40,111,349.1,13,85,98,103,19,13,43,2,44,526,423,428,201,538.7437673130194,61.94459833795013,108.18975069252078,29.357340720221607,685.8504155124655,775.275623268698,409.0360110803324,210.4168975069252,10
332,Luka Garza,Minnesota Timberwolves,C,45,61,16,35,240.8,6,8,200.0,7,20,233.3,8,6,14,1,8,2,3,1,-7,60,59,46,15,13.94896030245747,16.854442344045367,0.9224952741020795,1.2136105860113422,55.578449905482046,52.119092627599244,16.84499054820416,18.340264650283554,5
333,Luka Samanic,Utah Jazz,F,42,107,13,39,288.8,12,14,450.0,4,19,178.3,5,19,24,5,9,1,5,4,-42,71,66,47,29,112.44000000000001,53.302499999999995,4.81,2.4099999999999997,341.22249999999997,295.5625,142.08999999999997,74.1225,9
334,Luke Kennard,Memphis Grizzlies,SG,124,269,39,78,499.6,18,20,571.4,28,59,476.40000000000003,2,23,25,40,10,8,18,0,-65,189,149,164,65,418.7712665406427,7.29867674858223,89.46313799621927,24.192816635160682,601.7599243856333,437.31758034026467,557.0359168241965,122.93950850661625,10
335,Luke Kornet,Boston Celtics,C,67,202,28,44,578.4,11,12,350.0,0,0,0.0,25,31,56,19,12,3,3,14,63,142,123,86,75,244.31921110299487,157.80423666910156,42.214024835646455,0.0,781.9810080350621,613.9758948137326,340.6603360116874,271.68224981738496,10
336,M. Pereira,Memphis Grizzlies,F,2,19,1,5,50.0,0,0,0.0,0,2,0.0,0,3,3,0,2,1,1,0,2,5,5,2,3,2.125,4.78125,0.0,0.0,0.53125,0.53125,2.125,4.78125,2
337,Malachi Flynn,Detroit Pistons,PG,47,101,16,47,270.0,7,10,275.0,8,23,281.7,0,12,12,12,5,5,6,0,-43,71,59,59,24,143.1441326530612,6.61734693877551,13.0625,6.25,256.0,196.0625,196.3316326530612,26.429846938775512,9
338,Malaki Branham,San Antonio Spurs,G,100,208,36,90,367.6,14,16,341.7,14,40,273.7,5,12,17,19,13,3,13,1,-56,136,117,119,36,614.40625,20.125,15.05625,34.20625,763.3,651.90625,729.5250000000001,31.45625,10
339,Malcolm Brogdon,Portland Trail Blazers,PG,102,218,37,83,266.20000000000005,17,19,433.3,11,30,202.89999999999998,7,22,29,40,13,4,17,2,4,171,131,142,69,100.0,28.833333333333336,7.333333333333334,6.833333333333334,113.5,66.83333333333334,151.33333333333331,31.5,6
340,Malik Beasley,Milwaukee Bucks,SG,110,300,39,104,362.8,6,7,250.0,26,79,314.6,4,36,40,13,15,6,7,1,25,163,150,123,53,304.77008310249306,22.02770083102493,10.146814404432133,25.60664819944598,245.0387811634349,268.24376731301936,291.6371191135734,22.102493074792243,10
341,Malik Monk,Sacramento Kings,SG,180,281,64,150,407.0,35,37,830.0,17,63,254.7,6,31,37,54,29,7,22,2,58,271,217,234,91,648.3947487550928,39.71706654594839,41.882299683114525,10.257582616568584,1041.5314622000906,882.0475328202806,747.5237664101403,141.95427795382525,10
342,MarJon Beauchamp,Milwaukee Bucks,F,30,42,10,16,350.0,7,8,175.0,3,7,200.0,2,9,11,1,4,1,3,0,-17,42,41,31,12,58.991735537190095,10.140495867768596,0.8677685950413222,1.8099173553719008,103.32231404958677,93.38016528925618,65.92561983471074,14.016528925619834,6
343,Marcus Morris Sr.,Cleveland Cavaliers,SF,29,62,10,20,144.7,3,4,150.0,6,12,150.0,1,12,13,4,5,0,5,0,-4,46,42,33,17,53.04296875,13.48046875,4.66796875,6.1875,63.07421875,98.296875,26.421875,9.546875,3
344,Marcus Morris Sr.,Philadelphia 76ers,SF,40,98,16,38,166.7,4,4,200.0,4,13,103.3,0,14,14,3,5,2,6,1,-21,57,54,43,17,87.890625,5.390625,4.015625,4.25,126.890625,107.5625,104.8125,11.8125,4
345,Marcus Sasser,Detroit Pistons,G,64,205,25,67,370.8,2,2,100.0,12,36,349.6,1,24,25,35,15,6,16,0,-51,124,89,99,60,125.625,20.99382716049383,45.285493827160494,9.859567901234568,317.75308641975306,222.84104938271605,213.88271604938274,72.93364197530863,10
346,Markelle Fultz,Orlando Magic,PG,61,170,27,62,408.6,7,8,183.3,0,2,0.0,10,17,27,20,14,6,9,2,37,108,88,81,47,176.9485766758494,51.191000918273645,28.444444444444443,0.00918273645546373,320.198347107438,284.2791551882461,214.4637281910009,78.0394857667585,10
347,Markieff Morris,Dallas Mavericks,PF,5,11,2,3,150.0,0,0,0.0,1,2,50.0,0,2,2,0,0,0,0,0,4,7,7,5,2,0.625,2.5,0.0,0.625,4.625,4.625,0.625,2.5,2
348,Marques Bolden,Charlotte Hornets,C,0,13,0,1,0.0,0,0,0.0,0,0,0.0,0,1,1,0,1,0,1,0,2,1,1,0,1,0.0,0.7551020408163267,0.0,0.0,0.7551020408163267,0.7551020408163267,0.0,0.7551020408163267,2
349,Marvin Bagley III,Washington Wizards,PF,127,263,56,102,535.5,11,15,483.3,4,9,300.0,43,50,93,16,12,7,9,11,-40,236,220,143,109,264.25951557093424,84.72318339100347,13.335640138408305,2.5121107266435985,290.2768166089965,295.22491349480975,250.03806228373702,107.33217993079585,10
350,Mason Jones,Sacramento Kings,G,1,13,0,3,0.0,1,2,50.0,0,2,0.0,1,3,4,4,0,0,0,0,10,9,5,5,8,0.0,0.0,0.0,0.0,0.0,0.0,0.0,0.0,1
351,Mason Plumlee,LA Clippers,C,51,117,17,31,536.6,17,24,466.7,0,0,0.0,12,34,46,11,17,4,9,4,-11,108,97,62,57,63.0,108.60916121356337,13.290303390838787,0.0,257.4824509220702,234.6823319452707,82.43664485425342,125.26293872694825,10
352,Matisse Thybulle,Portland Trail Blazers,SG,75,232,28,57,448.9,6,9,250.0,13,32,368.3,8,23,31,21,15,19,12,8,-28,127,106,96,52,295.0863177226814,36.25436179981635,21.694214876033058,10.827364554637281,627.8760330578513,473.1404958677686,423.188246097337,84.5821854912764,10
353,Matt Ryan,New Orleans Pelicans,F,28,60,10,24,233.3,0,0,0.0,8,19,194.4,1,8,9,2,6,0,2,0,-2,39,37,30,11,172.05859375,15.08984375,1.43359375,16.30859375,285.96484375,276.4375,181.0,17.109375,7
354,Matthew Hurt,Memphis Grizzlies,F,32,110,12,33,215.9,3,3,200.0,5,19,233.4,9,7,16,4,8,3,2,3,-7,52,48,36,20,159.11111111111111,33.77777777777778,4.861111111111111,5.220486111111111,347.5277777777778,286.0,207.75,51.52777777777778,7
355,Max Christie,Los Angeles Lakers,G,33,110,12,24,569.4,3,5,200.0,6,12,300.0,1,13,14,5,3,0,4,1,-15,52,47,38,19,83.98269896193771,9.01038062283737,2.8114186851211076,4.671280276816609,135.69723183391002,119.50519031141872,101.30276816608998,10.69377162629758,10
356,Max Strus,Cleveland Cavaliers,SG,118,312,42,93,422.4,12,15,316.7,22,62,318.5,11,20,31,48,25,6,16,4,-32,197,149,166,79,284.77562326869804,32.988919667590025,26.775623268698062,31.81717451523546,400.2908587257617,331.86426592797784,377.1024930747922,35.86426592797784,10
357,Maxi Kleber,Dallas Mavericks,PF,22,183,6,22,250.0,6,8,300.0,4,18,216.7,2,27,29,15,23,5,1,4,65,66,51,37,44,87.69999999999999,35.3,17.0,5.625,150.80000000000004,97.8,149.7,43.300000000000004,10
358,Maxwell Lewis,Los Angeles Lakers,F,0,5,0,1,0.0,0,0,0.0,0,1,0.0,0,0,0,2,0,0,0,0,-3,2,0,2,2,0.05536332179930796,0.0,1.9930795847750862,0.0,1.384083044982699,0.05536332179930796,1.384083044982699,1.9930795847750862,1
359,Micah Potter,Utah Jazz,C,26,80,9,14,300.0,3,3,200.0,5,9,250.0,4,10,14,2,4,0,2,1,-4,42,40,28,16,89.40082644628099,3.3388429752066116,1.3677685950413223,4.855371900826446,94.0,81.36776859504133,101.33884297520662,5.400826446280992,6
360,Michael Porter Jr.,Denver Nuggets,SF,194,323,75,135,548.5,15,18,580.0,29,68,418.7,13,50,63,14,18,6,12,4,51,271,257,208,77,414.6591314693635,45.75907198096371,14.58655562165378,16.900059488399762,481.86853063652586,521.3295657346818,364.4854253420583,71.0582986317668,10
361,Mikal Bridges,Brooklyn Nets,SF,167,358,54,136,383.4,26,32,685.7,33,74,458.1,9,35,44,38,14,10,19,1,-62,249,211,205,82,265.81233098972416,42.40346133044889,34.43158464034613,24.240670632774474,286.5770686857761,293.0822065981612,263.8144943212547,72.32774472687939,10
362,Mike Conley,Minnesota Timberwolves,PG,128,293,45,100,402.7,20,22,546.7,18,54,283.3,10,24,34,45,17,11,12,2,10,207,162,173,79,689.625,34.90625,26.5,34.5,600.40625,573.90625,704.125,73.40625,10
363,Mike Muscala,Oklahoma City Thunder,C,26,127,9,35,234.2,1,2,50.0,7,25,250.0,5,15,20,6,8,2,1,2,24,52,46,32,26,103.66863905325444,19.825443786982248,7.494082840236687,11.352071005917159,225.4437869822485,194.2751479289941,122.98520710059172,39.171597633136095,10
364,Miles Bridges,Charlotte Hornets,SF,208,388,86,189,453.4,21,31,479.7,15,62,216.7,13,62,75,38,13,8,22,5,-100,321,283,246,113,497.65625,78.725,28.0,21.25625,770.70625,756.60625,493.15625,125.32499999999999,10
365,Miles McBride,New York Knicks,PG,126,324,45,95,420.5,10,11,383.3,26,57,371.1,7,11,18,27,25,8,5,2,21,171,144,153,45,837.4029204975661,9.61060032449973,72.79664683612764,51.21146565711195,1053.532179556517,870.031368307193,1023.4964845862628,79.81449432125473,10
366,Mo Bamba,Philadelphia 76ers,C,59,202,22,40,559.7,7,10,175.0,8,19,340.0,10,36,46,10,27,8,10,11,-36,115,105,69,56,80.11111111111111,45.46745562130178,18.532544378698226,5.604207758053912,212.97501643655488,138.5016436554898,138.02827087442472,80.55621301775149,10
367,Monte Morris,Minnesota Timberwolves,PG,52,166,19,49,508.6,5,8,225.0,9,18,400.0,3,10,13,29,3,6,2,0,4,94,65,81,42,49.77777777777777,20.45679012345679,47.125,4.944444444444444,195.3780864197531,96.53086419753086,119.56944444444444,96.63734567901236,10
368,Moritz Wagner,Orlando Magic,C,94,149,36,56,613.8,16,18,660.0,6,16,316.6,7,28,35,11,13,1,13,2,30,140,129,105,46,241.31360946745565,45.262984878369494,7.057856673241288,4.412886259040105,388.0828402366864,391.77975016436557,225.93754109138726,64.0,10
369,Moses Brown,Portland Trail Blazers,C,26,59,11,20,333.3,4,14,70.8,0,0,0.0,11,10,21,4,8,0,3,3,1,51,47,30,25,59.33333333333333,16.04,5.440000000000001,0.0,119.82666666666667,94.97333333333334,75.70666666666666,29.959999999999997,6
370,Moses Moody,Golden State Warriors,SG,79,192,32,76,421.5,9,12,233.3,6,32,168.3,11,25,36,5,14,9,6,8,28,120,115,84,41,234.5,85.009765625,2.509765625,8.728515625,535.0390625,532.009765625,242.509765625,82.5390625,10
371,Mouhamadou Gueye,Toronto Raptors,F,7,26,3,10,150.0,1,4,25.0,0,0,0.0,3,2,5,0,3,1,3,4,-24,12,12,7,5,1.6875,5.1875,0.0,0.0,9.0,9.0,1.6875,5.1875,3
372,Moussa Diabate,LA Clippers,F,2,7,1,1,100.0,0,2,0.0,0,0,0.0,1,3,4,0,0,1,0,1,1,6,6,2,4,0.0,0.0,0.0,0.0,0.0,0.0,0.0,0.0,1
373,Myles Turner,Indiana Pacers,C,154,275,58,124,458.3,20,29,495.0,18,46,355.2,12,52,64,13,27,3,12,24,45,231,218,167,77,381.5803324099723,60.40997229916897,16.246537396121884,24.481994459833796,396.64404432132966,399.3254847645429,427.37534626038786,28.18005540166205,10
374,Naji Marshall,New Orleans Pelicans,SF,85,201,35,67,472.8,4,5,250.0,11,26,435.0,5,38,43,20,8,11,6,1,56,148,128,105,63,268.52500000000003,45.40625,10.006250000000001,13.65625,425.70000000000005,416.75624999999997,261.75625,71.125,10
375,Nassir Little,Phoenix Suns,SF,11,56,4,14,183.3,0,0,0.0,3,9,200.0,0,10,10,4,7,0,1,2,-10,25,21,15,14,13.24,15.2224,4.640000000000001,1.6943999999999997,43.1184,36.510400000000004,16.76,22.950400000000005,6
376,Nate Hinton,Houston Rockets,G,12,22,4,7,110.0,2,3,66.7,2,3,66.7,1,5,6,3,4,1,1,2,10,21,18,15,9,48.05555555555556,6.722222222222221,1.3888888888888884,2.5,97.38888888888886,75.55555555555557,65.0,13.0,2
377,Nathan Mensah,Charlotte Hornets,C,4,59,2,5,66.7,0,0,0.0,0,0,0.0,4,6,10,1,13,2,1,4,-17,15,14,5,11,13.75,9.9375,0.859375,0.0,41.359375,44.4375,13.484375,7.984375,7
378,Naz Reid,Minnesota Timberwolves,C,168,280,61,132,459.7,19,26,559.2,27,64,379.2,10,55,65,23,19,7,12,13,14,256,233,191,88,780.4601899196493,83.87655222790357,21.765522279035793,50.1862673484295,902.0029218407597,772.3966398831263,868.3235938641345,147.38495252008767,10
379,Neemias Queta,Boston Celtics,C,39,80,19,26,443.4,1,2,100.0,0,0,0.0,12,17,29,4,8,3,4,6,63,72,68,43,33,81.11111111111113,54.25777777777777,1.8977777777777776,0.0,233.23111111111112,240.2577777777778,80.11999999999999,50.120000000000005,7
380,Nic Claxton,Brooklyn Nets,C,127,303,52,79,667.3,23,34,604.7,0,1,0.0,23,70,93,24,25,7,12,17,-57,244,220,151,117,240.6127636560303,54.30124391563007,15.20497566252028,0.0,322.28772309356407,339.54029204975666,246.56517036235803,46.301243915630074,10
381,Nick Jr. Smith,Charlotte Hornets,G,53,164,17,59,301.1,8,9,187.5,11,32,275.0,2,10,12,17,19,4,5,0,8,82,65,70,29,235.48979591836735,11.625,22.05102040816326,15.489795918367346,310.17602040816325,244.32908163265307,279.1938775510204,55.8188775510204,10
382,Nick Richards,Charlotte Hornets,C,93,300,40,59,650.0,13,18,425.0,0,0,0.0,27,71,98,8,26,5,12,8,-41,199,191,101,106,277.0828402366864,195.11900065746218,9.694937541091388,0.0,461.5443786982249,477.1446416831032,281.0420775805391,185.25443786982248,10
383,Nickeil Alexander-Walker,Minnesota Timberwolves,SG,103,274,37,78,434.1,11,12,383.3,18,42,375.0,8,19,27,22,17,9,9,5,23,152,130,125,49,570.3055705786912,40.35749053542456,29.08923742563548,27.981611681990262,806.0746349378041,709.4699837750136,617.8144943212548,118.54245538128718,10
384,Nicolas Batum,Philadelphia 76ers,PF,42,286,15,48,274.6,6,7,250.0,6,30,178.3,14,43,57,20,18,13,8,7,12,119,99,62,77,134.59320477502297,86.16069788797061,23.322314049586772,4.87603305785124,339.95684113865934,265.6317722681359,163.623507805326,154.7777777777778,10
385,Nikola Jokic,Denver Nuggets,C,277,377,111,190,590.0,45,52,870.5,10,25,218.7,27,96,123,74,15,13,29,7,96,474,400,351,197,591.6692965154504,132.30177514792902,91.11111111111111,18.164365548980932,936.5917159763314,756.164365548981,757.9940828402366,237.5154503616042,10
386,Nikola Jovic,Miami Heat,F,78,217,29,66,440.2,6,7,250.0,14,41,336.6,2,40,42,18,18,9,11,4,4,138,120,96,60,90.73599999999999,52.896,20.304,12.336000000000002,240.624,192.4,118.416,93.744,10
387,Nikola Vucevic,Chicago Bulls,C,203,342,89,166,539.6,12,15,450.0,13,40,311.6,24,72,96,32,20,5,19,5,-38,331,299,235,128,432.7810826888757,133.9417013682332,34.103509815585966,8.143367043426533,746.8905413444378,760.2290303390839,438.51338488994645,148.9744199881023,10
388,Noah Clowney,Brooklyn Nets,F,13,55,5,11,90.0,0,0,0.0,1,6,25.0,4,7,11,6,2,2,1,0,3,30,24,19,17,52.425605536332185,10.633217993079585,4.3252595155709335,0.7577854671280276,107.14878892733563,104.94809688581313,52.43944636678201,17.14532871972318,4
389,Norman Powell,LA Clippers,G,153,282,54,116,463.2,21,27,525.0,24,68,384.1,3,29,32,16,23,10,10,2,0,201,185,169,48,363.20395421436007,32.3309053069719,17.00104058272633,20.40374609781478,435.0,481.80749219562955,306.2341311134235,59.494276795005206,10
390,O.G. Anunoby,New York Knicks,SF,83,194,33,70,262.7,9,14,243.3,8,28,138.3,3,24,27,12,12,16,13,5,107,122,110,95,39,431.93491124260356,55.0,6.0,8.757396449704142,260.7810650887574,260.7810650887574,441.9349112426035,51.0,6
391,Obi Toppin,Indiana Pacers,PF,78,177,31,54,533.0,9,11,450.0,7,22,250.0,7,33,40,10,14,4,6,4,24,128,118,88,50,225.82867340868532,44.0,17.16597263533611,6.6145151695419395,378.0273646638905,379.82867340868535,214.02736466389055,71.16597263533612,10
392,Ochai Agbaji,Toronto Raptors,G,75,276,31,78,351.8,7,14,275.0,6,29,161.6,18,23,41,16,22,11,12,4,-106,132,116,91,57,170.52770083102493,68.62880886426592,29.065096952908586,4.759002770083103,456.8753462603878,364.5941828254848,231.86426592797787,128.63850415512465,10
393,Olivier Sarr,Oklahoma City Thunder,C,11,22,4,7,125.0,3,5,116.7,0,1,0.0,4,4,8,0,3,0,1,1,-14,19,19,11,8,34.92,6.920000000000002,0.0,0.0,59.68000000000001,59.68000000000001,34.92,6.920000000000002,3
394,OlivierMaxence Prosper,Dallas Mavericks,F,10,36,3,6,150.0,4,7,57.1,0,2,0.0,2,6,8,0,1,1,1,1,-14,18,18,10,8,29.795918367346943,14.612244897959181,0.0,0.0,85.30612244897961,85.30612244897961,29.795918367346943,14.612244897959181,4
395,Omer Yurtseven,Utah Jazz,C,43,86,19,28,326.1,4,7,200.0,1,3,50.0,12,15,27,5,10,1,3,6,-14,75,70,48,32,142.76,23.854400000000002,9.761600000000001,0.8400000000000002,252.9776,201.6384,183.5296,44.18560000000001,6
396,Onuralp Bitim,Chicago Bulls,SF,50,153,22,45,454.4,0,0,0.0,6,21,166.7,5,12,17,9,14,2,3,1,-38,76,67,59,26,241.18906064209276,54.25802615933412,5.080856123662307,6.537455410225921,484.28775267538646,451.0,259.3424494649227,74.47324613555291,10
397,Onyeka Okongwu,Atlanta Hawks,PF,147,296,61,89,703.8000000000001,16,22,492.9,9,19,466.6,32,44,76,11,28,7,5,15,4,234,223,158,87,297.725,181.02500000000003,9.3,5.525,777.2999999999998,792.5999999999999,296.625,176.125,10
398,Orlando Robinson,Miami Heat,C,13,54,4,10,108.3,4,5,175.0,1,2,100.0,7,9,16,4,4,1,3,0,6,33,29,17,20,43.47222222222222,16.913580246913583,3.0,0.8302469135802469,52.089506172839506,37.86728395061729,62.138888888888886,15.469135802469136,5
399,Oscar Tshiebwe,Indiana Pacers,C,3,5,1,3,33.3,1,2,50.0,0,0,0.0,2,0,2,0,1,0,0,1,8,5,5,3,2,0.25,0.0,0.0,0.0,0.25,0.25,0.25,0.0,1
400,Oshae Brissett,Boston Celtics,SF,48,174,15,34,477.2,14,25,388.3,4,13,283.3,16,23,39,15,12,3,4,2,48,102,87,63,54,100.681640625,64.1640625,22.40625,2.431640625,320.197265625,220.462890625,187.384765625,99.6015625,10
401,Ousmane Dieng,Oklahoma City Thunder,F,28,90,10,25,324.4,4,4,200.0,4,14,220.0,1,7,8,14,3,3,6,3,16,50,36,42,22,122.49704142011836,6.0,21.124260355029588,4.295857988165681,242.1183431952663,164.49704142011836,196.11834319526628,31.124260355029584,8
402,P.J. Tucker,LA Clippers,PF,19,135,7,18,183.3,0,0,0.0,5,11,283.4,7,19,26,4,9,3,3,4,-8,49,45,23,30,58.3514739229025,40.00453514739229,4.00453514739229,4.147392290249433,155.7392290249433,121.04081632653062,77.26303854875283,59.795918367346935,8
403,P.J. Washington,Dallas Mavericks,PF,92,321,33,92,377.0,15,20,400.0,11,53,204.3,12,48,60,13,18,11,7,10,38,165,152,105,73,209.60519199567335,54.0,10.240670632774473,13.142779881016766,331.64683612763656,259.60519199567335,259.64683612763656,86.24067063277447,10
404,Paolo Banchero,Orlando Magic,PF,211,350,79,158,557.2,37,48,653.9,16,41,483.0,6,55,61,63,21,7,34,7,34,335,272,274,124,178.05624543462383,71.1899196493791,82.55588020452885,8.844411979547115,413.62235208181147,315.92695398100807,249.6245434623813,179.87289992695398,10
405,Pascal Siakam,Indiana Pacers,PF,210,325,86,158,545.3,32,45,621.8,6,19,191.6,25,74,99,34,21,11,13,5,53,343,309,244,133,192.5901249256395,113.0,31.175490779298038,5.633551457465794,343.1653777513385,250.9071980963712,227.53123140987515,201.49256395002973,10
406,Pat Connaughton,Milwaukee Bucks,SG,64,233,21,47,437.9,11,13,525.0,11,30,381.0,7,20,27,17,10,3,5,3,-9,108,91,81,44,201.43424036281183,32.73696145124717,21.308390022675734,13.379818594104309,345.7199546485261,350.98979591836735,206.20975056689343,44.0,10
407,Patrick Baldwin Jr.,Washington Wizards,F,45,148,16,49,330.9,5,7,260.0,8,32,196.9,5,30,35,11,12,7,6,7,-50,91,80,56,46,130.61248852157945,56.88797061524334,19.444444444444446,5.7190082644628095,335.77685950413223,220.91827364554638,199.5518824609734,122.2516069788797,10
408,Patrick Beverley,Milwaukee Bucks,PG,57,215,18,51,294.2,11,13,533.4,10,30,282.9,3,26,29,16,22,9,7,7,-24,102,86,73,45,192.79892920880428,64.5990481856038,29.76561570493753,10.023795359904819,419.5621653777513,364.5151695419393,248.1766805472933,94.03390838786437,10
409,Patrick Williams,Chicago Bulls,PF,6,24,2,9,22.2,2,2,100.0,0,5,0.0,0,6,6,2,5,0,2,2,-11,14,12,8,8,0.0,0.0,0.0,0.0,0.0,0.0,0.0,0.0,1
410,Patty Mills,Atlanta Hawks,PG,0,17,0,2,0.0,0,0,0.0,0,1,0.0,0,2,2,1,0,1,0,0,8,3,2,1,3,31.450653983353153,2.116527942925089,4.024970273483948,0.6087990487514863,65.76099881093936,37.39595719381688,56.533888228299645,9.423305588585018,2
411,Patty Mills,Miami Heat,PG,40,128,15,52,203.6,4,4,200.0,6,35,132.5,4,8,12,14,9,6,5,0,19,66,52,54,26,156.5612366230678,6.535077288941736,15.548156956004757,7.8145065398335305,175.31985731272295,181.3769322235434,150.8252080856124,21.76218787158145,8
412,Paul George,LA Clippers,F,247,359,85,160,543.6,39,45,789.6,38,84,464.4,2,48,50,37,24,17,20,11,52,334,297,284,87,219.22486615110057,12.005948839976204,70.20999405116002,19.702558001189768,336.11659726353355,240.55621653777519,316.7340868530637,80.2671029149316,10
413,Paul Reed,Philadelphia 76ers,SF,92,233,37,82,462.3,12,18,450.0,6,16,250.0,34,38,72,15,26,12,9,16,-8,179,164,107,87,318.1719848566793,63.6019469983775,10.501352082206598,6.91941590048675,619.5354245538128,593.3542455381287,334.3564088696593,84.10005408328826,10
414,Payton Pritchard,Boston Celtics,PG,125,284,47,101,423.0,7,7,300.0,24,56,433.0,8,25,33,52,10,4,9,0,105,210,158,177,85,478.52267573696145,50.13265306122449,177.92403628117913,26.617913832199548,1206.767573696145,607.7097505668934,997.6893424036281,307.9478458049886,10
415,Peyton Watson,Denver Nuggets,F,62,185,26,64,394.0,7,11,300.0,3,22,225.0,5,30,35,10,18,5,5,9,0,107,97,72,45,121.51927437641724,18.138321995464853,16.277777777777775,2.209750566893424,200.29138321995467,177.20408163265307,139.25736961451247,39.765306122448976,10
416,Precious Achiuwa,New York Knicks,PF,86,239,36,64,546.7,9,16,408.3,5,11,283.3,24,46,70,18,19,9,14,17,29,174,156,104,88,280.5797728501893,98.25202812330988,19.636560302866418,4.804218496484586,538.8188209843158,502.6078961600865,293.8345051379124,140.84478096268253,10
417,Quentin Grimes,Detroit Pistons,SG,82,213,26,80,296.2,19,24,525.0,11,50,200.0,2,27,29,19,13,7,9,4,-12,130,111,101,48,312.44628099173553,35.19834710743802,14.900826446280991,10.900826446280991,442.06611570247935,483.0495867768595,277.6942148760331,43.86776859504132,10
418,R. Rupert,Portland Trail Blazers,G,41,161,14,30,448.1,8,9,450.0,5,14,225.0,7,17,24,18,17,2,9,1,-12,83,65,59,42,145.90051020408166,29.257653061224488,25.25765306122449,9.316326530612244,291.9005102040817,282.5,157.3163265306123,52.5,10
419,RJ Barrett,Toronto Raptors,SG,208,328,85,152,559.5,20,43,406.1,18,37,425.0,9,42,51,46,22,5,28,4,-39,305,259,254,97,255.64444444444445,58.24444444444445,50.577777777777776,15.777777777777777,454.77777777777777,307.8,398.8,112.64444444444445,10
420,Reggie Bullock,Houston Rockets,SF,29,125,10,23,433.2,0,0,0.0,9,21,449.9,3,25,28,2,7,5,2,0,19,59,57,31,30,38.640903686087995,43.80975029726516,1.7217598097502975,5.099881093935791,118.94054696789536,125.25921521997623,33.84185493460166,44.01189060642093,10
421,Reggie Jackson,Denver Nuggets,PG,75,156,28,72,362.59999999999997,10,13,172.7,9,27,335.0,1,9,10,26,10,3,11,2,19,111,85,101,36,324.54648526077096,9.83673469387755,40.49886621315193,5.090702947845805,362.63265306122446,274.50566893424036,403.97959183673464,59.02947845804988,10
422,Richaun Holmes,Washington Wizards,F,83,219,33,58,564.7,16,18,525.0,1,2,100.0,28,44,72,7,31,6,7,8,3,162,155,90,79,234.83673469387753,229.9591836734694,6.151020408163266,0.9510204081632653,762.465306122449,724.2326530612245,253.17551020408163,256.0040816326531,10
423,Ricky IV Council,Philadelphia 76ers,G,62,114,21,48,420.2,17,23,530.0,3,14,125.0,2,15,17,6,5,0,3,1,-8,85,79,68,23,267.44423440453687,32.10018903591683,6.593572778827976,5.052930056710775,488.32325141776937,418.6219281663516,331.5576559546314,44.28166351606805,10
424,Robin Lopez,Milwaukee Bucks,C,6,23,3,9,37.5,0,0,0.0,0,2,0.0,1,0,1,1,3,1,0,2,-16,8,7,7,2,21.92,0.52,0.6800000000000002,0.0,24.48,29.0,18.28,0.32000000000000006,2
425,Royce O'Neale,Phoenix Suns,PF,64,238,25,66,403.8,0,0,0.0,14,45,348.4,7,39,46,28,15,3,8,3,40,138,110,92,74,315.98185941043084,18.744897959183675,46.75736961451247,26.02267573696145,397.09410430839,375.52947845804994,305.233560090703,97.81519274376417,10
426,Rudy Gobert,Minnesota Timberwolves,C,128,372,53,83,641.7,22,35,505.0,0,1,0.0,48,101,149,13,35,7,14,26,21,290,277,141,162,289.344,106.82399999999998,12.104,0.0,438.784,471.0,245.0,131.056,10
427,Rui Hachimura,Los Angeles Lakers,PF,159,305,67,118,560.2,10,14,333.3,15,35,395.0,6,31,37,14,19,4,6,2,-10,210,196,173,51,410.80470914127426,39.34349030470914,6.865650969529087,12.673130193905816,337.98891966759004,358.1288088642659,393.78670360110806,43.08725761772853,10
428,Russell Westbrook,LA Clippers,PG,93,216,37,98,389.9,15,21,523.3,4,26,95.0,8,19,27,29,17,13,15,1,-10,149,120,122,56,193.55363321799308,25.844290657439448,33.636678200692046,4.7543252595155705,366.9792387543252,307.43252595155707,227.9515570934256,84.62975778546712,10
429,Ryan Arcidiacono,New York Knicks,G,0,5,0,1,0.0,0,0,0.0,0,1,0.0,0,0,0,0,1,1,0,0,3,0,0,0,0,0.0,0.0625,0.0,0.0,0.0625,0.0625,0.0,0.0625,1
430,Saben Lee,Phoenix Suns,G,35,98,9,28,194.29999999999998,15,20,416.7,2,9,83.3,3,15,18,17,6,4,2,0,11,70,53,52,35,190.68,24.479999999999997,5.720000000000001,1.5200000000000005,336.32,336.0,189.68,31.519999999999996,8
431,Saddiq Bey,Atlanta Hawks,SF,146,337,48,125,372.4,31,35,800.0,19,59,298.4,29,32,61,14,7,4,10,4,-23,221,207,160,75,398.90000000000003,67.125,9.625,14.9,439.4000000000001,478.32500000000005,362.225,74.5,10
432,Sam Hauser,Boston Celtics,SF,137,230,48,90,520.7,0,0,0.0,41,77,506.6,3,35,38,9,9,9,3,6,122,184,175,146,47,725.615243342516,32.593204775022954,4.904499540863177,76.52433425160697,912.4444444444443,901.8135904499541,728.5123966942149,45.231404958677686,10
433,Sam Merrill,Cleveland Cavaliers,SG,80,236,24,76,319.9,9,9,500.0,23,72,323.2,2,22,24,23,13,3,4,3,2,127,104,103,47,185.65625,48.90624999999999,70.35625,21.0,374.40625,260.625,301.7,117.0,10
434,Samardo Samuels,Houston Rockets,F,0,6,0,1,0.0,0,0,0.0,0,0,0.0,1,1,2,0,0,0,0,0,-5,2,2,0,2,1.44,1.9599999999999997,0.0,0.0,0.03999999999999998,0.03999999999999998,1.44,1.9599999999999997,1
435,Sandro Mamukelashvili,San Antonio Spurs,PF,31,55,15,23,368.1,0,1,0.0,1,4,50.0,9,5,14,5,5,2,1,0,27,50,45,36,19,113.4375,14.68359375,7.484375,0.859375,198.33984375,167.27734375,130.109375,36.55859375,7
436,Santi Aldama,Memphis Grizzlies,PF,153,339,55,116,481.0,17,25,616.7,26,64,369.3,12,57,69,31,13,9,12,13,-81,253,222,184,100,289.125,73.0,32.95625,32.40625,556.60625,462.625,389.05625000000003,100.00625,10
437,Sasha Vezenkov,Sacramento Kings,F,9,22,2,7,28.6,3,3,100.0,2,4,50.0,0,1,1,1,4,1,0,0,24,11,10,10,2,4.5,0.5,0.5,2.0,4.5,2.0,8.0,0.0,2
438,Scoot Henderson,Portland Trail Blazers,G,144,285,52,135,383.8,29,34,808.3,11,41,243.3,7,27,34,54,33,13,33,1,-92,232,178,198,88,338.45429362880884,48.5,49.606648199445985,9.166204986149584,711.9016620498616,443.9016620498615,554.3490304709142,150.2119113573407,10
439,Scottie Barnes,Toronto Raptors,SF,179,333,70,155,460.1,33,39,674.9,6,36,159.89999999999998,28,63,91,75,18,13,31,14,21,345,270,254,166,391.6640625,102.8515625,85.6640625,4.8515625,827.2890625,587.40625,576.65625,243.40625,10
440,Scotty Pippen Jr.,Memphis Grizzlies,G,108,226,37,74,433.1,19,30,390.4,15,27,555.0,9,24,33,47,25,14,20,5,2,188,141,155,80,217.9171597633136,18.023668639053255,40.07100591715976,6.378698224852071,264.6863905325444,279.5147928994083,199.97633136094674,61.20710059171598,9
441,Seth Curry,Charlotte Hornets,SG,81,181,29,67,372.5,14,15,566.7,9,31,256.6,4,15,19,17,7,5,7,3,-33,117,100,98,36,233.0,12.900826446280993,16.140495867768593,4.900826446280991,334.3388429752066,276.08264462809916,269.8677685950413,50.429752066115704,10
442,Shai Gilgeous-Alexander,Oklahoma City Thunder,PG,287,342,104,203,509.9,65,80,808.2,14,48,284.3,8,53,61,58,28,20,26,11,79,406,348,345,119,407.8804283164783,67.05472932778109,30.974419988102323,18.52587745389649,550.8661511005354,442.4854253420583,524.7834622248661,89.50684116597263,10
443,Shake Milton,New York Knicks,SG,40,105,17,39,321.1,2,3,66.7,4,11,150.0,9,13,22,11,6,3,5,2,-16,73,62,51,33,109.48000000000002,70.72,17.27,7.920000000000001,423.83000000000004,324.52,167.02999999999997,129.75,7
444,Simone Fontecchio,Detroit Pistons,F,158,307,55,116,455.5,19,21,616.7,29,65,413.2,8,41,49,16,20,10,13,5,5,223,207,174,65,506.0,36.90963139120095,14.430439952437576,30.11296076099881,589.4708680142687,547.3923900118907,538.8442330558859,60.574316290130795,10
445,Skylar Mays,Los Angeles Lakers,SG,8,34,4,10,170.0,0,0,0.0,0,3,0.0,0,1,1,3,2,3,2,1,-3,12,9,11,4,12.0,0.75,2.890625,0.0,7.640625,12.75,8.390625,2.140625,4
446,Spencer Dinwiddie,Los Angeles Lakers,PG,49,229,14,38,372.5,10,13,416.7,11,24,416.7,1,11,12,20,15,2,6,4,40,81,61,69,32,147.21141975308643,5.660493827160494,20.402777777777775,8.919753086419753,170.90123456790124,136.5077160493827,184.17901234567898,23.4891975308642,10
447,Stanley Umude,Detroit Pistons,G,49,150,16,39,260.4,8,9,366.7,9,25,243.3,5,16,21,3,15,4,4,2,-32,73,70,52,24,177.6530612244898,44.183673469387756,1.8979591836734693,10.922902494331066,278.46938775510205,272.734693877551,181.3061224489796,48.16326530612244,8
448,Stephen Curry,Golden State Warriors,PG,219,295,77,195,393.7,20,22,655.0,45,128,352.3,11,47,58,40,7,4,22,2,27,317,277,259,98,868.9062500000001,112.40625,37.625,50.10000000000001,1530.125,1346.5,1050.90625,151.65625,10
449,Svi Mykhailiuk,Boston Celtics,SG,46,124,16,41,460.4,1,1,100.0,13,35,313.3,2,15,17,11,2,4,2,0,77,74,63,57,28,52.456790123456784,23.333333333333332,10.0,8.333333333333334,203.93827160493828,136.53086419753086,98.53086419753086,54.66666666666667,9
450,T.J. McConnell,Indiana Pacers,PG,138,200,62,108,560.5,8,9,350.0,6,11,400.0,4,23,27,44,10,16,19,2,30,209,165,182,71,296.97091412742384,30.234072022160664,41.11495844875347,4.5595567867036015,477.05401662049854,387.40997229916894,387.0083102493075,70.95567867036011,10
451,T.J. Warren,Minnesota Timberwolves,SF,29,98,13,34,301.2,1,2,50.0,2,11,83.3,5,11,16,7,10,3,4,1,31,52,45,36,23,30.444444444444446,13.492063492063492,6.142857142857143,1.4444444444444446,32.11111111111111,44.73015873015873,13.634920634920636,23.825396825396822,7
452,Taj Gibson,Detroit Pistons,F,3,11,1,2,50.0,0,0,0.0,1,2,50.0,0,2,2,0,1,1,0,0,-3,5,5,3,2,2.5600000000000005,0.03999999999999998,0.16000000000000003,0.36,1.9599999999999997,3.2399999999999993,1.44,0.04000000000000007,1
453,Taj Gibson,New York Knicks,F,2,68,0,9,0.0,2,2,100.0,0,2,0.0,4,6,10,4,8,1,3,0,2,16,12,6,14,8.2,10.200000000000001,1.6,0.8000000000000002,15.600000000000001,12.400000000000002,6.6000000000000005,16.599999999999998,5
454,Talen Horton-Tucker,Utah Jazz,SG,64,154,19,65,304.2,16,18,566.7,10,30,384.9,3,17,20,23,12,6,3,5,-48,107,84,87,43,48.12071330589849,52.87791495198902,31.444444444444446,2.0548696844993137,214.45404663923182,140.54046639231825,112.20713305898491,94.14951989026062,10
455,Taurean Prince,Los Angeles Lakers,PF,63,186,24,53,497.70000000000005,2,2,100.0,13,33,342.0,3,27,30,11,12,4,6,6,17,104,93,74,41,147.46530612244896,34.20408163265306,11.8,16.68979591836735,299.26530612244903,278.0367346938776,165.83673469387753,48.861224489795916,10
456,Taylor Hendricks,Utah Jazz,F,86,258,31,68,495.0,10,12,325.0,14,38,376.9,13,55,68,7,31,6,5,12,-95,161,154,93,75,100.6938775510204,117.68979591836735,2.1510204081632653,6.43265306122449,263.8,238.35102040816327,120.68979591836735,125.2938775510204,10
457,Taze Moore,Portland Trail Blazers,G,2,5,1,1,100.0,0,0,0.0,0,0,0.0,0,0,0,1,0,0,1,0,7,3,2,3,1,1.44,0.0,0.6400000000000001,0.0,4.0,1.44,4.0,0.6400000000000001,1
458,Terance Mann,LA Clippers,SG,103,265,36,71,527.0,19,19,800.0,12,30,403.5,6,21,27,10,23,9,5,4,-25,140,130,113,37,244.2,20.10625,15.6,7.7562500000000005,287.55625,208.55625,327.0,31.90625,10
459,Terquavion Smith,Philadelphia 76ers,G,40,59,14,34,241.1,2,3,100.0,10,26,216.6,0,2,2,10,3,7,4,0,9,52,42,50,12,186.96296296296296,1.4074074074074074,17.185185185185183,17.185185185185183,177.40740740740742,184.66666666666663,179.62962962962965,18.666666666666668,6
460,Terry Rozier,Miami Heat,SG,180,342,71,163,436.2,16,19,472.7,22,54,355.4,6,44,50,45,18,9,14,2,-19,275,230,225,95,195.11029948867784,30.35792549306063,106.72096420745069,33.89919649379109,453.8736303871439,249.45653761869974,398.96493791088386,137.64134404674945,10
461,Terry Taylor,Chicago Bulls,F,11,46,4,8,275.0,1,2,50.0,2,3,150.0,2,10,12,3,1,1,0,0,-17,26,23,14,15,12.99,30.81,3.2400000000000007,1.6400000000000001,97.0,76.04,20.21,47.790000000000006,4
462,Thaddeus Young,Phoenix Suns,F,10,35,5,10,150.0,0,2,0.0,0,0,0.0,8,4,12,2,4,2,2,0,1,24,22,12,14,3.1551246537396125,29.193905817174517,3.7340720221606647,0.0,8.299168975069252,13.163434903047088,11.0,20.21883656509695,3
463,Thaddeus Young,Phoenix Suns,PF,53,152,26,34,569.9,1,5,50.0,0,2,0.0,15,20,35,18,15,3,4,2,-39,106,88,71,53,242.64265927977843,59.54016620498615,39.69529085872576,0.0,748.2770083102494,464.50415512465366,456.0,169.65096952908584,7
464,Thanasis Antetokounmpo,Milwaukee Bucks,SF,10,48,5,11,266.7,0,2,0.0,0,1,0.0,2,1,3,4,8,1,3,1,-18,17,13,14,7,12.833333333333332,1.666666666666667,2.0000000000000004,0.0,20.83333333333334,17.5,15.5,4.333333333333334,6
465,Theo Maledon,Phoenix Suns,PG,5,10,1,2,50.0,3,3,100.0,0,0,0.0,0,1,1,0,3,0,3,0,-11,6,6,5,1,14.0625,0.5625,0.0,0.0,20.25,20.25,14.0625,0.5625,1
466,Thomas Bryant,Miami Heat,C,56,119,20,37,430.2,13,15,625.0,3,11,200.0,8,28,36,5,12,1,0,7,-1,97,92,61,41,171.024,93.456,4.5360000000000005,4.200000000000001,395.416,392.704,176.744,94.984,10
467,Tim Hardaway Jr.,Dallas Mavericks,SF,74,179,25,76,266.1,9,14,350.0,15,49,248.9,2,16,18,16,5,5,5,0,28,108,92,90,34,541.0470524607897,75.34451054624121,12.442401297998918,29.9724175229854,1000.6933477555436,900.7517577068687,622.0,106.7755543537047,10
468,Tobias Harris,Philadelphia 76ers,PF,163,348,66,153,406.2,16,23,593.3,15,49,266.1,14,62,76,25,14,12,11,5,-34,264,239,188,101,694.6,152.0,22.344,23.4,1261.184,1101.0,783.744,245.38400000000001,10
469,Torrey Craig,Chicago Bulls,SF,67,201,24,52,406.3,2,4,100.0,17,38,377.1,7,23,30,13,18,4,8,4,-57,110,97,80,43,169.2111111111111,32.27777777777778,10.644444444444446,16.11111111111111,335.3777777777778,316.59999999999997,197.2111111111111,33.7,10
470,Tosan Evbuomwan,Detroit Pistons,F,53,169,19,39,495.8,8,12,191.7,7,17,323.3,10,20,30,7,10,2,4,1,-81,90,83,60,37,212.94557823129253,134.08163265306123,10.653061224489797,5.564625850340136,486.7551020408163,452.89115646258506,198.87755102040816,192.66666666666669,9
471,Toumani Camara,Portland Trail Blazers,F,83,289,31,63,485.0,12,13,450.0,9,25,328.3,23,26,49,24,24,7,9,6,-24,156,132,107,73,261.8884688090737,76.86672967863895,32.98771266540643,5.03780718336484,695.1833648393194,548.5,383.2599243856332,135.16635160680528,10
472,Trae Young,Atlanta Hawks,PG,235,370,76,173,432.4,45,55,813.4,38,93,399.0,2,18,20,109,22,11,45,2,-38,364,255,344,129,758.2361111111111,12.069444444444445,83.0,45.06944444444444,786.5,622.5,926.4027777777778,90.90277777777777,10
473,Trayce JacksonDavis,Golden State Warriors,F,116,233,53,65,830.5,10,22,445.0,0,0,0.0,26,44,70,20,19,4,7,19,-6,206,186,136,90,138.7755102040816,82.6938775510204,23.275510204081634,0.0,355.1938775510205,308.2448979591836,168.5,123.19387755102042,10
474,Tre Jones,San Antonio Spurs,PG,110,295,41,75,565.5,17,19,558.3,11,26,237.1,8,35,43,75,11,12,14,0,9,228,153,185,118,514.4183673469388,27.308390022675734,63.316326530612244,25.97959183673469,422.83900226757373,472.2913832199547,439.9795918367347,115.61111111111111,10
475,Tre Mann,Charlotte Hornets,PG,121,319,48,103,473.6,13,22,357.1,12,38,275.0,7,41,48,48,14,17,13,0,-78,217,169,169,96,203.32647462277092,26.5679012345679,54.0,8.030178326474623,354.1742112482853,317.35939643347047,257.69684499314127,63.01234567901234,10
476,Trendon Watford,Brooklyn Nets,PF,63,128,20,48,431.4,19,21,535.7,4,10,200.0,10,17,27,2,17,2,9,4,-52,92,90,65,29,279.06659729448495,54.08428720083246,1.8397502601456819,4.7034339229968785,418.84703433923,401.30072840790837,306.1800208116545,46.356919875130075,10
477,Trent Forrest,Atlanta Hawks,G,29,135,13,26,448.3,3,4,150.0,0,2,0.0,3,12,15,35,7,3,4,1,0,79,44,64,50,51.400390625,12.587890625,70.4140625,0.0,149.0390625,60.5,135.759765625,87.181640625,10
478,Trevelin Queen,Orlando Magic,SG,0,13,0,3,0.0,0,0,0.0,0,2,0.0,0,1,1,1,1,0,0,0,-17,2,1,1,2,0.0,0.5555555555555556,0.5555555555555556,0.0,0.22222222222222227,0.5555555555555556,0.5555555555555556,0.22222222222222227,2
479,Trey Jemison,Memphis Grizzlies,C,80,228,36,57,561.0,8,10,400.0,0,0,0.0,24,27,51,11,32,3,15,9,4,142,131,91,62,472.48979591836735,22.5,6.961734693877551,0.0,544.1760204081634,605.2755102040817,414.5331632653062,26.318877551020403,10
480,Trey Lyles,Sacramento Kings,PF,53,186,18,46,392.9,12,16,625.0,5,22,236.7,11,28,39,8,19,0,7,3,1,100,92,61,47,103.99173553719008,15.06198347107438,7.640495867768594,7.148760330578514,183.88429752066114,131.55785123966942,140.88016528925618,38.14049586776859,10
481,Trey Murphy III,New Orleans Pelicans,SG,190,299,62,124,485.9,25,31,802.4,41,91,424.2,9,46,55,25,9,6,9,2,73,270,245,215,80,828.0,51.951247165532884,20.64172335600907,79.0,918.5,1012.4274376417233,726.1655328798187,80.5,10
482,Tristan Thompson,Cleveland Cavaliers,C,12,53,5,9,183.4,2,6,100.0,0,0,0.0,8,12,20,5,8,3,2,2,-1,37,32,17,25,18.390625,6.140625,0.75,0.0,37.75,41.0,17.140625,4.890625,4
483,Troy Brown Jr.,Detroit Pistons,SF,42,133,16,41,359.1,2,2,100.0,8,25,239.89999999999998,3,21,24,11,6,1,3,0,-41,77,66,53,35,80.198347107438,21.276859504132233,9.264462809917354,6.24793388429752,201.47520661157023,153.82231404958677,124.60330578512398,33.789256198347104,10
484,TyTy Washington Jr.,Milwaukee Bucks,G,0,8,0,2,0.0,0,0,0.0,0,1,0.0,0,0,0,1,0,0,0,0,-4,1,0,1,1,0.0,0.0,0.44444444444444453,0.0,0.44444444444444453,0.0,0.44444444444444453,0.44444444444444453,1
485,Tyler Herro,Miami Heat,PG,183,325,71,166,433.4,10,13,333.4,31,80,406.0,3,46,49,50,11,0,13,1,35,282,232,233,99,148.11111111111111,40.94444444444444,28.069444444444443,12.944444444444445,309.7361111111111,207.61111111111111,206.125,113.125,10
486,Tyrese Haliburton,Indiana Pacers,PG,183,342,69,152,458.9,29,32,705.0,16,70,230.79999999999998,5,42,47,102,14,14,26,10,58,332,230,285,149,187.47918188458726,38.63038714390065,89.81738495252009,12.844411979547115,309.25493060628196,153.54127100073046,389.6559532505478,81.9846603360117,10
487,Tyrese Maxey,Philadelphia 76ers,PG,253,367,89,207,425.8,47,50,825.0,28,82,320.8,4,29,33,52,21,12,16,3,-25,338,286,305,85,622.2326530612245,46.689795918367345,44.261224489795914,26.122448979591837,947.804081632653,900.0,623.9877551020409,137.0,10
488,Tyus Jones,Washington Wizards,PG,91,313,36,84,402.0,4,4,300.0,15,43,360.8,3,22,25,97,4,9,13,2,-70,213,116,188,122,345.04336734693874,43.53316326530612,160.5,20.959183673469386,776.265306122449,542.0510204081633,542.9719387755102,240.3188775510204,10
489,Udoka Azubuike,Phoenix Suns,C,2,11,1,3,33.3,0,2,0.0,0,0,0.0,2,4,6,0,1,0,0,0,-3,8,8,2,6,1.7777777777777781,13.444444444444443,0.0,0.0,25.0,25.0,1.7777777777777781,13.444444444444443,1
490,Vasilije Micic,Charlotte Hornets,G,155,312,59,116,516.1,24,27,844.5,13,39,280.0,7,20,27,52,14,9,30,3,-71,234,182,207,79,436.11357340720224,41.51523545706371,72.08448753462604,24.58864265927978,576.1398891966759,467.04155124653744,496.8047091412742,162.00692520775624,10
491,Victor Wembanyama,San Antonio Spurs,C,215,311,76,163,466.70000000000005,42,58,702.8,21,62,357.6,27,89,116,46,23,10,41,42,37,377,331,261,162,777.3319452706722,94.24271267102915,31.344437834622248,21.54848304580607,1538.5978584176087,1279.5425342058297,992.9488399762047,169.0255800118977,10
492,Vince Williams Jr.,Memphis Grizzlies,G,127,336,42,92,459.70000000000005,30,38,723.3,13,34,328.8,8,54,62,61,30,12,34,9,-54,250,189,188,123,231.93628808864267,72.8808864265928,35.61495844875347,18.00831024930748,492.2326869806094,474.07479224376726,226.76454293628805,131.82548476454295,10
493,Vit Krejci,Atlanta Hawks,G,49,223,18,40,355.2,4,5,150.0,9,25,253.3,2,11,13,24,20,6,6,4,32,86,62,73,37,79.01920438957477,10.555555555555557,14.469135802469133,7.471879286694101,115.56652949245543,107.69821673525377,78.29492455418381,33.617283950617285,8
494,Walker Kessler,Utah Jazz,C,81,254,36,52,752.5,9,12,400.0,0,0,0.0,31,65,96,12,17,2,11,15,-98,189,177,93,108,160.09356408869658,52.949702541914554,5.670091941590049,0.0,238.16170903190917,234.9902650081125,164.3098972417523,57.574905354245544,10
495,Wendell Carter Jr.,Orlando Magic,C,109,265,40,80,502.6,18,26,516.7,11,36,306.7,29,56,85,24,16,9,16,7,26,218,194,133,109,202.90997229916897,109.79639889196677,8.666204986149584,6.922437673130194,321.22022160664824,320.67036011080336,228.47922437673128,93.44321329639887,10
496,Wendell Moore Jr.,Minnesota Timberwolves,G,2,5,1,1,100.0,0,0,0.0,0,0,0.0,0,2,2,0,1,0,0,0,8,4,4,2,2,2.777777777777778,3.0625,0.006944444444444444,0.0,11.111111111111112,11.67361111111111,2.506944444444444,2.777777777777778,1
497,Wenyen Gabriel,Memphis Grizzlies,F,17,81,8,22,168.3,0,5,0.0,1,6,50.0,7,18,25,3,10,2,8,2,-16,45,42,20,28,57.67199999999999,38.848000000000006,4.0,0.8720000000000001,167.128,158.48799999999997,57.75199999999999,51.407999999999994,5
498,Wesley Matthews,Atlanta Hawks,SG,48,121,16,34,542.6,2,3,100.0,14,24,615.0,0,16,16,5,9,4,0,6,-24,69,64,53,21,108.77551020408164,29.387755102040817,9.125,6.5,197.67602040816328,194.40816326530611,121.61479591836738,28.941326530612244,10
499,Xavier Moon,LA Clippers,G,2,11,1,6,33.3,0,0,0.0,0,2,0.0,1,1,2,0,1,1,1,0,-20,4,4,2,2,4.21606648199446,2.3545706371191137,0.13850415512465372,0.0,1.6011080332409977,0.797783933518006,5.462603878116344,2.0498614958448753,2
500,Xavier Tillman,Boston Celtics,F,36,168,15,30,485.0,3,4,150.0,3,15,183.3,10,26,36,10,9,5,3,4,38,82,72,46,46,56.27777777777778,32.67777777777778,6.0,2.2000000000000006,109.19999999999999,119.19999999999999,54.27777777777778,30.677777777777777,10
501,Yuta Watanabe,Memphis Grizzlies,SF,22,97,10,24,250.0,0,2,0.0,2,12,64.3,0,11,11,5,6,5,4,0,-36,38,33,27,16,115.08000000000001,11.27,3.75,1.4800000000000004,136.28,131.43,116.23000000000002,18.72,7
502,Zach Collins,San Antonio Spurs,PF,99,185,38,75,507.6,16,22,525.0,7,12,466.7,16,33,49,16,32,6,19,10,-52,164,148,115,65,243.86332179930795,67.27681660899654,15.039792387543253,6.299307958477509,464.1660899653978,371.0051903114187,304.8062283737024,114.53460207612457,10
503,Zeke Nnaji,Denver Nuggets,PF,18,100,6,17,350.0,6,8,300.0,0,2,0.0,7,10,17,4,10,2,2,10,-19,39,35,22,21,50.40625,16.277777777777775,7.350694444444445,0.0,130.125,94.18402777777779,73.06944444444443,36.90625,10
504,Ziaire Williams,Memphis Grizzlies,F,103,270,39,94,389.0,13,16,421.4,12,46,213.7,6,38,44,20,15,12,15,0,-39,167,147,123,64,552.1,32.4,24.0,17.599999999999998,788.1,632.1,714.1,50.4,10
505,Zion Williamson,New Orleans Pelicans,PF,219,309,86,142,579.0,47,61,704.5,0,1,0.0,20,54,74,45,19,11,31,11,75,338,293,264,119,933.525,64.02499999999999,54.50625,0.006250000000000001,1046.10625,1212.1,809.90625,76.15624999999999,10
