,First Last Name,team,position,points,minutes,fgm,fga,fgp,ftm,fta,ftp,tpm,tpa,tpp,offReb,defReb,totReb,assists,pFouls,steals,turnovers,blocks,plusMinus,Points_Rebounds_Assist,Points_Rebounds,Points_Assist,Rebounds_Assist,points_deviation,totReb_deviation,assists_deviation,tpm_deviation,Points_Rebounds_Assist_deviation,Points_Rebounds_deviation,Points_Assist_deviation,Rebounds_Assist_deviation,count
0,A. Flagler,Oklahoma City Thunder,F,0,6,0,3,0.0,0,0,0.0,0,3,0.0,0,0,0,1,0,0,0,0,0,1,0,1,1,0.0,0.0,0.0,0.0,0.0,0.0,0.0,0.0,1
1,A.J. Green,Milwaukee Bucks,G,72,146,24,55,410.6,5,6,266.7,19,47,375.3,1,16,17,10,9,3,6,1,-20,99,89,82,27,521.5390625,12.2890625,12.9765625,38.0390625,654.2265625,532.5,644.40625,24.125,10
2,A.J. Lawson,Dallas Mavericks,G,17,37,7,18,190.0,2,6,100.0,1,6,50.0,2,5,7,2,5,1,0,1,-5,26,24,19,9,27.165680473372785,5.704142011834319,1.242603550295858,0.8757396449704142,32.70414201183432,31.0,27.816568047337277,8.0,5
3,Aaron Gordon,Denver Nuggets,PF,142,297,60,96,680.5,19,26,601.7,3,18,108.3,14,36,50,39,22,13,18,3,102,231,192,181,89,209.92743764172337,96.55328798185941,48.69614512471655,2.600907029478458,344.1111111111111,443.4104308390023,155.48979591836735,100.38775510204083,10
4,Aaron Holiday,Houston Rockets,G,32,95,12,35,209.6,3,3,100.0,5,13,206.7,1,5,6,13,11,4,5,1,-27,51,38,45,19,226.825,4.900000000000001,9.7,10.100000000000001,303.525,268.825,259.125,17.0,10
5,Aaron Nesmith,Indiana Pacers,SF,108,278,34,81,417.9,23,32,598.8,17,44,388.2,3,24,27,13,30,8,11,8,14,148,135,121,40,265.2265625,42.125,12.90625,12.40625,469.2890625,440.6640625,274.4765625,74.40625,10
6,Aaron Wiggins,Oklahoma City Thunder,SG,63,159,24,46,506.7,9,10,450.0,6,16,250.0,12,11,23,7,8,10,10,7,30,93,86,70,30,152.77777777777777,7.117913832199546,8.736961451247165,8.403628117913833,175.85260770975057,160.68934240362813,172.53061224489798,11.265306122448983,10
7,Al Horford,Boston Celtics,C,82,257,34,59,531.4,4,4,200.0,10,26,329.3,13,47,60,19,14,6,4,8,64,161,142,101,79,197.2,56.099999999999994,31.525,10.625,464.925,318.5,329.125,102.125,10
8,Alec Burks,New York Knicks,SG,65,143,24,79,281.79999999999995,7,13,258.3,10,39,245.09999999999997,4,12,16,6,5,2,6,1,-55,87,81,71,22,174.75308641975306,12.993827160493826,5.6111111111111125,5.512345679012345,291.0,253.61111111111114,205.66049382716045,25.086419753086425,10
9,Aleksej Pokusevski,Charlotte Hornets,F,9,19,3,6,125.0,2,2,100.0,1,1,100.0,1,2,3,2,0,1,1,2,19,14,12,11,5,13.88888888888889,0.7222222222222221,2.2222222222222223,0.5,12.5,20.722222222222225,7.222222222222223,1.3888888888888893,2
10,Aleksej Pokusevski,Oklahoma City Thunder,F,4,13,1,3,50.0,1,2,50.0,1,2,100.0,0,1,1,0,0,1,0,0,-8,5,5,4,1,13.555555555555554,1.3888888888888893,0.8888888888888888,0.5,30.5,23.388888888888886,18.888888888888886,4.055555555555555,2
11,Alex Caruso,Chicago Bulls,SG,80,286,30,80,387.4,5,9,225.0,15,53,298.4,5,26,31,35,25,25,10,8,-28,146,111,115,66,132.20408163265307,23.0,34.55102040816327,10.64172335600907,139.265306122449,130.63265306122452,154.55102040816325,43.836734693877546,10
12,Alex Len,Sacramento Kings,C,33,97,15,26,486.7,3,7,60.0,0,1,0.0,10,17,27,5,13,4,6,7,17,65,60,38,32,104.98979591836735,8.836734693877553,4.704081632653062,0.0,101.97959183673468,100.74489795918369,112.0,7.76530612244898,10
13,Alondes Williams,Miami Heat,G,0,6,0,1,0.0,0,0,0.0,0,1,0.0,0,1,1,0,0,0,1,0,-2,1,1,0,1,0.0,0.25,0.0,0.0,0.25,0.25,0.0,0.25,1
14,Alperen Sengun,Houston Rockets,C,209,324,81,157,512.7,43,68,622.9,4,12,200.0,39,68,107,45,36,16,26,7,2,361,316,254,152,840.125,190.125,128.125,4.400000000000001,1900.125,1590.0,984.0,484.5,10
15,Amen Thompson,Houston Rockets,F,91,213,37,75,410.4,15,22,435.0,2,13,133.3,21,39,60,16,23,13,11,16,11,167,151,107,76,475.0,60.40816326530613,24.498866213151928,1.709750566893424,826.7913832199547,629.1224489795917,648.3560090702948,109.2199546485261,10
16,Amir Coffey,LA Clippers,SG,52,229,20,53,299.5,4,5,250.0,8,25,225.0,5,20,25,18,16,10,6,2,-13,95,77,70,43,324.94517958412104,74.50472589792061,18.93383742911153,16.99810964083176,703.0,558.194706994329,439.5916824196598,123.59735349716448,10
17,Andre Drummond,Chicago Bulls,C,86,193,34,67,387.8,18,30,616.7,0,0,0.0,33,66,99,3,19,2,11,6,6,188,185,89,102,342.46124763705103,316.33081285444234,2.1153119092627595,0.0,1088.0567107750471,1052.5841209829869,349.03780718336486,347.34215500945186,10
18,Andre Jr. Jackson,Milwaukee Bucks,G,8,62,3,8,233.3,0,0,0.0,2,5,200.0,0,8,8,8,6,3,2,0,-3,24,16,16,16,11.58677685950413,3.0,8.256198347107436,1.4380165289256195,32.2809917355372,25.132231404958677,17.644628099173552,12.347107438016527,5
19,Andrew Nembhard,Indiana Pacers,PG,90,286,38,75,514.8,2,3,66.7,12,27,516.7,7,23,30,29,22,14,14,1,-16,149,120,119,59,158.9,38.625,33.300000000000004,5.825,251.525,179.025,219.4,83.925,10
20,Andrew Wiggins,Golden State Warriors,SF,132,259,50,95,514.6,14,17,616.7,18,36,498.3,10,27,37,21,16,10,9,3,23,190,169,153,58,250.77551020408163,39.30839002267574,10.900226757369614,8.648526077097504,344.0,340.9002267573696,249.30839002267572,54.775510204081634,10
21,Anfernee Simons,Portland Trail Blazers,SG,220,376,79,189,417.9,29,32,857.1,33,86,379.1,5,34,39,59,23,6,35,0,-54,318,259,279,98,670.7438016528926,22.96694214876033,133.37603305785126,24.21900826446281,1158.8801652892562,698.1570247933884,1089.309917355372,198.5,10
22,Anthony Black,Orlando Magic,G,52,219,17,50,314.1,9,14,350.0,9,22,308.3,7,22,29,10,17,7,9,1,41,91,81,62,39,106.83102493074792,55.0,6.249307479224377,8.933518005540167,251.34903047091413,212.46260387811634,142.8753462603878,64.09141274238227,10
23,Anthony Davis,Los Angeles Lakers,PF,241,364,92,163,562.0,57,69,750.7,0,7,0.0,34,107,141,26,25,15,17,24,-1,408,382,267,167,462.900826446281,150.96694214876032,42.21900826446281,0.5165289256198347,960.9132231404959,831.6528925619834,539.7396694214876,245.60743801652893,10
24,Anthony Edwards,Minnesota Timberwolves,SG,264,361,95,226,406.0,54,65,837.6,20,70,285.0,5,48,53,40,14,16,25,9,-4,357,317,304,93,921.4340277777778,48.5,34.402777777777786,20.5,1175.1006944444446,1106.1006944444443,966.7673611111112,106.56944444444443,10
25,Anthony Gill,Washington Wizards,PF,3,21,1,4,100.0,0,0,0.0,1,2,100.0,0,3,3,3,0,4,4,0,13,9,6,6,6,6.037037037037037,2.5925925925925926,7.333333333333333,0.8148148148148148,11.0,14.333333333333332,6.925925925925926,5.703703703703704,3
26,Ashton Hagans,Portland Trail Blazers,G,43,187,16,41,421.3,8,11,350.0,3,11,100.0,7,19,26,32,26,7,19,7,-23,101,69,75,58,120.7448979591837,15.887755102040815,51.95918367346939,4.102040816326531,382.1020408163265,193.0,284.5,93.1938775510204,10
27,Ausar Thompson,Detroit Pistons,F,103,314,42,87,508.0,11,25,325.0,8,29,195.3,15,44,59,21,26,17,14,11,-6,183,162,124,80,120.725,29.0,23.525,7.999999999999999,335.70000000000005,230.82500000000002,196.89999999999998,81.225,10
28,Austin Reaves,Los Angeles Lakers,SG,155,345,61,117,533.0,10,12,450.0,23,52,410.7,5,43,48,62,16,5,26,4,-26,265,203,217,110,135.44444444444449,35.10069444444445,95.73611111111111,14.5,185.7673611111111,104.90625,254.125,93.01736111111111,10
29,Ayo Dosunmu,Chicago Bulls,SG,143,383,56,131,422.2,11,13,358.3,20,60,320.59999999999997,10,32,42,62,21,13,19,5,-80,247,185,205,104,232.1001890359168,56.20037807183363,36.12854442344046,12.926275992438564,221.0,201.04158790170132,222.93950850661622,121.44801512287336,10
30,Bam Adebayo,Miami Heat,C,186,353,75,146,497.1,36,54,678.6,0,3,0.0,24,72,96,32,22,13,23,9,-3,314,282,218,128,446.625,78.89999999999999,34.1,0.0,527.625,453.825,497.825,135.60000000000002,10
31,Ben Sheppard,Indiana Pacers,G,80,180,28,53,518.7,5,5,300.0,19,38,462.9,1,19,20,5,20,6,2,2,20,105,100,85,25,208.6297577854671,54.13840830449827,14.577854671280278,27.28373702422145,415.0,344.16608996539793,289.2560553633218,58.92387543252595,10
32,Ben Simmons,Brooklyn Nets,PG,53,168,24,38,521.1,5,11,150.0,0,0,0.0,15,39,54,46,20,9,12,4,-5,153,107,99,100,134.88888888888889,64.0,78.88888888888889,0.0,382.0,162.8888888888889,300.0,196.88888888888889,9
33,Bennedict Mathurin,Indiana Pacers,SG,139,275,44,115,340.3,35,45,614.5,16,44,245.0,10,33,43,23,24,7,17,4,-18,205,182,162,66,781.0,123.09467455621302,38.14792899408284,30.68639053254438,1447.5443786982248,1127.940828402367,996.8402366863905,265.00591715976327,10
34,Bilal Coulibaly,Washington Wizards,SG,77,280,26,68,447.6,17,25,503.3,8,30,200.0,11,27,38,11,23,8,12,8,-101,126,115,88,49,126.94444444444446,29.660493827160494,3.049382716049383,9.80864197530864,198.27160493827162,203.64197530864197,125.3641975308642,28.919753086419753,10
35,Bismack Biyombo,Oklahoma City Thunder,C,4,31,1,4,33.3,2,2,100.0,0,0,0.0,3,2,5,2,6,0,2,1,4,11,9,6,7,4.16,2.7600000000000002,1.04,0.0,21.240000000000002,13.0,9.36,6.84,4
36,Blake Wesley,San Antonio Spurs,G,38,143,14,29,375.0,9,10,375.0,1,8,100.0,4,12,16,29,14,3,7,3,-21,83,54,67,45,138.97542533081284,20.54820415879017,74.765595463138,1.0378071833648395,267.54064272211724,155.1077504725898,217.7221172022684,129.0,10
37,Bobby Portis,Milwaukee Bucks,F,165,246,70,134,518.4,13,16,530.0,12,32,411.7,17,65,82,16,19,6,12,3,15,263,247,181,98,259.7750472589792,92.1928166351607,12.46124763705104,9.818525519848771,587.8241965973535,521.578449905482,302.0396975425331,128.6351606805293,10
38,Bogdan Bogdanovic,Atlanta Hawks,SG,155,329,53,132,387.9,20,21,850.0,29,77,373.2,7,29,36,39,16,13,24,5,54,230,191,194,75,325.02267573696145,32.53061224489796,27.244897959183675,25.281179138321995,404.9750566893424,326.1111111111111,445.1111111111111,18.551020408163268,10
39,Bojan Bogdanovic,New York Knicks,SF,137,226,48,112,402.2,18,22,550.0,23,61,358.9,5,21,26,10,23,4,16,1,-76,173,163,147,36,379.4140625,32.90625,26.15625,32.15625,630.7890625,500.2890625,486.4765625,82.5,10
40,Bol Bol,Phoenix Suns,C,85,158,38,64,532.4,2,4,100.0,7,20,361.7,14,37,51,3,15,2,2,8,-13,139,136,88,54,492.8271604938272,122.5,2.1049382716049383,4.5,1039.0,1047.6604938271605,488.5,120.27160493827158,10
41,Bones Hyland,LA Clippers,PG,39,100,16,47,293.5,1,2,50.0,6,24,190.0,1,7,8,21,10,6,7,1,-12,68,47,60,29,138.70247933884298,4.264462809917355,41.925619834710744,10.0,221.900826446281,186.50413223140495,180.3305785123967,39.95867768595041,8
42,Bradley Beal,Phoenix Suns,SG,198,311,77,154,549.0,22,27,615.0,22,49,530.3,12,27,39,45,24,15,26,2,21,282,237,243,84,723.3827160493827,75.21604938271605,58.54938271604938,22.25308641975308,1210.0493827160494,900.6975308641975,1030.5,136.0,10
43,Brandin Podziemski,Golden State Warriors,G,90,302,34,87,382.8,8,12,325.0,14,39,392.9,19,40,59,45,9,7,13,4,68,194,149,135,104,167.06944444444446,35.017361111111114,40.40625,10.444444444444445,375.625,288.40625,265.26736111111114,64.44444444444443,10
44,Brandon Boston Jr.,LA Clippers,SG,33,74,13,37,212.7,4,6,200.0,3,9,183.3,5,6,11,2,8,1,0,4,-13,46,44,35,13,101.66666666666669,20.333333333333336,1.375,1.666666666666667,170.375,146.0,116.875,30.875000000000004,6
45,Brandon Ingram,New Orleans Pelicans,SF,197,331,72,149,494.7,40,52,669.5,13,35,346.2,6,43,49,65,27,9,37,7,47,311,246,262,114,622.6234567901234,48.60493827160494,34.47530864197531,10.753086419753087,647.8641975308641,814.179012345679,471.11111111111114,68.27777777777779,10
46,Brandon Miller,Charlotte Hornets,F,186,356,75,176,421.5,11,15,466.7,25,79,314.4,7,45,52,30,22,13,21,5,-71,268,238,216,82,222.43402777777783,52.18402777777778,42.434027777777786,8.934027777777779,409.9340277777778,441.625,209.73611111111106,75.625,10
47,Brandon Williams,Dallas Mavericks,G,5,19,1,7,33.3,3,3,100.0,0,1,0.0,1,1,2,4,1,0,1,0,-12,11,7,9,6,18.0,3.0000000000000004,3.0,0.0,29.999999999999993,15.666666666666668,29.0,9.333333333333336,3
48,Braxton Key,Denver Nuggets,F,2,6,1,1,100.0,0,1,0.0,0,0,0.0,1,1,2,0,1,0,0,0,2,4,4,2,2,2.25,1.0,0.0,0.0,6.25,6.25,2.25,1.0,1
49,Brice Sensabaugh,Utah Jazz,F,64,156,24,48,366.1,7,8,266.7,9,25,320.0,4,17,21,8,13,4,15,0,-23,93,85,72,29,168.22222222222223,109.0,8.0,5.222222222222223,498.22222222222223,440.2222222222222,216.22222222222223,127.0,8
50,Brook Lopez,Milwaukee Bucks,C,97,297,33,79,391.5,11,14,450.0,20,51,405.1,12,35,47,17,18,6,6,20,123,161,144,114,64,208.125,74.725,14.325000000000003,19.225,390.125,353.29999999999995,226.00000000000003,108.0,10
51,Bruce Brown,Toronto Raptors,SF,79,254,30,77,352.9,16,16,700.0,3,20,133.3,7,31,38,22,16,3,9,1,-81,139,117,101,60,191.42906574394465,85.34256055363322,22.685121107266436,2.3910034602076125,521.6712802768167,397.67128027681656,280.59861591695505,142.85813148788927,10
52,Bruno Fernando,Atlanta Hawks,PF,63,202,26,46,515.8,11,16,425.0,0,0,0.0,21,41,62,12,28,12,12,10,-27,137,125,75,74,102.2265625,129.7890625,14.0,0.0,198.125,187.125,125.4765625,131.5390625,10
53,Bryce McGowens,Charlotte Hornets,G,54,155,18,37,330.8,13,18,441.7,5,15,180.0,3,21,24,8,15,7,4,3,-10,86,78,62,32,236.5390625,28.0,5.65625,6.8515625,400.6015625,389.0390625,251.1015625,30.65625,10
54,Buddy Hield,Philadelphia 76ers,SG,120,292,42,112,381.9,7,7,200.0,29,72,429.8,7,27,34,37,21,11,11,4,-28,191,154,157,71,92.69421487603306,26.429752066115704,23.29338842975207,4.96694214876033,201.73966942148758,186.01652892561984,129.64049586776858,28.5,10
55,CJ McCollum,New Orleans Pelicans,SG,153,284,57,146,368.7,12,15,308.4,27,77,331.9,4,37,41,34,15,5,12,4,38,228,194,187,75,657.5679012345679,14.901234567901234,46.94444444444444,28.10493827160494,1000.9444444444445,792.0,863.3641975308642,64.99382716049384,10
56,Cade Cunningham,Detroit Pistons,PG,254,329,90,187,481.5,42,46,647.8,32,73,445.8,9,42,51,79,19,5,31,4,43,384,305,333,130,520.8000000000001,35.0,43.525000000000006,20.825,844.4249999999998,737.4000000000001,630.1249999999999,76.22500000000001,10
57,Caleb Houstan,Orlando Magic,G,32,118,10,23,211.1,2,2,100.0,10,21,244.4,3,10,13,3,11,2,2,2,1,48,45,35,16,146.00000000000003,29.0,1.826666666666667,17.840000000000003,265.22666666666663,253.6666666666667,147.29333333333332,41.09333333333334,6
58,Caleb Martin,Miami Heat,SF,117,296,40,90,446.2,15,18,626.7,22,43,551.3,11,37,48,19,26,6,13,9,33,184,165,136,67,153.0,51.199999999999996,15.0,17.2,326.79999999999995,295.4,188.00000000000003,62.6,10
59,Cam Reddish,Los Angeles Lakers,SF,14,67,5,12,133.3,1,2,50.0,3,7,133.3,3,4,7,0,4,2,1,1,8,21,21,14,7,21.111111111111114,6.111111111111111,0.0,0.7777777777777778,21.0,21.0,21.111111111111114,6.111111111111111,4
60,Cam Thomas,Brooklyn Nets,SG,200,317,73,174,399.2,26,31,866.7,28,63,420.4,7,29,36,37,20,10,16,0,-37,273,236,237,73,621.6,58.400000000000006,39.0,31.644444444444446,779.0000000000001,690.0,661.0,147.0,10
61,Cam Whitmore,Houston Rockets,F,126,203,48,111,415.2,17,26,385.0,13,50,239.8,14,31,45,5,11,5,15,5,3,176,171,131,50,192.44444444444446,62.47530864197532,2.5308641975308643,10.382716049382715,302.4753086419753,305.51234567901236,198.90123456790124,55.51234567901235,10
62,Cameron Johnson,Brooklyn Nets,SF,130,248,42,96,410.8,22,26,571.7,24,62,370.9,7,28,35,21,21,10,10,5,-34,186,165,151,56,590.792899408284,61.69822485207101,18.928994082840237,36.437869822485204,802.3313609467457,689.2840236686391,702.4674556213018,82.0,10
63,Cameron Payne,Philadelphia 76ers,PG,97,196,37,92,396.7,8,8,400.0,15,46,269.6,4,11,15,28,19,4,11,2,4,140,112,125,43,271.81632653061223,26.138321995464853,47.95918367346938,18.77777777777778,380.2675736961451,343.60090702947844,302.55102040816325,80.0294784580499,10
64,Caris LeVert,Cleveland Cavaliers,SG,116,309,42,117,360.6,17,23,493.3,15,51,271.09999999999997,5,47,52,73,17,13,19,7,15,241,168,189,125,186.46124763705103,74.80907372400756,124.8790170132325,10.542533081285445,853.1398865784499,430.0,510.82230623818526,298.46691871455573,10
65,Cason Wallace,Oklahoma City Thunder,G,70,187,28,55,493.4,1,3,100.0,13,29,425.0,9,17,26,16,10,12,5,5,33,112,96,86,42,352.44444444444446,21.45124716553288,16.077097505668934,16.138321995464853,540.1224489795919,425.2607709750567,457.98185941043073,46.852607709750565,10
66,Cedi Osman,San Antonio Spurs,SF,36,142,15,32,400.0,0,0,0.0,6,19,216.6,3,18,21,18,12,6,8,0,-32,75,57,54,39,105.05817174515236,15.166204986149584,21.03601108033241,6.448753462603877,107.12742382271466,133.93628808864264,89.08587257617728,25.365650969529085,10
67,Charlie Brown Jr.,New York Knicks,G,3,27,1,5,20.0,0,0,0.0,1,3,33.3,1,1,2,0,4,0,0,1,-6,5,5,3,2,6.5,2.8888888888888893,0.0,0.7222222222222223,18.055555555555557,18.055555555555557,6.5,2.8888888888888893,2
68,Chet Holmgren,Oklahoma City Thunder,PF,177,300,66,119,543.2,29,34,676.7,16,46,285.8,18,69,87,30,19,3,16,16,47,294,264,207,117,479.0,96.26530612244898,40.816326530612244,20.530612244897956,955.1020408163266,781.8367346938775,647.530612244898,141.81632653061223,10
69,Chimezie Metu,Phoenix Suns,PF,4,15,2,4,50.0,0,0,0.0,0,0,0.0,1,3,4,1,1,2,3,0,-7,9,8,5,5,10.0,4.0,0.625,0.0,34.625,26.0,15.625,7.625,2
70,Chris Boucher,Toronto Raptors,PF,60,103,21,27,523.3,14,16,450.0,4,9,216.7,10,25,35,5,10,1,9,5,11,100,95,65,40,138.47,46.629999999999995,5.670000000000001,3.7199999999999998,402.07,320.48,189.28,83.08,7
71,Chris Duarte,Sacramento Kings,SG,39,106,14,29,275.0,1,1,100.0,10,21,266.7,5,13,18,3,6,5,0,3,0,60,57,42,21,231.75,13.984375,1.734375,11.734375,320.4375,303.359375,248.109375,16.4375,7
72,Chris Livingston,Milwaukee Bucks,F,0,6,0,2,0.0,0,0,0.0,0,2,0.0,0,1,1,1,4,0,1,0,-10,2,1,1,2,0.0,0.0625,0.5625,0.0,1.0,0.0625,0.5625,1.0,1
73,Chris Paul,Golden State Warriors,PG,85,199,33,71,361.0,5,6,175.0,14,33,325.0,4,30,34,55,11,17,9,0,-11,174,119,140,89,197.0,29.72222222222222,19.555555555555557,7.555555555555555,344.88888888888886,347.8888888888889,190.72222222222223,52.55555555555556,8
74,Christian Braun,Denver Nuggets,G,63,199,25,50,533.7,6,12,208.3,7,20,250.0,10,31,41,13,24,7,6,8,55,117,104,76,54,130.10204081632654,55.48979591836734,12.346938775510205,8.138321995464853,257.81632653061223,285.0612244897959,112.6938775510204,58.0,10
75,Christian Wood,Los Angeles Lakers,F,59,133,22,51,477.0,11,14,450.0,4,19,225.0,6,28,34,6,12,5,5,2,-14,99,93,65,40,152.9,54.39999999999999,4.3999999999999995,2.4000000000000004,304.9,284.1,156.5,76.0,10
76,Chuma Okeke,Orlando Magic,PF,0,19,0,2,0.0,0,0,0.0,0,2,0.0,0,1,1,1,2,1,0,0,-3,2,1,1,2,1.6875,0.6666666666666667,0.8541666666666665,0.020833333333333332,1.416666666666667,2.354166666666666,1.4166666666666667,0.8541666666666665,3
77,Clint Capela,Atlanta Hawks,C,107,232,45,86,519.1,17,22,525.0,0,0,0.0,41,60,101,15,23,2,13,11,24,223,208,122,116,225.04444444444442,88.24444444444444,14.511111111111111,0.0,585.7111111111111,544.0,270.0,99.51111111111112,10
78,Coby White,Chicago Bulls,PG,195,392,66,163,402.3,35,38,855.0,28,82,324.5,7,40,47,52,27,8,22,2,-55,294,242,247,99,550.0850661625709,36.168241965973536,92.05671077504726,37.84499054820416,810.6654064272212,583.4442344045369,701.2873345935727,204.24385633270322,10
79,Cody Martin,Charlotte Hornets,SF,69,285,28,76,367.2,6,7,250.0,7,30,228.2,6,44,50,42,15,11,20,7,-28,161,119,111,92,119.44444444444446,25.111111111111107,68.97777777777779,3.4444444444444446,210.51111111111112,123.0,199.84444444444446,101.2,10
80,Cody Zeller,New Orleans Pelicans,C,5,26,2,5,100.0,1,2,50.0,0,0,0.0,3,8,11,1,3,2,3,0,11,17,16,6,12,3.6122448979591835,2.795918367346939,0.8775510204081631,0.0,7.0,9.30612244897959,2.6530612244897958,2.3265306122448974,4
81,Colby Jones,Sacramento Kings,G,2,7,1,3,33.3,0,0,0.0,0,0,0.0,0,3,3,1,1,0,0,0,0,6,5,3,4,1.0,1.0,0.25,0.0,6.25,4.0,2.25,2.25,1
82,Cole Anthony,Orlando Magic,PG,109,233,41,101,401.5,18,24,620.8,9,37,265.0,5,31,36,33,26,10,11,6,-2,178,145,142,69,222.4214876033058,44.611570247933884,49.92148760330579,7.376033057851241,275.1942148760331,215.23140495867767,322.18595041322317,54.73140495867768,10
83,Cole Swider,Miami Heat,F,2,11,0,4,0.0,2,2,100.0,0,4,0.0,0,2,2,1,0,0,3,0,-8,5,4,3,3,2.0,0.0,0.5,0.0,4.5,2.0,4.5,0.5,2
84,Collin Gillespie,Denver Nuggets,G,30,64,11,20,197.8,1,3,50.0,7,11,200.0,0,7,7,7,6,5,5,0,8,44,37,37,14,157.84,3.24,7.24,9.24,242.96,167.15999999999997,231.16,12.96,4
85,Collin Sexton,Utah Jazz,PG,215,308,69,145,466.5,54,64,765.6,23,50,373.4,5,15,20,57,17,15,18,3,15,292,235,272,77,363.40000000000003,14.625,55.324999999999996,24.125,646.5,447.52500000000003,528.625,103.7,10
86,Corey Kispert,Washington Wizards,SF,149,269,52,112,448.5,19,25,558.3,26,65,379.2,5,28,33,31,19,7,19,3,-37,213,182,180,64,347.8,22.325000000000003,57.4,24.8,740.325,449.82500000000005,594.4,123.625,10
87,Cory Joseph,Golden State Warriors,PG,13,33,5,10,150.0,0,0,0.0,3,7,116.7,1,3,4,5,4,0,1,0,-6,22,17,18,9,20.666666666666664,0.6666666666666666,0.6666666666666666,2.0,12.666666666666666,18.666666666666664,14.0,2.0,3
88,Craig Jr. Porter,Cleveland Cavaliers,G,49,92,20,38,325.2,5,5,300.0,4,8,125.0,5,13,18,12,7,2,5,0,-20,79,67,61,30,224.39111111111112,26.0,13.0,8.11111111111111,422.99111111111114,357.32444444444445,290.0577777777778,39.0,7
89,D'Angelo Russell,Los Angeles Lakers,PG,210,356,77,155,483.2,19,25,660.0,37,82,435.0,4,34,38,57,21,10,22,4,10,305,248,267,95,778.2873345935728,30.15122873345936,49.7523629489603,40.28166351606805,1262.6181474480152,1022.6843100189035,998.2589792060492,99.86578449905483,10
90,D.J. Carton,Toronto Raptors,G,8,31,2,7,83.3,3,4,150.0,1,4,50.0,2,1,3,3,1,1,1,0,-30,14,11,11,6,8.666666666666668,2.0,2.0,0.6666666666666667,8.666666666666666,2.6666666666666665,18.666666666666668,0.0,3
91,Daishen Nix,Minnesota Timberwolves,SG,5,5,2,3,66.7,0,0,0.0,1,2,50.0,0,0,0,0,1,1,0,0,6,5,5,5,0,9.0,0.0,0.08163265306122448,0.32653061224489793,7.367346938775511,9.0,7.367346938775511,0.08163265306122448,1
92,Dalano Banton,Portland Trail Blazers,G,144,231,53,122,409.0,19,28,526.7,19,48,345.8,15,31,46,29,18,3,11,6,-24,219,190,173,75,740.0,78.0,32.925,25.299999999999997,1465.125,1194.4,972.125,149.525,10
93,Dalen Terry,Chicago Bulls,F,31,114,13,28,438.3,2,4,100.0,3,12,183.3,5,13,18,17,17,9,3,0,2,66,49,48,35,43.693877551020414,29.56122448979592,7.275510204081632,2.1734693877551017,117.6734693877551,104.33673469387755,55.19387755102041,38.6734693877551,10
94,Damian Jones,Cleveland Cavaliers,C,26,64,10,18,282.1,6,8,250.0,0,2,0.0,7,11,18,2,5,3,3,4,-48,46,44,28,20,85.20138888888887,20.20138888888889,1.3680555555555556,0.0,187.3680555555556,173.25,93.88888888888891,27.0,5
95,Damian Lillard,Milwaukee Bucks,PG,249,352,80,185,436.09999999999997,50,53,940.7,39,98,404.0,4,52,56,75,22,9,29,2,122,380,305,324,131,565.8798185941043,68.9795918367347,86.50566893424036,17.97959183673469,882.0,671.5532879818593,729.8367346938776,201.9750566893424,10
96,Daniel Gafford,Dallas Mavericks,C,94,176,40,46,619.1,14,23,431.7,0,0,0.0,18,38,56,6,27,6,6,14,-9,156,150,100,62,533.1383219954648,114.0,5.328798185941044,0.0,1157.7913832199547,1038.5668934240364,612.9342403628118,158.75736961451247,10
97,Daniel Theis,LA Clippers,C,53,166,24,48,441.1,2,2,100.0,3,14,175.0,12,37,49,8,18,0,7,7,20,110,102,61,57,91.88271604938271,137.73456790123458,6.9444444444444455,2.111111111111111,360.5,301.77777777777777,133.12345679012347,162.16049382716048,10
98,Danilo Gallinari,Milwaukee Bucks,PF,21,106,6,23,333.3,8,8,300.0,1,12,100.0,5,9,14,10,10,3,5,1,-27,45,35,31,24,74.7890625,12.8515625,14.15625,2.0390625,114.5,99.15625,83.6015625,33.5390625,10
99,Dante Exum,Dallas Mavericks,G,30,110,8,19,296.6,11,13,400.0,3,7,200.0,2,15,17,20,9,1,3,0,40,67,47,50,37,98.63000000000001,12.23,27.68,3.75,253.12,150.72000000000003,178.87,62.07,7
100,Danuel House Jr.,Philadelphia 76ers,SF,26,96,7,17,166.7,11,11,400.0,1,8,33.3,4,8,12,6,10,3,1,1,-25,44,38,32,18,22.8,11.2,6.800000000000001,0.8000000000000002,26.8,35.2,21.2,11.200000000000001,5
101,Dario Saric,Golden State Warriors,PF,28,112,12,37,298.3,2,3,100.0,2,21,83.3,7,17,24,19,8,0,12,1,-23,71,52,47,43,52.5,23.025000000000002,12.925,1.6999999999999997,109.0,77.625,65.325,54.5,10
102,Darius Garland,Cleveland Cavaliers,PG,205,360,70,168,408.2,23,29,637.4,42,93,437.3,5,18,23,64,28,9,33,0,13,292,228,269,87,668.9444444444443,21.0,38.60069444444444,67.0173611111111,793.6840277777778,860.9444444444443,624.9340277777778,36.35069444444444,10
103,David Roddy,Phoenix Suns,F,68,169,27,69,480.3,9,15,301.7,5,25,143.3,5,24,29,13,7,2,14,0,-88,110,97,81,42,361.90625,115.125,23.90625,8.5390625,886.5,689.15625,515.125,183.15625,10
104,Davion Mitchell,Sacramento Kings,PG,69,146,28,42,642.1,2,2,100.0,11,21,390.0,2,8,10,15,14,1,5,1,-25,94,79,84,25,196.05785123966942,10.185950413223141,12.582644628099175,14.929752066115702,270.92561983471074,240.28512396694217,216.94628099173556,32.52066115702479,10
105,Davis Bertans,Charlotte Hornets,SF,103,207,34,82,465.5,5,7,216.7,30,70,474.7,5,16,21,13,16,7,3,2,15,137,124,116,34,133.0,48.9140625,18.2890625,11.40625,294.5,248.2890625,151.9140625,94.5,10
106,Day'Ron Sharpe,Brooklyn Nets,C,60,145,24,39,655.1,9,16,250.0,3,5,200.0,21,32,53,18,18,4,13,4,-10,131,113,78,71,83.11111111111111,34.27777777777778,15.625,4.125,207.56944444444446,166.27777777777777,125.06944444444443,49.23611111111111,10
107,De'Aaron Fox,Sacramento Kings,PG,288,372,117,239,488.6,35,47,656.7,19,71,247.0,14,42,56,61,26,20,32,3,-5,405,344,349,117,802.625,88.5,66.525,14.925,1134.6000000000001,1075.6250000000002,895.3,121.32499999999997,10
108,De'Andre Hunter,Atlanta Hawks,SF,171,280,58,117,502.0,34,43,661.1,21,50,433.6,3,33,36,12,23,7,10,1,16,219,207,183,48,173.88271604938274,41.43827160493827,7.660493827160494,6.944444444444444,283.21604938271605,277.0,165.0,64.19753086419753,10
109,De'Anthony Melton,Philadelphia 76ers,SG,23,43,7,20,75.0,4,4,200.0,5,14,75.0,0,5,5,5,3,2,1,1,-2,33,28,28,10,128.66666666666666,2.666666666666667,2.666666666666667,8.666666666666666,206.0,164.66666666666669,164.66666666666669,10.666666666666668,3
110,DeAndre Jordan,Denver Nuggets,C,19,38,9,15,350.0,1,1,100.0,0,0,0.0,7,10,17,1,6,0,0,1,-17,37,36,20,18,13.88888888888889,38.0,0.8055555555555557,0.0,87.25,72.55555555555556,19.25,48.1388888888889,5
111,DeJon Jarreau,Memphis Grizzlies,F,7,28,3,9,33.3,0,0,0.0,1,2,50.0,0,10,10,5,1,3,2,0,-8,22,17,12,15,0.0,0.0,0.0,0.0,0.0,0.0,0.0,0.0,1
112,DeMar DeRozan,Chicago Bulls,SF,247,377,77,163,489.2,81,89,927.6,12,32,280.0,6,45,51,57,19,5,12,3,-31,355,298,304,108,594.7580340264651,85.0,58.028355387523625,12.0,911.2986767485822,857.8449905482041,592.7334593572779,198.50661625708887,10
113,Dean Wade,Cleveland Cavaliers,PF,46,178,15,35,260.2,5,7,216.7,11,31,233.4,4,27,31,7,8,3,1,9,-23,84,77,53,38,468.8,34.925,6.125,30.924999999999994,718.5,714.3249999999998,466.3250000000001,47.699999999999996,10
114,Deandre Ayton,Portland Trail Blazers,C,189,319,90,146,594.2,9,9,400.0,0,1,0.0,33,89,122,21,15,11,14,10,-48,332,311,210,143,734.5111111111112,309.77777777777777,11.8,0.0,1731.6000000000001,1769.8,729.5111111111111,288.3777777777778,10
115,Dejounte Murray,Atlanta Hawks,SG,230,363,90,193,458.2,27,38,745.2,23,71,294.7,10,51,61,81,11,13,26,5,-20,372,291,311,142,532.4444444444445,82.32716049382717,71.93827160493828,30.160493827160494,635.6111111111111,697.7345679012346,532.0864197530864,92.5,10
116,Delon Wright,Miami Heat,SG,40,119,14,28,466.6,7,8,183.3,5,11,350.0,4,9,13,18,3,7,0,3,9,71,53,58,31,105.33333333333331,5.395833333333334,30.25,4.395833333333333,231.8958333333333,128.3958333333333,191.58333333333337,52.89583333333333,9
117,Deni Avdija,Washington Wizards,SF,187,350,71,147,472.9,28,38,681.2,17,43,361.6,20,81,101,31,26,5,27,6,-24,319,288,218,132,913.2901234567902,163.61111111111111,19.0,26.308641975308646,1603.8641975308642,1511.9753086419753,977.5123456790124,210.2777777777778,10
118,Dennis Schroder,Brooklyn Nets,PG,172,323,66,129,510.4,12,19,296.4,28,53,538.3000000000001,5,22,27,64,16,7,26,3,-1,263,199,236,91,430.06611570247935,51.29338842975207,61.78512396694215,21.421487603305785,709.6735537190082,484.21900826446284,633.1404958677687,135.45867768595042,10
119,Dennis Smith Jr.,Brooklyn Nets,PG,55,190,20,56,360.5,8,13,383.3,7,24,241.5,7,18,25,32,23,12,9,2,21,112,80,87,57,119.97959183673468,28.138321995464853,45.600907029478456,2.1655328798185938,175.1111111111111,103.79138321995465,185.37641723356012,79.66213151927437,10
120,Dereck II Lively,Dallas Mavericks,C,80,192,37,46,718.5,6,13,275.0,0,0,0.0,17,22,39,8,21,10,3,17,37,127,119,88,47,405.1938775510204,38.06122448979591,7.765306122448978,0.0,766.9591836734693,648.1734693877552,503.9183673469388,65.88775510204081,10
121,Derrick Jones Jr.,Dallas Mavericks,SF,57,148,20,38,398.7,8,14,350.0,9,20,215.0,6,15,21,8,7,5,5,4,25,86,78,65,29,381.32499999999993,60.925000000000004,3.825,23.524999999999995,589.425,604.0,377.0,54.5,10
122,Derrick Rose,Memphis Grizzlies,PG,49,95,20,37,377.7,5,6,266.7,4,8,233.3,0,15,15,21,3,1,9,0,-9,85,64,70,36,70.0,14.857142857142858,12.0,3.7142857142857144,188.85714285714286,116.85714285714286,128.0,40.857142857142854,7
123,Derrick White,Boston Celtics,PG,132,316,50,95,511.6,11,11,500.0,21,52,310.0,9,40,49,64,17,12,14,17,169,245,181,196,113,625.1570247933884,26.20247933884297,28.23140495867768,41.111570247933884,502.3677685950413,562.5,547.1735537190083,72.28512396694215,10
124,Devin Booker,Phoenix Suns,SG,263,347,91,193,465.5,64,72,921.0,17,54,285.4,11,26,37,54,28,10,23,4,-6,354,300,317,91,627.0,39.4140625,74.6640625,26.2265625,1054.90625,838.0390625,830.2890625,127.65625,10
125,Devin Vassell,San Antonio Spurs,SG,215,362,83,177,459.0,22,30,760.0,27,62,433.2,8,41,49,54,11,12,25,9,-36,318,264,269,103,554.4240362811792,84.69614512471655,64.47165532879819,16.73696145124717,902.0,631.424036281179,822.7913832199547,151.37641723356012,10
126,Devonte' Graham,San Antonio Spurs,PG,8,22,3,6,75.0,0,0,0.0,2,4,100.0,0,5,5,0,2,1,0,0,8,13,13,8,5,48.0,0.6875,0.0,3.0,54.6875,54.6875,48.0,0.6875,3
127,Dillon Brooks,Houston Rockets,SF,71,307,26,78,298.1,6,10,300.0,13,47,260.0,7,28,35,18,20,8,5,1,-29,124,106,89,53,302.06122448979596,36.50566893424036,5.600907029478458,17.20408163265306,348.0770975056689,327.3560090702948,326.77777777777777,38.11111111111111,10
128,Domantas Sabonis,Sacramento Kings,PF,197,368,83,146,586.7,28,41,618.4,3,8,250.0,46,105,151,88,27,15,37,7,8,436,348,285,239,272.86776859504135,113.77685950413223,60.776859504132226,2.21900826446281,489.8677685950412,443.2892561983472,333.0,161.0,10
129,Dominick Barlow,San Antonio Spurs,F,52,112,19,32,403.3,14,18,366.6,0,1,0.0,17,15,32,10,17,3,1,4,-12,94,84,62,42,191.0,56.0,27.884297520661157,0.0,475.0661157024793,383.0,281.24793388429754,85.70247933884298,7
130,Donovan Mitchell,Cleveland Cavaliers,SG,274,361,89,178,488.7,55,62,912.8,41,89,457.3,5,48,53,54,23,16,32,7,75,381,327,328,107,637.1715976331361,34.31360946745562,21.301775147928993,17.0,917.0,805.5325443786982,737.4674556213017,66.78698224852072,10
131,Donte DiVincenzo,New York Knicks,SG,186,369,68,179,382.0,6,8,250.0,44,126,355.0,13,36,49,34,22,18,27,7,-7,269,235,220,83,347.30864197530855,33.73456790123457,31.82716049382716,21.11111111111111,438.9444444444444,359.8086419753087,437.8271604938271,54.17901234567901,10
132,Dorian Finney-Smith,Brooklyn Nets,PF,106,314,40,82,484.1,7,8,275.0,19,53,400.0,21,33,54,25,20,8,13,5,60,185,160,131,79,214.625,60.90625,35.6640625,14.0390625,476.6640625,410.65625,271.1015625,106.1015625,10
133,Doug McDermott,Indiana Pacers,SF,38,119,14,43,275.0,1,4,50.0,9,35,206.6,1,6,7,7,7,1,2,0,-14,52,45,45,14,159.40277777777777,6.125,10.125,11.611111111111112,202.7361111111111,184.94444444444443,182.94444444444446,10.5,10
134,Draymond Green,Golden State Warriors,PF,72,260,27,62,474.1,11,15,375.0,7,19,303.3,15,65,80,54,29,8,29,10,-12,206,152,126,134,75.0325443786982,100.0,78.47633136094674,4.597633136094675,379.4556213017752,157.0325443786982,249.45562130177518,226.47633136094674,10
135,Drew Eubanks,Phoenix Suns,PF,43,155,16,25,520.0,11,12,375.0,0,0,0.0,15,29,44,5,11,4,6,10,-39,92,87,48,49,110.86767485822305,69.03591682419659,2.882797731568998,0.0,309.0850661625709,302.1568998109641,122.80907372400756,66.9054820415879,10
136,Duncan Robinson,Miami Heat,F,144,335,50,111,465.5,10,11,466.7,34,83,414.3,2,25,27,37,28,10,18,4,37,208,171,181,64,243.96539792387546,20.930795847750865,86.78546712802768,25.197231833910035,209.15570934256047,220.01038062283737,188.19723183391005,152.62975778546715,10
137,Duop Reath,Portland Trail Blazers,C,115,214,44,91,448.2,12,19,327.4,15,42,300.0,18,19,37,8,28,5,11,10,-47,160,152,123,45,553.4897959183672,43.816326530612244,7.614512471655329,28.50566893424036,833.9002267573695,725.9183673469388,634.3560090702948,78.54648526077096,10
138,Dwight Powell,Dallas Mavericks,C,20,119,7,12,450.0,6,11,325.0,0,0,0.0,12,20,32,9,19,0,9,3,-9,61,52,29,41,29.09765625,71.5625,8.31640625,0.0,168.25,140.87890625,38.0625,98.28515625,9
139,Dylan Windler,Los Angeles Lakers,G,3,14,1,4,25.0,0,0,0.0,1,4,25.0,0,1,1,2,1,0,0,0,-7,6,4,5,3,4.591836734693878,0.510204081632653,0.16326530612244897,0.510204081632653,2.6530612244897966,2.163265306122449,5.0,0.7551020408163267,2
140,Dyson Daniels,New Orleans Pelicans,G,33,147,14,26,261.4,1,2,50.0,4,11,150.0,6,15,21,17,10,14,8,7,23,71,54,50,38,103.42857142857143,16.0,19.714285714285715,3.7142857142857144,128.85714285714286,105.42857142857143,110.85714285714286,51.714285714285715,7
141,Emoni Bates,Cleveland Cavaliers,F,7,12,3,7,42.9,0,2,0.0,1,4,25.0,0,1,1,0,0,0,1,0,-3,8,8,7,1,0.0,0.0,0.0,0.0,0.0,0.0,0.0,0.0,1
142,Eric Gordon,Phoenix Suns,SG,107,281,37,89,376.9,14,17,516.7,19,52,325.6,2,13,15,20,7,10,9,5,-1,142,122,127,35,517.6111111111111,7.611111111111111,12.030864197530862,20.91975308641975,631.0679012345679,532.4444444444445,612.604938271605,23.271604938271604,10
143,Eugene Omoruyi,Washington Wizards,F,51,116,21,54,301.3,8,12,375.0,1,10,33.3,15,20,35,11,20,10,6,0,-91,97,86,62,46,219.79999999999998,75.44444444444446,15.800000000000002,0.9111111111111112,553.3111111111111,429.91111111111104,303.2,131.24444444444444,10
144,Evan Fournier,Detroit Pistons,SG,62,154,21,52,347.6,8,9,450.0,12,35,262.5,1,16,17,13,14,8,4,1,-26,92,79,75,30,294.0,15.0,18.11111111111111,13.644444444444444,437.64444444444445,343.0,397.0444444444445,24.71111111111111,10
145,Evan Mobley,Cleveland Cavaliers,PF,147,305,60,107,547.9,24,42,522.6,3,14,175.0,25,76,101,35,27,12,16,20,-29,283,248,182,136,371.84429065743944,105.37370242214533,75.2006920415225,2.6262975778546713,782.1418685121107,674.0,423.83391003460207,236.7266435986159,10
146,Frank Ntilikina,Charlotte Hornets,PG,0,21,0,5,0.0,0,0,0.0,0,4,0.0,1,4,5,3,3,0,0,0,-2,8,5,3,8,0.0,1.8888888888888888,5.0,0.0,11.555555555555557,1.8888888888888888,5.0,11.555555555555557,2
147,Franz Wagner,Orlando Magic,SF,157,320,62,132,483.8,27,36,734.2,6,39,101.19999999999999,4,45,49,30,22,8,26,7,25,236,206,187,79,414.3223140495868,29.458677685950413,38.0495867768595,16.946280991735538,646.1859504132232,516.5,543.0,68.51652892561984,10
148,Fred VanVleet,Houston Rockets,PG,176,371,55,131,414.5,30,34,641.7,36,86,410.0,6,30,36,72,26,16,22,1,9,284,212,248,108,437.9140625,25.2265625,67.625,30.65625,772.15625,601.65625,607.1015625,94.1640625,10
149,Furkan Korkmaz,Philadelphia 76ers,SG,36,94,11,25,178.6,7,9,241.7,7,15,208.3,3,10,13,7,6,1,2,2,2,56,49,43,20,274.0,12.833333333333332,6.833333333333333,18.833333333333332,385.3333333333333,306.8333333333333,354.8333333333333,17.333333333333332,6
150,GG Jackson,Memphis Grizzlies,F,149,266,51,122,417.1,28,37,650.8,19,57,331.7,14,27,41,7,15,2,16,6,-51,197,190,156,48,659.7257617728532,66.29639889196676,9.0,28.90027700831025,860.3019390581717,788.2493074792244,718.9362880886426,88.13850415512465,10
151,Garrett Temple,Toronto Raptors,SF,5,12,2,4,50.0,1,2,50.0,0,2,0.0,1,0,1,0,2,1,1,0,-4,6,6,5,1,14.0625,0.25,0.0,0.0,18.0625,18.0625,14.0625,0.25,1
152,Garrison Mathews,Atlanta Hawks,SG,26,153,8,27,308.3,3,3,100.0,7,23,308.4,5,12,17,2,18,2,0,0,-21,45,43,28,19,46.0,28.4016620498615,1.6011080332409973,6.113573407202216,129.06094182825484,116.61218836565098,49.28531855955679,39.16620498614959,10
153,Gary Harris,Orlando Magic,SG,76,249,27,49,557.6,3,5,150.0,19,33,580.0,3,14,17,13,17,11,6,3,8,106,93,89,30,102.0,15.0,16.2,12.244444444444445,168.79999999999998,154.2,121.4,26.400000000000002,10
154,Gary Payton II,Golden State Warriors,SG,48,145,22,37,399.2,1,3,50.0,3,5,250.0,15,12,27,9,12,11,6,4,14,84,75,57,36,232.2890625,26.5,5.7265625,2.15625,253.625,260.5390625,225.125,32.4765625,10
155,Gary Trent Jr.,Toronto Raptors,SG,163,330,61,142,429.4,13,16,441.7,28,82,349.6,7,32,39,17,14,10,4,4,3,219,202,180,56,511.48979591836735,23.281179138321995,19.816326530612244,19.632653061224488,446.7777777777777,456.6893424036282,488.6938775510205,55.98185941043084,10
156,Georges Niang,Cleveland Cavaliers,SF,88,223,34,73,448.5,3,3,200.0,17,44,367.1,2,30,32,16,17,7,9,2,23,136,120,104,48,369.20000000000005,23.744,22.544,22.296,588.496,470.70399999999995,469.104,64.176,10
157,Giannis Antetokounmpo,Milwaukee Bucks,PF,306,353,113,177,642.4,70,100,631.3,10,19,533.3,21,81,102,74,20,4,27,7,34,482,408,380,176,489.47107438016525,124.0,108.87603305785123,4.516528925619834,1071.1570247933885,822.3801652892562,760.9752066115702,210.1487603305785,10
158,Goga Bitadze,Orlando Magic,C,18,85,7,14,320.0,4,7,183.3,0,2,0.0,7,12,19,6,10,2,7,8,14,43,37,24,25,36.63111111111111,51.69777777777777,6.964444444444444,0.0,196.12,149.77777777777777,54.191111111111105,87.44444444444446,7
159,Gordon Hayward,Oklahoma City Thunder,SF,35,156,13,37,336.2,6,8,260.0,3,5,250.0,6,24,30,17,7,3,4,0,-13,82,65,52,47,111.0,22.27777777777778,34.125,2.2361111111111107,173.06944444444446,155.61111111111111,138.625,46.236111111111114,10
160,Gradey Dick,Toronto Raptors,G,112,265,45,93,477.8,1,1,100.0,21,52,418.5,8,25,33,15,13,6,5,0,-61,160,145,127,48,260.14366729678636,15.279773156899813,44.882797731569006,14.901701323251418,466.2533081285444,297.68809073724003,417.05293005671075,71.81852551984878,10
161,Grant Williams,Charlotte Hornets,PF,112,316,38,80,489.6,26,36,491.3,10,33,363.3,16,35,51,26,36,8,25,5,-56,189,163,138,77,346.0,93.43100189035916,19.86389413988658,11.705103969754253,651.249527410208,565.3440453686201,385.3421550094518,159.85822306238185,10
162,Grayson Allen,Phoenix Suns,SG,140,373,43,97,435.0,19,22,716.7,35,78,447.5,6,31,37,25,24,11,11,8,-6,202,177,165,62,779.8347107438017,20.946280991735538,33.789256198347104,85.19421487603306,898.2644628099173,828.8305785123968,832.5,71.50413223140497,10
163,Gui Santos,Golden State Warriors,F,38,103,13,24,372.5,8,9,350.0,4,8,250.0,9,21,30,9,14,2,5,2,22,77,68,47,39,142.41420118343194,83.24260355029585,11.887573964497042,4.011834319526627,426.680473372781,395.12426035502955,148.57396449704143,120.52662721893495,8
164,Harrison Barnes,Sacramento Kings,SF,121,258,43,80,513.9,21,28,625.0,14,36,297.1,6,16,22,7,13,5,5,2,-56,150,143,128,29,332.202479338843,24.5,10.537190082644626,16.958677685950413,396.59504132231405,373.4297520661157,350.9132231404959,39.49173553719008,10
165,Harry III Giles,Brooklyn Nets,F,8,8,3,6,50.0,1,2,50.0,1,1,100.0,2,2,4,2,3,0,0,0,-12,14,12,10,6,47.61000000000001,10.240000000000002,2.8899999999999997,0.6400000000000001,139.24,102.00999999999999,73.96,24.010000000000005,1
166,Haywood Highsmith,Miami Heat,F,50,161,19,42,475.2,2,2,100.0,10,28,350.0,7,15,22,5,11,7,2,7,6,77,72,55,27,302.34567901234567,22.0,2.5308641975308643,19.512345679012345,392.7777777777779,386.7901234567901,308.1111111111112,24.75308641975308,10
167,Herbert Jones,New Orleans Pelicans,SF,120,325,43,73,572.3,15,18,591.7,19,34,480.8,4,27,31,24,34,16,10,7,99,175,151,144,55,285.08641975308643,31.21604938271605,24.401234567901234,26.91975308641975,434.01234567901236,352.32716049382714,361.6111111111111,60.77777777777778,10
168,Ibou Badji,Portland Trail Blazers,C,7,32,3,4,150.0,1,2,50.0,0,0,0.0,1,2,3,4,6,0,5,3,-17,14,10,11,7,11.666666666666668,2.333333333333334,1.4166666666666663,0.0,20.75,22.0,11.416666666666668,2.75,3
169,Immanuel Quickley,Toronto Raptors,SG,210,367,75,162,459.1,25,32,579.7,35,84,407.0,2,59,61,80,18,11,24,2,10,351,271,290,141,305.29639889196676,40.074792243767305,195.35180055401662,23.670360110803326,573.5761772853184,341.376731301939,466.3213296398892,306.60110803324096,10
170,Isaac Okoro,Cleveland Cavaliers,SF,124,305,44,88,513.3,15,22,591.7,21,50,477.8,4,28,32,26,20,15,8,9,-8,182,156,150,58,114.49600000000001,48.176,18.336,10.056000000000001,189.02400000000003,160.14399999999998,131.664,78.22399999999999,10
171,Isaiah Hartenstein,New York Knicks,C,66,219,25,41,604.6,16,19,675.0,0,0,0.0,28,36,64,31,22,8,13,11,-15,161,130,97,95,193.1111111111111,70.0,41.17777777777778,0.0,472.91111111111104,344.17777777777775,275.97777777777776,157.04444444444445,10
172,Isaiah Jackson,Indiana Pacers,SF,92,174,35,55,691.4,22,28,758.3,0,2,0.0,23,30,53,9,27,8,9,8,-13,154,145,101,62,188.9795918367347,177.0,5.244897959183673,0.0,668.4897959183673,626.8367346938775,199.2040816326531,213.6734693877551,10
173,Isaiah Joe,Oklahoma City Thunder,SG,64,175,25,56,405.8,1,1,100.0,13,39,263.7,4,15,19,10,10,5,6,4,73,93,83,74,29,204.0,9.0,22.0,14.252595155709342,233.0,215.0,220.0,33.0,10
174,Isaiah Mobley,Cleveland Cavaliers,F,5,33,2,7,58.3,0,0,0.0,1,4,25.0,0,4,4,2,2,0,0,0,-1,11,9,7,6,0.5555555555555555,8.88888888888889,0.0,0.5555555555555556,5.0,5.0,0.5555555555555555,8.88888888888889,2
175,Isaiah Stewart,Detroit Pistons,C,86,255,33,66,409.8,8,10,400.0,12,36,227.3,7,42,49,7,10,4,9,6,14,142,135,93,56,78.97520661157024,67.0495867768595,11.330578512396697,10.148760330578513,238.0,178.96694214876032,130.3223140495868,86.06611570247934,8
176,Ish Smith,Charlotte Hornets,PG,16,148,7,30,136.0,0,0,0.0,2,2,200.0,0,11,11,34,13,5,5,0,-82,61,27,50,45,50.0,9.984375,71.4375,1.4375,163.734375,64.484375,112.4375,118.234375,7
177,Ivica Zubac,LA Clippers,C,103,249,45,70,598.0,13,16,500.0,0,0,0.0,25,57,82,19,30,4,16,8,-10,204,185,122,101,298.40625,102.40625,10.0390625,0.0,530.2890625,484.5,308.2265625,148.4140625,10
178,JT Thor,Charlotte Hornets,F,21,97,9,17,425.0,0,0,0.0,3,8,200.0,1,17,18,5,8,0,2,3,17,44,39,26,23,45.53979238754325,11.107266435986158,2.577854671280277,4.224913494809688,60.89965397923875,61.083044982698965,46.67128027681661,12.370242214532874,10
179,JaVale McGee,Sacramento Kings,C,20,39,10,17,255.0,0,3,0.0,0,1,0.0,5,8,13,0,5,1,0,0,-1,33,33,20,13,42.222222222222214,7.555555555555555,0.0,0.0,71.55555555555556,71.55555555555556,42.222222222222214,7.555555555555555,5
180,Jabari Smith Jr.,Houston Rockets,PF,140,345,45,114,396.6,28,34,737.5,22,62,379.3,22,74,96,19,27,11,10,9,-30,255,236,159,115,346.0,328.4988662131519,17.24489795918367,16.21315192743764,1181.471655328798,1011.546485260771,446.9591836734694,414.7097505668934,10
181,Jabari Walker,Portland Trail Blazers,F,83,221,35,74,464.6,12,13,475.0,1,10,100.0,24,40,64,10,27,5,8,1,-50,157,147,93,74,298.2249134948097,84.0,8.034602076124568,1.0830449826989619,678.363321799308,585.166089965398,376.1280276816609,107.3287197231834,10
182,Jacob Gilyard,Memphis Grizzlies,G,67,192,23,49,431.8,1,1,100.0,20,42,431.8,1,13,14,39,10,9,12,2,-59,120,81,106,53,224.22222222222223,10.222222222222221,26.0,19.555555555555557,358.0,274.0,295.55555555555554,48.88888888888889,9
183,Jacob Toppin,New York Knicks,F,13,29,5,9,107.1,2,2,100.0,1,4,33.3,3,3,6,1,3,0,1,0,-18,20,19,14,7,83.61224489795917,10.0,0.5918367346938775,0.7551020408163267,144.04081632653063,148.7551020408163,79.18367346938777,10.306122448979593,2
184,Jaden Hardy,Dallas Mavericks,G,85,111,33,62,554.4,7,8,350.0,12,27,400.0,1,10,11,8,5,2,5,1,12,104,96,93,19,200.05817174515235,8.90027700831025,10.831024930747922,10.0,198.7202216066482,203.9168975069252,200.4016620498615,14.191135734072024,10
185,Jaden Ivey,Detroit Pistons,PG,158,317,51,136,379.5,42,48,763.3,14,59,224.89999999999998,11,13,24,36,26,8,22,6,-10,218,182,194,60,517.0123966942148,28.512396694214875,30.41322314049587,33.82231404958677,630.9132231404959,670.5,481.65702479338836,54.694214876033065,10
186,Jaden McDaniels,Minnesota Timberwolves,PF,98,319,38,83,451.4,11,17,341.7,11,34,296.4,8,34,42,20,33,7,10,7,-45,160,140,118,62,423.7361111111112,52.40277777777778,24.15625,23.0,676.8506944444443,638.2777777777777,443.60069444444446,95.26736111111109,10
187,Jaden Springer,Boston Celtics,G,50,130,18,42,290.4,11,12,475.0,3,13,183.3,8,16,24,13,13,12,7,1,-20,87,74,63,37,163.45777777777778,37.83111111111111,17.724444444444444,2.0800000000000005,471.0311111111111,345.68,248.44444444444449,95.92000000000002,7
188,Jae Crowder,Milwaukee Bucks,PF,41,229,17,45,378.3,2,2,100.0,5,23,200.0,9,36,45,10,20,11,5,2,73,96,86,51,55,83.57466918714556,55.646502835538755,10.287334593572778,4.882797731568998,143.47069943289225,105.6937618147448,104.21361058601136,83.0718336483932,10
189,Jae'Sean Tate,Houston Rockets,SF,28,117,12,28,420.3,2,4,50.0,2,4,200.0,10,19,29,10,16,10,8,0,-2,67,57,38,39,31.71597633136095,37.556213017751475,10.236686390532544,1.6094674556213018,138.1360946745562,121.98224852071007,48.28402366863905,47.37869822485207,10
190,Jahmi'us Ramsey,Toronto Raptors,SG,2,5,1,3,33.3,0,0,0.0,0,1,0.0,1,1,2,1,0,0,0,0,-7,5,4,3,3,0.0,0.0,0.0,0.0,0.0,0.0,0.0,0.0,1
191,Jaime Jr. Jaquez,Miami Heat,G,123,293,49,90,496.7,17,23,616.7,8,23,291.6,14,37,51,25,18,15,10,2,10,199,174,148,76,534.1,36.5,15.125,7.625,525.125,552.0,511.225,47.625,10
192,Jake LaRavia,Memphis Grizzlies,F,105,215,31,84,285.7,32,40,730.0,11,38,229.8,17,28,45,18,20,11,12,6,-50,168,150,123,63,314.95041322314046,130.67768595041323,14.074380165289256,9.735537190082646,560.0,570.2561983471074,335.58677685950414,113.8595041322314,9
193,Jakob Poeltl,Toronto Raptors,C,122,251,55,101,543.9,12,20,491.7,0,0,0.0,39,53,92,31,28,10,11,19,35,245,214,153,123,161.8469387755102,127.67346938775509,30.387755102040813,0.0,516.704081632653,398.98979591836735,256.6224489795918,181.0,10
194,Jalen Brunson,New York Knicks,PG,288,357,102,227,448.09999999999997,59,67,794.1,25,70,337.8,5,23,28,73,19,11,34,1,9,389,316,361,101,365.3515625,14.2890625,102.65625,27.4765625,363.15625,339.625,426.5390625,79.2890625,10
195,Jalen Duren,Detroit Pistons,C,133,289,50,81,622.8,33,39,794.1,0,0,0.0,29,77,106,29,37,7,24,10,-26,268,239,162,135,123.55785123966942,111.1074380165289,13.198347107438018,0.0,281.4586776859504,277.6735537190083,104.03719008264463,147.61157024793388,10
196,Jalen Green,Houston Rockets,SG,203,322,75,179,410.2,24,28,675.0,29,85,323.9,5,39,44,32,16,10,21,3,17,279,247,235,76,710.9954648526077,49.38775510204081,12.75736961451247,43.594104308390015,898.0430839002267,852.6009070294785,744.5056689342404,74.07709750566893,10
197,Jalen HoodSchifino,Los Angeles Lakers,G,5,11,1,6,33.3,2,4,100.0,1,3,50.0,0,2,2,0,1,0,1,0,-13,7,7,5,2,9.0,0.9799999999999999,0.020000000000000004,0.8200000000000001,13.32,14.180000000000001,8.42,0.72,2
198,Jalen Johnson,Atlanta Hawks,SF,162,349,69,130,533.5,15,22,550.0,9,33,281.7,17,71,88,34,22,6,15,12,20,284,250,196,122,389.0679012345679,88.44444444444444,68.69753086419753,7.34567901234568,876.0,606.030864197531,614.4444444444445,201.73456790123458,10
199,Jalen McDaniels,Toronto Raptors,PF,29,90,12,27,225.6,2,3,66.7,3,11,116.7,5,16,21,7,9,6,11,1,-23,57,50,36,28,100.1404958677686,56.107438016528924,7.0,3.809917355371901,226.5371900826446,174.0826446280992,120.95867768595042,94.74380165289256,6
200,Jalen Smith,Indiana Pacers,PF,91,158,37,64,586.4,9,15,390.0,8,23,433.3,18,30,48,12,13,1,7,6,16,151,139,103,60,157.31632653061226,27.316326530612248,16.122448979591837,4.0,155.12244897959178,135.0,194.74489795918365,26.132653061224495,10
201,Jalen Suggs,Orlando Magic,SG,123,258,46,84,562.3,8,11,325.0,23,52,425.4,6,25,31,33,29,13,22,5,63,187,154,156,64,191.79012345679013,45.73456790123456,20.160493827160494,24.179012345679013,386.5,310.5493827160494,250.79012345679013,82.84567901234567,10
202,Jalen Williams,Oklahoma City Thunder,F,183,291,72,140,514.1,23,27,640.0,16,38,424.9,4,34,38,39,26,13,13,9,42,260,221,222,77,648.5,17.60493827160494,15.938271604938272,10.0,844.5,820.3271604938271,671.2160493827159,35.0,10
203,Jalen Wilson,Brooklyn Nets,F,39,173,14,46,372.4,6,6,300.0,5,23,275.0,12,20,32,11,12,2,7,0,-27,82,71,50,43,38.77777777777777,36.0,5.049382716049383,3.2716049382716053,120.8641975308642,89.44444444444444,55.08641975308642,56.160493827160494,10
204,Jamal Cain,Miami Heat,F,4,16,0,3,0.0,4,4,200.0,0,1,0.0,1,2,3,1,1,1,1,0,-4,8,7,5,4,0.0,0.5,0.5,0.0,0.0,0.5,0.5,0.0,2
205,Jamal Murray,Denver Nuggets,PG,220,325,88,165,503.7,21,27,561.4,23,50,421.6,6,35,41,67,12,10,25,5,66,328,261,287,108,1050.7700831024931,33.365650969529085,130.70637119113573,32.61218836565097,1883.2908587257618,1248.4072022160665,1586.8504155124654,262.8753462603878,10
206,James Bouknight,Charlotte Hornets,SG,5,6,2,4,50.0,0,0,0.0,1,3,33.3,0,0,0,0,0,1,1,0,10,5,5,5,0,14.0625,0.0,0.0,0.5625,14.0625,14.0625,14.0625,0.0,1
207,James Harden,LA Clippers,SG,178,348,51,124,391.90000000000003,51,56,935.7,25,75,310.6,8,48,56,81,18,5,29,8,-37,315,234,259,137,578.6351606805292,52.76748582230624,55.0,35.071833648393195,439.0718336483932,463.5500945179584,548.6786389413988,113.24574669187145,10
208,James Johnson,Indiana Pacers,PF,2,7,0,1,0.0,2,2,100.0,0,0,0.0,0,0,0,1,3,0,0,1,1,3,2,3,1,0.0,0.0,0.0,0.0,0.0,0.0,0.0,0.0,1
209,James Wiseman,Detroit Pistons,C,72,170,31,46,635.1,10,16,365.0,0,0,0.0,19,41,60,11,26,3,7,5,-32,143,132,83,71,169.03601108033243,72.77008310249307,14.922437673130197,0.0,490.47922437673134,369.8171745152354,245.19944598337952,132.19113573407202,10
210,Jarace Walker,Indiana Pacers,F,11,55,4,15,72.2,0,0,0.0,3,8,100.0,1,14,15,8,5,4,4,4,5,34,26,19,23,34.53086419753087,32.08641975308642,26.0,3.123456790123457,252.0,130.0,106.30864197530863,108.30864197530866,4
211,Jared Butler,Washington Wizards,SG,16,48,7,14,241.7,2,2,100.0,0,4,0.0,2,2,4,12,5,1,5,0,-15,32,20,28,16,26.56,2.16,23.439999999999998,0.0,120.24000000000001,42.0,93.84,36.56,4
212,Jared Rhoden,Detroit Pistons,G,2,13,1,2,50.0,0,0,0.0,0,0,0.0,0,1,1,1,0,0,1,2,2,4,3,3,2,0.0,0.0,0.0,0.0,0.0,0.0,0.0,0.0,1
213,Jaren Jackson Jr.,Memphis Grizzlies,PF,241,330,84,190,433.2,48,68,603.3,25,66,367.8,14,42,56,26,36,14,33,15,-80,323,297,267,82,378.0390625,147.15625,16.4765625,21.6640625,749.0,761.8515625,415.90625,112.9140625,10
214,Jarred Vanderbilt,Los Angeles Lakers,PF,39,90,14,21,300.0,9,12,275.0,2,3,66.7,6,14,20,10,3,10,7,0,32,69,59,49,30,68.75,46.0,13.0,3.0,324.75,212.75,138.75,101.0,4
215,Jarrett Allen,Cleveland Cavaliers,C,181,360,68,123,549.6,45,61,680.5,0,0,0.0,33,82,115,30,14,6,11,12,-9,326,296,211,145,399.8,203.4,30.096,0.0,874.416,868.0,440.056,199.65599999999998,10
216,Javon Freeman-Liberty,Toronto Raptors,G,24,66,7,16,148.8,8,9,280.0,2,8,83.3,1,10,11,7,5,0,3,2,-2,42,35,31,18,96.5625,5.3125,0.8125,1.0625,119.0625,130.75,85.0,6.0,4
217,Jaxson Hayes,Los Angeles Lakers,C,49,138,21,30,588.4,7,13,241.7,0,2,0.0,15,24,39,3,17,3,6,4,-9,91,88,52,42,103.0,46.2022684310019,4.591682419659735,0.0,219.21172022684308,192.94139886578446,113.06994328922495,66.99432892249527,10
218,Jaylen Brown,Boston Celtics,SG,271,338,107,207,528.4,33,51,653.8,24,66,376.9,16,40,56,37,29,11,16,1,149,364,327,308,93,454.8999999999999,130.4,14.500000000000002,19.299999999999997,836.8,874.0999999999999,408.0,154.5,10
219,Jaylin Williams,Oklahoma City Thunder,F,50,154,16,40,453.4,7,9,233.3,11,25,491.6,9,30,39,16,13,3,3,5,40,105,89,66,55,14.9765625,51.1640625,10.90625,3.40625,77.90625,71.125,23.2890625,60.5390625,10
220,Jayson Tatum,Boston Celtics,SF,248,358,83,185,459.4,49,58,845.9,33,77,429.7,8,66,74,61,18,9,25,3,150,383,322,309,135,266.6942148760331,95.82231404958678,49.376033057851245,24.103305785123965,436.68595041322294,518.4669421487604,226.5,103.6115702479339,10
221,Jeenathan Williams,Houston Rockets,G,8,17,4,7,66.7,0,2,0.0,0,0,0.0,2,1,3,0,4,0,0,0,17,11,11,8,3,46.22222222222223,0.5555555555555556,0.5,0.0,51.38888888888889,56.555555555555564,41.388888888888886,0.7222222222222221,2
222,Jeff Dowtin,Philadelphia 76ers,G,16,49,6,10,123.80000000000001,0,0,0.0,4,7,116.7,0,3,3,8,0,3,3,1,14,27,19,24,11,54.080000000000005,6.12,17.0,2.8800000000000003,175.68,89.48,119.88,43.52,3
223,Jeff Green,Houston Rockets,PF,37,127,12,36,284.5,7,10,250.0,6,16,366.7,5,11,16,10,7,1,2,3,-24,63,53,47,26,120.19723183391002,17.72318339100346,12.55363321799308,4.5121107266435985,247.80276816608998,205.86505190311416,163.4221453287197,28.989619377162626,10
224,Jerami Grant,Portland Trail Blazers,SF,169,342,56,142,386.6,38,46,711.3,19,49,402.0,6,19,25,35,18,14,28,2,-77,229,194,204,60,510.9140625,42.125,32.5,5.3515625,909.9765625,771.4765625,612.4140625,111.625,10
225,Jeremiah Robinson-Earl,New Orleans Pelicans,F,16,49,5,11,166.7,4,7,80.0,2,5,100.0,5,6,11,1,2,2,2,1,5,28,27,17,12,41.111111111111114,24.456790123456795,0.7530864197530864,1.0123456790123457,108.12345679012346,98.30864197530865,44.16049382716049,31.975308641975307,4
226,Jeremy Sochan,San Antonio Spurs,F,118,303,47,108,378.3,15,19,466.7,9,30,283.4,18,53,71,28,27,7,15,7,-15,217,189,146,99,466.6843100189036,111.24952741020795,40.93383742911153,9.514177693761814,916.1077504725898,881.0,460.02646502835535,193.94896030245746,10
227,Jericho Sims,New York Knicks,C,41,241,16,21,626.7,9,13,280.0,0,0,0.0,27,38,65,14,11,5,5,7,-15,120,106,55,79,102.6015625,47.0,11.15625,0.0,262.1015625,194.7265625,155.2265625,72.90625,10
228,Jerome Robinson,Golden State Warriors,SG,10,17,4,10,40.0,1,2,50.0,1,6,16.7,0,0,0,1,1,0,0,1,-2,11,10,11,1,73.02479338842974,0.0,0.29752066115702475,0.6694214876033057,82.64462809917353,73.02479338842974,82.64462809917353,0.29752066115702475,1
229,Jett Howard,Orlando Magic,G,0,5,0,1,0.0,0,0,0.0,0,1,0.0,0,0,0,0,1,0,0,0,-5,0,0,0,0,2.25,0.0,0.0,0.25,2.25,2.25,2.25,0.0,1
230,Jevon Carter,Chicago Bulls,PG,34,134,14,34,376.7,1,2,50.0,5,18,133.3,2,7,9,11,8,6,2,1,14,54,43,45,20,132.51239669421486,7.59504132231405,7.0,7.016528925619834,186.1487603305785,154.78512396694217,157.1487603305785,21.322314049586772,10
231,Jimmy Butler,Miami Heat,SF,226,352,74,142,528.2,67,85,768.8,11,29,441.6,13,52,65,69,11,20,22,6,70,360,291,295,134,334.40625,78.8515625,58.90625,6.9765625,397.1640625,285.3515625,392.125,191.8515625,10
232,Jock Landale,Houston Rockets,C,36,100,12,27,400.0,10,12,346.7,2,4,200.0,17,20,37,13,12,2,2,5,13,86,73,49,50,72.6094674556213,85.13609467455622,20.633136094674555,1.5562130177514792,228.5207100591716,175.02366863905326,113.3136094674556,118.56213017751479,9
233,Joe Harris,Detroit Pistons,SF,2,12,1,3,33.3,0,0,0.0,0,1,0.0,0,0,0,0,1,0,0,0,-5,2,2,2,0,0.0,0.0,0.0,0.0,0.0,0.0,0.0,0.0,1
234,Joe Ingles,Orlando Magic,SG,34,172,12,25,305.0,2,3,150.0,8,17,275.0,2,10,12,24,9,8,9,0,18,70,46,58,36,188.4297520661157,6.24793388429752,40.87603305785124,13.838842975206614,224.08264462809916,195.3553719008264,205.86776859504133,58.413223140495866,10
235,Joel Embiid,Philadelphia 76ers,C,14,30,5,18,27.8,2,2,100.0,2,6,33.3,1,6,7,2,5,2,8,0,-21,23,21,16,9,0.0,0.0,0.0,0.0,0.0,0.0,0.0,0.0,1
236,John Collins,Utah Jazz,PF,161,308,65,117,546.7,20,28,670.8,11,34,305.5,29,81,110,15,31,6,19,15,12,286,271,176,125,323.125,130.22500000000002,6.525,9.125,300.42499999999995,356.9,276.0,127.4,10
237,John Konchar,Memphis Grizzlies,SG,54,253,20,42,485.0,6,6,200.0,8,24,391.6,15,33,48,24,17,12,11,11,-9,126,102,78,72,54.44444444444444,54.044444444444444,16.444444444444446,3.6,230.8,172.9777777777778,97.77777777777779,84.97777777777779,10
238,Johnny Davis,Washington Wizards,G,20,144,7,31,224.4,3,6,150.0,3,11,150.0,5,19,24,6,14,2,2,1,-51,50,44,26,30,51.11111111111111,28.577777777777776,4.4,4.200000000000001,102.17777777777778,78.57777777777777,69.5111111111111,38.17777777777778,10
239,Johnny Juzang,Utah Jazz,G,14,46,6,16,103.3,0,0,0.0,2,10,40.0,2,5,7,3,1,0,1,0,9,24,21,17,10,55.83673469387755,11.122448979591836,0.24489795918367346,3.1020408163265314,110.38775510204079,105.0,59.673469387755105,12.918367346938776,3
240,Jonas Valanciunas,New Orleans Pelicans,C,98,207,42,79,476.7,9,10,375.0,5,11,300.0,23,73,96,14,18,2,14,9,80,208,194,112,110,321.225,141.625,18.0,6.8999999999999995,822.1,736.5,415.82500000000005,150.625,10
241,Jonathan Isaac,Orlando Magic,PF,79,179,32,57,602.7,7,11,316.7,8,15,375.0,21,37,58,6,9,7,7,13,19,143,137,85,64,114.11111111111111,86.91975308641975,4.6419753086419755,9.95679012345679,280.4753086419753,307.7345679012346,101.79012345679013,76.62345679012344,10
242,Jonathan Kuminga,Golden State Warriors,PF,188,277,73,139,500.5,38,47,734.2,4,17,116.7,14,43,57,28,23,9,16,9,10,273,245,216,85,465.48224852071,50.171597633136095,21.600591715976332,6.71301775147929,471.0828402366864,563.3994082840236,366.3786982248521,78.55917159763314,10
243,Jontay Porter,Toronto Raptors,C,40,87,14,29,245.6,3,4,75.0,9,18,215.4,6,14,20,14,10,5,8,1,-21,74,60,54,34,193.96694214876032,28.0,16.52066115702479,15.50413223140496,411.9256198347107,307.0578512396694,289.56198347107437,53.79338842975207,7
244,Jordan Clarkson,Utah Jazz,PG,175,326,61,150,382.2,33,36,857.9,20,62,276.2,9,30,39,59,19,9,22,1,-63,273,214,234,98,826.6066481994461,95.97506925207756,82.09141274238227,25.77285318559557,1269.060941828255,1243.163434903047,864.5484764542934,166.02216066481992,10
245,Jordan Goodwin,Memphis Grizzlies,G,49,181,20,58,260.0,4,10,175.0,5,18,169.89999999999998,10,16,26,29,10,12,10,8,-51,104,75,78,55,76.71900826446281,70.53719008264461,56.0,1.6280991735537191,321.9669421487604,204.51239669421486,109.44628099173552,211.2644628099174,7
246,Jordan Hawkins,New Orleans Pelicans,G,49,139,18,60,333.2,3,3,100.0,10,41,210.0,3,13,16,5,8,1,2,2,-9,70,65,54,21,148.24444444444444,21.244444444444444,6.511111111111112,10.0,208.40000000000003,164.77777777777777,189.51111111111112,30.11111111111111,10
247,Jordan McLaughlin,Minnesota Timberwolves,PG,50,123,17,33,444.4,3,4,150.0,13,25,419.4,2,14,16,24,12,8,5,1,23,90,66,74,40,159.73456790123456,22.419753086419753,22.475308641975307,18.160493827160494,212.34567901234567,204.69753086419752,151.7777777777778,60.5,10
248,Jordan Miller,LA Clippers,G,4,5,1,1,100.0,2,2,100.0,0,0,0.0,0,1,1,0,0,0,0,0,3,5,5,4,1,7.1111111111111125,0.44444444444444453,0.0,0.0,11.111111111111109,11.111111111111109,7.1111111111111125,0.44444444444444453,1
249,Jordan Nwora,Toronto Raptors,SF,53,140,21,58,287.4,6,7,275.0,5,23,175.0,6,26,32,12,8,6,5,3,-64,97,85,65,44,173.76454293628808,41.74515235457064,19.617728531855956,3.0609418282548475,254.71191135734074,231.33795013850417,189.54847645429362,68.95290858725761,10
250,Jordan Poole,Washington Wizards,SG,211,297,75,175,415.9,28,32,702.8,33,91,349.5,3,30,33,45,37,11,31,5,-80,289,244,256,78,971.5249999999999,18.725,39.0,34.325,927.4000000000001,922.4000000000001,935.025,99.22500000000001,10
251,Jordan Walsh,Boston Celtics,G,2,27,1,4,100.0,0,0,0.0,0,2,0.0,2,4,6,1,5,2,2,1,24,9,8,3,7,2.0,8.0,0.5,0.0,0.5,2.0,4.5,4.5,2
252,Jose Alvarado,New Orleans Pelicans,PG,69,203,26,68,388.9,6,7,350.0,11,37,283.3,3,21,24,27,14,15,11,4,69,120,93,96,51,63.1640625,5.15625,43.15625,4.90625,125.9140625,74.2265625,120.6640625,42.5,10
253,Josh Giddey,Oklahoma City Thunder,SG,111,228,47,91,492.6,8,10,400.0,9,26,324.9,13,48,61,39,16,10,22,7,52,211,172,150,100,267.9795918367347,79.0,27.7437641723356,3.1179138321995463,565.59410430839,416.1224489795918,361.8321995464853,162.3628117913832,10
254,Josh Green,Dallas Mavericks,SG,65,260,26,56,458.3,4,5,80.0,9,26,280.0,10,22,32,18,16,13,10,2,-22,115,97,83,50,168.72778827977314,39.81852551984877,19.342155009451794,10.20226843100189,259.2003780718336,233.68052930056706,208.21361058601133,45.19470699432892,10
255,Josh Hart,New York Knicks,SG,145,418,55,129,430.3,14,24,382.1,21,57,365.5,21,83,104,51,20,13,23,6,-31,300,249,196,155,264.5235457063712,218.40997229916897,56.717451523545705,12.218836565096954,798.2326869806094,533.6814404432132,386.14404432132966,418.0581717451523,10
256,Josh Minott,Minnesota Timberwolves,F,0,5,0,0,0.0,0,0,0.0,0,0,0.0,0,4,4,0,0,0,0,0,6,4,4,0,4,0.6049382716049383,9.0,0.0,0.012345679012345678,4.938271604938272,4.938271604938272,0.6049382716049383,9.0,1
257,Josh Okogie,Phoenix Suns,SF,46,141,15,32,423.8,10,11,350.0,6,14,300.0,16,6,22,10,4,8,10,2,6,78,68,56,32,116.57777777777777,12.71111111111111,8.71111111111111,6.444444444444445,170.0,161.77777777777777,120.57777777777778,25.644444444444446,10
258,Josh Richardson,Miami Heat,SG,81,169,30,60,331.7,6,6,200.0,15,37,276.7,3,22,25,14,13,4,2,1,5,120,106,95,39,281.71428571428567,17.714285714285715,10.0,22.857142857142858,446.85714285714283,398.8571428571429,333.71428571428567,23.714285714285715,7
259,Joshua Primo,LA Clippers,G,0,5,0,1,0.0,0,0,0.0,0,0,0.0,1,0,1,0,0,0,1,0,1,1,1,0,1,0.0,0.0,0.0,0.0,0.0,0.0,0.0,0.0,1
260,Jrue Holiday,Boston Celtics,PG,108,318,43,75,564.9,3,4,150.0,19,39,559.9,8,31,39,57,17,13,18,7,128,204,147,165,96,131.29085872576178,29.132963988919666,65.6371191135734,5.132963988919668,240.96952908587255,155.84764542936284,230.82825484764544,80.35457063711912,10
261,Jules Bernard,Washington Wizards,G,9,19,3,4,250.0,1,2,50.0,2,2,200.0,2,3,5,4,1,1,1,1,15,18,14,13,9,3.6875,3.1875,5.0,0.75,8.75,4.75,8.1875,7.6875,3
262,Julian Champagnie,San Antonio Spurs,F,67,206,21,51,367.8,11,13,350.0,14,37,309.1,9,25,34,22,6,6,6,4,28,123,101,89,56,203.27685950413223,36.413223140495866,30.446280991735538,22.56198347107438,500.03719008264477,332.5,318.202479338843,119.47107438016529,10
263,Julian Phillips,Chicago Bulls,F,39,129,13,29,272.9,7,8,266.7,6,12,283.4,6,11,17,5,11,5,3,1,1,61,56,44,22,172.77777777777777,28.600907029478456,6.959183673469389,6.662131519274376,322.9002267573696,298.83900226757373,184.8798185941043,47.51927437641723,10
264,Julian Strawther,Denver Nuggets,G,9,27,3,11,37.5,2,2,100.0,1,8,20.0,0,3,3,4,1,1,2,0,-15,16,12,13,7,32.03125,7.03125,2.53125,0.78125,89.78125,68.125,48.625,14.625,2
265,Justin Champagnie,Washington Wizards,SF,4,13,2,7,50.0,0,0,0.0,0,4,0.0,0,1,1,1,0,1,1,1,-1,6,5,5,2,13.555555555555554,0.5555555555555556,0.5555555555555556,0.2222222222222222,5.555555555555554,9.0,9.0,2.2222222222222223,2
266,Justin Holiday,Denver Nuggets,SF,47,173,17,36,439.7,2,2,100.0,11,26,336.7,1,13,14,17,9,5,3,3,-14,78,61,64,31,161.61111111111111,14.944444444444445,40.17901234567901,11.34567901234568,353.7345679012346,241.0,253.53086419753086,75.93827160493828,10
267,Justin Minaya,Portland Trail Blazers,F,3,37,1,6,33.3,0,0,0.0,1,5,33.3,3,3,6,2,2,1,1,0,-24,11,9,5,8,7.5600000000000005,2.96,1.16,0.8400000000000001,12.040000000000003,10.04,6.4399999999999995,7.24,4
268,Jusuf Nurkic,Phoenix Suns,C,104,268,40,71,633.7,24,48,440.0,0,3,0.0,41,98,139,43,36,8,37,15,56,286,243,147,182,177.11111111111111,548.6734693877551,45.0,0.0,1234.498866213152,1069.7845804988663,232.11111111111111,703.3877551020408,10
269,Karl-Anthony Towns,Minnesota Timberwolves,C,193,306,66,146,451.8,41,47,734.2,20,56,341.5,20,55,75,29,33,8,24,8,98,297,268,222,104,242.5,98.8515625,46.9140625,18.9765625,525.125,391.8515625,338.9140625,182.625,10
270,Kawhi Leonard,LA Clippers,SF,230,353,91,182,511.7,36,40,889.9,12,45,216.6,16,47,63,37,14,19,21,6,-24,330,293,267,100,274.225,44.325,36.5,13.825000000000001,464.40000000000015,370.1,340.125,109.225,10
271,Keegan Murray,Sacramento Kings,SF,133,352,48,106,419.7,19,19,600.0,18,51,324.79999999999995,13,36,49,11,30,10,10,10,0,193,182,144,60,540.1570247933885,23.3099173553719,19.776859504132233,30.037190082644628,568.5,608.1859504132232,501.5371900826446,42.0206611570248,10
272,Keita Bates-Diop,Brooklyn Nets,SF,38,100,14,26,648.3,5,6,250.0,5,12,350.0,3,10,13,4,2,1,6,5,-18,55,51,42,17,42.625,16.2265625,4.40625,4.8515625,74.6015625,70.4140625,39.15625,28.2890625,10
273,Keldon Johnson,San Antonio Spurs,SF,160,296,58,131,434.3,17,20,508.3,27,71,386.9,14,32,46,24,16,3,12,2,-57,230,206,184,70,316.0,70.83900226757369,19.64172335600907,18.233560090702948,621.0612244897959,562.6485260770975,398.68934240362813,66.20408163265307,10
274,Kelly Olynyk,Toronto Raptors,PF,120,252,41,83,452.5,28,35,637.1,10,29,308.3,16,31,47,39,35,14,17,8,-58,206,167,159,86,316.91322314049586,64.53719008264463,56.900826446280995,8.020661157024794,562.8305785123966,504.698347107438,353.60743801652893,142.87603305785123,10
275,Kelly Oubre Jr.,Philadelphia 76ers,SG,162,308,58,150,373.7,37,50,684.5,9,45,169.5,19,35,54,20,39,13,22,2,-67,236,216,182,74,626.3083900226758,66.55328798185941,18.267573696145124,7.4897959183673475,982.0,845.6009070294783,735.8866213151927,111.64172335600907,10
276,Kendall Brown,Indiana Pacers,SG,0,7,0,0,0.0,0,0,0.0,0,0,0.0,0,0,0,0,0,0,0,0,4,0,0,0,0,0.25,0.0,0.0625,0.0,0.5625,0.25,0.5625,0.0625,1
277,Kenneth Lofton Jr.,Philadelphia 76ers,F,2,5,1,4,25.0,0,0,0.0,0,2,0.0,0,1,1,0,0,0,0,0,-4,3,3,2,1,0.0,0.0,0.0,0.0,0.0,0.0,0.0,0.0,1
278,Kenrich Williams,Oklahoma City Thunder,SF,28,111,11,29,274.6,0,0,0.0,6,18,150.0,6,25,31,12,11,2,4,0,46,71,59,40,43,148.0,48.628808864265935,14.238227146814406,14.470914127423823,247.09418282548478,227.36565096952907,156.02770083102493,74.56786703601108,10
279,Kentavious Caldwell-Pope,Denver Nuggets,SG,95,290,32,71,404.1,12,13,480.0,19,41,408.3,4,21,25,28,17,13,9,5,91,148,120,123,53,352.31487889273353,12.508650519031143,22.048442906574394,21.08304498269896,389.01730103806227,367.46020761245677,369.74740484429066,38.681660899653984,10
280,Kenyon Martin Jr.,Philadelphia 76ers,F,68,211,30,48,628.8,4,6,250.0,4,8,216.7,14,34,48,12,29,4,9,4,-26,128,116,80,60,163.62880886426592,56.61495844875346,13.689750692520775,4.470914127423822,413.0914127423822,332.37673130193906,228.93074792243766,85.71745152354572,10
281,Keon Ellis,Sacramento Kings,G,23,106,9,20,216.7,0,0,0.0,5,13,143.3,7,8,15,14,14,7,3,2,16,52,38,37,29,110.0,5.0,42.22222222222222,8.0,130.88888888888889,142.0,106.22222222222221,39.88888888888889,8
282,Keon Johnson,Brooklyn Nets,G,12,26,3,8,73.3,4,4,100.0,2,4,133.3,2,1,3,2,2,2,2,0,-9,17,15,14,5,18.88888888888889,0.5555555555555556,2.2222222222222223,0.22222222222222227,27.222222222222225,13.888888888888888,34.0,1.0,2
283,Kessler Edwards,Sacramento Kings,SF,12,40,4,10,106.7,1,2,50.0,3,7,91.7,0,7,7,1,5,2,0,1,10,20,19,13,8,38.96,12.360000000000003,0.8400000000000001,3.5599999999999996,41.64000000000001,39.0,35.96000000000001,18.84,4
284,Kevin Durant,Phoenix Suns,PF,299,387,109,222,488.8,58,74,785.6,23,64,357.2,6,65,71,45,18,6,39,11,25,415,370,344,116,580.984877126654,61.03780718336484,60.58412098298676,16.18336483931947,968.5425330812855,804.7221172022685,678.7334593572779,187.69376181474482,10
285,Kevin Huerter,Sacramento Kings,SG,90,247,36,87,390.1,2,4,100.0,16,49,263.3,7,26,33,27,21,6,11,4,1,150,123,117,60,387.4586776859504,27.293388429752067,10.103305785123966,24.69834710743802,576.5,508.78512396694214,445.24793388429754,47.32231404958677,10
286,Kevin Knox II,Detroit Pistons,SF,18,65,8,19,115.6,1,1,100.0,1,7,33.3,3,7,10,4,8,2,6,0,25,32,28,22,14,99.0,11.0,2.0,0.75,146.0,176.0,77.0,5.0,4
287,Kevin Love,Miami Heat,PF,88,158,30,62,483.6,10,14,208.3,18,45,387.4,10,55,65,19,20,3,10,3,31,172,153,107,84,341.77777777777777,48.94444444444445,12.944444444444446,15.777777777777775,500.0,468.94444444444446,378.94444444444446,55.77777777777777,10
288,Kevon Looney,Golden State Warriors,F,21,97,8,18,483.3,5,8,175.0,0,0,0.0,7,22,29,13,12,1,5,4,38,63,50,34,42,26.5,19.4,6.125,0.0,19.325000000000006,32.10000000000001,15.625,23.625000000000004,10
289,Keyontae Johnson,Oklahoma City Thunder,F,5,29,2,6,66.7,0,0,0.0,1,2,100.0,1,4,5,0,3,0,1,0,-7,10,10,5,5,16.6875,4.75,0.0,0.6875,24.6875,24.6875,16.6875,4.75,3
290,Keyonte George,Utah Jazz,G,167,316,60,137,384.7,14,17,296.7,33,74,382.8,0,28,28,54,15,7,28,1,-46,249,195,221,82,1158.179012345679,22.0,48.5,69.3641975308642,1571.1234567901233,1334.6234567901236,1372.679012345679,92.5,10
291,Khris Middleton,Milwaukee Bucks,SF,54,110,22,41,229.2,3,4,150.0,7,16,218.3,1,15,16,20,14,2,8,2,32,90,70,74,36,113.0,22.0,38.0,2.75,237.0,125.0,251.0,34.0,4
292,Killian Hayes,Detroit Pistons,PG,10,42,4,9,92.9,0,0,0.0,2,4,50.0,0,7,7,12,2,0,2,0,-10,29,17,22,19,18.0,0.5,18.0,2.0,84.5,24.5,72.0,24.5,2
293,Klay Thompson,Golden State Warriors,SG,180,252,63,140,462.6,15,17,516.7,39,91,419.9,3,24,27,16,16,7,16,1,-24,223,207,196,43,469.40277777777777,23.569444444444446,19.40277777777778,23.236111111111114,480.23611111111114,444.5,513.1111111111111,35.0,10
294,Kobe Brown,LA Clippers,G,2,27,1,5,100.0,0,0,0.0,0,2,0.0,4,5,9,2,4,0,3,0,-23,13,11,4,11,3.0123456790123457,7.938271604938271,1.308641975308642,0.04938271604938271,10.160493827160494,5.444444444444445,2.197530864197531,14.77777777777778,4
295,Kobe Bufkin,Atlanta Hawks,G,27,81,11,31,158.4,1,2,50.0,4,14,115.0,1,10,11,14,6,3,4,1,21,52,38,41,25,72.63265306122449,3.9795918367346945,14.959183673469388,2.836734693877551,134.6326530612245,95.83673469387756,113.83673469387753,16.53061224489796,5
296,Kris Dunn,Utah Jazz,G,60,203,25,43,493.29999999999995,4,5,250.0,6,18,341.7,8,15,23,25,24,12,13,1,-70,108,83,85,48,166.22500000000002,22.5,22.9,4.800000000000001,264.825,202.125,220.725,53.599999999999994,10
297,Kris Murray,Portland Trail Blazers,F,76,296,30,75,446.20000000000005,10,15,425.0,6,36,223.4,19,35,54,26,22,10,10,3,-1,156,130,102,80,265.0294784580499,87.83673469387755,30.489795918367353,4.403628117913832,573.546485260771,413.9002267573696,340.59410430839,202.40816326530611,10
298,Kristaps Porzingis,Boston Celtics,C,236,301,79,154,525.0,53,57,827.8,25,55,502.2,15,60,75,18,23,5,14,16,102,329,311,254,93,339.9183673469388,114.63265306122449,13.76530612244898,6.704081632653061,556.9081632653061,575.0,330.1734693877551,120.05102040816325,10
299,Kyle Anderson,Minnesota Timberwolves,SF,67,244,26,58,429.7,13,15,350.0,2,6,150.0,4,33,37,47,17,8,11,3,71,151,104,114,84,115.0,51.1994459833795,26.49584487534626,1.6177285318559556,222.0360110803324,207.0415512465374,164.54847645429362,43.141274238227155,10
300,Kyle Kuzma,Washington Wizards,SF,259,345,98,202,487.4,38,54,701.7,25,65,353.3,11,68,79,42,19,8,25,10,-96,380,338,301,121,323.24930747922434,86.42936288088643,60.880886426592795,37.337950138504155,642.4819944598338,592.0055401662049,393.0,128.0360110803324,10
301,Kyle Lowry,Philadelphia 76ers,PG,68,236,22,52,334.5,11,12,375.0,13,32,292.1,5,20,25,44,17,8,12,1,-34,137,93,112,69,146.6172839506173,14.876543209876544,40.22222222222222,11.91358024691358,387.0,216.55555555555554,274.0987654320988,98.06172839506173,8
302,Kyrie Irving,Dallas Mavericks,PG,245,346,95,197,483.1,23,23,700.0,32,75,421.0,7,37,44,30,15,8,18,4,-27,319,289,275,74,260.6731301939058,28.93628808864266,24.216066481994467,17.817174515235457,395.426592797784,337.0,315.9806094182825,56.27146814404432,10
303,Lamar Stevens,Memphis Grizzlies,PF,111,215,46,97,495.5,13,18,333.3,6,15,425.0,12,32,44,7,18,7,12,7,-20,162,155,118,51,201.7890625,50.1015625,6.2890625,2.4140625,324.2890625,256.65625,266.15625,59.65625,10
304,Landry Shamet,Washington Wizards,SG,55,184,20,55,273.1,7,7,300.0,8,35,104.1,4,10,14,8,12,4,9,2,-68,77,69,63,22,330.7777777777777,22.401234567901234,5.8086419753086425,15.679012345679013,463.0,413.141975308642,373.0679012345679,35.77777777777777,10
305,Larry Nance Jr.,New Orleans Pelicans,PF,53,197,22,34,588.6,7,10,316.7,2,6,150.0,21,27,48,18,20,10,13,5,25,119,101,71,66,93.74238227146816,41.601108033241,11.817174515235457,1.8836565096952906,197.62049861495845,178.62880886426592,115.56509695290859,50.58725761772853,10
306,Lauri Markkanen,Utah Jazz,PF,211,342,70,163,428.6,40,43,856.7,31,77,398.8,18,52,70,23,15,7,17,3,-46,304,281,234,93,325.44444444444446,112.71111111111112,50.111111111111114,23.444444444444446,786.5777777777778,575.4000000000001,492.8,206.64444444444445,10
307,LeBron James,Los Angeles Lakers,SF,274,358,104,180,575.4,41,52,741.7,25,50,513.3,5,52,57,99,11,10,31,5,67,430,331,373,156,198.7590027700831,82.37396121883656,47.19390581717452,28.05817174515236,236.7700831024931,239.00554016620504,224.56786703601114,101.52354570637117,10
308,Leaky Black,Charlotte Hornets,F,26,138,8,22,232.1,6,8,225.0,4,9,150.0,3,19,22,13,8,2,3,2,-25,61,48,39,35,83.5,29.5,5.875,8.0,111.875,84.0,96.875,49.875,8
309,Leonard Miller,Minnesota Timberwolves,F,0,5,0,1,0.0,0,0,0.0,0,0,0.0,0,0,0,2,0,0,0,0,8,2,0,2,2,1.0,0.25,1.0,0.0,0.25,2.25,0.0,0.25,1
310,Lester Quinones,Golden State Warriors,G,58,162,20,53,357.0,9,13,325.0,9,31,250.0,8,18,26,11,17,2,5,0,-34,95,84,69,37,188.08317580340267,18.400756143667294,14.931947069943288,10.931947069943291,245.64650283553874,276.76748582230624,174.17202268431,16.12287334593573,10
311,Lindy Waters III,Oklahoma City Thunder,F,29,66,10,21,323.3,0,0,0.0,9,19,283.3,1,14,15,4,6,1,3,2,-33,48,44,33,19,70.74380165289257,21.107438016528928,3.8099173553719003,8.958677685950413,163.26446280991738,136.0,85.87603305785125,37.0495867768595,7
312,Lonnie Walker IV,Brooklyn Nets,G,101,188,36,101,323.1,6,7,350.0,23,59,341.1,0,25,25,8,23,5,9,3,15,134,126,109,33,419.49382716049377,30.993827160493826,10.5,26.111111111111114,648.0,600.5,462.1049382716049,46.382716049382715,10
313,Luguentz Dort,Oklahoma City Thunder,G,112,282,41,86,494.2,3,3,200.0,27,54,526.1,5,27,32,9,27,12,4,5,78,153,144,121,41,235.8049886621315,40.6485260770975,8.387755102040817,19.816326530612248,321.66213151927434,292.4988662131519,250.07029478458048,63.934240362811785,10
314,Luka Doncic,Dallas Mavericks,PG,364,379,129,253,507.1,61,71,876.1,45,111,400.2,9,92,101,114,26,15,38,4,49,579,465,478,215,295.8677685950412,28.966942148760328,68.69834710743801,29.51239669421488,360.15289256198344,274.7024793388429,328.40082644628086,150.5826446280992,10
315,Luka Garza,Minnesota Timberwolves,C,17,15,5,10,100.0,5,6,150.0,2,4,133.3,3,1,4,1,4,0,1,0,7,22,21,18,5,17.03125,2.5,0.53125,0.125,32.5,27.28125,20.0,5.28125,2
316,Luka Samanic,Utah Jazz,F,35,88,11,34,238.8,10,12,350.0,3,17,78.3,4,13,17,4,9,1,5,4,-44,56,52,39,21,53.0,18.57988165680473,3.7988165680473367,1.7278106508875741,142.9526627218935,124.50295857988166,66.33727810650888,27.49112426035503,7
317,Luke Kennard,Memphis Grizzlies,SG,120,263,36,72,497.90000000000003,21,24,621.4,27,57,477.9,0,20,20,29,9,6,15,0,-74,169,140,149,49,384.94674556213016,6.0,39.33136094674556,24.100591715976332,517.5562130177515,394.94674556213016,513.5562130177514,39.33136094674556,10
318,Luke Kornet,Boston Celtics,C,53,148,24,30,649.0,5,6,250.0,0,0,0.0,17,20,37,9,16,2,2,10,75,99,90,62,46,169.15625,54.4765625,11.125,0.0,445.2890625,368.6015625,213.90625,97.5390625,10
319,Malachi Flynn,Detroit Pistons,PG,36,83,13,39,232.5,4,6,200.0,6,18,241.7,0,10,10,11,5,3,6,0,-20,57,46,47,21,90.78125,7.5,12.40625,4.625,199.375,139.78125,141.375,28.90625,8
320,Malaki Branham,San Antonio Spurs,G,137,233,49,105,465.4,17,18,575.0,22,45,450.4,5,16,21,21,16,4,16,2,-48,179,158,158,42,537.9478458049887,9.117913832199546,28.92743764172336,25.124716553287985,725.5668934240364,559.3560090702948,688.2040816326531,54.0,10
321,Malcolm Brogdon,Portland Trail Blazers,PG,65,142,24,52,182.4,11,13,333.3,6,19,110.0,6,19,25,27,9,4,8,1,10,117,90,92,52,92.75,4.75,6.75,5.0,106.75,61.0,146.0,4.0,4
322,Malik Beasley,Milwaukee Bucks,SG,112,310,40,100,389.8,2,3,150.0,30,79,366.4,3,30,33,16,22,12,6,1,116,161,145,128,49,362.15122873345933,17.052930056710775,14.461247637051038,34.01890359168242,271.0642722117202,297.45368620037806,323.8449905482042,43.43100189035916,10
323,Malik Monk,Sacramento Kings,SG,175,283,68,156,411.8,20,24,750.0,19,58,298.0,5,34,39,54,22,11,20,3,-7,268,214,229,93,862.1735537190083,20.91322314049587,42.400826446280995,18.91322314049587,1033.0578512396694,971.7892561983472,890.6487603305785,96.10743801652892,10
324,MarJon Beauchamp,Milwaukee Bucks,F,30,42,10,16,350.0,7,8,175.0,3,7,200.0,2,9,11,1,4,1,3,0,-17,42,41,31,12,65.5,11.0,0.8749999999999999,1.875,116.04166666666664,105.5,72.87499999999999,15.04166666666667,6
325,Marcus Morris Sr.,Philadelphia 76ers,SF,23,65,9,22,122.9,2,2,100.0,3,8,83.3,0,10,10,1,3,2,5,1,-14,34,33,24,11,20.666666666666664,4.666666666666666,0.6666666666666667,2.0,24.666666666666664,32.0,14.0,4.666666666666666,3
326,Marcus Sasser,Detroit Pistons,G,62,188,23,67,347.3,6,9,300.0,10,34,366.2,1,18,19,42,19,10,18,0,-39,123,81,104,61,260.0308641975309,13.216049382716049,73.88271604938272,11.512345679012345,487.9567901234568,297.44444444444446,448.44444444444446,89.19753086419753,10
327,Markelle Fultz,Orlando Magic,PG,70,187,30,67,401.1,9,12,333.3,1,7,50.0,15,20,35,22,11,7,13,3,-17,127,105,92,57,225.1640625,36.65625,21.90625,0.9140625,235.8515625,194.4140625,239.0390625,86.125,10
328,Markieff Morris,Dallas Mavericks,PF,5,11,2,3,150.0,0,0,0.0,1,2,50.0,0,2,2,0,0,0,0,0,4,7,7,5,2,1.3888888888888884,2.8888888888888893,0.0,0.7222222222222223,4.5,4.5,1.3888888888888884,2.8888888888888893,2
329,Marques Bolden,Charlotte Hornets,C,0,13,0,1,0.0,0,0,0.0,0,0,0.0,0,1,1,0,1,0,1,0,2,1,1,0,1,0.0,0.7222222222222223,0.0,0.0,0.7222222222222223,0.7222222222222223,0.0,0.7222222222222223,2
330,Marvin Bagley III,Washington Wizards,PF,119,262,53,102,492.7,10,14,383.3,3,8,250.0,40,46,86,16,13,7,8,11,-40,221,205,135,102,363.0,137.06944444444443,12.402777777777779,2.125,626.7777777777778,594.2361111111111,370.56944444444446,174.44444444444446,10
331,Mason Jones,Sacramento Kings,G,1,13,0,3,0.0,1,2,50.0,0,2,0.0,1,3,4,4,0,0,0,0,10,9,5,5,8,0.0,0.0,0.0,0.0,0.0,0.0,0.0,0.0,1
332,Mason Plumlee,LA Clippers,C,57,131,20,32,603.3,17,22,416.7,0,0,0.0,12,38,50,13,21,3,12,5,-15,120,107,70,63,89.79012345679011,109.77777777777777,12.160493827160494,0.0,215.77777777777777,234.53086419753086,87.11111111111111,105.86419753086419,10
333,Matisse Thybulle,Portland Trail Blazers,SG,65,236,24,56,385.6,6,9,250.0,11,29,343.3,7,23,30,16,17,26,9,8,-70,111,95,81,46,299.0165289256198,27.01239669421488,18.561983471074377,10.966942148760332,562.6487603305785,415.47520661157023,435.0,56.764462809917354,10
334,Matt Ryan,New Orleans Pelicans,F,26,49,9,21,200.0,0,0,0.0,8,17,194.4,1,8,9,2,5,0,2,0,-9,37,35,28,11,136.55555555555557,7.25,1.2222222222222223,11.555555555555557,204.80555555555554,200.80555555555557,141.55555555555554,7.472222222222223,5
335,Matthew Hurt,Memphis Grizzlies,F,32,110,12,33,215.9,3,3,200.0,5,19,233.4,9,7,16,4,8,3,2,3,-7,52,48,36,20,116.87573964497041,22.124260355029588,4.201183431952662,4.189349112426036,232.3491124260355,187.60355029585796,154.29585798816566,33.650887573964496,7
336,Max Christie,Los Angeles Lakers,G,45,140,15,29,682.8,7,10,400.0,8,16,386.7,3,13,16,11,3,2,2,5,-22,72,61,56,27,54.125,10.425,30.125,5.999999999999999,186.625,87.8,142.5,51.0,10
337,Max Strus,Cleveland Cavaliers,SG,118,312,42,93,422.4,12,15,316.7,22,62,318.5,11,20,31,48,25,6,16,4,-32,197,149,166,79,288.89273356401384,29.78892733564014,24.9757785467128,31.79930795847751,403.7820069204152,330.9031141868512,380.8719723183391,35.66435986159169,10
338,Maxi Kleber,Dallas Mavericks,PF,27,215,8,30,182.79999999999998,6,9,300.0,5,21,216.6,3,34,37,9,16,2,3,5,37,73,64,36,46,80.92743764172333,40.3469387755102,6.777777777777778,3.458049886621315,155.07709750566897,131.50566893424036,105.73696145124717,45.88662131519274,10
339,Michael Porter Jr.,Denver Nuggets,SF,201,321,80,146,550.6,12,13,550.0,29,71,420.2,15,62,77,18,21,8,12,7,75,296,278,219,95,653.3000000000001,110.1,13.7,21.525,1312.5,1210.0,729.0,150.6,10
340,Mikal Bridges,Brooklyn Nets,SF,169,365,60,153,381.29999999999995,23,33,544.4,26,81,340.2,7,35,42,44,13,13,15,2,21,255,211,213,86,793.1115702479339,40.77685950413223,39.65702479338843,31.557851239669425,917.4132231404959,915.1280991735537,777.0,98.8305785123967,10
341,Mike Conley,Minnesota Timberwolves,PG,99,290,35,83,389.8,14,16,433.3,15,46,308.3,8,25,33,48,14,12,17,0,-46,180,132,147,81,316.8347107438016,34.33884297520661,53.85537190082645,18.582644628099175,237.01239669421486,173.83471074380165,346.36776859504135,121.83884297520659,10
342,Mike Muscala,Oklahoma City Thunder,C,26,115,9,31,234.2,1,2,50.0,7,22,250.0,5,14,19,5,5,2,1,1,34,50,45,31,24,84.89,11.0,6.25,9.56,162.44,142.09,98.24,24.25,9
343,Miles Bridges,Charlotte Hornets,SF,203,392,82,188,436.2,19,26,566.7,20,69,284.1,12,74,86,27,15,10,24,3,-111,316,289,230,113,490.66399999999993,95.184,28.199999999999996,19.936,995.3760000000002,840.6959999999999,617.904,150.82399999999998,10
344,Miles McBride,New York Knicks,PG,90,265,34,85,430.0,5,6,266.7,17,45,353.0,6,11,17,29,19,11,4,2,-35,136,107,119,46,268.6814404432133,12.18005540166205,100.40720221606648,18.14681440443213,554.409972299169,350.0858725761773,456.9335180055402,128.65927977839334,10
345,Mo Bamba,Philadelphia 76ers,C,33,143,13,34,301.7,5,8,125.0,2,9,66.7,11,29,40,8,18,1,9,10,-25,81,73,41,48,100.32499999999999,50.22500000000001,9.600000000000001,3.6000000000000005,183.4,194.6,89.125,59.825,10
346,Monte Morris,Minnesota Timberwolves,PG,53,154,20,52,431.1,5,7,275.0,8,21,341.6,3,12,15,30,4,6,2,1,20,98,68,83,45,93.4140625,18.65625,41.1640625,3.90625,212.0,126.1640625,154.65625,84.4140625,10
347,Moritz Wagner,Orlando Magic,C,114,181,42,65,626.0,27,32,603.1,3,11,233.3,17,37,54,12,18,6,12,1,28,180,168,126,66,350.92561983471074,60.23140495867768,6.0,2.103305785123967,548.7768595041323,586.2314049586777,322.01652892561987,57.68595041322313,10
348,Moses Brown,Portland Trail Blazers,C,13,28,6,10,233.3,1,3,33.3,0,0,0.0,4,5,9,2,4,0,2,1,7,24,22,15,11,18.0,11.0,3.1020408163265314,0.0,24.102040816326532,25.0,14.816326530612246,16.387755102040817,3
349,Moses Moody,Golden State Warriors,SG,84,210,33,77,438.6,9,12,233.3,9,34,242.1,10,31,41,5,12,8,8,8,30,130,125,89,46,203.3,59.400000000000006,2.5,19.799999999999997,370.4,354.9,215.8,64.9,10
350,Mouhamadou Gueye,Toronto Raptors,F,2,6,1,3,33.3,0,0,0.0,0,0,0.0,2,1,3,0,1,0,0,2,4,5,5,2,3,1.0,0.25,0.0,0.0,2.25,2.25,1.0,0.25,1
351,Moussa Diabate,LA Clippers,F,2,7,1,1,100.0,0,2,0.0,0,0,0.0,1,3,4,0,0,1,0,1,1,6,6,2,4,0.0,0.0,0.0,0.0,0.0,0.0,0.0,0.0,1
352,Myles Turner,Indiana Pacers,C,170,271,59,116,513.5,40,50,711.7,12,41,246.29999999999998,17,62,79,7,28,5,18,22,11,256,249,177,86,395.46020761245677,65.31833910034602,5.844290657439446,13.612456747404844,427.3771626297578,408.59861591695494,430.39100346020757,55.010380622837374,10
353,Naji Marshall,New Orleans Pelicans,SF,65,204,26,49,387.5,2,3,150.0,11,24,391.6,7,36,43,22,9,9,11,4,74,130,108,87,65,356.8131487889274,53.844290657439444,17.60553633217993,12.916955017301042,396.2145328719723,396.0415224913495,337.9896193771626,90.44636678200692,10
354,Nassir Little,Phoenix Suns,SF,9,50,3,12,133.3,0,0,0.0,3,8,200.0,0,10,10,3,6,0,1,2,-8,22,19,12,13,13.078125,5.953125,3.453125,1.453125,22.828125,23.25,13.25,8.8125,5
355,Nate Hinton,Houston Rockets,G,10,15,3,5,60.0,2,3,66.7,2,3,66.7,1,2,3,2,2,1,0,1,13,15,13,12,5,43.559999999999995,4.840000000000001,1.44,1.9599999999999997,100.0,77.44000000000001,60.839999999999996,11.559999999999999,1
356,Nathan Mensah,Charlotte Hornets,C,4,45,2,5,66.7,0,0,0.0,0,0,0.0,4,4,8,0,8,1,1,2,-10,12,12,4,8,12.88888888888889,7.555555555555557,0.0,0.0,40.0,40.0,12.88888888888889,7.555555555555557,5
357,Naz Reid,Minnesota Timberwolves,C,160,289,55,120,449.6,26,34,654.2,24,57,388.7,15,51,66,17,24,6,16,15,-10,243,226,177,83,814.9340277777777,51.11111111111111,8.5,52.5,746.15625,664.15625,887.6006944444445,68.94444444444444,10
358,Neemias Queta,Boston Celtics,C,39,72,19,26,443.4,1,2,100.0,0,0,0.0,12,15,27,4,7,3,3,6,61,70,66,43,31,30.84375,42.09375,1.375,0.0,117.5,130.375,24.84375,36.59375,6
359,Nic Claxton,Brooklyn Nets,C,132,302,54,84,647.6,24,36,508.9,0,0,0.0,16,67,83,26,25,5,14,17,7,241,215,158,109,187.96694214876032,74.38429752066116,8.764462809917356,0.0,325.97520661157023,289.8223140495868,202.2190082644628,105.0495867768595,10
360,Nick Jr. Smith,Charlotte Hornets,G,56,175,18,63,306.1,8,9,187.5,12,35,291.6,3,10,13,17,18,4,5,0,0,86,69,73,30,214.0390625,10.6640625,16.1015625,15.1015625,240.9765625,221.0,218.15625,42.625,10
361,Nick Richards,Charlotte Hornets,C,111,291,46,67,670.9,19,27,471.4,0,1,0.0,34,59,93,7,23,8,12,11,-53,211,204,118,100,301.125,108.35069444444444,10.184027777777779,0.0,476.5,457.3506944444444,304.18402777777777,134.625,10
362,Nickeil Alexander-Walker,Minnesota Timberwolves,SG,90,249,34,82,409.1,8,9,450.0,14,39,385.0,8,18,26,28,12,6,8,7,15,144,116,118,54,190.85069444444443,49.15625,31.736111111111114,16.73611111111111,307.06944444444446,207.61111111111111,251.26736111111111,119.93402777777777,10
363,Nicolas Batum,Philadelphia 76ers,PF,39,231,13,43,219.6,5,5,200.0,8,30,201.6,13,31,44,16,19,8,6,5,-31,99,83,55,60,102.13223140495867,67.95041322314049,14.041322314049587,4.9338842975206605,249.85950413223142,208.0,99.0,126.98347107438016,9
364,Nikola Jokic,Denver Nuggets,C,267,365,107,177,626.2,44,48,901.4,9,27,177.0,27,109,136,106,25,20,28,10,147,509,403,373,242,472.20000000000005,141.625,130.0,14.900000000000002,958.925,603.125,669.0,430.625,10
365,Nikola Jovic,Miami Heat,F,82,214,29,59,475.6,9,13,325.0,15,36,435.8,2,42,44,23,17,7,10,4,24,149,126,105,67,338.5443786982249,43.00591715976331,16.59763313609467,17.224852071005916,593.8639053254437,513.1005917159764,396.6094674556213,82.30177514792899,10
366,Nikola Vucevic,Chicago Bulls,C,211,339,94,191,485.2,8,11,350.0,15,46,319.2,37,75,112,28,26,4,24,5,-95,351,323,239,140,377.6502835538752,55.09640831758035,13.606805293005673,6.504725897920604,609.9413988657845,505.586011342155,473.5141776937618,77.19470699432893,10
367,Noah Clowney,Brooklyn Nets,F,8,41,3,6,50.0,0,0,0.0,0,2,0.0,3,4,7,5,2,2,1,0,-7,20,15,13,12,44.546875,6.75,2.0,0.046875,76.421875,81.921875,39.046875,8.75,3
368,Norman Powell,LA Clippers,G,170,299,63,133,469.7,12,17,333.3,32,79,422.2,4,28,32,14,18,9,11,2,-9,216,202,184,46,422.44628099173553,21.607438016528928,18.87603305785124,30.776859504132233,450.5,501.0123966942149,363.65289256198344,48.764462809917354,10
369,Obi Toppin,Indiana Pacers,PF,92,191,36,63,536.1,8,10,400.0,12,31,356.7,9,30,39,9,14,7,8,8,58,140,131,101,48,340.825,44.925,22.125,7.7,586.625,557.0,367.79999999999995,69.7,10
370,Ochai Agbaji,Toronto Raptors,G,65,193,25,63,381.1,7,10,250.0,8,26,202.6,10,17,27,9,19,4,7,6,-38,101,92,74,36,265.2448979591837,62.696145124716544,4.927437641723356,13.927437641723355,480.83673469387753,479.31519274376416,273.90022675736964,60.489795918367356,10
371,Olivier Sarr,Oklahoma City Thunder,C,11,22,4,7,125.0,3,5,116.7,0,1,0.0,4,4,8,0,3,0,1,1,-14,19,19,11,8,34.92,6.920000000000002,0.0,0.0,59.68000000000001,59.68000000000001,34.92,6.920000000000002,3
372,OlivierMaxence Prosper,Dallas Mavericks,F,10,31,3,6,150.0,4,7,57.1,0,2,0.0,2,6,8,0,1,1,1,1,-14,18,18,10,8,22.66666666666667,9.925925925925926,0.0,0.0,61.925925925925924,61.925925925925924,22.66666666666667,9.925925925925926,3
373,Omer Yurtseven,Utah Jazz,C,19,47,9,14,183.3,1,3,50.0,0,1,0.0,9,8,17,3,5,1,2,3,-5,39,36,22,20,76.19444444444446,29.444444444444443,7.0,0.027777777777777776,196.75,146.25,118.36111111111111,44.77777777777777,4
374,Onuralp Bitim,Chicago Bulls,SF,46,115,17,38,270.3,3,4,150.0,9,23,273.4,5,12,17,4,9,1,4,1,-10,67,63,50,21,196.4375,39.54861111111111,1.75,5.527777777777778,377.44444444444446,366.8611111111111,205.9375,42.38194444444444,7
375,Onyeka Okongwu,Atlanta Hawks,PF,138,278,57,82,646.7,16,21,492.9,8,16,433.3,32,40,72,9,27,4,5,15,24,219,210,147,81,182.0,136.0,8.0,4.888888888888889,502.0,486.0,198.0,144.0,9
376,Orlando Robinson,Miami Heat,C,2,34,1,5,33.3,0,0,0.0,0,1,0.0,4,8,12,2,4,1,3,0,3,16,14,4,14,3.0,12.546875,1.1875,0.0,22.171875,15.796875,4.6875,18.421875,3
377,Oscar Tshiebwe,Indiana Pacers,C,3,5,1,3,33.3,1,2,50.0,0,0,0.0,2,0,2,0,1,0,0,1,8,5,5,3,2,0.25,0.0,0.0,0.0,0.25,0.25,0.25,0.0,1
378,Oshae Brissett,Boston Celtics,SF,34,117,11,26,232.9,10,18,405.0,2,9,133.3,9,25,34,14,11,4,4,1,27,82,68,48,48,114.66666666666669,69.02666666666666,20.373333333333335,1.6266666666666667,381.64000000000004,259.02666666666664,221.04,105.63999999999999,9
379,Ousmane Dieng,Oklahoma City Thunder,F,28,90,10,25,324.4,4,4,200.0,4,14,220.0,1,7,8,14,3,3,6,3,16,50,36,42,22,108.0,6.0,17.5,4.0,209.5,150.0,163.5,27.5,8
380,P.J. Tucker,LA Clippers,PF,7,56,3,10,33.3,0,0,0.0,1,6,16.7,5,6,11,2,3,0,2,1,-17,20,18,9,13,41.16,20.439999999999998,3.3600000000000003,0.8400000000000001,154.0,112.56,68.04,38.36,4
381,P.J. Washington,Dallas Mavericks,PF,122,316,45,99,450.9,13,15,450.0,19,58,297.5,13,40,53,11,17,13,10,9,-2,186,175,133,64,376.8544423440453,38.183364839319474,10.020793950850662,23.514177693761813,512.5103969754252,491.77504725897916,403.57844990548205,42.215500945179585,10
382,Paolo Banchero,Orlando Magic,PF,233,346,87,177,491.1,43,57,715.5,16,45,329.2,8,57,65,53,19,6,37,8,7,351,298,286,118,446.325,22.5,73.0,26.5,708.125,551.825,609.625,88.5,10
383,Pascal Siakam,Indiana Pacers,PF,196,324,79,156,500.9,28,34,794.5,10,30,312.4,18,54,72,37,24,4,9,5,-50,305,268,233,109,273.625,111.2,40.2,8.4,505.725,366.22499999999997,365.125,199.4,10
384,Pat Connaughton,Milwaukee Bucks,SG,73,237,25,52,468.4,9,11,325.0,14,37,365.3,6,25,31,14,9,9,6,5,4,118,104,87,45,208.35727788279775,32.02079395085066,30.578449905482042,12.593572778827975,310.6918714555766,285.6937618147448,234.10018903591683,61.85444234404536,10
385,Patrick Baldwin Jr.,Washington Wizards,F,19,55,7,21,176.7,2,3,150.0,3,13,83.3,2,12,14,2,5,1,2,1,10,35,33,21,16,24.80555555555556,14.88888888888889,1.2222222222222223,1.25,25.47222222222222,32.13888888888889,21.25,13.0,5
386,Patrick Beverley,Milwaukee Bucks,PG,57,189,20,54,319.6,8,10,416.7,9,29,252.9,10,29,39,16,18,10,6,7,-69,112,96,73,55,205.12809917355372,80.05785123966943,22.5,8.929752066115702,537.5371900826447,432.400826446281,303.99173553719004,108.8305785123967,10
387,Patty Mills,Atlanta Hawks,PG,2,42,1,8,25.0,0,0,0.0,0,6,0.0,2,5,7,2,1,3,1,0,-1,11,9,4,9,63.0625,4.8125,1.25,3.0625,59.75,65.0,54.5625,9.3125,4
388,Patty Mills,Miami Heat,PG,20,30,8,14,114.30000000000001,0,0,0.0,4,8,100.0,0,4,4,0,3,0,1,0,22,24,24,20,4,81.28125,0.28125,0.125,4.53125,84.125,90.0,75.78125,0.03125,2
389,Paul George,LA Clippers,F,212,351,76,164,456.0,30,39,657.1,30,83,358.8,3,52,55,36,26,13,19,6,24,303,267,248,91,407.5864197530863,9.611111111111109,55.58641975308642,21.512345679012345,425.61111111111103,409.4938271604939,420.0,68.90123456790123,10
390,Paul Reed,Philadelphia 76ers,SF,99,244,43,80,549.6,6,8,400.0,7,11,350.0,31,43,74,16,32,5,8,18,-3,189,173,115,90,318.9669421487603,103.7892561983471,12.466942148760332,6.338842975206612,808.2892561983471,684.9462809917355,416.5,142.06611570247935,10
391,Payton Pritchard,Boston Celtics,PG,93,203,38,69,446.4,0,0,0.0,17,38,301.7,7,27,34,23,11,5,9,0,58,150,127,116,57,708.7190082644627,51.35537190082645,64.36776859504131,34.33884297520662,1316.2851239669421,933.1487603305786,991.2438016528926,216.33471074380168,10
392,Peyton Watson,Denver Nuggets,F,69,183,27,58,460.6,10,17,280.0,5,21,308.3,6,26,32,8,13,5,11,15,-6,109,101,77,40,136.21995464852608,33.31519274376417,13.63265306122449,2.7777777777777777,280.3469387755102,276.9591836734694,134.11111111111111,52.44444444444445,10
393,Precious Achiuwa,New York Knicks,PF,123,336,47,93,504.7,23,36,499.4,6,19,283.3,39,54,93,18,22,11,17,19,21,234,216,141,111,365.1994459833795,98.00831024930748,24.34903047091413,4.409972299168976,782.8476454293628,564.3047091412742,516.9335180055401,189.16620498614958,10
394,Quentin Grimes,Detroit Pistons,SG,46,151,15,57,165.9,9,9,300.0,7,37,120.0,1,19,20,15,8,6,6,4,-28,81,66,61,35,151.75,21.0,8.9375,8.109375,263.9375,233.75,171.4375,40.4375,7
395,R. Rupert,Portland Trail Blazers,G,23,95,8,22,238.10000000000002,2,2,100.0,5,12,225.0,7,10,17,9,12,3,5,0,-7,49,40,32,26,137.77777777777777,19.548611111111107,9.75,7.75,222.9375,242.4375,125.52777777777777,22.04861111111111,7
396,RJ Barrett,Toronto Raptors,SG,208,328,85,152,559.5,20,43,406.1,18,37,425.0,9,42,51,46,22,5,28,4,-39,305,259,254,97,256.65625,57.3515625,50.625,15.6015625,459.2265625,309.7890625,400.65625,113.4140625,10
397,Reggie Bullock,Houston Rockets,SF,15,51,5,12,191.6,0,0,0.0,5,11,199.89999999999998,1,8,9,1,3,1,0,0,20,25,24,16,10,24.328125,7.703125,0.828125,2.703125,37.203125,36.8125,26.0,7.25,5
398,Reggie Jackson,Denver Nuggets,PG,56,170,24,72,307.3,0,0,0.0,8,36,225.8,1,9,10,22,15,2,8,1,27,88,66,78,32,130.44444444444443,7.832199546485261,24.244897959183675,3.6326530612244894,229.77777777777774,153.73696145124717,206.11791383219955,32.444444444444436,10
399,Richaun Holmes,Washington Wizards,F,59,147,24,39,479.7,10,11,350.0,1,1,100.0,14,25,39,6,18,5,4,4,-8,104,98,65,45,272.125,87.7265625,6.625,0.9140625,610.6015625,591.6640625,289.0,96.4140625,10
400,Ricky IV Council,Philadelphia 76ers,G,71,132,24,56,394.0,22,31,592.5,1,14,25.0,7,22,29,5,8,0,3,0,-20,105,100,76,34,395.66049382716045,86.27777777777779,4.623456790123457,0.9444444444444445,888.2777777777776,808.1975308641976,457.11111111111103,109.53086419753087,10
401,Robin Lopez,Milwaukee Bucks,C,6,23,3,9,37.5,0,0,0.0,0,2,0.0,1,0,1,1,3,1,0,2,-16,8,7,7,2,20.0,0.5,0.625,0.0,21.125,26.5,15.625,0.125,2
402,Royce O'Neale,Phoenix Suns,PF,92,318,32,90,299.8,5,6,250.0,23,66,295.8,9,55,64,38,22,11,8,6,36,194,156,130,102,432.9750566893424,71.83673469387755,41.31519274376417,30.138321995464853,873.1383219954648,782.4988662131519,518.172335600907,118.59410430839003,10
403,Rudy Gobert,Minnesota Timberwolves,C,138,365,56,85,661.7,26,39,605.0,0,1,0.0,43,107,150,12,38,5,17,25,31,300,288,150,162,256.625,98.1,9.600000000000001,0.0,388.225,401.82500000000005,221.02499999999998,129.70000000000002,10
404,Rui Hachimura,Los Angeles Lakers,PF,149,308,63,120,508.4,5,9,300.0,18,40,465.0,7,30,37,10,17,8,7,4,-47,196,186,159,47,444.77777777777777,40.56944444444444,10.277777777777779,11.65625,403.06944444444446,418.625,434.5,45.56944444444444,10
405,Russell Westbrook,LA Clippers,PG,93,216,37,98,389.9,15,21,523.3,4,26,95.0,8,19,27,29,17,13,15,1,-10,149,120,122,56,174.6,24.2,34.77777777777777,4.444444444444445,319.5777777777778,275.6,197.64444444444445,79.91111111111111,10
406,Saben Lee,Phoenix Suns,G,35,98,9,28,194.29999999999998,15,20,416.7,2,9,83.3,3,15,18,17,6,4,2,0,11,70,53,52,35,199.22222222222223,25.5,5.222222222222221,1.5555555555555558,351.5,351.55555555555554,198.0,31.888888888888893,8
407,Saddiq Bey,Atlanta Hawks,SF,146,337,48,125,372.4,31,35,800.0,19,59,298.4,29,32,61,14,7,4,10,4,-23,221,207,160,75,388.5,69.30000000000001,8.425,15.000000000000002,414.925,468.20000000000005,341.22499999999997,71.725,10
408,Sam Hauser,Boston Celtics,SF,79,183,28,53,543.4,0,0,0.0,23,46,529.4,2,30,32,6,10,4,2,6,102,117,111,85,38,379.6942148760331,36.5,4.429752066115703,30.140495867768593,404.3347107438017,398.6487603305785,383.0165289256198,43.29338842975206,10
409,Sam Merrill,Cleveland Cavaliers,SG,63,194,20,68,291.6,4,4,300.0,19,65,265.8,4,18,22,18,12,3,1,1,-28,103,85,81,40,329.1280991735538,17.884297520661157,24.037190082644628,41.19834710743802,392.8347107438017,391.09504132231405,339.3305785123967,33.45867768595042,10
410,Sandro Mamukelashvili,San Antonio Spurs,PF,10,31,5,10,130.0,0,1,0.0,0,1,0.0,4,1,5,2,3,2,0,0,14,17,15,12,7,51.100591715976336,0.8698224852071007,1.0532544378698225,0.0,60.467455621301774,52.940828402366876,59.467455621301774,1.0828402366863907,4
411,Santi Aldama,Memphis Grizzlies,PF,108,304,42,91,490.8,8,11,291.7,16,43,396.4,13,42,55,28,11,5,16,14,-101,191,163,136,83,230.77551020408163,22.50566893424036,57.83219954648526,22.0,351.1224489795918,273.1179138321996,346.85260770975054,42.265306122448976,10
412,Sasha Vezenkov,Sacramento Kings,F,9,22,2,7,28.6,3,3,100.0,2,4,50.0,0,1,1,1,4,1,0,0,24,11,10,10,2,4.5,0.5,0.5,2.0,4.5,2.0,8.0,0.0,2
413,Scoot Henderson,Portland Trail Blazers,G,140,260,43,100,401.7,42,44,775.0,12,35,296.2,10,18,28,49,27,4,22,2,-46,217,168,189,77,404.1652892561983,60.93388429752066,52.553719008264466,10.03305785123967,453.25619834710744,477.396694214876,340.6694214876033,152.84297520661158,9
414,Scottie Barnes,Toronto Raptors,SF,179,333,70,155,460.1,33,39,674.9,6,36,159.89999999999998,28,63,91,75,18,13,31,14,21,345,270,254,166,386.7777777777778,98.11111111111111,83.84444444444443,4.800000000000001,825.4444444444445,588.1777777777778,576.0,230.0,10
415,Scotty Pippen Jr.,Memphis Grizzlies,G,66,152,22,50,245.0,10,16,190.4,12,22,355.0,7,13,20,29,20,8,12,4,-25,115,86,95,49,156.0,11.333333333333334,4.833333333333334,2.0,196.83333333333331,203.33333333333331,158.83333333333334,6.833333333333334,6
416,Seth Curry,Charlotte Hornets,SG,81,181,29,67,372.5,14,15,566.7,9,31,256.6,4,15,19,17,7,5,7,3,-33,117,100,98,36,233.0,12.900826446280993,16.140495867768593,4.900826446280991,334.3388429752066,276.08264462809916,269.8677685950413,50.429752066115704,10
417,Shai Gilgeous-Alexander,Oklahoma City Thunder,PG,311,336,112,204,545.1,68,78,869.5,19,43,466.70000000000005,5,50,55,60,25,16,21,13,128,426,366,371,115,301.59410430839,39.1859410430839,47.83673469387755,25.444444444444443,445.1020408163265,337.0612244897959,413.87981859410434,82.77777777777777,10
418,Shake Milton,New York Knicks,SG,38,86,16,34,301.1,2,3,66.7,4,10,150.0,7,12,19,8,5,2,4,1,-16,65,57,46,27,104.07407407407408,71.0,14.518518518518519,7.629629629629628,433.7407407407408,323.51851851851853,172.51851851851853,127.29629629629629,6
419,Simone Fontecchio,Detroit Pistons,F,152,297,56,111,489.6,13,14,366.7,27,59,426.8,6,32,38,20,18,10,11,3,-2,210,190,172,58,440.3305785123967,38.776859504132226,22.082644628099175,26.334710743801654,567.8842975206612,465.15702479338836,526.0826446280992,77.83471074380165,10
420,Skylar Mays,Los Angeles Lakers,SG,6,29,3,8,120.0,0,0,0.0,0,3,0.0,0,1,1,2,1,1,1,1,0,9,7,8,3,13.879999999999999,0.88,2.880000000000001,0.0,7.879999999999999,12.52,11.0,2.0,3
421,Spencer Dinwiddie,Los Angeles Lakers,PG,43,230,14,45,313.3,7,10,316.7,8,26,266.7,1,10,11,26,19,1,7,4,32,80,54,69,37,109.81632653061224,7.979591836734694,27.265306122448976,5.709750566893424,215.91836734693874,123.6734693877551,191.81632653061223,45.48979591836734,10
422,Stanley Umude,Detroit Pistons,G,17,49,6,13,82.5,1,1,100.0,4,7,108.3,3,2,5,1,7,0,1,1,-15,23,22,18,6,114.00000000000003,0.7499999999999999,0.7500000000000001,4.75,114.00000000000003,124.74999999999997,104.75,0.0,3
423,Stephen Curry,Golden State Warriors,PG,205,299,70,189,356.5,25,29,737.5,40,122,309.6,7,33,40,49,11,7,28,1,39,294,245,254,89,1082.289256198347,110.64876033057851,72.96694214876034,86.5,1644.5165289256197,1589.8553719008266,1200.0661157024795,120.5,10
424,Svi Mykhailiuk,Boston Celtics,SG,22,47,8,20,167.5,0,0,0.0,6,16,113.3,2,5,7,6,1,2,1,0,34,35,29,28,13,26.111111111111107,9.0,5.111111111111112,3.444444444444444,91.0,60.77777777777777,47.0,23.444444444444443,4
425,T.J. McConnell,Indiana Pacers,PG,122,193,58,97,569.9,2,3,150.0,4,5,200.0,7,23,30,53,10,13,13,2,42,205,152,175,83,358.6228373702422,40.03460207612457,46.25259515570934,6.512110726643599,542.0173010380623,452.0,444.49480968858137,90.4325259515571,10
426,T.J. Warren,Minnesota Timberwolves,SF,17,50,8,15,188.6,0,0,0.0,1,5,33.3,2,6,8,2,6,1,2,0,22,27,25,19,10,4.836734693877551,4.673469387755103,2.775510204081632,0.673469387755102,2.0,4.775510204081633,0.6734693877551021,8.836734693877553,3
427,Taj Gibson,New York Knicks,F,2,68,0,9,0.0,2,2,100.0,0,2,0.0,4,6,10,4,8,1,3,0,2,16,12,6,14,3.2222222222222223,10.555555555555554,0.888888888888889,0.0,16.222222222222225,10.0,5.0,15.88888888888889,5
428,Talen Horton-Tucker,Utah Jazz,SG,71,137,21,58,379.3,20,25,555.6,9,26,414.9,8,16,24,25,13,3,4,4,-60,120,95,96,49,81.61111111111111,54.625,22.5,3.0,291.7361111111111,190.2361111111111,157.11111111111111,103.125,10
429,Taurean Prince,Los Angeles Lakers,PF,65,201,26,61,436.0,0,1,0.0,13,36,268.6,2,28,30,13,12,4,8,4,3,108,95,78,43,160.125,30.850694444444446,10.277777777777779,16.18402777777778,287.85069444444446,277.3506944444444,165.40277777777777,46.35069444444444,10
430,Taylor Hendricks,Utah Jazz,F,70,220,28,58,514.6,3,3,200.0,11,33,406.7,16,46,62,7,28,5,8,6,-34,139,132,77,69,126.0,105.6,2.1,4.9,334.90000000000003,297.6,146.1,124.9,10
431,Taze Moore,Portland Trail Blazers,G,2,5,1,1,100.0,0,0,0.0,0,0,0.0,0,0,0,1,0,0,1,0,7,3,2,3,1,2.25,0.0,0.5625,0.0,5.0625,2.25,5.0625,0.5625,1
432,Terance Mann,LA Clippers,SG,121,270,48,77,634.2,12,12,700.0,13,27,333.3,16,29,45,17,20,2,6,2,-18,183,166,138,62,351.0,102.06994328922494,32.41776937618147,18.553875236294896,746.1493383742912,695.1568998109641,363.5047258979206,172.97542533081284,10
433,Terquavion Smith,Philadelphia 76ers,G,38,47,14,28,241.1,0,1,0.0,10,22,216.6,0,2,2,5,3,4,3,0,0,45,40,43,7,171.8125,1.3125,2.703125,14.8125,180.953125,167.0,183.203125,6.578125,5
434,Terry Rozier,Miami Heat,SG,170,318,67,145,467.6,18,20,641.7,18,51,336.9,6,37,43,60,17,8,15,2,12,273,213,230,103,160.9765625,32.125,48.15625,19.65625,396.7890625,254.2890625,306.3515625,77.40625,10
435,Terry Taylor,Chicago Bulls,F,11,46,4,8,275.0,1,2,50.0,2,3,150.0,2,10,12,3,1,1,0,0,-17,26,23,14,15,10.438016528925623,24.710743801652896,3.099173553719008,1.4049586776859502,77.0413223140496,59.29752066115704,16.314049586776857,39.67768595041322,4
436,Thaddeus Young,Phoenix Suns,F,6,29,3,6,100.0,0,2,0.0,0,0,0.0,7,3,10,0,4,1,1,0,3,16,16,6,10,11.876543209876544,18.88888888888889,4.839506172839506,0.0,27.35802469135802,12.839506172839506,30.54320987654321,19.580246913580247,2
437,Thaddeus Young,Phoenix Suns,PF,41,128,20,28,469.9,1,3,50.0,0,2,0.0,11,18,29,14,12,2,4,1,-24,84,70,55,43,132.40740740740742,22.333333333333336,28.962962962962965,0.0,354.07407407407413,192.07407407407408,265.0740740740741,80.62962962962962,6
438,Thanasis Antetokounmpo,Milwaukee Bucks,SF,8,41,4,9,216.7,0,2,0.0,0,1,0.0,2,0,2,4,7,1,2,1,-11,14,10,12,6,13.0,1.4000000000000004,1.6,0.0,22.000000000000004,17.2,16.2,4.6,5
439,Theo Maledon,Phoenix Suns,PG,5,10,1,2,50.0,3,3,100.0,0,0,0.0,0,1,1,0,3,0,3,0,-11,6,6,5,1,14.0625,0.5625,0.0,0.0,20.25,20.25,14.0625,0.5625,1
440,Thomas Bryant,Miami Heat,C,2,16,1,4,33.3,0,0,0.0,0,3,0.0,0,1,1,1,2,0,0,3,-3,4,3,3,2,2.0,0.625,0.5,0.0,8.125,4.625,4.5,2.125,2
441,Tim Hardaway Jr.,Dallas Mavericks,SF,93,209,32,93,336.3,11,16,450.0,18,58,274.4,2,21,23,15,9,4,7,2,-9,131,116,108,38,293.4272211720227,27.052930056710775,19.071833648393195,23.342155009451794,437.0,397.2022684310018,340.74858223062387,38.60113421550094,10
442,Tobias Harris,Philadelphia 76ers,PF,160,345,66,152,414.2,14,18,658.3,14,45,282.7,15,62,77,24,17,14,9,6,-13,261,237,184,101,644.7700831024931,104.00831024930748,27.373961218836563,23.606648199445985,1051.2160664819944,914.180055401662,739.5678670360111,173.62049861495845,10
443,Torrey Craig,Chicago Bulls,SF,41,166,14,36,281.6,3,4,150.0,10,30,255.0,8,23,31,10,12,4,7,6,-37,82,72,51,41,89.89583333333334,38.0,21.0,5.0,291.7291666666667,224.5625,137.0625,79.0,9
444,Tosan Evbuomwan,Detroit Pistons,F,17,90,7,18,314.3,0,0,0.0,3,9,183.3,8,8,16,6,6,1,1,1,-34,39,33,23,22,14.833333333333332,107.33333333333334,8.0,1.5,197.5,137.5,28.833333333333332,161.33333333333334,6
445,Toumani Camara,Portland Trail Blazers,F,101,258,36,69,514.3,18,21,616.7,11,20,475.0,27,32,59,18,20,5,12,4,15,178,160,119,77,294.125,71.125,12.225000000000001,11.125,619.625,520.4000000000001,372.5,104.20000000000002,10
446,Trae Young,Atlanta Hawks,PG,235,370,76,173,432.4,45,55,813.4,38,93,399.0,2,18,20,109,22,11,45,2,-38,364,255,344,129,749.99173553719,12.0,83.0,44.247933884297524,779.1735537190083,615.99173553719,917.1735537190083,91.0,10
447,Trayce JacksonDavis,Golden State Warriors,F,83,172,37,47,789.9,9,21,361.7,0,0,0.0,19,32,51,13,20,4,7,12,-7,147,134,96,64,137.56944444444446,85.56944444444443,22.569444444444446,0.0,396.56944444444446,305.77777777777777,172.0,164.5,10
448,Tre Jones,San Antonio Spurs,PG,82,287,31,54,571.1,11,13,383.3,9,19,335.0,7,35,42,75,10,7,16,1,30,199,124,157,117,238.50661625708884,37.84499054820416,70.50472589792061,15.158790170132326,454.5349716446125,329.8638941398866,339.24574669187143,132.28166351606805,10
449,Tre Mann,Charlotte Hornets,PG,119,309,44,97,446.5,15,19,615.0,16,37,388.3,4,49,53,43,21,16,15,0,-29,215,172,162,96,229.59504132231405,46.239669421487605,23.925619834710744,10.429752066115702,470.5206611570248,381.05785123966945,281.86776859504135,107.35537190082644,10
450,Trendon Watford,Brooklyn Nets,PF,78,139,27,56,579.9,19,20,550.0,5,13,300.0,10,23,33,3,19,0,9,5,-54,114,111,81,36,293.9753086419753,55.444444444444436,2.1049382716049383,4.777777777777779,530.9444444444445,494.0123456790123,328.2777777777778,60.17901234567901,10
451,Trent Forrest,Atlanta Hawks,G,13,59,6,11,225.0,1,2,50.0,0,1,0.0,1,5,6,13,6,0,1,0,-7,32,19,26,19,41.269999999999996,7.0,19.75,0.0,89.72,76.47,63.52,17.75,7
452,Trevelin Queen,Orlando Magic,SG,0,8,0,2,0.0,0,0,0.0,0,1,0.0,0,1,1,0,1,0,0,0,-12,1,1,0,1,0.0,0.25,0.0,0.0,0.25,0.25,0.0,0.25,1
453,Trey Jemison,Memphis Grizzlies,C,57,211,25,49,461.4,7,10,350.0,0,0,0.0,20,27,47,10,34,4,13,10,-51,114,104,67,57,146.23611111111111,33.44444444444444,8.277777777777777,0.0,320.625,294.73611111111114,162.90277777777777,50.94444444444444,10
454,Trey Lyles,Sacramento Kings,PF,57,190,20,49,432.9,12,16,625.0,5,23,236.7,12,28,40,8,19,1,7,3,-5,105,97,65,48,86.92743764172334,16.090702947845806,7.832199546485261,7.267573696145124,169.44444444444443,120.67346938775506,121.40816326530611,38.21315192743764,10
455,Trey Murphy III,New Orleans Pelicans,SG,177,316,57,126,426.2,22,31,633.4,41,100,376.6,10,48,58,26,14,14,3,8,113,261,235,203,84,1005.0,55.25207756232687,36.96952908587257,77.90304709141273,1201.8254847645428,1222.1468144044322,983.3379501385041,93.56232686980607,10
456,Troy Brown Jr.,Detroit Pistons,SF,30,95,11,30,232.9,2,2,100.0,6,18,206.6,2,16,18,8,6,1,3,0,-31,56,48,38,26,71.86776859504134,23.685950413223136,8.066115702479337,3.834710743801653,195.4214876033058,153.10743801652893,109.42148760330578,36.51239669421488,8
457,TyTy Washington Jr.,Milwaukee Bucks,G,0,8,0,2,0.0,0,0,0.0,0,1,0.0,0,0,0,1,0,0,0,0,-4,1,0,1,1,0.0,0.0,0.44444444444444453,0.0,0.44444444444444453,0.0,0.44444444444444453,0.44444444444444453,1
458,Tyler Herro,Miami Heat,PG,165,290,64,148,394.5,10,13,333.4,27,69,369.6,3,45,48,47,9,0,12,1,52,260,213,212,95,148.0,24.0,23.555555555555557,12.0,266.88888888888886,188.0,200.22222222222223,74.22222222222223,9
459,Tyrese Haliburton,Indiana Pacers,PG,163,329,60,140,398.3,23,27,521.7,20,73,245.1,4,33,37,98,8,12,22,3,0,298,200,261,135,503.3434903047091,41.57617728531856,102.42659279778394,26.02770083102493,1108.0941828254847,603.4293628808864,1005.8698060941829,146.14127423822714,10
460,Tyrese Maxey,Philadelphia 76ers,PG,264,379,96,216,444.8,44,47,825.0,28,77,357.3,6,42,48,56,23,10,24,3,-63,368,312,320,104,414.08284023668637,52.84023668639053,33.25443786982249,14.0,701.7159763313609,595.9408284023668,486.1301775147929,119.82248520710058,10
461,Tyus Jones,Washington Wizards,PG,92,302,37,80,432.9,2,2,200.0,16,42,395.8,5,22,27,100,3,8,12,2,-73,219,119,192,127,334.3083900226757,36.16553287981859,191.83219954648524,18.444444444444443,843.9750566893424,526.8367346938776,618.4444444444443,261.0,10
462,Udoka Azubuike,Phoenix Suns,C,2,11,1,3,33.3,0,2,0.0,0,0,0.0,2,4,6,0,1,0,0,0,-3,8,8,2,6,1.7777777777777781,13.444444444444443,0.0,0.0,25.0,25.0,1.7777777777777781,13.444444444444443,1
463,Vasilije Micic,Charlotte Hornets,G,108,267,42,99,419.59999999999997,15,16,566.7,9,38,233.6,6,19,25,57,10,9,25,0,-95,190,133,165,82,308.38429752066116,34.83057851239669,51.231404958677686,8.96694214876033,549.6528925619835,469.59504132231405,366.21900826446284,108.28512396694215,10
464,Victor Wembanyama,San Antonio Spurs,C,234,304,83,171,489.9,44,57,697.4,24,59,419.1,23,96,119,48,21,20,35,52,34,401,353,282,167,389.0581717451523,37.97506925207756,33.94459833795014,12.759002770083102,641.459833795014,474.5124653739611,549.1800554016621,78.74515235457062,10
465,Vince Williams Jr.,Memphis Grizzlies,G,127,336,42,92,459.70000000000005,30,38,723.3,13,34,328.8,8,54,62,61,30,12,34,9,-54,250,189,188,123,223.84764542936287,72.2382271468144,33.13296398891967,16.878116343490305,496.0,470.18559556786704,229.2908587257618,125.74238227146813,10
466,Vit Krejci,Atlanta Hawks,G,6,44,2,8,53.3,0,0,0.0,2,6,75.0,1,2,3,8,1,3,1,1,-1,17,9,14,11,4.5,1.8888888888888893,8.722222222222223,0.5,35.22222222222223,11.38888888888889,24.22222222222223,14.722222222222221,2
467,Walker Kessler,Utah Jazz,C,86,244,37,64,610.1,12,15,525.0,0,3,0.0,30,49,79,14,22,7,11,25,-47,179,165,100,93,162.57777777777778,73.44444444444444,8.8,0.0,374.1111111111111,347.84444444444443,183.11111111111111,87.97777777777777,10
468,Wendell Carter Jr.,Orlando Magic,C,117,260,43,79,564.9,19,27,465.0,12,30,340.1,30,51,81,16,20,5,13,8,0,214,198,133,97,160.10000000000002,117.925,4.4,9.625,393.425,354.625,182.1,139.125,10
469,Wendell Moore Jr.,Minnesota Timberwolves,G,2,5,1,1,100.0,0,0,0.0,0,0,0.0,0,2,2,0,1,0,0,0,8,4,4,2,2,1.7777777777777781,2.25,0.027777777777777776,0.0,7.1111111111111125,8.027777777777777,1.3611111111111107,1.7777777777777781,1
470,Wenyen Gabriel,Memphis Grizzlies,F,8,34,4,8,93.3,0,5,0.0,0,2,0.0,2,7,9,2,3,2,3,0,1,19,17,10,11,8.88888888888889,0.5555555555555558,2.2222222222222223,0.0,5.0,13.888888888888888,2.222222222222222,0.5555555555555558,2
471,Wesley Matthews,Atlanta Hawks,SG,14,38,5,9,233.3,0,1,0.0,4,7,240.0,0,7,7,1,3,1,0,2,-6,22,21,15,8,26.444444444444443,16.11111111111111,0.7777777777777779,2.4444444444444446,64.1111111111111,67.0,25.444444444444446,15.0,4
472,Xavier Tillman,Boston Celtics,F,28,100,11,20,262.5,5,8,150.0,1,4,50.0,6,12,18,7,8,5,0,3,-11,53,46,35,25,46.48979591836735,10.244897959183673,5.530612244897959,0.816326530612245,92.38775510204081,67.83673469387755,70.26530612244898,16.551020408163264,5
473,Yuta Watanabe,Memphis Grizzlies,SF,20,90,9,23,150.0,0,2,0.0,2,12,64.3,0,9,9,5,5,5,4,0,-31,34,29,25,14,114.74074074074076,11.0,3.2962962962962963,1.4074074074074074,136.74074074074073,132.40740740740742,114.40740740740739,18.962962962962965,6
474,Zach Collins,San Antonio Spurs,PF,110,188,45,86,524.7,10,20,336.7,10,14,583.4,16,31,47,25,24,4,19,8,-45,182,157,135,72,306.40000000000003,80.725,26.5,7.2250000000000005,606.625,523.125,360.90000000000003,136.225,10
475,Zeke Nnaji,Denver Nuggets,PF,30,110,10,25,338.3,10,12,400.0,0,3,0.0,10,11,21,5,10,3,2,12,-18,56,51,35,26,72.86505190311419,8.916955017301039,4.716262975778547,0.0,134.0,109.53979238754324,92.44636678200692,18.5121107266436,10
476,Ziaire Williams,Memphis Grizzlies,F,86,223,32,76,319.0,13,16,421.4,9,36,163.7,5,29,34,14,11,9,11,0,-44,134,120,100,48,399.5,29.5,13.5,12.875,607.5,516.0,492.0,42.0,8
477,Zion Williamson,New Orleans Pelicans,PF,223,317,89,159,561.1,44,59,722.5,1,3,50.0,18,45,63,70,20,6,25,13,55,356,286,293,133,491.8827160493827,80.69753086419753,63.141975308641975,0.919753086419753,654.104938271605,600.716049382716,540.1111111111111,149.0,10
