,First Last Name,team,position,points,minutes,fgm,fga,fgp,ftm,fta,ftp,tpm,tpa,tpp,offReb,defReb,totReb,assists,pFouls,steals,turnovers,blocks,plusMinus,Points_Rebounds_Assist,Points_Rebounds,Points_Assist,Rebounds_Assist,points_deviation,totReb_deviation,assists_deviation,tpm_deviation,Points_Rebounds_Assist_deviation,Points_Rebounds_deviation,Points_Assist_deviation,Rebounds_Assist_deviation,count
0,A. Flagler,Oklahoma City Thunder,F,0,6,0,3,0.0,0,0,0.0,0,3,0.0,0,0,0,1,0,0,0,0,0,1,0,1,1,0.0,0.0,0.0,0.0,0.0,0.0,0.0,0.0,1
1,A.J. Green,Milwaukee Bucks,G,59,157,19,42,420.9,5,6,200.0,16,37,354.3,3,14,17,3,10,5,4,2,40,79,76,62,20,260.37744140625,30.43994140625,4.15625,26.47119140625,431.337890625,409.634765625,276.55712890625,40.11962890625,10
2,A.J. Lawson,Dallas Mavericks,G,26,52,11,26,323.3,2,6,100.0,2,9,100.0,2,7,9,4,5,1,0,1,1,39,35,30,13,58.71999999999999,8.0,2.7200000000000006,1.8199999999999998,83.88,79.72,60.88,12.72,8
3,Aaron Gordon,Denver Nuggets,PF,145,328,54,102,574.3,31,46,637.1,6,20,166.6,29,43,72,48,23,4,15,7,48,265,217,193,120,284.55406574394465,71.36894463667821,40.01254325259516,6.401384083044983,395.526384083045,479.3044982698962,253.84429065743944,58.31314878892734,10
4,Aaron Holiday,Houston Rockets,G,62,153,21,46,354.0,10,10,300.0,10,23,348.3,5,9,14,17,16,6,4,0,4,93,76,79,31,327.8640625,28.70625,13.0,10.05625,598.1140625,529.5390625,381.0890625,57.056250000000006,10
5,Aaron Nesmith,Indiana Pacers,SF,115,308,43,98,449.8,11,11,500.0,18,55,314.5,10,28,38,19,36,3,9,7,54,172,153,134,57,121.69926538108355,14.279155188246095,15.069788797061525,11.640495867768596,136.96097337006424,122.40082644628102,123.98025711662076,41.62809917355372,10
6,Aaron Wiggins,Oklahoma City Thunder,SG,107,226,42,79,546.1,13,15,430.0,10,21,375.0,9,16,25,21,17,16,13,4,-18,153,132,128,46,515.3385682980278,14.616873630387143,28.831628926223523,12.007304601899197,731.1150474799123,601.127830533236,660.9700511322133,27.804236669101535,10
7,Admiral Schofield,Orlando Magic,SF,8,18,3,6,116.7,0,0,0.0,2,4,150.0,0,4,4,1,1,1,0,0,-20,13,12,9,5,17.046875000000004,1.0885416666666665,0.7135416666666666,0.921875,25.421875,21.520833333333336,19.33333333333333,3.4166666666666665,3
8,Al Horford,Boston Celtics,C,131,282,50,86,613.0,7,8,350.0,24,50,488.3,14,41,55,23,10,7,10,6,108,209,186,154,78,407.63140495867765,33.631404958677685,8.120661157024793,30.148760330578508,343.63471074380163,367.7256198347107,400.84628099173557,24.44628099173554,10
9,Alec Burks,New York Knicks,SG,52,124,16,57,202.7,11,14,371.4,9,31,209.89999999999998,1,16,17,7,3,4,5,0,-1,76,69,59,24,337.7644355070382,22.466245331801204,4.4288997414536055,10.037632864119505,580.4228669922436,511.93191611605863,394.2910083309394,38.85952312553864,10
10,Aleksej Pokusevski,Charlotte Hornets,F,82,210,26,60,461.7,21,27,541.7,9,27,299.9,10,36,46,16,8,9,8,4,-42,144,128,98,62,133.9591836734694,41.810079133694295,14.488129945855892,3.0549770928779676,242.7022074135777,246.23573511037068,142.33069554352355,44.39316951270304,10
11,Alex Caruso,Chicago Bulls,SG,113,323,40,86,468.7,8,10,250.0,25,55,442.8,7,34,41,45,26,20,18,6,-17,199,154,158,86,222.62244897959187,30.908163265306122,12.6,28.66530612244898,371.79999999999995,310.8,260.6795918367347,66.45102040816326,10
12,Alex Len,Sacramento Kings,C,26,112,10,13,466.7,6,7,350.0,0,0,0.0,8,24,32,15,14,1,5,11,28,73,58,41,47,66.558829048602,33.67498592606493,20.864890223306436,0.0,158.07262150497277,144.2248076562207,82.1979733533496,52.748545693375874,10
13,Alondes Williams,Miami Heat,G,0,6,0,1,0.0,0,0,0.0,0,1,0.0,0,1,1,0,0,0,1,0,-2,1,1,0,1,1.44,0.81,0.0,0.0,0.09000000000000002,0.09000000000000002,1.44,0.81,1
14,Alperen Sengun,Houston Rockets,C,209,324,81,157,512.7,43,68,622.9,4,12,200.0,39,68,107,45,36,16,26,7,2,361,316,254,152,847.1723356009071,197.81632653061226,123.77551020408163,4.408163265306122,1935.0226757369614,1622.4580498866212,993.7777777777778,487.5510204081633,10
15,Amari Bailey,Charlotte Hornets,G,2,6,1,3,33.3,0,0,0.0,0,2,0.0,0,0,0,1,0,1,0,0,7,3,2,3,1,2.5600000000000005,0.0,0.5625,0.0,5.522500000000001,2.5600000000000005,5.522500000000001,0.5625,1
16,Amen Thompson,Houston Rockets,F,129,278,50,97,541.5,29,40,613.0,0,5,0.0,39,50,89,31,22,12,13,3,38,249,218,160,120,529.8959352335976,130.44847360431777,25.554562320796087,0.02698600101197504,1118.2109967954125,1024.6280991735537,557.2653061224489,222.2165626581211,10
17,Amir Coffey,LA Clippers,SG,56,241,19,46,431.1,7,9,316.7,11,27,351.7,6,16,22,14,17,6,6,3,-1,92,78,70,36,132.74291383219955,40.12244897959184,10.402777777777779,8.96173469387755,206.41836734693874,209.9401927437642,144.74489795918367,35.00141723356009,10
18,Andre Drummond,Chicago Bulls,C,98,194,37,67,581.3,24,33,538.4,0,0,0.0,38,74,112,4,18,10,9,6,43,214,210,102,116,84.46044444444445,120.2151111111111,8.444444444444445,0.0,320.45511111111114,286.704,118.896,127.97511111111112,10
19,Andre Jr. Jackson,Milwaukee Bucks,G,13,92,5,14,383.3,0,0,0.0,3,7,250.0,4,14,18,11,10,3,3,2,-6,42,31,24,29,17.755102040816322,10.326530612244895,9.734693877551022,2.0816326530612246,55.5,45.16326530612244,29.112244897959187,19.04081632653061,8
20,Andrew Nembhard,Indiana Pacers,PG,104,278,43,80,513.2,7,8,350.0,11,27,358.3,4,20,24,32,25,10,9,0,30,160,128,136,56,208.4,26.416,23.308444444444444,6.911111111111111,395.3937777777778,333.616,260.10844444444444,59.79377777777778,10
21,Andrew Wiggins,Golden State Warriors,SF,149,279,54,124,423.7,24,31,556.4,17,44,350.0,19,43,62,18,14,6,14,8,52,229,211,167,80,465.9402896250744,38.494743106526485,51.600079349335445,16.143820670501885,802.2572902201945,570.3056933148185,661.1221979765919,126.8645110097203,10
22,Anfernee Simons,Portland Trail Blazers,SG,234,361,80,177,436.7,36,39,757.1,38,94,405.4,4,33,37,64,19,7,30,1,-38,335,271,298,101,935.5240670632775,28.301243915630067,125.20497566252028,19.635478637101134,1764.6960519199567,1205.978907517577,1461.0362358031368,186.71119524067063,10
23,Anthony Black,Orlando Magic,G,44,174,15,42,382.6,6,13,183.3,8,19,275.0,6,19,25,8,9,6,8,2,0,77,69,52,33,114.81632653061224,71.6485260770975,3.777777777777778,10.979591836734695,307.48979591836735,267.6485260770975,147.16553287981858,82.91836734693877,10
24,Anthony Davis,Los Angeles Lakers,PF,245,350,94,165,577.6,49,59,671.8,8,24,320.8,35,114,149,27,22,13,26,22,106,421,394,272,176,791.7110726643598,242.88754325259515,28.75475778546713,7.932525951557093,1714.8724048442907,1772.0,748.0471453287197,258.1786332179931,10
25,Anthony Edwards,Minnesota Timberwolves,SG,217,349,77,189,399.1,44,56,704.2,19,66,325.0,11,51,62,56,11,14,27,1,20,335,279,273,118,461.5984145724405,129.75543936582898,32.69387755102041,30.387755102040817,628.9831337493677,520.6528925619835,600.7561140158543,131.6218586608197,10
26,Anthony Gill,Washington Wizards,PF,90,214,38,80,464.0,9,11,260.0,5,19,175.0,19,21,40,13,30,5,8,1,-46,143,130,103,53,288.0435366836872,71.93388873958614,17.958882020962108,4.742542327331363,609.3171190540178,548.8873958613277,335.58855146466,102.77747917226553,10
27,Ashton Hagans,Portland Trail Blazers,G,51,194,17,43,297.7,10,11,450.0,7,18,266.7,8,22,30,36,23,8,23,4,-5,117,81,87,66,186.27100073046017,25.234477720964207,41.68298027757487,8.447772096420744,424.85975164353545,286.10737764791816,300.9970781592403,90.9437545653762,10
28,Ausar Thompson,Detroit Pistons,F,103,314,42,87,508.0,11,25,325.0,8,29,195.3,15,44,59,21,26,17,14,11,-6,183,162,124,80,121.7,31.399999999999995,24.125,8.5,347.72499999999997,237.7,200.02499999999998,87.225,10
29,Austin Reaves,Los Angeles Lakers,SG,153,352,51,124,403.8,36,42,716.7,15,59,234.0,10,50,60,64,18,6,23,7,33,277,213,217,124,446.6071111111111,169.98044444444446,65.51111111111112,14.047111111111109,1183.0,930.1111111111111,642.3404444444444,292.64711111111114,10
30,Ayo Dosunmu,Chicago Bulls,SG,183,365,72,129,560.1,19,22,591.7,20,44,439.5,7,23,30,42,28,13,20,4,-17,255,213,225,72,456.64444444444445,20.064,57.42044444444445,22.300444444444445,523.247111111111,462.33511111111113,528.8737777777777,66.16711111111111,10
31,Bam Adebayo,Miami Heat,C,181,324,71,127,582.7,31,40,766.6,8,18,375.0,21,93,114,42,17,12,20,8,34,337,295,223,156,138.90170132325142,40.52131905061962,56.69187145557656,6.023524469649233,358.1577399705944,158.65175383322833,317.2797731568998,118.34110480991389,10
32,Ben Sheppard,Indiana Pacers,G,47,185,17,50,322.9,5,5,300.0,8,32,203.5,3,12,15,15,20,7,5,0,5,77,62,62,30,109.56944444444444,18.594521604938272,15.520447530864198,5.65625,196.35956790123456,181.9093364197531,133.64081790123458,24.49382716049383,10
33,Ben Simmons,Brooklyn Nets,PG,53,168,24,38,521.1,5,11,150.0,0,0,0.0,15,39,54,46,20,9,12,4,-5,153,107,99,100,134.88888888888889,64.0,78.88888888888889,0.0,382.0,162.8888888888889,300.0,196.88888888888889,9
34,Bennedict Mathurin,Indiana Pacers,SG,139,275,44,115,340.3,35,45,614.5,16,44,245.0,10,33,43,23,24,7,17,4,-18,205,182,162,66,753.4765625,123.6015625,38.125,30.4140625,1418.90625,1097.65625,970.9140625,265.5390625,10
35,Bilal Coulibaly,Washington Wizards,SG,90,289,30,76,451.5,19,27,633.3,11,39,238.3,9,30,39,18,22,12,8,7,-98,147,129,108,57,127.37777777777777,38.5,16.0,13.177777777777775,337.8777777777778,291.7444444444444,166.31111111111107,61.699999999999996,10
36,Bismack Biyombo,Oklahoma City Thunder,C,4,36,1,4,33.3,2,4,100.0,0,0,0.0,3,2,5,2,6,1,4,1,3,11,9,6,7,5.024221453287197,6.093425605536332,1.5986159169550171,0.0,33.31141868512111,20.4878892733564,12.020761245674741,13.51903114186851,5
37,Blake Wesley,San Antonio Spurs,G,33,152,11,32,303.6,8,14,400.0,3,12,150.0,4,18,22,27,12,4,11,2,-18,82,55,60,49,124.4697250801147,22.523528419632317,36.185022769438355,4.116208466857817,151.6191600607185,149.77551020408163,153.67380671276774,31.34811941305448,10
38,Boban Marjanovic,Houston Rockets,C,3,7,1,1,100.0,1,2,50.0,0,0,0.0,0,3,3,0,0,0,1,0,-3,6,6,3,3,0.44444444444444425,4.7981859410430845,0.056689342403628114,0.0,6.859410430839002,8.16326530612245,0.18367346938775495,3.8117913832199544,1
39,Bobby Portis,Milwaukee Bucks,F,155,268,67,137,472.8,8,11,400.0,13,32,335.1,25,63,88,15,22,9,11,7,7,258,243,170,103,394.54565376186997,122.40613586559533,12.516435354273192,18.241417092768444,583.6683710737765,613.6676406135866,398.11687363038715,101.35208181154127,10
40,Bogdan Bogdanovic,Atlanta Hawks,SG,193,353,69,143,505.3,26,29,556.7,29,68,498.4,10,35,45,40,23,11,15,5,27,278,238,233,85,580.0019290123457,65.35069444444444,20.233410493827158,10.95216049382716,985.3537808641977,964.7716049382716,597.6929012345679,88.47530864197532,10
41,Bojan Bogdanovic,New York Knicks,SF,98,149,38,75,489.1,9,12,375.0,13,32,425.3,3,12,15,7,10,0,11,0,-15,120,113,105,22,299.0294614374179,26.133045599549632,7.084068305498217,12.194595608932255,396.0097579283168,372.21823981985364,329.2856070557328,26.752486395196097,10
42,Bol Bol,Phoenix Suns,C,55,123,19,30,419.2,7,8,275.0,10,15,375.0,3,28,31,6,9,3,5,7,27,92,86,61,37,288.6433247371553,21.13568736361833,4.5467169212457845,12.33525094227336,479.8313826621702,443.1465978972426,318.90001983733384,32.11049394961317,10
43,Bones Hyland,LA Clippers,PG,67,151,25,62,408.1,4,6,200.0,13,38,297.1,1,18,19,33,15,10,13,1,1,119,86,100,52,323.2643730194658,16.273879583521957,90.76459936622905,21.424626527840655,876.0484382073336,462.0344047080126,672.7442281575373,171.57265731100046,10
44,Bradley Beal,Phoenix Suns,SG,129,337,51,103,474.6,3,4,150.0,24,45,498.7,12,32,44,63,20,9,26,8,29,236,173,192,107,615.7228373053106,44.409082379433286,80.1893413398386,31.892287483580414,497.8693938825295,541.6001125914806,584.3351473071872,112.25539500844437,10
45,Brandin Podziemski,Golden State Warriors,G,87,250,36,73,492.5,4,5,200.0,11,26,383.3,20,43,63,29,19,6,10,0,34,179,150,116,92,191.1743636640756,70.33577198597774,40.879896357262616,10.976832799878068,447.9727175735406,304.04663923182443,312.4663923182442,133.84971803078798,10
46,Brandon Boston Jr.,LA Clippers,SG,54,131,22,52,449.9,6,13,266.7,4,17,133.3,4,16,20,2,18,2,4,5,-30,76,74,56,22,88.3753086419753,29.6,1.619753086419753,4.404938271604938,184.30123456790125,165.53086419753086,96.79012345679013,41.57530864197531,10
47,Brandon Clarke,Memphis Grizzlies,PF,54,107,26,47,271.2,1,7,50.0,1,5,100.0,13,18,31,9,7,4,3,5,5,94,85,63,40,78.8,10.9125,6.8125,0.8000000000000003,93.0,86.1125,89.2125,14.2,5
48,Brandon Ingram,New Orleans Pelicans,SF,180,306,68,138,496.2,36,43,724.5,8,27,260.0,6,50,56,54,24,6,19,7,49,290,236,234,110,670.2437673130194,25.364265927977836,44.40443213296399,6.5318559556786715,720.3393351800554,826.6662049861496,558.8476454293628,74.83795013850416,10
49,Brandon Miller,Charlotte Hornets,F,208,356,75,164,461.5,25,31,705.0,33,85,390.79999999999995,7,41,48,22,23,6,20,8,-98,278,256,230,70,471.5973021225948,42.095219202539184,13.876215036699069,35.68875223170006,667.5143820670502,698.3396151557231,436.7117635389804,60.03173973417972,10
50,Brandon Williams,Dallas Mavericks,G,7,24,2,9,83.3,3,4,100.0,0,2,0.0,1,1,2,4,1,0,1,0,-12,13,9,11,6,19.716049382716047,3.3086419753086416,4.444444444444445,0.0,35.41975308641975,17.938271604938272,32.45679012345679,12.493827160493828,4
51,Braxton Key,Denver Nuggets,F,2,6,1,1,100.0,0,1,0.0,0,0,0.0,1,1,2,0,1,0,0,0,2,4,4,2,2,0.6173469387755104,1.0,0.12755102040816327,0.12755102040816327,2.040816326530612,3.1887755102040813,0.18367346938775514,0.4132653061224489,1
52,Brice Sensabaugh,Utah Jazz,F,92,225,31,85,347.6,14,17,413.3,16,50,286.7,5,39,44,28,17,7,22,4,-99,164,136,120,72,597.6003086419753,39.89081790123456,26.674382716049383,44.04475308641975,776.2673611111112,664.798225308642,674.9382716049382,100.69637345679013,10
53,Brook Lopez,Milwaukee Bucks,C,127,288,45,83,558.0,19,24,541.8,18,44,429.7,12,33,45,12,28,3,17,16,-36,184,172,139,57,291.41023606427296,52.72624479269986,13.361634596310257,18.40944257091847,477.20452291212064,513.7206903392184,266.9333465582226,54.048601467962705,10
54,Bruce Brown,Toronto Raptors,SF,99,264,38,75,497.09999999999997,15,21,533.3,8,19,341.7,9,23,32,33,21,9,20,0,-108,164,131,132,65,149.62049861495845,45.31425053862727,42.550630963373344,9.777777777777779,388.44444444444446,217.11203447214527,299.91074176669747,108.90704832256078,10
55,Bruno Fernando,Atlanta Hawks,PF,92,193,37,59,554.7,18,27,475.1,0,1,0.0,18,30,48,22,35,6,13,8,-23,162,140,114,70,419.38584331022884,42.89182944759504,10.927116152068892,0.0,476.84015963032977,511.5345515647973,414.0378071833648,24.47258979206049,10
56,Bryce McGowens,Charlotte Hornets,G,41,140,13,33,249.89999999999998,12,16,391.7,3,12,90.0,1,19,20,6,14,5,3,4,-16,67,61,47,26,210.33061224489796,25.6,6.800000000000002,4.151020408163265,355.30204081632655,340.9591836734694,226.27346938775509,30.800000000000004,10
57,Buddy Boeheim,Detroit Pistons,F,22,57,7,19,133.3,2,2,100.0,6,17,126.19999999999999,0,6,6,3,4,0,0,1,16,31,28,25,9,103.33163265306123,9.41326530612245,7.16326530612245,6.147959183673469,231.0,164.87755102040816,159.62755102040816,26.403061224489793,4
58,Buddy Hield,Philadelphia 76ers,SG,87,213,32,77,412.4,8,8,500.0,15,47,340.5,10,16,26,16,18,8,11,4,-9,129,113,103,42,175.0,20.4015625,16.464062499999997,14.1,320.925,235.32656250000002,243.63906250000002,53.825,10
59,CJ McCollum,New Orleans Pelicans,SG,256,385,95,214,447.7,23,24,575.0,43,100,428.3,8,42,50,56,18,7,21,3,22,362,306,312,106,536.793388429752,56.698600101197506,34.99578343734188,23.841625906560974,795.4295834036094,787.6171361106425,545.5624894585933,90.73772980266486,10
60,Cade Cunningham,Detroit Pistons,PG,241,313,92,212,430.3,40,44,808.3,17,55,297.1,9,44,53,75,18,11,31,2,-38,369,294,316,128,702.373472159348,53.42462652784065,52.55545495699411,12.217745586238117,842.2865550022635,783.9945676776822,690.806699864192,175.83884110457223,10
61,Caleb Houstan,Orlando Magic,G,46,161,15,36,368.3,2,2,100.0,14,34,360.0,6,10,16,4,15,3,2,2,26,66,62,50,20,93.43842950624628,30.609161213563358,2.8197501487209995,10.573468173706127,194.1368233194527,174.0,101.71683521713265,45.28732897085069,10
62,Caleb Martin,Miami Heat,SF,84,267,32,84,373.9,12,17,401.7,8,40,308.4,7,24,31,25,17,6,14,4,29,140,115,109,56,294.1671917664356,33.99012812434363,21.218861583700903,4.598193656794792,395.77777777777777,348.1463978155849,341.3137996219282,55.6937618147448,10
63,Cam Reddish,Los Angeles Lakers,SF,26,153,8,27,203.3,5,8,116.7,5,15,216.6,8,7,15,0,8,4,1,3,-29,41,41,26,15,79.67438271604938,20.236111111111114,0.007716049382716049,2.692901234567901,88.13734567901234,88.67901234567901,79.3641975308642,20.012345679012345,10
64,Cam Thomas,Brooklyn Nets,SG,263,367,88,201,437.0,65,73,907.1,22,71,276.9,4,37,41,37,18,5,21,3,-58,341,304,300,78,331.4378698224852,43.11360946745562,40.114792899408286,23.685207100591715,512.0059171597633,338.3313609467456,502.40000000000003,85.94082840236686,10
65,Cam Whitmore,Houston Rockets,F,130,206,48,112,413.1,18,27,471.7,16,48,311.2,18,26,44,5,11,8,11,4,-16,179,174,135,49,180.4365548980934,45.443786982248525,2.501643655489809,9.138724523339908,248.34385272846814,243.59631821170282,183.26692965154504,49.86259040105194,10
66,Cameron Johnson,Brooklyn Nets,SF,113,254,37,93,406.4,18,22,625.0,21,58,365.6,6,32,38,18,14,9,10,3,-51,169,151,131,56,206.32345679012346,34.5679012345679,14.093827160493825,11.444444444444445,490.3827160493827,353.0,309.12345679012344,83.24444444444445,10
67,Cameron Payne,Philadelphia 76ers,PG,98,198,37,89,486.09999999999997,2,2,100.0,22,50,410.0,5,17,22,32,22,9,14,4,-9,152,120,130,54,567.9792899408284,90.76298487836948,20.297501643655494,33.139053254437876,886.7195923734386,795.7856673241289,605.9119000657462,164.0618014464168,10
68,Caris LeVert,Cleveland Cavaliers,SG,136,314,48,108,435.8,26,31,648.2,14,43,339.2,6,44,50,49,20,14,29,8,-53,235,186,185,99,520.7901234567902,22.27777777777778,125.0,8.625,794.4753086419753,670.6975308641976,632.2345679012345,159.61111111111111,10
69,Cason Wallace,Oklahoma City Thunder,G,80,221,31,68,479.20000000000005,5,6,150.0,13,29,424.3,8,16,24,15,17,14,10,3,-33,119,104,95,39,178.30636116007054,14.409229290177857,24.61576670405384,18.19500080115366,362.8817497195962,250.161833039577,284.9609037013299,45.09037013299151,10
70,Cedi Osman,San Antonio Spurs,SF,70,175,27,53,472.5,1,2,50.0,15,32,373.7,2,23,25,12,17,3,5,2,-40,107,95,82,37,235.14724245577526,36.54162330905307,29.950052029136323,16.565036420395423,418.56711758584805,316.12591050988556,295.82986472424557,108.2502601456816,10
71,Charlie Brown Jr.,New York Knicks,G,3,27,1,5,20.0,0,0,0.0,1,3,33.3,1,1,2,0,4,0,0,1,-6,5,5,3,2,6.12,2.7200000000000006,0.0,0.6800000000000002,17.0,17.0,6.12,2.7200000000000006,2
72,Chet Holmgren,Oklahoma City Thunder,PF,135,272,46,108,379.3,32,40,646.4,11,44,200.1,11,62,73,12,28,4,20,16,24,220,208,147,85,511.8755007210383,51.58291940394166,17.699727607755168,13.682582919403941,931.333119692357,769.0985419003364,639.9065854830957,103.48614004165997,10
73,Chimezie Metu,Detroit Pistons,PF,98,276,39,74,522.4,16,17,587.5,4,24,166.6,12,41,53,20,28,20,15,7,-45,171,151,118,73,347.82716049382714,45.97777777777778,14.71111111111111,4.444444444444445,609.9382716049383,583.3308641975309,380.1234567901235,55.0,10
74,Chris Boucher,Toronto Raptors,PF,69,120,25,35,573.3,15,18,500.0,4,12,216.7,13,27,40,5,11,1,9,5,7,114,109,74,45,142.20987654320987,47.580246913580254,5.913580246913581,4.0246913580246915,410.0,329.0246913580247,192.69135802469134,83.98765432098766,8
75,Chris Duarte,Sacramento Kings,SG,45,120,16,42,369.2,4,4,200.0,9,28,306.0,6,10,16,5,6,5,4,3,-27,66,61,50,21,158.29981634527087,20.569788797061523,6.509182736455464,6.904499540863177,313.82047750229566,247.97520661157023,204.06611570247932,47.157943067033976,10
76,Chris Livingston,Milwaukee Bucks,F,0,6,0,2,0.0,0,0,0.0,0,2,0.0,0,1,1,1,4,0,1,0,-10,2,1,1,2,0.5289256198347108,0.5289256198347108,0.8264462809917354,0.0,0.8264462809917357,0.0,0.0330578512396694,2.6776859504132227,1
77,Chris Paul,Golden State Warriors,PG,85,249,35,77,415.9,3,4,150.0,12,33,331.6,3,32,35,57,18,13,21,2,39,177,120,142,92,174.65382044998887,40.309423034083316,57.091779906437964,5.6970372020494535,339.10380931165065,245.6453553129873,254.43305858765873,111.08041880151482,10
78,Christian Braun,Denver Nuggets,G,75,244,29,69,391.7,8,12,275.0,9,24,374.9,16,31,47,23,17,5,7,3,9,145,122,98,70,296.56232686980604,42.626385041551245,53.343490304709135,2.9200138504155126,665.2274930747922,480.9823407202216,457.4626038781164,119.31475069252079,10
79,Christian Wood,Los Angeles Lakers,F,59,133,22,51,477.0,11,14,450.0,4,19,225.0,6,28,34,6,12,5,5,2,-14,99,93,65,40,153.90277777777777,54.402777777777786,4.625,2.4444444444444446,305.125,285.0,156.7777777777778,76.27777777777777,10
80,Chuma Okeke,Orlando Magic,PF,2,40,0,6,0.0,2,2,100.0,0,5,0.0,0,5,5,2,2,2,3,0,-23,9,7,4,7,3.469302809573361,3.1248699271592093,1.510926118626431,0.006243496357960458,7.851196670135275,6.862643080124871,3.3361082206035384,5.757544224765868,6
81,Clint Capela,Atlanta Hawks,C,125,278,51,84,634.6,23,40,427.9,0,1,0.0,43,72,115,19,18,8,15,17,54,259,240,144,134,102.9,44.70408163265306,7.0653061224489795,0.0,159.12244897959184,135.17551020408163,123.4795918367347,55.13673469387756,10
82,Coby White,Chicago Bulls,PG,149,343,53,144,366.2,25,29,676.7,18,58,305.1,6,33,39,45,24,4,14,2,-27,233,188,194,84,381.48159097016924,22.87368986831497,82.83875302338082,13.30663800053749,577.4332168771837,455.29051330287547,520.3273313625369,89.00940607363611,10
83,Cody Martin,Charlotte Hornets,SF,69,285,28,76,367.2,6,7,250.0,7,30,228.2,6,44,50,42,15,11,20,7,-28,161,119,111,92,111.0,28.18685121107267,64.68512110726644,2.6816608996539792,183.02076124567472,112.9515570934256,173.33217993079583,100.60899653979239,10
84,Cody Zeller,New Orleans Pelicans,C,7,31,3,6,200.0,1,2,50.0,0,0,0.0,5,10,15,3,5,2,3,0,14,25,22,10,18,3.2091836734693877,5.25,3.494897959183673,0.0,19.08673469387755,12.673469387755102,6.408163265306122,11.959183673469386,5
85,Colby Jones,Sacramento Kings,G,15,54,7,21,199.89999999999998,0,2,0.0,1,8,16.7,5,9,14,9,10,3,2,3,31,38,29,24,23,32.63375,13.74,13.103749999999998,0.88375,146.16,79.84375,81.33999999999999,44.45375,6
86,Cole Anthony,Orlando Magic,PG,118,206,45,101,414.3,7,9,350.0,21,49,370.2,6,33,39,25,8,7,12,6,64,182,157,143,64,528.8927335640138,42.983131487889274,46.508650519031136,31.99005190311419,1049.8187716262976,833.5782871972318,704.0795847750865,130.54541522491348,10
87,Cole Swider,Miami Heat,F,19,44,6,16,104.7,2,2,100.0,5,13,116.7,0,5,5,1,1,0,4,0,-18,25,24,20,6,137.60000000000002,2.2,0.9124999999999999,12.199999999999998,164.0125,167.0,134.3125,3.4124999999999996,5
88,Colin Castleton,Los Angeles Lakers,C,0,12,0,2,0.0,0,0,0.0,0,0,0.0,0,1,1,0,3,1,2,0,-16,1,1,0,1,0.5,0.625,0.0,0.0,0.625,0.625,0.5,0.625,2
89,Collin Gillespie,Denver Nuggets,G,53,125,19,43,306.4,4,7,200.0,11,25,283.3,0,15,15,18,12,7,9,0,24,86,68,71,33,240.98573127229488,12.9833531510107,37.600475624256845,15.451843043995245,401.7074910820452,279.602853745541,336.38168846611177,77.29250891795482,8
90,Collin Sexton,Utah Jazz,PG,208,319,78,161,480.5,41,49,859.9,11,39,239.89999999999998,11,19,30,60,20,8,27,4,-116,298,238,268,90,230.41433670434265,22.33462224866151,38.005948839976206,14.15734681737061,417.7608566329566,315.7049375371803,340.559488399762,52.25133848899465,10
91,Corey Kispert,Washington Wizards,SF,180,382,67,131,527.6,17,27,458.3,29,71,429.5,5,37,42,21,23,9,17,1,-24,243,222,201,63,246.06406250000003,101.825,25.20625,23.125,453.88906249999997,512.9765625,195.1015625,118.90625,10
92,Cory Joseph,Golden State Warriors,PG,27,71,10,16,316.7,0,0,0.0,7,11,316.7,2,9,11,6,6,0,1,0,9,44,38,33,17,31.2,10.8,2.8000000000000003,3.2,28.8,47.2,21.2,5.2,5
93,Craig Jr. Porter,Cleveland Cavaliers,G,64,136,27,52,425.3,5,6,300.0,5,12,175.0,6,17,23,24,4,3,8,2,-29,111,87,88,47,357.82693347755543,41.99621416982152,20.710654407787995,9.48566792861006,712.0892374256355,578.4299621416982,474.0,80.19307733910223,10
94,D'Angelo Russell,Los Angeles Lakers,PG,203,354,67,161,418.8,27,29,550.0,42,101,388.0,2,42,44,62,17,14,31,3,84,309,247,265,106,492.146397815585,35.21361058601134,126.99432892249527,44.50871665616467,856.9025414828818,545.6826296996429,745.1470279353077,220.42722117202268,10
95,D.J. Carton,Toronto Raptors,G,8,31,2,7,83.3,3,4,150.0,1,4,50.0,2,1,3,3,1,1,1,0,-30,14,11,11,6,8.666666666666668,2.0,2.0,0.6666666666666667,8.666666666666666,2.6666666666666665,18.666666666666668,0.0,3
96,D.J. Wilson,Philadelphia 76ers,F,10,14,4,6,66.7,0,0,0.0,2,2,100.0,1,1,2,2,1,0,0,2,4,14,12,12,4,19.75308641975309,0.7901234567901234,0.7901234567901234,0.7901234567901234,38.71604938271605,28.444444444444443,28.444444444444443,3.1604938271604937,1
97,DaQuan Jeffries,New York Knicks,SG,0,7,0,2,0.0,0,0,0.0,0,2,0.0,0,0,0,3,0,0,1,0,7,3,0,3,3,0.39889196675900274,0.0,5.609418282548476,0.04432132963988919,3.0166204986149587,0.39889196675900274,3.0166204986149587,5.609418282548476,1
98,Daishen Nix,Minnesota Timberwolves,SG,5,12,2,5,66.7,0,0,0.0,1,3,50.0,0,1,1,3,1,2,1,0,13,9,6,8,4,15.512396694214878,0.5371900826446281,4.6033057851239665,0.6033057851239669,5.561983471074379,11.719008264462808,6.231404958677686,8.264462809917354,2
99,Dalano Banton,Portland Trail Blazers,G,201,331,77,183,412.0,24,30,760.0,23,73,302.2,9,44,53,50,12,11,24,4,-96,304,254,251,103,617.3753462603878,84.8424515235457,95.625,17.0,1331.3698060941826,849.8105955678669,1077.8424515235456,201.55955678670358,10
100,Dalen Terry,Chicago Bulls,F,31,142,14,34,259.4,1,2,50.0,2,16,58.3,8,15,23,16,15,6,4,5,10,70,54,47,39,133.46756055363323,40.10423875432526,26.422145328719722,1.6630622837370244,322.7006920415224,256.87370242214536,164.91392733564015,100.90700692041524,10
101,Damian Jones,Cleveland Cavaliers,C,59,124,23,38,577.9,13,15,650.0,0,6,0.0,14,24,38,4,14,4,7,7,-35,101,97,63,42,192.5145746579417,82.14515169541939,2.402141582391434,0.0,398.0029744199881,380.1980963712076,193.1963117192148,101.67043426531825,10
102,Damian Lillard,Milwaukee Bucks,PG,234,370,75,179,411.6,54,61,881.3,30,84,359.8,3,41,44,79,26,8,28,5,6,357,278,313,123,703.0694444444445,8.411111111111111,78.9,24.625,855.3249999999999,660.8249999999999,928.7694444444445,56.111111111111114,10
103,Daniel Gafford,Dallas Mavericks,C,104,243,48,64,748.3000000000001,8,17,191.7,0,0,0.0,20,48,68,28,32,9,11,20,69,200,172,132,96,285.709642074507,161.54601899196496,38.20197224251278,0.0,846.4810080350621,602.1008035062089,444.4207450693937,285.41709276844415,10
104,Daniel Theis,LA Clippers,C,46,140,19,36,419.7,3,3,200.0,5,10,350.0,10,28,38,11,15,1,4,8,30,95,84,57,49,176.0,21.71536351165981,9.15363511659808,4.503429355281208,276.94444444444446,256.97462277091904,203.22770919067216,23.611111111111114,10
105,Danilo Gallinari,Milwaukee Bucks,PF,23,88,7,16,366.7,7,9,275.0,2,9,200.0,2,8,10,8,9,3,4,1,-19,41,33,31,18,53.98224852071005,4.059171597633136,9.651545036160421,1.8527284681130833,72.85667324128862,53.0,67.7284681130835,19.821170282708742,10
106,Dante Exum,Dallas Mavericks,G,74,233,26,52,437.1,6,6,300.0,16,28,506.7,3,26,29,30,17,2,13,0,66,133,103,104,59,312.76222684703436,58.42299687825182,24.04162330905307,15.001040582726327,407.29760665972947,394.24453694068677,341.0494276795005,67.23048907388137,10
107,Danuel House Jr.,Philadelphia 76ers,SF,42,143,14,30,276.3,13,15,466.7,1,11,33.3,6,11,17,7,16,7,3,3,-26,66,59,49,24,42.0,11.714285714285715,8.0,0.8571428571428572,41.714285714285715,51.714285714285715,40.0,11.714285714285715,7
108,Dario Saric,Golden State Warriors,PF,28,107,12,33,298.3,2,3,100.0,2,17,83.3,6,15,21,18,5,0,13,0,-31,67,49,46,39,52.0,27.193877551020407,15.673469387755102,2.1224489795918364,146.1326530612245,98.90816326530613,72.53061224489795,69.56122448979592,10
109,Darius Bazley,Utah Jazz,F,18,63,6,11,116.7,5,7,160.0,1,3,33.3,3,7,10,2,1,3,4,3,-18,30,28,20,12,29.520000000000003,5.379999999999999,2.08,0.52,48.42000000000001,59.379999999999995,21.519999999999996,4.5,2
110,Darius Garland,Cleveland Cavaliers,PG,153,338,61,147,404.8,13,15,630.0,18,56,282.7,6,24,30,74,16,16,28,1,-34,257,183,227,104,496.1111111111111,16.016,110.8,21.65511111111111,603.6471111111111,549.6204444444445,507.97777777777776,168.976,10
111,David Roddy,Phoenix Suns,F,61,130,25,53,522.0,6,10,241.7,5,20,143.3,4,15,19,11,5,1,10,0,-72,91,80,72,30,452.4142561983472,53.125,19.694214876033058,9.37293388429752,871.2479338842974,691.107438016529,613.5092975206611,91.8646694214876,10
112,Davion Mitchell,Sacramento Kings,PG,91,215,34,66,510.9,8,12,225.0,15,29,463.8,7,18,25,23,10,4,4,0,21,139,116,114,48,249.360499702558,36.36823319452707,19.68054729327781,16.535990481856036,345.55800118976794,318.67102914931587,242.3022010707912,89.9940511600238,10
113,Davis Bertans,Charlotte Hornets,SF,82,211,27,67,357.8,6,6,300.0,22,57,349.1,2,13,15,8,16,10,8,4,-99,105,97,90,23,219.88309397833206,14.777777777777777,13.617031997984379,23.832199546485263,342.5157470395566,328.1000251952633,238.1612496850592,24.532375913328295,10
114,Day'Ron Sharpe,Brooklyn Nets,C,58,137,26,50,535.1,6,10,200.0,0,3,0.0,28,29,57,11,21,2,13,6,-19,126,115,69,68,149.62975206611569,206.16694214876037,11.039669421487602,0.029752066115702476,472.403305785124,396.68595041322317,196.9404958677686,245.61322314049588,10
115,De'Aaron Fox,Sacramento Kings,PG,253,369,91,220,411.6,37,43,752.2,34,95,354.7,13,44,57,51,27,24,20,6,45,361,310,304,108,389.35625,24.664062499999996,89.30000000000001,37.70625,415.1640625,437.26406249999997,370.45625,110.76406250000001,10
116,De'Andre Hunter,Atlanta Hawks,SF,169,336,57,131,423.7,30,39,680.4,25,74,341.3,6,43,49,23,21,5,22,0,22,241,218,192,72,338.55683396151557,130.3279111287443,15.57845665542551,14.917079944455464,673.5169609204523,657.3874231303313,349.8655028764134,150.727236659393,10
117,De'Anthony Melton,Philadelphia 76ers,SG,23,43,7,20,75.0,4,4,200.0,5,14,75.0,0,5,5,5,3,2,1,1,-2,33,28,28,10,128.66666666666666,2.666666666666667,2.666666666666667,8.666666666666666,206.0,164.66666666666669,164.66666666666669,10.666666666666668,3
118,DeAndre Jordan,Denver Nuggets,C,36,95,16,28,411.8,4,4,200.0,0,0,0.0,12,27,39,7,11,1,4,3,-25,82,75,43,46,172.6938775510204,93.44444444444446,10.10204081632653,0.0,507.12471655328795,444.1383219954648,210.3469387755102,128.8798185941043,10
119,DeJon Jarreau,Memphis Grizzlies,F,43,150,17,50,308.3,5,11,250.0,4,13,141.7,8,36,44,26,14,6,9,2,-24,113,87,69,70,85.7525826446281,97.68646694214875,49.52892561983471,4.28099173553719,405.10950413223145,195.62190082644628,187.36828512396693,255.08729338842977,9
120,DeMar DeRozan,Chicago Bulls,SF,265,379,97,197,489.4,67,81,837.5,4,21,150.0,3,38,41,55,17,13,28,5,20,361,306,320,96,227.74844444444443,43.50844444444445,76.696,2.913777777777778,365.4604444444445,311.7777777777777,295.12177777777777,106.51377777777778,10
121,Dean Wade,Cleveland Cavaliers,PF,46,178,15,35,260.2,5,7,216.7,11,31,233.4,4,27,31,7,8,3,1,9,-23,84,77,53,38,468.50000000000006,35.125,6.125,31.525000000000006,718.8,714.725,466.12499999999994,47.699999999999996,10
122,Deandre Ayton,Portland Trail Blazers,C,235,355,107,184,583.6,20,25,338.9,1,5,100.0,40,86,126,16,16,7,20,9,-76,377,361,251,142,596.5,140.0,8.46173469387755,0.9081632653061225,1183.6760204081631,1178.5,605.8188775510205,144.31887755102042,10
123,Dejounte Murray,Atlanta Hawks,SG,241,376,94,215,443.59999999999997,17,25,571.7,36,96,387.4,8,50,58,96,19,18,35,4,18,395,299,337,154,731.3054982173015,49.936948770876334,110.68755864139614,24.994558078438732,890.5575154813286,884.9031713267029,746.1559392006004,151.42841058359917,10
124,Delon Wright,Miami Heat,SG,51,214,17,50,360.0,11,14,283.3,6,20,225.0,4,16,20,26,7,13,1,2,24,97,71,77,46,159.27072053311122,13.2036651395252,30.249062890462305,6.628071636817992,235.53061224489795,175.5406080799667,222.95585172844648,39.7576009995835,10
125,Deni Avdija,Washington Wizards,SF,197,360,71,135,518.6,43,57,746.7,12,39,287.4,13,82,95,45,19,11,27,7,-12,337,292,242,140,399.325,87.61111111111111,54.67777777777778,9.777777777777779,825.3250000000002,697.6027777777778,502.93611111111113,166.4,10
126,Dennis Schroder,Brooklyn Nets,PG,142,331,52,130,395.1,20,21,687.5,18,51,389.5,10,37,47,64,22,4,18,5,3,253,189,206,111,602.0566710452242,35.586226308875965,62.468380559204356,35.70838806530306,765.0769375117283,647.0056295740288,712.8688309251266,105.31375492587726,10
127,Dennis Smith Jr.,Brooklyn Nets,PG,58,167,21,46,487.1,8,11,383.3,8,22,348.3,5,13,18,28,22,16,11,0,3,104,76,86,46,78.47147022074135,17.85339441899209,40.0,4.21990837151187,181.54768846314036,139.3027905039567,112.87963348604748,65.69012911286964,10
128,Dereck II Lively,Dallas Mavericks,C,94,185,45,59,763.7,4,11,150.0,0,0,0.0,16,46,62,8,15,5,6,12,19,164,156,102,70,349.4128943758573,62.45610425240055,9.660493827160494,0.0,659.2345679012345,560.9444444444445,434.4478737997257,85.37174211248285,10
129,Derrick Jones Jr.,Dallas Mavericks,SF,72,230,23,54,468.6,18,24,566.7,8,24,211.9,6,22,28,9,13,5,8,8,45,109,100,81,37,172.94444444444446,21.637345679012345,8.90625,7.711419753086419,241.9926697530864,222.93364197530863,184.43402777777777,38.11304012345679,10
130,Derrick Rose,Memphis Grizzlies,PG,49,95,20,37,377.7,5,6,266.7,4,8,233.3,0,15,15,21,3,1,9,0,-9,85,64,70,36,70.0,14.857142857142858,12.0,3.7142857142857144,188.85714285714286,116.85714285714286,128.0,40.857142857142854,7
131,Derrick White,Boston Celtics,PG,173,352,59,131,457.7,21,23,755.6,34,87,407.5,8,47,55,68,20,8,12,7,89,296,228,241,123,205.77851192186154,102.83338121229531,62.57856937661591,18.931341568514796,666.6934788853778,484.0775639184142,351.12180407928753,202.68457339844875,10
132,Desmond Bane,Memphis Grizzlies,SG,93,165,30,80,183.4,19,21,366.7,14,40,172.9,2,14,16,34,14,5,13,2,-54,143,109,127,50,267.2,8.8,114.79999999999998,4.8,701.1999999999999,362.8,587.2,142.0,5
133,Devin Booker,Phoenix Suns,SG,277,351,98,189,496.7,52,58,905.3,29,74,326.8,11,33,44,77,34,8,34,4,46,398,321,354,121,1454.7845749671608,51.64908988553199,102.08800900731845,66.33983861887785,1330.5130418465003,1384.9842371927193,1384.3771814599363,169.67329705385626,10
134,Devin Vassell,San Antonio Spurs,SG,193,373,77,163,440.2,18,21,691.7,21,61,312.3,0,33,33,47,16,12,18,1,-43,273,226,240,80,806.4410104810535,25.71969900564364,52.6495565708143,24.90217683418436,1079.5020155872078,846.0,1027.3222252082774,90.99005643644182,10
135,Devonte' Graham,San Antonio Spurs,PG,54,133,18,49,295.6,6,6,300.0,12,40,275.5,1,16,17,18,8,6,6,0,-4,89,71,72,35,313.6686390532544,3.017751479289941,45.40828402366864,14.147928994082838,551.0059171597634,332.698224852071,521.301775147929,59.100591715976336,9
136,Dillon Brooks,Houston Rockets,SF,131,304,45,109,384.7,21,24,419.0,20,60,378.5,3,24,27,17,30,10,8,2,-16,175,158,148,44,770.1108062795306,22.927450083828685,20.142813595488494,22.49382716049383,974.840877914952,817.0257582685566,901.3494894071025,69.64670019814052,10
137,Domantas Sabonis,Sacramento Kings,PF,161,353,60,121,503.8,40,58,719.6,1,9,33.3,36,106,142,80,29,7,36,8,13,383,303,241,222,151.65318262938732,110.17370612730518,24.005948839976206,1.0734681737061273,428.3289708506842,409.22010707911966,154.51457465794172,150.42712671029147,10
138,Dominick Barlow,San Antonio Spurs,F,57,150,21,38,506.6,15,18,416.6,0,1,0.0,19,22,41,15,19,4,4,3,10,113,98,72,56,290.46020761245677,81.13667820069205,45.74567474048443,0.0,715.5397923875432,590.5,425.3581314878893,117.0242214532872,10
139,Donovan Mitchell,Cleveland Cavaliers,SG,182,350,56,148,367.40000000000003,40,46,730.4,30,80,363.3,1,39,40,51,22,12,28,6,-61,273,222,233,91,559.1687363038715,34.06574141709277,42.39371804236669,26.007304601899197,806.7516435354272,752.0087655222791,602.5383491599708,87.8327246165084,10
140,Donte DiVincenzo,New York Knicks,SG,218,371,74,157,459.0,16,21,538.3,54,120,446.1,6,36,42,28,23,16,15,9,54,288,260,246,70,836.0346260387812,23.6665512465374,13.689750692520775,65.90720221606648,1013.625,987.051592797784,863.9626038781164,36.00173130193906,10
141,Dorian Finney-Smith,Brooklyn Nets,PF,59,287,23,61,357.5,7,10,350.0,6,35,181.6,12,34,46,16,15,11,9,5,-50,121,105,75,62,170.87530233808116,38.64767535608708,6.6374630475678575,5.748454716474066,204.79252889008333,170.7446922870196,212.60816984681537,37.60010749798441,10
142,Doug McDermott,Indiana Pacers,SF,41,119,15,35,295.8,1,2,50.0,10,29,223.7,0,9,9,8,11,3,3,0,7,58,50,49,17,199.4741901032396,9.111071555713778,9.646137415450339,16.227839088643645,315.8632965468138,224.08899964400143,287.8458526165895,22.159843360626557,10
143,Draymond Green,Golden State Warriors,PF,91,292,39,74,519.1,8,11,300.0,5,20,190.0,18,59,77,56,29,20,22,8,84,224,168,147,133,262.125,46.6640625,61.80625,6.5015625,551.2890625,319.92656250000005,466.10625,135.8515625,10
144,Drew Eubanks,Phoenix Suns,PF,41,165,15,30,440.0,11,13,455.0,0,0,0.0,14,31,45,10,19,3,6,11,16,96,86,51,55,83.94378698224853,33.22485207100591,14.420775805391193,0.0,68.62886259040106,54.42899408284024,77.03911900065746,68.75016436554898,10
145,Duncan Robinson,Miami Heat,F,100,267,35,88,343.1,8,9,350.0,22,70,236.3,3,26,29,19,26,7,17,2,-38,148,129,119,48,722.7265625,23.90277777777778,32.125,46.1640625,1098.7960069444443,806.2751736111111,1005.6640625,65.61111111111111,10
146,Duop Reath,Portland Trail Blazers,C,86,192,35,83,381.8,6,6,300.0,10,41,203.3,7,30,37,13,22,5,8,5,-53,136,123,99,50,417.4337445922128,36.316776157667036,23.51337926614325,10.040057683063612,748.539657106233,607.5261977247237,533.7646210543181,84.51273834321422,10
147,Dwight Powell,Dallas Mavericks,C,19,111,7,13,450.0,5,10,300.0,0,0,0.0,12,18,30,6,17,2,5,2,-12,55,49,25,36,37.40453686200379,57.15689981096409,2.7495274102079392,0.0,151.35822306238185,133.21550094517957,41.85727788279773,73.59640831758034,10
148,Dylan Windler,Atlanta Hawks,G,16,41,6,11,106.7,0,0,0.0,4,9,85.0,1,6,7,2,2,2,1,0,3,25,23,18,9,79.80325443786984,6.946745562130177,2.75,5.755917159763313,120.77514792899407,109.29437869822485,83.74556213017752,17.235207100591715,3
149,Dylan Windler,Los Angeles Lakers,G,3,14,1,4,25.0,0,0,0.0,1,4,25.0,0,1,1,2,1,0,0,0,-7,6,4,5,3,7.920118343195265,2.3491124260355023,0.5,0.6065088757396448,8.260355029585797,12.298816568047336,5.80473372781065,0.9260355029585796,2
150,Dyson Daniels,New Orleans Pelicans,G,77,237,32,60,507.2,2,4,100.0,11,26,346.6,12,29,41,28,22,21,9,5,13,146,118,105,69,157.3614744351962,45.884661117717,19.657550535077288,12.914387633769321,194.5374554102259,173.61712247324613,156.35790725326993,87.46611177170035,10
151,Emoni Bates,Cleveland Cavaliers,F,16,23,6,12,102.9,0,2,0.0,4,8,100.0,0,1,1,1,0,0,1,0,-3,18,17,17,2,22.765432098765434,0.8024691358024691,0.5061728395061729,2.617283950617284,28.888888888888893,26.58024691358024,25.98765432098765,0.3950617283950617,2
152,Eric Gordon,Phoenix Suns,SG,66,210,24,60,349.7,4,5,266.7,14,40,274.2,0,12,12,15,10,9,6,2,49,93,78,81,27,378.1198174965284,7.876215036699067,18.80995834159889,21.700059512001587,472.7917079944456,347.3263241420353,503.0,27.27137472723666,10
153,Eugene Omoruyi,Washington Wizards,F,33,122,13,36,383.4,7,14,241.7,0,10,0.0,8,15,23,7,17,7,3,3,-58,63,56,40,30,45.75736961451247,18.26530612244898,6.4274376417233565,0.005668934240362811,64.4591836734694,71.77777777777777,48.1734693877551,14.958049886621314,10
154,Evan Fournier,Detroit Pistons,SG,64,218,23,77,267.4,8,11,266.7,10,44,209.3,1,17,18,20,16,11,8,2,-28,102,82,84,38,338.46944444444443,13.777777777777777,26.802777777777777,14.002777777777776,466.1,448.0694444444444,345.7444444444444,51.336111111111116,10
155,Evan Mobley,Cleveland Cavaliers,PF,158,287,60,103,567.5,29,40,646.7,9,19,450.0,13,50,63,40,22,10,14,8,-33,261,221,198,103,373.5078815840062,68.6955017301038,42.55363321799308,4.913879277201076,606.0811226451365,563.2068435217224,386.4444444444444,141.18685121107268,10
156,Frank Ntilikina,Charlotte Hornets,PG,5,39,1,8,50.0,2,2,100.0,1,7,50.0,1,4,5,3,4,0,0,0,0,13,10,8,8,19.0,7.0,6.84,0.7600000000000002,24.439999999999998,14.0,18.64,24.640000000000004,4
157,Franz Wagner,Orlando Magic,SF,169,297,61,122,498.2,39,47,844.4,8,37,190.0,10,27,37,28,20,8,9,2,26,234,206,197,65,174.3615916955017,43.73053633217993,20.189013840830448,9.799307958477508,302.5692041522491,296.1959342560553,207.04541522491354,37.6089965397924,10
158,Fred VanVleet,Houston Rockets,PG,172,365,60,146,425.4,21,25,641.7,31,88,327.3,4,29,33,76,39,23,16,6,-28,281,205,248,109,589.7908587257617,20.673476454293628,68.2174515235457,67.13296398891966,540.9033933518006,556.1637811634349,594.0886426592798,69.33275623268699,10
159,Furkan Korkmaz,Philadelphia 76ers,SG,41,116,13,29,278.6,7,10,241.7,8,18,258.3,3,12,15,12,6,3,2,2,22,68,56,53,27,292.875,14.875,10.0,20.0,404.0,340.0,363.875,17.875,8
160,GG Jackson,Memphis Grizzlies,F,165,328,57,129,430.9,25,32,785.7,26,71,355.9,8,47,55,23,15,7,20,1,-80,243,220,188,78,489.0916727538349,78.53396639883127,21.76552227903579,28.41051862673484,606.5,609.535792549306,509.87180423666905,76.4835646457268,10
161,Gabe Vincent,Los Angeles Lakers,PG,2,42,1,7,25.0,0,0,0.0,0,3,0.0,1,1,2,3,4,1,2,0,8,7,4,5,5,2.72,0.6699999999999999,2.0,0.0,4.75,4.75,4.72,0.6699999999999999,3
162,Garrett Temple,Toronto Raptors,SF,53,164,19,44,469.0,7,10,300.0,8,24,320.0,7,17,24,11,19,8,6,3,-59,88,77,64,35,132.33308984660334,24.00292184075968,15.555880204528853,8.89408327246165,243.27246165084003,205.8699780861943,148.40029218407594,60.89408327246165,9
163,Garrison Mathews,Atlanta Hawks,SG,109,193,33,56,630.0,19,21,463.3,24,43,571.8,1,15,16,8,22,3,3,1,-30,133,125,117,24,422.5,8.727903579254932,5.605916727538349,24.71329437545654,524.6051862673484,494.7414170927684,448.0518626734843,18.64572680788897,10
164,Gary Harris,Orlando Magic,SG,68,262,24,58,378.6,6,8,275.0,14,42,310.9,5,14,19,13,14,9,6,2,53,100,87,81,32,229.7600999583507,9.008329862557266,30.177009579341945,12.408163265306122,418.2040816326531,304.6318200749688,322.9150354019159,59.60266555601832,10
165,Gary Payton II,Golden State Warriors,SG,59,168,27,40,629.0,3,5,200.0,2,8,150.0,7,16,23,13,20,9,6,6,35,95,82,72,36,157.125,44.63155864197531,40.18402777777778,1.777777777777778,245.95216049382714,167.35378086419755,157.10069444444449,163.43827160493825,10
166,Gary Trent Jr.,Toronto Raptors,SG,228,336,85,184,473.1,26,29,663.3,32,82,389.2,6,35,41,28,16,17,6,1,-67,297,269,256,69,442.0,29.4,28.575206611570252,44.158677685950416,508.3388429752067,521.8000000000001,418.68429752066106,67.8297520661157,10
167,Georges Niang,Cleveland Cavaliers,SF,98,228,38,79,438.9,3,3,200.0,19,48,342.5,2,22,24,10,26,8,12,2,-47,132,122,108,34,517.4822485207101,23.13609467455621,8.164365548980934,38.937869822485204,421.8399079552926,434.73668639053255,487.24424720578565,48.64168310322156,10
168,Giannis Antetokounmpo,Milwaukee Bucks,PF,297,369,117,199,597.0,62,98,564.7,1,13,50.0,38,102,140,69,31,9,37,14,-17,506,437,366,209,256.2,180.46944444444446,58.94444444444444,1.525,778.8694444444444,654.1027777777778,332.67777777777775,287.7027777777778,10
169,Goga Bitadze,Orlando Magic,C,32,108,13,23,546.7,6,10,283.3,0,3,0.0,11,15,26,9,12,2,9,9,-9,67,58,41,35,50.595041322314046,66.27915518824611,9.595041322314051,0.0,243.94582185491277,185.10009182736457,79.0,106.31496786042241,10
170,Gordon Hayward,Oklahoma City Thunder,SF,48,160,16,41,355.5,8,11,300.0,8,16,300.0,3,15,18,14,6,4,3,1,-68,80,66,62,32,152.20947265625,25.60791015625,12.5,9.64306640625,201.40625,191.15625,152.80322265625,47.76416015625,10
171,Gradey Dick,Toronto Raptors,G,139,310,52,120,423.3,15,19,504.7,20,55,361.3,3,28,31,10,16,6,14,1,-118,180,170,149,41,306.8256668767066,53.907372400756145,12.354967443814324,14.170132325141775,328.2457466918715,407.15395925225795,255.11342155009453,39.06637261079605,10
172,Grant Williams,Charlotte Hornets,PF,135,307,52,101,493.0,15,23,591.7,16,41,470.3,13,39,52,45,33,5,14,4,-96,232,187,180,97,358.5081632653061,39.94489795918367,96.30408163265305,6.451020408163266,557.2510204081633,446.5591836734694,410.53061224489795,194.91836734693874,10
173,Grayson Allen,Phoenix Suns,SG,153,326,52,106,495.9,18,22,479.2,31,72,343.6,6,35,41,33,12,10,12,6,62,227,194,186,74,594.5871645712141,58.622818540063804,32.19459560893226,69.18389941827735,813.854944642522,680.1707637455432,745.6787389754176,73.41002064177144,10
174,Gui Santos,Golden State Warriors,F,41,117,14,26,422.5,8,9,350.0,5,10,300.0,9,21,30,10,16,2,5,2,-7,81,71,51,40,168.1020408163265,127.17602040816325,15.265306122448981,4.5,595.6760204081634,527.7576530612246,189.2040816326531,189.25765306122446,10
175,Harrison Barnes,Sacramento Kings,SF,96,263,34,88,331.9,16,22,450.0,12,41,211.4,8,22,30,11,7,4,9,1,10,137,126,107,41,595.7218917311124,35.16597263533611,9.015169541939322,26.19750148720999,872.5597858417609,761.5255800118977,686.0232004759073,64.91403926234383,10
176,Harry III Giles,Brooklyn Nets,F,8,8,3,6,50.0,1,2,50.0,1,1,100.0,2,2,4,2,3,0,0,0,-12,14,12,10,6,49.0,11.430839002267573,3.4489795918367347,0.8185941043083901,149.7709750566893,107.76417233560092,78.44897959183675,27.43764172335601,1
177,Harry III Giles,Los Angeles Lakers,F,2,10,1,4,100.0,0,0,0.0,0,2,0.0,0,1,1,0,0,1,0,0,-15,3,3,2,1,2.0,0.528344671201814,0.04081632653061224,0.018140589569160995,4.63718820861678,4.528344671201814,2.0408163265306123,0.6371882086167799,2
178,Haywood Highsmith,Miami Heat,F,95,242,38,66,532.7,1,3,33.3,18,33,416.6,17,35,52,15,14,10,3,4,27,162,147,110,67,541.3269192620512,57.38385241023606,11.5042650267804,30.542749454473324,851.8972426105931,825.6022614560603,551.6591946042452,84.85082324935527,10
179,Herbert Jones,New Orleans Pelicans,SF,109,360,35,78,434.5,27,29,825.0,12,36,286.1,5,26,31,30,30,21,11,6,-11,170,140,139,61,188.90317132670293,37.11484331018953,12.007506098705198,14.168136610996434,378.18765246762996,290.2702195533871,248.9009194970914,77.04203415274911,10
180,Hunter Tyson,Denver Nuggets,F,0,7,0,3,0.0,0,0,0.0,0,3,0.0,0,1,1,0,1,0,2,0,-1,1,1,0,1,8.7025,0.6400000000000001,0.0625,0.30250000000000005,5.76,4.6225,10.240000000000002,0.30250000000000005,1
181,I. Thomas,Phoenix Suns,G,5,8,2,4,50.0,0,0,0.0,1,2,50.0,0,0,0,1,0,0,0,0,1,6,5,6,1,13.040123456790123,0.0,0.19753086419753085,0.5216049382716049,16.447530864197528,13.040123456790123,16.447530864197528,0.19753086419753085,1
182,Ibou Badji,Portland Trail Blazers,C,10,41,4,5,250.0,2,4,100.0,0,0,0.0,2,4,6,4,8,0,5,3,-33,20,16,14,10,15.650969529085874,6.0,4.171745152354571,0.0,37.529085872576175,34.80886426592798,21.42382271468144,7.119113573407203,4
183,Immanuel Quickley,Toronto Raptors,SG,206,347,67,151,438.3,48,59,665.5,24,70,335.9,3,53,56,86,17,12,24,1,-75,348,262,292,142,464.0,91.425,188.15625,14.5,1223.00625,669.8249999999999,868.15625,428.60625,10
184,Isaac Okoro,Cleveland Cavaliers,SF,75,288,30,69,451.7,5,8,175.0,10,32,313.1,9,16,25,13,24,3,10,2,-51,113,100,88,38,137.64852607709753,40.515747039556565,19.117913832199545,8.72814310909549,331.34567901234567,258.1249685059209,192.12244897959184,78.38044847568656,10
185,Isaiah Hartenstein,New York Knicks,C,116,251,47,65,730.1,22,31,484.8,0,0,0.0,24,45,69,34,30,17,16,9,90,219,185,150,103,296.56972822852606,111.62765324340411,55.07161277524301,0.0,567.0944257091846,558.6433247371554,270.0682404284864,201.6518547907161,10
186,Isaiah Jackson,Indiana Pacers,SF,76,152,29,42,740.5,18,23,658.3,0,0,0.0,22,21,43,9,22,7,6,9,49,128,119,85,52,165.5155432440751,157.29916897506925,31.16620498614959,0.0,640.9615266235763,473.44444444444446,236.07971683594948,285.41828254847644,10
187,Isaiah Joe,Oklahoma City Thunder,SG,104,213,34,70,517.2,11,12,475.0,25,51,508.6,4,21,25,24,7,6,5,2,16,153,129,128,49,177.26399999999998,13.321777777777777,58.32711111111111,13.0,460.3777777777778,245.59377777777777,364.4551111111111,99.24177777777778,10
188,Isaiah Mobley,Cleveland Cavaliers,F,5,33,2,7,58.3,0,0,0.0,1,4,25.0,0,4,4,2,2,0,0,0,-1,11,9,7,6,5.51388888888889,13.555555555555554,1.388888888888889,0.8472222222222221,37.847222222222214,25.625,12.180555555555557,20.5,2
189,Isaiah Stewart,Detroit Pistons,C,106,319,40,71,587.7,10,12,516.7,16,38,409.0,10,48,58,12,11,4,10,10,-48,176,164,118,70,131.47520661157026,49.603305785123965,9.603305785123966,12.764462809917354,245.47520661157023,193.27685950413223,178.88016528925618,64.0,10
190,Ish Smith,Charlotte Hornets,PG,18,181,8,34,236.0,0,0,0.0,2,2,200.0,1,19,20,41,16,5,6,1,-90,79,38,59,61,54.36000000000001,24.0,78.09,1.5600000000000003,170.49,69.16000000000001,134.09,123.69,9
191,Ish Wainright,Phoenix Suns,F,3,11,1,6,16.7,0,0,0.0,1,4,25.0,3,2,5,1,1,1,1,0,-3,9,8,4,6,6.25,17.361111111111114,0.6944444444444445,0.6944444444444445,56.25,44.44444444444445,11.111111111111112,25.0,1
192,Ivica Zubac,LA Clippers,C,127,281,52,86,659.9,23,27,525.0,0,0,0.0,26,75,101,14,28,5,9,14,-11,242,228,141,115,229.65600000000006,80.52711111111111,8.487111111111112,0.0,455.1359999999999,431.7777777777778,235.44444444444446,106.58399999999999,10
193,JT Thor,Charlotte Hornets,F,34,107,14,22,538.3,2,3,150.0,4,11,250.0,1,14,15,6,9,1,2,5,-2,55,49,40,21,85.15951686797166,25.424822990420655,4.693877551020408,4.960433152852978,188.856726364015,176.16867971678465,93.99333610995417,33.972927946688884,10
194,JaVale McGee,Sacramento Kings,C,23,49,11,19,355.0,0,3,0.0,1,2,100.0,5,10,15,1,6,2,1,0,-4,39,38,24,16,83.46428571428571,15.75,0.8928571428571428,0.8928571428571428,142.0357142857143,143.28571428571425,85.85714285714286,13.000000000000002,7
195,Jabari Smith Jr.,Houston Rockets,PF,155,306,53,115,466.9,26,32,816.7,23,62,325.8,12,54,66,14,26,5,10,7,-46,235,221,169,80,480.55751548132855,114.95515106023645,10.40607993995121,22.412272471382998,693.9191217864515,656.5109776693563,528.6494651904673,114.67742540814412,10
196,Jabari Walker,Portland Trail Blazers,F,113,312,40,93,460.6,25,34,685.9,8,23,316.6,22,72,94,16,29,5,10,1,-81,223,207,129,110,230.6738742313033,394.9720293592542,26.582820868875224,7.720690339218409,1069.5094227335846,963.6062289228328,309.8958539972228,448.2360642729617,10
197,Jacob Gilyard,Brooklyn Nets,G,0,11,0,2,0.0,0,0,0.0,0,2,0.0,0,0,0,1,2,1,0,0,0,1,0,1,1,14.761772853185596,0.6232686980609419,3.792243767313019,1.3407202216066483,43.28254847645429,21.451523545706372,33.51800554016621,7.490304709141275,1
198,Jacob Gilyard,Memphis Grizzlies,G,67,192,23,49,431.8,1,1,100.0,20,42,431.8,1,13,14,39,10,9,12,2,-59,120,81,106,53,341.01385041551254,15.504155124653737,43.28808864265928,29.750692520775623,656.0166204986151,445.7479224376731,519.5041551246537,90.57063711911357,9
199,Jacob Toppin,New York Knicks,F,13,29,5,9,107.1,2,2,100.0,1,4,33.3,3,3,6,1,3,0,1,0,-18,20,19,14,7,78.05555555555556,8.722222222222221,0.5555555555555556,0.7222222222222223,130.22222222222223,136.55555555555554,72.5,8.5,2
200,Jaden Hardy,Dallas Mavericks,G,54,101,20,48,367.9,7,7,300.0,7,20,223.3,3,11,14,15,13,1,8,0,-28,83,68,69,29,84.40320784139007,12.824237023836044,34.74560035642682,6.182891512586323,179.2887057251058,93.95366451325462,155.09267097349075,62.215415460013354,10
201,Jaden Ivey,Detroit Pistons,PG,165,301,62,156,399.2,22,28,638.3,19,56,317.9,6,31,37,43,21,7,21,3,-98,245,202,208,80,386.9683671196257,21.834038761416792,60.60793049676988,22.911784361773222,465.8652261082646,387.6048117620851,451.5517932724438,96.11895745154823,10
202,Jaden McDaniels,Minnesota Timberwolves,PF,127,299,51,97,511.3,12,19,532.1,13,40,242.9,9,30,39,13,25,11,15,8,41,179,166,140,52,407.61325687299717,14.900826446280991,12.128352167313206,18.239669421487605,439.6014504975544,487.6734693877551,360.9509192106595,25.61949738573115,10
203,Jaden Springer,Boston Celtics,G,60,176,22,52,413.7,13,14,575.0,3,18,183.3,13,18,31,17,21,13,10,4,-19,108,91,77,48,236.80547293277806,54.13265913146937,31.475907198096376,2.6145151695419395,712.8542534205831,500.7061273051756,383.2427126710291,151.3194527067222,10
204,Jae Crowder,Milwaukee Bucks,PF,51,188,20,46,433.6,4,5,150.0,7,26,270.0,7,17,24,13,9,4,4,1,-5,88,75,64,37,70.2618699780862,9.236303871439006,10.170197224251279,5.2596785975164355,77.35865595325056,80.29437545653761,68.21073776479183,18.521913805697586,10
205,Jae'Sean Tate,Houston Rockets,SF,39,131,17,32,440.5,3,5,150.0,2,7,133.3,8,19,27,7,15,5,14,5,6,73,66,46,34,93.66545265348596,21.936004162330907,6.117585848074922,1.6004162330905305,194.1716961498439,147.5525494276795,122.60405827263268,45.73413111342352,10
206,Jahmi'us Ramsey,Toronto Raptors,SG,47,120,18,41,306.3,5,6,175.0,6,22,183.3,4,18,22,8,10,7,7,0,-28,77,69,55,30,69.3801652892562,36.066115702479344,3.072314049586777,3.402892561983472,97.25413223140495,108.65289256198346,77.28719008264463,19.832644628099175,7
207,Jaime Jr. Jaquez,Miami Heat,G,104,291,39,86,430.4,18,25,616.7,8,25,244.89999999999998,9,40,49,27,20,12,9,3,3,180,153,131,76,399.9229968782518,41.14984391259105,22.292403746097815,7.839750260145682,373.75650364203955,369.74921956295526,390.9687825182102,76.40374609781477,10
208,Jake LaRavia,Memphis Grizzlies,F,124,295,37,103,356.5,30,38,643.9,20,56,353.5,18,25,43,22,19,9,18,3,11,189,167,146,65,275.02500000000003,34.5,19.825000000000003,32.27777777777778,515.3,420.125,336.0,88.52499999999999,10
209,Jakob Poeltl,Toronto Raptors,C,122,251,55,101,543.9,12,20,491.7,0,0,0.0,39,53,92,31,28,10,11,19,35,245,214,153,123,161.8469387755102,127.67346938775509,30.387755102040813,0.0,516.704081632653,398.98979591836735,256.6224489795918,181.0,10
210,Jalen Brunson,New York Knicks,PG,321,355,121,254,468.9,54,65,758.5,25,70,364.7,5,29,34,81,19,8,19,0,107,436,355,402,115,1441.8327246165084,24.4572680788897,48.4127100073046,14.720964207450693,1603.510591672754,1607.027757487217,1435.491599707816,75.69393718042367,10
211,Jalen Duren,Detroit Pistons,C,128,257,49,85,524.1,30,36,763.3,0,1,0.0,30,84,114,15,22,9,24,6,-56,257,242,143,129,400.55340104647587,371.73160972606956,25.553401046475837,0.0,1647.318867343798,1448.1385041551248,504.1024930747923,492.91628193290245,10
212,Jalen Green,Houston Rockets,SG,258,375,90,200,437.8,43,53,877.9,35,97,336.7,8,53,61,53,23,15,36,5,19,372,319,311,114,825.7024843773814,39.77061423563481,35.419753086419746,44.50952598689224,989.7091906721537,984.4705075445817,814.5900015241579,91.54153330285017,10
213,Jalen HoodSchifino,Los Angeles Lakers,G,5,11,1,6,33.3,2,4,100.0,1,3,50.0,0,2,2,0,1,0,1,0,-13,7,7,5,2,9.0,0.9799999999999999,0.020000000000000004,0.8200000000000001,13.32,14.180000000000001,8.42,0.72,2
214,Jalen Johnson,Atlanta Hawks,SF,171,327,67,147,459.5,20,28,429.0,17,46,394.9,12,76,88,47,15,12,20,5,25,306,259,218,135,718.8856332703214,157.91776937618147,76.59168241965973,14.208884688090738,1433.3761814744803,931.4196597353497,1114.8327032136106,340.51890359168243,10
215,Jalen McDaniels,Toronto Raptors,PF,57,177,25,61,352.3,7,9,366.7,0,12,0.0,6,25,31,18,15,6,10,3,-95,106,88,75,49,213.1502835538752,120.98865784499056,24.05671077504726,0.04253308128544423,623.9442344045369,504.83648393194704,280.09168241965966,197.21172022684308,10
216,Jalen Pickett,Denver Nuggets,G,2,7,1,3,33.3,0,0,0.0,0,2,0.0,0,0,0,2,0,0,0,0,-1,4,2,4,2,0.37051039697542537,0.2287334593572779,0.8336483931947071,0.09262759924385634,1.0888468809073728,0.017013232514177672,2.3156899810964084,0.18903591682419654,1
217,Jalen Slawson,Sacramento Kings,F,2,8,1,2,50.0,0,0,0.0,0,1,0.0,1,1,2,0,2,1,0,0,3,4,4,2,2,2.5600000000000005,2.25,0.0,0.0,9.610000000000001,9.610000000000001,2.5600000000000005,2.25,1
218,Jalen Smith,Indiana Pacers,PF,81,150,30,65,426.6,14,20,277.4,7,23,261.9,24,34,58,9,15,4,3,8,7,148,139,90,67,224.3515625,85.69384765625,6.90625,10.2265625,539.76806640625,521.30712890625,243.1640625,92.24853515625,10
219,Jalen Suggs,Orlando Magic,SG,130,285,46,94,500.2,20,26,683.3,18,47,382.5,4,18,22,39,20,16,13,9,36,191,152,169,61,301.2284023668639,15.940828402366863,32.959763313609464,9.886390532544379,452.7467455621302,312.4994082840237,424.75147928994085,65.62485207100592,10
220,Jalen Williams,Oklahoma City Thunder,F,211,304,86,157,551.8,26,33,746.7,13,39,248.3,7,29,36,51,21,14,21,13,42,298,247,262,87,454.77777777777777,22.8,48.90277777777778,14.436111111111112,823.4027777777778,552.1111111111111,691.3361111111111,106.4361111111111,10
221,Jalen Wilson,Brooklyn Nets,F,56,155,19,40,567.7,12,17,450.0,6,17,250.0,7,25,32,10,7,2,8,1,33,98,88,66,42,144.7890625,35.1015625,10.009765625,4.42822265625,367.291015625,276.625,209.212890625,71.353515625,10
222,Jamal Cain,Miami Heat,F,12,37,3,9,125.0,4,4,200.0,2,4,150.0,2,3,5,6,5,1,3,1,11,23,17,18,11,10.26222684703434,4.213319458896983,6.274713839750259,1.0260145681581685,36.13839750260146,21.47034339229969,27.198751300728404,8.219562955254943,4
223,Jamal Murray,Denver Nuggets,PG,219,343,82,178,457.3,34,39,911.4,21,49,440.0,10,40,50,77,17,15,23,4,59,346,269,296,127,481.96609161213564,50.29149315883403,60.34086853063653,18.92623438429506,664.2486615110055,506.0791195716836,615.9119571683523,134.85603807257584,10
224,James Bouknight,Charlotte Hornets,SG,10,13,4,10,83.3,0,0,0.0,2,7,58.3,0,0,0,0,0,1,1,0,13,10,10,10,0,18.0,0.0,0.0,0.72,18.0,18.0,18.0,0.0,2
225,James Harden,LA Clippers,SG,132,344,40,114,353.1,36,42,840.7,16,68,217.1,6,51,57,95,10,12,23,3,-25,284,189,227,152,271.23995844875344,36.189750692520775,132.8393351800554,17.813019390581715,412.61114958448746,299.8424515235457,362.65962603878114,190.37811634349032,10
226,James Johnson,Indiana Pacers,PF,4,12,1,4,33.3,2,2,100.0,0,1,0.0,0,0,0,2,3,0,1,1,-2,6,4,6,2,1.2800000000000002,0.0,0.32000000000000006,0.0,2.88,1.2800000000000002,2.88,0.32000000000000006,2
227,James Wiseman,Detroit Pistons,C,95,237,39,65,486.1,17,22,420.8,0,0,0.0,20,49,69,8,29,1,22,4,-102,172,164,103,77,485.48251280908886,109.99933169971041,15.889507685453331,0.0,1079.4043216752061,927.0345288482958,618.1468032969481,145.59434172421476,10
228,Jamie Jr. Jaquez,Miami Heat,G,67,179,26,52,452.4,10,12,541.7,5,19,161.7,5,13,18,18,16,5,11,3,32,103,85,85,36,126.47222222222221,12.11111111111111,18.111111111111114,4.229166666666667,194.47222222222223,148.25,168.91666666666666,34.0,9
229,Jarace Walker,Indiana Pacers,F,38,147,14,37,382.2,2,2,100.0,8,19,300.0,4,25,29,19,11,5,6,5,26,86,67,57,48,127.57048940832725,50.59532505478451,59.53177501826149,8.759678597516436,492.69539810080346,299.1417092768444,259.44119795471147,171.81008035062086,10
230,Jared Butler,Washington Wizards,SG,82,206,31,65,483.0,10,10,400.0,10,32,373.4,5,19,24,41,21,13,23,4,14,147,106,123,65,198.40625,8.8515625,128.95166015625,11.07666015625,463.42431640625,215.1640625,405.77197265625,178.69775390625,10
231,Jared Rhoden,Detroit Pistons,G,33,122,13,28,280.8,3,6,150.0,4,12,183.3,0,15,15,8,16,3,4,7,-39,56,48,41,23,52.04042806183115,12.895362663495836,7.077288941736027,1.7170035671819264,87.20214030915577,102.13912009512485,47.20570749108205,9.870392390011892,7
232,Jaren Jackson Jr.,Memphis Grizzlies,PF,223,328,81,183,426.2,46,59,770.4,15,49,319.6,15,33,48,34,37,17,27,17,-129,305,271,257,82,1094.8353151010701,51.54815695600475,26.404280618311535,10.5,1277.910225921522,1216.8281807372177,1154.5,79.36979785969085,10
233,Jarred Vanderbilt,Los Angeles Lakers,PF,68,142,26,42,412.7,13,17,375.0,3,5,166.7,12,22,34,12,8,16,11,2,23,114,102,80,46,111.33333333333334,59.333333333333336,18.0,3.5,362.0,274.0,157.33333333333334,119.33333333333334,6
234,Jarrett Allen,Cleveland Cavaliers,C,167,314,70,114,608.7,27,33,741.6,0,0,0.0,25,67,92,31,13,5,9,3,-47,290,259,198,123,194.95529257067722,134.73668639053255,21.63609467455621,0.0,390.46416831032224,336.46318211702817,221.34681130834977,183.98224852071007,10
235,Jason Preston,Utah Jazz,G,10,42,5,12,116.6,0,0,0.0,0,1,0.0,3,7,10,13,2,1,1,0,0,33,20,23,23,14.448753462603877,5.459833795013852,14.0,0.0,85.11080332409975,31.74238227146815,50.764542936288095,36.51246537396122,3
236,Javon Freeman-Liberty,Toronto Raptors,G,83,223,32,75,385.3,15,17,700.0,4,21,108.3,9,35,44,22,17,8,16,0,-136,149,127,105,66,294.2,18.755999999999997,32.083999999999996,4.416,560.104,381.076,455.924,68.144,10
237,Javonte Green,Chicago Bulls,G,55,106,22,32,323.8,5,6,150.0,6,10,316.7,9,23,32,4,7,5,5,6,21,91,87,59,36,329.25,81.39999999999999,0.8,0.8125,707.25,687.6500000000001,338.05,93.0,5
238,Jaxson Hayes,Los Angeles Lakers,C,67,166,27,34,842.9,13,19,535.0,0,0,0.0,15,30,45,8,21,7,10,5,-27,120,112,75,53,282.2913253518168,75.3826927116152,7.863474060071414,0.0,573.1111111111112,597.8924595673179,270.4744801512287,70.28166351606805,10
239,Jay Huff,Denver Nuggets,C,3,5,1,2,50.0,0,0,0.0,1,2,50.0,0,0,0,0,2,0,0,0,-3,3,3,3,0,4.280618311533889,0.09631391200951249,0.019024970273483946,0.8038049940546969,2.626634958382877,3.0927467300832343,3.7288941736028542,0.2009512485136742,1
240,Jaylen Brown,Boston Celtics,SG,257,340,101,198,508.8,30,43,585.5,25,63,402.5,12,41,53,30,25,16,22,6,71,340,310,287,83,405.65600000000006,41.0,30.324,17.176,383.924,436.496,334.004,90.404,10
241,Jaylen Nowell,Detroit Pistons,SG,24,39,10,17,118.1,2,4,50.0,2,4,66.7,3,4,7,2,2,1,1,2,-3,33,31,26,9,0.0,0.5102040816326531,2.0408163265306123,2.040816326530612,0.5102040816326535,0.510204081632653,2.040816326530612,0.510204081632653,2
242,Jaylin Williams,Oklahoma City Thunder,F,45,155,14,35,483.3,10,12,258.3,7,23,408.3,5,35,40,30,14,3,11,6,-70,115,85,75,70,54.25371950009919,51.66831977782186,130.22098789922634,4.100178536004761,381.25590160682407,146.9269986113866,240.13945645705215,230.33247371553261,10
243,Jayson Tatum,Boston Celtics,SF,270,352,88,188,467.2,64,75,767.0,30,75,389.6,11,63,74,48,16,12,27,6,101,392,344,318,122,272.9,81.20277777777778,10.825000000000003,20.136111111111113,464.31111111111113,431.8027777777778,313.82500000000005,83.61111111111111,10
244,Jeenathan Williams,Houston Rockets,G,18,36,9,15,283.4,0,2,0.0,0,0,0.0,3,5,8,1,5,1,0,0,14,27,26,19,9,46.45,6.578125,0.8031249999999999,0.0,70.2125,75.30312500000001,44.428125,4.3125,5
245,Jeff Dowtin,Philadelphia 76ers,G,42,112,15,27,317.1,3,3,200.0,9,18,283.4,3,15,18,20,1,5,5,1,18,80,60,62,38,217.17769376181474,25.37807183364839,34.36294896030246,8.017013232514177,513.750472589792,320.74102079395084,382.07750472589794,87.85066162570888,9
246,Jeff Green,Houston Rockets,PF,89,191,30,70,401.7,13,16,425.0,16,46,322.5,8,23,31,9,12,3,1,4,5,129,120,98,40,270.4914276558244,48.33247876942797,4.905784329434385,15.51674411152059,444.01169684345456,425.84874218875177,288.63643646851466,53.256208940874856,10
247,Jerami Grant,Portland Trail Blazers,SF,169,342,56,142,386.6,38,46,711.3,19,49,402.0,6,19,25,35,18,14,28,2,-77,229,194,204,60,473.98961937716257,45.9204152249135,32.71626297577855,5.083044982698962,888.6262975778548,739.6678200692041,583.0934256055364,118.49134948096886,10
248,Jeremiah Robinson-Earl,New Orleans Pelicans,F,28,104,11,28,269.6,4,7,80.0,2,13,100.0,10,15,25,11,7,3,5,1,38,64,53,39,36,94.0,41.73469387755102,30.21088435374149,1.7006802721088436,272.66666666666663,181.44897959183672,155.16326530612244,102.00000000000001,9
249,Jeremy Sochan,San Antonio Spurs,F,126,301,51,121,422.6,14,19,516.7,10,44,192.79999999999998,21,59,80,33,16,14,20,10,-20,239,206,159,113,549.0972944849116,204.3746097814776,41.58480749219564,10.166493236212277,1143.8839750260145,1165.4823100936524,519.2138397502601,254.24453694068677,10
250,Jericho Sims,New York Knicks,C,11,149,5,9,266.7,1,2,50.0,0,0,0.0,16,25,41,5,11,5,5,5,17,57,52,16,46,26.97530864197531,87.4,4.708641975308643,0.0,178.2,163.61975308641973,34.0,99.6641975308642,10
251,Jerome Robinson,Golden State Warriors,SG,10,17,4,10,40.0,1,2,50.0,1,6,16.7,0,0,0,1,1,0,0,1,-2,11,10,11,1,76.71343638525565,0.14387633769322233,0.7431629013079666,0.8668252080856124,85.40309155766944,70.21284185493462,92.55766944114148,0.23305588585017833,1
252,Jett Howard,Orlando Magic,G,0,5,0,1,0.0,0,0,0.0,0,1,0.0,0,0,0,0,1,0,0,0,-5,0,0,0,0,1.7777777777777777,0.1111111111111111,0.0,0.19753086419753085,2.777777777777778,2.777777777777778,1.7777777777777777,0.1111111111111111,1
253,Jevon Carter,Chicago Bulls,PG,48,142,19,37,423.5,1,2,50.0,9,22,291.7,2,7,9,11,10,2,4,1,6,68,57,59,20,161.61111111111111,13.1640625,8.90017361111111,6.9210069444444455,257.7777777777778,202.31684027777777,200.85850694444446,38.27777777777778,10
254,Jimmy Butler,Miami Heat,SF,187,335,56,122,460.2,66,71,932.4,9,29,258.2,10,35,45,53,13,11,12,0,107,285,232,240,98,375.52016004924593,21.178516466605103,28.173899661434287,5.038165589412127,469.95967990150814,442.61495844875344,388.9750692520775,63.24222837796246,10
255,Jock Landale,Houston Rockets,C,95,218,38,64,593.5,17,22,583.3,2,6,100.0,26,27,53,19,18,5,11,4,50,167,148,114,72,247.58359917432915,104.51848376806156,25.704072058547567,3.600675548883468,726.9324451116532,544.352411334209,376.77462938637643,183.611559392006,10
256,Joe Harris,Detroit Pistons,SF,2,12,1,3,33.3,0,0,0.0,0,1,0.0,0,0,0,0,1,0,0,0,-5,2,2,2,0,0.0,0.0,0.0,0.0,0.0,0.0,0.0,0.0,1
257,Joe Ingles,Orlando Magic,SG,37,177,12,26,339.9,3,4,200.0,10,22,316.6,1,19,20,30,11,8,14,0,71,87,57,67,50,128.16306228373702,14.70069204152249,12.553633217993081,12.002162629757787,149.8689446366782,108.44333910034602,160.34299307958477,36.5,10
258,Joel Embiid,Philadelphia 76ers,C,128,146,42,90,238.9,35,42,426.9,9,21,233.3,6,30,36,16,14,6,25,3,-47,180,164,144,52,201.25,34.80555555555556,22.3125,5.034722222222222,254.0347222222222,262.55555555555554,221.3125,28.53472222222222,5
259,John Collins,Utah Jazz,PF,193,271,68,119,570.0,39,48,752.5,18,34,508.9,22,58,80,7,25,7,12,7,-49,280,273,200,87,362.38775510204084,95.36033163265307,7.3501275510204085,12.044005102040817,700.0510204081634,672.8960459183673,372.3654336734694,119.88775510204083,10
260,John Konchar,Memphis Grizzlies,SG,57,299,19,46,385.8,8,9,266.7,11,29,391.6,19,45,64,29,20,13,17,9,-3,150,121,86,93,131.325,70.55625,15.0,7.125,291.05625,223.40625,166.425,118.10624999999999,10
261,Johnny Davis,Washington Wizards,G,32,168,13,30,381.0,3,4,150.0,3,9,150.0,3,13,16,11,13,4,0,4,-45,59,48,43,27,67.73061224489796,20.408163265306126,10.908163265306122,4.108163265306123,164.9326530612245,115.6734693877551,120.1734693877551,28.132653061224488,10
262,Johnny Juzang,Utah Jazz,G,95,219,34,66,431.8,4,6,216.7,23,49,404.3,5,19,24,11,20,2,7,1,-16,130,119,106,35,653.5920799692426,38.73971549404075,12.936947327950788,45.844290657439444,761.1418685121107,731.9334871203383,661.3763936947328,73.10073048827374,10
263,Jonas Valanciunas,New Orleans Pelicans,C,108,197,46,75,615.9,15,21,425.0,1,11,33.3,11,58,69,16,26,3,11,3,-6,193,177,124,85,423.9061047908989,29.740265983015544,36.492549270950164,0.9807723121294665,716.0578432943439,527.3608396090369,618.8453773433746,59.990546386796986,10
264,Jonathan Isaac,Orlando Magic,PF,89,171,33,51,570.7,9,12,366.7,14,26,468.3,10,34,44,7,12,7,2,14,61,140,133,96,51,394.51085795656815,25.077963688145246,6.104307582769669,11.712353150587397,530.5952296190815,538.4880740477038,384.3260946956213,33.474190103239586,10
265,Jonathan Kuminga,Golden State Warriors,PF,204,300,82,150,557.9,31,40,716.7,9,21,350.1,8,40,48,25,30,9,21,5,8,277,252,229,73,280.1260404280618,72.74197384066588,13.573127229488703,9.209274673008325,363.128418549346,295.8026159334126,323.2378121284185,110.52913198573128,10
266,Jontay Porter,Toronto Raptors,C,49,159,18,41,352.3,4,6,150.0,9,26,230.4,10,23,33,32,11,10,13,9,-28,114,82,81,65,215.4023668639053,32.251479289940825,58.16863905325444,15.943786982248522,472.0,275.0917159763314,386.0976331360947,116.63313609467455,10
267,Jordan Clarkson,Utah Jazz,PG,161,328,58,144,353.7,31,35,737.9,14,53,206.6,7,29,36,63,18,10,23,0,-70,260,197,224,99,1014.8698224852071,104.98224852071006,74.72485207100591,21.005917159763314,1435.3639053254435,1403.248520710059,1032.630177514793,194.0621301775148,10
268,Jordan Goodwin,Memphis Grizzlies,G,93,269,37,97,364.4,8,12,300.0,11,34,293.3,22,49,71,50,22,11,16,4,-12,214,164,143,121,251.7,187.15625,46.4,15.0,560.45625,502.05625000000003,240.5,303.15625,10
269,Jordan Hawkins,New Orleans Pelicans,G,24,94,8,31,291.7,3,5,116.7,5,19,166.7,2,8,10,5,5,2,1,1,16,39,34,29,15,45.97509765625,8.00244140625,4.5,6.744140625,56.6015625,76.1015625,30.47509765625,8.50244140625,10
270,Jordan McLaughlin,Minnesota Timberwolves,PG,51,153,18,34,482.1,2,2,100.0,13,23,458.4,3,13,16,25,5,3,3,0,57,92,67,76,41,158.93402777777777,12.444444444444443,39.27160493827161,18.10493827160494,270.32600308641975,184.10069444444446,251.52970679012344,45.34567901234568,10
271,Jordan Miller,LA Clippers,G,4,5,1,1,100.0,2,2,100.0,0,0,0.0,0,1,1,0,0,0,0,0,3,5,5,4,1,9.679012345679013,0.44444444444444453,0.0,0.0,14.271604938271604,14.271604938271604,9.679012345679013,0.44444444444444453,1
272,Jordan Nwora,Toronto Raptors,SF,105,216,42,82,509.9,12,15,400.0,9,32,270.2,5,40,45,19,9,7,23,4,-97,169,150,124,64,279.2471383975026,109.68678459937566,20.02549427679501,4.945889698231009,680.0697190426639,550.6810613943809,341.84807492195625,196.5,10
273,Jordan Poole,Washington Wizards,SG,216,363,79,180,429.9,28,29,850.0,30,91,313.1,6,32,38,80,26,13,32,1,-47,334,254,296,118,750.15625,22.90625,148.8515625,24.15625,1289.7890625,921.625,1049.4765625,240.6015625,10
274,Jordan Walsh,Boston Celtics,G,2,33,1,5,100.0,0,0,0.0,0,3,0.0,3,4,7,1,6,2,2,1,19,10,9,3,8,3.52,14.080000000000002,1.0,0.0,8.786666666666667,8.853333333333333,8.253333333333334,10.28,3
275,Jose Alvarado,New Orleans Pelicans,PG,74,207,25,61,381.5,5,8,250.0,19,38,479.6,8,19,27,21,18,8,5,1,15,122,101,95,48,246.48202207191173,38.104307582769664,37.89284442862228,25.3873264506942,497.0815236739053,376.9487362050552,324.14560341758636,118.46635813456747,10
276,Josh Giddey,Oklahoma City Thunder,SG,185,297,74,129,582.3,22,31,696.9,15,31,429.2,15,65,80,72,15,4,26,6,53,337,265,257,152,498.2818458580356,111.4090690594456,174.71687229610637,26.836885114564975,1234.511296266624,785.1499759653901,736.6266623938471,497.14244512097423,10
277,Josh Green,Dallas Mavericks,SG,67,259,28,55,498.7,4,5,80.0,7,23,270.0,11,24,35,13,16,11,9,2,-34,115,102,80,48,175.42568370986916,41.573127229488705,10.20332936979786,7.416171224732463,227.9346016646849,241.15576694411413,176.20927467300828,37.77170035671819,10
278,Josh Hart,New York Knicks,SG,91,371,36,82,367.3,14,17,458.3,5,18,156.6,20,66,86,64,23,9,18,1,90,241,177,155,150,711.9178613594197,210.0,104.93911283521673,4.9052116714454375,1781.7933884297522,1294.099679541238,1056.5206611570247,458.0300219261258,10
279,Josh Minott,Minnesota Timberwolves,F,2,12,1,2,50.0,0,0,0.0,0,0,0.0,0,5,5,1,3,1,0,0,13,8,7,3,6,2.471836734693878,10.47591836734694,0.52,0.16326530612244897,3.6065306122448986,3.5893877551020408,4.7975510204081635,8.687346938775509,2
280,Josh Okogie,Phoenix Suns,SF,43,135,12,30,323.8,12,13,450.0,7,15,350.0,13,7,20,11,7,6,10,3,-9,74,63,54,31,146.29448491155046,12.04162330905307,7.761706555671175,6.438085327783559,213.74401664932364,199.03329864724245,155.38397502601455,25.42455775234131,10
281,Josh Richardson,Miami Heat,SG,98,211,38,76,433.2,6,6,200.0,16,45,301.7,4,26,30,19,16,5,3,2,3,147,128,117,49,296.8888888888889,20.0,10.88888888888889,27.555555555555557,468.0,427.55555555555554,344.0,24.22222222222222,9
282,Joshua Primo,LA Clippers,G,0,5,0,1,0.0,0,0,0.0,0,0,0.0,1,0,1,0,0,0,1,0,1,1,1,0,1,0.0,0.0,0.0,0.0,0.0,0.0,0.0,0.0,1
283,Jrue Holiday,Boston Celtics,PG,109,315,43,88,509.5,4,4,200.0,19,50,398.6,6,35,41,54,12,10,15,9,106,204,150,163,95,152.92100694444446,71.54600694444446,65.40277777777777,12.9765625,422.51736111111114,276.43402777777777,303.4140625,132.5390625,10
284,Jules Bernard,Washington Wizards,G,46,88,17,36,466.2,4,7,250.0,8,16,435.0,6,9,15,11,6,2,3,1,24,72,61,57,26,220.35098155859606,12.312314098750743,15.481856038072577,6.4759071980963725,377.1612135633552,282.377751338489,309.68411659726354,33.24449732302201,8
285,Julian Champagnie,San Antonio Spurs,F,98,294,34,77,386.6,14,18,563.4,16,45,286.5,6,32,38,19,14,10,10,11,-23,155,136,117,57,316.97091412742384,53.074792243767305,19.692867036011084,14.877077562326871,694.0252770083102,584.6385041551246,391.43801939058176,107.6873268698061,10
286,Julian Phillips,Chicago Bulls,F,39,132,13,31,272.9,7,8,266.7,6,13,283.4,6,12,18,5,12,5,3,1,-11,62,57,44,23,170.91975308641975,27.290123456790123,6.777777777777779,6.401234567901234,314.4444444444444,289.44444444444446,184.5493827160494,45.43827160493827,10
287,Julian Strawther,Denver Nuggets,G,28,61,9,26,108.0,6,6,300.0,4,18,81.9,1,8,9,8,6,1,6,0,4,45,37,36,17,148.91412742382272,16.096952908587255,9.490304709141274,3.595567867036011,279.08310249307476,222.66204986149586,186.49861495844877,44.42382271468144,4
288,Julius Randle,New York Knicks,PF,66,99,23,48,142.2,14,14,300.0,6,11,195.0,8,17,25,18,7,1,10,0,25,109,91,84,43,98.0,2.666666666666667,14.0,2.0,140.66666666666669,120.66666666666666,126.0,8.666666666666668,3
289,Justin Champagnie,Washington Wizards,SF,71,188,24,59,355.1,11,14,300.0,12,38,218.3,17,24,41,15,12,8,9,6,-56,127,112,86,56,335.36466942148763,95.69421487603306,10.5,15.616735537190083,855.125,750.625,402.86466942148763,143.19421487603307,10
290,Justin Holiday,Denver Nuggets,SF,44,166,17,37,399.6,0,0,0.0,10,23,350.0,3,11,14,12,11,7,3,3,35,70,58,56,26,130.40507835746877,10.4812537195001,35.70283673874231,10.0,278.2856576076175,165.6457052172188,246.46220987899227,42.76691132711764,10
291,Justin Minaya,Portland Trail Blazers,F,25,126,9,24,284.9,1,2,50.0,6,18,176.6,8,12,20,6,11,4,3,5,-25,51,45,31,26,67.21729289271163,20.765052059755547,6.634676324128566,8.783159800814849,139.9452240832956,108.86600271616116,93.4490719782707,32.247170665459485,10
292,Jusuf Nurkic,Phoenix Suns,C,80,272,29,73,375.8,21,32,518.5,1,2,50.0,34,73,107,43,33,14,21,9,34,230,187,123,150,205.66593929775837,198.16643523110494,22.450902598690735,0.908748264233287,724.995834159889,716.042650267804,213.73715532632414,221.49930569331482,10
293,Karl-Anthony Towns,Minnesota Timberwolves,C,193,306,66,146,451.8,41,47,734.2,20,56,341.5,20,55,75,29,33,8,24,8,98,297,268,222,104,265.0493827160493,98.62345679012346,46.91975308641975,18.771604938271604,548.530864197531,414.4012345679012,362.2777777777778,182.44444444444443,10
294,Kawhi Leonard,LA Clippers,SF,239,347,93,173,538.7,37,43,815.0,16,45,350.8,14,45,59,28,12,13,23,11,38,326,298,267,87,125.67722681359045,60.90449954086318,8.631772268135904,8.466942148760332,202.40449954086316,148.5,148.1179981634527,101.0,10
295,Keegan Murray,Sacramento Kings,SF,181,359,70,148,481.8,8,10,341.7,33,84,413.7,15,35,50,22,27,4,7,14,34,253,231,203,72,260.02656249999995,76.0640625,20.0,23.725000000000005,271.15624999999994,184.05624999999995,313.6765625000001,129.5140625,10
296,Keita Bates-Diop,Brooklyn Nets,SF,35,85,12,20,615.0,6,6,300.0,5,11,350.0,3,10,13,5,1,2,5,4,-13,53,48,40,18,52.10000000000001,16.81111111111111,4.677777777777777,5.4,94.5,87.3777777777778,51.511111111111106,29.2,10
297,Keldon Johnson,San Antonio Spurs,SF,145,293,49,104,463.8,27,32,684.2,20,55,368.5,15,44,59,18,17,4,11,2,-15,222,204,163,77,289.8603316326531,54.90625,22.242984693877553,24.538903061224488,375.3144132653061,405.11479591836735,288.390306122449,48.81887755102041,10
298,Kelly Olynyk,Toronto Raptors,PF,138,299,53,89,598.0,24,28,683.3,8,26,331.6,14,44,58,61,38,12,33,7,-60,257,196,199,119,139.90532544378698,30.205917159763313,95.17751479289942,3.609467455621302,417.71005917159766,261.59763313609466,303.7171597633136,117.68402366863904,10
299,Kelly Oubre Jr.,Philadelphia 76ers,SG,188,344,69,159,428.9,29,37,492.8,21,56,311.5,17,45,62,30,24,16,21,11,36,280,250,218,92,542.7524863951961,56.7355976731094,42.691311690748734,31.37267780071308,846.2664665040345,757.1259148057796,659.2767873897542,72.04316006755488,10
300,Kendall Brown,Indiana Pacers,SG,3,19,1,2,100.0,1,2,50.0,0,0,0.0,1,0,1,0,4,0,0,0,-12,4,4,3,1,6.148148148148149,0.6666666666666667,0.3333333333333333,0.0,11.592592592592592,10.814814814814817,6.925925925925926,1.0,3
301,Kenneth Lofton Jr.,Philadelphia 76ers,F,2,5,1,4,25.0,0,0,0.0,0,2,0.0,0,1,1,0,0,0,0,0,-4,3,3,2,1,16.0,0.0,0.0,0.6400000000000001,16.0,16.0,16.0,0.0,1
302,Kenneth Lofton Jr.,Utah Jazz,F,7,12,3,7,42.9,0,0,0.0,1,2,50.0,1,0,1,0,0,0,0,0,-4,8,8,7,1,1.0,0.0,0.0,0.03999999999999998,1.0,1.0,1.0,0.0,1
303,Kenrich Williams,Oklahoma City Thunder,SF,82,200,34,61,584.1,4,4,200.0,10,24,416.6,17,21,38,14,23,9,7,2,-17,134,120,96,52,176.69581534997187,74.45937324075811,8.955151060236442,6.046913116907487,422.6601613811221,341.24751360480394,233.12704072058546,108.3959467066992,10
304,Kentavious Caldwell-Pope,Denver Nuggets,SG,116,334,40,78,466.0,8,11,450.0,28,54,460.5,4,25,29,25,25,13,12,9,106,170,145,141,54,538.798225308642,23.38155864197531,22.530864197530864,41.266975308641975,690.1975308641975,605.0,590.7519290123457,79.15625,10
305,Kenyon Martin Jr.,Philadelphia 76ers,F,56,177,25,47,495.8,4,8,200.0,2,6,150.0,15,25,40,16,20,2,8,5,24,112,96,72,56,115.17171280276817,129.46193771626298,11.247837370242216,1.6003460207612459,442.0,398.65960207612454,150.28546712802768,148.9364186851211,10
306,Keon Ellis,Sacramento Kings,G,80,264,26,58,390.2,11,13,525.0,17,39,430.4,10,32,42,21,32,10,8,3,-4,143,122,101,63,317.45804403888116,49.656814124181714,29.868875223170008,20.653243404086492,609.7800039674668,426.8240428486411,475.99067645308475,103.94901805197381,10
307,Keon Johnson,Brooklyn Nets,G,12,26,3,8,73.3,4,4,100.0,2,4,133.3,2,1,3,2,2,2,2,0,-9,17,15,14,5,18.88888888888889,0.5555555555555556,2.2222222222222223,0.22222222222222227,27.222222222222225,13.888888888888888,34.0,1.0,2
308,Kessler Edwards,Sacramento Kings,SF,39,97,14,33,376.7,1,4,50.0,10,23,386.7,4,13,17,3,9,6,1,1,-14,59,56,42,20,119.17233560090703,22.93902746283699,2.1000251952632905,9.574703955656336,175.48929201310156,163.0607205845301,121.82716049382715,34.81279919375157,10
309,Kevin Durant,Phoenix Suns,PF,248,359,98,181,547.3,26,29,691.7,26,63,439.8,5,61,66,42,16,9,31,12,67,356,314,290,108,182.21564760026297,67.89907955292571,35.71597633136095,11.580539119000658,422.27777777777777,341.3270874424721,272.73241288625906,94.04898093359633,10
310,Kevin Huerter,Sacramento Kings,SG,72,231,29,79,330.1,2,4,100.0,12,45,205.0,6,24,30,25,23,8,11,2,5,127,102,97,55,288.7933884297521,30.44995408631772,4.61248852157943,16.24793388429752,456.10743801652893,441.77777777777777,290.6730945821855,47.51239669421488,10
311,Kevin Knox II,Detroit Pistons,SF,22,89,9,26,148.9,3,3,200.0,1,11,33.3,3,11,14,4,9,2,6,0,21,40,36,26,18,115.33333333333334,19.333333333333336,3.3333333333333335,0.8333333333333335,167.33333333333331,188.0,101.33333333333334,16.0,6
312,Kevin Love,Miami Heat,PF,83,153,30,64,451.7,9,12,233.3,14,40,268.40000000000003,12,50,62,18,18,3,11,3,42,163,145,101,80,376.08418367346945,177.0127551020408,13.604591836734695,21.257653061224488,863.2474489795919,746.5,444.3469387755102,239.10204081632656,10
313,Kevon Looney,Golden State Warriors,F,37,118,15,25,585.0,7,11,350.0,0,0,0.0,11,32,43,8,20,2,4,1,50,88,80,45,51,54.47057242676699,48.57538296156947,4.0,0.0,136.14942219833378,142.96909432948132,55.32303144316044,44.903251814028486,10
314,Keyontae Johnson,Oklahoma City Thunder,F,5,39,2,8,66.7,0,0,0.0,1,2,100.0,2,4,6,2,4,0,2,0,-15,13,11,7,8,20.0,7.0,1.2653061224489797,0.8163265306122451,29.69387755102041,35.0,17.26530612244898,5.6938775510204085,5
315,Keyonte George,Utah Jazz,G,126,322,39,128,293.6,35,36,883.3,13,68,158.6,0,30,30,43,14,4,36,0,-127,199,156,169,73,409.96585886297817,34.00152415790276,45.10669105319311,19.355433622923332,290.5692729766804,373.5150129553422,353.09846060051825,53.02987349489407,10
316,Khris Middleton,Milwaukee Bucks,SF,145,274,58,114,534.1,11,15,355.0,18,45,550.4,13,48,61,56,32,11,26,2,-25,262,206,201,117,494.4169821525149,46.9394267171444,60.11249323958897,5.636560302866414,898.8220659816118,612.2985397512168,701.3753380205516,186.6170903190914,10
317,Killian Hayes,Detroit Pistons,PG,18,79,7,14,209.6,1,3,33.3,3,6,100.0,0,15,15,20,4,0,5,2,-12,53,33,38,35,27.0,18.75,54.0,2.75,252.75,74.75,153.0,124.75,4
318,Kira Lewis Jr.,Utah Jazz,PG,24,78,9,23,169.4,4,6,125.0,2,9,83.3,2,5,7,11,3,2,5,0,-34,42,31,35,18,104.05591909577633,19.111838191552646,13.452111838191552,1.3813206424747175,279.55264723378934,208.6811421772754,155.76383105294468,51.72754312908983,6
319,Klay Thompson,Golden State Warriors,SG,203,296,78,163,472.1,8,8,500.0,39,102,368.0,2,26,28,25,15,9,20,1,59,256,231,228,53,463.3538539382696,27.78242536684095,6.594872659807725,32.96694214876033,668.4520155169505,589.0,534.5427559453534,42.64041153651543,10
320,Kobe Brown,LA Clippers,G,10,39,5,9,300.0,0,0,0.0,0,2,0.0,6,7,13,2,5,0,3,0,-18,25,23,12,15,21.118457300275484,15.258953168044073,1.7796143250688707,0.005509641873278237,42.21763085399449,37.672176308539946,18.016528925619838,24.68595041322314,6
321,Kobe Bufkin,Atlanta Hawks,G,52,138,22,57,316.7,1,2,50.0,7,29,193.3,2,18,20,22,12,6,5,4,6,94,72,74,42,104.56,6.0,18.759999999999998,3.5625,138.04,123.75999999999999,121.64,21.959999999999997,9
322,Kobi Simmons,Toronto Raptors,G,20,67,9,21,183.4,0,0,0.0,2,8,100.0,1,6,7,12,5,6,1,2,-31,39,27,32,19,25.11111111111111,4.111111111111111,22.0,1.1111111111111112,45.0,41.0,30.44444444444445,24.77777777777778,4
323,Kris Dunn,Utah Jazz,G,57,220,23,57,422.1,5,7,130.0,6,21,200.0,9,24,33,34,26,9,8,5,-31,124,90,91,67,86.14792899408283,42.469822485207104,44.409467455621304,6.409467455621302,200.63668639053253,168.15147928994082,96.91479289940828,108.59763313609467,10
324,Kris Murray,Portland Trail Blazers,F,100,318,41,98,382.8,4,7,166.7,14,48,249.2,23,30,53,17,18,12,14,3,-80,170,153,117,70,358.19834710743805,23.380165289256194,18.2396694214876,15.276775172879068,481.8347107438016,488.1570247933884,357.4297520661157,36.06611570247934,10
325,Kristaps Porzingis,Boston Celtics,C,191,293,68,134,518.6,37,44,875.0,18,48,425.8,20,57,77,24,28,13,14,25,63,292,268,215,101,133.0,84.36094674556213,14.686390532544378,17.802514792899405,356.8402366863906,285.05325443786984,179.8402366863905,123.99408284023669,10
326,Kyle Anderson,Minnesota Timberwolves,SF,86,232,35,73,459.6,14,17,435.0,2,7,100.0,8,28,36,47,14,16,8,9,54,169,122,133,83,135.51059167275383,33.25200876552228,43.169466764061355,1.6026296566837108,379.4032140248356,242.6398831263696,222.76479181884588,125.93060628195764,10
327,Kyle Kuzma,Washington Wizards,SF,218,366,85,181,489.6,37,47,775.0,11,43,218.6,3,70,73,51,24,7,36,7,-27,342,291,269,124,513.3879277201077,57.532103037293346,59.63667820069204,16.7439446366782,740.9957708573625,549.878123798539,709.8965782391388,111.77777777777777,10
328,Kyle Lowry,Philadelphia 76ers,PG,90,292,30,62,517.9,10,14,400.0,20,43,501.7,3,20,23,39,25,6,12,5,7,152,113,129,62,350.167063020214,29.020808561236624,87.3870392390012,10.760998810939359,605.6343638525565,432.36266349583826,509.49940546967895,130.34720570749107,10
329,Kyrie Irving,Dallas Mavericks,PG,276,377,104,199,522.7,39,43,771.5,29,75,377.2,6,39,45,44,22,13,23,3,119,365,321,320,89,596.318420499895,47.29867674858223,76.3411048099139,14.950430581810545,592.857172862844,738.5874816215081,442.4116782188616,131.81621508086536,10
330,LaMelo Ball,Charlotte Hornets,PG,32,55,12,37,66.1,5,6,150.0,3,17,34.7,1,5,6,15,10,3,7,0,-49,53,38,47,21,2.0,2.0,0.5,0.5,4.5,8.0,0.5,0.5,2
331,Lamar Stevens,Memphis Grizzlies,PF,111,239,44,107,433.1,19,24,516.6,4,25,195.0,13,38,51,10,13,11,5,5,12,172,162,121,61,136.95716835217132,41.63295657346818,6.481856038072576,2.4009518143961928,197.76085663295657,184.7995240928019,157.10707911957167,40.92623438429506,10
332,Landry Shamet,Washington Wizards,SG,55,184,20,55,273.1,7,7,300.0,8,35,104.1,4,10,14,8,12,4,9,2,-68,77,69,63,22,330.90000000000003,22.5,5.700000000000001,15.624999999999998,463.7,413.80000000000007,373.0,35.99999999999999,10
333,Larry Nance Jr.,New Orleans Pelicans,PF,59,231,24,46,525.8,7,9,316.7,4,10,183.3,15,30,45,26,20,10,7,1,-17,130,104,85,71,93.6599707815924,78.73703433162893,47.087289992695396,4.400292184075968,392.36669101533965,288.00474799123447,174.5018261504748,149.34441197954712,10
334,Lauri Markkanen,Utah Jazz,PF,223,347,68,170,401.2,57,60,956.7,30,80,363.3,20,49,69,26,14,11,18,4,-42,318,292,249,95,334.8261504747991,129.06135865595326,45.68298027757487,34.00730460189919,657.4915997078159,517.5704894083273,451.0029218407597,198.48867786705623,10
335,LeBron James,Los Angeles Lakers,SF,262,351,96,162,597.9,51,66,783.6,19,38,393.3,8,67,75,90,8,7,40,4,107,427,337,352,165,551.8830939783321,74.77777777777777,46.090702947845806,65.03426555807509,536.1877047115142,564.1000251952634,509.6533131771227,135.18594104308391,10
336,Leaky Black,Charlotte Hornets,F,31,166,10,27,332.1,7,10,275.0,4,10,150.0,5,22,27,14,13,2,3,4,-26,72,58,45,41,89.07100591715977,35.094674556213015,8.686390532544378,8.402366863905327,120.85207100591715,85.94082840236686,110.51479289940828,57.248520710059175,10
337,Leonard Miller,Minnesota Timberwolves,F,5,10,2,3,100.0,0,0,0.0,1,1,100.0,0,1,1,4,0,1,0,0,15,10,6,9,5,15.542222222222223,0.5022222222222222,3.5555555555555562,0.768888888888889,30.83555555555555,20.880000000000003,25.675555555555555,3.8800000000000003,2
338,Lester Quinones,Golden State Warriors,G,52,148,18,49,323.7,9,13,325.0,7,29,200.0,7,17,24,12,16,2,5,0,-30,88,76,64,36,228.0,26.799999999999997,14.567901234567902,10.54567901234568,345.01234567901236,360.4,223.23456790123456,30.74567901234568,10
339,Lindy Waters III,Oklahoma City Thunder,F,55,96,21,43,518.9,2,2,200.0,11,28,363.3,6,11,17,7,7,4,1,2,-27,79,72,62,24,172.0362358031368,22.0730124391563,10.24067063277447,12.093564088696592,289.9843158464035,220.77339102217417,219.99351000540833,53.56733369388859,10
340,Lonnie Walker IV,Brooklyn Nets,G,42,137,16,59,264.5,3,4,150.0,7,33,203.3,2,19,21,6,5,1,3,4,-56,69,63,48,27,191.2,39.071005917159766,8.8,9.094674556213018,444.48639053254436,346.20946745562134,263.20000000000005,74.14792899408283,10
341,Luguentz Dort,Oklahoma City Thunder,G,110,294,35,91,366.0,25,32,705.0,15,53,270.3,6,30,36,15,22,8,16,5,-13,161,146,125,51,255.74491267425094,44.780003204614644,10.836885114564973,13.240666559846177,350.74138759814133,328.15350104149974,275.04838968114086,58.90129786893126,10
342,Luka Doncic,Dallas Mavericks,PG,311,385,104,231,453.7,58,75,780.6,45,111,403.7,11,95,106,96,24,16,45,4,97,513,417,407,202,590.4210284664831,20.0,136.8099173553719,38.17355371900826,431.61111111111103,611.5119375573921,427.61111111111103,139.71900826446281,10
343,Luka Garza,Minnesota Timberwolves,C,61,70,23,45,310.8,8,11,266.7,7,21,233.3,10,6,16,2,9,3,3,1,4,79,77,63,18,161.72796106003247,23.520822065981612,1.6160086533261222,4.28718226068145,273.5667928610059,249.24121146565716,184.07517577068688,27.115197404002163,6
344,Luka Samanic,Utah Jazz,F,49,128,15,47,238.8,14,19,446.4,5,24,203.3,5,28,33,6,10,1,6,4,-47,88,82,55,39,209.46400951814394,65.0,5.668054729327782,3.155859607376562,509.1029149315883,441.04937537180245,259.8590124925639,88.32659131469362,10
345,Luke Kennard,Memphis Grizzlies,SG,118,282,40,88,429.0,9,9,500.0,29,64,450.4,2,28,30,53,7,6,24,1,-63,201,148,171,83,483.43673469387755,10.073469387755102,60.68979591836735,26.90204081632653,676.3306122448979,492.7755102040816,657.4081632653061,80.34693877551021,10
346,Luke Kornet,Boston Celtics,C,49,178,21,31,710.6,7,8,250.0,0,0,0.0,22,27,49,12,7,5,2,10,47,110,98,61,61,133.42455775234131,149.54942767950052,21.606659729448495,0.0,506.0,411.6066597294485,177.5494276795005,221.42455775234131,10
347,M. Pereira,Memphis Grizzlies,F,44,120,16,33,255.6,7,10,225.0,5,13,150.0,10,26,36,2,10,6,5,4,7,82,80,46,38,222.0353798126951,93.98959417273673,1.4027055150884493,5.12486992715921,589.9604578563996,560.6722164412071,235.65868886576482,111.05723204994797,6
348,M. Williams,Toronto Raptors,C,0,36,0,7,0.0,0,0,0.0,0,2,0.0,1,6,7,1,3,1,1,2,-25,8,7,1,8,0.0,7.082644628099174,0.5371900826446281,0.0,11.239669421487605,7.082644628099174,0.5371900826446281,11.239669421487605,2
349,Malachi Flynn,Detroit Pistons,PG,124,197,43,98,358.4,21,29,491.7,17,51,298.5,6,23,29,27,13,11,14,2,-56,180,153,151,56,2012.637336504162,34.795481569560046,53.49464922711058,24.531510107015457,2770.4518430439957,2478.9785969084423,2277.5422116527943,114.85850178359097,10
350,Malaki Branham,San Antonio Spurs,G,121,252,47,99,453.40000000000003,7,12,316.7,20,47,400.4,5,14,19,17,14,3,14,1,5,157,140,138,36,547.4119795471147,20.9572680788897,12.118699780861943,28.237034331628927,639.8619430241052,639.4612856099343,544.4780861943025,36.41051862673484,10
351,Malcolm Brogdon,Portland Trail Blazers,PG,102,218,37,83,266.20000000000005,17,19,433.3,11,30,202.89999999999998,7,22,29,40,13,4,17,2,4,171,131,142,69,100.0,28.833333333333336,7.333333333333334,6.833333333333334,113.5,66.83333333333334,151.33333333333331,31.5,6
352,Malik Beasley,Milwaukee Bucks,SG,108,307,37,102,362.4,7,7,300.0,27,81,332.5,2,28,30,11,22,5,6,2,-19,149,138,119,41,350.10816326530613,30.344897959183672,11.422448979591838,24.761224489795918,336.6877551020408,378.9469387755102,325.0,24.616326530612245,10
353,Malik Monk,Sacramento Kings,SG,157,272,57,138,394.0,31,33,730.0,12,58,166.1,6,27,33,44,31,6,17,2,13,234,190,201,77,653.7845804988663,24.25724363819602,14.982111363063742,11.617031997984379,877.3560090702948,822.5527840765936,694.3827160493827,53.44444444444444,10
354,Mamadi Diakite,New York Knicks,F,0,5,0,0,0.0,0,0,0.0,0,0,0.0,0,1,1,0,1,1,0,0,0,1,1,0,1,0.0,0.4049586776859504,0.0,0.0,0.4049586776859504,0.4049586776859504,0.0,0.4049586776859504,1
355,MarJon Beauchamp,Milwaukee Bucks,F,30,42,10,16,350.0,7,8,175.0,3,7,200.0,2,9,11,1,4,1,3,0,-17,42,41,31,12,64.50666666666666,13.240000000000002,0.8933333333333334,2.0400000000000005,123.75999999999999,112.33333333333331,72.36000000000001,17.706666666666667,6
356,Marcus Morris Sr.,Cleveland Cavaliers,SF,62,157,23,50,517.6,5,8,250.0,11,25,383.3,4,18,22,10,11,2,10,2,-45,94,84,72,32,141.63060208239023,51.658669081032144,10.072430964237212,12.933001358080578,276.42191036668174,270.5740153915799,145.60887279311908,63.600724309642374,10
357,Marcus Sasser,Detroit Pistons,G,94,286,34,99,339.9,12,14,240.0,14,45,291.7,2,20,22,46,16,8,17,2,-98,162,116,140,68,420.6532605573111,11.622522263717322,37.715598965814415,10.419419706980753,558.9882217753519,379.53806377477736,592.1591496696351,57.28239011778225,10
358,Markelle Fultz,Orlando Magic,PG,67,196,30,70,410.0,4,4,200.0,3,6,166.7,16,15,31,25,19,8,10,3,31,123,98,92,56,318.6337693222355,38.90011890606421,36.50297265160523,4.186682520808562,594.7336504161713,500.14982164090367,402.2164090368609,86.40428061831153,10
359,Markieff Morris,Dallas Mavericks,PF,5,11,2,3,150.0,0,0,0.0,1,2,50.0,0,2,2,0,0,0,0,0,4,7,7,5,2,1.0,2.4260355029585803,0.2958579881656805,0.5266272189349113,5.165680473372782,6.349112426035504,0.5266272189349113,2.0118343195266273,2
360,Marques Bolden,Charlotte Hornets,C,15,53,7,9,266.7,1,2,50.0,0,0,0.0,4,13,17,0,5,1,1,1,-8,32,32,15,17,36.01543209876543,41.47222222222223,0.0,0.0,151.6172839506173,151.6172839506173,36.01543209876543,41.47222222222223,5
361,Marvin Bagley III,Washington Wizards,PF,134,238,58,89,623.5,12,13,600.0,6,8,450.0,23,49,72,8,11,5,10,9,3,214,206,142,80,341.85484830458057,93.62879238548483,15.875074360499699,4.5258774538964905,424.1273051754908,392.8102320047591,350.1939321832243,132.48185603807258,10
362,Mason Jones,Sacramento Kings,G,7,18,2,6,66.7,1,2,50.0,2,5,66.7,1,4,5,5,0,1,1,0,3,17,12,12,10,16.608888888888888,11.719999999999999,11.719999999999999,2.2222222222222223,55.275555555555556,24.22222222222223,24.22222222222223,46.879999999999995,2
363,Mason Plumlee,LA Clippers,C,38,98,13,22,525.0,12,15,400.0,0,1,0.0,8,24,32,6,16,2,6,3,12,76,70,44,38,83.60007934933546,16.434437611585004,6.705018845467169,0.0,153.43900019837335,136.8645110097203,94.71493751239834,28.599087482642336,10
364,Matisse Thybulle,Portland Trail Blazers,SG,67,209,25,53,398.9,5,7,200.0,12,31,335.0,7,24,31,20,14,17,12,7,-23,118,98,87,51,338.8434903047091,39.325484764542935,20.249307479224377,12.531855955678669,707.3573407202216,558.770083102493,458.20637119113564,88.79916897506926,10
365,Matt Ryan,New Orleans Pelicans,F,28,83,10,28,233.3,0,0,0.0,8,22,194.4,1,8,9,2,7,0,3,0,-12,39,37,30,11,213.2,19.03265306122449,1.6000000000000003,19.43673469387755,364.63265306122446,347.83265306122445,227.60000000000002,23.03265306122449,10
366,Matthew Hurt,Memphis Grizzlies,F,32,110,12,33,215.9,3,3,200.0,5,19,233.4,9,7,16,4,8,3,2,3,-7,52,48,36,20,163.8343195266272,34.95857988165681,4.934911242603551,5.335798816568047,360.0,296.6272189349112,213.72781065088756,53.37278106508876,7
367,Max Christie,Los Angeles Lakers,G,39,115,15,31,519.4,3,4,150.0,6,14,250.0,3,17,20,7,4,2,4,1,17,66,59,46,27,153.45665542551083,36.71573100575282,8.127157310057529,6.425709184685578,402.0396746677247,311.44237254512996,215.51081134695497,73.38603451696092,10
368,Max Strus,Cleveland Cavaliers,SG,123,320,41,96,434.8,17,18,466.7,24,65,369.2,11,32,43,45,23,11,23,1,-40,211,166,168,88,238.2,90.75308641975309,69.53827160493827,16.577777777777776,455.17777777777775,278.641975308642,331.38271604938274,243.64444444444445,10
369,Maxi Kleber,Dallas Mavericks,PF,38,190,11,28,415.0,9,12,225.0,7,20,333.3,7,22,29,18,19,7,6,6,75,85,67,56,47,103.625,27.17128027681661,17.988321799307958,6.1055363321799305,216.1955017301038,156.56098615916954,159.01038062283737,49.40873702422145,10
370,Maxwell Lewis,Los Angeles Lakers,F,2,11,1,5,25.0,0,0,0.0,0,2,0.0,1,0,1,2,0,0,0,0,-15,5,3,4,3,3.039480800432666,0.8312601406165496,3.177934018388318,0.0,7.684694429421308,7.0443482963764215,4.430502974580854,3.258518117901568,2
371,Micah Potter,Utah Jazz,C,33,136,11,27,300.0,6,6,400.0,5,14,250.0,8,20,28,5,7,4,4,4,-3,66,61,38,33,123.11676753292986,16.805268778924887,8.757208971164117,6.500889996440013,205.22961908152365,157.33606265574937,157.89676041295837,38.676041295834814,10
372,Michael Porter Jr.,Denver Nuggets,SF,180,322,69,138,506.8,15,18,596.7,27,65,438.2,12,61,73,16,17,6,15,2,59,269,253,196,89,365.2017777777778,126.26044444444446,18.428444444444445,8.100444444444445,346.664,408.3404444444444,285.26044444444443,162.9537777777778,10
373,Mikal Bridges,Brooklyn Nets,SF,169,344,62,140,450.3,8,9,366.7,37,88,446.3,9,28,37,37,11,13,18,3,-24,243,206,206,74,253.016,45.544,14.121777777777778,22.584000000000003,310.3937777777778,315.456,276.10844444444444,31.511111111111113,10
374,Mike Conley,Minnesota Timberwolves,PG,129,285,43,94,429.5,20,22,716.7,23,54,405.09999999999997,3,17,20,57,23,19,21,3,31,206,149,186,77,400.61632653061224,33.6,33.587755102040816,28.26530612244898,686.2367346938776,485.53061224489795,596.4081632653061,72.10204081632654,10
375,Mike Muscala,Oklahoma City Thunder,C,20,90,8,27,296.7,1,3,50.0,3,17,100.0,6,10,16,6,4,3,1,2,11,42,36,26,22,53.3284023668639,14.234467455621301,7.763313609467455,4.261094674556213,146.10428994082838,106.70784023668641,77.35207100591717,37.37056213017751,10
376,Miles Bridges,Charlotte Hornets,SF,206,399,80,171,464.1,25,32,629.7,21,70,259.0,13,58,71,37,11,7,21,4,-91,314,277,243,108,403.36105860113423,48.67863894139886,44.168241965973536,39.00588111741231,559.0094517958413,484.7807183364839,426.2930056710775,144.1436672967864,10
377,Miles McBride,New York Knicks,PG,165,404,58,123,463.1,15,16,650.0,34,80,396.2,10,24,34,31,29,13,7,2,54,230,199,196,65,556.9632315736212,31.926125822229725,27.946533985495027,58.92561983471075,827.4872659807725,642.9419800978242,727.9827964243548,73.39838083993926,10
378,Mitchell Robinson,New York Knicks,C,23,87,8,20,183.3,7,19,216.6,0,0,0.0,20,13,33,3,10,2,4,6,-12,59,56,26,36,55.529300567107754,77.72967863894141,3.525519848771267,0.0,174.16446124763706,171.05860113421548,53.7882797731569,86.10207939508507,6
379,Mo Bamba,Philadelphia 76ers,C,74,201,27,52,491.09999999999997,11,15,425.0,9,24,323.3,16,50,66,10,28,8,8,16,-16,150,140,84,76,156.43313609467455,43.628402366863895,12.037869822485208,5.213017751479289,272.0828402366864,260.39289940828405,185.01301775147928,38.77633136094674,10
380,Monte Morris,Minnesota Timberwolves,PG,60,170,21,45,425.8,7,10,250.0,11,24,360.0,2,18,20,20,7,11,2,4,54,100,80,80,40,144.64489795918368,15.079591836734691,20.051020408163264,9.146938775510204,327.9510204081633,219.10408163265305,239.9612244897959,48.66122448979592,10
381,Moritz Wagner,Orlando Magic,C,95,144,37,61,665.7,15,18,650.0,6,15,316.7,14,22,36,14,16,5,11,1,52,145,131,109,50,192.85510380622836,55.116349480968864,42.77681660899653,6.416955017301039,309.6228373702422,276.56920415224914,203.74783737024222,120.05406574394465,10
382,Moses Brown,Portland Trail Blazers,C,34,79,14,27,393.3,6,21,140.8,0,0,0.0,12,11,23,4,10,1,4,4,-13,61,57,38,27,72.4297520661157,26.09274563820018,6.001836547291092,0.0,148.32966023875116,119.15059687786959,88.51423324150598,45.18916437098255,8
383,Moses Moody,Golden State Warriors,SG,91,188,31,65,534.4,12,14,516.7,17,36,480.0,8,20,28,14,20,5,4,1,19,133,119,105,42,131.44582185491277,37.976124885215796,11.76675849403122,19.444444444444446,331.4182736455464,250.5,189.33011937557393,72.77685950413223,10
384,Mouhamadou Gueye,Toronto Raptors,F,23,89,10,30,326.2,3,8,125.0,0,3,0.0,10,7,17,4,9,2,11,12,-74,44,40,27,21,13.915918367346938,24.04326530612245,4.014693877551021,0.0,56.93877551020408,44.414693877551024,29.177959183673465,25.32,8
385,Moussa Diabate,LA Clippers,F,2,7,1,1,100.0,0,2,0.0,0,0,0.0,1,3,4,0,0,1,0,1,1,6,6,2,4,0.0,0.0,0.0,0.0,0.0,0.0,0.0,0.0,1
386,Myles Turner,Indiana Pacers,C,145,252,50,106,474.7,25,32,691.7,20,48,418.4,8,53,61,12,28,4,10,22,31,218,206,157,73,322.18798571728627,91.15879017013233,17.60302457466919,14.607015332913255,566.7317790380173,567.1678218861583,320.09598823776525,110.41776937618148,10
387,Naji Marshall,New Orleans Pelicans,SF,61,208,25,55,414.5,3,4,200.0,8,22,332.1,4,35,39,17,15,9,7,1,40,117,100,78,56,184.555263651717,54.96096828673297,10.14505535747795,13.658847813848753,433.6672921748921,383.08087821354854,225.8465002814787,74.40120097579283,10
388,Nassir Little,Phoenix Suns,SF,18,64,7,18,258.3,0,0,0.0,4,11,250.0,0,11,11,5,7,0,1,2,-9,34,29,23,16,38.65020820939917,13.863771564544914,4.533016061867935,2.16716240333135,65.94765020820938,56.96133254015467,46.138607971445566,19.894705532421177,7
389,Nate Hinton,Houston Rockets,G,12,22,4,7,110.0,2,3,66.7,2,3,66.7,1,5,6,3,4,1,1,2,10,21,18,15,9,73.19526627218934,2.3195266272189348,2.988165680473373,3.1834319526627217,131.10650887573962,95.06508875739644,104.43195266272188,10.11242603550296,2
390,Nathan Mensah,Charlotte Hornets,C,4,59,2,5,66.7,0,0,0.0,0,0,0.0,4,6,10,1,13,2,1,4,-17,15,14,5,11,13.75,9.9375,0.859375,0.0,41.359375,44.4375,13.484375,7.984375,7
391,Naz Reid,Minnesota Timberwolves,C,184,294,70,143,481.2,13,19,658.3,31,70,423.3,9,64,73,19,23,12,23,11,35,276,257,203,92,536.2669753086419,110.02623456790124,19.029706790123456,47.29012345679013,712.9371141975307,770.2777777777777,507.3260030864198,100.65625,10
392,Neemias Queta,Boston Celtics,C,39,80,19,26,443.4,1,2,100.0,0,0,0.0,12,17,29,4,8,3,4,6,63,72,68,43,33,78.9375,55.24609375,2.12109375,0.0,228.734375,238.96484375,76.33984375,49.734375,7
393,Nic Claxton,Brooklyn Nets,C,108,309,47,73,667.4,14,32,471.7,0,0,0.0,32,73,105,19,22,9,17,17,-9,232,213,127,124,268.8445216049383,97.35069444444444,11.100694444444443,0.0,406.01118827160496,422.13734567901236,250.54475308641975,110.625,10
394,Nick Jr. Smith,Charlotte Hornets,G,45,161,15,58,283.3,7,8,87.5,8,30,200.0,2,13,15,18,16,3,6,0,-3,78,60,63,33,187.16790123456792,17.44444444444445,26.953086419753088,11.91604938271605,340.0,227.7975308641975,272.1111111111111,71.6567901234568,10
395,Nick Richards,Charlotte Hornets,C,89,265,36,54,665.5,17,21,525.0,0,0,0.0,20,60,80,7,23,4,9,6,-26,176,169,96,87,121.3,217.46944444444443,8.11111111111111,0.0,298.53611111111104,327.9694444444445,111.61111111111113,205.8361111111111,10
396,Nickeil Alexander-Walker,Minnesota Timberwolves,SG,86,226,31,66,463.4,5,6,200.0,19,45,432.9,1,16,17,18,16,3,7,2,59,121,103,104,35,221.07168156518804,20.002192612582224,19.834710743801658,16.904874346432788,404.9591836734694,285.1315567549334,324.1932872322483,56.54292460785967,10
397,Nicolas Batum,Philadelphia 76ers,PF,69,281,25,50,425.4,1,2,50.0,18,40,377.9,10,35,45,20,10,9,9,4,3,134,114,89,65,317.68639053254435,34.713609467455626,40.11597633136094,27.455621301775146,438.3313609467455,412.094674556213,326.23786982248515,92.51479289940828,10
398,Nikola Jokic,Denver Nuggets,C,287,370,112,206,538.4,51,64,804.9,12,36,315.9,22,114,136,86,20,14,32,5,127,509,423,373,222,592.3224489795919,94.1734693877551,136.53061224489795,11.63265306122449,891.3,907.8877551020407,515.530612244898,290.90816326530614,10
399,Nikola Jovic,Miami Heat,F,102,224,36,78,480.9,11,12,450.0,19,51,390.2,4,35,39,22,15,7,8,3,62,163,141,124,61,162.51831332717757,63.064019698368725,33.93290243151739,7.365650969529086,264.52477685441676,273.5053862726993,128.6703601108033,121.86426592797784,10
400,Nikola Vucevic,Chicago Bulls,C,144,322,59,128,456.2,15,22,410.7,11,36,318.3,22,81,103,37,21,6,16,10,-60,284,247,181,140,386.1137777777777,174.4737777777778,39.16711111111111,7.028444444444444,540.576,521.375111111111,400.7777777777778,218.17777777777778,10
401,Noah Clowney,Brooklyn Nets,F,69,184,25,49,417.2,11,19,296.4,8,18,250.0,14,37,51,7,16,6,5,7,-3,127,120,76,58,487.22657226155775,108.85839233652646,6.460224906289047,10.033319450229072,915.7913369429406,913.7109537692629,487.911703456893,116.71386922115784,10
402,Norman Powell,LA Clippers,G,154,280,51,103,510.4,29,33,635.7,23,52,421.3,3,15,18,11,14,6,7,1,30,183,172,165,29,144.54541522491348,16.340830449826992,7.125,14.11461937716263,139.15743944636677,165.22361591695503,114.50865051903115,27.43641868512111,10
403,O.G. Anunoby,New York Knicks,SF,99,261,40,88,345.2,9,14,243.3,10,37,188.3,5,26,31,14,17,22,15,7,119,144,130,113,45,489.08,56.52,9.68,10.219999999999999,410.0,387.68,511.52000000000004,66.08000000000001,8
404,Obi Toppin,Indiana Pacers,PF,99,182,38,59,678.7,7,8,450.0,16,30,534.9,10,29,39,12,16,7,8,6,46,150,138,111,51,146.5271111111111,48.92177777777777,7.744,11.895111111111111,340.9937777777778,314.4337777777778,174.5751111111111,55.17777777777778,10
405,Ochai Agbaji,Toronto Raptors,G,77,284,32,75,362.8,8,17,225.0,5,26,153.3,22,26,48,19,21,12,15,4,-48,144,125,96,67,223.00829081632654,77.03061224489795,28.360331632653065,4.579719387755102,499.11479591836735,431.15625,256.890306122449,139.46747448979593,10
406,Olivier Sarr,Oklahoma City Thunder,C,11,22,4,7,125.0,3,5,116.7,0,1,0.0,4,4,8,0,3,0,1,1,-14,19,19,11,8,34.92,6.920000000000002,0.0,0.0,59.68000000000001,59.68000000000001,34.92,6.920000000000002,3
407,OlivierMaxence Prosper,Dallas Mavericks,F,10,36,3,6,150.0,4,7,57.1,0,2,0.0,2,6,8,0,1,1,1,1,-14,18,18,10,8,33.87755102040817,13.224489795918366,0.14512471655328796,0.0,84.19954648526077,88.73469387755101,31.08390022675737,11.628117913832199,4
408,Omer Yurtseven,Utah Jazz,C,78,168,36,61,526.5,5,8,300.0,1,4,50.0,23,28,51,9,14,2,8,7,-44,138,129,87,60,212.0687869822485,50.09763313609467,11.943786982248522,0.9023668639053254,446.2226331360947,374.125,270.125,76.08284023668638,10
409,Onuralp Bitim,Chicago Bulls,SF,54,158,24,48,504.4,0,0,0.0,6,21,166.7,5,12,17,9,14,2,3,1,-38,80,71,63,26,279.55472565354785,51.65958058029302,5.253950014363689,7.172651536914679,534.3194484343579,497.77506463659864,301.2131571387533,71.79948290721057,10
410,Onyeka Okongwu,Atlanta Hawks,PF,147,296,61,89,703.8000000000001,16,22,492.9,9,19,466.6,32,44,76,11,28,7,5,15,4,234,223,158,87,308.4240362811791,185.95918367346937,9.244897959183675,5.6893424036281175,807.5192743764171,822.7913832199548,307.3560090702948,181.0,10
411,Orlando Robinson,Miami Heat,C,13,59,4,11,108.3,4,5,175.0,1,2,100.0,8,9,17,5,4,1,3,0,4,35,30,18,22,52.479708636836634,25.118626430801253,2.854318418314256,0.841831425598335,98.86888657648284,82.36628511966701,70.22060353798128,26.734651404786682,6
412,Oscar Tshiebwe,Indiana Pacers,C,3,5,1,3,33.3,1,2,50.0,0,0,0.0,2,0,2,0,1,0,0,1,8,5,5,3,2,0.25,0.0,0.0,0.0,0.25,0.25,0.25,0.0,1
413,Oshae Brissett,Boston Celtics,SF,37,160,12,26,444.3,10,18,283.3,3,10,250.0,17,17,34,10,13,1,4,1,60,81,71,47,44,61.44444444444444,38.33470507544582,6.123456790123457,2.1049382716049383,98.47873799725652,107.82853223593965,60.382716049382715,36.17009602194787,10
414,Ousmane Dieng,Oklahoma City Thunder,F,28,90,10,25,324.4,4,4,200.0,4,14,220.0,1,7,8,14,3,3,6,3,16,50,36,42,22,122.49704142011836,6.0,21.124260355029588,4.295857988165681,242.1183431952663,164.49704142011836,196.11834319526628,31.124260355029584,8
415,P.J. Tucker,LA Clippers,PF,22,173,8,23,233.3,0,0,0.0,6,15,383.4,8,21,29,7,16,5,4,4,-22,58,51,29,36,66.52582644628099,44.15702479338843,4.338842975206612,4.4597107438016526,156.625,130.9183884297521,81.73657024793387,58.99173553719008,10
416,P.J. Washington,Dallas Mavericks,PF,148,350,54,118,441.3,12,19,510.0,28,67,408.6,11,60,71,16,23,14,8,12,58,235,219,164,87,570.944,99.96177777777777,10.401777777777777,27.580444444444442,750.3617777777777,654.1111111111112,646.247111111111,131.31111111111113,10
417,Paolo Banchero,Orlando Magic,PF,209,347,75,174,458.2,46,58,648.9,13,57,252.1,7,60,67,56,17,5,32,9,37,332,276,265,123,467.70339761248846,62.18824609733701,57.01744719926538,2.860422405876951,725.8549127640036,607.3388429752066,531.0863177226814,174.3388429752066,10
418,Pascal Siakam,Indiana Pacers,PF,233,306,93,171,543.0,39,57,597.5,8,20,433.3,20,67,87,33,21,5,13,2,50,353,320,266,120,429.38044444444444,114.10044444444445,30.708444444444446,3.6,724.4684444444445,655.3777777777777,426.70399999999995,216.576,10
419,Pat Connaughton,Milwaukee Bucks,SG,60,246,21,59,420.29999999999995,8,10,250.0,10,41,322.2,9,23,32,37,20,5,8,3,22,129,92,97,69,150.11687363038715,59.775383491599705,82.2008765522279,8.007304601899198,439.3371073776479,320.1785975164354,216.00657414170928,195.24506939371804,10
420,Patrick Baldwin Jr.,Washington Wizards,F,49,174,17,56,299.2,8,12,335.0,7,37,141.5,6,36,42,10,23,8,8,9,-25,101,91,59,52,267.3381204333585,109.30864197530863,20.090702947845806,10.165532879818594,807.0226757369614,661.2040816326531,351.7175610985135,190.8384983623079,10
421,Patrick Beverley,Milwaukee Bucks,PG,50,210,16,48,276.7,11,13,416.7,7,27,240.0,4,24,28,24,20,6,3,7,1,102,78,74,52,255.243757431629,25.81985731272295,28.083828775267538,6.186682520808561,424.05469678953625,309.21105826397144,341.2705112960761,82.7205707491082,10
422,Patrick Williams,Chicago Bulls,PF,6,24,2,9,22.2,2,2,100.0,0,5,0.0,0,6,6,2,5,0,2,2,-11,14,12,8,8,0.0,0.0,0.0,0.0,0.0,0.0,0.0,0.0,1
423,Patty Mills,Miami Heat,PG,56,180,20,66,264.7,9,9,300.0,7,43,137.5,4,8,12,19,12,11,7,0,57,87,68,75,31,258.5462412114657,9.835586803677664,15.408869659275283,6.145484045429962,284.7663601946998,255.61060032449973,278.6095186587345,34.336938885884265,10
424,Paul George,LA Clippers,F,249,335,84,166,505.6,48,50,775.0,33,70,445.8,6,44,50,29,26,13,20,6,26,328,299,278,79,906.7265625,98.1,32.5,38.106249999999996,1659.8015624999998,1317.0015625,1170.3265625,209.8,10
425,Paul Reed,Philadelphia 76ers,SF,82,213,34,57,638.9,12,16,433.3,2,4,150.0,22,43,65,16,25,13,13,14,70,163,147,98,81,83.63691716071142,56.407146290658545,38.446723281525394,1.683063611600705,313.0461464508893,211.51337926614326,145.76670405383754,134.2568498638039,10
426,Payton Pritchard,Boston Celtics,PG,134,282,53,103,482.4,8,11,350.0,20,53,285.2,8,23,31,52,18,7,8,0,71,217,165,186,83,462.25471136679226,22.90240031739734,89.13271176353899,36.0178536004761,837.032136480857,514.747272366594,774.7554056734775,121.81928188851418,10
427,Peyton Watson,Denver Nuggets,F,55,181,22,49,374.4,10,14,550.0,1,12,33.3,11,31,42,10,23,3,7,15,-11,107,97,65,52,155.41585872576178,51.395083102493075,8.001731301939058,1.2108725761772854,402.2801246537396,314.2465373961219,215.33795013850414,87.50831024930747,10
428,Precious Achiuwa,New York Knicks,PF,53,183,22,42,386.5,8,15,200.0,1,6,100.0,23,40,63,9,22,4,8,8,-56,125,116,62,72,372.41136785292633,215.6911789509192,15.049586776859504,0.9898802496205095,1182.5037949063924,1017.2298869961209,493.1020408163265,275.32400067465,10
429,Quentin Grimes,Detroit Pistons,SG,82,213,26,80,296.2,19,24,525.0,11,50,200.0,2,27,29,19,13,7,9,4,-12,130,111,101,48,312.44628099173553,35.19834710743802,14.900826446280991,10.900826446280991,442.06611570247935,483.0495867768595,277.6942148760331,43.86776859504132,10
430,R. Rupert,Portland Trail Blazers,G,65,278,23,61,437.2,8,9,450.0,11,28,228.3,6,32,38,27,31,6,13,3,-58,130,103,92,65,87.68906208008599,43.23730180059124,25.525127653856494,17.685837140553616,162.05536146197258,125.72776135447461,102.42837946788498,90.35071217414675,10
431,RJ Barrett,Toronto Raptors,SG,236,337,93,167,561.0,32,55,511.7,18,38,433.4,8,45,53,49,25,5,29,5,-37,338,289,285,102,120.67751479289942,60.13609467455621,49.710059171597635,17.0207100591716,326.5,170.9023668639053,258.09763313609466,128.02366863905326,10
432,Reggie Bullock,Houston Rockets,SF,29,119,10,22,366.6,0,0,0.0,9,19,433.3,3,22,25,3,13,3,1,2,-22,57,54,32,28,110.74394463667821,42.60596885813149,2.141868512110727,9.083044982698961,239.6647923875433,231.2339965397924,124.04152249134947,39.88105536332179,10
433,Reggie Jackson,Denver Nuggets,PG,120,244,41,98,409.59999999999997,22,26,622.7,16,38,379.3,7,12,19,48,22,7,17,2,26,187,139,168,67,455.05955678670364,29.620498614958446,61.18559556786704,21.36426592797784,630.6440443213297,521.5581717451523,544.5332409972299,110.41828254847645,10
434,Richaun Holmes,Washington Wizards,F,88,241,35,62,516.4,18,21,591.7,0,2,0.0,31,52,83,9,31,7,8,8,-2,180,171,97,92,289.8569488456315,267.74694431869625,7.027161611588955,0.004526935264825713,982.0,910.5165233137166,326.7682209144409,309.3463105477592,10
435,Ricky IV Council,Philadelphia 76ers,G,64,109,21,42,444.9,17,23,508.3,5,12,283.3,3,7,10,9,6,5,2,1,24,83,74,73,19,222.40170132325142,16.382797731569,8.954631379962192,4.7315689981096405,402.281663516068,330.83553875236294,288.13705103969755,31.04820415879017,10
436,Robin Lopez,Milwaukee Bucks,C,6,23,3,9,37.5,0,0,0.0,0,2,0.0,1,0,1,1,3,1,0,2,-16,8,7,7,2,21.92,0.52,0.6800000000000002,0.0,24.48,29.0,18.28,0.32000000000000006,2
437,Royce O'Neale,Phoenix Suns,PF,75,191,29,55,461.1,0,0,0.0,17,38,388.1,8,34,42,13,11,4,9,5,38,130,117,88,55,318.46736380502614,24.79338842975207,13.809917355371903,28.593186034744473,505.10372744138976,441.61258222297187,370.95024456063413,49.61157024793388,10
438,Rudy Gobert,Minnesota Timberwolves,C,130,342,53,78,669.8,24,44,443.8,0,0,0.0,41,84,125,20,32,7,17,18,53,275,255,150,145,277.8777777777778,82.8361111111111,14.899999999999999,0.0,489.52500000000003,454.125,294.1777777777778,116.83611111111111,10
439,Rui Hachimura,Los Angeles Lakers,PF,175,313,68,115,575.0,19,25,533.3,20,41,420.8,12,56,68,14,18,1,5,6,44,257,243,189,82,608.0204444444445,151.7351111111111,18.464,38.57600000000001,1054.6,990.664,650.2017777777778,191.9537777777778,10
440,Russell Westbrook,LA Clippers,PG,107,194,40,85,475.4,24,29,791.7,3,14,166.7,12,24,36,39,19,10,21,2,37,182,143,146,75,235.87600000000003,42.976,33.476,4.296,436.97600000000006,326.1,288.4,134.804,10
441,Ryan Arcidiacono,New York Knicks,G,0,5,0,1,0.0,0,0,0.0,0,1,0.0,0,0,0,0,1,1,0,0,3,0,0,0,0,0.0,0.0625,0.0,0.0,0.0625,0.0625,0.0,0.0625,1
442,Saben Lee,Phoenix Suns,G,35,98,9,28,194.29999999999998,15,20,416.7,2,9,83.3,3,15,18,17,6,4,2,0,11,70,53,52,35,198.02040816326533,29.877551020408156,10.510204081632654,1.591836734693878,389.795918367347,362.0,214.32653061224488,51.87755102040817,8
443,Saddiq Bey,Atlanta Hawks,SF,146,337,48,125,372.4,31,35,800.0,19,59,298.4,29,32,61,14,7,4,10,4,-23,221,207,160,75,398.90000000000003,67.125,9.625,14.9,439.4000000000001,478.32500000000005,362.225,74.5,10
444,Sam Hauser,Boston Celtics,SF,132,252,47,100,496.3,0,0,0.0,38,82,465.40000000000003,4,37,41,13,15,9,3,2,61,186,173,145,54,852.1224489795919,30.387755102040813,14.456790123456791,89.63214915595867,936.9397833207358,996.6734693877552,795.5316200554296,41.701688082640466,10
445,Sam Merrill,Cleveland Cavaliers,SG,76,196,23,65,254.6,7,8,466.7,23,62,263.4,3,17,20,22,13,2,3,0,-18,118,96,98,42,468.176,22.113777777777777,33.71377777777778,50.424,781.376,645.9111111111112,577.8684444444444,81.60000000000001,10
446,Samardo Samuels,Houston Rockets,F,0,6,0,1,0.0,0,0,0.0,0,0,0.0,1,1,2,0,0,0,0,0,-5,2,2,0,2,2.419753086419753,1.4938271604938274,0.0,0.0,0.11111111111111122,0.11111111111111122,2.419753086419753,1.4938271604938274,1
447,Sandro Mamukelashvili,San Antonio Spurs,PF,68,150,28,51,485.90000000000003,8,10,300.0,4,13,133.3,20,25,45,13,12,3,3,2,46,126,113,81,58,224.8044982698962,114.63840830449827,12.333910034602077,4.5,595.3719723183391,512.2595155709342,267.2768166089965,167.61245674740485,10
448,Santi Aldama,Memphis Grizzlies,PF,116,316,42,90,459.2,13,20,450.0,19,52,309.5,11,56,67,23,14,10,7,16,-91,206,183,139,90,464.97257653061223,94.125,18.288903061224488,31.887755102040817,898.1326530612246,764.936862244898,555.9005102040816,154.68176020408163,10
449,Sasha Vezenkov,Sacramento Kings,F,33,70,10,26,173.9,5,5,200.0,8,19,226.2,0,8,8,5,9,4,1,0,25,46,41,38,13,53.204081632653065,3.3469387755102042,2.8639455782312924,7.551020408163265,95.26530612244898,66.10204081632654,79.74149659863946,8.83673469387755,6
450,Scoot Henderson,Portland Trail Blazers,G,183,334,69,160,428.2,24,30,726.7,21,53,390.0,5,29,34,71,35,14,47,1,-122,288,217,254,105,175.71216028565757,44.822852608609395,52.27117635389803,11.779607220789526,345.44733187859543,192.79170799444557,325.92342789129145,99.53838524102359,10
451,Scottie Barnes,Toronto Raptors,SF,179,333,70,155,460.1,33,39,674.9,6,36,159.89999999999998,28,63,91,75,18,13,31,14,21,345,270,254,166,391.6640625,102.8515625,85.6640625,4.8515625,827.2890625,587.40625,576.65625,243.40625,10
452,Scotty Pippen Jr.,Memphis Grizzlies,G,118,247,44,88,454.5,16,22,450.0,14,35,365.0,9,15,24,44,28,18,28,6,-69,186,142,162,68,450.28512396694214,10.550619834710744,63.35537190082644,10.5,601.5010330578513,505.70764462809916,520.0371900826447,99.94731404958678,10
453,Seth Curry,Charlotte Hornets,SG,81,181,29,67,372.5,14,15,566.7,9,31,256.6,4,15,19,17,7,5,7,3,-33,117,100,98,36,233.0,12.900826446280993,16.140495867768593,4.900826446280991,334.3388429752066,276.08264462809916,269.8677685950413,50.429752066115704,10
454,Shai Gilgeous-Alexander,Oklahoma City Thunder,PG,250,341,92,188,489.8,51,65,795.1,15,48,292.6,9,44,53,53,24,18,23,6,54,356,303,303,106,504.44958677685946,74.2,42.97685950413222,16.864462809917356,948.7999999999998,727.7768595041323,712.1999999999999,130.44958677685952,10
455,Shake Milton,New York Knicks,SG,49,126,21,46,431.1,2,3,66.7,5,12,250.0,9,19,28,15,12,4,5,2,-6,92,77,64,43,168.13609467455623,82.63017751479289,18.28994082840237,8.869822485207102,562.7485207100592,440.9378698224852,242.85207100591717,148.0147928994083,10
456,Sidy Cissoko,San Antonio Spurs,G,0,11,0,1,0.0,0,0,0.0,0,1,0.0,0,1,1,0,2,0,1,0,-8,1,1,0,1,0.0,0.5061728395061729,0.0,0.0,0.5061728395061729,0.5061728395061729,0.0,0.5061728395061729,2
457,Simone Fontecchio,Detroit Pistons,F,158,307,55,116,455.5,19,21,616.7,29,65,413.2,8,41,49,16,20,10,13,5,5,223,207,174,65,506.0,36.90963139120095,14.430439952437576,30.11296076099881,589.4708680142687,547.3923900118907,538.8442330558859,60.574316290130795,10
458,Skylar Mays,Los Angeles Lakers,SG,8,34,4,10,170.0,0,0,0.0,0,3,0.0,0,1,1,3,2,3,2,1,-3,12,9,11,4,15.111111111111112,0.7777777777777779,3.3125,0.0,14.840277777777779,16.77777777777778,14.423611111111109,2.840277777777778,4
459,Spencer Dinwiddie,Los Angeles Lakers,PG,100,273,27,64,368.6,28,31,638.9,18,43,391.7,3,21,24,25,22,7,14,9,37,149,124,125,49,558.1996622255583,40.468380559204356,42.89453931319197,15.00881966597861,957.2304372302497,711.4892099831113,783.7476074310377,103.55620191405517,10
460,Stanley Umude,Detroit Pistons,G,49,150,16,39,260.4,8,9,366.7,9,25,243.3,5,16,21,3,15,4,4,2,-32,73,70,52,24,177.08,44.0,1.9200000000000002,10.88,278.68,272.78,180.88,48.02,8
461,Stephen Curry,Golden State Warriors,PG,230,318,80,183,449.4,28,29,683.3,42,105,415.5,6,38,44,57,12,3,21,3,92,331,274,287,101,524.7111111111111,91.184,45.256,22.540444444444447,635.1671111111112,639.4684444444445,519.9137777777778,136.936,10
462,Svi Mykhailiuk,Boston Celtics,SG,50,144,18,40,597.1,1,1,100.0,13,31,433.3,3,15,18,13,4,3,3,0,67,81,68,63,31,59.2890625,27.77777777777778,10.277777777777779,8.483506944444445,214.5390625,152.98350694444449,106.40017361111111,52.5,10
463,T. Vukcevic,Washington Wizards,PF,66,121,24,54,258.2,10,13,350.0,8,28,186.7,6,25,31,12,23,3,6,5,19,109,97,78,43,256.96296296296293,54.33333333333334,13.893518518518517,6.833333333333332,594.5046296296296,475.2962962962963,329.6712962962963,114.72685185185186,6
464,T.J. McConnell,Indiana Pacers,PG,140,202,65,114,576.8,6,7,400.0,4,9,300.0,5,20,25,60,11,5,20,2,42,225,165,200,85,158.0,18.99382716049383,39.08641975308642,2.4093364197530867,218.27777777777774,138.5493827160494,206.19753086419757,89.61111111111111,10
465,T.J. Warren,Minnesota Timberwolves,SF,37,119,16,39,361.2,3,4,150.0,2,13,83.3,5,16,21,7,11,3,4,1,45,65,58,44,28,63.18457300275483,18.132231404958677,7.887052341597797,1.5702479338842972,95.2534435261708,107.75206611570248,47.77134986225895,28.93388429752066,9
466,Taj Gibson,Detroit Pistons,F,8,20,3,5,116.7,0,0,0.0,2,4,100.0,0,2,2,0,2,1,0,0,-2,10,10,8,2,8.260355029585797,2.29585798816568,0.18934911242603553,0.42603550295857995,2.3195266272189357,3.8343195266272185,6.272189349112427,2.9585798816568047,2
467,Taj Gibson,New York Knicks,F,2,68,0,9,0.0,2,2,100.0,0,2,0.0,4,6,10,4,8,1,3,0,2,16,12,6,14,19.958579881656803,11.893491124260356,2.011834319526627,1.4497041420118342,17.414201183431953,16.585798816568047,13.75739644970414,20.934911242603548,5
468,Talen Horton-Tucker,Utah Jazz,SG,81,178,26,78,328.0,16,20,538.1,13,35,391.6,1,20,21,22,14,8,4,4,-57,124,102,103,43,146.5,51.925,33.625,2.85625,258.80000000000007,234.825,158.325,97.7,10
469,Taurean Prince,Los Angeles Lakers,PF,88,206,32,64,467.8,8,11,266.7,16,35,436.9,4,29,33,12,13,4,14,4,19,133,121,100,45,266.58775510204083,40.916326530612245,19.673469387755105,14.408163265306124,342.7448979591837,296.5,288.52244897959184,84.9,10
470,Taylor Hendricks,Utah Jazz,F,101,270,36,76,480.2,8,10,316.7,21,47,475.0,10,36,46,9,25,5,8,9,-97,156,147,110,55,199.60204081632654,69.13673469387756,4.973469387755102,13.887755102040819,247.67551020408163,212.06122448979593,223.9510204081633,85.37551020408162,10
471,Taze Moore,Portland Trail Blazers,G,2,5,1,1,100.0,0,0,0.0,0,0,0.0,0,0,0,1,0,0,1,0,7,3,2,3,1,1.44,0.0,0.6400000000000001,0.0,4.0,1.44,4.0,0.6400000000000001,1
472,Terance Mann,LA Clippers,SG,104,244,39,66,570.5,16,19,575.0,10,25,436.9,7,20,27,14,25,7,8,1,-7,145,131,118,41,304.9126742509213,39.91972440314052,14.51850664957539,6.001602307322544,486.83688511456495,418.9557763178978,387.3225444640282,39.909469636276235,10
473,Terquavion Smith,Philadelphia 76ers,G,45,65,16,37,307.8,2,3,100.0,11,28,266.6,0,3,3,11,5,8,5,0,6,59,48,56,14,183.54861111111114,1.7152777777777777,17.381944444444446,17.381944444444446,168.2152777777778,177.0,176.11111111111106,17.75,7
474,Terry Rozier,Miami Heat,SG,188,305,68,150,442.8,15,16,466.7,37,74,449.4,2,29,31,31,14,12,12,3,40,250,219,219,62,679.3694601974375,26.07708464608276,25.748162150808657,76.51606805293005,798.3537072043689,826.9092627599244,645.1587901701323,57.48036126864104,10
475,Terry Taylor,Chicago Bulls,F,15,56,5,10,325.0,3,4,150.0,2,3,150.0,4,10,14,3,1,2,0,0,-15,32,29,18,17,20.88823959094229,35.125639152666174,3.509130752373996,1.7983929875821767,117.36084733382029,97.06866325785245,26.967129291453613,52.848064280496715,5
476,Thaddeus Young,Phoenix Suns,F,16,53,8,14,225.0,0,2,0.0,0,0,0.0,12,9,21,4,5,3,2,0,16,41,37,20,25,8.503642039542143,56.15504682622267,4.337148803329865,0.0,83.11654526534859,73.85535900104058,20.01664932362123,58.240374609781476,4
477,Thaddeus Young,Phoenix Suns,PF,41,128,20,28,469.9,1,3,50.0,0,2,0.0,11,18,29,14,12,2,4,1,-24,84,70,55,43,177.81997918834548,32.82934443288241,31.86056191467222,0.0,495.20707596253897,292.4120707596254,338.25078043704474,107.05411030176899,6
478,Thanasis Antetokounmpo,Milwaukee Bucks,SF,10,48,5,11,266.7,0,2,0.0,0,1,0.0,2,1,3,4,8,1,3,1,-18,17,13,14,7,16.520775623268694,1.5373961218836565,1.6952908587257618,0.0,22.047091412742386,19.177285318559555,19.62326869806094,3.0,6
479,Theo Maledon,Phoenix Suns,PG,5,10,1,2,50.0,3,3,100.0,0,0,0.0,0,1,1,0,3,0,3,0,-11,6,6,5,1,14.0625,0.5625,0.0,0.0,20.25,20.25,14.0625,0.5625,1
480,Thomas Bryant,Miami Heat,C,91,143,33,58,520.0,21,23,750.0,4,14,233.3,12,41,53,6,17,4,4,7,41,150,144,97,59,489.5895078420768,97.64467279610601,8.42617631151974,4.417522985397513,923.4040021633316,860.7106544077878,550.285018929151,108.06868577609518,10
481,Tim Hardaway Jr.,Dallas Mavericks,SF,87,228,31,86,332.0,8,9,266.7,17,52,317.9,1,22,23,21,11,7,5,1,14,131,110,108,44,350.6551111111111,16.599999999999998,37.0,14.776,679.3484444444443,445.9217777777778,575.6817777777778,62.0,10
482,Tobias Harris,Philadelphia 76ers,PF,154,335,59,136,422.3,19,25,643.3,17,45,323.6,8,65,73,25,16,8,15,10,-49,252,227,179,98,379.0155325443787,100.10946745562131,17.446745562130175,26.10059171597633,641.3113905325444,509.7995562130178,503.7167159763313,124.36686390532545,10
483,Tony Allen,Memphis Grizzlies,F,2,26,1,6,16.7,0,0,0.0,0,3,0.0,0,2,2,0,2,0,1,0,-18,4,4,2,2,0.0,0.0,0.0,0.0,0.0,0.0,0.0,0.0,1
484,Torrey Craig,Chicago Bulls,SF,51,169,19,43,411.6,2,2,100.0,11,27,406.7,5,15,20,10,15,6,5,3,-30,81,71,61,30,135.994140625,16.197265625,10.244140625,9.17431640625,244.853515625,187.40625,189.9765625,29.90625,10
485,Tosan Evbuomwan,Detroit Pistons,F,84,276,29,53,552.3,17,25,508.4,9,23,390.0,10,34,44,10,17,5,8,4,-96,138,128,94,54,125.78092461474385,43.12952936276552,10.066638900458145,7.008329862557268,264.558100791337,237.48604748021654,150.0,56.04914618908788,10
486,Toumani Camara,Portland Trail Blazers,F,88,292,35,67,507.2,8,9,350.0,10,26,336.6,19,23,42,22,26,8,13,8,-36,152,130,110,64,287.70000000000005,51.93611111111112,28.402777777777775,8.002777777777778,547.7,471.46944444444443,351.46944444444443,92.8,10
487,Trae Young,Atlanta Hawks,PG,235,370,76,173,432.4,45,55,813.4,38,93,399.0,2,18,20,109,22,11,45,2,-38,364,255,344,129,758.2361111111111,12.069444444444445,83.0,45.06944444444444,786.5,622.5,926.4027777777778,90.90277777777777,10
488,Trayce JacksonDavis,Golden State Warriors,F,109,264,49,76,631.7,11,21,308.3,0,1,0.0,31,48,79,17,15,11,10,17,-3,205,188,126,96,274.31301939058176,89.66343490304708,16.10006925207756,0.0,321.90339335180056,268.90443213296396,317.8438365650969,115.231648199446,10
489,Tre Jones,San Antonio Spurs,PG,119,326,47,89,493.90000000000003,10,12,425.0,15,31,330.0,13,36,49,66,13,9,19,1,-8,234,168,185,115,341.21606648199446,99.321675900277,62.71087257617728,18.88954293628809,684.7326869806094,486.1596260387812,442.3244459833795,259.49722991689754,10
490,Tre Mann,Charlotte Hornets,PG,105,306,41,86,485.6,12,13,475.0,11,36,378.4,4,32,36,53,14,14,27,3,-67,194,141,158,89,179.5389255960931,28.90491238149957,36.493249066360235,7.088480321746625,295.6098822177535,219.70611893134156,271.70468256248205,49.136167767882796,10
491,Trendon Watford,Brooklyn Nets,PF,108,202,41,76,477.6,17,24,472.1,9,19,290.0,11,28,39,11,24,5,20,4,-50,158,147,119,50,490.92013101536907,69.89745527840766,17.489795918367346,7.37288989669942,897.1408415217938,799.8596623834719,553.9382716049382,121.65028974552783,10
492,Trent Forrest,Atlanta Hawks,G,24,130,10,28,356.6,4,4,200.0,0,3,0.0,4,10,14,36,3,3,7,2,-11,74,38,60,50,31.090349865436373,12.444444444444446,62.917339484813525,0.0,123.50096116878125,20.685121107266436,118.40292195309496,90.86505190311419,10
493,Trevelin Queen,Orlando Magic,SG,0,13,0,3,0.0,0,0,0.0,0,2,0.0,0,1,1,1,1,0,0,0,-17,2,1,1,2,0.0,0.5555555555555556,0.5555555555555556,0.0,0.22222222222222227,0.5555555555555556,0.5555555555555556,0.22222222222222227,2
494,Trey Jemison,Memphis Grizzlies,C,86,243,37,60,513.6,12,14,600.0,0,0,0.0,34,22,56,11,20,4,18,10,-34,153,142,97,67,520.2530991735538,78.6115702479339,6.900826446280991,0.0,756.0836776859504,811.3274793388427,460.18285123966945,90.33884297520662,10
495,Trey Lyles,Sacramento Kings,PF,83,217,30,67,414.6,11,14,525.0,12,38,270.9,12,31,43,15,13,2,7,5,39,141,126,98,58,198.78108268887567,50.73111243307555,22.51338488994646,13.279000594883998,494.9214753123141,342.4009518143962,332.4854253420583,92.06067816775729,10
496,Trey Murphy III,New Orleans Pelicans,SG,149,351,45,113,403.0,33,39,821.4,26,76,363.3,12,58,70,26,14,12,10,6,-33,245,219,175,96,145.03911900065745,55.917159763313606,18.428994082840237,16.731426692965155,185.4444444444444,122.77087442472055,166.54109138724525,115.51775147928993,10
497,Tristan Thompson,Cleveland Cavaliers,C,18,78,8,15,258.4,2,6,100.0,0,0,0.0,12,16,28,9,8,3,4,3,-20,55,46,27,37,48.200954861111114,31.678819444444436,2.27734375,0.0,122.5486111111111,122.3572048611111,48.0954861111111,34.25303819444444,7
498,Troy Brown Jr.,Detroit Pistons,SF,56,229,18,60,280.4,9,11,330.0,11,33,237.39999999999998,7,32,39,12,8,9,7,0,-60,107,95,68,51,151.58704165183337,39.631541473834105,11.755072979708082,21.438590245639013,217.8814524741901,184.437522249911,165.32929868280527,71.08828764684941,10
499,TyTy Washington Jr.,Milwaukee Bucks,G,3,17,1,4,50.0,0,0,0.0,1,2,100.0,1,1,2,1,1,0,0,0,-1,6,5,4,3,4.68,2.08,0.8200000000000001,0.52,9.620000000000001,13.0,2.9799999999999995,1.2200000000000002,2
500,Tyler Herro,Miami Heat,PG,186,312,72,156,466.7,16,21,383.4,26,68,395.8,3,49,52,50,12,0,13,1,57,288,238,236,102,154.5595567867036,24.531855955678672,42.24376731301939,10.470914127423823,275.7950138504155,197.46260387811634,200.0,99.66759002770084,10
501,Tyrese Haliburton,Indiana Pacers,PG,184,325,65,141,457.8,22,25,696.7,32,79,402.8,4,33,37,92,12,18,16,8,86,313,221,276,129,414.25471136679226,38.50565364015076,43.63499305693315,24.967268399127157,536.5746875619916,424.0882761356874,543.7794088474509,65.10236064272962,10
502,Tyrese Maxey,Philadelphia 76ers,PG,254,395,95,215,432.0,39,44,725.0,25,83,307.4,3,35,38,70,22,12,13,5,60,362,292,324,108,1684.8798185941043,93.92743764172336,98.64499874023684,25.105316200554295,2555.4734189972287,2285.6145124716554,1853.0047871000252,294.3063744016125,10
503,Tyus Jones,Washington Wizards,PG,91,313,36,84,402.0,4,4,300.0,15,43,360.8,3,22,25,97,4,9,13,2,-70,213,116,188,122,345.04336734693874,43.53316326530612,160.5,20.959183673469386,776.265306122449,542.0510204081633,542.9719387755102,240.3188775510204,10
504,Udoka Azubuike,Phoenix Suns,C,2,11,1,3,33.3,0,2,0.0,0,0,0.0,2,4,6,0,1,0,0,0,-3,8,8,2,6,3.305785123966942,28.76859504132231,0.0,0.0,51.578512396694215,51.578512396694215,3.305785123966942,28.76859504132231,1
505,Vasilije Micic,Charlotte Hornets,G,116,326,44,102,426.6,15,19,525.0,13,43,272.4,4,20,24,76,19,9,26,2,-77,216,140,192,100,219.7046112719982,21.4586767654266,144.7284473156605,12.327244375139228,399.87881488081985,214.7137447092894,359.88015148139897,211.17665404321676,10
506,Victor Wembanyama,San Antonio Spurs,C,253,332,88,190,473.1,54,71,778.5,23,75,306.9,31,98,129,60,20,11,49,45,6,442,382,313,189,898.2,211.1877551020408,35.95102040816327,22.559183673469384,2006.5877551020408,1766.5877551020405,1056.5510204081634,328.7877551020408,10
507,Vince Williams Jr.,Memphis Grizzlies,G,127,336,42,92,459.70000000000005,30,38,723.3,13,34,328.8,8,54,62,61,30,12,34,9,-54,250,189,188,123,231.93628808864267,72.8808864265928,35.61495844875347,18.00831024930748,492.2326869806094,474.07479224376726,226.76454293628805,131.82548476454295,10
508,Vit Krejci,Atlanta Hawks,G,80,287,30,52,610.1,1,1,100.0,19,37,422.1,5,26,31,24,25,4,10,2,18,135,111,104,55,261.7954610744039,35.24705544383798,12.49008905486929,33.94800344728526,436.37604136742317,378.62999138178685,313.0899166906061,54.18873886814134,10
509,Walker Kessler,Utah Jazz,C,72,234,31,42,737.5,10,12,500.0,0,0,0.0,22,52,74,12,20,3,11,12,-77,158,146,84,86,107.6064272961714,126.54671692124577,7.620313429875025,0.0,303.70283673874235,272.61456060305494,118.40388811743702,154.45784566554255,10
510,Wendell Carter Jr.,Orlando Magic,C,98,267,37,77,466.9,12,22,390.4,12,38,252.5,21,67,88,24,19,14,14,6,17,210,186,122,112,239.71975941189575,87.24972154154601,20.76498106482513,15.615059033192248,584.0356426821119,476.5725105814212,318.24103363778124,136.9565604811762,10
511,Wendell Moore Jr.,Minnesota Timberwolves,G,4,13,2,3,150.0,0,0,0.0,0,0,0.0,0,5,5,2,1,0,0,0,15,11,9,6,7,3.8861340679522502,7.674012855831038,2.734618916437098,0.0,34.82552800734619,22.12029384756658,10.0,17.0,2
512,Wenyen Gabriel,Memphis Grizzlies,F,17,81,8,22,168.3,0,5,0.0,1,6,50.0,7,18,25,3,10,2,8,2,-16,45,42,20,28,59.72702331961591,43.6159122085048,4.060356652949245,0.879286694101509,182.2098765432099,171.6858710562414,60.574759945130324,57.352537722908096,5
513,Wesley Matthews,Atlanta Hawks,SG,54,150,19,46,470.4,2,2,100.0,14,29,495.0,5,15,20,8,13,5,2,5,-20,82,74,62,28,109.76399999999998,30.400000000000006,13.635999999999997,6.596,184.656,170.48399999999998,117.69600000000003,50.275999999999996,10
514,Xavier Moon,LA Clippers,G,2,11,1,6,33.3,0,0,0.0,0,2,0.0,1,1,2,0,1,1,1,0,-20,4,4,2,2,2.0432525951557095,2.389273356401384,0.6245674740484429,0.0,0.14013840830449822,0.17301038062283744,2.9965397923875434,2.027681660899654,2
515,Xavier Tillman,Boston Celtics,F,32,137,14,32,355.8,2,4,100.0,2,15,83.3,6,23,29,11,5,4,3,4,37,72,61,43,40,95.0207100591716,15.284763313609467,4.900147928994083,1.625,170.84023668639054,160.18417159763314,105.49186390532545,20.369822485207102,10
516,Yuta Watanabe,Memphis Grizzlies,SF,22,97,10,24,250.0,0,2,0.0,2,12,64.3,0,11,11,5,6,5,4,0,-36,38,33,27,16,115.08000000000001,11.27,3.75,1.4800000000000004,136.28,131.43,116.23000000000002,18.72,7
517,Zach Collins,San Antonio Spurs,PF,96,187,36,75,453.7,18,24,566.7,6,18,233.3,16,33,49,25,32,4,14,7,-28,170,145,121,74,244.44066372610794,61.514177693761816,16.882797731569,6.400336063852132,410.5729888678849,443.47090947279986,241.5729888678849,48.36672967863894,10
518,Zavier Simpson,Memphis Grizzlies,G,16,72,5,22,44.4,3,4,75.0,3,8,75.0,3,4,7,11,4,5,6,3,12,34,23,27,18,116.5289256198347,4.735537190082645,0.6694214876033059,6.099173553719008,175.48760330578511,167.3140495867769,124.00826446280992,6.099173553719008,3
519,Zeke Nnaji,Denver Nuggets,PF,23,100,8,16,416.7,6,8,300.0,1,2,100.0,7,13,20,5,10,2,2,7,6,48,43,28,25,45.864197530864196,26.318244170096023,7.079561042524006,0.9012345679012346,152.71604938271605,116.27297668038409,65.98902606310016,49.71604938271605,10
520,Ziaire Williams,Memphis Grizzlies,F,103,270,39,94,389.0,13,16,421.4,12,46,213.7,6,38,44,20,15,12,15,0,-39,167,147,123,64,552.1,32.4,24.0,17.599999999999998,788.1,632.1,714.1,50.4,10
521,Zion Williamson,New Orleans Pelicans,PF,244,341,90,158,561.5,64,91,630.0,0,0,0.0,15,44,59,49,29,13,40,9,0,352,303,293,108,759.4382716049382,63.23611111111111,50.90933641975309,0.0019290123456790122,1118.474151234568,940.655864197531,935.3445216049382,116.05748456790123,10
