,First Last Name,team,position,points,minutes,fgm,fga,fgp,ftm,fta,ftp,tpm,tpa,tpp,offReb,defReb,totReb,assists,pFouls,steals,turnovers,blocks,plusMinus,Points_Rebounds_Assist,Points_Rebounds,Points_Assist,Rebounds_Assist,points_deviation,totReb_deviation,assists_deviation,tpm_deviation,Points_Rebounds_Assist_deviation,Points_Rebounds_deviation,Points_Assist_deviation,Rebounds_Assist_deviation,count
0,A. Flagler,Oklahoma City Thunder,F,3,15,1,7,25.0,0,0,0.0,1,6,33.3,0,0,0,4,0,0,0,0,0,7,3,7,4,6.12,0.0,2.7200000000000006,0.6800000000000002,17.0,6.12,17.0,2.7200000000000006,2
1,A.J. Green,Milwaukee Bucks,G,48,151,16,39,337.6,2,3,100.0,14,34,278.1,2,10,12,3,9,4,5,2,42,63,60,51,15,198.0173611111111,19.95679012345679,4.111111111111112,26.40933641975309,317.1963734567901,284.63155864197535,221.65625,32.99382716049383,10
2,A.J. Lawson,Dallas Mavericks,G,40,98,17,45,378.5,4,8,200.0,2,16,100.0,4,16,20,8,6,1,3,1,-21,68,60,48,28,143.4560341758633,41.98433606265575,6.677821288714844,1.8632965468138127,306.28337486650054,252.8807404770381,171.77928088287646,73.74154503381986,10
3,AJ Griffin,Atlanta Hawks,F,11,38,5,17,61.9,0,0,0.0,1,6,100.0,0,4,4,1,0,0,2,1,-23,16,15,12,5,17.0,8.18,0.52,0.52,7.220000000000002,6.979999999999999,13.119999999999997,12.82,2
4,Aaron Gordon,Denver Nuggets,PF,146,320,54,101,562.5,31,45,569.6,7,22,266.6,27,37,64,53,20,6,13,7,82,263,210,199,117,312.3142669296515,50.476002629848786,46.09631821170283,6.2846811308349775,391.33497698882314,482.8994082840237,244.5,72.82215647600263,10
5,Aaron Holiday,Houston Rockets,G,62,145,24,53,338.1,6,6,200.0,8,26,213.3,5,8,13,14,18,5,6,0,-8,89,75,76,27,375.4777777777778,24.101234567901237,7.486419753086419,7.723456790123458,608.9,546.4753086419753,426.17901234567904,43.31111111111111,10
6,Aaron Nesmith,Indiana Pacers,SF,115,290,42,87,528.1,17,17,700.0,14,46,321.2,9,34,43,18,34,5,8,5,49,176,158,133,61,129.0,8.644444444444446,15.815111111111111,17.041777777777778,146.10844444444444,146.31111111111113,134.2817777777778,18.97511111111111,10
7,Aaron Wiggins,Oklahoma City Thunder,SG,121,231,48,92,522.4,14,16,616.7,11,23,458.3,8,22,30,24,19,17,10,4,63,175,151,145,54,516.7924504481757,23.546521903800024,28.515591465724025,10.943946471405125,737.4519631359676,596.8325968943316,677.2610781466985,32.212851912637305,10
8,Adama Sanogo,Chicago Bulls,C,26,51,10,23,84.4,6,9,66.7,0,0,0.0,16,11,27,0,5,1,4,0,9,53,53,26,27,375.48582230623816,291.3213610586011,0.0,0.0,1324.9168241965976,1324.9168241965976,375.48582230623816,291.3213610586011,3
9,Admiral Schofield,Orlando Magic,SF,8,18,3,6,116.7,0,0,0.0,2,4,150.0,0,4,4,1,1,1,0,0,-20,13,12,9,5,15.948870392390013,0.8763376932223544,0.6682520808561238,0.8097502972651605,22.0,19.15101070154578,17.428061831153386,2.914387633769322,3
10,Al Horford,Boston Celtics,C,113,265,44,75,622.6,5,6,250.0,20,43,495.0,12,42,54,21,11,5,10,7,75,188,167,134,75,273.3370986920333,38.966111771700355,9.05410225921522,14.002972651605234,333.6010701545779,350.2294887039239,260.91795481569557,43.81093935790725,10
11,Alec Burks,New York Knicks,SG,57,130,17,59,227.7,13,16,471.4,10,32,259.9,1,17,18,11,3,5,6,0,-2,86,75,68,29,289.8632088148347,18.807847352862133,13.03547433485622,8.526740123622682,476.8589088954582,432.7350174684225,332.3961300725611,33.43429185702768,10
12,Aleksej Pokusevski,Charlotte Hornets,F,84,194,27,62,478.9,19,27,475.0,11,28,356.6,6,42,48,12,8,4,8,6,9,144,132,96,60,110.53157753292125,40.54985219027143,9.67696855683956,5.434291857027682,191.7790916420317,220.88578339156143,95.43402311206665,36.217683418435904,10
13,Alex Caruso,Chicago Bulls,SG,112,335,40,79,518.5,5,6,250.0,27,51,501.1,8,36,44,56,22,22,18,6,-9,212,156,168,100,190.3511659807956,26.761469288218258,49.99725651577503,29.269471117207743,350.29782045419904,272.5547934766042,244.04938271604937,100.80353604633441,10
14,Alex Fudge,Dallas Mavericks,F,11,26,5,9,55.6,0,0,0.0,1,3,33.3,2,1,3,0,1,3,1,0,-19,14,14,11,3,61.734693877551024,0.5102040816326531,0.0,0.510204081632653,73.46938775510205,73.46938775510205,61.734693877551024,0.5102040816326531,2
15,Alex Len,Sacramento Kings,C,12,104,5,10,400.0,2,4,50.0,0,0,0.0,9,18,27,18,20,1,6,7,38,57,39,30,45,33.49299330892564,36.477843706602705,11.446787021840677,0.0,54.08976139376341,72.26978916803434,22.10175482893574,41.13584143416235,10
16,Alondes Williams,Miami Heat,G,0,6,0,1,0.0,0,0,0.0,0,1,0.0,0,1,1,0,0,0,1,0,-2,1,1,0,1,0.81,0.9025,0.0,0.0,0.0025000000000000044,0.0025000000000000044,0.81,0.9025,1
17,Alperen Sengun,Houston Rockets,C,209,324,81,157,512.7,43,68,622.9,4,12,200.0,39,68,107,45,36,16,26,7,2,361,316,254,152,847.1723356009071,197.81632653061226,123.77551020408163,4.408163265306122,1935.0226757369614,1622.4580498866212,993.7777777777778,487.5510204081633,10
18,Amari Bailey,Charlotte Hornets,G,18,40,6,15,123.3,5,5,200.0,1,5,50.0,4,3,7,6,2,3,3,0,9,31,25,24,13,81.21301775147928,18.633136094674555,17.4792899408284,0.7633136094674556,290.39053254437874,176.43786982248525,164.05325443786987,67.22485207100591,3
19,Amen Thompson,Houston Rockets,F,136,310,53,95,605.0,30,40,733.3,0,4,0.0,42,54,96,42,23,16,17,5,26,274,232,178,138,343.7410940707644,169.4394396811979,67.17473735056151,0.019321338002656688,1304.9800748701848,946.1871754619008,580.5772249728294,358.57094553797856,10
20,Amir Coffey,LA Clippers,SG,92,279,33,88,386.2,12,15,466.7,14,48,295.8,7,26,33,11,19,9,5,4,-24,136,125,103,44,301.32394653606775,41.61565146413631,5.951331496786043,10.458932761963064,506.0,503.5270890725436,312.24191409039895,39.121926334047544,10
21,Andre Drummond,Chicago Bulls,C,93,185,37,59,661.3,19,28,438.4,0,0,0.0,32,71,103,4,16,11,9,6,38,200,196,97,107,116.9890625,191.23906250000002,8.4140625,0.0,534.5640625,488.8,155.40625,207.0,10
22,Andre Jr. Jackson,Milwaukee Bucks,G,15,104,6,18,350.0,0,0,0.0,3,9,200.0,5,17,22,10,11,4,7,2,-36,47,37,25,32,30.35100054083288,13.275283937263385,11.216873985938344,2.145484045429962,74.22228231476474,71.14818820984317,34.569497025419146,23.347755543537048,10
23,Andrew Funk,Chicago Bulls,G,0,7,0,2,0.0,0,0,0.0,0,2,0.0,0,0,0,0,0,0,0,1,0,0,0,0,0,0.0,0.0,0.0,0.0,0.0,0.0,0.0,0.0,1
24,Andrew Nembhard,Indiana Pacers,PG,93,278,36,74,482.2,9,11,350.0,12,31,325.0,4,18,22,37,24,10,10,1,43,152,115,130,59,137.52862811791383,13.719954648526077,42.385770975056694,9.61111111111111,205.7607709750567,194.390306122449,155.32879818594103,49.67602040816327,10
25,Andrew Wiggins,Golden State Warriors,SF,161,286,55,130,419.1,33,41,658.3,18,50,325.8,9,39,48,19,17,6,19,10,3,228,209,180,67,336.74553812871824,20.87290427257977,51.51919956733369,13.757706868577609,545.4540292049757,373.5654407787993,471.8812871822607,109.14494321254732,10
26,Anfernee Simons,Portland Trail Blazers,SG,234,361,80,177,436.7,36,39,757.1,38,94,405.4,4,33,37,64,19,7,30,1,-38,335,271,298,101,935.5240670632775,28.301243915630067,125.20497566252028,19.635478637101134,1764.6960519199567,1205.978907517577,1461.0362358031368,186.71119524067063,10
27,Anthony Black,Orlando Magic,G,42,152,16,36,485.0,2,7,58.3,8,17,341.7,4,10,14,7,10,4,6,2,-2,63,56,49,21,99.52606310013716,20.151577503429355,4.215363511659808,10.735939643347052,195.2716049382716,164.41700960219478,129.08161865569275,25.665980795610423,10
28,Anthony Davis,Los Angeles Lakers,PF,250,355,89,169,536.3,66,79,728.3,6,25,187.5,38,101,139,22,22,13,29,21,75,411,389,272,161,835.7042140682584,216.7628585162634,31.79907066175292,8.403140522352187,1708.7231212946645,1710.0443839128345,879.7699086684826,203.17497195962184,10
29,Anthony Edwards,Minnesota Timberwolves,SG,242,344,80,183,423.3,64,72,875.6,18,71,192.0,9,41,50,49,16,14,27,2,-15,341,292,291,99,1044.2924400181078,86.17677682209144,27.23268447261204,47.87143503847895,1319.5258035310096,1095.1699864191942,1289.9135355364417,92.14418288818469,10
30,Anthony Gill,Washington Wizards,PF,94,232,39,84,450.8,12,14,460.0,4,20,136.6,16,24,40,14,29,6,5,4,-58,148,134,108,54,262.0,85.34693877551022,15.216326530612246,2.4020408163265303,595.6897959183673,559.9183673469388,286.8734693877551,111.46122448979592,10
31,Ashton Hagans,Portland Trail Blazers,G,43,175,15,38,303.3,7,8,350.0,6,17,250.0,9,18,27,32,20,7,18,3,-6,102,70,75,59,118.125,20.2,17.7,6.425,182.225,173.225,127.725,37.3,10
32,Ausar Thompson,Detroit Pistons,F,103,314,42,87,508.0,11,25,325.0,8,29,195.3,15,44,59,21,26,17,14,11,-6,183,162,124,80,121.7,31.399999999999995,24.125,8.5,347.72499999999997,237.7,200.02499999999998,87.225,10
33,Austin Reaves,Los Angeles Lakers,SG,143,324,54,117,464.8,16,21,583.4,19,58,317.6,8,38,46,45,22,7,21,6,-4,234,189,188,91,254.54567901234563,127.1716049382716,50.84567901234567,13.216049382716049,620.0000000000001,465.2901234567902,313.0827160493826,274.19012345679016,10
34,Ayo Dosunmu,Chicago Bulls,SG,183,365,72,129,560.1,19,22,591.7,20,44,439.5,7,23,30,42,28,13,20,4,-17,255,213,225,72,456.92278393351796,20.110803324099724,57.35076177285318,22.3393351800554,523.0609418282548,462.42970914127426,528.6731301939058,66.3424515235457,10
35,Bam Adebayo,Miami Heat,C,164,317,65,119,567.5,27,35,716.6,7,17,341.7,17,71,88,39,20,12,23,7,59,291,252,203,127,205.4750566893424,113.47760770975056,71.2905328798186,6.165532879818594,758.5,519.0762471655328,363.406179138322,266.2607709750567,10
36,Ben Sheppard,Indiana Pacers,G,54,200,19,57,314.5,5,5,300.0,11,39,245.1,5,16,21,13,18,9,5,0,33,88,75,67,34,122.71604938271605,22.10349032159732,10.108062795305594,9.161560737692426,214.6590458771529,189.25301021185794,150.5250723975004,29.808565767413505,10
37,Ben Simmons,Brooklyn Nets,PG,53,168,24,38,521.1,5,11,150.0,0,0,0.0,15,39,54,46,20,9,12,4,-5,153,107,99,100,134.88888888888889,64.0,78.88888888888889,0.0,382.0,162.8888888888889,300.0,196.88888888888889,9
38,Bennedict Mathurin,Indiana Pacers,SG,139,275,44,115,340.3,35,45,614.5,16,44,245.0,10,33,43,23,24,7,17,4,-18,205,182,162,66,753.4765625,123.6015625,38.125,30.4140625,1418.90625,1097.65625,970.9140625,265.5390625,10
39,Bilal Coulibaly,Washington Wizards,SG,90,289,30,76,451.5,19,27,633.3,11,39,238.3,9,30,39,18,22,12,8,7,-98,147,129,108,57,127.37777777777777,38.5,16.0,13.177777777777775,337.8777777777778,291.7444444444444,166.31111111111107,61.699999999999996,10
40,Bismack Biyombo,Oklahoma City Thunder,C,16,66,6,11,183.3,4,8,150.0,0,0,0.0,5,12,17,2,7,1,4,3,11,35,33,18,19,43.52777777777778,41.0,1.7152777777777775,0.0,167.9375,167.52777777777777,44.4375,42.21527777777778,7
41,Blake Wesley,San Antonio Spurs,G,54,186,19,43,403.3,12,18,516.7,4,14,191.7,3,23,26,34,16,3,17,0,-18,114,80,88,60,281.5504682622268,41.38374378540871,29.79650826685166,4.4055960226615785,482.9719042663892,470.2661579373339,296.68932824604,68.7471383975026,10
42,Boban Marjanovic,Houston Rockets,C,16,19,7,9,175.0,2,5,83.3,0,0,0.0,0,11,11,1,0,1,3,1,6,28,27,17,12,87.80718336483932,40.7882797731569,0.5765595463137996,0.0,265.9243856332704,244.00189035916827,101.78638941398869,49.30812854442344,2
43,Bobby Portis,Milwaukee Bucks,F,158,251,69,126,524.2,5,6,250.0,15,30,426.7,22,60,82,20,20,11,16,7,-26,260,240,178,102,569.6604938271605,55.95679012345679,11.6,18.51111111111111,678.8345679012345,626.1234567901234,619.8827160493827,70.04567901234569,10
44,Bogdan Bogdanovic,Atlanta Hawks,SG,192,337,64,142,480.0,36,37,890.0,28,76,452.2,7,33,40,36,23,10,21,6,-43,268,232,228,76,576.0166468489894,84.22327916501519,44.48038049940547,15.771700356718192,1120.2700488836042,1007.7841194345357,690.770511296076,126.43572466640244,10
45,Bojan Bogdanovic,New York Knicks,SF,100,164,38,80,466.7,11,14,475.0,13,34,400.0,4,14,18,5,7,2,9,0,-41,123,118,105,23,202.0475624256837,25.62557801558991,4.667063020214032,8.355264896287489,295.5229224468226,299.74289866560974,205.35671819262782,22.763509050072663,10
46,Bol Bol,Phoenix Suns,C,46,113,17,27,419.2,5,6,175.0,7,11,275.0,4,25,29,4,8,4,4,5,-19,79,75,50,33,276.63057047466975,22.95761358687763,2.4009290172739153,12.100014515894907,488.011757874873,441.50515314269126,314.3225431847874,34.173174626215705,10
47,Bones Hyland,LA Clippers,PG,103,197,39,96,342.6,7,9,325.0,18,55,259.4,2,30,32,43,18,12,16,2,-39,178,135,146,75,1251.807239299052,68.22694627980465,115.39356506750936,38.57856937661591,2384.207411663315,1580.5794311979319,1986.8939959781667,252.16173513358228,10
48,Bradley Beal,Phoenix Suns,SG,193,350,74,133,539.4,14,15,450.0,31,48,605.8,17,38,55,45,23,11,23,12,29,293,248,238,100,893.7539452089384,53.916298447165765,47.6345158439591,46.95960106047216,879.5191263729326,948.0126246686024,823.5275849008964,103.28367630349703,10
49,Brandin Podziemski,Golden State Warriors,G,90,256,37,70,537.3,3,3,200.0,13,24,506.6,16,46,62,32,11,6,10,1,23,184,152,122,94,182.17346938775512,58.775510204081634,29.815910037484382,8.53331945022907,292.0360266555602,174.33673469387756,299.68034152436485,88.7838400666389,10
50,Brandon Boston Jr.,LA Clippers,SG,90,194,36,87,459.0,11,19,441.7,7,29,155.5,10,22,32,7,21,9,17,4,-48,129,122,97,39,402.44444444444434,57.7,10.644444444444444,8.436111111111112,895.0777777777778,738.1444444444444,517.9777777777778,109.74444444444445,10
51,Brandon Clarke,Memphis Grizzlies,PF,68,134,33,59,329.5,1,7,50.0,1,6,100.0,13,19,32,9,8,5,3,6,-8,109,100,77,41,87.60640000000001,33.3344,9.5024,0.8335999999999999,105.19839999999999,89.6416,91.16,54.84,6
52,Brandon Ingram,New Orleans Pelicans,SF,140,295,57,118,494.3,18,23,646.7,8,24,323.3,4,47,51,48,21,5,21,7,-37,239,191,188,99,322.1892915089238,19.019469983775014,69.91238507301244,6.458626284478095,361.32774472687953,385.39372633856135,289.33693888588425,97.71822606814494,10
53,Brandon Miller,Charlotte Hornets,F,207,335,73,154,470.8,27,30,796.7,34,85,396.1,7,35,42,23,24,8,19,8,-74,272,249,230,65,579.0,28.320141003044384,18.16359557763179,42.66527800032046,769.8763018746996,753.3960903701329,578.2522031725686,63.71174491267425,10
54,Brandon Williams,Dallas Mavericks,G,33,72,12,38,146.4,8,10,183.3,1,10,16.7,2,6,8,7,3,0,5,0,-50,48,41,40,15,351.97520661157023,20.194214876033055,9.103305785123968,0.8388429752066116,622.694214876033,516.095041322314,438.2768595041323,49.595041322314046,6
55,Braxton Key,Denver Nuggets,F,2,6,1,1,100.0,0,1,0.0,0,0,0.0,1,1,2,0,1,0,0,0,2,4,4,2,2,0.41868512110726636,0.6782006920415224,0.08650519031141869,0.08650519031141869,1.3840830449826986,2.1626297577854676,0.12456747404844296,0.28027681660899645,1
56,Brice Sensabaugh,Utah Jazz,F,116,237,38,96,383.5,20,21,583.3,20,53,339.7,7,33,40,23,20,7,17,4,-98,179,156,139,63,538.1996384297521,26.005165289256198,22.108729338842977,49.625,725.9256198347107,664.9868285123966,573.125,74.12732438016529,10
57,Brook Lopez,Milwaukee Bucks,C,133,293,47,93,527.6,19,24,575.1,20,50,412.4,16,28,44,10,25,2,16,21,-38,187,177,143,54,280.04848725062755,51.52648962874885,15.17214955740521,26.159862597436916,468.2627824019025,475.99775399656494,268.5328312855067,70.4793235566125,10
58,Bruce Brown,Toronto Raptors,SF,102,255,42,76,548.7,10,19,483.3,8,18,375.0,7,23,30,27,21,7,17,0,-135,159,132,129,57,208.2654904431842,41.4198697752573,43.089056920814954,9.777777777777779,550.7777777777778,315.7412308338584,406.9319470699433,120.87901701323253,10
59,Bruno Fernando,Atlanta Hawks,PF,85,207,31,53,547.1,23,34,490.1,0,0,0.0,8,33,41,18,36,3,10,4,-81,144,126,103,59,159.69189342403627,31.0,14.5,0.0,195.04903628117916,211.4776077097506,158.26332199546485,30.5,10
60,Bryce McGowens,Charlotte Hornets,G,53,140,16,39,301.2,17,22,391.7,4,14,183.3,1,14,15,10,9,3,5,4,-39,78,68,63,25,267.4237211407877,8.52829334540516,17.018560434585783,4.4001810774105925,479.0194658216388,347.33906745133544,388.76459936622916,35.886373924852876,10
61,Buddy Boeheim,Detroit Pistons,F,25,69,7,21,133.3,5,7,160.0,6,19,126.19999999999999,2,6,8,3,5,0,0,1,12,36,33,28,11,110.28634039444852,10.690284879474069,7.5799853907962005,7.5573411249086915,245.34112490869248,175.53469685902115,170.18772826880937,28.17531044558072,5
62,Buddy Hield,Philadelphia 76ers,SG,109,206,38,87,432.9,11,12,550.0,22,55,402.8,13,20,33,15,18,7,12,3,41,157,142,124,48,294.20710059171597,33.69122086704504,31.840236686390533,21.725637000362276,614.1088032846275,479.38268325081515,409.76331360946745,84.70136456949643,10
63,CJ McCollum,New Orleans Pelicans,SG,259,375,95,207,455.2,20,21,475.0,49,106,445.0,11,37,48,55,18,8,23,5,-18,362,307,314,103,726.5943866002715,42.77342688999548,31.0,63.54051607062019,865.6588954277954,965.0631507469443,645.7645993662289,55.19895880488908,10
64,Cade Cunningham,Detroit Pistons,PG,241,313,92,212,430.3,40,44,808.3,17,55,297.1,9,44,53,75,18,11,31,2,-38,369,294,316,128,702.373472159348,53.42462652784065,52.55545495699411,12.217745586238117,842.2865550022635,783.9945676776822,690.806699864192,175.83884110457223,10
65,Caleb Houstan,Orlando Magic,G,37,135,12,33,368.3,2,2,100.0,11,31,360.0,5,5,10,3,9,3,1,1,-1,50,47,40,13,96.58062130177515,6.0924556213017755,2.14792899408284,8.917899408284024,99.47928994082841,99.09467455621301,92.83210059171597,12.373520710059172,10
66,Caleb Martin,Miami Heat,SF,85,282,33,86,384.5,9,12,326.7,10,39,341.6,8,23,31,33,15,6,12,7,43,149,116,118,64,316.7675736961451,29.569444444444443,27.90277777777778,4.204081632653061,442.577097505669,415.11479591836735,347.25765306122446,54.44444444444444,10
67,Cam Reddish,Los Angeles Lakers,SF,21,143,6,25,153.3,5,8,116.7,4,13,166.6,7,5,12,1,7,3,1,3,-37,34,33,22,13,75.05328798185941,17.91043083900227,0.9036281179138321,2.418367346938775,69.18934240362812,75.0,71.70975056689342,16.346938775510203,10
68,Cam Thomas,Brooklyn Nets,SG,280,364,93,211,436.1,64,71,921.4,30,77,364.2,4,31,35,34,23,5,20,4,-25,349,315,314,69,591.6071111111112,47.864,56.544000000000004,26.624000000000002,863.0337777777779,550.3617777777778,920.8871111111112,87.8,10
69,Cam Whitmore,Houston Rockets,F,129,222,46,111,405.4,17,24,488.3,20,56,339.9,11,26,37,15,15,7,10,6,7,181,166,144,52,249.5909576361695,30.692417230331078,37.46920612317551,12.032039871840512,568.7066571733712,393.01744393022426,387.79565681737273,105.64613741545034,10
70,Cameron Johnson,Brooklyn Nets,SF,108,244,35,86,416.4,19,22,650.0,19,52,360.6,6,30,36,16,14,8,9,2,-48,160,144,124,52,173.71267361111114,34.35069444444444,13.684027777777779,12.125,428.0460069444444,306.3515625,261.44184027777777,82.0,10
71,Cameron Payne,Philadelphia 76ers,PG,74,204,28,69,510.59999999999997,0,0,0.0,18,43,455.3,6,17,23,34,21,10,11,2,22,131,97,108,57,396.623911122333,89.70900138871353,31.91137482641081,23.63413710390102,657.896856457518,535.0631233430122,444.7387956066153,196.33922484534781,10
72,Caris LeVert,Cleveland Cavaliers,SG,138,294,50,108,450.1,24,29,635.7,14,40,374.2,6,42,48,38,18,14,23,6,-8,224,186,176,86,532.9257067718606,31.619000657462195,96.37869822485207,8.51051939513478,716.784023668639,670.0621301775147,552.1643655489809,155.4809335963182,10
73,Cason Wallace,Oklahoma City Thunder,G,73,212,28,61,445.3,4,4,100.0,13,27,450.0,5,19,24,21,14,16,8,6,38,118,97,94,45,234.51561792666365,14.413082842915347,20.483023992756905,16.15866908103214,340.87935717519235,266.17315527387956,304.30964237211407,39.80828429153463,10
74,Cedi Osman,San Antonio Spurs,SF,70,175,27,53,472.5,1,2,50.0,15,32,373.7,2,23,25,12,17,3,5,2,-40,107,95,82,37,235.14724245577526,36.54162330905307,29.950052029136323,16.565036420395423,418.56711758584805,316.12591050988556,295.82986472424557,108.2502601456816,10
75,Charlie Brown Jr.,New York Knicks,G,3,27,1,5,20.0,0,0,0.0,1,3,33.3,1,1,2,0,4,0,0,1,-6,5,5,3,2,6.12,2.7200000000000006,0.0,0.6800000000000002,17.0,17.0,6.12,2.7200000000000006,2
76,Chet Holmgren,Oklahoma City Thunder,PF,152,255,53,108,491.3,34,44,746.4,12,39,248.4,16,60,76,14,24,6,17,16,39,242,228,166,90,307.4334540516071,32.692621095518334,11.378225441376188,11.828202806699863,519.5500226346763,441.0024898143956,373.08465368945224,56.96717971933002,10
77,Chimezie Metu,Detroit Pistons,PF,114,314,45,91,493.0,11,11,600.0,13,36,346.6,14,53,67,17,18,19,19,5,-53,198,181,131,84,316.6373365041617,62.08917954815695,12.117122473246136,18.669441141498215,563.7794292508919,509.7419738406658,357.45362663495837,87.42746730083233,10
78,Chris Boucher,Toronto Raptors,PF,69,120,25,35,573.3,15,18,500.0,4,12,216.7,13,27,40,5,11,1,9,5,7,114,109,74,45,142.20987654320987,47.580246913580254,5.913580246913581,4.0246913580246915,410.0,329.0246913580247,192.69135802469134,83.98765432098766,8
79,Chris Duarte,Sacramento Kings,SG,39,120,14,42,302.5,4,4,200.0,7,27,239.3,6,10,16,5,8,4,5,3,-35,60,55,44,21,171.20266466504034,20.868455620191405,6.5042221805216744,6.21711390504785,339.6888722086695,268.02420716832427,222.77838243572901,47.46162507036967,10
80,Chris Livingston,Milwaukee Bucks,F,6,20,3,5,100.0,0,0,0.0,0,2,0.0,1,5,6,1,7,0,2,0,-11,13,12,7,7,22.117202268431,14.669187145557657,0.9168241965973536,0.0,68.13799621928166,71.2665406427221,19.65406427221172,14.920604914933836,2
81,Chris Paul,Golden State Warriors,PG,89,257,37,87,416.09999999999997,2,2,100.0,13,38,349.9,0,31,31,54,20,14,17,3,34,174,120,143,85,85.88775510204081,34.99886621315193,69.23356009070295,4.125,320.45804988662127,125.9954648526077,236.29138321995467,148.29138321995464,10
82,Christian Braun,Denver Nuggets,G,84,258,30,72,413.8,11,15,308.3,13,30,416.6,16,31,47,28,17,7,7,5,47,159,131,112,75,225.17908465161213,66.40611037314333,49.63434367829973,9.0,580.3464557420602,436.665982369279,363.9591836734694,120.94082840236686,10
83,Christian Wood,Los Angeles Lakers,F,59,133,22,51,477.0,11,14,450.0,4,19,225.0,6,28,34,6,12,5,5,2,-14,99,93,65,40,153.90277777777777,54.402777777777786,4.625,2.4444444444444446,305.125,285.0,156.7777777777778,76.27777777777777,10
84,Chuma Okeke,Orlando Magic,PF,2,40,0,6,0.0,2,2,100.0,0,5,0.0,0,5,5,2,2,2,3,0,-23,9,7,4,7,3.5770686857760943,3.086533261222282,1.4256354786371008,0.0032449972958355864,7.598161168199027,6.833423472147107,3.3693888588426173,5.484586262844781,6
85,Clint Capela,Atlanta Hawks,C,120,286,51,79,661.6,18,33,317.9,0,0,0.0,36,75,111,18,16,10,16,13,21,249,231,138,129,146.80627953055938,68.9128181679622,9.600975461057764,0.0,201.860234720317,175.9224203627496,154.3511659807956,96.90672153635117,10
86,Coby White,Chicago Bulls,PG,176,355,70,154,442.3,18,23,545.7,18,56,263.6,6,28,34,43,24,6,16,1,-12,253,210,219,77,425.8951111111111,26.66844444444445,52.281777777777776,22.384,576.5484444444445,458.8159999999999,571.5777777777778,51.0,10
87,Cody Martin,Charlotte Hornets,SF,69,285,28,76,367.2,6,7,250.0,7,30,228.2,6,44,50,42,15,11,20,7,-28,161,119,111,92,111.0,28.18685121107267,64.68512110726644,2.6816608996539792,183.02076124567472,112.9515570934256,173.33217993079583,100.60899653979239,10
88,Cody Zeller,New Orleans Pelicans,C,9,40,4,7,300.0,1,2,50.0,0,0,0.0,5,11,16,5,6,2,3,0,15,30,25,14,21,4.760416666666666,10.708333333333332,5.208333333333333,0.0,28.760416666666675,21.59375,12.34375,15.5,6
89,Colby Jones,Sacramento Kings,G,17,63,7,23,199.89999999999998,2,4,100.0,1,9,16.7,6,9,15,10,13,3,3,3,28,42,32,27,25,29.502958579881653,15.704142011834321,12.412721893491126,0.8875739644970416,137.3239644970414,75.3491124260355,73.7381656804734,45.856508875739635,7
90,Cole Anthony,Orlando Magic,PG,90,177,34,83,384.1,9,9,500.0,13,33,277.4,2,21,23,21,10,7,14,4,11,134,113,111,44,408.57584770969663,41.25461035098156,40.5,24.367043426531826,817.9265318262939,637.1094586555621,553.5148720999405,117.63265913146935,10
91,Cole Swider,Miami Heat,F,19,44,6,16,104.7,2,2,100.0,5,13,116.7,0,5,5,1,1,0,4,0,-18,25,24,20,6,141.79999999999998,3.088888888888889,0.8222222222222223,12.200000000000001,175.75555555555553,177.55555555555557,139.68888888888887,4.222222222222223,5
92,Colin Castleton,Los Angeles Lakers,C,0,12,0,2,0.0,0,0,0.0,0,0,0.0,0,1,1,0,3,1,2,0,-16,1,1,0,1,1.314828341855369,0.5821767713659605,0.0,0.0,1.239590942293645,1.239590942293645,1.314828341855369,0.5821767713659605,2
93,Collin Gillespie,Denver Nuggets,G,53,125,19,43,306.4,4,7,200.0,11,25,283.3,0,15,15,18,12,7,9,0,24,86,68,71,33,240.98573127229488,12.9833531510107,37.600475624256845,15.451843043995245,401.7074910820452,279.602853745541,336.38168846611177,77.29250891795482,8
94,Collin Sexton,Utah Jazz,PG,208,319,78,161,480.5,41,49,859.9,11,39,239.89999999999998,11,19,30,60,20,8,27,4,-116,298,238,268,90,229.79733560090702,22.409580498866216,38.02267573696145,13.719104308390023,417.60204081632656,315.6383219954649,339.953798185941,52.23951247165533,10
95,Corey Kispert,Washington Wizards,SF,184,382,68,133,508.79999999999995,16,23,575.0,32,77,412.3,5,34,39,33,23,6,17,2,-68,256,223,217,72,411.81234567901237,35.93827160493827,76.2,40.864197530864196,585.2444444444444,613.4444444444443,395.21234567901246,100.53827160493827,10
96,Cory Joseph,Golden State Warriors,PG,27,71,10,16,316.7,0,0,0.0,7,11,316.7,2,9,11,6,6,0,1,0,9,44,38,33,17,31.2,10.8,2.8000000000000003,3.2,28.8,47.2,21.2,5.2,5
97,Craig Jr. Porter,Cleveland Cavaliers,G,62,138,26,50,425.3,5,6,300.0,5,12,175.0,6,19,25,24,5,3,8,3,-18,111,87,86,49,378.80400000000003,43.38399999999999,21.616,9.655999999999999,743.3,599.876,502.8039999999999,84.42399999999998,10
98,D'Angelo Russell,Los Angeles Lakers,PG,168,355,59,143,401.0,16,18,450.0,34,93,314.8,0,32,32,60,19,12,20,5,69,260,200,228,92,558.5252267573696,45.35600907029479,88.62244897959184,56.879818594104314,584.702097505669,615.21910430839,492.22590702947844,169.7607709750567,10
99,D.J. Carton,Toronto Raptors,G,8,31,2,7,83.3,3,4,150.0,1,4,50.0,2,1,3,3,1,1,1,0,-30,14,11,11,6,8.666666666666668,2.0,2.0,0.6666666666666667,8.666666666666666,2.6666666666666665,18.666666666666668,0.0,3
100,D.J. Wilson,Philadelphia 76ers,F,10,14,4,6,66.7,0,0,0.0,2,2,100.0,1,1,2,2,1,0,0,2,4,14,12,12,4,19.75308641975309,0.7901234567901234,0.7901234567901234,0.7901234567901234,38.71604938271605,28.444444444444443,28.444444444444443,3.1604938271604937,1
101,DaQuan Jeffries,New York Knicks,SG,0,7,0,2,0.0,0,0,0.0,0,2,0.0,0,0,0,3,0,0,1,0,7,3,0,3,3,0.39889196675900274,0.0,5.609418282548476,0.04432132963988919,3.0166204986149587,0.39889196675900274,3.0166204986149587,5.609418282548476,1
102,Daishen Nix,Minnesota Timberwolves,SG,5,12,2,5,66.7,0,0,0.0,1,3,50.0,0,1,1,3,1,2,1,0,13,9,6,8,4,13.509695290858724,0.5124653739612188,5.110803324099724,0.5346260387811634,4.1024930747922435,9.246537396121884,5.191135734072022,8.797783933518007,2
103,Dalano Banton,Portland Trail Blazers,G,215,354,80,199,402.7,33,40,757.2,22,87,268.6,7,52,59,54,11,13,30,7,-117,328,274,269,113,698.3008323424494,110.64856652133703,89.85308495177696,20.262914519751618,1482.0,1049.2783723080988,1133.6370722684633,197.88703923900115,10
104,Dalen Terry,Chicago Bulls,F,47,166,20,41,348.5,4,9,50.0,3,16,100.0,7,18,25,17,23,6,9,9,16,89,72,64,42,291.5838786436645,40.55353955978584,58.117192147531235,4.108566329565734,636.0196311719214,428.27364663890535,482.3905413444378,115.61005353955979,10
105,Damian Jones,Cleveland Cavaliers,C,60,124,24,39,594.6,11,13,550.0,1,7,50.0,11,20,31,3,13,4,6,5,-53,94,91,63,34,200.5390625,70.42100694444443,2.1293402777777777,0.9027777777777777,406.2960069444445,390.3506944444444,202.43402777777774,86.60069444444443,10
106,Damian Lillard,Milwaukee Bucks,PG,236,368,74,179,407.2,59,67,776.0,29,82,342.0,3,42,45,66,24,8,33,4,8,347,281,302,111,670.5,10.548225308641975,72.25192901234567,28.95216049382716,979.2361111111111,687.187114197531,965.7797067901234,79.56944444444443,10
107,Daniel Gafford,Dallas Mavericks,C,98,228,48,61,775.3,2,9,50.0,0,0,0.0,15,41,56,20,27,7,12,20,30,174,154,118,76,371.5778546712803,173.9031141868512,24.012456747404844,0.0,851.7993079584776,737.3121107266436,408.85259515570937,275.1280276816609,10
108,Daniel Theis,LA Clippers,C,62,162,25,48,406.4,6,6,300.0,6,16,283.3,12,35,47,9,15,2,8,8,12,118,109,71,56,338.6437869822485,69.19408284023669,7.468639053254438,6.515976331360947,721.3254437869822,675.1751479289941,370.97159763313607,90.48520710059171,10
109,Danilo Gallinari,Milwaukee Bucks,PF,34,101,10,22,404.2,12,14,375.0,2,10,200.0,3,10,13,8,8,4,7,1,-30,55,47,42,21,109.15305570578693,12.123850730124392,9.600865332612221,1.7577068685776096,157.48566792861004,161.14494321254733,104.30286641427799,22.915630070308275,10
110,Dante Exum,Dallas Mavericks,G,60,224,22,49,394.6,4,4,200.0,12,26,456.7,5,29,34,30,15,2,10,0,78,124,94,90,64,250.70970163257647,54.87408519422029,24.270219553387133,9.603677988365547,369.5852880465378,334.0,303.26853068117845,62.170763745543255,10
111,Danuel House Jr.,Philadelphia 76ers,SF,42,143,14,30,276.3,13,15,466.7,1,11,33.3,6,11,17,7,16,7,3,3,-26,66,59,49,24,42.0,11.714285714285715,8.0,0.8571428571428572,41.714285714285715,51.714285714285715,40.0,11.714285714285715,7
112,Dario Saric,Golden State Warriors,PF,29,101,12,30,281.7,3,5,75.0,2,14,100.0,5,15,20,14,3,1,15,1,-26,63,49,43,34,128.86159169550172,32.13840830449827,10.754325259515571,2.1816608996539792,246.84775086505192,230.48096885813146,130.78546712802768,57.33564013840831,10
113,Darius Bazley,Utah Jazz,F,48,141,18,29,408.1,10,12,360.0,2,8,83.3,8,19,27,5,3,6,7,7,-32,80,75,53,32,75.55029585798817,30.573964497041423,4.834319526627218,1.3372781065088757,195.68047337278108,182.02958579881656,80.26627218934911,44.34319526627219,6
114,Darius Garland,Cleveland Cavaliers,PG,157,341,60,141,415.3,14,17,610.0,23,60,359.9,5,28,33,80,12,16,32,2,18,270,190,237,113,439.59320225575374,24.61042524005487,96.43956713915561,18.100746837372352,516.1213229690596,508.2575826855662,395.8309708885841,172.6759640298735,10
115,David Duke Jr.,San Antonio Spurs,G,23,48,9,17,200.0,3,3,200.0,2,5,66.7,2,8,10,4,4,2,3,0,7,37,33,27,14,97.67999999999999,26.919999999999998,10.666666666666668,2.666666666666667,180.94666666666666,154.28,95.01333333333332,66.92,3
116,David Roddy,Phoenix Suns,F,61,130,25,53,522.0,6,10,241.7,5,20,143.3,4,15,19,11,5,1,10,0,-72,91,80,72,30,479.60592079969246,53.99807766243752,20.024221453287197,9.546712802768168,921.1353325643983,733.20799692426,647.1111111111111,94.44444444444443,10
117,Davion Mitchell,Sacramento Kings,PG,91,232,34,85,402.9,7,11,300.0,16,41,418.8,8,22,30,31,13,2,7,0,55,152,121,122,61,171.72365680966263,51.29550187421907,23.270720533111202,14.879633486047481,381.44523115368594,274.74177426072475,238.94231570179096,114.05102040816325,10
118,Davis Bertans,Charlotte Hornets,SF,101,224,34,78,424.8,7,7,400.0,26,67,373.0,2,17,19,8,21,10,8,4,-38,128,120,109,27,149.64511009720292,17.466574092441974,13.606427296171395,20.914104344376117,227.13628248363423,236.4372148383257,150.62348740329298,20.79369172783178,10
119,Day'Ron Sharpe,Brooklyn Nets,C,49,129,22,47,507.3,5,7,166.7,0,3,0.0,30,32,62,10,19,1,14,7,-16,121,111,59,72,63.769319161160574,203.98276357368573,10.485492674518817,0.025854639471416266,424.04740017236423,360.0606147658719,95.90721057167481,246.31715024418273,10
120,De'Aaron Fox,Sacramento Kings,PG,270,377,101,219,471.20000000000005,32,41,710.0,36,94,383.5,4,45,49,60,25,22,23,5,88,379,319,330,109,430.71462673611103,31.462890625,76.10850694444444,48.92816840277777,556.2265625,504.7673611111111,445.228515625,144.51671006944446,10
121,De'Andre Hunter,Atlanta Hawks,SF,156,339,55,133,378.7,25,34,640.4,21,67,294.2,5,47,52,21,24,5,21,1,-29,229,208,177,73,371.63390913049784,169.03672521410945,15.440702569313396,14.932065611844973,876.5892001741906,795.2521410944985,425.22993177529395,212.21846421831904,10
122,De'Anthony Melton,Philadelphia 76ers,SG,31,64,10,32,130.5,4,4,200.0,7,21,145.0,1,8,9,9,5,6,1,1,2,49,40,40,18,149.25,5.0,5.0,9.3125,235.25,187.25,187.25,20.0,5
123,DeAndre Jordan,Denver Nuggets,C,36,95,16,28,411.8,4,4,200.0,0,0,0.0,12,27,39,7,11,1,4,3,-25,82,75,43,46,172.4770969660916,93.10707911957168,10.110053539559788,0.0,506.0,443.0368828078524,210.13146936347414,128.5258774538965,10
124,DeJon Jarreau,Memphis Grizzlies,F,43,150,17,50,308.3,5,11,250.0,4,13,141.7,8,36,44,26,14,6,9,2,-24,113,87,69,70,98.3598615916955,111.6805074971165,54.768166089965405,4.376009227220299,497.42445213379466,248.86851211072664,221.79238754325257,291.5720876585928,9
125,DeMar DeRozan,Chicago Bulls,SF,296,395,108,214,504.6,70,88,792.9,10,30,250.0,3,39,42,56,18,18,31,4,34,394,338,352,98,335.6644206632315,35.881622407187216,54.790857444840796,14.338221693750823,327.66706302021396,365.95058792442853,340.44444444444434,47.60893116660061,10
126,Dean Wade,Cleveland Cavaliers,PF,46,178,15,35,260.2,5,7,216.7,11,31,233.4,4,27,31,7,8,3,1,9,-23,84,77,53,38,468.50000000000006,35.125,6.125,31.525000000000006,718.8,714.725,466.12499999999994,47.699999999999996,10
127,Deandre Ayton,Portland Trail Blazers,C,212,329,100,186,522.8,12,15,263.9,0,7,0.0,30,81,111,16,13,10,18,7,-110,339,323,228,127,695.7968367119627,166.00779683671198,6.42281131655157,0.035642682111828916,1493.1096012474936,1406.4707061706392,755.9536645132546,198.91267542882602,10
128,Dejounte Murray,Atlanta Hawks,SG,238,375,95,217,436.3,17,24,583.4,31,89,349.1,11,47,58,79,24,12,35,4,-37,375,296,317,137,898.2698961937716,97.7674740484429,133.9660899653979,20.977854671280276,1309.5757785467126,1096.5674740484428,1029.5204152249134,313.4913494809689,10
129,Delon Wright,Miami Heat,SG,55,209,19,50,405.9,8,10,300.0,9,26,318.3,4,16,20,28,9,14,3,2,59,103,75,83,48,120.94444444444446,12.544444444444444,21.93611111111111,9.444444444444446,191.23611111111111,142.60000000000002,167.325,36.736111111111114,10
130,Deni Avdija,Washington Wizards,SF,182,360,62,127,470.2,46,58,825.9,12,41,288.2,8,77,85,45,22,7,28,9,-6,312,267,227,130,493.84693877551024,124.84489795918367,71.67551020408163,8.122448979591837,1223.6,973.2755102040817,680.4448979591837,260.2469387755102,10
131,Dennis Schroder,Brooklyn Nets,PG,158,333,57,139,411.8,25,26,787.5,19,54,394.5,12,40,52,64,22,5,17,5,25,274,210,222,116,565.4933378310002,38.601450497554396,61.52268510710069,34.90285039635689,853.900826446281,618.4483049418114,767.8080620678023,133.2619328723225,10
132,Dennis Smith Jr.,Brooklyn Nets,PG,58,167,21,46,487.1,8,11,383.3,8,22,348.3,5,13,18,28,22,16,11,0,3,104,76,86,46,78.47147022074135,17.85339441899209,40.0,4.21990837151187,181.54768846314036,139.3027905039567,112.87963348604748,65.69012911286964,10
133,Dereck II Lively,Dallas Mavericks,C,94,185,45,59,763.7,4,11,150.0,0,0,0.0,16,46,62,8,15,5,6,12,19,164,156,102,70,349.4128943758573,62.45610425240055,9.660493827160494,0.0,659.2345679012345,560.9444444444445,434.4478737997257,85.37174211248285,10
134,Derrick Jones Jr.,Dallas Mavericks,SF,74,237,26,67,393.6,12,17,433.3,10,32,251.9,10,18,28,13,16,6,9,10,52,115,102,87,41,182.40876760052257,17.64232834954275,14.929162432863988,6.907243431557555,184.91929162432865,210.23428654376545,163.51908840179996,26.146175061692553,10
135,Derrick Rose,Memphis Grizzlies,PG,49,95,20,37,377.7,5,6,266.7,4,8,233.3,0,15,15,21,3,1,9,0,-9,85,64,70,36,70.0,14.857142857142858,12.0,3.7142857142857144,188.85714285714286,116.85714285714286,128.0,40.857142857142854,7
136,Derrick White,Boston Celtics,PG,149,342,50,113,429.2,21,23,755.6,28,78,357.5,8,35,43,58,23,7,11,6,24,250,192,207,101,405.49173553719004,76.33471074380165,73.83884297520662,20.062901744719927,1006.9132231404959,707.2396694214876,670.5041322314049,184.83471074380162,10
137,Desmond Bane,Memphis Grizzlies,SG,93,165,30,80,183.4,19,21,366.7,14,40,172.9,2,14,16,34,14,5,13,2,-54,143,109,127,50,267.2,8.8,114.79999999999998,4.8,701.1999999999999,362.8,587.2,142.0,5
138,Devin Booker,Phoenix Suns,SG,254,369,80,170,434.1,68,74,929.8,26,72,288.1,7,23,30,73,29,9,32,2,40,357,284,327,103,1631.505112990784,34.362327988890286,64.73664941295291,64.53654841560409,1593.443883348062,1551.1930311829315,1674.4104279762657,98.44451458149224,10
139,Devin Vassell,San Antonio Spurs,SG,193,373,77,163,440.2,18,21,691.7,21,61,312.3,0,33,33,47,16,12,18,1,-43,273,226,240,80,806.4410104810535,25.71969900564364,52.6495565708143,24.90217683418436,1079.5020155872078,846.0,1027.3222252082774,90.99005643644182,10
140,Devonte' Graham,San Antonio Spurs,PG,79,210,27,77,363.0,7,8,350.0,18,60,327.9,3,17,20,30,10,6,14,1,-3,129,99,109,50,285.2845804988662,12.090702947845806,34.204081632653065,18.36281179138322,444.7040816326531,317.31632653061223,402.40022675736964,56.56689342403628,10
141,Dillon Brooks,Houston Rockets,SF,117,315,42,109,361.0,14,17,319.0,19,57,356.79999999999995,8,25,33,15,39,9,11,3,-48,165,150,132,48,681.3556238185255,28.168241965973536,19.071833648393195,23.064508506616257,933.109877126654,746.7384215500945,851.1221644612477,63.84499054820416,10
142,Domantas Sabonis,Sacramento Kings,PF,175,349,68,132,512.4,37,53,747.5,2,11,66.7,43,93,136,71,32,12,33,6,58,382,311,246,207,173.0508121615993,130.69158683881716,36.63265306122448,3.6570179092044977,554.7240733027904,354.8173677634319,304.2374010828821,236.04435651811744,10
143,Dominick Barlow,San Antonio Spurs,F,57,150,21,38,506.6,15,18,416.6,0,1,0.0,19,22,41,15,19,4,4,3,10,113,98,72,56,290.46020761245677,81.13667820069205,45.74567474048443,0.0,715.5397923875432,590.5,425.3581314878893,117.0242214532872,10
144,Donovan Mitchell,Cleveland Cavaliers,SG,198,347,65,161,386.6,34,40,723.8,34,86,378.3,4,34,38,52,20,16,29,7,-57,288,236,250,90,712.1224489795918,29.76530612244898,47.56122448979592,28.944444444444446,932.0,867.2755102040817,770.9081632653063,83.26530612244898,10
145,Donte DiVincenzo,New York Knicks,SG,200,409,70,154,454.3,16,18,555.0,44,108,408.8,5,40,45,30,21,15,18,5,15,275,245,230,75,354.4456790123457,25.21111111111111,18.011111111111113,34.5,444.50493827160494,416.5308641975309,390.59753086419755,35.044444444444444,10
146,Dorian Finney-Smith,Brooklyn Nets,PF,59,287,23,61,357.5,7,10,350.0,6,35,181.6,12,34,46,16,15,11,9,5,-50,121,105,75,62,170.87530233808116,38.64767535608708,6.6374630475678575,5.748454716474066,204.79252889008333,170.7446922870196,212.60816984681537,37.60010749798441,10
147,Doug McDermott,Indiana Pacers,SF,47,120,17,39,270.8,0,0,0.0,13,33,275.4,1,4,5,7,12,3,2,0,1,59,52,54,12,290.1077667293738,2.8554152109647943,8.285138403654932,18.24321418973394,377.78043536683685,299.8581026605751,370.51706530502554,8.653587745229776,10
148,Draymond Green,Golden State Warriors,PF,85,306,34,60,494.9,7,11,325.0,10,22,271.4,13,57,70,67,34,21,29,7,30,222,155,152,137,361.8284023668639,72.61272793140924,89.55403936722618,24.69556816809564,573.8104093708489,297.058205530733,586.7822726723825,213.9651008332327,10
149,Drew Eubanks,Phoenix Suns,PF,28,156,11,28,333.3,6,7,275.0,0,0,0.0,16,30,46,10,18,2,5,5,-25,84,74,38,56,66.89012345679012,57.3,14.44567901234568,0.0,120.10493827160496,106.2567901234568,65.47160493827161,87.01234567901236,10
150,Drew Peterson,Boston Celtics,F,8,20,3,5,75.0,0,0,0.0,2,4,66.7,0,1,1,0,0,2,1,0,6,9,9,8,1,35.55555555555556,0.5555555555555556,0.0,2.2222222222222223,27.222222222222218,27.222222222222218,35.55555555555556,0.5555555555555556,2
151,Duncan Robinson,Miami Heat,F,100,267,35,88,343.1,8,9,350.0,22,70,236.3,3,26,29,19,26,7,17,2,-38,148,129,119,48,720.2032486463974,23.849645980841316,31.82465639316951,45.95251978342357,1095.765097875885,805.1599333610995,1000.8825489379426,65.60016659725115,10
152,Duop Reath,Portland Trail Blazers,C,77,168,30,80,359.6,8,10,275.0,9,37,251.7,11,29,40,9,14,5,3,5,-40,126,117,86,49,202.8311943577292,22.024742744825993,22.968551277604348,5.37645970632443,336.87177708405596,273.0,259.65244536940685,52.04382009480865,10
153,Dwight Powell,Dallas Mavericks,C,23,125,9,15,516.7,5,10,300.0,0,1,0.0,19,20,39,10,18,3,6,2,-64,72,62,33,49,38.5129939480242,102.76504093983624,12.800996796012818,0.0,304.0220719117124,217.99145603417588,68.56568173727305,171.5439658241367,10
154,Dylan Windler,Atlanta Hawks,G,28,67,10,18,163.8,0,0,0.0,8,16,142.1,3,7,10,3,3,2,2,0,-17,41,38,31,13,136.02615933412602,8.092746730083235,2.9072532699167657,13.467300832342453,201.36385255648037,182.92033293697978,146.07491082045183,19.394768133174793,4
155,Dylan Windler,Los Angeles Lakers,G,3,14,1,4,25.0,0,0,0.0,1,4,25.0,0,1,1,2,1,0,0,0,-7,6,4,5,3,14.702734839476815,3.011890606420927,0.4019024970273484,1.1474435196195003,19.181926278240194,24.83947681331748,11.05469678953627,1.4042806183115344,2
156,Dyson Daniels,New Orleans Pelicans,G,66,229,27,56,420.8,2,3,150.0,10,26,336.6,11,38,49,28,18,13,7,4,-25,143,115,94,77,210.5,43.31758034026465,43.78166351606805,14.01890359168242,398.3875236294896,259.4262759924386,294.41209829867677,142.14839319470698,10
157,Emoni Bates,Cleveland Cavaliers,F,23,52,9,24,127.9,0,2,0.0,5,13,120.0,0,4,4,4,0,0,7,0,-25,31,27,27,8,33.94921875,5.48046875,5.0,3.76171875,62.6875,44.1875,44.07421875,18.85546875,3
158,Eric Gordon,Phoenix Suns,SG,57,214,21,65,314.7,4,5,266.7,11,47,198.3,0,8,8,10,6,12,6,3,22,75,65,67,18,184.5192743764172,6.858560090702947,13.402777777777777,12.971655328798185,197.3390022675737,190.1862244897959,189.53316326530611,22.400226757369616,10
159,Eugene Omoruyi,Washington Wizards,F,67,148,26,56,408.1,8,16,291.7,7,19,216.7,9,11,20,11,16,6,6,4,-61,98,87,78,31,463.06582840236695,22.299556213017752,22.90014792899408,16.426775147928996,646.0273668639053,480.4763313609467,634.630177514793,39.18639053254438,10
160,Evan Fournier,Detroit Pistons,SG,77,213,29,81,309.8,11,15,350.0,8,42,171.7,1,17,18,14,12,8,5,4,-57,109,95,91,32,434.4118971664477,13.600300243948208,19.211859635954212,9.947082004128355,561.3054982173015,556.8648902233065,429.2837305310565,42.3809345092888,10
161,Evan Mobley,Cleveland Cavaliers,PF,160,303,61,107,573.3,29,37,730.1,9,20,400.0,18,51,69,35,21,10,14,13,1,264,229,195,104,258.06718624025797,81.66326256382692,28.74254232733136,4.964525665143778,415.0094060736361,394.86186509002954,283.06503628056976,105.55549583445311,10
162,Frank Ntilikina,Charlotte Hornets,PG,5,39,1,8,50.0,2,2,100.0,1,7,50.0,1,4,5,3,4,0,0,0,0,13,10,8,8,19.0,7.0,6.84,0.7600000000000002,24.439999999999998,14.0,18.64,24.640000000000004,4
163,Franz Wagner,Orlando Magic,SF,189,313,69,139,497.6,43,51,844.4,8,38,195.0,12,33,45,28,22,10,9,3,20,262,234,217,73,205.6208911614317,22.565741417092767,20.20927684441198,7.854273192111029,259.64937910883856,266.3407596785975,230.10116873630386,11.603360116873633,10
164,Fred VanVleet,Houston Rockets,PG,208,376,71,171,428.4,33,39,715.0,33,88,351.0,8,34,42,70,39,23,15,6,-13,320,250,278,112,1160.8407606328929,48.871824647989556,54.606474089127595,62.113949775003626,1447.6771664973146,1484.0150965307012,1159.1197561329657,68.86137320365802,10
165,Furkan Korkmaz,Philadelphia 76ers,SG,41,116,13,29,278.6,7,10,241.7,8,18,258.3,3,12,15,12,6,3,2,2,22,68,56,53,27,292.875,14.875,10.0,20.0,404.0,340.0,363.875,17.875,8
166,GG Jackson,Memphis Grizzlies,F,187,330,67,163,396.4,27,35,685.7,26,77,335.5,9,42,51,21,16,10,19,4,-64,259,238,208,72,1088.3589193283676,135.74687539452088,17.562050246181037,28.6335058704709,1395.3774775912132,1501.472036359046,1010.9667971215756,124.60648907966166,10
167,Gabe Vincent,Los Angeles Lakers,PG,16,107,6,23,115.0,1,1,100.0,3,15,75.0,2,6,8,7,7,4,3,0,31,31,24,23,15,74.0,11.0,2.0,3.75992438563327,135.0,135.0,76.0,11.0,7
168,Garrett Temple,Toronto Raptors,SF,57,203,19,55,414.9,11,14,300.0,8,29,273.3,13,19,32,20,22,7,9,3,-79,109,89,77,52,143.9895876718034,31.232819658475634,50.816326530612244,7.600166597251143,323.54477301124535,213.93544356518117,217.2898792169929,118.3581840899625,10
169,Garrison Mathews,Atlanta Hawks,SG,80,200,28,61,482.79999999999995,4,5,200.0,20,50,445.0,3,12,15,7,12,5,3,1,-39,102,95,87,22,158.8529226107815,12.553339224845347,14.24453983082944,10.789041787653074,233.81769978538063,206.42381012498424,177.42242141143797,35.62226991541472,10
170,Gary Harris,Orlando Magic,SG,54,271,19,49,370.9,3,3,200.0,13,36,361.6,5,14,19,15,16,10,8,1,1,88,73,69,34,204.63602413099682,25.00689457052571,30.759264579143924,12.131284113760413,443.093363975869,315.0970985349038,307.2993392703246,81.0991094513071,10
171,Gary Payton II,Golden State Warriors,SG,67,174,30,45,679.0,3,5,200.0,4,11,216.7,6,17,23,14,22,9,6,7,46,104,90,81,37,149.61325687299714,44.781413391803,38.67633665036262,4.40006746500253,205.04773148928993,143.1037274413898,135.08939112835216,159.92561983471074,10
172,Gary Trent Jr.,Toronto Raptors,SG,200,317,75,175,428.6,26,29,633.3,24,75,319.1,6,30,36,28,17,15,8,0,-65,264,236,228,64,471.6836711962575,34.51548229004233,28.919135664958787,37.308977500556914,691.9376253063043,613.2145243929605,536.7685453330363,77.07284473156605,10
173,Georges Niang,Cleveland Cavaliers,SF,94,213,36,76,431.1,3,4,150.0,19,48,353.8,1,21,22,8,23,7,7,2,-12,124,116,102,30,527.0405475206612,29.707644628099175,6.513688016528926,35.050619834710744,417.4710743801653,441.0632747933884,492.7737603305785,46.895919421487605,10
174,Giannis Antetokounmpo,Milwaukee Bucks,PF,282,365,114,193,601.8,53,86,543.3,1,11,50.0,40,95,135,72,29,9,37,16,18,489,417,354,207,457.31103515625,205.884765625,50.06494140625,1.42041015625,1149.837890625,1028.18212890625,528.7890625,306.12744140625,10
175,Goga Bitadze,Orlando Magic,C,32,108,13,25,496.7,6,8,350.0,0,3,0.0,11,15,26,9,13,4,11,9,-36,67,58,41,35,56.99683114531462,65.24400181077412,10.416025350837485,0.0,261.9633318243549,195.61068356722498,90.82616568583069,108.18334087822547,10
176,Gordon Hayward,Oklahoma City Thunder,SF,70,173,26,49,480.5,11,17,283.4,7,13,266.7,3,16,19,11,5,7,6,1,7,100,89,81,30,288.54784514243977,31.39116143170197,10.39371804236669,10.118699780861943,341.75493060628196,335.3867786705624,271.00292184075965,65.69795471146823,10
177,Gradey Dick,Toronto Raptors,G,142,305,54,124,437.7,13,16,346.4,21,58,352.9,4,26,30,5,15,6,11,0,-105,177,172,147,35,303.0422191739064,50.80627953055937,9.655387898186254,25.0,325.45237006553884,384.90687395214144,260.7777777777778,43.27160493827161,10
178,Grant Williams,Charlotte Hornets,PF,151,318,57,103,554.7,19,27,691.7,18,40,540.3,13,41,54,49,36,6,15,4,-66,254,205,200,103,251.66481994459832,40.56959833795014,91.99722991689751,3.84106648199446,381.7108725761772,306.09452908587264,273.72299168975076,186.125,10
179,Grayson Allen,Phoenix Suns,SG,131,324,46,105,442.6,17,21,479.2,22,65,364.0,9,41,50,25,17,11,11,3,56,206,181,156,75,321.9269031687918,58.878424441358405,26.674031056684765,23.308673147329884,451.8328493877035,434.98283045070065,363.4404746875395,60.88890291629845,10
180,Gui Santos,Golden State Warriors,F,50,130,17,34,372.5,10,11,450.0,6,15,320.0,10,23,33,12,17,3,5,2,6,95,83,62,45,254.08284023668642,136.82117028270875,16.322156476002633,4.669296515450362,777.6416831032216,677.41288625904,299.7777777777778,207.67718606180142,10
181,Harrison Barnes,Sacramento Kings,SF,120,274,38,86,372.4,27,34,551.4,17,45,319.7,11,25,36,17,7,7,5,1,76,173,156,137,53,590.4339858392336,42.405039566847144,21.01228654727197,22.157017909204498,996.1803415243648,779.2513536026655,777.8985839233653,92.8817159516868,10
182,Harry III Giles,Brooklyn Nets,F,8,8,3,6,50.0,1,2,50.0,1,1,100.0,2,2,4,2,3,0,0,0,-12,14,12,10,6,50.765625,10.293402777777779,3.515625,0.8402777777777777,149.0434027777778,106.77777777777779,81.0,25.840277777777775,1
183,Harry III Giles,Los Angeles Lakers,F,2,10,1,4,100.0,0,0,0.0,0,2,0.0,0,1,1,0,0,1,0,0,-15,3,3,2,1,2.03125,0.6701388888888888,0.03125,0.013888888888888888,4.670138888888889,4.555555555555555,2.0,0.8472222222222221,2
184,Haywood Highsmith,Miami Heat,F,89,269,36,68,480.3,1,6,33.3,16,38,334.5,18,39,57,13,21,8,7,5,57,159,146,102,70,363.8239588967009,99.05705786911844,6.25770686857761,22.688209843158464,582.1949702541914,565.7804218496485,366.31476473769607,119.2385073012439,10
185,Henri Drell,Chicago Bulls,F,9,23,3,7,42.9,1,2,50.0,2,4,50.0,0,2,2,1,5,2,1,1,7,12,11,10,3,49.0,1.3313609467455618,0.0059171597633136015,2.863905325443787,65.23668639053254,66.48520710059171,47.92899408284024,1.1597633136094674,1
186,Herbert Jones,New Orleans Pelicans,SF,105,358,36,81,399.0,17,18,650.0,16,40,341.5,6,28,34,26,29,18,13,1,17,165,139,131,60,247.2716049382716,42.40493827160494,27.586419753086425,18.479012345679013,388.6530864197531,349.8,246.7716049382716,109.34444444444443,10
187,Hunter Tyson,Denver Nuggets,F,0,7,0,3,0.0,0,0,0.0,0,3,0.0,0,1,1,0,1,0,2,0,-1,1,1,0,1,3.6337890625,0.765625,0.0244140625,0.1181640625,1.41015625,1.0634765625,4.25390625,0.5166015625,1
188,I. Thomas,Phoenix Suns,G,8,13,3,7,83.3,0,0,0.0,2,4,100.0,0,0,0,2,0,0,0,0,-4,10,8,10,2,15.939199999999996,0.0,0.4608,0.9247999999999998,21.4688,15.939199999999996,21.4688,0.4608,2
189,Ibou Badji,Portland Trail Blazers,C,12,51,5,7,300.0,2,4,100.0,0,0,0.0,2,4,6,4,10,1,6,3,-29,22,18,16,10,15.051652892561982,7.365702479338842,4.440082644628099,0.0,39.018595041322314,35.25619834710744,20.487603305785125,10.132231404958679,5
190,Immanuel Quickley,Toronto Raptors,SG,215,338,66,155,420.6,58,66,782.2,25,74,329.5,3,48,51,75,24,11,28,2,-66,341,266,290,126,609.8585069444445,76.90625,77.4765625,14.71267361111111,1231.2673611111113,848.8793402777777,917.4027777777777,229.2265625,10
191,Isaac Okoro,Cleveland Cavaliers,SF,74,270,26,57,463.8,12,19,408.3,10,28,309.5,6,15,21,14,15,4,6,2,-19,109,95,88,35,145.00994558078438,24.668605742165507,43.46293863764309,12.908237943328956,406.5196096828673,270.9534621880278,260.63389003565396,88.07374741977857,10
192,Isaiah Hartenstein,New York Knicks,C,108,274,43,61,745.6,22,34,538.1,0,0,0.0,29,46,75,40,28,16,19,10,86,223,183,148,115,192.0394832341414,171.81318043257366,63.62897372623023,0.0,554.1691101756423,512.796487153433,196.19422267382785,272.66003774132673,10
193,Isaiah Jackson,Indiana Pacers,SF,67,150,27,41,707.2,13,17,575.0,0,0,0.0,27,23,50,11,20,7,5,11,42,128,117,78,61,108.14444444444445,151.625,31.800000000000004,0.0,633.4027777777778,457.10277777777776,186.94444444444446,280.92499999999995,10
194,Isaiah Joe,Oklahoma City Thunder,SG,87,195,30,64,467.6,7,8,275.0,20,46,406.9,6,22,28,19,9,8,8,4,49,134,115,106,47,213.9777777777778,12.327160493827162,43.34567901234568,16.241975308641972,376.9,281.1123456790124,297.96049382716046,67.47777777777777,10
195,Isaiah Mobley,Cleveland Cavaliers,F,16,49,7,16,113.9,0,1,0.0,2,7,58.3,2,5,7,2,2,1,1,0,-13,25,23,18,9,66.50692520775623,14.0,1.6121883656509695,1.1551246537396125,109.0,107.34903047091412,65.0,18.77008310249307,3
196,Isaiah Stewart,Detroit Pistons,C,106,319,40,71,587.7,10,12,516.7,16,38,409.0,10,48,58,12,11,4,10,10,-48,176,164,118,70,131.47520661157026,49.603305785123965,9.603305785123966,12.764462809917354,245.47520661157023,193.27685950413223,178.88016528925618,64.0,10
197,Ish Smith,Charlotte Hornets,PG,18,181,8,34,236.0,0,0,0.0,2,2,200.0,1,19,20,41,16,5,6,1,-90,79,38,59,61,54.36000000000001,24.0,78.09,1.5600000000000003,170.49,69.16000000000001,134.09,123.69,9
198,Ish Wainright,Phoenix Suns,F,3,11,1,6,16.7,0,0,0.0,1,4,25.0,3,2,5,1,1,1,1,0,-3,9,8,4,6,6.890625,19.140625,0.765625,0.765625,62.015625,49.0,12.25,27.5625,1
199,Ivica Zubac,LA Clippers,C,135,272,57,93,649.1,21,24,550.0,0,0,0.0,26,72,98,14,23,4,9,12,-5,247,233,149,112,225.91246915372332,147.80868050515312,8.420960952242707,0.0,586.0158223254464,546.7517781971259,226.29801132239803,195.10814341704167,10
200,JD Davison,Boston Celtics,SG,8,27,3,9,42.9,1,2,50.0,1,4,33.3,1,6,7,9,3,1,2,1,15,24,15,17,16,23.397959183673464,8.5,26.469387755102034,0.5,151.0204081632653,51.04081632653061,97.23469387755101,61.11224489795917,2
201,JT Thor,Charlotte Hornets,F,53,152,22,34,504.4,3,5,200.0,6,16,200.0,2,24,26,10,13,3,2,6,9,89,79,63,36,334.4361111111111,81.77777777777777,15.111111111111112,10.8,896.5250000000001,727.3027777777777,454.7694444444445,145.77777777777777,10
202,JaVale McGee,Sacramento Kings,C,32,57,15,26,412.1,1,5,50.0,1,3,100.0,8,14,22,3,7,2,3,0,-5,57,54,35,25,116.88581314878891,39.121107266435985,4.03114186851211,0.9100346020761246,298.0865051903114,258.0138408304498,143.5847750865052,56.525951557093435,8
203,Jabari Smith Jr.,Houston Rockets,PF,164,341,59,126,480.9,20,26,658.3,26,67,412.2,11,52,63,26,20,4,7,13,-63,253,227,190,89,461.8478002378121,43.99775399656493,19.097635090500727,17.469414717928395,589.4256837098692,527.0417492403225,522.962082177302,64.36504161712247,10
204,Jabari Walker,Portland Trail Blazers,F,102,313,35,94,399.4,24,33,570.9,8,24,283.3,28,77,105,14,26,2,8,1,-100,221,207,116,119,265.90868530636527,430.4976204640095,24.573468173706125,7.709994051160024,1264.327781082689,1144.5633551457465,366.14782867340864,474.59637120761454,10
205,Jack White,Memphis Grizzlies,F,6,64,2,16,28.6,0,0,0.0,2,10,40.0,4,8,12,1,3,4,2,1,-28,19,18,7,13,27.183673469387752,4.0,0.7551020408163265,3.020408163265306,18.877551020408163,19.183673469387756,24.87755102040816,6.755102040816327,4
206,Jacob Gilyard,Brooklyn Nets,G,0,41,0,6,0.0,0,0,0.0,0,6,0.0,1,2,3,5,4,6,1,0,-17,8,3,5,8,25.579199999999997,6.0767999999999995,3.508800000000001,2.3232,50.480000000000004,28.8528,46.14079999999999,10.6512,3
207,Jacob Gilyard,Memphis Grizzlies,G,61,171,21,45,298.5,1,1,100.0,18,39,281.8,1,11,12,34,8,8,11,2,-52,107,73,95,46,408.4448,12.779200000000001,39.267199999999995,35.7408,766.12,519.0032,630.9952000000001,76.6128,7
208,Jacob Toppin,New York Knicks,F,13,29,5,9,107.1,2,2,100.0,1,4,33.3,3,3,6,1,3,0,1,0,-18,20,19,14,7,78.05555555555556,8.722222222222221,0.5555555555555556,0.7222222222222223,130.22222222222223,136.55555555555554,72.5,8.5,2
209,Jaden Hardy,Dallas Mavericks,G,69,143,25,63,398.9,10,12,233.3,9,26,231.6,5,20,25,16,18,4,14,0,-50,110,94,85,41,413.66270385611955,42.51135497637555,22.681908245694252,7.0207285474775185,762.733119951227,669.5281207133058,487.86206370980034,84.19890260631001,10
210,Jaden Ivey,Detroit Pistons,PG,158,304,56,151,370.0,23,33,629.9,23,62,335.1,7,26,33,48,16,7,23,3,-57,239,191,206,81,534.0515625,30.5,50.32656250000001,41.4140625,665.45625,610.9015625,572.65625,96.7765625,10
211,Jaden McDaniels,Minnesota Timberwolves,PF,93,291,38,80,473.2,9,11,500.0,8,33,200.0,5,26,31,19,23,9,11,6,-4,143,124,112,50,120.28112267994568,28.3985966500679,9.91330918967859,9.303757356269806,205.72793119058397,183.93866002716157,136.36419194205524,44.0181077410593,10
212,Jaden Springer,Boston Celtics,G,60,186,22,49,448.3,14,15,575.0,2,16,100.0,12,20,32,17,19,15,10,5,6,109,92,77,49,199.07958477508652,56.85736255286429,39.21837754709727,1.6001537870049982,716.1072664359862,455.11111111111103,375.34525182622065,180.80622837370242,10
213,Jae Crowder,Milwaukee Bucks,PF,51,203,17,54,313.8,8,10,230.0,9,33,235.0,9,19,28,9,6,4,5,2,-28,88,79,60,37,129.40797991808694,15.60258950984278,9.580790064737746,5.362002906592681,151.07147575637467,161.7705112960761,117.02497027348394,26.867353679482093,10
214,Jae'Sean Tate,Houston Rockets,SF,39,131,17,32,440.5,3,5,150.0,2,7,133.3,8,19,27,7,15,5,14,5,6,73,66,46,34,92.96667562483202,21.52512765385649,6.129266326256383,1.6001074979844128,191.7621607094867,145.35608707336738,121.80596613813492,45.221177102929325,10
215,Jahmi'us Ramsey,Toronto Raptors,SG,47,120,18,41,306.3,5,6,175.0,6,22,183.3,4,18,22,8,10,7,7,0,-28,77,69,55,30,69.3801652892562,36.066115702479344,3.072314049586777,3.402892561983472,97.25413223140495,108.65289256198346,77.28719008264463,19.832644628099175,7
216,Jaime Jr. Jaquez,Miami Heat,G,104,291,39,86,430.4,18,25,616.7,8,25,244.89999999999998,9,40,49,27,20,12,9,3,3,180,153,131,76,399.9229968782518,41.14984391259105,22.292403746097815,7.839750260145682,373.75650364203955,369.74921956295526,390.9687825182102,76.40374609781477,10
217,Jake LaRavia,Memphis Grizzlies,F,175,321,54,122,415.7,38,45,668.9,29,67,406.0,14,27,41,25,22,10,25,4,5,241,216,200,66,996.9510204081633,30.861224489795916,24.844897959183672,69.0326530612245,1411.2448979591836,1227.3795918367348,1183.4612244897958,53.06122448979592,10
218,Jakob Poeltl,Toronto Raptors,C,122,251,55,101,543.9,12,20,491.7,0,0,0.0,39,53,92,31,28,10,11,19,35,245,214,153,123,161.8469387755102,127.67346938775509,30.387755102040813,0.0,516.704081632653,398.98979591836735,256.6224489795918,181.0,10
219,Jalen Brunson,New York Knicks,PG,378,383,134,272,487.5,78,91,843.5,32,80,365.59999999999997,5,31,36,83,19,9,25,0,104,497,414,461,119,1263.4785640495866,48.722365702479344,68.4142561983471,44.58367768595041,1424.8192148760334,1496.0826446280994,1199.228564049587,110.12319214876032,10
220,Jalen Duren,Detroit Pistons,C,124,254,46,88,476.9,32,37,802.3,0,1,0.0,21,75,96,14,23,8,22,5,-68,234,220,138,110,327.6291257243638,192.8989669942051,16.790123456790123,0.0,984.3456790123457,904.0,376.7755102040817,240.8883849836231,10
221,Jalen Green,Houston Rockets,SG,183,327,64,164,366.5,31,40,644.6,24,85,265.1,6,52,58,46,18,9,32,2,-67,287,241,229,104,1095.0808864265928,51.94459833795014,52.172853185595564,28.825484764542935,1642.772853185596,1518.8914127423823,1214.6398891966758,108.43988919667589,10
222,Jalen HoodSchifino,Los Angeles Lakers,G,5,11,1,6,33.3,2,4,100.0,1,3,50.0,0,2,2,0,1,0,1,0,-13,7,7,5,2,9.0,0.9799999999999999,0.020000000000000004,0.8200000000000001,13.32,14.180000000000001,8.42,0.72,2
223,Jalen Johnson,Atlanta Hawks,SF,177,316,70,142,520.2,19,26,379.0,18,43,494.9,12,75,87,49,16,13,20,5,21,313,264,226,136,616.676,158.356,67.604,11.636,1274.2440000000001,838.0,943.1840000000001,335.69599999999997,10
224,Jalen McDaniels,Toronto Raptors,PF,50,165,19,55,265.1,11,13,525.0,1,11,50.0,5,15,20,15,14,3,9,2,-91,85,70,65,35,142.21606648199446,54.24930747922438,25.553401046475837,0.9002770083102494,441.70852570021543,337.9556786703601,216.94398276392735,108.82763927362265,10
225,Jalen Pickett,Denver Nuggets,G,2,7,1,3,33.3,0,0,0.0,0,2,0.0,0,0,0,2,0,0,0,0,-1,4,2,4,2,0.8212890625,0.1650390625,1.0634765625,0.0625,2.3447265625,0.25,3.75390625,0.390625,1
226,Jalen Slawson,Sacramento Kings,F,2,8,1,2,50.0,0,0,0.0,0,1,0.0,1,1,2,0,2,1,0,0,3,4,4,2,2,2.1360946745562135,2.609467455621302,0.0,0.0,9.467455621301774,9.467455621301774,2.1360946745562135,2.609467455621302,1
227,Jalen Smith,Indiana Pacers,PF,80,149,32,63,475.8,11,14,227.4,5,17,283.3,23,31,54,9,16,5,6,7,12,143,134,89,63,217.92156126853067,78.40120097579283,8.913679864890225,5.720210170763745,501.80015012197407,486.4188403077501,236.51097766935635,84.10677425408144,10
228,Jalen Suggs,Orlando Magic,SG,142,288,50,93,539.1,24,31,716.7,18,43,388.3,6,18,24,35,24,14,12,10,23,201,166,177,59,329.8804678737382,12.418522672648615,36.79202050953373,11.786893126101587,410.60647332158317,363.60070501522193,387.03332799230884,39.06345136997276,10
229,Jalen Williams,Oklahoma City Thunder,F,183,292,76,139,555.4,20,25,600.0,11,34,263.3,6,30,36,47,17,15,17,9,54,266,219,230,83,533.3484444444445,38.976,56.153777777777776,11.444444444444445,860.8604444444444,555.0284444444444,831.2284444444444,103.08177777777777,10
230,Jalen Wilson,Brooklyn Nets,F,60,194,22,51,548.5,9,14,350.0,7,23,270.0,11,31,42,8,13,4,5,3,9,110,102,68,50,142.57414170927683,77.91380569758948,10.0,4.31300219138057,403.7516435354273,351.37326515704893,177.3308984660336,105.5354273192111,10
231,Jamal Cain,Miami Heat,F,12,37,3,9,125.0,4,4,200.0,2,4,150.0,2,3,5,6,5,1,3,1,11,23,17,18,11,15.146936347412256,4.516954193932183,7.513384889946462,1.133848899464604,52.02201070791196,29.704342653182625,38.249851279000595,11.24509220701963,4
232,Jamal Murray,Denver Nuggets,PG,213,295,79,168,470.9,29,31,850.0,26,58,476.8,9,37,46,59,16,15,21,7,81,318,259,272,105,374.0083102493075,50.40196983687289,49.094182825484765,16.40443213296399,338.0510926438904,394.9329024315174,299.7950138504155,116.82763927362265,10
233,Jamaree Bouyea,San Antonio Spurs,G,7,34,3,5,150.0,0,0,0.0,1,1,100.0,1,8,9,3,5,1,1,0,8,19,16,10,12,4.5041322314049586,32.1404958677686,1.1983471074380163,0.6033057851239669,73.0,57.289256198347104,8.595041322314051,44.958677685950406,2
234,James Bouknight,Charlotte Hornets,SG,10,13,4,10,83.3,0,0,0.0,2,7,58.3,0,0,0,0,0,1,1,0,13,10,10,10,0,18.0,0.0,0.0,0.72,18.0,18.0,18.0,0.0,2
235,James Harden,LA Clippers,SG,121,318,36,105,339.6,35,41,832.4,14,61,194.89999999999998,5,47,52,90,9,11,22,2,-38,263,173,211,142,361.4390625,65.7265625,150.0390625,21.3,778.1640625,523.40625,548.0562500000001,283.90625,10
236,James Johnson,Indiana Pacers,PF,4,19,1,5,33.3,2,2,100.0,0,1,0.0,0,0,0,3,5,0,2,1,4,7,4,7,3,3.171597633136095,0.0,0.28402366863905326,0.0,4.213017751479289,3.171597633136095,4.213017751479289,0.28402366863905326,3
237,James Wiseman,Detroit Pistons,C,75,239,28,60,399.6,19,25,358.9,0,0,0.0,18,50,68,9,23,3,12,6,-72,152,143,84,77,382.05625,177.7,9.3,0.0,1052.00625,994.4062499999999,419.65625,207.0,10
238,Jamie Jr. Jaquez,Miami Heat,G,92,212,34,63,534.8,16,18,552.4,8,20,366.7,6,23,29,28,18,8,12,6,117,149,121,120,57,346.8735101883891,13.892733564013842,69.6555171088043,7.630142252979623,764.4732795078816,399.0707420222991,681.8608227604767,113.96347558631297,10
239,Jarace Walker,Indiana Pacers,F,46,152,17,41,442.2,2,2,100.0,10,21,366.7,4,28,32,19,10,6,7,5,34,97,78,65,51,145.8564049586777,59.32747933884298,60.88429752066114,10.277892561983471,549.2768595041323,356.5826446280991,275.6373966942149,183.125,10
240,Jared Butler,Washington Wizards,SG,100,222,39,74,509.2,12,14,450.0,10,26,370.0,3,23,26,45,24,12,17,3,-9,171,126,145,71,446.2750182615047,18.952885317750184,78.61687363038713,10.730460189919649,699.0624543462382,409.9342585829072,760.8948137326515,72.0781592403214,10
241,Jared Rhoden,Detroit Pistons,G,68,201,27,54,450.8,3,6,150.0,11,27,383.3,1,26,27,10,24,3,4,11,-57,105,95,78,37,194.87641723356012,20.71315192743764,10.14172335600907,13.281179138321997,318.90816326530614,311.6485260770975,209.546485260771,23.444444444444443,10
242,Jaren Jackson Jr.,Memphis Grizzlies,PF,223,328,81,183,426.2,46,59,770.4,15,49,319.6,15,33,48,34,37,17,27,17,-129,305,271,257,82,1094.8353151010701,51.54815695600475,26.404280618311535,10.5,1277.910225921522,1216.8281807372177,1154.5,79.36979785969085,10
243,Jarred Vanderbilt,Los Angeles Lakers,PF,68,142,26,42,412.7,13,17,375.0,3,5,166.7,12,22,34,12,8,16,11,2,23,114,102,80,46,111.33333333333334,59.333333333333336,18.0,3.5,362.0,274.0,157.33333333333334,119.33333333333334,6
244,Jarrett Allen,Cleveland Cavaliers,C,185,321,82,122,684.7,21,30,620.8,0,1,0.0,28,64,92,29,14,6,13,5,-11,306,277,214,121,257.38145661157023,96.38765495867769,19.65625,0.0,426.4434400826446,356.53719008264466,308.60020661157023,134.73140495867767,10
245,Jason Preston,Utah Jazz,G,12,66,6,19,133.29999999999998,0,0,0.0,0,3,0.0,5,11,16,16,3,1,1,1,16,44,28,28,32,20.702331961591216,22.876543209876544,20.876543209876544,0.0,143.6735253772291,66.31138545953361,76.3113854595336,65.50617283950618,5
246,Javon Freeman-Liberty,Toronto Raptors,G,94,226,34,73,432.0,18,19,750.0,8,25,225.0,11,31,42,23,15,6,17,2,-117,159,136,117,65,384.62248520710057,53.01775147928994,52.413017751479295,8.745562130177515,755.4,628.3668639053255,532.7869822485206,84.29940828402367,10
247,Javonte Green,Chicago Bulls,G,110,231,45,75,547.0,10,13,375.0,10,27,376.3,20,47,67,5,19,10,7,8,28,182,177,115,72,495.30795847750863,108.51297577854672,2.2569204152249136,6.9489619377162635,853.3979238754325,853.045847750865,492.3053633217993,114.12456747404845,9
248,Jaxson Hayes,Los Angeles Lakers,C,64,169,28,34,767.9,8,12,360.0,0,0,0.0,12,29,41,8,21,8,9,6,-17,113,105,72,49,354.6621315192744,96.38662131519274,8.122448979591837,0.0,772.5,774.3367346938775,359.12471655328795,98.20975056689343,10
249,Jay Huff,Denver Nuggets,C,3,5,1,2,50.0,0,0,0.0,1,2,50.0,0,0,0,0,2,0,0,0,-3,3,3,3,0,4.7707756232686975,0.11703601108033242,0.011080332409972297,0.8483379501385041,3.0166204986149587,3.3933518005540164,4.32202216066482,0.20013850415512466,1
250,Jaylen Brown,Boston Celtics,SG,222,339,87,180,479.9,28,40,585.5,20,57,354.4,14,40,54,26,26,17,29,8,11,302,276,248,80,385.1720529393659,72.85811018775007,30.293013234841492,14.049245921822099,416.6826715912588,434.1551246537397,336.63711911357336,134.21360418590336,10
251,Jaylen Nowell,Detroit Pistons,SG,30,57,12,23,193.1,4,6,150.0,2,6,66.7,3,7,10,3,2,1,2,2,-31,43,40,33,13,83.4792899408284,5.005917159763314,2.78698224852071,3.0059171597633134,135.67455621301775,126.59171597633136,93.53254437869822,6.822485207100591,4
252,Jaylin Williams,Oklahoma City Thunder,F,61,161,21,42,600.0,10,13,258.3,9,23,490.0,7,34,41,35,15,4,7,6,13,137,102,96,76,70.78123309897242,74.25013520822066,120.86019469983775,6.95538128718226,394.0770686857761,195.1022174148188,225.35640886965925,239.51000540832882,10
253,Jayson Tatum,Boston Celtics,SF,254,361,84,185,450.4,61,71,698.1,25,71,348.3,11,61,72,50,16,11,26,7,8,376,326,304,122,361.5715976331361,90.0639053254438,14.766863905325444,16.00828402366864,589.628402366864,616.0000000000001,360.007100591716,80.02366863905326,10
254,Jeenathan Williams,Houston Rockets,G,31,57,15,24,350.1,0,5,0.0,1,1,100.0,4,7,11,1,5,2,2,1,24,43,42,32,12,148.76275992438562,10.175803402646505,0.8345935727788281,0.895085066162571,209.79017013232516,218.37712665406426,143.7126654064272,7.473534971644613,6
255,Jeff Dowtin,Philadelphia 76ers,G,52,135,20,36,424.2,3,4,200.0,9,19,283.4,3,17,20,26,1,7,4,1,29,98,72,78,46,209.4948096885813,24.008650519031143,46.75432525951557,9.083044982698961,473.1297577854671,275.2474048442907,401.4878892733565,76.6522491349481,10
256,Jeff Green,Houston Rockets,PF,74,170,24,59,392.1,15,17,575.0,11,36,282.5,9,18,27,12,7,4,2,1,-25,113,101,86,39,83.72089258873858,38.172158631055616,15.846456237715344,9.14984391259105,208.94912706671292,182.9105098855359,106.82622268470344,56.95190195398312,10
257,Jerami Grant,Portland Trail Blazers,SF,169,342,56,142,386.6,38,46,711.3,19,49,402.0,6,19,25,35,18,14,28,2,-77,229,194,204,60,473.98961937716257,45.9204152249135,32.71626297577855,5.083044982698962,888.6262975778548,739.6678200692041,583.0934256055364,118.49134948096886,10
258,Jeremiah Robinson-Earl,New Orleans Pelicans,F,31,111,12,31,302.9,4,7,80.0,3,15,150.0,10,16,26,11,7,3,5,1,37,68,57,42,37,96.59310557094491,47.8885811018775,32.48599569098183,2.3548784241305016,302.1194213604186,196.46260387811634,164.1994459833795,118.425053862727,10
259,Jeremy Sochan,San Antonio Spurs,F,126,301,51,121,422.6,14,19,516.7,10,44,192.79999999999998,21,59,80,33,16,14,20,10,-20,239,206,159,113,549.0972944849116,204.3746097814776,41.58480749219564,10.166493236212277,1143.8839750260145,1165.4823100936524,519.2138397502601,254.24453694068677,10
260,Jericho Sims,New York Knicks,C,13,151,5,10,266.7,3,4,150.0,0,0,0.0,15,24,39,5,13,4,5,4,13,57,52,18,44,24.85332729741965,81.70076957899502,4.754640108646447,0.0,178.32820280669986,163.60072430964237,33.483929379809865,92.55228610230874,10
261,Jerome Robinson,Golden State Warriors,SG,15,22,6,12,140.0,2,3,150.0,1,6,16.7,0,0,0,1,1,1,0,1,5,16,15,16,1,83.41322314049587,0.18365472910927458,0.7869605142332414,0.8861340679522498,90.72910927456384,76.37924701561067,98.22222222222224,0.5114784205693297,2
262,Jett Howard,Orlando Magic,G,3,16,1,6,25.0,0,0,0.0,1,6,25.0,0,1,1,2,2,2,0,0,0,6,4,5,3,6.244897959183674,0.6666666666666667,0.727891156462585,0.693877551020408,8.061224489795919,4.91156462585034,8.727891156462585,2.061224489795918,3
263,Jevon Carter,Chicago Bulls,PG,56,161,22,58,313.0,0,0,0.0,12,40,281.7,4,9,13,22,8,5,6,3,34,91,69,78,35,365.35608707336735,10.57538296156947,121.58720773985488,14.39505509271701,925.9513571620531,427.664337543671,831.468959957001,164.3367374361731,10
264,Jimmy Butler,Miami Heat,SF,177,340,55,112,515.7,56,64,779.7,11,27,358.2,12,38,50,57,9,8,16,0,61,284,227,234,107,329.3630401234568,28.00192901234568,44.55748456790124,4.919753086419753,580.8074845679013,459.72993827160496,420.5,102.5,10
265,Jock Landale,Houston Rockets,C,90,224,36,65,573.6,15,19,600.0,3,12,183.3,16,19,35,19,18,8,10,6,17,144,125,109,54,234.258950984278,41.06156691769057,18.952437574316292,2.1058263971462545,343.1880036992998,258.34258158277186,321.44444444444446,57.67393314836835,10
266,Joe Harris,Detroit Pistons,SF,2,12,1,3,33.3,0,0,0.0,0,1,0.0,0,0,0,0,1,0,0,0,-5,2,2,2,0,0.0,0.0,0.0,0.0,0.0,0.0,0.0,0.0,1
267,Joe Ingles,Orlando Magic,SG,47,173,15,29,556.6,5,7,266.7,12,22,508.3,0,19,19,30,8,5,13,1,29,96,66,77,49,109.26293872694824,14.915229030339084,20.380725758477098,10.10350981558596,138.44883997620465,114.91760856632956,134.94646044021417,33.14366448542534,10
268,Joel Embiid,Philadelphia 76ers,C,197,214,64,135,336.9,52,61,605.8,17,37,334.8,8,52,60,31,20,9,34,6,-8,288,257,228,91,328.6882716049383,69.87345679012346,48.111111111111114,11.873456790123457,726.716049382716,539.3456790123457,486.9845679012345,147.05864197530863,7
269,John Collins,Utah Jazz,PF,193,271,68,119,570.0,39,48,752.5,18,34,508.9,22,58,80,7,25,7,12,7,-49,280,273,200,87,362.38775510204084,95.36033163265307,7.3501275510204085,12.044005102040817,700.0510204081634,672.8960459183673,372.3654336734694,119.88775510204083,10
270,John Konchar,Memphis Grizzlies,SG,57,299,19,46,385.8,8,9,266.7,11,29,391.6,19,45,64,29,20,13,17,9,-3,150,121,86,93,131.325,70.55625,15.0,7.125,291.05625,223.40625,166.425,118.10624999999999,10
271,Johnny Davis,Washington Wizards,G,53,183,20,35,447.5,5,9,160.0,8,13,330.0,2,15,17,13,19,5,5,3,-57,83,70,66,30,231.9890625,20.1765625,12.725,17.00625,354.15625,300.30625000000003,293.6015625,25.1390625,10
272,Johnny Juzang,Utah Jazz,G,94,242,32,67,449.9,10,14,466.7,20,45,433.5,5,16,21,19,19,4,9,2,-8,134,115,113,40,481.27912675428814,35.0,11.076631766540432,32.0,503.27378035197154,492.8761416796613,476.18422811316555,61.56916907997327,10
273,Jonas Valanciunas,New Orleans Pelicans,C,107,206,43,85,470.0,20,27,601.7,1,12,33.3,14,57,71,23,22,5,15,1,-26,201,178,130,94,490.5,52.900390625,42.68402777777777,0.931640625,908.2979600694445,662.150390625,723.1840277777778,109.04796006944446,10
274,Jonathan Isaac,Orlando Magic,PF,76,195,29,56,411.9,8,12,416.7,10,25,303.6,13,41,54,8,15,9,3,14,17,138,130,84,62,462.4584775086505,64.64230103806229,5.663062283737023,10.002162629757786,743.8702422145328,713.5765570934257,472.4000865051903,90.65743944636678,10
275,Jonathan Kuminga,Golden State Warriors,PF,149,279,61,120,474.3,22,29,633.4,5,19,200.0,11,42,53,29,26,10,14,6,-9,231,202,178,82,565.0667438271606,88.21141975308642,28.91975308641975,4.934027777777778,749.4340277777778,839.5389660493828,498.4556327160493,93.63734567901234,10
276,Jontay Porter,Toronto Raptors,C,49,159,18,41,352.3,4,6,150.0,9,26,230.4,10,23,33,32,11,10,13,9,-28,114,82,81,65,215.4023668639053,32.251479289940825,58.16863905325444,15.943786982248522,472.0,275.0917159763314,386.0976331360947,116.63313609467455,10
277,Jordan Clarkson,Utah Jazz,PG,161,328,58,144,353.7,31,35,737.9,14,53,206.6,7,29,36,63,18,10,23,0,-70,260,197,224,99,1014.8698224852071,104.98224852071006,74.72485207100591,21.005917159763314,1435.3639053254435,1403.248520710059,1032.630177514793,194.0621301775148,10
278,Jordan Goodwin,Memphis Grizzlies,G,117,294,45,122,367.9,14,18,383.3,13,38,284.4,35,63,98,42,22,14,15,1,-23,257,215,159,140,358.6042899408284,293.0924556213018,27.70784023668639,24.515532544378697,868.065828402367,840.207100591716,342.7633136094675,364.5,10
279,Jordan Hawkins,New Orleans Pelicans,G,24,94,8,31,291.7,3,5,116.7,5,19,166.7,2,8,10,5,5,2,1,1,16,39,34,29,15,44.93987889273356,8.01946366782007,4.508650519031142,6.63840830449827,55.15224913494809,74.75432525951558,29.311851211072664,8.554065743944637,10
280,Jordan McLaughlin,Minnesota Timberwolves,PG,41,147,15,28,465.5,5,6,250.0,6,16,241.7,3,10,13,26,6,5,4,0,79,80,54,67,39,112.25034717838656,16.84547405630602,59.347809619997484,12.691074359298067,306.8529226107815,164.4900896351471,241.89433152379752,88.91213230652694,10
281,Jordan Miller,LA Clippers,G,4,5,1,1,100.0,2,2,100.0,0,0,0.0,0,1,1,0,0,0,0,0,3,5,5,4,1,9.679012345679013,0.44444444444444453,0.0,0.0,14.271604938271604,14.271604938271604,9.679012345679013,0.44444444444444453,1
282,Jordan Nwora,Toronto Raptors,SF,98,211,38,82,467.4,9,13,333.3,13,35,376.9,10,40,50,21,6,6,19,6,-91,169,148,119,71,214.61114958448752,145.7385734072022,18.82271468144044,6.849030470914127,688.7728531855955,550.3213296398892,296.7011772853185,220.92278393351802,10
283,Jordan Poole,Washington Wizards,SG,226,360,83,191,425.3,26,27,850.0,34,100,326.6,6,33,39,84,26,11,31,1,-62,349,265,310,123,723.1442743764172,21.766723356009066,130.1734693877551,24.096655328798185,1152.6224489795916,875.204081632653,941.266723356009,211.23611111111114,10
284,Jordan Walsh,Boston Celtics,G,11,70,4,11,175.0,1,2,50.0,2,7,66.7,4,9,13,2,10,5,3,1,37,26,24,13,15,45.25,14.400000000000002,1.65,3.4000000000000004,55.99999999999999,62.85,43.2,11.25,5
285,Jose Alvarado,New Orleans Pelicans,PG,84,231,30,71,373.0,4,6,200.0,20,51,319.6,9,22,31,32,22,6,5,1,59,147,115,116,63,311.7469387755102,49.400000000000006,56.5,30.81632653061224,732.4183673469388,516.9183673469388,466.6469387755102,166.5,10
286,Josh Giddey,Oklahoma City Thunder,SG,163,285,65,124,510.3,26,35,696.9,7,26,308.3,16,66,82,73,17,6,30,7,76,318,245,236,155,576.267901234568,111.1604938271605,179.61111111111111,7.064197530864198,1429.6,899.3444444444443,883.7382716049382,513.5567901234567,10
287,Josh Green,Dallas Mavericks,SG,52,235,21,54,402.0,6,7,180.0,4,22,183.3,9,23,32,15,15,7,8,2,-59,99,84,67,47,131.94082840236683,19.60026298487837,12.8698224852071,6.314266929651543,161.16831032215646,174.98882314266933,126.10059171597636,24.489809335963184,10
288,Josh Hart,New York Knicks,SG,126,382,50,96,463.5,19,21,658.3,7,18,281.7,18,80,98,56,30,12,19,1,70,280,224,182,154,734.9508513464558,183.27110252384978,72.61683371573481,6.1063881173771275,1516.6390532544378,1234.239826107958,913.74616592199,359.49184881053014,10
289,Josh Minott,Minnesota Timberwolves,F,4,17,2,4,100.0,0,0,0.0,0,0,0.0,0,5,5,2,3,1,0,0,18,11,9,6,7,2.921875,12.32421875,0.9596354166666665,0.25520833333333337,4.463541666666668,3.98046875,6.001302083333333,10.6875,3
290,Josh Okogie,Phoenix Suns,SF,40,130,11,30,290.5,12,13,450.0,6,14,350.0,13,7,20,10,7,6,10,2,-8,70,60,50,30,136.7448979591837,12.958049886621314,9.638321995464851,4.617913832199547,229.19387755102042,205.21995464852608,150.21315192743762,33.102040816326536,10
291,Josh Richardson,Miami Heat,SG,98,211,38,76,433.2,6,6,200.0,16,45,301.7,4,26,30,19,16,5,3,2,3,147,128,117,49,296.8888888888889,20.0,10.88888888888889,27.555555555555557,468.0,427.55555555555554,344.0,24.22222222222222,9
292,Joshua Primo,LA Clippers,G,0,5,0,1,0.0,0,0,0.0,0,0,0.0,1,0,1,0,0,0,1,0,1,1,1,0,1,0.0,0.0,0.0,0.0,0.0,0.0,0.0,0.0,1
293,Jrue Holiday,Boston Celtics,PG,97,302,40,89,469.5,0,0,0.0,17,48,368.3,9,36,45,46,12,8,15,10,57,188,142,143,91,122.93141289437585,76.50342935528121,70.65363511659808,12.231824417009602,391.5589849108368,260.04938271604937,264.5,137.0980795610425,10
294,Jules Bernard,Washington Wizards,G,65,120,25,49,616.2,5,8,350.0,10,20,485.0,9,15,24,14,8,3,7,1,32,103,89,79,38,274.456,29.299999999999997,20.336,8.576,549.604,412.5160000000001,394.58399999999995,66.596,10
295,Julian Champagnie,San Antonio Spurs,F,128,329,44,94,470.3,19,23,671.7,21,55,400.7,8,38,46,24,12,9,15,7,-33,198,174,152,70,320.9338374291115,36.90666351606806,37.36105860113422,13.040642722117202,618.9709357277884,509.0560018903592,411.5500945179584,93.56639886578449,10
296,Julian Phillips,Chicago Bulls,F,39,132,13,31,272.9,7,8,266.7,6,13,283.4,6,12,18,5,12,5,3,1,-11,62,57,44,23,170.91975308641975,27.290123456790123,6.777777777777779,6.401234567901234,314.4444444444444,289.44444444444446,184.5493827160494,45.43827160493827,10
297,Julian Strawther,Denver Nuggets,G,28,61,9,26,108.0,6,6,300.0,4,18,81.9,1,8,9,8,6,1,6,0,4,45,37,36,17,167.66930445647648,16.73927530195752,10.3981674302374,3.925864223240316,317.6039150354019,249.93960849645984,214.95127030404,47.519783423573514,4
298,Julius Randle,New York Knicks,PF,66,99,23,48,142.2,14,14,300.0,6,11,195.0,8,17,25,18,7,1,10,0,25,109,91,84,43,98.0,2.666666666666667,14.0,2.0,140.66666666666669,120.66666666666666,126.0,8.666666666666668,3
299,Justin Champagnie,Washington Wizards,SF,78,213,27,67,366.2,12,15,400.0,12,39,218.3,19,32,51,17,13,9,8,7,-58,146,129,95,68,314.09599999999995,79.0,12.424,15.924,774.0959999999999,667.416,390.21599999999995,121.98400000000001,10
300,Justin Holiday,Denver Nuggets,SF,45,162,17,42,419.09999999999997,0,0,0.0,11,30,411.6,2,9,11,12,9,8,4,3,7,68,56,57,23,78.69469983775014,7.0757166035694965,35.60654407787993,4.902650081124933,154.20767982693346,81.14034613304489,162.2298539751217,32.21444023796647,10
301,Justin Minaya,Portland Trail Blazers,F,36,201,13,40,320.9,2,3,150.0,8,28,213.29999999999998,20,14,34,12,23,3,3,5,-54,82,70,48,46,82.32034399355013,34.248857833915615,11.173877989787691,8.358505778016662,232.01182477828542,167.53829615694707,123.7570545552271,68.45955388336469,10
302,Jusuf Nurkic,Phoenix Suns,C,74,271,27,63,480.8,19,29,486.0,1,3,50.0,29,81,110,53,32,19,22,11,80,237,184,127,163,234.8697924227029,254.68398896791987,56.40397735520395,0.9158078095514588,747.831760778052,719.6353607199884,195.2929307591813,378.8612280447089,10
303,Karl-Anthony Towns,Minnesota Timberwolves,C,171,306,58,138,412.3,38,43,771.7,17,55,296.5,21,56,77,35,32,8,30,8,38,283,248,206,112,325.89599999999996,95.49600000000001,66.696,14.584,641.864,566.384,400.784,162.784,10
304,Kawhi Leonard,LA Clippers,SF,239,347,93,173,538.7,37,43,815.0,16,45,350.8,14,45,59,28,12,13,23,11,38,326,298,267,87,125.67722681359045,60.90449954086318,8.631772268135904,8.466942148760332,202.40449954086316,148.5,148.1179981634527,101.0,10
305,Keegan Murray,Sacramento Kings,SF,192,368,70,164,420.5,13,13,600.0,39,101,372.1,22,42,64,17,18,10,9,9,65,273,256,209,81,451.5792100694445,75.37934027777777,22.2265625,43.837673611111114,483.072265625,518.994140625,394.4854600694445,118.77777777777777,10
306,Keita Bates-Diop,Brooklyn Nets,SF,35,85,12,20,615.0,6,6,300.0,5,11,350.0,3,10,13,5,1,2,5,4,-13,53,48,40,18,52.10000000000001,16.81111111111111,4.677777777777777,5.4,94.5,87.3777777777778,51.511111111111106,29.2,10
307,Keldon Johnson,San Antonio Spurs,SF,145,293,49,104,463.8,27,32,684.2,20,55,368.5,15,44,59,18,17,4,11,2,-15,222,204,163,77,291.739919975377,55.21606648199445,22.15266235764851,24.603262542320714,379.4958448753462,409.48045552477686,289.8919667590028,49.232071406586634,10
308,Kelly Olynyk,Toronto Raptors,PF,143,297,51,88,584.8,34,38,823.3,7,24,281.6,17,52,69,61,35,12,29,5,-41,273,212,204,130,220.07539214032718,47.23545285882948,104.56518805869455,4.1438691178950915,357.1460617304772,247.33985495024461,361.7301399898803,119.95209984820377,10
309,Kelly Oubre Jr.,Philadelphia 76ers,SG,185,332,66,150,425.5,33,41,584.9,20,56,291.8,13,53,66,19,27,10,19,11,55,270,251,204,85,620.6734693877551,60.64852607709751,35.67602040816326,31.836734693877556,1062.8381519274376,839.7437641723355,822.9719387755102,117.12046485260771,10
310,Kendall Brown,Indiana Pacers,SG,7,29,3,6,150.0,1,2,50.0,0,1,0.0,1,1,2,1,5,0,1,0,-8,10,9,8,3,13.477508650519033,1.0865051903114185,0.7923875432525951,0.0,27.885813148788927,22.065743944636676,18.418685121107266,2.7577854671280275,4
311,Kenneth Lofton Jr.,Philadelphia 76ers,F,2,5,1,4,25.0,0,0,0.0,0,2,0.0,0,1,1,0,0,0,0,0,-4,3,3,2,1,129.96,13.937777777777779,18.777777777777775,0.7511111111111112,378.95111111111106,229.01777777777775,247.53777777777782,65.07111111111111,1
312,Kenneth Lofton Jr.,Utah Jazz,F,55,90,21,35,236.8,9,11,150.0,4,12,166.7,10,10,20,19,9,3,6,2,-2,94,75,74,39,267.24,64.28444444444445,35.44444444444444,2.0711111111111107,775.2711111111112,548.271111111111,437.35111111111104,156.61777777777777,4
313,Kenrich Williams,Oklahoma City Thunder,SF,70,176,29,57,530.2,2,2,100.0,10,21,499.9,8,22,30,18,17,3,12,2,-7,118,100,88,48,211.625,61.16219008264463,43.40625,4.129132231404959,595.3979855371899,414.2644628099173,329.65625,167.67071280991738,10
314,Kentavious Caldwell-Pope,Denver Nuggets,SG,110,307,42,81,480.29999999999995,3,7,150.0,23,51,355.5,5,23,28,27,24,8,9,6,96,165,138,137,55,565.4268727705113,25.964063945038976,25.128418549346016,49.21878715814506,773.4785308495177,667.4702074250232,637.4114149821642,85.11626370722685,10
315,Kenyon Martin Jr.,Philadelphia 76ers,F,56,177,25,47,495.8,4,8,200.0,2,6,150.0,15,25,40,16,20,2,8,5,24,112,96,72,56,114.11632653061224,129.3795918367347,11.3,1.6000000000000003,439.38775510204084,396.5734693877551,148.70204081632653,148.90816326530611,10
316,Keon Ellis,Sacramento Kings,G,104,271,34,71,400.3,12,13,575.0,24,48,503.2,13,28,41,24,33,14,15,8,30,169,145,128,65,533.651737349716,46.67948209803144,30.82018760734575,47.171356850310474,824.8102787686615,600.4458977407849,726.6656097238737,108.8501783590963,10
317,Keon Johnson,Brooklyn Nets,G,15,36,4,10,123.3,5,6,150.0,2,5,133.3,2,3,5,2,3,2,3,0,-11,22,20,17,7,30.12244897959184,0.6938775510204083,3.1020408163265314,1.1020408163265307,43.55102040816326,23.632653061224485,52.48979591836735,1.346938775510204,3
318,Kessler Edwards,Sacramento Kings,SF,39,93,14,34,376.7,1,4,50.0,10,23,386.7,4,10,14,3,9,5,2,0,-23,56,53,42,17,126.47470739932552,13.637770283673872,2.105732989486213,10.160285657607616,187.0482047212855,179.8101567149375,128.38524102360643,21.071017655227134,10
319,Kevin Durant,Phoenix Suns,PF,241,376,94,192,494.7,28,32,901.7,25,65,403.2,7,55,62,35,19,10,31,9,50,338,303,276,97,233.0316885468538,85.61543684925306,43.10751471253961,9.207333635129018,570.078768673608,446.10162969669534,350.42394748755095,135.30783159800814,10
320,Kevin Huerter,Sacramento Kings,SG,72,231,29,79,330.1,2,4,100.0,12,45,205.0,6,24,30,25,23,8,11,2,5,127,102,97,55,288.7933884297521,30.44995408631772,4.61248852157943,16.24793388429752,456.10743801652893,441.77777777777777,290.6730945821855,47.51239669421488,10
321,Kevin Knox II,Detroit Pistons,SF,22,89,9,26,148.9,3,3,200.0,1,11,33.3,3,11,14,4,9,2,6,0,21,40,36,26,18,115.33333333333334,19.333333333333336,3.3333333333333335,0.8333333333333335,167.33333333333331,188.0,101.33333333333334,16.0,6
322,Kevin Love,Miami Heat,PF,90,145,33,74,423.6,9,10,283.3,15,44,310.3,13,50,63,14,20,2,13,3,46,167,153,104,77,340.4218496484587,214.52298539751217,16.400216333153057,13.096268253109788,932.8161168199026,856.5586803677663,376.98431584640343,270.6181719848567,10
323,Kevon Looney,Golden State Warriors,F,41,114,16,29,508.4,9,12,450.0,0,0,0.0,16,31,47,9,16,4,5,6,66,97,88,50,56,75.0609934258583,78.9926953981008,4.910518626734842,0.0,199.51424397370343,227.65412710007303,65.86997808619431,64.95434623813001,10
324,Keyontae Johnson,Oklahoma City Thunder,F,5,39,2,8,66.7,0,0,0.0,1,2,100.0,2,4,6,2,4,0,2,0,-15,13,11,7,8,20.0,7.0,1.2653061224489797,0.8163265306122451,29.69387755102041,35.0,17.26530612244898,5.6938775510204085,5
325,Keyonte George,Utah Jazz,G,143,306,48,125,378.1,26,29,646.7,21,68,287.1,1,20,21,41,16,3,39,0,-72,205,164,184,62,392.85354447869065,18.610373047082582,42.07854182166012,23.548411095759377,344.86438516314166,416.7945584015305,321.9349558932936,59.67733021575087,10
326,Khris Middleton,Milwaukee Bucks,SF,148,301,59,120,513.4,13,16,408.3,17,47,483.7,11,53,64,63,28,11,32,1,-37,275,212,211,127,373.6,44.46611570247934,42.239669421487605,8.107438016528926,536.3256198347108,422.57520661157025,434.6760330578512,139.3801652892562,10
327,Killian Hayes,Detroit Pistons,PG,18,79,7,14,209.6,1,3,33.3,3,6,100.0,0,15,15,20,4,0,5,2,-12,53,33,38,35,27.0,18.75,54.0,2.75,252.75,74.75,153.0,124.75,4
328,Kira Lewis Jr.,Utah Jazz,PG,37,106,15,35,219.4,5,7,225.0,2,11,83.3,3,7,10,14,4,3,6,0,-54,61,47,51,24,181.12618147448012,22.531190926275993,14.956049149338375,1.4612476370510399,420.38563327032136,321.57230623818526,256.17202268431,61.2547258979206,7
329,Klay Thompson,Golden State Warriors,SG,190,302,69,153,435.0,16,16,600.0,36,93,355.6,3,26,29,25,14,9,18,4,41,244,219,215,54,817.3150585678059,33.02318560560319,10.514792899408285,46.95302499698104,1003.0223402970655,853.1432194179447,974.1088032846275,36.623354667310714,10
330,Kobe Brown,LA Clippers,G,30,124,14,32,417.5,0,0,0.0,2,11,66.6,14,11,25,10,12,6,4,3,-52,65,55,40,35,92.5625,35.223958333333336,17.015625,1.5833333333333335,318.66666666666674,202.84895833333331,168.390625,92.22916666666666,9
331,Kobe Bufkin,Atlanta Hawks,G,63,142,27,71,372.6,3,6,116.7,6,29,151.6,4,20,24,18,17,4,8,4,-43,105,87,81,42,128.52076124567475,8.671280276816608,15.641868512110726,4.449826989619377,159.65743944636677,145.8148788927336,132.55017301038063,34.12629757785467,10
332,Kobi Simmons,Toronto Raptors,G,20,67,9,21,183.4,0,0,0.0,2,8,100.0,1,6,7,12,5,6,1,2,-31,39,27,32,19,25.11111111111111,4.111111111111111,22.0,1.1111111111111112,45.0,41.0,30.44444444444445,24.77777777777778,4
333,Kris Dunn,Utah Jazz,G,57,220,23,57,422.1,5,7,130.0,6,21,200.0,9,24,33,34,26,9,8,5,-31,124,90,91,67,86.14792899408283,42.469822485207104,44.409467455621304,6.409467455621302,200.63668639053253,168.15147928994082,96.91479289940828,108.59763313609467,10
334,Kris Murray,Portland Trail Blazers,F,94,348,34,94,348.9,12,15,483.3,14,51,242.1,30,32,62,17,25,8,16,5,-103,173,156,111,79,164.95302499698104,180.1613331723222,20.20444390774061,14.686390532544378,333.2987561888661,385.8661997343316,159.07680231856057,153.67455621301775,10
335,Kristaps Porzingis,Boston Celtics,C,185,297,66,132,510.3,38,45,875.0,15,44,410.2,21,56,77,24,28,12,15,26,35,286,262,209,101,157.05289256198347,84.3388429752066,14.958677685950413,8.325619834710743,392.4495867768595,305.2165289256199,219.15537190082645,124.42809917355372,10
336,Kyle Anderson,Minnesota Timberwolves,SF,49,205,20,53,312.6,7,11,325.0,2,8,100.0,3,18,21,38,21,11,9,10,4,108,70,87,59,158.34862939258542,43.68590749909431,62.89216278227267,1.6058447047458035,620.2767781668881,340.37869822485203,352.9963772491245,191.8284023668639,10
337,Kyle Kuzma,Washington Wizards,SF,218,366,85,181,489.6,37,47,775.0,11,43,218.6,3,70,73,51,24,7,36,7,-27,342,291,269,124,513.3879277201077,57.532103037293346,59.63667820069204,16.7439446366782,740.9957708573625,549.878123798539,709.8965782391388,111.77777777777777,10
338,Kyle Lowry,Philadelphia 76ers,PG,76,279,24,49,501.3,11,13,400.0,17,37,516.7,4,19,23,41,26,5,15,4,36,140,99,117,64,349.65207100591715,29.520710059171595,89.11360946745562,12.2,585.6899408284024,386.2402366863905,518.6,149.1360946745562,10
339,Kyrie Irving,Dallas Mavericks,PG,275,378,100,189,530.7,41,46,751.5,34,78,439.7,6,38,44,47,23,13,24,6,127,366,319,322,91,560.983379501385,56.594182825484765,82.92797783933518,9.896468144044322,539.7963988919668,658.9487534626039,393.68975069252076,187.6634349030471,10
340,LaMelo Ball,Charlotte Hornets,PG,32,55,12,37,66.1,5,6,150.0,3,17,34.7,1,5,6,15,10,3,7,0,-49,53,38,47,21,2.0,2.0,0.5,0.5,4.5,8.0,0.5,0.5,2
341,Lamar Stevens,Memphis Grizzlies,PF,114,252,42,108,413.9,24,27,583.3,6,27,235.0,13,38,51,12,13,12,6,8,16,177,165,126,63,156.41322314049586,41.26446280991736,9.798553719008265,4.5,248.1745867768595,209.0165289256198,198.50929752066116,48.125,10
342,Landry Shamet,Washington Wizards,SG,55,184,20,55,273.1,7,7,300.0,8,35,104.1,4,10,14,8,12,4,9,2,-68,77,69,63,22,330.90000000000003,22.5,5.700000000000001,15.624999999999998,463.7,413.80000000000007,373.0,35.99999999999999,10
343,Larry Nance Jr.,New Orleans Pelicans,PF,69,242,27,56,445.4,9,10,450.0,6,15,283.3,19,34,53,31,25,11,10,1,-8,153,122,100,84,123.97760770975057,100.27777777777777,52.5,4.736111111111111,600.6918934240363,388.33475056689343,261.33475056689343,227.77777777777774,10
344,Lauri Markkanen,Utah Jazz,PF,223,347,68,170,401.2,57,60,956.7,30,80,363.3,20,49,69,26,14,11,18,4,-42,318,292,249,95,334.8261504747991,129.06135865595326,45.68298027757487,34.00730460189919,657.4915997078159,517.5704894083273,451.0029218407597,198.48867786705623,10
345,LeBron James,Los Angeles Lakers,SF,272,364,100,173,586.1,56,72,777.4,16,38,306.2,9,74,83,97,6,17,41,4,95,452,355,369,180,488.112188365651,79.96260387811635,115.7853185595568,69.3479916897507,519.0152354570638,510.82825484764544,438.9556786703601,253.09141274238223,10
346,Leaky Black,Charlotte Hornets,F,42,193,16,32,465.4,4,5,250.0,6,12,250.0,4,28,32,19,8,5,4,7,-11,93,74,61,51,135.65289256198346,35.83471074380166,17.595041322314046,10.400826446280993,276.5041322314049,180.0,203.26446280991735,82.3223140495868,10
347,Leonard Miller,Minnesota Timberwolves,F,7,15,3,6,133.3,0,0,0.0,1,2,100.0,2,2,4,4,0,1,0,0,20,15,11,11,8,15.855597620335315,5.475932936722552,4.469442942130881,0.8399134667387779,34.22498647917794,27.877771768523523,26.453758788534348,5.694429421308816,3
348,Lester Quinones,Golden State Warriors,G,64,149,23,57,369.2,9,13,325.0,9,34,228.6,8,15,23,13,18,1,5,0,-13,100,87,77,36,273.41157024793387,28.943801652892564,17.77355371900827,11.000000000000002,434.29421487603304,406.76198347107436,313.97520661157023,33.68595041322314,10
349,Lindy Waters III,Oklahoma City Thunder,F,67,103,25,48,519.0,2,2,200.0,15,33,366.7,5,9,14,8,5,3,2,2,-24,89,81,75,22,194.8840877914952,17.034293552812073,11.77777777777778,18.643347050754457,277.8305898491084,207.2133058984911,257.22976680384096,37.08367626886145,10
350,Lonnie Walker IV,Brooklyn Nets,G,67,174,27,81,325.7,3,4,150.0,10,45,240.8,4,23,27,12,7,3,5,6,-68,106,94,79,39,266.38271604938274,54.00192901234567,25.808641975308646,12.0,731.6006944444445,518.7519290123457,420.7716049382716,138.2704475308642,10
351,Luguentz Dort,Oklahoma City Thunder,G,121,286,38,92,394.0,26,34,580.0,19,55,326.5,4,25,29,19,20,12,12,5,30,169,150,140,48,306.4111111111111,45.8,9.049382716049383,14.911111111111111,397.51234567901236,399.6111111111111,305.24567901234565,53.916049382716054,10
352,Luka Doncic,Dallas Mavericks,PG,324,376,108,225,478.2,58,75,779.5,50,121,413.8,10,97,107,96,27,13,45,5,122,527,431,420,203,424.4972790392194,24.62394445486959,52.59485832238694,45.676487145805964,463.01651341715143,480.8480015012198,421.3679864890223,62.516607243385245,10
353,Luka Garza,Minnesota Timberwolves,C,70,75,26,48,410.8,11,14,366.7,7,21,233.3,13,6,19,2,9,3,3,1,9,91,89,72,21,202.12426035502963,26.483727810650894,1.680103550295858,5.369452662721893,339.6179733727811,313.3239644970414,226.25702662721892,30.325073964497037,7
354,Luka Samanic,Utah Jazz,F,95,208,32,81,337.7,26,34,609.2,5,32,197.6,14,38,52,13,13,3,16,2,-48,160,147,108,65,576.612188365651,102.02154509079716,11.27146814404432,2.9070483225607875,1232.1083410280087,1022.4896891351185,730.2326869806095,169.29116651277315,10
355,Luke Kennard,Memphis Grizzlies,SG,118,282,40,88,429.0,9,9,500.0,29,64,450.4,2,28,30,53,7,6,24,1,-63,201,148,171,83,483.43673469387755,10.073469387755102,60.68979591836735,26.90204081632653,676.3306122448979,492.7755102040816,657.4081632653061,80.34693877551021,10
356,Luke Kornet,Boston Celtics,C,64,184,28,35,855.0,7,7,300.0,1,1,100.0,20,32,52,16,7,3,2,8,78,132,116,80,68,178.67092768444118,147.6862673484295,28.72790357925493,0.935354273192111,790.0412710007304,543.991234477721,313.4667640613586,287.6683710737765,10
357,M. Pereira,Memphis Grizzlies,F,44,120,16,33,255.6,7,10,225.0,5,13,150.0,10,26,36,2,10,6,5,4,7,82,80,46,38,240.508875739645,107.38856015779093,1.4319526627218937,5.3550295857988175,656.7297830374753,624.319526627219,255.88165680473372,125.85798816568047,6
358,M. Williams,Toronto Raptors,C,19,104,9,34,110.4,0,2,0.0,1,5,100.0,15,23,38,2,15,3,3,3,-52,59,57,21,40,64.87278106508874,109.92603550295857,1.3579881656804735,0.849112426035503,317.5,300.396449704142,68.19526627218936,125.06508875739647,6
359,Malachi Flynn,Detroit Pistons,PG,120,191,45,98,409.8,17,25,310.0,13,43,282.3,3,19,22,32,13,11,18,1,-50,174,142,152,54,1869.3211664352311,36.058321761555256,53.09938504265027,22.45090259869074,2421.5290616941083,2259.008530053561,2044.4685578258284,76.53084705415591,10
360,Malaki Branham,San Antonio Spurs,G,123,262,48,106,436.0,5,9,250.0,22,53,417.1,3,15,18,17,14,3,15,1,-22,158,141,140,35,519.5254753955581,19.830454347510525,12.101175787487298,25.616199738713895,628.356800696763,614.0849179851938,526.9644360574829,38.764552184642184,10
361,Malcolm Brogdon,Portland Trail Blazers,PG,102,218,37,83,266.20000000000005,17,19,433.3,11,30,202.89999999999998,7,22,29,40,13,4,17,2,4,171,131,142,69,100.0,28.833333333333336,7.333333333333334,6.833333333333334,113.5,66.83333333333334,151.33333333333331,31.5,6
362,Malik Beasley,Milwaukee Bucks,SG,91,283,33,92,358.2,3,3,200.0,22,70,304.6,1,23,24,13,18,4,6,1,-47,128,115,104,37,315.6865873445106,19.202812330989726,10.131151974040021,28.193888588426177,326.21633315305576,329.94077879935094,321.13574905354244,20.16035694970254,10
363,Malik Monk,Sacramento Kings,SG,157,272,57,138,394.0,31,33,730.0,12,58,166.1,6,27,33,44,31,6,17,2,13,234,190,201,77,653.7845804988663,24.25724363819602,14.982111363063742,11.617031997984379,877.3560090702948,822.5527840765936,694.3827160493827,53.44444444444444,10
364,Mamadi Diakite,New York Knicks,F,0,5,0,0,0.0,0,0,0.0,0,0,0.0,0,1,1,0,1,1,0,0,0,1,1,0,1,0.0,0.4049586776859504,0.0,0.0,0.4049586776859504,0.4049586776859504,0.0,0.4049586776859504,1
365,MarJon Beauchamp,Milwaukee Bucks,F,44,57,16,25,485.0,7,8,175.0,5,10,350.0,2,12,14,2,5,2,3,1,-18,60,58,46,16,53.10743801652892,11.47107438016529,1.5041322314049586,2.1074380165289255,95.32231404958677,84.0,61.17355371900827,16.231404958677686,8
366,Marcus Morris Sr.,Cleveland Cavaliers,SF,55,156,21,52,479.5,5,8,250.0,8,24,328.3,5,16,21,10,10,2,11,2,-51,86,76,65,31,81.84023668639053,49.33136094674556,10.299556213017754,4.080621301775148,202.25813609467457,183.20710059171597,97.61020710059171,62.91198224852071,10
367,Marcus Sasser,Detroit Pistons,G,136,309,48,127,343.6,21,23,540.0,19,60,303.9,3,17,20,46,18,9,22,4,-93,202,156,182,66,710.625,14.326003086419753,23.038966049382715,14.086419753086421,830.7160493827159,672.8537808641976,869.4000771604939,36.45216049382716,10
368,Markelle Fultz,Orlando Magic,PG,83,197,37,78,520.8,6,6,300.0,3,7,166.7,13,17,30,21,15,8,12,5,-41,134,113,104,51,402.9444444444444,34.03086419753087,31.26736111111111,4.24266975308642,732.3445216049382,626.2345679012346,475.2673611111111,99.08526234567901,10
369,Markieff Morris,Dallas Mavericks,PF,15,49,5,16,195.3,2,2,100.0,3,10,100.0,0,9,9,3,0,0,2,2,-18,27,24,18,12,33.98224852071006,16.597633136094675,6.78698224852071,2.928994082840237,145.71005917159763,95.0,67.4378698224852,40.63905325443787,4
370,Marques Bolden,Charlotte Hornets,C,35,113,16,24,376.7,3,4,150.0,0,1,0.0,10,20,30,4,9,3,3,7,-23,69,65,39,34,142.02853745541023,63.56242568370986,5.888228299643282,0.0,440.7253269916765,373.7526753864447,189.5909631391201,88.86087990487513,7
371,Marvin Bagley III,Washington Wizards,PF,134,238,58,89,623.5,12,13,600.0,6,8,450.0,23,49,72,8,11,5,10,9,3,214,206,142,80,341.85484830458057,93.62879238548483,15.875074360499699,4.5258774538964905,424.1273051754908,392.8102320047591,350.1939321832243,132.48185603807258,10
372,Mason Jones,Sacramento Kings,G,7,24,2,7,66.7,1,2,50.0,2,6,66.7,1,4,5,5,2,1,2,0,-5,17,12,12,10,21.787037037037038,12.75,12.75,2.7037037037037037,74.67592592592592,35.48148148148148,35.48148148148148,51.0,3
373,Mason Plumlee,LA Clippers,C,43,145,16,38,359.2,11,14,375.0,0,5,0.0,12,37,49,14,17,3,9,4,0,106,92,57,63,158.10086533261222,166.3345051379124,25.415089237425633,0.0,806.7531097890751,587.1444023796647,267.1752298539751,302.2839372633856,10
374,Matisse Thybulle,Portland Trail Blazers,SG,67,209,25,53,398.9,5,7,200.0,12,31,335.0,7,24,31,20,14,17,12,7,-23,118,98,87,51,338.8434903047091,39.325484764542935,20.249307479224377,12.531855955678669,707.3573407202216,558.770083102493,458.20637119113564,88.79916897506926,10
375,Matt Ryan,New Orleans Pelicans,F,28,83,10,28,233.3,0,0,0.0,8,22,194.4,1,8,9,2,7,0,3,0,-12,39,37,30,11,220.2777777777778,18.386621315192745,1.6383219954648527,20.005668934240365,369.6383219954648,355.55328798185946,232.6938775510204,21.693877551020414,10
376,Matthew Hurt,Memphis Grizzlies,F,32,110,12,33,215.9,3,3,200.0,5,19,233.4,9,7,16,4,8,3,2,3,-7,52,48,36,20,163.8343195266272,34.95857988165681,4.934911242603551,5.335798816568047,360.0,296.6272189349112,213.72781065088756,53.37278106508876,7
377,Max Christie,Los Angeles Lakers,G,39,115,15,31,519.4,3,4,150.0,6,14,250.0,3,17,20,7,4,2,4,1,17,66,59,46,27,156.3390625,37.90625,8.2,6.5265625,411.78906250000006,319.4640625,219.41406250000003,75.35625,10
378,Max Strus,Cleveland Cavaliers,SG,121,307,41,90,467.1,15,18,433.4,24,56,430.7,13,41,54,53,17,11,21,1,-5,228,175,174,107,242.9206611570248,103.72231404958677,134.97685950413222,20.413223140495866,540.5388429752065,260.1735537190083,395.78512396694214,366.2,10
379,Maxi Kleber,Dallas Mavericks,PF,46,179,14,28,528.3,10,12,275.0,8,18,333.3,11,22,33,13,12,4,7,10,65,92,79,59,46,116.1874699567377,32.02932222400256,10.969876622336164,7.607755167441114,282.81589488863966,228.3308764621054,163.06345136997277,50.60823585963788,10
380,Maxwell Lewis,Los Angeles Lakers,F,2,11,1,5,25.0,0,0,0.0,0,2,0.0,1,0,1,2,0,0,0,0,-15,5,3,4,3,2.7573964497041423,0.8579881656804735,3.0680473372781067,0.0,6.7603550295857975,6.65680473372781,3.624260355029586,3.162721893491124,2
381,Micah Potter,Utah Jazz,C,32,138,12,31,307.1,3,5,200.0,5,16,216.7,8,24,32,5,12,4,5,6,-22,69,64,37,37,107.80811609782316,45.73716742811072,8.53292125772642,6.516796560064499,308.30932545014775,255.41144853533996,140.17549045955388,74.80059123891428,10
382,Michael Porter Jr.,Denver Nuggets,SF,156,315,60,141,432.6,13,14,566.7,23,67,359.7,10,59,69,16,17,6,12,5,66,241,225,172,85,99.9111111111111,129.02345679012348,24.401234567901234,6.753086419753085,249.44444444444446,220.7271604938271,103.45308641975306,178.60000000000002,10
383,Mikal Bridges,Brooklyn Nets,SF,138,315,49,118,411.6,10,11,466.7,30,72,425.9,7,24,31,33,10,11,8,4,-33,202,169,171,64,405.80622837370237,54.65813148788928,18.352249134948096,23.00899653979239,654.0013840830451,566.7162629757785,501.28096885813153,64.82076124567473,10
384,Mike Conley,Minnesota Timberwolves,PG,141,283,47,93,487.3,15,15,700.0,32,61,511.7,5,21,26,54,18,16,26,3,-7,221,167,195,80,299.1973840665874,34.52688598229621,68.9179548156956,32.44444444444444,492.4313647773815,391.44444444444446,383.4970273483948,120.13211784912143,10
385,Mike Muscala,Oklahoma City Thunder,C,16,96,7,26,306.7,1,3,50.0,1,14,33.3,8,13,21,6,8,3,2,1,38,43,37,22,27,34.411386593204774,29.495408631772268,7.281910009182737,0.9132231404958677,100.36042240587696,83.9912764003673,37.15702479338843,50.400826446280995,10
386,Miles Bridges,Charlotte Hornets,SF,193,366,73,155,472.9,27,31,721.4,20,63,275.2,9,55,64,34,14,6,16,3,-75,291,257,227,98,578.3074717490301,68.311013661663,27.08821049080789,34.13661663012312,1059.5687299713272,850.9669421487603,730.0753921403273,152.23309158374093,10
387,Miles McBride,New York Knicks,PG,134,334,48,107,445.4,9,10,350.0,29,69,383.1,10,18,28,30,23,12,8,1,11,192,162,164,58,705.8929428102513,33.442242141143794,27.546269410427975,62.83007196061103,1031.705845221563,894.0085847746496,844.4782224466608,60.100492362075485,10
388,Mitchell Robinson,New York Knicks,C,43,154,15,29,333.3,13,28,379.1,0,0,0.0,30,17,47,3,15,5,4,8,-20,93,90,46,50,210.235938641344,120.10591672753834,4.108838568298028,0.0,502.7647918188459,496.36669101533965,206.81957633308983,134.0292184075968,10
389,Mo Bamba,Philadelphia 76ers,C,75,191,28,53,507.8,11,15,425.0,8,23,273.3,18,46,64,10,25,7,5,17,-4,149,139,85,74,166.18400000000003,43.681777777777775,12.044444444444443,5.855999999999999,319.80000000000007,300.2444444444444,196.60177777777778,44.864,10
390,Monte Morris,Minnesota Timberwolves,PG,49,137,17,38,380.8,5,6,150.0,10,22,360.0,2,20,22,16,5,5,1,5,43,87,71,65,38,168.9180869335447,19.97516184436518,29.148368344563348,10.064737746069495,356.39331483683446,252.87871581450653,269.4991412339807,52.057074910820454,10
391,Moritz Wagner,Orlando Magic,C,104,157,42,67,683.4,15,18,650.0,5,13,316.7,15,23,38,7,20,5,12,1,9,149,142,111,45,177.38994646044023,57.61719214753123,8.092207019631172,4.5014872099940515,401.1998810232005,320.3462224866151,233.07346817370612,90.87953599048186,10
392,Moses Brown,Portland Trail Blazers,C,51,109,21,39,510.4,9,27,240.8,0,0,0.0,19,20,39,4,14,3,7,4,-16,94,90,55,43,102.5,70.70625000000001,6.400000000000001,0.0,277.20625,262.80625,112.10000000000001,81.90625,10
393,Moses Moody,Golden State Warriors,SG,105,216,35,72,523.8,16,21,596.7,19,36,555.0,7,24,31,14,19,5,5,1,49,150,136,119,45,147.6604732181739,19.878792277543912,7.39642908985339,16.931484976048775,239.18246479895487,204.0641602554797,176.13311075627809,33.92088837276818,10
394,Mouhamadou Gueye,Toronto Raptors,F,26,112,11,37,340.5,4,9,225.0,0,3,0.0,11,10,21,5,13,3,11,15,-78,52,47,31,26,13.906509695290858,27.529778393351805,4.25,0.0,63.374653739612185,48.5983379501385,29.603878116343495,30.858725761772856,9
395,Mouhamed Gueye,Atlanta Hawks,F,24,65,8,19,107.8,5,6,83.3,3,6,166.7,9,12,21,4,12,4,0,4,-21,49,45,28,25,194.0,17.013333333333335,5.32,2.213333333333333,269.5866666666667,299.81333333333333,162.92,23.18666666666666,3
396,Moussa Diabate,LA Clippers,F,2,7,1,1,100.0,0,2,0.0,0,0,0.0,1,3,4,0,0,1,0,1,1,6,6,2,4,0.0,0.0,0.0,0.0,0.0,0.0,0.0,0.0,1
397,Myles Turner,Indiana Pacers,C,177,247,63,112,553.8,28,38,758.4,23,51,461.3,8,57,65,14,23,3,12,20,50,256,242,191,79,433.1298487836949,102.58053911900066,28.571005917159763,16.159763313609467,820.5785667324129,816.2343852728468,439.70874424720574,128.91683103221567,10
398,Naji Marshall,New Orleans Pelicans,SF,61,208,25,55,414.5,3,4,200.0,8,22,332.1,4,35,39,17,15,9,7,1,40,117,100,78,56,183.42416897506925,55.2590027700831,10.100069252077562,13.617728531855956,432.1135734072022,382.0155817174515,224.11218836565098,74.76904432132964,10
399,Nassir Little,Phoenix Suns,SF,22,69,9,21,325.0,0,0,0.0,4,12,250.0,0,11,11,5,7,0,1,2,-14,38,33,27,16,43.5,16.0,5.0,2.5,74.0,63.0,51.0,24.5,8
400,Nate Hinton,Houston Rockets,G,14,36,5,10,143.3,2,3,66.7,2,5,66.7,2,9,11,7,5,1,1,2,8,32,25,21,18,78.91836734693878,11.0,11.632653061224492,3.4897959183673466,174.0,114.01360544217688,117.0,44.5374149659864,3
401,Nathan Mensah,Charlotte Hornets,C,4,59,2,5,66.7,0,0,0.0,0,0,0.0,4,6,10,1,13,2,1,4,-17,15,14,5,11,13.75,9.9375,0.859375,0.0,41.359375,44.4375,13.484375,7.984375,7
402,Naz Reid,Minnesota Timberwolves,C,153,277,56,129,414.2,17,27,515.8,24,58,378.3,5,54,59,17,25,14,21,11,-13,229,212,170,76,724.577578588562,91.67693473046333,10.372806463830326,42.42444135841434,1043.0583259689433,1026.1004923620756,744.3946471405126,99.19050624921096,10
403,Neemias Queta,Boston Celtics,C,74,118,35,47,596.1,4,6,175.0,0,0,0.0,19,25,44,10,12,5,7,12,84,128,118,84,54,286.85950413223145,68.82851239669421,19.010330578512395,0.0,675.0743801652893,569.2747933884298,383.8202479338843,96.67768595041323,9
404,Nic Claxton,Brooklyn Nets,C,102,311,46,74,638.1,10,30,330.0,0,0,0.0,31,81,112,22,23,6,21,21,9,236,214,124,134,139.23426306965402,86.15058680079254,15.7290047248895,0.0,325.92196311537873,289.16476146928824,166.45816186556925,111.41289437585733,10
405,Nick Jr. Smith,Charlotte Hornets,G,77,178,26,75,328.9,9,10,187.5,16,40,271.2,2,18,20,17,11,2,7,0,-15,114,97,94,37,623.0548696844992,37.90123456790124,16.679012345679013,39.16598079561042,1065.5363511659807,887.639231824417,768.5322359396434,87.0,10
406,Nick Richards,Charlotte Hornets,C,94,247,39,53,745.5,16,18,575.0,0,0,0.0,18,51,69,8,24,5,10,4,-44,171,163,102,77,62.56850077968366,194.35219425261755,7.615059033192247,0.0,339.3105368678993,373.687458231232,39.42214301626198,190.73668968589885,10
407,Nickeil Alexander-Walker,Minnesota Timberwolves,SG,103,219,37,79,492.1,8,9,350.0,21,48,532.7,3,16,19,21,15,7,9,4,51,143,122,124,40,351.21072883657763,21.812811226799454,23.530330466274332,13.134676324128566,660.3614757808964,487.3037573562698,500.55138071525573,69.06020823902219,10
408,Nicolas Batum,Philadelphia 76ers,PF,68,295,25,54,408.7,0,0,0.0,18,42,361.2,9,37,46,26,13,10,7,4,54,140,114,94,72,303.7191828254848,32.40062326869806,42.322714681440445,28.34245152354571,374.13296398891964,398.7437673130194,266.209487534626,87.62222991689751,10
409,Nikola Jokic,Denver Nuggets,C,283,365,113,191,596.8,44,58,795.1,13,33,440.9,24,106,130,89,24,20,35,6,113,502,413,372,219,772.046366782007,121.24567474048443,115.4,8.28304498269896,998.3474048442906,998.4062283737023,732.4581314878893,276.17508650519034,10
410,Nikola Jovic,Miami Heat,F,113,230,41,83,483.4,12,12,500.0,19,51,359.1,4,43,47,23,17,8,7,2,41,183,160,136,70,505.6111111111111,49.0,33.17438271604938,20.927854938271604,638.3225308641975,698.9444444444443,440.6003086419753,86.56327160493827,10
411,Nikola Vucevic,Chicago Bulls,C,174,334,71,141,478.9,18,23,510.7,14,37,398.3,26,79,105,34,20,5,13,8,-42,313,279,208,139,668.6777645659929,119.42779759545515,24.689390936715547,6.502312062359625,675.0060774210596,635.9295811864183,676.7179283921257,175.1535209406791,10
412,Noah Clowney,Brooklyn Nets,F,92,247,34,62,503.9,15,22,376.4,9,21,266.7,18,37,55,9,19,5,9,14,-47,156,147,101,64,537.3967250790004,102.65642056880208,7.320597529445562,11.471128985923585,975.3478885377764,918.8092502154553,585.4085033036483,118.50387819592069,10
413,Norman Powell,LA Clippers,G,133,278,46,102,464.3,21,25,435.7,20,48,378.0,2,21,23,11,15,5,6,1,69,167,156,144,34,251.2645429362881,18.189750692520775,6.970914127423823,18.50034626038781,265.6911357340721,287.82825484764544,227.56786703601108,26.720221606648202,10
414,O.G. Anunoby,New York Knicks,SF,125,337,52,113,443.9,3,8,116.6,18,45,398.4,7,31,38,18,25,17,20,8,114,181,163,143,56,377.35813148788924,61.01730103806228,17.833910034602077,14.048442906574396,348.0501730103806,323.28892733564015,388.07093425605535,92.89965397923875,10
415,Obi Toppin,Indiana Pacers,PF,115,183,46,72,683.4,9,10,550.0,14,31,459.5,11,29,40,21,15,10,9,8,51,176,155,136,61,307.4081632653061,58.318877551020414,27.95124716553288,12.590702947845806,568.9333900226758,545.125,357.2437641723356,60.24291383219955,10
416,Ochai Agbaji,Toronto Raptors,G,73,284,29,71,374.8,12,21,441.7,3,23,120.0,19,25,44,20,19,10,13,9,-34,137,117,93,64,168.45090259869073,84.74747073993255,24.29319579448522,2.588970442372545,489.34120214243205,368.6135687363618,238.538186867685,159.68101567149375,10
417,Olivier Sarr,Oklahoma City Thunder,C,11,22,4,7,125.0,3,5,116.7,0,1,0.0,4,4,8,0,3,0,1,1,-14,19,19,11,8,46.03703703703704,9.148148148148147,0.0,0.0,84.0,84.0,46.03703703703704,9.148148148148147,3
418,OlivierMaxence Prosper,Dallas Mavericks,F,41,102,14,32,235.7,9,14,217.1,4,12,83.3,7,15,22,2,4,3,4,2,-57,65,63,43,24,287.18685121107274,59.416955017301035,1.3339100346020762,5.5,643.9757785467127,594.1366782006919,323.5,74.27681660899653,6
419,Omer Yurtseven,Utah Jazz,C,104,220,47,86,529.8,9,11,500.0,1,7,50.0,27,51,78,13,13,3,12,4,-57,195,182,117,91,292.86505190311425,229.65960207612454,12.370242214532874,0.9013840830449826,861.806660899654,762.1786332179933,328.4325259515571,306.0903979238754,10
420,Onuralp Bitim,Chicago Bulls,SF,54,166,24,54,474.4,1,1,100.0,5,23,133.4,5,14,19,8,16,1,6,1,-56,81,73,62,27,280.4094674556213,51.17514792899408,5.836686390532545,4.813017751479291,548.9360946745562,513.9822485207101,299.7514792899408,72.62366863905325,10
421,Onyeka Okongwu,Atlanta Hawks,PF,147,296,61,89,703.8000000000001,16,22,492.9,9,19,466.6,32,44,76,11,28,7,5,15,4,234,223,158,87,308.4240362811791,185.95918367346937,9.244897959183675,5.6893424036281175,807.5192743764171,822.7913832199548,307.3560090702948,181.0,10
422,Orlando Robinson,Miami Heat,C,13,59,4,11,108.3,4,5,175.0,1,2,100.0,8,9,17,5,4,1,3,0,4,35,30,18,22,56.3313503866746,31.54015466983938,3.2022605591909574,0.8619869125520524,127.18203450327188,103.12552052349793,77.19333729922666,37.936942296252234,6
423,Oscar Tshiebwe,Indiana Pacers,C,3,5,1,3,33.3,1,2,50.0,0,0,0.0,2,0,2,0,1,0,0,1,8,5,5,3,2,0.25,0.0,0.0,0.0,0.25,0.25,0.25,0.0,1
424,Oshae Brissett,Boston Celtics,SF,39,133,15,35,378.4,6,16,190.0,3,8,250.0,15,18,33,9,9,3,6,4,18,81,72,48,42,68.31519274376417,80.9954648526077,4.904257999496095,2.1383219954648522,210.88611740992695,231.95918367346943,58.864197530864196,74.27765180146135,10
425,Ousmane Dieng,Oklahoma City Thunder,F,41,113,16,37,374.4,4,4,200.0,5,17,253.3,1,8,9,18,5,6,8,5,18,68,50,59,27,212.525,7.0,28.1,4.725,401.82500000000005,265.22499999999997,340.525,43.7,10
426,P.J. Tucker,LA Clippers,PF,19,164,7,17,213.3,0,0,0.0,5,9,400.0,7,22,29,6,13,7,1,0,3,54,48,25,35,91.13884297520661,49.198347107438025,2.4826446280991736,4.540495867768596,178.5190082644628,165.60330578512398,102.54049586776861,53.195041322314054,10
427,P.J. Washington,Dallas Mavericks,PF,140,326,51,115,416.0,11,20,460.0,27,67,401.9,9,63,72,20,19,15,11,10,74,232,212,160,92,664.8209843158463,105.17279610600325,9.384532179556517,30.388858842617633,818.9142779881015,771.3404542996216,692.839372633856,134.1127636560303,10
428,Paolo Banchero,Orlando Magic,PF,228,364,76,191,403.5,63,77,809.9,13,56,247.7,8,72,80,56,16,5,30,8,16,364,308,284,136,357.70000000000005,98.0,31.3765625,4.5,579.6015625,497.70000000000005,395.8515625,173.1265625,10
429,Pascal Siakam,Indiana Pacers,PF,210,297,82,153,535.3,38,49,672.5,8,17,450.0,21,51,72,26,28,4,14,3,61,308,282,236,98,319.7913832199546,59.76077097505669,31.777777777777782,3.6009070294784578,430.1326530612243,349.3390022675738,335.21995464852614,156.90362811791385,10
430,Pat Connaughton,Milwaukee Bucks,SG,54,241,18,56,363.0,10,13,400.0,8,38,202.2,9,21,30,29,19,6,7,3,-27,113,84,83,59,140.84567901234567,52.35679012345679,47.256790123456796,9.630864197530864,520.3777777777779,312.404938271605,272.10493827160496,176.32716049382717,10
431,Pat Spencer,Golden State Warriors,G,2,15,1,3,33.3,0,0,0.0,0,2,0.0,2,2,4,3,0,0,1,0,7,9,6,5,7,1.3407202216066483,11.346260387811633,4.886426592797783,0.0,45.38504155124653,20.48753462603878,11.346260387811633,31.124653739612192,1
432,Patrick Baldwin Jr.,Washington Wizards,F,75,224,28,67,337.2,6,9,325.0,13,45,180.4,6,45,51,11,25,10,8,8,-11,137,126,86,62,590.6051792081066,156.17395383749297,24.90542315631451,26.919684743854383,1511.7239632201165,1271.376243197598,753.6014261587541,258.4308500656784,10
433,Patrick Beverley,Milwaukee Bucks,PG,73,227,25,56,346.5,13,14,550.0,10,28,240.0,9,36,45,32,12,5,4,5,10,150,118,105,77,496.17545505723405,82.06661662600864,49.60480390317133,20.016888722086698,1031.9301932820417,818.8024019515857,654.9219365734659,186.05273034340402,10
434,Patrick Williams,Chicago Bulls,PF,6,24,2,9,22.2,2,2,100.0,0,5,0.0,0,6,6,2,5,0,2,2,-11,14,12,8,8,0.0,0.0,0.0,0.0,0.0,0.0,0.0,0.0,1
435,Patty Mills,Miami Heat,PG,54,171,18,60,255.1,11,11,400.0,7,42,145.8,4,4,8,17,12,10,6,0,21,79,62,71,25,276.4239900041649,5.9225322782174095,14.386922115785088,6.112036651395252,324.9350270720533,278.12244897959187,313.04498125780924,30.50104123281966,10
436,Paul George,LA Clippers,F,233,320,77,157,494.20000000000005,49,51,875.0,30,62,472.5,6,45,51,31,25,13,22,5,43,315,284,264,82,1010.1074380165289,113.30914256198348,35.42691115702479,38.4661673553719,1930.5,1532.9269111570247,1312.8091425619834,243.60743801652893,10
437,Paul Reed,Philadelphia 76ers,SF,87,210,38,65,652.6,9,15,283.3,2,5,150.0,23,42,65,15,22,11,11,14,65,167,152,102,80,89.88271604938271,93.11234567901235,38.6,1.6444444444444448,414.4567901234568,301.679012345679,150.63827160493827,183.73456790123456,10
438,Payton Pritchard,Boston Celtics,PG,156,271,64,117,479.7,9,10,350.0,19,51,304.2,8,25,33,58,15,8,11,0,93,247,189,214,91,1331.4678472927853,46.1377558426477,143.89577587458268,27.386122804470894,2679.567571490783,1679.639570329511,2221.0013064305413,300.42807374074613,10
439,Pete Nance,Cleveland Cavaliers,F,3,12,1,3,33.3,0,0,0.0,1,1,100.0,0,1,1,0,1,0,0,0,-18,4,4,3,1,5.76,0.30250000000000005,0.0,0.6400000000000001,8.7025,8.7025,5.76,0.30250000000000005,1
440,Peyton Watson,Denver Nuggets,F,61,208,26,51,442.5,7,12,350.0,2,10,133.3,10,36,46,16,19,4,7,19,-22,123,107,77,62,147.14007970051927,50.48979591836734,21.763313609467453,1.640623113150586,281.7298635430503,221.8465161212414,176.84760294650405,102.42893370365898,10
441,Precious Achiuwa,New York Knicks,PF,46,168,20,41,429.9,5,7,150.0,1,6,100.0,19,33,52,6,21,3,9,7,-56,104,98,52,58,332.56123662306777,131.1776985070683,15.283921257761925,0.9910159862597439,1003.3816884661117,825.0270841590699,448.47853084951777,208.89892984542215,10
442,Quentin Grimes,Detroit Pistons,SG,82,213,26,80,296.2,19,24,525.0,11,50,200.0,2,27,29,19,13,7,9,4,-12,130,111,101,48,312.44628099173553,35.19834710743802,14.900826446280991,10.900826446280991,442.06611570247935,483.0495867768595,277.6942148760331,43.86776859504132,10
443,Quenton Jackson,Indiana Pacers,G,0,7,0,1,0.0,0,0,0.0,0,0,0.0,0,1,1,2,1,1,0,0,6,3,1,2,3,0.36,0.09000000000000002,1.9599999999999997,0.0,0.25,0.8099999999999998,0.6400000000000001,1.2100000000000002,1
444,R. Rupert,Portland Trail Blazers,G,63,324,22,77,278.6,6,8,300.0,13,42,240.2,10,32,42,31,29,7,15,2,-95,136,105,94,73,102.23377777777779,42.69511111111112,34.18044444444444,13.444444444444443,246.05511111111116,138.93600000000004,176.44444444444443,109.78400000000002,10
445,RJ Barrett,Toronto Raptors,SG,244,335,96,172,560.7,39,56,647.3,13,36,325.0,11,50,61,45,26,6,34,5,-65,350,305,289,106,232.67128027681662,72.74394463667821,50.53460207612457,12.188581314878892,532.423875432526,429.20069204152253,325.3996539792388,133.7733564013841,10
446,RaiQuan Gray,San Antonio Spurs,F,23,36,10,17,118.1,0,0,0.0,3,7,60.0,2,3,5,6,0,1,0,1,18,34,28,29,11,37.23140495867769,12.834710743801653,4.793388429752065,4.834710743801653,71.53719008264464,41.685950413223146,55.1487603305785,29.56198347107438,2
447,Reggie Bullock,Houston Rockets,SF,17,91,6,14,183.3,0,0,0.0,5,12,200.0,0,13,13,3,10,3,2,2,-34,33,30,20,16,112.43218322427126,21.681737061273054,2.1192742415229033,8.791493158834026,207.25461035098155,188.32391433670432,131.92742415229029,23.236466389054133,10
448,Reggie Jackson,Denver Nuggets,PG,111,248,41,111,371.0,12,13,550.0,17,45,370.9,8,14,22,37,26,6,14,2,-15,170,133,148,59,182.07499094312277,30.06714164955923,54.46141770317594,20.1003501992513,381.6686390532544,295.9795918367347,234.4526023427122,117.8399951696655,10
449,Richaun Holmes,Washington Wizards,F,88,241,35,62,516.4,18,21,591.7,0,2,0.0,31,52,83,9,31,7,8,8,-2,180,171,97,92,289.8569488456315,267.74694431869625,7.027161611588955,0.004526935264825713,982.0,910.5165233137166,326.7682209144409,309.3463105477592,10
450,Ricky IV Council,Philadelphia 76ers,G,51,103,16,35,424.9,12,17,358.3,7,14,433.3,2,6,8,9,9,6,2,1,33,68,59,60,17,128.9556786703601,8.880886426592799,9.022160664819943,4.125884887657741,229.41828254847647,164.7950138504155,190.77008310249306,20.71191135734072,10
451,Robin Lopez,Milwaukee Bucks,C,6,23,3,9,37.5,0,0,0.0,0,2,0.0,1,0,1,1,3,1,0,2,-16,8,7,7,2,21.92,0.52,0.6800000000000002,0.0,24.48,29.0,18.28,0.32000000000000006,2
452,Royce O'Neale,Phoenix Suns,PF,67,233,24,61,340.0,3,4,150.0,16,46,308.2,8,39,47,23,19,9,6,4,47,137,114,90,70,302.40686784599376,80.12776043473234,20.292403746097815,21.454503410798935,713.9113192276563,564.3084749682043,410.35587929240376,142.07399699387213,10
453,Rudy Gobert,Minnesota Timberwolves,C,163,347,61,83,711.8000000000001,41,69,461.6,0,0,0.0,39,91,130,17,32,12,14,22,-5,310,293,180,147,363.6820711755777,159.62084668578177,14.128352167313206,0.0,711.5712599089222,690.6262438859841,360.19834710743805,198.1779389441727,10
454,Rui Hachimura,Los Angeles Lakers,PF,162,311,64,112,606.3,16,21,525.0,18,40,495.3,12,44,56,18,15,6,5,5,-4,236,218,180,74,364.63827160493827,108.41975308641975,25.112345679012343,7.601234567901236,706.4049382716049,626.9444444444445,396.0444444444444,181.58641975308643,10
455,Russell Westbrook,LA Clippers,PG,113,216,44,94,466.6,20,27,591.7,5,16,216.7,13,36,49,50,18,9,26,2,41,212,162,163,99,270.2217598097503,155.7936979785969,151.43876337693226,6.502972651605233,1164.1593341260404,581.8026159334127,562.4976218787158,597.3133174791915,10
456,Ryan Arcidiacono,New York Knicks,G,0,5,0,1,0.0,0,0,0.0,0,1,0.0,0,0,0,0,1,1,0,0,3,0,0,0,0,0.0,0.0625,0.0,0.0,0.0625,0.0625,0.0,0.0625,1
457,Ryan Rollins,Milwaukee Bucks,G,0,7,0,1,0.0,0,0,0.0,0,0,0.0,0,2,2,2,1,0,1,0,0,4,2,2,4,1.190082644628099,2.115702479338843,1.190082644628099,0.1322314049586777,2.115702479338843,0.1322314049586776,0.0,6.479338842975206,1
458,Saben Lee,Phoenix Suns,G,35,103,9,28,194.29999999999998,15,20,416.7,2,9,83.3,3,15,18,17,6,4,2,0,6,70,53,52,35,220.85034013605443,38.795918367346935,18.46938775510204,1.7006802721088436,500.3197278911565,421.49659863945584,271.3333333333333,85.60544217687075,9
459,Saddiq Bey,Atlanta Hawks,SF,146,337,48,125,372.4,31,35,800.0,19,59,298.4,29,32,61,14,7,4,10,4,-23,221,207,160,75,398.90000000000003,67.125,9.625,14.9,439.4000000000001,478.32500000000005,362.225,74.5,10
460,Sam Hauser,Boston Celtics,SF,114,261,42,107,440.1,2,2,100.0,28,75,405.1,6,33,39,19,12,7,2,2,103,172,153,133,58,412.1617777777778,25.028444444444446,16.580444444444446,32.58844444444445,419.71377777777775,456.6,370.10044444444446,46.784,10
461,Sam Merrill,Cleveland Cavaliers,SG,76,196,23,65,254.6,7,8,466.7,23,62,263.4,3,17,20,22,13,2,3,0,-18,118,96,98,42,466.625,22.062326869806093,33.74653739612188,50.31717451523546,779.2953601108034,643.7136426592798,576.3978531855955,81.61772853185596,10
462,Samardo Samuels,Houston Rockets,F,0,11,0,1,0.0,0,0,0.0,0,0,0.0,1,2,3,1,1,0,0,1,-6,4,3,1,4,1.53125,2.03125,0.6953125,0.0,0.1953125,0.5,1.1328125,2.8203125,2
463,Sandro Mamukelashvili,San Antonio Spurs,PF,108,227,42,82,533.5,13,17,500.0,11,29,276.6,24,63,87,20,13,1,11,4,19,215,195,128,107,385.124,171.22400000000002,14.116,13.576,721.4160000000002,660.5,387.296,244.08399999999997,10
464,Santi Aldama,Memphis Grizzlies,PF,116,316,42,90,459.2,13,20,450.0,19,52,309.5,11,56,67,23,14,10,7,16,-91,206,183,139,90,464.97257653061223,94.125,18.288903061224488,31.887755102040817,898.1326530612246,764.936862244898,555.9005102040816,154.68176020408163,10
465,Sasha Vezenkov,Sacramento Kings,F,38,92,12,33,213.9,5,5,200.0,9,24,251.2,0,11,11,5,11,5,1,0,22,54,49,43,16,83.9191438763377,3.9084423305588585,3.967895362663496,9.42806183115339,140.98692033293696,102.38882282996433,120.15576694411416,10.23781212841855,8
466,Scoot Henderson,Portland Trail Blazers,G,186,351,70,168,416.2,22,28,706.7,24,63,380.7,8,27,35,84,34,12,55,2,-154,305,221,270,119,244.05116002379532,44.595181439619274,124.30368828078522,25.657346817370613,474.9702558001191,291.28643664485423,445.1091612135635,151.52468768590128,10
467,Scottie Barnes,Toronto Raptors,SF,179,333,70,155,460.1,33,39,674.9,6,36,159.89999999999998,28,63,91,75,18,13,31,14,21,345,270,254,166,391.6640625,102.8515625,85.6640625,4.8515625,827.2890625,587.40625,576.65625,243.40625,10
468,Scotty Pippen Jr.,Memphis Grizzlies,G,143,269,57,118,445.1,17,20,585.7,12,39,267.9,11,20,31,46,32,22,30,5,-52,220,174,189,77,594.4288997414536,32.90232691755243,34.43320884803217,12.263717322608445,1014.6463659867853,776.7865555874749,803.4711289859235,96.15311692042516,10
469,Seth Curry,Charlotte Hornets,SG,81,181,29,67,372.5,14,15,566.7,9,31,256.6,4,15,19,17,7,5,7,3,-33,117,100,98,36,233.0,12.900826446280993,16.140495867768593,4.900826446280991,334.3388429752066,276.08264462809916,269.8677685950413,50.429752066115704,10
470,Shai Gilgeous-Alexander,Oklahoma City Thunder,PG,233,313,83,177,466.8,58,70,830.0,9,40,253.3,9,39,48,49,19,15,22,6,76,330,281,282,97,681.0000000000001,53.55102040816327,48.851020408163265,5.8,1119.6755102040815,939.2367346938779,853.9367346938774,109.90408163265306,10
471,Shake Milton,New York Knicks,SG,49,126,21,46,431.1,2,3,66.7,5,12,250.0,9,19,28,15,12,4,5,2,-6,92,77,64,43,168.13609467455623,82.63017751479289,18.28994082840237,8.869822485207102,562.7485207100592,440.9378698224852,242.85207100591717,148.0147928994083,10
472,Sidy Cissoko,San Antonio Spurs,G,39,109,15,27,241.3,8,11,221.4,1,8,33.3,8,8,16,10,16,4,2,3,10,65,55,49,26,156.01041666666666,17.5,21.59375,0.8333333333333335,385.5,270.09375,242.33333333333331,68.17708333333333,6
473,Simone Fontecchio,Detroit Pistons,F,158,307,55,116,455.5,19,21,616.7,29,65,413.2,8,41,49,16,20,10,13,5,5,223,207,174,65,506.0,36.90963139120095,14.430439952437576,30.11296076099881,589.4708680142687,547.3923900118907,538.8442330558859,60.574316290130795,10
474,Skylar Mays,Los Angeles Lakers,SG,8,34,4,10,170.0,0,0,0.0,0,3,0.0,0,1,1,3,2,3,2,1,-3,12,9,11,4,17.18273645546373,0.8163452708907254,3.257116620752984,0.0,18.0,19.56014692378329,16.755739210284663,2.9403122130394856,4
475,Spencer Dinwiddie,Los Angeles Lakers,PG,64,208,17,45,295.9,17,19,550.0,13,35,290.0,2,19,21,16,15,5,10,4,15,101,85,80,37,302.9917355371901,16.94344008264463,44.5,16.24509297520661,636.65625,412.90625,495.1280991735538,93.05707644628099,10
476,Stanley Umude,Detroit Pistons,G,49,150,16,39,260.4,8,9,366.7,9,25,243.3,5,16,21,3,15,4,4,2,-32,73,70,52,24,177.08,44.0,1.9200000000000002,10.88,278.68,272.78,180.88,48.02,8
477,Stephen Curry,Golden State Warriors,PG,243,334,85,184,483.1,28,30,858.3,45,101,477.59999999999997,2,45,47,63,13,8,31,7,54,353,290,306,110,388.74131325142025,48.20940679085744,56.96802748051262,28.904610912934338,340.1824547496367,338.4555423437707,370.4019024970273,125.243757431629,10
478,Svi Mykhailiuk,Boston Celtics,SG,73,156,26,48,694.0,3,3,200.0,18,35,593.2,3,15,18,15,7,1,3,1,90,106,91,88,33,448.1027777777778,19.87777777777778,22.569444444444443,26.225,828.4444444444445,622.1250000000001,632.1444444444444,64.725,10
479,T. Vukcevic,Washington Wizards,PF,85,143,29,65,303.7,17,22,427.8,10,35,215.3,6,26,32,13,27,4,9,6,29,130,117,98,45,371.53739612188366,62.60941828254847,13.550554016620497,7.517313019390581,640.7804709141274,532.8060941828254,431.75,123.92174515235456,7
480,T.J. McConnell,Indiana Pacers,PG,149,202,69,117,593.5,5,5,300.0,6,11,325.0,3,23,26,63,17,5,13,1,48,238,175,212,89,162.67322054564852,20.462429507696996,44.9311080627953,8.41030330742265,250.4938271604938,142.11354976375554,235.75186709343086,100.69516841944825,10
481,T.J. Warren,Minnesota Timberwolves,SF,37,119,16,39,361.2,3,4,150.0,2,13,83.3,5,16,21,7,11,3,4,1,45,65,58,44,28,68.0964207450694,19.16873630387144,7.6238130021913815,1.5880204528853177,105.83710737764791,118.40321402483565,52.761869978086196,29.560993425858292,9
482,Taj Gibson,Detroit Pistons,F,18,40,8,14,216.7,0,0,0.0,2,4,100.0,2,7,9,2,3,1,0,1,-5,29,27,20,11,26.290000000000003,12.76,3.0399999999999996,1.09,85.58999999999999,58.51,42.410000000000004,26.759999999999998,4
483,Taj Gibson,New York Knicks,F,2,68,0,9,0.0,2,2,100.0,0,2,0.0,4,6,10,4,8,1,3,0,2,16,12,6,14,46.7125,10.2,1.0,0.6124999999999999,58.312500000000014,58.8125,42.612500000000004,14.8,5
484,Talen Horton-Tucker,Utah Jazz,SG,109,209,39,102,368.0,16,19,538.1,15,44,351.6,1,17,18,22,19,9,10,4,-48,149,127,131,40,408.59861591695505,21.60553633217993,36.229911572472126,11.20069204152249,628.4732795078816,557.2145328719723,468.93925413302577,68.75355632449057,10
485,Taurean Prince,Los Angeles Lakers,PF,68,201,25,60,378.1,4,4,200.0,14,32,429.9,5,26,31,10,9,7,11,3,13,109,99,78,41,230.65328719723183,41.23252595155709,22.233910034602076,16.53840830449827,405.1937716262976,317.52318339100344,288.881660899654,92.90865051903114,10
486,Taylor Hendricks,Utah Jazz,F,98,267,36,72,505.0,5,7,216.7,21,41,540.0,11,39,50,15,16,11,7,7,-47,163,148,113,65,284.598161168199,59.79799891833424,12.885073012439156,14.336938885884264,333.4532179556517,319.68226068144946,294.38858842617634,76.66360194699838,10
487,Taze Moore,Portland Trail Blazers,G,14,35,6,15,135.7,1,2,50.0,1,5,20.0,4,4,8,5,2,1,3,0,-20,27,22,19,13,58.0,34.0,6.03125,0.53125,250.53125,180.0,101.03125,67.53125,2
488,Terance Mann,LA Clippers,SG,107,221,44,63,666.9,12,14,525.0,7,16,466.6,10,25,35,12,23,6,9,0,9,154,142,119,47,472.2711634223631,74.55545495699411,7.601629696695337,4.9373019465821635,889.1842462652783,810.520597555455,538.9538252602988,94.13807152557719,10
489,Terquavion Smith,Philadelphia 76ers,G,46,71,16,40,307.8,3,5,150.0,11,30,266.6,0,4,4,11,6,8,6,0,1,61,50,57,15,246.0,2.040816326530612,20.882086167800455,21.88888888888889,260.24263038548753,237.18367346938774,271.3582766439909,20.62358276643991,8
490,Terry Rozier,Miami Heat,SG,188,305,68,150,442.8,15,16,466.7,37,74,449.4,2,29,31,31,14,12,12,3,40,250,219,219,62,683.6591836734694,25.0,25.765306122448976,77.26122448979592,794.9469387755103,827.7163265306122,646.1755102040817,55.479591836734706,10
491,Terry Taylor,Chicago Bulls,F,15,56,5,10,325.0,3,4,150.0,2,3,150.0,4,10,14,3,1,2,0,0,-15,32,29,18,17,20.88823959094229,35.125639152666174,3.509130752373996,1.7983929875821767,117.36084733382029,97.06866325785245,26.967129291453613,52.848064280496715,5
492,Thaddeus Young,Phoenix Suns,F,21,83,10,19,325.0,1,3,100.0,0,1,0.0,16,10,26,6,11,5,4,0,0,53,47,27,32,34.01587301587301,69.2420634920635,7.428571428571429,0.0,144.8611111111111,128.765873015873,45.63492063492064,81.14682539682539,7
493,Thaddeus Young,Phoenix Suns,PF,13,49,6,8,241.7,1,2,50.0,0,1,0.0,5,10,15,6,3,2,1,1,-11,34,28,19,21,9.625850340136054,30.287414965986393,10.204081632653061,0.0,112.75,61.525510204081634,38.4421768707483,62.89965986394559,3
494,Thanasis Antetokounmpo,Milwaukee Bucks,SF,16,62,8,15,416.7,0,2,0.0,0,1,0.0,2,1,3,6,8,3,4,1,-16,25,19,22,9,23.08650519031142,1.8788927335640138,1.792387543252595,0.0,29.5363321799308,25.297577854671275,27.757785467128027,3.2387543252595163,8
495,Theo Maledon,Phoenix Suns,PG,5,10,1,2,50.0,3,3,100.0,0,0,0.0,0,1,1,0,3,0,3,0,-11,6,6,5,1,14.0625,0.5625,0.0,0.0,20.25,20.25,14.0625,0.5625,1
496,Thomas Bryant,Miami Heat,C,100,152,38,64,525.0,20,21,775.0,4,15,233.3,13,44,57,7,17,4,6,8,53,164,157,107,64,563.5454956994115,117.89271163422363,8.103666817564507,4.4001810774105925,1106.495246717972,1033.7442281575375,629.93435943866,132.3585332729742,10
497,Tim Hardaway Jr.,Dallas Mavericks,SF,78,216,28,82,345.3,7,8,250.0,15,54,277.5,1,24,25,17,9,4,7,0,-38,120,103,95,42,160.24315111728313,14.886630475950007,14.69448301982073,7.916803433909859,262.49867440979676,242.23494508269158,186.54803686403235,23.53995707612675,10
498,Tobias Harris,Philadelphia 76ers,PF,176,339,67,143,473.9,23,27,810.0,19,45,373.6,14,66,80,28,17,6,13,13,33,284,256,204,108,146.19940876108575,70.41870464928783,15.60386992743886,25.41924213920989,212.2488578339156,154.680999731255,193.96076323568934,95.82907820478367,10
499,Tony Allen,Memphis Grizzlies,F,13,124,6,23,125.0,1,2,50.0,0,7,0.0,4,13,17,5,18,4,2,0,-65,35,30,18,22,15.27469135802469,15.25,2.0,0.0,54.24691358024691,40.24691358024691,25.274691358024693,21.25,5
500,Torrey Craig,Chicago Bulls,SF,39,158,14,31,383.7,4,5,250.0,7,15,375.0,7,27,34,7,16,4,5,3,2,80,73,46,41,129.81360946745562,171.32708744247202,9.933596318211702,10.277777777777779,579.7777777777777,464.29257067718606,187.53221564760025,239.02728468113082,10
501,Tosan Evbuomwan,Detroit Pistons,F,84,276,29,53,552.3,17,25,508.4,9,23,390.0,10,34,44,10,17,5,8,4,-96,138,128,94,54,125.78092461474385,43.12952936276552,10.066638900458145,7.008329862557268,264.558100791337,237.48604748021654,150.0,56.04914618908788,10
502,Toumani Camara,Portland Trail Blazers,F,88,292,35,67,507.2,8,9,350.0,10,26,336.6,19,23,42,22,26,8,13,8,-36,152,130,110,64,287.70000000000005,51.93611111111112,28.402777777777775,8.002777777777778,547.7,471.46944444444443,351.46944444444443,92.8,10
503,Trae Young,Atlanta Hawks,PG,187,332,58,141,454.1,47,57,850.1,24,75,373.0,2,24,26,105,20,8,45,1,-50,318,213,292,131,566.1493383742911,8.672967863894138,52.61814744801512,11.550094517958414,611.0396975425332,483.98298676748584,700.8468809073723,53.65028355387524,10
504,Trayce JacksonDavis,Golden State Warriors,F,92,226,39,57,710.6,14,23,360.0,0,0,0.0,23,41,64,16,12,6,13,14,-21,172,156,108,80,260.6976529078506,112.62018730489075,22.40073996993872,0.0,520.8891201294948,409.8367441322696,350.5755578679616,156.19539831194356,10
505,Tre Jones,San Antonio Spurs,PG,115,337,48,103,441.5,7,11,258.3,12,37,291.7,11,49,60,70,13,11,21,2,44,245,175,185,130,135.1805293005671,81.625,62.382797731569,9.600189035916824,363.6221644612476,227.3272684310019,186.58412098298675,228.89910207939505,10
506,Tre Mann,Charlotte Hornets,PG,113,312,41,93,454.59999999999997,18,22,588.3,13,38,366.7,4,32,36,53,12,20,27,3,-56,202,149,166,89,225.3860345169609,12.136480856972826,26.143820670501885,14.127157310057529,385.24261059313625,250.93056933148182,354.48879190636774,43.48958539972227,10
507,Trendon Watford,Brooklyn Nets,PF,123,260,46,88,526.1,22,33,493.8,9,21,340.0,8,48,56,24,25,6,24,5,-67,203,179,147,80,346.7616813661099,156.50478513792456,42.772752861700134,5.362544567461062,956.0846312629011,747.160630512291,440.62469506474014,314.3385250516044,10
508,Trent Forrest,Atlanta Hawks,G,24,126,11,28,366.6,2,3,100.0,0,3,0.0,5,12,17,35,2,4,8,1,-25,76,41,59,52,30.69559864573715,12.694675284702985,66.63004001231148,0.0,151.2071406586642,30.62880886426593,137.7177593105571,92.8808864265928,10
509,Trevelin Queen,Orlando Magic,SG,0,13,0,3,0.0,0,0,0.0,0,2,0.0,0,1,1,1,1,0,0,0,-17,2,1,1,2,0.0,0.5918367346938775,0.7551020408163267,0.0,0.04081632653061227,0.5918367346938775,0.7551020408163267,0.04081632653061227,2
510,Trey Jemison,Memphis Grizzlies,C,71,282,31,64,450.5,9,10,450.0,0,0,0.0,34,38,72,16,26,6,15,13,-71,159,143,87,88,223.94800344728526,100.57167480609021,11.3725940821603,0.0,507.6245331801207,491.33783395575983,208.10140764148233,144.07756391841426,10
511,Trey Lyles,Sacramento Kings,PF,77,210,27,65,403.9,7,9,350.0,16,42,407.5,15,31,46,19,11,5,7,5,66,142,123,96,65,186.2071406586642,77.11111111111111,22.168359495229303,6.483225607879348,454.8753462603878,331.47029855340105,296.51277316097264,112.37888581101878,10
512,Trey Murphy III,New Orleans Pelicans,SG,180,370,57,118,477.1,31,34,748.2,35,83,411.7,10,52,62,27,14,14,8,3,20,269,242,207,89,512.3335180055402,39.60997229916897,8.133518005540166,28.058171745152354,720.8171745152355,639.1800554016621,588.7340720221606,52.98005540166205,10
513,Tristan Thompson,Cleveland Cavaliers,C,24,90,11,22,301.3,2,8,100.0,0,0,0.0,14,17,31,9,8,3,4,3,-42,64,55,33,40,60.53550295857988,31.3491124260355,3.414201183431952,0.0,124.60355029585799,130.4319526627219,53.70414201183432,35.76627218934911,8
514,Troy Brown Jr.,Detroit Pistons,SF,45,244,16,57,221.7,5,6,250.0,8,27,170.8,7,31,38,13,8,15,6,1,-54,96,83,58,51,177.0165289256198,22.691000918273645,14.277777777777777,21.706152433425157,233.17355371900828,187.2089072543618,196.9003673094582,63.0495867768595,10
515,TyTy Washington Jr.,Milwaukee Bucks,G,11,38,5,13,145.0,0,0,0.0,1,4,100.0,1,2,3,5,1,1,0,0,-2,19,14,16,8,24.801600000000004,2.7983999999999996,4.4399999999999995,0.7823999999999999,40.5904,28.1824,40.1376,4.3104000000000005,4
516,Tyler Herro,Miami Heat,PG,207,336,74,161,455.3,33,37,691.7,26,73,372.0,2,50,52,49,16,1,22,1,66,308,259,256,101,254.57612456747407,18.12629757785467,36.91695501730104,10.512110726643598,310.2837370242214,290.598615916955,260.0501730103806,69.25432525951557,10
517,Tyrese Haliburton,Indiana Pacers,PG,187,319,64,136,466.4,27,32,803.4,32,84,363.7,3,36,39,92,15,14,21,7,86,318,226,279,131,487.4140625,38.90625,79.6015625,29.9890625,592.0,613.1015625,491.90625,92.9140625,10
518,Tyrese Maxey,Philadelphia 76ers,PG,272,394,101,217,465.7,40,47,775.0,30,86,370.3,4,31,35,59,22,11,12,5,77,366,307,331,94,1280.7296171394564,64.50446340011902,99.23011307280301,22.4463400119024,1918.2289228327713,1666.6496726839914,1445.3856377702837,250.6578059908748,10
519,Tyus Jones,Washington Wizards,PG,91,313,36,84,402.0,4,4,300.0,15,43,360.8,3,22,25,97,4,9,13,2,-70,213,116,188,122,345.04336734693874,43.53316326530612,160.5,20.959183673469386,776.265306122449,542.0510204081633,542.9719387755102,240.3188775510204,10
520,Udoka Azubuike,Phoenix Suns,C,2,11,1,3,33.3,0,2,0.0,0,0,0.0,2,4,6,0,1,0,0,0,-3,8,8,2,6,3.305785123966942,28.76859504132231,0.0,0.0,51.578512396694215,51.578512396694215,3.305785123966942,28.76859504132231,1
521,Usman Garuba,Golden State Warriors,PF,1,5,0,1,0.0,1,2,50.0,0,0,0.0,0,4,4,0,0,0,0,2,7,5,5,1,4,0.01777777777777777,5.444444444444443,0.017777777777777778,0.0,5.4444444444444455,6.084444444444445,0.0,4.840000000000001,1
522,Vasilije Micic,Charlotte Hornets,G,91,279,33,88,344.9,13,17,425.0,12,42,264.0,3,19,22,77,19,9,23,1,-74,190,113,168,99,231.96490946963627,22.29322224002564,138.8881589488864,11.724082679057842,671.192757570902,284.3190193879186,567.0200288415318,213.0,10
523,Victor Wembanyama,San Antonio Spurs,C,260,332,92,197,488.0,49,65,697.5,27,81,334.3,26,96,122,61,17,11,48,41,0,443,382,321,183,799.2360198686108,225.88944079474444,27.85851626341933,28.966992469155585,1765.3749399134756,1660.0198686107997,843.0083319980773,315.3307162313731,10
524,Vince Williams Jr.,Memphis Grizzlies,G,127,336,42,92,459.70000000000005,30,38,723.3,13,34,328.8,8,54,62,61,30,12,34,9,-54,250,189,188,123,231.93628808864267,72.8808864265928,35.61495844875347,18.00831024930748,492.2326869806094,474.07479224376726,226.76454293628805,131.82548476454295,10
525,Vit Krejci,Atlanta Hawks,G,63,247,24,46,483.7,1,1,100.0,14,31,320.8,6,23,29,21,23,6,9,0,-34,113,92,84,50,428.8506208911615,32.09678597516435,15.465668371073775,32.42111029948868,515.191015339664,475.8626734842951,451.6245434623813,64.11687363038715,10
526,Walker Kessler,Utah Jazz,C,72,234,31,42,737.5,10,12,500.0,0,0,0.0,22,52,74,12,20,3,11,12,-77,158,146,84,86,107.6064272961714,126.54671692124577,7.620313429875025,0.0,303.70283673874235,272.61456060305494,118.40388811743702,154.45784566554255,10
527,Wendell Carter Jr.,Orlando Magic,C,102,255,38,77,519.3,12,18,340.4,14,39,360.8,22,52,74,18,22,11,11,5,24,194,176,120,92,191.62688614540465,135.23456790123458,23.82685566224661,13.034293552812072,770.7614692882182,585.5610425240055,290.0975461057766,245.79119036732206,10
528,Wendell Moore Jr.,Minnesota Timberwolves,G,8,18,4,5,250.0,0,0,0.0,0,0,0.0,0,7,7,2,2,0,1,0,20,17,15,10,9,14.321361058601134,10.04536862003781,2.9314744801512287,0.0,53.540170132325144,43.943289224952736,18.099716446124766,18.795368620037802,3
529,Wenyen Gabriel,Memphis Grizzlies,F,17,81,8,22,168.3,0,5,0.0,1,6,50.0,7,18,25,3,10,2,8,2,-16,45,42,20,28,59.72702331961591,43.6159122085048,4.060356652949245,0.879286694101509,182.2098765432099,171.6858710562414,60.574759945130324,57.352537722908096,5
530,Wesley Matthews,Atlanta Hawks,SG,53,141,18,39,456.1,4,4,200.0,13,25,470.0,5,15,20,9,13,6,2,4,-15,82,73,62,29,116.19117123531507,30.911356354574583,13.11107155571378,8.223923104307584,189.41117835528658,182.96440014239943,119.76076895692418,46.8996084015664,10
531,Xavier Moon,LA Clippers,G,24,90,11,37,145.6,0,0,0.0,2,14,22.2,6,8,14,14,5,3,2,2,-24,52,38,38,28,155.89712619741778,30.891711786755515,38.486047480216584,3.5851728446480635,541.2124114952103,307.17117867555186,326.69387755102036,132.6222407330279,5
532,Xavier Tillman,Boston Celtics,F,44,114,19,37,492.7,1,3,50.0,5,14,223.3,4,16,20,12,6,4,2,4,4,76,64,56,32,112.837890625,28.7265625,3.83447265625,4.69775390625,182.41650390625,178.775390625,116.58447265625,32.45556640625,10
533,Yuta Watanabe,Memphis Grizzlies,SF,22,97,10,24,250.0,0,2,0.0,2,12,64.3,0,11,11,5,6,5,4,0,-36,38,33,27,16,115.08000000000001,11.27,3.75,1.4800000000000004,136.28,131.43,116.23000000000002,18.72,7
534,Zach Collins,San Antonio Spurs,PF,114,187,43,88,456.5,19,23,716.7,9,23,290.0,17,42,59,27,22,3,14,9,-6,200,173,141,86,319.8615916955017,75.58546712802769,15.387543252595155,7.276816608996539,548.4927335640139,619.7543252595156,285.33217993079586,54.24083044982699,10
535,Zavier Simpson,Memphis Grizzlies,G,42,162,17,54,192.7,3,4,75.0,5,17,108.3,4,16,20,25,11,7,10,3,-29,87,62,67,45,176.0,38.968934911242606,5.714497041420118,9.449704142011834,301.8165680473373,250.9689349112426,213.71449704142012,57.81656804733728,7
536,Zeke Nnaji,Denver Nuggets,PF,32,114,14,20,576.7,3,7,150.0,1,1,100.0,6,16,22,6,14,3,0,7,-1,60,54,38,28,47.75770686857761,28.077879935100054,6.4034613304488905,0.9004867495943755,137.06003244997297,129.58464034613306,45.71444023796647,44.0,10
537,Ziaire Williams,Memphis Grizzlies,F,103,270,39,94,389.0,13,16,421.4,12,46,213.7,6,38,44,20,15,12,15,0,-39,167,147,123,64,552.1,32.4,24.0,17.599999999999998,788.1,632.1,714.1,50.4,10
538,Zion Williamson,New Orleans Pelicans,PF,258,350,98,194,496.0,61,89,687.5,1,5,50.0,17,44,61,48,21,18,31,11,0,367,319,306,109,592.9806842570382,100.91213230652696,31.747254134578967,0.9192021209443252,824.6992803938897,819.6181037747759,565.5773260951901,165.14392122206795,10
