,First Last Name,team,position,points,minutes,fgm,fga,fgp,ftm,fta,ftp,tpm,tpa,tpp,offReb,defReb,totReb,assists,pFouls,steals,turnovers,blocks,plusMinus,Points_Rebounds_Assist,Points_Rebounds,Points_Assist,Rebounds_Assist,points_deviation,totReb_deviation,assists_deviation,tpm_deviation,Points_Rebounds_Assist_deviation,Points_Rebounds_deviation,Points_Assist_deviation,Rebounds_Assist_deviation,count
0,A. Flagler,Oklahoma City Thunder,F,0,6,0,3,0.0,0,0,0.0,0,3,0.0,0,0,0,1,0,0,0,0,0,1,0,1,1,0.0,0.0,0.0,0.0,0.0,0.0,0.0,0.0,1
1,A.J. Green,Milwaukee Bucks,G,54,147,17,42,404.8,7,8,266.7,13,35,339.3,2,14,16,6,9,3,3,1,25,76,70,60,22,256.4140625,18.6640625,9.625,24.2890625,380.65625,374.15625,260.9765625,30.2265625,10
2,A.J. Lawson,Dallas Mavericks,G,26,47,11,24,323.3,2,6,100.0,2,8,100.0,2,7,9,3,5,1,0,1,2,38,35,29,12,45.109375,7.75,2.359375,1.77734375,67.9375,59.484375,49.9375,13.734375,7
3,Aaron Gordon,Denver Nuggets,PF,139,323,54,100,592.7,25,38,596.7,6,20,191.6,27,42,69,42,21,2,16,4,52,250,208,181,111,218.96799015081564,95.06401969836872,43.87196060326254,4.483225607879348,312.4432132963989,401.62080640196984,146.96799015081564,121.75838719606033,10
4,Aaron Holiday,Houston Rockets,G,70,161,24,57,357.6,14,14,500.0,8,27,268.3,5,11,16,22,16,7,4,1,30,108,86,92,38,294.84287200832466,24.62018730489074,31.633714880332985,9.74245577523413,521.0489073881374,462.324661810614,354.1394380853278,55.681581685744014,10
5,Aaron Nesmith,Indiana Pacers,SF,122,316,42,100,431.2,17,17,600.0,21,57,383.7,8,29,37,19,36,6,7,11,67,178,159,141,56,108.16518333926665,12.890352438590243,13.965468138127447,9.207903168387327,108.96760412958349,110.9188323246707,96.97864008543966,36.091135635457455,10
6,Aaron Wiggins,Oklahoma City Thunder,SG,67,159,27,44,585.8,6,9,180.0,7,14,241.7,9,13,22,14,5,7,12,4,15,103,89,81,36,244.41736028537454,14.21640903686088,9.08680142687277,13.461355529131986,350.08917954815695,363.77526753864447,235.63258026159335,18.401902497027347,10
7,Admiral Schofield,Orlando Magic,SF,8,18,3,6,116.7,0,0,0.0,2,4,150.0,0,4,4,1,1,1,0,0,-20,13,12,9,5,16.08,0.9075,0.7200000000000002,0.88,23.2675,19.4675,18.320000000000004,3.1875,3
8,Al Horford,Boston Celtics,C,114,292,42,78,566.4,8,8,400.0,22,46,482.6,14,45,59,21,16,9,9,7,57,194,173,135,80,450.8,75.05625,19.20625,33.75625,546.5,492.15625,506.50624999999997,92.9,10
9,Alec Burks,New York Knicks,SG,71,130,23,74,271.7,14,19,446.4,11,40,257.5,2,16,18,9,2,3,4,0,-23,98,89,80,27,284.98771266540643,20.844045368620037,3.2495274102079392,8.866729678638942,488.51417769376184,440.6370510396975,323.1351606805293,33.82325141776937,10
10,Aleksej Pokusevski,Charlotte Hornets,F,66,196,24,55,507.9,12,16,466.7,6,22,283.3,11,30,41,19,9,11,9,6,-56,126,107,85,60,86.40816326530613,29.0,16.951020408163266,2.4000000000000004,222.4,172.15102040816328,122.6,60.00816326530612,10
11,Alex Caruso,Chicago Bulls,SG,138,331,48,93,503.3,10,12,350.0,32,58,535.0,7,38,45,51,28,21,19,4,5,234,183,189,96,362.93611111111113,28.969444444444445,17.744444444444447,41.1111111111111,607.1111111111112,474.81111111111113,463.925,78.025,10
12,Alex Len,Sacramento Kings,C,30,109,11,15,466.7,8,9,450.0,0,0,0.0,7,18,25,10,16,2,4,12,12,65,55,40,35,76.47603305785124,20.500826446280993,18.119008264462813,0.0,170.6396694214876,135.01652892561984,104.11900826446282,46.6,10
13,Alondes Williams,Miami Heat,G,0,6,0,1,0.0,0,0,0.0,0,1,0.0,0,1,1,0,0,0,1,0,-2,1,1,0,1,2.25,0.765625,0.0,0.0,0.390625,0.390625,2.25,0.765625,1
14,Alperen Sengun,Houston Rockets,C,209,324,81,157,512.7,43,68,622.9,4,12,200.0,39,68,107,45,36,16,26,7,2,361,316,254,152,847.1723356009071,197.81632653061226,123.77551020408163,4.408163265306122,1935.0226757369614,1622.4580498866212,993.7777777777778,487.5510204081633,10
15,Amari Bailey,Charlotte Hornets,G,2,6,1,3,33.3,0,0,0.0,0,2,0.0,0,0,0,1,0,1,0,0,7,3,2,3,1,2.5600000000000005,0.0,0.5625,0.0,5.522500000000001,2.5600000000000005,5.522500000000001,0.5625,1
16,Amen Thompson,Houston Rockets,F,151,292,61,105,601.9,29,38,679.7,0,5,0.0,42,54,96,29,23,13,14,3,80,276,247,180,125,519.965482489292,96.34719072814312,30.927437641723355,0.04031242126480221,991.1383219954648,906.641723356009,539.7243638196019,192.01234567901236,10
17,Amir Coffey,LA Clippers,SG,60,232,22,49,457.5,3,4,150.0,13,31,351.7,4,17,21,17,16,5,8,3,-28,98,81,77,38,130.54224058769512,31.061983471074377,12.294306703397615,14.11799816345271,147.91965105601471,119.95684113865934,174.25987144168963,27.601469237832873,10
18,Andre Drummond,Chicago Bulls,C,92,166,34,60,590.6,24,32,634.2,0,0,0.0,29,59,88,6,17,5,6,6,30,186,180,98,94,140.10197710718003,64.27679500520293,8.401664932362124,0.0,351.1071800208117,276.35587929240376,198.27679500520293,89.25494276795007,10
19,Andre Jr. Jackson,Milwaukee Bucks,G,10,69,4,9,333.3,0,0,0.0,2,5,200.0,3,9,12,10,6,3,3,0,-10,32,22,20,22,13.598615916955021,6.3321799307958475,6.4498269896193765,1.6124567474048441,33.01038062283737,30.311418685121104,17.07958477508651,12.0,6
20,Andrew Nembhard,Indiana Pacers,PG,114,294,47,88,538.9,7,9,250.0,13,35,398.3,3,21,24,33,24,8,8,1,30,171,138,147,57,158.420395421436,34.403746097814775,17.291363163371486,6.100936524453694,387.91987513007285,313.6066597294485,219.0,65.42872008324662,10
21,Andrew Wiggins,Golden State Warriors,SF,149,281,55,129,419.1,23,29,481.4,16,44,328.3,21,43,64,16,16,6,12,8,26,229,213,165,80,381.125,33.425000000000004,52.94444444444444,14.425,725.0777777777778,497.0,570.5694444444445,125.00277777777778,10
22,Anfernee Simons,Portland Trail Blazers,SG,234,361,80,177,436.7,36,39,757.1,38,94,405.4,4,33,37,64,19,7,30,1,-38,335,271,298,101,935.5240670632775,28.301243915630067,125.20497566252028,19.635478637101134,1764.6960519199567,1205.978907517577,1461.0362358031368,186.71119524067063,10
23,Anthony Black,Orlando Magic,G,44,174,15,42,382.6,6,13,183.3,8,19,275.0,6,19,25,8,9,6,8,2,0,77,69,52,33,109.14127423822713,68.52354570637118,3.6398891966758997,10.664819944598337,284.8836565096953,249.11080332409972,139.41828254847647,77.65927977839335,10
24,Anthony Davis,Los Angeles Lakers,PF,242,369,94,173,561.3,46,56,825.7,8,21,270.8,38,116,154,33,20,15,23,21,61,429,396,275,187,521.6461374154503,350.53186187255255,28.11285154859381,7.70380918476326,1568.0843716625134,1488.505517977928,550.6076895692416,429.2620149519402,10
25,Anthony Edwards,Minnesota Timberwolves,SG,250,365,97,206,459.4,36,50,657.3,20,66,356.1,12,65,77,60,14,13,31,8,28,387,327,310,137,605.0027777777777,95.83611111111112,23.6,25.111111111111114,813.7111111111111,763.9777777777778,662.0694444444445,112.10277777777777,10
26,Anthony Gill,Washington Wizards,PF,67,145,26,55,430.2,9,11,260.0,6,17,275.0,14,15,29,12,19,6,9,0,-16,108,96,79,41,359.40625,47.9765625,18.944444444444443,4.816840277777779,683.9418402777778,602.7890625,416.9340277777778,90.54600694444443,10
27,Ashton Hagans,Portland Trail Blazers,G,57,203,20,46,387.7,10,11,450.0,7,16,266.7,8,24,32,39,26,8,24,8,1,128,89,96,71,156.27777777777777,16.144444444444446,39.74444444444444,8.144444444444444,319.70000000000005,222.24444444444444,244.84444444444443,64.77777777777779,10
28,Ausar Thompson,Detroit Pistons,F,103,314,42,87,508.0,11,25,325.0,8,29,195.3,15,44,59,21,26,17,14,11,-6,183,162,124,80,121.7,31.399999999999995,24.125,8.5,347.72499999999997,237.7,200.02499999999998,87.225,10
29,Austin Reaves,Los Angeles Lakers,SG,179,359,60,132,444.1,38,43,900.0,21,66,261.2,8,60,68,61,15,4,22,5,67,308,247,240,129,439.9884439666756,149.8667024993281,68.18892770760549,42.96990056436442,997.2717011556034,809.631013168503,600.386992743886,245.2977694168234,10
30,Ayo Dosunmu,Chicago Bulls,SG,191,373,74,134,539.3,24,26,750.0,19,45,378.7,5,22,27,48,26,9,16,4,-4,266,218,239,75,771.719562955255,8.213319458896983,65.65036420395421,25.96149843912591,908.6040582726326,732.7747138397502,962.5978147762747,58.81477627471384,10
31,Bam Adebayo,Miami Heat,C,189,328,77,129,610.6,26,42,583.2,9,16,550.0,25,100,125,39,16,16,18,10,28,353,314,228,164,131.125,94.09763313609467,50.90236686390532,5.604289940828402,286.4563609467456,160.22263313609466,274.02736686390534,128.33136094674555,10
32,Ben Sheppard,Indiana Pacers,G,50,186,19,49,365.0,6,6,300.0,6,32,186.6,2,15,17,14,17,5,3,0,26,81,67,64,31,108.0258546394714,20.131284113760415,14.931341568514794,2.9313415685147945,195.4550416546969,158.1002585463947,154.72278081011206,25.7204826199368,10
33,Ben Simmons,Brooklyn Nets,PG,53,168,24,38,521.1,5,11,150.0,0,0,0.0,15,39,54,46,20,9,12,4,-5,153,107,99,100,134.88888888888889,64.0,78.88888888888889,0.0,382.0,162.8888888888889,300.0,196.88888888888889,9
34,Bennedict Mathurin,Indiana Pacers,SG,139,275,44,115,340.3,35,45,614.5,16,44,245.0,10,33,43,23,24,7,17,4,-18,205,182,162,66,753.4765625,123.6015625,38.125,30.4140625,1418.90625,1097.65625,970.9140625,265.5390625,10
35,Bilal Coulibaly,Washington Wizards,SG,90,289,30,76,451.5,19,27,633.3,11,39,238.3,9,30,39,18,22,12,8,7,-98,147,129,108,57,127.37777777777777,38.5,16.0,13.177777777777775,337.8777777777778,291.7444444444444,166.31111111111107,61.699999999999996,10
36,Bismack Biyombo,Oklahoma City Thunder,C,4,36,1,4,33.3,2,4,100.0,0,0,0.0,3,2,5,2,6,1,4,1,3,11,9,6,7,6.011834319526627,5.449704142011834,1.5029585798816567,0.0,34.95266272189349,22.11242603550296,13.52662721893491,12.278106508875739,5
37,Blake Wesley,San Antonio Spurs,G,41,144,13,35,315.7,12,16,525.0,3,9,150.0,4,17,21,23,12,4,6,2,-6,85,62,64,44,149.041015625,19.33837890625,29.369140625,4.1015625,231.20556640625,167.68212890625,214.65625,46.61572265625,10
38,Boban Marjanovic,Houston Rockets,C,3,7,1,1,100.0,1,2,50.0,0,0,0.0,0,3,3,0,0,0,1,0,-3,6,6,3,3,1.41015625,5.0625,0.0,0.0,11.81640625,11.81640625,1.41015625,5.0625,1
39,Bobby Portis,Milwaukee Bucks,F,140,248,60,118,498.9,9,13,375.0,11,22,333.4,18,62,80,10,22,11,14,3,19,230,220,150,90,548.0196195005946,122.50237812128418,6.582639714625445,23.4179548156956,879.410225921522,926.0,532.3478002378122,98.16706302021403,10
40,Bogdan Bogdanovic,Atlanta Hawks,SG,189,345,68,155,434.4,19,22,356.7,34,82,429.6,13,33,46,45,22,12,15,1,31,280,235,234,91,708.1962079862109,67.26975007181844,50.98218902614191,25.619074978454467,984.7446136167769,955.2734846308532,719.7184717035334,136.20080436656133,10
41,Bojan Bogdanovic,New York Knicks,SF,64,158,25,65,344.1,5,7,200.0,9,30,228.6,2,12,14,10,8,0,15,0,14,88,78,74,24,379.030612244898,14.028698979591837,6.385841836734693,18.71747448979592,450.45918367346945,403.1868622448979,424.71747448979596,22.0,10
42,Bol Bol,Phoenix Suns,C,51,115,18,30,456.7,6,7,275.0,9,15,400.0,5,23,28,5,9,0,4,6,-2,84,79,56,33,220.0115702479339,18.380165289256198,4.520661157024793,8.907438016528927,359.72561983471076,338.8578512396694,236.39999999999998,27.380165289256198,10
43,Bones Hyland,LA Clippers,PG,65,161,24,62,368.1,4,6,200.0,13,36,313.8,1,16,17,31,15,10,14,1,0,113,82,96,48,330.905325443787,17.84681130834977,89.00657462195925,20.91715976331361,893.3905325443786,485.29257067718606,668.5667324128863,177.28994082840237,10
44,Bradley Beal,Phoenix Suns,SG,140,337,56,114,479.5,12,14,433.3,16,42,348.1,10,31,41,66,16,10,25,7,14,247,181,206,107,350.3225607879347,20.942136041859033,66.40196983687288,8.587257617728532,277.52016004924593,328.08033240997224,326.98060941828254,60.12588488765774,10
45,Brandin Podziemski,Golden State Warriors,G,66,250,27,67,388.0,3,5,150.0,9,29,223.3,20,35,55,26,16,11,9,1,0,147,121,92,81,174.46359284454522,61.029730410682795,33.777777777777786,10.927437641723355,446.7777777777778,358.11111111111114,253.75459813555054,104.18316956412194,10
46,Brandon Boston Jr.,LA Clippers,SG,59,135,24,55,462.1,7,14,350.0,4,15,150.0,5,14,19,3,15,3,4,6,-17,81,78,62,22,129.24251278305331,26.39371804236669,2.2227903579254926,4.423666910153397,236.43024105186268,201.31775018261504,150.89846603360118,42.07304601899197,10
47,Brandon Clarke,Memphis Grizzlies,PF,19,41,9,16,109.6,1,3,50.0,0,2,0.0,3,6,9,4,3,2,0,1,9,32,28,23,13,27.222222222222218,0.5555555555555558,2.2222222222222223,0.0,35.55555555555556,20.0,45.0,0.5555555555555558,2
48,Brandon Ingram,New Orleans Pelicans,SF,180,306,68,138,496.2,36,43,724.5,8,27,260.0,6,50,56,54,24,6,19,7,49,290,236,234,110,670.2437673130194,25.364265927977836,44.40443213296399,6.5318559556786715,720.3393351800554,826.6662049861496,558.8476454293628,74.83795013850416,10
49,Brandon Miller,Charlotte Hornets,F,172,326,62,154,398.5,18,25,505.0,30,83,320.8,9,37,46,27,23,8,14,6,-96,245,218,199,73,522.307438016529,40.40330578512397,41.357024793388426,34.16198347107437,844.7553719008264,804.7206611570248,554.8710743801653,89.23140495867769,10
50,Brandon Williams,Dallas Mavericks,G,7,24,2,9,83.3,3,4,100.0,0,2,0.0,1,1,2,4,1,0,1,0,-12,13,9,11,6,18.22448979591837,3.183673469387756,4.081632653061224,0.0,30.46938775510204,15.448979591836734,29.0,11.510204081632653,4
51,Braxton Key,Denver Nuggets,F,2,6,1,1,100.0,0,1,0.0,0,0,0.0,1,1,2,0,1,0,0,0,2,4,4,2,2,0.4792899408284023,0.8520710059171599,0.14792899408284024,0.14792899408284024,1.5147928994082842,2.609467455621302,0.09467455621301776,0.28994082840236696,1
52,Brice Sensabaugh,Utah Jazz,F,82,225,28,86,317.3,16,19,413.3,10,50,203.3,6,36,42,27,12,6,22,2,-101,151,124,109,69,464.3923900118906,49.11831153388823,23.361474435196197,22.50237812128419,538.088585017836,499.524970273484,480.98810939357907,94.44768133174793,10
53,Brook Lopez,Milwaukee Bucks,C,111,287,38,71,547.3,16,18,533.4,19,44,465.0,11,37,48,17,25,4,14,14,1,176,159,128,65,177.77685950413223,27.76198347107438,28.2396694214876,15.416528925619836,308.5123966942149,229.30413223140494,245.88429752066116,67.10247933884297,10
54,Bruce Brown,Toronto Raptors,SF,115,287,45,88,509.1,16,22,533.3,9,18,375.0,9,29,38,39,19,8,21,1,-113,192,153,154,77,190.60069444444443,78.5,34.85850694444444,9.444444444444446,529.6293402777777,363.85069444444446,331.0043402777778,138.73350694444446,10
55,Bruno Fernando,Atlanta Hawks,PF,86,197,36,55,658.0,14,20,441.7,0,1,0.0,21,41,62,16,32,11,16,10,-2,164,148,102,78,384.2448979591836,59.278698979591844,7.278698979591836,0.0,397.8698979591836,402.4725765306123,391.5746173469388,54.625,10
56,Bryce McGowens,Charlotte Hornets,G,44,137,14,31,273.7,12,16,391.7,4,15,80.0,2,19,21,7,14,5,2,3,-10,72,65,51,28,234.67455621301772,28.97633136094674,6.360946745562131,6.831360946745562,407.905325443787,384.94082840236683,256.97633136094674,36.0,10
57,Buddy Boeheim,Detroit Pistons,F,19,40,6,14,83.3,2,2,100.0,5,13,76.19999999999999,0,6,6,3,3,0,0,1,12,28,25,22,9,73.59504132231402,4.231404958677686,6.322314049586777,4.47107438016529,158.44628099173553,106.65289256198349,119.83471074380166,16.107438016528928,2
58,Buddy Hield,Philadelphia 76ers,SG,103,214,40,82,488.7,4,4,300.0,19,51,393.1,9,16,25,17,17,3,9,5,-31,145,128,120,42,123.0,25.224852071005916,14.136094674556215,11.113609467455621,210.62130177514794,168.84023668639054,147.59763313609466,56.544378698224854,10
59,CJ McCollum,New Orleans Pelicans,SG,208,351,80,177,449.9,12,13,375.0,36,90,376.0,2,35,37,52,16,8,15,3,42,297,245,260,89,504.26944444444445,41.21111111111111,44.1,34.425000000000004,859.7694444444445,554.8361111111111,807.3361111111111,87.17777777777778,10
60,Cade Cunningham,Detroit Pistons,PG,237,317,89,212,416.7,41,45,809.7,18,59,272.1,9,45,54,78,17,9,32,2,-25,369,291,315,132,630.9101239669421,53.23657024793389,66.625,15.65289256198347,883.4142561983471,748.2892561983471,690.7851239669423,195.11157024793386,10
61,Caleb Houstan,Orlando Magic,G,46,161,15,36,368.3,2,2,100.0,14,34,360.0,6,10,16,4,15,3,2,2,26,66,62,50,20,94.95625,30.624999999999996,2.8000000000000007,10.70625,197.65625000000003,177.15625,103.65625,45.224999999999994,10
62,Caleb Martin,Miami Heat,SF,89,266,33,89,361.1,12,14,575.0,11,43,320.0,13,33,46,25,10,10,11,3,-10,160,135,114,71,248.93964334705078,48.84567901234568,41.73799725651577,8.92318244170096,584.5,404.7194787379973,395.2345679012346,124.06927297668038,10
63,Cam Reddish,Los Angeles Lakers,SF,30,155,9,28,213.3,6,12,141.7,6,17,216.6,7,6,13,1,8,5,2,6,-16,44,43,31,14,124.1015625,20.822265625,0.947265625,5.2265625,127.65625,115.306640625,138.681640625,19.5390625,10
64,Cam Thomas,Brooklyn Nets,SG,264,365,91,198,456.7,58,65,894.0,24,64,345.7,7,45,52,44,25,7,21,1,-8,360,316,308,96,337.36400000000003,62.22400000000001,23.695999999999998,28.976,378.64399999999983,267.476,479.23600000000005,55.215999999999994,10
65,Cam Whitmore,Houston Rockets,F,126,201,48,112,411.4,17,27,376.7,13,48,248.1,17,29,46,6,10,8,13,3,15,178,172,132,52,207.1020408163265,60.40362811791383,2.4444444444444446,12.356009070294784,334.0,335.1111111111111,215.1655328798186,53.6734693877551,10
66,Cameron Johnson,Brooklyn Nets,SF,131,263,41,97,431.4,25,29,725.0,24,61,397.7,6,34,40,17,15,9,11,3,-30,188,171,148,57,265.05625000000003,34.625,15.90625,12.5,538.625,417.05625,352.5,84.65625,10
67,Cameron Payne,Philadelphia 76ers,PG,109,186,41,88,505.5,5,6,175.0,22,46,406.6,3,11,14,29,16,5,14,3,-30,152,123,138,43,539.8037288989669,22.595112118921644,16.934492315444697,37.807508188460574,705.5444696397078,653.9795918367348,576.7326782564878,54.16553287981859,10
68,Caris LeVert,Cleveland Cavaliers,SG,123,324,44,112,367.1,24,31,440.2,11,47,226.7,8,43,51,77,21,15,23,8,-1,251,174,200,128,561.1511479591837,28.387755102040813,104.61479591836735,8.941326530612244,1069.1358418367347,692.421556122449,885.0389030612245,185.82908163265304,10
69,Cason Wallace,Oklahoma City Thunder,G,73,221,28,58,507.7,2,4,100.0,15,31,499.3,7,19,26,14,17,11,8,4,10,113,99,87,40,165.30839002267575,10.59511211892164,20.458049886621314,18.95918367346939,249.7901234567901,229.27462836986646,178.83673469387756,38.0403124212648,10
70,Cedi Osman,San Antonio Spurs,SF,66,172,26,50,490.4,1,2,50.0,13,29,323.7,3,23,26,11,16,4,5,2,-44,103,92,77,37,226.82908163265307,38.441326530612244,32.5,18.115433673469386,406.3469387755102,304.704081632653,290.1862244897959,109.22704081632654,10
71,Charlie Brown Jr.,New York Knicks,G,3,27,1,5,20.0,0,0,0.0,1,3,33.3,1,1,2,0,4,0,0,1,-6,5,5,3,2,6.12,2.7200000000000006,0.0,0.6800000000000002,17.0,17.0,6.12,2.7200000000000006,2
72,Chet Holmgren,Oklahoma City Thunder,PF,150,287,54,109,442.7,30,35,633.3,12,41,270.1,13,74,87,14,22,6,14,17,51,251,237,164,101,855.1020408163265,100.21995464852607,17.949609473419,9.703199798437893,1547.722096245906,1390.8866213151928,972.6752330561854,157.4318468127992,10
73,Chimezie Metu,Detroit Pistons,PF,46,155,17,40,268.0,11,12,387.5,1,14,33.3,5,22,27,13,18,8,9,4,-28,86,73,59,40,138.3984375,30.0859375,7.5859375,0.8359375,294.8984375,261.09375,167.875,42.0,6
74,Chimezie Metu,Phoenix Suns,PF,6,29,3,5,150.0,0,0,0.0,0,0,0.0,2,9,11,2,2,2,3,0,-7,19,17,8,13,67.07421875,19.48046875,4.60546875,0.10546875,156.44921875,108.421875,106.1875,33.0,3
75,Chris Boucher,Toronto Raptors,PF,69,120,25,35,573.3,15,18,500.0,4,12,216.7,13,27,40,5,11,1,9,5,7,114,109,74,45,142.20987654320987,47.580246913580254,5.913580246913581,4.0246913580246915,410.0,329.0246913580247,192.69135802469134,83.98765432098766,8
76,Chris Duarte,Sacramento Kings,SG,57,131,20,48,444.2,5,6,250.0,12,32,422.7,7,16,23,7,10,4,3,3,-29,87,80,64,30,140.6457100591716,43.053994082840234,8.360946745562131,6.0,349.90828402366867,283.9556213017751,180.52440828402365,77.48890532544378,10
77,Chris Livingston,Milwaukee Bucks,F,0,6,0,2,0.0,0,0,0.0,0,2,0.0,0,1,1,1,4,0,1,0,-10,2,1,1,2,1.0,0.390625,0.765625,0.0,0.25,0.140625,0.015625,2.25,1
78,Chris Paul,Golden State Warriors,PG,85,234,37,76,454.8,1,2,50.0,10,25,348.3,4,40,44,58,21,5,13,0,-11,187,129,143,102,169.6497292794669,20.42399000416493,111.40191586838816,6.26655560183257,418.80591420241564,262.62349021241147,321.81632653061223,135.8417326114119,10
79,Christian Braun,Denver Nuggets,G,88,221,35,67,523.1,8,14,275.0,10,21,483.3,14,27,41,18,19,7,9,3,-5,147,129,106,59,320.08324661810616,37.0,32.081165452653494,4.5098855359001035,707.8033298647242,474.05098855359006,508.996878251821,113.91987513007282,10
80,Christian Wood,Los Angeles Lakers,F,59,133,22,51,477.0,11,14,450.0,4,19,225.0,6,28,34,6,12,5,5,2,-14,99,93,65,40,153.90277777777777,54.402777777777786,4.625,2.4444444444444446,305.125,285.0,156.7777777777778,76.27777777777777,10
81,Chuma Okeke,Orlando Magic,PF,2,40,0,6,0.0,2,2,100.0,0,5,0.0,0,5,5,2,2,2,3,0,-23,9,7,4,7,3.4650205761316872,3.0000000000000004,1.4650205761316875,0.008230452674897118,7.666666666666668,6.8353909465020575,3.333333333333334,5.42798353909465,6
82,Clint Capela,Atlanta Hawks,C,122,268,54,91,616.4,14,28,380.0,0,1,0.0,50,64,114,20,18,9,12,17,43,256,236,142,134,27.871960603262544,49.07417666974453,14.307787011388118,0.0,152.0,98.20252385349337,48.758387196060326,96.29301323484148,10
83,Coby White,Chicago Bulls,PG,165,357,58,154,382.9,28,32,776.7,21,64,339.8,7,35,42,47,26,6,19,2,-32,254,207,212,89,157.67100694444449,22.858506944444443,88.17100694444446,9.902777777777779,345.2335069444445,219.125,287.6840277777777,107.125,10
84,Cody Martin,Charlotte Hornets,SF,69,285,28,76,367.2,6,7,250.0,7,30,228.2,6,44,50,42,15,11,20,7,-28,161,119,111,92,111.0,28.18685121107267,64.68512110726644,2.6816608996539792,183.02076124567472,112.9515570934256,173.33217993079583,100.60899653979239,10
85,Cody Zeller,New Orleans Pelicans,C,7,31,3,6,200.0,1,2,50.0,0,0,0.0,5,10,15,3,5,2,3,0,14,25,22,10,18,3.2091836734693877,5.25,3.494897959183673,0.0,19.08673469387755,12.673469387755102,6.408163265306122,11.959183673469386,5
86,Colby Jones,Sacramento Kings,G,6,25,3,10,116.6,0,0,0.0,0,2,0.0,3,4,7,5,4,0,1,0,-3,18,13,11,12,4.589792060491494,5.850661625708886,1.7939508506616257,0.0,27.349716446124766,17.880907372400756,9.960302457466918,11.742911153119092,4
87,Cole Anthony,Orlando Magic,PG,136,227,50,107,456.7,14,19,387.5,22,49,387.0,10,32,42,24,13,5,8,6,55,202,178,160,66,408.18713017751475,39.81360946745562,30.648668639053255,29.45562130177515,778.9378698224853,587.0924556213018,561.1715976331361,109.32322485207101,10
88,Cole Swider,Miami Heat,F,19,44,6,16,104.7,2,2,100.0,5,13,116.7,0,5,5,1,1,0,4,0,-18,25,24,20,6,140.55555555555554,2.0617283950617287,0.904320987654321,12.555555555555557,165.8672839506173,169.65432098765433,136.60802469135803,3.126543209876543,5
89,Colin Castleton,Los Angeles Lakers,C,0,6,0,1,0.0,0,0,0.0,0,0,0.0,0,1,1,0,3,1,1,0,-4,1,1,0,1,0.02040816326530612,0.7346938775510206,0.0,0.0,0.5102040816326531,0.5102040816326531,0.02040816326530612,0.7346938775510206,1
90,Collin Gillespie,Denver Nuggets,G,53,125,19,43,306.4,4,7,200.0,11,25,283.3,0,15,15,18,12,7,9,0,24,86,68,71,33,232.20987654320987,12.87928669410151,37.69821673525377,14.599451303155004,386.39780521262,268.61179698216733,323.5541838134431,77.01920438957475,8
91,Collin Sexton,Utah Jazz,PG,229,339,91,167,548.4,31,37,793.3,16,43,312.4,9,20,29,62,19,10,25,3,-87,320,258,291,91,92.37759515570936,26.922145328719722,51.71842560553633,24.67128027681661,206.31314878892732,162.01600346020757,134.3771626297578,80.93814878892734,10
92,Corey Kispert,Washington Wizards,SF,150,340,56,116,480.7,11,23,383.3,27,67,402.40000000000003,4,30,34,15,24,10,13,3,-61,199,184,165,49,232.06103515625,100.447265625,10.978515625,18.103515625,490.23681640625,470.61572265625,233.38134765625,129.7265625,10
93,Cory Joseph,Golden State Warriors,PG,27,71,10,16,316.7,0,0,0.0,7,11,316.7,2,9,11,6,6,0,1,0,9,44,38,33,17,31.2,10.8,2.8000000000000003,3.2,28.8,47.2,21.2,5.2,5
94,Craig Jr. Porter,Cleveland Cavaliers,G,64,136,27,52,425.3,5,6,300.0,5,12,175.0,6,17,23,24,4,3,8,2,-29,111,87,88,47,343.30625,40.1,18.799999999999997,9.399999999999999,668.70625,551.50625,446.90625,72.5,10
95,D'Angelo Russell,Los Angeles Lakers,PG,203,358,68,159,405.9,28,32,750.0,39,89,403.7,7,34,41,74,23,12,24,4,39,318,244,277,115,1205.0,30.42809917355372,105.72231404958679,61.198347107438025,1986.7206611570248,1447.1735537190082,1706.5041322314048,174.19338842975205,10
96,D.J. Carton,Toronto Raptors,G,8,31,2,7,83.3,3,4,150.0,1,4,50.0,2,1,3,3,1,1,1,0,-30,14,11,11,6,8.666666666666668,2.0,2.0,0.6666666666666667,8.666666666666666,2.6666666666666665,18.666666666666668,0.0,3
97,D.J. Wilson,Philadelphia 76ers,F,10,14,4,6,66.7,0,0,0.0,2,2,100.0,1,1,2,2,1,0,0,2,4,14,12,12,4,19.75308641975309,0.7901234567901234,0.7901234567901234,0.7901234567901234,38.71604938271605,28.444444444444443,28.444444444444443,3.1604938271604937,1
98,DaQuan Jeffries,New York Knicks,SG,0,7,0,2,0.0,0,0,0.0,0,2,0.0,0,0,0,3,0,0,1,0,7,3,0,3,3,0.7346938775510203,0.0,4.591836734693877,0.08163265306122448,1.6530612244897962,0.7346938775510203,1.6530612244897962,4.591836734693877,1
99,Daishen Nix,Minnesota Timberwolves,SG,5,5,2,3,66.7,0,0,0.0,1,2,50.0,0,0,0,0,1,1,0,0,6,5,5,5,0,9.0,0.0,0.08163265306122448,0.32653061224489793,7.367346938775511,9.0,7.367346938775511,0.08163265306122448,1
100,Dalano Banton,Portland Trail Blazers,G,181,327,69,165,425.7,21,22,875.0,22,68,349.5,10,42,52,35,15,12,31,5,-161,268,233,216,87,592.3877989787692,72.05106154259607,73.41977962913195,16.590701424348293,1225.5162590701423,811.1569470572426,985.7441547970974,166.47379736629938,10
101,Dalen Terry,Chicago Bulls,F,38,144,16,34,317.8,3,6,150.0,3,14,158.3,9,19,28,17,13,5,6,3,23,83,66,55,45,129.65289256198346,37.68264462809917,28.464462809917357,2.1206611570247933,324.39834710743804,242.40330578512396,169.19504132231407,108.6,10
102,Damian Jones,Cleveland Cavaliers,C,59,124,23,38,577.9,13,15,650.0,0,6,0.0,14,24,38,4,14,4,7,7,-35,101,97,63,42,165.125,68.17602040816327,2.441326530612245,0.0,312.0433673469388,295.4795918367347,165.53061224489792,86.77551020408164,10
103,Damian Lillard,Milwaukee Bucks,PG,238,369,82,186,434.9,38,43,888.0,36,90,399.3,4,43,47,90,21,6,20,3,36,375,285,328,137,693.2303310786757,14.911712353150586,93.20897116411534,33.179779280882876,1090.1463154147382,707.2427910288359,1087.2958348166608,96.95870416518335,10
104,Daniel Gafford,Dallas Mavericks,C,129,245,58,73,784.2,13,20,358.4,0,0,0.0,26,49,75,23,31,10,10,25,108,227,204,152,98,350.58323424494654,100.50951248513674,28.899524375743166,0.0,712.0481569560047,618.6516052318668,447.5148632580262,125.87395957193816,10
105,Daniel Theis,LA Clippers,C,44,135,19,38,427.5,3,3,200.0,3,8,200.0,11,21,32,12,18,1,7,9,14,88,76,56,44,135.03591682419662,26.27693761814745,9.965973534971644,4.183364839319471,226.83270321361056,198.32230623818526,160.36672967863893,39.42249527410208,10
106,Danilo Gallinari,Milwaukee Bucks,PF,28,105,9,23,350.0,9,10,275.0,1,11,100.0,3,6,9,9,7,2,3,1,-43,46,37,37,18,84.24417009602195,4.939643347050755,12.972565157750342,1.6310013717421123,98.74622770919068,99.64197530864199,81.65569272976681,19.60493827160494,10
107,Dante Exum,Dallas Mavericks,G,72,206,25,49,479.1,8,9,366.7,14,23,506.7,2,17,19,26,15,2,11,0,34,117,91,98,45,214.84026465028356,13.093572778827976,18.427221172022684,16.427221172022687,206.02835538752362,191.31379962192818,232.5,28.575614366729678,10
108,Danuel House Jr.,Philadelphia 76ers,SF,42,143,14,30,276.3,13,15,466.7,1,11,33.3,6,11,17,7,16,7,3,3,-26,66,59,49,24,42.0,11.714285714285715,8.0,0.8571428571428572,41.714285714285715,51.714285714285715,40.0,11.714285714285715,7
109,Dario Saric,Golden State Warriors,PF,28,107,12,33,298.3,2,3,100.0,2,17,83.3,6,15,21,18,5,0,13,0,-31,67,49,46,39,52.0,27.193877551020407,15.673469387755102,2.1224489795918364,146.1326530612245,98.90816326530613,72.53061224489795,69.56122448979592,10
110,Darius Garland,Cleveland Cavaliers,PG,148,335,58,142,408.5,12,16,750.0,20,68,242.8,8,29,37,79,18,9,24,1,5,264,185,227,116,345.1973570812985,32.09681126113186,108.24044814708418,38.646365986785405,672.9313415685148,403.7072680264292,583.7135880494111,171.04510198218904,10
111,David Roddy,Phoenix Suns,F,61,130,25,53,522.0,6,10,241.7,5,20,143.3,4,15,19,11,5,1,10,0,-72,91,80,72,30,432.8698224852072,53.010519395134786,19.310322156476005,9.224852071005916,841.0,667.9513477975017,587.2925706771861,90.94674556213018,10
112,Davion Mitchell,Sacramento Kings,PG,61,171,25,49,430.5,4,6,125.0,7,18,291.7,5,12,17,17,9,5,6,0,5,95,78,78,34,245.33837890625,19.05712890625,12.24853515625,10.306640625,328.60400390625,310.291015625,248.697265625,46.259765625,10
113,Davis Bertans,Charlotte Hornets,SF,71,221,22,68,289.8,9,10,350.0,18,57,287.7,1,15,16,8,13,8,8,3,-101,95,87,79,24,305.02716161158895,20.446355817111815,5.630602082390221,23.652331371661386,370.5011317338162,348.1199637845179,328.93300135808056,24.552286102308738,10
114,Day'Ron Sharpe,Brooklyn Nets,C,60,135,25,41,707.6,10,17,308.3,0,1,0.0,21,27,48,14,23,2,14,6,16,122,108,74,62,125.06003244997294,193.42671714440235,16.407787993510006,0.048674959437533805,445.99567333693886,370.5148729042726,159.28610059491615,251.08923742563547,10
115,De'Aaron Fox,Sacramento Kings,PG,228,360,80,195,418.7,41,49,757.2,27,77,361.7,13,47,60,63,29,26,28,5,56,351,288,291,123,128.49323621227884,21.37617065556712,91.80489073881374,12.329864724245578,240.1363163371488,193.44484911550472,170.12122788761707,118.2445369406868,10
116,De'Andre Hunter,Atlanta Hawks,SF,170,317,61,138,436.6,24,28,790.0,24,66,345.8,7,31,38,17,20,6,12,3,31,225,208,187,55,384.0743162901308,129.62009512485136,8.2294887039239,28.414387633769323,678.7407847800238,709.6171224732461,366.5,124.5475624256837,10
117,De'Anthony Melton,Philadelphia 76ers,SG,23,43,7,20,75.0,4,4,200.0,5,14,75.0,0,5,5,5,3,2,1,1,-2,33,28,28,10,128.66666666666666,2.666666666666667,2.666666666666667,8.666666666666666,206.0,164.66666666666669,164.66666666666669,10.666666666666668,3
118,DeAndre Jordan,Denver Nuggets,C,43,97,19,32,578.5,5,5,300.0,0,0,0.0,13,27,40,7,13,1,4,4,-21,90,83,50,47,146.27777777777777,89.21111111111111,10.377777777777778,0.0,429.5111111111112,375.0,174.89999999999998,125.47777777777779,10
119,DeJon Jarreau,Memphis Grizzlies,F,43,150,17,50,308.3,5,11,250.0,4,13,141.7,8,36,44,26,14,6,9,2,-24,113,87,69,70,74.18407596785975,84.96128560993427,44.03871439006574,4.2235208181154125,315.24981738495256,145.90065741417092,152.59240321402484,219.94083272461654,9
120,DeMar DeRozan,Chicago Bulls,SF,264,373,90,181,485.3,77,94,828.0,7,28,206.7,4,45,49,48,14,14,22,8,49,361,313,312,97,754.3106139438086,55.46982310093652,59.88137356919876,4.117585848074922,1059.1456815816855,1088.2653485952133,766.391779396462,74.15036420395421,10
121,Dean Wade,Cleveland Cavaliers,PF,46,178,15,35,260.2,5,7,216.7,11,31,233.4,4,27,31,7,8,3,1,9,-23,84,77,53,38,468.50000000000006,35.125,6.125,31.525000000000006,718.8,714.725,466.12499999999994,47.699999999999996,10
122,Deandre Ayton,Portland Trail Blazers,C,225,336,103,165,623.1,18,22,450.0,1,4,100.0,37,97,134,12,13,8,22,9,-47,371,359,237,146,653.22248661511,244.22010707911957,3.96192742415229,0.9000594883997621,1513.5948839976206,1568.6287923854848,612.7858417608567,233.58477096966092,10
123,Dejounte Murray,Atlanta Hawks,SG,277,384,105,233,464.8,25,32,648.9,42,111,384.6,8,48,56,95,19,24,33,4,8,428,333,372,151,873.1694444444444,44.46944444444445,100.8361111111111,38.044444444444444,704.936111111111,962.6,578.3111111111111,182.5,10
124,Delon Wright,Miami Heat,SG,51,214,17,50,360.0,11,14,283.3,6,20,225.0,4,16,20,26,7,13,1,2,24,97,71,77,46,164.57939508506618,12.798676748582231,31.119092627599244,6.749527410207939,245.461247637051,180.45557655954633,233.7022684310019,39.80056710775047,10
125,Deni Avdija,Washington Wizards,SF,177,361,68,133,516.9,29,43,678.7,12,37,304.1,17,81,98,41,23,9,22,4,-38,316,275,218,139,89.3801652892562,78.79338842975206,51.28202479338843,8.955578512396695,346.18698347107437,227.01652892561984,179.5010330578512,159.125,10
126,Dennis Schroder,Brooklyn Nets,PG,152,344,55,141,374.8,20,22,625.0,22,59,347.8,6,28,34,57,20,8,27,5,-63,243,186,209,91,369.5820451843044,30.423305588585016,44.557074910820454,29.620095124851368,575.461355529132,463.7960760998811,480.640903686088,75.58680142687277,10
127,Dennis Smith Jr.,Brooklyn Nets,PG,58,167,21,46,487.1,8,11,383.3,8,22,348.3,5,13,18,28,22,16,11,0,3,104,76,86,46,76.80307831598007,18.188320507016748,40.67360796740607,4.108646446355817,180.4001810774106,137.44590312358534,110.96785875961974,67.65142598460842,10
128,Dereck II Lively,Dallas Mavericks,C,94,185,45,59,763.7,4,11,150.0,0,0,0.0,16,46,62,8,15,5,6,12,19,164,156,102,70,345.7823913879277,62.0,9.655517108804306,0.0,651.8539023452518,554.0569011918493,430.481353325644,84.75355632449057,10
129,Derrick Jones Jr.,Dallas Mavericks,SF,73,212,27,55,537.3,12,18,433.4,7,21,223.3,10,17,27,10,11,4,7,2,72,110,100,83,37,75.6154336734694,54.146045918367356,10.051020408163264,8.222576530612244,175.54336734693877,139.03316326530611,104.22257653061224,72.1001275510204,10
130,Derrick Rose,Memphis Grizzlies,PG,49,95,20,37,377.7,5,6,266.7,4,8,233.3,0,15,15,21,3,1,9,0,-9,85,64,70,36,70.0,14.857142857142858,12.0,3.7142857142857144,188.85714285714286,116.85714285714286,128.0,40.857142857142854,7
131,Derrick White,Boston Celtics,PG,176,358,63,137,477.8,17,19,555.6,33,82,371.09999999999997,10,51,61,65,21,9,14,12,89,302,237,241,126,244.5064556434819,51.867138692211576,73.15077051228654,46.1570179092045,511.55018742190754,361.87130362349023,336.92669720949607,182.2765514369013,10
132,Desmond Bane,Memphis Grizzlies,SG,93,165,30,80,183.4,19,21,366.7,14,40,172.9,2,14,16,34,14,5,13,2,-54,143,109,127,50,267.60502958579883,8.80473372781065,115.4260355029586,4.810650887573964,703.439349112426,363.2973372781065,589.2381656804735,142.7396449704142,5
133,Devin Booker,Phoenix Suns,SG,241,347,91,189,476.2,41,46,882.1,18,64,244.7,14,42,56,71,32,4,22,6,14,368,297,312,127,471.29485995690976,42.720221606648195,82.60603262542321,30.758387196060326,504.62357648507236,543.459218220991,377.4804555247769,180.30501692828562,10
134,Devin Vassell,San Antonio Spurs,SG,193,373,77,163,440.2,18,21,691.7,21,61,312.3,0,33,33,47,16,12,18,1,-43,273,226,240,80,811.3300188121473,26.12496640687987,52.57538296156947,24.909701693093254,1087.4934157484547,854.1375974200485,1032.1193227626982,91.26686374630475,10
135,Devonte' Graham,San Antonio Spurs,PG,23,54,8,18,208.3,1,1,100.0,6,15,220.0,0,10,10,4,3,2,3,0,13,37,33,27,14,57.18934911242604,1.5857988165680474,6.34319526627219,4.035502958579881,84.0414201183432,61.508875739644964,82.06508875739645,5.585798816568047,6
136,Dillon Brooks,Houston Rockets,SF,112,282,43,105,388.3,12,13,350.0,14,58,289.2,4,26,30,18,30,6,13,2,78,160,142,130,48,486.1929957168052,22.72814310909549,23.83219954648526,13.111111111111112,694.2035777273873,533.9239103048626,613.6502897455279,79.38271604938271,10
137,Domantas Sabonis,Sacramento Kings,PF,164,359,57,114,515.4,48,63,755.8,2,9,133.3,36,107,143,76,29,6,33,8,33,383,307,240,219,215.69775390625,72.2890625,71.494140625,1.69384765625,332.45947265625,393.60009765625,148.62744140625,149.712890625,10
138,Dominick Barlow,San Antonio Spurs,F,57,150,21,38,506.6,15,18,416.6,0,1,0.0,19,22,41,15,19,4,4,3,10,113,98,72,56,295.0163265306122,81.77551020408164,45.987755102040815,0.0,727.5877551020408,599.1510204081634,432.40816326530603,118.80816326530612,10
139,Donovan Mitchell,Cleveland Cavaliers,SG,199,342,58,149,380.0,50,57,812.8,33,79,406.9,3,37,40,54,23,12,28,3,-47,293,239,253,94,735.125,32.45918367346939,29.887755102040813,24.102040816326532,1076.125,963.3698979591837,844.2270408163265,66.0,10
140,Donte DiVincenzo,New York Knicks,SG,191,359,65,149,424.8,15,20,525.0,46,115,393.6,7,31,38,27,27,16,9,7,68,256,229,218,65,695.9411088767596,32.96523987359954,14.720769893708706,56.41654696926171,901.0330364837691,882.3329503016374,712.0,50.32720482619936,10
141,Dorian Finney-Smith,Brooklyn Nets,PF,71,288,26,68,385.4,10,12,500.0,9,42,239.89999999999998,13,31,44,18,16,13,3,5,-55,133,115,89,62,173.12244897959184,28.570595585172846,13.63265306122449,11.044981257809246,236.44523115368597,198.12453144523116,219.69387755102042,33.95251978342357,10
142,Doug McDermott,Indiana Pacers,SF,45,123,17,43,287.5,1,2,50.0,10,35,190.29999999999998,1,7,8,10,10,3,4,0,-8,63,53,55,18,270.89075175770694,9.631151974040021,10.0,18.04867495943753,364.7425635478637,300.7425635478637,334.8907517577069,19.631151974040023,10
143,Draymond Green,Golden State Warriors,PF,86,298,37,76,474.5,7,10,200.0,5,23,173.3,19,63,82,65,30,17,25,5,56,233,168,151,147,264.81581685744015,49.68158168574402,99.25182101977107,6.523413111342352,525.2976066597295,268.8969823100937,455.7117585848074,214.43808532778357,10
144,Drew Eubanks,Phoenix Suns,PF,42,152,18,27,565.0,6,7,280.0,0,0,0.0,12,29,41,7,14,3,6,9,6,90,83,49,48,88.5369406867846,42.920395421436005,14.292403746097815,0.0,175.26795005202914,151.5468262226847,99.5327783558793,69.93808532778355,10
145,Duncan Robinson,Miami Heat,F,140,313,50,109,440.0,8,9,350.0,32,85,334.3,3,32,35,28,26,7,16,4,-24,203,175,168,63,530.822265625,21.666015625,39.619140625,37.884765625,776.650390625,556.125,737.9765625,74.65625,10
146,Duop Reath,Portland Trail Blazers,C,87,181,34,72,360.1,9,10,450.0,10,32,220.0,7,21,28,10,23,4,10,4,-75,125,115,97,38,522.44775390625,54.20947265625,24.009765625,12.41259765625,1018.15625,832.712890625,666.04541015625,120.06494140625,10
147,Dwight Powell,Dallas Mavericks,C,20,119,7,12,450.0,6,11,325.0,0,0,0.0,12,20,32,9,19,0,9,3,-9,61,52,29,41,47.58477508650519,104.67474048442907,12.118512110726643,0.0,314.5475778546713,242.280276816609,77.59948096885813,159.04584775086505,9
148,Dylan Windler,Atlanta Hawks,G,16,41,6,11,106.7,0,0,0.0,4,9,85.0,1,6,7,2,2,2,1,0,3,25,23,18,9,78.1392,7.0608,2.7312,5.652800000000001,118.44320000000002,107.46880000000002,81.6608,17.2448,3
149,Dylan Windler,Los Angeles Lakers,G,3,14,1,4,25.0,0,0,0.0,1,4,25.0,0,1,1,2,1,0,0,0,-7,6,4,5,3,8.532799999999998,2.2672,0.4608,0.6352,9.0688,13.139200000000002,6.2672,0.9232,2
150,Dyson Daniels,New Orleans Pelicans,G,40,192,17,35,344.7,1,2,50.0,5,15,250.0,10,20,30,22,13,17,13,8,17,92,70,62,52,129.11111111111111,24.0,25.61111111111111,4.569444444444444,152.94444444444443,119.1111111111111,134.94444444444446,77.61111111111111,10
151,Emoni Bates,Cleveland Cavaliers,F,16,23,6,12,102.9,0,2,0.0,4,8,100.0,0,1,1,1,0,0,1,0,-3,18,17,17,2,22.765432098765434,0.8024691358024691,0.5061728395061729,2.617283950617284,28.888888888888893,26.58024691358024,25.98765432098765,0.3950617283950617,2
152,Eric Gordon,Phoenix Suns,SG,80,230,30,66,393.0,2,2,200.0,18,43,374.2,1,14,15,17,13,7,5,3,14,112,95,97,32,437.10413223140495,6.500826446280991,18.16694214876033,26.343801652892562,477.9933884297521,365.92561983471074,550.1570247933885,23.682644628099176,10
153,Eugene Omoruyi,Washington Wizards,F,39,106,17,38,391.3,5,10,200.0,0,6,0.0,7,13,20,7,18,7,5,1,-68,66,59,46,27,94.91836734693878,9.033163265306124,6.798469387755102,0.012755102040816325,87.34693877551021,71.67602040816327,106.89030612244898,19.530612244897956,10
154,Evan Fournier,Detroit Pistons,SG,73,195,26,75,325.7,11,14,366.7,10,42,209.3,1,15,16,18,16,10,8,1,-42,107,89,91,34,338.24399999999997,12.499999999999998,23.924,14.100000000000001,478.5,440.904,371.8,40.464,10
155,Evan Mobley,Cleveland Cavaliers,PF,161,293,62,105,579.8,30,46,577.6,7,20,325.0,19,71,90,44,24,9,13,11,-21,295,251,205,134,390.1755102040816,177.9510204081633,73.50204081632654,6.444897959183673,820.4612244897959,777.6367346938775,353.97959183673476,330.4734693877551,10
156,Frank Ntilikina,Charlotte Hornets,PG,5,39,1,8,50.0,2,2,100.0,1,7,50.0,1,4,5,3,4,0,0,0,0,13,10,8,8,19.0,7.0,6.84,0.7600000000000002,24.439999999999998,14.0,18.64,24.640000000000004,4
157,Franz Wagner,Orlando Magic,SF,155,302,59,122,487.9,33,39,855.8,4,31,90.0,8,34,42,34,27,13,13,2,37,231,197,189,76,141.125,46.619082840236686,16.59171597633136,6.565828402366864,353.63905325443784,296.91715976331363,184.56286982248525,76.49482248520711,10
158,Fred VanVleet,Houston Rockets,PG,171,353,60,141,446.79999999999995,18,20,585.7,33,84,388.7,3,32,35,85,29,19,20,10,56,291,206,256,120,680.7282996432818,20.526753864447087,117.17538644470869,58.221759809750296,670.8311533888228,712.6973840665875,617.3269916765755,159.2372175980975,10
159,Furkan Korkmaz,Philadelphia 76ers,SG,41,116,13,29,278.6,7,10,241.7,8,18,258.3,3,12,15,12,6,3,2,2,22,68,56,53,27,292.875,14.875,10.0,20.0,404.0,340.0,363.875,17.875,8
160,GG Jackson,Memphis Grizzlies,F,201,342,65,146,428.2,40,48,860.7,31,85,352.6,13,33,46,19,17,5,20,3,-131,266,247,220,65,685.1321459350762,32.45561620224073,22.060614765871872,36.0376328641195,859.2869864981327,786.505889112324,752.20511347314,60.224360815857516,10
161,Gabe Vincent,Los Angeles Lakers,PG,2,14,1,4,25.0,0,0,0.0,0,2,0.0,0,1,1,1,2,1,1,0,-1,4,3,3,2,0.0,0.0,0.0,0.0,0.0,0.0,0.0,0.0,1
162,Garrett Temple,Toronto Raptors,SF,35,93,12,22,350.0,5,6,250.0,6,13,200.0,4,15,19,10,10,6,2,1,-12,64,54,45,29,129.49999999999997,18.833333333333336,11.375,8.010416666666668,225.375,198.66666666666666,143.54166666666663,42.875,6
163,Garrison Mathews,Atlanta Hawks,SG,89,198,26,50,520.5,17,19,363.3,20,38,497.3,0,15,15,12,24,4,2,3,6,116,104,101,27,441.62563826928243,10.554420854608974,14.39505509271701,26.260145122278963,624.0257995162591,546.0075248589088,503.2278957269551,41.36549314700349,10
164,Gary Harris,Orlando Magic,SG,69,238,25,52,520.3,5,8,225.0,14,35,460.9,3,10,13,8,14,8,8,2,13,90,82,77,21,72.06401384083046,4.299307958477509,13.641868512110726,2.422145328719723,122.70069204152249,88.0,99.74740484429066,24.958477508650518,10
165,Gary Payton II,Golden State Warriors,SG,38,149,17,30,526.6,2,4,100.0,2,6,200.0,9,11,20,15,17,7,6,5,-2,73,58,53,35,79.70919067215364,54.0,36.62345679012345,1.6604938271604939,183.31207133058982,85.70919067215364,95.31207133058984,172.62345679012344,10
166,Gary Trent Jr.,Toronto Raptors,SG,223,329,82,180,466.8,27,30,663.3,32,86,371.0,7,28,35,21,16,13,5,1,-116,279,258,244,56,509.49905482041584,16.802457466918714,26.96124763705104,34.36767485822306,478.4291115311908,552.7457466918715,441.9102079395086,37.0359168241966,10
167,Georges Niang,Cleveland Cavaliers,SF,137,286,50,97,508.1,8,8,300.0,29,61,468.1,2,30,32,11,26,5,15,3,-1,180,169,148,43,366.56867845993753,31.829864724245578,6.920395421436004,27.698751300728407,278.64776274713836,297.38917793964623,328.36420395421436,58.21331945889699,10
168,Giannis Antetokounmpo,Milwaukee Bucks,PF,304,373,116,197,596.3,69,106,607.9,3,16,116.6,35,96,131,71,29,9,37,10,-8,506,435,375,202,227.40277777777777,203.85069444444446,86.0173611111111,2.2890625,780.4027777777778,570.40625,404.15625,323.11111111111114,10
169,Goga Bitadze,Orlando Magic,C,32,108,13,23,546.7,6,10,283.3,0,3,0.0,11,15,26,9,12,2,9,9,-9,67,58,41,35,47.8026159334126,64.6872770511296,9.209274673008325,0.0,230.1843043995244,175.89298454221165,73.69203329369797,102.29845422116527,10
170,Gordon Hayward,Oklahoma City Thunder,SF,55,174,17,39,403.8,12,18,400.0,9,17,400.0,5,14,19,17,10,4,5,0,-24,91,74,72,36,135.30834294502114,31.0,22.22491349480969,8.913879277201076,263.7766243752403,198.73971549404075,179.1687812379854,74.40138408304499,10
171,Gradey Dick,Toronto Raptors,G,130,311,49,118,391.2,15,19,604.7,17,51,328.0,3,18,21,20,17,7,17,2,-135,171,151,150,41,345.6190828402367,25.331360946745562,36.5,16.440828402366865,479.1072485207101,424.87647928994085,383.926775147929,77.7544378698225,10
172,Grant Williams,Charlotte Hornets,PF,144,284,53,107,497.8,22,29,555.6,16,49,364.5,13,35,48,27,29,8,20,4,-99,219,192,171,75,311.36968449931413,33.60013717421125,26.661865569272976,6.419753086419753,493.9540466392317,408.71604938271605,359.7901234567901,97.079561042524,10
173,Grayson Allen,Phoenix Suns,SG,159,328,56,100,572.2,14,16,541.7,33,68,416.9,6,26,32,32,15,10,11,5,37,223,191,191,64,534.9263638806772,47.913464122547694,35.252889008331096,69.20747110991668,677.8610588551464,518.4856221445848,673.6621875839828,103.8059661381349,10
174,Gui Santos,Golden State Warriors,F,41,109,14,26,422.5,8,9,350.0,5,10,300.0,9,21,30,9,15,2,5,2,6,80,71,50,39,150.89440000000002,120.4816,15.6864,4.2224,553.3056,480.9664,174.04,185.3616,9
175,Harrison Barnes,Sacramento Kings,SF,144,301,52,114,449.0,19,24,550.0,21,52,323.6,10,27,37,15,10,3,10,1,7,196,181,159,52,380.16650390625,26.18212890625,10.91259765625,47.275390625,427.49072265625,362.125,436.1640625,46.462890625,10
176,Harry III Giles,Brooklyn Nets,F,8,8,3,6,50.0,1,2,50.0,1,1,100.0,2,2,4,2,3,0,0,0,-12,14,12,10,6,49.63842975206611,11.621900826446282,3.473140495867769,0.8264462809917354,151.73760330578511,109.29752066115704,79.37190082644629,27.801652892561982,1
177,Harry III Giles,Los Angeles Lakers,F,2,10,1,4,100.0,0,0,0.0,0,2,0.0,0,1,1,0,0,1,0,0,-15,3,3,2,1,2.0041322314049586,0.5165289256198348,0.03719008264462809,0.01652892561983471,4.566115702479339,4.5041322314049586,2.0165289256198347,0.6033057851239669,2
178,Haywood Highsmith,Miami Heat,F,79,203,30,55,440.6,2,7,83.3,17,30,366.6,9,25,34,12,12,4,3,1,12,125,113,91,46,562.5445816186557,40.65363511659808,9.758573388203018,34.36556927297668,938.4012345679013,877.9211248285322,606.2235939643347,67.21330589849109,10
179,Herbert Jones,New Orleans Pelicans,SF,103,337,33,73,437.4,23,26,700.0,14,39,309.4,8,26,34,33,32,17,13,16,7,170,137,136,67,198.04336734693877,26.5,12.471938775510203,12.989795918367346,308.0,254.32908163265304,230.5,60.18622448979592,10
180,Hunter Tyson,Denver Nuggets,F,0,7,0,3,0.0,0,0,0.0,0,3,0.0,0,1,1,0,1,0,2,0,-1,1,1,0,1,10.331632653061225,0.5102040816326531,0.12755102040816327,0.41326530612244905,8.16326530612245,6.25,12.755102040816327,0.12755102040816324,1
181,I. Thomas,Phoenix Suns,G,5,8,2,4,50.0,0,0,0.0,1,2,50.0,0,0,0,1,0,0,0,0,1,6,5,6,1,7.716049382716049,0.0,0.0,0.308641975308642,7.716049382716049,7.716049382716049,7.716049382716049,0.0,1
182,Ibou Badji,Portland Trail Blazers,C,10,41,4,5,250.0,2,4,100.0,0,0,0.0,2,4,6,4,8,0,5,3,-33,20,16,14,10,16.71604938271605,6.493827160493828,4.08641975308642,0.0,41.641975308641975,38.0,22.82716049382716,8.11111111111111,4
183,Immanuel Quickley,Toronto Raptors,SG,195,364,68,158,420.7,33,45,597.2,26,77,328.3,2,55,57,88,17,11,26,3,-71,340,252,283,145,477.0639999999999,39.496,197.456,20.976,930.7840000000001,541.9359999999999,785.464,317.4,10
184,Isaac Okoro,Cleveland Cavaliers,SF,77,302,30,77,385.0,5,8,175.0,12,39,341.7,9,17,26,16,25,7,12,2,-61,119,103,93,42,148.1,42.67777777777778,18.5,7.777777777777779,379.6111111111111,281.0444444444445,222.2,85.64444444444445,10
185,Isaiah Hartenstein,New York Knicks,C,112,242,47,64,758.6,18,24,551.4,0,0,0.0,30,52,82,31,30,11,11,12,122,225,194,143,113,225.70919067215365,106.5,16.966392318244168,0.0,395.079561042524,338.6536351165981,239.02400548696846,166.5775034293553,10
186,Isaiah Jackson,Indiana Pacers,SF,89,171,36,53,744.3,17,25,608.3,0,1,0.0,23,33,56,11,26,9,9,9,26,156,145,100,67,291.7892561983471,199.16219008264463,29.356404958677686,0.0,952.1983471074379,797.9927685950413,359.0382231404959,315.47520661157023,10
187,Isaiah Joe,Oklahoma City Thunder,SG,81,184,28,65,420.1,4,4,200.0,21,46,435.5,2,19,21,15,11,3,5,1,7,117,102,96,36,201.6262568227521,7.0,28.500718184429758,13.455041654696927,401.40333237575413,250.96523987359953,339.08129847744897,48.483769031887384,10
188,Isaiah Mobley,Cleveland Cavaliers,F,5,33,2,7,58.3,0,0,0.0,1,4,25.0,0,4,4,2,2,0,0,0,-1,11,9,7,6,0.6799999999999997,10.880000000000003,0.72,0.6800000000000002,13.32,9.0,2.1199999999999997,14.479999999999999,2
189,Isaiah Stewart,Detroit Pistons,C,106,319,40,71,587.7,10,12,516.7,16,38,409.0,10,48,58,12,11,4,10,10,-48,176,164,118,70,131.47520661157026,49.603305785123965,9.603305785123966,12.764462809917354,245.47520661157023,193.27685950413223,178.88016528925618,64.0,10
190,Ish Smith,Charlotte Hornets,PG,18,181,8,34,236.0,0,0,0.0,2,2,200.0,1,19,20,41,16,5,6,1,-90,79,38,59,61,54.36000000000001,24.0,78.09,1.5600000000000003,170.49,69.16000000000001,134.09,123.69,9
191,Ish Wainright,Phoenix Suns,F,3,11,1,6,16.7,0,0,0.0,1,4,25.0,3,2,5,1,1,1,1,0,-3,9,8,4,6,6.25,17.361111111111114,0.6944444444444445,0.6944444444444445,56.25,44.44444444444445,11.111111111111112,25.0,1
192,Ivica Zubac,LA Clippers,C,112,278,45,65,736.1,22,25,575.0,0,0,0.0,27,61,88,14,24,7,11,14,-2,214,200,126,102,284.09726069559866,55.617112957833186,6.4148968913511855,0.0,498.99476762080644,465.71745152354566,296.12126808248695,83.2853185595568,10
193,JT Thor,Charlotte Hornets,F,20,99,8,17,358.3,0,0,0.0,4,10,250.0,1,13,14,6,8,0,2,3,14,40,34,26,20,48.489197530864196,14.993827160493826,4.6419753086419755,4.944444444444445,80.85956790123457,78.40277777777777,53.63734567901234,16.944444444444443,10
194,JaVale McGee,Sacramento Kings,C,23,49,11,19,355.0,0,3,0.0,1,2,100.0,5,10,15,1,6,2,1,0,-4,39,38,24,16,74.62809917355372,14.652892561983467,0.8760330578512395,0.8760330578512395,124.70247933884295,127.0495867768595,76.19834710743801,11.611570247933882,7
195,Jabari Smith Jr.,Houston Rockets,PF,147,291,50,106,475.1,27,31,916.7,20,49,354.1,14,56,70,11,27,9,13,7,46,228,217,158,81,444.28264462809915,118.21157024793388,6.920661157024794,20.47603305785124,676.2644628099174,659.9586776859504,468.7206611570248,117.0,10
196,Jabari Walker,Portland Trail Blazers,F,82,254,32,66,475.1,13,19,606.7,5,15,266.7,13,48,61,13,33,6,6,0,-84,156,143,95,74,182.06441326530611,58.64604591836735,18.346938775510203,6.512755102040817,276.1326530612245,268.4591836734694,161.65114795918367,105.0797193877551,10
197,Jacob Gilyard,Brooklyn Nets,G,0,11,0,2,0.0,0,0,0.0,0,2,0.0,0,0,0,1,2,1,0,0,0,1,0,1,1,14.761772853185596,0.6232686980609419,3.792243767313019,1.3407202216066483,43.28254847645429,21.451523545706372,33.51800554016621,7.490304709141275,1
198,Jacob Gilyard,Memphis Grizzlies,G,67,192,23,49,431.8,1,1,100.0,20,42,431.8,1,13,14,39,10,9,12,2,-59,120,81,106,53,341.01385041551254,15.504155124653737,43.28808864265928,29.750692520775623,656.0166204986151,445.7479224376731,519.5041551246537,90.57063711911357,9
199,Jacob Toppin,New York Knicks,F,13,29,5,9,107.1,2,2,100.0,1,4,33.3,3,3,6,1,3,0,1,0,-18,20,19,14,7,78.05555555555556,8.722222222222221,0.5555555555555556,0.7222222222222223,130.22222222222223,136.55555555555554,72.5,8.5,2
200,Jaden Hardy,Dallas Mavericks,G,81,118,33,67,502.3,4,5,250.0,11,25,340.0,1,9,10,18,12,2,8,1,3,109,91,99,28,160.125,10.00369822485207,32.28402366863906,7.870562130177516,242.10946745562126,193.03254437869825,197.10133136094674,54.38831360946745,10
201,Jaden Ivey,Detroit Pistons,PG,140,308,51,135,385.8,27,33,741.7,11,50,215.1,7,27,34,42,25,9,26,6,-67,216,174,182,76,122.97116411534356,26.496262014951938,60.31185475258099,9.251334994660022,248.15307938768245,170.76468494126024,188.93770024919903,98.22997508009968,10
202,Jaden McDaniels,Minnesota Timberwolves,PF,121,302,49,112,428.4,9,16,332.1,14,48,262.9,13,33,46,10,31,11,11,6,3,177,167,131,56,499.61111111111114,37.06944444444445,12.069444444444445,16.53611111111111,534.3777777777777,554.7249999999999,474.125,54.27777777777777,10
203,Jaden Springer,Boston Celtics,G,60,176,22,52,413.7,13,14,575.0,3,18,183.3,13,18,31,17,21,13,10,4,-19,108,91,77,48,223.46260387811634,50.5,30.390581717451518,2.5886426592797784,669.220221606648,469.7520775623268,361.19390581717454,142.62742382271472,10
204,Jae Crowder,Milwaukee Bucks,PF,62,189,24,47,467.9,3,3,100.0,11,27,383.3,5,14,19,11,14,7,3,1,-1,92,81,73,30,91.36979785969085,10.866230677764566,9.151605231866824,8.98038049940547,125.87158145065396,133.1349583828775,83.45600475624258,20.66825208085612,10
205,Jae'Sean Tate,Houston Rockets,SF,39,131,17,32,440.5,3,5,150.0,2,7,133.3,8,19,27,7,15,5,14,5,6,73,66,46,34,90.2892561983471,20.249586776859505,6.28595041322314,1.603305785123967,183.0,137.39504132231406,118.95867768595042,43.47107438016529,10
206,Jahmi'us Ramsey,Toronto Raptors,SG,47,120,18,41,306.3,5,6,175.0,6,22,183.3,4,18,22,8,10,7,7,0,-28,77,69,55,30,69.3801652892562,36.066115702479344,3.072314049586777,3.402892561983472,97.25413223140495,108.65289256198346,77.28719008264463,19.832644628099175,7
207,Jaime Jr. Jaquez,Miami Heat,G,104,291,39,86,430.4,18,25,616.7,8,25,244.89999999999998,9,40,49,27,20,12,9,3,3,180,153,131,76,399.9229968782518,41.14984391259105,22.292403746097815,7.839750260145682,373.75650364203955,369.74921956295526,390.9687825182102,76.40374609781477,10
208,Jake LaRavia,Memphis Grizzlies,F,125,286,38,103,366.7,29,38,518.9,20,55,349.4,20,22,42,21,20,13,12,1,-73,188,167,146,63,331.125,43.10069444444445,28.90625,32.0390625,571.1111111111111,457.1840277777778,425.15625,91.90277777777779,10
209,Jakob Poeltl,Toronto Raptors,C,122,251,55,101,543.9,12,20,491.7,0,0,0.0,39,53,92,31,28,10,11,19,35,245,214,153,123,161.8469387755102,127.67346938775509,30.387755102040813,0.0,516.704081632653,398.98979591836735,256.6224489795918,181.0,10
210,Jalen Brunson,New York Knicks,PG,329,336,125,251,498.4,46,56,734.1,33,85,408.0,5,27,32,63,13,10,20,2,144,424,361,392,95,1575.3188673437983,15.600492459218222,40.10003077870114,14.03908895044629,1364.9806094182825,1579.4481378885812,1358.0510926438903,58.50076946752847,10
211,Jalen Duren,Detroit Pistons,C,138,276,53,82,615.6,32,40,730.0,0,0,0.0,34,97,131,21,28,8,28,7,-30,290,269,159,152,306.8030783159801,201.4490719782707,26.923947487550926,0.0,1016.1964689904935,896.2865550022634,367.57311000452694,287.51290176550475,10
212,Jalen Green,Houston Rockets,SG,298,372,105,213,484.3,44,58,821.7,44,99,417.3,10,65,75,42,16,12,26,6,121,415,373,340,117,973.7369614512472,63.18241370622323,22.0,48.0,1190.586797682036,1181.1264802217183,959.9274376417234,108.45225497606452,10
213,Jalen HoodSchifino,Los Angeles Lakers,G,5,11,1,6,33.3,2,4,100.0,1,3,50.0,0,2,2,0,1,0,1,0,-13,7,7,5,2,9.0,0.9799999999999999,0.020000000000000004,0.8200000000000001,13.32,14.180000000000001,8.42,0.72,2
214,Jalen Johnson,Atlanta Hawks,SF,178,339,71,149,485.0,19,29,568.3,17,46,399.9,13,75,88,44,19,7,16,11,35,310,266,222,132,520.0495867768595,92.6317722681359,50.47199265381084,14.673094582185492,1012.7970615243343,701.9265381083562,770.7750229568411,203.24885215794305,10
215,Jalen McDaniels,Toronto Raptors,PF,45,152,20,51,340.6,4,6,166.7,1,15,50.0,5,22,27,10,15,6,15,2,-83,82,72,55,37,155.11652794292507,92.64328180737218,12.582639714625444,0.9001189060642093,395.4863258026159,327.12009512485133,189.2734839476813,139.43519619500594,10
216,Jalen Pickett,Denver Nuggets,G,2,7,1,3,33.3,0,0,0.0,0,2,0.0,0,0,0,2,0,0,0,0,-1,4,2,4,2,1.5259515570934257,0.08650519031141869,1.1211072664359862,0.01384083044982699,4.0,0.8858131487889274,5.262975778546712,0.5847750865051903,1
217,Jalen Slawson,Sacramento Kings,F,2,8,1,2,50.0,0,0,0.0,0,1,0.0,1,1,2,0,2,1,0,0,3,4,4,2,2,2.25,1.890625,0.0,0.0,8.265625,8.265625,2.25,1.890625,1
218,Jalen Smith,Indiana Pacers,PF,84,163,30,56,504.7,14,22,350.0,10,25,345.2,21,33,54,10,22,3,2,7,14,148,138,94,64,197.8469819300269,58.400615148019995,18.865051903114185,10.015378700499806,364.2560553633218,299.10726643598616,260.94963475586314,79.31180315263362,10
219,Jalen Suggs,Orlando Magic,SG,140,283,47,98,492.3,20,25,733.3,26,57,492.5,6,18,24,34,19,17,16,7,95,198,164,174,58,266.65556018325697,28.488129945855892,18.53061224489796,16.680549770928778,397.48604748021666,332.2090795501874,318.9179508538109,60.033319450229065,10
220,Jalen Williams,Oklahoma City Thunder,F,211,304,86,157,551.8,26,33,746.7,13,39,248.3,7,29,36,51,21,14,21,13,42,298,247,262,87,453.1516052318668,22.842449464922712,48.90011890606421,14.733650416171226,820.986920332937,549.461355529132,689.8626634958383,106.55707491082045,10
221,Jalen Wilson,Brooklyn Nets,F,43,119,16,34,523.3,8,9,350.0,3,11,175.0,6,18,24,8,7,0,5,0,55,75,67,51,32,94.12203248646398,27.040399833402752,7.792586422324031,2.3219491878384004,240.42523948354852,187.0,127.24489795918369,55.1353602665556,10
222,Jamal Cain,Miami Heat,F,12,37,3,9,125.0,4,4,200.0,2,4,150.0,2,3,5,6,5,1,3,1,11,23,17,18,11,8.777777777777779,3.75,5.694444444444445,1.0277777777777777,29.0,17.861111111111114,23.25,6.1111111111111125,4
223,Jamal Murray,Denver Nuggets,PG,227,360,87,190,450.6,33,39,861.4,20,50,410.0,10,43,53,82,18,16,22,3,51,362,280,309,135,463.3490304709141,47.16481994459834,73.01523545706371,20.02770083102493,650.9362880886429,468.5,620.0124653739612,145.95290858725764,10
224,James Bouknight,Charlotte Hornets,SG,10,13,4,10,83.3,0,0,0.0,2,7,58.3,0,0,0,0,0,1,1,0,13,10,10,10,0,18.0,0.0,0.0,0.72,18.0,18.0,18.0,0.0,2
225,James Harden,LA Clippers,SG,124,358,41,110,374.0,25,29,880.0,17,61,248.7,7,41,48,100,14,13,25,5,-36,272,172,224,148,180.17181926278244,28.38347205707491,108.52140309155766,23.030915576694408,360.5,201.95243757431632,369.81450653983353,105.80975029726515,10
226,James Johnson,Indiana Pacers,PF,4,12,1,4,33.3,2,2,100.0,0,1,0.0,0,0,0,2,3,0,1,1,-2,6,4,6,2,1.0578512396694215,0.0,0.2644628099173554,0.0,2.380165289256198,1.0578512396694215,2.380165289256198,0.2644628099173554,2
227,James Wiseman,Detroit Pistons,C,100,222,38,68,468.6,24,28,520.8,0,0,0.0,20,54,74,12,25,1,20,6,-91,186,174,112,86,418.20096021947876,95.88820301783265,15.71536351165981,0.0,850.3161865569273,720.716049382716,535.3086419753087,124.09602194787381,10
228,Jamie Jr. Jaquez,Miami Heat,G,43,115,17,36,241.0,6,7,275.0,3,13,95.0,1,6,7,13,10,1,7,1,-16,63,50,56,20,57.767313019390585,5.204986149584488,9.23545706371191,1.2022160664819945,111.6038781163435,94.6786703601108,69.1191135734072,20.013850415512465,5
229,Jarace Walker,Indiana Pacers,F,34,141,12,34,332.2,2,2,100.0,8,20,300.0,3,25,28,17,11,5,7,6,32,79,62,51,45,136.659169550173,52.22318339100345,62.16782006920416,8.5,526.5,319.31487889273353,279.1937716262976,179.0415224913495,10
230,Jared Butler,Washington Wizards,SG,71,219,29,71,413.0,7,7,400.0,6,28,170.10000000000002,4,19,23,47,20,9,24,3,-7,141,94,118,70,224.7777777777778,16.76736111111111,145.7673611111111,6.6640625,631.4444444444445,232.90625,557.40625,228.44444444444446,10
231,Jared Rhoden,Detroit Pistons,G,19,67,8,15,203.3,0,0,0.0,3,7,133.3,0,11,11,4,8,1,4,4,-20,34,30,23,15,33.29362880886427,9.055401662049862,6.398891966759003,0.8060941828254848,61.99445983379502,76.20498614958449,26.385041551246537,8.152354570637119,4
232,Jaren Jackson Jr.,Memphis Grizzlies,PF,199,329,72,178,398.0,42,57,743.9,13,48,252.9,18,40,58,31,41,14,29,22,-138,288,257,230,89,630.824,89.364,31.8,12.244,870.836,873.876,651.904,97.04400000000001,10
233,Jarred Vanderbilt,Los Angeles Lakers,PF,68,142,26,42,412.7,13,17,375.0,3,5,166.7,12,22,34,12,8,16,11,2,23,114,102,80,46,111.33333333333334,59.333333333333336,18.0,3.5,362.0,274.0,157.33333333333334,119.33333333333334,6
234,Jarrett Allen,Cleveland Cavaliers,C,172,306,71,109,638.2,30,38,779.1,0,0,0.0,15,84,99,23,13,3,14,8,-66,294,271,195,122,286.70395421436007,211.71956295525496,22.28355879292404,0.0,817.1326742976067,718.3111342351717,322.687825182102,296.840790842872,10
235,Jason Preston,Utah Jazz,G,4,25,2,6,66.6,0,0,0.0,0,0,0.0,2,4,6,7,1,0,1,0,10,17,10,11,13,1.2800000000000002,4.275555555555554,7.879999999999999,0.0,32.55555555555556,8.96888888888889,13.32,23.70222222222222,2
236,Javon Freeman-Liberty,Toronto Raptors,G,82,227,29,67,384.1,20,22,830.0,4,23,141.6,7,32,39,22,16,5,12,2,-61,143,121,104,61,241.35904499540865,23.163452708907254,7.887970615243343,2.648301193755739,362.7777777777778,348.3223140495868,249.7998163452709,37.066115702479344,10
237,Javonte Green,Chicago Bulls,G,15,51,6,11,166.7,0,0,0.0,3,5,200.0,3,8,11,2,3,2,3,2,22,28,26,17,13,8.333333333333332,13.0,0.6666666666666667,0.0,2.666666666666667,0.6666666666666666,5.0,19.0,3
238,Jaxson Hayes,Los Angeles Lakers,C,62,160,23,29,854.0,16,23,625.0,0,0,0.0,13,31,44,4,22,1,10,2,-16,110,106,66,48,120.32994767620805,97.65589412126809,4.606955986457372,0.0,294.52016004924593,296.47091412742384,120.55955678670362,100.082486919052,10
239,Jay Huff,Denver Nuggets,C,3,5,1,2,50.0,0,0,0.0,1,2,50.0,0,0,0,0,2,0,0,0,-3,3,3,3,0,5.512287334593572,0.15311909262759926,0.007561436672967863,0.7561436672967864,3.4952741020793954,3.827977315689981,5.111531190926277,0.2287334593572779,1
240,Jaylen Brown,Boston Celtics,SG,276,352,108,211,507.8,36,58,525.9,24,63,380.7,18,41,59,31,24,18,19,3,68,366,335,307,90,700.0,114.6869834710744,28.9349173553719,17.501033057851238,1081.5041322314053,1092.3233471074382,661.4803719008264,171.32231404958677,10
241,Jaylin Williams,Oklahoma City Thunder,F,30,122,10,23,408.3,3,4,75.0,7,17,424.9,2,34,36,16,14,3,8,6,-11,82,66,46,52,61.071074380165285,52.400000000000006,28.730578512396697,2.140495867768595,233.81157024793387,193.4710743801653,94.61157024793388,87.93057851239669,10
242,Jayson Tatum,Boston Celtics,SF,297,368,100,215,470.2,63,74,767.0,34,81,413.5,13,59,72,53,15,10,28,6,87,422,369,350,125,222.22282382340694,88.6813827571845,26.26530612244898,18.58142440649729,306.6397334443982,350.9341940857976,177.7009579341941,115.1740941274469,10
243,Jeenathan Williams,Houston Rockets,G,14,31,7,11,233.4,0,2,0.0,0,0,0.0,3,3,6,1,5,1,0,0,21,21,20,15,7,46.65398335315101,6.627824019024971,0.7740784780023782,0.0,72.22235434007135,75.99286563614746,45.48751486325803,4.797859690844232,4
244,Jeff Dowtin,Philadelphia 76ers,G,31,86,11,20,237.1,2,2,100.0,7,14,216.7,2,9,11,17,1,4,5,1,16,59,42,48,28,166.1911111111111,15.924444444444445,35.19111111111111,6.28,430.9244444444445,228.0,335.0,85.23111111111112,7
245,Jeff Green,Houston Rockets,PF,86,185,30,68,401.4,11,13,425.0,15,39,328.3,4,24,28,6,10,2,4,4,27,120,114,92,34,311.83552808384843,43.613007256113946,2.8825584520290244,14.796291319537758,497.6791185165278,489.22655200214996,321.7296425692018,45.05401773716743,10
246,Jerami Grant,Portland Trail Blazers,SF,169,342,56,142,386.6,38,46,711.3,19,49,402.0,6,19,25,35,18,14,28,2,-77,229,194,204,60,473.98961937716257,45.9204152249135,32.71626297577855,5.083044982698962,888.6262975778548,739.6678200692041,583.0934256055364,118.49134948096886,10
247,Jeremiah Robinson-Earl,New Orleans Pelicans,F,28,92,11,25,269.6,4,7,80.0,2,10,100.0,9,12,21,10,6,3,3,1,37,59,49,38,31,81.67999999999999,38.28,29.892244897959184,1.6473469387755102,257.9208163265306,171.0,139.46938775510205,97.30367346938777,8
248,Jeremy Sochan,San Antonio Spurs,F,126,301,51,121,422.6,14,19,516.7,10,44,192.79999999999998,21,59,80,33,16,14,20,10,-20,239,206,159,113,547.3590010405827,204.02341311134234,41.396982310093655,10.093652445369406,1135.5910509885534,1161.6821019771073,514.7122788761707,251.97606659729448,10
249,Jericho Sims,New York Knicks,C,11,149,5,9,266.7,1,2,50.0,0,0,0.0,16,25,41,5,11,5,5,5,17,57,52,16,46,28.11111111111111,85.88775510204081,4.86281179138322,0.0,180.06122448979593,164.23696145124717,36.132653061224495,98.55328798185941,10
250,Jerome Robinson,Golden State Warriors,SG,10,17,4,10,40.0,1,2,50.0,1,6,16.7,0,0,0,1,1,0,0,1,-2,11,10,11,1,68.6530612244898,0.08163265306122448,0.655328798185941,0.8185941043083901,77.60770975056691,64.0,82.72335600907029,0.2743764172335601,1
251,Jett Howard,Orlando Magic,G,0,5,0,1,0.0,0,0,0.0,0,1,0.0,0,0,0,0,1,0,0,0,-5,0,0,0,0,0.25,0.0,0.0,0.027777777777777776,0.25,0.25,0.25,0.0,1
252,Jevon Carter,Chicago Bulls,PG,45,146,18,36,398.5,1,2,50.0,8,21,241.7,1,8,9,13,10,2,4,1,14,67,54,58,22,177.37293388429754,13.111570247933884,8.191115702479339,7.6033057851239665,262.702479338843,218.625,205.12809917355372,37.625,10
253,Jimmy Butler,Miami Heat,SF,173,335,60,127,473.1,47,56,832.4,6,24,233.3,11,37,48,50,15,12,15,2,84,271,221,223,98,364.2,42.35625,35.6,5.8062499999999995,487.90625,437.3062500000001,388.6,104.15624999999999,10
254,Jock Landale,Houston Rockets,C,100,232,40,67,611.3,17,20,516.6,3,8,150.0,24,29,53,18,22,4,10,13,77,171,153,118,71,241.98016528925618,84.61652892561985,33.86776859504132,4.120661157024793,691.4859504132231,518.2,367.3223140495868,166.4280991735537,10
255,Joe Harris,Detroit Pistons,SF,2,12,1,3,33.3,0,0,0.0,0,1,0.0,0,0,0,0,1,0,0,0,-5,2,2,2,0,0.0,0.0,0.0,0.0,0.0,0.0,0.0,0.0,1
256,Joe Ingles,Orlando Magic,SG,48,171,15,27,478.3,6,6,300.0,12,22,450.0,1,16,17,31,13,5,11,0,66,96,65,79,48,148.29955621301775,12.101331360946745,11.645710059171597,12.47707100591716,99.67825443786982,106.94082840236685,142.5,22.284023668639055,10
257,Joel Embiid,Philadelphia 76ers,C,45,61,16,38,82.8,9,12,170.0,4,10,83.3,2,12,14,5,6,2,10,0,-41,64,59,50,19,144.5,0.0,0.5,0.0,162.0,144.5,162.0,0.5,2
258,John Collins,Utah Jazz,PF,193,271,68,119,570.0,39,48,752.5,18,34,508.9,22,58,80,7,25,7,12,7,-49,280,273,200,87,367.19387755102036,93.90625,7.479591836734693,12.207270408163264,700.5389030612245,675.7429846938776,375.34693877551024,118.02869897959182,10
259,John Konchar,Memphis Grizzlies,SG,57,299,19,46,385.8,8,9,266.7,11,29,391.6,19,45,64,29,20,13,17,9,-3,150,121,86,93,131.325,70.55625,15.0,7.125,291.05625,223.40625,166.425,118.10624999999999,10
260,Johnny Davis,Washington Wizards,G,39,168,17,40,421.4,2,2,100.0,3,13,83.3,4,13,17,11,10,4,0,6,-54,67,56,50,28,63.72576177285318,28.34379809172053,10.942136041859033,4.111111111111112,169.76454293628808,137.1295783317944,103.55801785164667,32.08864265927978,10
261,Johnny Juzang,Utah Jazz,G,63,180,24,54,372.6,1,1,100.0,14,41,276.8,4,14,18,9,15,0,6,0,-13,90,81,72,27,335.90625,19.60625,9.0,24.706249999999997,394.90000000000003,396.5,332.65625,30.25625,10
262,Jonas Valanciunas,New Orleans Pelicans,C,73,178,32,63,527.9,7,10,300.0,2,12,83.3,13,52,65,14,24,2,9,3,-12,152,138,87,79,217.23517169614985,54.17793964620188,20.574921956295526,1.6175858480749221,370.2502601456815,422.54942767950047,196.07752341311138,43.61134235171697,10
263,Jonathan Isaac,Orlando Magic,PF,106,180,39,59,670.3,10,13,383.4,18,29,660.0,13,39,52,5,11,8,2,16,74,163,158,111,57,307.54648526077096,24.617913832199545,4.777777777777778,11.03061224489796,368.5,408.2777777777777,276.83219954648524,20.332199546485263,10
264,Jonathan Kuminga,Golden State Warriors,PF,202,306,78,150,521.6,38,48,706.7,8,20,300.1,9,39,48,23,32,10,20,4,15,273,250,225,71,279.2165289256198,71.65289256198346,12.249586776859505,9.682644628099174,319.2314049586777,278.40000000000003,318.1735537190083,85.77685950413223,10
265,Jontay Porter,Toronto Raptors,C,49,159,18,41,352.3,4,6,150.0,9,26,230.4,10,23,33,32,11,10,13,9,-28,114,82,81,65,215.4023668639053,32.251479289940825,58.16863905325444,15.943786982248522,472.0,275.0917159763314,386.0976331360947,116.63313609467455,10
266,Jordan Clarkson,Utah Jazz,PG,161,328,58,144,353.7,31,35,737.9,14,53,206.6,7,29,36,63,18,10,23,0,-70,260,197,224,99,1014.8698224852071,104.98224852071006,74.72485207100591,21.005917159763314,1435.3639053254435,1403.248520710059,1032.630177514793,194.0621301775148,10
267,Jordan Goodwin,Memphis Grizzlies,G,83,275,33,98,323.8,5,12,225.0,12,37,296.6,18,39,57,44,18,16,19,9,-80,184,140,127,101,179.90625,136.23611111111111,66.90625,11.850694444444443,465.4027777777778,418.35069444444446,142.5,287.60069444444446,10
268,Jordan Hawkins,New Orleans Pelicans,G,25,96,9,34,288.4,3,5,116.7,4,20,125.0,1,9,10,7,5,1,1,1,39,42,35,32,17,53.4,14.016,6.164,4.724,63.92399999999999,69.176,56.084,12.244,10
269,Jordan McLaughlin,Minnesota Timberwolves,PG,60,167,21,35,594.4,2,2,100.0,16,25,511.1,5,20,25,21,5,4,2,1,70,106,85,81,46,181.8314049586777,30.90413223140496,19.138842975206614,22.958677685950416,215.4214876033058,222.87107438016528,169.3305785123967,55.094214876033064,10
270,Jordan Miller,LA Clippers,G,4,5,1,1,100.0,2,2,100.0,0,0,0.0,0,1,1,0,0,0,0,0,3,5,5,4,1,9.679012345679013,0.44444444444444453,0.0,0.0,14.271604938271604,14.271604938271604,9.679012345679013,0.44444444444444453,1
271,Jordan Nwora,Toronto Raptors,SF,112,202,46,89,518.8,8,10,416.7,12,38,313.5,3,37,40,13,10,11,19,6,-39,165,152,125,53,267.2265625,36.44444444444444,12.1015625,8.402777777777779,359.1006944444444,352.8376736111111,271.65625,50.379340277777786,10
272,Jordan Poole,Washington Wizards,SG,204,325,76,172,427.8,22,23,780.0,30,86,345.8,5,26,31,57,29,10,30,1,-79,292,235,261,88,824.5,36.9140625,101.6015625,20.41259765625,1183.65625,990.0390625,985.2265625,171.40625,10
273,Jordan Walsh,Boston Celtics,G,2,27,1,4,100.0,0,0,0.0,0,2,0.0,2,4,6,1,5,2,2,1,24,9,8,3,7,2.8099173553719012,13.355371900826448,0.8347107438016528,0.0,1.1983471074380163,4.0,6.68595041322314,7.512396694214876,2
274,Jose Alvarado,New Orleans Pelicans,PG,66,206,22,58,360.1,7,10,350.0,15,33,450.4,6,19,25,23,19,8,5,1,32,114,91,89,48,184.336,40.756,32.775999999999996,14.504000000000001,467.79600000000005,312.5,293.8,119.36399999999999,10
275,Josh Giddey,Oklahoma City Thunder,SG,175,264,73,128,562.7,11,17,363.6,18,43,407.8,17,57,74,60,16,3,18,7,71,309,249,235,134,552.8180901990426,104.67674477198287,96.47568657092467,22.648526077097504,893.2459057697154,681.7573696145125,638.2653061224489,327.1937515747039,10
276,Josh Green,Dallas Mavericks,SG,67,259,28,55,498.7,4,5,80.0,7,23,270.0,11,24,35,13,16,11,9,2,-34,115,102,80,48,175.42568370986916,41.573127229488705,10.20332936979786,7.416171224732463,227.9346016646849,241.15576694411413,176.20927467300828,37.77170035671819,10
277,Josh Hart,New York Knicks,SG,97,402,37,98,382.0,18,22,541.6,5,32,123.3,25,94,119,65,26,11,15,2,117,281,216,162,184,212.1027777777778,203.7444444444444,132.72500000000002,5.502777777777778,1172.111111111111,744.8694444444444,545.6111111111111,430.2027777777778,10
278,Josh Minott,Minnesota Timberwolves,F,0,5,0,0,0.0,0,0,0.0,0,0,0.0,0,4,4,0,0,0,0,0,6,4,4,0,4,1.7777777777777777,12.543402777777777,0.006944444444444444,0.0625,4.515625,4.87673611111111,2.0069444444444446,11.960069444444445,1
279,Josh Okogie,Phoenix Suns,SF,43,135,12,30,323.8,12,13,450.0,7,15,350.0,13,7,20,11,7,6,10,3,-9,74,63,54,31,139.34023668639054,12.532544378698224,7.213017751479289,6.2514792899408285,201.05621301775147,191.2455621301775,143.96745562130178,24.928994082840237,10
280,Josh Richardson,Miami Heat,SG,98,211,38,76,433.2,6,6,200.0,16,45,301.7,4,26,30,19,16,5,3,2,3,147,128,117,49,296.8888888888889,20.0,10.88888888888889,27.555555555555557,468.0,427.55555555555554,344.0,24.22222222222222,9
281,Joshua Primo,LA Clippers,G,0,5,0,1,0.0,0,0,0.0,0,0,0.0,1,0,1,0,0,0,1,0,1,1,1,0,1,0.0,0.0,0.0,0.0,0.0,0.0,0.0,0.0,1
282,Jrue Holiday,Boston Celtics,PG,115,325,44,84,535.0,4,4,200.0,23,49,498.5,7,33,40,57,14,14,15,10,94,212,155,172,97,85.36505190311419,61.24567474048443,52.391003460207614,6.188581314878892,269.8702422145329,202.68685121107268,173.75259515570934,92.4325259515571,10
283,Jules Bernard,Washington Wizards,G,46,88,17,36,466.2,4,7,250.0,8,16,435.0,6,9,15,11,6,2,3,1,24,72,61,57,26,210.8888888888889,10.966942148760332,14.520661157024794,6.1175390266299345,347.75390266299354,262.7649219467401,292.8034894398531,28.56198347107438,8
284,Julian Champagnie,San Antonio Spurs,F,75,255,25,65,318.3,10,13,466.7,15,42,272.9,4,22,26,12,14,8,10,6,-3,113,101,87,38,245.94784580498865,32.662131519274375,13.64877802973041,17.105316200554295,444.66389518770467,400.2199546485261,268.56563366087175,68.13706223230034,10
285,Julian Phillips,Chicago Bulls,F,39,132,13,31,272.9,7,8,266.7,6,13,283.4,6,12,18,5,12,5,3,1,-11,62,57,44,23,170.91975308641975,27.290123456790123,6.777777777777779,6.401234567901234,314.4444444444444,289.44444444444446,184.5493827160494,45.43827160493827,10
286,Julian Strawther,Denver Nuggets,G,23,49,8,22,83.0,4,4,200.0,3,15,48.6,1,4,5,5,4,1,4,0,-3,33,28,28,10,129.30994897959184,8.503826530612246,5.003826530612244,3.105867346938776,219.80994897959187,188.63265306122446,152.9948979591837,21.0,3
287,Julius Randle,New York Knicks,PF,66,99,23,48,142.2,14,14,300.0,6,11,195.0,8,17,25,18,7,1,10,0,25,109,91,84,43,98.0,2.666666666666667,14.0,2.0,140.66666666666669,120.66666666666666,126.0,8.666666666666668,3
288,Justin Champagnie,Washington Wizards,SF,53,142,17,46,209.3,10,12,250.0,9,30,158.3,11,17,28,11,11,6,8,5,-40,92,81,64,39,257.6955017301038,76.8719723183391,7.726643598615918,9.44636678200692,669.0415224913495,597.1349480968859,305.39446366782005,108.80622837370242,7
289,Justin Holiday,Denver Nuggets,SF,46,152,18,42,341.90000000000003,0,0,0.0,10,27,250.0,2,11,13,9,14,7,1,2,12,68,59,55,22,196.78608802708524,10.21452754693752,12.967990150815636,14.00307787011388,330.0886426592798,243.82117574638355,266.6300400123115,39.606032625423204,10
290,Justin Minaya,Portland Trail Blazers,F,14,110,5,19,199.89999999999998,1,2,50.0,3,14,116.6,7,11,18,4,8,3,4,3,-44,36,32,18,22,22.412886259040103,16.745562130177515,2.8862590401051937,2.119000657462196,49.13609467455622,54.5154503616042,17.940828402366865,18.724523339907954,10
291,Jusuf Nurkic,Phoenix Suns,C,83,266,35,69,519.5,13,32,305.4,0,0,0.0,37,76,113,33,28,7,21,9,-10,229,196,116,146,59.78943758573387,301.94581618655695,32.20919067215363,0.0,564.9581618655693,526.716049382716,83.77777777777776,348.4087791495199,10
292,Karl-Anthony Towns,Minnesota Timberwolves,C,193,306,66,146,451.8,41,47,734.2,20,56,341.5,20,55,75,29,33,8,24,8,98,297,268,222,104,265.0493827160493,98.62345679012346,46.91975308641975,18.771604938271604,548.530864197531,414.4012345679012,362.2777777777778,182.44444444444443,10
293,Kawhi Leonard,LA Clippers,SF,239,347,93,173,538.7,37,43,815.0,16,45,350.8,14,45,59,28,12,13,23,11,38,326,298,267,87,125.57275390625,60.900390625,8.869140625,8.45166015625,202.50634765625,148.24072265625,148.19384765625,101.4140625,10
294,Keegan Murray,Sacramento Kings,SF,170,355,65,137,477.6,10,15,266.7,30,77,384.4,16,45,61,20,29,7,8,10,68,251,231,190,81,282.0879292403746,87.94276795005203,12.260145681581685,37.75650364203954,415.8964620187306,307.56139438085324,378.6436004162331,111.98231009365246,10
295,Keita Bates-Diop,Brooklyn Nets,SF,35,85,12,20,615.0,6,6,300.0,5,11,350.0,3,10,13,5,1,2,5,4,-13,53,48,40,18,52.10000000000001,16.81111111111111,4.677777777777777,5.4,94.5,87.3777777777778,51.511111111111106,29.2,10
296,Keldon Johnson,San Antonio Spurs,SF,160,297,56,113,491.7,25,30,584.2,23,61,384.9,15,43,58,21,14,4,9,1,-21,239,218,181,79,298.2463017751479,57.29289940828402,24.90532544378698,28.52366863905326,337.14275147928987,358.6782544378697,316.030325443787,42.87869822485207,10
297,Kelly Olynyk,Toronto Raptors,PF,144,290,58,97,604.9,19,25,555.0,9,25,358.3,17,39,56,62,41,11,38,6,-95,262,200,206,118,280.625,28.390532544378694,111.05325443786981,5.186390532544378,494.6427514792898,359.86168639053255,419.2167159763315,135.63313609467457,10
298,Kelly Oubre Jr.,Philadelphia 76ers,SG,174,327,65,160,397.4,27,34,521.4,17,53,251.1,17,42,59,23,23,10,20,13,-1,256,233,197,82,544.29548156956,85.58680142687277,32.30975029726516,32.364447086801434,915.0303210463734,805.9536266349584,654.013079667063,117.25564803804994,10
299,Kendall Brown,Indiana Pacers,SG,3,12,1,1,100.0,1,2,50.0,0,0,0.0,1,0,1,0,1,0,0,0,1,4,4,3,1,4.5,0.5138888888888888,0.28125,0.0,8.17013888888889,8.01388888888889,4.78125,0.6701388888888888,2
300,Kenneth Lofton Jr.,Philadelphia 76ers,F,2,5,1,4,25.0,0,0,0.0,0,2,0.0,0,1,1,0,0,0,0,0,-4,3,3,2,1,0.0,0.0,0.0,0.0,0.0,0.0,0.0,0.0,1
301,Kenrich Williams,Oklahoma City Thunder,SF,58,155,24,47,489.6,2,2,100.0,8,23,300.0,19,25,44,15,19,10,0,2,53,117,102,73,59,79.07479224376732,54.34472145275468,7.793474915358572,5.6011080332409975,168.97537703908895,136.42413050169284,91.10834102800861,82.65589412126808,10
302,Kentavious Caldwell-Pope,Denver Nuggets,SG,95,319,34,67,466.7,7,8,400.0,20,44,376.7,4,23,27,26,22,14,11,9,86,148,122,121,53,314.64565992865636,24.2627824019025,20.468489892984543,28.240784780023777,489.6575505350773,389.60047562425683,389.3139120095125,70.12009512485137,10
303,Kenyon Martin Jr.,Philadelphia 76ers,F,43,161,16,35,461.1,8,12,400.0,3,8,250.0,10,25,35,15,29,3,6,3,17,93,78,58,50,127.54254182983269,131.24848700605196,16.970808116767536,2.112851548593806,552.4097543609826,439.82769668921327,210.31185475258098,178.0320398718405,10
304,Keon Ellis,Sacramento Kings,G,87,291,31,63,474.1,7,9,400.0,18,41,422.1,7,32,39,18,28,17,6,10,72,144,126,105,57,316.17835528657884,60.040227839088644,31.70380918476326,18.677821288714842,609.6326094695622,447.49946600213605,431.5695977216091,138.48593805624776,10
305,Keon Johnson,Brooklyn Nets,G,12,26,3,8,73.3,4,4,100.0,2,4,133.3,2,1,3,2,2,2,2,0,-9,17,15,14,5,18.88888888888889,0.5555555555555556,2.2222222222222223,0.22222222222222227,27.222222222222225,13.888888888888888,34.0,1.0,2
306,Kessler Edwards,Sacramento Kings,SF,36,93,13,29,356.7,1,4,50.0,9,20,361.7,4,13,17,4,10,5,1,1,2,57,53,40,21,126.8,20.69382716049383,2.7160493827160495,10.086419753086421,178.3530864197531,165.36049382716047,128.98271604938273,34.21975308641975,10
307,Kevin Durant,Phoenix Suns,PF,232,353,93,172,532.1999999999999,22,26,646.7,24,55,440.4,4,65,69,36,14,10,33,15,16,337,301,268,105,568.3210197710719,77.11810613943808,32.710197710718006,20.895421436004163,930.9536940686784,784.3111342351717,671.2362122788762,153.5556711758585,10
308,Kevin Huerter,Sacramento Kings,SG,72,231,29,79,330.1,2,4,100.0,12,45,205.0,6,24,30,25,23,8,11,2,5,127,102,97,55,288.7933884297521,30.44995408631772,4.61248852157943,16.24793388429752,456.10743801652893,441.77777777777777,290.6730945821855,47.51239669421488,10
309,Kevin Knox II,Detroit Pistons,SF,22,89,9,26,148.9,3,3,200.0,1,11,33.3,3,11,14,4,9,2,6,0,21,40,36,26,18,115.33333333333334,19.333333333333336,3.3333333333333335,0.8333333333333335,167.33333333333331,188.0,101.33333333333334,16.0,6
310,Kevin Love,Miami Heat,PF,88,158,30,62,483.6,10,14,208.3,18,45,387.4,10,55,65,19,20,3,10,3,31,172,153,107,84,362.530612244898,61.03061224489795,13.244897959183673,16.97959183673469,574.7448979591837,534.5,405.0,72.05102040816325,10
311,Kevon Looney,Golden State Warriors,F,40,113,16,25,685.0,8,13,325.0,0,0,0.0,7,27,34,9,19,1,5,2,9,83,74,49,43,47.060032449972965,56.0,2.958896700919416,0.0,143.3331530557058,151.15305570578693,41.51919956733369,56.67982693347755,10
312,Keyontae Johnson,Oklahoma City Thunder,F,5,39,2,8,66.7,0,0,0.0,1,2,100.0,2,4,6,2,4,0,2,0,-15,13,11,7,8,20.0,7.0,1.2653061224489797,0.8163265306122451,29.69387755102041,35.0,17.26530612244898,5.6938775510204085,5
313,Keyonte George,Utah Jazz,G,144,328,46,139,326.6,40,42,870.8,12,65,197.5,0,32,32,49,14,7,38,0,-112,225,176,193,81,323.59901982624194,31.757184228113164,47.0,11.685898863889506,295.5297393628871,320.88794831811094,328.09155713967476,48.90643795945645,10
314,Khris Middleton,Milwaukee Bucks,SF,143,298,58,113,542.9,9,11,330.0,18,45,497.9,8,48,56,61,37,7,25,4,29,260,199,204,117,301.9073881373569,63.55046826222684,62.23413111342352,5.633714880332986,495.327783558793,316.97502601456824,450.97814776274714,155.0665972944849,10
315,Killian Hayes,Detroit Pistons,PG,18,79,7,14,209.6,1,3,33.3,3,6,100.0,0,15,15,20,4,0,5,2,-12,53,33,38,35,27.0,18.75,54.0,2.75,252.75,74.75,153.0,124.75,4
316,Kira Lewis Jr.,Utah Jazz,PG,17,45,6,15,94.4,3,4,75.0,2,5,83.3,2,4,6,7,1,0,4,0,-25,30,23,24,13,99.08653061224489,17.78448979591837,13.32326530612245,1.1379591836734695,271.05795918367346,198.57877551020405,151.22448979591834,51.448979591836725,4
317,Klay Thompson,Golden State Warriors,SG,185,296,69,158,430.9,9,10,550.0,38,99,376.8,5,21,26,26,9,8,15,3,19,237,211,211,52,334.8167193335249,27.0123527721919,38.55731111749497,17.62941683424303,458.1312841137604,390.94829072105716,413.8204538925596,53.748922723355356,10
318,Kobe Brown,LA Clippers,G,6,32,3,7,200.0,0,0,0.0,0,2,0.0,4,6,10,2,5,0,3,0,-20,18,16,8,12,13.448000000000002,13.248,1.7120000000000002,0.008,26.008,19.592,11.512,23.312000000000005,5
319,Kobe Bufkin,Atlanta Hawks,G,27,81,11,31,158.4,1,2,50.0,4,14,115.0,1,10,11,14,6,3,4,1,21,52,38,41,25,72.63265306122449,3.9795918367346945,14.959183673469388,2.836734693877551,134.6326530612245,95.83673469387756,113.83673469387753,16.53061224489796,5
320,Kobi Simmons,Toronto Raptors,G,15,57,7,18,116.7,0,0,0.0,1,6,50.0,1,3,4,9,4,5,1,1,-32,28,19,24,13,14.120000000000001,0.6799999999999999,18.0,0.68,0.7200000000000005,18.720000000000002,2.12,12.68,3
321,Kris Dunn,Utah Jazz,G,56,217,24,55,412.09999999999997,1,2,50.0,7,20,300.0,9,22,31,34,26,7,8,5,-53,121,87,90,65,114.4627981488074,43.0,44.584549661801354,6.129939480242078,337.14524741901033,234.10430758276968,202.0320398718405,103.0562477750089,10
322,Kris Murray,Portland Trail Blazers,F,93,322,37,92,344.2,6,10,233.4,13,46,220.8,16,33,49,22,20,11,15,6,-80,164,142,115,71,409.04526534859525,31.469823100936527,15.881373569198752,16.513007284079087,468.71383975026015,516.4724245577523,364.08584807492196,44.552029136316335,10
323,Kristaps Porzingis,Boston Celtics,C,207,308,72,160,455.0,41,45,900.0,22,63,339.2,24,52,76,19,27,11,15,19,78,302,283,226,95,75.6371191135734,100.29501385041551,4.970914127423823,21.817174515235457,309.6121883656509,293.36426592797784,85.00969529085872,112.14127423822715,10
324,Kyle Anderson,Minnesota Timberwolves,SF,90,278,36,74,465.1,17,23,585.0,1,3,50.0,13,29,42,54,15,13,7,8,54,186,132,144,96,104.32256078793475,25.606032625423207,33.1683594952293,0.9162819329024315,189.13881194213604,158.37673130193906,108.54847645429362,85.3105570944906,10
325,Kyle Kuzma,Washington Wizards,SF,226,358,88,184,498.4,38,49,741.7,12,44,228.6,3,63,66,52,24,7,33,7,-43,344,292,278,118,505.5173611111111,34.400173611111114,56.5,18.5,742.5668402777777,554.6085069444445,677.9340277777777,106.44184027777779,10
326,Kyle Lowry,Philadelphia 76ers,PG,89,286,29,66,402.1,14,17,550.0,17,45,348.3,3,22,25,42,22,10,14,4,-27,156,114,131,67,394.9007561436673,24.882797731569,105.91776937618147,14.100189035916824,560.4007561436672,440.7495274102079,495.249527410208,150.10302457466918,10
327,Kyrie Irving,Dallas Mavericks,PG,246,356,95,186,513.8,28,30,683.3,28,74,365.0,7,39,46,64,22,14,17,3,93,356,292,310,110,376.4756140975436,36.77038091847633,117.85261658953364,19.75507297970808,701.0437878248487,411.9095763616946,623.876824492702,196.3559985760057,10
328,LaMelo Ball,Charlotte Hornets,PG,32,55,12,37,66.1,5,6,150.0,3,17,34.7,1,5,6,15,10,3,7,0,-49,53,38,47,21,2.0,2.0,0.5,0.5,4.5,8.0,0.5,0.5,2
329,Lamar Stevens,Memphis Grizzlies,PF,110,212,42,102,430.7,21,23,533.3,5,23,245.0,9,27,36,9,17,8,8,5,-32,155,146,119,45,232.00951248513675,30.599286563614744,10.583828775267538,2.6456599286563613,322.12485136741975,256.8133174791914,298.27229488703927,40.23186682520809,10
330,Landry Shamet,Washington Wizards,SG,55,184,20,55,273.1,7,7,300.0,8,35,104.1,4,10,14,8,12,4,9,2,-68,77,69,63,22,330.90000000000003,22.5,5.700000000000001,15.624999999999998,463.7,413.80000000000007,373.0,35.99999999999999,10
331,Larry Nance Jr.,New Orleans Pelicans,PF,68,249,28,44,581.7,9,12,283.4,3,9,116.6,14,33,47,22,14,13,2,0,6,137,115,90,69,194.42659279778394,81.60326254232072,9.817174515235456,2.111111111111111,374.16466605109264,361.4425977223761,213.0914127423823,85.47768544167437,10
332,Lauri Markkanen,Utah Jazz,PF,223,347,68,170,401.2,57,60,956.7,30,80,363.3,20,49,69,26,14,11,18,4,-42,318,292,249,95,335.7908587257618,129.0,45.69113573407202,34.00692520775623,657.6675900277008,517.8961218836565,451.5096952908587,198.7437673130194,10
333,LeBron James,Los Angeles Lakers,SF,268,364,93,162,571.5,60,72,850.3,22,47,373.3,7,78,85,91,9,6,42,3,76,444,353,359,176,638.698224852071,82.9474852071006,52.928994082840234,60.16863905325444,526.7551775147929,505.6812130177514,653.0,142.64866863905326,10
334,Leaky Black,Charlotte Hornets,F,27,151,8,25,232.1,7,10,275.0,4,10,150.0,5,21,26,13,12,2,3,2,-31,66,53,40,39,88.0,30.96,8.41,8.25,118.49000000000001,84.96000000000001,110.40999999999998,50.49,9
335,Leonard Miller,Minnesota Timberwolves,F,0,5,0,1,0.0,0,0,0.0,0,0,0.0,0,0,0,2,0,0,0,0,8,2,0,2,2,0.011080332409972297,0.06925207756232686,1.8725761772853187,0.0,1.0,0.13573407202216065,1.595567867036011,1.2216066481994456,1
336,Lester Quinones,Golden State Warriors,G,52,148,18,49,323.7,9,13,325.0,7,29,200.0,7,17,24,12,16,2,5,0,-30,88,76,64,36,237.66691015339666,22.46165084002922,13.741417092768444,10.100073046018991,336.72753834915994,360.6165084002921,228.2980277574872,21.68298027757487,10
337,Lindy Waters III,Oklahoma City Thunder,F,35,78,12,30,373.3,1,1,100.0,10,23,316.6,3,15,18,4,7,1,3,2,-38,57,53,39,22,113.12960760998811,32.284185493460164,4.3115338882283,12.84304399524376,229.88941736028536,197.07609988109394,132.02615933412602,50.512485136741965,9
338,Lonnie Walker IV,Brooklyn Nets,G,46,132,18,58,333.8,2,2,100.0,8,37,139.0,1,14,15,5,8,0,6,3,-35,66,61,51,20,360.81096475614095,18.650409398362406,3.148807404770381,21.863296546813817,517.247419010324,477.09042363830537,395.3431826272695,27.423994304022784,10
339,Luguentz Dort,Oklahoma City Thunder,G,97,287,30,78,377.1,21,24,825.0,16,51,296.7,7,22,29,20,32,7,12,1,17,146,126,117,49,138.67447719828672,28.26782564877803,14.816326530612244,10.468127991937516,214.64197530864197,140.56941295036532,218.86041824137064,36.970773494583014,10
340,Luka Doncic,Dallas Mavericks,PG,306,365,102,228,446.8,61,81,745.6,41,109,365.7,11,87,98,98,18,18,42,3,108,502,404,404,196,700.2716049382716,63.60493827160494,144.3511659807956,47.93827160493827,742.0384087791494,939.7530864197531,481.4787379972566,229.03429355281207,10
341,Luka Garza,Minnesota Timberwolves,C,45,61,16,35,240.8,6,8,200.0,7,20,233.3,8,6,14,1,8,2,3,1,-7,60,59,46,15,64.0126953125,22.3125,0.9423828125,2.4189453125,150.953125,142.0908203125,70.703125,25.4267578125,5
342,Luka Samanic,Utah Jazz,F,42,117,13,39,288.8,12,16,450.0,4,19,178.3,5,24,29,5,10,1,5,4,-49,76,71,47,34,157.2341311134235,56.42976066597295,5.439125910509885,2.8262226847034335,385.06139438085336,329.8428720083247,198.13423517169616,76.18730489073882,10
343,Luke Kennard,Memphis Grizzlies,SG,114,269,37,81,458.2,14,14,600.0,26,60,438.3,2,26,28,43,9,7,20,1,-84,185,142,157,71,374.7130177514793,12.168639053254438,82.30177514792899,23.44378698224852,588.3254437869822,397.32544378698225,540.2751479289941,119.90828402366864,10
344,Luke Kornet,Boston Celtics,C,57,189,23,36,642.7,11,12,350.0,0,0,0.0,23,27,50,18,9,4,3,11,60,125,107,75,68,176.46022490628903,180.26655560183258,43.841732611411906,0.0,785.3315285297792,565.3465222823824,304.89920866305704,315.6543107038734,10
345,M. Pereira,Memphis Grizzlies,F,14,54,5,14,140.0,3,5,75.0,1,5,50.0,7,9,16,1,6,4,2,3,-7,31,30,15,17,29.11111111111111,38.69444444444445,0.8125,0.7569444444444444,136.3125,119.25,37.09027777777777,48.590277777777786,4
346,Malachi Flynn,Detroit Pistons,PG,84,163,31,72,386.7,10,15,391.7,12,34,307.9,6,18,24,20,8,9,10,1,-91,128,108,104,44,309.9111111111111,22.893827160493828,22.444444444444446,9.91604938271605,556.2716049382716,476.41975308641975,382.80000000000007,52.30123456790123,10
347,Malaki Branham,San Antonio Spurs,G,74,187,29,75,371.1,8,11,316.7,8,33,243.29999999999998,5,11,16,18,8,2,10,0,-21,108,90,92,34,252.68099973125507,22.45202902445579,15.66191883902177,10.696586938994892,375.7360924482666,313.93173877989784,302.1988712711637,50.400429991937656,10
348,Malcolm Brogdon,Portland Trail Blazers,PG,102,218,37,83,266.20000000000005,17,19,433.3,11,30,202.89999999999998,7,22,29,40,13,4,17,2,4,171,131,142,69,100.0,28.833333333333336,7.333333333333334,6.833333333333334,113.5,66.83333333333334,151.33333333333331,31.5,6
349,Malik Beasley,Milwaukee Bucks,SG,137,316,48,112,429.7,7,7,300.0,34,89,382.8,2,31,33,11,18,3,8,2,34,181,170,148,44,229.29355281207134,26.179012345679013,10.923182441700959,18.598079561042525,235.95679012345678,241.7647462277092,238.0,22.587791495198903,10
350,Malik Monk,Sacramento Kings,SG,157,272,57,138,394.0,31,33,730.0,12,58,166.1,6,27,33,44,31,6,17,2,13,234,190,201,77,649.7986472424558,24.181581685744018,14.70343392299688,11.605098855359001,869.4401664932361,817.3652445369407,687.9588969823102,52.799687825182104,10
351,Mamadi Diakite,New York Knicks,F,0,5,0,0,0.0,0,0,0.0,0,0,0.0,0,1,1,0,1,1,0,0,0,1,1,0,1,0.0,0.25,0.0,0.0,0.25,0.25,0.0,0.25,1
352,MarJon Beauchamp,Milwaukee Bucks,F,30,42,10,16,350.0,7,8,175.0,3,7,200.0,2,9,11,1,4,1,3,0,-17,42,41,31,12,64.50666666666666,13.240000000000002,0.8933333333333334,2.0400000000000005,123.75999999999999,112.33333333333331,72.36000000000001,17.706666666666667,6
353,Marcus Morris Sr.,Cleveland Cavaliers,SF,49,120,18,41,317.6,4,6,200.0,9,21,333.3,3,17,20,7,7,1,8,1,-35,76,69,56,27,107.86472424557753,41.982310093652444,8.007284079084286,9.433922996878254,207.16545265348594,212.7440166493236,98.105098855359,54.17065556711759,7
354,Marcus Morris Sr.,Philadelphia 76ers,SF,23,65,9,22,122.9,2,2,100.0,3,8,83.3,0,10,10,1,3,2,5,1,-14,34,33,24,11,20.734651404786682,4.6836628511966705,2.1321540062434963,2.1997918834547345,25.338189386056193,32.152965660770036,14.90218522372529,5.83350676378772,3
355,Marcus Sasser,Detroit Pistons,G,86,261,30,86,372.9,13,14,290.0,13,41,376.3,1,25,26,43,18,6,17,1,-59,155,112,129,69,319.556,17.424000000000003,36.116,6.1160000000000005,452.34399999999994,321.956,445.79999999999995,57.684,10
356,Markelle Fultz,Orlando Magic,PG,54,177,25,68,362.1,2,2,100.0,2,5,66.7,10,16,26,21,13,6,9,3,22,101,80,75,47,118.27777777777777,54.8390022675737,36.90362811791383,3.6111111111111107,375.17233560090705,247.5294784580499,235.24489795918367,102.41836734693877,10
357,Markieff Morris,Dallas Mavericks,PF,5,11,2,3,150.0,0,0,0.0,1,2,50.0,0,2,2,0,0,0,0,0,4,7,7,5,2,0.5371900826446281,2.2644628099173554,0.4132231404958677,0.6033057851239669,4.5041322314049586,5.0,0.7024793388429753,2.0165289256198347,2
358,Marques Bolden,Charlotte Hornets,C,0,13,0,1,0.0,0,0,0.0,0,0,0.0,0,1,1,0,1,0,1,0,2,1,1,0,1,0.0,0.7551020408163267,0.0,0.0,0.7551020408163267,0.7551020408163267,0.0,0.7551020408163267,2
359,Marvin Bagley III,Washington Wizards,PF,139,262,60,94,623.5,13,16,633.3,6,9,450.0,25,53,78,10,12,4,10,10,-1,227,217,149,88,264.17551020408166,76.77551020408163,16.661224489795917,4.408163265306123,199.2612244897959,199.0,244.6734693877551,113.20000000000002,10
360,Mason Jones,Sacramento Kings,G,7,18,2,6,66.7,1,2,50.0,2,5,66.7,1,4,5,5,0,1,1,0,3,17,12,12,10,12.78125,8.28125,8.28125,2.125,11.78125,4.0,4.0,33.125,2
361,Mason Plumlee,LA Clippers,C,44,108,16,28,503.3,12,17,400.0,0,0,0.0,12,33,45,8,14,2,9,6,17,97,89,52,53,78.63835026161897,102.60049245921823,9.601108033240996,0.0,240.58448753462602,267.21606648199446,63.87196060326255,100.33641120344721,10
362,Matisse Thybulle,Portland Trail Blazers,SG,67,209,25,53,398.9,5,7,200.0,12,31,335.0,7,24,31,20,14,17,12,7,-23,118,98,87,51,333.57268078889695,38.73849525200877,20.262965668371077,12.390065741417093,697.6099342585827,549.2140248356465,452.7516435354273,88.218407596786,10
363,Matt Ryan,New Orleans Pelicans,F,28,72,10,27,233.3,0,0,0.0,8,21,194.4,1,8,9,2,7,0,2,0,-8,39,37,30,11,198.4275147928994,17.847633136094675,1.5754437869822486,18.25,336.25,322.71005917159766,210.52071005917162,20.8698224852071,9
364,Matthew Hurt,Memphis Grizzlies,F,32,110,12,33,215.9,3,3,200.0,5,19,233.4,9,7,16,4,8,3,2,3,-7,52,48,36,20,163.8343195266272,34.95857988165681,4.934911242603551,5.335798816568047,360.0,296.6272189349112,213.72781065088756,53.37278106508876,7
365,Max Christie,Los Angeles Lakers,G,31,106,12,24,569.4,1,2,50.0,6,12,350.0,1,14,15,4,3,0,4,0,-1,50,46,35,19,77.36565096952909,6.9070483225607875,2.4832256078793473,4.431517389966144,128.11080332409975,108.40196983687288,93.44259772237612,13.022160664819943,10
366,Max Strus,Cleveland Cavaliers,SG,130,301,45,94,453.8,15,19,483.4,25,61,378.5,12,17,29,39,23,10,20,4,-60,198,159,169,68,303.436385255648,27.135552913198573,41.806183115338875,38.64565992865636,397.538644470868,377.3139120095125,328.9857312722949,63.617122473246134,10
367,Maxi Kleber,Dallas Mavericks,PF,27,164,9,20,391.7,4,6,200.0,5,15,266.7,4,18,22,14,16,5,4,2,45,63,49,41,36,66.98979591836735,22.5,16.58418367346939,6.885841836734693,139.1045918367347,94.34693877551021,112.53316326530613,38.2984693877551,10
368,Maxwell Lewis,Los Angeles Lakers,F,0,5,0,1,0.0,0,0,0.0,0,1,0.0,0,0,0,2,0,0,0,0,-3,2,0,2,2,0.019024970273483946,0.0,2.7395957193816884,0.0,2.3020214030915573,0.019024970273483946,2.3020214030915573,2.7395957193816884,1
369,Micah Potter,Utah Jazz,C,34,119,12,20,375.0,3,3,200.0,7,12,350.0,5,18,23,2,5,1,3,2,-2,59,57,36,25,150.43753380205519,11.77988101676582,1.5570578691184422,8.30935640886966,185.9972958355868,171.39859383450514,165.16170903190917,13.211465657111951,9
370,Michael Porter Jr.,Denver Nuggets,SF,189,318,71,130,542.0,18,20,730.0,29,62,470.7,12,54,66,14,11,7,13,2,71,269,255,203,80,412.42058586401504,24.547164740661113,20.761623219564633,13.4966406879871,355.9884439666756,444.06369255576453,326.6839559258264,42.97016930932545,10
371,Mikal Bridges,Brooklyn Nets,SF,165,355,56,142,381.59999999999997,18,22,535.7,35,87,404.4,12,31,43,33,12,12,20,3,-56,241,208,198,76,286.1000000000001,36.1,20.90277777777778,32.725,286.36944444444447,287.19999999999993,273.06944444444446,69.20277777777778,10
372,Mike Conley,Minnesota Timberwolves,PG,160,290,56,106,507.40000000000003,19,22,596.7,29,61,435.1,5,17,22,53,21,16,11,3,23,235,182,213,75,519.2188365650969,26.553401046475837,44.10249307479224,39.36503539550631,612.0815635580178,571.796244998461,566.6066481994459,63.55340104647584,10
373,Mike Muscala,Oklahoma City Thunder,C,26,121,9,32,234.2,1,2,50.0,7,23,250.0,6,14,20,6,6,3,1,1,36,52,46,32,26,108.85901249256395,22.493753718024987,7.500297441998811,12.408685306365257,243.24449732302205,209.63712076145148,129.67043426531825,42.79000594883997,10
374,Miles Bridges,Charlotte Hornets,SF,210,392,82,177,460.2,25,36,561.1,21,69,254.3,15,53,68,34,13,8,21,3,-126,312,278,244,102,396.53890306122446,38.31887755102041,30.584183673469386,42.921556122448976,405.40625,410.43686224489795,380.4929846938776,79.91836734693878,10
375,Miles McBride,New York Knicks,PG,150,364,53,105,453.2,14,15,483.3,30,67,335.8,10,16,26,27,30,12,6,1,81,203,176,177,53,894.9,16.136111111111113,36.725,81.87777777777778,1228.111111111111,933.2027777777778,1168.125,74.54444444444444,10
376,Mitchell Robinson,New York Knicks,C,15,32,6,12,133.3,3,6,100.0,0,0,0.0,8,6,14,0,3,0,4,2,4,29,29,15,14,0.5,50.0,0.0,0.0,40.5,40.5,0.5,50.0,2
377,Mo Bamba,Philadelphia 76ers,C,76,209,28,49,541.1,11,15,425.0,9,23,340.0,16,48,64,12,28,9,9,14,-10,152,140,88,76,141.625,43.069444444444436,15.777777777777779,5.177777777777777,258.0,251.77777777777777,168.06944444444446,38.625,10
378,Monte Morris,Minnesota Timberwolves,PG,48,150,17,40,505.0,7,9,300.0,7,18,250.0,2,10,12,23,3,9,3,1,22,83,60,71,35,89.60056959772162,5.794944820220719,41.11676753292987,6.154147383410467,180.44891420434317,106.1744393022428,169.96546813812745,40.82128871484514,10
379,Moritz Wagner,Orlando Magic,C,85,148,34,55,635.6,12,17,510.0,5,14,283.3,12,25,37,17,12,4,14,2,29,139,122,102,54,204.20784023668637,68.52366863905326,38.5,4.503698224852071,411.6693786982249,377.5539940828403,216.09245562130178,129.25443786982248,10
380,Moses Brown,Portland Trail Blazers,C,34,79,14,27,393.3,6,21,140.8,0,0,0.0,12,11,23,4,10,1,4,4,-13,61,57,38,27,72.49940546967896,25.14982164090369,6.0594530321046385,0.0,147.0,117.19738406658739,89.04637336504162,44.46492271105826,8
381,Moses Moody,Golden State Warriors,SG,83,171,29,64,492.8,15,17,533.3,10,32,330.0,12,20,32,10,19,6,8,4,17,125,115,93,42,163.125,79.4765625,12.004340277777779,16.108506944444443,460.8506944444445,386.0390625,233.5668402777778,95.85069444444446,10
382,Mouhamadou Gueye,Toronto Raptors,F,14,56,6,19,258.3,2,6,75.0,0,1,0.0,7,2,9,2,4,1,5,6,-47,25,23,16,11,2.7935999999999996,6.5584,1.3856,0.0,14.913599999999997,11.8384,5.3984,8.414399999999999,6
383,Moussa Diabate,LA Clippers,F,2,7,1,1,100.0,0,2,0.0,0,0,0.0,1,3,4,0,0,1,0,1,1,6,6,2,4,0.0,0.0,0.0,0.0,0.0,0.0,0.0,0.0,1
384,Myles Turner,Indiana Pacers,C,160,272,60,120,484.9,19,27,608.4,21,48,397.6,10,46,56,16,26,4,9,19,28,232,216,176,72,465.9327779373743,45.089916690606145,21.172651536914678,28.406492387245045,519.093363975869,532.5176673369722,486.5917839701235,32.179258833668484,10
385,Naji Marshall,New Orleans Pelicans,SF,73,216,30,67,425.3,2,2,100.0,11,31,392.1,4,40,44,16,12,9,6,1,38,133,117,89,60,173.33093938523413,49.0123527721919,8.612467681700661,13.0,394.1479459925309,345.67968974432637,209.32059752944556,70.10341855788566,10
386,Nassir Little,Phoenix Suns,SF,18,64,7,18,258.3,0,0,0.0,4,11,250.0,0,11,11,5,7,0,1,2,-9,34,29,23,16,36.0,15.2880859375,4.234375,1.984375,59.4990234375,53.0380859375,41.234375,20.7490234375,7
387,Nate Hinton,Houston Rockets,G,12,22,4,7,110.0,2,3,66.7,2,3,66.7,1,5,6,3,4,1,1,2,10,21,18,15,9,48.05555555555556,6.722222222222221,1.3888888888888884,2.5,97.38888888888886,75.55555555555557,65.0,13.0,2
388,Nathan Mensah,Charlotte Hornets,C,4,59,2,5,66.7,0,0,0.0,0,0,0.0,4,6,10,1,13,2,1,4,-17,15,14,5,11,13.75,9.9375,0.859375,0.0,41.359375,44.4375,13.484375,7.984375,7
389,Naz Reid,Minnesota Timberwolves,C,184,298,66,142,461.3,21,26,659.2,31,77,358.3,6,59,65,26,26,9,16,14,39,275,249,210,91,708.8165289256198,110.6,26.8099173553719,59.74380165289256,976.4677685950413,911.2710743801654,766.995041322314,144.4280991735537,10
390,Neemias Queta,Boston Celtics,C,39,80,19,26,443.4,1,2,100.0,0,0,0.0,12,17,29,4,8,3,4,6,63,72,68,43,33,78.9375,55.24609375,2.12109375,0.0,228.734375,238.96484375,76.33984375,49.734375,7
391,Nic Claxton,Brooklyn Nets,C,112,309,49,78,657.2,14,30,463.3,0,1,0.0,34,67,101,22,25,11,13,14,-51,235,213,134,123,213.47777777777776,129.0361111111111,15.644444444444444,0.0,342.8361111111111,387.125,191.74444444444444,122.125,10
392,Nick Jr. Smith,Charlotte Hornets,G,53,164,17,59,301.1,8,9,187.5,11,32,275.0,2,10,12,17,19,4,5,0,8,82,65,70,29,263.5872576177285,13.79085872576177,26.418282548476455,17.094182825484765,390.5,290.5498614958449,335.18559556786704,68.56094182825485,10
393,Nick Richards,Charlotte Hornets,C,89,283,37,55,670.2,15,21,425.0,0,0,0.0,22,67,89,8,21,3,9,6,-45,186,178,97,97,123.3305785123967,216.9206611570248,9.629752066115703,0.0,324.36694214876036,338.8859504132231,115.1619834710744,220.2,10
394,Nickeil Alexander-Walker,Minnesota Timberwolves,SG,101,265,36,77,415.8,7,9,183.3,22,48,421.2,8,18,26,22,15,6,9,5,74,149,127,123,48,563.4,43.40277777777778,27.825000000000003,23.069444444444446,846.6777777777778,723.1027777777778,642.325,115.87777777777778,10
395,Nicolas Batum,Philadelphia 76ers,PF,59,269,22,48,380.4,1,2,50.0,14,35,308.3,14,35,49,17,13,9,7,5,-16,125,108,76,66,321.3,55.0,20.104000000000003,25.076,582.9639999999999,455.7,417.12399999999997,106.544,10
396,Nikola Jokic,Denver Nuggets,C,268,368,106,190,562.3,48,59,821.7,8,25,261.6,26,101,127,82,20,18,28,7,121,477,395,350,209,553.8144132653061,123.00829081632652,151.60204081632654,7.869897959183673,1001.5331632653061,750.0433673469388,684.2582908163265,395.65625,10
397,Nikola Jovic,Miami Heat,F,87,224,31,70,456.9,8,9,350.0,17,46,383.5,5,38,43,22,18,9,8,5,57,152,130,109,65,101.15625,88.5,23.006249999999998,8.125,388.1,286.65625,149.8,164.30625,10
398,Nikola Vucevic,Chicago Bulls,C,175,337,74,141,535.5,16,22,525.0,11,39,251.6,22,80,102,36,22,7,16,9,-23,313,277,211,138,332.4214360041624,154.0811654526535,36.052029136316335,7.020291363163372,377.3621227887617,472.375650364204,281.5910509885536,145.95005202913632,10
399,Noah Clowney,Brooklyn Nets,F,27,117,10,27,216.2,2,6,100.0,3,13,108.3,8,19,27,6,8,4,2,2,18,60,54,33,33,70.11418685121109,39.59515570934256,6.955017301038063,1.8858131487889274,160.0,169.30795847750863,67.5363321799308,39.82006920415225,8
400,Norman Powell,LA Clippers,G,167,277,58,113,530.0,32,38,710.7,19,55,366.9,4,21,25,12,19,5,10,2,-13,204,192,179,37,259.0,42.824,5.6000000000000005,9.3,408.304,409.504,249.79999999999998,56.42400000000001,10
401,O.G. Anunoby,New York Knicks,SF,83,194,33,70,262.7,9,14,243.3,8,28,138.3,3,24,27,12,12,16,13,5,107,122,110,95,39,431.93491124260356,55.0,6.0,8.757396449704142,260.7810650887574,260.7810650887574,441.9349112426035,51.0,6
402,Obi Toppin,Indiana Pacers,PF,73,177,29,48,647.0,6,8,350.0,9,22,393.3,9,26,35,14,14,5,6,3,9,122,108,87,49,54.8309053069719,30.502601456815814,12.70343392299688,9.120187304890738,118.70395421436004,120.1649323621228,43.31373569198752,53.26222684703434,10
403,Ochai Agbaji,Toronto Raptors,G,80,272,34,80,355.6,6,12,225.0,6,27,178.3,20,20,40,17,19,11,11,5,-102,137,120,97,57,199.7484381507705,76.00416493127864,26.83673469387755,4.453977509371096,518.2736359850062,444.0024989587672,245.90878800499792,130.95168679716784,10
404,Olivier Sarr,Oklahoma City Thunder,C,11,22,4,7,125.0,3,5,116.7,0,1,0.0,4,4,8,0,3,0,1,1,-14,19,19,11,8,34.92,6.920000000000002,0.0,0.0,59.68000000000001,59.68000000000001,34.92,6.920000000000002,3
405,OlivierMaxence Prosper,Dallas Mavericks,F,10,36,3,6,150.0,4,7,57.1,0,2,0.0,2,6,8,0,1,1,1,1,-14,18,18,10,8,31.875432525951556,13.536332179930797,0.05536332179930796,0.0,83.55709342560554,86.29757785467129,30.242214532871973,12.484429065743944,4
406,Omer Yurtseven,Utah Jazz,C,47,98,21,34,359.4,4,7,200.0,1,3,50.0,14,17,31,6,11,1,4,6,-19,84,78,53,37,170.0,39.38330046022353,10.420118343195266,0.8579881656804734,349.44049967126887,283.2294543063774,219.18934911242604,66.82511505588428,7
407,Onuralp Bitim,Chicago Bulls,SF,50,153,22,45,454.4,0,0,0.0,6,21,166.7,5,12,17,9,14,2,3,1,-38,76,67,59,26,268.4765625,50.19184027777777,4.900173611111111,6.736111111111111,514.3515625,481.9027777777777,287.51736111111114,68.5,10
408,Onyeka Okongwu,Atlanta Hawks,PF,147,296,61,89,703.8000000000001,16,22,492.9,9,19,466.6,32,44,76,11,28,7,5,15,4,234,223,158,87,308.4240362811791,185.95918367346937,9.244897959183675,5.6893424036281175,807.5192743764171,822.7913832199548,307.3560090702948,181.0,10
409,Orlando Robinson,Miami Heat,C,13,59,4,11,108.3,4,5,175.0,1,2,100.0,8,9,17,5,4,1,3,0,4,35,30,18,22,51.6397146254459,23.518430439952436,2.833531510107016,0.8382877526753862,92.40546967895361,77.4244946492271,68.8537455410226,24.118906064209277,6
410,Oscar Tshiebwe,Indiana Pacers,C,3,5,1,3,33.3,1,2,50.0,0,0,0.0,2,0,2,0,1,0,0,1,8,5,5,3,2,0.25,0.0,0.0,0.0,0.25,0.25,0.25,0.0,1
411,Oshae Brissett,Boston Celtics,SF,46,179,15,33,477.2,12,23,288.3,4,12,283.3,16,24,40,15,13,3,4,2,61,101,86,61,55,112.4,62.400000000000006,21.80625,2.40625,335.90625,238.79999999999998,193.70625,100.00625000000001,10
412,Ousmane Dieng,Oklahoma City Thunder,F,28,90,10,25,324.4,4,4,200.0,4,14,220.0,1,7,8,14,3,3,6,3,16,50,36,42,22,122.49704142011836,6.0,21.124260355029588,4.295857988165681,242.1183431952663,164.49704142011836,196.11834319526628,31.124260355029584,8
413,P.J. Tucker,LA Clippers,PF,19,147,7,19,183.3,0,0,0.0,5,12,283.4,7,21,28,4,12,4,4,4,-22,51,47,23,32,63.2666015625,39.16015625,4.265625,4.2353515625,167.8056640625,128.8447265625,84.8994140625,60.75390625,9
414,P.J. Washington,Dallas Mavericks,PF,91,319,34,95,370.9,8,16,250.0,15,54,275.0,11,57,68,13,25,9,4,11,90,172,159,104,81,175.64694053432925,77.14622234989946,8.534616489514507,16.661591496696353,291.605285837403,248.11749497270898,189.5742602700373,115.24130996839988,10
415,Paolo Banchero,Orlando Magic,PF,192,342,69,147,527.7,40,52,656.7,14,49,377.3,5,61,66,62,17,7,34,7,45,320,258,254,128,251.87600000000003,74.596,60.0,8.8,386.224,342.94399999999996,268.11600000000004,161.636,10
416,Pascal Siakam,Indiana Pacers,PF,235,313,93,168,541.9,44,64,636.5,5,14,250.0,23,79,102,37,21,11,14,5,70,374,337,272,139,424.2585848074922,103.41779396462019,26.581165452653487,5.439125910509885,528.9661810613944,536.7939646201872,390.0,156.42976066597294,10
417,Pat Connaughton,Milwaukee Bucks,SG,54,217,19,47,449.4,9,11,450.0,7,29,329.3,7,18,25,27,12,2,7,2,20,106,79,81,52,80.44292508917955,20.54756242568371,64.43400713436385,2.309750297265161,146.423305588585,123.0808561236623,103.03745541022592,85.7294887039239,10
418,Patrick Baldwin Jr.,Washington Wizards,F,34,163,12,52,215.89999999999998,4,6,160.0,6,35,138.6,6,32,38,12,15,8,7,7,-63,84,72,46,50,144.51211072664364,66.78892733564014,19.79930795847751,6.401384083044982,410.9896193771626,270.0968858131488,235.0103806228374,136.98269896193773,10
419,Patrick Beverley,Milwaukee Bucks,PG,48,204,15,47,251.7,11,13,416.7,7,27,240.0,3,20,23,21,21,5,3,6,-7,92,71,69,44,275.07867568529724,28.16767532929868,35.18654325382698,6.2694909220363115,544.9896760412959,377.3004627981488,401.4136703453187,104.70843716625133,10
420,Patrick Williams,Chicago Bulls,PF,6,24,2,9,22.2,2,2,100.0,0,5,0.0,0,6,6,2,5,0,2,2,-11,14,12,8,8,0.0,0.0,0.0,0.0,0.0,0.0,0.0,0.0,1
421,Patty Mills,Miami Heat,PG,56,180,20,66,264.7,9,9,300.0,7,43,137.5,4,8,12,19,12,11,7,0,57,87,68,75,31,258.6179138321995,9.76530612244898,15.339002267573695,6.1145124716553285,286.4591836734694,256.36281179138325,279.7755102040817,34.043083900226755,10
422,Paul George,LA Clippers,F,257,351,94,171,558.9,28,28,700.0,41,80,508.6,4,47,51,34,24,15,14,9,45,342,308,291,85,592.9229968782518,53.50104058272633,38.40842872008324,39.754942767950055,924.919875130073,731.3137356919876,763.1867845993755,115.25182101977107,10
423,Paul Reed,Philadelphia 76ers,SF,70,219,25,59,443.9,18,23,583.3,2,9,150.0,28,37,65,12,24,11,13,16,11,147,135,82,77,111.68994140625,33.49072265625,13.85400390625,1.7265625,196.68212890625,169.947265625,118.681640625,67.087890625,10
424,Payton Pritchard,Boston Celtics,PG,125,284,47,101,435.7,9,11,400.0,22,55,378.0,9,23,32,51,14,4,11,0,68,208,157,176,83,511.30963373345645,23.617728531855956,162.25207756232686,31.871960603262544,1166.919052016005,593.7177593105571,1054.29485995691,216.08587257617728,10
425,Peyton Watson,Denver Nuggets,F,52,176,22,55,362.8,7,11,400.0,1,13,100.0,9,27,36,10,20,4,6,9,-22,98,88,62,46,111.72788761706555,42.52029136316338,8.093652445369406,1.2034339229968782,277.84859521331947,212.86004162330906,160.92872008324662,66.40166493236212,10
426,Precious Achiuwa,New York Knicks,PF,76,209,32,50,603.2,11,19,350.0,1,5,100.0,31,48,79,16,21,4,12,11,-37,171,155,92,95,276.5361111111111,136.24444444444444,16.46944444444444,1.125,668.1111111111111,647.7249999999999,307.1111111111111,142.525,10
427,Quentin Grimes,Detroit Pistons,SG,82,213,26,80,296.2,19,24,525.0,11,50,200.0,2,27,29,19,13,7,9,4,-12,130,111,101,48,312.44628099173553,35.19834710743802,14.900826446280991,10.900826446280991,442.06611570247935,483.0495867768595,277.6942148760331,43.86776859504132,10
428,R. Rupert,Portland Trail Blazers,G,45,212,16,40,447.5,8,9,450.0,5,17,133.3,6,23,29,25,24,3,12,2,-36,99,74,70,54,78.57561436672968,29.158790170132324,26.787334593572776,8.518903591682419,229.94896030245746,174.4546313799622,111.531190926276,78.48487712665407,10
429,RJ Barrett,Toronto Raptors,SG,208,328,85,152,559.5,20,43,406.1,18,37,425.0,9,42,51,46,22,5,28,4,-39,305,259,254,97,255.64444444444445,58.24444444444445,50.577777777777776,15.777777777777777,454.77777777777777,307.8,398.8,112.64444444444445,10
430,Reggie Bullock,Houston Rockets,SF,26,121,9,22,449.9,0,0,0.0,8,19,483.3,3,27,30,3,5,5,2,1,-3,59,56,29,33,26.416,46.0,2.164,3.616,118.916,126.41600000000001,24.916,42.164,10
431,Reggie Jackson,Denver Nuggets,PG,110,218,38,91,411.1,19,22,472.7,15,33,462.7,5,9,14,46,19,7,16,1,30,170,124,156,60,404.1456815816858,18.426638917793966,66.18574401664931,19.99843912591051,578.0525494276795,419.10718002081165,526.3272632674298,121.37617065556711,10
432,Richaun Holmes,Washington Wizards,F,88,241,35,62,516.4,18,21,591.7,0,2,0.0,31,52,83,9,31,7,8,8,-2,180,171,97,92,289.8569488456315,267.74694431869625,7.027161611588955,0.004526935264825713,982.0,910.5165233137166,326.7682209144409,309.3463105477592,10
433,Ricky IV Council,Philadelphia 76ers,G,55,88,17,38,431.6,17,24,483.3,4,12,233.3,2,8,10,6,5,0,2,1,-1,71,65,61,16,225.90720221606645,14.837950138504153,4.470914127423823,5.364265927977839,370.3573407202216,323.4487534626039,270.32825484764544,21.796398891966756,10
434,Robin Lopez,Milwaukee Bucks,C,6,23,3,9,37.5,0,0,0.0,0,2,0.0,1,0,1,1,3,1,0,2,-16,8,7,7,2,21.92,0.52,0.6800000000000002,0.0,24.48,29.0,18.28,0.32000000000000006,2
435,Royce O'Neale,Phoenix Suns,PF,65,196,26,55,482.7,0,0,0.0,13,36,408.4,7,35,42,21,14,2,9,3,-8,128,107,86,63,278.79844127922604,21.239451760279493,18.909701693093254,21.469766191883902,292.94060736361195,339.63047567858104,232.13276001074976,40.12496640687987,10
436,Rudy Gobert,Minnesota Timberwolves,C,147,370,59,82,721.4,29,46,644.6,0,0,0.0,43,94,137,17,37,8,16,22,59,301,284,164,154,339.50189291508923,51.501892915089236,14.182260681449431,0.0,261.23147647376965,338.0075716603569,273.20497566252027,55.20497566252028,10
437,Rui Hachimura,Los Angeles Lakers,PF,171,313,67,109,607.1,19,22,633.3,18,37,397.5,9,49,58,15,19,0,5,5,37,244,229,186,73,343.8922332706262,173.2528890083311,13.74227358237033,37.60386992743885,755.8790647675356,707.2902445579145,371.61515721580224,207.86105885514647,10
438,Russell Westbrook,LA Clippers,PG,88,188,34,90,399.0,19,25,651.7,1,17,25.0,14,14,28,35,14,10,15,0,20,151,116,123,63,179.259765625,27.353515625,50.40625,1.3515625,441.8515625,301.6015625,278.275390625,118.994140625,10
439,Ryan Arcidiacono,New York Knicks,G,0,5,0,1,0.0,0,0,0.0,0,1,0.0,0,0,0,0,1,1,0,0,3,0,0,0,0,0.0,0.0625,0.0,0.0,0.0625,0.0625,0.0,0.0625,1
440,Saben Lee,Phoenix Suns,G,35,98,9,28,194.29999999999998,15,20,416.7,2,9,83.3,3,15,18,17,6,4,2,0,11,70,53,52,35,190.68,24.479999999999997,5.720000000000001,1.5200000000000005,336.32,336.0,189.68,31.519999999999996,8
441,Saddiq Bey,Atlanta Hawks,SF,146,337,48,125,372.4,31,35,800.0,19,59,298.4,29,32,61,14,7,4,10,4,-23,221,207,160,75,398.90000000000003,67.125,9.625,14.9,439.4000000000001,478.32500000000005,362.225,74.5,10
442,Sam Hauser,Boston Celtics,SF,131,250,46,92,472.9,0,0,0.0,39,79,465.5,3,35,38,11,9,11,2,6,83,180,169,142,49,797.4889629321116,20.32569762598917,8.93502707205331,81.12244897959182,946.3840066638901,947.0,796.1541024573096,29.979591836734695,10
443,Sam Merrill,Cleveland Cavaliers,SG,105,243,32,77,400.3,10,11,566.7,31,74,401.1,3,23,26,27,14,2,6,2,30,158,131,132,53,238.20252800919278,45.26975007181844,70.73743177247917,26.406492387245045,429.352484918127,341.32002298190173,323.6058603849469,118.63631140476875,10
444,Samardo Samuels,Houston Rockets,F,0,6,0,1,0.0,0,0,0.0,0,0,0.0,1,1,2,0,0,0,0,0,-5,2,2,0,2,1.44,1.9599999999999997,0.0,0.0,0.03999999999999998,0.03999999999999998,1.44,1.9599999999999997,1
445,Sandro Mamukelashvili,San Antonio Spurs,PF,41,80,19,29,434.8,2,3,100.0,1,5,50.0,13,12,25,7,6,2,2,1,30,73,66,48,32,131.0,85.92970521541949,9.222222222222223,0.9773242630385486,404.7551020408163,339.40589569160994,160.88888888888889,130.61224489795916,8
446,Santi Aldama,Memphis Grizzlies,PF,131,328,47,100,472.1,15,22,550.0,22,58,347.0,12,56,68,28,12,11,8,16,-90,227,199,159,96,382.8476326094696,87.86329654681381,35.60056959772161,27.914560341758634,720.3428266286935,571.0719117123532,518.9430402278391,136.6393734425062,10
447,Sasha Vezenkov,Sacramento Kings,F,14,32,4,10,95.30000000000001,3,3,100.0,3,5,150.0,0,3,3,2,6,3,1,0,19,19,17,16,5,4.6875,2.1875,0.6875,2.0,9.1875,5.0,8.75,3.0,3
448,Scoot Henderson,Portland Trail Blazers,G,153,293,57,147,383.5,26,32,785.0,13,43,278.3,6,31,37,53,35,15,42,2,-138,243,190,206,90,359.671556122449,38.265306122448976,42.1045918367347,8.15625,736.936862244898,478.7174744897959,584.1460459183673,114.11479591836735,10
449,Scottie Barnes,Toronto Raptors,SF,179,333,70,155,460.1,33,39,674.9,6,36,159.89999999999998,28,63,91,75,18,13,31,14,21,345,270,254,166,391.6640625,102.8515625,85.6640625,4.8515625,827.2890625,587.40625,576.65625,243.40625,10
450,Scotty Pippen Jr.,Memphis Grizzlies,G,128,258,44,90,481.7,21,32,490.4,19,38,530.0,9,22,31,45,31,17,25,7,-74,204,159,173,76,164.986920332937,15.313912009512485,58.14149821640904,6.95243757431629,188.28775267538646,195.18549346016647,146.63376932223542,84.91082045184304,10
451,Seth Curry,Charlotte Hornets,SG,81,181,29,67,372.5,14,15,566.7,9,31,256.6,4,15,19,17,7,5,7,3,-33,117,100,98,36,233.0,12.900826446280993,16.140495867768593,4.900826446280991,334.3388429752066,276.08264462809916,269.8677685950413,50.429752066115704,10
452,Shai Gilgeous-Alexander,Oklahoma City Thunder,PG,250,341,92,188,489.8,51,65,795.1,15,48,292.6,9,44,53,53,24,18,23,6,54,356,303,303,106,514.190103239587,74.62121751512994,44.23958704165183,16.82128871484514,974.425062299751,743.254182983268,730.2232111071555,133.99857600569595,10
453,Shake Milton,New York Knicks,SG,49,126,21,46,431.1,2,3,66.7,5,12,250.0,9,19,28,15,12,4,5,2,-6,92,77,64,43,153.24793388429754,79.42148760330579,17.24380165289256,8.685950413223141,518.0206611570248,409.01652892561987,218.88016528925618,140.03719008264463,10
454,Simone Fontecchio,Detroit Pistons,F,158,307,55,116,455.5,19,21,616.7,29,65,413.2,8,41,49,16,20,10,13,5,5,223,207,174,65,506.0,36.90963139120095,14.430439952437576,30.11296076099881,589.4708680142687,547.3923900118907,538.8442330558859,60.574316290130795,10
455,Skylar Mays,Los Angeles Lakers,SG,8,34,4,10,170.0,0,0,0.0,0,3,0.0,0,1,1,3,2,3,2,1,-3,12,9,11,4,14.479338842975203,0.7685950413223139,3.214876033057851,0.0,13.31404958677686,15.942148760330577,13.165289256198346,2.669421487603306,4
456,Spencer Dinwiddie,Los Angeles Lakers,PG,73,245,20,53,321.5,21,24,538.9,12,30,381.7,2,17,19,19,22,4,13,6,14,111,92,92,38,601.8641195058891,32.91037058316575,31.491238149956907,11.843148520540074,902.4696926170641,730.0109164033324,778.0,60.72450445274347,10
457,Stanley Umude,Detroit Pistons,G,49,150,16,39,260.4,8,9,366.7,9,25,243.3,5,16,21,3,15,4,4,2,-32,73,70,52,24,177.08,44.0,1.9200000000000002,10.88,278.68,272.78,180.88,48.02,8
458,Stephen Curry,Golden State Warriors,PG,233,316,82,190,436.0,27,28,780.0,42,115,372.3,6,33,39,50,9,3,17,1,76,322,272,283,89,495.9027777777777,83.92500000000001,60.17777777777778,20.1,806.4444444444443,684.0444444444445,616.836111111111,145.56944444444446,10
459,Svi Mykhailiuk,Boston Celtics,SG,52,135,18,43,560.4,1,1,100.0,15,37,413.3,2,15,17,14,2,4,2,0,77,83,69,66,31,54.09688581314879,26.62629757785467,12.899653979238753,8.716262975778546,206.7231833910035,139.0,106.39446366782008,54.95155709342561,10
460,T. Vukcevic,Washington Wizards,PF,9,22,3,8,73.3,0,0,0.0,3,6,100.0,0,5,5,2,5,0,1,0,-1,16,14,11,7,19.080000000000002,1.48,3.2800000000000002,2.1199999999999997,37.28,31.120000000000005,25.0,5.0,2
461,T.J. McConnell,Indiana Pacers,PG,136,195,60,113,536.7,9,10,400.0,7,13,550.0,4,21,25,45,7,9,19,1,18,206,161,181,70,63.12956047112899,18.558172938810685,30.83338121229532,2.404768744613617,137.081298477449,120.43636885952313,98.03763286411952,31.12841137604137,10
462,T.J. Warren,Minnesota Timberwolves,SF,29,105,13,34,301.2,1,2,50.0,2,11,83.3,5,12,17,7,11,3,4,1,23,53,46,36,24,50.27218934911242,14.893491124260354,6.893491124260356,1.5029585798816567,74.27218934911242,76.60355029585799,41.72781065088758,28.0,8
463,Taj Gibson,Detroit Pistons,F,3,11,1,2,50.0,0,0,0.0,1,2,50.0,0,2,2,0,1,1,0,0,-3,5,5,3,2,2.5600000000000005,0.03999999999999998,0.16000000000000003,0.36,1.9599999999999997,3.2399999999999993,1.44,0.04000000000000007,1
464,Taj Gibson,New York Knicks,F,2,68,0,9,0.0,2,2,100.0,0,2,0.0,4,6,10,4,8,1,3,0,2,16,12,6,14,8.2,10.200000000000001,1.6,0.8000000000000002,15.600000000000001,12.400000000000002,6.6000000000000005,16.599999999999998,5
465,Talen Horton-Tucker,Utah Jazz,SG,64,154,19,65,304.2,16,18,566.7,10,30,384.9,3,17,20,23,12,6,3,5,-48,107,84,87,43,53.193755739210275,55.673094582185485,30.702479338842974,2.5876951331496785,226.13865932047747,160.85766758494032,109.44995408631773,95.40036730945822,10
466,Taurean Prince,Los Angeles Lakers,PF,80,203,29,61,492.9,8,11,266.7,14,37,403.6,2,24,26,8,12,3,7,4,3,114,106,88,34,169.625,32.400510204081634,8.24298469387755,8.829081632653061,234.6154336734694,202.13265306122452,193.67155612244898,49.079719387755105,10
467,Taylor Hendricks,Utah Jazz,F,94,284,33,78,422.8,11,14,391.7,17,48,336.9,12,52,64,8,29,5,5,13,-97,166,158,102,72,186.40625,72.44132653061224,3.6103316326530615,10.5,241.9183673469388,210.65114795918367,210.11479591836735,83.61033163265306,10
468,Taze Moore,Portland Trail Blazers,G,2,5,1,1,100.0,0,0,0.0,0,0,0.0,0,0,0,1,0,0,1,0,7,3,2,3,1,1.44,0.0,0.6400000000000001,0.0,4.0,1.44,4.0,0.6400000000000001,1
469,Terance Mann,LA Clippers,SG,93,256,32,70,462.4,16,17,650.0,13,32,548.8,6,23,29,10,19,9,5,2,-30,132,122,103,39,201.73958613276002,37.685837140553616,16.604676162321958,2.2432141897339424,352.2703574307982,280.29561945713516,292.335662456329,35.669174952969634,10
470,Terquavion Smith,Philadelphia 76ers,G,40,59,14,34,241.1,2,3,100.0,10,26,216.6,0,2,2,10,3,7,4,0,9,52,42,50,12,186.96296296296296,1.4074074074074074,17.185185185185183,17.185185185185183,177.40740740740742,184.66666666666663,179.62962962962965,18.666666666666668,6
471,Terry Rozier,Miami Heat,SG,184,329,72,167,430.1,16,19,472.7,24,66,315.1,5,39,44,34,13,11,10,4,65,262,228,218,78,220.41789940828403,22.417899408284025,66.98594674556213,48.83136094674556,239.98594674556216,238.5,228.4171597633136,82.89053254437869,10
472,Terry Taylor,Chicago Bulls,F,11,46,4,8,275.0,1,2,50.0,2,3,150.0,2,10,12,3,1,1,0,0,-17,26,23,14,15,19.60973370064279,37.50780532598714,3.1744719926538107,1.7722681359044996,125.27640036730945,102.93388429752068,27.63452708907255,55.0,4
473,Thaddeus Young,Phoenix Suns,F,16,53,8,14,225.0,0,2,0.0,0,0,0.0,12,9,21,4,5,3,2,0,16,41,37,20,25,8.25,49.36224489795919,5.0,0.0,69.89795918367346,59.04081632653062,22.25,51.21938775510204,4
474,Thaddeus Young,Phoenix Suns,PF,41,128,20,28,469.9,1,3,50.0,0,2,0.0,11,18,29,14,12,2,4,1,-24,84,70,55,43,156.875,25.364795918367346,29.5,0.0,414.204081632653,236.84693877551024,300.875,88.22193877551021,6
475,Thanasis Antetokounmpo,Milwaukee Bucks,SF,10,48,5,11,266.7,0,2,0.0,0,1,0.0,2,1,3,4,8,1,3,1,-18,17,13,14,7,15.09375,1.5,1.5,0.0,20.34375,18.59375,16.84375,3.0,6
476,Theo Maledon,Phoenix Suns,PG,5,10,1,2,50.0,3,3,100.0,0,0,0.0,0,1,1,0,3,0,3,0,-11,6,6,5,1,14.0625,0.5625,0.0,0.0,20.25,20.25,14.0625,0.5625,1
477,Thomas Bryant,Miami Heat,C,91,143,33,58,520.0,21,23,750.0,4,14,233.3,12,41,53,6,17,4,4,7,41,150,144,97,59,492.15625,98.35625,8.45625,4.425,928.65625,866.8,552.325,108.5,10
478,Tim Hardaway Jr.,Dallas Mavericks,SF,87,211,30,79,299.7,9,11,416.7,18,49,300.6,2,25,27,22,7,9,6,1,50,136,114,109,49,627.8124102269462,62.27032461936225,35.93507612754956,30.615340419419706,1190.328641195059,956.7819592071245,854.6368859523126,104.92760700948003,10
479,Tobias Harris,Philadelphia 76ers,PF,157,339,63,141,434.0,19,24,668.3,12,42,261.1,11,66,77,24,14,11,14,10,-40,258,234,181,101,388.7570888468809,105.66540642722117,15.274102079395085,16.151228733459355,682.4962192816635,553.2599243856332,505.93289224952736,133.0,10
480,Torrey Craig,Chicago Bulls,SF,75,196,27,55,528.3,4,6,200.0,17,37,513.8,5,24,29,14,19,5,6,3,-27,118,104,89,43,89.4075355632449,27.204536716647443,8.401384083044983,12.272587466359093,186.52748942714342,169.49404075355633,111.68204536716647,30.36485966935794,10
481,Tosan Evbuomwan,Detroit Pistons,F,64,210,22,43,552.3,13,20,341.7,7,19,373.3,6,27,33,4,16,3,6,2,-87,101,97,68,37,188.4128862590401,66.54898093359631,4.669296515450362,6.1190006574621965,455.72846811308347,406.9171597633136,216.0,92.44247205785668,10
482,Toumani Camara,Portland Trail Blazers,F,88,292,35,67,507.2,8,9,350.0,10,26,336.6,19,23,42,22,26,8,13,8,-36,152,130,110,64,287.70000000000005,51.93611111111112,28.402777777777775,8.002777777777778,547.7,471.46944444444443,351.46944444444443,92.8,10
483,Trae Young,Atlanta Hawks,PG,235,370,76,173,432.4,45,55,813.4,38,93,399.0,2,18,20,109,22,11,45,2,-38,364,255,344,129,758.2361111111111,12.069444444444445,83.0,45.06944444444444,786.5,622.5,926.4027777777778,90.90277777777777,10
484,Trayce JacksonDavis,Golden State Warriors,F,113,270,52,75,688.8,9,18,408.3,0,1,0.0,34,46,80,23,15,9,6,17,19,216,193,136,103,195.79667063020213,116.26634958382877,24.483353151010697,0.0,448.28121284185477,371.5541022592153,239.06361474435192,174.20986920332936,10
485,Tre Jones,San Antonio Spurs,PG,121,313,44,80,494.1,17,19,650.0,16,29,347.1,9,31,40,63,12,11,17,0,-10,224,161,184,103,487.7437641723356,26.123456790123456,39.56336608717561,25.949609473418995,539.4240362811792,513.3698664651046,502.6480221718317,76.83673469387756,10
486,Tre Mann,Charlotte Hornets,PG,126,317,49,100,497.8,15,21,417.1,13,39,348.4,8,35,43,53,15,13,24,1,-51,222,169,179,96,188.97025419145484,44.37263385613845,56.151974040021635,6.123850730124391,380.3277447268794,318.0686857760952,282.7912385073012,68.9626825310979,10
487,Trendon Watford,Brooklyn Nets,PF,86,162,31,62,424.3,17,22,475.7,7,16,250.0,11,28,39,9,18,6,11,5,-16,134,125,95,48,349.5043402777778,68.98350694444443,16.921006944444446,6.129340277777777,674.5668402777778,576.8506944444445,432.5,100.625,10
488,Trent Forrest,Atlanta Hawks,G,24,130,10,28,356.6,4,4,200.0,0,3,0.0,4,10,14,36,3,3,7,2,-11,74,38,60,50,30.899653979238753,12.474432910419072,62.831987697039594,0.0,123.0795847750865,20.559784698193003,117.86082276047674,90.86505190311419,10
489,Trevelin Queen,Orlando Magic,SG,0,13,0,3,0.0,0,0,0.0,0,2,0.0,0,1,1,1,1,0,0,0,-17,2,1,1,2,0.0,0.5555555555555556,0.5555555555555556,0.0,0.22222222222222227,0.5555555555555556,0.5555555555555556,0.22222222222222227,2
490,Trey Jemison,Memphis Grizzlies,C,82,232,36,58,546.0,10,12,500.0,0,0,0.0,27,24,51,11,29,3,15,7,-11,144,133,93,62,465.1331496786043,21.648301193755735,6.92653810835629,0.0,532.9568411386593,593.0,407.8301193755739,25.83471074380165,10
491,Trey Lyles,Sacramento Kings,PF,60,190,20,48,413.7,13,16,675.0,7,22,276.7,13,27,40,11,21,0,9,4,18,111,100,71,51,119.625,14.434027777777779,10.934027777777779,12.11111111111111,212.56944444444446,142.85069444444443,175.10069444444443,39.611111111111114,10
492,Trey Murphy III,New Orleans Pelicans,SG,140,333,44,112,400.1,26,30,760.7,26,75,366.9,8,58,66,29,10,7,9,7,-8,235,206,169,95,161.54797097554422,78.44719161515721,22.188927707605483,20.957269551195914,228.24751410911045,176.43482934694973,180.9118516527815,133.0849234076861,10
493,Tristan Thompson,Cleveland Cavaliers,C,18,78,8,15,258.4,2,6,100.0,0,0,0.0,12,16,28,9,8,3,4,3,-20,55,46,27,37,43.85714285714286,23.571428571428573,1.4514285714285715,0.0,86.70857142857143,96.85714285714286,39.13714285714286,19.594285714285714,7
494,Troy Brown Jr.,Detroit Pistons,SF,37,173,12,47,255.4,7,9,230.0,6,26,174.89999999999998,4,24,28,9,6,3,7,0,-61,74,65,46,37,52.6,33.75625,9.05625,4.5,184.025,144.40625,84.30624999999999,50.725,10
495,TyTy Washington Jr.,Milwaukee Bucks,G,0,8,0,2,0.0,0,0,0.0,0,1,0.0,0,0,0,1,0,0,0,0,-4,1,0,1,1,0.0,0.0,0.44444444444444453,0.0,0.44444444444444453,0.0,0.44444444444444453,0.44444444444444453,1
496,Tyler Herro,Miami Heat,PG,183,325,71,166,433.4,10,13,333.4,31,80,406.0,3,46,49,50,11,0,13,1,35,282,232,233,99,148.11111111111111,40.94444444444444,28.069444444444443,12.944444444444445,309.7361111111111,207.61111111111111,206.125,113.125,10
497,Tyrese Haliburton,Indiana Pacers,PG,176,329,65,146,450.8,22,25,696.7,24,75,320.3,4,40,44,94,16,19,22,8,51,314,220,270,138,182.8751486325803,47.495838287752676,92.0832342449465,24.468489892984543,270.2211652794293,146.0,346.2782401902497,100.39714625445897,10
498,Tyrese Maxey,Philadelphia 76ers,PG,235,380,85,199,429.8,37,45,650.0,28,79,365.6,2,30,32,59,18,9,17,4,-10,326,267,294,91,591.641975308642,57.956790123456784,83.36145404663924,21.616598079561044,861.0013717421124,875.5864197530864,531.4684499314129,186.90672153635117,10
499,Tyus Jones,Washington Wizards,PG,91,313,36,84,402.0,4,4,300.0,15,43,360.8,3,22,25,97,4,9,13,2,-70,213,116,188,122,345.04336734693874,43.53316326530612,160.5,20.959183673469386,776.265306122449,542.0510204081633,542.9719387755102,240.3188775510204,10
500,Udoka Azubuike,Phoenix Suns,C,2,11,1,3,33.3,0,2,0.0,0,0,0.0,2,4,6,0,1,0,0,0,-3,8,8,2,6,1.7777777777777781,13.444444444444443,0.0,0.0,25.0,25.0,1.7777777777777781,13.444444444444443,1
501,Vasilije Micic,Charlotte Hornets,G,129,317,48,97,484.9,18,23,552.8,15,38,321.9,6,16,22,66,19,10,23,3,-90,217,151,195,88,484.4458161865569,27.083676268861453,142.92524005486968,25.18861454046639,555.6330589849108,415.41975308641975,575.1556927297669,219.51234567901233,10
502,Victor Wembanyama,San Antonio Spurs,C,237,316,82,178,460.4,54,73,776.1,19,69,270.6,28,89,117,48,23,13,45,33,13,402,354,285,165,933.5718682671592,182.32717759310557,27.665127731609726,15.022160664819943,2015.873807325331,1759.8393351800555,1130.0446291166513,269.5540166204986,10
503,Vince Williams Jr.,Memphis Grizzlies,G,127,336,42,92,459.70000000000005,30,38,723.3,13,34,328.8,8,54,62,61,30,12,34,9,-54,250,189,188,123,231.93628808864267,72.8808864265928,35.61495844875347,18.00831024930748,492.2326869806094,474.07479224376726,226.76454293628805,131.82548476454295,10
504,Vit Krejci,Atlanta Hawks,G,76,312,29,56,559.3,4,5,150.0,14,35,305.4,5,20,25,23,32,5,10,5,30,124,101,99,48,160.0,28.882797731569,12.100189035916824,16.733459357277884,288.6616257088847,263.23062381852554,180.44801512287333,45.965973534971646,10
505,Walker Kessler,Utah Jazz,C,72,251,31,44,697.5,10,12,500.0,0,0,0.0,25,58,83,12,21,4,13,13,-68,167,155,84,95,107.85400390625,67.197265625,7.74853515625,0.0,218.962890625,190.79541015625,118.4140625,92.55322265625,10
506,Wendell Carter Jr.,Orlando Magic,C,95,251,36,78,451.0,15,24,500.0,8,35,182.9,21,62,83,22,15,11,15,5,37,200,178,117,105,213.4236831987697,135.0222991157247,12.082276047673972,9.858515955401767,495.23106497500964,473.09342560553637,248.17108804306037,134.49480968858134,10
507,Wendell Moore Jr.,Minnesota Timberwolves,G,2,5,1,1,100.0,0,0,0.0,0,0,0.0,0,2,2,0,1,0,0,0,8,4,4,2,2,3.305785123966942,2.828512396694215,0.002066115702479339,0.0,11.933884297520661,12.25,3.1425619834710745,2.6776859504132227,1
508,Wenyen Gabriel,Memphis Grizzlies,F,17,81,8,22,168.3,0,5,0.0,1,6,50.0,7,18,25,3,10,2,8,2,-16,45,42,20,28,59.72702331961591,43.6159122085048,4.060356652949245,0.879286694101509,182.2098765432099,171.6858710562414,60.574759945130324,57.352537722908096,5
509,Wesley Matthews,Atlanta Hawks,SG,52,147,18,44,420.4,2,2,100.0,14,28,495.0,5,14,19,8,12,5,2,5,-21,79,71,60,27,123.61060032449973,33.18820984315847,13.71444023796647,6.442401297998917,217.8566792861006,199.30935640886966,134.19469983775014,54.86587344510546,10
510,Xavier Moon,LA Clippers,G,2,11,1,6,33.3,0,0,0.0,0,2,0.0,1,1,2,0,1,1,1,0,-20,4,4,2,2,2.18,2.5,0.8022222222222222,0.0,0.3755555555555552,0.07999999999999996,3.742222222222222,2.0355555555555553,2
511,Xavier Tillman,Boston Celtics,F,28,154,12,29,401.6,2,4,100.0,2,15,133.3,11,24,35,10,7,4,3,3,24,73,63,38,45,33.908387864366446,32.32183224271267,4.005948839976204,1.6287923854848303,104.61451516954192,108.73111243307557,32.0,34.11957168352171,10
512,Yuta Watanabe,Memphis Grizzlies,SF,22,97,10,24,250.0,0,2,0.0,2,12,64.3,0,11,11,5,6,5,4,0,-36,38,33,27,16,115.08000000000001,11.27,3.75,1.4800000000000004,136.28,131.43,116.23000000000002,18.72,7
513,Zach Collins,San Antonio Spurs,PF,89,175,32,69,446.3,20,25,641.7,5,16,266.7,15,33,48,22,31,6,18,9,-50,159,137,111,70,216.96173469387756,86.40051020408164,23.90625,6.503188775510204,384.45727040816325,422.05102040816325,204.99298469387756,84.68176020408164,10
514,Zavier Simpson,Memphis Grizzlies,G,0,9,0,1,0.0,0,0,0.0,0,0,0.0,1,0,1,4,1,1,1,0,12,5,1,4,5,0.0,0.0,0.0,0.0,0.0,0.0,0.0,0.0,1
515,Zeke Nnaji,Denver Nuggets,PF,18,100,6,17,350.0,6,8,300.0,0,2,0.0,7,10,17,4,10,2,2,10,-19,39,35,22,21,50.40625,16.277777777777775,7.350694444444445,0.0,130.125,94.18402777777779,73.06944444444443,36.90625,10
516,Ziaire Williams,Memphis Grizzlies,F,103,270,39,94,389.0,13,16,421.4,12,46,213.7,6,38,44,20,15,12,15,0,-39,167,147,123,64,552.1,32.4,24.0,17.599999999999998,788.1,632.1,714.1,50.4,10
517,Zion Williamson,New Orleans Pelicans,PF,263,339,100,160,608.6,63,90,658.4,0,0,0.0,19,52,71,40,24,14,39,5,24,374,334,303,111,775.3217466245331,33.02642918701523,64.89744326343003,0.002872737719046251,964.0,920.1516805515655,863.8399885090491,53.25395001436369,10
