,First Last Name,team,position,points,minutes,fgm,fga,fgp,ftm,fta,ftp,tpm,tpa,tpp,offReb,defReb,totReb,assists,pFouls,steals,turnovers,blocks,plusMinus,Points_Rebounds_Assist,Points_Rebounds,Points_Assist,Rebounds_Assist,points_deviation,totReb_deviation,assists_deviation,tpm_deviation,Points_Rebounds_Assist_deviation,Points_Rebounds_deviation,Points_Assist_deviation,Rebounds_Assist_deviation,count
0,A. Flagler,Oklahoma City Thunder,F,0,6,0,3,0.0,0,0,0.0,0,3,0.0,0,0,0,1,0,0,0,0,0,1,0,1,1,0.0,0.0,0.0,0.0,0.0,0.0,0.0,0.0,1
1,A.J. Green,Milwaukee Bucks,G,55,151,17,45,424.4,8,9,366.7,13,37,384.6,1,17,18,7,8,4,5,1,-22,80,73,62,25,143.8468809073724,15.648393194706992,8.417769376181473,9.340264650283554,223.14933837429112,226.9773156899811,143.4669187145558,20.618147448015122,10
2,A.J. Lawson,Dallas Mavericks,G,20,42,8,21,223.3,2,6,100.0,2,8,100.0,2,6,8,3,5,1,0,1,-5,31,28,23,11,34.239999999999995,6.56,1.826666666666667,1.5733333333333335,50.36,44.373333333333335,38.17333333333333,10.44,6
3,Aaron Gordon,Denver Nuggets,PF,134,307,55,90,683.8,20,28,616.7,4,18,133.3,15,44,59,41,22,7,12,2,70,234,193,175,100,214.8,85.576,45.016,2.544,363.10400000000004,442.136,163.17600000000002,103.18400000000001,10
4,Aaron Holiday,Houston Rockets,G,32,99,13,39,224.6,2,2,100.0,4,17,106.7,1,6,7,11,14,3,2,1,-20,50,39,43,18,206.3188775510204,3.7576530612244903,13.602040816326532,8.489795918367346,283.95918367346934,250.62244897959187,233.47193877551018,23.543367346938773,10
5,Aaron Nesmith,Indiana Pacers,SF,116,277,37,88,414.9,26,31,782.1,16,44,374.9,3,28,31,16,31,5,5,10,22,163,147,132,47,317.9319470699433,40.99243856332704,8.771266540642722,13.12665406427221,543.3175803402646,520.8790170132326,330.4536862003782,59.680529300567095,10
6,Aaron Wiggins,Oklahoma City Thunder,SG,53,148,22,44,519.6,6,8,300.0,3,13,100.0,10,10,20,8,6,7,8,7,-7,81,73,61,28,130.51486325802617,8.760998810939359,7.6932223543400715,8.529131985731272,147.67538644470866,150.36741973840665,135.29013079667067,8.98692033293698,10
7,Al Horford,Boston Celtics,C,104,253,41,73,559.9,6,6,300.0,16,38,339.3,15,41,56,20,17,8,5,8,92,180,160,124,76,307.1020408163265,66.44444444444444,25.45124716553288,30.66213151927438,416.5668934240362,321.83219954648524,397.3287981859411,96.40362811791383,10
8,Alec Burks,New York Knicks,SG,59,130,22,74,267.2,7,10,275.0,8,38,201.79999999999998,4,13,17,8,3,2,4,1,-22,84,76,67,25,216.42400000000004,11.016000000000002,4.384,8.224,342.89599999999996,291.29600000000005,260.20000000000005,23.223999999999997,10
9,Aleksej Pokusevski,Charlotte Hornets,F,27,83,11,27,255.8,2,2,100.0,3,10,183.3,5,11,16,10,5,5,4,5,4,53,43,37,26,30.0,13.0,6.3125,1.2013888888888888,80.8125,63.0,35.3125,31.8125,5
10,Aleksej Pokusevski,Oklahoma City Thunder,F,6,18,2,5,100.0,1,2,50.0,1,3,100.0,0,2,2,0,0,1,0,0,-12,8,8,6,2,35.0,17.0,9.1875,0.8541666666666667,163.1875,98.0,75.6875,50.6875,3
11,Alex Caruso,Chicago Bulls,SG,102,305,38,90,409.3,5,9,225.0,21,54,372.0,6,32,38,43,25,25,13,7,-9,183,140,145,81,421.10069444444446,28.94444444444445,44.18402777777778,30.902777777777775,729.6111111111111,553.1840277777778,593.0,77.65625,10
12,Alex Len,Sacramento Kings,C,29,94,13,26,456.7,3,6,75.0,0,0,0.0,8,13,21,5,12,4,5,9,29,55,50,34,26,36.90027700831025,18.628808864265928,4.5069252077562325,0.0,48.501385041551245,47.77285318559557,38.40997229916897,22.354570637119114,10
13,Alondes Williams,Miami Heat,G,0,6,0,1,0.0,0,0,0.0,0,1,0.0,0,1,1,0,0,0,1,0,-2,1,1,0,1,0.0,0.25,0.0,0.0,0.25,0.25,0.0,0.25,1
14,Alperen Sengun,Houston Rockets,C,209,324,81,157,512.7,43,68,622.9,4,12,200.0,39,68,107,45,36,16,26,7,2,361,316,254,152,847.1723356009071,197.81632653061226,123.77551020408163,4.408163265306122,1935.0226757369614,1622.4580498866212,993.7777777777778,487.5510204081633,10
15,Amen Thompson,Houston Rockets,F,92,208,39,66,514.4,13,16,516.7,1,6,100.0,22,40,62,15,25,15,10,8,46,169,154,107,77,497.25326991676576,70.33293697978597,30.847800237812127,0.9143876337693221,1014.1843043995243,815.3198573127229,651.423305588585,145.87514863258028,10
16,Amir Coffey,LA Clippers,SG,61,215,23,54,372.0,4,5,250.0,11,30,291.7,2,27,29,14,14,6,6,2,-34,104,90,75,43,260.9,81.74444444444444,18.41111111111111,19.61111111111111,610.9444444444445,453.5111111111111,389.17777777777775,129.31111111111107,10
17,Andre Drummond,Chicago Bulls,C,79,175,31,57,426.0,17,32,554.2,0,0,0.0,30,62,92,4,22,2,11,5,-3,175,171,83,96,339.9792899408284,345.64792899408286,2.4053254437869818,0.0,1139.7544378698224,1071.094674556213,378.20710059171597,378.4852071005916,10
18,Andre Jr. Jackson,Milwaukee Bucks,G,10,69,4,9,333.3,0,0,0.0,2,5,200.0,3,9,12,10,6,3,3,0,-10,32,22,20,22,11.420118343195266,8.272189349112427,8.0,1.5266272189349113,40.35502958579881,32.04733727810651,16.804733727810646,19.19526627218935,6
19,Andrew Nembhard,Indiana Pacers,PG,82,277,33,75,465.2,4,5,100.0,12,34,423.3,6,21,27,27,23,11,15,1,-28,136,109,109,54,156.12345679012344,30.429355281207133,43.0713305898491,5.7585733882030175,319.38271604938274,174.8161865569273,299.7462277091907,74.44444444444446,10
20,Andrew Wiggins,Golden State Warriors,SF,138,259,52,104,497.5,18,20,650.0,16,37,423.3,12,28,40,20,16,6,10,4,0,198,178,158,60,246.44444444444443,38.5,8.017361111111112,6.5,379.4340277777778,390.27777777777777,250.01736111111114,32.10069444444444,10
21,Anfernee Simons,Portland Trail Blazers,SG,250,384,86,194,439.1,38,41,857.1,40,95,417.6,7,36,43,67,19,6,36,0,-1,360,293,317,110,643.7869822485206,30.14792899408284,96.86686390532543,14.3698224852071,1067.2455621301774,742.7869822485208,914.0621301775149,181.198224852071,10
22,Anthony Black,Orlando Magic,G,52,219,17,50,314.1,9,14,350.0,9,22,308.3,7,22,29,10,17,7,9,1,41,91,81,62,39,113.6,56.9,6.4,9.299999999999999,273.29999999999995,230.9,152.0,67.3,10
23,Anthony Davis,Los Angeles Lakers,PF,216,355,81,154,521.6,53,63,774.9,1,6,50.0,30,97,127,30,21,16,15,23,3,373,343,246,157,654.8000000000001,253.57600000000002,22.784,1.384,1579.576,1384.216,786.3039999999999,340.216,10
24,Anthony Edwards,Minnesota Timberwolves,SG,275,357,101,225,432.9,51,60,842.3,22,70,314.8,8,46,54,41,16,17,27,11,34,370,329,316,95,1034.715976331361,57.044378698224854,29.37869822485207,25.292899408284022,1376.748520710059,1301.8136094674555,1079.0532544378698,117.0207100591716,10
25,Anthony Gill,Washington Wizards,PF,18,51,7,18,178.8,2,2,100.0,2,7,125.0,4,5,9,6,4,4,6,0,3,33,27,24,15,136.9783950617284,13.472222222222221,14.089506172839506,1.6172839506172838,304.1388888888889,228.87654320987656,202.0,37.80246913580247,5
26,Ashton Hagans,Portland Trail Blazers,G,47,181,17,39,452.7,8,11,350.0,5,11,166.7,8,21,29,32,25,7,19,7,8,108,76,79,61,130.2,19.177777777777777,51.77777777777777,6.6,396.97777777777776,217.11111111111111,288.11111111111114,92.9111111111111,10
27,Ausar Thompson,Detroit Pistons,F,103,314,42,87,508.0,11,25,325.0,8,29,195.3,15,44,59,21,26,17,14,11,-6,183,162,124,80,121.7,31.399999999999995,24.125,8.5,347.72499999999997,237.7,200.02499999999998,87.225,10
28,Austin Reaves,Los Angeles Lakers,SG,168,356,64,124,525.7,12,15,600.0,28,63,411.2,4,46,50,56,13,6,23,1,-16,274,218,224,106,233.83264746227704,37.27297668038408,95.0342935528121,33.62688614540466,355.5692729766804,252.5679012345679,385.68449931412897,83.45679012345678,10
29,Ayo Dosunmu,Chicago Bulls,SG,161,383,61,133,437.5,18,21,541.6,21,59,339.4,8,28,36,56,22,7,20,7,-55,253,197,217,92,589.5443786982248,30.591715976331358,42.98224852071006,13.331360946745562,649.5325443786983,549.6390532544378,692.7633136094674,70.24852071005915,10
30,Bam Adebayo,Miami Heat,C,170,343,70,138,497.90000000000003,27,47,576.2,3,5,300.0,26,79,105,28,22,12,16,9,-11,303,275,198,133,271.18399999999997,116.536,14.735999999999999,2.296,346.05600000000004,360.584,253.98399999999998,133.944,10
31,Ben Sheppard,Indiana Pacers,G,72,185,26,53,472.5,4,4,200.0,16,38,384.6,2,18,20,8,20,6,1,1,48,100,92,80,28,234.5,42.15625,15.684027777777775,33.51736111111111,406.7361111111111,324.90625,328.10069444444446,46.069444444444436,10
32,Ben Simmons,Brooklyn Nets,PG,53,168,24,38,521.1,5,11,150.0,0,0,0.0,15,39,54,46,20,9,12,4,-5,153,107,99,100,134.88888888888889,64.0,78.88888888888889,0.0,382.0,162.8888888888889,300.0,196.88888888888889,9
33,Bennedict Mathurin,Indiana Pacers,SG,139,275,44,115,340.3,35,45,614.5,16,44,245.0,10,33,43,23,24,7,17,4,-18,205,182,162,66,753.4765625,123.6015625,38.125,30.4140625,1418.90625,1097.65625,970.9140625,265.5390625,10
34,Bilal Coulibaly,Washington Wizards,SG,90,289,30,76,451.5,19,27,633.3,11,39,238.3,9,30,39,18,22,12,8,7,-98,147,129,108,57,122.13313609467454,36.90532544378698,15.751479289940827,13.09171597633136,320.78402366863907,279.09171597633133,158.16863905325442,58.31360946745562,10
35,Bismack Biyombo,Oklahoma City Thunder,C,4,31,1,4,33.3,2,2,100.0,0,0,0.0,3,2,5,2,6,0,2,1,4,11,9,6,7,4.16,2.7600000000000002,1.04,0.0,21.240000000000002,13.0,9.36,6.84,4
36,Blake Wesley,San Antonio Spurs,G,47,139,17,35,390.4,12,14,450.0,1,7,100.0,2,13,15,28,15,3,6,3,-29,90,62,75,43,148.45404663923182,20.530864197530867,66.44444444444444,0.972565157750343,325.5363511659808,190.52400548696846,238.8737997256516,131.56790123456793,10
37,Boban Marjanovic,Houston Rockets,C,3,7,1,1,100.0,1,2,50.0,0,0,0.0,0,3,3,0,0,0,1,0,-3,6,6,3,3,1.44,2.5600000000000005,0.0,0.0,7.839999999999999,7.839999999999999,1.44,2.5600000000000005,1
38,Bobby Portis,Milwaukee Bucks,F,169,253,70,131,531.5,16,20,605.0,13,31,336.7,15,70,85,16,18,9,13,1,25,270,254,185,101,586.3222354340071,111.5612366230678,12.746730083234246,22.2294887039239,1142.6420927467302,1037.5743162901308,661.4732461355528,154.22473246135553,10
39,Bogdan Bogdanovic,Atlanta Hawks,SG,148,335,51,135,362.7,17,18,650.0,29,81,355.4,9,30,39,42,18,13,24,6,62,229,187,190,81,373.69599999999997,43.0,41.744,25.096,402.74399999999997,335.576,456.70399999999995,68.904,10
40,Bojan Bogdanovic,New York Knicks,SF,106,220,36,98,311.4,18,19,550.0,16,54,233.89999999999998,6,20,26,13,19,1,20,0,-44,145,132,119,39,562.9413988657845,32.83553875236295,22.122873345935727,24.77126654064272,849.2003780718337,697.4744801512287,694.4669187145557,75.15879017013232,10
41,Bol Bol,Phoenix Suns,C,55,121,24,44,532.1,2,3,150.0,5,16,270.0,9,27,36,1,10,1,2,4,-34,92,91,56,37,192.02947845804988,39.64172335600907,1.0907029478458048,4.505668934240363,349.1111111111111,350.55102040816325,188.81632653061226,42.50566893424036,10
42,Bones Hyland,LA Clippers,PG,67,170,25,65,382.4,4,6,200.0,13,37,313.8,1,15,16,36,13,10,14,2,7,119,83,103,52,242.681660899654,19.197231833910035,101.0795847750865,18.224913494809687,717.7404844290658,384.84083044982697,519.8581314878893,176.0,10
43,Bradley Beal,Phoenix Suns,SG,193,311,76,138,597.1,24,28,638.3,17,38,530.2,10,24,34,51,20,11,23,4,-12,278,227,244,85,660.1833648393194,38.38941398865784,61.48771266540643,6.1153119092627595,1130.476370510397,771.586011342155,968.0,150.9508506616257,10
44,Brandin Podziemski,Golden State Warriors,G,83,303,32,79,399.4,7,12,275.0,12,33,406.7,17,37,54,45,9,11,12,4,66,182,137,128,99,172.9012345679012,24.458161865569274,18.31412894375857,7.635116598079561,352.2030178326474,276.0342935528121,241.64334705075441,50.19890260631003,10
45,Brandon Boston Jr.,LA Clippers,SG,40,91,16,43,312.7,5,10,250.0,3,11,183.3,6,7,13,2,10,1,0,5,-21,55,53,42,15,114.22222222222221,23.580246913580247,1.6543209876543208,2.2222222222222223,204.320987654321,173.9506172839506,133.58024691358023,36.24691358024691,8
46,Brandon Ingram,New Orleans Pelicans,SF,201,326,73,148,498.4,43,51,832.8,12,34,316.2,6,51,57,56,23,8,28,9,67,314,258,257,113,612.207100591716,26.25147928994083,39.005917159763314,9.609467455621301,576.7485207100591,716.1686390532544,477.79289940828403,60.25147928994083,10
47,Brandon Miller,Charlotte Hornets,F,172,329,68,162,413.9,13,18,396.7,23,73,294.1,9,42,51,26,22,9,15,6,-93,249,223,198,77,345.20000000000005,62.777777777777786,40.577777777777776,12.377777777777778,706.9111111111112,654.3777777777777,398.9777777777778,102.11111111111111,10
48,Brandon Williams,Dallas Mavericks,G,7,24,2,9,83.3,3,4,100.0,0,2,0.0,1,1,2,4,1,0,1,0,-12,13,9,11,6,18.22448979591837,3.183673469387756,4.081632653061224,0.0,30.46938775510204,15.448979591836734,29.0,11.510204081632653,4
49,Braxton Key,Denver Nuggets,F,2,6,1,1,100.0,0,1,0.0,0,0,0.0,1,1,2,0,1,0,0,0,2,4,4,2,2,2.25,1.0,0.0,0.0,6.25,6.25,2.25,1.0,1
50,Brice Sensabaugh,Utah Jazz,F,81,221,31,68,425.0,11,12,366.7,8,33,286.7,6,30,36,16,15,3,18,0,-38,133,117,97,52,247.2265625,115.625,14.5,8.1640625,566.6640625,524.0390625,276.3515625,143.625,10
51,Brook Lopez,Milwaukee Bucks,C,92,280,31,71,398.3,9,12,350.0,21,47,432.9,13,31,44,19,17,5,7,14,66,155,136,111,63,285.62130177514797,46.09467455621302,27.09171597633136,23.94378698224852,620.5710059171598,468.2248520710059,404.4408284023669,106.7130177514793,10
52,Bruce Brown,Toronto Raptors,SF,95,267,35,77,411.1,21,22,650.0,4,18,150.0,4,32,36,32,18,4,10,2,-54,163,131,127,68,212.50566893424036,92.85260770975057,18.471655328798185,4.6938775510204085,482.4104308390023,369.1224489795918,321.1179138321995,116.0,10
53,Bruno Fernando,Atlanta Hawks,PF,52,205,23,40,566.6,6,8,300.0,0,0,0.0,18,46,64,10,30,13,17,10,-20,126,116,62,74,81.22500000000001,68.9,6.025,0.0,170.8,147.025,94.5,85.42500000000001,10
54,Bryce McGowens,Charlotte Hornets,G,54,155,18,37,330.8,13,18,441.7,5,15,180.0,3,21,24,8,15,7,4,3,-10,86,78,62,32,234.40625,28.0,5.65625,6.8515625,395.625,383.40625,249.625,30.65625,10
55,Buddy Hield,Philadelphia 76ers,SG,114,264,41,104,398.59999999999997,7,7,200.0,25,65,424.7,6,25,31,34,19,10,9,5,-24,179,145,148,65,99.23900118906064,33.466111771700355,14.887039239001188,6.5267538644470875,231.6420927467301,204.52675386444707,118.20451843043995,56.50297265160523,10
56,CJ McCollum,New Orleans Pelicans,SG,157,282,62,143,403.3,6,8,233.4,27,75,314.3,4,37,41,32,12,5,14,5,30,230,198,189,73,759.3284023668639,20.905325443786985,51.94082840236686,46.31360946745562,1227.8254437869823,852.5,1127.1390532544378,80.36094674556213,10
57,Cade Cunningham,Detroit Pistons,PG,213,323,77,181,427.4,37,41,710.3,22,65,329.6,9,38,47,83,16,5,29,3,10,343,260,296,130,561.9214876033058,36.10330578512397,32.36776859504132,16.202479338842977,906.5,762.0495867768595,682.5123966942149,92.3305785123967,10
58,Caleb Houstan,Orlando Magic,G,35,133,11,27,236.1,2,2,100.0,11,25,269.4,3,10,13,3,12,2,2,2,3,51,48,38,16,154.89273356401384,31.50865051903114,1.9757785467128026,18.269896193771626,286.19723183391005,271.7231833910035,157.87197231833912,44.979238754325266,7
59,Caleb Martin,Miami Heat,SF,122,288,43,92,463.3,14,15,666.7,22,45,537.9,12,41,53,19,22,5,13,9,-2,194,175,141,72,155.02399999999997,57.944,33.0,13.696,478.25600000000003,316.13599999999997,289.784,118.304,10
60,Cam Reddish,Los Angeles Lakers,SF,23,83,8,17,193.3,2,6,75.0,5,11,183.3,3,4,7,1,5,3,2,4,7,31,30,24,8,48.138888888888886,7.472222222222222,0.8055555555555556,2.1388888888888884,42.138888888888886,35.0,58.0,5.555555555555556,5
61,Cam Thomas,Brooklyn Nets,SG,216,324,80,179,424.4,32,37,858.4,24,61,365.4,8,33,41,35,25,10,18,0,-18,292,257,251,76,620.204081632653,73.24489795918367,16.77777777777778,28.53061224489796,833.8866213151927,758.9183673469388,692.7913832199547,92.40362811791383,10
62,Cam Whitmore,Houston Rockets,F,126,203,48,111,415.2,17,26,385.0,13,50,239.8,14,31,45,5,11,5,15,5,3,176,171,131,50,215.05817174515238,60.56232686980609,2.673130193905817,12.290858725761774,347.16343490304706,345.24376731301936,225.77008310249312,54.44321329639889,10
63,Cameron Johnson,Brooklyn Nets,SF,146,265,47,102,458.8,26,31,671.7,26,63,400.5,8,26,34,19,17,12,12,1,-10,199,180,165,53,446.2991689750693,43.396121883656505,15.565096952908588,30.720221606648202,570.2963988919668,479.98891966759004,550.983379501385,44.58448753462604,10
64,Cameron Payne,Philadelphia 76ers,PG,102,196,38,90,440.5,10,11,375.0,16,46,342.9,4,9,13,30,21,4,13,3,-21,145,115,132,43,195.8326474622771,22.75308641975309,42.34293552812071,12.46639231824417,308.98902606310014,282.87379972565157,230.89437585733884,56.149519890260635,10
65,Caris LeVert,Cleveland Cavaliers,SG,127,319,48,116,405.3,15,22,373.3,16,52,296.09999999999997,6,47,53,83,17,16,18,5,46,263,180,210,136,331.9519890260631,73.44444444444446,105.83676268861454,10.790123456790123,839.1975308641973,533.7914951989027,550.7160493827162,265.923182441701,10
66,Cason Wallace,Oklahoma City Thunder,G,62,192,25,52,440.5,1,3,100.0,11,27,350.0,5,17,22,18,13,13,9,5,-4,102,84,80,40,348.347205707491,9.657550535077288,22.05707491082045,17.499405469678955,451.09155766944116,378.0,422.96313912009515,30.19024970273484,10
67,Cedi Osman,San Antonio Spurs,SF,41,141,17,35,407.1,0,0,0.0,7,20,233.3,3,18,21,16,11,4,7,0,-44,78,62,57,37,146.51927437641723,15.090702947845806,23.111111111111114,7.662131519274377,137.11111111111111,184.0,113.56689342403628,24.26530612244898,10
68,Charlie Brown Jr.,New York Knicks,G,3,27,1,5,20.0,0,0,0.0,1,3,33.3,1,1,2,0,4,0,0,1,-6,5,5,3,2,6.12,2.7200000000000006,0.0,0.6800000000000002,17.0,17.0,6.12,2.7200000000000006,2
69,Chet Holmgren,Oklahoma City Thunder,PF,154,310,56,112,511.5,29,32,660.0,13,40,300.0,16,75,91,26,15,4,9,14,18,271,245,180,117,288.53507728894175,115.01426872770512,18.88703923900119,11.259215219976218,736.1129607609988,629.7372175980976,376.5826397146255,152.2294887039239,10
70,Chimezie Metu,Phoenix Suns,PF,6,29,3,5,150.0,0,0,0.0,0,0,0.0,2,9,11,2,2,2,3,0,-7,19,17,8,13,11.0,27.0,1.0000000000000002,0.0,71.66666666666666,56.0,18.0,36.666666666666664,3
71,Chris Boucher,Toronto Raptors,PF,69,120,25,35,573.3,15,18,500.0,4,12,216.7,13,27,40,5,11,1,9,5,7,114,109,74,45,142.20987654320987,47.580246913580254,5.913580246913581,4.0246913580246915,410.0,329.0246913580247,192.69135802469134,83.98765432098766,8
72,Chris Duarte,Sacramento Kings,SG,51,125,18,36,391.7,2,3,150.0,13,26,383.4,6,18,24,5,8,6,0,3,5,80,75,56,29,241.765625,26.0,4.34765625,12.81640625,370.91015625,338.265625,263.66015625,41.09765625,9
73,Chris Livingston,Milwaukee Bucks,F,0,6,0,2,0.0,0,0,0.0,0,2,0.0,0,1,1,1,4,0,1,0,-10,2,1,1,2,0.0,0.0625,0.5625,0.0,1.0,0.0625,0.5625,1.0,1
74,Chris Paul,Golden State Warriors,PG,102,249,41,90,451.4,5,6,175.0,15,37,350.0,5,39,44,63,16,17,10,0,-24,209,146,165,107,202.85207100591717,32.43786982248521,34.91715976331361,10.8698224852071,371.67455621301775,347.2544378698225,232.32544378698225,62.30177514792901,10
75,Christian Braun,Denver Nuggets,G,71,199,28,45,659.7,6,11,225.0,9,19,416.7,5,28,33,14,26,7,6,7,44,118,104,85,47,144.984,22.424,10.543999999999999,9.224000000000002,212.784,170.0,182.60000000000002,38.136,10
76,Christian Wood,Los Angeles Lakers,F,59,133,22,51,477.0,11,14,450.0,4,19,225.0,6,28,34,6,12,5,5,2,-14,99,93,65,40,153.90277777777777,54.402777777777786,4.625,2.4444444444444446,305.125,285.0,156.7777777777778,76.27777777777777,10
77,Chuma Okeke,Orlando Magic,PF,0,19,0,2,0.0,0,0,0.0,0,2,0.0,0,1,1,1,2,1,0,0,-3,2,1,1,2,0.8698224852071006,0.6982248520710059,0.8639053254437871,0.01775147928994083,0.7633136094674556,1.2366863905325443,0.9053254437869823,1.0532544378698225,3
78,Clint Capela,Atlanta Hawks,C,119,256,51,91,576.7,17,27,520.0,0,0,0.0,48,66,114,20,25,5,14,14,37,253,233,139,134,111.44444444444444,74.45804988662131,19.836734693877553,0.0,287.53061224489795,276.3469387755102,127.28117913832202,89.64172335600907,10
79,Coby White,Chicago Bulls,PG,190,393,66,163,402.3,33,37,821.7,25,76,313.4,9,40,49,51,24,9,21,3,-24,290,239,241,100,593.9002267573696,28.927437641723355,96.11111111111111,39.45804988662131,889.6734693877552,631.0226757369614,779.7573696145125,197.83219954648524,10
80,Cody Martin,Charlotte Hornets,SF,69,285,28,76,367.2,6,7,250.0,7,30,228.2,6,44,50,42,15,11,20,7,-28,161,119,111,92,111.0,28.18685121107267,64.68512110726644,2.6816608996539792,183.02076124567472,112.9515570934256,173.33217993079583,100.60899653979239,10
81,Cody Zeller,New Orleans Pelicans,C,7,31,3,6,200.0,1,2,50.0,0,0,0.0,5,10,15,3,5,2,3,0,14,25,22,10,18,3.3209876543209877,4.246913580246914,3.2098765432098766,0.0,16.061728395061728,11.222222222222221,6.061728395061729,9.555555555555555,5
82,Colby Jones,Sacramento Kings,G,4,12,2,5,83.3,0,0,0.0,0,0,0.0,0,4,4,2,1,0,0,0,5,10,8,6,6,2.6122448979591835,4.612244897959183,0.6530612244897959,0.0,18.3265306122449,12.448979591836734,5.877551020408163,7.8775510204081645,2
83,Cole Anthony,Orlando Magic,PG,92,226,33,86,378.1,19,25,637.5,7,34,148.4,8,29,37,21,20,8,8,4,-2,150,129,113,58,187.664,50.584,26.344,8.136000000000001,196.064,209.8,195.0,55.856,10
84,Cole Swider,Miami Heat,F,2,18,0,6,0.0,2,2,100.0,0,5,0.0,0,2,2,1,1,0,3,0,-9,5,4,3,3,2.666666666666667,0.6666666666666667,0.6666666666666667,0.0,8.666666666666666,4.666666666666667,6.0,2.0,3
85,Collin Gillespie,Denver Nuggets,G,30,64,11,20,197.8,1,3,50.0,7,11,200.0,0,7,7,7,6,5,5,0,8,44,37,37,14,157.84,3.24,7.24,9.24,242.96,167.15999999999997,231.16,12.96,4
86,Collin Sexton,Utah Jazz,PG,208,315,75,151,493.2,37,45,783.3,21,46,354.2,10,18,28,61,21,17,22,1,-3,297,236,269,89,134.8284023668639,31.6094674556213,53.505917159763314,27.0,264.6775147928994,196.0828402366864,201.17455621301775,87.3639053254438,10
87,Corey Kispert,Washington Wizards,SF,130,267,46,97,443.2,15,22,525.0,23,59,366.2,5,26,31,21,21,7,10,4,-51,182,161,151,52,420.7015457788347,22.942925089179546,42.942925089179546,24.733650416171226,761.7621878715814,536.2889417360286,598.2889417360286,113.7717003567182,10
88,Cory Joseph,Golden State Warriors,PG,27,71,10,16,316.7,0,0,0.0,7,11,316.7,2,9,11,6,6,0,1,0,9,44,38,33,17,31.2,10.8,2.8000000000000003,3.2,28.8,47.2,21.2,5.2,5
89,Craig Jr. Porter,Cleveland Cavaliers,G,53,98,22,41,391.9,5,5,300.0,4,9,125.0,5,14,19,14,7,2,7,0,-13,86,72,67,33,275.283950617284,36.50617283950617,15.432098765432102,8.617283950617283,562.888888888889,465.5802469135802,363.20987654320993,61.32098765432099,8
90,D'Angelo Russell,Los Angeles Lakers,PG,199,360,74,152,463.9,16,22,635.0,35,80,413.8,6,29,35,61,20,9,20,5,7,295,234,260,96,983.3313609467455,30.8698224852071,93.05621301775147,46.63313609467455,1595.9792899408283,1280.0,1297.3284023668639,125.90828402366863,10
91,D.J. Carton,Toronto Raptors,G,8,31,2,7,83.3,3,4,150.0,1,4,50.0,2,1,3,3,1,1,1,0,-30,14,11,11,6,8.666666666666668,2.0,2.0,0.6666666666666667,8.666666666666666,2.6666666666666665,18.666666666666668,0.0,3
92,Daishen Nix,Minnesota Timberwolves,SG,5,5,2,3,66.7,0,0,0.0,1,2,50.0,0,0,0,0,1,1,0,0,6,5,5,5,0,9.0,0.0,0.08163265306122448,0.32653061224489793,7.367346938775511,9.0,7.367346938775511,0.08163265306122448,1
93,Dalano Banton,Portland Trail Blazers,G,179,300,65,153,433.4,24,30,751.7,25,61,401.4,14,37,51,35,19,7,22,6,-65,265,230,214,86,783.0,66.61599999999999,35.224000000000004,27.896000000000004,1537.016,1214.8960000000002,1048.864,158.096,10
94,Dalen Terry,Chicago Bulls,F,30,124,12,24,415.0,3,6,150.0,3,9,250.0,5,15,20,15,11,8,5,0,18,65,50,45,35,50.24930747922438,30.69252077562327,13.060941828254848,2.102493074792244,169.67036011080333,126.11080332409972,74.5623268698061,63.0,10
95,Damian Jones,Cleveland Cavaliers,C,52,118,21,35,527.9,10,12,550.0,0,5,0.0,14,23,37,6,10,4,6,7,-25,95,89,58,43,146.69140625,49.59765625,4.00390625,0.0,263.47265625,264.5625,147.140625,52.0625,9
96,Damian Lillard,Milwaukee Bucks,PG,238,353,76,173,427.8,49,52,949.0,37,90,401.2,4,44,48,80,17,7,23,3,82,366,286,318,128,874.4938271604939,48.13717421124828,153.97530864197532,30.67901234567901,1440.2030178326472,1017.7256515775034,1276.4938271604938,222.58984910836762,10
97,Daniel Gafford,Dallas Mavericks,C,115,209,51,59,715.5,13,20,431.7,0,0,0.0,24,47,71,8,31,8,9,21,22,194,186,123,79,462.3367346938776,132.70408163265304,3.8698979591836737,0.0,1036.0127551020407,949.265306122449,521.6147959183673,164.0433673469388,10
98,Daniel Theis,LA Clippers,C,48,152,22,45,451.1,1,1,100.0,3,12,250.0,13,34,47,10,17,1,6,6,32,105,95,58,57,109.2,130.184,9.296000000000001,2.1039999999999996,298.504,281.944,133.37599999999998,131.86399999999998,10
99,Danilo Gallinari,Milwaukee Bucks,PF,24,91,7,21,283.3,9,10,275.0,1,10,100.0,4,5,9,8,8,2,4,0,-34,41,33,32,17,100.44444444444444,5.611111111111112,13.80864197530864,1.4444444444444444,131.04938271604937,121.6111111111111,107.51234567901233,21.790123456790123,10
100,Dante Exum,Dallas Mavericks,G,54,175,17,39,446.6,15,18,566.7,5,11,350.0,2,20,22,29,14,2,8,0,28,105,76,83,51,136.7265625,19.625,41.40625,5.125,303.2265625,178.5390625,243.0390625,79.40625,10
101,Danuel House Jr.,Philadelphia 76ers,SF,42,143,14,30,276.3,13,15,466.7,1,11,33.3,6,11,17,7,16,7,3,3,-26,66,59,49,24,42.0,11.714285714285715,8.0,0.8571428571428572,41.714285714285715,51.714285714285715,40.0,11.714285714285715,7
102,Dario Saric,Golden State Warriors,PF,28,108,12,35,298.3,2,3,100.0,2,19,83.3,7,14,21,19,7,0,13,1,-27,68,49,47,40,58.86200378071833,26.90926275992439,13.24952741020794,2.6351606805293004,147.03969754253308,106.68998109640832,74.89792060491493,64.47258979206049,10
103,Darius Garland,Cleveland Cavaliers,PG,219,362,77,172,449.2,20,25,627.4,45,95,460.7,4,27,31,65,27,11,29,1,-14,315,250,284,96,711.5325443786982,34.8905325443787,65.69822485207101,73.86094674556213,959.4940828402366,885.4822485207101,789.6331360946745,96.5,10
104,David Roddy,Phoenix Suns,F,68,169,27,69,480.3,9,15,301.7,5,25,143.3,5,24,29,13,7,2,14,0,-88,110,97,81,42,374.0,112.69614512471655,23.0,8.551020408163266,887.6961451247165,695.5532879818594,525.0,176.83900226757368,10
105,Davion Mitchell,Sacramento Kings,PG,69,155,29,48,595.4,2,2,100.0,9,25,243.3,2,13,15,18,13,1,7,1,-11,102,84,87,33,215.81887755102042,6.704081632653061,9.846938775510203,14.961734693877553,238.890306122449,230.03316326530611,220.2270408163265,21.0,10
106,Davis Bertans,Charlotte Hornets,SF,100,251,33,90,383.0,9,11,316.7,25,73,350.8,5,23,28,15,18,10,6,3,-8,143,128,115,43,279.1280991735537,50.0,19.475206611570247,19.99173553719008,441.04958677685954,372.5826446280992,332.86776859504135,84.20247933884296,10
107,Day'Ron Sharpe,Brooklyn Nets,C,63,151,26,40,672.9,9,18,241.6,2,4,100.0,18,32,50,18,18,4,11,5,5,131,113,81,68,158.3777777777778,44.044444444444444,16.311111111111114,3.6000000000000005,286.2444444444444,220.2,210.77777777777774,74.0,10
108,De'Aaron Fox,Sacramento Kings,PG,273,359,110,221,497.9,36,43,766.7,17,61,280.3,10,45,55,65,26,20,31,4,55,393,328,338,120,616.7869822485208,51.84023668639053,67.0,11.0,597.0828402366865,643.6213017751479,621.940828402367,67.14792899408282,10
109,De'Andre Hunter,Atlanta Hawks,SF,168,288,61,123,493.09999999999997,23,32,661.1,23,54,416.4,2,24,26,11,21,6,12,3,20,205,194,179,37,259.1280991735537,29.095041322314053,6.966942148760331,16.15289256198347,300.5206611570248,308.56198347107437,245.85537190082647,41.29338842975207,10
110,De'Anthony Melton,Philadelphia 76ers,SG,23,43,7,20,75.0,4,4,200.0,5,14,75.0,0,5,5,5,3,2,1,1,-2,33,28,28,10,128.66666666666666,2.666666666666667,2.666666666666667,8.666666666666666,206.0,164.66666666666669,164.66666666666669,10.666666666666668,3
111,DeAndre Jordan,Denver Nuggets,C,23,71,11,19,550.0,1,3,100.0,0,0,0.0,14,17,31,2,10,0,1,3,-23,56,54,25,33,27.222222222222225,45.691358024691354,1.5061728395061729,0.0,92.46913580246914,79.72839506172839,33.32098765432099,53.839506172839506,8
112,DeJon Jarreau,Memphis Grizzlies,F,19,71,7,22,120.8,4,4,200.0,1,5,50.0,1,23,24,15,6,5,6,0,0,58,43,34,39,32.3125,23.5625,20.8125,0.8125,168.5625,87.0,93.25,65.0,4
113,DeMar DeRozan,Chicago Bulls,SF,259,376,79,164,488.4,89,102,883.6,12,35,253.4,5,51,56,54,20,7,16,6,-2,369,315,313,110,1165.4852071005917,98.67751479289942,60.83136094674556,12.0,1561.6390532544378,1632.5,1066.1331360946747,188.0,10
114,Dean Wade,Cleveland Cavaliers,PF,46,178,15,35,260.2,5,7,216.7,11,31,233.4,4,27,31,7,8,3,1,9,-23,84,77,53,38,468.50000000000006,35.125,6.125,31.525000000000006,718.8,714.725,466.12499999999994,47.699999999999996,10
115,Deandre Ayton,Portland Trail Blazers,C,220,335,102,157,634.8,15,17,375.0,1,3,100.0,36,98,134,16,19,10,18,7,-32,370,354,236,150,786.2777777777778,251.06944444444443,8.40625,0.90625,1609.1840277777778,1774.0694444444446,680.6006944444445,200.2673611111111,10
116,Dejounte Murray,Atlanta Hawks,SG,262,372,96,210,453.0,34,45,797.4,36,92,372.3,7,40,47,81,15,15,31,4,1,390,309,343,128,715.2673611111111,64.5,80.77777777777779,38.51736111111111,585.40625,892.4340277777778,479.90625,73.61111111111111,10
117,Delon Wright,Miami Heat,SG,46,140,17,35,509.5,7,8,183.3,5,11,350.0,5,11,16,18,3,9,0,3,7,80,62,64,34,114.625,8.1015625,32.1640625,4.8515625,238.0,148.6640625,193.6015625,50.625,10
118,Deni Avdija,Washington Wizards,SF,181,349,67,139,480.8,32,42,685.0,15,40,303.3,22,72,94,29,24,8,22,4,-45,304,275,210,123,883.0,185.61111111111111,24.43402777777778,30.777777777777782,1631.267361111111,1520.2777777777778,970.8506944444445,233.18402777777777,10
119,Dennis Schroder,Brooklyn Nets,PG,175,346,64,133,473.9,21,29,471.4,26,54,476.6,5,24,29,70,16,7,31,4,-24,274,204,245,99,452.664,46.904,49.90400000000001,22.496,730.4639999999999,507.99999999999994,668.5359999999998,103.39999999999999,10
120,Dennis Smith Jr.,Brooklyn Nets,PG,67,187,25,58,450.9,8,11,383.3,9,28,298.2,7,15,22,30,23,14,8,2,25,119,89,97,52,57.982248520710066,32.84023668639053,44.72485207100591,4.207100591715977,111.36390532544378,58.92899408284024,95.35207100591715,92.63017751479289,10
121,Dereck II Lively,Dallas Mavericks,C,93,202,45,54,754.3,3,11,125.0,0,0,0.0,18,27,45,6,22,6,7,15,-8,144,138,99,51,394.3469387755102,65.94784580498866,8.444444444444446,0.0,794.59410430839,700.9750566893424,478.98185941043084,83.37641723356009,10
122,Derrick Jones Jr.,Dallas Mavericks,SF,76,181,29,53,510.2,8,14,350.0,10,23,265.0,13,15,28,8,12,6,6,3,33,112,104,84,36,345.3609467455621,85.64792899408283,3.7159763313609466,25.198224852071,560.9023668639053,594.9852071005917,321.92899408284023,78.71301775147928,10
123,Derrick Rose,Memphis Grizzlies,PG,49,95,20,37,377.7,5,6,266.7,4,8,233.3,0,15,15,21,3,1,9,0,-9,85,64,70,36,70.0,14.857142857142858,12.0,3.7142857142857144,188.85714285714286,116.85714285714286,128.0,40.857142857142854,7
124,Derrick White,Boston Celtics,PG,114,323,44,95,470.4,5,5,400.0,21,52,306.9,10,45,55,63,18,12,13,18,133,232,169,177,118,359.85069444444446,33.35069444444445,39.125,52.60069444444444,241.77777777777777,335.9027777777778,258.8506944444444,79.35069444444441,10
125,Desmond Bane,Memphis Grizzlies,SG,22,32,7,17,41.2,4,6,66.7,4,9,44.4,1,2,3,7,4,0,3,1,11,32,25,29,10,0.0,0.0,0.0,0.0,0.0,0.0,0.0,0.0,1
126,Devin Booker,Phoenix Suns,SG,241,347,87,194,443.1,52,54,937.5,15,57,256.3,10,36,46,59,27,8,21,5,-21,346,287,300,105,672.1077504725898,58.461247637051045,90.93194706994329,28.20604914933838,1134.1625708884685,916.1493383742911,863.0094517958412,176.5047258979206,10
127,Devin Vassell,San Antonio Spurs,SG,210,383,82,168,473.7,20,27,750.0,26,64,407.5,7,43,50,54,14,11,26,8,1,314,260,264,104,456.94674556213016,84.27514792899409,74.87869822485207,18.5,838.9940828402366,571.2455621301775,709.9437869822485,173.90532544378698,10
128,Devonte' Graham,San Antonio Spurs,PG,11,27,4,8,125.0,0,0,0.0,3,6,150.0,0,7,7,0,2,1,0,0,12,18,18,11,7,46.111111111111114,2.1111111111111107,0.0,3.0,58.0,58.0,46.111111111111114,2.1111111111111107,4
129,Dillon Brooks,Houston Rockets,SF,88,308,35,87,366.8,6,8,300.0,12,50,235.2,8,30,38,19,22,9,10,1,36,145,126,107,57,282.2187871581451,44.05707491082045,11.080856123662306,9.538644470868016,354.05112960761,291.6456599286564,333.5992865636147,66.1629013079667,10
130,Domantas Sabonis,Sacramento Kings,PF,198,373,81,138,603.6,32,47,700.0,4,9,350.0,44,112,156,78,27,13,36,7,-7,432,354,276,234,266.33673469387753,123.1938775510204,88.77551020408166,2.408163265306122,496.0,409.0612244897959,332.05102040816325,233.19387755102036,10
131,Dominick Barlow,San Antonio Spurs,F,58,125,22,35,503.3,14,18,366.6,0,1,0.0,19,19,38,11,18,3,2,4,-9,107,96,69,49,220.88888888888889,60.0,29.0,0.0,539.8888888888888,432.8888888888888,323.88888888888897,93.0,8
132,Donovan Mitchell,Cleveland Cavaliers,SG,241,347,75,167,435.8,52,59,812.8,39,86,449.3,3,47,50,49,22,13,34,6,4,340,291,290,99,889.125,22.0,27.300000000000004,16.900000000000002,1299.025,1121.125,1051.0249999999999,65.29999999999998,10
133,Donte DiVincenzo,New York Knicks,SG,178,362,62,170,366.8,14,17,516.7,40,122,327.3,11,35,46,36,23,18,24,5,11,260,224,214,82,268.93786982248525,46.06213017751479,21.04437869822485,26.13313609467456,313.3284023668639,307.301775147929,284.09467455621296,57.976331360946745,10
134,Dorian Finney-Smith,Brooklyn Nets,PF,105,327,40,83,499.1,7,8,275.0,18,54,350.0,18,28,46,22,20,13,10,4,34,173,151,127,68,169.0,27.11111111111111,31.709750566893426,18.36281179138322,299.1224489795918,268.1111111111111,195.85260770975057,62.97959183673469,10
135,Doug McDermott,Indiana Pacers,SF,38,119,14,43,275.0,1,4,50.0,9,35,206.6,1,6,7,7,7,1,2,0,-14,52,45,45,14,158.70408163265304,6.10204081632653,11.0,11.489795918367347,205.19387755102042,183.76530612244898,185.8469387755102,11.387755102040817,10
136,Draymond Green,Golden State Warriors,PF,73,273,28,62,490.8,11,15,375.0,6,19,253.3,14,65,79,64,30,8,30,8,-18,216,152,137,143,62.5,91.99408284023669,116.71301775147928,5.005917159763314,459.56213017751475,157.0325443786982,229.05917159763314,344.6775147928994,10
137,Drew Eubanks,Phoenix Suns,PF,44,144,18,26,635.0,8,8,300.0,0,0,0.0,14,31,45,4,10,3,5,7,-18,93,89,48,49,71.17602040816327,90.8188775510204,2.693877551020408,0.0,268.83673469387753,277.0,71.625,84.90051020408163,10
138,Duncan Robinson,Miami Heat,F,160,331,57,114,509.5,10,10,400.0,36,89,405.7,1,33,34,33,25,12,17,3,8,227,194,193,67,369.7396694214877,26.219008264462808,26.367768595041323,28.99173553719008,554.698347107438,443.90082644628103,461.69421487603313,71.4297520661157,10
139,Duop Reath,Portland Trail Blazers,C,101,202,38,78,358.2,11,18,310.7,14,35,266.7,15,15,30,7,25,4,11,7,-55,138,131,108,37,831.5306122448978,53.275510204081634,8.186224489795917,32.0,1304.7270408163265,1158.9897959183672,944.6045918367348,94.125,10
140,Dwight Powell,Dallas Mavericks,C,20,119,7,12,450.0,6,11,325.0,0,0,0.0,12,20,32,9,19,0,9,3,-9,61,52,29,41,33.397923875432525,81.41868512110726,9.121107266435986,0.0,206.4844290657439,168.0899653979239,47.162629757785474,115.16955017301038,9
141,Dylan Windler,Atlanta Hawks,G,0,5,0,0,0.0,0,0,0.0,0,0,0.0,0,1,1,0,1,0,0,0,-8,1,1,0,1,0.81,0.16000000000000003,0.25,0.09,1.0,0.25,1.9599999999999997,0.010000000000000018,1
142,Dylan Windler,Los Angeles Lakers,G,3,14,1,4,25.0,0,0,0.0,1,4,25.0,0,1,1,2,1,0,0,0,-7,6,4,5,3,5.220000000000001,0.52,0.5,0.58,4.0,2.5,6.920000000000001,0.8199999999999998,2
143,Dyson Daniels,New Orleans Pelicans,G,38,181,16,32,311.4,1,2,50.0,5,13,250.0,7,20,27,20,12,15,12,8,25,85,65,58,47,123.55555555555556,24.0,25.555555555555557,4.222222222222222,146.22222222222223,113.55555555555556,128.22222222222223,77.55555555555556,9
144,Emoni Bates,Cleveland Cavaliers,F,7,12,3,7,42.9,0,2,0.0,1,4,25.0,0,1,1,0,0,0,1,0,-3,8,8,7,1,0.0,0.0,0.0,0.0,0.0,0.0,0.0,0.0,1
145,Eric Gordon,Phoenix Suns,SG,105,268,37,90,385.0,10,13,316.7,21,55,367.3,3,11,14,20,12,9,8,5,3,139,119,125,34,442.63265306122446,7.111111111111112,4.0,23.244897959183675,489.17233560090705,451.17233560090705,480.6326530612245,11.11111111111111,10
146,Eugene Omoruyi,Washington Wizards,F,39,106,17,38,391.3,5,10,200.0,0,6,0.0,7,13,20,7,18,7,5,1,-68,66,59,46,27,94.92743764172336,9.83673469387755,6.346938775510203,0.022675736961451243,88.47165532879819,73.21315192743765,106.83900226757369,19.530612244897956,10
147,Evan Fournier,Detroit Pistons,SG,64,149,21,61,267.4,11,12,466.7,11,39,157.5,1,15,16,16,17,9,3,1,-3,96,80,80,32,450.0390625,12.0,18.6640625,19.65625,650.5,530.5390625,576.5,24.1640625,10
148,Evan Mobley,Cleveland Cavaliers,PF,147,305,60,107,547.9,24,42,522.6,3,14,175.0,25,76,101,35,27,12,16,20,-29,283,248,182,136,371.84429065743944,105.37370242214533,75.2006920415225,2.6262975778546713,782.1418685121107,674.0,423.83391003460207,236.7266435986159,10
149,Frank Ntilikina,Charlotte Hornets,PG,5,39,1,8,50.0,2,2,100.0,1,7,50.0,1,4,5,3,4,0,0,0,0,13,10,8,8,19.0,7.0,6.84,0.7600000000000002,24.439999999999998,14.0,18.64,24.640000000000004,4
150,Franz Wagner,Orlando Magic,SF,165,313,63,128,510.4,35,42,795.0,4,34,67.9,7,45,52,32,26,11,25,8,66,249,217,197,84,377.0639999999999,32.176,46.0,16.864,629.944,501.62399999999997,504.3439999999999,79.216,10
151,Fred VanVleet,Houston Rockets,PG,187,377,60,137,440.4,34,37,602.4,33,79,414.6,5,35,40,90,24,16,20,4,75,317,227,277,130,384.23611111111114,34.06944444444444,104.65625,21.90625,697.90625,513.0,559.2673611111112,148.60069444444446,10
152,Furkan Korkmaz,Philadelphia 76ers,SG,41,116,13,29,278.6,7,10,241.7,8,18,258.3,3,12,15,12,6,3,2,2,22,68,56,53,27,292.875,14.875,10.0,20.0,404.0,340.0,363.875,17.875,8
153,GG Jackson,Memphis Grizzlies,F,155,287,49,128,387.2,39,46,771.7,18,64,281.0,14,25,39,11,11,2,17,4,-85,205,194,166,50,630.7338820301784,30.939643347050755,16.92318244170096,30.853223593964334,840.8737997256517,719.8161865569273,737.530864197531,62.123456790123456,10
154,Garrett Temple,Toronto Raptors,SF,5,12,2,4,50.0,1,2,50.0,0,2,0.0,1,0,1,0,2,1,1,0,-4,6,6,5,1,16.0,0.16000000000000003,0.0,0.0,19.360000000000003,19.360000000000003,16.0,0.16000000000000003,1
155,Garrison Mathews,Atlanta Hawks,SG,43,163,13,31,400.0,5,5,200.0,12,24,441.8,5,15,20,6,21,4,0,2,-19,69,63,49,26,90.104,27.936,14.464,11.744,215.816,152.216,137.0,59.104,10
156,Gary Harris,Orlando Magic,SG,86,255,31,61,532.8,4,8,125.0,20,43,507.6,1,17,18,11,15,9,4,3,58,115,104,97,29,102.44444444444446,12.864197530864196,13.049382716049383,9.512345679012345,173.0,166.71604938271602,105.19753086419753,29.444444444444446,10
157,Gary Payton II,Golden State Warriors,SG,35,142,16,32,303.3,0,1,0.0,3,6,300.0,17,12,29,12,13,9,5,4,-7,76,64,47,41,195.44444444444446,23.21604938271605,3.7777777777777777,2.1790123456790127,254.62345679012347,256.6975308641975,195.44444444444443,24.919753086419753,10
158,Gary Trent Jr.,Toronto Raptors,SG,176,332,65,150,429.9,16,20,521.7,30,86,341.8,7,33,40,15,14,13,4,3,-45,231,216,191,55,601.2816635160681,12.824196597353499,20.882797731569,32.07561436672968,594.4669187145557,641.8790170132324,546.6370510396976,40.93950850661625,10
159,Georges Niang,Cleveland Cavaliers,SF,100,242,37,81,431.8,7,7,300.0,19,49,357.1,2,32,34,19,22,6,11,2,-3,153,134,119,53,433.4363852556481,30.53745541022592,19.982164090368606,27.209274673008323,704.5885850178358,590.5992865636147,525.9274673008323,72.01783590963139,10
160,Giannis Antetokounmpo,Milwaukee Bucks,PF,310,352,106,171,626.9,89,123,724.9,9,19,483.3,24,87,111,65,22,6,32,5,49,486,421,375,176,416.79289940828403,85.99408284023669,91.698224852071,5.710059171597632,1026.98224852071,773.3668639053253,643.698224852071,204.4023668639053,10
161,Goga Bitadze,Orlando Magic,C,18,85,7,14,320.0,4,7,183.3,0,2,0.0,7,12,19,6,10,2,7,8,14,43,37,24,25,40.257777777777775,58.324444444444445,7.319999999999999,0.0,222.52444444444444,170.16444444444443,60.69777777777777,97.56444444444445,7
162,Gordon Hayward,Oklahoma City Thunder,SF,48,180,16,35,468.3,11,16,360.0,5,9,400.0,5,16,21,21,12,5,5,0,6,90,69,69,42,89.66782006920415,17.8719723183391,41.37370242214532,2.577854671280277,194.3114186851211,128.45328719723182,139.08304498269896,75.68858131487889,10
163,Gradey Dick,Toronto Raptors,G,96,285,38,98,389.0,3,3,200.0,17,52,328.6,6,21,27,15,19,6,11,1,-134,138,123,111,42,140.0,18.104,42.536,14.104000000000001,342.896,175.864,290.056,77.616,10
164,Grant Williams,Charlotte Hornets,PF,145,325,51,98,553.2,29,37,541.3,14,38,422.5,17,37,54,27,32,11,28,6,-42,226,199,172,81,290.97859690844234,83.2936979785969,22.082045184304395,11.239001189060643,536.0,499.66825208085623,286.1212841854935,146.56480380499406,10
165,Grayson Allen,Phoenix Suns,SG,153,370,51,103,472.8,14,15,650.0,37,82,422.4,3,27,30,28,23,11,12,5,-8,211,183,181,58,806.4128943758573,20.054869684499316,48.06310013717422,82.679012345679,1050.679012345679,854.1577503429355,1008.1989026063101,62.85322359396433,10
166,Gui Santos,Golden State Warriors,F,38,103,13,24,372.5,8,9,350.0,4,8,250.0,9,21,30,9,14,2,5,2,22,77,68,47,39,136.8888888888889,79.5,12.0,4.0,406.2222222222222,376.72222222222223,141.88888888888886,116.0,8
167,Harrison Barnes,Sacramento Kings,SF,129,278,46,94,482.3,17,21,525.0,20,47,339.3,8,17,25,13,14,5,5,1,-52,167,154,142,38,315.53316326530614,44.63265306122449,14.173469387755102,44.60459183673469,526.8188775510204,438.2984693877552,372.1556122448979,90.70408163265306,10
168,Harry III Giles,Brooklyn Nets,F,8,8,3,6,50.0,1,2,50.0,1,1,100.0,2,2,4,2,3,0,0,0,-12,14,12,10,6,49.0,10.71074380165289,2.9834710743801653,0.6694214876033057,144.0,105.52892561983472,76.16528925619834,25.0,1
169,Haywood Highsmith,Miami Heat,F,30,121,12,29,328.4,1,2,50.0,5,18,210.0,6,9,15,5,12,3,1,4,-14,50,45,35,20,193.35727788279775,20.474480151228736,2.504725897920605,9.563327032136105,299.758034026465,311.3742911153119,182.46691871455576,22.253308128544422,10
170,Herbert Jones,New Orleans Pelicans,SF,107,320,38,64,522.3,14,17,500.0,17,30,454.1,4,25,29,27,34,12,11,10,63,163,136,134,56,310.40625,28.77777777777778,26.100694444444443,26.125,379.125,347.2673611111111,326.7361111111111,70.40625,10
171,Hunter Tyson,Denver Nuggets,F,0,7,0,3,0.0,0,0,0.0,0,3,0.0,0,1,1,0,1,0,2,0,-1,1,1,0,1,4.0,0.11111111111111106,0.0,0.4444444444444444,5.4444444444444455,5.4444444444444455,4.0,0.11111111111111106,1
172,Ibou Badji,Portland Trail Blazers,C,7,32,3,4,150.0,1,2,50.0,0,0,0.0,1,2,3,4,6,0,5,3,-17,14,10,11,7,14.0,2.75,2.171875,0.0,30.046875,26.75,17.171875,5.046875,3
173,Immanuel Quickley,Toronto Raptors,SG,195,364,68,158,420.7,33,45,597.2,26,77,328.3,2,55,57,88,17,11,26,3,-71,340,252,283,145,434.4512471655329,43.78458049886622,192.6621315192744,20.662131519274375,839.7777777777777,492.69387755102036,695.8798185941043,322.10204081632656,10
174,Isaac Okoro,Cleveland Cavaliers,SF,125,327,46,97,490.79999999999995,12,18,441.7,21,53,456.4,7,27,34,22,26,12,9,10,-29,181,159,147,56,138.53388822829965,51.495838287752676,12.323424494649226,10.878715814506542,192.6718192627824,156.24375743162904,178.78121284185494,60.0,10
175,Isaiah Hartenstein,New York Knicks,C,61,230,24,40,703.8,13,15,700.0,0,0,0.0,29,49,78,33,25,4,9,12,24,172,139,94,111,46.55102040816326,69.55102040816325,35.53061224489796,0.0,179.06122448979593,149.20408163265304,76.24489795918369,105.24489795918367,10
176,Isaiah Jackson,Indiana Pacers,SF,92,174,35,55,691.4,22,28,758.3,0,2,0.0,23,30,53,9,27,8,9,8,-13,154,145,101,62,249.6111111111111,190.53086419753086,6.086419753086419,0.0,824.7716049382715,760.7716049382716,274.9938271604938,235.23456790123458,10
177,Isaiah Joe,Oklahoma City Thunder,SG,66,177,25,63,353.7,1,1,100.0,15,44,260.4,5,14,19,8,7,3,6,4,9,93,85,74,27,206.544,8.904,6.176,14.536,213.544,220.696,195.696,18.776,10
178,Isaiah Mobley,Cleveland Cavaliers,F,5,33,2,7,58.3,0,0,0.0,1,4,25.0,0,4,4,2,2,0,0,0,-1,11,9,7,6,0.6799999999999997,10.880000000000003,0.72,0.6800000000000002,13.32,9.0,2.1199999999999997,14.479999999999999,2
179,Isaiah Stewart,Detroit Pistons,C,112,336,42,77,565.4,11,14,566.7,17,42,392.3,10,52,62,11,13,4,12,11,-11,185,174,123,73,93.76530612244898,58.0,11.03061224489796,12.836734693877549,196.9591836734694,153.47959183673467,140.10204081632654,66.1734693877551,10
180,Ish Smith,Charlotte Hornets,PG,18,181,8,34,236.0,0,0,0.0,2,2,200.0,1,19,20,41,16,5,6,1,-90,79,38,59,61,54.36000000000001,24.0,78.09,1.5600000000000003,170.49,69.16000000000001,134.09,123.69,9
181,Ish Wainright,Phoenix Suns,F,3,11,1,6,16.7,0,0,0.0,1,4,25.0,3,2,5,1,1,1,1,0,-3,9,8,4,6,2.25,6.25,0.25,0.25,20.25,16.0,4.0,9.0,1
182,Ivica Zubac,LA Clippers,C,92,257,38,55,657.3,16,18,600.0,0,0,0.0,23,49,72,17,23,3,16,6,-56,181,164,109,89,292.4716553287982,74.56689342403628,8.165532879818594,0.0,471.9795918367347,430.0770975056689,302.31519274376416,114.79138321995465,10
183,JT Thor,Charlotte Hornets,F,21,97,9,17,425.0,0,0,0.0,3,8,200.0,1,17,18,5,8,0,2,3,17,44,39,26,23,46.45328719723183,13.4878892733564,2.7162629757785464,4.141868512110727,73.96539792387543,71.25605536332179,49.32871972318339,16.038062283737027,10
184,JaVale McGee,Sacramento Kings,C,23,44,11,18,355.0,0,3,0.0,1,2,100.0,5,8,13,1,6,2,1,0,3,37,36,24,14,42.875,13.875,0.875,0.875,77.875,84.0,41.5,10.0,6
185,Jabari Smith Jr.,Houston Rockets,PF,140,327,49,110,430.3,23,27,800.0,19,53,348.2,16,64,80,15,28,11,10,11,14,235,220,155,95,252.72485207100593,180.13313609467457,10.514792899408285,12.928994082840237,479.69822485207106,441.47928994082844,287.0325443786982,194.55917159763314,10
186,Jabari Walker,Portland Trail Blazers,F,87,209,35,75,454.6,14,15,575.0,3,12,166.7,23,42,65,10,25,5,8,1,-46,162,152,97,75,294.265306122449,81.94784580498866,8.36281179138322,4.600907029478458,641.3560090702948,559.3151927437641,365.1179138321996,101.49886621315193,10
187,Jacob Gilyard,Memphis Grizzlies,G,67,205,23,52,431.8,1,1,100.0,20,45,431.8,1,14,15,41,10,10,12,2,-62,123,82,108,56,274.1404958677686,10.685950413223141,31.595041322314046,24.0,454.1404958677686,332.0,382.0,56.561983471074385,10
188,Jacob Toppin,New York Knicks,F,13,29,5,9,107.1,2,2,100.0,1,4,33.3,3,3,6,1,3,0,1,0,-18,20,19,14,7,78.05555555555556,8.722222222222221,0.5555555555555556,0.7222222222222223,130.22222222222223,136.55555555555554,72.5,8.5,2
189,Jaden Hardy,Dallas Mavericks,G,90,117,36,68,569.4,6,7,350.0,12,25,400.0,1,10,11,13,4,3,8,1,16,114,101,103,24,214.47633136094674,8.928994082840237,23.35207100591716,10.852071005917159,224.54437869822485,225.29289940828406,209.9467455621302,36.06213017751479,10
190,Jaden Ivey,Detroit Pistons,PG,160,326,52,135,399.6,43,51,805.0,13,60,188.8,10,17,27,41,30,10,29,7,-21,228,187,201,68,427.936,18.584,59.0,33.464,550.736,504.4559999999999,452.05600000000004,99.744,10
191,Jaden McDaniels,Minnesota Timberwolves,PF,97,307,39,91,425.8,10,15,291.7,9,35,246.4,9,35,44,17,35,8,9,6,-40,158,141,114,61,460.1360946745562,56.71005917159763,26.668639053254434,22.90532544378698,750.8402366863904,649.0236686390533,522.7100591715975,122.62130177514793,10
192,Jaden Springer,Boston Celtics,G,60,168,21,48,390.4,15,16,575.0,3,15,183.3,9,20,29,14,20,13,12,2,-30,103,89,74,43,199.30864197530863,38.7716049382716,20.271604938271604,2.277777777777778,517.8086419753085,390.2777777777777,285.38271604938274,100.5,10
193,Jae Crowder,Milwaukee Bucks,PF,62,212,24,51,409.4,2,2,100.0,12,27,316.7,8,21,29,8,17,11,1,1,50,99,91,70,37,236.14982164090372,39.642092746730086,7.8644470868014285,17.638525564803803,299.5398335315101,308.9143876337693,218.58263971462543,55.69916765755053,10
194,Jae'Sean Tate,Houston Rockets,SF,34,124,14,33,412.0,3,7,100.0,3,7,233.3,11,19,30,5,16,10,10,3,2,69,64,39,35,54.53061224489795,33.83673469387755,5.1859410430839,2.1383219954648522,141.6893424036281,115.34693877551021,67.11791383219955,52.77777777777778,10
195,Jahmi'us Ramsey,Toronto Raptors,SG,21,61,7,21,140.89999999999998,5,6,175.0,2,11,75.0,4,11,15,4,4,4,3,0,-5,40,36,25,19,38.36,23.0,2.0,1.04,71.75999999999999,79.75999999999999,42.36,13.0,4
196,Jaime Jr. Jaquez,Miami Heat,G,102,285,38,78,447.3,18,25,616.7,8,22,274.9,11,32,43,27,22,11,9,3,15,172,145,129,70,409.0964083175803,24.168241965973536,22.803402646502832,8.151228733459357,372.41965973534974,383.04158790170135,400.23629489603024,45.20982986767486,10
197,Jake LaRavia,Memphis Grizzlies,F,127,248,36,97,337.4,41,48,780.0,14,47,278.2,18,31,49,15,22,15,13,4,-46,191,176,142,64,309.125,129.125,21.125,8.625,561.125,530.0,364.5,126.0,10
198,Jakob Poeltl,Toronto Raptors,C,122,251,55,101,543.9,12,20,491.7,0,0,0.0,39,53,92,31,28,10,11,19,35,245,214,153,123,161.8469387755102,127.67346938775509,30.387755102040813,0.0,516.704081632653,398.98979591836735,256.6224489795918,181.0,10
199,Jalen Brunson,New York Knicks,PG,302,351,105,226,465.4,60,68,781.5,32,83,379.5,7,20,27,69,13,13,37,3,66,398,329,371,96,754.15625,18.569444444444443,133.40625,31.736111111111114,527.7361111111111,695.9340277777777,619.0,118.93402777777779,10
200,Jalen Duren,Detroit Pistons,C,141,286,52,80,643.8,37,44,757.4,0,0,0.0,34,82,116,27,35,6,29,7,-46,284,257,168,143,222.904,261.856,22.200000000000003,0.0,907.216,807.096,271.74399999999997,335.336,10
201,Jalen Green,Houston Rockets,SG,247,352,91,198,453.3,31,37,771.7,34,90,362.2,6,50,56,33,16,10,21,2,77,336,303,280,89,661.2615933412603,89.73602853745541,12.919143876337694,45.44589774078477,908.9084423305588,920.3888228299644,633.2889417360285,119.1474435196195,10
202,Jalen HoodSchifino,Los Angeles Lakers,G,5,11,1,6,33.3,2,4,100.0,1,3,50.0,0,2,2,0,1,0,1,0,-13,7,7,5,2,9.0,0.9799999999999999,0.020000000000000004,0.8200000000000001,13.32,14.180000000000001,8.42,0.72,2
203,Jalen Johnson,Atlanta Hawks,SF,172,345,71,147,490.0,15,25,535.0,15,40,381.7,16,75,91,40,21,7,17,12,37,303,263,212,131,444.3801652892562,101.0,68.74380165289256,16.520661157024794,925.0,631.9256198347107,704.0,203.198347107438,10
204,Jalen McDaniels,Toronto Raptors,PF,37,111,16,38,262.0,2,4,66.7,3,13,116.7,5,19,24,8,13,6,12,1,-18,69,61,45,32,139.38194444444443,68.38194444444443,8.444444444444446,3.9375,336.1944444444445,261.5277777777777,173.9375,116.9375,7
205,Jalen Pickett,Denver Nuggets,G,2,7,1,3,33.3,0,0,0.0,0,2,0.0,0,0,0,2,0,0,0,0,-1,4,2,4,2,2.25,0.0,1.3611111111111107,0.0,7.1111111111111125,2.25,7.1111111111111125,1.3611111111111107,1
206,Jalen Smith,Indiana Pacers,PF,88,163,34,63,536.7,13,20,465.0,7,25,333.3,20,35,55,13,18,0,7,4,23,156,143,101,68,163.22500000000002,37.4,18.5,4.5,144.62499999999997,134.125,179.92499999999998,49.7,10
207,Jalen Suggs,Orlando Magic,SG,126,261,47,81,589.1,8,11,400.0,24,47,507.1,5,24,29,32,29,15,22,6,130,187,155,158,61,174.5826446280992,26.91322314049587,18.446280991735534,22.56198347107438,275.14876033057845,215.56198347107437,231.55785123966942,47.97107438016529,10
208,Jalen Williams,Oklahoma City Thunder,F,204,305,80,158,494.2,27,29,770.0,17,40,418.2,5,38,43,39,24,14,16,10,22,286,247,243,82,601.3506944444445,22.569444444444446,20.777777777777782,10.40625,853.7673611111111,764.1840277777778,675.65625,58.625,10
209,Jalen Wilson,Brooklyn Nets,F,37,166,13,44,374.1,7,8,350.0,4,22,225.0,13,20,33,11,14,2,7,0,-20,81,70,48,44,44.56786703601108,35.89196675900277,5.022160664819944,3.534626038781163,131.16620498614958,98.02770083102493,61.667590027700825,56.95290858725761,10
210,Jamal Cain,Miami Heat,F,4,16,0,3,0.0,4,4,200.0,0,1,0.0,1,2,3,1,1,1,1,0,-4,8,7,5,4,2.0,1.625,0.625,0.0,8.0,6.625,3.625,2.0,2
211,Jamal Murray,Denver Nuggets,PG,224,341,87,177,482.7,26,32,761.4,24,54,443.3,7,40,47,76,15,13,22,3,67,347,271,300,123,787.4480151228734,64.12287334593573,69.11909262759926,26.400756143667298,1249.593572778828,881.6011342155009,1075.1833648393194,213.49905482041586,10
212,James Bouknight,Charlotte Hornets,SG,10,13,4,10,83.3,0,0,0.0,2,7,58.3,0,0,0,0,0,1,1,0,13,10,10,10,0,18.0,0.0,0.0,0.72,18.0,18.0,18.0,0.0,2
213,James Harden,LA Clippers,SG,173,350,52,127,393.8,44,48,950.0,25,76,308.9,5,45,50,87,19,7,29,8,-63,310,223,260,137,608.104,58.4,19.944,33.176,518.256,574.184,534.096,96.424,10
214,James Johnson,Indiana Pacers,PF,2,7,0,1,0.0,2,2,100.0,0,0,0.0,0,0,0,1,3,0,0,1,1,3,2,3,1,0.0,0.0,0.0,0.0,0.0,0.0,0.0,0.0,1
215,James Wiseman,Detroit Pistons,C,73,168,32,49,593.4,9,11,350.0,0,0,0.0,17,51,68,9,26,2,9,6,-8,150,141,82,77,171.32500000000002,92.5,12.924999999999999,0.0,524.1,393.12500000000006,251.99999999999997,155.72500000000002,10
216,Jarace Walker,Indiana Pacers,F,24,95,8,27,182.2,2,2,100.0,6,17,200.0,3,19,22,8,8,4,5,5,26,54,46,32,30,100.50295857988166,41.27218934911242,30.804733727810657,5.568047337278108,364.6508875739645,240.0,168.43195266272187,128.79881656804733,7
217,Jared Butler,Washington Wizards,SG,35,116,15,34,406.7,5,5,300.0,0,8,0.0,3,8,11,25,10,3,12,0,-15,71,46,60,36,65.47337278106508,15.93491124260355,37.88757396449704,0.0,198.65680473372777,76.0,155.3727810650888,86.57988165680473,8
218,Jared Rhoden,Detroit Pistons,G,2,13,1,2,50.0,0,0,0.0,0,0,0.0,0,1,1,1,0,0,1,2,2,4,3,3,2,0.0,0.0,0.0,0.0,0.0,0.0,0.0,0.0,1
219,Jaren Jackson Jr.,Memphis Grizzlies,PF,232,334,80,179,446.8,48,65,663.3,24,60,402.8,13,47,60,29,34,16,34,15,-72,321,292,261,89,380.5,133.97530864197532,33.93827160493827,17.58641975308642,741.216049382716,777.8086419753087,386.7716049382716,125.0493827160494,10
220,Jarred Vanderbilt,Los Angeles Lakers,PF,68,142,26,42,412.7,13,17,375.0,3,5,166.7,12,22,34,12,8,16,11,2,23,114,102,80,46,111.33333333333334,59.333333333333336,18.0,3.5,362.0,274.0,157.33333333333334,119.33333333333334,6
221,Jarrett Allen,Cleveland Cavaliers,C,167,348,62,116,529.3,43,57,747.2,0,0,0.0,29,82,111,26,14,6,13,15,-22,304,278,193,137,437.95362663495837,217.0808561236623,27.219976218787156,0.0,1028.8870392390013,981.2508917954815,501.36147443519616,228.52913198573125,10
222,Jason Preston,Utah Jazz,G,4,25,2,6,66.6,0,0,0.0,0,0,0.0,2,4,6,7,1,0,1,0,10,17,10,11,13,0.31999999999999984,2.32,5.48,0.0,17.0,3.2799999999999994,6.919999999999998,14.919999999999998,2
223,Javon Freeman-Liberty,Toronto Raptors,G,24,66,7,16,148.8,8,9,280.0,2,8,83.3,1,10,11,7,5,0,3,2,-2,42,35,31,18,112.44897959183672,10.306122448979593,3.0,1.183673469387755,182.0,171.0,116.87755102040815,19.877551020408163,4
224,Jaxson Hayes,Los Angeles Lakers,C,45,136,18,25,618.4,9,14,350.0,0,1,0.0,12,29,41,2,17,2,9,3,-10,88,86,47,43,90.10400000000001,109.57600000000001,4.3839999999999995,0.0,284.704,267.776,97.976,123.01599999999999,10
225,Jay Huff,Denver Nuggets,C,3,5,1,2,50.0,0,0,0.0,1,2,50.0,0,0,0,0,2,0,0,0,-3,3,3,3,0,2.25,0.81,0.0,0.48999999999999994,0.3600000000000001,0.3600000000000001,2.25,0.81,1
226,Jaylen Brown,Boston Celtics,SG,289,334,114,211,552.5,33,51,653.8,28,69,415.8,15,45,60,36,26,12,13,1,148,385,349,325,96,609.9250000000002,98.22500000000001,15.025,22.5,887.5249999999997,941.2999999999998,545.4,124.0,10
227,Jaylin Williams,Oklahoma City Thunder,F,42,130,15,30,450.0,2,3,150.0,10,20,466.6,5,29,34,13,14,3,3,4,70,89,76,55,47,56.304,58.976,10.136,4.5760000000000005,199.8,176.176,74.616,74.424,10
228,Jayson Tatum,Boston Celtics,SF,278,346,92,197,476.5,56,64,870.9,38,82,466.1,9,62,71,54,19,7,25,4,155,403,349,332,125,304.0,102.376,52.8,24.176000000000002,365.57599999999996,479.81600000000003,217.60000000000002,127.336,10
229,Jeenathan Williams,Houston Rockets,G,8,17,4,7,66.7,0,2,0.0,0,0,0.0,2,1,3,0,4,0,0,0,17,11,11,8,3,45.519999999999996,1.2200000000000002,0.18,0.0,57.32000000000001,60.980000000000004,42.58,0.6800000000000002,2
230,Jeff Dowtin,Philadelphia 76ers,G,16,57,6,11,123.8,0,0,0.0,4,8,116.7,0,4,4,8,0,3,3,1,12,28,20,24,12,72.0,6.0,22.0,4.0,216.0,106.0,162.0,48.0,4
231,Jeff Green,Houston Rockets,PF,38,140,14,40,312.6,4,8,125.0,6,18,375.0,2,11,13,9,6,3,5,3,-42,60,51,47,22,90.27709190672152,19.0,7.0,2.4005486968449934,165.09190672153633,156.24005486968449,103.12894375857339,22.0,10
232,Jerami Grant,Portland Trail Blazers,SF,169,342,56,142,386.6,38,46,711.3,19,49,402.0,6,19,25,35,18,14,28,2,-77,229,194,204,60,473.98961937716257,45.9204152249135,32.71626297577855,5.083044982698962,888.6262975778548,739.6678200692041,583.0934256055364,118.49134948096886,10
233,Jeremiah Robinson-Earl,New Orleans Pelicans,F,22,75,8,19,209.6,4,7,80.0,2,8,100.0,9,8,17,9,5,3,2,1,25,48,39,31,26,61.04,33.24,27.66666666666667,1.3600000000000003,224.66666666666666,151.66666666666669,106.97333333333333,87.97333333333334,6
234,Jeremy Sochan,San Antonio Spurs,F,130,306,51,110,414.6,18,21,633.4,10,33,233.3,19,50,69,28,27,5,18,10,20,227,199,158,97,503.96433470507543,71.93827160493827,38.39231824417009,10.342935528120714,721.5679012345679,735.8449931412895,473.9012345679012,126.11659807956104,10
235,Jericho Sims,New York Knicks,C,33,208,13,16,566.7,7,10,213.3,0,0,0.0,26,34,60,13,11,4,5,7,-3,106,93,46,73,96.4016620498615,54.24376731301939,13.0,0.0,288.0,199.0,160.5595567867036,92.0858725761773,10
236,Jerome Robinson,Golden State Warriors,SG,10,17,4,10,40.0,1,2,50.0,1,6,16.7,0,0,0,1,1,0,0,1,-2,11,10,11,1,61.5621301775148,0.21301775147928997,0.4792899408284023,0.7159763313609467,65.23668639053254,54.53254437869823,72.90532544378698,0.053254437869822466,1
237,Jett Howard,Orlando Magic,G,0,5,0,1,0.0,0,0,0.0,0,1,0.0,0,0,0,0,1,0,0,0,-5,0,0,0,0,1.0,0.0,0.0,0.1111111111111111,1.0,1.0,1.0,0.0,1
238,Jevon Carter,Chicago Bulls,PG,46,153,19,41,423.1,1,2,50.0,7,21,200.0,3,10,13,14,8,6,5,2,26,73,59,60,27,174.44444444444446,14.184027777777779,8.444444444444445,8.184027777777779,270.18402777777777,228.90625,200.0,38.35069444444444,10
239,Jimmy Butler,Miami Heat,SF,215,351,74,148,502.8,58,74,773.8,9,25,408.3,16,39,55,55,15,16,19,6,49,325,270,270,110,422.525,57.525,55.4,7.5249999999999995,675.4,445.6,632.625,132.625,10
240,Jock Landale,Houston Rockets,C,60,150,22,38,552.5,13,16,330.0,3,7,250.0,19,21,40,17,19,4,3,6,38,117,100,77,57,160.56689342403627,39.111111111111114,32.600907029478456,2.219954648526077,318.4240362811791,243.26530612244898,240.23356009070295,67.20408163265306,10
241,Joe Harris,Detroit Pistons,SF,2,12,1,3,33.3,0,0,0.0,0,1,0.0,0,0,0,0,1,0,0,0,-5,2,2,2,0,0.0,0.0,0.0,0.0,0.0,0.0,0.0,0.0,1
242,Joe Ingles,Orlando Magic,SG,35,163,11,22,371.7,5,6,250.0,8,17,341.7,1,10,11,27,12,6,10,0,5,73,46,62,38,116.264,7.5760000000000005,46.583999999999996,10.176,168.216,125.024,152.0,61.61599999999999,10
243,Joel Embiid,Philadelphia 76ers,C,45,61,16,38,82.8,9,12,170.0,4,10,83.3,2,12,14,5,6,2,10,0,-41,64,59,50,19,144.5,0.0,0.5,0.0,162.0,144.5,162.0,0.5,2
244,John Collins,Utah Jazz,PF,160,308,61,112,531.8,24,31,704.2,14,34,422.2,25,77,102,13,28,4,19,16,10,275,262,173,115,330.01736111111114,163.73611111111111,8.350694444444443,9.684027777777779,456.5,471.85069444444446,308.23611111111114,178.51736111111111,10
245,John Konchar,Memphis Grizzlies,SG,62,254,21,43,487.5,8,9,266.7,12,25,501.6,15,37,52,26,15,12,17,11,-11,140,114,88,78,122.74793388429752,78.36776859504133,10.698347107438018,5.640495867768595,358.202479338843,260.1487603305785,185.96694214876035,123.90082644628097,10
246,Johnny Davis,Washington Wizards,G,29,134,11,33,294.0,3,4,150.0,4,13,183.3,4,12,16,8,10,2,1,4,-43,53,45,37,24,90.28512396694214,12.764462809917354,9.739669421487603,4.56198347107438,164.03719008264463,126.4710743801653,131.0,19.355371900826448,10
247,Johnny Juzang,Utah Jazz,G,41,93,16,32,226.9,0,0,0.0,9,21,169.2,2,12,14,3,4,0,3,0,7,58,55,44,17,198.87654320987653,11.88888888888889,1.5555555555555558,16.80246913580247,234.6913580246914,254.17283950617283,180.9506172839506,11.88888888888889,5
248,Jonas Valanciunas,New Orleans Pelicans,C,69,192,27,64,384.2,11,12,475.0,4,13,250.0,21,62,83,15,17,1,12,7,51,167,152,84,98,292.4719387755102,146.1862244897959,25.36989795918367,4.4183673469387745,731.2474489795919,704.8163265306122,358.90816326530614,131.55102040816325,10
249,Jonathan Isaac,Orlando Magic,PF,84,175,33,58,589.0,6,9,266.7,12,22,435.0,15,34,49,5,6,6,6,13,18,138,133,89,54,124.20408163265306,40.900226757369616,4.64172335600907,15.124716553287982,224.40816326530611,253.7845804988662,103.8390022675737,36.53061224489796,10
250,Jonathan Kuminga,Golden State Warriors,PF,213,290,83,153,531.7,39,47,715.0,8,19,283.4,13,37,50,25,27,8,19,6,14,288,263,238,75,323.4161712247324,60.582639714625444,14.357907253269916,9.600475624256838,411.6932223543401,439.218787158145,305.8097502972651,65.02140309155767,10
251,Jontay Porter,Toronto Raptors,C,54,157,19,44,335.6,5,8,125.0,11,28,255.4,11,26,37,27,13,10,10,8,-15,118,91,81,64,266.204081632653,47.204081632653065,33.816326530612244,19.887755102040817,582.8163265306122,411.0,401.20408163265313,117.83673469387755,10
252,Jordan Clarkson,Utah Jazz,PG,174,327,64,151,396.6,29,32,757.9,17,59,244.1,7,28,35,60,19,10,22,0,-76,269,209,234,95,814.0,107.44444444444446,81.07029478458051,20.83673469387755,1289.530612244898,1206.7777777777778,873.736961451247,211.53061224489798,10
253,Jordan Goodwin,Memphis Grizzlies,G,69,232,28,81,330.5,5,12,225.0,8,28,229.89999999999998,13,28,41,37,16,15,14,10,-59,147,110,106,78,85.28515625,128.0625,77.28515625,2.94140625,402.0625,251.44140625,102.0,339.25390625,9
254,Jordan Hawkins,New Orleans Pelicans,G,46,131,16,58,271.5,4,5,150.0,10,39,210.0,3,13,16,6,8,0,2,2,2,68,62,52,22,166.1487603305785,18.40082644628099,6.413223140495868,10.18595041322314,227.1280991735537,193.42561983471074,201.05785123966942,23.607438016528924,10
255,Jordan McLaughlin,Minnesota Timberwolves,PG,47,128,16,31,461.1,3,4,150.0,12,23,369.4,3,18,21,24,10,7,4,2,54,92,68,71,45,123.9342403628118,36.04308390022676,16.0,19.124716553287985,240.2448979591837,212.53061224489798,147.7437641723356,55.94784580498867,10
256,Jordan Miller,LA Clippers,G,4,5,1,1,100.0,2,2,100.0,0,0,0.0,0,1,1,0,0,0,0,0,3,5,5,4,1,5.76,0.16000000000000003,0.0,0.0,7.839999999999999,7.839999999999999,5.76,0.16000000000000003,1
257,Jordan Nwora,Toronto Raptors,SF,82,155,32,72,370.3,8,9,375.0,10,33,251.6,5,36,41,8,8,8,6,4,-7,131,123,90,49,332.172335600907,51.97505668934241,4.0,8.0,428.265306122449,469.9795918367347,292.2675736961451,54.1655328798186,10
258,Jordan Poole,Washington Wizards,SG,208,282,78,162,459.3,19,22,605.0,33,83,395.0,4,23,27,49,29,9,27,6,-96,284,235,257,76,1053.9690844233055,24.101070154577883,40.940546967895365,26.331747919143876,954.9774078478001,991.677764565993,1001.7752675386445,80.53507728894174,10
259,Jordan Walsh,Boston Celtics,G,2,27,1,4,100.0,0,0,0.0,0,2,0.0,2,4,6,1,5,2,2,1,24,9,8,3,7,2.2222222222222223,8.88888888888889,0.5555555555555556,0.0,1.8888888888888893,4.0,4.555555555555555,5.0,2
260,Jose Alvarado,New Orleans Pelicans,PG,71,212,26,65,418.0,6,7,350.0,13,34,433.3,2,17,19,27,17,13,10,3,81,117,90,98,46,37.10069444444444,8.90625,55.60069444444445,6.111111111111111,128.35069444444446,38.27777777777778,119.4027777777778,72.27777777777777,10
261,Josh Giddey,Oklahoma City Thunder,SG,131,229,58,109,523.9,4,5,250.0,11,36,336.9,15,41,56,39,16,7,21,4,28,226,187,170,95,225.09036860879905,76.43043995243758,26.900118906064208,2.942925089179548,563.3008323424494,406.9167657550535,342.2782401902497,142.5267538644471,10
262,Josh Green,Dallas Mavericks,SG,67,259,28,55,498.7,4,5,80.0,7,23,270.0,11,24,35,13,16,11,9,2,-34,115,102,80,48,187.3163265306122,40.95918367346939,10.818877551020407,7.961734693877551,250.10459183673467,256.5,194.155612244898,38.54336734693877,10
263,Josh Hart,New York Knicks,SG,143,422,53,129,407.6,19,30,473.7,18,53,302.2,25,103,128,55,25,16,16,6,11,326,271,198,183,315.40054869684496,226.8861454046639,80.23456790123457,18.938271604938272,943.445816186557,528.9314128943759,575.7256515775034,461.3100137174211,10
264,Josh Minott,Minnesota Timberwolves,F,0,5,0,0,0.0,0,0,0.0,0,0,0.0,0,4,4,0,0,0,0,0,6,4,4,0,4,2.3884297520661155,9.0,0.03305785123966942,0.07438016528925619,1.6198347107438023,2.115702479338843,2.9834710743801653,7.942148760330579,1
265,Josh Okogie,Phoenix Suns,SF,46,141,15,32,423.8,10,11,350.0,6,14,300.0,16,6,22,10,4,8,10,2,6,78,68,56,32,116.44982698961938,13.598615916955017,8.13840830449827,6.422145328719724,170.26989619377161,161.01730103806227,120.75432525951557,26.685121107266436,10
266,Josh Richardson,Miami Heat,SG,98,211,38,76,433.2,6,6,200.0,16,45,301.7,4,26,30,19,16,5,3,2,3,147,128,117,49,296.8888888888889,20.0,10.88888888888889,27.555555555555557,468.0,427.55555555555554,344.0,24.22222222222222,9
267,Joshua Primo,LA Clippers,G,0,5,0,1,0.0,0,0,0.0,0,0,0.0,1,0,1,0,0,0,1,0,1,1,1,0,1,0.0,0.0,0.0,0.0,0.0,0.0,0.0,0.0,1
268,Jrue Holiday,Boston Celtics,PG,114,323,45,81,564.5,4,4,200.0,20,44,531.8,8,25,33,55,13,14,17,11,120,202,147,169,88,86.0,50.02835538752363,53.298676748582224,6.075614366729679,227.0699432892249,178.89792060491493,172.68998109640836,64.80907372400756,10
269,Jules Bernard,Washington Wizards,G,21,43,8,16,291.7,2,3,150.0,3,6,225.0,4,5,9,5,1,1,3,1,13,35,30,26,14,70.9504132231405,14.950413223140494,6.256198347107438,0.9173553719008265,141.11570247933884,129.80165289256198,77.73553719008267,25.735537190082646,4
270,Julian Champagnie,San Antonio Spurs,F,65,223,19,53,298.7,12,13,450.0,15,40,279.1,5,23,28,16,6,6,8,4,15,109,93,81,44,256.2869822485207,40.16863905325444,24.402366863905325,27.446745562130175,550.207100591716,381.5207100591716,368.5,121.04437869822486,10
271,Julian Phillips,Chicago Bulls,F,39,132,13,31,272.9,7,8,266.7,6,13,283.4,6,12,18,5,12,5,3,1,-11,62,57,44,23,170.91975308641975,27.290123456790123,6.777777777777779,6.401234567901234,314.4444444444444,289.44444444444446,184.5493827160494,45.43827160493827,10
272,Julian Strawther,Denver Nuggets,G,9,27,3,11,37.5,2,2,100.0,1,8,20.0,0,3,3,4,1,1,2,0,-15,16,12,13,7,33.98765432098765,7.222222222222221,3.5555555555555562,0.8024691358024691,98.76543209876544,71.50617283950618,55.02469135802469,17.0,2
273,Julius Randle,New York Knicks,PF,66,99,23,48,142.2,14,14,300.0,6,11,195.0,8,17,25,18,7,1,10,0,25,109,91,84,43,98.0,2.666666666666667,14.0,2.0,140.66666666666669,120.66666666666666,126.0,8.666666666666668,3
274,Justin Champagnie,Washington Wizards,SF,29,74,11,27,139.9,2,2,100.0,5,14,100.0,4,12,16,5,4,4,6,4,-31,50,45,34,21,139.19753086419755,58.345679012345684,5.271604938271605,7.0,423.77777777777777,366.9753086419753,171.82716049382717,87.79012345679013,4
275,Justin Holiday,Denver Nuggets,SF,41,146,16,32,397.0,0,0,0.0,9,22,260.0,0,11,11,16,9,4,2,3,2,68,52,57,27,231.79999999999998,11.125,43.025000000000006,15.125,413.2,284.825,336.125,78.2,10
276,Justin Minaya,Portland Trail Blazers,F,9,87,3,15,99.89999999999999,1,2,50.0,2,12,66.6,5,8,13,4,5,3,3,1,-46,26,22,13,17,17.52777777777778,16.391975308641975,1.947530864197531,1.4567901234567902,41.57716049382716,47.27160493827161,13.493827160493828,16.679012345679013,7
277,Jusuf Nurkic,Phoenix Suns,C,100,271,41,74,602.1,18,42,392.9,0,3,0.0,46,100,146,40,35,6,35,13,10,286,246,140,186,103.34023668639053,560.2366863905327,38.72485207100592,0.0,805.3136094674556,843.8254437869823,78.0,585.7899408284023,10
278,Karl-Anthony Towns,Minnesota Timberwolves,C,193,306,66,146,451.8,41,47,734.2,20,56,341.5,20,55,75,29,33,8,24,8,98,297,268,222,104,265.0493827160493,98.62345679012346,46.91975308641975,18.771604938271604,548.530864197531,414.4012345679012,362.2777777777778,182.44444444444443,10
279,Kawhi Leonard,LA Clippers,SF,232,342,87,170,516.1,42,48,794.2,16,49,310.8,13,43,56,36,9,12,14,8,31,324,288,268,92,526.5,57.72704081632653,34.441326530612244,8.89030612244898,774.0,692.0127551020408,576.155612244898,124.5,10
280,Keegan Murray,Sacramento Kings,SF,141,355,50,113,413.5,19,19,500.0,22,60,339.1,15,42,57,14,30,12,8,10,3,212,198,155,71,491.67159763313606,52.66863905325444,19.494082840236686,36.0,648.2130177514792,634.7366863905326,486.3254437869823,90.98520710059172,10
281,Keita Bates-Diop,Brooklyn Nets,SF,38,100,14,26,648.3,5,6,250.0,5,12,350.0,3,10,13,4,2,1,6,5,-18,55,51,42,17,42.625,16.125,4.425,4.8999999999999995,73.72500000000001,69.0,39.7,28.200000000000003,10
282,Keldon Johnson,San Antonio Spurs,SF,172,305,62,127,490.70000000000005,18,21,508.3,30,71,411.9,17,35,52,23,16,3,14,1,-24,247,224,195,75,325.82230623818526,65.84499054820415,19.952741020793944,31.814744801512287,445.8015122873345,474.4763705103969,333.0,49.945179584120986,10
283,Kelly Olynyk,Toronto Raptors,PF,135,272,50,96,483.8,23,31,537.1,12,30,408.3,20,35,55,41,39,16,27,8,-84,231,190,176,96,363.4,72.264,61.576,8.896,667.1440000000001,533.3439999999999,472.01599999999996,159.024,10
284,Kelly Oubre Jr.,Philadelphia 76ers,SG,179,311,63,160,377.5,41,55,684.5,12,50,206.2,20,35,55,19,32,10,19,2,-78,253,234,198,74,579.2112482853224,68.64334705075446,19.326474622770917,10.161865569272978,922.4046639231824,753.9314128943759,712.1234567901234,123.53086419753086,10
285,Kendall Brown,Indiana Pacers,SG,0,7,0,0,0.0,0,0,0.0,0,0,0.0,0,0,0,0,0,0,0,0,4,0,0,0,0,0.7346938775510203,0.0,0.18367346938775508,0.0,1.6530612244897962,0.7346938775510203,1.6530612244897962,0.18367346938775508,1
286,Kenneth Lofton Jr.,Philadelphia 76ers,F,2,5,1,4,25.0,0,0,0.0,0,2,0.0,0,1,1,0,0,0,0,0,-4,3,3,2,1,0.0,0.0,0.0,0.0,0.0,0.0,0.0,0.0,1
287,Kenrich Williams,Oklahoma City Thunder,SF,20,101,8,23,281.7,0,0,0.0,4,15,150.0,9,22,31,12,11,3,3,1,21,63,51,32,43,83.38775510204081,43.67602040816327,14.77551020408163,5.887755102040816,164.0433673469388,137.5127551020408,88.40816326530611,79.96173469387756,10
288,Kentavious Caldwell-Pope,Denver Nuggets,SG,108,316,40,79,498.5,7,7,300.0,21,45,435.0,3,18,21,28,21,17,9,7,65,157,129,136,49,217.12471655328798,16.98185941043084,20.75736961451247,20.791383219954646,240.32879818594103,258.11111111111114,201.9591836734694,35.12244897959184,10
289,Kenyon Martin Jr.,Philadelphia 76ers,F,54,178,23,37,618.8,5,6,300.0,3,5,250.0,12,27,39,13,29,4,8,3,-26,106,93,67,52,98.41600000000001,69.0,12.424,2.104,367.216,287.496,154.296,105.264,10
290,Keon Ellis,Sacramento Kings,G,49,184,19,36,404.2,1,2,50.0,10,22,303.3,7,16,23,14,24,15,4,4,45,86,72,63,37,206.02422145328723,8.68166089965398,45.564013840830455,12.034602076124568,209.01038062283737,243.68858131487892,178.10034602076124,47.491349480968864,10
291,Keon Johnson,Brooklyn Nets,G,12,26,3,8,73.3,4,4,100.0,2,4,133.3,2,1,3,2,2,2,2,0,-9,17,15,14,5,18.88888888888889,0.5555555555555556,2.2222222222222223,0.22222222222222227,27.222222222222225,13.888888888888888,34.0,1.0,2
292,Kessler Edwards,Sacramento Kings,SF,12,46,4,11,106.7,1,2,50.0,3,8,91.7,0,8,8,2,6,2,0,1,9,22,20,14,10,43.0,15.25,1.6172839506172838,4.138888888888888,54.089506172839506,51.25,39.06172839506173,23.645061728395063,5
293,Kevin Durant,Phoenix Suns,PF,270,383,101,202,488.1,47,59,805.6,21,53,376.2,6,63,69,39,15,8,36,9,-8,378,339,309,108,1201.6326530612246,61.48979591836735,44.744897959183675,19.489795918367346,1495.4795918367347,1347.2448979591836,1279.7653061224491,176.33673469387756,10
294,Kevin Huerter,Sacramento Kings,SG,72,231,29,79,330.1,2,4,100.0,12,45,205.0,6,24,30,25,23,8,11,2,5,127,102,97,55,363.77600000000007,31.296,4.984000000000001,20.784,567.656,538.944,378.904,49.864000000000004,10
295,Kevin Knox II,Detroit Pistons,SF,22,89,9,26,148.9,3,3,200.0,1,11,33.3,3,11,14,4,9,2,6,0,21,40,36,26,18,115.33333333333334,19.333333333333336,3.3333333333333335,0.8333333333333335,167.33333333333331,188.0,101.33333333333334,16.0,6
296,Kevin Love,Miami Heat,PF,88,158,30,62,483.6,10,14,208.3,18,45,387.4,10,55,65,19,20,3,10,3,31,172,153,107,84,362.530612244898,61.03061224489795,13.244897959183673,16.97959183673469,574.7448979591837,534.5,405.0,72.05102040816325,10
297,Kevon Looney,Golden State Warriors,F,21,103,9,19,483.3,3,7,75.0,0,0,0.0,8,21,29,12,15,1,5,4,37,62,50,33,41,28.11111111111111,20.017361111111114,7.65625,0.0,22.625,36.65625,14.517361111111109,27.236111111111107,10
298,Keyontae Johnson,Oklahoma City Thunder,F,5,39,2,8,66.7,0,0,0.0,1,2,100.0,2,4,6,2,4,0,2,0,-15,13,11,7,8,20.0,7.0,1.2653061224489797,0.8163265306122451,29.69387755102041,35.0,17.26530612244898,5.6938775510204085,5
299,Keyonte George,Utah Jazz,G,185,313,64,148,385.4,30,34,492.5,27,71,328.4,0,28,28,50,14,4,31,3,-55,263,213,235,78,889.0,17.6,48.304,40.424,1255.304,1048.6000000000001,1085.704,75.904,10
300,Khris Middleton,Milwaukee Bucks,SF,114,203,43,87,367.1,16,18,437.5,12,30,326.6,6,26,32,40,24,7,13,2,18,186,146,154,72,241.4375,37.75,47.4375,3.4375,399.75,254.9375,398.0,73.4375,7
301,Killian Hayes,Detroit Pistons,PG,18,79,7,14,209.6,1,3,33.3,3,6,100.0,0,15,15,20,4,0,5,2,-12,53,33,38,35,27.0,18.75,54.0,2.75,252.75,74.75,153.0,124.75,4
302,Klay Thompson,Golden State Warriors,SG,178,257,63,142,453.5,14,16,516.7,38,87,422.5,5,26,31,18,13,7,13,2,-40,227,209,196,49,591.6186556927298,23.444444444444446,19.635116598079563,26.137174211248286,640.6049382716049,562.3470507544581,685.7530864197531,27.20301783264746,10
303,Kobe Brown,LA Clippers,G,2,27,1,5,100.0,0,0,0.0,0,2,0.0,4,5,9,2,4,0,3,0,-23,13,11,4,11,3.0277777777777777,9.0,1.4444444444444446,0.027777777777777776,13.861111111111114,7.861111111111111,2.694444444444444,16.777777777777775,4
304,Kobe Bufkin,Atlanta Hawks,G,27,81,11,31,158.4,1,2,50.0,4,14,115.0,1,10,11,14,6,3,4,1,21,52,38,41,25,72.63265306122449,3.9795918367346945,14.959183673469388,2.836734693877551,134.6326530612245,95.83673469387756,113.83673469387753,16.53061224489796,5
305,Kris Dunn,Utah Jazz,G,50,213,22,47,405.2,1,2,50.0,5,17,291.7,7,16,23,28,22,12,10,2,-52,101,73,78,51,126.94444444444443,15.15625,18.90625,5.90625,250.94444444444446,163.51736111111114,193.43402777777777,55.0,10
306,Kris Murray,Portland Trail Blazers,F,80,290,30,70,459.0,11,14,491.7,9,34,290.0,13,36,49,25,19,6,11,6,24,154,129,105,74,282.63905325443784,55.96745562130178,33.828402366863905,5.186390532544378,498.0976331360947,369.3520710059172,337.99408284023673,163.18639053254435,10
307,Kristaps Porzingis,Boston Celtics,C,236,301,79,154,525.0,53,57,827.8,25,55,502.2,15,60,75,18,23,5,14,16,102,329,311,254,93,346.5,110.55102040816327,13.63265306122449,6.704081632653061,566.3367346938776,585.4795918367346,337.2755102040816,114.26530612244898,10
308,Kyle Anderson,Minnesota Timberwolves,SF,68,262,29,63,442.3,9,12,350.0,1,6,50.0,7,35,42,49,20,8,13,4,59,159,110,117,91,132.2570888468809,49.724007561436665,34.901701323251416,0.9092627599243857,247.89603024574666,223.35727788279777,170.51606805293005,70.9054820415879,10
309,Kyle Kuzma,Washington Wizards,SF,245,345,92,177,533.3,43,53,855.3,18,50,283.3,6,65,71,44,19,8,29,9,-81,360,316,289,115,364.4567901234568,71.19753086419753,57.40466392318245,27.60493827160494,595.2318244170096,561.7777777777778,409.52400548696846,116.98902606310016,10
310,Kyle Lowry,Philadelphia 76ers,PG,76,288,23,61,365.2,16,17,575.0,14,41,295.4,4,27,31,52,20,13,13,1,-50,159,107,128,83,203.10204081632654,25.03061224489796,75.55102040816327,14.53061224489796,425.1938775510204,266.5,299.6326530612245,162.74489795918367,10
311,Kyrie Irving,Dallas Mavericks,PG,240,352,91,190,482.3,30,30,700.0,28,75,366.6,9,37,46,53,18,12,21,5,-26,339,286,293,99,377.1228733459358,46.76748582230624,132.51606805293005,16.0,945.0415879017015,444.9224952741021,798.7164461247638,257.80907372400753,10
312,LaMelo Ball,Charlotte Hornets,PG,32,55,12,37,66.1,5,6,150.0,3,17,34.7,1,5,6,15,10,3,7,0,-49,53,38,47,21,2.0,2.0,0.5,0.5,4.5,8.0,0.5,0.5,2
313,Lamar Stevens,Memphis Grizzlies,PF,111,215,46,97,495.5,13,18,333.3,6,15,425.0,12,32,44,7,18,7,12,7,-20,162,155,118,51,211.0,48.44444444444444,6.111111111111112,2.4444444444444446,334.9777777777778,267.17777777777775,274.44444444444446,58.91111111111111,10
314,Landry Shamet,Washington Wizards,SG,55,184,20,55,273.1,7,7,300.0,8,35,104.1,4,10,14,8,12,4,9,2,-68,77,69,63,22,330.90000000000003,22.5,5.700000000000001,15.624999999999998,463.7,413.80000000000007,373.0,35.99999999999999,10
315,Larry Nance Jr.,New Orleans Pelicans,PF,61,211,25,40,605.3,10,12,366.7,1,5,100.0,19,29,48,20,19,9,10,4,19,129,109,81,68,140.13600000000002,37.744,12.783999999999999,1.224,193.256,189.736,152.98399999999998,41.2,10
316,Lauri Markkanen,Utah Jazz,PF,211,342,70,163,428.6,40,43,856.7,31,77,398.8,18,52,70,23,15,7,17,3,-46,304,281,234,93,324.9584775086505,112.03460207612457,50.128027681660896,23.539792387543255,784.7543252595156,573.083044982699,492.5674740484429,206.2249134948097,10
317,LeBron James,Los Angeles Lakers,SF,286,367,110,191,571.9,41,54,708.4,25,55,448.3,8,65,73,95,13,12,34,5,27,454,359,381,168,421.194214876033,77.55785123966942,24.830578512396695,27.01652892561983,313.9214876033059,284.50413223140487,477.0,76.0,10
318,Leaky Black,Charlotte Hornets,F,27,151,8,25,232.1,7,10,275.0,4,10,150.0,5,21,26,13,12,2,3,2,-31,66,53,40,39,88.0,30.96,8.41,8.25,118.49000000000001,84.96000000000001,110.40999999999998,50.49,9
319,Leonard Miller,Minnesota Timberwolves,F,0,5,0,1,0.0,0,0,0.0,0,0,0.0,0,0,0,2,0,0,0,0,8,2,0,2,2,0.1111111111111111,0.6944444444444445,1.0,0.0,0.027777777777777728,1.3611111111111114,0.44444444444444453,0.027777777777777804,1
320,Lester Quinones,Golden State Warriors,G,58,162,20,53,357.0,9,13,325.0,9,31,250.0,8,18,26,11,17,2,5,0,-34,95,84,69,37,193.76736111111106,18.73611111111111,14.90625,10.90625,254.11111111111111,286.60069444444446,178.56944444444443,16.350694444444446,10
321,Lindy Waters III,Oklahoma City Thunder,F,29,66,10,21,323.3,0,0,0.0,9,19,283.3,1,14,15,4,6,1,3,2,-33,48,44,33,19,89.0311111111111,26.0,4.111111111111112,10.719999999999999,213.0977777777778,178.09777777777776,109.36444444444444,44.777777777777786,7
322,Lonnie Walker IV,Brooklyn Nets,G,78,168,29,80,355.9,4,5,250.0,16,43,227.4,0,18,18,5,21,4,8,4,4,101,96,83,23,528.4027777777778,17.611111111111114,6.9444444444444455,34.40277777777778,734.5694444444445,679.4027777777777,575.125,33.0,10
323,Luguentz Dort,Oklahoma City Thunder,G,110,290,38,85,471.5,9,9,400.0,25,55,474.4,8,24,32,16,30,10,7,3,32,158,142,126,48,184.33055885850177,35.63852556480381,18.48038049940547,17.16884661117717,253.67181926278238,198.56837098692034,239.94530321046372,53.60760998810939,10
324,Luka Doncic,Dallas Mavericks,PG,348,378,124,250,490.9,59,70,856.1,41,109,357.9,13,86,99,109,21,13,41,2,66,556,447,457,208,434.624,66.98400000000002,116.26400000000001,37.800000000000004,796.624,654.1999999999999,526.2,234.09599999999998,10
325,Luka Garza,Minnesota Timberwolves,C,26,28,9,19,144.4,5,6,150.0,3,8,158.3,4,3,7,1,6,0,1,0,9,34,33,27,8,41.0,5.666666666666668,0.8148148148148149,0.33333333333333337,80.37037037037035,71.33333333333334,47.37037037037038,9.148148148148147,3
326,Luka Samanic,Utah Jazz,F,42,107,13,39,288.8,12,14,450.0,4,19,178.3,5,19,24,5,9,1,5,4,-42,71,66,47,29,86.96,45.96,4.44,2.24,270.7733333333333,235.0,110.0933333333333,63.040000000000006,9
327,Luke Kennard,Memphis Grizzlies,SG,124,269,39,78,499.6,18,20,571.4,28,59,476.40000000000003,2,23,25,40,10,8,18,0,-65,189,149,164,65,416.425,7.125,84.1,24.224999999999998,599.8,437.3,556.4250000000001,113.72500000000001,10
328,Luke Kornet,Boston Celtics,C,68,163,28,41,631.7,12,12,400.0,0,0,0.0,18,22,40,13,11,2,2,9,65,121,108,81,53,245.2,59.224999999999994,30.100000000000005,0.0,661.525,500.225,346.5,149.32500000000002,10
329,Malachi Flynn,Detroit Pistons,PG,36,83,13,39,232.5,4,6,200.0,6,18,241.7,0,10,10,11,5,3,6,0,-20,57,46,47,21,100.0,8.222222222222223,13.888888888888891,4.888888888888889,225.55555555555554,154.8888888888889,159.55555555555557,33.22222222222223,8
330,Malaki Branham,San Antonio Spurs,G,114,219,41,93,421.1,16,17,475.0,16,41,307.1,4,14,18,21,14,4,18,2,-58,153,132,135,39,660.0694444444443,13.61111111111111,33.10069444444445,33.35069444444444,956.90625,737.7361111111111,856.9340277777778,69.01736111111111,10
331,Malcolm Brogdon,Portland Trail Blazers,PG,102,218,37,83,266.20000000000005,17,19,433.3,11,30,202.89999999999998,7,22,29,40,13,4,17,2,4,171,131,142,69,100.0,28.833333333333336,7.333333333333334,6.833333333333334,113.5,66.83333333333334,151.33333333333331,31.5,6
332,Malik Beasley,Milwaukee Bucks,SG,117,302,42,102,403.4,2,3,150.0,31,79,381.8,3,32,35,18,17,7,8,1,89,170,152,135,53,381.9556213017751,12.736686390532544,11.81360946745562,36.937869822485204,279.34023668639054,309.0177514792899,341.8284023668639,35.0,10
333,Malik Monk,Sacramento Kings,SG,187,280,72,162,424.2,20,26,680.0,23,65,340.5,7,35,42,59,28,9,18,1,13,288,229,246,101,863.408163265306,21.551020408163264,32.369897959183675,18.39030612244898,1008.7474489795919,990.9183673469388,851.9719387755102,83.1862244897959,10
334,MarJon Beauchamp,Milwaukee Bucks,F,30,42,10,16,350.0,7,8,175.0,3,7,200.0,2,9,11,1,4,1,3,0,-17,42,41,31,12,58.991735537190095,10.140495867768596,0.8677685950413222,1.8099173553719008,103.32231404958677,93.38016528925618,65.92561983471074,14.016528925619834,6
335,Marcus Morris Sr.,Philadelphia 76ers,SF,40,98,16,38,166.7,4,4,200.0,4,13,103.3,0,14,14,3,5,2,6,1,-21,57,54,43,17,86.0,5.0,2.75,2.0,126.75,107.0,104.75,8.75,4
336,Marcus Sasser,Detroit Pistons,G,58,182,22,63,351.1,4,5,250.0,10,37,349.6,0,22,22,33,18,7,16,0,-44,113,80,91,55,164.225,22.224999999999998,28.125,12.025,274.125,246.5,195.30000000000004,46.9,10
337,Markelle Fultz,Orlando Magic,PG,70,168,31,71,403.6,8,11,233.3,0,4,0.0,15,21,36,17,7,4,13,3,-12,123,106,87,53,183.0914127423823,56.45429362880886,18.927977839335178,0.027700831024930744,301.5318559556787,252.30470914127423,205.93628808864264,101.76454293628808,10
338,Markieff Morris,Dallas Mavericks,PF,5,11,2,3,150.0,0,0,0.0,1,2,50.0,0,2,2,0,0,0,0,0,4,7,7,5,2,0.625,2.5,0.0,0.625,4.625,4.625,0.625,2.5,2
339,Marques Bolden,Charlotte Hornets,C,0,13,0,1,0.0,0,0,0.0,0,0,0.0,0,1,1,0,1,0,1,0,2,1,1,0,1,0.0,0.7551020408163267,0.0,0.0,0.7551020408163267,0.7551020408163267,0.0,0.7551020408163267,2
340,Marvin Bagley III,Washington Wizards,PF,119,262,53,102,492.7,10,14,383.3,3,8,250.0,40,46,86,16,13,7,8,11,-40,221,205,135,102,366.9111111111111,136.0,12.577777777777778,2.2000000000000006,625.0,593.0444444444445,373.0,174.44444444444446,10
341,Mason Jones,Sacramento Kings,G,1,13,0,3,0.0,1,2,50.0,0,2,0.0,1,3,4,4,0,0,0,0,10,9,5,5,8,0.0,0.0,0.0,0.0,0.0,0.0,0.0,0.0,1
342,Mason Plumlee,LA Clippers,C,48,117,17,29,603.3,14,20,391.7,0,0,0.0,11,35,46,13,16,3,10,4,4,107,94,61,59,59.64792899408284,105.00591715976331,12.14792899408284,0.0,226.21597633136093,222.7130177514793,69.09171597633136,111.2130177514793,10
343,Matisse Thybulle,Portland Trail Blazers,SG,75,258,28,59,448.9,6,9,250.0,13,33,368.3,8,27,35,21,16,25,12,10,-40,131,110,96,56,258.83264746227707,25.444444444444446,20.901234567901234,10.160493827160494,467.4417009602195,349.042524005487,372.4170096021948,51.160493827160494,10
344,Matt Ryan,New Orleans Pelicans,F,26,54,9,21,200.0,0,0,0.0,8,17,194.4,1,8,9,2,5,0,2,0,-6,37,35,28,11,167.85185185185185,11.0,1.4074074074074074,14.518518518518519,268.1851851851852,257.5185185185185,177.85185185185185,13.074074074074074,6
345,Matthew Hurt,Memphis Grizzlies,F,32,110,12,33,215.9,3,3,200.0,5,19,233.4,9,7,16,4,8,3,2,3,-7,52,48,36,20,105.05785123966943,20.264462809917354,4.016528925619834,3.900826446280991,204.7933884297521,164.3801652892562,139.3388429752066,30.413223140495862,7
346,Max Christie,Los Angeles Lakers,G,38,116,13,30,591.1,5,7,300.0,7,16,336.7,3,11,14,11,2,2,3,2,-42,63,52,49,25,48.151228733459355,8.400756143667296,29.907372400756145,4.281663516068053,187.24574669187146,80.19281663516068,139.94896030245746,53.56332703213611,10
347,Max Strus,Cleveland Cavaliers,SG,118,312,42,93,422.4,12,15,316.7,22,62,318.5,11,20,31,48,25,6,16,4,-32,197,149,166,79,284.77562326869804,32.988919667590025,26.775623268698062,31.81717451523546,400.2908587257617,331.86426592797784,377.1024930747922,35.86426592797784,10
348,Maxi Kleber,Dallas Mavericks,PF,15,190,3,21,116.6,7,10,350.0,2,17,100.0,2,33,35,12,20,2,1,5,13,62,50,27,47,81.09171597633137,46.289940828402365,8.284023668639051,3.325443786982249,154.5,133.5532544378698,102.25147928994085,54.36094674556213,10
349,Micah Potter,Utah Jazz,C,21,40,7,8,200.0,3,3,200.0,4,4,200.0,2,5,7,1,2,0,0,0,7,29,28,22,8,42.0,0.6666666666666667,0.6666666666666667,2.666666666666667,40.666666666666664,32.666666666666664,50.66666666666667,0.6666666666666667,3
350,Michael Porter Jr.,Denver Nuggets,SF,194,318,75,136,563.2,12,13,550.0,32,71,464.9,10,58,68,18,18,9,12,8,61,280,262,212,86,404.2777777777777,63.73611111111111,17.77777777777778,20.01736111111111,830.625,708.4027777777778,491.61111111111114,116.40277777777777,10
351,Mikal Bridges,Brooklyn Nets,SF,177,368,58,146,374.9,32,40,780.1,29,69,434.7,11,38,49,42,14,11,17,3,1,268,226,219,91,656.9314128943757,44.009602194787384,27.709190672153635,19.34567901234568,547.7777777777777,643.4622770919068,564.281207133059,68.68449931412896,10
352,Mike Conley,Minnesota Timberwolves,PG,124,289,43,92,416.5,18,21,513.3,20,52,333.3,9,24,33,48,14,10,14,0,-42,205,157,172,81,633.3799621928166,34.168241965973536,48.19281663516068,35.20982986767486,386.73156899810965,445.66540642722117,543.648393194707,113.15879017013232,10
353,Mike Muscala,Oklahoma City Thunder,C,26,127,9,35,234.2,1,2,50.0,7,25,250.0,5,15,20,6,8,2,1,2,24,52,46,32,26,98.96952908587257,15.988919667590027,6.936288088642658,10.612188365650969,201.61218836565098,177.196675900277,114.45983379501385,31.850415512465375,10
354,Miles Bridges,Charlotte Hornets,SF,207,391,83,191,431.1,24,33,613.1,17,65,245.3,13,74,87,38,15,7,20,3,-78,332,294,245,125,517.6534859521331,67.36004162330906,16.139438085327782,25.58480749219563,789.6795005202913,768.0520291363163,551.1331945889699,71.64724245577523,10
355,Miles McBride,New York Knicks,PG,86,257,33,78,402.9,3,3,200.0,17,42,329.7,6,11,17,28,21,9,4,2,-8,131,103,114,45,338.41975308641975,12.116598079561042,114.44444444444444,22.95610425240055,697.8285322359396,422.1001371742112,598.2716049382716,142.43758573388203,10
356,Mo Bamba,Philadelphia 76ers,C,43,180,17,35,465.1,4,4,100.0,5,12,266.7,13,34,47,7,26,3,10,8,-28,97,90,50,54,82.65625,52.56944444444444,11.0,4.569444444444444,134.35069444444446,134.10069444444446,79.40625,67.06944444444444,10
357,Monte Morris,Minnesota Timberwolves,PG,55,152,21,50,531.1,5,7,275.0,8,20,341.6,3,11,14,28,3,5,3,1,26,97,69,83,42,81.1551246537396,20.559556786703602,50.42659279778394,4.088642659279778,239.26038781163436,119.65373961218836,168.91689750692518,102.83102493074793,10
358,Moritz Wagner,Orlando Magic,C,99,167,38,59,611.0,19,23,515.6,4,15,216.6,9,33,42,12,15,4,14,1,-1,153,141,111,54,232.66400000000002,71.744,6.384,2.4000000000000004,502.776,499.81600000000003,235.096,78.656,10
359,Moses Brown,Portland Trail Blazers,C,13,28,6,10,233.3,1,3,33.3,0,0,0.0,4,5,9,2,4,0,2,1,7,24,22,15,11,18.0,12.320000000000002,2.880000000000001,0.0,25.519999999999996,27.92,13.680000000000001,17.119999999999997,3
360,Moses Moody,Golden State Warriors,SG,89,209,35,79,455.3,9,12,233.3,10,35,275.4,10,28,38,5,15,9,9,9,26,132,127,94,43,187.02770083102496,56.48199445983379,2.673130193905817,18.443213296398888,368.3434903047091,356.94459833795014,199.8393351800554,57.74238227146814,10
361,Mouhamadou Gueye,Toronto Raptors,F,2,6,1,3,33.3,0,0,0.0,0,0,0.0,2,1,3,0,1,0,0,2,4,5,5,2,3,1.0,0.25,0.0,0.0,2.25,2.25,1.0,0.25,1
362,Moussa Diabate,LA Clippers,F,2,7,1,1,100.0,0,2,0.0,0,0,0.0,1,3,4,0,0,1,0,1,1,6,6,2,4,0.0,0.0,0.0,0.0,0.0,0.0,0.0,0.0,1
363,Myles Turner,Indiana Pacers,C,164,271,61,121,504.4,26,37,586.7,16,39,326.9,17,55,72,10,27,3,14,23,4,246,236,174,82,281.65625,66.01736111111111,15.40625,27.111111111111114,300.1006944444444,246.94444444444443,378.5,37.73611111111111,10
364,Naji Marshall,New Orleans Pelicans,SF,67,210,26,54,360.0,4,5,250.0,11,26,418.3,6,38,44,23,7,8,9,4,39,134,111,90,67,326.13599999999997,44.496,12.584,13.096,414.8,398.264,306.256,93.49600000000001,10
365,Nassir Little,Phoenix Suns,SF,9,50,3,12,133.3,0,0,0.0,3,8,200.0,0,10,10,3,6,0,1,2,-8,22,19,12,13,15.94387755102041,9.739795918367344,3.9438775510204085,1.943877551020408,41.73979591836734,36.55102040816326,19.0,15.816326530612246,5
366,Nate Hinton,Houston Rockets,G,12,22,4,7,110.0,2,3,66.7,2,3,66.7,1,5,6,3,4,1,1,2,10,21,18,15,9,48.05555555555556,6.722222222222221,1.3888888888888884,2.5,97.38888888888886,75.55555555555557,65.0,13.0,2
367,Nathan Mensah,Charlotte Hornets,C,4,59,2,5,66.7,0,0,0.0,0,0,0.0,4,6,10,1,13,2,1,4,-17,15,14,5,11,13.75,9.9375,0.859375,0.0,41.359375,44.4375,13.484375,7.984375,7
368,Naz Reid,Minnesota Timberwolves,C,174,296,61,126,489.2,25,31,609.2,27,60,408.4,11,59,70,23,22,8,12,15,27,267,244,197,93,951.2899408284023,71.59763313609467,18.917159763313613,57.0,1137.8402366863904,996.0,1049.698224852071,133.94674556213016,10
369,Neemias Queta,Boston Celtics,C,39,80,19,26,443.4,1,2,100.0,0,0,0.0,12,17,29,4,8,3,4,6,63,72,68,43,33,64.60493827160494,46.2716049382716,1.7160493827160495,0.0,193.16049382716048,192.75308641975306,68.0,45.0,7
370,Nic Claxton,Brooklyn Nets,C,130,311,53,84,615.7,24,38,525.5,0,1,0.0,18,78,96,27,24,6,12,18,-1,253,226,157,123,208.8641975308642,68.46639231824417,14.956104252400548,0.0,263.17009602194787,255.68449931412897,228.27297668038406,71.49931412894377,10
371,Nick Jr. Smith,Charlotte Hornets,G,50,170,16,60,266.1,8,9,187.5,10,32,241.6,3,11,14,17,19,4,5,0,5,81,64,67,31,220.23268698060943,10.44875346260388,19.0387811634349,14.249307479224377,284.7340720221607,231.8282548476454,255.83102493074793,46.795013850415515,10
372,Nick Richards,Charlotte Hornets,C,92,288,39,59,646.5,14,20,400.0,0,1,0.0,28,63,91,4,27,5,11,8,-31,187,183,96,95,271.1111111111111,146.9111111111111,5.3,0.0,404.5,372.6,305.61111111111114,149.61111111111111,10
373,Nickeil Alexander-Walker,Minnesota Timberwolves,SG,113,268,41,84,486.4,13,15,533.3,18,42,408.3,8,19,27,28,13,6,10,6,43,168,140,141,55,416.13313609467457,40.21597633136095,31.64792899408284,23.62130177514793,526.7366863905326,499.59763313609466,410.6213017751479,104.51479289940829,10
374,Nicolas Batum,Philadelphia 76ers,PF,49,268,17,54,282.5,5,5,200.0,10,39,234.89999999999998,14,35,49,21,17,12,7,7,2,119,98,70,70,112.97530864197532,94.27777777777777,21.0,6.030864197530864,361.51234567901236,277.7345679012346,139.08641975308643,172.94444444444443,10
375,Nikola Jokic,Denver Nuggets,C,244,370,96,169,569.8,45,49,918.1,7,23,143.7,27,91,118,79,18,16,31,10,107,441,362,323,197,719.5173611111111,119.93402777777779,67.61111111111111,15.0,1023.0,778.2777777777776,894.3506944444443,257.4340277777778,10
376,Nikola Jovic,Miami Heat,F,65,201,24,53,447.4,6,9,250.0,11,31,406.6,2,38,40,18,17,8,10,4,14,123,105,83,58,50.65625,45.40625,20.5,2.9765625,216.5,147.0,95.90625,90.15625,10
377,Nikola Vucevic,Chicago Bulls,C,202,342,87,177,485.7,13,15,450.0,15,42,348.2,32,74,106,31,25,5,21,4,-46,339,308,233,137,503.02071005917156,67.25443786982248,17.09171597633136,6.559171597633136,738.9289940828402,663.6715976331361,588.6686390532544,73.95562130177514,10
378,Noah Clowney,Brooklyn Nets,F,8,41,3,6,50.0,0,0,0.0,0,2,0.0,3,4,7,5,2,2,1,0,-7,20,15,13,12,45.666666666666664,7.666666666666668,3.6666666666666674,0.037037037037037035,87.66666666666669,86.0,44.66666666666666,14.0,3
379,Norman Powell,LA Clippers,G,153,282,54,116,463.2,21,27,525.0,24,68,384.1,3,29,32,16,23,10,10,2,0,201,185,169,48,364.06122448979596,30.54336734693878,16.989795918367346,20.408163265306122,432.7576530612245,480.125,307.6020408163265,56.625,10
380,O.G. Anunoby,New York Knicks,SF,83,194,33,70,262.7,9,14,243.3,8,28,138.3,3,24,27,12,12,16,13,5,107,122,110,95,39,350.6296296296296,49.66666666666667,6.0,7.62962962962963,223.18518518518516,223.18518518518516,360.6296296296297,45.66666666666667,6
381,Obi Toppin,Indiana Pacers,PF,80,186,33,61,514.7,8,10,350.0,6,25,200.0,8,29,37,9,16,5,7,6,22,126,117,89,46,303.11111111111114,34.160493827160494,19.47462277091907,7.034293552812072,506.83676268861456,477.7901234567901,321.96844993141286,63.82441700960219,10
382,Ochai Agbaji,Toronto Raptors,G,53,233,23,70,275.1,3,6,150.0,4,25,105.89999999999999,14,19,33,9,23,4,8,4,-88,95,86,62,42,168.40625,75.85069444444446,6.90625,2.7361111111111116,399.6840277777778,413.1111111111111,160.0,77.73611111111113,10
383,Olivier Sarr,Oklahoma City Thunder,C,11,22,4,7,125.0,3,5,116.7,0,1,0.0,4,4,8,0,3,0,1,1,-14,19,19,11,8,34.92,6.920000000000002,0.0,0.0,59.68000000000001,59.68000000000001,34.92,6.920000000000002,3
384,OlivierMaxence Prosper,Dallas Mavericks,F,10,36,3,6,150.0,4,7,57.1,0,2,0.0,2,6,8,0,1,1,1,1,-14,18,18,10,8,25.76,12.0,0.0,0.0,72.16,72.16,25.76,12.0,4
385,Omer Yurtseven,Utah Jazz,C,33,65,15,21,269.0,3,5,150.0,0,1,0.0,10,12,22,3,8,1,3,6,-5,58,55,36,25,163.02958579881658,32.52662721893491,7.881656804733726,0.029585798816568053,314.1952662721893,266.1242603550296,200.6272189349113,50.88165680473373,5
386,Onuralp Bitim,Chicago Bulls,SF,56,169,22,46,480.3,3,4,150.0,9,26,273.4,5,19,24,9,13,2,5,2,1,89,80,65,33,236.24489795918367,59.06122448979592,5.193877551020408,9.561224489795919,458.3367346938776,459.0612244897959,233.60204081632654,66.1734693877551,10
387,Onyeka Okongwu,Atlanta Hawks,PF,146,301,59,87,686.7,20,25,592.9,8,16,433.3,34,44,78,11,31,5,6,15,26,235,224,157,89,236.51239669421489,139.6528925619835,8.900826446280991,5.652892561983471,571.9586776859504,571.702479338843,240.35537190082647,144.96694214876032,10
388,Orlando Robinson,Miami Heat,C,5,41,1,6,33.3,3,4,75.0,0,1,0.0,5,9,14,2,4,1,3,0,2,21,19,7,16,6.84,15.240000000000002,1.3600000000000003,0.0,27.56,21.0,7.56,22.439999999999998,4
389,Oscar Tshiebwe,Indiana Pacers,C,3,5,1,3,33.3,1,2,50.0,0,0,0.0,2,0,2,0,1,0,0,1,8,5,5,3,2,0.25,0.0,0.0,0.0,0.25,0.25,0.25,0.0,1
390,Oshae Brissett,Boston Celtics,SF,38,147,11,27,312.9,14,24,438.3,2,11,133.3,13,25,38,15,14,4,4,1,33,91,76,53,53,130.0,76.00000000000001,21.525000000000002,1.7000000000000002,419.92499999999995,286.0,244.72499999999997,116.725,10
391,Ousmane Dieng,Oklahoma City Thunder,F,28,90,10,25,324.4,4,4,200.0,4,14,220.0,1,7,8,14,3,3,6,3,16,50,36,42,22,108.0,6.0,17.5,4.0,209.5,150.0,163.5,27.5,8
392,P.J. Tucker,LA Clippers,PF,16,101,6,16,133.3,0,0,0.0,4,10,183.4,7,10,17,2,6,1,3,4,-16,35,33,18,19,52.69387755102041,20.918367346938776,3.3469387755102047,3.551020408163265,147.40816326530614,114.26530612244898,73.10204081632652,37.0,6
393,P.J. Washington,Dallas Mavericks,PF,118,320,43,107,406.3,15,20,400.0,17,63,247.6,14,48,62,12,15,9,8,11,23,192,180,130,74,369.3674197384066,56.568370986920335,13.369797859690843,26.73365041617123,427.9976218787158,414.04756242568374,368.7015457788347,84.55410225921523,10
394,Paolo Banchero,Orlando Magic,PF,229,349,81,164,531.5,53,70,771.1,14,38,426.3,8,57,65,56,19,7,35,8,61,350,294,285,121,233.43100189035917,40.61814744801512,68.76748582230624,11.550094517958412,408.12476370510393,336.54820415879016,322.4442344045368,91.94896030245748,10
395,Pascal Siakam,Indiana Pacers,PF,204,323,83,158,525.0,31,37,746.8,7,25,179.1,23,62,85,37,25,8,13,7,-21,326,289,241,122,274.0,109.19478737997257,25.79012345679012,8.791495198902606,529.4622770919067,432.97256515775035,315.12345679012344,190.3511659807956,10
396,Pat Connaughton,Milwaukee Bucks,SG,75,245,24,57,415.6,14,16,625.0,13,40,329.6,5,21,26,18,9,7,5,3,-25,119,101,93,44,211.0523186682521,24.934601664684898,26.520808561236624,12.633769322235436,351.9821640903686,304.27229488703927,247.30677764565993,62.91082045184304,10
397,Patrick Baldwin Jr.,Washington Wizards,F,31,126,11,44,228.2,2,3,150.0,7,28,151.9,4,28,32,9,8,5,5,3,-29,72,63,40,41,68.25,48.75390625,14.31640625,5.765625,151.015625,94.69140625,105.75390625,81.890625,9
398,Patrick Beverley,Milwaukee Bucks,PG,62,223,21,57,314.6,9,11,433.4,11,29,332.9,6,32,38,21,23,10,7,7,-17,121,100,83,59,177.89030612244898,77.1938775510204,32.125,8.941326530612244,456.6326530612245,397.54336734693874,250.62244897959184,95.67602040816327,10
399,Patrick Williams,Chicago Bulls,PF,6,24,2,9,22.2,2,2,100.0,0,5,0.0,0,6,6,2,5,0,2,2,-11,14,12,8,8,0.0,0.0,0.0,0.0,0.0,0.0,0.0,0.0,1
400,Patty Mills,Atlanta Hawks,PG,2,47,1,8,25.0,0,0,0.0,0,6,0.0,2,5,7,2,1,3,1,0,-9,11,9,4,9,35.02958579881656,7.242603550295858,3.0,1.4497041420118342,62.72781065088758,42.34319526627219,51.5680473372781,14.088757396449703,5
401,Patty Mills,Miami Heat,PG,23,69,9,28,131.0,1,1,100.0,4,18,100.0,0,8,8,6,5,4,4,0,17,37,31,29,14,131.26035502958578,5.627218934911243,7.0,7.142011834319527,132.7278106508876,162.18934911242604,100.41420118343194,14.011834319526628,5
402,Paul George,LA Clippers,F,225,362,78,155,511.6,33,41,669.6,36,82,447.7,2,49,51,36,23,13,25,8,28,312,276,261,87,253.36686390532543,11.754437869822485,72.0,24.476331360946745,395.1863905325444,291.34023668639054,364.7514792899408,76.21597633136095,10
403,Paul Reed,Philadelphia 76ers,SF,104,236,42,80,520.0,13,17,550.0,7,14,350.0,32,40,72,17,25,9,8,16,10,193,176,121,89,315.83673469387753,77.25765306122449,12.5,6.369897959183675,713.9413265306123,637.5841836734694,372.6224489795918,109.32908163265306,10
404,Payton Pritchard,Boston Celtics,PG,81,215,33,74,392.6,2,2,100.0,13,37,347.2,7,28,35,33,11,6,11,0,55,149,116,114,68,339.384,54.616,176.2,11.000000000000002,1169.8960000000002,534.976,835.0240000000001,370.09599999999995,10
405,Peyton Watson,Denver Nuggets,F,66,192,29,66,429.0,5,9,150.0,3,21,225.0,4,26,30,10,14,6,6,11,-2,106,96,76,40,127.536,23.936,16.256,2.7760000000000002,255.856,230.4,143.584,49.599999999999994,10
406,Precious Achiuwa,New York Knicks,PF,93,289,37,73,518.6,15,24,420.8,4,14,183.3,28,51,79,17,25,11,18,20,33,189,172,110,96,287.14540466392316,85.96021947873798,18.10013717421125,4.408779149519891,431.6227709190672,400.2112482853223,301.08641975308643,121.53086419753085,10
407,Quentin Grimes,Detroit Pistons,SG,82,213,26,80,296.2,19,24,525.0,11,50,200.0,2,27,29,19,13,7,9,4,-12,130,111,101,48,312.44628099173553,35.19834710743802,14.900826446280991,10.900826446280991,442.06611570247935,483.0495867768595,277.6942148760331,43.86776859504132,10
408,R. Rupert,Portland Trail Blazers,G,28,115,9,24,338.1,4,4,200.0,6,13,325.0,7,11,18,10,14,3,7,0,-19,56,46,38,28,134.21487603305786,24.669421487603305,11.0,8.132231404958677,236.85950413223145,242.76859504132236,129.76033057851242,34.214876033057855,9
409,RJ Barrett,Toronto Raptors,SG,208,328,85,152,559.5,20,43,406.1,18,37,425.0,9,42,51,46,22,5,28,4,-39,305,259,254,97,255.64444444444445,58.24444444444445,50.577777777777776,15.777777777777777,454.77777777777777,307.8,398.8,112.64444444444445,10
410,Reggie Bullock,Houston Rockets,SF,28,103,10,21,441.6,0,0,0.0,8,18,399.9,1,17,18,2,3,5,3,0,22,48,46,30,20,26.97265625,28.03515625,1.5625,3.25390625,53.0625,50.25,27.75390625,31.62890625,9
411,Reggie Jackson,Denver Nuggets,PG,57,156,24,71,301.0,0,0,0.0,9,27,360.0,1,10,11,19,12,1,7,1,18,87,68,76,30,99.656,5.400000000000001,19.624000000000002,4.904,160.904,112.25600000000004,143.904,29.424000000000007,10
412,Richaun Holmes,Washington Wizards,F,64,174,26,46,512.5,11,13,400.0,1,2,100.0,14,30,44,6,23,6,5,4,-37,114,108,70,50,230.98060941828257,79.14127423822714,4.470914127423823,0.922437673130194,574.0609418282548,532.1329639889196,267.09141274238226,89.42936288088642,10
413,Ricky IV Council,Philadelphia 76ers,G,71,131,24,56,394.0,22,31,592.5,1,13,25.0,7,20,27,5,7,0,3,1,-18,103,98,76,32,389.141975308642,90.94444444444446,4.623456790123457,1.0493827160493827,888.5,808.3456790123457,449.1111111111112,115.75308641975309,10
414,Robin Lopez,Milwaukee Bucks,C,6,23,3,9,37.5,0,0,0.0,0,2,0.0,1,0,1,1,3,1,0,2,-16,8,7,7,2,21.92,0.52,0.6800000000000002,0.0,24.48,29.0,18.28,0.32000000000000006,2
415,Royce O'Neale,Phoenix Suns,PF,82,302,29,82,358.2,4,4,200.0,20,59,355.2,7,47,54,39,19,7,7,5,27,175,136,121,93,383.758573388203,44.0,46.67626886145405,20.054869684499312,658.4567901234568,589.1659807956104,433.5679012345679,110.15775034293553,10
416,Rudy Gobert,Minnesota Timberwolves,C,130,361,53,82,648.8,24,35,555.0,0,1,0.0,44,102,146,14,37,7,16,26,30,290,276,144,160,287.37603305785126,111.5206611570248,12.41322314049587,0.0,438.5165289256198,479.09504132231405,236.8305785123967,133.900826446281,10
417,Rui Hachimura,Los Angeles Lakers,PF,158,310,69,122,559.1,4,7,250.0,16,37,431.7,6,27,33,12,17,5,7,2,-31,203,191,170,45,415.42112482853224,32.01783264746228,9.626886145404665,12.40877914951989,348.4567901234568,359.0877914951989,402.639231824417,43.795610425240056,10
418,Russell Westbrook,LA Clippers,PG,93,216,37,98,389.9,15,21,523.3,4,26,95.0,8,19,27,29,17,13,15,1,-10,149,120,122,56,193.55363321799308,25.844290657439448,33.636678200692046,4.7543252595155705,366.9792387543252,307.43252595155707,227.9515570934256,84.62975778546712,10
419,Ryan Arcidiacono,New York Knicks,G,0,5,0,1,0.0,0,0,0.0,0,1,0.0,0,0,0,0,1,1,0,0,3,0,0,0,0,0.0,0.0625,0.0,0.0,0.0625,0.0625,0.0,0.0625,1
420,Saben Lee,Phoenix Suns,G,35,98,9,28,194.29999999999998,15,20,416.7,2,9,83.3,3,15,18,17,6,4,2,0,11,70,53,52,35,190.68,24.479999999999997,5.720000000000001,1.5200000000000005,336.32,336.0,189.68,31.519999999999996,8
421,Saddiq Bey,Atlanta Hawks,SF,146,337,48,125,372.4,31,35,800.0,19,59,298.4,29,32,61,14,7,4,10,4,-23,221,207,160,75,398.90000000000003,67.125,9.625,14.9,439.4000000000001,478.32500000000005,362.225,74.5,10
422,Sam Hauser,Boston Celtics,SF,103,210,36,72,446.1,0,0,0.0,31,63,432.70000000000005,2,36,38,8,13,6,2,7,90,149,141,111,46,820.0240000000001,38.0,5.6160000000000005,85.01599999999999,972.5360000000001,958.104,829.896,48.176,10
423,Sam Merrill,Cleveland Cavaliers,SG,82,226,26,77,326.6,5,5,300.0,25,74,300.8,3,24,27,25,12,2,3,2,14,134,109,107,52,372.5828402366864,48.476331360946745,62.633136094674555,46.73668639053254,631.905325443787,499.4852071005917,518.4763313609467,97.6360946745562,10
424,Samardo Samuels,Houston Rockets,F,0,6,0,1,0.0,0,0,0.0,0,0,0.0,1,1,2,0,0,0,0,0,-5,2,2,0,2,1.44,1.9599999999999997,0.0,0.0,0.03999999999999998,0.03999999999999998,1.44,1.9599999999999997,1
425,Sandro Mamukelashvili,San Antonio Spurs,PF,20,47,10,16,296.7,0,1,0.0,0,2,0.0,8,3,11,5,5,2,0,0,21,36,31,25,16,61.83673469387756,13.5,6.918367346938775,0.0,142.1938775510204,98.76530612244899,89.12244897959182,36.56122448979592,6
426,Santi Aldama,Memphis Grizzlies,PF,121,316,47,105,464.0,10,16,375.0,17,49,319.3,13,43,56,25,16,8,16,13,-86,202,177,146,81,216.77777777777777,18.434027777777775,42.23611111111111,24.40625,365.2673611111111,242.90625,347.625,52.18402777777778,10
427,Sasha Vezenkov,Sacramento Kings,F,9,22,2,7,28.6,3,3,100.0,2,4,50.0,0,1,1,1,4,1,0,0,24,11,10,10,2,4.5,0.5,0.5,2.0,4.5,2.0,8.0,0.0,2
428,Scoot Henderson,Portland Trail Blazers,G,139,283,46,116,401.9,37,40,850.0,10,40,246.2,8,24,32,52,32,6,26,1,-88,223,171,191,84,453.0,79.7,70.5,8.025,742.9999999999999,626.8999999999999,506.5,212.8,10
429,Scottie Barnes,Toronto Raptors,SF,179,333,70,155,460.1,33,39,674.9,6,36,159.89999999999998,28,63,91,75,18,13,31,14,21,345,270,254,166,391.6640625,102.8515625,85.6640625,4.8515625,827.2890625,587.40625,576.65625,243.40625,10
430,Scotty Pippen Jr.,Memphis Grizzlies,G,90,203,31,65,366.4,15,22,340.4,13,25,455.0,8,22,30,45,23,10,17,5,-9,165,120,135,75,177.12,17.52,34.0,6.72,257.68,247.28000000000003,188.32,50.72000000000001,8
431,Seth Curry,Charlotte Hornets,SG,81,181,29,67,372.5,14,15,566.7,9,31,256.6,4,15,19,17,7,5,7,3,-33,117,100,98,36,233.0,12.900826446280993,16.140495867768593,4.900826446280991,334.3388429752066,276.08264462809916,269.8677685950413,50.429752066115704,10
432,Shai Gilgeous-Alexander,Oklahoma City Thunder,PG,295,343,106,204,517.3,67,81,827.2,16,46,381.0,9,56,65,49,27,15,22,11,66,409,360,344,114,379.0665873959572,59.573127229488705,47.97978596908442,24.423305588585016,572.9286563614744,428.33055885850183,539.2271105826396,91.99048751486325,10
433,Shake Milton,New York Knicks,SG,40,105,17,39,321.1,2,3,66.7,4,11,150.0,9,13,22,11,6,3,5,2,-16,73,62,51,33,109.48000000000002,70.72,17.27,7.920000000000001,423.83000000000004,324.52,167.02999999999997,129.75,7
434,Simone Fontecchio,Detroit Pistons,F,158,307,55,116,455.5,19,21,616.7,29,65,413.2,8,41,49,16,20,10,13,5,5,223,207,174,65,516.864,38.34400000000001,14.464,30.344,616.7439999999999,576.6160000000001,548.4,61.400000000000006,10
435,Skylar Mays,Los Angeles Lakers,SG,6,29,3,8,120.0,0,0,0.0,0,3,0.0,0,1,1,2,1,1,1,1,0,9,7,8,3,14.347107438016529,0.6694214876033058,2.942148760330578,0.0,10.950413223140497,14.752066115702478,11.93388429752066,2.2231404958677685,3
436,Spencer Dinwiddie,Los Angeles Lakers,PG,45,227,14,37,380.0,8,11,316.7,9,24,366.7,1,12,13,23,16,2,7,3,1,81,58,68,36,115.33600000000001,6.199999999999999,37.336,4.936000000000001,215.0,128.416,197.60000000000002,47.855999999999995,10
437,Stanley Umude,Detroit Pistons,G,31,94,10,26,167.5,3,3,200.0,8,18,218.3,4,10,14,2,9,4,2,2,15,47,45,33,16,155.875,30.0,1.375,9.59375,215.5,218.875,155.5,28.375,6
438,Stephen Curry,Golden State Warriors,PG,220,298,78,199,377.9,23,26,742.5,41,124,314.6,7,37,44,44,9,8,25,1,45,308,264,264,88,1083.1111111111113,105.35069444444444,48.0,77.15625,1747.90625,1547.40625,1317.1111111111106,119.85069444444444,10
439,Svi Mykhailiuk,Boston Celtics,SG,31,70,11,27,210.4,0,0,0.0,9,22,163.3,2,10,12,8,1,2,1,0,41,51,43,39,20,53.0,22.200000000000003,7.0,6.6000000000000005,193.0,138.39999999999998,90.0,46.8,5
440,T.J. McConnell,Indiana Pacers,PG,126,197,57,101,547.2,7,8,250.0,5,7,350.0,8,24,32,44,11,15,11,1,55,202,158,170,76,335.7673611111111,32.65625,60.517361111111114,4.517361111111112,505.15625,409.0694444444444,425.625,99.40277777777779,10
441,T.J. Warren,Minnesota Timberwolves,SF,21,80,10,26,227.9,0,0,0.0,1,8,33.3,3,9,12,5,10,2,3,0,33,38,33,26,17,22.775510204081634,13.26530612244898,4.1020408163265305,0.816326530612245,31.0,37.95918367346939,11.979591836734693,21.20408163265306,5
442,Taj Gibson,New York Knicks,F,2,68,0,9,0.0,2,2,100.0,0,2,0.0,4,6,10,4,8,1,3,0,2,16,12,6,14,3.2222222222222223,10.555555555555554,0.888888888888889,0.0,16.222222222222225,10.0,5.0,15.88888888888889,5
443,Talen Horton-Tucker,Utah Jazz,SG,69,151,21,62,341.2,17,18,600.0,10,29,389.9,5,17,22,26,12,6,5,5,-54,117,91,95,48,85.80000000000001,51.777777777777786,34.57777777777778,2.1777777777777776,295.31111111111113,192.7777777777778,172.3777777777778,102.3111111111111,10
444,Taurean Prince,Los Angeles Lakers,PF,63,193,24,55,490.20000000000005,2,2,100.0,13,32,346.7,3,23,26,11,10,4,5,5,-11,100,89,74,37,145.93827160493828,33.46227709190672,11.285322359396432,16.21536351165981,286.0,267.4334705075446,160.42524005486968,48.827160493827165,10
445,Taylor Hendricks,Utah Jazz,F,85,235,33,70,550.6,7,9,325.0,12,39,385.3,17,53,70,7,29,6,5,8,-41,162,155,92,77,127.12244897959184,120.81632653061224,2.13265306122449,5.76530612244898,332.5,298.63265306122446,151.31632653061226,132.62244897959184,10
446,Taze Moore,Portland Trail Blazers,G,2,5,1,1,100.0,0,0,0.0,0,0,0.0,0,0,0,1,0,0,1,0,7,3,2,3,1,1.44,0.0,0.6400000000000001,0.0,4.0,1.44,4.0,0.6400000000000001,1
447,Terance Mann,LA Clippers,SG,95,251,35,66,554.4,14,14,700.0,11,26,378.5,7,22,29,6,20,7,4,3,-21,130,124,101,35,146.77777777777777,15.800000000000002,10.799999999999999,8.911111111111111,173.77777777777777,147.91111111111113,160.24444444444444,39.0,10
448,Terquavion Smith,Philadelphia 76ers,G,40,59,14,34,241.1,2,3,100.0,10,26,216.6,0,2,2,10,3,7,4,0,9,52,42,50,12,186.96296296296296,1.4074074074074074,17.185185185185183,17.185185185185183,177.40740740740742,184.66666666666663,179.62962962962965,18.666666666666668,6
449,Terry Rozier,Miami Heat,SG,175,340,68,150,458.0,24,28,547.7,15,50,275.0,4,42,46,56,16,10,15,3,-13,277,221,231,102,187.8390022675737,24.408163265306122,82.87981859410431,23.1859410430839,435.4897959183674,253.56689342403627,374.8367346938775,102.21315192743764,10
450,Terry Taylor,Chicago Bulls,F,11,46,4,8,275.0,1,2,50.0,2,3,150.0,2,10,12,3,1,1,0,0,-17,26,23,14,15,12.183673469387756,27.795918367346943,3.0,1.5102040816326534,86.0816326530612,68.79591836734693,17.755102040816325,42.51020408163266,4
451,Thaddeus Young,Phoenix Suns,F,6,29,3,6,100.0,0,2,0.0,0,0,0.0,7,3,10,0,4,1,1,0,3,16,16,6,10,12.125,20.347222222222225,5.555555555555556,0.0,24.055555555555564,10.722222222222218,32.68055555555556,18.680555555555554,2
452,Thaddeus Young,Phoenix Suns,PF,53,152,26,34,569.9,1,5,50.0,0,2,0.0,15,20,35,18,15,3,4,2,-39,106,88,71,53,177.4375,30.215277777777782,33.444444444444436,0.0,488.861111111111,280.86111111111114,343.7152777777777,105.38194444444446,7
453,Thanasis Antetokounmpo,Milwaukee Bucks,SF,10,48,5,11,266.7,0,2,0.0,0,1,0.0,2,1,3,4,8,1,3,1,-18,17,13,14,7,12.833333333333332,1.666666666666667,2.0000000000000004,0.0,20.83333333333334,17.5,15.5,4.333333333333334,6
454,Theo Maledon,Phoenix Suns,PG,5,10,1,2,50.0,3,3,100.0,0,0,0.0,0,1,1,0,3,0,3,0,-11,6,6,5,1,14.0625,0.5625,0.0,0.0,20.25,20.25,14.0625,0.5625,1
455,Thomas Bryant,Miami Heat,C,31,77,12,21,245.8,7,9,325.0,0,6,0.0,6,15,21,4,6,0,0,4,-20,56,52,35,25,122.11111111111111,40.0,3.8271604938271606,0.0,294.08641975308643,284.1111111111111,126.08641975308642,49.827160493827165,7
456,Tim Hardaway Jr.,Dallas Mavericks,SF,95,190,31,86,314.6,13,18,550.0,20,58,288.9,2,23,25,19,9,3,5,0,20,139,120,114,44,542.2794292508918,79.0665873959572,16.914387633769323,31.712247324613553,1004.8644470868014,912.5398335315101,622.218787158145,108.36623067776456,10
457,Tobias Harris,Philadelphia 76ers,PF,155,338,63,146,400.2,15,20,633.3,14,46,249.4,13,58,71,21,13,12,9,7,-39,247,226,176,92,755.4580498866213,122.21995464852608,29.0,24.839002267573694,1300.111111111111,1113.111111111111,899.0294784580499,194.6485260770975,10
458,Torrey Craig,Chicago Bulls,SF,55,197,19,44,351.6,3,6,150.0,14,36,312.1,8,26,34,14,15,3,7,4,-40,103,89,69,48,163.44444444444446,45.511111111111106,20.57777777777778,14.8,414.77777777777777,352.51111111111106,209.8,82.0,10
459,Tosan Evbuomwan,Detroit Pistons,F,17,90,7,18,314.3,0,0,0.0,3,9,183.3,8,8,16,6,6,1,1,1,-34,39,33,23,22,17.84375,110.0,8.375,1.59375,213.34375,148.84375,34.34375,166.375,6
460,Toumani Camara,Portland Trail Blazers,F,89,292,32,71,425.0,15,18,500.0,10,25,328.3,27,32,59,20,24,7,10,6,8,168,148,109,79,301.8188775510204,79.0,18.31887755102041,10.625,644.5,580.6045918367347,356.5,106.53316326530613,10
461,Trae Young,Atlanta Hawks,PG,235,370,76,173,432.4,45,55,813.4,38,93,399.0,2,18,20,109,22,11,45,2,-38,364,255,344,129,758.2361111111111,12.069444444444445,83.0,45.06944444444444,786.5,622.5,926.4027777777778,90.90277777777777,10
462,Trayce JacksonDavis,Golden State Warriors,F,95,191,42,53,825.5,11,21,461.7,0,0,0.0,21,32,53,15,19,3,7,13,-6,163,148,110,68,119.48224852071007,87.32840236686391,29.446745562130175,0.0,435.35207100591714,335.62130177514797,181.76331360946742,154.2248520710059,10
463,Tre Jones,San Antonio Spurs,PG,92,301,33,62,525.7,17,20,558.3,9,22,267.1,7,40,47,74,10,12,17,1,57,213,139,166,121,447.63313609467457,38.74852071005917,63.210059171597635,19.213017751479292,518.1715976331361,496.26331360946745,426.5,145.0,10
464,Tre Mann,Charlotte Hornets,PG,117,318,44,100,436.59999999999997,16,25,557.1,13,39,278.3,6,41,47,39,21,19,14,0,-53,203,164,156,86,235.64197530864197,34.11111111111111,40.77777777777777,8.179012345679013,500.9012345679012,387.38271604938274,334.2716049382716,89.77777777777776,10
465,Trendon Watford,Brooklyn Nets,PF,81,149,26,57,549.9,25,27,635.7,4,12,200.0,9,21,30,3,20,2,10,6,-61,114,111,84,33,294.601108033241,68.21606648199447,2.1468144044321327,4.5872576177285325,512.03324099723,480.5844875346261,329.56232686980616,66.85041551246537,10
466,Trent Forrest,Atlanta Hawks,G,21,105,9,19,308.3,3,4,150.0,0,1,0.0,1,8,9,24,8,0,2,1,-3,54,30,45,33,61.0,9.177777777777777,28.0,0.0,117.5111111111111,86.04444444444444,101.0,28.644444444444446,10
467,Trevelin Queen,Orlando Magic,SG,0,13,0,3,0.0,0,0,0.0,0,2,0.0,0,1,1,1,1,0,0,0,-17,2,1,1,2,0.0,0.5555555555555556,0.5555555555555556,0.0,0.22222222222222227,0.5555555555555556,0.5555555555555556,0.22222222222222227,2
468,Trey Jemison,Memphis Grizzlies,C,77,219,34,55,521.0,9,12,450.0,0,0,0.0,22,25,47,9,33,5,14,10,-6,133,124,86,56,475.641975308642,30.5,7.216049382716049,0.0,627.4444444444445,657.3641975308643,443.6111111111111,39.82716049382716,10
469,Trey Lyles,Sacramento Kings,PF,53,186,18,46,392.9,12,16,625.0,5,22,236.7,11,28,39,8,19,0,7,3,1,100,92,61,47,103.99173553719008,15.06198347107438,7.640495867768594,7.148760330578514,183.88429752066114,131.55785123966942,140.88016528925618,38.14049586776859,10
470,Trey Murphy III,New Orleans Pelicans,SG,191,314,64,126,486.7,19,25,683.4,44,97,420.1,9,48,57,32,11,7,4,3,81,280,248,223,89,967.4444444444446,69.19753086419753,40.44993141289438,82.97668038408779,1242.9108367626886,1274.7160493827162,940.906721536351,104.37997256515774,10
471,Tristan Thompson,Cleveland Cavaliers,C,5,15,2,3,66.7,1,2,50.0,0,0,0.0,3,2,5,1,2,1,2,0,-6,11,10,6,6,0.0,0.0,0.0,0.0,0.0,0.0,0.0,0.0,1
472,Troy Brown Jr.,Detroit Pistons,SF,30,95,11,30,232.9,2,2,100.0,6,18,206.6,2,16,18,8,6,1,3,0,-31,56,48,38,26,68.0,22.480000000000004,8.080000000000002,3.6799999999999997,185.52,143.68,105.27999999999999,35.120000000000005,8
473,TyTy Washington Jr.,Milwaukee Bucks,G,0,8,0,2,0.0,0,0,0.0,0,1,0.0,0,0,0,1,0,0,0,0,-4,1,0,1,1,0.0,0.0,0.44444444444444453,0.0,0.44444444444444453,0.0,0.44444444444444453,0.44444444444444453,1
474,Tyler Herro,Miami Heat,PG,183,325,71,166,433.4,10,13,333.4,31,80,406.0,3,46,49,50,11,0,13,1,35,282,232,233,99,148.11111111111111,40.94444444444444,28.069444444444443,12.944444444444445,309.7361111111111,207.61111111111111,206.125,113.125,10
475,Tyrese Haliburton,Indiana Pacers,PG,149,335,56,140,376.0,23,26,541.7,14,70,190.6,4,38,42,93,8,8,23,7,-23,284,191,242,135,399.2306238185255,48.14366729678639,137.2797731568998,13.032136105860115,970.4272211720227,521.7485822306238,875.6446124763704,157.68809073724006,10
476,Tyrese Maxey,Philadelphia 76ers,PG,279,376,97,213,457.3,53,56,925.0,32,82,384.7,6,36,42,49,18,9,21,2,-46,370,321,328,91,277.29999999999995,33.2,15.125,15.6,464.225,405.30000000000007,316.62499999999994,67.925,10
477,Tyus Jones,Washington Wizards,PG,91,313,36,84,402.0,4,4,300.0,15,43,360.8,3,22,25,97,4,9,13,2,-70,213,116,188,122,342.30589849108367,43.27160493827161,160.30864197530863,20.777777777777775,776.8079561042524,541.0507544581618,542.2606310013717,239.3827160493827,10
478,Udoka Azubuike,Phoenix Suns,C,2,11,1,3,33.3,0,2,0.0,0,0,0.0,2,4,6,0,1,0,0,0,-3,8,8,2,6,1.7777777777777781,13.444444444444443,0.0,0.0,25.0,25.0,1.7777777777777781,13.444444444444443,1
479,Vasilije Micic,Charlotte Hornets,G,142,298,53,110,470.5,24,27,744.5,12,39,263.3,6,18,24,59,12,10,29,2,-51,225,166,201,83,520.1950059453033,42.47324613555292,60.40071343638525,23.771700356718195,697.218787158145,599.3935790725326,596.5053507728893,124.38882282996435,10
480,Victor Wembanyama,San Antonio Spurs,C,225,317,78,165,461.6,46,59,723.0,23,62,382.0,22,95,117,49,26,15,35,46,30,391,342,274,166,578.456,43.496,47.39999999999999,15.256,1057.8000000000002,806.0,796.2560000000001,124.89599999999999,10
481,Vince Williams Jr.,Memphis Grizzlies,G,127,336,42,92,459.70000000000005,30,38,723.3,13,34,328.8,8,54,62,61,30,12,34,9,-54,250,189,188,123,231.93628808864267,72.8808864265928,35.61495844875347,18.00831024930748,492.2326869806094,474.07479224376726,226.76454293628805,131.82548476454295,10
482,Vit Krejci,Atlanta Hawks,G,20,129,6,19,173.3,4,5,150.0,4,13,125.0,2,5,7,15,11,5,2,3,5,42,27,35,22,16.8,3.6499999999999995,10.05,2.8000000000000003,42.0,31.65,24.449999999999996,16.4,5
483,Walker Kessler,Utah Jazz,C,74,244,33,58,615.9,8,11,400.0,0,3,0.0,30,50,80,10,18,6,11,19,-97,164,154,84,90,158.46694214876032,78.06611570247934,6.020661157024794,0.0,341.78512396694214,343.27685950413223,158.56198347107437,82.5,10
484,Wendell Carter Jr.,Orlando Magic,C,124,273,46,88,526.0,20,29,456.7,12,36,296.7,30,52,82,20,21,6,15,8,49,226,206,144,102,176.60069444444446,102.06944444444446,6.434027777777778,7.684027777777779,386.4027777777777,371.90625,196.44444444444443,103.15625,10
485,Wendell Moore Jr.,Minnesota Timberwolves,G,2,5,1,1,100.0,0,0,0.0,0,0,0.0,0,2,2,0,1,0,0,0,8,4,4,2,2,2.419753086419753,2.777777777777778,0.012345679012345678,0.0,9.679012345679013,10.382716049382717,2.0864197530864197,2.419753086419753,1
486,Wenyen Gabriel,Memphis Grizzlies,F,17,81,8,22,168.3,0,5,0.0,1,6,50.0,7,18,25,3,10,2,8,2,-16,45,42,20,28,36.50617283950617,4.246913580246914,3.2098765432098766,0.8024691358024691,34.55555555555556,45.617283950617285,27.54320987654321,5.3580246913580245,5
487,Wesley Matthews,Atlanta Hawks,SG,36,83,12,23,427.6,2,3,100.0,10,16,465.0,0,11,11,2,4,2,0,4,-14,49,47,38,13,99.0,20.338842975206614,1.4710743801652892,5.743801652892562,178.92561983471074,164.79338842975207,111.74380165289257,23.198347107438014,7
488,Xavier Tillman,Boston Celtics,F,54,191,21,42,526.1,8,14,300.0,4,13,283.3,13,25,38,10,17,10,2,10,1,102,92,64,48,50.68639053254438,33.62130177514793,8.059171597633135,2.437869822485207,150.0,113.75147928994083,81.00591715976331,47.6094674556213,10
489,Yuta Watanabe,Memphis Grizzlies,SF,22,97,10,24,250.0,0,2,0.0,2,12,64.3,0,11,11,5,6,5,4,0,-36,38,33,27,16,115.08000000000001,11.27,3.75,1.4800000000000004,136.28,131.43,116.23000000000002,18.72,7
490,Zach Collins,San Antonio Spurs,PF,102,181,39,75,507.9,17,23,541.7,7,13,516.7,17,31,48,21,26,5,20,9,-31,171,150,123,69,237.85069444444446,78.26736111111111,24.93402777777778,4.350694444444445,519.90625,409.6111111111111,325.44444444444446,125.90277777777777,10
491,Zeke Nnaji,Denver Nuggets,PF,18,100,6,17,350.0,6,8,300.0,0,2,0.0,7,10,17,4,10,2,2,10,-19,39,35,22,21,45.49584487534627,16.196675900277008,7.2077562326869815,0.0,121.2382271468144,87.40997229916897,66.3213296398892,36.40720221606648,10
492,Ziaire Williams,Memphis Grizzlies,F,103,270,39,94,389.0,13,16,421.4,12,46,213.7,6,38,44,20,15,12,15,0,-39,167,147,123,64,552.1,32.4,24.0,17.599999999999998,788.1,632.1,714.1,50.4,10
493,Zion Williamson,New Orleans Pelicans,PF,230,316,91,154,585.0,47,64,715.3,1,3,50.0,19,52,71,54,19,8,26,13,69,355,301,284,125,575.3439999999999,81.256,82.656,0.9359999999999999,581.736,787.784,393.98400000000004,139.224,10
