,First Last Name,team,position,points,minutes,fgm,fga,fgp,ftm,fta,ftp,tpm,tpa,tpp,offReb,defReb,totReb,assists,pFouls,steals,turnovers,blocks,plusMinus,Points_Rebounds_Assist,Points_Rebounds,Points_Assist,Rebounds_Assist,points_deviation,totReb_deviation,assists_deviation,tpm_deviation,Points_Rebounds_Assist_deviation,Points_Rebounds_deviation,Points_Assist_deviation,Rebounds_Assist_deviation,count
0,A. Flagler,Oklahoma City Thunder,F,0,6,0,3,0.0,0,0,0.0,0,3,0.0,0,0,0,1,0,0,0,0,0,1,0,1,1,0.0,0.0,0.0,0.0,0.0,0.0,0.0,0.0,1
1,A.J. Green,Milwaukee Bucks,G,56,151,18,46,381.0,5,6,200.0,15,39,339.3,3,13,16,5,9,4,4,2,-1,77,72,61,21,266.4396433470507,26.703017832647465,4.719478737997257,26.5,417.5836762688615,406.16186556927306,273.34567901234567,35.93827160493827,10
2,A.J. Lawson,Dallas Mavericks,G,26,47,11,24,323.3,2,6,100.0,2,8,100.0,2,7,9,3,5,1,0,1,2,38,35,29,12,48.0,7.4325259515570945,2.3910034602076125,1.7889273356401385,71.87197231833912,62.72664359861592,53.567474048442904,13.401384083044984,7
3,Aaron Gordon,Denver Nuggets,PF,145,328,54,102,574.3,31,46,637.1,6,20,166.6,29,43,72,48,23,4,15,7,48,265,217,193,120,285.2716049382716,71.00327538422776,41.91836734693877,6.400100781053161,405.64852607709753,482.35600907029476,260.84076593600406,60.64499874023683,10
4,Aaron Holiday,Houston Rockets,G,68,163,23,53,357.59999999999997,12,12,400.0,10,27,318.3,5,10,15,25,17,8,3,1,28,108,83,93,40,293.93252595155707,26.534602076124568,23.365051903114185,10.054065743944635,494.4653979238754,466.681660899654,326.3702422145328,45.24567474048443,10
5,Aaron Nesmith,Indiana Pacers,SF,111,296,41,96,443.9,12,12,500.0,17,52,330.3,12,25,37,19,37,4,6,7,53,167,148,130,56,91.24494649227111,13.0,15.130202140309157,8.186682520808562,99.68192627824016,79.62425683709868,100.9922711058264,38.440546967895365,10
6,Aaron Wiggins,Oklahoma City Thunder,SG,81,192,31,58,551.1,11,13,330.0,8,15,341.7,9,15,24,17,13,10,13,5,-7,122,105,98,41,282.92899408284023,16.485207100591715,17.762130177514795,12.0,420.28402366863907,408.7136094674556,306.85207100591714,21.89467455621302,10
7,Admiral Schofield,Orlando Magic,SF,8,18,3,6,116.7,0,0,0.0,2,4,150.0,0,4,4,1,1,1,0,0,-20,13,12,9,5,15.666666666666664,0.8367346938775508,0.693877551020408,0.836734693877551,22.0,18.598639455782312,17.598639455782312,3.0000000000000004,3
8,Al Horford,Boston Celtics,C,136,303,52,89,653.4,6,6,300.0,26,51,557.6,16,43,59,26,15,8,10,8,109,221,195,162,85,365.2313263920326,74.92394748755093,9.188773200543233,28.631054775916706,309.47713897691267,341.233589859665,348.0,69.58759619737438,10
9,Alec Burks,New York Knicks,SG,63,128,21,69,238.4,11,15,371.4,10,37,224.2,2,15,17,8,2,5,4,0,-7,88,80,71,25,326.9948224852071,23.562869822485204,4.0,9.630917159763312,574.4289940828403,511.0443786982249,377.22559171597635,40.71671597633136,10
10,Aleksej Pokusevski,Charlotte Hornets,F,71,214,24,62,430.5,16,22,441.7,7,27,249.89999999999998,12,33,45,20,11,11,8,6,-84,136,116,91,65,99.26888756692445,15.929208804283164,14.380725758477098,2.1171921475312314,175.63117192147533,137.19571683521713,128.22903033908386,39.78524687685901,10
11,Alex Caruso,Chicago Bulls,SG,123,327,42,93,457.2,10,12,350.0,29,59,480.3,7,36,43,47,26,22,19,6,-34,213,166,170,90,234.76331360946745,22.100591715976332,14.744378698224851,32.82248520710059,339.95147928994083,270.9207100591716,288.03313609467455,52.60591715976331,10
12,Alex Len,Sacramento Kings,C,32,116,12,14,566.7,8,9,450.0,0,0,0.0,8,24,32,13,18,1,5,12,30,77,64,45,45,67.88309397833207,32.27765180146133,17.308390022675734,0.0,162.77777777777777,145.10204081632654,89.1612496850592,45.98362307886118,10
13,Alondes Williams,Miami Heat,G,0,6,0,1,0.0,0,0,0.0,0,1,0.0,0,1,1,0,0,0,1,0,-2,1,1,0,1,1.44,0.81,0.0,0.0,0.09000000000000002,0.09000000000000002,1.44,0.81,1
14,Alperen Sengun,Houston Rockets,C,209,324,81,157,512.7,43,68,622.9,4,12,200.0,39,68,107,45,36,16,26,7,2,361,316,254,152,847.1723356009071,197.81632653061226,123.77551020408163,4.408163265306122,1935.0226757369614,1622.4580498866212,993.7777777777778,487.5510204081633,10
15,Amari Bailey,Charlotte Hornets,G,2,6,1,3,33.3,0,0,0.0,0,2,0.0,0,0,0,1,0,1,0,0,7,3,2,3,1,2.5600000000000005,0.0,0.5625,0.0,5.522500000000001,2.5600000000000005,5.522500000000001,0.5625,1
16,Amen Thompson,Houston Rockets,F,142,296,57,107,514.2,28,40,579.7,0,5,0.0,42,52,94,28,24,13,14,3,34,264,236,170,122,484.9724847721067,94.0,33.76265490443184,0.03360638521319051,909.7903801722327,833.1174123083385,491.06574249107325,198.34236504935936,10
17,Amir Coffey,LA Clippers,SG,55,235,20,47,436.7,5,7,216.7,10,27,326.7,5,18,23,15,15,6,7,3,-3,93,78,70,38,137.7889660493827,44.18402777777778,10.51736111111111,10.434027777777777,174.26118827160496,152.85956790123458,180.26697530864197,33.625,10
18,Andre Drummond,Chicago Bulls,C,102,176,38,64,628.1,26,36,634.2,0,0,0.0,36,66,102,6,16,5,6,6,44,210,204,108,108,102.62018266874583,102.19915348629985,8.46023613276899,0.0,298.1189574515482,251.58298061929162,149.17620850969035,110.63934061038093,10
19,Andre Jr. Jackson,Milwaukee Bucks,G,10,76,4,12,333.3,0,0,0.0,2,5,200.0,4,10,14,10,7,3,3,1,-15,34,24,20,24,15.06371191135734,6.310249307479223,8.445983379501385,1.6565096952908587,39.37119113573407,31.41274238227147,24.06925207756233,13.709141274238226,7
20,Andrew Nembhard,Indiana Pacers,PG,107,290,44,81,531.8,7,9,350.0,12,29,391.6,4,17,21,35,24,8,8,0,49,163,128,142,56,166.48229004232567,31.491869013143237,19.347070617063935,5.600801960347516,355.4268211182892,317.5255067943863,193.96747605257295,61.25506794386277,10
21,Andrew Wiggins,Golden State Warriors,SF,149,279,54,124,423.7,24,31,556.4,17,44,350.0,19,43,62,18,14,6,14,8,52,229,211,167,80,465.198347107438,37.83471074380165,51.60146923783287,16.12350780532599,799.2240587695134,567.0661157024794,660.4416896235078,126.3507805325987,10
22,Anfernee Simons,Portland Trail Blazers,SG,234,361,80,177,436.7,36,39,757.1,38,94,405.4,4,33,37,64,19,7,30,1,-38,335,271,298,101,935.5240670632775,28.301243915630067,125.20497566252028,19.635478637101134,1764.6960519199567,1205.978907517577,1461.0362358031368,186.71119524067063,10
23,Anthony Black,Orlando Magic,G,44,174,15,42,382.6,6,13,183.3,8,19,275.0,6,19,25,8,9,6,8,2,0,77,69,52,33,109.82248520710058,69.33399079552926,3.66732412886259,10.745562130177515,288.8224852071006,252.14266929651544,140.50361604207757,79.0,10
24,Anthony Davis,Los Angeles Lakers,PF,249,355,95,172,569.6,51,60,781.5,8,25,270.8,32,114,146,25,19,10,27,18,92,420,395,274,171,634.1111111111111,247.80277777777775,28.67777777777778,7.825000000000001,1536.6694444444443,1527.725,632.5,287.0361111111111,10
25,Anthony Edwards,Minnesota Timberwolves,SG,237,354,87,193,439.0,42,55,670.9,21,67,350.6,10,60,70,58,10,14,29,6,46,365,307,295,128,495.1038093116506,109.74649142347963,26.639340610380934,37.05346402316775,750.6538204499888,629.115393183337,613.9476498106483,139.0804188015148,10
26,Anthony Gill,Washington Wizards,PF,82,189,34,71,427.6,9,11,260.0,5,20,175.0,16,21,37,15,26,4,7,0,-42,134,119,97,52,332.0760330578512,81.80330578512397,22.904132231404954,4.6396694214876035,679.7586776859505,645.4,363.0760330578513,108.06611570247932,10
27,Ashton Hagans,Portland Trail Blazers,G,51,194,17,43,297.7,10,11,450.0,7,18,266.7,8,22,30,36,23,8,23,4,-5,117,81,87,66,185.47067901234567,25.304012345679013,41.069444444444436,8.396604938271606,420.56944444444446,284.5,297.80864197530866,90.10493827160494,10
28,Ausar Thompson,Detroit Pistons,F,103,314,42,87,508.0,11,25,325.0,8,29,195.3,15,44,59,21,26,17,14,11,-6,183,162,124,80,121.7,31.399999999999995,24.125,8.5,347.72499999999997,237.7,200.02499999999998,87.225,10
29,Austin Reaves,Los Angeles Lakers,SG,155,346,52,126,400.4,37,41,850.0,14,59,206.2,11,53,64,63,15,5,19,8,72,282,219,218,127,414.03185564713743,154.36622855869905,62.10269547783471,17.319224771664068,1090.7378035197148,822.151258632212,638.7253285809758,260.3619959901983,10
30,Ayo Dosunmu,Chicago Bulls,SG,186,366,74,135,534.8,19,20,666.7,19,46,373.7,6,20,26,46,25,10,15,2,-15,258,212,232,72,782.7520605925596,6.887948318110937,76.47493873914011,25.318110937848072,956.8407217643128,735.5255067943863,1016.8848295834262,70.54533303631098,10
31,Bam Adebayo,Miami Heat,C,185,321,75,124,620.6,26,37,674.9,9,16,550.0,23,93,116,38,13,14,21,9,33,339,301,223,154,153.48319448434358,77.59551852915828,55.62252226371732,5.740017236426313,392.6437805228383,211.24705544383798,316.8081011203677,151.28985923585176,10
32,Ben Sheppard,Indiana Pacers,G,55,186,20,50,383.3,7,7,400.0,8,32,215.2,2,12,14,16,18,7,5,0,4,85,69,71,30,110.150390625,18.83837890625,13.97509765625,3.60791015625,206.025390625,167.28759765625,157.35009765625,24.3515625,10
33,Ben Simmons,Brooklyn Nets,PG,53,168,24,38,521.1,5,11,150.0,0,0,0.0,15,39,54,46,20,9,12,4,-5,153,107,99,100,134.88888888888889,64.0,78.88888888888889,0.0,382.0,162.8888888888889,300.0,196.88888888888889,9
34,Bennedict Mathurin,Indiana Pacers,SG,139,275,44,115,340.3,35,45,614.5,16,44,245.0,10,33,43,23,24,7,17,4,-18,205,182,162,66,753.4765625,123.6015625,38.125,30.4140625,1418.90625,1097.65625,970.9140625,265.5390625,10
35,Bilal Coulibaly,Washington Wizards,SG,90,289,30,76,451.5,19,27,633.3,11,39,238.3,9,30,39,18,22,12,8,7,-98,147,129,108,57,127.37777777777777,38.5,16.0,13.177777777777775,337.8777777777778,291.7444444444444,166.31111111111107,61.699999999999996,10
36,Bismack Biyombo,Oklahoma City Thunder,C,4,36,1,4,33.3,2,4,100.0,0,0,0.0,3,2,5,2,6,1,4,1,3,11,9,6,7,5.25,5.953125,1.578125,0.0,34.0,21.078125,12.453125,13.25,5
37,Blake Wesley,San Antonio Spurs,G,33,143,10,33,278.6,10,16,425.0,3,9,150.0,4,15,19,24,13,4,8,2,-9,76,52,57,43,118.06700273051881,18.90926275992438,31.755093467758876,4.101029195547155,180.72421760134426,127.10607015332913,177.10922075194287,45.24028565427432,10
38,Boban Marjanovic,Houston Rockets,C,3,7,1,1,100.0,1,2,50.0,0,0,0.0,0,3,3,0,0,0,1,0,-3,6,6,3,3,1.1211072664359862,4.996539792387543,0.0034602076124567475,0.0,10.467128027681662,10.85121107266436,1.0,4.7370242214532885,1
39,Bobby Portis,Milwaukee Bucks,F,149,254,65,127,499.0,6,9,300.0,13,28,343.4,21,63,84,14,21,12,15,6,24,247,233,163,98,545.125,136.50634765625,12.40087890625,26.10009765625,862.7890625,894.74072265625,536.35400390625,125.7265625,10
40,Bogdan Bogdanovic,Atlanta Hawks,SG,186,342,66,143,479.4,25,28,456.7,29,70,480.7,10,34,44,40,21,9,14,4,50,270,230,226,84,620.7100591715975,54.59171597633136,28.02130177514793,11.0,1028.3999999999999,989.3136094674556,645.6686390532544,96.74082840236687,10
41,Bojan Bogdanovic,New York Knicks,SF,87,153,35,74,458.8,5,8,175.0,12,34,320.3,4,15,19,8,9,0,14,0,0,114,106,95,27,305.8596623834719,28.946586041824133,8.294280675233056,14.122448979591836,397.04308390022675,383.8075081884606,325.1355505165029,31.20055429579239,10
42,Bol Bol,Phoenix Suns,C,56,117,19,32,439.2,8,9,375.0,10,16,375.0,4,26,30,6,10,2,6,7,25,92,86,62,36,282.882558452029,24.68798710024187,4.456866433754367,12.217683418435904,485.25288900833107,448.72292394517603,311.80811609782313,36.74926095135716,10
43,Bones Hyland,LA Clippers,PG,67,155,25,61,418.1,4,6,200.0,13,37,313.8,1,18,19,30,15,10,14,1,-4,116,86,97,49,327.030612244898,16.111111111111114,92.26757369614512,21.530612244897956,882.9897959183675,465.5702947845804,677.0532879818593,175.7755102040816,10
44,Bradley Beal,Phoenix Suns,SG,114,336,45,95,469.8,8,10,233.3,16,38,377.8,12,36,48,68,17,10,25,7,31,230,162,182,116,264.02267573696145,43.225497606449984,60.45301083396321,10.775006298815823,215.69614512471665,238.89140841521794,267.2723607961703,77.23356009070294,10
45,Brandin Podziemski,Golden State Warriors,G,59,242,25,60,394.7,2,3,100.0,7,23,233.3,19,40,59,24,18,8,9,1,4,142,118,83,83,174.62948960302458,80.90758244066373,32.51627809283764,10.834488552825038,472.4217601344255,376.25414828817475,235.44318420499894,148.7777777777778,10
46,Brandon Boston Jr.,LA Clippers,SG,56,129,22,50,466.6,8,15,366.7,4,16,133.3,4,16,20,2,18,2,4,5,-29,78,76,58,22,88.625,28.9,1.6062499999999997,4.4,175.10625,157.425,96.15625,40.65625,10
47,Brandon Clarke,Memphis Grizzlies,PF,48,84,23,38,237.9,1,5,50.0,1,4,100.0,10,13,23,7,6,3,1,5,25,78,71,55,30,51.77777777777777,6.937777777777779,6.937777777777777,0.7511111111111113,87.84,77.8711111111111,65.8711111111111,9.751111111111113,4
48,Brandon Ingram,New Orleans Pelicans,SF,180,306,68,138,496.2,36,43,724.5,8,27,260.0,6,50,56,54,24,6,19,7,49,290,236,234,110,670.2437673130194,25.364265927977836,44.40443213296399,6.5318559556786715,720.3393351800554,826.6662049861496,558.8476454293628,74.83795013850416,10
49,Brandon Miller,Charlotte Hornets,F,183,325,67,160,415.7,20,26,605.0,29,81,320.0,8,37,45,18,25,6,16,6,-96,246,228,201,63,460.8367346938776,44.606449987402364,14.444444444444446,36.90123456790123,764.6434870244394,707.0032753842278,499.37641723356006,78.15142353237592,10
50,Brandon Williams,Dallas Mavericks,G,7,24,2,9,83.3,3,4,100.0,0,2,0.0,1,1,2,4,1,0,1,0,-12,13,9,11,6,18.22448979591837,3.183673469387756,4.081632653061224,0.0,30.46938775510204,15.448979591836734,29.0,11.510204081632653,4
51,Braxton Key,Denver Nuggets,F,2,6,1,1,100.0,0,1,0.0,0,0,0.0,1,1,2,0,1,0,0,0,2,4,4,2,2,0.6173469387755104,1.0,0.12755102040816327,0.12755102040816327,2.040816326530612,3.1887755102040813,0.18367346938775514,0.4132653061224489,1
52,Brice Sensabaugh,Utah Jazz,F,90,227,31,91,318.8,12,15,313.3,16,55,270.0,7,38,45,29,13,7,23,2,-109,164,135,119,74,606.51416015625,56.84619140625,24.37744140625,43.97509765625,806.13525390625,721.869140625,662.056640625,109.947265625,10
53,Brook Lopez,Milwaukee Bucks,C,128,294,46,83,566.3,14,17,400.1,22,49,461.4,12,38,50,18,28,5,16,14,8,196,178,146,68,341.210427304488,60.067186240257996,25.66191883902177,25.70330556302069,631.4184359043268,594.8847084117174,371.61515721580224,91.85810266057511,10
54,Bruce Brown,Toronto Raptors,SF,107,277,42,80,506.7,15,21,533.3,8,17,341.7,9,25,34,37,20,10,20,1,-117,178,141,144,71,201.03559985760057,43.077963688145246,40.16767532929868,9.668921324314704,454.5873976504094,269.5909576361695,370.0,99.27767888928445,10
55,Bruno Fernando,Atlanta Hawks,PF,84,194,34,51,604.7,16,23,508.4,0,1,0.0,18,31,49,21,35,9,15,7,-9,154,133,105,70,443.621227887617,45.859001040582726,12.123309053069718,0.0,498.01664932362115,537.8048907388137,437.14932362122784,24.665972944849116,10
56,Bryce McGowens,Charlotte Hornets,G,41,140,13,33,249.89999999999998,12,16,391.7,3,12,90.0,1,19,20,6,14,5,3,4,-16,67,61,47,26,211.63667820069205,26.186851211072664,6.754325259515571,4.188581314878893,359.3114186851211,344.7301038062284,227.7820069204152,31.377162629757787,10
57,Buddy Boeheim,Detroit Pistons,F,19,40,6,14,83.3,2,2,100.0,5,13,76.19999999999999,0,6,6,3,3,0,0,1,12,28,25,22,9,69.39909297052154,4.081632653061225,6.224489795918369,4.183673469387755,150.6848072562358,100.55555555555559,114.22222222222224,15.612244897959185,2
58,Buddy Hield,Philadelphia 76ers,SG,89,206,33,76,422.0,8,8,500.0,15,47,334.8,11,16,27,13,15,5,9,4,-39,129,116,102,40,189.23130331283474,18.110493949613172,23.169410831184287,15.0,349.40587185082325,241.70997817893274,276.44554651854787,61.7615552469748,10
59,CJ McCollum,New Orleans Pelicans,SG,240,373,88,195,458.4,22,23,475.0,42,96,436.7,6,37,43,60,19,9,19,2,35,343,283,300,103,542.5907774560035,72.13744709289374,43.229672532858096,20.396079304967696,901.9075517932724,799.3497438182222,653.8516373357096,106.66406772109602,10
60,Cade Cunningham,Detroit Pistons,PG,241,313,92,212,430.3,40,44,808.3,17,55,297.1,9,44,53,75,18,11,31,2,-38,369,294,316,128,702.373472159348,53.42462652784065,52.55545495699411,12.217745586238117,842.2865550022635,783.9945676776822,690.806699864192,175.83884110457223,10
61,Caleb Houstan,Orlando Magic,G,46,161,15,36,368.3,2,2,100.0,14,34,360.0,6,10,16,4,15,3,2,2,26,66,62,50,20,93.43842950624628,30.609161213563358,2.8197501487209995,10.573468173706127,194.1368233194527,174.0,101.71683521713265,45.28732897085069,10
62,Caleb Martin,Miami Heat,SF,83,266,31,88,339.9,12,15,541.7,9,46,236.7,9,30,39,27,14,9,15,4,9,149,122,110,66,249.93881068658433,59.53777650100545,40.400746911806955,5.4550416546969265,581.3068083883942,428.2424590634875,388.0258546394714,114.91582878483194,10
63,Cam Reddish,Los Angeles Lakers,SF,30,155,9,28,213.3,6,12,141.7,6,17,216.6,7,6,13,1,8,5,2,6,-16,44,43,31,14,125.43617998163452,21.0,0.9485766758494032,5.281910009182737,130.38934802571166,117.89072543617998,140.1166207529844,19.766758494031222,10
64,Cam Thomas,Brooklyn Nets,SG,263,363,89,197,448.6,64,71,916.2,21,67,276.6,5,37,42,38,22,5,21,3,-53,343,305,301,80,316.2835909631391,55.607609988109395,35.6385255648038,24.900118906064208,403.3156956004756,273.475029726516,465.35850178359095,72.01189060642093,10
65,Cam Whitmore,Houston Rockets,F,130,209,50,117,409.9,16,25,371.7,14,49,261.2,19,26,45,5,9,8,12,3,0,180,175,135,50,201.36351165980798,69.27160493827161,2.5857338820301785,14.458161865569275,313.8079561042524,319.7873799725651,200.89849108367625,66.3429355281207,10
66,Cameron Johnson,Brooklyn Nets,SF,113,254,37,93,406.4,18,22,625.0,21,58,365.6,6,32,38,18,14,9,10,3,-51,169,151,131,56,209.125,34.731404958677686,14.096074380165291,11.59504132231405,495.6735537190083,357.4473140495868,312.6528925619835,83.52582644628099,10
67,Cameron Payne,Philadelphia 76ers,PG,105,194,40,86,536.4,2,2,100.0,23,47,446.6,5,17,22,32,19,8,13,2,-25,159,127,137,54,519.2377651753833,92.69187145557655,20.4234404536862,31.952741020793944,820.2446964923336,718.7777777777777,569.6082755723587,164.2117202268431,10
68,Caris LeVert,Cleveland Cavaliers,SG,141,319,48,108,435.8,33,42,600.9,12,41,313.4,6,43,49,63,22,17,30,9,-33,253,190,204,112,614.9994960947341,31.090702947845806,118.75308641975309,5.63265306122449,1140.2617787855881,775.0818846056941,922.2852103804485,207.7379692617788,10
69,Cason Wallace,Oklahoma City Thunder,G,77,222,30,66,482.5,6,8,200.0,11,29,374.3,7,18,25,17,15,14,8,3,-5,119,102,94,42,156.60000000000002,12.518367346938776,28.346938775510207,19.193877551020407,277.8,198.5469387755102,236.7183673469388,40.0,10
70,Cedi Osman,San Antonio Spurs,SF,70,175,27,53,472.5,1,2,50.0,15,32,373.7,2,23,25,12,17,3,5,2,-40,107,95,82,37,235.5479709755442,36.55442085460898,29.97420048374093,16.58129535071217,418.8495028218221,316.6828809459823,296.0,108.24321418973393,10
71,Charlie Brown Jr.,New York Knicks,G,3,27,1,5,20.0,0,0,0.0,1,3,33.3,1,1,2,0,4,0,0,1,-6,5,5,3,2,6.12,2.7200000000000006,0.0,0.6800000000000002,17.0,17.0,6.12,2.7200000000000006,2
72,Chet Holmgren,Oklahoma City Thunder,PF,157,276,56,115,424.2,35,41,683.3,10,41,203.4,12,68,80,13,24,5,18,16,34,250,237,170,93,894.2,85.10408163265306,16.06122448979592,11.079591836734695,1534.1,1408.4183673469388,992.9469387755103,128.10000000000002,10
73,Chimezie Metu,Detroit Pistons,PF,72,211,27,59,372.4,16,17,587.5,2,19,66.6,10,30,40,16,23,13,11,7,-16,128,112,88,56,218.03067932797663,41.49598246895544,12.841490138787437,1.50036523009496,406.6471877282688,412.68955441928415,219.74433893352813,46.581446311176045,8
74,Chimezie Metu,Phoenix Suns,PF,4,15,2,4,50.0,0,0,0.0,0,0,0.0,1,3,4,1,1,2,3,0,-7,9,8,5,5,72.42658875091307,15.184806428049672,3.2644265887509127,0.11833455076698321,201.9320672023375,153.90211833455078,106.38203067932795,32.523739956172385,2
75,Chris Boucher,Toronto Raptors,PF,69,120,25,35,573.3,15,18,500.0,4,12,216.7,13,27,40,5,11,1,9,5,7,114,109,74,45,142.20987654320987,47.580246913580254,5.913580246913581,4.0246913580246915,410.0,329.0246913580247,192.69135802469134,83.98765432098766,8
76,Chris Duarte,Sacramento Kings,SG,45,120,16,42,369.2,4,4,200.0,9,28,306.0,6,10,16,5,6,5,4,3,-27,66,61,50,21,156.89999999999998,20.53611111111111,6.511111111111111,6.902777777777779,311.625,245.90277777777777,202.54444444444448,47.12499999999999,10
77,Chris Livingston,Milwaukee Bucks,F,0,6,0,2,0.0,0,0,0.0,0,2,0.0,0,1,1,1,4,0,1,0,-10,2,1,1,2,1.0,0.390625,0.765625,0.0,0.25,0.140625,0.015625,2.25,1
78,Chris Paul,Golden State Warriors,PG,90,226,38,77,452.2,1,2,50.0,13,28,440.0,3,34,37,58,17,6,15,0,3,185,127,148,95,194.95537190082644,32.6,111.81157024793387,6.16694214876033,447.61157024793386,276.6462809917355,337.6661157024793,172.66611570247932,10
79,Christian Braun,Denver Nuggets,G,80,238,31,71,405.0,9,14,325.0,9,24,374.9,15,30,45,23,18,5,7,3,-15,148,125,103,68,295.69550173010384,52.446366782006926,54.098615916955005,2.9381487889273354,648.5,467.7750865051903,447.4757785467128,135.48961937716263,10
80,Christian Wood,Los Angeles Lakers,F,59,133,22,51,477.0,11,14,450.0,4,19,225.0,6,28,34,6,12,5,5,2,-14,99,93,65,40,153.90277777777777,54.402777777777786,4.625,2.4444444444444446,305.125,285.0,156.7777777777778,76.27777777777777,10
81,Chuma Okeke,Orlando Magic,PF,2,40,0,6,0.0,2,2,100.0,0,5,0.0,0,5,5,2,2,2,3,0,-23,9,7,4,7,3.579081632653062,2.9770408163265305,1.4770408163265305,0.007653061224489796,7.5688775510204085,6.846938775510203,3.346938775510204,5.408163265306121,6
82,Clint Capela,Atlanta Hawks,C,125,265,55,92,622.0,15,28,402.9,0,1,0.0,43,69,112,17,15,8,11,19,93,254,237,142,129,31.66465104560343,49.60040312421265,10.10909549004787,0.0,139.32879818594105,101.22171831695641,56.5679012345679,72.91332829428067,10
83,Coby White,Chicago Bulls,PG,167,359,59,159,377.2,28,32,776.7,21,65,335.1,8,33,41,43,26,4,18,2,-43,251,208,210,84,176.0245639017444,23.437878248487007,87.39587041651833,10.144891420434318,329.03417586329664,224.1943752224991,279.75008899964405,111.94802420790315,10
84,Cody Martin,Charlotte Hornets,SF,69,285,28,76,367.2,6,7,250.0,7,30,228.2,6,44,50,42,15,11,20,7,-28,161,119,111,92,111.0,28.18685121107267,64.68512110726644,2.6816608996539792,183.02076124567472,112.9515570934256,173.33217993079583,100.60899653979239,10
85,Cody Zeller,New Orleans Pelicans,C,7,31,3,6,200.0,1,2,50.0,0,0,0.0,5,10,15,3,5,2,3,0,14,25,22,10,18,3.2091836734693877,5.25,3.494897959183673,0.0,19.08673469387755,12.673469387755102,6.408163265306122,11.959183673469386,5
86,Colby Jones,Sacramento Kings,G,6,25,3,10,116.6,0,0,0.0,0,2,0.0,3,4,7,5,4,0,1,0,-3,18,13,11,12,3.7511111111111113,5.8711111111111105,2.617777777777778,0.0,27.0,15.684444444444443,9.737777777777778,13.817777777777774,4
87,Cole Anthony,Orlando Magic,PG,128,218,49,100,471.4,7,9,350.0,23,49,436.9,9,35,44,26,9,7,11,5,70,198,172,154,70,422.5728239011778,31.012352772191903,44.40563056592933,27.17178971559897,759.4857799482907,616.822177535191,539.918988796323,100.73542085607583,10
88,Cole Swider,Miami Heat,F,19,44,6,16,104.7,2,2,100.0,5,13,116.7,0,5,5,1,1,0,4,0,-18,25,24,20,6,137.60000000000002,2.2,0.9124999999999999,12.199999999999998,164.0125,167.0,134.3125,3.4124999999999996,5
89,Colin Castleton,Los Angeles Lakers,C,0,12,0,2,0.0,0,0,0.0,0,0,0.0,0,1,1,0,3,1,2,0,-16,1,1,0,1,0.020000000000000004,0.6800000000000002,0.0,0.0,0.58,0.58,0.020000000000000004,0.6800000000000002,2
90,Collin Gillespie,Denver Nuggets,G,53,125,19,43,306.4,4,7,200.0,11,25,283.3,0,15,15,18,12,7,9,0,24,86,68,71,33,240.98573127229488,12.9833531510107,37.600475624256845,15.451843043995245,401.7074910820452,279.602853745541,336.38168846611177,77.29250891795482,8
91,Collin Sexton,Utah Jazz,PG,227,342,88,165,535.0,36,43,876.6,15,42,302.4,10,18,28,63,21,8,31,3,-100,318,255,290,91,101.30204528853179,25.614317019722424,52.22279035792549,22.967494521548577,214.09386413440467,171.07414170927683,141.2056245434624,80.95325054784514,10
92,Corey Kispert,Washington Wizards,SF,167,357,63,123,511.9,13,24,358.3,28,69,420.90000000000003,5,34,39,15,23,7,17,1,-54,221,206,182,54,346.70085300535607,110.03312834755012,14.97659194604245,19.645705217218808,640.2969648879191,659.6913310851022,321.7762348740329,130.5399722277326,10
93,Cory Joseph,Golden State Warriors,PG,27,71,10,16,316.7,0,0,0.0,7,11,316.7,2,9,11,6,6,0,1,0,9,44,38,33,17,31.2,10.8,2.8000000000000003,3.2,28.8,47.2,21.2,5.2,5
94,Craig Jr. Porter,Cleveland Cavaliers,G,64,136,27,52,425.3,5,6,300.0,5,12,175.0,6,17,23,24,4,3,8,2,-29,111,87,88,47,343.30625,40.1,18.799999999999997,9.399999999999999,668.70625,551.50625,446.90625,72.5,10
95,D'Angelo Russell,Los Angeles Lakers,PG,189,357,62,155,392.9,26,29,600.0,39,96,378.7,4,33,37,68,18,14,26,3,48,294,226,257,105,610.4856221445848,28.10024187046493,125.67266863746305,40.90217683418436,1180.168771835528,716.100510615426,1039.7454985219026,188.58129535071217,10
96,D.J. Carton,Toronto Raptors,G,8,31,2,7,83.3,3,4,150.0,1,4,50.0,2,1,3,3,1,1,1,0,-30,14,11,11,6,8.666666666666668,2.0,2.0,0.6666666666666667,8.666666666666666,2.6666666666666665,18.666666666666668,0.0,3
97,D.J. Wilson,Philadelphia 76ers,F,10,14,4,6,66.7,0,0,0.0,2,2,100.0,1,1,2,2,1,0,0,2,4,14,12,12,4,19.75308641975309,0.7901234567901234,0.7901234567901234,0.7901234567901234,38.71604938271605,28.444444444444443,28.444444444444443,3.1604938271604937,1
98,DaQuan Jeffries,New York Knicks,SG,0,7,0,2,0.0,0,0,0.0,0,2,0.0,0,0,0,3,0,0,1,0,7,3,0,3,3,0.4982698961937717,0.0,5.262975778546712,0.05536332179930796,2.5224913494809686,0.4982698961937717,2.5224913494809686,5.262975778546712,1
99,Daishen Nix,Minnesota Timberwolves,SG,5,12,2,5,66.7,0,0,0.0,1,3,50.0,0,1,1,3,1,2,1,0,13,9,6,8,4,14.283950617283953,0.654320987654321,5.246913580246914,0.5555555555555556,7.222222222222223,10.987654320987655,6.839506172839505,9.580246913580247,2
100,Dalano Banton,Portland Trail Blazers,G,191,335,72,167,431.3,24,28,800.0,23,68,335.6,9,43,52,39,13,13,28,7,-125,282,243,230,91,668.7560553633218,72.04152249134947,72.75129757785467,21.185121107266433,1340.4692906574396,913.2543252595156,1079.4381487889275,161.3256920415225,10
101,Dalen Terry,Chicago Bulls,F,37,146,16,34,317.8,2,4,100.0,3,14,158.3,8,19,27,19,13,5,6,3,27,83,64,56,46,136.325,42.56944444444444,24.944444444444446,2.102777777777778,325.97777777777776,265.7444444444444,160.86944444444444,103.20277777777777,10
102,Damian Jones,Cleveland Cavaliers,C,59,124,23,38,577.9,13,15,650.0,0,6,0.0,14,24,38,4,14,4,7,7,-35,101,97,63,42,174.95918367346937,75.2,2.43265306122449,0.0,346.8367346938776,330.95918367346945,174.83673469387756,93.63265306122447,10
103,Damian Lillard,Milwaukee Bucks,PG,238,369,82,186,434.9,38,43,888.0,36,90,399.3,4,43,47,90,21,6,20,3,36,375,285,328,137,693.2303310786757,14.911712353150586,93.20897116411534,33.179779280882876,1090.1463154147382,707.2427910288359,1087.2958348166608,96.95870416518335,10
104,Daniel Gafford,Dallas Mavericks,C,119,249,54,72,746.7,11,17,291.7,0,0,0.0,26,50,76,25,32,10,11,23,97,220,195,144,101,294.90087890625,98.8515625,28.4140625,0.0,680.54931640625,572.91259765625,406.39697265625,123.40625,10
105,Daniel Theis,LA Clippers,C,41,144,17,37,385.8,3,3,200.0,4,9,300.0,12,24,36,12,17,1,6,8,11,89,77,53,48,134.9341940857976,20.783840066638902,9.71261974177426,4.408163265306122,220.57101207830073,196.28529779258642,167.20408163265307,22.51228654727197,10
106,Danilo Gallinari,Milwaukee Bucks,PF,25,94,8,18,400.0,7,9,275.0,2,10,200.0,3,7,10,8,8,3,4,1,-34,43,35,33,18,51.619140625,4.0390625,9.6015625,2.025390625,70.541015625,50.712890625,65.431640625,19.65625,10
107,Dante Exum,Dallas Mavericks,G,73,208,25,49,479.1,8,9,366.7,15,23,556.7,2,16,18,28,17,2,12,0,25,119,91,101,46,205.82544378698225,9.607248520710058,19.71597633136095,14.592455621301776,195.36168639053255,190.40902366863904,207.6360946745562,32.46523668639053,10
108,Danuel House Jr.,Philadelphia 76ers,SF,42,143,14,30,276.3,13,15,466.7,1,11,33.3,6,11,17,7,16,7,3,3,-26,66,59,49,24,42.0,11.714285714285715,8.0,0.8571428571428572,41.714285714285715,51.714285714285715,40.0,11.714285714285715,7
109,Dario Saric,Golden State Warriors,PF,28,107,12,33,298.3,2,3,100.0,2,17,83.3,6,15,21,18,5,0,13,0,-31,67,49,46,39,52.0,27.193877551020407,15.673469387755102,2.1224489795918364,146.1326530612245,98.90816326530613,72.53061224489795,69.56122448979592,10
110,Darius Garland,Cleveland Cavaliers,PG,132,340,52,136,382.0,12,15,700.0,16,60,241.1,8,22,30,80,20,8,28,1,-5,242,162,212,110,234.7846648301194,24.009182736455465,84.04958677685951,23.276859504132233,360.21900826446284,233.65702479338847,340.9609733700642,128.44444444444443,10
111,David Roddy,Phoenix Suns,F,61,130,25,53,522.0,6,10,241.7,5,20,143.3,4,15,19,11,5,1,10,0,-72,91,80,72,30,443.76077097505674,53.03061224489796,19.489795918367346,9.316326530612244,856.328798185941,679.8049886621316,601.5294784580499,91.27551020408164,10
112,Davion Mitchell,Sacramento Kings,PG,80,193,32,59,493.0,4,8,125.0,12,23,398.8,7,13,20,18,8,5,5,0,10,118,100,98,38,283.06944444444446,23.205632716049383,13.71141975308642,18.118827160493826,409.0574845679012,381.2704475308642,292.12345679012344,55.65007716049383,10
113,Davis Bertans,Charlotte Hornets,SF,76,224,24,63,333.4,10,10,400.0,18,52,304.7,0,12,12,11,17,10,6,3,-115,99,88,87,23,286.42975206611567,8.446280991735536,13.337190082644629,23.86776859504132,372.90743801652894,348.1586776859504,308.79504132231403,24.16694214876033,10
114,Day'Ron Sharpe,Brooklyn Nets,C,62,131,26,47,645.1,10,17,308.3,0,2,0.0,27,29,56,10,22,2,16,5,6,128,118,72,66,119.60016659725115,218.4881299458559,10.599750104123283,0.037484381507705125,456.7755102040816,375.69596001665974,160.21990837151185,269.5476884631404,10
115,De'Aaron Fox,Sacramento Kings,PG,236,362,83,202,419.7,39,45,777.2,31,85,373.6,12,47,59,61,26,27,27,7,49,356,295,297,120,144.92244897959185,26.075510204081635,83.0,24.33061224489796,314.4020408163266,250.63061224489797,213.1795918367347,104.58979591836734,10
116,De'Andre Hunter,Atlanta Hawks,SF,166,320,61,137,438.3,21,27,623.3,23,69,327.7,6,42,48,23,19,4,16,2,41,237,214,189,71,408.47119140625,131.587890625,16.4765625,20.1015625,769.58056640625,765.96728515625,410.17041015625,149.978515625,10
117,De'Anthony Melton,Philadelphia 76ers,SG,23,43,7,20,75.0,4,4,200.0,5,14,75.0,0,5,5,5,3,2,1,1,-2,33,28,28,10,128.66666666666666,2.666666666666667,2.666666666666667,8.666666666666666,206.0,164.66666666666669,164.66666666666669,10.666666666666668,3
118,DeAndre Jordan,Denver Nuggets,C,36,95,16,28,411.8,4,4,200.0,0,0,0.0,12,27,39,7,11,1,4,3,-25,82,75,43,46,173.25200876552228,93.33308984660336,10.222790357925492,0.0,509.33089846603366,445.0,211.7216946676406,129.41709276844412,10
119,DeJon Jarreau,Memphis Grizzlies,F,43,150,17,50,308.3,5,11,250.0,4,13,141.7,8,36,44,26,14,6,9,2,-24,113,87,69,70,79.355625,90.140625,46.49,4.24,355.32250000000005,167.70250000000001,168.800625,234.805625,9
120,DeMar DeRozan,Chicago Bulls,SF,249,368,85,180,466.3,73,89,831.5,6,25,190.0,4,38,42,50,17,14,23,7,25,341,291,299,92,343.76453553129875,42.01202940521274,56.109155713967475,4.503007351303186,518.5179327244375,449.3702383604366,436.48808197816885,74.54533303631098,10
121,Dean Wade,Cleveland Cavaliers,PF,46,178,15,35,260.2,5,7,216.7,11,31,233.4,4,27,31,7,8,3,1,9,-23,84,77,53,38,468.50000000000006,35.125,6.125,31.525000000000006,718.8,714.725,466.12499999999994,47.699999999999996,10
122,Deandre Ayton,Portland Trail Blazers,C,231,353,108,180,597.7,14,18,350.0,1,5,100.0,41,92,133,13,16,5,22,7,-61,377,364,244,146,561.15625,201.43402777777777,6.684027777777778,0.9027777777777777,1286.15625,1344.7361111111109,522.0694444444445,188.625,10
123,Dejounte Murray,Atlanta Hawks,SG,245,370,97,215,464.9,15,21,546.7,36,98,377.7,7,51,58,100,20,21,35,3,46,403,303,345,158,698.5495867768595,49.60146923783287,78.61524334251608,32.764462809917354,713.7488521579431,803.9967860422406,614.0518824609734,122.46648301193756,10
124,Delon Wright,Miami Heat,SG,51,214,17,50,360.0,11,14,283.3,6,20,225.0,4,16,20,26,7,13,1,2,24,97,71,77,46,159.27072053311122,13.2036651395252,30.249062890462305,6.628071636817992,235.53061224489795,175.5406080799667,222.95585172844648,39.7576009995835,10
125,Deni Avdija,Washington Wizards,SF,175,351,66,128,512.4,32,45,737.1,11,38,279.1,14,73,87,43,22,9,26,3,-21,305,262,218,130,216.8077662437524,105.38754325259515,50.10188389081123,9.998077662437524,719.7750865051903,508.64282968089196,352.0415224913495,231.38792772010765,10
126,Dennis Schroder,Brooklyn Nets,PG,145,341,55,139,382.2,14,15,650.0,21,55,406.09999999999997,8,32,40,64,23,6,23,5,-27,249,185,209,104,430.8507805325987,28.653810835629017,65.27685950413223,30.929752066115707,650.5041322314049,510.5,559.3287419651056,105.45684113865934,10
127,Dennis Smith Jr.,Brooklyn Nets,PG,58,167,21,46,487.1,8,11,383.3,8,22,348.3,5,13,18,28,22,16,11,0,3,104,76,86,46,78.47147022074135,17.85339441899209,40.0,4.21990837151187,181.54768846314036,139.3027905039567,112.87963348604748,65.69012911286964,10
128,Dereck II Lively,Dallas Mavericks,C,94,185,45,59,763.7,4,11,150.0,0,0,0.0,16,46,62,8,15,5,6,12,19,164,156,102,70,349.4128943758573,62.45610425240055,9.660493827160494,0.0,659.2345679012345,560.9444444444445,434.4478737997257,85.37174211248285,10
129,Derrick Jones Jr.,Dallas Mavericks,SF,65,214,24,52,494.4,12,18,433.4,5,17,183.3,11,19,30,9,11,4,8,4,38,104,95,74,39,120.56503642039542,46.31477627471385,8.912591050988553,6.523413111342352,218.89542143600414,181.1659729448491,144.420395421436,69.10145681581686,10
130,Derrick Rose,Memphis Grizzlies,PG,49,95,20,37,377.7,5,6,266.7,4,8,233.3,0,15,15,21,3,1,9,0,-9,85,64,70,36,70.0,14.857142857142858,12.0,3.7142857142857144,188.85714285714286,116.85714285714286,128.0,40.857142857142854,7
131,Derrick White,Boston Celtics,PG,182,356,62,135,466.3,20,22,755.6,38,88,441.09999999999997,8,52,60,62,22,8,13,10,102,304,242,244,122,253.48429752066113,82.77355371900825,65.68264462809917,33.199999999999996,668.5619834710743,501.61322314049585,365.17685950413227,203.71239669421487,10
132,Desmond Bane,Memphis Grizzlies,SG,93,165,30,80,183.4,19,21,366.7,14,40,172.9,2,14,16,34,14,5,13,2,-54,143,109,127,50,267.2,8.8,114.79999999999998,4.8,701.1999999999999,362.8,587.2,142.0,5
133,Devin Booker,Phoenix Suns,SG,283,347,103,200,501.1,48,54,867.8,29,76,319.3,11,41,52,74,32,5,27,6,44,409,335,357,126,1297.9125724363819,55.709750566893426,88.25346434870244,65.9795918367347,1209.0206601158982,1121.716049382716,1347.214159737969,181.96623834719074,10
134,Devin Vassell,San Antonio Spurs,SG,193,373,77,163,440.2,18,21,691.7,21,61,312.3,0,33,33,47,16,12,18,1,-43,273,226,240,80,806.4410104810535,25.71969900564364,52.6495565708143,24.90217683418436,1079.5020155872078,846.0,1027.3222252082774,90.99005643644182,10
135,Devonte' Graham,San Antonio Spurs,PG,25,73,9,23,228.3,1,1,100.0,6,19,220.0,0,12,12,7,6,3,3,0,-7,44,37,32,19,60.68827160493827,1.75,11.75,4.864197530864198,86.46604938271605,63.604938271604944,85.0493827160494,12.0,7
136,Dillon Brooks,Houston Rockets,SF,98,274,37,101,337.9,10,11,250.0,14,58,285.6,3,21,24,14,29,8,10,2,35,136,122,112,38,514.876706574249,23.52572988867885,21.976895610165933,12.67296786389414,776.9724847721068,605.8827977315691,655.4803612686411,75.98865784499054,10
137,Domantas Sabonis,Sacramento Kings,PF,165,352,57,118,500.0,50,67,752.5,1,10,33.3,39,102,141,80,30,5,34,8,9,386,306,245,221,224.56944444444446,94.08641975308643,32.123456790123456,1.1685956790123457,431.45216049382714,487.41512345679024,167.84104938271608,126.97530864197532,10
138,Dominick Barlow,San Antonio Spurs,F,57,150,21,38,506.6,15,18,416.6,0,1,0.0,19,22,41,15,19,4,4,3,10,113,98,72,56,290.46020761245677,81.13667820069205,45.74567474048443,0.0,715.5397923875432,590.5,425.3581314878893,117.0242214532872,10
139,Donovan Mitchell,Cleveland Cavaliers,SG,208,349,61,155,381.6,54,61,812.8,32,80,385.5,2,37,39,50,22,12,26,4,-61,297,247,258,89,701.712890625,32.90625,41.1640625,25.65625,1022.244140625,918.166015625,798.072265625,81.7890625,10
140,Donte DiVincenzo,New York Knicks,SG,215,362,74,160,453.7,16,22,505.0,51,122,419.8,6,34,40,25,28,17,12,7,44,280,255,240,65,726.4008264462809,28.112488521579433,18.29981634527089,51.049586776859506,959.1427915518825,904.1992653810836,778.4444444444446,49.31221303948577,10
141,Dorian Finney-Smith,Brooklyn Nets,PF,69,289,27,61,437.5,7,10,350.0,8,34,281.6,11,32,43,15,17,12,6,5,-52,127,112,84,58,169.2616189596799,32.12588488765774,9.442597722376115,6.073253308710373,203.22099107417665,184.4819944598338,190.68821175746382,38.8808864265928,10
142,Doug McDermott,Indiana Pacers,SF,38,117,14,34,279.1,1,2,50.0,9,29,190.29999999999998,0,8,8,9,11,3,3,0,-6,55,46,47,17,198.0173611111111,9.625,10.90625,15.316840277777775,312.2361111111111,224.35069444444443,284.2777777777777,22.15625,10
143,Draymond Green,Golden State Warriors,PF,90,302,39,74,525.1,8,11,300.0,4,20,140.0,20,67,87,68,30,18,22,6,92,245,177,158,155,265.4602076124567,34.54152249134949,89.73226643598616,6.652249134948097,436.34299307958474,231.8148788927336,428.625,165.63711072664358,10
144,Drew Eubanks,Phoenix Suns,PF,46,150,19,31,565.0,8,9,380.0,0,0,0.0,12,29,41,8,18,3,6,9,26,95,87,54,49,66.40008650519032,34.931228373702425,13.600778546712805,0.0,106.51946366782006,96.1280276816609,68.40138408304499,56.92214532871973,10
145,Duncan Robinson,Miami Heat,F,118,292,42,96,400.6,6,7,250.0,28,77,296.3,3,26,29,20,25,8,17,2,-56,167,147,138,49,669.0761772853186,25.486149584487535,31.05401662049862,45.60249307479224,1034.926592797784,780.3019390581717,912.3767313019391,67.86426592797784,10
146,Duop Reath,Portland Trail Blazers,C,95,190,38,81,415.1,8,8,400.0,11,39,236.7,6,25,31,10,23,5,8,5,-55,136,126,105,41,428.97579845268797,44.95159690537592,24.160682404284866,10.90160682404285,845.9273953580639,679.8885141836937,558.832572902202,105.29438603451696,10
147,Dwight Powell,Dallas Mavericks,C,20,128,7,12,450.0,6,13,325.0,0,0,0.0,13,22,35,10,19,0,9,3,-17,65,55,30,45,50.11702827087443,104.5621301775148,12.109138724523339,0.0,315.1683103221565,243.8862590401052,79.29257067718605,158.77777777777777,10
148,Dylan Windler,Atlanta Hawks,G,16,41,6,11,106.7,0,0,0.0,4,9,85.0,1,6,7,2,2,2,1,0,3,25,23,18,9,79.80325443786984,6.946745562130177,2.75,5.755917159763313,120.77514792899407,109.29437869822485,83.74556213017752,17.235207100591715,3
149,Dylan Windler,Los Angeles Lakers,G,3,14,1,4,25.0,0,0,0.0,1,4,25.0,0,1,1,2,1,0,0,0,-7,6,4,5,3,7.920118343195265,2.3491124260355023,0.5,0.6065088757396448,8.260355029585797,12.298816568047336,5.80473372781065,0.9260355029585796,2
150,Dyson Daniels,New Orleans Pelicans,G,60,204,25,45,419.7,1,2,50.0,9,21,263.3,11,22,33,27,19,20,10,7,7,120,93,87,60,240.0,34.00831024930748,26.301939058171747,14.900277008310248,343.3518005540166,264.00831024930744,284.30193905817174,95.35180055401662,10
151,Emoni Bates,Cleveland Cavaliers,F,16,23,6,12,102.9,0,2,0.0,4,8,100.0,0,1,1,1,0,0,1,0,-3,18,17,17,2,22.765432098765434,0.8024691358024691,0.5061728395061729,2.617283950617284,28.888888888888893,26.58024691358024,25.98765432098765,0.3950617283950617,2
152,Eric Gordon,Phoenix Suns,SG,81,221,30,66,412.0,2,2,200.0,19,46,399.2,1,12,13,16,16,8,6,3,56,110,94,97,29,391.6009137328675,6.4076861058855155,18.589626444504166,22.925826390755176,473.52270894920724,344.68099973125504,519.5595270088686,25.88040849234077,10
153,Eugene Omoruyi,Washington Wizards,F,32,104,14,35,357.1,4,8,150.0,0,8,0.0,7,12,19,5,16,4,4,2,-55,56,51,37,24,75.05601469237833,7.694214876033056,6.173553719008264,0.00918273645546373,58.752984389348036,54.46372819100092,78.03948576675849,15.173553719008263,10
154,Evan Fournier,Detroit Pistons,SG,64,218,23,77,267.4,8,11,266.7,10,44,209.3,1,17,18,20,16,11,8,2,-28,102,82,84,38,340.8099173553719,13.600000000000001,26.26776859504132,14.05289256198347,464.6710743801653,450.0099173553719,345.4710743801653,49.867768595041326,10
155,Evan Mobley,Cleveland Cavaliers,PF,165,290,63,104,595.4,31,44,611.0,8,17,400.0,19,65,84,46,24,10,13,10,-9,295,249,211,130,330.77777777777777,158.19614512471657,58.244897959183675,5.709750566893424,739.5612244897959,605.5612244897959,362.0702947845805,319.14852607709753,10
156,Frank Ntilikina,Charlotte Hornets,PG,5,39,1,8,50.0,2,2,100.0,1,7,50.0,1,4,5,3,4,0,0,0,0,13,10,8,8,19.0,7.0,6.84,0.7600000000000002,24.439999999999998,14.0,18.64,24.640000000000004,4
157,Franz Wagner,Orlando Magic,SF,172,311,62,118,526.4,41,48,856.9,7,32,165.0,8,33,41,32,22,8,17,3,47,245,213,204,73,167.14622234989946,54.70985349037633,16.10054582016662,10.639184142487789,353.36541223786264,306.8017810973858,220.20626256822752,64.31399023269175,10
158,Fred VanVleet,Houston Rockets,PG,155,351,55,138,412.3,14,16,500.0,31,85,336.2,4,30,34,83,33,25,15,8,14,272,189,238,117,630.125,10.42822265625,126.32666015625,69.041015625,544.509765625,639.88134765625,513.65478515625,157.853515625,10
159,Furkan Korkmaz,Philadelphia 76ers,SG,41,116,13,29,278.6,7,10,241.7,8,18,258.3,3,12,15,12,6,3,2,2,22,68,56,53,27,292.875,14.875,10.0,20.0,404.0,340.0,363.875,17.875,8
160,GG Jackson,Memphis Grizzlies,F,178,344,58,132,426.2,32,37,906.5,30,78,366.6,10,44,54,20,18,5,18,2,-106,252,232,198,74,573.8390532544378,77.19289940828402,24.684023668639053,37.36331360946746,658.2532544378698,667.1999999999999,581.2710059171598,85.498224852071,10
161,Gabe Vincent,Los Angeles Lakers,PG,2,28,1,5,25.0,0,0,0.0,0,3,0.0,1,1,2,1,3,1,2,0,-7,5,4,3,3,2.2222222222222223,0.0,0.5555555555555556,0.0,5.0,2.2222222222222223,5.0,0.5555555555555556,2
162,Garrett Temple,Toronto Raptors,SF,48,155,17,41,402.3,7,10,300.0,7,23,220.0,5,17,22,10,16,8,5,2,-55,80,70,58,32,133.62747138397506,23.525494276795005,15.58792924037461,8.87513007284079,239.67117585848075,204.39542143600414,147.8085327783559,60.208116545265355,8
163,Garrison Mathews,Atlanta Hawks,SG,90,191,27,52,536.7,15,17,263.3,21,41,498.5,0,14,14,9,22,2,2,2,-4,113,104,99,23,439.93005123635555,10.42281131655157,4.900200490086879,26.865003341501446,584.4078859434172,540.5422143016262,479.0,20.11873468478503,10
164,Gary Harris,Orlando Magic,SG,66,252,24,56,435.3,6,8,275.0,12,38,344.2,4,13,17,8,17,4,9,2,-13,91,83,74,25,163.80625,8.10625,5.75625,3.825,245.65625,219.7,180.9,22.725,10
165,Gary Payton II,Golden State Warriors,SG,51,156,23,35,643.3,3,6,150.0,2,7,200.0,8,11,19,12,18,8,8,4,8,82,70,63,31,84.5,49.07777777777777,39.669444444444444,1.6444444444444448,183.06944444444446,100.17777777777778,88.76944444444445,167.36944444444447,10
166,Gary Trent Jr.,Toronto Raptors,SG,223,329,82,180,466.8,27,30,663.3,32,86,371.0,7,28,35,21,16,13,5,1,-116,279,258,244,56,495.15625,17.02517361111111,26.96267361111111,34.2265625,467.56944444444434,542.0251736111112,427.3376736111112,37.35069444444444,10
167,Georges Niang,Cleveland Cavaliers,SF,115,259,43,91,438.1,6,6,300.0,23,58,378.1,2,24,26,9,26,8,15,3,-19,150,141,124,35,498.45389624028564,20.632220121823146,7.431001890359168,36.38752362948961,406.6805293005671,402.9092627599244,482.84772106700274,47.440663726107964,10
168,Giannis Antetokounmpo,Milwaukee Bucks,PF,303,369,119,203,597.0,64,102,558.7,1,14,50.0,35,97,132,71,32,9,36,13,7,506,435,374,203,268.3902606310014,207.54252400548694,67.71330589849109,1.734567901234568,774.4334705075446,650.2345679012346,382.47530864197535,285.36968449931413,10
169,Goga Bitadze,Orlando Magic,C,32,108,13,23,546.7,6,10,283.3,0,3,0.0,11,15,26,9,12,2,9,9,-9,67,58,41,35,47.199999999999996,63.34444444444445,9.3,0.0,226.77777777777777,172.14444444444445,73.30000000000001,101.17777777777778,10
170,Gordon Hayward,Oklahoma City Thunder,SF,47,161,16,41,355.5,6,10,250.0,9,17,400.0,3,15,18,15,6,3,3,1,-63,80,65,62,33,148.8049940546968,25.81985731272295,10.574316290130797,9.014268727705113,202.5,192.21224732461357,152.8370986920333,42.64982164090369,10
171,Gradey Dick,Toronto Raptors,G,134,309,50,124,380.3,17,21,604.7,17,52,318.0,3,21,24,12,17,5,18,2,-178,170,158,146,36,325.5277219189888,54.400459638035045,9.960356219477163,16.270324619362253,385.00890548692905,462.5728239011778,265.53806377477736,46.78655558747486,10
172,Grant Williams,Charlotte Hornets,PF,132,290,52,105,476.3,12,19,516.7,16,47,382.8,16,36,52,35,30,5,11,3,-98,219,184,167,87,349.82986472424557,39.938085327783554,93.53642039542143,6.403746097814777,495.8236212278876,463.525494276795,317.51821019771074,198.08428720083248,10
173,Grayson Allen,Phoenix Suns,SG,156,325,56,102,555.5,13,16,491.7,31,68,376.9,5,26,31,34,14,8,10,4,49,221,187,190,65,552.3147928994083,49.71005917159762,33.005917159763314,69.39763313609467,694.2402366863906,545.6437869822485,682.3100591715977,101.31715976331361,10
174,Gui Santos,Golden State Warriors,F,41,109,14,26,422.5,8,9,350.0,5,10,300.0,9,21,30,9,15,2,5,2,6,80,71,50,39,150.89440000000002,120.4816,15.6864,4.2224,553.3056,480.9664,174.04,185.3616,9
175,Harrison Barnes,Sacramento Kings,SF,111,267,41,95,385.8,15,20,450.0,14,40,271.4,7,25,32,11,8,4,11,1,5,154,143,122,43,532.0667438271605,26.34104938271605,9.32253086419753,26.0,706.2426697530866,621.90625,605.6840277777778,46.382716049382715,10
176,Harry III Giles,Brooklyn Nets,F,8,8,3,6,50.0,1,2,50.0,1,1,100.0,2,2,4,2,3,0,0,0,-12,14,12,10,6,49.0,11.430839002267573,3.4489795918367347,0.8185941043083901,149.7709750566893,107.76417233560092,78.44897959183675,27.43764172335601,1
177,Harry III Giles,Los Angeles Lakers,F,2,10,1,4,100.0,0,0,0.0,0,2,0.0,0,1,1,0,0,1,0,0,-15,3,3,2,1,2.0,0.528344671201814,0.04081632653061224,0.018140589569160995,4.63718820861678,4.528344671201814,2.0408163265306123,0.6371882086167799,2
178,Haywood Highsmith,Miami Heat,F,105,247,41,73,566.5,2,7,83.3,21,38,466.6,16,34,50,14,14,9,4,2,19,169,155,119,64,483.0,68.51384036549314,9.630744423542058,29.02203708680462,870.2652512765385,819.5466272507391,514.1717280300995,97.69148078473528,10
179,Herbert Jones,New Orleans Pelicans,SF,108,355,36,80,474.5,22,24,725.0,14,40,309.4,7,22,29,32,31,18,11,10,-14,169,137,140,61,141.00327538422775,34.15293524817334,15.883093978332074,12.750818846056942,332.0395565633661,253.40816326530614,188.42579994960946,81.24489795918367,10
180,Hunter Tyson,Denver Nuggets,F,0,7,0,3,0.0,0,0,0.0,0,3,0.0,0,1,1,0,1,0,2,0,-1,1,1,0,1,9.719723183391004,0.5847750865051903,0.08650519031141869,0.41868512110726647,7.006920415224913,5.536332179930796,11.640138408304498,0.22145328719723184,1
181,I. Thomas,Phoenix Suns,G,5,8,2,4,50.0,0,0,0.0,1,2,50.0,0,0,0,1,0,0,0,0,1,6,5,6,1,8.506944444444443,0.0,0.027777777777777766,0.3402777777777777,9.506944444444445,8.506944444444443,9.506944444444445,0.027777777777777766,1
182,Ibou Badji,Portland Trail Blazers,C,10,41,4,5,250.0,2,4,100.0,0,0,0.0,2,4,6,4,8,0,5,3,-33,20,16,14,10,15.650969529085874,6.0,4.171745152354571,0.0,37.529085872576175,34.80886426592798,21.42382271468144,7.119113573407203,4
183,Immanuel Quickley,Toronto Raptors,SG,184,347,64,153,414.6,33,44,622.2,23,73,311.4,2,48,50,86,13,9,25,2,-112,320,234,270,136,353.6111111111111,59.599999999999994,198.4,14.2,866.9444444444443,436.0111111111111,640.5444444444445,402.0,10
184,Isaac Okoro,Cleveland Cavaliers,SF,77,302,30,77,385.0,5,8,175.0,12,39,341.7,9,17,26,16,25,7,12,2,-61,119,103,93,42,148.1,42.67777777777778,18.5,7.777777777777779,379.6111111111111,281.0444444444445,222.2,85.64444444444445,10
185,Isaiah Hartenstein,New York Knicks,C,108,245,45,61,766.9,18,25,501.4,0,0,0.0,27,49,76,38,30,16,11,13,112,222,184,146,114,260.54985219027145,147.39801128728837,49.85702768073099,0.0,539.3066380005374,492.97285675893573,265.6285944638538,238.5100779360387,10
186,Isaiah Jackson,Indiana Pacers,SF,87,173,35,53,744.3,17,23,608.3,0,1,0.0,25,29,54,10,23,7,7,11,49,151,141,97,64,236.46855476884633,184.323198667222,30.26655560183257,0.0,820.8800499791752,665.6930445647647,301.28404831320285,304.96126613910866,10
187,Isaiah Joe,Oklahoma City Thunder,SG,94,194,31,68,463.0,9,10,375.0,23,50,458.6,2,21,23,19,10,4,5,3,11,136,117,113,42,253.61111111111111,10.419651056014693,59.85537190082645,17.191000918273645,586.0257116620753,340.04086317722687,467.89072543617993,101.98025711662075,10
188,Isaiah Mobley,Cleveland Cavaliers,F,5,33,2,7,58.3,0,0,0.0,1,4,25.0,0,4,4,2,2,0,0,0,-1,11,9,7,6,2.2244897959183674,12.081632653061227,1.0204081632653061,0.7551020408163267,23.36734693877551,15.612244897959185,5.897959183673469,17.183673469387756,2
189,Isaiah Stewart,Detroit Pistons,C,106,319,40,71,587.7,10,12,516.7,16,38,409.0,10,48,58,12,11,4,10,10,-48,176,164,118,70,131.47520661157026,49.603305785123965,9.603305785123966,12.764462809917354,245.47520661157023,193.27685950413223,178.88016528925618,64.0,10
190,Ish Smith,Charlotte Hornets,PG,18,181,8,34,236.0,0,0,0.0,2,2,200.0,1,19,20,41,16,5,6,1,-90,79,38,59,61,54.36000000000001,24.0,78.09,1.5600000000000003,170.49,69.16000000000001,134.09,123.69,9
191,Ish Wainright,Phoenix Suns,F,3,11,1,6,16.7,0,0,0.0,1,4,25.0,3,2,5,1,1,1,1,0,-3,9,8,4,6,6.25,17.361111111111114,0.6944444444444445,0.6944444444444445,56.25,44.44444444444445,11.111111111111112,25.0,1
192,Ivica Zubac,LA Clippers,C,121,277,48,80,684.4,25,29,525.0,0,0,0.0,28,67,95,14,27,8,8,14,-24,230,216,135,109,263.44444444444446,92.92542202066014,8.484756865709246,0.0,549.9183673469388,514.3487024439406,278.4900478710003,121.9342403628118,10
193,JT Thor,Charlotte Hornets,F,30,107,12,21,438.3,2,3,150.0,4,11,250.0,1,15,16,7,6,0,3,5,17,53,46,37,23,93.22004132231406,24.566115702479337,4.702479338842974,4.876033057851239,203.95971074380162,191.68285123966945,102.72830578512396,32.03719008264463,10
194,JaVale McGee,Sacramento Kings,C,23,49,11,19,355.0,0,3,0.0,1,2,100.0,5,10,15,1,6,2,1,0,-4,39,38,24,16,76.296786389414,15.192816635160682,0.8790170132325142,0.8790170132325142,129.4234404536862,131.53497164461245,78.01890359168242,12.238185255198486,7
195,Jabari Smith Jr.,Houston Rockets,PF,164,292,57,116,496.7,27,31,916.7,23,58,352.5,13,48,61,13,25,4,12,7,2,238,225,177,74,518.6605751142166,113.06611126041386,10.100241870464929,23.319269013706,737.8667024993281,692.6414942219834,578.5630206933621,108.4891158290782,10
196,Jabari Walker,Portland Trail Blazers,F,101,289,37,82,466.0,19,26,673.4,8,21,333.3,16,62,78,17,28,5,6,1,-79,196,179,118,95,260.0702947845805,290.34567901234567,30.83673469387755,7.872511967750063,900.6026706979088,776.7228521038046,319.41043083900223,385.7220962459058,10
197,Jacob Gilyard,Brooklyn Nets,G,0,11,0,2,0.0,0,0,0.0,0,2,0.0,0,0,0,1,2,1,0,0,0,1,0,1,1,14.761772853185596,0.6232686980609419,3.792243767313019,1.3407202216066483,43.28254847645429,21.451523545706372,33.51800554016621,7.490304709141275,1
198,Jacob Gilyard,Memphis Grizzlies,G,67,192,23,49,431.8,1,1,100.0,20,42,431.8,1,13,14,39,10,9,12,2,-59,120,81,106,53,341.01385041551254,15.504155124653737,43.28808864265928,29.750692520775623,656.0166204986151,445.7479224376731,519.5041551246537,90.57063711911357,9
199,Jacob Toppin,New York Knicks,F,13,29,5,9,107.1,2,2,100.0,1,4,33.3,3,3,6,1,3,0,1,0,-18,20,19,14,7,78.05555555555556,8.722222222222221,0.5555555555555556,0.7222222222222223,130.22222222222223,136.55555555555554,72.5,8.5,2
200,Jaden Hardy,Dallas Mavericks,G,73,116,30,66,447.3,3,3,200.0,10,25,306.6,1,10,11,15,11,1,8,1,0,99,84,88,26,142.207756232687,8.967990150815636,32.53770390889505,6.249307479224377,231.86365035395505,183.2403816558941,175.72976300400123,56.606955986457365,10
201,Jaden Ivey,Detroit Pistons,PG,142,300,52,141,377.7,24,30,705.0,14,54,265.1,5,29,34,41,25,6,23,4,-96,217,176,183,75,186.9928181557024,26.56592933065211,53.53777650100546,4.773340993967251,335.4843435794312,232.76242459063485,277.8641195058891,91.95432347026717,10
202,Jaden McDaniels,Minnesota Timberwolves,PF,127,299,51,104,480.9,11,18,432.1,14,43,262.9,12,31,43,11,30,11,14,9,58,181,170,138,54,385.0610380931165,34.60793049676988,13.01871240810871,16.417464914234795,425.9391846736467,457.2296725328581,348.86166184005344,52.53553129873023,10
203,Jaden Springer,Boston Celtics,G,60,176,22,52,413.7,13,14,575.0,3,18,183.3,13,18,31,17,21,13,10,4,-19,108,91,77,48,223.46260387811634,50.5,30.390581717451518,2.5886426592797784,669.220221606648,469.7520775623268,361.19390581717454,142.62742382271472,10
204,Jae Crowder,Milwaukee Bucks,PF,66,200,25,57,461.5,4,5,150.0,12,36,370.0,5,16,21,9,11,6,3,1,16,96,87,75,30,50.5,3.49462890625,9.7265625,7.619140625,61.25634765625,51.77587890625,54.8515625,18.35009765625,10
205,Jae'Sean Tate,Houston Rockets,SF,39,131,17,32,440.5,3,5,150.0,2,7,133.3,8,19,27,7,15,5,14,5,6,73,66,46,34,91.09928656361474,20.364447086801427,6.186682520808562,1.6004756242568372,185.35434007134364,139.32699167657552,119.81272294887039,43.86504161712247,10
206,Jahmi'us Ramsey,Toronto Raptors,SG,47,120,18,41,306.3,5,6,175.0,6,22,183.3,4,18,22,8,10,7,7,0,-28,77,69,55,30,69.3801652892562,36.066115702479344,3.072314049586777,3.402892561983472,97.25413223140495,108.65289256198346,77.28719008264463,19.832644628099175,7
207,Jaime Jr. Jaquez,Miami Heat,G,104,291,39,86,430.4,18,25,616.7,8,25,244.89999999999998,9,40,49,27,20,12,9,3,3,180,153,131,76,399.9229968782518,41.14984391259105,22.292403746097815,7.839750260145682,373.75650364203955,369.74921956295526,390.9687825182102,76.40374609781477,10
208,Jake LaRavia,Memphis Grizzlies,F,117,291,35,101,345.2,27,35,543.9,20,54,357.7,20,23,43,20,21,11,15,2,-25,180,160,137,63,327.4382716049383,34.75308641975308,24.030864197530864,32.054869684499316,593.9012345679013,466.9444444444444,422.1111111111111,91.0679012345679,10
209,Jakob Poeltl,Toronto Raptors,C,122,251,55,101,543.9,12,20,491.7,0,0,0.0,39,53,92,31,28,10,11,19,35,245,214,153,123,161.8469387755102,127.67346938775509,30.387755102040813,0.0,516.704081632653,398.98979591836735,256.6224489795918,181.0,10
210,Jalen Brunson,New York Knicks,PG,319,345,121,247,481.2,47,56,759.2,30,78,394.7,4,27,31,71,17,11,22,1,116,421,350,390,102,1414.91650390625,12.900390625,59.7890625,16.29541015625,1352.31494140625,1514.02197265625,1283.34228515625,42.556640625,10
211,Jalen Duren,Detroit Pistons,C,131,263,51,83,554.1,29,37,730.0,0,0,0.0,31,83,114,16,22,9,27,7,-43,261,245,147,130,441.4918639053255,370.625,23.849852071005916,0.0,1675.746301775148,1480.0976331360946,543.0828402366864,488.5325443786982,10
212,Jalen Green,Houston Rockets,SG,284,366,99,208,466.6,44,57,841.7,42,103,384.1,11,58,69,48,19,13,30,6,84,401,353,332,117,990.1520688930897,72.22327242176013,27.891199327872297,49.72400756143667,1254.6068052930054,1284.306448225163,954.086536441924,106.48036126864103,10
213,Jalen HoodSchifino,Los Angeles Lakers,G,5,11,1,6,33.3,2,4,100.0,1,3,50.0,0,2,2,0,1,0,1,0,-13,7,7,5,2,9.0,0.9799999999999999,0.020000000000000004,0.8200000000000001,13.32,14.180000000000001,8.42,0.72,2
214,Jalen Johnson,Atlanta Hawks,SF,184,325,70,143,496.1,25,34,604.0,19,48,449.9,11,73,84,45,18,11,19,7,39,313,268,229,129,601.4109138724524,130.39053254437871,98.51479289940829,10.923734385272846,1633.2472057856673,1021.4976988823142,1055.5036160420777,386.5621301775148,10
215,Jalen McDaniels,Toronto Raptors,PF,55,170,24,58,327.3,7,9,366.7,0,12,0.0,6,25,31,15,15,6,10,2,-82,101,86,70,46,223.1003086419753,123.65586419753086,19.285493827160494,0.06944444444444445,676.5077160493827,524.5,308.4444444444444,209.6049382716049,10
216,Jalen Pickett,Denver Nuggets,G,2,7,1,3,33.3,0,0,0.0,0,2,0.0,0,0,0,2,0,0,0,0,-1,4,2,4,2,0.7225000000000001,0.0625,1.1025,0.04000000000000001,2.7224999999999997,0.3600000000000001,3.61,0.6400000000000001,1
217,Jalen Slawson,Sacramento Kings,F,2,8,1,2,50.0,0,0,0.0,0,1,0.0,1,1,2,0,2,1,0,0,3,4,4,2,2,2.4930747922437675,2.171745152354571,0.0,0.0,9.318559556786704,9.318559556786704,2.4930747922437675,2.171745152354571,1
218,Jalen Smith,Indiana Pacers,PF,89,163,34,68,464.7,11,17,266.7,10,26,345.2,28,34,62,5,22,4,2,8,0,156,151,94,67,231.24489795918367,62.65625,4.959183673469387,10.051020408163264,483.2786989795918,461.5082908163265,240.40816326530614,80.22257653061224,10
219,Jalen Suggs,Orlando Magic,SG,129,284,44,88,513.1,21,28,733.3,20,46,482.5,4,17,21,37,21,18,14,9,64,187,150,166,58,255.29400510204079,15.75765306122449,30.43176020408163,6.079719387755103,341.5331632653061,238.3858418367347,344.90816326530614,59.72257653061225,10
220,Jalen Williams,Oklahoma City Thunder,F,211,304,86,157,551.8,26,33,746.7,13,39,248.3,7,29,36,51,21,14,21,13,42,298,247,262,87,454.77777777777777,22.8,48.90277777777778,14.436111111111112,823.4027777777778,552.1111111111111,691.3361111111111,106.4361111111111,10
221,Jalen Wilson,Brooklyn Nets,F,43,120,16,32,588.3,8,9,350.0,3,10,158.3,6,18,24,6,7,0,4,0,29,73,67,49,30,88.14681440443213,30.660510926438903,7.168359495229301,2.3437980917205294,228.6706678978147,174.62819329024316,124.09449061249614,55.92366882117575,10
222,Jamal Cain,Miami Heat,F,12,37,3,9,125.0,4,4,200.0,2,4,150.0,2,3,5,6,5,1,3,1,11,23,17,18,11,8.194787379972567,3.7873799725651582,5.725651577503429,1.0013717421124828,27.984910836762687,17.0,22.444444444444443,6.248285322359396,4
223,Jamal Murray,Denver Nuggets,PG,227,360,87,190,450.6,33,39,861.4,20,50,410.0,10,43,53,82,18,16,22,3,51,362,280,309,135,463.3490304709141,47.16481994459834,73.01523545706371,20.02770083102493,650.9362880886429,468.5,620.0124653739612,145.95290858725764,10
224,James Bouknight,Charlotte Hornets,SG,10,13,4,10,83.3,0,0,0.0,2,7,58.3,0,0,0,0,0,1,1,0,13,10,10,10,0,18.0,0.0,0.0,0.72,18.0,18.0,18.0,0.0,2
225,James Harden,LA Clippers,SG,125,357,39,114,343.1,30,36,840.7,17,67,234.1,6,46,52,98,9,13,22,5,-17,275,177,223,150,248.58056640625,17.806640625,104.45556640625,22.04150390625,396.556640625,251.37353515625,440.5,75.52587890625,10
226,James Johnson,Indiana Pacers,PF,4,12,1,4,33.3,2,2,100.0,0,1,0.0,0,0,0,2,3,0,1,1,-2,6,4,6,2,1.2800000000000002,0.0,0.32000000000000006,0.0,2.88,1.2800000000000002,2.88,0.32000000000000006,2
227,James Wiseman,Detroit Pistons,C,107,238,41,71,486.1,25,30,620.8,0,0,0.0,22,50,72,12,28,1,20,5,-73,191,179,119,84,396.1651824188452,94.50502729100833,17.774777362826775,0.0,843.5124964090778,724.3588049411088,512.6937661591497,114.90491238149957,10
228,Jamie Jr. Jaquez,Miami Heat,G,52,147,20,43,331.0,9,11,441.7,3,16,95.0,3,10,13,16,13,3,10,3,18,81,65,68,29,86.5266272189349,11.406804733727812,15.560650887573964,1.75,161.98816568047337,115.45414201183432,127.02810650887574,33.0,7
229,Jarace Walker,Indiana Pacers,F,38,147,14,37,382.2,2,2,100.0,8,19,300.0,4,25,29,19,11,5,6,5,26,86,67,57,48,127.57048940832725,50.59532505478451,59.53177501826149,8.759678597516436,492.69539810080346,299.1417092768444,259.44119795471147,171.81008035062086,10
230,Jared Butler,Washington Wizards,SG,92,229,37,79,480.5,8,8,400.0,10,33,290.1,5,20,25,52,20,13,24,4,6,169,117,144,77,258.04628099173556,9.889256198347105,141.71239669421487,11.193388429752067,626.7586776859505,292.16694214876037,538.8099173553719,205.42975206611567,10
231,Jared Rhoden,Detroit Pistons,G,20,80,8,15,203.3,1,2,50.0,3,7,133.3,0,12,12,5,10,1,4,6,-22,37,32,25,17,42.02479338842976,11.28099173553719,6.258264462809918,1.2148760330578512,80.10950413223141,96.11570247933884,33.7293388429752,9.828512396694215,5
232,Jaren Jackson Jr.,Memphis Grizzlies,PF,223,328,81,183,426.2,46,59,770.4,15,49,319.6,15,33,48,34,37,17,27,17,-129,305,271,257,82,1089.6715561224491,52.31887755102041,26.418367346938776,10.503188775510203,1270.15625,1209.3246173469388,1149.3501275510205,79.89030612244899,10
233,Jarred Vanderbilt,Los Angeles Lakers,PF,68,142,26,42,412.7,13,17,375.0,3,5,166.7,12,22,34,12,8,16,11,2,23,114,102,80,46,111.33333333333334,59.333333333333336,18.0,3.5,362.0,274.0,157.33333333333334,119.33333333333334,6
234,Jarrett Allen,Cleveland Cavaliers,C,186,318,76,115,652.3,34,42,812.4,0,0,0.0,20,79,99,31,12,4,10,3,-40,316,285,217,130,242.8464608275572,227.60701533291325,21.91703423650494,0.0,677.3203108590632,623.2986767485822,260.3837429111531,286.0084015963033,10
235,Jason Preston,Utah Jazz,G,4,25,2,6,66.6,0,0,0.0,0,0,0.0,2,4,6,7,1,0,1,0,10,17,10,11,13,1.2800000000000002,4.275555555555554,7.879999999999999,0.0,32.55555555555556,8.96888888888889,13.32,23.70222222222222,2
236,Javon Freeman-Liberty,Toronto Raptors,G,85,232,32,71,402.0,17,19,800.0,4,23,108.3,8,35,43,26,18,8,18,1,-115,154,128,111,69,275.30625,22.6,22.425,4.425,501.90625,391.15625,377.15625,53.925,10
237,Javonte Green,Chicago Bulls,G,15,51,6,11,166.7,0,0,0.0,3,5,200.0,3,8,11,2,3,2,3,2,22,28,26,17,13,8.0,12.668639053254438,0.6686390532544378,0.0,2.674556213017752,0.6686390532544377,4.668639053254438,18.674556213017752,3
238,Jaxson Hayes,Los Angeles Lakers,C,55,156,21,29,814.0,13,19,608.3,0,0,0.0,15,30,45,8,22,1,9,2,-37,108,100,63,53,115.14565976887931,110.79629131953776,7.8081160978231665,0.0,342.39505509271703,349.8167159365762,120.22063961300725,106.10776672937382,10
239,Jay Huff,Denver Nuggets,C,3,5,1,2,50.0,0,0,0.0,1,2,50.0,0,0,0,0,2,0,0,0,-3,3,3,3,0,5.871301775147931,0.11982248520710058,0.02366863905325444,0.7825443786982248,3.698224852071006,4.3136094674556205,5.149408284023668,0.25,1
240,Jaylen Brown,Boston Celtics,SG,258,344,101,202,497.6,31,47,542.6,25,65,385.4,13,39,52,31,24,17,22,5,71,341,310,289,83,414.39035916824196,45.84593572778828,29.093572778827976,17.563327032136108,382.5793950850661,437.35727788279775,342.6937618147448,91.85822306238185,10
241,Jaylin Williams,Oklahoma City Thunder,F,38,145,11,30,416.6,10,12,258.3,6,21,391.6,4,35,39,29,18,4,10,5,-42,106,77,67,68,65.71331945889699,54.98751300728408,130.84391259105098,2.5202913631633717,447.82778355879293,194.5,269.7986472424558,235.0738813735692,10
242,Jayson Tatum,Boston Celtics,SF,291,353,96,198,485.9,66,75,792.0,33,79,412.9,13,61,74,45,19,12,27,7,95,410,365,336,119,258.7190082644628,82.14876033057851,21.400000000000002,16.10082644628099,344.1619834710744,349.78016528925616,249.24628099173552,107.40330578512396,10
243,Jeenathan Williams,Houston Rockets,G,18,36,9,15,283.4,0,2,0.0,0,0,0.0,3,5,8,1,5,1,0,0,14,27,26,19,9,50.078125,8.0595703125,0.8017578125,0.0,79.51953125,85.5830078125,47.3564453125,5.51953125,5
244,Jeff Dowtin,Philadelphia 76ers,G,31,86,11,20,237.1,2,2,100.0,7,14,216.7,2,9,11,17,1,4,5,1,16,59,42,48,28,155.62975778546712,15.0,33.155709342560556,6.024221453287198,398.318339100346,209.6885813148789,312.96539792387546,79.44982698961938,7
245,Jeff Green,Houston Rockets,PF,92,196,31,67,417.1,14,17,425.0,16,43,318.3,7,27,34,8,11,2,2,4,38,134,126,100,42,284.7511695255068,44.94497660948986,3.6128313655602584,15.308977500556917,449.1922477166407,432.7213187792381,297.9835152595233,51.796391178436174,10
246,Jerami Grant,Portland Trail Blazers,SF,169,342,56,142,386.6,38,46,711.3,19,49,402.0,6,19,25,35,18,14,28,2,-77,229,194,204,60,473.98961937716257,45.9204152249135,32.71626297577855,5.083044982698962,888.6262975778548,739.6678200692041,583.0934256055364,118.49134948096886,10
247,Jeremiah Robinson-Earl,New Orleans Pelicans,F,28,104,11,28,269.6,4,7,80.0,2,13,100.0,10,15,25,11,7,3,5,1,38,64,53,39,36,89.25200876552228,41.44119795471146,29.898466033601164,1.6727538349159972,257.9795471146822,171.0,147.66033601168735,99.91088385682981,9
248,Jeremy Sochan,San Antonio Spurs,F,126,301,51,121,422.6,14,19,516.7,10,44,192.79999999999998,21,59,80,33,16,14,20,10,-20,239,206,159,113,549.0972944849116,204.3746097814776,41.58480749219564,10.166493236212277,1143.8839750260145,1165.4823100936524,519.2138397502601,254.24453694068677,10
249,Jericho Sims,New York Knicks,C,11,149,5,9,266.7,1,2,50.0,0,0,0.0,16,25,41,5,11,5,5,5,17,57,52,16,46,27.686857760951867,86.33693888588427,4.804218496484586,0.0,179.14494321254733,163.82152514872905,35.33261222282315,98.81882098431585,10
250,Jerome Robinson,Golden State Warriors,SG,10,17,4,10,40.0,1,2,50.0,1,6,16.7,0,0,0,1,1,0,0,1,-2,11,10,11,1,69.95041322314049,0.1012396694214876,0.6694214876033057,0.8264462809917354,78.56404958677686,64.7293388429752,84.30578512396694,0.25,1
251,Jett Howard,Orlando Magic,G,0,5,0,1,0.0,0,0,0.0,0,1,0.0,0,0,0,0,1,0,0,0,-5,0,0,0,0,0.25,0.0,0.0,0.027777777777777776,0.25,0.25,0.25,0.0,1
252,Jevon Carter,Chicago Bulls,PG,48,142,19,37,423.5,1,2,50.0,9,22,291.7,2,7,9,11,10,2,4,1,6,68,57,59,20,161.30285196921685,13.168401991851516,8.907650520597556,6.923947487550929,257.33906745133544,202.07741059302853,200.273879583522,38.36668175645088,10
253,Jimmy Butler,Miami Heat,SF,176,339,58,128,456.0,53,59,915.7,7,26,241.6,12,31,43,48,15,10,13,2,100,267,219,224,91,325.68945224083296,18.602535083748307,29.512901765504754,4.6577636939791764,353.54956994114985,349.8981439565414,328.0525124490719,49.40380262562244,10
254,Jock Landale,Houston Rockets,C,88,213,36,62,582.1,14,16,533.3,2,7,100.0,26,26,52,13,19,3,9,12,69,153,140,101,65,234.2956194571352,94.5907014243483,24.533458747648478,3.608707336737436,738.3695243214189,556.0,353.1757592045149,182.613544746036,10
255,Joe Harris,Detroit Pistons,SF,2,12,1,3,33.3,0,0,0.0,0,1,0.0,0,0,0,0,1,0,0,0,-5,2,2,2,0,0.0,0.0,0.0,0.0,0.0,0.0,0.0,0.0,1
256,Joe Ingles,Orlando Magic,SG,35,162,10,23,364.9,7,7,400.0,8,19,341.6,1,19,20,30,12,6,11,0,73,85,55,65,50,102.53519103705833,10.646365986785407,12.73542085607584,7.666187877046826,72.67250790002873,62.87991956334386,114.94886526860097,20.76070094800345,10
257,Joel Embiid,Philadelphia 76ers,C,98,123,33,77,169.7,25,29,350.0,7,19,133.3,3,21,24,15,12,6,17,1,-62,137,122,113,39,173.11111111111111,6.0,19.444444444444443,6.111111111111111,186.1111111111111,153.11111111111111,208.11111111111111,23.44444444444445,4
258,John Collins,Utah Jazz,PF,193,271,68,119,570.0,39,48,752.5,18,34,508.9,22,58,80,7,25,7,12,7,-49,280,273,200,87,362.38775510204084,95.36033163265307,7.3501275510204085,12.044005102040817,700.0510204081634,672.8960459183673,372.3654336734694,119.88775510204083,10
259,John Konchar,Memphis Grizzlies,SG,57,299,19,46,385.8,8,9,266.7,11,29,391.6,19,45,64,29,20,13,17,9,-3,150,121,86,93,131.325,70.55625,15.0,7.125,291.05625,223.40625,166.425,118.10624999999999,10
260,Johnny Davis,Washington Wizards,G,38,178,16,40,371.4,3,4,150.0,3,13,83.3,4,15,19,12,13,5,0,5,-54,69,57,50,31,68.36472424557752,25.39542143600416,10.0,4.100416233090531,157.89438085327785,131.70083246618105,105.26795005202914,24.685744016649323,10
261,Johnny Juzang,Utah Jazz,G,63,180,24,54,372.6,1,1,100.0,14,41,276.8,4,14,18,9,15,0,6,0,-13,90,81,72,27,334.9462809917356,19.600206611570247,8.913223140495868,24.550619834710744,394.625,395.72004132231405,332.24793388429754,30.116735537190085,10
262,Jonas Valanciunas,New Orleans Pelicans,C,86,188,38,66,599.3,9,15,325.0,1,11,33.3,11,54,65,14,23,2,9,3,-17,165,151,100,79,183.21361058601136,51.78848981306449,18.486032346145766,1.0378071833648395,283.68431001890355,357.22642302037394,143.88363789119933,36.062381852552,10
263,Jonathan Isaac,Orlando Magic,PF,98,185,36,58,613.6,9,12,366.7,17,30,543.3,12,37,49,7,13,7,3,16,72,154,147,105,56,314.4444444444445,22.9765625,6.111111111111112,13.65017361111111,384.1293402777777,411.0043402777778,292.1111111111111,24.546006944444443,10
264,Jonathan Kuminga,Golden State Warriors,PF,202,306,78,150,521.6,38,48,706.7,8,20,300.1,9,39,48,23,32,10,20,4,15,273,250,225,71,279.2165289256198,71.65289256198346,12.249586776859505,9.682644628099174,319.2314049586777,278.40000000000003,318.1735537190083,85.77685950413223,10
265,Jontay Porter,Toronto Raptors,C,49,159,18,41,352.3,4,6,150.0,9,26,230.4,10,23,33,32,11,10,13,9,-28,114,82,81,65,215.4023668639053,32.251479289940825,58.16863905325444,15.943786982248522,472.0,275.0917159763314,386.0976331360947,116.63313609467455,10
266,Jordan Clarkson,Utah Jazz,PG,161,328,58,144,353.7,31,35,737.9,14,53,206.6,7,29,36,63,18,10,23,0,-70,260,197,224,99,1014.8698224852071,104.98224852071006,74.72485207100591,21.005917159763314,1435.3639053254435,1403.248520710059,1032.630177514793,194.0621301775148,10
267,Jordan Goodwin,Memphis Grizzlies,G,79,275,32,96,317.1,5,10,250.0,10,37,213.3,24,48,72,50,19,13,19,8,-56,201,151,129,122,197.53069719042665,195.0468262226847,70.2455775234131,14.041623309053069,585.5036420395422,493.0,188.01977107180022,367.30697190426633,10
268,Jordan Hawkins,New Orleans Pelicans,G,25,94,9,32,301.7,3,5,116.7,4,18,150.0,1,6,7,7,5,1,1,0,27,39,32,32,14,52.777777777777786,4.5506309633733455,6.292089873807326,4.7202216066482,55.47768544167436,57.03601108033241,55.60787934749154,6.454293628808864,10
269,Jordan McLaughlin,Minnesota Timberwolves,PG,55,164,19,32,540.4,2,2,100.0,15,22,541.7,4,12,16,27,2,2,2,0,79,98,71,82,43,195.87617065556714,12.649843912591052,41.91311134235171,18.760145681581683,259.67950052029136,209.35327783558793,251.94849115504687,48.816857440166494,10
270,Jordan Miller,LA Clippers,G,4,5,1,1,100.0,2,2,100.0,0,0,0.0,0,1,1,0,0,0,0,0,3,5,5,4,1,9.679012345679013,0.44444444444444453,0.0,0.0,14.271604938271604,14.271604938271604,9.679012345679013,0.44444444444444453,1
271,Jordan Nwora,Toronto Raptors,SF,115,220,45,86,522.4,13,16,500.0,12,36,330.2,5,44,49,18,9,9,26,5,-75,182,164,133,67,260.55702479338845,104.99999999999999,22.555371900826444,7.9305785123966945,613.5206611570247,505.15702479338836,306.52066115702485,189.95537190082644,10
272,Jordan Poole,Washington Wizards,SG,211,339,78,174,437.4,27,28,880.0,28,83,326.4,5,31,36,65,29,11,30,1,-83,312,247,276,101,854.3195794485222,24.914104344376117,134.83257290220195,23.602856576076174,1211.8091648482443,969.2114659789723,1050.9371156516565,205.72683991271575,10
273,Jordan Walsh,Boston Celtics,G,2,27,1,4,100.0,0,0,0.0,0,2,0.0,2,4,6,1,5,2,2,1,24,9,8,3,7,2.8099173553719012,13.355371900826448,0.8347107438016528,0.0,1.1983471074380163,4.0,6.68595041322314,7.512396694214876,2
274,Jose Alvarado,New Orleans Pelicans,PG,66,206,22,58,360.1,7,10,350.0,15,33,450.4,6,19,25,23,19,8,5,1,32,114,91,89,48,184.336,40.756,32.775999999999996,14.504000000000001,467.79600000000005,312.5,293.8,119.36399999999999,10
275,Josh Giddey,Oklahoma City Thunder,SG,169,270,69,118,572.5,15,23,513.6,16,37,379.2,15,60,75,57,13,2,18,7,64,301,244,226,132,587.8000000000001,93.00816326530612,104.89387755102041,24.693877551020407,985.0,742.6367346938775,694.065306122449,334.0,10
276,Josh Green,Dallas Mavericks,SG,67,259,28,55,498.7,4,5,80.0,7,23,270.0,11,24,35,13,16,11,9,2,-34,115,102,80,48,175.42568370986916,41.573127229488705,10.20332936979786,7.416171224732463,227.9346016646849,241.15576694411413,176.20927467300828,37.77170035671819,10
277,Josh Hart,New York Knicks,SG,103,410,41,96,401.5,17,21,441.6,4,24,106.6,21,79,100,68,27,11,20,1,102,271,203,171,168,610.3954110046782,142.51102695477834,104.48652261082646,5.704611271998218,1248.9616841167299,936.4707061706393,880.033637781243,289.8503007351303,10
278,Josh Minott,Minnesota Timberwolves,F,2,12,1,2,50.0,0,0,0.0,0,0,0.0,0,5,5,1,3,1,0,0,13,8,7,3,6,2.29585798816568,12.5,0.7396449704142012,0.10650887573964499,7.69526627218935,5.718934911242603,4.502958579881657,13.008875739644973,2
279,Josh Okogie,Phoenix Suns,SF,43,135,12,30,323.8,12,13,450.0,7,15,350.0,13,7,20,11,7,6,10,3,-9,74,63,54,31,138.82716049382717,12.493827160493828,7.203017832647462,6.215363511659809,200.6474622770919,191.0,143.2482853223594,24.923182441700963,10
280,Josh Richardson,Miami Heat,SG,98,211,38,76,433.2,6,6,200.0,16,45,301.7,4,26,30,19,16,5,3,2,3,147,128,117,49,296.8888888888889,20.0,10.88888888888889,27.555555555555557,468.0,427.55555555555554,344.0,24.22222222222222,9
281,Joshua Primo,LA Clippers,G,0,5,0,1,0.0,0,0,0.0,0,0,0.0,1,0,1,0,0,0,1,0,1,1,1,0,1,0.0,0.0,0.0,0.0,0.0,0.0,0.0,0.0,1
282,Jrue Holiday,Boston Celtics,PG,111,334,43,91,490.1,4,4,200.0,21,57,398.5,8,36,44,52,14,12,19,9,80,207,155,163,96,153.65625,60.706250000000004,61.625,9.05625,398.325,270.6,303.15625,100.55625,10
283,Jules Bernard,Washington Wizards,G,46,88,17,36,466.2,4,7,250.0,8,16,435.0,6,9,15,11,6,2,3,1,24,72,61,57,26,213.07962016070127,11.800584368151938,14.843681519357194,6.210372534696859,357.0372534696859,268.85244704163625,297.14755295836375,30.76113951789627,8
284,Julian Champagnie,San Antonio Spurs,F,76,258,26,66,325.0,10,14,433.4,14,41,257.9,5,23,28,13,13,7,10,7,-15,117,104,89,41,250.74048442906576,37.759948096885815,14.224913494809687,16.545415224913494,479.8689446366782,425.2339965397924,279.89273356401384,77.46756055363322,10
285,Julian Phillips,Chicago Bulls,F,39,132,13,31,272.9,7,8,266.7,6,13,283.4,6,12,18,5,12,5,3,1,-11,62,57,44,23,170.91975308641975,27.290123456790123,6.777777777777779,6.401234567901234,314.4444444444444,289.44444444444446,184.5493827160494,45.43827160493827,10
286,Julian Strawther,Denver Nuggets,G,23,49,8,22,83.0,4,4,200.0,3,15,48.6,1,4,5,5,4,1,4,0,-3,33,28,28,10,139.81893860561914,8.20499479708637,4.863683662851197,3.2486992715920913,233.0,200.1862643080125,165.5920915712799,20.10926118626431,3
287,Julius Randle,New York Knicks,PF,66,99,23,48,142.2,14,14,300.0,6,11,195.0,8,17,25,18,7,1,10,0,25,109,91,84,43,98.0,2.666666666666667,14.0,2.0,140.66666666666669,120.66666666666666,126.0,8.666666666666668,3
288,Justin Champagnie,Washington Wizards,SF,66,161,22,54,271.8,10,12,250.0,12,35,218.3,14,21,35,13,11,7,8,5,-46,114,101,79,48,290.0,86.22222222222221,7.913580246913581,12.222222222222223,753.2098765432099,673.5555555555555,342.8024691358025,120.98765432098764,8
289,Justin Holiday,Denver Nuggets,SF,36,150,14,35,299.6,0,0,0.0,8,21,250.0,3,11,14,6,10,6,2,3,10,56,50,42,20,138.9342403628118,10.496850592088688,11.532375913328293,10.066011589821112,271.9002267573696,194.81279919375157,203.48400100781052,34.56689342403628,10
290,Justin Minaya,Portland Trail Blazers,F,14,110,5,19,199.89999999999998,1,2,50.0,3,14,116.6,7,11,18,4,8,3,4,3,-44,36,32,18,22,22.425,16.65625,2.9062499999999996,2.125,48.9,54.356249999999996,17.90625,18.625,10
291,Jusuf Nurkic,Phoenix Suns,C,84,277,31,73,401.7,21,36,428.1,1,2,50.0,41,82,123,39,29,9,18,9,15,246,207,123,162,210.12093523246438,351.2112335393711,22.940876108572965,0.9118516527815104,876.9728567589358,898.4076861058855,198.73824240795486,364.0999731255039,10
292,Karl-Anthony Towns,Minnesota Timberwolves,C,193,306,66,146,451.8,41,47,734.2,20,56,341.5,20,55,75,29,33,8,24,8,98,297,268,222,104,265.0493827160493,98.62345679012346,46.91975308641975,18.771604938271604,548.530864197531,414.4012345679012,362.2777777777778,182.44444444444443,10
293,Kawhi Leonard,LA Clippers,SF,239,347,93,173,538.7,37,43,815.0,16,45,350.8,14,45,59,28,12,13,23,11,38,326,298,267,87,125.67722681359045,60.90449954086318,8.631772268135904,8.466942148760332,202.40449954086316,148.5,148.1179981634527,101.0,10
294,Keegan Murray,Sacramento Kings,SF,177,352,70,144,493.2,7,12,266.7,30,77,388.7,15,36,51,18,29,6,8,11,46,246,228,195,69,246.4183673469388,69.9795918367347,13.63265306122449,30.22244897959184,284.3367346938776,199.47959183673464,318.5,96.38775510204081,10
295,Keita Bates-Diop,Brooklyn Nets,SF,35,85,12,20,615.0,6,6,300.0,5,11,350.0,3,10,13,5,1,2,5,4,-13,53,48,40,18,52.10000000000001,16.81111111111111,4.677777777777777,5.4,94.5,87.3777777777778,51.511111111111106,29.2,10
296,Keldon Johnson,San Antonio Spurs,SF,160,297,56,113,491.7,25,30,584.2,23,61,384.9,15,43,58,21,14,4,9,1,-21,239,218,181,79,296.190103239587,57.337130651477395,24.901744393022426,28.488074047703808,332.78640085439645,356.1345674617302,312.6034175863296,42.47739409042364,10
297,Kelly Olynyk,Toronto Raptors,PF,134,288,55,94,595.7,17,22,575.0,7,23,308.3,17,40,57,65,41,12,38,8,-110,256,191,199,122,125.62080640196982,30.164666051092645,90.98337950138504,4.1000307787011385,394.6383502616189,188.11111111111114,336.7777777777777,116.51831332717758,10
298,Kelly Oubre Jr.,Philadelphia 76ers,SG,189,342,70,162,427.0,29,33,521.4,20,56,291.5,18,45,63,24,24,13,23,15,33,276,252,213,87,518.369140625,87.29931640625,31.07275390625,32.34619140625,803.197265625,752.33837890625,586.69384765625,100.90625,10
299,Kendall Brown,Indiana Pacers,SG,3,19,1,2,100.0,1,2,50.0,0,0,0.0,1,0,1,0,4,0,0,0,-12,4,4,3,1,6.148148148148149,0.6666666666666667,0.3333333333333333,0.0,11.592592592592592,10.814814814814817,6.925925925925926,1.0,3
300,Kenneth Lofton Jr.,Philadelphia 76ers,F,2,5,1,4,25.0,0,0,0.0,0,2,0.0,0,1,1,0,0,0,0,0,-4,3,3,2,1,0.0,0.0,0.0,0.0,0.0,0.0,0.0,0.0,1
301,Kenrich Williams,Oklahoma City Thunder,SF,68,168,28,54,557.9,2,2,100.0,10,25,383.3,16,18,34,10,17,10,2,2,16,112,102,78,44,55.322265625,50.40478515625,6.02197265625,6.244140625,127.5390625,98.74462890625,68.09619140625,72.447265625,10
302,Kentavious Caldwell-Pope,Denver Nuggets,SG,102,338,35,74,441.0,8,11,450.0,24,50,433.8,4,26,30,26,25,11,10,11,92,158,132,128,56,357.65478515625,23.07666015625,20.53369140625,28.68603515625,570.52978515625,447.837890625,449.587890625,74.369140625,10
303,Kenyon Martin Jr.,Philadelphia 76ers,F,42,157,17,38,444.4,6,10,300.0,2,6,150.0,12,21,33,15,20,3,5,3,25,90,75,57,48,104.76644642344154,141.17006607296756,12.759264579143924,1.6139040505601838,503.31169204251654,426.41798333812125,161.7135880494111,173.8758977305372,10
304,Keon Ellis,Sacramento Kings,G,82,287,27,58,411.6,11,13,525.0,17,39,387.1,11,33,44,23,34,15,7,8,60,149,126,105,67,300.3343187315238,64.15909701693093,31.080085998387535,20.762429454447734,593.083848427842,411.59795753829616,453.5262026337006,123.53319000268745,10
305,Keon Johnson,Brooklyn Nets,G,12,26,3,8,73.3,4,4,100.0,2,4,133.3,2,1,3,2,2,2,2,0,-9,17,15,14,5,18.88888888888889,0.5555555555555556,2.2222222222222223,0.22222222222222227,27.222222222222225,13.888888888888888,34.0,1.0,2
306,Kessler Edwards,Sacramento Kings,SF,36,93,13,29,356.7,1,4,50.0,9,20,361.7,4,13,17,4,10,5,1,1,2,57,53,40,21,127.34852260590958,22.113563545745816,2.701317194731222,9.892844428622285,183.26272694909224,170.0245639017444,129.4944820220719,35.90708437166251,10
307,Kevin Durant,Phoenix Suns,PF,227,357,90,169,524.3,23,26,691.7,24,60,427.3,5,66,71,39,15,12,34,14,44,337,298,266,110,461.0557958477509,59.0121107266436,29.201124567474047,12.583044982698961,672.19723183391,585.0782871972318,541.607266435986,94.78070934256056,10
308,Kevin Huerter,Sacramento Kings,SG,72,231,29,79,330.1,2,4,100.0,12,45,205.0,6,24,30,25,23,8,11,2,5,127,102,97,55,288.7933884297521,30.44995408631772,4.61248852157943,16.24793388429752,456.10743801652893,441.77777777777777,290.6730945821855,47.51239669421488,10
309,Kevin Knox II,Detroit Pistons,SF,22,89,9,26,148.9,3,3,200.0,1,11,33.3,3,11,14,4,9,2,6,0,21,40,36,26,18,115.33333333333334,19.333333333333336,3.3333333333333335,0.8333333333333335,167.33333333333331,188.0,101.33333333333334,16.0,6
310,Kevin Love,Miami Heat,PF,88,163,31,71,428.6,9,12,233.3,17,51,316.0,13,54,67,21,21,3,10,4,39,176,155,109,88,333.73456790123464,149.8641975308642,16.919753086419753,16.5,684.3456790123457,606.2530864197531,388.1111111111111,190.5,10
311,Kevon Looney,Golden State Warriors,F,38,112,14,25,585.0,10,13,425.0,0,0,0.0,11,25,36,9,19,1,5,1,10,83,74,47,45,50.97959183673469,51.41357767596835,3.0,0.0,146.12203248646398,150.42815493544356,48.83673469387755,52.2503123698459,10
312,Keyontae Johnson,Oklahoma City Thunder,F,5,39,2,8,66.7,0,0,0.0,1,2,100.0,2,4,6,2,4,0,2,0,-15,13,11,7,8,20.0,7.0,1.2653061224489797,0.8163265306122451,29.69387755102041,35.0,17.26530612244898,5.6938775510204085,5
313,Keyonte George,Utah Jazz,G,128,329,40,131,302.7,36,38,870.8,12,63,203.2,0,32,32,47,13,5,40,0,-131,207,160,175,79,243.67611184087073,31.772940514167765,50.14505535747795,11.693375867892662,199.9844248451867,211.68774629386377,264.94933383373984,48.94145243009945,10
314,Khris Middleton,Milwaukee Bucks,SF,153,299,61,122,530.3,12,15,405.0,19,47,502.1,11,46,57,64,35,9,25,3,13,274,210,217,121,384.2,71.0,48.8,6.90204081632653,630.8,473.6,502.20000000000005,159.0,10
315,Killian Hayes,Detroit Pistons,PG,18,79,7,14,209.6,1,3,33.3,3,6,100.0,0,15,15,20,4,0,5,2,-12,53,33,38,35,27.0,18.75,54.0,2.75,252.75,74.75,153.0,124.75,4
316,Kira Lewis Jr.,Utah Jazz,PG,19,62,7,19,119.4,3,4,75.0,2,8,83.3,2,4,6,9,3,1,5,0,-28,34,25,28,15,101.93133674214755,19.057706355003656,13.379839298758217,1.2841490138787437,276.2417823228634,206.4689554419284,152.53104455807159,51.610664718772824,5
317,Klay Thompson,Golden State Warriors,SG,199,296,74,153,478.7,10,10,600.0,41,101,396.8,3,23,26,30,15,7,17,2,55,255,225,229,56,360.47455621301776,24.932544378698225,34.57751479289941,28.82248520710059,502.6828402366865,444.4059171597633,425.0946745562129,53.16686390532545,10
318,Kobe Brown,LA Clippers,G,6,32,3,7,200.0,0,0,0.0,0,2,0.0,4,6,10,2,5,0,3,0,-20,18,16,8,12,13.8125,14.204081632653063,1.739795918367347,0.0063775510204081625,29.557397959183675,22.44515306122449,12.230867346938776,24.637755102040817,5
319,Kobe Bufkin,Atlanta Hawks,G,39,111,16,43,233.4,1,2,50.0,6,22,168.3,2,12,14,18,8,5,5,4,9,71,53,57,32,92.2189349112426,4.662721893491124,16.526627218934912,2.857988165680473,135.58579881656806,108.33727810650888,120.0,20.65680473372781,7
320,Kobi Simmons,Toronto Raptors,G,20,67,9,21,183.4,0,0,0.0,2,8,100.0,1,6,7,12,5,6,1,2,-31,39,27,32,19,15.384083044982699,3.0622837370242215,18.498269896193772,1.0311418685121108,8.709342560553633,23.76124567474048,5.54325259515571,16.34948096885813,4
321,Kris Dunn,Utah Jazz,G,47,211,20,52,362.1,1,2,50.0,6,20,200.0,8,25,33,34,27,8,7,5,-58,114,80,81,67,97.325,42.144444444444446,44.5,6.469444444444444,306.2027777777778,224.1361111111111,157.925,108.11111111111111,10
322,Kris Murray,Portland Trail Blazers,F,87,317,36,89,347.8,4,8,166.7,11,43,179.2,16,31,47,20,21,13,10,5,-75,154,134,107,67,416.6580550304558,32.138836378911996,20.033606385213194,16.90170132325142,511.67107750472593,533.2913253518168,392.96555345515645,54.244696492333546,10
323,Kristaps Porzingis,Boston Celtics,C,207,309,76,158,494.8,34,39,887.5,21,59,372.5,22,55,77,25,28,11,15,23,65,309,284,232,102,97.08367768595042,93.65702479338843,15.243801652892564,19.050619834710744,424.6373966942149,347.61673553719015,143.03822314049586,139.96694214876032,10
324,Kyle Anderson,Minnesota Timberwolves,SF,86,261,33,69,447.0,17,21,585.0,3,6,150.0,11,32,43,56,16,15,6,10,86,185,129,142,99,148.99853515625,28.46337890625,43.73681640625,2.19384765625,323.73681640625,238.447265625,196.494140625,109.994140625,10
325,Kyle Kuzma,Washington Wizards,SF,218,366,85,181,489.6,37,47,775.0,11,43,218.6,3,70,73,51,24,7,36,7,-27,342,291,269,124,512.2239999999999,58.403999999999996,59.256,16.664,740.7239999999999,550.356,706.856,113.396,10
326,Kyle Lowry,Philadelphia 76ers,PG,87,300,28,63,462.9,12,16,500.0,19,45,455.0,3,25,28,45,25,9,13,4,15,160,115,132,73,362.1072485207101,38.0155325443787,85.03254437869823,11.255177514792898,582.1301775147929,427.0325443786982,494.26405325443784,145.9889053254438,10
327,Kyrie Irving,Dallas Mavericks,PG,259,368,99,191,523.5,31,33,783.3,30,76,381.7,7,37,44,65,23,16,20,3,87,368,303,324,109,243.32059752944556,46.51766733697213,111.6888825050273,20.00287273771905,408.274059178397,238.19333524849182,356.96409077851195,214.64378052283826,10
328,LaMelo Ball,Charlotte Hornets,PG,32,55,12,37,66.1,5,6,150.0,3,17,34.7,1,5,6,15,10,3,7,0,-49,53,38,47,21,2.0,2.0,0.5,0.5,4.5,8.0,0.5,0.5,2
329,Lamar Stevens,Memphis Grizzlies,PF,103,228,40,102,416.6,18,22,466.6,5,24,245.0,13,33,46,9,14,10,6,6,5,158,149,112,55,133.5877551020408,35.779591836734696,8.175510204081633,2.6,184.9795918367347,158.90204081632652,165.11836734693878,38.50204081632653,10
330,Landry Shamet,Washington Wizards,SG,55,184,20,55,273.1,7,7,300.0,8,35,104.1,4,10,14,8,12,4,9,2,-68,77,69,63,22,330.90000000000003,22.5,5.700000000000001,15.624999999999998,463.7,413.80000000000007,373.0,35.99999999999999,10
331,Larry Nance Jr.,New Orleans Pelicans,PF,69,235,28,47,574.6,8,10,316.7,5,12,216.6,19,29,48,18,17,7,3,0,-12,135,117,87,66,166.66650390625,92.20947265625,9.83447265625,4.5390625,443.79150390625,412.7265625,193.775390625,106.0,10
332,Lauri Markkanen,Utah Jazz,PF,223,347,68,170,401.2,57,60,956.7,30,80,363.3,20,49,69,26,14,11,18,4,-42,318,292,249,95,334.8261504747991,129.06135865595326,45.68298027757487,34.00730460189919,657.4915997078159,517.5704894083273,451.0029218407597,198.48867786705623,10
333,LeBron James,Los Angeles Lakers,SF,256,355,92,160,579.8,52,67,790.3,20,41,398.3,9,74,83,87,10,8,40,3,87,426,339,343,170,614.0832342449465,93.86979785969085,36.71640903686089,64.14565992865637,542.2877526753864,549.2467300832343,575.4131985731273,162.29726516052318,10
334,Leaky Black,Charlotte Hornets,F,31,166,10,27,332.1,7,10,275.0,4,10,150.0,5,22,27,14,13,2,3,4,-26,72,58,45,41,88.94444444444446,34.5,8.625,8.402777777777779,120.40277777777777,85.77777777777777,110.56944444444443,56.125,10
335,Leonard Miller,Minnesota Timberwolves,F,5,10,2,3,100.0,0,0,0.0,1,1,100.0,0,1,1,4,0,1,0,0,15,10,6,9,5,19.938775510204085,0.5555555555555556,3.0657596371882088,0.8276643990929706,40.22222222222222,26.78004535147392,32.55555555555556,4.446712018140589,2
336,Lester Quinones,Golden State Warriors,G,52,148,18,49,323.7,9,13,325.0,7,29,200.0,7,17,24,12,16,2,5,0,-30,88,76,64,36,233.4958448753463,22.952908587257625,13.81717451523546,10.1398891966759,334.1662049861496,357.1024930747923,224.67036011080336,22.65927977839335,10
337,Lindy Waters III,Oklahoma City Thunder,F,39,86,14,34,423.3,1,1,100.0,10,25,316.6,5,14,19,5,7,1,3,2,-45,63,58,44,24,112.12629757785467,30.479238754325262,4.716262975778546,13.814878892733566,222.95155709342558,188.0,133.51730103806227,48.75605536332179,10
338,Lonnie Walker IV,Brooklyn Nets,G,39,123,15,53,327.9,3,4,150.0,6,29,153.3,2,16,18,7,5,0,4,4,-22,64,57,46,25,203.72852628555012,41.875897730537204,8.428899741453606,10.588336684860673,479.0267164607871,373.22349899454184,280.12927319735707,79.70726802642919,10
339,Luguentz Dort,Oklahoma City Thunder,G,97,285,28,77,362.7,28,33,775.0,13,50,246.7,8,31,39,17,28,7,15,4,10,153,136,114,56,120.11836734693878,45.25918367346938,16.10204081632653,11.816326530612244,297.93673469387755,240.36122448979592,168.4326530612245,70.62244897959182,10
340,Luka Doncic,Dallas Mavericks,PG,297,367,100,226,442.6,55,75,730.6,42,107,380.4,12,88,100,99,18,15,41,1,104,496,397,396,199,665.7,68.02499999999999,145.125,47.93611111111111,710.9000000000001,905.3249999999999,445.42499999999995,239.0,10
341,Luka Garza,Minnesota Timberwolves,C,61,70,23,45,310.8,8,11,266.7,7,21,233.3,10,6,16,2,9,3,3,1,4,79,77,63,18,143.7768166089965,22.21453287197232,1.6937716262975777,3.4238754325259513,245.0,220.16435986159166,166.6262975778547,25.894463667820062,6
342,Luka Samanic,Utah Jazz,F,54,131,16,44,338.8,17,23,521.4,5,22,203.3,5,29,34,6,11,1,6,5,-54,94,88,60,40,197.11111111111114,56.51056014692379,5.471074380165289,3.0165289256198347,446.8962350780532,387.35904499540857,241.6730945821855,76.95684113865933,10
343,Luke Kennard,Memphis Grizzlies,SG,118,282,40,88,429.0,9,9,500.0,29,64,450.4,2,28,30,53,7,6,24,1,-63,201,148,171,83,481.66207529843894,10.082644628099175,60.41965105601469,27.069788797061523,672.9008264462809,491.8879706152434,653.0,80.17722681359045,10
344,Luke Kornet,Boston Celtics,C,55,181,22,35,642.7,11,12,350.0,0,0,0.0,21,28,49,17,9,5,2,9,51,121,104,72,66,178.91495198902604,181.44444444444443,43.882716049382715,0.0,796.2832647462277,572.3100137174212,309.5178326474623,318.6975308641976,10
345,M. Pereira,Memphis Grizzlies,F,14,54,5,14,140.0,3,5,75.0,1,5,50.0,7,9,16,1,6,4,2,3,-7,31,30,15,17,29.006944444444443,36.50694444444444,0.7777777777777779,0.7569444444444444,132.11111111111114,115.77777777777777,36.8125,45.8125,4
346,M. Williams,Toronto Raptors,C,0,31,0,7,0.0,0,0,0.0,0,2,0.0,1,4,5,1,1,1,1,2,-24,6,5,1,6,0.0,0.0,0.0,0.0,0.0,0.0,0.0,0.0,1
347,Malachi Flynn,Detroit Pistons,PG,133,183,48,93,431.6,19,27,466.7,18,45,353.5,6,24,30,19,9,9,13,2,-71,182,163,152,49,1955.1240000000003,33.476,31.400000000000002,22.735999999999997,2836.064,2415.8639999999996,2333.9240000000004,106.276,10
348,Malaki Branham,San Antonio Spurs,G,94,202,37,87,395.1,9,13,366.7,11,37,280.8,5,13,18,16,11,2,9,0,-9,128,112,110,34,464.75298438934806,23.600091827364558,14.698347107438018,12.994031221303949,611.6014692378328,559.9416896235078,504.00229568411385,50.7089072543618,10
349,Malcolm Brogdon,Portland Trail Blazers,PG,102,218,37,83,266.20000000000005,17,19,433.3,11,30,202.89999999999998,7,22,29,40,13,4,17,2,4,171,131,142,69,100.0,28.833333333333336,7.333333333333334,6.833333333333334,113.5,66.83333333333334,151.33333333333331,31.5,6
350,Malik Beasley,Milwaukee Bucks,SG,121,311,42,112,378.9,7,7,300.0,30,88,346.9,2,28,30,11,18,4,7,2,-20,162,151,132,41,275.3694444444444,26.71111111111111,10.969444444444443,22.136111111111113,290.8111111111111,301.2361111111111,280.5,22.125000000000004,10
351,Malik Monk,Sacramento Kings,SG,157,272,57,138,394.0,31,33,730.0,12,58,166.1,6,27,33,44,31,6,17,2,13,234,190,201,77,653.7845804988663,24.25724363819602,14.982111363063742,11.617031997984379,877.3560090702948,822.5527840765936,694.3827160493827,53.44444444444444,10
352,Mamadi Diakite,New York Knicks,F,0,5,0,0,0.0,0,0,0.0,0,0,0.0,0,1,1,0,1,1,0,0,0,1,1,0,1,0.0,0.308641975308642,0.0,0.0,0.308641975308642,0.308641975308642,0.0,0.308641975308642,1
353,MarJon Beauchamp,Milwaukee Bucks,F,30,42,10,16,350.0,7,8,175.0,3,7,200.0,2,9,11,1,4,1,3,0,-17,42,41,31,12,64.50666666666666,13.240000000000002,0.8933333333333334,2.0400000000000005,123.75999999999999,112.33333333333331,72.36000000000001,17.706666666666667,6
354,Marcus Morris Sr.,Cleveland Cavaliers,SF,57,139,21,47,367.6,4,6,200.0,11,25,383.3,3,17,20,9,8,2,9,2,-32,86,77,66,29,106.87534626038781,48.199445983379505,9.0,10.02770083102493,201.51246537396122,210.09141274238226,99.61218836565097,55.88365650969529,8
355,Marcus Morris Sr.,Philadelphia 76ers,SF,14,43,6,15,80.0,0,0,0.0,2,5,50.0,0,8,8,1,2,2,2,1,-12,23,22,15,9,18.034626038781163,5.602493074792244,1.0,2.1121883656509697,25.509695290858726,34.930747922437675,13.297783933518005,1.918282548476454,2
356,Marcus Sasser,Detroit Pistons,G,88,274,31,95,328.7,11,12,190.0,15,48,313.8,2,24,26,43,20,7,16,1,-83,157,114,131,69,325.2633602460592,17.730103806228374,36.10188389081122,8.777777777777779,455.8581314878893,326.3683198769704,450.45328719723193,58.131872356785856,10
357,Markelle Fultz,Orlando Magic,PG,51,177,23,65,366.3,3,3,200.0,2,4,66.7,12,15,27,24,18,7,11,3,44,102,78,75,51,132.9283631820075,54.1570179092045,36.85047896709704,3.6026655560183256,338.10912119950024,246.6438983756768,215.67305289462723,99.72802998750521,10
358,Markieff Morris,Dallas Mavericks,PF,5,11,2,3,150.0,0,0,0.0,1,2,50.0,0,2,2,0,0,0,0,0,4,7,7,5,2,1.0,2.4260355029585803,0.2958579881656805,0.5266272189349113,5.165680473372782,6.349112426035504,0.5266272189349113,2.0118343195266273,2
359,Marques Bolden,Charlotte Hornets,C,11,43,5,7,166.7,1,2,50.0,0,0,0.0,3,11,14,0,4,1,1,1,-10,25,25,11,14,35.532544378698226,42.71005917159763,0.0,0.0,155.5562130177515,155.5562130177515,35.532544378698226,42.71005917159763,4
360,Marvin Bagley III,Washington Wizards,PF,134,238,58,89,623.5,12,13,600.0,6,8,450.0,23,49,72,8,11,5,10,9,3,214,206,142,80,338.625,93.625,15.825,4.5,418.02500000000003,388.0,346.0,132.1,10
361,Mason Jones,Sacramento Kings,G,7,18,2,6,66.7,1,2,50.0,2,5,66.7,1,4,5,5,0,1,1,0,3,17,12,12,10,15.806122448979592,11.39795918367347,11.39795918367347,2.1632653061224487,50.5,21.755102040816322,21.755102040816322,45.59183673469388,2
362,Mason Plumlee,LA Clippers,C,42,101,15,24,563.3,12,17,400.0,0,0,0.0,12,25,37,7,17,1,7,6,12,86,79,49,44,83.77777777777779,68.14444444444445,10.236111111111112,0.0,226.425,248.94444444444446,72.90277777777777,66.73611111111111,10
363,Matisse Thybulle,Portland Trail Blazers,SG,67,209,25,53,398.9,5,7,200.0,12,31,335.0,7,24,31,20,14,17,12,7,-23,118,98,87,51,338.8434903047091,39.325484764542935,20.249307479224377,12.531855955678669,707.3573407202216,558.770083102493,458.20637119113564,88.79916897506926,10
364,Matt Ryan,New Orleans Pelicans,F,28,72,10,27,233.3,0,0,0.0,8,21,194.4,1,8,9,2,7,0,2,0,-8,39,37,30,11,203.07372175980976,18.28061831153389,1.5588585017835908,18.636147443519622,345.38644470868013,331.0,215.69797859690846,21.601664684898928,9
365,Matthew Hurt,Memphis Grizzlies,F,32,110,12,33,215.9,3,3,200.0,5,19,233.4,9,7,16,4,8,3,2,3,-7,52,48,36,20,163.8343195266272,34.95857988165681,4.934911242603551,5.335798816568047,360.0,296.6272189349112,213.72781065088756,53.37278106508876,7
366,Max Christie,Los Angeles Lakers,G,40,121,16,32,569.4,1,2,50.0,7,15,300.0,3,18,21,7,4,2,4,1,19,68,61,47,28,150.11892164273118,36.40539178634417,8.227009322247417,6.227009322247417,397.1740992693373,303.9750566893424,213.38347190728143,74.56689342403628,10
367,Max Strus,Cleveland Cavaliers,SG,122,304,41,92,422.6,14,16,441.7,26,64,374.8,9,31,40,41,22,10,21,3,-52,203,162,163,81,287.625,88.06944444444444,50.17438271604938,39.43827160493827,436.02623456790127,373.77777777777777,264.82716049382714,223.29012345679013,10
368,Maxi Kleber,Dallas Mavericks,PF,25,168,9,23,391.7,2,4,100.0,5,15,266.7,5,16,21,15,16,6,4,5,35,61,46,40,36,73.55567117585848,21.057752341311133,16.502601456815817,6.760145681581686,141.41363163371489,100.45421436004165,113.3652445369407,38.710197710718006,10
369,Maxwell Lewis,Los Angeles Lakers,F,2,11,1,5,25.0,0,0,0.0,0,2,0.0,1,0,1,2,0,0,0,0,-15,5,3,4,3,3.020408163265307,0.8432653061224489,3.020408163265307,0.0,7.2922448979591845,7.047346938775511,4.081632653061225,3.04734693877551,2
370,Micah Potter,Utah Jazz,C,34,119,12,20,375.0,3,3,200.0,7,12,350.0,5,18,23,2,5,1,3,2,-2,59,57,36,25,143.95132325141776,10.696124763705104,1.5619092627599245,7.88327032136106,173.09310018903594,158.351606805293,158.80529300567107,12.14555765595463,9
371,Michael Porter Jr.,Denver Nuggets,SF,180,334,68,139,494.7,17,20,596.7,27,66,432.6,13,64,77,17,15,7,15,4,50,274,257,197,94,364.3764758298062,109.47092893740253,20.11873468478503,8.10804188015148,355.08977500556915,408.10046781020276,290.6631766540432,150.292269993317,10
372,Mikal Bridges,Brooklyn Nets,SF,177,361,63,151,418.0,12,16,516.7,39,95,416.9,10,29,39,38,12,15,19,3,-45,254,216,215,77,162.83217993079583,53.25432525951557,19.625,19.96583044982699,210.0713667820069,224.5051903114187,156.98659169550172,64.29108996539793,10
373,Mike Conley,Minnesota Timberwolves,PG,165,291,57,107,514.5,20,23,596.7,31,62,476.79999999999995,5,16,21,53,20,18,15,3,52,239,186,218,74,475.95265348595217,26.3735691987513,44.242455775234134,35.59729448491155,579.1847034339231,537.2471383975026,525.5738813735692,62.93236212278876,10
374,Mike Muscala,Oklahoma City Thunder,C,25,108,9,33,234.2,1,2,50.0,6,23,150.0,5,13,18,6,5,3,1,2,16,49,43,31,24,108.95085066162571,18.352551984877127,7.550094517958412,12.034971644612476,236.60586011342158,200.382797731569,131.20037807183365,39.876181474480155,10
375,Miles Bridges,Charlotte Hornets,SF,212,395,83,176,466.2,25,34,601.1,21,69,254.3,15,57,72,39,12,7,20,3,-120,323,284,251,111,412.5,52.81373569198752,48.98751300728408,43.20343392299688,577.1784599375651,484.60405827263264,461.32622268470345,145.54942767950052,10
376,Miles McBride,New York Knicks,PG,167,407,58,120,427.8,17,19,633.3,34,79,355.8,10,17,27,30,32,11,7,2,55,224,194,197,57,924.1352194252617,18.09155713967476,30.887057251058145,75.92470483403876,1198.4526620628203,957.9906437959455,1137.8015148139896,75.77433726887948,10
377,Mitchell Robinson,New York Knicks,C,17,57,6,14,133.3,5,14,133.3,0,0,0.0,14,8,22,2,5,1,4,3,-7,41,39,19,24,49.22485207100591,78.0,3.479289940828403,0.0,168.62130177514794,172.45562130177515,40.77514792899408,86.09467455621302,4
378,Mo Bamba,Philadelphia 76ers,C,76,209,28,49,541.1,11,15,425.0,9,23,340.0,16,48,64,12,28,9,9,14,-10,152,140,88,76,143.50520291363165,43.73413111342352,15.783558792924039,5.26222684703434,263.3111342351717,256.6326742976067,170.21904266389177,39.48231009365245,10
379,Monte Morris,Minnesota Timberwolves,PG,56,160,20,42,475.8,6,8,200.0,10,22,310.0,1,14,15,20,6,10,2,3,36,91,71,76,35,153.06944444444446,12.544444444444444,26.002777777777776,10.336111111111112,350.5,218.3027777777778,271.2444444444444,52.56944444444445,10
380,Moritz Wagner,Orlando Magic,C,100,148,40,59,705.1,12,15,550.0,8,16,400.0,12,23,35,15,13,4,12,2,40,150,135,115,50,210.02585463947142,55.95432347026716,40.70755530020109,5.960356219477161,332.3476012640046,301.5923585176673,214.87991956334386,122.56305659293307,10
381,Moses Brown,Portland Trail Blazers,C,34,79,14,27,393.3,6,21,140.8,0,0,0.0,12,11,23,4,10,1,4,4,-13,61,57,38,27,72.4297520661157,26.09274563820018,6.001836547291092,0.0,148.32966023875116,119.15059687786959,88.51423324150598,45.18916437098255,8
382,Moses Moody,Golden State Warriors,SG,85,166,30,56,555.2,10,11,450.0,15,30,446.7,7,17,24,11,20,6,5,3,32,120,109,96,35,169.75651577503427,28.406721536351167,11.203017832647461,20.91495198902606,392.0,301.721536351166,238.92524005486968,60.71947873799726,10
383,Mouhamadou Gueye,Toronto Raptors,F,23,89,10,30,326.2,3,8,125.0,0,3,0.0,10,7,17,4,9,2,11,12,-74,44,40,27,21,14.875,26.3203125,4.03125,0.0,63.8828125,50.6953125,30.40625,28.0078125,8
384,Moussa Diabate,LA Clippers,F,2,7,1,1,100.0,0,2,0.0,0,0,0.0,1,3,4,0,0,1,0,1,1,6,6,2,4,0.0,0.0,0.0,0.0,0.0,0.0,0.0,0.0,1
385,Myles Turner,Indiana Pacers,C,145,256,52,108,480.2,20,29,658.4,21,49,380.9,10,49,59,12,26,4,10,20,40,216,204,157,71,427.16389177939647,35.501040582726326,15.633714880332986,28.300208116545267,505.11342351716957,538.1956295525495,411.3969823100936,33.81945889698231,10
386,Naji Marshall,New Orleans Pelicans,SF,70,217,30,60,485.9,1,2,100.0,9,22,432.1,5,36,41,17,15,9,6,1,58,128,111,87,58,182.51652892561984,55.157943067033976,10.107438016528926,12.915518824609734,438.90036730945826,382.4044995408632,228.5,75.77777777777777,10
387,Nassir Little,Phoenix Suns,SF,18,64,7,18,258.3,0,0,0.0,4,11,250.0,0,11,11,5,7,0,1,2,-9,34,29,23,16,35.777142857142856,14.714285714285717,4.251428571428571,1.9942857142857142,57.748571428571424,51.52,40.919999999999995,20.05142857142857,7
388,Nate Hinton,Houston Rockets,G,12,22,4,7,110.0,2,3,66.7,2,3,66.7,1,5,6,3,4,1,1,2,10,21,18,15,9,48.05555555555556,6.722222222222221,1.3888888888888884,2.5,97.38888888888886,75.55555555555557,65.0,13.0,2
389,Nathan Mensah,Charlotte Hornets,C,4,59,2,5,66.7,0,0,0.0,0,0,0.0,4,6,10,1,13,2,1,4,-17,15,14,5,11,13.75,9.9375,0.859375,0.0,41.359375,44.4375,13.484375,7.984375,7
390,Naz Reid,Minnesota Timberwolves,C,173,284,65,139,464.9,15,19,655.0,28,71,364.7,8,60,68,24,19,11,17,11,75,265,241,197,92,403.3808532778356,107.17429760665972,27.31945889698231,42.92872008324662,726.0421436004162,691.8631633714881,427.55359001040586,144.5,10
391,Neemias Queta,Boston Celtics,C,39,80,19,26,443.4,1,2,100.0,0,0,0.0,12,17,29,4,8,3,4,6,63,72,68,43,33,78.9375,55.24609375,2.12109375,0.0,228.734375,238.96484375,76.33984375,49.734375,7
392,Nic Claxton,Brooklyn Nets,C,114,311,50,78,673.0,14,33,455.0,0,1,0.0,35,75,110,18,25,10,17,15,-38,242,224,132,128,230.4031141868512,110.07482698961937,10.0,0.0,375.1647923875433,376.7530276816609,223.9325259515571,124.95717993079585,10
393,Nick Jr. Smith,Charlotte Hornets,G,45,161,15,58,283.3,7,8,87.5,8,30,200.0,2,13,15,18,16,3,6,0,-3,78,60,63,33,187.56198347107434,18.356404958677683,27.1404958677686,11.867768595041323,345.0051652892562,230.67458677685948,273.2644628099173,74.125,10
394,Nick Richards,Charlotte Hornets,C,89,283,37,55,670.2,15,21,425.0,0,0,0.0,22,67,89,8,21,3,9,6,-45,186,178,97,97,121.42659279778394,217.7177593105571,9.665127731609727,0.0,317.4324407510003,332.0510926438904,112.7463835026162,221.44444444444446,10
395,Nickeil Alexander-Walker,Minnesota Timberwolves,SG,79,240,29,66,442.7,2,3,100.0,19,45,429.6,3,16,19,19,16,5,7,4,91,117,98,98,38,176.59010915571398,21.8545333036311,23.948986411227448,16.988416128313656,357.48340387614167,225.99821786589442,282.2740031187347,71.60481176208509,10
396,Nicolas Batum,Philadelphia 76ers,PF,61,289,23,49,390.4,1,2,50.0,14,35,308.3,13,38,51,23,15,11,12,7,22,135,112,84,74,317.329081632653,48.67602040816326,42.564413265306115,24.625,472.4011479591837,411.95918367346934,358.186862244898,110.8246173469388,10
397,Nikola Jokic,Denver Nuggets,C,299,370,119,212,560.6,50,62,821.6,11,36,282.5,22,107,129,80,20,12,31,7,115,508,428,379,209,524.8621227887617,129.63423517169616,140.9391259105099,11.034859521331946,928.1919875130072,874.8553590010407,483.8595213319459,364.91259105098857,10
398,Nikola Jovic,Miami Heat,F,86,216,31,70,461.3,7,8,350.0,17,45,400.2,4,33,37,22,16,9,9,2,51,145,123,108,59,115.31281122679945,64.11634223630602,33.600724309642374,8.103666817564509,335.7324581258488,291.27342688999545,136.56496152105024,120.92394748755093,10
399,Nikola Vucevic,Chicago Bulls,C,168,325,70,134,521.2,16,22,525.0,12,37,301.6,22,82,104,36,22,7,16,9,-58,308,272,204,140,449.29249276008017,164.58854978837158,35.40120294052127,5.6057028291378925,439.42169748273557,524.6945867676542,409.6885720650479,154.32078413900646,10
400,Noah Clowney,Brooklyn Nets,F,53,156,19,40,344.0,7,13,171.4,6,17,183.3,14,26,40,9,14,5,5,3,6,102,93,62,49,401.2448979591836,82.18594104308391,8.5,8.553287981859409,791.1485260770975,784.124716553288,413.03061224489795,85.92403628117914,10
401,Norman Powell,LA Clippers,G,151,282,51,97,534.6,30,36,677.4,19,43,426.9,3,16,19,14,16,5,9,2,-13,184,170,165,33,161.9795918367347,18.253188775510203,6.744897959183674,9.489795918367346,145.00829081632654,172.85012755102042,126.70408163265306,32.431760204081634,10
402,O.G. Anunoby,New York Knicks,SF,83,194,33,70,262.7,9,14,243.3,8,28,138.3,3,24,27,12,12,16,13,5,107,122,110,95,39,431.93491124260356,55.0,6.0,8.757396449704142,260.7810650887574,260.7810650887574,441.9349112426035,51.0,6
403,Obi Toppin,Indiana Pacers,PF,87,179,34,53,674.0,6,7,450.0,13,27,476.6,11,28,39,13,15,7,7,5,38,139,126,100,52,104.8957451548229,49.3555357540655,8.101804410781911,10.426152817999554,277.2241033637781,246.8554243706839,128.72176431276452,64.0,10
404,Ochai Agbaji,Toronto Raptors,G,80,272,34,80,355.6,6,12,225.0,6,27,178.3,20,20,40,17,19,11,11,5,-102,137,120,97,57,199.7484381507705,76.00416493127864,26.83673469387755,4.453977509371096,518.2736359850062,444.0024989587672,245.90878800499792,130.95168679716784,10
405,Olivier Sarr,Oklahoma City Thunder,C,11,22,4,7,125.0,3,5,116.7,0,1,0.0,4,4,8,0,3,0,1,1,-14,19,19,11,8,34.92,6.920000000000002,0.0,0.0,59.68000000000001,59.68000000000001,34.92,6.920000000000002,3
406,OlivierMaxence Prosper,Dallas Mavericks,F,10,36,3,6,150.0,4,7,57.1,0,2,0.0,2,6,8,0,1,1,1,1,-14,18,18,10,8,32.963988919667585,12.43213296398892,0.17728531855955676,0.0,80.38781163434903,85.13019390581715,29.994459833795016,10.83656509695291,4
407,Omer Yurtseven,Utah Jazz,C,58,128,26,44,409.4,5,8,300.0,1,4,50.0,17,20,37,8,14,1,7,7,-18,103,95,66,45,192.61157024793388,39.59504132231406,11.652892561983471,0.8760330578512396,403.2644628099174,322.2396694214876,253.6528925619835,71.23140495867767,8
408,Onuralp Bitim,Chicago Bulls,SF,50,153,22,45,454.4,0,0,0.0,6,21,166.7,5,12,17,9,14,2,3,1,-38,76,67,59,26,277.681660899654,50.46174548250673,4.958477508650519,6.9173394848135334,531.1457131872357,495.5274894271434,299.6089965397924,69.11111111111111,10
409,Onyeka Okongwu,Atlanta Hawks,PF,147,296,61,89,703.8000000000001,16,22,492.9,9,19,466.6,32,44,76,11,28,7,5,15,4,234,223,158,87,308.4240362811791,185.95918367346937,9.244897959183675,5.6893424036281175,807.5192743764171,822.7913832199548,307.3560090702948,181.0,10
410,Orlando Robinson,Miami Heat,C,13,59,4,11,108.3,4,5,175.0,1,2,100.0,8,9,17,5,4,1,3,0,4,35,30,18,22,52.479708636836634,25.118626430801253,2.854318418314256,0.841831425598335,98.86888657648284,82.36628511966701,70.22060353798128,26.734651404786682,6
411,Oscar Tshiebwe,Indiana Pacers,C,3,5,1,3,33.3,1,2,50.0,0,0,0.0,2,0,2,0,1,0,0,1,8,5,5,3,2,0.25,0.0,0.0,0.0,0.25,0.25,0.25,0.0,1
412,Oshae Brissett,Boston Celtics,SF,46,183,15,34,477.2,12,21,313.3,4,13,283.3,15,26,41,16,13,3,4,2,82,103,87,62,57,119.18714555765595,63.86200378071834,22.265595463137995,2.454631379962193,347.3468809073724,253.366729678639,198.36389413988658,100.93100189035918,10
413,Ousmane Dieng,Oklahoma City Thunder,F,28,90,10,25,324.4,4,4,200.0,4,14,220.0,1,7,8,14,3,3,6,3,16,50,36,42,22,122.49704142011836,6.0,21.124260355029588,4.295857988165681,242.1183431952663,164.49704142011836,196.11834319526628,31.124260355029584,8
414,P.J. Tucker,LA Clippers,PF,19,164,7,21,183.3,0,0,0.0,5,13,283.4,8,23,31,5,16,4,4,4,-34,55,50,24,36,66.92653810835628,39.157943067033976,4.61248852157943,4.557392102846649,169.51239669421489,132.44995408631772,86.64830119375574,61.1111111111111,10
415,P.J. Washington,Dallas Mavericks,PF,104,332,39,109,353.0,9,18,300.0,17,61,271.7,11,57,68,13,24,10,6,11,64,185,172,117,81,246.4,77.87455621301775,8.36094674556213,18.114792899408286,283.1869822485207,278.3360946745562,221.5917159763314,115.89467455621302,10
416,Paolo Banchero,Orlando Magic,PF,199,343,73,162,474.7,37,50,619.7,16,53,326.7,6,62,68,56,13,6,34,8,59,323,267,255,124,402.5026161895968,66.16928285626346,56.82856263465682,8.409972299168974,535.1618959679901,492.1111111111111,386.1412742382271,182.40997229916897,10
417,Pascal Siakam,Indiana Pacers,PF,241,304,98,186,516.3,39,58,567.5,6,18,300.0,25,72,97,35,18,9,16,2,67,373,338,276,132,441.26108264646916,111.8714635776342,29.182223212296726,4.764981064825129,661.6990421029183,637.1672978391624,426.76141679661396,180.085096903542,10
418,Pat Connaughton,Milwaukee Bucks,SG,63,232,22,56,460.3,9,11,350.0,10,36,347.2,9,23,32,37,14,3,9,2,26,132,95,100,69,163.650390625,56.2890625,91.70166015625,8.009765625,490.95166015625,336.806640625,258.01806640625,207.76806640625,10
419,Patrick Baldwin Jr.,Washington Wizards,F,37,162,13,54,249.2,5,7,260.0,6,36,138.6,6,32,38,12,19,8,8,7,-54,87,75,49,50,134.97685950413222,66.98512396694215,20.076033057851237,6.429752066115702,397.9586776859504,261.0033057851239,220.59338842975208,138.4,10
420,Patrick Beverley,Milwaukee Bucks,PG,50,210,16,48,276.7,11,13,416.7,7,27,240.0,4,24,28,24,20,6,3,7,1,102,78,74,52,256.2326869806094,25.726069559864577,28.05663281009541,6.21452754693752,424.72883964296705,309.73160972606956,342.7159125884887,82.29670667897815,10
421,Patrick Williams,Chicago Bulls,PF,6,24,2,9,22.2,2,2,100.0,0,5,0.0,0,6,6,2,5,0,2,2,-11,14,12,8,8,0.0,0.0,0.0,0.0,0.0,0.0,0.0,0.0,1
422,Patty Mills,Miami Heat,PG,56,180,20,66,264.7,9,9,300.0,7,43,137.5,4,8,12,19,12,11,7,0,57,87,68,75,31,258.5462412114657,9.835586803677664,15.408869659275283,6.145484045429962,284.7663601946998,255.61060032449973,278.6095186587345,34.336938885884265,10
423,Paul George,LA Clippers,F,249,341,88,171,508.90000000000003,37,39,775.0,36,75,462.9,5,44,49,24,22,18,15,7,14,322,298,273,73,600.8875432525952,54.910467128027676,23.877162629757784,36.607698961937714,894.1890138408305,738.465830449827,728.3702422145328,107.02811418685121,10
424,Paul Reed,Philadelphia 76ers,SF,73,209,29,56,560.6,14,20,533.3,1,5,100.0,23,40,63,10,21,11,12,16,34,146,136,83,73,105.20408163265306,44.23265306122449,14.816326530612246,1.2448979591836735,249.77959183673465,202.4734693877551,126.83673469387756,84.72244897959183,10
425,Payton Pritchard,Boston Celtics,PG,130,296,50,103,460.3,10,13,450.0,20,53,280.8,10,24,34,61,15,5,8,0,85,225,164,191,95,467.60493827160496,22.77500629881582,154.7545981355505,36.16124968505921,1038.6185437137817,543.265306122449,935.530612244898,204.95716805240613,10
426,Peyton Watson,Denver Nuggets,F,45,168,17,45,324.4,9,12,500.0,2,12,133.3,10,28,38,8,21,4,7,10,-41,91,83,53,46,108.68901384083046,49.625,7.943339100346021,1.6885813148788926,320.4952422145329,243.12283737024222,159.04671280276818,84.58304498269896,10
427,Precious Achiuwa,New York Knicks,PF,61,197,25,45,486.5,10,17,300.0,1,5,100.0,28,45,73,13,20,3,9,9,-71,147,134,74,86,328.21987079527736,163.8714635776342,20.530407663176653,1.0534640231677435,914.0826464691469,819.2261082646469,411.72421474715975,195.75406549342836,10
428,Quentin Grimes,Detroit Pistons,SG,82,213,26,80,296.2,19,24,525.0,11,50,200.0,2,27,29,19,13,7,9,4,-12,130,111,101,48,312.44628099173553,35.19834710743802,14.900826446280991,10.900826446280991,442.06611570247935,483.0495867768595,277.6942148760331,43.86776859504132,10
429,R. Rupert,Portland Trail Blazers,G,55,238,19,49,387.2,10,11,550.0,7,20,158.3,6,26,32,24,26,4,13,2,-34,111,87,79,56,104.30224279102883,33.933072267710926,28.0,14.100035599857598,215.99679601281593,166.33641865432537,135.69846920612318,80.19722321110714,10
430,RJ Barrett,Toronto Raptors,SG,223,330,90,160,560.6,23,48,413.2,20,38,491.7,7,45,52,50,22,4,24,4,-18,325,275,273,102,225.3641975308642,58.8641975308642,44.77160493827161,12.771604938271604,395.2716049382716,284.5,332.1111111111111,107.6604938271605,10
431,Reggie Bullock,Houston Rockets,SF,24,114,8,19,416.6,0,0,0.0,8,17,483.3,3,27,30,3,6,3,2,1,-16,57,54,27,33,32.401147959183675,47.03316326530612,2.1460459183673466,3.610331632653061,139.53316326530611,145.3654336734694,32.13265306122449,43.61543367346939,10
432,Reggie Jackson,Denver Nuggets,PG,110,233,37,93,393.29999999999995,21,24,572.7,15,35,396.0,5,9,14,47,20,7,17,2,15,171,124,157,61,398.18901384083046,20.472750865051903,62.84083044982699,19.200692041522494,561.4498269896194,410.6297577854671,513.5021626297578,118.82050173010381,10
433,Richaun Holmes,Washington Wizards,F,88,241,35,62,516.4,18,21,591.7,0,2,0.0,31,52,83,9,31,7,8,8,-2,180,171,97,92,289.8569488456315,267.74694431869625,7.027161611588955,0.004526935264825713,982.0,910.5165233137166,326.7682209144409,309.3463105477592,10
434,Ricky IV Council,Philadelphia 76ers,G,55,88,17,38,431.6,17,24,483.3,4,12,233.3,2,8,10,6,5,0,2,1,-1,71,65,61,16,219.30625000000003,14.506250000000001,4.425000000000001,5.15625,359.0,313.525,262.55625,21.15625,10
435,Robin Lopez,Milwaukee Bucks,C,6,23,3,9,37.5,0,0,0.0,0,2,0.0,1,0,1,1,3,1,0,2,-16,8,7,7,2,21.92,0.52,0.6800000000000002,0.0,24.48,29.0,18.28,0.32000000000000006,2
436,Royce O'Neale,Phoenix Suns,PF,84,190,33,59,574.4,0,0,0.0,18,39,479.8,8,35,43,16,12,3,8,3,13,143,127,100,59,236.91468032969482,21.8340387614168,12.652706616172868,26.0,342.59723769213633,316.23813766985967,260.9209177990644,36.83960793049677,10
437,Rudy Gobert,Minnesota Timberwolves,C,133,353,52,78,667.1,29,51,573.8,0,0,0.0,41,93,134,18,34,8,17,20,84,285,267,151,152,239.096,40.596000000000004,15.796,0.0,137.896,166.1,210.90000000000003,56.38399999999999,10
438,Rui Hachimura,Los Angeles Lakers,PF,169,306,68,109,617.0,17,21,533.3,16,35,370.8,10,54,64,16,21,1,4,6,67,249,233,185,80,343.27177545110266,159.46758743595453,16.984629093339272,36.50300735130319,759.3185564713744,718.1316551570505,364.6538204499888,196.25707284473157,10
439,Russell Westbrook,LA Clippers,PG,103,189,38,90,439.4,24,28,791.7,3,17,91.7,11,19,30,31,16,9,18,1,17,164,133,134,61,197.33102493074793,28.837950138504155,48.53324099722992,4.246537396121884,378.3836565096953,259.4598337950139,267.19667590027706,126.42936288088643,10
440,Ryan Arcidiacono,New York Knicks,G,0,5,0,1,0.0,0,0,0.0,0,1,0.0,0,0,0,0,1,1,0,0,3,0,0,0,0,0.0,0.0625,0.0,0.0,0.0625,0.0625,0.0,0.0625,1
441,Saben Lee,Phoenix Suns,G,35,98,9,28,194.29999999999998,15,20,416.7,2,9,83.3,3,15,18,17,6,4,2,0,11,70,53,52,35,194.55555555555554,27.055555555555557,8.0,1.5555555555555558,363.05555555555554,349.2222222222222,202.22222222222226,41.222222222222214,8
442,Saddiq Bey,Atlanta Hawks,SF,146,337,48,125,372.4,31,35,800.0,19,59,298.4,29,32,61,14,7,4,10,4,-23,221,207,160,75,398.90000000000003,67.125,9.625,14.9,439.4000000000001,478.32500000000005,362.225,74.5,10
443,Sam Hauser,Boston Celtics,SF,141,246,50,96,505.40000000000003,0,0,0.0,41,81,484.1,4,37,41,11,14,9,3,4,71,193,182,152,52,762.9735537190082,19.4,9.337190082644629,81.22148760330579,928.6,950.0826446280993,745.6,24.628099173553714,10
444,Sam Merrill,Cleveland Cavaliers,SG,99,224,30,77,336.5,10,11,566.7,29,72,341.1,4,16,20,21,16,2,5,1,3,140,119,120,41,330.27777777777777,20.58769513314968,37.025711662075295,39.19834710743802,537.4348025711662,455.3099173553719,383.8590449954086,86.15702479338843,10
445,Samardo Samuels,Houston Rockets,F,0,6,0,1,0.0,0,0,0.0,0,0,0.0,1,1,2,0,0,0,0,0,-5,2,2,0,2,1.44,1.9599999999999997,0.0,0.0,0.03999999999999998,0.03999999999999998,1.44,1.9599999999999997,1
446,Sandro Mamukelashvili,San Antonio Spurs,PF,51,104,22,37,472.3,4,5,200.0,3,9,100.0,18,16,34,8,7,2,3,1,30,93,85,59,42,152.78254437869822,116.58136094674556,8.948224852071005,4.072485207100591,508.7352071005917,443.82248520710056,182.63313609467457,160.59171597633136,9
447,Santi Aldama,Memphis Grizzlies,PF,116,316,42,90,459.2,13,20,450.0,19,52,309.5,11,56,67,23,14,10,7,16,-91,206,183,139,90,464.97257653061223,94.125,18.288903061224488,31.887755102040817,898.1326530612246,764.936862244898,555.9005102040816,154.68176020408163,10
448,Sasha Vezenkov,Sacramento Kings,F,27,56,8,19,145.3,5,5,200.0,6,13,192.9,0,6,6,4,7,4,1,0,37,37,33,31,10,52.11570247933884,3.12396694214876,2.8264462809917354,7.223140495867767,90.89256198347108,62.49586776859504,78.29752066115702,8.165289256198346,5
449,Scoot Henderson,Portland Trail Blazers,G,174,322,67,158,434.0,23,30,710.0,17,47,330.4,8,30,38,63,33,14,48,2,-130,275,212,237,101,202.20357772738723,45.600907029478456,65.53061224489795,12.836734693877549,454.1347946586042,219.09851347946582,416.1514235323758,132.21995464852608,10
450,Scottie Barnes,Toronto Raptors,SF,179,333,70,155,460.1,33,39,674.9,6,36,159.89999999999998,28,63,91,75,18,13,31,14,21,345,270,254,166,391.6640625,102.8515625,85.6640625,4.8515625,827.2890625,587.40625,576.65625,243.40625,10
451,Scotty Pippen Jr.,Memphis Grizzlies,G,112,244,40,83,442.7,17,25,433.3,15,33,440.0,7,20,27,42,28,14,23,6,-69,181,139,154,69,339.6326530612245,22.346938775510203,59.689795918367345,12.50204081632653,520.0040816326531,463.0,374.0,104.6734693877551,10
452,Seth Curry,Charlotte Hornets,SG,81,181,29,67,372.5,14,15,566.7,9,31,256.6,4,15,19,17,7,5,7,3,-33,117,100,98,36,233.0,12.900826446280993,16.140495867768593,4.900826446280991,334.3388429752066,276.08264462809916,269.8677685950413,50.429752066115704,10
453,Shai Gilgeous-Alexander,Oklahoma City Thunder,PG,250,341,92,188,489.8,51,65,795.1,15,48,292.6,9,44,53,53,24,18,23,6,54,356,303,303,106,504.44958677685946,74.2,42.97685950413222,16.864462809917356,948.7999999999998,727.7768595041323,712.1999999999999,130.44958677685952,10
454,Shake Milton,New York Knicks,SG,49,126,21,46,431.1,2,3,66.7,5,12,250.0,9,19,28,15,12,4,5,2,-6,92,77,64,43,159.44444444444443,80.15625,17.61111111111111,8.777777777777779,533.90625,420.3506944444445,228.5,142.26736111111111,10
455,Sidy Cissoko,San Antonio Spurs,G,0,5,0,0,0.0,0,0,0.0,0,0,0.0,0,1,1,0,1,0,0,0,0,1,1,0,1,0.0,0.0625,0.0,0.0,0.0625,0.0625,0.0,0.0625,1
456,Simone Fontecchio,Detroit Pistons,F,158,307,55,116,455.5,19,21,616.7,29,65,413.2,8,41,49,16,20,10,13,5,5,223,207,174,65,506.0,36.90963139120095,14.430439952437576,30.11296076099881,589.4708680142687,547.3923900118907,538.8442330558859,60.574316290130795,10
457,Skylar Mays,Los Angeles Lakers,SG,8,34,4,10,170.0,0,0,0.0,0,3,0.0,0,1,1,3,2,3,2,1,-3,12,9,11,4,14.131519274376416,0.7641723356009069,3.1632653061224487,0.0,12.485260770975056,15.485260770975053,12.47845804988662,2.580498866213152,4
458,Spencer Dinwiddie,Los Angeles Lakers,PG,86,252,24,58,396.5,23,26,638.9,15,37,431.7,2,18,20,19,22,4,13,9,56,125,106,105,39,488.0828402366863,32.34082840236687,29.586982248520712,12.81301775147929,701.1443786982248,585.207100591716,612.5479289940829,53.400000000000006,10
459,Stanley Umude,Detroit Pistons,G,49,150,16,39,260.4,8,9,366.7,9,25,243.3,5,16,21,3,15,4,4,2,-32,73,70,52,24,177.08,44.0,1.9200000000000002,10.88,278.68,272.78,180.88,48.02,8
460,Stephen Curry,Golden State Warriors,PG,229,316,79,180,450.3,30,30,700.0,41,104,410.6,5,38,43,57,11,2,21,3,88,329,272,286,100,510.2777777777777,88.4416896235078,45.557851239669425,23.941689623507806,605.0495867768594,606.4669421487603,506.47199265381084,136.38797061524335,10
461,Svi Mykhailiuk,Boston Celtics,SG,52,135,18,43,560.4,1,1,100.0,15,37,413.3,2,15,17,14,2,4,2,0,77,83,69,66,31,67.825,28.125,13.3,9.725000000000001,238.20000000000002,163.3,125.625,58.525000000000006,10
462,T. Vukcevic,Washington Wizards,PF,38,74,13,28,174.4,5,5,200.0,7,18,166.7,2,13,15,6,14,1,3,1,9,59,53,44,21,216.41975308641977,21.186556927297673,7.536351165980795,5.976680384087791,412.4046639231824,340.1659807956105,269.5775034293553,47.80384087791495,4
463,T.J. McConnell,Indiana Pacers,PG,129,195,60,113,546.4,4,5,300.0,5,10,400.0,5,23,28,50,14,8,19,1,19,207,157,179,78,70.759765625,11.69384765625,38.3515625,2.50244140625,91.26025390625,80.88916015625,93.494140625,37.68212890625,10
464,T.J. Warren,Minnesota Timberwolves,SF,37,119,16,39,361.2,3,4,150.0,2,13,83.3,5,16,21,7,11,3,4,1,45,65,58,44,28,68.0,18.049382716049383,7.666666666666667,1.5555555555555556,100.08641975308643,112.5679012345679,52.333333333333336,28.901234567901234,9
465,Taj Gibson,Detroit Pistons,F,3,11,1,2,50.0,0,0,0.0,1,2,50.0,0,2,2,0,1,1,0,0,-3,5,5,3,2,2.5600000000000005,0.03999999999999998,0.16000000000000003,0.36,1.9599999999999997,3.2399999999999993,1.44,0.04000000000000007,1
466,Taj Gibson,New York Knicks,F,2,68,0,9,0.0,2,2,100.0,0,2,0.0,4,6,10,4,8,1,3,0,2,16,12,6,14,8.2,10.200000000000001,1.6,0.8000000000000002,15.600000000000001,12.400000000000002,6.6000000000000005,16.599999999999998,5
467,Talen Horton-Tucker,Utah Jazz,SG,73,162,23,70,325.6,16,18,566.7,11,32,351.6,3,18,21,22,12,7,3,5,-48,116,94,95,43,68.38775510204081,53.8,33.804081632653066,3.3591836734693876,189.0938775510204,151.78775510204082,96.09387755102041,97.20408163265306,10
468,Taurean Prince,Los Angeles Lakers,PF,79,203,28,60,487.5,8,11,266.7,15,34,496.9,4,25,29,12,14,5,9,4,-5,120,108,91,41,169.85900104058274,44.90842872008324,23.60093652445369,6.510405827263268,252.84287200832466,190.3876170655567,205.91987513007285,94.90374609781477,10
469,Taylor Hendricks,Utah Jazz,F,109,293,39,84,462.3,10,12,341.7,21,51,403.6,11,46,57,9,27,7,6,10,-105,175,166,118,66,209.60718002081163,68.08168574401665,2.987513007284079,12.182101977107179,254.82518210197708,226.91155046826222,224.9536940686785,83.6363163371488,10
470,Taze Moore,Portland Trail Blazers,G,2,5,1,1,100.0,0,0,0.0,0,0,0.0,0,0,0,1,0,0,1,0,7,3,2,3,1,1.44,0.0,0.6400000000000001,0.0,4.0,1.44,4.0,0.6400000000000001,1
471,Terance Mann,LA Clippers,SG,87,242,30,62,474.9,17,19,700.0,10,25,486.9,7,20,27,10,20,7,6,2,-32,124,114,97,37,205.69146803296948,39.503452884829585,14.643795945644909,4.109155713967477,343.33704611272,284.9975495656048,286.129873022945,32.04834038761416,10
472,Terquavion Smith,Philadelphia 76ers,G,40,59,14,34,241.1,2,3,100.0,10,26,216.6,0,2,2,10,3,7,4,0,9,52,42,50,12,186.96296296296296,1.4074074074074074,17.185185185185183,17.185185185185183,177.40740740740742,184.66666666666663,179.62962962962965,18.666666666666668,6
473,Terry Rozier,Miami Heat,SG,208,328,78,174,452.3,14,14,500.0,38,82,434.0,4,38,42,34,11,10,14,4,61,284,250,242,76,438.0666475150819,27.960356219477163,60.85952312553864,73.4403906923298,439.46279804653835,461.8052283826486,410.7888537776501,93.75524274633725,10
474,Terry Taylor,Chicago Bulls,F,15,56,5,10,325.0,3,4,150.0,2,3,150.0,4,10,14,3,1,2,0,0,-15,32,29,18,17,22.36805555555556,35.8125,3.485339506172839,1.7932098765432098,121.63348765432097,101.47222222222223,28.432098765432094,53.39506172839507,5
475,Thaddeus Young,Phoenix Suns,F,16,53,8,14,225.0,0,2,0.0,0,0,0.0,12,9,21,4,5,3,2,0,16,41,37,20,25,8.137174211248286,51.41975308641975,4.927297668038408,0.0,71.34567901234568,61.3758573388203,21.77777777777778,52.67626886145405,4
476,Thaddeus Young,Phoenix Suns,PF,41,128,20,28,469.9,1,3,50.0,0,2,0.0,11,18,29,14,12,2,4,1,-24,84,70,55,43,158.90946502057614,27.51851851851852,29.687242798353914,0.0,428.5185185185186,247.6378600823046,304.33333333333326,92.66255144032921,6
477,Thanasis Antetokounmpo,Milwaukee Bucks,SF,10,48,5,11,266.7,0,2,0.0,0,1,0.0,2,1,3,4,8,1,3,1,-18,17,13,14,7,15.09375,1.5,1.5,0.0,20.34375,18.59375,16.84375,3.0,6
478,Theo Maledon,Phoenix Suns,PG,5,10,1,2,50.0,3,3,100.0,0,0,0.0,0,1,1,0,3,0,3,0,-11,6,6,5,1,14.0625,0.5625,0.0,0.0,20.25,20.25,14.0625,0.5625,1
479,Thomas Bryant,Miami Heat,C,91,143,33,58,520.0,21,23,750.0,4,14,233.3,12,41,53,6,17,4,4,7,41,150,144,97,59,489.5895078420768,97.64467279610601,8.42617631151974,4.417522985397513,923.4040021633316,860.7106544077878,550.285018929151,108.06868577609518,10
480,Tim Hardaway Jr.,Dallas Mavericks,SF,90,219,32,81,324.7,7,9,316.7,19,50,325.6,2,27,29,21,7,7,6,1,49,140,119,111,50,590.9609467455621,58.90059171597632,33.03313609467456,27.21301775147929,1150.3100591715977,893.6863905325444,833.3668639053254,106.15147928994082,10
481,Tobias Harris,Philadelphia 76ers,PF,154,335,59,136,422.3,19,25,643.3,17,45,323.6,8,65,73,25,16,8,15,10,-49,252,227,179,98,378.37370242214536,100.10034602076125,17.308342945021145,26.15263360246059,640.6036139946175,509.89965397923874,502.11111111111114,124.37524029219531,10
482,Torrey Craig,Chicago Bulls,SF,65,187,24,51,468.3,2,4,100.0,15,34,463.8,5,21,26,12,16,5,5,3,-27,103,91,77,38,126.8188775510204,22.574617346938776,9.646045918367347,14.528698979591837,228.1045918367347,196.92155612244898,164.22257653061223,26.0,10
483,Tosan Evbuomwan,Detroit Pistons,F,78,260,27,49,592.3,15,22,441.7,9,22,390.0,9,33,42,7,16,4,7,3,-96,127,120,85,49,152.74793388429754,54.0,6.107438016528926,6.913223140495867,364.4669421487603,316.92975206611567,181.19421487603307,79.19834710743801,10
484,Toumani Camara,Portland Trail Blazers,F,88,292,35,67,507.2,8,9,350.0,10,26,336.6,19,23,42,22,26,8,13,8,-36,152,130,110,64,287.70000000000005,51.93611111111112,28.402777777777775,8.002777777777778,547.7,471.46944444444443,351.46944444444443,92.8,10
485,Trae Young,Atlanta Hawks,PG,235,370,76,173,432.4,45,55,813.4,38,93,399.0,2,18,20,109,22,11,45,2,-38,364,255,344,129,758.2361111111111,12.069444444444445,83.0,45.06944444444444,786.5,622.5,926.4027777777778,90.90277777777777,10
486,Trayce JacksonDavis,Golden State Warriors,F,114,268,51,72,694.2,12,21,408.3,0,1,0.0,29,47,76,22,17,10,8,17,27,212,190,136,98,329.7265625,107.49072265625,18.2265625,0.0,473.06103515625,402.48681640625,401.90625,124.11181640625,10
487,Tre Jones,San Antonio Spurs,PG,107,313,39,76,470.5,15,17,550.0,14,27,330.0,11,38,49,69,10,9,15,1,0,225,156,176,118,306.1007785467128,84.75129757785467,55.0454152249135,18.483131487889274,548.125,402.3615916955017,376.56747404844293,215.0934256055363,10
488,Tre Mann,Charlotte Hornets,PG,113,314,43,100,429.4,16,22,392.1,11,42,298.4,7,32,39,55,15,12,23,1,-61,207,152,168,94,210.10034602076126,42.30257593233372,39.96193771626298,6.958477508650519,414.1018838908112,322.958861976163,313.1072664359862,70.40061514802,10
489,Trendon Watford,Brooklyn Nets,PF,103,185,37,67,455.3,21,29,532.8,8,16,300.0,11,24,35,9,21,7,14,4,-24,147,138,112,44,460.6817602040816,67.56441326530613,16.99298469387755,5.794005102040817,759.2889030612245,682.6045918367347,515.2984693877551,106.625,10
490,Trent Forrest,Atlanta Hawks,G,24,130,10,28,356.6,4,4,200.0,0,3,0.0,4,10,14,36,3,3,7,2,-11,74,38,60,50,31.090349865436373,12.444444444444446,62.917339484813525,0.0,123.50096116878125,20.685121107266436,118.40292195309496,90.86505190311419,10
491,Trevelin Queen,Orlando Magic,SG,0,13,0,3,0.0,0,0,0.0,0,2,0.0,0,1,1,1,1,0,0,0,-17,2,1,1,2,0.0,0.5555555555555556,0.5555555555555556,0.0,0.22222222222222227,0.5555555555555556,0.5555555555555556,0.22222222222222227,2
492,Trey Jemison,Memphis Grizzlies,C,79,228,35,54,552.5,9,12,450.0,0,0,0.0,25,24,49,9,25,3,13,8,-20,137,128,88,58,451.71836734693886,20.175510204081633,7.244897959183674,0.0,502.1591836734694,568.0,389.404081632653,23.893877551020406,10
493,Trey Lyles,Sacramento Kings,PF,77,213,27,62,401.5,13,17,675.0,10,34,234.2,13,28,41,17,18,1,9,4,15,135,118,94,58,167.74921956295526,13.761706555671175,20.17585848074922,16.162330905306973,285.87617065556714,171.69823100936523,272.81581685744015,43.048907388137366,10
494,Trey Murphy III,New Orleans Pelicans,SG,150,342,45,113,403.0,33,39,821.4,27,76,379.1,9,63,72,28,9,10,10,6,-14,250,222,178,100,190.78070934256056,51.482698961937714,21.98832179930796,18.432525951557093,209.62629757785461,133.8187716262976,231.87024221453288,108.18901384083046,10
495,Tristan Thompson,Cleveland Cavaliers,C,18,78,8,15,258.4,2,6,100.0,0,0,0.0,12,16,28,9,8,3,4,3,-20,55,46,27,37,45.81349206349206,27.0,1.75,0.0,102.5873015873016,108.48015873015873,42.92063492063492,25.750000000000004,7
496,Troy Brown Jr.,Detroit Pistons,SF,38,189,12,45,255.39999999999998,9,11,330.0,5,23,141.6,4,28,32,9,5,6,5,0,-65,79,70,47,41,65.679012345679,37.67901234567901,8.930864197530864,4.6,214.93086419753087,158.0,110.30864197530865,58.91111111111111,10
497,TyTy Washington Jr.,Milwaukee Bucks,G,3,17,1,4,50.0,0,0,0.0,1,2,100.0,1,1,2,1,1,0,0,0,-1,6,5,4,3,4.68,2.08,0.6800000000000002,0.52,9.28,13.0,2.7200000000000006,1.0,2
498,Tyler Herro,Miami Heat,PG,183,325,71,166,433.4,10,13,333.4,31,80,406.0,3,46,49,50,11,0,13,1,35,282,232,233,99,148.11111111111111,40.94444444444444,28.069444444444443,12.944444444444445,309.7361111111111,207.61111111111111,206.125,113.125,10
499,Tyrese Haliburton,Indiana Pacers,PG,192,319,69,155,452.2,24,27,796.7,30,84,363.1,5,39,44,89,14,20,16,8,95,325,236,281,133,299.63265306122446,47.756109851347944,73.281179138322,29.219450743260268,413.4787100025195,241.679012345679,500.07029478458054,92.39934492315444,10
500,Tyrese Maxey,Philadelphia 76ers,PG,255,393,94,211,444.6,37,45,650.0,30,87,351.3,3,36,39,66,20,10,16,5,45,360,294,321,105,685.6578512396694,86.57355371900827,107.09421487603305,26.4,1275.8479338842976,1113.107438016529,750.504132231405,291.56198347107437,10
501,Tyus Jones,Washington Wizards,PG,91,313,36,84,402.0,4,4,300.0,15,43,360.8,3,22,25,97,4,9,13,2,-70,213,116,188,122,345.04336734693874,43.53316326530612,160.5,20.959183673469386,776.265306122449,542.0510204081633,542.9719387755102,240.3188775510204,10
502,Udoka Azubuike,Phoenix Suns,C,2,11,1,3,33.3,0,2,0.0,0,0,0.0,2,4,6,0,1,0,0,0,-3,8,8,2,6,2.5600000000000005,21.159999999999997,0.0,0.0,38.440000000000005,38.440000000000005,2.5600000000000005,21.159999999999997,1
503,Vasilije Micic,Charlotte Hornets,G,131,321,50,103,480.5,18,23,552.8,13,39,278.6,5,14,19,68,17,9,22,3,-83,218,150,199,87,483.3444444444444,16.91111111111111,143.225,20.90277777777778,516.625,396.90000000000003,563.9694444444444,199.2361111111111,10
504,Victor Wembanyama,San Antonio Spurs,C,233,319,81,182,451.4,53,70,781.7,18,71,255.5,31,87,118,53,25,13,44,40,5,404,351,286,171,906.3922996878251,186.31685744016647,33.67429760665973,13.67585848074922,2009.3803329864725,1706.8246618106139,1119.6233090530698,309.3158168574402,10
505,Vince Williams Jr.,Memphis Grizzlies,G,127,336,42,92,459.70000000000005,30,38,723.3,13,34,328.8,8,54,62,61,30,12,34,9,-54,250,189,188,123,231.93628808864267,72.8808864265928,35.61495844875347,18.00831024930748,492.2326869806094,474.07479224376726,226.76454293628805,131.82548476454295,10
506,Vit Krejci,Atlanta Hawks,G,89,297,34,57,639.3,3,3,100.0,18,36,355.4,4,23,27,23,28,3,11,4,38,139,116,112,50,240.0059171597633,31.49186390532544,14.100591715976332,36.09763313609468,421.04215976331363,366.7610946745562,282.5443786982249,57.33505917159763,10
507,Walker Kessler,Utah Jazz,C,72,234,31,42,737.5,10,12,500.0,0,0,0.0,22,52,74,12,20,3,11,12,-77,158,146,84,86,107.61836734693877,126.92244897959185,7.618367346938776,0.0,304.1224489795918,273.13673469387754,118.4,154.74489795918367,10
508,Wendell Carter Jr.,Orlando Magic,C,98,251,37,74,481.4,13,24,440.4,11,34,257.9,18,66,84,26,13,12,15,4,60,208,182,124,110,250.99464922711059,111.11117717003567,19.812722948870395,12.909631391200952,643.8626634958382,536.0570749108205,339.6860879904875,150.03804994054695,10
509,Wendell Moore Jr.,Minnesota Timberwolves,G,4,13,2,3,150.0,0,0,0.0,0,0,0.0,0,5,5,2,1,0,0,0,15,11,9,6,7,5.555555555555556,7.847222222222221,3.2534722222222223,0.0,42.78125,26.18055555555555,14.086805555555557,19.17013888888889,2
510,Wenyen Gabriel,Memphis Grizzlies,F,17,81,8,22,168.3,0,5,0.0,1,6,50.0,7,18,25,3,10,2,8,2,-16,45,42,20,28,59.72702331961591,43.6159122085048,4.060356652949245,0.879286694101509,182.2098765432099,171.6858710562414,60.574759945130324,57.352537722908096,5
511,Wesley Matthews,Atlanta Hawks,SG,54,150,19,46,470.4,2,2,100.0,14,29,495.0,5,15,20,8,13,5,2,5,-20,82,74,62,28,107.39157990040742,30.113173381620648,13.601629696695339,6.435491172476233,179.48392937980987,166.17473970122228,114.67360796740607,49.74196468990493,10
512,Xavier Moon,LA Clippers,G,2,11,1,6,33.3,0,0,0.0,0,2,0.0,1,1,2,0,1,1,1,0,-20,4,4,2,2,2.18,2.5,0.8022222222222222,0.0,0.3755555555555552,0.07999999999999996,3.742222222222222,2.0355555555555553,2
513,Xavier Tillman,Boston Celtics,F,26,146,11,27,351.6,2,4,100.0,2,14,133.3,10,22,32,10,8,4,3,3,34,68,58,36,42,40.577777777777776,36.5679012345679,4.004938271604938,1.6444444444444446,129.84197530864196,133.91604938271604,38.641975308641975,38.43456790123456,10
514,Yuta Watanabe,Memphis Grizzlies,SF,22,97,10,24,250.0,0,2,0.0,2,12,64.3,0,11,11,5,6,5,4,0,-36,38,33,27,16,115.08000000000001,11.27,3.75,1.4800000000000004,136.28,131.43,116.23000000000002,18.72,7
515,Zach Collins,San Antonio Spurs,PF,92,176,33,72,438.3,20,26,641.7,6,18,300.0,12,34,46,21,31,5,13,7,-40,159,138,113,67,231.62751948400967,64.55522708949206,23.219295888202097,6.400967481859715,380.9000268744961,429.9134641225477,216.25933888739587,54.129266326256385,10
516,Zavier Simpson,Memphis Grizzlies,G,0,9,0,1,0.0,0,0,0.0,0,0,0.0,1,0,1,4,1,1,1,0,12,5,1,4,5,0.0,0.0,0.0,0.0,0.0,0.0,0.0,0.0,1
517,Zeke Nnaji,Denver Nuggets,PF,18,100,6,17,350.0,6,8,300.0,0,2,0.0,7,10,17,4,10,2,2,10,-19,39,35,22,21,50.40625,16.277777777777775,7.350694444444445,0.0,130.125,94.18402777777779,73.06944444444443,36.90625,10
518,Ziaire Williams,Memphis Grizzlies,F,103,270,39,94,389.0,13,16,421.4,12,46,213.7,6,38,44,20,15,12,15,0,-39,167,147,123,64,552.1,32.4,24.0,17.599999999999998,788.1,632.1,714.1,50.4,10
519,Zion Williamson,New Orleans Pelicans,PF,241,335,90,154,573.8,61,88,622.5,0,0,0.0,14,45,59,45,29,13,39,5,14,345,300,286,104,743.0270890725436,63.26446280991736,49.61111111111111,0.0022956841138659324,1022.1111111111111,900.9444444444445,893.921028466483,83.14830119375574,10
