,First Last Name,team,position,points,minutes,fgm,fga,fgp,ftm,fta,ftp,tpm,tpa,tpp,offReb,defReb,totReb,assists,pFouls,steals,turnovers,blocks,plusMinus,Points_Rebounds_Assist,Points_Rebounds,Points_Assist,Rebounds_Assist,points_deviation,totReb_deviation,assists_deviation,tpm_deviation,Points_Rebounds_Assist_deviation,Points_Rebounds_deviation,Points_Assist_deviation,Rebounds_Assist_deviation,count
0,A. Flagler,Oklahoma City Thunder,F,0,6,0,3,0.0,0,0,0.0,0,3,0.0,0,0,0,1,0,0,0,0,0,1,0,1,1,0.0,0.0,0.0,0.0,0.0,0.0,0.0,0.0,1
1,A.J. Green,Milwaukee Bucks,G,56,151,18,46,381.0,5,6,200.0,15,39,339.3,3,13,16,5,9,4,4,2,-1,77,72,61,21,266.4396433470507,26.703017832647465,4.719478737997257,26.5,417.5836762688615,406.16186556927306,273.34567901234567,35.93827160493827,10
2,A.J. Lawson,Dallas Mavericks,G,26,47,11,24,323.3,2,6,100.0,2,8,100.0,2,7,9,3,5,1,0,1,2,38,35,29,12,49.3942857142857,7.291428571428573,2.4057142857142857,1.7942857142857143,73.72,64.25142857142856,55.30857142857143,13.251428571428574,7
3,Aaron Gordon,Denver Nuggets,PF,143,325,55,103,578.8,26,38,630.0,7,22,191.6,29,45,74,45,23,3,15,5,64,262,217,188,119,274.65936004031244,71.34693877551021,34.01234567901235,6.165532879818594,383.24817334341145,484.1740992693374,221.51121189216428,57.581506676744766,10
4,Aaron Holiday,Houston Rockets,G,62,156,21,52,307.59999999999997,12,12,400.0,8,26,268.3,5,10,15,24,17,8,4,1,31,101,77,86,39,338.7889273356401,26.502162629757784,26.721885813148788,9.759948096885813,590.5,529.4571799307959,401.88451557093424,51.17128027681661,10
5,Aaron Nesmith,Indiana Pacers,SF,111,296,41,96,443.9,12,12,500.0,17,52,330.3,12,25,37,19,37,4,6,7,53,167,148,130,56,91.24494649227111,13.0,15.130202140309157,8.186682520808562,99.68192627824016,79.62425683709868,100.9922711058264,38.440546967895365,10
6,Aaron Wiggins,Oklahoma City Thunder,SG,81,192,31,58,551.1,11,13,330.0,8,15,341.7,9,15,24,17,13,10,13,5,-7,122,105,98,41,282.900826446281,16.5,17.675849403122132,11.941689623507806,420.53673094582183,408.58264462809916,307.2488521579431,21.781910009182734,10
7,Admiral Schofield,Orlando Magic,SF,8,18,3,6,116.7,0,0,0.0,2,4,150.0,0,4,4,1,1,1,0,0,-20,13,12,9,5,15.666666666666664,0.8367346938775508,0.693877551020408,0.836734693877551,22.0,18.598639455782312,17.598639455782312,3.0000000000000004,3
8,Al Horford,Boston Celtics,C,136,303,52,89,653.4,6,6,300.0,26,51,557.6,16,43,59,26,15,8,10,8,109,221,195,162,85,365.2313263920326,74.92394748755093,9.188773200543233,28.631054775916706,309.47713897691267,341.233589859665,348.0,69.58759619737438,10
9,Alec Burks,New York Knicks,SG,71,130,23,74,271.7,14,19,446.4,11,40,257.5,2,16,18,9,2,3,4,0,-23,98,89,80,27,264.0059171597633,20.376479289940832,3.0421597633136095,7.943786982248521,452.5,409.88831360946745,297.7610946745562,32.27514792899409,10
10,Aleksej Pokusevski,Charlotte Hornets,F,71,214,24,62,430.5,16,22,441.7,7,27,249.89999999999998,12,33,45,20,11,11,8,6,-84,136,116,91,65,99.26888756692445,15.929208804283164,14.380725758477098,2.1171921475312314,175.63117192147533,137.19571683521713,128.22903033908386,39.78524687685901,10
11,Alex Caruso,Chicago Bulls,SG,123,327,42,93,457.2,10,12,350.0,29,59,480.3,7,36,43,47,26,22,19,6,-34,213,166,170,90,232.25987144168963,22.10330578512397,14.702479338842977,32.26675849403122,336.34389348025707,268.27777777777777,284.61524334251607,52.51652892561983,10
12,Alex Len,Sacramento Kings,C,30,112,11,15,466.7,8,9,450.0,0,0,0.0,9,23,32,11,17,1,5,15,27,73,62,41,43,76.02341311134235,32.00416233090532,17.170655567117585,0.0,191.77783558792925,159.55306971904267,105.03485952133194,52.388137356919884,10
13,Alondes Williams,Miami Heat,G,0,6,0,1,0.0,0,0,0.0,0,1,0.0,0,1,1,0,0,0,1,0,-2,1,1,0,1,1.190082644628099,0.8264462809917354,0.0,0.0,0.03305785123966944,0.03305785123966944,1.190082644628099,0.8264462809917354,1
14,Alperen Sengun,Houston Rockets,C,209,324,81,157,512.7,43,68,622.9,4,12,200.0,39,68,107,45,36,16,26,7,2,361,316,254,152,847.1723356009071,197.81632653061226,123.77551020408163,4.408163265306122,1935.0226757369614,1622.4580498866212,993.7777777777778,487.5510204081633,10
15,Amari Bailey,Charlotte Hornets,G,2,6,1,3,33.3,0,0,0.0,0,2,0.0,0,0,0,1,0,1,0,0,7,3,2,3,1,2.5600000000000005,0.0,0.5625,0.0,5.522500000000001,2.5600000000000005,5.522500000000001,0.5625,1
16,Amen Thompson,Houston Rockets,F,154,294,63,112,546.3,28,39,613.0,0,5,0.0,45,56,101,31,24,15,13,3,68,286,255,185,132,503.40726738080235,72.06238185255201,31.197437513127493,0.03360638521319051,855.8029825666877,802.4828817475321,501.28313379542107,158.70405377021635,10
17,Amir Coffey,LA Clippers,SG,54,234,20,47,436.7,3,4,150.0,11,29,326.7,5,15,20,17,16,5,9,3,-35,91,74,71,37,131.7530864197531,30.15625,12.308641975308642,10.989197530864198,151.8074845679012,114.79822530864197,183.12345679012344,28.10378086419753,10
18,Andre Drummond,Chicago Bulls,C,102,176,38,64,628.1,26,36,634.2,0,0,0.0,36,66,102,6,16,5,6,6,44,210,204,108,108,103.01730103806229,102.26989619377164,8.472750865051903,0.0,299.1924740484429,252.43598615916954,149.73226643598616,110.784169550173,10
19,Andre Jr. Jackson,Milwaukee Bucks,G,10,76,4,12,333.3,0,0,0.0,2,5,200.0,4,10,14,10,7,3,3,1,-15,34,24,20,24,15.06371191135734,6.310249307479223,8.445983379501385,1.6565096952908587,39.37119113573407,31.41274238227147,24.06925207756233,13.709141274238226,7
20,Andrew Nembhard,Indiana Pacers,PG,107,290,44,81,531.8,7,9,350.0,12,29,391.6,4,17,21,35,24,8,8,0,49,163,128,142,56,166.48229004232567,31.491869013143237,19.347070617063935,5.600801960347516,355.4268211182892,317.5255067943863,193.96747605257295,61.25506794386277,10
21,Andrew Wiggins,Golden State Warriors,SF,155,286,58,133,427.4,21,27,481.4,18,45,363.3,22,41,63,17,16,6,13,9,37,235,218,172,80,445.9586776859504,37.3801652892562,52.13314967860422,15.867768595041321,775.5105601469238,542.2314049586777,642.0973370064279,126.65381083562902,10
22,Anfernee Simons,Portland Trail Blazers,SG,234,361,80,177,436.7,36,39,757.1,38,94,405.4,4,33,37,64,19,7,30,1,-38,335,271,298,101,935.5240670632775,28.301243915630067,125.20497566252028,19.635478637101134,1764.6960519199567,1205.978907517577,1461.0362358031368,186.71119524067063,10
23,Anthony Black,Orlando Magic,G,44,174,15,42,382.6,6,13,183.3,8,19,275.0,6,19,25,8,9,6,8,2,0,77,69,52,33,109.82248520710058,69.33399079552926,3.66732412886259,10.745562130177515,288.8224852071006,252.14266929651544,140.50361604207757,79.0,10
24,Anthony Davis,Los Angeles Lakers,PF,249,355,95,172,569.6,51,60,781.5,8,25,270.8,32,114,146,25,19,10,27,18,92,420,395,274,171,634.1733404998656,247.80596613813492,28.247514109110455,7.8081160978231665,1537.4420854608977,1527.857296425692,632.6374630475678,287.1741467347487,10
25,Anthony Edwards,Minnesota Timberwolves,SG,237,354,87,193,439.0,42,55,670.9,21,67,350.6,10,60,70,58,10,14,29,6,46,365,307,295,128,493.5121107266436,109.24567474048443,26.685121107266433,36.983131487889274,750.8131487889274,629.5051903114187,612.4948096885813,138.25605536332182,10
26,Anthony Gill,Washington Wizards,PF,82,189,34,71,427.6,9,11,260.0,5,20,175.0,16,21,37,15,26,4,7,0,-42,134,119,97,52,322.0,81.27551020408164,23.1045918367347,4.6147959183673475,661.2984693877552,628.9897959183673,350.9617346938776,107.72704081632654,10
27,Ashton Hagans,Portland Trail Blazers,G,51,194,17,43,297.7,10,11,450.0,7,18,266.7,8,22,30,36,23,8,23,4,-5,117,81,87,66,185.47067901234567,25.304012345679013,41.069444444444436,8.396604938271606,420.56944444444446,284.5,297.80864197530866,90.10493827160494,10
28,Ausar Thompson,Detroit Pistons,F,103,314,42,87,508.0,11,25,325.0,8,29,195.3,15,44,59,21,26,17,14,11,-6,183,162,124,80,121.7,31.399999999999995,24.125,8.5,347.72499999999997,237.7,200.02499999999998,87.225,10
29,Austin Reaves,Los Angeles Lakers,SG,155,346,52,126,400.4,37,41,850.0,14,59,206.2,11,53,64,63,15,5,19,8,72,282,219,218,127,412.34083044982697,153.97923875432525,62.10423875432526,17.019031141868513,1090.4139273356402,821.8356401384083,636.9606401384084,260.041955017301,10
30,Ayo Dosunmu,Chicago Bulls,SG,186,366,74,135,534.8,19,20,666.7,19,46,373.7,6,20,26,46,25,10,15,2,-15,258,212,232,72,783.7634083044983,6.899653979238755,76.5121107266436,25.25432525951557,957.2236159169549,736.1890138408304,1017.5246539792388,70.68512110726644,10
31,Bam Adebayo,Miami Heat,C,188,326,76,124,627.3000000000001,27,40,624.9,9,16,550.0,20,98,118,38,13,15,19,9,50,344,306,226,156,135.88451594369437,80.76644642344155,55.66618787704682,5.841137604136742,361.6029876472278,189.2301062912956,293.97299626544094,150.71703533467394,10
32,Ben Sheppard,Indiana Pacers,G,55,186,20,50,383.3,7,7,400.0,8,32,215.2,2,12,14,16,18,7,5,0,4,85,69,71,30,110.150390625,18.83837890625,13.97509765625,3.60791015625,206.025390625,167.28759765625,157.35009765625,24.3515625,10
33,Ben Simmons,Brooklyn Nets,PG,53,168,24,38,521.1,5,11,150.0,0,0,0.0,15,39,54,46,20,9,12,4,-5,153,107,99,100,134.88888888888889,64.0,78.88888888888889,0.0,382.0,162.8888888888889,300.0,196.88888888888889,9
34,Bennedict Mathurin,Indiana Pacers,SG,139,275,44,115,340.3,35,45,614.5,16,44,245.0,10,33,43,23,24,7,17,4,-18,205,182,162,66,753.4765625,123.6015625,38.125,30.4140625,1418.90625,1097.65625,970.9140625,265.5390625,10
35,Bilal Coulibaly,Washington Wizards,SG,90,289,30,76,451.5,19,27,633.3,11,39,238.3,9,30,39,18,22,12,8,7,-98,147,129,108,57,127.37777777777777,38.5,16.0,13.177777777777775,337.8777777777778,291.7444444444444,166.31111111111107,61.699999999999996,10
36,Bismack Biyombo,Oklahoma City Thunder,C,4,36,1,4,33.3,2,4,100.0,0,0,0.0,3,2,5,2,6,1,4,1,3,11,9,6,7,5.25,5.953125,1.578125,0.0,34.0,21.078125,12.453125,13.25,5
37,Blake Wesley,San Antonio Spurs,G,33,143,10,33,278.6,10,16,425.0,3,9,150.0,4,15,19,24,13,4,8,2,-9,76,52,57,43,117.40816326530613,18.918367346938776,32.0,4.102040816326531,180.1877551020408,126.30204081632654,176.83673469387753,45.375510204081635,10
38,Boban Marjanovic,Houston Rockets,C,3,7,1,1,100.0,1,2,50.0,0,0,0.0,0,3,3,0,0,0,1,0,-3,6,6,3,3,1.41015625,5.0625,0.0,0.0,11.81640625,11.81640625,1.41015625,5.0625,1
39,Bobby Portis,Milwaukee Bucks,F,149,254,65,127,499.0,6,9,300.0,13,28,343.4,21,63,84,14,21,12,15,6,24,247,233,163,98,545.125,136.50634765625,12.40087890625,26.10009765625,862.7890625,894.74072265625,536.35400390625,125.7265625,10
40,Bogdan Bogdanovic,Atlanta Hawks,SG,186,342,66,143,479.4,25,28,456.7,29,70,480.7,10,34,44,40,21,9,14,4,50,270,230,226,84,620.7100591715975,54.59171597633136,28.02130177514793,11.0,1028.3999999999999,989.3136094674556,645.6686390532544,96.74082840236687,10
41,Bojan Bogdanovic,New York Knicks,SF,80,155,31,73,404.1,8,11,275.0,10,33,253.6,4,14,18,9,8,0,14,0,18,107,98,89,27,321.0430839002268,31.88309397833207,7.167296548248929,15.574703955656336,439.93373645754605,424.85512723607957,343.97152935248175,31.20055429579239,10
42,Bol Bol,Phoenix Suns,C,56,117,19,32,439.2,8,9,375.0,10,16,375.0,4,26,30,6,10,2,6,7,25,92,86,62,36,282.882558452029,24.68798710024187,4.456866433754367,12.217683418435904,485.25288900833107,448.72292394517603,311.80811609782313,36.74926095135716,10
43,Bones Hyland,LA Clippers,PG,67,155,25,61,418.1,4,6,200.0,13,37,313.8,1,18,19,30,15,10,14,1,-4,116,86,97,49,327.030612244898,16.111111111111114,92.26757369614512,21.530612244897956,882.9897959183675,465.5702947845804,677.0532879818593,175.7755102040816,10
44,Bradley Beal,Phoenix Suns,SG,114,336,45,95,469.8,8,10,233.3,16,38,377.8,12,36,48,68,17,10,25,7,31,230,162,182,116,264.02267573696145,43.225497606449984,60.45301083396321,10.775006298815823,215.69614512471665,238.89140841521794,267.2723607961703,77.23356009070294,10
45,Brandin Podziemski,Golden State Warriors,G,60,253,25,59,404.7,2,3,100.0,8,25,283.3,20,40,60,25,18,7,8,1,21,145,120,85,85,172.26296996429323,78.0084015963033,31.23818525519849,10.0,449.4234404536861,363.296786389414,226.93152699012813,140.70468388993908,10
46,Brandon Boston Jr.,LA Clippers,SG,56,129,22,50,466.6,8,15,366.7,4,16,133.3,4,16,20,2,18,2,4,5,-29,78,76,58,22,88.625,28.9,1.6062499999999997,4.4,175.10625,157.425,96.15625,40.65625,10
47,Brandon Clarke,Memphis Grizzlies,PF,48,84,23,38,237.9,1,5,50.0,1,4,100.0,10,13,23,7,6,3,1,5,25,78,71,55,30,51.77777777777777,6.937777777777779,6.937777777777777,0.7511111111111113,87.84,77.8711111111111,65.8711111111111,9.751111111111113,4
48,Brandon Ingram,New Orleans Pelicans,SF,180,306,68,138,496.2,36,43,724.5,8,27,260.0,6,50,56,54,24,6,19,7,49,290,236,234,110,670.2437673130194,25.364265927977836,44.40443213296399,6.5318559556786715,720.3393351800554,826.6662049861496,558.8476454293628,74.83795013850416,10
49,Brandon Miller,Charlotte Hornets,F,183,325,67,160,415.7,20,26,605.0,29,81,320.0,8,37,45,18,25,6,16,6,-96,246,228,201,63,461.15625,44.65625,14.72900390625,36.90478515625,766.58837890625,707.625,500.72119140625,78.78369140625,10
50,Brandon Williams,Dallas Mavericks,G,7,24,2,9,83.3,3,4,100.0,0,2,0.0,1,1,2,4,1,0,1,0,-12,13,9,11,6,18.22448979591837,3.183673469387756,4.081632653061224,0.0,30.46938775510204,15.448979591836734,29.0,11.510204081632653,4
51,Braxton Key,Denver Nuggets,F,2,6,1,1,100.0,0,1,0.0,0,0,0.0,1,1,2,0,1,0,0,0,2,4,4,2,2,0.6173469387755104,1.0,0.12755102040816327,0.12755102040816327,2.040816326530612,3.1887755102040813,0.18367346938775514,0.4132653061224489,1
52,Brice Sensabaugh,Utah Jazz,F,90,227,31,91,318.8,12,15,313.3,16,55,270.0,7,38,45,29,13,7,23,2,-109,164,135,119,74,606.51416015625,56.84619140625,24.37744140625,43.97509765625,806.13525390625,721.869140625,662.056640625,109.947265625,10
53,Brook Lopez,Milwaukee Bucks,C,128,294,46,83,566.3,14,17,400.1,22,49,461.4,12,38,50,18,28,5,16,14,8,196,178,146,68,341.210427304488,60.067186240257996,25.66191883902177,25.70330556302069,631.4184359043268,594.8847084117174,371.61515721580224,91.85810266057511,10
54,Bruce Brown,Toronto Raptors,SF,107,277,42,80,506.7,15,21,533.3,8,17,341.7,9,25,34,37,20,10,20,1,-117,178,141,144,71,198.3820301783265,43.111111111111114,39.729766803840874,9.616598079561042,450.2421124828532,267.66598079561044,364.71124828532237,99.08779149519891,10
55,Bruno Fernando,Atlanta Hawks,PF,84,194,34,51,604.7,16,23,508.4,0,1,0.0,18,31,49,21,35,9,15,7,-9,154,133,105,70,443.621227887617,45.859001040582726,12.123309053069718,0.0,498.01664932362115,537.8048907388137,437.14932362122784,24.665972944849116,10
56,Bryce McGowens,Charlotte Hornets,G,41,140,13,33,249.89999999999998,12,16,391.7,3,12,90.0,1,19,20,6,14,5,3,4,-16,67,61,47,26,213.07346938775507,26.31836734693878,6.800000000000002,4.2,363.0897959183674,347.71836734693875,229.81632653061223,31.746938775510202,10
57,Buddy Boeheim,Detroit Pistons,F,19,40,6,14,83.3,2,2,100.0,5,13,76.19999999999999,0,6,6,3,3,0,0,1,12,28,25,22,9,69.39909297052154,4.081632653061225,6.224489795918369,4.183673469387755,150.6848072562358,100.55555555555559,114.22222222222224,15.612244897959185,2
58,Buddy Hield,Philadelphia 76ers,SG,101,214,39,82,472.0,6,6,400.0,17,49,368.1,10,17,27,15,16,5,10,4,-28,143,128,116,42,132.91866693116447,18.121602856576075,18.49890894663757,11.271374727236658,229.42491569133108,168.057925014878,176.45427494544734,54.451894465383845,10
59,CJ McCollum,New Orleans Pelicans,SG,240,373,88,195,458.4,22,23,475.0,42,96,436.7,6,37,43,60,19,9,19,2,35,343,283,300,103,542.5907774560035,72.13744709289374,43.229672532858096,20.396079304967696,901.9075517932724,799.3497438182222,653.8516373357096,106.66406772109602,10
60,Cade Cunningham,Detroit Pistons,PG,241,313,92,212,430.3,40,44,808.3,17,55,297.1,9,44,53,75,18,11,31,2,-38,369,294,316,128,702.373472159348,53.42462652784065,52.55545495699411,12.217745586238117,842.2865550022635,783.9945676776822,690.806699864192,175.83884110457223,10
61,Caleb Houstan,Orlando Magic,G,46,161,15,36,368.3,2,2,100.0,14,34,360.0,6,10,16,4,15,3,2,2,26,66,62,50,20,93.43842950624628,30.609161213563358,2.8197501487209995,10.573468173706127,194.1368233194527,174.0,101.71683521713265,45.28732897085069,10
62,Caleb Martin,Miami Heat,SF,85,260,32,88,354.2,12,14,575.0,9,43,253.3,10,31,41,25,13,9,13,4,-8,151,126,110,66,247.16884661117717,47.05410225921522,41.35909631391201,5.466111771700357,564.9803804994056,397.8650416171225,388.01189060642093,114.68549346016647,10
63,Cam Reddish,Los Angeles Lakers,SF,30,155,9,28,213.3,6,12,141.7,6,17,216.6,7,6,13,1,8,5,2,6,-16,44,43,31,14,126.74740484429064,21.185121107266433,0.9498269896193771,5.335640138408304,133.10034602076124,120.45847750865055,141.52422145328723,20.0,10
64,Cam Thomas,Brooklyn Nets,SG,263,363,89,197,448.6,64,71,916.2,21,67,276.6,5,37,42,38,22,5,21,3,-53,343,305,301,80,313.8928468830796,55.64148233266303,35.69663889686872,24.912668773340993,401.0,272.0525711002585,462.1669060614766,72.01149095087618,10
65,Cam Whitmore,Houston Rockets,F,125,203,48,112,411.4,15,24,366.7,14,47,269.5,18,26,44,5,11,9,12,3,12,174,169,130,49,196.30864197530863,70.59807956104252,2.6680384087791498,14.943758573388202,327.7777777777777,325.43347050754454,203.01783264746228,68.90123456790123,10
66,Cameron Johnson,Brooklyn Nets,SF,113,254,37,93,406.4,18,22,625.0,21,58,365.6,6,32,38,18,14,9,10,3,-51,169,151,131,56,206.32345679012346,34.5679012345679,13.91604938271605,11.444444444444445,489.2271604938271,353.0,308.24444444444447,82.79012345679013,10
67,Cameron Payne,Philadelphia 76ers,PG,112,196,43,90,519.7,2,2,100.0,24,48,446.6,6,17,23,33,14,6,14,2,-10,168,135,145,56,511.3669397185465,89.8300777147658,17.381432472169713,32.632220121823146,756.1923965553455,686.2703213610586,536.1111111111111,152.38941398865785,10
68,Caris LeVert,Cleveland Cavaliers,SG,141,319,48,108,435.8,33,42,600.9,12,41,313.4,6,43,49,63,22,17,30,9,-33,253,190,204,112,613.587890625,31.041015625,118.634765625,5.619140625,1139.103515625,772.8515625,921.7890625,207.7265625,10
69,Cason Wallace,Oklahoma City Thunder,G,77,222,30,66,482.5,6,8,200.0,11,29,374.3,7,18,25,17,15,14,8,3,-5,119,102,94,42,156.7718706605832,12.524300733981354,28.41995635786551,19.230113072803015,278.451299345368,198.80579250148782,237.2410236064273,40.12061098988296,10
70,Cedi Osman,San Antonio Spurs,SF,70,175,27,53,472.5,1,2,50.0,15,32,373.7,2,23,25,12,17,3,5,2,-40,107,95,82,37,234.43964620187307,36.565036420395415,29.950052029136323,16.52341311134235,418.20655567117586,315.34287200832466,295.605098855359,108.21331945889699,10
71,Charlie Brown Jr.,New York Knicks,G,3,27,1,5,20.0,0,0,0.0,1,3,33.3,1,1,2,0,4,0,0,1,-6,5,5,3,2,6.12,2.7200000000000006,0.0,0.6800000000000002,17.0,17.0,6.12,2.7200000000000006,2
72,Chet Holmgren,Oklahoma City Thunder,PF,157,276,56,115,424.2,35,41,683.3,10,41,203.4,12,68,80,13,24,5,18,16,34,250,237,170,93,894.1271573100574,84.57091846855782,15.84983138266217,11.0493949613172,1529.6254711366794,1406.1696092045229,991.3410037690934,126.6627653243404,10
73,Chimezie Metu,Detroit Pistons,PF,72,211,27,59,372.4,16,17,587.5,2,19,66.6,10,30,40,16,23,13,11,7,-16,128,112,88,56,218.03067932797663,41.49598246895544,12.841490138787437,1.50036523009496,406.6471877282688,412.68955441928415,219.74433893352813,46.581446311176045,8
74,Chimezie Metu,Phoenix Suns,PF,4,15,2,4,50.0,0,0,0.0,0,0,0.0,1,3,4,1,1,2,3,0,-7,9,8,5,5,72.42658875091307,15.184806428049672,3.2644265887509127,0.11833455076698321,201.9320672023375,153.90211833455078,106.38203067932795,32.523739956172385,2
75,Chris Boucher,Toronto Raptors,PF,69,120,25,35,573.3,15,18,500.0,4,12,216.7,13,27,40,5,11,1,9,5,7,114,109,74,45,142.20987654320987,47.580246913580254,5.913580246913581,4.0246913580246915,410.0,329.0246913580247,192.69135802469134,83.98765432098766,8
76,Chris Duarte,Sacramento Kings,SG,51,126,18,46,419.2,5,6,250.0,10,30,356.0,7,12,19,7,8,5,4,3,-31,77,70,58,26,140.1870152255099,32.70985349037633,8.608158575122092,6.0459638035047405,337.0879057742028,257.28353921286987,188.67336972134447,72.63602413099683,10
77,Chris Livingston,Milwaukee Bucks,F,0,6,0,2,0.0,0,0,0.0,0,2,0.0,0,1,1,1,4,0,1,0,-10,2,1,1,2,1.0,0.390625,0.765625,0.0,0.25,0.140625,0.015625,2.25,1
78,Chris Paul,Golden State Warriors,PG,90,223,39,75,476.0,1,2,50.0,11,24,390.0,4,37,41,59,18,5,13,0,11,190,131,149,100,195.0710743801653,31.085950413223138,106.90743801652893,7.0,408.40991735537193,265.0495867768595,330.1570247933884,146.26776859504133,10
79,Christian Braun,Denver Nuggets,G,86,228,33,69,443.1,10,16,375.0,10,23,416.6,14,27,41,24,17,7,8,3,-14,151,127,110,65,323.7634083044983,36.949826989619375,57.72318339100347,4.216262975778546,684.9727508650519,484.87932525951555,503.8429930795848,114.68685121107268,10
80,Christian Wood,Los Angeles Lakers,F,59,133,22,51,477.0,11,14,450.0,4,19,225.0,6,28,34,6,12,5,5,2,-14,99,93,65,40,153.90277777777777,54.402777777777786,4.625,2.4444444444444446,305.125,285.0,156.7777777777778,76.27777777777777,10
81,Chuma Okeke,Orlando Magic,PF,2,40,0,6,0.0,2,2,100.0,0,5,0.0,0,5,5,2,2,2,3,0,-23,9,7,4,7,3.579081632653062,2.9770408163265305,1.4770408163265305,0.007653061224489796,7.5688775510204085,6.846938775510203,3.346938775510204,5.408163265306121,6
82,Clint Capela,Atlanta Hawks,C,125,265,55,92,622.0,15,28,402.9,0,1,0.0,43,69,112,17,15,8,11,19,93,254,237,142,129,31.66465104560343,49.60040312421265,10.10909549004787,0.0,139.32879818594105,101.22171831695641,56.5679012345679,72.91332829428067,10
83,Coby White,Chicago Bulls,PG,167,359,59,159,377.2,28,32,776.7,21,65,335.1,8,33,41,43,26,4,18,2,-43,251,208,210,84,174.77777777777783,23.51234567901234,86.60493827160494,10.355281207133057,324.5,222.99382716049388,275.4567901234568,110.94444444444446,10
84,Cody Martin,Charlotte Hornets,SF,69,285,28,76,367.2,6,7,250.0,7,30,228.2,6,44,50,42,15,11,20,7,-28,161,119,111,92,111.0,28.18685121107267,64.68512110726644,2.6816608996539792,183.02076124567472,112.9515570934256,173.33217993079583,100.60899653979239,10
85,Cody Zeller,New Orleans Pelicans,C,7,31,3,6,200.0,1,2,50.0,0,0,0.0,5,10,15,3,5,2,3,0,14,25,22,10,18,3.2091836734693877,5.25,3.494897959183673,0.0,19.08673469387755,12.673469387755102,6.408163265306122,11.959183673469386,5
86,Colby Jones,Sacramento Kings,G,6,25,3,10,116.6,0,0,0.0,0,2,0.0,3,4,7,5,4,0,1,0,-3,18,13,11,12,3.629013079667063,5.663495838287752,2.5124851367419736,0.0,25.650416171224734,15.0,9.247324613555291,13.20808561236623,4
87,Cole Anthony,Orlando Magic,PG,128,218,49,100,471.4,7,9,350.0,23,49,436.9,9,35,44,26,9,7,11,5,70,198,172,154,70,422.5728239011778,31.012352772191903,44.40563056592933,27.17178971559897,759.4857799482907,616.822177535191,539.918988796323,100.73542085607583,10
88,Cole Swider,Miami Heat,F,19,44,6,16,104.7,2,2,100.0,5,13,116.7,0,5,5,1,1,0,4,0,-18,25,24,20,6,137.0,2.2834467120181405,0.9160997732426304,12.102040816326532,164.1814058956916,166.80725623582765,134.01133786848072,3.562358276643991,5
89,Colin Castleton,Los Angeles Lakers,C,0,12,0,2,0.0,0,0,0.0,0,0,0.0,0,1,1,0,3,1,2,0,-16,1,1,0,1,0.018140589569160995,0.6371882086167799,0.0,0.0,0.5555555555555556,0.5555555555555556,0.018140589569160995,0.6371882086167799,2
90,Collin Gillespie,Denver Nuggets,G,53,125,19,43,306.4,4,7,200.0,11,25,283.3,0,15,15,18,12,7,9,0,24,86,68,71,33,243.36888888888888,13.035555555555554,37.768888888888895,15.680000000000003,407.0755555555555,282.8088888888889,340.71999999999997,77.72,8
91,Collin Sexton,Utah Jazz,PG,227,342,88,165,535.0,36,43,876.6,15,42,302.4,10,18,28,63,21,8,31,3,-100,318,255,290,91,101.30204528853179,25.614317019722424,52.22279035792549,22.967494521548577,214.09386413440467,171.07414170927683,141.2056245434624,80.95325054784514,10
92,Corey Kispert,Washington Wizards,SF,167,357,63,123,511.9,13,24,358.3,28,69,420.90000000000003,5,34,39,15,23,7,17,1,-54,221,206,182,54,347.51736111111114,110.18402777777779,15.057484567901234,19.68402777777778,641.298225308642,661.4027777777778,322.1049382716049,130.54938271604937,10
93,Cory Joseph,Golden State Warriors,PG,27,71,10,16,316.7,0,0,0.0,7,11,316.7,2,9,11,6,6,0,1,0,9,44,38,33,17,31.2,10.8,2.8000000000000003,3.2,28.8,47.2,21.2,5.2,5
94,Craig Jr. Porter,Cleveland Cavaliers,G,64,136,27,52,425.3,5,6,300.0,5,12,175.0,6,17,23,24,4,3,8,2,-29,111,87,88,47,343.30625,40.1,18.799999999999997,9.399999999999999,668.70625,551.50625,446.90625,72.5,10
95,D'Angelo Russell,Los Angeles Lakers,PG,189,357,62,155,392.9,26,29,600.0,39,96,378.7,4,33,37,68,18,14,26,3,48,294,226,257,105,609.7200832466181,28.117585848074924,125.65036420395421,40.901664932362124,1179.9042663891778,716.1873048907388,1038.5775234131113,188.62747138397503,10
96,D.J. Carton,Toronto Raptors,G,8,31,2,7,83.3,3,4,150.0,1,4,50.0,2,1,3,3,1,1,1,0,-30,14,11,11,6,8.666666666666668,2.0,2.0,0.6666666666666667,8.666666666666666,2.6666666666666665,18.666666666666668,0.0,3
97,D.J. Wilson,Philadelphia 76ers,F,10,14,4,6,66.7,0,0,0.0,2,2,100.0,1,1,2,2,1,0,0,2,4,14,12,12,4,19.75308641975309,0.7901234567901234,0.7901234567901234,0.7901234567901234,38.71604938271605,28.444444444444443,28.444444444444443,3.1604938271604937,1
98,DaQuan Jeffries,New York Knicks,SG,0,7,0,2,0.0,0,0,0.0,0,2,0.0,0,0,0,3,0,0,1,0,7,3,0,3,3,0.4982698961937717,0.0,5.262975778546712,0.05536332179930796,2.5224913494809686,0.4982698961937717,2.5224913494809686,5.262975778546712,1
99,Daishen Nix,Minnesota Timberwolves,SG,5,12,2,5,66.7,0,0,0.0,1,3,50.0,0,1,1,3,1,2,1,0,13,9,6,8,4,14.283950617283953,0.654320987654321,5.246913580246914,0.5555555555555556,7.222222222222223,10.987654320987655,6.839506172839505,9.580246913580247,2
100,Dalano Banton,Portland Trail Blazers,G,191,335,72,167,431.3,24,28,800.0,23,68,335.6,9,43,52,39,13,13,28,7,-125,282,243,230,91,668.7560553633218,72.04152249134947,72.75129757785467,21.185121107266433,1340.4692906574396,913.2543252595156,1079.4381487889275,161.3256920415225,10
101,Dalen Terry,Chicago Bulls,F,37,146,16,34,317.8,2,4,100.0,3,14,158.3,8,19,27,19,13,5,6,3,27,83,64,56,46,136.53345874764847,42.680730986294016,24.96452566514378,2.1013168503090567,326.9037893039506,266.4176296694437,161.23246439129267,103.43241064230045,10
102,Damian Jones,Cleveland Cavaliers,C,59,124,23,38,577.9,13,15,650.0,0,6,0.0,14,24,38,4,14,4,7,7,-35,101,97,63,42,176.1111111111111,76.30401234567901,2.419753086419753,0.0,351.9521604938272,335.5077160493827,176.23456790123458,95.04475308641976,10
103,Damian Lillard,Milwaukee Bucks,PG,238,369,82,186,434.9,38,43,888.0,36,90,399.3,4,43,47,90,21,6,20,3,36,375,285,328,137,693.2303310786757,14.911712353150586,93.20897116411534,33.179779280882876,1090.1463154147382,707.2427910288359,1087.2958348166608,96.95870416518335,10
104,Daniel Gafford,Dallas Mavericks,C,119,249,54,72,746.7,11,17,291.7,0,0,0.0,26,50,76,25,32,10,11,23,97,220,195,144,101,295.0,98.63668639053255,28.289940828402365,0.0,681.3633136094675,572.5289940828402,407.1360946745562,123.62485207100592,10
105,Daniel Theis,LA Clippers,C,41,144,17,37,385.8,3,3,200.0,4,9,300.0,12,24,36,12,17,1,6,8,11,89,77,53,48,134.9341940857976,20.783840066638902,9.71261974177426,4.408163265306122,220.57101207830073,196.28529779258642,167.20408163265307,22.51228654727197,10
106,Danilo Gallinari,Milwaukee Bucks,PF,25,94,8,18,400.0,7,9,275.0,2,10,200.0,3,7,10,8,8,3,4,1,-34,43,35,33,18,51.619140625,4.0390625,9.6015625,2.025390625,70.541015625,50.712890625,65.431640625,19.65625,10
107,Dante Exum,Dallas Mavericks,G,73,208,25,49,479.1,8,9,366.7,15,23,556.7,2,16,18,28,17,2,12,0,25,119,91,101,46,205.0,9.60128159487362,19.745817016731934,14.543609825560699,194.57636169455324,189.73335706657173,206.67034531861873,32.51975792096832,10
108,Danuel House Jr.,Philadelphia 76ers,SF,42,143,14,30,276.3,13,15,466.7,1,11,33.3,6,11,17,7,16,7,3,3,-26,66,59,49,24,42.0,11.714285714285715,8.0,0.8571428571428572,41.714285714285715,51.714285714285715,40.0,11.714285714285715,7
109,Dario Saric,Golden State Warriors,PF,28,107,12,33,298.3,2,3,100.0,2,17,83.3,6,15,21,18,5,0,13,0,-31,67,49,46,39,52.0,27.193877551020407,15.673469387755102,2.1224489795918364,146.1326530612245,98.90816326530613,72.53061224489795,69.56122448979592,10
110,Darius Garland,Cleveland Cavaliers,PG,132,340,52,136,382.0,12,15,700.0,16,60,241.1,8,22,30,80,20,8,28,1,-5,242,162,212,110,229.36912452662062,24.020049008687906,84.11895745154823,22.944976609489864,356.3911784361773,227.84406326576078,337.341501447984,128.71374470928936,10
111,David Roddy,Phoenix Suns,F,61,130,25,53,522.0,6,10,241.7,5,20,143.3,4,15,19,11,5,1,10,0,-72,91,80,72,30,443.76077097505674,53.03061224489796,19.489795918367346,9.316326530612244,856.328798185941,679.8049886621316,601.5294784580499,91.27551020408164,10
112,Davion Mitchell,Sacramento Kings,PG,69,180,27,53,430.5,4,6,125.0,11,23,348.8,7,12,19,18,9,5,5,0,18,106,88,87,37,303.90180519738146,23.535608014282882,13.69172783177941,19.064272961713947,452.4241221979766,408.0,328.2430073398135,57.31025590160682,10
113,Davis Bertans,Charlotte Hornets,SF,76,224,24,63,333.4,10,10,400.0,18,52,304.7,0,12,12,11,17,10,6,3,-115,99,88,87,23,286.46173469387753,8.5,13.329081632653061,24.074617346938776,373.1938775510204,349.0331632653061,308.265306122449,24.18622448979592,10
114,Day'Ron Sharpe,Brooklyn Nets,C,62,131,26,47,645.1,10,17,308.3,0,2,0.0,27,29,56,10,22,2,16,5,6,128,118,72,66,119.616,218.4,10.576,0.036,456.0,375.616,160.0,268.976,10
115,De'Aaron Fox,Sacramento Kings,PG,227,359,77,195,403.7,46,54,757.2,27,79,356.0,12,47,59,63,28,26,26,6,56,349,286,290,122,131.20121823146397,26.223272421760136,90.22453266120563,12.658055030455786,258.2438563327032,211.15900021003992,176.8741860953581,117.85969334173492,10
116,De'Andre Hunter,Atlanta Hawks,SF,166,320,61,137,438.3,21,27,623.3,23,69,327.7,6,42,48,23,19,4,16,2,41,237,214,189,71,408.47119140625,131.587890625,16.4765625,20.1015625,769.58056640625,765.96728515625,410.17041015625,149.978515625,10
117,De'Anthony Melton,Philadelphia 76ers,SG,23,43,7,20,75.0,4,4,200.0,5,14,75.0,0,5,5,5,3,2,1,1,-2,33,28,28,10,128.66666666666666,2.666666666666667,2.666666666666667,8.666666666666666,206.0,164.66666666666669,164.66666666666669,10.666666666666668,3
118,DeAndre Jordan,Denver Nuggets,C,38,95,17,29,511.8,4,4,200.0,0,0,0.0,13,27,40,7,12,1,4,3,-25,85,78,45,47,161.68444119795473,86.18261504747991,10.371804236669103,0.0,466.03579254930605,406.1154127100073,197.15924032140245,121.0,10
119,DeJon Jarreau,Memphis Grizzlies,F,43,150,17,50,308.3,5,11,250.0,4,13,141.7,8,36,44,26,14,6,9,2,-24,113,87,69,70,79.355625,90.140625,46.49,4.24,355.32250000000005,167.70250000000001,168.800625,234.805625,9
120,DeMar DeRozan,Chicago Bulls,SF,249,368,85,180,466.3,73,89,831.5,6,25,190.0,4,38,42,50,17,14,23,7,25,341,291,299,92,343.92776816608995,41.8810553633218,56.21626297577855,4.5121107266435985,518.9359861591695,449.28373702422147,437.086937716263,74.59039792387544,10
121,Dean Wade,Cleveland Cavaliers,PF,46,178,15,35,260.2,5,7,216.7,11,31,233.4,4,27,31,7,8,3,1,9,-23,84,77,53,38,468.50000000000006,35.125,6.125,31.525000000000006,718.8,714.725,466.12499999999994,47.699999999999996,10
122,Deandre Ayton,Portland Trail Blazers,C,231,353,108,180,597.7,14,18,350.0,1,5,100.0,41,92,133,13,16,5,22,7,-61,377,364,244,146,561.15625,201.43402777777777,6.684027777777778,0.9027777777777777,1286.15625,1344.7361111111109,522.0694444444445,188.625,10
123,Dejounte Murray,Atlanta Hawks,SG,245,370,97,215,464.9,15,21,546.7,36,98,377.7,7,51,58,100,20,21,35,3,46,403,303,345,158,698.5495867768595,49.60146923783287,78.61524334251608,32.764462809917354,713.7488521579431,803.9967860422406,614.0518824609734,122.46648301193756,10
124,Delon Wright,Miami Heat,SG,51,214,17,50,360.0,11,14,283.3,6,20,225.0,4,16,20,26,7,13,1,2,24,97,71,77,46,157.364,13.296000000000001,29.764,6.596,230.696,173.284,218.60000000000002,39.236,10
125,Deni Avdija,Washington Wizards,SF,175,351,66,128,512.4,32,45,737.1,11,38,279.1,14,73,87,43,22,9,26,3,-21,305,262,218,130,216.28994082840237,105.37943786982248,50.12130177514793,9.943786982248522,719.3380177514794,507.6960059171597,351.801775147929,231.63091715976333,10
126,Dennis Schroder,Brooklyn Nets,PG,145,341,55,139,382.2,14,15,650.0,21,55,406.09999999999997,8,32,40,64,23,6,23,5,-27,249,185,209,104,430.8529739362887,28.7288928491869,65.75361995990198,30.93049676988193,652.0719536645133,510.6498106482513,560.2247716640677,106.53285809757185,10
127,Dennis Smith Jr.,Brooklyn Nets,PG,58,167,21,46,487.1,8,11,383.3,8,22,348.3,5,13,18,28,22,16,11,0,3,104,76,86,46,79.376,17.744,39.796,4.276,182.9,140.496,114.24399999999999,65.076,10
128,Dereck II Lively,Dallas Mavericks,C,94,185,45,59,763.7,4,11,150.0,0,0,0.0,16,46,62,8,15,5,6,12,19,164,156,102,70,352.13884297520667,62.922314049586774,9.682644628099174,0.0,665.6099173553719,566.5851239669421,437.702479338843,86.06611570247934,10
129,Derrick Jones Jr.,Dallas Mavericks,SF,65,214,24,52,494.4,12,18,433.4,5,17,183.3,11,19,30,9,11,4,8,4,38,104,95,74,39,120.72738725119677,46.20408163265306,8.913328294280674,6.515747039556564,219.06122448979593,181.3623078861174,144.53061224489795,69.01310153691107,10
130,Derrick Rose,Memphis Grizzlies,PG,49,95,20,37,377.7,5,6,266.7,4,8,233.3,0,15,15,21,3,1,9,0,-9,85,64,70,36,70.0,14.857142857142858,12.0,3.7142857142857144,188.85714285714286,116.85714285714286,128.0,40.857142857142854,7
131,Derrick White,Boston Celtics,PG,182,356,62,135,466.3,20,22,755.6,38,88,441.09999999999997,8,52,60,62,22,8,13,10,102,304,242,244,122,253.48429752066113,82.77355371900825,65.68264462809917,33.199999999999996,668.5619834710743,501.61322314049585,365.17685950413227,203.71239669421487,10
132,Desmond Bane,Memphis Grizzlies,SG,93,165,30,80,183.4,19,21,366.7,14,40,172.9,2,14,16,34,14,5,13,2,-54,143,109,127,50,267.2,8.8,114.79999999999998,4.8,701.1999999999999,362.8,587.2,142.0,5
133,Devin Booker,Phoenix Suns,SG,283,347,103,200,501.1,48,54,867.8,29,76,319.3,11,41,52,74,32,5,27,6,44,409,335,357,126,1297.9125724363819,55.709750566893426,88.25346434870244,65.9795918367347,1209.0206601158982,1121.716049382716,1347.214159737969,181.96623834719074,10
134,Devin Vassell,San Antonio Spurs,SG,193,373,77,163,440.2,18,21,691.7,21,61,312.3,0,33,33,47,16,12,18,1,-43,273,226,240,80,806.4410104810535,25.71969900564364,52.6495565708143,24.90217683418436,1079.5020155872078,846.0,1027.3222252082774,90.99005643644182,10
135,Devonte' Graham,San Antonio Spurs,PG,25,73,9,23,228.3,1,1,100.0,6,19,220.0,0,12,12,7,6,3,3,0,-7,44,37,32,19,61.335180055401665,1.8337950138504158,11.939058171745152,4.914127423822714,87.54570637119113,63.83379501385041,86.81994459833794,12.0,7
136,Dillon Brooks,Houston Rockets,SF,103,281,39,100,367.1,12,13,350.0,13,55,285.6,4,26,30,18,28,6,12,2,74,151,133,121,48,506.06700273051877,22.254148288174754,23.601344255408527,12.658055030455786,757.8015122873346,586.7840789750053,645.0474690191136,77.89245956731779,10
137,Domantas Sabonis,Sacramento Kings,PF,169,356,59,121,502.5,49,67,732.5,2,11,133.3,38,106,144,75,26,6,35,7,21,388,313,244,219,233.50029756000794,82.4864114263043,68.42828803808769,1.6457052172188058,416.2003570720095,476.7008530053561,173.83455663558823,150.07994445546518,10
138,Dominick Barlow,San Antonio Spurs,F,57,150,21,38,506.6,15,18,416.6,0,1,0.0,19,22,41,15,19,4,4,3,10,113,98,72,56,290.46020761245677,81.13667820069205,45.74567474048443,0.0,715.5397923875432,590.5,425.3581314878893,117.0242214532872,10
139,Donovan Mitchell,Cleveland Cavaliers,SG,208,349,61,155,381.6,54,61,812.8,32,80,385.5,2,37,39,50,22,12,26,4,-61,297,247,258,89,701.7777777777777,33.102846648301195,41.314967860422406,25.71900826446281,1019.0,918.8604224058769,795.5573921028466,80.77777777777777,10
140,Donte DiVincenzo,New York Knicks,SG,206,360,72,159,440.79999999999995,14,19,525.0,48,121,389.2,6,34,40,27,28,19,12,6,19,273,246,233,67,797.194214876033,28.020661157024794,14.673094582185492,57.91965105601469,1014.1000918273645,958.9586776859504,846.1179981634527,48.911386593204774,10
141,Dorian Finney-Smith,Brooklyn Nets,PF,69,289,27,61,437.5,7,10,350.0,8,34,281.6,11,32,43,15,17,12,6,5,-52,127,112,84,58,168.87871581450653,32.107609988109395,9.35909631391201,6.07193816884661,201.9601664684899,183.83174791914388,189.84542211652794,38.628418549346016,10
142,Doug McDermott,Indiana Pacers,SF,38,117,14,34,279.1,1,2,50.0,9,29,190.29999999999998,0,8,8,9,11,3,3,0,-6,55,46,47,17,198.0173611111111,9.625,10.90625,15.316840277777775,312.2361111111111,224.35069444444443,284.2777777777777,22.15625,10
143,Draymond Green,Golden State Warriors,PF,90,301,39,78,487.0,8,11,300.0,4,21,140.0,20,65,85,67,31,19,25,5,60,242,175,157,152,263.24567474048445,39.54671280276817,92.84818339100346,6.7543252595155705,468.625,247.07612456747404,434.0246539792388,183.16479238754323,10
144,Drew Eubanks,Phoenix Suns,PF,46,150,19,31,565.0,8,9,380.0,0,0,0.0,12,29,41,8,18,3,6,9,26,95,87,54,49,66.40008650519032,34.931228373702425,13.600778546712805,0.0,106.51946366782006,96.1280276816609,68.40138408304499,56.92214532871973,10
145,Duncan Robinson,Miami Heat,F,134,308,47,103,430.1,8,9,350.0,32,83,340.7,3,29,32,23,28,7,17,3,-33,189,166,157,55,596.7326869806093,17.745152354570635,30.738227146814406,38.699445983379505,880.3518005540167,647.1648199445983,825.4598337950138,52.943213296398895,10
146,Duop Reath,Portland Trail Blazers,C,95,190,38,81,415.1,8,8,400.0,11,39,236.7,6,25,31,10,23,5,8,5,-55,136,126,105,41,428.97579845268797,44.95159690537592,24.160682404284866,10.90160682404285,845.9273953580639,679.8885141836937,558.832572902202,105.29438603451696,10
147,Dwight Powell,Dallas Mavericks,C,20,128,7,12,450.0,6,13,325.0,0,0,0.0,13,22,35,10,19,0,9,3,-17,65,55,30,45,50.5,106.00625,12.225,0.0,319.90625,247.25625,80.22500000000001,161.15625,10
148,Dylan Windler,Atlanta Hawks,G,16,41,6,11,106.7,0,0,0.0,4,9,85.0,1,6,7,2,2,2,1,0,3,25,23,18,9,79.80325443786984,6.946745562130177,2.75,5.755917159763313,120.77514792899407,109.29437869822485,83.74556213017752,17.235207100591715,3
149,Dylan Windler,Los Angeles Lakers,G,3,14,1,4,25.0,0,0,0.0,1,4,25.0,0,1,1,2,1,0,0,0,-7,6,4,5,3,7.920118343195265,2.3491124260355023,0.5,0.6065088757396448,8.260355029585797,12.298816568047336,5.80473372781065,0.9260355029585796,2
150,Dyson Daniels,New Orleans Pelicans,G,60,204,25,45,419.7,1,2,50.0,9,21,263.3,11,22,33,27,19,20,10,7,7,120,93,87,60,240.0,34.00831024930748,26.301939058171747,14.900277008310248,343.3518005540166,264.00831024930744,284.30193905817174,95.35180055401662,10
151,Emoni Bates,Cleveland Cavaliers,F,16,23,6,12,102.9,0,2,0.0,4,8,100.0,0,1,1,1,0,0,1,0,-3,18,17,17,2,22.765432098765434,0.8024691358024691,0.5061728395061729,2.617283950617284,28.888888888888893,26.58024691358024,25.98765432098765,0.3950617283950617,2
152,Eric Gordon,Phoenix Suns,SG,81,221,30,66,412.0,2,2,200.0,19,46,399.2,1,12,13,16,16,8,6,3,56,110,94,97,29,391.6009137328675,6.4076861058855155,18.589626444504166,22.925826390755176,473.52270894920724,344.68099973125504,519.5595270088686,25.88040849234077,10
153,Eugene Omoruyi,Washington Wizards,F,32,104,14,35,357.1,4,8,150.0,0,8,0.0,7,12,19,5,16,4,4,2,-55,56,51,37,24,75.05601469237833,7.694214876033056,6.173553719008264,0.00918273645546373,58.752984389348036,54.46372819100092,78.03948576675849,15.173553719008263,10
154,Evan Fournier,Detroit Pistons,SG,64,218,23,77,267.4,8,11,266.7,10,44,209.3,1,17,18,20,16,11,8,2,-28,102,82,84,38,340.8099173553719,13.600000000000001,26.26776859504132,14.05289256198347,464.6710743801653,450.0099173553719,345.4710743801653,49.867768595041326,10
155,Evan Mobley,Cleveland Cavaliers,PF,165,290,63,104,595.4,31,44,611.0,8,17,400.0,19,65,84,46,24,10,13,10,-9,295,249,211,130,331.48566792861004,159.06544077879937,59.40292049756626,5.714440237966469,739.7517577068686,605.3093564088697,360.93077339102217,323.46565711195245,10
156,Frank Ntilikina,Charlotte Hornets,PG,5,39,1,8,50.0,2,2,100.0,1,7,50.0,1,4,5,3,4,0,0,0,0,13,10,8,8,19.0,7.0,6.84,0.7600000000000002,24.439999999999998,14.0,18.64,24.640000000000004,4
157,Franz Wagner,Orlando Magic,SF,172,311,62,118,526.4,41,48,856.9,7,32,165.0,8,33,41,32,22,8,17,3,47,245,213,204,73,167.14622234989946,54.70985349037633,16.10054582016662,10.639184142487789,353.36541223786264,306.8017810973858,220.20626256822752,64.31399023269175,10
158,Fred VanVleet,Houston Rockets,PG,172,355,62,145,448.0,14,17,485.7,34,88,386.2,4,29,33,83,30,22,19,8,52,288,205,255,116,689.625,10.24853515625,126.63134765625,58.58056640625,640.509765625,697.57666015625,613.58447265625,155.853515625,10
159,Furkan Korkmaz,Philadelphia 76ers,SG,41,116,13,29,278.6,7,10,241.7,8,18,258.3,3,12,15,12,6,3,2,2,22,68,56,53,27,292.875,14.875,10.0,20.0,404.0,340.0,363.875,17.875,8
160,GG Jackson,Memphis Grizzlies,F,178,344,58,132,426.2,32,37,906.5,30,78,366.6,10,44,54,20,18,5,18,2,-106,252,232,198,74,573.8390532544378,77.19289940828402,24.684023668639053,37.36331360946746,658.2532544378698,667.1999999999999,581.2710059171598,85.498224852071,10
161,Gabe Vincent,Los Angeles Lakers,PG,2,28,1,5,25.0,0,0,0.0,0,3,0.0,1,1,2,1,3,1,2,0,-7,5,4,3,3,2.36734693877551,0.0,0.5918367346938775,0.0,5.326530612244897,2.36734693877551,5.326530612244897,0.5918367346938775,2
162,Garrett Temple,Toronto Raptors,SF,48,155,17,41,402.3,7,10,300.0,7,23,220.0,5,17,22,10,16,8,5,2,-55,80,70,58,32,135.03125,23.5078125,15.53125,8.8828125,241.6953125,206.0703125,149.625,60.0703125,8
163,Garrison Mathews,Atlanta Hawks,SG,90,191,27,52,536.7,15,17,263.3,21,41,498.5,0,14,14,9,22,2,2,2,-4,113,104,99,23,439.93005123635555,10.42281131655157,4.900200490086879,26.865003341501446,584.4078859434172,540.5422143016262,479.0,20.11873468478503,10
164,Gary Harris,Orlando Magic,SG,66,252,24,56,435.3,6,8,275.0,12,38,344.2,4,13,17,8,17,4,9,2,-13,91,83,74,25,163.80625,8.10625,5.75625,3.825,245.65625,219.7,180.9,22.725,10
165,Gary Payton II,Golden State Warriors,SG,46,149,21,35,576.6,2,4,100.0,2,7,200.0,7,11,18,13,19,7,6,5,1,77,64,59,31,74.67777777777778,50.225,38.1,1.625,186.16944444444445,94.46944444444443,87.17777777777778,167.525,10
166,Gary Trent Jr.,Toronto Raptors,SG,223,329,82,180,466.8,27,30,663.3,32,86,371.0,7,28,35,21,16,13,5,1,-116,279,258,244,56,488.67346938775506,17.15077051228655,26.96334860474802,34.161599333610994,462.59600166597244,537.1187005414412,420.7446897126198,37.52019991670137,10
167,Georges Niang,Cleveland Cavaliers,SF,115,259,43,91,438.1,6,6,300.0,23,58,378.1,2,24,26,9,26,8,15,3,-19,150,141,124,35,499.4469387755102,20.900000000000002,7.4897959183673475,36.5,406.4,402.9183673469388,483.3,48.01836734693878,10
168,Giannis Antetokounmpo,Milwaukee Bucks,PF,303,369,119,203,597.0,64,102,558.7,1,14,50.0,35,97,132,71,32,9,36,13,7,506,435,374,203,268.3902606310014,207.54252400548694,67.71330589849109,1.734567901234568,774.4334705075446,650.2345679012346,382.47530864197535,285.36968449931413,10
169,Goga Bitadze,Orlando Magic,C,32,108,13,23,546.7,6,10,283.3,0,3,0.0,11,15,26,9,12,2,9,9,-9,67,58,41,35,47.199999999999996,63.34444444444445,9.3,0.0,226.77777777777777,172.14444444444445,73.30000000000001,101.17777777777778,10
170,Gordon Hayward,Oklahoma City Thunder,SF,47,161,16,41,355.5,6,10,250.0,9,17,400.0,3,15,18,15,6,3,3,1,-63,80,65,62,33,148.8081011203677,25.77477736282677,10.535191037058317,9.00689457052571,202.09422579718472,192.0864694053433,152.6590060327492,42.46681987934502,10
171,Gradey Dick,Toronto Raptors,G,134,309,50,124,380.3,17,21,604.7,17,52,318.0,3,21,24,12,17,5,18,2,-178,170,158,146,36,325.625,54.411111111111104,10.0,16.23611111111111,385.6694444444445,463.60277777777776,265.425,46.67777777777778,10
172,Grant Williams,Charlotte Hornets,PF,132,290,52,105,476.3,12,19,516.7,16,47,382.8,16,36,52,35,30,5,11,3,-98,219,184,167,87,349.6533131771227,39.93902746283698,93.05089443184681,6.401612496850592,493.58150667674477,463.0612244897959,315.68934240362813,197.47417485512722,10
173,Grayson Allen,Phoenix Suns,SG,156,325,56,102,555.5,13,16,491.7,31,68,376.9,5,26,31,34,14,8,10,4,49,221,187,190,65,552.3147928994083,49.71005917159762,33.005917159763314,69.39763313609467,694.2402366863906,545.6437869822485,682.3100591715977,101.31715976331361,10
174,Gui Santos,Golden State Warriors,F,41,109,14,26,422.5,8,9,350.0,5,10,300.0,9,21,30,9,15,2,5,2,6,80,71,50,39,150.89440000000002,120.4816,15.6864,4.2224,553.3056,480.9664,174.04,185.3616,9
175,Harrison Barnes,Sacramento Kings,SF,127,288,46,106,424.3,19,24,550.0,16,46,300.0,11,26,37,14,9,4,10,1,-2,178,164,141,51,355.21186272564967,26.472326919262052,10.457845665542552,22.233287046220987,449.27474707399324,389.4651854790717,402.3279111287443,49.62368577663162,10
176,Harry III Giles,Brooklyn Nets,F,8,8,3,6,50.0,1,2,50.0,1,1,100.0,2,2,4,2,3,0,0,0,-12,14,12,10,6,49.0,11.430839002267573,3.4489795918367347,0.8185941043083901,149.7709750566893,107.76417233560092,78.44897959183675,27.43764172335601,1
177,Harry III Giles,Los Angeles Lakers,F,2,10,1,4,100.0,0,0,0.0,0,2,0.0,0,1,1,0,0,1,0,0,-15,3,3,2,1,2.0,0.528344671201814,0.04081632653061224,0.018140589569160995,4.63718820861678,4.528344671201814,2.0408163265306123,0.6371882086167799,2
178,Haywood Highsmith,Miami Heat,F,93,223,36,66,495.1,2,7,83.3,19,34,416.6,13,29,42,12,13,5,3,1,14,147,135,105,54,531.8632088148347,47.72964256920183,9.937113679118516,31.579414135984948,906.7135178715399,849.5224402042461,573.4944907282988,73.22655200214996,10
179,Herbert Jones,New Orleans Pelicans,SF,108,355,36,80,474.5,22,24,725.0,14,40,309.4,7,22,29,32,31,18,11,10,-14,169,137,140,61,141.00327538422775,34.15293524817334,15.883093978332074,12.750818846056942,332.0395565633661,253.40816326530614,188.42579994960946,81.24489795918367,10
180,Hunter Tyson,Denver Nuggets,F,0,7,0,3,0.0,0,0,0.0,0,3,0.0,0,1,1,0,1,0,2,0,-1,1,1,0,1,9.679012345679013,0.6049382716049383,0.0771604938271605,0.4444444444444444,6.817901234567901,5.4444444444444455,11.484567901234568,0.25,1
181,I. Thomas,Phoenix Suns,G,5,8,2,4,50.0,0,0,0.0,1,2,50.0,0,0,0,1,0,0,0,0,1,6,5,6,1,8.506944444444443,0.0,0.027777777777777766,0.3402777777777777,9.506944444444445,8.506944444444443,9.506944444444445,0.027777777777777766,1
182,Ibou Badji,Portland Trail Blazers,C,10,41,4,5,250.0,2,4,100.0,0,0,0.0,2,4,6,4,8,0,5,3,-33,20,16,14,10,15.650969529085874,6.0,4.171745152354571,0.0,37.529085872576175,34.80886426592798,21.42382271468144,7.119113573407203,4
183,Immanuel Quickley,Toronto Raptors,SG,184,347,64,153,414.6,33,44,622.2,23,73,311.4,2,48,50,86,13,9,25,2,-112,320,234,270,136,353.6111111111111,59.599999999999994,198.4,14.2,866.9444444444443,436.0111111111111,640.5444444444445,402.0,10
184,Isaac Okoro,Cleveland Cavaliers,SF,77,302,30,77,385.0,5,8,175.0,12,39,341.7,9,17,26,16,25,7,12,2,-61,119,103,93,42,148.1,42.67777777777778,18.5,7.777777777777779,379.6111111111111,281.0444444444445,222.2,85.64444444444445,10
185,Isaiah Hartenstein,New York Knicks,C,110,240,46,63,758.6,18,24,551.4,0,0,0.0,27,51,78,31,28,14,11,13,110,219,188,141,109,249.18516527815103,147.44477291050794,16.903251814028486,0.0,540.9451760279495,471.67266863746306,266.2125772641763,216.59312012899758,10
186,Isaiah Jackson,Indiana Pacers,SF,87,173,35,53,744.3,17,23,608.3,0,1,0.0,25,29,54,10,23,7,7,11,49,151,141,97,64,236.46855476884633,184.323198667222,30.26655560183257,0.0,820.8800499791752,665.6930445647647,301.28404831320285,304.96126613910866,10
187,Isaiah Joe,Oklahoma City Thunder,SG,94,194,31,68,463.0,9,10,375.0,23,50,458.6,2,21,23,19,10,4,5,3,11,136,117,113,42,254.41924704834037,10.426152817999554,60.00779683671196,17.188015148139897,588.0521274225885,341.01693027400313,469.6522610826464,102.23613276899087,10
188,Isaiah Mobley,Cleveland Cavaliers,F,5,33,2,7,58.3,0,0,0.0,1,4,25.0,0,4,4,2,2,0,0,0,-1,11,9,7,6,2.2244897959183674,12.081632653061227,1.0204081632653061,0.7551020408163267,23.36734693877551,15.612244897959185,5.897959183673469,17.183673469387756,2
189,Isaiah Stewart,Detroit Pistons,C,106,319,40,71,587.7,10,12,516.7,16,38,409.0,10,48,58,12,11,4,10,10,-48,176,164,118,70,131.47520661157026,49.603305785123965,9.603305785123966,12.764462809917354,245.47520661157023,193.27685950413223,178.88016528925618,64.0,10
190,Ish Smith,Charlotte Hornets,PG,18,181,8,34,236.0,0,0,0.0,2,2,200.0,1,19,20,41,16,5,6,1,-90,79,38,59,61,54.36000000000001,24.0,78.09,1.5600000000000003,170.49,69.16000000000001,134.09,123.69,9
191,Ish Wainright,Phoenix Suns,F,3,11,1,6,16.7,0,0,0.0,1,4,25.0,3,2,5,1,1,1,1,0,-3,9,8,4,6,6.25,17.361111111111114,0.6944444444444445,0.6944444444444445,56.25,44.44444444444445,11.111111111111112,25.0,1
192,Ivica Zubac,LA Clippers,C,116,275,48,76,705.1,20,25,475.0,0,0,0.0,29,62,91,15,26,8,9,15,-31,222,207,131,106,252.40010078105317,58.91786344167297,8.500629881582263,0.0,464.77198286722097,419.0770975056689,269.0236835474931,96.48979591836736,10
193,JT Thor,Charlotte Hornets,F,30,107,12,21,438.3,2,3,150.0,4,11,250.0,1,15,16,7,6,0,3,5,17,53,46,37,23,92.37530864197532,24.553086419753082,4.644444444444445,4.800000000000001,201.97777777777776,190.4,101.3456790123457,31.804938271604932,10
194,JaVale McGee,Sacramento Kings,C,23,49,11,19,355.0,0,3,0.0,1,2,100.0,5,10,15,1,6,2,1,0,-4,39,38,24,16,74.62809917355372,14.652892561983467,0.8760330578512395,0.8760330578512395,124.70247933884295,127.0495867768595,76.19834710743801,11.611570247933882,7
195,Jabari Smith Jr.,Houston Rockets,PF,155,293,54,110,495.1,27,31,916.7,20,51,345.8,13,54,67,12,27,6,11,7,17,234,222,167,79,424.3845740392368,102.72910507927976,9.690405804891158,20.010749798441278,699.9392636388068,664.6449879064768,470.00188121472723,102.09647944101049,10
196,Jabari Walker,Portland Trail Blazers,F,101,289,37,82,466.0,19,26,673.4,8,21,333.3,16,62,78,17,28,5,6,1,-79,196,179,118,95,260.0702947845805,290.34567901234567,30.83673469387755,7.872511967750063,900.6026706979088,776.7228521038046,319.41043083900223,385.7220962459058,10
197,Jacob Gilyard,Brooklyn Nets,G,0,11,0,2,0.0,0,0,0.0,0,2,0.0,0,0,0,1,2,1,0,0,0,1,0,1,1,14.761772853185596,0.6232686980609419,3.792243767313019,1.3407202216066483,43.28254847645429,21.451523545706372,33.51800554016621,7.490304709141275,1
198,Jacob Gilyard,Memphis Grizzlies,G,67,192,23,49,431.8,1,1,100.0,20,42,431.8,1,13,14,39,10,9,12,2,-59,120,81,106,53,341.01385041551254,15.504155124653737,43.28808864265928,29.750692520775623,656.0166204986151,445.7479224376731,519.5041551246537,90.57063711911357,9
199,Jacob Toppin,New York Knicks,F,13,29,5,9,107.1,2,2,100.0,1,4,33.3,3,3,6,1,3,0,1,0,-18,20,19,14,7,78.05555555555556,8.722222222222221,0.5555555555555556,0.7222222222222223,130.22222222222223,136.55555555555554,72.5,8.5,2
200,Jaden Hardy,Dallas Mavericks,G,73,116,30,66,447.3,3,3,200.0,10,25,306.6,1,10,11,15,11,1,8,1,0,99,84,88,26,140.9334126040428,8.942925089179548,32.54756242568371,6.19024970273484,230.15279429250893,181.34126040428063,174.65457788347206,56.5808561236623,10
201,Jaden Ivey,Detroit Pistons,PG,142,300,52,141,377.7,24,30,705.0,14,54,265.1,5,29,34,41,25,6,23,4,-96,217,176,183,75,186.9928181557024,26.56592933065211,53.53777650100546,4.773340993967251,335.4843435794312,232.76242459063485,277.8641195058891,91.95432347026717,10
202,Jaden McDaniels,Minnesota Timberwolves,PF,127,299,51,104,480.9,11,18,432.1,14,43,262.9,12,31,43,11,30,11,14,9,58,181,170,138,54,386.04195501730106,34.48832179930796,13.083044982698961,16.422145328719722,425.98096885813146,457.8425605536332,349.3135813148789,52.438148788927336,10
203,Jaden Springer,Boston Celtics,G,60,176,22,52,413.7,13,14,575.0,3,18,183.3,13,18,31,17,21,13,10,4,-19,108,91,77,48,223.46260387811634,50.5,30.390581717451518,2.5886426592797784,669.220221606648,469.7520775623268,361.19390581717454,142.62742382271472,10
204,Jae Crowder,Milwaukee Bucks,PF,66,200,25,57,461.5,4,5,150.0,12,36,370.0,5,16,21,9,11,6,3,1,16,96,87,75,30,50.5,3.49462890625,9.7265625,7.619140625,61.25634765625,51.77587890625,54.8515625,18.35009765625,10
205,Jae'Sean Tate,Houston Rockets,SF,39,131,17,32,440.5,3,5,150.0,2,7,133.3,8,19,27,7,15,5,14,5,6,73,66,46,34,90.78775267538644,19.898929845422117,6.186682520808562,1.6004756242568372,183.9601664684899,137.77229488703924,119.56539833531511,43.495838287752676,10
206,Jahmi'us Ramsey,Toronto Raptors,SG,47,120,18,41,306.3,5,6,175.0,6,22,183.3,4,18,22,8,10,7,7,0,-28,77,69,55,30,69.3801652892562,36.066115702479344,3.072314049586777,3.402892561983472,97.25413223140495,108.65289256198346,77.28719008264463,19.832644628099175,7
207,Jaime Jr. Jaquez,Miami Heat,G,104,291,39,86,430.4,18,25,616.7,8,25,244.89999999999998,9,40,49,27,20,12,9,3,3,180,153,131,76,399.9229968782518,41.14984391259105,22.292403746097815,7.839750260145682,373.75650364203955,369.74921956295526,390.9687825182102,76.40374609781477,10
208,Jake LaRavia,Memphis Grizzlies,F,117,291,35,101,345.2,27,35,543.9,20,54,357.7,20,23,43,20,21,11,15,2,-25,180,160,137,63,327.4382716049383,34.75308641975308,24.030864197530864,32.054869684499316,593.9012345679013,466.9444444444444,422.1111111111111,91.0679012345679,10
209,Jakob Poeltl,Toronto Raptors,C,122,251,55,101,543.9,12,20,491.7,0,0,0.0,39,53,92,31,28,10,11,19,35,245,214,153,123,161.8469387755102,127.67346938775509,30.387755102040813,0.0,516.704081632653,398.98979591836735,256.6224489795918,181.0,10
210,Jalen Brunson,New York Knicks,PG,329,345,123,257,467.9,53,63,757.4,30,83,374.7,5,25,30,64,15,9,24,2,111,423,359,393,94,1579.416015625,16.087890625,46.5,16.19775390625,1384.65625,1633.40625,1340.478515625,52.775390625,10
211,Jalen Duren,Detroit Pistons,C,131,263,51,83,554.1,29,37,730.0,0,0,0.0,31,83,114,16,22,9,27,7,-43,261,245,147,130,441.4918639053255,370.625,23.849852071005916,0.0,1675.746301775148,1480.0976331360946,543.0828402366864,488.5325443786982,10
212,Jalen Green,Houston Rockets,SG,308,373,110,219,498.5,44,57,841.7,44,104,402.2,10,63,73,43,20,12,28,6,116,424,381,351,116,888.257088846881,67.49905482041588,24.43877336693972,51.36105860113422,1148.9346775887423,1132.8827977315686,889.4041167821887,106.84268010922075,10
213,Jalen HoodSchifino,Los Angeles Lakers,G,5,11,1,6,33.3,2,4,100.0,1,3,50.0,0,2,2,0,1,0,1,0,-13,7,7,5,2,9.0,0.9799999999999999,0.020000000000000004,0.8200000000000001,13.32,14.180000000000001,8.42,0.72,2
214,Jalen Johnson,Atlanta Hawks,SF,184,325,70,143,496.1,25,34,604.0,19,48,449.9,11,73,84,45,18,11,19,7,39,313,268,229,129,601.4109138724524,130.39053254437871,98.51479289940829,10.923734385272846,1633.2472057856673,1021.4976988823142,1055.5036160420777,386.5621301775148,10
215,Jalen McDaniels,Toronto Raptors,PF,55,170,24,58,327.3,7,9,366.7,0,12,0.0,6,25,31,15,15,6,10,2,-82,101,86,70,46,219.0336011687363,122.15558802045288,19.27757487216947,0.06574141709276846,664.018261504748,513.9167275383492,303.11614317019723,207.45215485756023,10
216,Jalen Pickett,Denver Nuggets,G,2,7,1,3,33.3,0,0,0.0,0,2,0.0,0,0,0,2,0,0,0,0,-1,4,2,4,2,0.44444444444444453,0.056689342403628114,1.0975056689342404,0.056689342403628114,2.179138321995465,0.18367346938775514,2.9387755102040822,0.655328798185941,1
217,Jalen Slawson,Sacramento Kings,F,2,8,1,2,50.0,0,0,0.0,0,1,0.0,1,1,2,0,2,1,0,0,3,4,4,2,2,2.4930747922437675,2.171745152354571,0.0,0.0,9.318559556786704,9.318559556786704,2.4930747922437675,2.171745152354571,1
218,Jalen Smith,Indiana Pacers,PF,89,163,34,68,464.7,11,17,266.7,10,26,345.2,28,34,62,5,22,4,2,8,0,156,151,94,67,231.24489795918367,62.65625,4.959183673469387,10.051020408163264,483.2786989795918,461.5082908163265,240.40816326530614,80.22257653061224,10
219,Jalen Suggs,Orlando Magic,SG,129,284,44,88,513.1,21,28,733.3,20,46,482.5,4,17,21,37,21,18,14,9,64,187,150,166,58,255.29400510204079,15.75765306122449,30.43176020408163,6.079719387755103,341.5331632653061,238.3858418367347,344.90816326530614,59.72257653061225,10
220,Jalen Williams,Oklahoma City Thunder,F,211,304,86,157,551.8,26,33,746.7,13,39,248.3,7,29,36,51,21,14,21,13,42,298,247,262,87,456.7602794947595,22.813222252082774,48.909701693093254,14.407686105885515,826.9228701961838,554.899489384574,693.857027680731,106.64955657081431,10
221,Jalen Wilson,Brooklyn Nets,F,43,120,16,32,588.3,8,9,350.0,3,10,158.3,6,18,24,6,7,0,4,0,29,73,67,49,30,88.10760998810939,30.63020214030916,7.0868014268727695,2.3198573127229487,228.04815695600476,174.42152199762188,123.73900118906062,55.71224732461356,10
222,Jamal Cain,Miami Heat,F,12,37,3,9,125.0,4,4,200.0,2,4,150.0,2,3,5,6,5,1,3,1,11,23,17,18,11,8.040816326530614,3.75,5.862244897959183,1.0,28.02040816326531,16.64795918367347,22.55612244897959,6.469387755102041,4
223,Jamal Murray,Denver Nuggets,PG,227,360,87,190,450.6,33,39,861.4,20,50,410.0,10,43,53,82,18,16,22,3,51,362,280,309,135,463.3490304709141,47.16481994459834,73.01523545706371,20.02770083102493,650.9362880886429,468.5,620.0124653739612,145.95290858725764,10
224,James Bouknight,Charlotte Hornets,SG,10,13,4,10,83.3,0,0,0.0,2,7,58.3,0,0,0,0,0,1,1,0,13,10,10,10,0,18.0,0.0,0.0,0.72,18.0,18.0,18.0,0.0,2
225,James Harden,LA Clippers,SG,117,353,37,101,357.0,26,31,855.0,17,60,252.0,5,43,48,97,10,14,25,5,-36,262,165,214,145,209.72119140625,28.556640625,107.72509765625,21.90625,421.931640625,228.26025390625,432.9765625,106.69775390625,10
226,James Johnson,Indiana Pacers,PF,4,12,1,4,33.3,2,2,100.0,0,1,0.0,0,0,0,2,3,0,1,1,-2,6,4,6,2,1.2800000000000002,0.0,0.32000000000000006,0.0,2.88,1.2800000000000002,2.88,0.32000000000000006,2
227,James Wiseman,Detroit Pistons,C,107,238,41,71,486.1,25,30,620.8,0,0,0.0,22,50,72,12,28,1,20,5,-73,191,179,119,84,396.1651824188452,94.50502729100833,17.774777362826775,0.0,843.5124964090778,724.3588049411088,512.6937661591497,114.90491238149957,10
228,Jamie Jr. Jaquez,Miami Heat,G,46,127,18,38,291.0,7,8,375.0,3,14,95.0,1,8,9,13,12,2,9,1,-7,68,55,59,22,83.61834319526628,5.50887573964497,15.118343195266272,1.5088757396449703,160.2810650887574,115.02662721893492,125.97337278106508,23.52662721893491,6
229,Jarace Walker,Indiana Pacers,F,38,147,14,37,382.2,2,2,100.0,8,19,300.0,4,25,29,19,11,5,6,5,26,86,67,57,48,127.57048940832725,50.59532505478451,59.53177501826149,8.759678597516436,492.69539810080346,299.1417092768444,259.44119795471147,171.81008035062086,10
230,Jared Butler,Washington Wizards,SG,92,229,37,79,480.5,8,8,400.0,10,33,290.1,5,20,25,52,20,13,24,4,6,169,117,144,77,253.6154336734694,9.90625,141.0127551020408,11.033163265306122,617.0,286.9413265306122,530.15625,204.43686224489792,10
231,Jared Rhoden,Detroit Pistons,G,20,80,8,15,203.3,1,2,50.0,3,7,133.3,0,12,12,5,10,1,4,6,-22,37,32,25,17,42.02479338842976,11.28099173553719,6.258264462809918,1.2148760330578512,80.10950413223141,96.11570247933884,33.7293388429752,9.828512396694215,5
232,Jaren Jackson Jr.,Memphis Grizzlies,PF,223,328,81,183,426.2,46,59,770.4,15,49,319.6,15,33,48,34,37,17,27,17,-129,305,271,257,82,1089.6715561224491,52.31887755102041,26.418367346938776,10.503188775510203,1270.15625,1209.3246173469388,1149.3501275510205,79.89030612244899,10
233,Jarred Vanderbilt,Los Angeles Lakers,PF,68,142,26,42,412.7,13,17,375.0,3,5,166.7,12,22,34,12,8,16,11,2,23,114,102,80,46,111.33333333333334,59.333333333333336,18.0,3.5,362.0,274.0,157.33333333333334,119.33333333333334,6
234,Jarrett Allen,Cleveland Cavaliers,C,186,318,76,115,652.3,34,42,812.4,0,0,0.0,20,79,99,31,12,4,10,3,-40,316,285,217,130,242.57346938775513,226.73673469387757,22.16530612244898,0.0,679.0224489795918,623.7755102040817,260.5183673469388,286.2040816326531,10
235,Jason Preston,Utah Jazz,G,4,25,2,6,66.6,0,0,0.0,0,0,0.0,2,4,6,7,1,0,1,0,10,17,10,11,13,1.2800000000000002,4.275555555555554,7.879999999999999,0.0,32.55555555555556,8.96888888888889,13.32,23.70222222222222,2
236,Javon Freeman-Liberty,Toronto Raptors,G,85,232,32,71,402.0,17,19,800.0,4,23,108.3,8,35,43,26,18,8,18,1,-115,154,128,111,69,274.03390838786436,21.880428316478287,22.458060678167755,4.411659726353362,496.6281975014872,387.1921475312314,375.2415229030339,52.566924449732305,10
237,Javonte Green,Chicago Bulls,G,15,51,6,11,166.7,0,0,0.0,3,5,200.0,3,8,11,2,3,2,3,2,22,28,26,17,13,8.061224489795919,12.775510204081634,0.673469387755102,0.0,2.6938775510204085,0.6734693877551018,4.6938775510204085,18.836734693877553,3
238,Jaxson Hayes,Los Angeles Lakers,C,55,156,21,29,814.0,13,19,608.3,0,0,0.0,15,30,45,8,22,1,9,2,-37,108,100,63,53,115.14565976887931,110.79629131953776,7.8081160978231665,0.0,342.39505509271703,349.8167159365762,120.22063961300725,106.10776672937382,10
239,Jay Huff,Denver Nuggets,C,3,5,1,2,50.0,0,0,0.0,1,2,50.0,0,0,0,0,2,0,0,0,-3,3,3,3,0,5.975308641975309,0.1111111111111111,0.034293552812071325,0.7901234567901234,3.7091906721536345,4.45679012345679,5.104252400548698,0.2688614540466392,1
240,Jaylen Brown,Boston Celtics,SG,258,344,101,202,497.6,31,47,542.6,25,65,385.4,13,39,52,31,24,17,22,5,71,341,310,289,83,414.39035916824196,45.84593572778828,29.093572778827976,17.563327032136108,382.5793950850661,437.35727788279775,342.6937618147448,91.85822306238185,10
241,Jaylin Williams,Oklahoma City Thunder,F,38,145,11,30,416.6,10,12,258.3,6,21,391.6,4,35,39,29,18,4,10,5,-42,106,77,67,68,65.61451247165533,54.90728143109095,130.87553539934493,2.5306122448979593,445.42403628117916,194.14235323759132,268.67901234567904,234.0,10
242,Jayson Tatum,Boston Celtics,SF,291,353,96,198,485.9,66,75,792.0,33,79,412.9,13,61,74,45,19,12,27,7,95,410,365,336,119,258.7190082644628,82.14876033057851,21.400000000000002,16.10082644628099,344.1619834710744,349.78016528925616,249.24628099173552,107.40330578512396,10
243,Jeenathan Williams,Houston Rockets,G,14,31,7,11,233.4,0,2,0.0,0,0,0.0,3,3,6,1,5,1,0,0,21,21,20,15,7,46.390625,7.06640625,0.75,0.0,71.91015625,77.16015625,44.140625,4.81640625,4
244,Jeff Dowtin,Philadelphia 76ers,G,31,86,11,20,237.1,2,2,100.0,7,14,216.7,2,9,11,17,1,4,5,1,16,59,42,48,28,153.19753086419752,14.68827160493827,32.5679012345679,6.0,389.50308641975306,204.8611111111111,307.44444444444446,77.65123456790123,7
245,Jeff Green,Houston Rockets,PF,86,192,31,69,411.4,8,9,350.0,16,42,318.3,6,27,33,8,11,1,4,4,35,127,119,94,41,317.334818445088,49.85898863889508,3.6043662285586993,15.308977500556917,519.6874582312319,505.1336600579193,328.8638895076855,56.48808197816886,10
246,Jerami Grant,Portland Trail Blazers,SF,169,342,56,142,386.6,38,46,711.3,19,49,402.0,6,19,25,35,18,14,28,2,-77,229,194,204,60,473.98961937716257,45.9204152249135,32.71626297577855,5.083044982698962,888.6262975778548,739.6678200692041,583.0934256055364,118.49134948096886,10
247,Jeremiah Robinson-Earl,New Orleans Pelicans,F,28,104,11,28,269.6,4,7,80.0,2,13,100.0,10,15,25,11,7,3,5,1,38,64,53,39,36,89.25200876552228,41.44119795471146,29.898466033601164,1.6727538349159972,257.9795471146822,171.0,147.66033601168735,99.91088385682981,9
248,Jeremy Sochan,San Antonio Spurs,F,126,301,51,121,422.6,14,19,516.7,10,44,192.79999999999998,21,59,80,33,16,14,20,10,-20,239,206,159,113,549.0972944849116,204.3746097814776,41.58480749219564,10.166493236212277,1143.8839750260145,1165.4823100936524,519.2138397502601,254.24453694068677,10
249,Jericho Sims,New York Knicks,C,11,149,5,9,266.7,1,2,50.0,0,0,0.0,16,25,41,5,11,5,5,5,17,57,52,16,46,28.11111111111111,85.88775510204081,4.86281179138322,0.0,180.06122448979593,164.23696145124717,36.132653061224495,98.55328798185941,10
250,Jerome Robinson,Golden State Warriors,SG,10,17,4,10,40.0,1,2,50.0,1,6,16.7,0,0,0,1,1,0,0,1,-2,11,10,11,1,68.6530612244898,0.08163265306122448,0.655328798185941,0.8185941043083901,77.60770975056691,64.0,82.72335600907029,0.2743764172335601,1
251,Jett Howard,Orlando Magic,G,0,5,0,1,0.0,0,0,0.0,0,1,0.0,0,0,0,0,1,0,0,0,-5,0,0,0,0,0.25,0.0,0.0,0.027777777777777776,0.25,0.25,0.25,0.0,1
252,Jevon Carter,Chicago Bulls,PG,48,142,19,37,423.5,1,2,50.0,9,22,291.7,2,7,9,11,10,2,4,1,6,68,57,59,20,161.30285196921685,13.168401991851516,8.907650520597556,6.923947487550929,257.33906745133544,202.07741059302853,200.273879583522,38.36668175645088,10
253,Jimmy Butler,Miami Heat,SF,176,336,59,127,464.8,52,60,882.4,6,25,216.6,12,37,49,51,16,10,13,2,93,276,225,227,100,324.05160706201895,41.63014938886374,35.82571299230421,5.391579900407424,425.7256677229516,385.6428248076052,338.29017655047534,103.30013580805796,10
254,Jock Landale,Houston Rockets,C,93,225,36,62,582.1,19,22,616.6,2,7,100.0,22,29,51,13,19,2,11,12,67,157,144,106,64,257.0064498790648,93.51276538564902,24.53345874764848,3.608707336737436,757.9158828271969,579.5436710561677,371.0094060736361,182.41547970975546,10
255,Joe Harris,Detroit Pistons,SF,2,12,1,3,33.3,0,0,0.0,0,1,0.0,0,0,0,0,1,0,0,0,-5,2,2,2,0,0.0,0.0,0.0,0.0,0.0,0.0,0.0,0.0,1
256,Joe Ingles,Orlando Magic,SG,35,162,10,23,364.9,7,7,400.0,8,19,341.6,1,19,20,30,12,6,11,0,73,85,55,65,50,102.53519103705833,10.646365986785407,12.73542085607584,7.666187877046826,72.67250790002873,62.87991956334386,114.94886526860097,20.76070094800345,10
257,Joel Embiid,Philadelphia 76ers,C,69,90,22,52,125.7,21,24,270.0,4,13,83.3,3,17,20,12,10,5,16,0,-43,101,89,81,32,146.48,0.8799999999999994,18.32,3.52,184.0,144.72,193.68000000000004,11.279999999999998,3
258,John Collins,Utah Jazz,PF,193,271,68,119,570.0,39,48,752.5,18,34,508.9,22,58,80,7,25,7,12,7,-49,280,273,200,87,362.38775510204084,95.36033163265307,7.3501275510204085,12.044005102040817,700.0510204081634,672.8960459183673,372.3654336734694,119.88775510204083,10
259,John Konchar,Memphis Grizzlies,SG,57,299,19,46,385.8,8,9,266.7,11,29,391.6,19,45,64,29,20,13,17,9,-3,150,121,86,93,131.325,70.55625,15.0,7.125,291.05625,223.40625,166.425,118.10624999999999,10
260,Johnny Davis,Washington Wizards,G,38,178,16,40,371.4,3,4,150.0,3,13,83.3,4,15,19,12,13,5,0,5,-54,69,57,50,31,68.24489795918367,25.18846056941295,10.066011589821114,4.1000251952632905,157.0,130.78029730410682,105.33131771227009,24.387755102040817,10
261,Johnny Juzang,Utah Jazz,G,63,180,24,54,372.6,1,1,100.0,14,41,276.8,4,14,18,9,15,0,6,0,-13,90,81,72,27,334.9462809917356,19.600206611570247,8.913223140495868,24.550619834710744,394.625,395.72004132231405,332.24793388429754,30.116735537190085,10
262,Jonas Valanciunas,New Orleans Pelicans,C,86,188,38,66,599.3,9,15,325.0,1,11,33.3,11,54,65,14,23,2,9,3,-17,165,151,100,79,183.21361058601136,51.78848981306449,18.486032346145766,1.0378071833648395,283.68431001890355,357.22642302037394,143.88363789119933,36.062381852552,10
263,Jonathan Isaac,Orlando Magic,PF,98,185,36,58,613.6,9,12,366.7,17,30,543.3,12,37,49,7,13,7,3,16,72,154,147,105,56,314.4444444444445,22.9765625,6.111111111111112,13.65017361111111,384.1293402777777,411.0043402777778,292.1111111111111,24.546006944444443,10
264,Jonathan Kuminga,Golden State Warriors,PF,202,306,78,150,521.6,38,48,706.7,8,20,300.1,9,39,48,23,32,10,20,4,15,273,250,225,71,279.2165289256198,71.65289256198346,12.249586776859505,9.682644628099174,319.2314049586777,278.40000000000003,318.1735537190083,85.77685950413223,10
265,Jontay Porter,Toronto Raptors,C,49,159,18,41,352.3,4,6,150.0,9,26,230.4,10,23,33,32,11,10,13,9,-28,114,82,81,65,215.4023668639053,32.251479289940825,58.16863905325444,15.943786982248522,472.0,275.0917159763314,386.0976331360947,116.63313609467455,10
266,Jordan Clarkson,Utah Jazz,PG,161,328,58,144,353.7,31,35,737.9,14,53,206.6,7,29,36,63,18,10,23,0,-70,260,197,224,99,1014.8698224852071,104.98224852071006,74.72485207100591,21.005917159763314,1435.3639053254435,1403.248520710059,1032.630177514793,194.0621301775148,10
267,Jordan Goodwin,Memphis Grizzlies,G,79,275,32,96,317.1,5,10,250.0,10,37,213.3,24,48,72,50,19,13,19,8,-56,201,151,129,122,197.53069719042665,195.0468262226847,70.2455775234131,14.041623309053069,585.5036420395422,493.0,188.01977107180022,367.30697190426633,10
268,Jordan Hawkins,New Orleans Pelicans,G,25,94,9,32,301.7,3,5,116.7,4,18,150.0,1,6,7,7,5,1,1,0,27,39,32,32,14,52.777777777777786,4.5506309633733455,6.292089873807326,4.7202216066482,55.47768544167436,57.03601108033241,55.60787934749154,6.454293628808864,10
269,Jordan McLaughlin,Minnesota Timberwolves,PG,55,164,19,32,540.4,2,2,100.0,15,22,541.7,4,12,16,27,2,2,2,0,79,98,71,82,43,196.54648526077096,12.613252708490805,41.816326530612244,18.83320735701688,260.79314688838497,209.8384983623079,253.11111111111114,48.81960191484001,10
270,Jordan Miller,LA Clippers,G,4,5,1,1,100.0,2,2,100.0,0,0,0.0,0,1,1,0,0,0,0,0,3,5,5,4,1,9.679012345679013,0.44444444444444453,0.0,0.0,14.271604938271604,14.271604938271604,9.679012345679013,0.44444444444444453,1
271,Jordan Nwora,Toronto Raptors,SF,115,220,45,86,522.4,13,16,500.0,12,36,330.2,5,44,49,18,9,9,26,5,-75,182,164,133,67,254.67602040816325,104.92155612244898,22.396045918367346,7.869897959183673,601.0612244897959,495.40625,298.54400510204084,189.1045918367347,10
272,Jordan Poole,Washington Wizards,SG,211,339,78,174,437.4,27,28,880.0,28,83,326.4,5,31,36,65,29,11,30,1,-83,312,247,276,101,852.2777777777778,24.790123456790123,134.335262345679,23.61111111111111,1205.4648919753085,966.030864197531,1046.2426697530866,204.59452160493828,10
273,Jordan Walsh,Boston Celtics,G,2,27,1,4,100.0,0,0,0.0,0,2,0.0,2,4,6,1,5,2,2,1,24,9,8,3,7,2.8099173553719012,13.355371900826448,0.8347107438016528,0.0,1.1983471074380163,4.0,6.68595041322314,7.512396694214876,2
274,Jose Alvarado,New Orleans Pelicans,PG,66,206,22,58,360.1,7,10,350.0,15,33,450.4,6,19,25,23,19,8,5,1,32,114,91,89,48,184.336,40.756,32.775999999999996,14.504000000000001,467.79600000000005,312.5,293.8,119.36399999999999,10
275,Josh Giddey,Oklahoma City Thunder,SG,169,270,69,118,572.5,15,23,513.6,16,37,379.2,15,60,75,57,13,2,18,7,64,301,244,226,132,587.4181709978179,91.91648482443959,103.96964887919064,24.666931164451498,974.1045427494545,738.0761753620314,689.391787343781,329.9408847450903,10
276,Josh Green,Dallas Mavericks,SG,67,259,28,55,498.7,4,5,80.0,7,23,270.0,11,24,35,13,16,11,9,2,-34,115,102,80,48,175.42568370986916,41.573127229488705,10.20332936979786,7.416171224732463,227.9346016646849,241.15576694411413,176.20927467300828,37.77170035671819,10
277,Josh Hart,New York Knicks,SG,79,409,30,85,365.3,15,18,466.6,4,26,106.6,25,81,106,62,28,12,16,1,81,247,185,141,168,160.1989307195366,158.65983515259524,116.27444865226109,5.704611271998218,784.2408108710181,551.3853865003341,378.29160169302736,289.69703720204944,10
278,Josh Minott,Minnesota Timberwolves,F,2,12,1,2,50.0,0,0,0.0,0,0,0.0,0,5,5,1,3,1,0,0,13,8,7,3,6,2.29585798816568,12.5,0.7396449704142012,0.10650887573964499,7.69526627218935,5.718934911242603,4.502958579881657,13.008875739644973,2
279,Josh Okogie,Phoenix Suns,SF,43,135,12,30,323.8,12,13,450.0,7,15,350.0,13,7,20,11,7,6,10,3,-9,74,63,54,31,138.82716049382717,12.493827160493828,7.203017832647462,6.215363511659809,200.6474622770919,191.0,143.2482853223594,24.923182441700963,10
280,Josh Richardson,Miami Heat,SG,98,211,38,76,433.2,6,6,200.0,16,45,301.7,4,26,30,19,16,5,3,2,3,147,128,117,49,296.8888888888889,20.0,10.88888888888889,27.555555555555557,468.0,427.55555555555554,344.0,24.22222222222222,9
281,Joshua Primo,LA Clippers,G,0,5,0,1,0.0,0,0,0.0,0,0,0.0,1,0,1,0,0,0,1,0,1,1,1,0,1,0.0,0.0,0.0,0.0,0.0,0.0,0.0,0.0,1
282,Jrue Holiday,Boston Celtics,PG,111,334,43,91,490.1,4,4,200.0,21,57,398.5,8,36,44,52,14,12,19,9,80,207,155,163,96,153.65625,60.706250000000004,61.625,9.05625,398.325,270.6,303.15625,100.55625,10
283,Jules Bernard,Washington Wizards,G,46,88,17,36,466.2,4,7,250.0,8,16,435.0,6,9,15,11,6,2,3,1,24,72,61,57,26,212.82548476454295,11.869806094182826,14.84764542936288,6.199445983379502,356.61495844875344,268.50692520775624,296.77008310249306,30.880886426592802,8
284,Julian Champagnie,San Antonio Spurs,F,76,258,26,66,325.0,10,14,433.4,14,41,257.9,5,23,28,13,13,7,10,7,-15,117,104,89,41,250.35622768325982,37.84499054820416,14.32283133795421,16.491493383742913,479.1445074564167,424.63222012182314,279.201218231464,77.83511867254778,10
285,Julian Phillips,Chicago Bulls,F,39,132,13,31,272.9,7,8,266.7,6,13,283.4,6,12,18,5,12,5,3,1,-11,62,57,44,23,170.91975308641975,27.290123456790123,6.777777777777779,6.401234567901234,314.4444444444444,289.44444444444446,184.5493827160494,45.43827160493827,10
286,Julian Strawther,Denver Nuggets,G,23,49,8,22,83.0,4,4,200.0,3,15,48.6,1,4,5,5,4,1,4,0,-3,33,28,28,10,139.81893860561914,8.20499479708637,4.637877211238294,3.2486992715920913,231.64828303850157,200.1862643080125,164.4505723204995,19.673257023933402,3
287,Julius Randle,New York Knicks,PF,66,99,23,48,142.2,14,14,300.0,6,11,195.0,8,17,25,18,7,1,10,0,25,109,91,84,43,98.0,2.666666666666667,14.0,2.0,140.66666666666669,120.66666666666666,126.0,8.666666666666668,3
288,Justin Champagnie,Washington Wizards,SF,66,161,22,54,271.8,10,12,250.0,12,35,218.3,14,21,35,13,11,7,8,5,-46,114,101,79,48,290.0,86.22222222222221,7.913580246913581,12.222222222222223,753.2098765432099,673.5555555555555,342.8024691358025,120.98765432098764,8
289,Justin Holiday,Denver Nuggets,SF,49,162,19,43,355.2,0,0,0.0,11,26,300.0,3,10,13,8,12,8,1,3,22,70,62,57,21,189.6026706979088,10.10204081632653,11.786344167296548,12.946586041824137,334.204081632653,246.3804484756866,264.265306122449,35.04938271604939,10
290,Justin Minaya,Portland Trail Blazers,F,14,110,5,19,199.89999999999998,1,2,50.0,3,14,116.6,7,11,18,4,8,3,4,3,-44,36,32,18,22,22.425,16.65625,2.9062499999999996,2.125,48.9,54.356249999999996,17.90625,18.625,10
291,Jusuf Nurkic,Phoenix Suns,C,84,277,31,73,401.7,21,36,428.1,1,2,50.0,41,82,123,39,29,9,18,9,15,246,207,123,162,210.12093523246438,351.2112335393711,22.940876108572965,0.9118516527815104,876.9728567589358,898.4076861058855,198.73824240795486,364.0999731255039,10
292,Karl-Anthony Towns,Minnesota Timberwolves,C,193,306,66,146,451.8,41,47,734.2,20,56,341.5,20,55,75,29,33,8,24,8,98,297,268,222,104,265.0493827160493,98.62345679012346,46.91975308641975,18.771604938271604,548.530864197531,414.4012345679012,362.2777777777778,182.44444444444443,10
293,Kawhi Leonard,LA Clippers,SF,239,347,93,173,538.7,37,43,815.0,16,45,350.8,14,45,59,28,12,13,23,11,38,326,298,267,87,125.7297839162397,60.91178436177323,8.527066161728671,8.474938739140121,202.40320784139007,148.6393406103809,148.10269547783471,100.82980619291601,10
294,Keegan Murray,Sacramento Kings,SF,170,354,66,142,468.2,11,16,366.7,27,74,363.0,15,40,55,19,27,6,7,11,61,244,225,189,74,263.35727788279775,58.5047258979206,10.902541482881746,30.47153959252258,298.8199957992018,214.4669187145558,348.7034236504936,68.41419869775257,10
295,Keita Bates-Diop,Brooklyn Nets,SF,35,85,12,20,615.0,6,6,300.0,5,11,350.0,3,10,13,5,1,2,5,4,-13,53,48,40,18,52.10000000000001,16.81111111111111,4.677777777777777,5.4,94.5,87.3777777777778,51.511111111111106,29.2,10
296,Keldon Johnson,San Antonio Spurs,SF,160,297,56,113,491.7,25,30,584.2,23,61,384.9,15,43,58,21,14,4,9,1,-21,239,218,181,79,296.190103239587,57.337130651477395,24.901744393022426,28.488074047703808,332.78640085439645,356.1345674617302,312.6034175863296,42.47739409042364,10
297,Kelly Olynyk,Toronto Raptors,PF,134,288,55,94,595.7,17,22,575.0,7,23,308.3,17,40,57,65,41,12,38,8,-110,256,191,199,122,123.04934601664684,30.20332936979786,89.34898929845421,4.100475624256837,384.72770511296085,184.7544589774079,328.43162901307966,114.14328180737218,10
298,Kelly Oubre Jr.,Philadelphia 76ers,SG,180,334,66,161,400.7,30,35,571.4,18,54,258.2,18,41,59,24,23,11,20,14,26,263,239,204,83,592.15625,85.228515625,30.8515625,34.09228515625,956.791015625,851.837890625,697.5390625,115.650390625,10
299,Kendall Brown,Indiana Pacers,SG,3,19,1,2,100.0,1,2,50.0,0,0,0.0,1,0,1,0,4,0,0,0,-12,4,4,3,1,6.148148148148149,0.6666666666666667,0.3333333333333333,0.0,11.592592592592592,10.814814814814817,6.925925925925926,1.0,3
300,Kenneth Lofton Jr.,Philadelphia 76ers,F,2,5,1,4,25.0,0,0,0.0,0,2,0.0,0,1,1,0,0,0,0,0,-4,3,3,2,1,0.0,0.0,0.0,0.0,0.0,0.0,0.0,0.0,1
301,Kenrich Williams,Oklahoma City Thunder,SF,68,168,28,54,557.9,2,2,100.0,10,25,383.3,16,18,34,10,17,10,2,2,16,112,102,78,44,54.70059171597634,50.39999999999999,6.021301775147929,6.236686390532543,127.51479289940829,98.70059171597633,67.51479289940828,72.42130177514792,10
302,Kentavious Caldwell-Pope,Denver Nuggets,SG,90,327,31,66,434.8,8,10,450.0,20,44,376.7,4,22,26,26,24,13,11,10,87,142,116,116,52,344.65869140625,28.431640625,20.5,28.02197265625,557.82666015625,451.67041015625,424.12744140625,75.619140625,10
303,Kenyon Martin Jr.,Philadelphia 76ers,F,38,153,15,35,411.1,6,10,300.0,2,7,150.0,9,22,31,14,23,3,5,2,14,83,69,52,45,126.22694627980465,143.86009767308246,14.419419706980753,1.6139040505601838,562.515081873025,466.59379488652684,197.42775064636598,183.0,10
304,Keon Ellis,Sacramento Kings,G,76,285,26,56,411.6,9,11,425.0,15,37,362.1,9,35,44,19,32,15,5,9,77,139,120,95,63,290.9,64.0,29.23611111111111,18.569444444444443,589.3694444444444,412.1,433.1694444444444,128.23611111111111,10
305,Keon Johnson,Brooklyn Nets,G,12,26,3,8,73.3,4,4,100.0,2,4,133.3,2,1,3,2,2,2,2,0,-9,17,15,14,5,18.88888888888889,0.5555555555555556,2.2222222222222223,0.22222222222222227,27.222222222222225,13.888888888888888,34.0,1.0,2
306,Kessler Edwards,Sacramento Kings,SF,36,93,13,29,356.7,1,4,50.0,9,20,361.7,4,13,17,4,10,5,1,1,2,57,53,40,21,126.25147928994082,22.13609467455621,2.8313609467455625,9.823224852071005,182.8224852071006,168.27514792899404,129.17159763313612,36.594674556213015,10
307,Kevin Durant,Phoenix Suns,PF,227,357,90,169,524.3,23,26,691.7,24,60,427.3,5,66,71,39,15,12,34,14,44,337,298,266,110,461.0557958477509,59.0121107266436,29.201124567474047,12.583044982698961,672.19723183391,585.0782871972318,541.607266435986,94.78070934256056,10
308,Kevin Huerter,Sacramento Kings,SG,72,231,29,79,330.1,2,4,100.0,12,45,205.0,6,24,30,25,23,8,11,2,5,127,102,97,55,288.7933884297521,30.44995408631772,4.61248852157943,16.24793388429752,456.10743801652893,441.77777777777777,290.6730945821855,47.51239669421488,10
309,Kevin Knox II,Detroit Pistons,SF,22,89,9,26,148.9,3,3,200.0,1,11,33.3,3,11,14,4,9,2,6,0,21,40,36,26,18,115.33333333333334,19.333333333333336,3.3333333333333335,0.8333333333333335,167.33333333333331,188.0,101.33333333333334,16.0,6
310,Kevin Love,Miami Heat,PF,83,159,28,65,428.6,9,12,233.3,18,49,349.3,9,49,58,20,20,3,10,4,12,161,141,103,78,327.9896193771627,49.134948096885815,14.034602076124568,16.332179930795846,459.8996539792388,435.6712802768167,365.0692041522491,50.31833910034602,10
311,Kevon Looney,Golden State Warriors,F,36,113,14,23,585.0,8,13,325.0,0,0,0.0,9,27,36,9,17,1,5,2,13,81,72,45,45,60.570595585172846,51.17034568929613,2.9633486047480218,0.0,151.4131611828405,159.81591003748437,54.526030820491464,51.775510204081634,10
312,Keyontae Johnson,Oklahoma City Thunder,F,5,39,2,8,66.7,0,0,0.0,1,2,100.0,2,4,6,2,4,0,2,0,-15,13,11,7,8,20.0,7.0,1.2653061224489797,0.8163265306122451,29.69387755102041,35.0,17.26530612244898,5.6938775510204085,5
313,Keyonte George,Utah Jazz,G,128,329,40,131,302.7,36,38,870.8,12,63,203.2,0,32,32,47,13,5,40,0,-131,207,160,175,79,243.67611184087073,31.772940514167765,50.14505535747795,11.693375867892662,199.9844248451867,211.68774629386377,264.94933383373984,48.94145243009945,10
314,Khris Middleton,Milwaukee Bucks,SF,153,299,61,122,530.3,12,15,405.0,19,47,502.1,11,46,57,64,35,9,25,3,13,274,210,217,121,384.2,71.0,48.8,6.90204081632653,630.8,473.6,502.20000000000005,159.0,10
315,Killian Hayes,Detroit Pistons,PG,18,79,7,14,209.6,1,3,33.3,3,6,100.0,0,15,15,20,4,0,5,2,-12,53,33,38,35,27.0,18.75,54.0,2.75,252.75,74.75,153.0,124.75,4
316,Kira Lewis Jr.,Utah Jazz,PG,19,62,7,19,119.4,3,4,75.0,2,8,83.3,2,4,6,9,3,1,5,0,-28,34,25,28,15,101.93133674214755,19.057706355003656,13.379839298758217,1.2841490138787437,276.2417823228634,206.4689554419284,152.53104455807159,51.610664718772824,5
317,Klay Thompson,Golden State Warriors,SG,178,294,66,151,428.5,10,10,600.0,36,97,361.8,4,23,27,26,12,8,16,3,22,231,205,204,53,343.65917159763313,26.233136094674556,38.55147928994083,20.402366863905325,474.9479289940828,400.8698224852071,430.4213017751479,52.10059171597633,10
318,Kobe Brown,LA Clippers,G,6,32,3,7,200.0,0,0,0.0,0,2,0.0,4,6,10,2,5,0,3,0,-20,18,16,8,12,13.8125,14.204081632653063,1.739795918367347,0.0063775510204081625,29.557397959183675,22.44515306122449,12.230867346938776,24.637755102040817,5
319,Kobe Bufkin,Atlanta Hawks,G,39,111,16,43,233.4,1,2,50.0,6,22,168.3,2,12,14,18,8,5,5,4,9,71,53,57,32,92.2189349112426,4.662721893491124,16.526627218934912,2.857988165680473,135.58579881656806,108.33727810650888,120.0,20.65680473372781,7
320,Kobi Simmons,Toronto Raptors,G,20,67,9,21,183.4,0,0,0.0,2,8,100.0,1,6,7,12,5,6,1,2,-31,39,27,32,19,15.0,3.123456790123457,18.444444444444446,1.049382716049383,7.938271604938276,23.345679012345677,4.777777777777776,16.382716049382715,4
321,Kris Dunn,Utah Jazz,G,47,211,20,52,362.1,1,2,50.0,6,20,200.0,8,25,33,34,27,8,7,5,-58,114,80,81,67,97.325,42.144444444444446,44.5,6.469444444444444,306.2027777777778,224.1361111111111,157.925,108.11111111111111,10
322,Kris Murray,Portland Trail Blazers,F,87,317,36,89,347.8,4,8,166.7,11,43,179.2,16,31,47,20,21,13,10,5,-75,154,134,107,67,416.6580550304558,32.138836378911996,20.033606385213194,16.90170132325142,511.67107750472593,533.2913253518168,392.96555345515645,54.244696492333546,10
323,Kristaps Porzingis,Boston Celtics,C,207,309,76,158,494.8,34,39,887.5,21,59,372.5,22,55,77,25,28,11,15,23,65,309,284,232,102,97.08367768595042,93.65702479338843,15.243801652892564,19.050619834710744,424.6373966942149,347.61673553719015,143.03822314049586,139.96694214876032,10
324,Kyle Anderson,Minnesota Timberwolves,SF,86,261,33,69,447.0,17,21,585.0,3,6,150.0,11,32,43,56,16,15,6,10,86,185,129,142,99,149.6284023668639,28.668639053254438,44.125443786982245,2.2,327.45917159763314,240.1455621301775,198.56094674556215,111.1751479289941,10
325,Kyle Kuzma,Washington Wizards,SF,218,366,85,181,489.6,37,47,775.0,11,43,218.6,3,70,73,51,24,7,36,7,-27,342,291,269,124,512.2239999999999,58.403999999999996,59.256,16.664,740.7239999999999,550.356,706.856,113.396,10
326,Kyle Lowry,Philadelphia 76ers,PG,91,293,29,63,477.1,15,19,600.0,18,43,448.3,3,21,24,40,25,8,14,4,-7,155,115,131,64,372.2633136094675,26.5,103.33505917159763,11.64792899408284,572.5924556213018,427.22485207100596,494.9001479289941,152.56582840236686,10
327,Kyrie Irving,Dallas Mavericks,PG,259,368,99,191,523.5,31,33,783.3,30,76,381.7,7,37,44,65,23,16,20,3,87,368,303,324,109,243.44444444444446,46.46944444444445,111.4,20.011111111111113,408.825,238.325,357.1111111111111,214.70277777777778,10
328,LaMelo Ball,Charlotte Hornets,PG,32,55,12,37,66.1,5,6,150.0,3,17,34.7,1,5,6,15,10,3,7,0,-49,53,38,47,21,2.0,2.0,0.5,0.5,4.5,8.0,0.5,0.5,2
329,Lamar Stevens,Memphis Grizzlies,PF,103,228,40,102,416.6,18,22,466.6,5,24,245.0,13,33,46,9,14,10,6,6,5,158,149,112,55,133.5877551020408,35.779591836734696,8.175510204081633,2.6,184.9795918367347,158.90204081632652,165.11836734693878,38.50204081632653,10
330,Landry Shamet,Washington Wizards,SG,55,184,20,55,273.1,7,7,300.0,8,35,104.1,4,10,14,8,12,4,9,2,-68,77,69,63,22,330.90000000000003,22.5,5.700000000000001,15.624999999999998,463.7,413.80000000000007,373.0,35.99999999999999,10
331,Larry Nance Jr.,New Orleans Pelicans,PF,69,235,28,47,574.6,8,10,316.7,5,12,216.6,19,29,48,18,17,7,3,0,-12,135,117,87,66,166.66650390625,92.20947265625,9.83447265625,4.5390625,443.79150390625,412.7265625,193.775390625,106.0,10
332,Lauri Markkanen,Utah Jazz,PF,223,347,68,170,401.2,57,60,956.7,30,80,363.3,20,49,69,26,14,11,18,4,-42,318,292,249,95,334.8261504747991,129.06135865595326,45.68298027757487,34.00730460189919,657.4915997078159,517.5704894083273,451.0029218407597,198.48867786705623,10
333,LeBron James,Los Angeles Lakers,SF,256,355,92,160,579.8,52,67,790.3,20,41,398.3,9,74,83,87,10,8,40,3,87,426,339,343,170,617.4673944268889,93.99741453605286,36.428899741453606,64.56305659293307,543.8391266877335,550.5409365124964,578.5455328928468,162.6463659867854,10
334,Leaky Black,Charlotte Hornets,F,31,166,10,27,332.1,7,10,275.0,4,10,150.0,5,22,27,14,13,2,3,4,-26,72,58,45,41,88.94444444444446,34.5,8.625,8.402777777777779,120.40277777777777,85.77777777777777,110.56944444444443,56.125,10
335,Leonard Miller,Minnesota Timberwolves,F,5,10,2,3,100.0,0,0,0.0,1,1,100.0,0,1,1,4,0,1,0,0,15,10,6,9,5,19.938775510204085,0.5555555555555556,3.0657596371882088,0.8276643990929706,40.22222222222222,26.78004535147392,32.55555555555556,4.446712018140589,2
336,Lester Quinones,Golden State Warriors,G,52,148,18,49,323.7,9,13,325.0,7,29,200.0,7,17,24,12,16,2,5,0,-30,88,76,64,36,237.66691015339666,22.46165084002922,13.741417092768444,10.100073046018991,336.72753834915994,360.6165084002921,228.2980277574872,21.68298027757487,10
337,Lindy Waters III,Oklahoma City Thunder,F,39,86,14,34,423.3,1,1,100.0,10,25,316.6,5,14,19,5,7,1,3,2,-45,63,58,44,24,112.12629757785467,30.479238754325262,4.716262975778546,13.814878892733566,222.95155709342558,188.0,133.51730103806227,48.75605536332179,10
338,Lonnie Walker IV,Brooklyn Nets,G,39,123,15,53,327.9,3,4,150.0,6,29,153.3,2,16,18,7,5,0,4,4,-22,64,57,46,25,200.94444444444446,41.824999999999996,8.377777777777778,10.425,474.42499999999995,369.56944444444446,276.5,79.5027777777778,10
339,Luguentz Dort,Oklahoma City Thunder,G,97,285,28,77,362.7,28,33,775.0,13,50,246.7,8,31,39,17,28,7,15,4,10,153,136,114,56,120.11446141638564,45.601071216028565,16.100178536004762,11.73398135290617,299.1638563777028,241.51081134695497,168.4114263043047,71.05732989486214,10
340,Luka Doncic,Dallas Mavericks,PG,297,367,100,226,442.6,55,75,730.6,42,107,380.4,12,88,100,99,18,15,41,1,104,496,397,396,199,678.0212308519217,68.00268744961032,145.0,47.70330556302069,722.8126847621609,919.1569470572429,455.7097554420855,238.96990056436442,10
341,Luka Garza,Minnesota Timberwolves,C,61,70,23,45,310.8,8,11,266.7,7,21,233.3,10,6,16,2,9,3,3,1,4,79,77,63,18,143.7768166089965,22.21453287197232,1.6937716262975777,3.4238754325259513,245.0,220.16435986159166,166.6262975778547,25.894463667820062,6
342,Luka Samanic,Utah Jazz,F,54,131,16,44,338.8,17,23,521.4,5,22,203.3,5,29,34,6,11,1,6,5,-54,94,88,60,40,197.11111111111114,56.51056014692379,5.471074380165289,3.0165289256198347,446.8962350780532,387.35904499540857,241.6730945821855,76.95684113865933,10
343,Luke Kennard,Memphis Grizzlies,SG,118,282,40,88,429.0,9,9,500.0,29,64,450.4,2,28,30,53,7,6,24,1,-63,201,148,171,83,481.66207529843894,10.082644628099175,60.41965105601469,27.069788797061523,672.9008264462809,491.8879706152434,653.0,80.17722681359045,10
344,Luke Kornet,Boston Celtics,C,55,181,22,35,642.7,11,12,350.0,0,0,0.0,21,28,49,17,9,5,2,9,51,121,104,72,66,178.91495198902604,181.44444444444443,43.882716049382715,0.0,796.2832647462277,572.3100137174212,309.5178326474623,318.6975308641976,10
345,M. Pereira,Memphis Grizzlies,F,14,54,5,14,140.0,3,5,75.0,1,5,50.0,7,9,16,1,6,4,2,3,-7,31,30,15,17,29.006944444444443,36.50694444444444,0.7777777777777779,0.7569444444444444,132.11111111111114,115.77777777777777,36.8125,45.8125,4
346,M. Williams,Toronto Raptors,C,0,31,0,7,0.0,0,0,0.0,0,2,0.0,1,4,5,1,1,1,1,2,-24,6,5,1,6,0.0,0.0,0.0,0.0,0.0,0.0,0.0,0.0,1
347,Malachi Flynn,Detroit Pistons,PG,133,183,48,93,431.6,19,27,466.7,18,45,353.5,6,24,30,19,9,9,13,2,-71,182,163,152,49,1955.1240000000003,33.476,31.400000000000002,22.735999999999997,2836.064,2415.8639999999996,2333.9240000000004,106.276,10
348,Malaki Branham,San Antonio Spurs,G,94,202,37,87,395.1,9,13,366.7,11,37,280.8,5,13,18,16,11,2,9,0,-9,128,112,110,34,464.6139451993763,23.6043662285587,14.824237023836044,12.988416128313656,611.6649587881489,559.7571842281131,504.0356426821118,50.91468032969481,10
349,Malcolm Brogdon,Portland Trail Blazers,PG,102,218,37,83,266.20000000000005,17,19,433.3,11,30,202.89999999999998,7,22,29,40,13,4,17,2,4,171,131,142,69,100.0,28.833333333333336,7.333333333333334,6.833333333333334,113.5,66.83333333333334,151.33333333333331,31.5,6
350,Malik Beasley,Milwaukee Bucks,SG,121,311,42,112,378.9,7,7,300.0,30,88,346.9,2,28,30,11,18,4,7,2,-20,162,151,132,41,275.3694444444444,26.71111111111111,10.969444444444443,22.136111111111113,290.8111111111111,301.2361111111111,280.5,22.125000000000004,10
351,Malik Monk,Sacramento Kings,SG,157,272,57,138,394.0,31,33,730.0,12,58,166.1,6,27,33,44,31,6,17,2,13,234,190,201,77,653.7845804988663,24.25724363819602,14.982111363063742,11.617031997984379,877.3560090702948,822.5527840765936,694.3827160493827,53.44444444444444,10
352,Mamadi Diakite,New York Knicks,F,0,5,0,0,0.0,0,0,0.0,0,0,0.0,0,1,1,0,1,1,0,0,0,1,1,0,1,0.0,0.25,0.0,0.0,0.25,0.25,0.0,0.25,1
353,MarJon Beauchamp,Milwaukee Bucks,F,30,42,10,16,350.0,7,8,175.0,3,7,200.0,2,9,11,1,4,1,3,0,-17,42,41,31,12,64.50666666666666,13.240000000000002,0.8933333333333334,2.0400000000000005,123.75999999999999,112.33333333333331,72.36000000000001,17.706666666666667,6
354,Marcus Morris Sr.,Cleveland Cavaliers,SF,57,139,21,47,367.6,4,6,200.0,11,25,383.3,3,17,20,9,8,2,9,2,-32,86,77,66,29,106.87508218277449,48.06443129520053,9.05654174884944,10.041420118343195,201.52662721893492,209.9441157133465,99.67389875082182,55.90466798159107,8
355,Marcus Morris Sr.,Philadelphia 76ers,SF,14,43,6,15,80.0,0,0,0.0,2,5,50.0,0,8,8,1,2,2,2,1,-12,23,22,15,9,18.03287310979619,5.977646285338592,0.9500328731097962,2.106508875739645,25.804733727810653,35.287310979618674,13.226166995397765,2.25180802103879,2
356,Marcus Sasser,Detroit Pistons,G,88,274,31,95,328.7,11,12,190.0,15,48,313.8,2,24,26,43,20,7,16,1,-83,157,114,131,69,325.2633602460592,17.730103806228374,36.10188389081122,8.777777777777779,455.8581314878893,326.3683198769704,450.45328719723193,58.131872356785856,10
357,Markelle Fultz,Orlando Magic,PG,51,177,23,65,366.3,3,3,200.0,2,4,66.7,12,15,27,24,18,7,11,3,44,102,78,75,51,132.9283631820075,54.1570179092045,36.85047896709704,3.6026655560183256,338.10912119950024,246.6438983756768,215.67305289462723,99.72802998750521,10
358,Markieff Morris,Dallas Mavericks,PF,5,11,2,3,150.0,0,0,0.0,1,2,50.0,0,2,2,0,0,0,0,0,4,7,7,5,2,1.3265306122448979,2.5,0.25510204081632654,0.5102040816326531,5.73469387755102,7.112244897959184,0.6632653061224489,2.040816326530612,2
359,Marques Bolden,Charlotte Hornets,C,11,43,5,7,166.7,1,2,50.0,0,0,0.0,3,11,14,0,4,1,1,1,-10,25,25,11,14,35.532544378698226,42.71005917159763,0.0,0.0,155.5562130177515,155.5562130177515,35.532544378698226,42.71005917159763,4
360,Marvin Bagley III,Washington Wizards,PF,134,238,58,89,623.5,12,13,600.0,6,8,450.0,23,49,72,8,11,5,10,9,3,214,206,142,80,338.8661511005354,93.73706127305175,15.875074360499699,4.5258774538964905,417.5419393218322,387.4384295062463,346.558001189768,132.02379535990482,10
361,Mason Jones,Sacramento Kings,G,7,18,2,6,66.7,1,2,50.0,2,5,66.7,1,4,5,5,0,1,1,0,3,17,12,12,10,15.806122448979592,11.39795918367347,11.39795918367347,2.1632653061224487,50.5,21.755102040816322,21.755102040816322,45.59183673469388,2
362,Mason Plumlee,LA Clippers,C,44,108,16,28,503.3,12,17,400.0,0,0,0.0,12,33,45,8,14,2,9,6,17,97,89,52,53,79.74444444444444,103.87777777777778,9.625,0.0,245.125,273.0,64.60277777777777,100.76944444444446,10
363,Matisse Thybulle,Portland Trail Blazers,SG,67,209,25,53,398.9,5,7,200.0,12,31,335.0,7,24,31,20,14,17,12,7,-23,118,98,87,51,338.8434903047091,39.325484764542935,20.249307479224377,12.531855955678669,707.3573407202216,558.770083102493,458.20637119113564,88.79916897506926,10
364,Matt Ryan,New Orleans Pelicans,F,28,72,10,27,233.3,0,0,0.0,8,21,194.4,1,8,9,2,7,0,2,0,-8,39,37,30,11,203.07372175980976,18.28061831153389,1.5588585017835908,18.636147443519622,345.38644470868013,331.0,215.69797859690846,21.601664684898928,9
365,Matthew Hurt,Memphis Grizzlies,F,32,110,12,33,215.9,3,3,200.0,5,19,233.4,9,7,16,4,8,3,2,3,-7,52,48,36,20,163.8343195266272,34.95857988165681,4.934911242603551,5.335798816568047,360.0,296.6272189349112,213.72781065088756,53.37278106508876,7
366,Max Christie,Los Angeles Lakers,G,40,121,16,32,569.4,1,2,50.0,7,15,300.0,3,18,21,7,4,2,4,1,19,68,61,47,28,150.65869140625,36.68994140625,8.24853515625,6.24853515625,399.30322265625,305.697265625,214.1640625,75.0390625,10
367,Max Strus,Cleveland Cavaliers,SG,122,304,41,92,422.6,14,16,441.7,26,64,374.8,9,31,40,41,22,10,21,3,-52,203,162,163,81,287.6143170197224,88.0073046018992,50.66398831263697,39.672753834915994,437.9978086194302,373.60116873630386,266.34258582907233,224.33966398831268,10
368,Maxi Kleber,Dallas Mavericks,PF,25,168,9,23,391.7,2,4,100.0,5,15,266.7,5,16,21,15,16,6,4,5,35,61,46,40,36,73.12244897959184,21.274628369866466,16.500629881582263,6.727387251196776,140.72285210380448,100.4469639707735,112.47568657092467,38.69790879314688,10
369,Maxwell Lewis,Los Angeles Lakers,F,2,11,1,5,25.0,0,0,0.0,0,2,0.0,1,0,1,2,0,0,0,0,-15,5,3,4,3,3.0432098765432105,0.8472222222222221,3.0432098765432105,0.0,7.427469135802469,7.094135802469135,4.172839506172839,3.094135802469135,2
370,Micah Potter,Utah Jazz,C,34,119,12,20,375.0,3,3,200.0,7,12,350.0,5,18,23,2,5,1,3,2,-2,59,57,36,25,143.95132325141776,10.696124763705104,1.5619092627599245,7.88327032136106,173.09310018903594,158.351606805293,158.80529300567107,12.14555765595463,9
371,Michael Porter Jr.,Denver Nuggets,SF,179,319,67,130,517.0,18,21,696.7,27,61,452.6,12,63,75,17,12,8,13,3,58,271,254,196,92,372.90376475829805,106.3094230340833,20.13388282468256,8.101804410781911,379.4299398529739,428.3782579639118,300.460236132769,149.9385163733571,10
372,Mikal Bridges,Brooklyn Nets,SF,177,361,63,151,418.0,12,16,516.7,39,95,416.9,10,29,39,38,12,15,19,3,-45,254,216,215,77,162.49422390254148,53.1974375131275,19.621508086536444,20.020793950850663,209.45389624028567,223.77651753833229,156.73156899810962,64.25897920604915,10
373,Mike Conley,Minnesota Timberwolves,PG,165,291,57,107,514.5,20,23,596.7,31,62,476.79999999999995,5,16,21,53,20,18,15,3,52,239,186,218,74,472.38271604938274,26.198286722096245,44.308641975308646,35.21315192743764,576.3358528596624,535.1665406903502,521.1111111111111,62.94784580498867,10
374,Mike Muscala,Oklahoma City Thunder,C,25,108,9,33,234.2,1,2,50.0,6,23,150.0,5,13,18,6,5,3,1,2,16,49,43,31,24,108.95085066162571,18.352551984877127,7.550094517958412,12.034971644612476,236.60586011342158,200.382797731569,131.20037807183365,39.876181474480155,10
375,Miles Bridges,Charlotte Hornets,SF,212,395,83,176,466.2,25,34,601.1,21,69,254.3,15,57,72,39,12,7,20,3,-120,323,284,251,111,413.928445452255,52.7538422776518,49.013101536911066,43.521038044847565,579.2247417485514,487.16049382716045,462.3151927437642,145.44444444444446,10
376,Miles McBride,New York Knicks,PG,161,386,57,113,447.0,16,17,583.3,31,70,325.8,10,16,26,27,31,12,8,2,72,214,187,188,53,977.543105368679,15.599019826241925,36.66317665404322,82.73490755179327,1283.656048117621,1002.8988638895078,1237.0568055246158,73.50568055246157,10
377,Mitchell Robinson,New York Knicks,C,15,42,6,13,133.3,3,8,100.0,0,0,0.0,9,6,15,0,5,1,4,2,-2,30,30,15,15,39.02083333333333,76.52083333333334,0.0,0.0,168.75,168.75,39.02083333333333,76.52083333333334,3
378,Mo Bamba,Philadelphia 76ers,C,76,209,28,49,541.1,11,15,425.0,9,23,340.0,16,48,64,12,28,9,9,14,-10,152,140,88,76,144.44444444444446,44.07659360040313,15.78634416729655,5.306374401612497,265.9818594104309,259.08188460569414,171.28898966994205,39.91836734693878,10
379,Monte Morris,Minnesota Timberwolves,PG,56,160,20,42,475.8,6,8,200.0,10,22,310.0,1,14,15,20,6,10,2,3,36,91,71,76,35,152.4471916151572,12.53292125772642,26.01074979844128,10.325181402848695,349.8443966675625,217.49932813759742,270.7546358505778,52.58129535071217,10
380,Moritz Wagner,Orlando Magic,C,100,148,40,59,705.1,12,15,550.0,8,16,400.0,12,23,35,15,13,4,12,2,40,150,135,115,50,210.02585463947142,55.95432347026716,40.70755530020109,5.960356219477161,332.3476012640046,301.5923585176673,214.87991956334386,122.56305659293307,10
381,Moses Brown,Portland Trail Blazers,C,34,79,14,27,393.3,6,21,140.8,0,0,0.0,12,11,23,4,10,1,4,4,-13,61,57,38,27,72.4297520661157,26.09274563820018,6.001836547291092,0.0,148.32966023875116,119.15059687786959,88.51423324150598,45.18916437098255,8
382,Moses Moody,Golden State Warriors,SG,85,168,29,63,498.4,13,15,433.3,14,34,396.7,7,19,26,10,19,6,6,4,22,121,111,95,36,169.44444444444446,34.641975308641975,12.054869684499314,22.472565157750346,396.19890260631,312.67901234567904,236.7338820301783,62.927297668038406,10
383,Mouhamadou Gueye,Toronto Raptors,F,23,89,10,30,326.2,3,8,125.0,0,3,0.0,10,7,17,4,9,2,11,12,-74,44,40,27,21,14.72635445362718,26.471074380165284,4.016528925619834,0.0,63.46189164370983,50.6078971533517,30.09274563820018,27.97520661157025,8
384,Moussa Diabate,LA Clippers,F,2,7,1,1,100.0,0,2,0.0,0,0,0.0,1,3,4,0,0,1,0,1,1,6,6,2,4,0.0,0.0,0.0,0.0,0.0,0.0,0.0,0.0,1
385,Myles Turner,Indiana Pacers,C,145,256,52,108,480.2,20,29,658.4,21,49,380.9,10,49,59,12,26,4,10,20,40,216,204,157,71,427.16389177939647,35.501040582726326,15.633714880332986,28.300208116545267,505.11342351716957,538.1956295525495,411.3969823100936,33.81945889698231,10
386,Naji Marshall,New Orleans Pelicans,SF,70,217,30,60,485.9,1,2,100.0,9,22,432.1,5,36,41,17,15,9,6,1,58,128,111,87,58,182.51652892561984,55.157943067033976,10.107438016528926,12.915518824609734,438.90036730945826,382.4044995408632,228.5,75.77777777777777,10
387,Nassir Little,Phoenix Suns,SF,18,64,7,18,258.3,0,0,0.0,4,11,250.0,0,11,11,5,7,0,1,2,-9,34,29,23,16,35.777142857142856,14.714285714285717,4.251428571428571,1.9942857142857142,57.748571428571424,51.52,40.919999999999995,20.05142857142857,7
388,Nate Hinton,Houston Rockets,G,12,22,4,7,110.0,2,3,66.7,2,3,66.7,1,5,6,3,4,1,1,2,10,21,18,15,9,48.05555555555556,6.722222222222221,1.3888888888888884,2.5,97.38888888888886,75.55555555555557,65.0,13.0,2
389,Nathan Mensah,Charlotte Hornets,C,4,59,2,5,66.7,0,0,0.0,0,0,0.0,4,6,10,1,13,2,1,4,-17,15,14,5,11,13.75,9.9375,0.859375,0.0,41.359375,44.4375,13.484375,7.984375,7
390,Naz Reid,Minnesota Timberwolves,C,173,284,65,139,464.9,15,19,655.0,28,71,364.7,8,60,68,24,19,11,17,11,75,265,241,197,92,404.2481733434115,107.63214915595869,27.145376669186195,42.864197530864196,728.3827160493827,695.0907029478458,427.4787100025195,144.8390022675737,10
391,Neemias Queta,Boston Celtics,C,39,80,19,26,443.4,1,2,100.0,0,0,0.0,12,17,29,4,8,3,4,6,63,72,68,43,33,78.9375,55.24609375,2.12109375,0.0,228.734375,238.96484375,76.33984375,49.734375,7
392,Nic Claxton,Brooklyn Nets,C,114,311,50,78,673.0,14,33,455.0,0,1,0.0,35,75,110,18,25,10,17,15,-38,242,224,132,128,230.41419869775257,111.06574249107331,10.0,0.0,376.20037807183365,378.11342155009453,223.8634740600714,125.70342365049359,10
393,Nick Jr. Smith,Charlotte Hornets,G,45,161,15,58,283.3,7,8,87.5,8,30,200.0,2,13,15,18,16,3,6,0,-3,78,60,63,33,187.56198347107434,18.356404958677683,27.1404958677686,11.867768595041323,345.0051652892562,230.67458677685948,273.2644628099173,74.125,10
394,Nick Richards,Charlotte Hornets,C,89,283,37,55,670.2,15,21,425.0,0,0,0.0,22,67,89,8,21,3,9,6,-45,186,178,97,97,120.56480380499406,218.5,9.68668252080856,0.0,314.9678953626635,329.51307966706304,111.67479191438764,222.53151010701544,10
395,Nickeil Alexander-Walker,Minnesota Timberwolves,SG,79,240,29,66,442.7,2,3,100.0,19,45,429.6,3,16,19,19,16,5,7,4,91,117,98,98,38,175.99005190311416,21.835640138408305,23.927768166089965,17.0121107266436,356.0795847750865,225.02638408304497,281.2820069204152,71.52465397923876,10
396,Nicolas Batum,Philadelphia 76ers,PF,66,278,25,50,430.4,1,2,50.0,15,36,333.3,14,35,49,19,14,9,10,6,-6,134,115,85,68,280.671556122449,55.244897959183675,17.244897959183675,22.75829081632653,468.90625,375.5440051020408,353.54400510204084,92.9795918367347,10
397,Nikola Jokic,Denver Nuggets,C,275,368,110,196,564.8,47,59,805.0,8,28,245.0,24,102,126,76,19,13,30,7,113,477,401,351,202,713.3428720083247,112.420395421436,144.85171696149843,7.829864724245578,1013.0665972944848,932.025494276795,720.8584807492197,330.7976066597294,10
398,Nikola Jovic,Miami Heat,F,85,219,30,67,466.9,8,9,350.0,17,45,400.2,5,33,38,25,18,10,8,3,66,148,123,110,63,110.82707107288365,67.65866908103213,35.0986871887732,8.100045269352648,360.12132186509734,290.7627885921231,145.81077410593028,137.13218650973292,10
399,Nikola Vucevic,Chicago Bulls,C,168,325,70,134,521.2,16,22,525.0,12,37,301.6,22,82,104,36,22,7,16,9,-58,308,272,204,140,449.64922145328717,164.5,35.16435986159169,5.612456747404845,439.7772491349481,524.1198096885813,410.65960207612454,154.3114186851211,10
400,Noah Clowney,Brooklyn Nets,F,53,156,19,40,344.0,7,13,171.4,6,17,183.3,14,26,40,9,14,5,5,3,6,102,93,62,49,401.77447268793935,81.00919415900486,8.594375338020551,8.581936181719849,788.8912925905895,781.613304488913,414.16008653326116,84.49594375338022,10
401,Norman Powell,LA Clippers,G,166,278,56,106,544.2,34,40,710.7,20,50,419.7,2,21,23,13,18,5,10,2,-21,202,189,179,36,252.11033163265307,40.14604591836734,4.247448979591836,10.204081632653061,399.76530612244903,392.125,247.38584183673467,56.75829081632653,10
402,O.G. Anunoby,New York Knicks,SF,83,194,33,70,262.7,9,14,243.3,8,28,138.3,3,24,27,12,12,16,13,5,107,122,110,95,39,431.93491124260356,55.0,6.0,8.757396449704142,260.7810650887574,260.7810650887574,441.9349112426035,51.0,6
403,Obi Toppin,Indiana Pacers,PF,87,179,34,53,674.0,6,7,450.0,13,27,476.6,11,28,39,13,15,7,7,5,38,139,126,100,52,104.8957451548229,49.3555357540655,8.101804410781911,10.426152817999554,277.2241033637781,246.8554243706839,128.72176431276452,64.0,10
404,Ochai Agbaji,Toronto Raptors,G,80,272,34,80,355.6,6,12,225.0,6,27,178.3,20,20,40,17,19,11,11,5,-102,137,120,97,57,199.7484381507705,76.00416493127864,26.83673469387755,4.453977509371096,518.2736359850062,444.0024989587672,245.90878800499792,130.95168679716784,10
405,Olivier Sarr,Oklahoma City Thunder,C,11,22,4,7,125.0,3,5,116.7,0,1,0.0,4,4,8,0,3,0,1,1,-14,19,19,11,8,34.92,6.920000000000002,0.0,0.0,59.68000000000001,59.68000000000001,34.92,6.920000000000002,3
406,OlivierMaxence Prosper,Dallas Mavericks,F,10,36,3,6,150.0,4,7,57.1,0,2,0.0,2,6,8,0,1,1,1,1,-14,18,18,10,8,33.440000000000005,12.0,0.25,0.0,79.09,84.64,29.890000000000004,10.25,4
407,Omer Yurtseven,Utah Jazz,C,58,128,26,44,409.4,5,8,300.0,1,4,50.0,17,20,37,8,14,1,7,7,-18,103,95,66,45,192.61157024793388,39.59504132231406,11.652892561983471,0.8760330578512396,403.2644628099174,322.2396694214876,253.6528925619835,71.23140495867767,8
408,Onuralp Bitim,Chicago Bulls,SF,50,153,22,45,454.4,0,0,0.0,6,21,166.7,5,12,17,9,14,2,3,1,-38,76,67,59,26,277.681660899654,50.46174548250673,4.958477508650519,6.9173394848135334,531.1457131872357,495.5274894271434,299.6089965397924,69.11111111111111,10
409,Onyeka Okongwu,Atlanta Hawks,PF,147,296,61,89,703.8000000000001,16,22,492.9,9,19,466.6,32,44,76,11,28,7,5,15,4,234,223,158,87,308.4240362811791,185.95918367346937,9.244897959183675,5.6893424036281175,807.5192743764171,822.7913832199548,307.3560090702948,181.0,10
410,Orlando Robinson,Miami Heat,C,13,59,4,11,108.3,4,5,175.0,1,2,100.0,8,9,17,5,4,1,3,0,4,35,30,18,22,52.896484375,25.875,2.875,0.84375,102.021484375,84.740234375,70.927734375,28.0,6
411,Oscar Tshiebwe,Indiana Pacers,C,3,5,1,3,33.3,1,2,50.0,0,0,0.0,2,0,2,0,1,0,0,1,8,5,5,3,2,0.25,0.0,0.0,0.0,0.25,0.25,0.25,0.0,1
412,Oshae Brissett,Boston Celtics,SF,46,183,15,34,477.2,12,21,313.3,4,13,283.3,15,26,41,16,13,3,4,2,82,103,87,62,57,119.18714555765595,63.86200378071834,22.265595463137995,2.454631379962193,347.3468809073724,253.366729678639,198.36389413988658,100.93100189035918,10
413,Ousmane Dieng,Oklahoma City Thunder,F,28,90,10,25,324.4,4,4,200.0,4,14,220.0,1,7,8,14,3,3,6,3,16,50,36,42,22,122.49704142011836,6.0,21.124260355029588,4.295857988165681,242.1183431952663,164.49704142011836,196.11834319526628,31.124260355029584,8
414,P.J. Tucker,LA Clippers,PF,19,147,7,19,183.3,0,0,0.0,5,12,283.4,7,21,28,4,12,4,4,4,-22,51,47,23,32,63.2666015625,39.16015625,4.265625,4.2353515625,167.8056640625,128.8447265625,84.8994140625,60.75390625,9
415,P.J. Washington,Dallas Mavericks,PF,104,332,39,109,353.0,9,18,300.0,17,61,271.7,11,57,68,13,24,10,6,11,64,185,172,117,81,246.58264462809916,77.92148760330578,8.387970615243342,18.133149678604223,283.3576675849403,278.3801652892562,221.99540863177225,115.87419651056015,10
416,Paolo Banchero,Orlando Magic,PF,199,343,73,162,474.7,37,50,619.7,16,53,326.7,6,62,68,56,13,6,34,8,59,323,267,255,124,402.5026161895968,66.16928285626346,56.82856263465682,8.409972299168974,535.1618959679901,492.1111111111111,386.1412742382271,182.40997229916897,10
417,Pascal Siakam,Indiana Pacers,PF,241,304,98,186,516.3,39,58,567.5,6,18,300.0,25,72,97,35,18,9,16,2,67,373,338,276,132,441.26108264646916,111.8714635776342,29.182223212296726,4.764981064825129,661.6990421029183,637.1672978391624,426.76141679661396,180.085096903542,10
418,Pat Connaughton,Milwaukee Bucks,SG,63,232,22,56,460.3,9,11,350.0,10,36,347.2,9,23,32,37,14,3,9,2,26,132,95,100,69,163.650390625,56.2890625,91.70166015625,8.009765625,490.95166015625,336.806640625,258.01806640625,207.76806640625,10
419,Patrick Baldwin Jr.,Washington Wizards,F,37,162,13,54,249.2,5,7,260.0,6,36,138.6,6,32,38,12,19,8,8,7,-54,87,75,49,50,135.61479591836735,67.03061224489795,20.155612244897956,6.441326530612246,400.10204081632656,262.390306122449,221.76530612244898,138.74744897959184,10
420,Patrick Beverley,Milwaukee Bucks,PG,50,210,16,48,276.7,11,13,416.7,7,27,240.0,4,24,28,24,20,6,3,7,1,102,78,74,52,256.2326869806094,25.726069559864577,28.05663281009541,6.21452754693752,424.72883964296705,309.73160972606956,342.7159125884887,82.29670667897815,10
421,Patrick Williams,Chicago Bulls,PF,6,24,2,9,22.2,2,2,100.0,0,5,0.0,0,6,6,2,5,0,2,2,-11,14,12,8,8,0.0,0.0,0.0,0.0,0.0,0.0,0.0,0.0,1
422,Patty Mills,Miami Heat,PG,56,180,20,66,264.7,9,9,300.0,7,43,137.5,4,8,12,19,12,11,7,0,57,87,68,75,31,258.5462412114657,9.835586803677664,15.408869659275283,6.145484045429962,284.7663601946998,255.61060032449973,278.6095186587345,34.336938885884265,10
423,Paul George,LA Clippers,F,247,345,88,171,508.90000000000003,34,34,800.0,37,78,462.9,5,45,50,28,21,16,14,8,16,325,297,275,78,583.125,54.07785467128028,30.041522491349482,34.34299307958478,913.4606401384083,726.8793252595156,742.5782871972318,111.24740484429064,10
424,Paul Reed,Philadelphia 76ers,SF,79,214,30,63,493.9,18,23,583.3,1,7,100.0,28,39,67,11,22,9,12,15,21,157,146,90,78,103.8,36.559183673469384,13.244897959183675,1.2448979591836735,209.0,181.0448979591837,114.35918367346939,67.19999999999999,10
425,Payton Pritchard,Boston Celtics,PG,130,296,50,103,460.3,10,13,450.0,20,53,280.8,10,24,34,61,15,5,8,0,85,225,164,191,95,467.60493827160496,22.77500629881582,154.7545981355505,36.16124968505921,1038.6185437137817,543.265306122449,935.530612244898,204.95716805240613,10
426,Peyton Watson,Denver Nuggets,F,53,173,22,54,369.9,7,11,400.0,2,14,133.3,11,28,39,10,23,4,7,10,-24,102,92,63,49,114.54152249134948,47.083044982698965,8.002162629757786,1.6885813148788926,300.9952422145329,226.88754325259515,166.68901384083046,77.0454152249135,10
427,Precious Achiuwa,New York Knicks,PF,65,212,27,46,553.2,10,17,300.0,1,4,100.0,31,46,77,15,18,5,8,9,-59,157,142,80,92,284.3633325907775,140.11828915125864,18.500556916907996,1.0534640231677435,732.1597237692135,683.3615504566719,338.09445310759634,153.6858988638895,10
428,Quentin Grimes,Detroit Pistons,SG,82,213,26,80,296.2,19,24,525.0,11,50,200.0,2,27,29,19,13,7,9,4,-12,130,111,101,48,312.44628099173553,35.19834710743802,14.900826446280991,10.900826446280991,442.06611570247935,483.0495867768595,277.6942148760331,43.86776859504132,10
429,R. Rupert,Portland Trail Blazers,G,55,238,19,49,387.2,10,11,550.0,7,20,158.3,6,26,32,24,26,4,13,2,-34,111,87,79,56,104.30224279102883,33.933072267710926,28.0,14.100035599857598,215.99679601281593,166.33641865432537,135.69846920612318,80.19722321110714,10
430,RJ Barrett,Toronto Raptors,SG,223,330,90,160,560.6,23,48,413.2,20,38,491.7,7,45,52,50,22,4,24,4,-18,325,275,273,102,225.3641975308642,58.8641975308642,44.77160493827161,12.771604938271604,395.2716049382716,284.5,332.1111111111111,107.6604938271605,10
431,Reggie Bullock,Houston Rockets,SF,26,121,9,22,449.9,0,0,0.0,8,19,483.3,3,27,30,3,5,5,2,1,-3,59,56,29,33,26.584183673469386,46.92155612244898,2.125,3.602040816326531,121.29400510204081,128.3297193877551,25.24489795918367,43.35012755102041,10
432,Reggie Jackson,Denver Nuggets,PG,110,225,38,95,397.5,19,22,472.7,15,35,396.0,5,8,13,47,20,7,16,2,31,170,123,157,60,394.2962802768166,20.5,62.84083044982698,18.923875432525953,563.9087370242214,412.73745674740485,507.761678200692,121.04671280276818,10
433,Richaun Holmes,Washington Wizards,F,88,241,35,62,516.4,18,21,591.7,0,2,0.0,31,52,83,9,31,7,8,8,-2,180,171,97,92,289.8569488456315,267.74694431869625,7.027161611588955,0.004526935264825713,982.0,910.5165233137166,326.7682209144409,309.3463105477592,10
434,Ricky IV Council,Philadelphia 76ers,G,55,88,17,38,431.6,17,24,483.3,4,12,233.3,2,8,10,6,5,0,2,1,-1,71,65,61,16,216.99881023200473,14.380725758477094,4.411659726353361,5.068411659726353,355.0,309.9970255800119,259.86853063652586,20.925639500297446,10
435,Robin Lopez,Milwaukee Bucks,C,6,23,3,9,37.5,0,0,0.0,0,2,0.0,1,0,1,1,3,1,0,2,-16,8,7,7,2,21.92,0.52,0.6800000000000002,0.0,24.48,29.0,18.28,0.32000000000000006,2
436,Royce O'Neale,Phoenix Suns,PF,84,190,33,59,574.4,0,0,0.0,18,39,479.8,8,35,43,16,12,3,8,3,13,143,127,100,59,236.91468032969482,21.8340387614168,12.652706616172868,26.0,342.59723769213633,316.23813766985967,260.9209177990644,36.83960793049677,10
437,Rudy Gobert,Minnesota Timberwolves,C,133,353,52,78,667.1,29,51,573.8,0,0,0.0,41,93,134,18,34,8,17,20,84,285,267,151,152,241.21453287197232,40.815840061514805,15.833910034602077,0.0,138.11341791618605,166.61630142252983,212.4878892733564,56.873510188389076,10
438,Rui Hachimura,Los Angeles Lakers,PF,169,306,68,109,617.0,17,21,533.3,16,35,370.8,10,54,64,16,21,1,4,6,67,249,233,185,80,342.57093425605535,158.23745674740482,16.811851211072664,36.483131487889274,753.6003460207612,714.3360726643599,363.041955017301,193.8425605536332,10
439,Russell Westbrook,LA Clippers,PG,93,181,35,90,406.1,20,24,691.7,3,17,91.7,10,15,25,31,17,9,17,0,-2,149,118,124,56,273.88088642659284,26.32409972299169,48.0803324099723,4.246537396121884,452.29085872576184,366.74238227146816,321.4958448753462,112.33795013850416,10
440,Ryan Arcidiacono,New York Knicks,G,0,5,0,1,0.0,0,0,0.0,0,1,0.0,0,0,0,0,1,1,0,0,3,0,0,0,0,0.0,0.0625,0.0,0.0,0.0625,0.0625,0.0,0.0625,1
441,Saben Lee,Phoenix Suns,G,35,98,9,28,194.29999999999998,15,20,416.7,2,9,83.3,3,15,18,17,6,4,2,0,11,70,53,52,35,194.55555555555554,27.055555555555557,8.0,1.5555555555555558,363.05555555555554,349.2222222222222,202.22222222222226,41.222222222222214,8
442,Saddiq Bey,Atlanta Hawks,SF,146,337,48,125,372.4,31,35,800.0,19,59,298.4,29,32,61,14,7,4,10,4,-23,221,207,160,75,398.90000000000003,67.125,9.625,14.9,439.4000000000001,478.32500000000005,362.225,74.5,10
443,Sam Hauser,Boston Celtics,SF,141,246,50,96,505.40000000000003,0,0,0.0,41,81,484.1,4,37,41,11,14,9,3,4,71,193,182,152,52,762.9735537190082,19.4,9.337190082644629,81.22148760330579,928.6,950.0826446280993,745.6,24.628099173553714,10
444,Sam Merrill,Cleveland Cavaliers,SG,99,224,30,77,336.5,10,11,566.7,29,72,341.1,4,16,20,21,16,2,5,1,3,140,119,120,41,331.7124081087102,20.436622855869906,36.98841612831366,39.29405212742259,538.7288928491869,456.69971040320786,385.34862998440633,85.81799955446647,10
445,Samardo Samuels,Houston Rockets,F,0,6,0,1,0.0,0,0,0.0,0,0,0.0,1,1,2,0,0,0,0,0,-5,2,2,0,2,1.44,1.9599999999999997,0.0,0.0,0.03999999999999998,0.03999999999999998,1.44,1.9599999999999997,1
446,Sandro Mamukelashvili,San Antonio Spurs,PF,51,104,22,37,472.3,4,5,200.0,3,9,100.0,18,16,34,8,7,2,3,1,30,93,85,59,42,153.77777777777777,118.71604938271605,8.901234567901234,4.049382716049383,515.0,449.90123456790127,183.71604938271605,162.77777777777777,9
447,Santi Aldama,Memphis Grizzlies,PF,116,316,42,90,459.2,13,20,450.0,19,52,309.5,11,56,67,23,14,10,7,16,-91,206,183,139,90,464.97257653061223,94.125,18.288903061224488,31.887755102040817,898.1326530612246,764.936862244898,555.9005102040816,154.68176020408163,10
448,Sasha Vezenkov,Sacramento Kings,F,16,42,4,11,95.3,5,5,200.0,3,6,150.0,0,4,4,2,7,4,1,0,31,22,20,18,6,10.0,2.6399999999999997,1.04,2.7600000000000002,18.0,10.64,17.04,4.0,4
449,Scoot Henderson,Portland Trail Blazers,G,174,322,67,158,434.0,23,30,710.0,17,47,330.4,8,30,38,63,33,14,48,2,-130,275,212,237,101,202.20357772738723,45.600907029478456,65.53061224489795,12.836734693877549,454.1347946586042,219.09851347946582,416.1514235323758,132.21995464852608,10
450,Scottie Barnes,Toronto Raptors,SF,179,333,70,155,460.1,33,39,674.9,6,36,159.89999999999998,28,63,91,75,18,13,31,14,21,345,270,254,166,391.6640625,102.8515625,85.6640625,4.8515625,827.2890625,587.40625,576.65625,243.40625,10
451,Scotty Pippen Jr.,Memphis Grizzlies,G,112,244,40,83,442.7,17,25,433.3,15,33,440.0,7,20,27,42,28,14,23,6,-69,181,139,154,69,339.6326530612245,22.346938775510203,59.689795918367345,12.50204081632653,520.0040816326531,463.0,374.0,104.6734693877551,10
452,Seth Curry,Charlotte Hornets,SG,81,181,29,67,372.5,14,15,566.7,9,31,256.6,4,15,19,17,7,5,7,3,-33,117,100,98,36,233.0,12.900826446280993,16.140495867768593,4.900826446280991,334.3388429752066,276.08264462809916,269.8677685950413,50.429752066115704,10
453,Shai Gilgeous-Alexander,Oklahoma City Thunder,PG,250,341,92,188,489.8,51,65,795.1,15,48,292.6,9,44,53,53,24,18,23,6,54,356,303,303,106,500.4081632653061,74.1154336734694,42.45918367346939,16.88584183673469,938.5644132653061,721.6460459183673,704.7448979591837,129.15625,10
454,Shake Milton,New York Knicks,SG,49,126,21,46,431.1,2,3,66.7,5,12,250.0,9,19,28,15,12,4,5,2,-6,92,77,64,43,155.11342155009453,78.99432892249528,17.29867674858223,8.731568998109642,519.9017013232515,410.2741020793951,221.44801512287333,139.586011342155,10
455,Sidy Cissoko,San Antonio Spurs,G,0,5,0,0,0.0,0,0,0.0,0,0,0.0,0,1,1,0,1,0,0,0,0,1,1,0,1,0.0,0.0625,0.0,0.0,0.0625,0.0625,0.0,0.0625,1
456,Simone Fontecchio,Detroit Pistons,F,158,307,55,116,455.5,19,21,616.7,29,65,413.2,8,41,49,16,20,10,13,5,5,223,207,174,65,506.0,36.90963139120095,14.430439952437576,30.11296076099881,589.4708680142687,547.3923900118907,538.8442330558859,60.574316290130795,10
457,Skylar Mays,Los Angeles Lakers,SG,8,34,4,10,170.0,0,0,0.0,0,3,0.0,0,1,1,3,2,3,2,1,-3,12,9,11,4,14.131519274376416,0.7641723356009069,3.1632653061224487,0.0,12.485260770975056,15.485260770975053,12.47845804988662,2.580498866213152,4
458,Spencer Dinwiddie,Los Angeles Lakers,PG,86,252,24,58,396.5,23,26,638.9,15,37,431.7,2,18,20,19,22,4,13,9,56,125,106,105,39,490.0165289256199,32.33057851239669,29.46648301193756,12.887970615243344,701.9348025711663,587.5206611570247,612.8879706152433,53.339761248852156,10
459,Stanley Umude,Detroit Pistons,G,49,150,16,39,260.4,8,9,366.7,9,25,243.3,5,16,21,3,15,4,4,2,-32,73,70,52,24,177.08,44.0,1.9200000000000002,10.88,278.68,272.78,180.88,48.02,8
460,Stephen Curry,Golden State Warriors,PG,231,319,82,190,436.0,25,26,680.0,42,108,407.3,6,37,43,56,9,4,19,3,63,330,274,287,99,533.0821854912764,88.21900826446281,45.03259871441689,20.3801652892562,619.275022956841,632.6152433425161,519.89072543618,133.10284664830118,10
461,Svi Mykhailiuk,Boston Celtics,SG,52,135,18,43,560.4,1,1,100.0,15,37,413.3,2,15,17,14,2,4,2,0,77,83,69,66,31,67.825,28.125,13.3,9.725000000000001,238.20000000000002,163.3,125.625,58.525000000000006,10
462,T. Vukcevic,Washington Wizards,PF,38,74,13,28,174.4,5,5,200.0,7,18,166.7,2,13,15,6,14,1,3,1,9,59,53,44,21,218.2704081632653,21.36224489795918,7.25,5.938775510204081,413.26020408163265,343.36734693877554,269.44897959183675,47.326530612244895,4
463,T.J. McConnell,Indiana Pacers,PG,129,195,60,113,546.4,4,5,300.0,5,10,400.0,5,23,28,50,14,8,19,1,19,207,157,179,78,70.759765625,11.69384765625,38.3515625,2.50244140625,91.26025390625,80.88916015625,93.494140625,37.68212890625,10
464,T.J. Warren,Minnesota Timberwolves,SF,37,119,16,39,361.2,3,4,150.0,2,13,83.3,5,16,21,7,11,3,4,1,45,65,58,44,28,68.0,18.049382716049383,7.666666666666667,1.5555555555555556,100.08641975308643,112.5679012345679,52.333333333333336,28.901234567901234,9
465,Taj Gibson,Detroit Pistons,F,3,11,1,2,50.0,0,0,0.0,1,2,50.0,0,2,2,0,1,1,0,0,-3,5,5,3,2,2.5600000000000005,0.03999999999999998,0.16000000000000003,0.36,1.9599999999999997,3.2399999999999993,1.44,0.04000000000000007,1
466,Taj Gibson,New York Knicks,F,2,68,0,9,0.0,2,2,100.0,0,2,0.0,4,6,10,4,8,1,3,0,2,16,12,6,14,8.2,10.200000000000001,1.6,0.8000000000000002,15.600000000000001,12.400000000000002,6.6000000000000005,16.599999999999998,5
467,Talen Horton-Tucker,Utah Jazz,SG,73,162,23,70,325.6,16,18,566.7,11,32,351.6,3,18,21,22,12,7,3,5,-48,116,94,95,43,68.38775510204081,53.8,33.804081632653066,3.3591836734693876,189.0938775510204,151.78775510204082,96.09387755102041,97.20408163265306,10
468,Taurean Prince,Los Angeles Lakers,PF,79,203,28,60,487.5,8,11,266.7,15,34,496.9,4,25,29,12,14,5,9,4,-5,120,108,91,41,169.2217183169564,44.918367346938766,23.600907029478456,6.500629881582262,252.1612496850592,189.78634416729653,205.18846056941297,94.92743764172336,10
469,Taylor Hendricks,Utah Jazz,F,109,293,39,84,462.3,10,12,341.7,21,51,403.6,11,46,57,9,27,7,6,10,-105,175,166,118,66,209.60718002081163,68.08168574401665,2.987513007284079,12.182101977107179,254.82518210197708,226.91155046826222,224.9536940686785,83.6363163371488,10
470,Taze Moore,Portland Trail Blazers,G,2,5,1,1,100.0,0,0,0.0,0,0,0.0,0,0,0,1,0,0,1,0,7,3,2,3,1,1.44,0.0,0.6400000000000001,0.0,4.0,1.44,4.0,0.6400000000000001,1
471,Terance Mann,LA Clippers,SG,93,255,32,69,472.4,17,19,700.0,12,30,515.5,6,22,28,11,19,6,6,2,-13,132,121,104,39,200.36466919135665,40.3541991534863,15.184450879928713,3.6649587881488084,347.27199821786587,284.8124303853865,283.4978837157496,34.86500334150145,10
472,Terquavion Smith,Philadelphia 76ers,G,40,59,14,34,241.1,2,3,100.0,10,26,216.6,0,2,2,10,3,7,4,0,9,52,42,50,12,186.96296296296296,1.4074074074074074,17.185185185185183,17.185185185185183,177.40740740740742,184.66666666666663,179.62962962962965,18.666666666666668,6
473,Terry Rozier,Miami Heat,SG,204,329,76,169,450.6,20,23,472.7,32,74,387.8,4,41,45,33,12,10,11,5,86,282,249,237,78,422.1786842861247,22.55817293881069,65.99511634587762,70.15110600402184,444.0,455.62223498994535,418.7276644642344,80.38207411663315,10
474,Terry Taylor,Chicago Bulls,F,15,56,5,10,325.0,3,4,150.0,2,3,150.0,4,10,14,3,1,2,0,0,-15,32,29,18,17,22.36805555555556,35.8125,3.485339506172839,1.7932098765432098,121.63348765432097,101.47222222222223,28.432098765432094,53.39506172839507,5
475,Thaddeus Young,Phoenix Suns,F,16,53,8,14,225.0,0,2,0.0,0,0,0.0,12,9,21,4,5,3,2,0,16,41,37,20,25,8.137174211248286,51.41975308641975,4.927297668038408,0.0,71.34567901234568,61.3758573388203,21.77777777777778,52.67626886145405,4
476,Thaddeus Young,Phoenix Suns,PF,41,128,20,28,469.9,1,3,50.0,0,2,0.0,11,18,29,14,12,2,4,1,-24,84,70,55,43,158.90946502057614,27.51851851851852,29.687242798353914,0.0,428.5185185185186,247.6378600823046,304.33333333333326,92.66255144032921,6
477,Thanasis Antetokounmpo,Milwaukee Bucks,SF,10,48,5,11,266.7,0,2,0.0,0,1,0.0,2,1,3,4,8,1,3,1,-18,17,13,14,7,15.09375,1.5,1.5,0.0,20.34375,18.59375,16.84375,3.0,6
478,Theo Maledon,Phoenix Suns,PG,5,10,1,2,50.0,3,3,100.0,0,0,0.0,0,1,1,0,3,0,3,0,-11,6,6,5,1,14.0625,0.5625,0.0,0.0,20.25,20.25,14.0625,0.5625,1
479,Thomas Bryant,Miami Heat,C,91,143,33,58,520.0,21,23,750.0,4,14,233.3,12,41,53,6,17,4,4,7,41,150,144,97,59,490.7778925619835,98.00413223140495,8.41322314049587,4.410123966942148,926.4597107438017,863.6167355371899,551.5382231404958,108.5,10
480,Tim Hardaway Jr.,Dallas Mavericks,SF,90,219,32,81,324.7,7,9,316.7,19,50,325.6,2,27,29,21,7,7,6,1,49,140,119,111,50,590.5711662075298,58.90587695133151,33.111570247933884,27.264462809917354,1150.0,894.0206611570247,832.421028466483,106.14692378328742,10
481,Tobias Harris,Philadelphia 76ers,PF,154,335,59,136,422.3,19,25,643.3,17,45,323.6,8,65,73,25,16,8,15,10,-49,252,227,179,98,380.784023668639,100.10724852071006,17.332100591715975,26.171597633136095,644.828402366864,513.332100591716,505.125,124.59467455621302,10
482,Torrey Craig,Chicago Bulls,SF,65,187,24,51,468.3,2,4,100.0,15,34,463.8,5,21,26,12,16,5,5,3,-27,103,91,77,38,127.06094182825484,22.63835026161896,9.620806401969837,14.537703908895045,228.1135734072022,196.96799015081564,164.46568174823022,26.0,10
483,Tosan Evbuomwan,Detroit Pistons,F,78,260,27,49,592.3,15,22,441.7,9,22,390.0,9,33,42,7,16,4,7,3,-96,127,120,85,49,152.74793388429754,54.0,6.107438016528926,6.913223140495867,364.4669421487603,316.92975206611567,181.19421487603307,79.19834710743801,10
484,Toumani Camara,Portland Trail Blazers,F,88,292,35,67,507.2,8,9,350.0,10,26,336.6,19,23,42,22,26,8,13,8,-36,152,130,110,64,287.70000000000005,51.93611111111112,28.402777777777775,8.002777777777778,547.7,471.46944444444443,351.46944444444443,92.8,10
485,Trae Young,Atlanta Hawks,PG,235,370,76,173,432.4,45,55,813.4,38,93,399.0,2,18,20,109,22,11,45,2,-38,364,255,344,129,758.2361111111111,12.069444444444445,83.0,45.06944444444444,786.5,622.5,926.4027777777778,90.90277777777777,10
486,Trayce JacksonDavis,Golden State Warriors,F,104,265,48,71,669.8,8,17,308.3,0,1,0.0,33,47,80,19,15,9,8,17,2,203,184,123,99,226.78369140625,110.21728515625,13.42041015625,0.0,363.92431640625,341.0390625,247.181640625,126.125,10
487,Tre Jones,San Antonio Spurs,PG,107,313,39,76,470.5,15,17,550.0,14,27,330.0,11,38,49,69,10,9,15,1,0,225,156,176,118,306.10102919554714,84.62276832598192,55.073934047469024,18.465868515017853,547.8565427431212,402.0,376.5482041587901,215.10607015332914,10
488,Tre Mann,Charlotte Hornets,PG,113,314,43,100,429.4,16,22,392.1,11,42,298.4,7,32,39,55,15,12,23,1,-61,207,152,168,94,210.125,41.994082840236686,39.97928994082841,6.953402366863905,414.20784023668637,322.38831360946745,313.48890532544374,70.42899408284023,10
489,Trendon Watford,Brooklyn Nets,PF,103,185,37,67,455.3,21,29,532.8,8,16,300.0,11,24,35,9,21,7,14,4,-24,147,138,112,44,457.3545706371191,66.66143428747307,16.956909818405663,5.777777777777779,750.0298553401046,674.5718682671591,511.1111111111111,105.31979070483227,10
490,Trent Forrest,Atlanta Hawks,G,24,130,10,28,356.6,4,4,200.0,0,3,0.0,4,10,14,36,3,3,7,2,-11,74,38,60,50,31.090349865436373,12.444444444444446,62.917339484813525,0.0,123.50096116878125,20.685121107266436,118.40292195309496,90.86505190311419,10
491,Trevelin Queen,Orlando Magic,SG,0,13,0,3,0.0,0,0,0.0,0,2,0.0,0,1,1,1,1,0,0,0,-17,2,1,1,2,0.0,0.5555555555555556,0.5555555555555556,0.0,0.22222222222222227,0.5555555555555556,0.5555555555555556,0.22222222222222227,2
492,Trey Jemison,Memphis Grizzlies,C,79,228,35,54,552.5,9,12,450.0,0,0,0.0,25,24,49,9,25,3,13,8,-20,137,128,88,58,451.71836734693886,20.175510204081633,7.244897959183674,0.0,502.1591836734694,568.0,389.404081632653,23.893877551020406,10
493,Trey Lyles,Sacramento Kings,PF,72,205,25,57,418.2,12,15,625.0,10,30,314.2,13,28,41,16,21,1,8,5,27,129,113,88,57,176.0,13.61111111111111,22.41111111111111,16.444444444444446,320.24444444444447,188.81111111111107,296.81111111111113,46.644444444444446,10
494,Trey Murphy III,New Orleans Pelicans,SG,150,342,45,113,403.0,33,39,821.4,27,76,379.1,9,63,72,28,9,10,10,6,-14,250,222,178,100,190.78070934256056,51.482698961937714,21.98832179930796,18.432525951557093,209.62629757785461,133.8187716262976,231.87024221453288,108.18901384083046,10
495,Tristan Thompson,Cleveland Cavaliers,C,18,78,8,15,258.4,2,6,100.0,0,0,0.0,12,16,28,9,8,3,4,3,-20,55,46,27,37,46.18983234180638,26.678204434829638,1.7550027041644134,0.0,103.22011898323417,109.0,43.45700378583018,25.38615467820443,7
496,Troy Brown Jr.,Detroit Pistons,SF,38,189,12,45,255.39999999999998,9,11,330.0,5,23,141.6,4,28,32,9,5,6,5,0,-65,79,70,47,41,65.679012345679,37.67901234567901,8.930864197530864,4.6,214.93086419753087,158.0,110.30864197530865,58.91111111111111,10
497,TyTy Washington Jr.,Milwaukee Bucks,G,3,17,1,4,50.0,0,0,0.0,1,2,100.0,1,1,2,1,1,0,0,0,-1,6,5,4,3,4.68,2.08,0.6800000000000002,0.52,9.28,13.0,2.7200000000000006,1.0,2
498,Tyler Herro,Miami Heat,PG,183,325,71,166,433.4,10,13,333.4,31,80,406.0,3,46,49,50,11,0,13,1,35,282,232,233,99,148.11111111111111,40.94444444444444,28.069444444444443,12.944444444444445,309.7361111111111,207.61111111111111,206.125,113.125,10
499,Tyrese Haliburton,Indiana Pacers,PG,192,319,69,155,452.2,24,27,796.7,30,84,363.1,5,39,44,89,14,20,16,8,95,325,236,281,133,299.63265306122446,47.756109851347944,73.281179138322,29.219450743260268,413.4787100025195,241.679012345679,500.07029478458054,92.39934492315444,10
500,Tyrese Maxey,Philadelphia 76ers,PG,235,380,85,199,429.8,37,45,650.0,28,79,365.6,2,30,32,59,18,9,17,4,-10,326,267,294,91,591.641975308642,57.956790123456784,83.36145404663924,21.616598079561044,861.0013717421124,875.5864197530864,531.4684499314129,186.90672153635117,10
501,Tyus Jones,Washington Wizards,PG,91,313,36,84,402.0,4,4,300.0,15,43,360.8,3,22,25,97,4,9,13,2,-70,213,116,188,122,345.04336734693874,43.53316326530612,160.5,20.959183673469386,776.265306122449,542.0510204081633,542.9719387755102,240.3188775510204,10
502,Udoka Azubuike,Phoenix Suns,C,2,11,1,3,33.3,0,2,0.0,0,0,0.0,2,4,6,0,1,0,0,0,-3,8,8,2,6,2.5600000000000005,21.159999999999997,0.0,0.0,38.440000000000005,38.440000000000005,2.5600000000000005,21.159999999999997,1
503,Vasilije Micic,Charlotte Hornets,G,131,321,50,103,480.5,18,23,552.8,13,39,278.6,5,14,19,68,17,9,22,3,-83,218,150,199,87,483.932545014781,16.969900564364416,141.64579414135986,20.81402848696587,507.6049449072829,395.1797903789304,557.8212846009137,197.1521096479441,10
504,Victor Wembanyama,San Antonio Spurs,C,233,319,81,182,451.4,53,70,781.7,18,71,255.5,31,87,118,53,25,13,44,40,5,404,351,286,171,906.1090954900479,186.54824892920132,33.662131519274375,13.709750566893424,2007.7777777777778,1706.0430839002267,1118.209624590577,309.8445452254976,10
505,Vince Williams Jr.,Memphis Grizzlies,G,127,336,42,92,459.70000000000005,30,38,723.3,13,34,328.8,8,54,62,61,30,12,34,9,-54,250,189,188,123,231.93628808864267,72.8808864265928,35.61495844875347,18.00831024930748,492.2326869806094,474.07479224376726,226.76454293628805,131.82548476454295,10
506,Vit Krejci,Atlanta Hawks,G,89,297,34,57,639.3,3,3,100.0,18,36,355.4,4,23,27,23,28,3,11,4,38,139,116,112,50,240.0059171597633,31.49186390532544,14.100591715976332,36.09763313609468,421.04215976331363,366.7610946745562,282.5443786982249,57.33505917159763,10
507,Walker Kessler,Utah Jazz,C,72,234,31,42,737.5,10,12,500.0,0,0,0.0,22,52,74,12,20,3,11,12,-77,158,146,84,86,107.61836734693877,126.92244897959185,7.618367346938776,0.0,304.1224489795918,273.13673469387754,118.4,154.74489795918367,10
508,Wendell Carter Jr.,Orlando Magic,C,98,251,37,74,481.4,13,24,440.4,11,34,257.9,18,66,84,26,13,12,15,4,60,208,182,124,110,250.99464922711059,111.11117717003567,19.812722948870395,12.909631391200952,643.8626634958382,536.0570749108205,339.6860879904875,150.03804994054695,10
509,Wendell Moore Jr.,Minnesota Timberwolves,G,4,13,2,3,150.0,0,0,0.0,0,0,0.0,0,5,5,2,1,0,0,0,15,11,9,6,7,5.555555555555556,7.847222222222221,3.2534722222222223,0.0,42.78125,26.18055555555555,14.086805555555557,19.17013888888889,2
510,Wenyen Gabriel,Memphis Grizzlies,F,17,81,8,22,168.3,0,5,0.0,1,6,50.0,7,18,25,3,10,2,8,2,-16,45,42,20,28,59.72702331961591,43.6159122085048,4.060356652949245,0.879286694101509,182.2098765432099,171.6858710562414,60.574759945130324,57.352537722908096,5
511,Wesley Matthews,Atlanta Hawks,SG,54,150,19,46,470.4,2,2,100.0,14,29,495.0,5,15,20,8,13,5,2,5,-20,82,74,62,28,107.39157990040742,30.113173381620648,13.601629696695339,6.435491172476233,179.48392937980987,166.17473970122228,114.67360796740607,49.74196468990493,10
512,Xavier Moon,LA Clippers,G,2,11,1,6,33.3,0,0,0.0,0,2,0.0,1,1,2,0,1,1,1,0,-20,4,4,2,2,2.18,2.5,0.8022222222222222,0.0,0.3755555555555552,0.07999999999999996,3.742222222222222,2.0355555555555553,2
513,Xavier Tillman,Boston Celtics,F,26,146,11,27,351.6,2,4,100.0,2,14,133.3,10,22,32,10,8,4,3,3,34,68,58,36,42,40.577777777777776,36.5679012345679,4.004938271604938,1.6444444444444446,129.84197530864196,133.91604938271604,38.641975308641975,38.43456790123456,10
514,Yuta Watanabe,Memphis Grizzlies,SF,22,97,10,24,250.0,0,2,0.0,2,12,64.3,0,11,11,5,6,5,4,0,-36,38,33,27,16,115.08000000000001,11.27,3.75,1.4800000000000004,136.28,131.43,116.23000000000002,18.72,7
515,Zach Collins,San Antonio Spurs,PF,92,176,33,72,438.3,20,26,641.7,6,18,300.0,12,34,46,21,31,5,13,7,-40,159,138,113,67,231.6009365244537,64.44588969823101,23.20343392299688,6.401664932362124,381.03485952133195,429.633714880333,216.43808532778357,54.21331945889698,10
516,Zavier Simpson,Memphis Grizzlies,G,0,9,0,1,0.0,0,0,0.0,0,0,0.0,1,0,1,4,1,1,1,0,12,5,1,4,5,0.0,0.0,0.0,0.0,0.0,0.0,0.0,0.0,1
517,Zeke Nnaji,Denver Nuggets,PF,18,100,6,17,350.0,6,8,300.0,0,2,0.0,7,10,17,4,10,2,2,10,-19,39,35,22,21,50.40625,16.277777777777775,7.350694444444445,0.0,130.125,94.18402777777779,73.06944444444443,36.90625,10
518,Ziaire Williams,Memphis Grizzlies,F,103,270,39,94,389.0,13,16,421.4,12,46,213.7,6,38,44,20,15,12,15,0,-39,167,147,123,64,552.1,32.4,24.0,17.599999999999998,788.1,632.1,714.1,50.4,10
519,Zion Williamson,New Orleans Pelicans,PF,241,335,90,154,573.8,61,88,622.5,0,0,0.0,14,45,59,45,29,13,39,5,14,345,300,286,104,743.0270890725436,63.26446280991736,49.61111111111111,0.0022956841138659324,1022.1111111111111,900.9444444444445,893.921028466483,83.14830119375574,10
