,First Last Name,team,position,points,minutes,fgm,fga,fgp,ftm,fta,ftp,tpm,tpa,tpp,offReb,defReb,totReb,assists,pFouls,steals,turnovers,blocks,plusMinus,Points_Rebounds_Assist,Points_Rebounds,Points_Assist,Rebounds_Assist,points_deviation,totReb_deviation,assists_deviation,tpm_deviation,Points_Rebounds_Assist_deviation,Points_Rebounds_deviation,Points_Assist_deviation,Rebounds_Assist_deviation,count
0,A. Flagler,Oklahoma City Thunder,F,3,15,1,7,25.0,0,0,0.0,1,6,33.3,0,0,0,4,0,0,0,0,0,7,3,7,4,6.12,0.0,2.7200000000000006,0.6800000000000002,17.0,6.12,17.0,2.7200000000000006,2
1,A.J. Green,Milwaukee Bucks,G,48,149,16,40,337.6,2,3,100.0,14,36,278.1,2,10,12,3,9,4,5,2,27,63,60,51,15,196.81555880204527,19.8290723155588,4.105916727538349,26.400657414170926,314.84915997078156,282.5,220.291088385683,32.80861943024105,10
2,A.J. Lawson,Dallas Mavericks,G,40,98,17,45,378.5,4,8,200.0,2,16,100.0,4,16,20,8,6,1,3,1,-21,68,60,48,28,146.2935528120713,44.23388203017832,6.999314128943757,1.8655692729766806,321.7777777777778,264.13511659807955,177.1474622770919,78.02194787379972,10
3,AJ Griffin,Atlanta Hawks,F,7,29,3,9,66.6,0,0,0.0,1,4,100.0,0,4,4,1,0,0,1,1,-15,12,11,8,5,1.2469135802469125,8.617283950617283,0.5555555555555556,0.5555555555555556,8.024691358024691,4.506172839506172,0.3950617283950621,13.54320987654321,2
4,Aaron Gordon,Denver Nuggets,PF,148,317,54,103,552.4,33,46,669.6,7,25,266.6,30,41,71,52,21,5,14,7,80,271,219,200,123,301.05271591091173,63.08171767344977,39.2610158628425,6.342413074827752,400.35939753244674,444.59910270789936,243.5606473321583,115.59509693959302,10
5,Aaron Holiday,Houston Rockets,G,62,145,24,53,338.1,6,6,200.0,8,26,213.3,5,8,13,14,18,5,6,0,-8,89,75,76,27,374.5340234818836,24.10011362201742,7.480873627067288,7.747254134578967,606.365736649413,545.4547405630602,423.8076000504987,43.21840676682237,10
6,Aaron Nesmith,Indiana Pacers,SF,109,300,40,88,500.3,17,17,700.0,12,48,275.5,8,36,44,17,31,5,8,4,54,170,153,126,61,150.311519649182,7.522685107100694,12.850902344408839,15.504132231404958,156.26446280991738,170.1330747174903,137.87923764547142,18.937257547647157,10
7,Aaron Wiggins,Oklahoma City Thunder,SG,112,221,44,86,547.4,15,17,716.7,9,20,483.3,7,22,29,24,18,16,9,4,43,165,141,136,53,505.2790123456791,21.73456790123457,28.62345679012346,7.0777777777777775,702.5111111111112,566.3271604938271,662.1049382716049,29.716049382716047,10
8,Adama Sanogo,Chicago Bulls,C,26,51,10,23,84.4,6,9,66.7,0,0,0.0,16,11,27,0,5,1,4,0,9,53,53,26,27,375.48582230623816,291.3213610586011,0.0,0.0,1324.9168241965976,1324.9168241965976,375.48582230623816,291.3213610586011,3
9,Admiral Schofield,Orlando Magic,SF,8,18,3,6,116.7,0,0,0.0,2,4,150.0,0,4,4,1,1,1,0,0,-20,13,12,9,5,15.948870392390013,0.8763376932223544,0.6682520808561238,0.8097502972651605,22.0,19.15101070154578,17.428061831153386,2.914387633769322,3
10,Al Horford,Boston Celtics,C,109,268,43,76,601.2,3,4,150.0,20,44,485.0,12,45,57,19,8,5,9,7,61,185,166,128,76,264.90277777777777,38.10277777777778,13.524999999999999,14.002777777777776,335.125,348.40000000000003,262.31111111111113,40.94444444444444,10
11,Alec Burks,New York Knicks,SG,57,130,17,59,227.7,13,16,471.4,10,32,259.9,1,17,18,11,3,5,6,0,-2,86,75,68,29,289.8632088148347,18.807847352862133,13.03547433485622,8.526740123622682,476.8589088954582,432.7350174684225,332.3961300725611,33.43429185702768,10
12,Aleksej Pokusevski,Charlotte Hornets,F,84,194,27,62,478.9,19,27,475.0,11,28,356.6,6,42,48,12,8,4,8,6,9,144,132,96,60,110.53157753292125,40.54985219027143,9.67696855683956,5.434291857027682,191.7790916420317,220.88578339156143,95.43402311206665,36.217683418435904,10
13,Alex Caruso,Chicago Bulls,SG,88,311,31,69,468.5,3,4,150.0,23,47,474.4,7,33,40,53,21,17,17,6,-39,181,128,141,93,235.43888588426177,28.109518658734448,51.31990265008112,28.113845321795566,417.8542455381288,335.3985938345051,285.0822065981612,112.24175229853975,10
14,Alex Fudge,Dallas Mavericks,F,11,26,5,9,55.6,0,0,0.0,1,3,33.3,2,1,3,0,1,3,1,0,-19,14,14,11,3,60.5,0.5,0.0,0.5,72.0,72.0,60.5,0.5,2
15,Alex Len,Sacramento Kings,C,12,104,5,10,400.0,2,4,50.0,0,0,0.0,9,18,27,18,20,1,6,7,38,57,39,30,45,32.267901234567894,36.593827160493824,12.044444444444444,0.0,53.138271604938275,70.67901234567903,20.964197530864194,42.401234567901234,10
16,Alondes Williams,Miami Heat,G,0,6,0,1,0.0,0,0,0.0,0,1,0.0,0,1,1,0,0,0,1,0,-2,1,1,0,1,0.8975069252077561,0.8975069252077563,0.0,0.0,0.0,0.0,0.8975069252077561,0.8975069252077563,1
17,Alperen Sengun,Houston Rockets,C,209,324,81,157,512.7,43,68,622.9,4,12,200.0,39,68,107,45,36,16,26,7,2,361,316,254,152,847.1723356009071,197.81632653061226,123.77551020408163,4.408163265306122,1935.0226757369614,1622.4580498866212,993.7777777777778,487.5510204081633,10
18,Amari Bailey,Charlotte Hornets,G,18,39,6,15,123.3,5,5,200.0,1,5,50.0,4,3,7,5,2,3,3,0,6,30,25,23,12,81.21301775147928,18.633136094674555,10.325443786982248,0.7633136094674556,257.8520710059172,176.43786982248525,139.66863905325448,51.917159763313606,3
19,Amen Thompson,Houston Rockets,F,136,310,53,95,605.0,30,40,733.3,0,4,0.0,42,54,96,42,23,16,17,5,26,274,232,178,138,344.2716049382716,170.44938271604937,67.7,0.019753086419753086,1311.3,949.1999999999999,582.7716049382716,361.7493827160494,10
20,Amir Coffey,LA Clippers,SG,92,285,33,91,364.8,12,15,466.7,14,49,279.1,6,28,34,12,22,8,5,4,-25,138,126,104,46,304.625,41.583999999999996,4.084,10.464,499.625,505.48900000000003,309.529,34.900000000000006,10
21,Andre Drummond,Chicago Bulls,C,83,164,34,59,576.3,15,23,263.4,0,0,0.0,29,68,97,4,19,12,9,8,51,184,180,87,101,193.2574394463668,242.17785467128027,8.401384083044983,0.0,801.8615916955017,743.2110726643598,239.5287197231834,262.9584775086505,10
22,Andre Jr. Jackson,Milwaukee Bucks,G,15,104,6,18,350.0,0,0,0.0,3,9,200.0,5,17,22,10,11,4,7,2,-36,47,37,25,32,30.138321995464853,13.316326530612248,11.111111111111112,2.1383219954648522,73.37981859410431,70.80839002267572,33.94784580498867,23.189342403628114,10
23,Andrew Funk,Chicago Bulls,G,0,7,0,2,0.0,0,0,0.0,0,2,0.0,0,0,0,0,0,0,0,1,0,0,0,0,0,0.0,0.0,0.0,0.0,0.0,0.0,0.0,0.0,1
24,Andrew Nembhard,Indiana Pacers,PG,90,284,34,71,471.1,10,12,450.0,12,31,325.0,4,18,22,38,24,9,10,1,32,150,112,128,60,152.06408869659273,13.631151974040021,39.62385073012439,9.613845321795566,226.8263926446728,221.11005949161708,168.92590589507842,42.10951865873445,10
25,Andrew Wiggins,Golden State Warriors,SF,161,286,55,130,419.1,33,41,658.3,18,50,325.8,9,39,48,19,17,6,19,10,3,228,209,180,67,337.52318339100344,21.06020761245675,51.426297577854676,13.712110726643598,545.447750865052,373.76539792387547,472.30449826989616,109.38754325259517,10
26,Anfernee Simons,Portland Trail Blazers,SG,234,361,80,177,436.7,36,39,757.1,38,94,405.4,4,33,37,64,19,7,30,1,-38,335,271,298,101,935.5240670632775,28.301243915630067,125.20497566252028,19.635478637101134,1764.6960519199567,1205.978907517577,1461.0362358031368,186.71119524067063,10
27,Anthony Black,Orlando Magic,G,42,152,16,36,485.0,2,7,58.3,8,17,341.7,4,10,14,7,10,4,6,2,-2,63,56,49,21,99.52606310013716,20.151577503429355,4.215363511659808,10.735939643347052,195.2716049382716,164.41700960219478,129.08161865569275,25.665980795610423,10
28,Anthony Davis,Los Angeles Lakers,PF,248,348,89,161,549.8,67,81,717.2,3,21,150.0,34,96,130,25,24,11,27,21,61,403,378,273,155,797.6,122.82656250000001,35.1265625,2.7890625,1468.5,1390.6765625,898.4765625,134.9,10
29,Anthony Edwards,Minnesota Timberwolves,SG,250,341,86,188,439.5,56,64,835.6,22,71,242.0,9,46,55,50,18,13,31,2,-7,355,305,300,105,1106.6603878116343,92.89584487534627,27.685318559556787,45.78725761772853,1454.5445983379502,1214.605540166205,1364.5806094182824,102.60000000000001,10
30,Anthony Gill,Washington Wizards,PF,94,232,39,84,450.8,12,14,460.0,4,20,136.6,16,24,40,14,29,6,5,4,-58,148,134,108,54,262.0,85.34693877551022,15.216326530612246,2.4020408163265303,595.6897959183673,559.9183673469388,286.8734693877551,111.46122448979592,10
31,Ashton Hagans,Portland Trail Blazers,G,43,175,15,38,303.3,7,8,350.0,6,17,250.0,9,18,27,32,20,7,18,3,-6,102,70,75,59,118.125,20.2,17.7,6.425,182.225,173.225,127.725,37.3,10
32,Ausar Thompson,Detroit Pistons,F,103,314,42,87,508.0,11,25,325.0,8,29,195.3,15,44,59,21,26,17,14,11,-6,183,162,124,80,121.7,31.399999999999995,24.125,8.5,347.72499999999997,237.7,200.02499999999998,87.225,10
33,Austin Reaves,Los Angeles Lakers,SG,140,325,52,110,476.6,16,21,583.4,20,57,336.6,7,30,37,42,21,6,16,7,-1,219,177,182,79,263.7437507547397,62.79157106629635,57.32327013645694,12.043473010505979,598.1392343919817,421.6786619973433,344.9593044318319,215.35985992029947,10
34,Ayo Dosunmu,Chicago Bulls,SG,154,369,61,121,521.7,14,17,491.7,18,47,416.1,8,24,32,37,31,12,19,8,-47,223,186,191,69,200.5157750342935,19.826855662246608,23.210028959000148,15.279987806736779,326.97530864197523,243.3568053650358,273.4743179393386,53.69684499314129,10
35,Bam Adebayo,Miami Heat,C,153,320,64,121,549.5,19,24,675.0,6,18,325.0,19,60,79,32,22,7,17,9,2,264,232,185,111,282.10459710743805,162.44963842975204,41.81327479338843,4.400051652892562,734.5240185950413,594.4101239669419,374.4555785123966,252.02582644628103,10
36,Ben Sheppard,Indiana Pacers,G,48,184,17,58,257.8,3,3,200.0,11,41,220.1,6,14,20,14,17,6,7,0,15,82,68,62,34,120.95921033531718,16.371606909565973,8.582087385687327,9.156771664973144,185.61678037451009,151.90942081579328,150.1463202206416,29.473943968645667,10
37,Ben Simmons,Brooklyn Nets,PG,53,168,24,38,521.1,5,11,150.0,0,0,0.0,15,39,54,46,20,9,12,4,-5,153,107,99,100,134.88888888888889,64.0,78.88888888888889,0.0,382.0,162.8888888888889,300.0,196.88888888888889,9
38,Bennedict Mathurin,Indiana Pacers,SG,139,275,44,115,340.3,35,45,614.5,16,44,245.0,10,33,43,23,24,7,17,4,-18,205,182,162,66,753.4765625,123.6015625,38.125,30.4140625,1418.90625,1097.65625,970.9140625,265.5390625,10
39,Bilal Coulibaly,Washington Wizards,SG,90,289,30,76,451.5,19,27,633.3,11,39,238.3,9,30,39,18,22,12,8,7,-98,147,129,108,57,127.37777777777777,38.5,16.0,13.177777777777775,337.8777777777778,291.7444444444444,166.31111111111107,61.699999999999996,10
40,Bismack Biyombo,Oklahoma City Thunder,C,16,66,6,11,183.3,4,8,150.0,0,0,0.0,5,12,17,2,7,1,4,3,11,35,33,18,19,43.52777777777778,41.0,1.7152777777777775,0.0,167.9375,167.52777777777777,44.4375,42.21527777777778,7
41,Blake Wesley,San Antonio Spurs,G,54,186,19,43,403.3,12,18,516.7,4,14,191.7,3,23,26,34,16,3,17,0,-18,114,80,88,60,281.2136105860113,41.25992438563327,29.948015122873343,4.403827977315689,481.98487712665406,469.3468809073724,296.2807183364839,68.77882797731569,10
42,Boban Marjanovic,Houston Rockets,C,16,19,7,9,175.0,2,5,83.3,0,0,0.0,0,11,11,1,0,1,3,1,6,28,27,17,12,87.80718336483932,40.7882797731569,0.5765595463137996,0.0,265.9243856332704,244.00189035916827,101.78638941398869,49.30812854442344,2
43,Bobby Portis,Milwaukee Bucks,F,168,264,74,135,537.6,6,7,350.0,14,30,376.7,21,65,86,21,20,11,16,7,23,275,254,189,107,452.909068953025,60.62335466731071,9.693877551020408,20.425552469508514,487.4897959183673,478.8163265306123,467.2026325323029,64.69713802680836,10
44,Bogdan Bogdanovic,Atlanta Hawks,SG,189,331,63,141,477.0,34,35,890.0,29,78,457.2,5,33,38,35,27,11,19,8,-43,262,227,224,73,541.2944072718091,75.72124731725792,42.98005302360813,14.919202120944325,1017.675293523545,929.4706476454993,639.0165383158692,109.18381517485166,10
45,Bojan Bogdanovic,New York Knicks,SF,103,170,38,82,460.3,13,18,525.0,14,34,433.3,4,19,23,5,7,2,7,0,-3,131,126,108,28,174.37280646383033,51.21360939275344,4.674283550056812,6.489079661658883,318.91061734629466,326.8887766696124,172.50675419770232,49.77578588562049,10
46,Bol Bol,Phoenix Suns,C,46,113,17,27,419.2,5,6,175.0,7,11,275.0,4,25,29,4,8,4,4,5,-19,79,75,50,33,275.6456747404844,22.90865051903114,2.4000000000000004,12.10311418685121,486.36193771626296,439.961937716263,313.24567474048445,34.108650519031144,10
47,Bones Hyland,LA Clippers,PG,103,197,39,96,342.6,7,9,325.0,18,55,259.4,2,30,32,43,18,12,16,2,-39,178,135,146,75,1264.8424494649225,69.12306777645661,116.42865636147442,38.916171224732466,2415.6414982164088,1601.4708680142687,2008.542211652794,256.02259215219976,10
48,Bradley Beal,Phoenix Suns,SG,198,350,77,132,572.1,15,16,466.7,29,44,596.2,17,36,53,44,24,13,20,11,11,295,251,242,97,854.2716049382715,62.25308641975308,46.944444444444436,47.956790123456784,864.4123456790124,924.1049382716049,795.453086419753,108.32345679012346,10
49,Brandin Podziemski,Golden State Warriors,G,90,256,37,70,537.3,3,3,200.0,13,24,506.6,16,46,62,32,11,6,10,1,23,184,152,122,94,181.663726219577,58.85768944627485,29.892868530130727,8.529386757359974,291.16250398554575,173.85928366457648,298.9807630991604,88.73674141779148,10
50,Brandon Boston Jr.,LA Clippers,SG,90,194,36,87,459.0,11,19,441.7,7,29,155.5,10,22,32,7,21,9,17,4,-48,129,122,97,39,405.1128985923584,58.54467107153117,10.687446136167766,8.404768744613618,902.9184142487791,744.8618213157138,521.3849468543522,111.01666187877046,10
51,Brandon Clarke,Memphis Grizzlies,PF,68,134,33,59,329.5,1,7,50.0,1,6,100.0,13,19,32,9,8,5,3,6,-8,109,100,77,41,87.60640000000001,33.3344,9.5024,0.8335999999999999,105.19839999999999,89.6416,91.16,54.84,6
52,Brandon Ingram,New Orleans Pelicans,SF,147,309,61,138,442.3,18,22,671.7,7,25,273.3,5,48,53,46,21,5,21,7,-30,246,200,193,99,362.1009506564056,12.10547759167044,73.5301041195111,5.2734268899954735,428.55771842462656,400.57129923042095,377.8447261204165,97.87822544137619,10
53,Brandon Miller,Charlotte Hornets,F,207,335,73,154,470.8,27,30,796.7,34,85,396.1,7,35,42,23,24,8,19,8,-74,272,249,230,65,579.0,28.320141003044384,18.16359557763179,42.66527800032046,769.8763018746996,753.3960903701329,578.2522031725686,63.71174491267425,10
54,Brandon Williams,Dallas Mavericks,G,33,72,12,38,146.4,8,10,183.3,1,10,16.7,2,6,8,7,3,0,5,0,-50,48,41,40,15,351.66666666666663,20.204081632653057,9.0,0.8367346938775512,621.4421768707482,515.6802721088435,437.33333333333326,49.29931972789115,6
55,Braxton Key,Denver Nuggets,F,2,6,1,1,100.0,0,1,0.0,0,0,0.0,1,1,2,0,1,0,0,0,2,4,4,2,2,0.41868512110726636,0.6782006920415224,0.08650519031141869,0.08650519031141869,1.3840830449826986,2.1626297577854676,0.12456747404844296,0.28027681660899645,1
56,Brice Sensabaugh,Utah Jazz,F,116,237,38,96,383.5,20,21,583.3,20,53,339.7,7,33,40,23,20,7,17,4,-98,179,156,139,63,538.2486457920464,26.011890606420927,22.120095124851368,49.411547100013216,724.5597833267274,664.4119434535605,572.365570088519,74.1629013079667,10
57,Brook Lopez,Milwaukee Bucks,C,137,288,50,98,537.6,17,21,508.4,20,50,412.4,17,26,43,12,23,2,14,21,-41,192,180,149,55,254.18285123966945,52.125,17.21823347107438,26.104597107438018,435.3298037190082,454.694214876033,232.39798553719007,71.76368801652893,10
58,Bruce Brown,Toronto Raptors,SF,102,254,42,75,563.7,10,19,483.3,8,17,375.0,7,23,30,27,20,7,17,0,-133,159,132,129,57,208.6089965397924,41.351643598615915,43.0,9.833910034602077,550.125,315.625,406.9031141868512,120.55752595155708,10
59,Bruno Fernando,Atlanta Hawks,PF,84,196,30,53,513.8,24,34,590.1,0,0,0.0,7,31,38,17,35,2,10,3,-96,139,122,101,55,166.1914548404543,42.845862628447804,14.598431584640347,0.0,242.61357490535426,247.66035694970256,171.0797728501893,47.50919415900486,10
60,Bryce McGowens,Charlotte Hornets,G,53,140,16,39,301.2,17,22,391.7,4,14,183.3,1,14,15,10,9,3,5,4,-39,78,68,63,25,267.4237211407877,8.52829334540516,17.018560434585783,4.4001810774105925,479.0194658216388,347.33906745133544,388.76459936622916,35.886373924852876,10
61,Buddy Boeheim,Detroit Pistons,F,25,69,7,21,133.3,5,7,160.0,6,19,126.19999999999999,2,6,8,3,5,0,0,1,12,36,33,28,11,110.28634039444852,10.690284879474069,7.5799853907962005,7.5573411249086915,245.34112490869248,175.53469685902115,170.18772826880937,28.17531044558072,5
62,Buddy Hield,Philadelphia 76ers,SG,89,190,30,80,340.1,10,11,450.0,19,52,329.9,9,18,27,19,13,6,13,2,29,135,116,108,46,367.85015844273426,44.24196468990493,46.088048890900865,25.0740153915799,790.3716613852422,634.7725215029425,511.22793119058394,102.55138071525577,10
63,CJ McCollum,New Orleans Pelicans,SG,247,373,91,197,454.8,19,20,375.0,46,100,447.5,9,37,46,50,19,9,26,6,-1,343,293,297,96,933.2438091189287,44.92379636518228,20.004251248804337,74.78052928047615,1287.5441598469552,1278.3151238176215,958.3784674248061,49.02242533744287,10
64,Cade Cunningham,Detroit Pistons,PG,241,313,92,212,430.3,40,44,808.3,17,55,297.1,9,44,53,75,18,11,31,2,-38,369,294,316,128,702.373472159348,53.42462652784065,52.55545495699411,12.217745586238117,842.2865550022635,783.9945676776822,690.806699864192,175.83884110457223,10
65,Caleb Houstan,Orlando Magic,G,37,135,12,33,368.3,2,2,100.0,11,31,360.0,5,5,10,3,9,3,1,1,-1,50,47,40,13,96.58062130177515,6.0924556213017755,2.14792899408284,8.917899408284024,99.47928994082841,99.09467455621301,92.83210059171597,12.373520710059172,10
66,Caleb Martin,Miami Heat,SF,81,293,32,80,406.6,7,12,226.7,10,37,408.3,12,23,35,25,18,6,10,7,34,141,116,106,60,318.3894628099174,22.3646694214876,18.71823347107438,4.129132231404958,399.40625,366.1528925619835,361.9186466942149,30.80707644628099,10
67,Cam Reddish,Los Angeles Lakers,SF,21,143,6,25,153.3,5,8,116.7,4,13,166.6,7,5,12,1,7,3,1,3,-37,34,33,22,13,75.05328798185941,17.91043083900227,0.9036281179138321,2.418367346938775,69.18934240362812,75.0,71.70975056689342,16.346938775510203,10
68,Cam Thomas,Brooklyn Nets,SG,280,364,93,211,436.1,64,71,921.4,30,77,364.2,4,31,35,34,23,5,20,4,-25,349,315,314,69,591.6071111111112,47.864,56.544000000000004,26.624000000000002,863.0337777777779,550.3617777777778,920.8871111111112,87.8,10
69,Cam Whitmore,Houston Rockets,F,129,222,46,111,405.4,17,24,488.3,20,56,339.9,11,26,37,15,15,7,10,6,7,181,166,144,52,250.29659763313606,30.59763313609467,37.835059171597635,12.059171597633135,568.4082840236687,393.57174556213016,387.76331360946745,105.80251479289942,10
70,Cameron Johnson,Brooklyn Nets,SF,108,244,35,86,416.4,19,22,650.0,19,52,360.6,6,30,36,16,14,8,9,2,-48,160,144,124,52,173.71267361111114,34.35069444444444,13.684027777777779,12.125,428.0460069444444,306.3515625,261.44184027777777,82.0,10
71,Cameron Payne,Philadelphia 76ers,PG,71,197,27,66,516.2,0,0,0.0,17,40,451.7,5,17,22,34,21,10,10,2,28,127,93,105,56,390.3761814744801,90.9180056710775,32.77126654064272,24.10018903591683,657.0663988657844,532.4652646502835,439.04158790170135,199.625,10
72,Caris LeVert,Cleveland Cavaliers,SG,141,294,51,111,455.1,25,29,685.7,14,38,374.2,7,42,49,39,18,13,24,6,25,229,190,180,88,476.55625,29.1640625,84.40624999999999,8.5890625,556.3390625,584.7640625,432.09999999999997,129.60156249999997,10
73,Cason Wallace,Oklahoma City Thunder,G,62,199,24,55,445.3,4,4,100.0,10,25,400.0,6,15,21,19,13,16,7,5,11,102,83,81,40,152.95180055401661,13.930747922437675,19.365650969529085,8.443213296398891,210.28144044321328,160.2,200.21883656509695,36.11080332409973,10
74,Cedi Osman,San Antonio Spurs,SF,70,175,27,53,472.5,1,2,50.0,15,32,373.7,2,23,25,12,17,3,5,2,-40,107,95,82,37,235.14724245577526,36.54162330905307,29.950052029136323,16.565036420395423,418.56711758584805,316.12591050988556,295.82986472424557,108.2502601456816,10
75,Charlie Brown Jr.,New York Knicks,G,3,27,1,5,20.0,0,0,0.0,1,3,33.3,1,1,2,0,4,0,0,1,-6,5,5,3,2,6.12,2.7200000000000006,0.0,0.6800000000000002,17.0,17.0,6.12,2.7200000000000006,2
76,Chet Holmgren,Oklahoma City Thunder,PF,147,259,53,112,474.2,27,38,696.4,14,45,281.7,17,64,81,14,23,7,19,20,24,242,228,161,95,288.85041551246536,32.996675900277005,11.331855955678671,10.409972299168976,518.0,439.94238227146815,350.91246537396125,60.3240997229917,10
77,Chimezie Metu,Detroit Pistons,PF,114,314,45,91,493.0,11,11,600.0,13,36,346.6,14,53,67,17,18,19,19,5,-53,198,181,131,84,323.1092643890428,63.13850415512465,12.113573407202217,19.27146814404432,576.9615266235764,522.7777777777778,363.99661434287475,88.54847645429363,10
78,Chris Boucher,Toronto Raptors,PF,69,120,25,35,573.3,15,18,500.0,4,12,216.7,13,27,40,5,11,1,9,5,7,114,109,74,45,142.20987654320987,47.580246913580254,5.913580246913581,4.0246913580246915,410.0,329.0246913580247,192.69135802469134,83.98765432098766,8
79,Chris Duarte,Sacramento Kings,SG,39,120,14,42,302.5,4,4,200.0,7,27,239.3,6,10,16,5,8,4,5,3,-35,60,55,44,21,171.20266466504034,20.868455620191405,6.5042221805216744,6.21711390504785,339.6888722086695,268.02420716832427,222.77838243572901,47.46162507036967,10
80,Chris Livingston,Milwaukee Bucks,F,6,20,3,5,100.0,0,0,0.0,0,2,0.0,1,5,6,1,7,0,2,0,-11,13,12,7,7,23.355371900826448,16.0,0.913223140495868,0.0,73.97107438016528,76.44628099173555,21.24380165289256,16.549586776859506,2
81,Chris Paul,Golden State Warriors,PG,89,257,37,87,416.09999999999997,2,2,100.0,13,38,349.9,0,31,31,54,20,14,17,3,34,174,120,143,85,85.90404993467847,34.976484250254025,69.24952823341559,4.122078676150385,320.5402816083611,126.02061257076497,236.36681666424738,148.2829147916969,10
82,Christian Braun,Denver Nuggets,G,86,261,31,74,433.8,11,15,308.3,13,31,416.6,17,32,49,28,19,7,7,4,63,163,135,114,77,198.5406427221172,65.125,50.37901701323251,9.206285444234403,511.4936200378072,381.2308601134215,332.2164461247637,112.09097353497162,10
83,Christian Wood,Los Angeles Lakers,F,59,133,22,51,477.0,11,14,450.0,4,19,225.0,6,28,34,6,12,5,5,2,-14,99,93,65,40,153.90277777777777,54.402777777777786,4.625,2.4444444444444446,305.125,285.0,156.7777777777778,76.27777777777777,10
84,Chuma Okeke,Orlando Magic,PF,2,40,0,6,0.0,2,2,100.0,0,5,0.0,0,5,5,2,2,2,3,0,-23,9,7,4,7,3.5770686857760943,3.086533261222282,1.4256354786371008,0.0032449972958355864,7.598161168199027,6.833423472147107,3.3693888588426173,5.484586262844781,6
85,Clint Capela,Atlanta Hawks,C,129,297,57,89,634.9,15,27,267.9,0,0,0.0,39,79,118,21,14,6,12,10,9,268,247,150,139,237.64798954855567,99.6304253157207,13.498185513136885,0.0,500.98330672085933,407.3431557555523,290.68398896791984,153.7327623748004,10
86,Coby White,Chicago Bulls,PG,185,345,72,148,469.40000000000003,23,28,525.7,18,56,258.2,4,32,36,40,24,8,18,1,-4,261,221,225,76,965.1890625000001,43.8515625,37.26406250000001,22.576562499999998,1585.7515625,1322.125,1197.50625,112.42500000000001,10
87,Cody Martin,Charlotte Hornets,SF,69,285,28,76,367.2,6,7,250.0,7,30,228.2,6,44,50,42,15,11,20,7,-28,161,119,111,92,111.0,28.18685121107267,64.68512110726644,2.6816608996539792,183.02076124567472,112.9515570934256,173.33217993079583,100.60899653979239,10
88,Cody Zeller,New Orleans Pelicans,C,9,40,4,7,300.0,1,2,50.0,0,0,0.0,5,11,16,5,6,2,3,0,15,30,25,14,21,4.760416666666666,10.708333333333332,5.208333333333333,0.0,28.760416666666675,21.59375,12.34375,15.5,6
89,Colby Jones,Sacramento Kings,G,17,63,7,23,199.89999999999998,2,4,100.0,1,9,16.7,6,9,15,10,13,3,3,3,28,42,32,27,25,29.502958579881653,15.704142011834321,12.412721893491126,0.8875739644970416,137.3239644970414,75.3491124260355,73.7381656804734,45.856508875739635,7
90,Cole Anthony,Orlando Magic,PG,78,164,28,77,331.8,12,12,600.0,10,31,204.1,2,19,21,19,8,6,12,2,-6,118,99,97,40,466.41836734693874,45.85600907029478,37.82114512471656,27.83673469387755,894.9810090702947,700.9818594104307,622.5694444444445,121.52522675736961,10
91,Cole Swider,Miami Heat,F,19,44,6,16,104.7,2,2,100.0,5,13,116.7,0,5,5,1,1,0,4,0,-18,25,24,20,6,140.88109393579074,3.0047562425683716,0.8192627824019023,12.148632580261594,173.99405469678956,175.93579072532705,138.66111771700355,4.102259215219976,5
92,Colin Castleton,Los Angeles Lakers,C,0,12,0,2,0.0,0,0,0.0,0,0,0.0,0,1,1,0,3,1,2,0,-16,1,1,0,1,1.314828341855369,0.5821767713659605,0.0,0.0,1.239590942293645,1.239590942293645,1.314828341855369,0.5821767713659605,2
93,Collin Gillespie,Denver Nuggets,G,53,125,19,43,306.4,4,7,200.0,11,25,283.3,0,15,15,18,12,7,9,0,24,86,68,71,33,240.98573127229488,12.9833531510107,37.600475624256845,15.451843043995245,401.7074910820452,279.602853745541,336.38168846611177,77.29250891795482,8
94,Collin Sexton,Utah Jazz,PG,208,319,78,161,480.5,41,49,859.9,11,39,239.89999999999998,11,19,30,60,20,8,27,4,-116,298,238,268,90,229.79733560090702,22.409580498866216,38.02267573696145,13.719104308390023,417.60204081632656,315.6383219954649,339.953798185941,52.23951247165533,10
95,Corey Kispert,Washington Wizards,SF,184,382,68,133,508.79999999999995,16,23,575.0,32,77,412.3,5,34,39,33,23,6,17,2,-68,256,223,217,72,411.81234567901237,35.93827160493827,76.2,40.864197530864196,585.2444444444444,613.4444444444443,395.21234567901246,100.53827160493827,10
96,Cory Joseph,Golden State Warriors,PG,27,71,10,16,316.7,0,0,0.0,7,11,316.7,2,9,11,6,6,0,1,0,9,44,38,33,17,31.2,10.8,2.8000000000000003,3.2,28.8,47.2,21.2,5.2,5
97,Craig Jr. Porter,Cleveland Cavaliers,G,62,138,26,50,425.3,5,6,300.0,5,12,175.0,6,19,25,24,5,3,8,3,-18,111,87,86,49,378.80400000000003,43.38399999999999,21.616,9.655999999999999,743.3,599.876,502.8039999999999,84.42399999999998,10
98,D'Angelo Russell,Los Angeles Lakers,PG,175,361,62,149,409.6,16,18,450.0,35,96,325.9,0,32,32,58,19,13,21,4,88,265,207,233,90,426.4339100346021,45.29550173010381,97.6,50.6,448.0463667820068,474.46989619377166,362.97508650519035,179.9307958477509,10
99,D.J. Carton,Toronto Raptors,G,8,31,2,7,83.3,3,4,150.0,1,4,50.0,2,1,3,3,1,1,1,0,-30,14,11,11,6,8.666666666666668,2.0,2.0,0.6666666666666667,8.666666666666666,2.6666666666666665,18.666666666666668,0.0,3
100,D.J. Wilson,Philadelphia 76ers,F,10,14,4,6,66.7,0,0,0.0,2,2,100.0,1,1,2,2,1,0,0,2,4,14,12,12,4,19.75308641975309,0.7901234567901234,0.7901234567901234,0.7901234567901234,38.71604938271605,28.444444444444443,28.444444444444443,3.1604938271604937,1
101,DaQuan Jeffries,New York Knicks,SG,0,7,0,2,0.0,0,0,0.0,0,2,0.0,0,0,0,3,0,0,1,0,7,3,0,3,3,0.39889196675900274,0.0,5.609418282548476,0.04432132963988919,3.0166204986149587,0.39889196675900274,3.0166204986149587,5.609418282548476,1
102,Daishen Nix,Minnesota Timberwolves,SG,5,12,2,5,66.7,0,0,0.0,1,3,50.0,0,1,1,3,1,2,1,0,13,9,6,8,4,13.509695290858724,0.5124653739612188,5.110803324099724,0.5346260387811634,4.1024930747922435,9.246537396121884,5.191135734072022,8.797783933518007,2
103,Dalano Banton,Portland Trail Blazers,G,215,354,80,199,402.7,33,40,757.2,22,87,268.6,7,52,59,54,11,13,30,7,-117,328,274,269,113,708.6311519740402,111.99161709031911,89.55543537047053,20.26636019469984,1506.0251487290427,1068.7455381287182,1146.8161168199028,200.6416982152515,10
104,Dalen Terry,Chicago Bulls,F,47,157,20,47,338.9,4,8,50.0,3,17,100.0,8,17,25,15,23,6,8,10,13,87,72,62,40,276.22843176113093,46.64565992865636,50.645659928656364,4.101070154577884,633.7092086140838,402.323160258951,484.3231602589511,120.58263971462544,10
105,Damian Jones,Cleveland Cavaliers,C,60,123,24,39,594.6,11,13,550.0,1,7,50.0,11,20,31,3,13,4,6,5,-53,94,91,63,34,200.5390625,70.42100694444443,2.1293402777777777,0.9027777777777777,406.2960069444445,390.3506944444444,202.43402777777774,86.60069444444443,10
106,Damian Lillard,Milwaukee Bucks,PG,239,370,74,182,400.6,62,70,776.0,29,83,336.5,3,44,47,63,25,7,33,3,1,349,286,302,110,728.9795471146822,12.615412710007305,87.43937180423667,29.137326515704892,1012.5047479912345,789.399926953981,969.1194302410519,83.01972242512784,10
107,Daniel Gafford,Dallas Mavericks,C,91,220,44,58,728.9,3,11,100.0,0,0,0.0,13,39,52,17,25,6,12,21,1,160,143,108,69,436.2890751757707,211.97295835586806,27.0,0.0,1131.4161709031907,944.4394267171443,512.0100054083289,350.22877230935643,10
108,Daniel Theis,LA Clippers,C,62,162,25,48,406.4,6,6,300.0,6,16,283.3,12,35,47,9,15,2,8,8,12,118,109,71,56,339.625,69.48291015625,7.556640625,6.5,722.79931640625,677.65478515625,371.275390625,90.53369140625,10
109,Danilo Gallinari,Milwaukee Bucks,PF,34,101,10,22,404.2,12,14,375.0,2,10,200.0,3,10,13,8,8,4,7,1,-30,55,47,42,21,108.5,12.102040816326532,9.600907029478458,1.777777777777778,156.5907029478458,160.17346938775512,103.71995464852608,22.900226757369616,10
110,Dante Exum,Dallas Mavericks,G,57,218,21,49,369.6,5,6,250.0,10,24,390.0,5,29,34,26,14,1,10,0,53,117,91,83,60,262.718042366691,54.993791088385684,30.689919649379107,10.410883856829802,416.13221329437545,349.02885317750184,341.77830533235937,73.72680788897006,10
111,Danuel House Jr.,Philadelphia 76ers,SF,42,143,14,30,276.3,13,15,466.7,1,11,33.3,6,11,17,7,16,7,3,3,-26,66,59,49,24,42.0,11.714285714285715,8.0,0.8571428571428572,41.714285714285715,51.714285714285715,40.0,11.714285714285715,7
112,Dario Saric,Golden State Warriors,PF,29,101,12,30,281.7,3,5,75.0,2,14,100.0,5,15,20,14,3,1,15,1,-26,63,49,43,34,128.86159169550172,32.13840830449827,10.754325259515571,2.1816608996539792,246.84775086505192,230.48096885813146,130.78546712802768,57.33564013840831,10
113,Darius Bazley,Utah Jazz,F,48,141,18,29,408.1,10,12,360.0,2,8,83.3,8,19,27,5,3,6,7,7,-32,80,75,53,32,77.5296,30.769599999999997,4.833600000000001,1.3504,199.3184,185.5984,82.2864,44.5664,6
114,Darius Garland,Cleveland Cavaliers,PG,156,340,60,140,419.8,13,16,510.0,23,60,359.9,4,28,32,78,15,16,34,2,9,266,188,234,110,442.30222093192043,23.76310059515169,89.00043547684714,18.100014515894905,511.1545942807374,512.5513136884889,394.61605457976486,159.05298301640295,10
115,David Duke Jr.,San Antonio Spurs,G,23,48,9,17,200.0,3,3,200.0,2,5,66.7,2,8,10,4,4,2,3,0,7,37,33,27,14,94.99489795918366,26.096938775510207,10.693877551020407,2.6734693877551017,173.24489795918365,147.77551020408163,91.52551020408163,65.7295918367347,3
116,David Roddy,Phoenix Suns,F,61,130,25,53,522.0,6,10,241.7,5,20,143.3,4,15,19,11,5,1,10,0,-72,91,80,72,30,479.60592079969246,53.99807766243752,20.024221453287197,9.546712802768168,921.1353325643983,733.20799692426,647.1111111111111,94.44444444444443,10
117,Davion Mitchell,Sacramento Kings,PG,93,235,35,88,397.3,6,9,250.0,17,45,402.1,7,20,27,29,12,1,7,0,74,149,120,122,56,174.6949290888685,41.01081522293644,24.11641669217427,15.334047546168758,352.30945821854914,259.39495969799,234.08550147944086,98.65115804509745,10
118,Davis Bertans,Charlotte Hornets,SF,101,224,34,78,424.8,7,7,400.0,26,67,373.0,2,17,19,8,21,10,8,4,-38,128,120,109,27,149.64511009720292,17.466574092441974,13.606427296171395,20.914104344376117,227.13628248363423,236.4372148383257,150.62348740329298,20.79369172783178,10
119,Day'Ron Sharpe,Brooklyn Nets,C,49,129,22,47,507.3,5,7,166.7,0,3,0.0,30,32,62,10,19,1,14,7,-16,121,111,59,72,63.769319161160574,203.98276357368573,10.485492674518817,0.025854639471416266,424.04740017236423,360.0606147658719,95.90721057167481,246.31715024418273,10
120,De'Aaron Fox,Sacramento Kings,PG,281,383,106,233,465.9,31,42,693.6,38,103,379.9,6,44,50,53,25,22,23,3,57,384,331,334,103,518.0976724412797,33.965139759804444,39.42108619406952,48.85131257306834,629.0912955680732,627.5836964608353,492.49590817302584,100.49558932936552,10
121,De'Andre Hunter,Atlanta Hawks,SF,151,350,53,137,355.8,25,35,607.1,20,68,277.5,5,44,49,24,23,5,19,1,-65,224,200,175,73,423.20622837370246,172.23598615916953,18.398615916955016,18.067820069204153,933.5501730103806,892.7321799307958,443.7044982698962,210.95432525951554,10
122,De'Anthony Melton,Philadelphia 76ers,SG,31,64,10,32,130.5,4,4,200.0,7,21,145.0,1,8,9,9,5,6,1,1,2,49,40,40,18,149.25,5.0,5.0,9.3125,235.25,187.25,187.25,20.0,5
123,DeAndre Jordan,Denver Nuggets,C,36,96,15,27,411.8,6,6,300.0,0,0,0.0,12,28,40,7,13,2,4,4,-33,83,76,43,47,172.4424012979989,89.06003244997297,10.100054083288265,0.0,501.64467279610597,439.92644672796104,210.14548404542995,123.17522985397513,10
124,DeJon Jarreau,Memphis Grizzlies,F,43,150,17,50,308.3,5,11,250.0,4,13,141.7,8,36,44,26,14,6,9,2,-24,113,87,69,70,98.3598615916955,111.6805074971165,54.768166089965405,4.376009227220299,497.42445213379466,248.86851211072664,221.79238754325257,291.5720876585928,9
125,DeMar DeRozan,Chicago Bulls,SF,279,392,105,200,523.8,57,71,811.6,12,30,300.0,2,40,42,59,19,11,30,5,14,380,321,338,101,375.7715028355387,31.965973534971646,62.58813799621928,18.69187145557656,401.553875236295,396.99267485822304,391.50472589792065,83.3820888468809,10
126,Dean Wade,Cleveland Cavaliers,PF,46,178,15,35,260.2,5,7,216.7,11,31,233.4,4,27,31,7,8,3,1,9,-23,84,77,53,38,468.50000000000006,35.125,6.125,31.525000000000006,718.8,714.725,466.12499999999994,47.699999999999996,10
127,Deandre Ayton,Portland Trail Blazers,C,212,329,100,186,522.8,12,15,263.9,0,7,0.0,30,81,111,16,13,10,18,7,-110,339,323,228,127,695.6772268135904,167.16345270890724,6.415518824609735,0.03673094582185492,1495.6483011937557,1409.2768595041323,755.623507805326,200.00413223140498,10
128,Dejounte Murray,Atlanta Hawks,SG,232,381,91,215,424.1,22,30,666.7,28,85,332.4,12,49,61,78,26,12,33,2,-58,371,293,310,139,846.0552252609327,98.31272294887039,137.60179680274805,21.350508653719118,1392.5367948209803,1118.9299775399656,1041.0857444840797,314.4908178094861,10
129,Delon Wright,Miami Heat,SG,72,221,25,51,526.2,6,6,200.0,16,29,575.0,6,16,22,25,8,16,1,3,82,119,94,97,47,203.47509765625,29.353515625,23.291015625,22.35791015625,279.63134765625,218.75244140625,263.99853515625,53.0,10
130,Deni Avdija,Washington Wizards,SF,182,360,62,127,470.2,46,58,825.9,12,41,288.2,8,77,85,45,22,7,28,9,-6,312,267,227,130,493.84693877551024,124.84489795918367,71.67551020408163,8.122448979591837,1223.6,973.2755102040817,680.4448979591837,260.2469387755102,10
131,Dennis Schroder,Brooklyn Nets,PG,158,333,57,139,411.8,25,26,787.5,19,54,394.5,12,40,52,64,22,5,17,5,25,274,210,222,116,565.4933378310002,38.601450497554396,61.52268510710069,34.90285039635689,853.900826446281,618.4483049418114,767.8080620678023,133.2619328723225,10
132,Dennis Smith Jr.,Brooklyn Nets,PG,58,167,21,46,487.1,8,11,383.3,8,22,348.3,5,13,18,28,22,16,11,0,3,104,76,86,46,78.47147022074135,17.85339441899209,40.0,4.21990837151187,181.54768846314036,139.3027905039567,112.87963348604748,65.69012911286964,10
133,Dereck II Lively,Dallas Mavericks,C,75,184,35,50,705.3,5,13,200.0,0,0,0.0,15,44,59,5,12,3,5,13,-22,139,134,80,64,185.76530612244898,64.93686224489795,4.885841836734693,0.0,423.9005102040816,389.0082908163265,209.89604591836735,80.58418367346938,10
134,Derrick Jones Jr.,Dallas Mavericks,SF,66,234,24,66,353.6,10,15,333.3,8,29,201.9,11,15,26,10,18,5,9,11,13,102,92,76,36,228.94444444444446,20.53061224489796,12.012755102040815,5.719954648526077,266.5728458049887,282.8083900226758,216.79053287981858,28.461734693877553,10
135,Derrick Rose,Memphis Grizzlies,PG,49,95,20,37,377.7,5,6,266.7,4,8,233.3,0,15,15,21,3,1,9,0,-9,85,64,70,36,70.0,14.857142857142858,12.0,3.7142857142857144,188.85714285714286,116.85714285714286,128.0,40.857142857142854,7
136,Derrick White,Boston Celtics,PG,146,338,48,106,442.1,22,24,755.6,28,75,371.09999999999997,8,33,41,54,19,7,14,5,55,241,187,200,95,371.3135813148789,78.75129757785467,72.87067474048443,20.195934256055363,911.4087370242214,656.583044982699,586.7698961937716,190.99134948096884,10
137,Desmond Bane,Memphis Grizzlies,SG,93,165,30,80,183.4,19,21,366.7,14,40,172.9,2,14,16,34,14,5,13,2,-54,143,109,127,50,267.2,8.8,114.79999999999998,4.8,701.1999999999999,362.8,587.2,142.0,5
138,Devin Booker,Phoenix Suns,SG,255,370,80,169,436.0,69,75,929.8,26,72,288.1,7,20,27,69,31,10,31,2,28,351,282,324,96,1610.116049382716,38.249382716049396,63.10864197530864,64.54938271604938,1701.0790123456788,1581.5308641975307,1725.1111111111113,105.9111111111111,10
139,Devin Vassell,San Antonio Spurs,SG,193,373,77,163,440.2,18,21,691.7,21,61,312.3,0,33,33,47,16,12,18,1,-43,273,226,240,80,806.4410104810535,25.71969900564364,52.6495565708143,24.90217683418436,1079.5020155872078,846.0,1027.3222252082774,90.99005643644182,10
140,Devonte' Graham,San Antonio Spurs,PG,79,210,27,77,363.0,7,8,350.0,18,60,327.9,3,17,20,30,10,6,14,1,-3,129,99,109,50,287.4330755502677,12.214158239143368,34.3807257584771,18.428316478286735,450.24449732302196,320.9238548483046,406.18262938726946,57.16597263533611,10
141,Dillon Brooks,Houston Rockets,SF,117,315,42,109,361.0,14,17,319.0,19,57,356.79999999999995,8,25,33,15,39,9,11,3,-48,165,150,132,48,681.6047578794831,28.20444390774061,19.166888056997948,23.043473010505977,933.4588817775631,746.8163265306123,851.7751479289941,63.84349716217848,10
142,Domantas Sabonis,Sacramento Kings,PF,181,357,70,132,526.7,39,55,747.5,2,11,66.7,41,98,139,72,33,14,33,6,33,392,320,253,211,200.00438730741763,120.2892561983471,33.54739312315069,3.627589021528415,538.0714212835426,364.0163248648097,316.9759208244057,210.92021222324252,10
143,Dominick Barlow,San Antonio Spurs,F,57,150,21,38,506.6,15,18,416.6,0,1,0.0,19,22,41,15,19,4,4,3,10,113,98,72,56,290.46020761245677,81.13667820069205,45.74567474048443,0.0,715.5397923875432,590.5,425.3581314878893,117.0242214532872,10
144,Donovan Mitchell,Cleveland Cavaliers,SG,197,345,65,162,384.0,37,42,757.1,30,83,352.2,6,27,33,49,18,19,26,6,-33,279,230,246,82,708.9669421487603,23.02582644628099,52.77789256198347,14.25309917355372,790.6033057851241,766.7076446280992,721.5258264462809,87.14049586776858,10
145,Donte DiVincenzo,New York Knicks,SG,180,367,63,144,432.9,16,18,555.0,38,96,396.4,4,33,37,30,18,14,18,6,-5,247,217,210,67,479.8556238185255,20.45014177693762,18.001181474480152,39.7686672967864,653.6996691871454,569.1701323251418,556.2797731568998,46.556710775047264,10
146,Dorian Finney-Smith,Brooklyn Nets,PF,59,287,23,61,357.5,7,10,350.0,6,35,181.6,12,34,46,16,15,11,9,5,-50,121,105,75,62,170.87530233808116,38.64767535608708,6.6374630475678575,5.748454716474066,204.79252889008333,170.7446922870196,212.60816984681537,37.60010749798441,10
147,Doug McDermott,Indiana Pacers,SF,39,111,14,34,279.1,0,0,0.0,11,29,315.4,0,3,3,6,12,3,2,0,-8,48,42,45,9,186.79138321995464,3.4444444444444446,8.839002267573697,14.918367346938776,268.0,195.4104308390023,259.44444444444446,12.219954648526077,10
148,Draymond Green,Golden State Warriors,PF,85,306,34,60,494.9,7,11,325.0,10,22,271.4,13,57,70,67,34,21,29,7,30,222,155,152,137,360.89012345679015,71.87777777777778,89.97777777777777,24.653086419753087,573.841975308642,297.2716049382716,586.104938271605,213.2111111111111,10
149,Drew Eubanks,Phoenix Suns,PF,26,144,10,26,300.0,6,7,275.0,0,0,0.0,13,28,41,6,16,2,4,6,-46,73,67,32,47,77.53073300326045,64.9956526989494,4.724791691824659,0.0,174.46045163627582,156.30129211447894,86.5373747131989,78.87296220263254,10
150,Drew Peterson,Boston Celtics,F,8,20,3,5,75.0,0,0,0.0,2,4,66.7,0,1,1,0,0,2,1,0,6,9,9,8,1,35.55555555555556,0.5555555555555556,0.0,2.2222222222222223,27.222222222222218,27.222222222222218,35.55555555555556,0.5555555555555556,2
151,Duncan Robinson,Miami Heat,F,86,229,30,72,361.8,6,7,250.0,20,58,272.1,3,23,26,18,23,6,15,2,-40,130,112,104,44,715.0430758276966,12.402278390886435,30.831612673549305,43.028835884656466,1094.3154147383411,795.7714489142043,1011.2929868280527,45.52794588821644,10
152,Duop Reath,Portland Trail Blazers,C,77,168,30,80,359.6,8,10,275.0,9,37,251.7,11,29,40,9,14,5,3,5,-40,126,117,86,49,202.55600189035917,22.112712665406427,22.95463137996219,5.382088846880908,336.81758034026467,272.8742911153119,259.55127599243855,52.01535916824196,10
153,Dwight Powell,Dallas Mavericks,C,23,125,9,15,516.7,5,10,300.0,0,1,0.0,19,20,39,10,18,3,6,2,-64,72,62,33,49,40.98079561042524,109.82030178326474,13.37174211248285,0.0,330.1947873799726,236.49108367626886,74.53086419753087,183.34567901234567,10
154,Dylan Windler,Atlanta Hawks,G,28,67,10,18,163.8,0,0,0.0,8,16,142.1,3,7,10,3,3,2,2,0,-17,41,38,31,13,136.02615933412602,8.092746730083235,2.9072532699167657,13.467300832342453,201.36385255648037,182.92033293697978,146.07491082045183,19.394768133174793,4
155,Dylan Windler,Los Angeles Lakers,G,3,14,1,4,25.0,0,0,0.0,1,4,25.0,0,1,1,2,1,0,0,0,-7,6,4,5,3,14.702734839476815,3.011890606420927,0.4019024970273484,1.1474435196195003,19.181926278240194,24.83947681331748,11.05469678953627,1.4042806183115344,2
156,Dyson Daniels,New Orleans Pelicans,G,66,229,27,56,420.8,2,3,150.0,10,26,336.6,11,38,49,28,18,13,7,4,-25,143,115,94,77,214.24906289046226,46.673469387755105,43.952519783423575,14.14993752603082,418.33361099541855,273.74468971261973,300.93127863390254,148.53269471053727,10
157,Emoni Bates,Cleveland Cavaliers,F,23,51,9,24,127.9,0,2,0.0,5,13,120.0,0,4,4,4,0,0,7,0,-22,31,27,27,8,33.94921875,5.48046875,5.0,3.76171875,62.6875,44.1875,44.07421875,18.85546875,3
158,Eric Gordon,Phoenix Suns,SG,55,211,20,66,289.7,4,5,266.7,11,48,198.3,0,8,8,11,6,13,7,4,13,74,63,66,19,207.02076124567472,7.107266435986159,10.951557093425606,12.714878892733562,204.0346020761246,210.45328719723187,196.68512110726638,21.975778546712803,10
159,Eugene Omoruyi,Washington Wizards,F,63,142,24,53,407.7,8,16,291.7,7,18,230.0,9,11,20,9,16,6,6,4,-72,92,83,72,29,317.98890532544385,22.299556213017752,11.284763313609467,16.426775147928996,395.64275147928987,336.78402366863907,382.1686390532545,28.263313609467453,10
160,Evan Fournier,Detroit Pistons,SG,77,213,29,81,309.8,11,15,350.0,8,42,171.7,1,17,18,14,12,8,5,4,-57,109,95,91,32,435.24845679012344,13.61304012345679,19.187114197530864,9.946373456790123,561.9027777777778,558.0667438271605,429.6871141975309,42.19753086419753,10
161,Evan Mobley,Cleveland Cavaliers,PF,166,308,64,112,580.4,28,35,755.1,10,22,400.0,19,55,74,31,22,9,15,16,14,271,240,197,105,221.1106072058453,91.29050138573947,25.431846812799193,6.204081632653061,389.6893424036281,346.4938271604938,272.10304862685814,108.92542202066014,10
162,Frank Ntilikina,Charlotte Hornets,PG,5,39,1,8,50.0,2,2,100.0,1,7,50.0,1,4,5,3,4,0,0,0,0,13,10,8,8,19.0,7.0,6.84,0.7600000000000002,24.439999999999998,14.0,18.64,24.640000000000004,4
163,Franz Wagner,Orlando Magic,SF,185,312,67,139,484.6,42,51,844.4,9,40,203.3,12,36,48,27,21,10,9,6,30,260,233,212,75,168.67313019390582,25.84106648199446,19.73164819944599,8.975415512465373,218.9972299168975,220.92278393351802,195.81890581717454,16.50138504155125,10
164,Fred VanVleet,Houston Rockets,PG,208,376,71,171,428.4,33,39,715.0,33,88,351.0,8,34,42,70,39,23,15,6,-13,320,250,278,112,1160.8407606328929,48.871824647989556,54.606474089127595,62.113949775003626,1447.6771664973146,1484.0150965307012,1159.1197561329657,68.86137320365802,10
165,Furkan Korkmaz,Philadelphia 76ers,SG,41,116,13,29,278.6,7,10,241.7,8,18,258.3,3,12,15,12,6,3,2,2,22,68,56,53,27,292.875,14.875,10.0,20.0,404.0,340.0,363.875,17.875,8
166,GG Jackson,Memphis Grizzlies,F,187,330,67,163,396.4,27,35,685.7,26,77,335.5,9,42,51,21,16,10,19,4,-64,259,238,208,72,1089.9496384297522,135.51368801652893,17.513688016528924,28.509297520661153,1397.3525309917356,1503.1373966942147,1013.1373966942149,124.05475206611571,10
167,Gabe Vincent,Los Angeles Lakers,PG,16,115,6,23,115.0,1,1,100.0,3,15,75.0,3,6,9,8,10,4,4,0,27,33,25,24,17,78.68055555555556,11.0,2.0,3.930555555555556,140.26388888888889,140.26388888888889,80.68055555555554,11.0,8
168,Garrett Temple,Toronto Raptors,SF,50,193,18,53,402.4,7,10,300.0,7,27,253.3,13,18,31,18,22,7,9,3,-92,99,81,68,49,140.73350694444446,31.7265625,33.625,8.2265625,238.94444444444443,214.90277777777777,136.08767361111111,94.0390625,10
169,Garrison Mathews,Atlanta Hawks,SG,78,192,26,58,466.09999999999997,6,8,266.7,20,49,455.0,3,11,14,6,16,4,3,1,-37,98,92,84,20,175.1476874773578,14.402366863905325,14.808839512136217,10.638811737712837,266.0268083564787,231.27110252384978,198.76560801835527,40.34899166767299,10
170,Gary Harris,Orlando Magic,SG,51,287,18,53,320.9,3,3,200.0,12,39,311.6,6,14,20,15,18,13,6,1,-10,86,71,66,35,228.56194571351787,24.386992743886054,30.919914001612472,13.724267669981188,465.63074442354207,331.9884439666756,339.39801128728834,78.11314162859446,10
171,Gary Payton II,Golden State Warriors,SG,67,174,30,45,679.0,3,5,200.0,4,11,216.7,6,17,23,14,22,9,6,7,46,104,90,81,37,149.61325687299714,44.781413391803,38.67633665036262,4.40006746500253,205.04773148928993,143.1037274413898,135.08939112835216,159.92561983471074,10
172,Gary Trent Jr.,Toronto Raptors,SG,200,317,75,175,428.6,26,29,633.3,24,75,319.1,6,30,36,28,17,15,8,0,-65,264,236,228,64,467.06198347107437,34.4485766758494,28.7089072543618,37.47107438016529,682.793388429752,607.2213039485766,529.4568411386593,76.33471074380166,10
173,Georges Niang,Cleveland Cavaliers,SF,85,214,32,76,374.0,6,8,225.0,15,47,273.8,1,23,24,10,23,8,8,2,-2,119,109,95,34,537.779012345679,26.37530864197531,6.149382716049383,34.782716049382714,430.78271604938266,459.3641975308642,502.11111111111114,39.611111111111114,10
174,Giannis Antetokounmpo,Milwaukee Bucks,PF,282,365,114,193,601.8,53,86,543.3,1,11,50.0,40,95,135,72,29,9,37,16,18,489,417,354,207,457.31103515625,205.884765625,50.06494140625,1.42041015625,1149.837890625,1028.18212890625,528.7890625,306.12744140625,10
175,Goga Bitadze,Orlando Magic,C,32,108,13,25,496.7,6,8,350.0,0,3,0.0,11,15,26,9,13,4,11,9,-36,67,58,41,35,56.99683114531462,65.24400181077412,10.416025350837485,0.0,261.9633318243549,195.61068356722498,90.82616568583069,108.18334087822547,10
176,Gordon Hayward,Oklahoma City Thunder,SF,70,172,26,47,480.5,11,17,283.4,7,13,266.7,3,18,21,12,5,8,6,2,26,103,91,82,33,292.0817777777778,26.91111111111111,8.31111111111111,10.11111111111111,297.1884444444445,311.784,260.06399999999996,52.644444444444446,10
177,Gradey Dick,Toronto Raptors,G,142,305,54,124,437.7,13,16,346.4,21,58,352.9,4,26,30,5,15,6,11,0,-105,177,172,147,35,301.2390625,50.6890625,9.80625,25.0,323.10625,382.0,259.3640625,43.4765625,10
178,Grant Williams,Charlotte Hornets,PF,151,318,57,103,554.7,19,27,691.7,18,40,540.3,13,41,54,49,36,6,15,4,-66,254,205,200,103,251.66481994459832,40.56959833795014,91.99722991689751,3.84106648199446,381.7108725761772,306.09452908587264,273.72299168975076,186.125,10
179,Grayson Allen,Phoenix Suns,SG,129,314,44,103,402.6,19,22,512.5,22,66,364.0,10,41,51,25,17,11,13,3,45,205,180,154,76,351.99753086419753,59.3,26.23456790123457,22.444444444444443,467.5864197530865,452.0308641975309,393.21975308641976,59.8679012345679,10
180,Gui Santos,Golden State Warriors,F,50,130,17,34,372.5,10,11,450.0,6,15,320.0,10,23,33,12,17,3,5,2,6,95,83,62,45,254.08284023668642,136.82117028270875,16.322156476002633,4.669296515450362,777.6416831032216,677.41288625904,299.7777777777778,207.67718606180142,10
181,Harrison Barnes,Sacramento Kings,SF,113,283,35,88,340.3,28,36,551.4,15,43,308.3,11,28,39,19,8,7,6,1,47,171,152,132,58,487.34445464748495,41.64932149780635,27.068360371390675,13.449137843077239,962.322722171207,722.2314049586777,689.0864197530864,107.06703397612489,10
182,Harry III Giles,Brooklyn Nets,F,8,8,3,6,50.0,1,2,50.0,1,1,100.0,2,2,4,2,3,0,0,0,-12,14,12,10,6,50.765625,10.293402777777779,3.515625,0.8402777777777777,149.0434027777778,106.77777777777779,81.0,25.840277777777775,1
183,Harry III Giles,Los Angeles Lakers,F,2,10,1,4,100.0,0,0,0.0,0,2,0.0,0,1,1,0,0,1,0,0,-15,3,3,2,1,2.03125,0.6701388888888888,0.03125,0.013888888888888888,4.670138888888889,4.555555555555555,2.0,0.8472222222222221,2
184,Haywood Highsmith,Miami Heat,F,61,261,26,56,398.0,1,5,50.0,8,33,201.2,17,32,49,16,19,12,8,5,16,126,110,77,65,227.83827160493826,93.84444444444445,13.912345679012347,12.93827160493827,404.4,367.51234567901236,237.04444444444442,135.43827160493828,10
185,Henri Drell,Chicago Bulls,F,9,23,3,7,42.9,1,2,50.0,2,4,50.0,0,2,2,1,5,2,1,1,7,12,11,10,3,49.0,1.3313609467455618,0.0059171597633136015,2.863905325443787,65.23668639053254,66.48520710059171,47.92899408284024,1.1597633136094674,1
186,Herbert Jones,New Orleans Pelicans,SF,91,344,30,72,388.6,17,20,650.0,14,39,322.1,6,30,36,28,29,14,19,2,18,155,127,119,64,226.50583882529773,52.68863452422245,29.918603306740664,12.511041738929356,342.3594635217944,317.0,210.07180020811657,124.40073996993871,10
187,Hunter Tyson,Denver Nuggets,F,0,7,0,3,0.0,0,0,0.0,0,3,0.0,0,1,1,0,1,0,2,0,-1,1,1,0,1,3.6337890625,0.765625,0.0244140625,0.1181640625,1.41015625,1.0634765625,4.25390625,0.5166015625,1
188,I. Thomas,Phoenix Suns,G,8,13,3,7,83.3,0,0,0.0,2,4,100.0,0,0,0,2,0,0,0,0,-4,10,8,10,2,17.023319615912207,0.0,0.5377229080932786,0.9903978052126201,23.245541838134436,17.023319615912207,23.245541838134436,0.5377229080932786,2
189,Ibou Badji,Portland Trail Blazers,C,12,51,5,7,300.0,2,4,100.0,0,0,0.0,2,4,6,4,10,1,6,3,-29,22,18,16,10,15.051652892561982,7.365702479338842,4.440082644628099,0.0,39.018595041322314,35.25619834710744,20.487603305785125,10.132231404958679,5
190,Immanuel Quickley,Toronto Raptors,SG,215,338,66,155,420.6,58,66,782.2,25,74,329.5,3,48,51,75,24,11,28,2,-66,341,266,290,126,606.3961068356723,76.92394748755093,77.20733363512902,14.691263014938885,1224.5165233137168,844.6853779990946,911.4875509280217,228.87098234495247,10
191,Isaac Okoro,Cleveland Cavaliers,SF,71,251,24,53,463.8,14,21,508.3,9,25,276.2,6,16,22,13,15,5,6,3,-17,106,93,84,35,160.7137777777778,22.540444444444447,45.544000000000004,14.244444444444444,430.9937777777778,282.7084444444444,289.86844444444444,87.2151111111111,10
192,Isaiah Hartenstein,New York Knicks,C,99,262,39,58,712.3,21,33,538.1,0,0,0.0,32,42,74,42,28,15,17,11,52,215,173,141,116,192.29134948096888,132.79999999999998,58.18961937716263,0.0,579.7557093425605,541.2089965397925,217.42629757785468,204.40138408304497,10
193,Isaiah Jackson,Indiana Pacers,SF,67,150,27,41,707.2,13,17,575.0,0,0,0.0,27,23,50,11,20,7,5,11,42,128,117,78,61,113.95525494276795,154.7955254942768,31.961498439125908,0.0,654.5041623309053,474.6706555671176,194.8553590010405,285.6904266389178,10
194,Isaiah Joe,Oklahoma City Thunder,SG,78,188,27,58,462.1,7,8,275.0,17,42,383.1,6,21,27,19,8,8,8,4,46,124,105,97,46,185.8434971621785,11.908585919574932,43.47916918246588,12.313609467455622,354.9998792416375,245.22485207100593,282.1715976331361,68.83468180171477,10
195,Isaiah Mobley,Cleveland Cavaliers,F,16,48,7,15,120.8,0,1,0.0,2,7,58.3,2,5,7,2,2,1,1,0,-10,25,23,18,9,66.50692520775623,14.0,1.6121883656509695,1.1551246537396125,109.0,107.34903047091412,65.0,18.77008310249307,3
196,Isaiah Stewart,Detroit Pistons,C,106,319,40,71,587.7,10,12,516.7,16,38,409.0,10,48,58,12,11,4,10,10,-48,176,164,118,70,131.47520661157026,49.603305785123965,9.603305785123966,12.764462809917354,245.47520661157023,193.27685950413223,178.88016528925618,64.0,10
197,Ish Smith,Charlotte Hornets,PG,18,181,8,34,236.0,0,0,0.0,2,2,200.0,1,19,20,41,16,5,6,1,-90,79,38,59,61,54.36000000000001,24.0,78.09,1.5600000000000003,170.49,69.16000000000001,134.09,123.69,9
198,Ish Wainright,Phoenix Suns,F,3,11,1,6,16.7,0,0,0.0,1,4,25.0,3,2,5,1,1,1,1,0,-3,9,8,4,6,6.890625,19.140625,0.765625,0.765625,62.015625,49.0,12.25,27.5625,1
199,Ivica Zubac,LA Clippers,C,146,281,63,102,657.9,20,23,500.0,0,0,0.0,26,76,102,13,23,5,10,13,30,261,248,159,115,282.5,174.8526077097506,8.332199546485262,0.0,751.7437641723357,724.5907029478459,277.7845804988662,215.05328798185943,10
200,JD Davison,Boston Celtics,SG,8,27,3,9,42.9,1,2,50.0,1,4,33.3,1,6,7,9,3,1,2,1,15,24,15,17,16,23.397959183673464,8.5,26.469387755102034,0.5,151.0204081632653,51.04081632653061,97.23469387755101,61.11224489795917,2
201,JT Thor,Charlotte Hornets,F,53,151,22,34,504.4,3,5,200.0,6,16,200.0,2,24,26,10,13,3,2,6,6,89,79,63,36,334.4361111111111,81.77777777777777,15.111111111111112,10.8,896.5250000000001,727.3027777777777,454.7694444444445,145.77777777777777,10
202,JaVale McGee,Sacramento Kings,C,32,57,15,26,412.1,1,5,50.0,1,3,100.0,8,14,22,3,7,2,3,0,-5,57,54,35,25,116.88581314878891,39.121107266435985,4.03114186851211,0.9100346020761246,298.0865051903114,258.0138408304498,143.5847750865052,56.525951557093435,8
203,Jabari Smith Jr.,Houston Rockets,PF,164,341,59,126,480.9,20,26,658.3,26,67,412.2,11,52,63,26,20,4,7,13,-63,253,227,190,89,459.05164954029203,44.17766360194699,19.526500811249324,17.336127636560303,586.2955651703624,524.3564088696593,520.2866414277988,64.40832882639265,10
204,Jabari Walker,Portland Trail Blazers,F,102,313,35,94,399.4,24,33,570.9,8,24,283.3,28,77,105,14,26,2,8,1,-100,221,207,116,119,265.8241121780216,428.75308641975306,24.53467459228776,7.718030787989636,1260.7655845145555,1141.9654016156073,365.8533760097546,472.0586800792562,10
205,Jack White,Memphis Grizzlies,F,6,64,2,16,28.6,0,0,0.0,2,10,40.0,4,8,12,1,3,4,2,1,-28,19,18,7,13,27.4792899408284,4.023668639053255,0.7514792899408284,3.0532544378698225,19.0,19.289940828402365,25.17751479289941,6.78698224852071,4
206,Jacob Gilyard,Brooklyn Nets,G,0,34,0,6,0.0,0,0,0.0,0,6,0.0,1,2,3,3,4,2,1,0,-23,6,3,3,6,25.579199999999997,6.0767999999999995,10.068800000000001,2.3232,72.08000000000001,28.8528,64.3808,20.5712,3
207,Jacob Gilyard,Memphis Grizzlies,G,61,171,21,45,298.5,1,1,100.0,18,39,281.8,1,11,12,34,8,8,11,2,-52,107,73,95,46,408.4448,12.779200000000001,39.267199999999995,35.7408,766.12,519.0032,630.9952000000001,76.6128,7
208,Jacob Toppin,New York Knicks,F,13,29,5,9,107.1,2,2,100.0,1,4,33.3,3,3,6,1,3,0,1,0,-18,20,19,14,7,78.05555555555556,8.722222222222221,0.5555555555555556,0.7222222222222223,130.22222222222223,136.55555555555554,72.5,8.5,2
209,Jaden Hardy,Dallas Mavericks,G,69,143,25,63,398.9,10,12,233.3,9,26,231.6,5,20,25,16,18,4,14,0,-50,110,94,85,41,420.3646638905414,44.5,22.839976204640095,7.107079119571684,784.0062462819751,687.2792980368829,496.8964901844141,87.5350981558596,10
210,Jaden Ivey,Detroit Pistons,PG,158,304,56,151,370.0,23,33,629.9,23,62,335.1,7,26,33,48,16,7,23,3,-57,239,191,206,81,534.6665598461785,30.40073706136837,50.482294504085885,41.242268867168725,663.8764621054319,611.1345938150937,571.7849703573145,96.5064893446563,10
211,Jaden McDaniels,Minnesota Timberwolves,PF,85,298,34,77,446.1,10,12,500.0,7,32,166.7,7,27,34,16,23,8,13,8,5,135,119,101,50,85.88199445983383,33.606648199445985,9.149030470914127,10.294182825484764,157.52742382271467,156.41828254847644,85.69252077562328,44.054293628808864,10
212,Jaden Springer,Boston Celtics,G,60,180,22,48,465.0,14,15,575.0,2,15,150.0,12,19,31,17,19,15,9,5,17,108,91,77,48,199.07958477508652,56.955401768550566,39.21837754709727,1.6001537870049982,709.9307958477508,447.44444444444434,375.34525182622065,182.39446366782008,10
213,Jae Crowder,Milwaukee Bucks,PF,51,194,17,54,313.8,8,10,230.0,9,33,235.0,11,18,29,10,5,3,3,3,-7,90,80,61,39,129.60743801652893,15.009297520661157,8.25309917355372,5.356404958677685,141.96694214876032,158.45971074380165,113.4473140495868,22.929752066115704,10
214,Jae'Sean Tate,Houston Rockets,SF,39,131,17,32,440.5,3,5,150.0,2,7,133.3,8,19,27,7,15,5,14,5,6,73,66,46,34,92.96667562483202,21.52512765385649,6.129266326256383,1.6001074979844128,191.7621607094867,145.35608707336738,121.80596613813492,45.221177102929325,10
215,Jahmi'us Ramsey,Toronto Raptors,SG,47,120,18,41,306.3,5,6,175.0,6,22,183.3,4,18,22,8,10,7,7,0,-28,77,69,55,30,69.3801652892562,36.066115702479344,3.072314049586777,3.402892561983472,97.25413223140495,108.65289256198346,77.28719008264463,19.832644628099175,7
216,Jaime Jr. Jaquez,Miami Heat,G,104,291,39,86,430.4,18,25,616.7,8,25,244.89999999999998,9,40,49,27,20,12,9,3,3,180,153,131,76,399.9229968782518,41.14984391259105,22.292403746097815,7.839750260145682,373.75650364203955,369.74921956295526,390.9687825182102,76.40374609781477,10
217,Jake LaRavia,Memphis Grizzlies,F,175,321,54,122,415.7,38,45,668.9,29,67,406.0,14,27,41,25,22,10,25,4,5,241,216,200,66,1008.4555765595462,31.064272211720226,25.071833648393195,69.1722327242176,1423.5066162570888,1236.0,1199.187145557656,52.91115311909263,10
218,Jakob Poeltl,Toronto Raptors,C,122,251,55,101,543.9,12,20,491.7,0,0,0.0,39,53,92,31,28,10,11,19,35,245,214,153,123,161.8469387755102,127.67346938775509,30.387755102040813,0.0,516.704081632653,398.98979591836735,256.6224489795918,181.0,10
219,Jalen Brunson,New York Knicks,PG,328,370,114,245,464.2,72,86,820.8,28,73,343.8,8,28,36,80,18,9,26,0,79,444,364,408,116,613.4777777777778,42.5,83.5604938271605,43.61975308641975,682.5530864197531,653.5111111111112,662.5641975308642,106.01604938271605,10
220,Jalen Duren,Detroit Pistons,C,124,254,46,88,476.9,32,37,802.3,0,1,0.0,21,75,96,14,23,8,22,5,-68,234,220,138,110,327.6291257243638,192.8989669942051,16.790123456790123,0.0,984.3456790123457,904.0,376.7755102040817,240.8883849836231,10
221,Jalen Green,Houston Rockets,SG,183,327,64,164,366.5,31,40,644.6,24,85,265.1,6,52,58,46,18,9,32,2,-67,287,241,229,104,1092.9674060660932,51.67315527387958,51.89950203712087,28.485287460389316,1641.239022181983,1512.8469895880487,1216.4857401539157,108.44635581711181,10
222,Jalen HoodSchifino,Los Angeles Lakers,G,5,11,1,6,33.3,2,4,100.0,1,3,50.0,0,2,2,0,1,0,1,0,-13,7,7,5,2,9.0,0.9799999999999999,0.020000000000000004,0.8200000000000001,13.32,14.180000000000001,8.42,0.72,2
223,Jalen Johnson,Atlanta Hawks,SF,177,316,70,142,520.2,19,26,379.0,18,43,494.9,12,75,87,49,16,13,20,5,21,313,264,226,136,616.676,158.356,67.604,11.636,1274.2440000000001,838.0,943.1840000000001,335.69599999999997,10
224,Jalen McDaniels,Toronto Raptors,PF,45,155,18,52,261.5,9,11,425.0,0,10,0.0,5,14,19,14,14,2,8,2,-104,78,64,59,33,136.1634349030471,54.933518005540165,24.904278239458293,0.11080332409972297,433.48045552477686,334.797783933518,205.78608802708524,108.89781471221914,10
225,Jalen Pickett,Denver Nuggets,G,2,7,1,3,33.3,0,0,0.0,0,2,0.0,0,0,0,2,0,0,0,0,-1,4,2,4,2,0.8212890625,0.1650390625,1.0634765625,0.0625,2.3447265625,0.25,3.75390625,0.390625,1
226,Jalen Slawson,Sacramento Kings,F,2,8,1,2,50.0,0,0,0.0,0,1,0.0,1,1,2,0,2,1,0,0,3,4,4,2,2,2.1360946745562135,2.609467455621302,0.0,0.0,9.467455621301774,9.467455621301774,2.1360946745562135,2.609467455621302,1
227,Jalen Smith,Indiana Pacers,PF,82,154,32,64,475.8,13,16,327.4,5,17,283.3,28,32,60,8,18,5,8,7,5,150,142,90,68,187.64444444444445,60.98844444444445,7.6160000000000005,5.567111111111111,343.936,345.904,198.11377777777778,56.16711111111112,10
228,Jalen Suggs,Orlando Magic,SG,140,288,48,95,521.2,27,36,683.4,17,46,352.6,8,19,27,34,29,13,11,9,10,201,167,174,61,325.5363511659808,12.57750342935528,34.429507696997405,12.556165218716659,409.0417619265356,364.8079561042524,373.13275415333027,43.64441396128639,10
229,Jalen Williams,Oklahoma City Thunder,F,182,305,75,144,530.6,20,26,566.7,12,39,283.3,9,31,40,48,19,14,18,7,50,270,222,230,88,534.0941828254848,48.02770083102493,53.625,9.766274238227147,861.6610110803324,564.6149584487534,831.0876038781164,101.70533240997229,10
230,Jalen Wilson,Brooklyn Nets,F,53,188,19,46,530.2,9,14,350.0,6,21,250.0,11,29,40,7,12,4,5,3,5,100,93,60,47,138.2227903579255,59.53542731921111,11.0,4.421110299488678,315.6435354273192,263.07596785975164,180.35792549306063,80.96785975164353,10
231,Jamal Cain,Miami Heat,F,12,37,3,9,125.0,4,4,200.0,2,4,150.0,2,3,5,6,5,1,3,1,11,23,17,18,11,14.7025,4.5725,7.402499999999999,1.1225,50.97249999999999,29.240000000000006,37.25,11.16,4
232,Jamal Murray,Denver Nuggets,PG,221,303,83,178,472.7,27,29,750.0,28,59,496.2,10,40,50,64,16,14,21,8,82,335,271,285,114,316.2960760998811,45.18906064209275,60.5808561236623,18.05707491082045,228.79013079667067,293.50416171224737,232.50951248513672,124.84244946492271,10
233,Jamaree Bouyea,San Antonio Spurs,G,7,34,3,5,150.0,0,0,0.0,1,1,100.0,1,8,9,3,5,1,1,0,8,19,16,10,12,4.5041322314049586,32.1404958677686,1.1983471074380163,0.6033057851239669,73.0,57.289256198347104,8.595041322314051,44.958677685950406,2
234,James Bouknight,Charlotte Hornets,SG,10,13,4,10,83.3,0,0,0.0,2,7,58.3,0,0,0,0,0,1,1,0,13,10,10,10,0,18.0,0.0,0.0,0.72,18.0,18.0,18.0,0.0,2
235,James Harden,LA Clippers,SG,137,323,39,109,348.2,39,45,832.4,20,66,249.39999999999998,4,46,50,84,10,10,21,3,-15,271,187,221,134,554.7421124828533,74.87791495198903,127.11172077427221,32.49382716049383,881.4706599603719,631.1289437585734,717.0161560737693,290.05730833714375,10
236,James Johnson,Indiana Pacers,PF,4,19,1,5,33.3,2,2,100.0,0,1,0.0,0,0,0,3,5,0,2,1,4,7,4,7,3,3.171597633136095,0.0,0.28402366863905326,0.0,4.213017751479289,3.171597633136095,4.213017751479289,0.28402366863905326,3
237,James Wiseman,Detroit Pistons,C,75,239,28,60,399.6,19,25,358.9,0,0,0.0,18,50,68,9,23,3,12,6,-72,152,143,84,77,381.66431661592696,177.6369171607114,9.255728248678096,0.0,1049.9202050953372,992.8932863323184,418.8620413395289,206.7218394488063,10
238,Jamie Jr. Jaquez,Miami Heat,G,115,241,44,86,512.6,17,19,516.7,10,24,400.0,10,27,37,33,20,8,11,5,105,185,152,148,70,444.3388429752066,27.013223140495867,68.97685950413224,8.74380165289256,982.7487603305785,596.8396694214877,790.2578512396694,135.9801652892562,10
239,Jarace Walker,Indiana Pacers,F,46,152,17,41,442.2,2,2,100.0,10,21,366.7,4,28,32,19,10,6,7,5,34,97,78,65,51,145.8564049586777,59.32747933884298,60.88429752066114,10.277892561983471,549.2768595041323,356.5826446280991,275.6373966942149,183.125,10
240,Jared Butler,Washington Wizards,SG,96,215,37,69,511.8,12,14,450.0,10,25,386.7,3,23,26,43,23,12,17,3,-17,165,122,139,69,351.46420745069395,18.952885317750184,72.18444119795471,10.730460189919649,541.9273192111029,318.04236669101533,599.381300219138,67.10518626734843,10
241,Jared Rhoden,Detroit Pistons,G,68,201,27,54,450.8,3,6,150.0,11,27,383.3,1,26,27,10,24,3,4,11,-57,105,95,78,37,197.7668054729328,20.914336704342656,10.095181439619274,13.290303390838787,323.24866151100537,316.2742415229031,212.18441403926238,23.566329565734684,10
242,Jaren Jackson Jr.,Memphis Grizzlies,PF,223,328,81,183,426.2,46,59,770.4,15,49,319.6,15,33,48,34,37,17,27,17,-129,305,271,257,82,1094.8353151010701,51.54815695600475,26.404280618311535,10.5,1277.910225921522,1216.8281807372177,1154.5,79.36979785969085,10
243,Jarred Vanderbilt,Los Angeles Lakers,PF,68,142,26,42,412.7,13,17,375.0,3,5,166.7,12,22,34,12,8,16,11,2,23,114,102,80,46,111.33333333333334,59.333333333333336,18.0,3.5,362.0,274.0,157.33333333333334,119.33333333333334,6
244,Jarrett Allen,Cleveland Cavaliers,C,177,322,77,118,666.1,23,32,637.5,0,1,0.0,28,74,102,28,13,7,12,5,5,307,279,205,130,220.14444444444445,152.0456790123457,19.956790123456788,0.0,436.11975308641973,377.1086419753087,269.1530864197531,182.00493827160494,10
245,Jason Preston,Utah Jazz,G,12,66,6,19,133.29999999999998,0,0,0.0,0,3,0.0,5,11,16,16,3,1,1,1,16,44,28,28,32,20.733727810650883,23.81804733727811,20.741124260355026,0.0,145.88757396449702,68.05473372781066,76.12573964497041,67.0,5
246,Javon Freeman-Liberty,Toronto Raptors,G,88,218,32,71,407.0,16,17,650.0,8,25,225.0,11,31,42,20,15,6,17,2,-132,150,130,108,62,415.291015625,52.556640625,32.15625,8.697265625,786.5,688.40625,518.744140625,79.353515625,10
247,Javonte Green,Chicago Bulls,G,125,238,51,82,621.4,13,17,525.0,10,28,329.6,22,47,69,11,17,13,6,7,14,205,194,136,80,464.6094674556213,120.92373438527285,17.0,8.006574621959237,787.9375410913873,809.2965154503617,465.14792899408286,116.02629848783695,10
248,Jaxson Hayes,Los Angeles Lakers,C,64,169,28,34,767.9,8,12,360.0,0,0,0.0,12,29,41,8,21,8,9,6,-17,113,105,72,49,355.0698961937717,96.29134948096886,8.15363321799308,0.0,772.1778546712802,773.5467128027682,360.04152249134944,98.1044982698962,10
249,Jay Huff,Denver Nuggets,C,3,5,1,2,50.0,0,0,0.0,1,2,50.0,0,0,0,0,2,0,0,0,-3,3,3,3,0,4.7707756232686975,0.11703601108033242,0.011080332409972297,0.8483379501385041,3.0166204986149587,3.3933518005540164,4.32202216066482,0.20013850415512466,1
250,Jaylen Brown,Boston Celtics,SG,208,343,82,172,474.9,24,36,560.5,20,56,364.4,16,39,55,26,25,16,27,9,6,289,263,234,81,350.2177535191037,76.87991956334386,30.28267739155415,14.103418557885666,337.43435794311983,355.1453605285837,300.81528296466524,138.85406492387247,10
251,Jaylen Nowell,Detroit Pistons,SG,30,57,12,23,193.1,4,6,150.0,2,6,66.7,3,7,10,3,2,1,2,2,-31,43,40,33,13,83.4792899408284,5.005917159763314,2.78698224852071,3.0059171597633134,135.67455621301775,126.59171597633136,93.53254437869822,6.822485207100591,4
252,Jaylin Williams,Oklahoma City Thunder,F,64,154,22,45,550.0,10,13,258.3,10,26,440.0,7,33,40,31,13,5,7,3,7,135,104,95,71,72.30809882415113,76.82573655700885,106.67234773417887,8.258950984277977,394.77777777777777,192.61487646981107,223.4042806183116,234.56480380499406,10
253,Jayson Tatum,Boston Celtics,SF,246,363,82,184,441.9,60,69,708.1,22,72,303.7,12,62,74,56,18,10,27,5,9,376,320,302,130,353.31699710403217,96.48563154377366,34.73156605034529,18.486522610826466,593.6867899309423,592.8367119625751,353.3040766317666,132.08019603475162,10
254,Jeenathan Williams,Houston Rockets,G,31,57,15,24,350.1,0,5,0.0,1,1,100.0,4,7,11,1,5,2,2,1,24,43,42,32,12,148.76275992438562,10.175803402646505,0.8345935727788281,0.895085066162571,209.79017013232516,218.37712665406426,143.7126654064272,7.473534971644613,6
255,Jeff Dowtin,Philadelphia 76ers,G,52,135,20,36,424.2,3,4,200.0,9,19,283.4,3,17,20,26,1,7,4,1,29,98,72,78,46,209.4948096885813,24.008650519031143,46.75432525951557,9.083044982698961,473.1297577854671,275.2474048442907,401.4878892733565,76.6522491349481,10
256,Jeff Green,Houston Rockets,PF,74,170,24,59,392.1,15,17,575.0,11,36,282.5,9,18,27,12,7,4,2,1,-25,113,101,86,39,83.78189981096408,38.168241965973536,15.957703213610586,9.158790170132326,208.80340264650283,182.96431947069942,106.73345935727788,57.01346880907372,10
257,Jerami Grant,Portland Trail Blazers,SF,169,342,56,142,386.6,38,46,711.3,19,49,402.0,6,19,25,35,18,14,28,2,-77,229,194,204,60,473.98961937716257,45.9204152249135,32.71626297577855,5.083044982698962,888.6262975778548,739.6678200692041,583.0934256055364,118.49134948096886,10
258,Jeremiah Robinson-Earl,New Orleans Pelicans,F,31,111,12,31,302.9,4,7,80.0,3,15,150.0,10,16,26,11,7,3,5,1,37,68,57,42,37,97.04400510204083,47.707270408163275,32.38775510204081,2.40625,302.05102040816325,196.98979591836732,164.40625,117.79400510204083,10
259,Jeremy Sochan,San Antonio Spurs,F,126,301,51,121,422.6,14,19,516.7,10,44,192.79999999999998,21,59,80,33,16,14,20,10,-20,239,206,159,113,549.0972944849116,204.3746097814776,41.58480749219564,10.166493236212277,1143.8839750260145,1165.4823100936524,519.2138397502601,254.24453694068677,10
260,Jericho Sims,New York Knicks,C,13,151,5,10,266.7,3,4,150.0,0,0,0.0,15,24,39,5,13,4,5,4,13,57,52,18,44,24.85332729741965,81.70076957899502,4.754640108646447,0.0,178.32820280669986,163.60072430964237,33.483929379809865,92.55228610230874,10
261,Jerome Robinson,Golden State Warriors,SG,15,22,6,12,140.0,2,3,150.0,1,6,16.7,0,0,0,1,1,1,0,1,5,16,15,16,1,83.41322314049587,0.18365472910927458,0.7869605142332414,0.8861340679522498,90.72910927456384,76.37924701561067,98.22222222222224,0.5114784205693297,2
262,Jett Howard,Orlando Magic,G,3,16,1,6,25.0,0,0,0.0,1,6,25.0,0,1,1,2,2,2,0,0,0,6,4,5,3,6.244897959183674,0.6666666666666667,0.727891156462585,0.693877551020408,8.061224489795919,4.91156462585034,8.727891156462585,2.061224489795918,3
263,Jevon Carter,Chicago Bulls,PG,56,158,22,56,313.0,0,0,0.0,12,38,281.7,4,9,13,21,8,5,6,3,40,90,69,77,34,372.7185491276401,10.827364554637281,122.54775022956842,14.8356290174472,953.2598714416895,438.0041322314049,854.5206611570248,166.82874196510556,10
264,Jimmy Butler,Miami Heat,SF,188,355,58,126,493.5,60,69,767.2,12,30,358.2,14,36,50,54,10,12,17,0,18,292,238,242,104,208.40277777777777,28.007716049382715,38.43402777777778,5.8086419753086425,492.9648919753086,316.5679012345679,348.76736111111114,102.4741512345679,10
265,Jock Landale,Houston Rockets,C,90,224,36,65,573.6,15,19,600.0,3,12,183.3,16,19,35,19,18,8,10,6,17,144,125,109,54,234.84505137912384,41.15332612222823,18.974040021633318,2.1043807463493778,341.46349378042186,256.59004867495946,322.31936181719846,57.52650081124933,10
266,Joe Harris,Detroit Pistons,SF,2,12,1,3,33.3,0,0,0.0,0,1,0.0,0,0,0,0,1,0,0,0,-5,2,2,2,0,0.0,0.0,0.0,0.0,0.0,0.0,0.0,0.0,1
267,Joe Ingles,Orlando Magic,SG,40,164,12,25,416.6,6,9,316.7,10,20,358.3,1,21,22,27,9,6,13,1,15,89,62,67,49,130.4591836734694,18.049036281179138,22.1734693877551,12.02267573696145,160.05924036281178,123.41638321995465,172.26530612244898,35.05924036281179,10
268,Joel Embiid,Philadelphia 76ers,C,249,289,78,174,408.6,72,83,787.5,21,49,409.8,14,69,83,42,26,12,39,6,4,374,332,291,125,358.795918367347,108.21088435374149,50.183673469387756,12.081632653061225,728.6598639455783,539.0204081632653,517.795918367347,189.0340136054422,9
269,John Collins,Utah Jazz,PF,193,271,68,119,570.0,39,48,752.5,18,34,508.9,22,58,80,7,25,7,12,7,-49,280,273,200,87,362.38775510204084,95.36033163265307,7.3501275510204085,12.044005102040817,700.0510204081634,672.8960459183673,372.3654336734694,119.88775510204083,10
270,John Konchar,Memphis Grizzlies,SG,57,299,19,46,385.8,8,9,266.7,11,29,391.6,19,45,64,29,20,13,17,9,-3,150,121,86,93,131.325,70.55625,15.0,7.125,291.05625,223.40625,166.425,118.10624999999999,10
271,Johnny Davis,Washington Wizards,G,51,175,19,33,454.2,5,9,160.0,8,13,330.0,2,15,17,13,19,3,5,3,-65,81,68,64,30,227.83906249999998,20.1765625,12.725,17.00625,348.65625,298.60625000000005,285.6515625,25.1390625,10
272,Johnny Juzang,Utah Jazz,G,94,242,32,67,449.9,10,14,466.7,20,45,433.5,5,16,21,19,19,4,9,2,-8,134,115,113,40,482.00229568411385,34.9485766758494,11.224058769513315,32.0,504.17860422405886,493.19421487603313,477.87006427915514,61.2892561983471,10
273,Jonas Valanciunas,New Orleans Pelicans,C,120,224,48,92,501.8,24,32,676.7,0,9,0.0,26,62,88,25,24,5,15,2,-30,233,208,145,113,468.28466483011937,219.16294255688197,43.01203958779716,0.22956841138659323,1185.8246097337005,888.8831751862056,735.4222018161411,291.97887970615244,10
274,Jonathan Isaac,Orlando Magic,PF,61,199,22,51,372.5,8,11,450.0,9,25,278.6,13,39,52,8,14,11,3,15,-31,121,113,69,60,169.88979591836735,60.33673469387755,3.651020408163265,7.030612244897958,391.8,344.9081632653061,199.5938775510204,81.17551020408163,10
275,Jonathan Kuminga,Golden State Warriors,PF,149,279,61,120,474.3,22,29,633.4,5,19,200.0,11,42,53,29,26,10,14,6,-9,231,202,178,82,565.0667438271606,88.21141975308642,28.91975308641975,4.934027777777778,749.4340277777778,839.5389660493828,498.4556327160493,93.63734567901234,10
276,Jontay Porter,Toronto Raptors,C,49,159,18,41,352.3,4,6,150.0,9,26,230.4,10,23,33,32,11,10,13,9,-28,114,82,81,65,215.4023668639053,32.251479289940825,58.16863905325444,15.943786982248522,472.0,275.0917159763314,386.0976331360947,116.63313609467455,10
277,Jordan Clarkson,Utah Jazz,PG,161,328,58,144,353.7,31,35,737.9,14,53,206.6,7,29,36,63,18,10,23,0,-70,260,197,224,99,1014.8698224852071,104.98224852071006,74.72485207100591,21.005917159763314,1435.3639053254435,1403.248520710059,1032.630177514793,194.0621301775148,10
278,Jordan Goodwin,Memphis Grizzlies,G,117,294,45,122,367.9,14,18,383.3,13,38,284.4,35,63,98,42,22,14,15,1,-23,257,215,159,140,367.1384083044983,298.083044982699,27.66782006920415,24.78008458285275,894.1418685121108,866.9031141868512,351.0,369.1280276816609,10
279,Jordan Hawkins,New Orleans Pelicans,G,24,94,8,31,291.7,3,5,116.7,5,19,166.7,2,8,10,5,5,2,1,1,16,39,34,29,15,44.93987889273356,8.01946366782007,4.508650519031142,6.63840830449827,55.15224913494809,74.75432525951558,29.311851211072664,8.554065743944637,10
280,Jordan McLaughlin,Minnesota Timberwolves,PG,41,147,15,28,465.5,5,6,250.0,6,16,241.7,3,10,13,26,6,5,4,0,79,80,54,67,39,111.49382716049382,16.811111111111114,59.6641975308642,12.577777777777778,305.4679012345679,163.31975308641975,241.13827160493827,88.97901234567901,10
281,Jordan Miller,LA Clippers,G,4,5,1,1,100.0,2,2,100.0,0,0,0.0,0,1,1,0,0,0,0,0,3,5,5,4,1,9.679012345679013,0.44444444444444453,0.0,0.0,14.271604938271604,14.271604938271604,9.679012345679013,0.44444444444444453,1
282,Jordan Nwora,Toronto Raptors,SF,86,201,33,73,507.4,9,13,333.3,11,31,326.9,9,33,42,20,6,6,19,6,-104,148,128,106,62,242.1617777777778,97.8151111111111,20.56711111111111,6.936,649.6160000000001,475.77777777777777,350.51377777777776,183.86844444444444,10
283,Jordan Poole,Washington Wizards,SG,226,360,83,191,425.3,26,27,850.0,34,100,326.6,6,33,39,84,26,11,31,1,-62,349,265,310,123,723.1442743764172,21.766723356009066,130.1734693877551,24.096655328798185,1152.6224489795916,875.204081632653,941.266723356009,211.23611111111114,10
284,Jordan Walsh,Boston Celtics,G,11,70,4,11,175.0,1,2,50.0,2,7,66.7,4,9,13,2,10,5,3,1,37,26,24,13,15,45.25,14.400000000000002,1.65,3.4000000000000004,55.99999999999999,62.85,43.2,11.25,5
285,Jose Alvarado,New Orleans Pelicans,PG,82,225,30,71,401.6,4,5,250.0,18,48,387.5,7,21,28,26,18,8,4,2,49,136,110,108,54,177.3327078251079,40.045036592231185,46.61887783824358,23.732407581159695,419.80634265340586,290.75548883467815,269.35935447551134,123.68812159879903,10
286,Josh Giddey,Oklahoma City Thunder,SG,134,273,54,110,467.0,19,24,633.3,7,25,308.3,11,67,78,72,15,5,31,7,90,284,212,206,150,471.2280245746692,130.08317580340267,185.9047731568998,6.776937618147448,1627.0179584120983,929.7440926275992,919.7022684310018,564.7875708884687,10
287,Josh Green,Dallas Mavericks,SG,54,216,20,49,382.0,10,11,280.0,4,20,183.3,8,22,30,14,13,9,8,3,-32,98,84,68,44,109.55625000000002,24.1,13.299999999999999,6.0,163.35624999999996,165.90625,112.40624999999999,32.0,10
288,Josh Hart,New York Knicks,SG,132,373,49,93,464.40000000000003,25,29,638.3,9,21,291.7,17,78,95,49,31,12,18,0,45,276,227,181,144,857.088218291132,206.41079893629322,84.77777777777779,15.008787143022314,1679.6862064978611,1459.5535900104057,980.4323043126374,387.9771071800208,10
289,Josh Minott,Minnesota Timberwolves,F,4,17,2,4,100.0,0,0,0.0,0,0,0.0,0,5,5,2,3,1,0,0,18,11,9,6,7,2.921875,12.32421875,0.9596354166666665,0.25520833333333337,4.463541666666668,3.98046875,6.001302083333333,10.6875,3
290,Josh Okogie,Phoenix Suns,SF,40,130,11,30,290.5,12,13,450.0,6,14,350.0,13,7,20,10,7,6,10,2,-8,70,60,50,30,137.625,13.492768595041325,9.864669421487601,4.6828512396694215,234.7737603305785,208.77685950413223,152.28512396694214,34.69421487603306,10
291,Josh Richardson,Miami Heat,SG,98,211,38,76,433.2,6,6,200.0,16,45,301.7,4,26,30,19,16,5,3,2,3,147,128,117,49,296.8888888888889,20.0,10.88888888888889,27.555555555555557,468.0,427.55555555555554,344.0,24.22222222222222,9
292,Joshua Primo,LA Clippers,G,0,5,0,1,0.0,0,0,0.0,0,0,0.0,1,0,1,0,0,0,1,0,1,1,1,0,1,0.0,0.0,0.0,0.0,0.0,0.0,0.0,0.0,1
293,Jrue Holiday,Boston Celtics,PG,94,302,39,92,434.5,0,0,0.0,16,47,358.3,11,41,52,39,11,8,16,10,44,185,146,133,91,138.12244897959184,61.55102040816327,45.242984693877546,10.89030612244898,402.436862244898,225.3469387755102,284.8246173469388,137.18176020408163,10
294,Jules Bernard,Washington Wizards,G,59,113,23,47,603.7,4,7,250.0,9,19,468.3,8,14,22,12,8,2,6,1,24,93,81,71,34,216.376,16.099999999999998,16.176,7.096000000000001,366.004,282.276,300.50399999999996,31.875999999999998,10
295,Julian Champagnie,San Antonio Spurs,F,128,329,44,94,470.3,19,23,671.7,21,55,400.7,8,38,46,24,12,9,15,7,-33,198,174,152,70,326.0277744233788,37.385822968240554,37.408284023668635,13.117860161816207,629.1926095882139,517.7538944571911,417.8198285231253,94.4407680231856,10
296,Julian Phillips,Chicago Bulls,F,39,132,13,31,272.9,7,8,266.7,6,13,283.4,6,12,18,5,12,5,3,1,-11,62,57,44,23,170.91975308641975,27.290123456790123,6.777777777777779,6.401234567901234,314.4444444444444,289.44444444444446,184.5493827160494,45.43827160493827,10
297,Julian Strawther,Denver Nuggets,G,28,61,9,26,108.0,6,6,300.0,4,18,81.9,1,8,9,8,6,1,6,0,4,45,37,36,17,167.66930445647648,16.73927530195752,10.3981674302374,3.925864223240316,317.6039150354019,249.93960849645984,214.95127030404,47.519783423573514,4
298,Julius Randle,New York Knicks,PF,66,99,23,48,142.2,14,14,300.0,6,11,195.0,8,17,25,18,7,1,10,0,25,109,91,84,43,98.0,2.666666666666667,14.0,2.0,140.66666666666669,120.66666666666666,126.0,8.666666666666668,3
299,Justin Champagnie,Washington Wizards,SF,78,211,27,67,366.2,12,15,400.0,12,39,218.3,19,32,51,17,13,9,8,7,-55,146,129,95,68,314.09599999999995,79.0,12.424,15.924,774.0959999999999,667.416,390.21599999999995,121.98400000000001,10
300,Justin Holiday,Denver Nuggets,SF,45,158,17,42,419.09999999999997,0,0,0.0,11,30,411.6,3,9,12,12,9,7,4,3,15,69,57,57,24,78.5003302946228,5.608931166600608,35.6385255648038,4.90381820583961,140.9143876337693,70.10582639714626,162.14599022327914,28.410358039371122,10
301,Justin Minaya,Portland Trail Blazers,F,36,201,13,40,320.9,2,3,150.0,8,28,213.29999999999998,20,14,34,12,23,3,3,5,-54,82,70,48,46,82.13611111111112,34.86944444444445,11.336111111111112,8.311111111111112,234.06944444444449,168.39999999999998,124.10000000000001,69.91111111111111,10
302,Jusuf Nurkic,Phoenix Suns,C,77,276,28,62,504.6,20,32,519.3,1,4,50.0,26,78,104,51,32,18,24,14,53,232,181,128,155,227.125,305.5612244897959,67.24971655328798,0.9163832199546486,823.7607709750566,747.1862244897959,187.12471655328798,489.3857709750567,10
303,Karl-Anthony Towns,Minnesota Timberwolves,C,177,314,61,140,439.3,38,43,771.7,17,54,313.2,20,59,79,38,33,8,29,8,41,294,256,215,117,303.7899408284024,90.44378698224851,60.5,14.440828402366863,546.0,514.5,341.8284023668639,144.40532544378695,10
304,Kawhi Leonard,LA Clippers,SF,239,347,93,173,538.7,37,43,815.0,16,45,350.8,14,45,59,28,12,13,23,11,38,326,298,267,87,125.67722681359045,60.90449954086318,8.631772268135904,8.466942148760332,202.40449954086316,148.5,148.1179981634527,101.0,10
305,Keegan Murray,Sacramento Kings,SF,178,371,64,158,398.2,14,15,650.0,36,96,359.0,25,42,67,17,18,11,10,9,31,262,245,195,84,409.6994367095334,73.05590392177703,22.342331809969178,40.57115527686257,433.04325645658406,497.5165267297269,317.62280794983525,123.00159421830162,10
306,Keita Bates-Diop,Brooklyn Nets,SF,35,85,12,20,615.0,6,6,300.0,5,11,350.0,3,10,13,5,1,2,5,4,-13,53,48,40,18,52.10000000000001,16.81111111111111,4.677777777777777,5.4,94.5,87.3777777777778,51.511111111111106,29.2,10
307,Keldon Johnson,San Antonio Spurs,SF,145,293,49,104,463.8,27,32,684.2,20,55,368.5,15,44,59,18,17,4,11,2,-15,222,204,163,77,291.739919975377,55.21606648199445,22.15266235764851,24.603262542320714,379.4958448753462,409.48045552477686,289.8919667590028,49.232071406586634,10
308,Kelly Olynyk,Toronto Raptors,PF,143,297,51,88,584.8,34,38,823.3,7,24,281.6,17,52,69,61,35,12,29,5,-41,273,212,204,130,218.125,48.48337950138503,104.7950138504155,4.1582409972299175,358.2635041551246,247.55574792243758,359.1568559556787,122.95429362880883,10
309,Kelly Oubre Jr.,Philadelphia 76ers,SG,185,349,64,138,448.2,36,45,659.9,21,54,341.8,14,48,62,19,26,15,18,12,87,266,247,204,81,541.3207821376668,43.44801162637072,33.466111771700355,30.033425815827723,907.5827718324746,717.7123794424626,714.836834456335,93.26846346941471,10
310,Kendall Brown,Indiana Pacers,SG,7,29,3,6,150.0,1,2,50.0,0,1,0.0,1,1,2,1,5,0,1,0,-8,10,9,8,3,13.477508650519033,1.0865051903114185,0.7923875432525951,0.0,27.885813148788927,22.065743944636676,18.418685121107266,2.7577854671280275,4
311,Kenneth Lofton Jr.,Philadelphia 76ers,F,2,5,1,4,25.0,0,0,0.0,0,2,0.0,0,1,1,0,0,0,0,0,-4,3,3,2,1,108.75510204081633,11.755102040816329,16.576530612244895,0.8622448979591837,321.4336734693877,192.02040816326533,210.25,56.25,1
312,Kenneth Lofton Jr.,Utah Jazz,F,55,90,21,35,236.8,9,11,150.0,4,12,166.7,10,10,20,19,9,3,6,2,-2,94,75,74,39,273.734693877551,65.3061224489796,36.59183673469388,2.020408163265306,797.4489795918367,561.0816326530612,451.0,161.0,4
313,Kenrich Williams,Oklahoma City Thunder,SF,66,166,27,53,520.6,2,2,100.0,10,21,499.9,6,23,29,17,16,3,12,2,-24,112,95,83,46,226.9718469890165,60.81037747759121,45.33682615831335,4.181795227875268,626.6635525817447,430.88890291629843,358.4207802045197,170.47292008584776,10
314,Kentavious Caldwell-Pope,Denver Nuggets,SG,109,308,41,83,461.09999999999997,3,7,150.0,24,55,345.5,3,21,24,22,23,9,7,5,99,155,133,131,46,558.39798553719,14.856404958677688,13.867768595041323,51.82334710743802,670.8876549586777,626.354597107438,591.8318698347107,39.82334710743802,10
315,Kenyon Martin Jr.,Philadelphia 76ers,F,56,177,25,47,495.8,4,8,200.0,2,6,150.0,15,25,40,16,20,2,8,5,24,112,96,72,56,114.11632653061224,129.3795918367347,11.3,1.6000000000000003,439.38775510204084,396.5734693877551,148.70204081632653,148.90816326530611,10
316,Keon Ellis,Sacramento Kings,G,99,272,33,72,375.3,10,11,475.0,23,50,453.2,11,22,33,22,34,13,15,10,-18,154,132,121,55,603.207644628099,41.013688016528924,30.51368801652893,50.31327479338842,1006.707644628099,759.3959194214875,821.5467458677685,100.5,10
317,Keon Johnson,Brooklyn Nets,G,15,36,4,10,123.3,5,6,150.0,2,5,133.3,2,3,5,2,3,2,3,0,-11,22,20,17,7,30.12244897959184,0.6938775510204083,3.1020408163265314,1.1020408163265307,43.55102040816326,23.632653061224485,52.48979591836735,1.346938775510204,3
318,Kessler Edwards,Sacramento Kings,SF,39,93,14,34,376.7,1,4,50.0,10,23,386.7,4,10,14,3,9,5,2,0,-23,56,53,42,17,126.47470739932552,13.637770283673872,2.105732989486213,10.160285657607616,187.0482047212855,179.8101567149375,128.38524102360643,21.071017655227134,10
319,Kevin Durant,Phoenix Suns,PF,242,377,93,189,499.4,32,38,879.5,24,63,428.2,5,51,56,33,19,11,28,5,19,331,298,275,89,245.6487534626039,45.927977839335185,50.428254847645434,8.7202216066482,457.2570637119113,345.45706371191136,340.92132963988917,112.8836565096953,10
320,Kevin Huerter,Sacramento Kings,SG,72,231,29,79,330.1,2,4,100.0,12,45,205.0,6,24,30,25,23,8,11,2,5,127,102,97,55,288.7933884297521,30.44995408631772,4.61248852157943,16.24793388429752,456.10743801652893,441.77777777777777,290.6730945821855,47.51239669421488,10
321,Kevin Knox II,Detroit Pistons,SF,22,89,9,26,148.9,3,3,200.0,1,11,33.3,3,11,14,4,9,2,6,0,21,40,36,26,18,115.33333333333334,19.333333333333336,3.3333333333333335,0.8333333333333335,167.33333333333331,188.0,101.33333333333334,16.0,6
322,Kevin Love,Miami Heat,PF,93,141,31,68,458.5,16,16,400.0,15,40,350.3,12,47,59,13,15,3,12,1,49,165,152,106,72,257.3612494341331,210.22589406971477,18.138071525577182,12.999094612947035,853.8492530556813,769.9936622906292,287.5174287007696,282.0633770937076,10
323,Kevon Looney,Golden State Warriors,F,41,114,16,29,508.4,9,12,450.0,0,0,0.0,16,31,47,9,16,4,5,6,66,97,88,50,56,75.37267780071306,78.68286732970539,4.920435353724901,0.0,199.32126102458247,227.7098892850441,66.04353537249015,64.5438168511916,10
324,Keyontae Johnson,Oklahoma City Thunder,F,5,39,2,8,66.7,0,0,0.0,1,2,100.0,2,4,6,2,4,0,2,0,-15,13,11,7,8,20.0,7.0,1.2653061224489797,0.8163265306122451,29.69387755102041,35.0,17.26530612244898,5.6938775510204085,5
325,Keyonte George,Utah Jazz,G,143,306,48,125,378.1,26,29,646.7,21,68,287.1,1,20,21,41,16,3,39,0,-72,205,164,184,62,392.94444444444446,18.90625,42.259765625,23.556640625,346.6260850694444,417.5173611111111,322.53754340277777,60.681640625,10
326,Khris Middleton,Milwaukee Bucks,SF,158,306,62,121,530.7,17,20,508.3,17,45,488.7,10,54,64,57,30,11,27,1,-11,279,222,215,121,402.0746173469388,43.4795918367347,31.757653061224488,8.100127551020408,625.7786989795918,557.7225765306123,464.40625,80.96173469387756,10
327,Killian Hayes,Detroit Pistons,PG,18,79,7,14,209.6,1,3,33.3,3,6,100.0,0,15,15,20,4,0,5,2,-12,53,33,38,35,27.0,18.75,54.0,2.75,252.75,74.75,153.0,124.75,4
328,Kira Lewis Jr.,Utah Jazz,PG,37,106,15,35,219.4,5,7,225.0,2,11,83.3,3,7,10,14,4,3,6,0,-54,61,47,51,24,181.12618147448012,22.531190926275993,14.956049149338375,1.4612476370510399,420.38563327032136,321.57230623818526,256.17202268431,61.2547258979206,7
329,Klay Thompson,Golden State Warriors,SG,190,302,69,153,435.0,16,16,600.0,36,93,355.6,3,26,29,25,14,9,18,4,41,244,219,215,54,817.3444444444444,32.96049382716049,10.530864197530862,46.99753086419753,1002.9,852.8753086419754,974.2827160493828,36.577777777777776,10
330,Kobe Brown,LA Clippers,G,30,124,14,32,417.5,0,0,0.0,2,11,66.6,14,11,25,10,12,6,4,3,-52,65,55,40,35,94.62516976007244,36.534631054775915,17.279311905839748,1.6038931643277499,328.5613399728384,209.77546401086465,172.22498868266183,95.0,9
331,Kobe Bufkin,Atlanta Hawks,G,63,142,27,71,372.6,3,6,116.7,6,29,151.6,4,20,24,18,17,4,8,4,-43,105,87,81,42,128.86776859504133,8.752984389348027,15.601469237832873,4.429752066115703,159.4132231404959,146.7392102846648,131.89623507805328,34.0,10
332,Kobi Simmons,Toronto Raptors,G,20,67,9,21,183.4,0,0,0.0,2,8,100.0,1,6,7,12,5,6,1,2,-31,39,27,32,19,25.11111111111111,4.111111111111111,22.0,1.1111111111111112,45.0,41.0,30.44444444444445,24.77777777777778,4
333,Kris Dunn,Utah Jazz,G,57,220,23,57,422.1,5,7,130.0,6,21,200.0,9,24,33,34,26,9,8,5,-31,124,90,91,67,86.14792899408283,42.469822485207104,44.409467455621304,6.409467455621302,200.63668639053253,168.15147928994082,96.91479289940828,108.59763313609467,10
334,Kris Murray,Portland Trail Blazers,F,94,348,34,94,348.9,12,15,483.3,14,51,242.1,30,32,62,17,25,8,16,5,-103,173,156,111,79,164.99753086419753,180.51975308641974,20.200000000000003,14.677777777777777,333.95679012345676,386.5345679012346,159.10864197530864,154.0308641975309,10
335,Kristaps Porzingis,Boston Celtics,C,186,303,67,129,526.6,33,39,791.7,19,47,460.2,19,59,78,23,28,13,15,28,60,287,264,209,101,152.0332409972299,77.0360110803324,16.413973530317023,9.0,377.1083410280086,278.8476454293629,217.751000307787,125.99292089873808,10
336,Kyle Anderson,Minnesota Timberwolves,SF,46,183,20,52,329.3,4,7,250.0,2,8,100.0,3,15,18,31,20,11,8,8,-9,95,64,77,49,176.9914933837429,53.895321361058606,75.59758979206049,1.6068052930056709,769.7136105860113,398.0049621928166,433.6732041587902,244.51984877126654,10
337,Kyle Kuzma,Washington Wizards,SF,218,366,85,181,489.6,37,47,775.0,11,43,218.6,3,70,73,51,24,7,36,7,-27,342,291,269,124,513.3879277201077,57.532103037293346,59.63667820069204,16.7439446366782,740.9957708573625,549.878123798539,709.8965782391388,111.77777777777777,10
338,Kyle Lowry,Philadelphia 76ers,PG,93,290,30,58,545.2,13,15,400.0,20,41,543.8,5,23,28,40,29,7,15,4,63,161,121,133,68,411.4359861591696,35.625,92.17517301038062,17.14403114186851,564.5501730103806,463.32569204152253,508.79282006920414,131.66782006920414,10
339,Kyrie Irving,Dallas Mavericks,PG,279,381,100,186,538.7,46,52,740.4,33,75,445.3,9,39,48,46,24,15,23,6,109,373,327,325,94,577.4852071005917,57.75147928994083,84.27087442472057,8.924720578566733,560.4898093359632,695.8639053254437,401.5272846811308,182.60618014464168,10
340,LaMelo Ball,Charlotte Hornets,PG,32,55,12,37,66.1,5,6,150.0,3,17,34.7,1,5,6,15,10,3,7,0,-49,53,38,47,21,2.0,2.0,0.5,0.5,4.5,8.0,0.5,0.5,2
341,Lamar Stevens,Memphis Grizzlies,PF,114,252,42,108,413.9,24,27,583.3,6,27,235.0,13,38,51,12,13,12,6,8,16,177,165,126,63,156.41322314049586,41.26446280991736,9.798553719008265,4.5,248.1745867768595,209.0165289256198,198.50929752066116,48.125,10
342,Landry Shamet,Washington Wizards,SG,55,184,20,55,273.1,7,7,300.0,8,35,104.1,4,10,14,8,12,4,9,2,-68,77,69,63,22,330.90000000000003,22.5,5.700000000000001,15.624999999999998,463.7,413.80000000000007,373.0,35.99999999999999,10
343,Larry Nance Jr.,New Orleans Pelicans,PF,77,224,31,57,497.8,10,13,500.0,5,13,233.3,21,35,56,31,27,9,12,1,1,164,133,108,87,153.69344008264463,95.96384297520662,53.06611570247934,4.604597107438017,543.100464876033,380.4785640495868,274.410382231405,190.93491735537188,10
344,Lauri Markkanen,Utah Jazz,PF,223,347,68,170,401.2,57,60,956.7,30,80,363.3,20,49,69,26,14,11,18,4,-42,318,292,249,95,334.8261504747991,129.06135865595326,45.68298027757487,34.00730460189919,657.4915997078159,517.5704894083273,451.0029218407597,198.48867786705623,10
345,LeBron James,Los Angeles Lakers,SF,276,370,102,175,591.5,53,66,793.8,19,42,366.2,11,64,75,93,6,17,44,5,53,444,351,369,168,474.1130038792377,45.431438691178954,110.10136616630123,66.90487434643279,506.3268679372576,510.9308483724068,440.4376792039129,184.60414909765558,10
346,Leaky Black,Charlotte Hornets,F,42,192,16,32,465.4,4,5,250.0,6,12,250.0,4,27,31,19,8,5,4,6,-11,92,73,61,50,135.65289256198346,30.28925619834711,17.595041322314046,10.400826446280993,250.77685950413223,161.0,203.26446280991735,70.04958677685951,10
347,Leonard Miller,Minnesota Timberwolves,F,7,15,3,6,133.3,0,0,0.0,1,2,100.0,2,2,4,4,0,1,0,0,20,15,11,11,8,15.855597620335315,5.475932936722552,4.469442942130881,0.8399134667387779,34.22498647917794,27.877771768523523,26.453758788534348,5.694429421308816,3
348,Lester Quinones,Golden State Warriors,G,64,149,23,57,369.2,9,13,325.0,9,34,228.6,8,15,23,13,18,1,5,0,-13,100,87,77,36,273.41157024793387,28.943801652892564,17.77355371900827,11.000000000000002,434.29421487603304,406.76198347107436,313.97520661157023,33.68595041322314,10
349,Lindy Waters III,Oklahoma City Thunder,F,67,103,25,48,519.0,2,2,200.0,15,33,366.7,5,9,14,8,5,3,2,2,-24,89,81,75,22,196.0857956568174,17.020291918832324,11.851192595229621,18.814880740477037,280.40192239231044,208.41758632965468,259.68066927732286,37.26094695621217,10
350,Lonnie Walker IV,Brooklyn Nets,G,67,174,27,81,325.7,3,4,150.0,10,45,240.8,4,23,27,12,7,3,5,6,-67,106,94,79,39,266.38271604938274,54.00192901234567,25.808641975308646,12.0,731.6006944444445,518.7519290123457,420.7716049382716,138.2704475308642,10
351,Luguentz Dort,Oklahoma City Thunder,G,119,287,38,88,407.3,22,30,480.0,21,55,376.5,6,23,29,18,21,11,11,4,36,166,148,137,47,323.7383166284265,46.06798695809685,9.627822726723826,11.489795918367347,418.14007970051927,412.2248520710059,332.4140804250694,52.935273517691094,10
352,Luka Doncic,Dallas Mavericks,PG,323,383,108,228,472.7,57,71,800.3,50,123,407.1,10,101,111,94,26,10,45,5,128,528,434,417,205,422.10400000000004,30.7671111111111,63.53600000000001,45.776,461.3084444444445,491.87377777777766,431.464,54.37777777777778,10
353,Luka Garza,Minnesota Timberwolves,C,70,75,26,48,410.8,11,14,366.7,7,21,233.3,13,6,19,2,9,3,3,1,9,91,89,72,21,202.8737997256515,26.82716049382716,1.6896433470507544,5.269890260631002,342.6882716049383,316.00548696845,227.28086419753083,30.792524005486968,7
354,Luka Samanic,Utah Jazz,F,95,208,32,81,337.7,26,34,609.2,5,32,197.6,14,38,52,13,13,3,16,2,-48,160,147,108,65,584.65625,104.15114795918367,11.530612244897958,2.8858418367346936,1255.3188775510203,1040.9413265306123,741.5082908163265,173.20727040816325,10
355,Luke Kennard,Memphis Grizzlies,SG,118,282,40,88,429.0,9,9,500.0,29,64,450.4,2,28,30,53,7,6,24,1,-63,201,148,171,83,483.43673469387755,10.073469387755102,60.68979591836735,26.90204081632653,676.3306122448979,492.7755102040816,657.4081632653061,80.34693877551021,10
356,Luke Kornet,Boston Celtics,C,62,179,27,33,875.0,7,7,300.0,1,1,100.0,19,32,51,16,7,3,2,8,89,129,113,78,67,161.1033601168736,142.17275383491602,28.72790357925493,0.935354273192111,725.662892622352,501.0993425858291,281.57487216946674,274.9926953981008,10
357,M. Pereira,Memphis Grizzlies,F,44,120,16,33,255.6,7,10,225.0,5,13,150.0,10,26,36,2,10,6,5,4,7,82,80,46,38,240.508875739645,107.38856015779093,1.4319526627218937,5.3550295857988175,656.7297830374753,624.319526627219,255.88165680473372,125.85798816568047,6
358,M. Williams,Toronto Raptors,C,17,102,8,31,117.5,0,2,0.0,1,4,100.0,13,23,36,2,15,3,3,3,-50,55,53,19,38,53.7616,116.99839999999999,1.3504,0.8464,310.81759999999997,291.85760000000005,58.03039999999999,133.04000000000002,6
359,Malachi Flynn,Detroit Pistons,PG,120,191,45,98,409.8,17,25,310.0,13,43,282.3,3,19,22,32,13,11,18,1,-50,174,142,152,54,1870.4000000000003,35.94489795918367,53.88775510204082,22.39387755102041,2424.0,2258.2306122448977,2049.202040816326,76.8,10
360,Malaki Branham,San Antonio Spurs,G,123,262,48,106,436.0,5,9,250.0,22,53,417.1,3,15,18,17,14,3,15,1,-22,158,141,140,35,519.5254753955581,19.830454347510525,12.101175787487298,25.616199738713895,628.356800696763,614.0849179851938,526.9644360574829,38.764552184642184,10
361,Malcolm Brogdon,Portland Trail Blazers,PG,102,218,37,83,266.20000000000005,17,19,433.3,11,30,202.89999999999998,7,22,29,40,13,4,17,2,4,171,131,142,69,100.0,28.833333333333336,7.333333333333334,6.833333333333334,113.5,66.83333333333334,151.33333333333331,31.5,6
362,Malik Beasley,Milwaukee Bucks,SG,80,277,30,87,351.1,1,1,100.0,19,66,293.0,1,25,26,13,16,4,5,0,-31,119,106,93,39,231.25776192363583,19.171356850310477,10.186682520808562,17.503897476549078,278.74052054432553,262.4420663231603,262.1364777381424,14.777777777777775,10
363,Malik Monk,Sacramento Kings,SG,157,272,57,138,394.0,31,33,730.0,12,58,166.1,6,27,33,44,31,6,17,2,13,234,190,201,77,653.7845804988663,24.25724363819602,14.982111363063742,11.617031997984379,877.3560090702948,822.5527840765936,694.3827160493827,53.44444444444444,10
364,Mamadi Diakite,New York Knicks,F,0,5,0,0,0.0,0,0,0.0,0,0,0.0,0,1,1,0,1,1,0,0,0,1,1,0,1,0.0,0.4049586776859504,0.0,0.0,0.4049586776859504,0.4049586776859504,0.0,0.4049586776859504,1
365,MarJon Beauchamp,Milwaukee Bucks,F,44,57,16,25,485.0,7,8,175.0,5,10,350.0,2,12,14,2,5,2,3,1,-18,60,58,46,16,56.86167800453515,12.0,1.528344671201814,2.183673469387755,104.0,91.14739229024944,66.0,17.242630385487526,8
366,Marcus Morris Sr.,Cleveland Cavaliers,SF,55,156,21,52,479.5,5,8,250.0,8,24,328.3,5,16,21,10,10,2,11,2,-51,86,76,65,31,81.84023668639053,49.33136094674556,10.299556213017754,4.080621301775148,202.25813609467457,183.20710059171597,97.61020710059171,62.91198224852071,10
367,Marcus Sasser,Detroit Pistons,G,136,309,48,127,343.6,21,23,540.0,19,60,303.9,3,17,20,46,18,9,22,4,-93,202,156,182,66,723.9754017060108,14.285657607617537,22.946637571910337,14.129934536798256,843.8091648482443,686.2824836341996,882.2924023011307,36.44197579845269,10
368,Markelle Fultz,Orlando Magic,PG,79,194,35,77,480.8,6,6,300.0,3,7,166.7,13,19,32,22,16,7,11,4,-36,133,111,101,54,447.4937910883857,30.245434623813,27.632213294375457,4.254565376186998,752.7410518626735,654.8495252008765,520.4737034331629,82.78926223520818,10
369,Markieff Morris,Dallas Mavericks,PF,15,49,5,16,195.3,2,2,100.0,3,10,100.0,0,9,9,3,0,0,2,2,-18,27,24,18,12,33.8704,16.830399999999997,6.7696,2.8944,145.5824,95.4016,66.9856,40.6656,4
370,Marques Bolden,Charlotte Hornets,C,35,112,16,24,376.7,3,4,150.0,0,1,0.0,10,20,30,4,9,3,3,7,-26,69,65,39,34,142.02853745541023,63.56242568370986,5.888228299643282,0.0,440.7253269916765,373.7526753864447,189.5909631391201,88.86087990487513,7
371,Marvin Bagley III,Washington Wizards,PF,134,238,58,89,623.5,12,13,600.0,6,8,450.0,23,49,72,8,11,5,10,9,3,214,206,142,80,341.85484830458057,93.62879238548483,15.875074360499699,4.5258774538964905,424.1273051754908,392.8102320047591,350.1939321832243,132.48185603807258,10
372,Mason Jones,Sacramento Kings,G,7,24,2,7,66.7,1,2,50.0,2,6,66.7,1,4,5,5,2,1,2,0,-5,17,12,12,10,21.787037037037038,12.75,12.75,2.7037037037037037,74.67592592592592,35.48148148148148,35.48148148148148,51.0,3
373,Mason Plumlee,LA Clippers,C,44,151,17,42,384.2,10,12,325.0,0,5,0.0,13,38,51,15,18,4,9,4,1,110,95,59,66,152.61646188400053,164.7777777777778,24.35790725326992,0.0,778.0856123662307,568.8501783590963,254.24270048883602,296.74488043334657,10
374,Matisse Thybulle,Portland Trail Blazers,SG,67,209,25,53,398.9,5,7,200.0,12,31,335.0,7,24,31,20,14,17,12,7,-23,118,98,87,51,338.8434903047091,39.325484764542935,20.249307479224377,12.531855955678669,707.3573407202216,558.770083102493,458.20637119113564,88.79916897506926,10
375,Matt Ryan,New Orleans Pelicans,F,28,83,10,28,233.3,0,0,0.0,8,22,194.4,1,8,9,2,7,0,3,0,-12,39,37,30,11,220.2777777777778,18.386621315192745,1.6383219954648527,20.005668934240365,369.6383219954648,355.55328798185946,232.6938775510204,21.693877551020414,10
376,Matthew Hurt,Memphis Grizzlies,F,32,110,12,33,215.9,3,3,200.0,5,19,233.4,9,7,16,4,8,3,2,3,-7,52,48,36,20,163.8343195266272,34.95857988165681,4.934911242603551,5.335798816568047,360.0,296.6272189349112,213.72781065088756,53.37278106508876,7
377,Max Christie,Los Angeles Lakers,G,39,115,15,31,519.4,3,4,150.0,6,14,250.0,3,17,20,7,4,2,4,1,17,66,59,46,27,156.3390625,37.90625,8.2,6.5265625,411.78906250000006,319.4640625,219.41406250000003,75.35625,10
378,Max Strus,Cleveland Cavaliers,SG,109,316,37,85,450.8,15,18,433.4,20,51,400.7,10,49,59,54,17,10,23,1,9,222,168,163,113,216.44906124961528,116.14989227454602,128.30470914127423,14.997229916897508,564.2603878116344,226.2382271468144,466.5358571868267,332.38996614342875,10
379,Maxi Kleber,Dallas Mavericks,PF,47,191,14,29,523.3,11,14,325.0,8,18,333.3,12,21,33,16,13,4,8,10,73,96,80,63,49,113.40625,32.0140625,10.40625,7.6390625,270.15156249999995,226.2515625,149.125,50.6015625,10
380,Maxwell Lewis,Los Angeles Lakers,F,2,11,1,5,25.0,0,0,0.0,0,2,0.0,1,0,1,2,0,0,0,0,-15,5,3,4,3,2.7573964497041423,0.8579881656804735,3.0680473372781067,0.0,6.7603550295857975,6.65680473372781,3.624260355029586,3.162721893491124,2
381,Micah Potter,Utah Jazz,C,32,138,12,31,307.1,3,5,200.0,5,16,216.7,8,24,32,5,12,4,5,6,-22,69,64,37,37,107.80811609782316,45.73716742811072,8.53292125772642,6.516796560064499,308.30932545014775,255.41144853533996,140.17549045955388,74.80059123891428,10
382,Michael Porter Jr.,Denver Nuggets,SF,157,320,61,140,442.1,11,12,466.7,24,67,374.0,10,59,69,16,18,5,10,7,72,242,226,173,85,104.86450911725635,128.91836734693877,24.40043473010506,6.732761743750755,254.8967516000483,229.88962685665982,104.66598236927909,178.52445356840963,10
383,Mikal Bridges,Brooklyn Nets,SF,138,315,49,118,411.6,10,11,466.7,30,72,425.9,7,24,31,33,10,11,8,4,-33,202,169,171,64,405.80622837370237,54.65813148788928,18.352249134948096,23.00899653979239,654.0013840830451,566.7162629757785,501.28096885813153,64.82076124567473,10
384,Mike Conley,Minnesota Timberwolves,PG,136,285,46,97,466.5,13,13,600.0,31,59,491.7,7,22,29,54,21,14,25,2,-20,219,165,190,83,370.76446280991735,27.37603305785124,68.98037190082644,37.26549586776859,521.125,426.1735537190083,437.86466942148763,124.20764462809919,10
385,Mike Muscala,Oklahoma City Thunder,C,16,96,7,26,306.7,1,3,50.0,1,14,33.3,8,13,21,6,8,3,2,1,38,43,37,22,27,34.25562130177514,29.177514792899412,7.2544378698224845,0.914792899408284,99.06390532544378,83.05917159763314,36.828402366863905,49.86390532544379,10
386,Miles Bridges,Charlotte Hornets,SF,193,366,73,155,472.9,27,31,721.4,20,63,275.2,9,55,64,34,14,6,16,3,-75,291,257,227,98,578.3074717490301,68.311013661663,27.08821049080789,34.13661663012312,1059.5687299713272,850.9669421487603,730.0753921403273,152.23309158374093,10
387,Miles McBride,New York Knicks,PG,121,315,43,100,419.9,11,12,450.0,24,61,340.2,8,18,26,24,22,12,7,1,1,171,147,145,50,596.803405385823,38.86390532544378,14.415650283782153,30.53568409612366,895.9863543050357,826.6377249124502,659.1224489795918,60.30914140804251,10
388,Mitchell Robinson,New York Knicks,C,43,172,15,31,293.3,13,26,429.1,0,0,0.0,36,21,57,4,16,6,2,10,-14,104,100,47,61,208.71860618014463,160.30834976988825,4.485207100591716,0.0,634.1959237343852,612.0539119000657,213.2629848783695,182.39119000657462,10
389,Mo Bamba,Philadelphia 76ers,C,75,191,28,53,507.8,11,15,425.0,8,23,273.3,18,46,64,10,25,7,5,17,-4,149,139,85,74,166.18400000000003,43.681777777777775,12.044444444444443,5.855999999999999,319.80000000000007,300.2444444444444,196.60177777777778,44.864,10
390,Monte Morris,Minnesota Timberwolves,PG,49,136,17,39,364.1,5,6,150.0,10,22,360.0,1,22,23,19,5,5,1,5,47,91,72,68,42,168.91012396694214,21.251291322314053,26.90418388429752,10.082644628099171,335.4917355371901,248.4041838842975,249.6273243801653,54.525826446280995,10
391,Moritz Wagner,Orlando Magic,C,100,148,39,64,670.1,17,20,700.0,5,14,316.7,11,23,34,5,23,5,11,1,5,139,134,105,39,178.06944444444443,32.6000566893424,8.332199546485262,4.505668934240362,354.62244897959187,287.4512471655329,231.43339002267572,54.73951247165533,10
392,Moses Brown,Portland Trail Blazers,C,51,109,21,39,510.4,9,27,240.8,0,0,0.0,19,20,39,4,14,3,7,4,-16,94,90,55,43,103.24852071005918,72.11111111111111,6.401051939513478,0.0,281.23734385272843,267.051939513478,112.75016436554898,83.19592373438527,10
393,Moses Moody,Golden State Warriors,SG,105,216,35,72,523.8,16,21,596.7,19,36,555.0,7,24,31,14,19,5,5,1,49,150,136,119,45,148.45746579417013,19.938429506246283,7.389946460440214,16.890541344437832,240.5484830458061,205.3768590124925,176.96044021415827,33.99702558001189,10
394,Mouhamadou Gueye,Toronto Raptors,F,26,112,11,37,340.5,4,9,225.0,0,3,0.0,11,10,21,5,13,3,11,15,-78,52,47,31,26,13.906509695290858,27.529778393351805,4.25,0.0,63.374653739612185,48.5983379501385,29.603878116343495,30.858725761772856,9
395,Mouhamed Gueye,Atlanta Hawks,F,21,56,7,17,108.9,4,4,100.0,3,6,166.7,8,11,19,4,12,3,0,4,-13,44,40,25,23,131.97577854671283,14.4325259515571,5.847750865051903,2.373702422145329,175.5778546712803,188.07612456747404,110.68858131487889,29.069204152249135,3
396,Moussa Diabate,LA Clippers,F,2,7,1,1,100.0,0,2,0.0,0,0,0.0,1,3,4,0,0,1,0,1,1,6,6,2,4,0.0,0.0,0.0,0.0,0.0,0.0,0.0,0.0,1
397,Myles Turner,Indiana Pacers,C,174,252,61,117,524.9,30,40,775.1,22,54,427.9,9,59,68,13,21,5,12,18,61,255,242,187,81,419.68906250000003,101.90625,26.1015625,12.65625,812.125,814.9140625,411.65625,133.2515625,10
398,Naji Marshall,New Orleans Pelicans,SF,69,211,28,63,405.3,3,4,200.0,10,26,382.1,7,37,44,18,17,8,5,3,66,131,113,87,62,195.2765625,44.30625,13.6140625,12.225,448.125,390.4765625,242.85625,67.9890625,10
399,Nassir Little,Phoenix Suns,SF,22,69,9,21,325.0,0,0,0.0,4,12,250.0,0,11,11,5,7,0,1,2,-14,38,33,27,16,43.35253772290809,16.262002743484228,5.056241426611797,2.5377229080932784,74.66941015089165,63.27846364883402,51.0,25.061728395061728,8
400,Nate Hinton,Houston Rockets,G,14,36,5,10,143.3,2,3,66.7,2,5,66.7,2,9,11,7,5,1,1,2,8,32,25,21,18,78.91836734693878,11.0,11.632653061224492,3.4897959183673466,174.0,114.01360544217688,117.0,44.5374149659864,3
401,Nathan Mensah,Charlotte Hornets,C,4,59,2,5,66.7,0,0,0.0,0,0,0.0,4,6,10,1,13,2,1,4,-17,15,14,5,11,13.75,9.9375,0.859375,0.0,41.359375,44.4375,13.484375,7.984375,7
402,Naz Reid,Minnesota Timberwolves,C,158,263,58,127,437.5,16,25,540.8,26,59,411.6,5,50,55,17,23,13,20,11,-5,230,213,175,72,661.7493827160494,110.01111111111109,10.377777777777778,36.641975308641975,1022.3012345679012,1005.641975308642,682.5197530864198,116.27777777777776,10
403,Neemias Queta,Boston Celtics,C,70,116,33,45,590.1,4,6,175.0,0,0,0.0,19,25,44,10,12,5,7,12,81,124,114,80,54,210.49586776859505,68.82851239669421,19.010330578512395,0.0,562.3471074380166,454.72933884297515,309.2747933884297,96.67768595041323,9
404,Nic Claxton,Brooklyn Nets,C,102,311,46,74,638.1,10,30,330.0,0,0,0.0,31,81,112,22,23,6,21,21,9,236,214,124,134,139.23426306965402,86.15058680079254,15.7290047248895,0.0,325.92196311537873,289.16476146928824,166.45816186556925,111.41289437585733,10
405,Nick Jr. Smith,Charlotte Hornets,G,77,177,26,75,328.9,9,10,187.5,16,40,271.2,2,18,20,17,11,2,7,0,-15,114,97,94,37,623.0548696844992,37.90123456790124,16.679012345679013,39.16598079561042,1065.5363511659807,887.639231824417,768.5322359396434,87.0,10
406,Nick Richards,Charlotte Hornets,C,94,247,39,53,745.5,16,18,575.0,0,0,0.0,18,51,69,8,24,5,10,4,-44,171,163,102,77,62.56850077968366,194.35219425261755,7.615059033192247,0.0,339.3105368678993,373.687458231232,39.42214301626198,190.73668968589885,10
407,Nickeil Alexander-Walker,Minnesota Timberwolves,SG,115,231,42,85,517.1,8,9,350.0,23,53,527.1,3,19,22,23,16,11,9,3,73,160,137,138,45,403.58725761772854,23.62770083102493,18.133518005540164,17.06426592797784,699.3119113573407,561.3590027700831,524.6792243767313,58.622160664819944,10
408,Nicolas Batum,Philadelphia 76ers,PF,74,290,27,59,382.0,0,0,0.0,20,47,329.5,7,34,41,21,12,10,9,5,25,136,115,95,62,498.2598942477168,26.76317897772793,45.20958179778882,46.5008812690274,513.2296106393206,601.8751802595738,399.3332799230893,82.25380547989104,10
409,Nikola Jokic,Denver Nuggets,C,293,362,119,198,605.7,42,57,745.1,13,31,454.2,27,106,133,86,25,20,34,5,125,512,426,379,219,750.4007571660358,107.72796106003246,115.15305570578691,8.288263926446728,933.9751216873988,911.70903190914,718.96106003245,276.5868036776636,10
410,Nikola Jovic,Miami Heat,F,111,233,41,86,488.9,10,10,400.0,19,52,384.1,4,47,51,12,18,3,10,3,-29,174,162,123,63,510.922783933518,34.79501385041551,18.426592797783933,21.022160664819943,587.001731301939,619.6111495844874,486.53497229916894,45.0,10
411,Nikola Vucevic,Chicago Bulls,C,179,332,75,149,475.7,13,18,385.7,16,41,480.0,22,79,101,34,18,7,13,5,-42,314,280,213,135,537.0406427221172,101.46148393194707,32.69494328922495,5.274102079395085,579.4224952741022,553.7516540642722,510.32537807183365,186.54253308128546,10
412,Noah Clowney,Brooklyn Nets,F,89,241,33,60,503.9,14,20,396.4,9,20,283.4,18,37,55,9,19,5,9,14,-52,153,144,98,64,487.61706406205116,102.65642056880208,7.320597529445562,11.471128985923585,918.6529732835392,869.9448434357943,527.7983338121229,118.50387819592069,10
413,Norman Powell,LA Clippers,G,116,277,40,95,436.1,17,21,335.7,19,45,388.0,2,19,21,12,17,5,7,1,78,149,137,128,33,277.34795075054814,19.665204924945183,5.6033057851239665,19.92899308483724,330.6663855624894,330.95918367346945,273.5557429583403,28.767920391297015,10
414,O.G. Anunoby,New York Knicks,SF,113,318,48,107,434.3,1,3,50.0,16,42,375.0,7,33,40,13,23,15,19,8,89,166,153,126,53,342.6188271604938,50.27777777777778,10.753086419753087,14.419753086419753,312.625,327.6558641975309,302.73611111111114,85.88271604938272,10
415,Obi Toppin,Indiana Pacers,PF,112,171,45,74,641.7,9,10,550.0,13,34,359.5,9,32,41,20,16,9,9,9,39,173,153,132,61,335.61168199026497,59.530827474310435,30.385073012439157,14.145484045429962,601.6487290427258,562.2750135208221,404.53217955651706,60.3691184424013,10
416,Ochai Agbaji,Toronto Raptors,G,73,276,29,70,378.4,12,21,441.7,3,23,120.0,19,24,43,20,18,9,13,9,-49,136,116,93,63,168.44489795918366,81.27551020408164,24.35918367346939,2.559183673469388,478.68775510204085,359.1938775510204,238.60816326530613,154.96530612244896,10
417,Olivier Sarr,Oklahoma City Thunder,C,11,22,4,7,125.0,3,5,116.7,0,1,0.0,4,4,8,0,3,0,1,1,-14,19,19,11,8,43.6875,8.75,0.0,0.0,79.1875,79.1875,43.6875,8.75,3
418,OlivierMaxence Prosper,Dallas Mavericks,F,41,102,14,32,235.7,9,14,217.1,4,12,83.3,7,15,22,2,4,3,4,2,-57,65,63,43,24,307.56000000000006,64.24000000000001,1.346938775510204,5.673469387755102,691.8212244897959,639.5600000000002,345.4212244897959,79.98693877551023,6
419,Omer Yurtseven,Utah Jazz,C,104,220,47,86,529.8,9,11,500.0,1,7,50.0,27,51,78,13,13,3,12,4,-57,195,182,117,91,289.8351525952328,233.4560035642682,12.69035419915349,0.9010915571396747,868.6587213187793,764.7676542659838,327.2401425707284,312.63243484072177,10
420,Onuralp Bitim,Chicago Bulls,SF,54,166,24,54,474.4,1,1,100.0,5,23,133.4,5,14,19,8,16,1,6,1,-56,81,73,62,27,280.4094674556213,51.17514792899408,5.836686390532545,4.813017751479291,548.9360946745562,513.9822485207101,299.7514792899408,72.62366863905325,10
421,Onyeka Okongwu,Atlanta Hawks,PF,147,296,61,89,703.8000000000001,16,22,492.9,9,19,466.6,32,44,76,11,28,7,5,15,4,234,223,158,87,308.4240362811791,185.95918367346937,9.244897959183675,5.6893424036281175,807.5192743764171,822.7913832199548,307.3560090702948,181.0,10
422,Orlando Robinson,Miami Heat,C,13,59,4,11,108.3,4,5,175.0,1,2,100.0,8,9,17,5,4,1,3,0,4,35,30,18,22,56.670068027210895,32.06122448979591,3.108843537414966,0.8639455782312926,127.7448979591837,104.86054421768706,77.05102040816328,37.673469387755105,6
423,Oscar Tshiebwe,Indiana Pacers,C,3,5,1,3,33.3,1,2,50.0,0,0,0.0,2,0,2,0,1,0,0,1,8,5,5,3,2,0.25,0.0,0.0,0.0,0.25,0.25,0.25,0.0,1
424,Oshae Brissett,Boston Celtics,SF,39,128,15,34,385.1,6,16,190.0,3,8,250.0,15,17,32,9,9,2,5,4,23,80,71,48,41,68.31519274376417,83.51927437641723,4.904257999496095,2.1383219954648522,212.29881582262536,233.53061224489798,58.864197530864196,76.6427311665407,10
425,Ousmane Dieng,Oklahoma City Thunder,F,41,113,16,37,374.4,4,4,200.0,5,17,253.3,1,8,9,18,5,6,8,5,18,68,50,59,27,210.19113573407202,6.933518005540166,27.462603878116347,4.673130193905816,394.90304709141276,261.98891966759004,335.0055401662049,42.49584487534626,10
426,P.J. Tucker,LA Clippers,PF,19,164,7,17,213.3,0,0,0.0,5,9,400.0,7,22,29,6,13,7,1,0,3,54,48,25,35,91.27091906721536,49.36145404663923,2.46639231824417,4.554869684499314,178.50754458161862,165.6049382716049,102.62345679012347,53.37791495198902,10
427,P.J. Washington,Dallas Mavericks,PF,137,331,50,114,410.5,12,20,510.0,25,68,363.8,9,57,66,18,21,17,11,11,48,221,203,155,84,663.411414982164,62.48883604174924,12.0092482494385,25.86933544721892,749.3329369797859,702.1198308891533,697.8431761130929,87.2794292508918,10
428,Paolo Banchero,Orlando Magic,PF,229,367,77,190,412.0,61,78,774.2,14,57,259.6,9,70,79,59,16,3,32,8,6,367,308,288,138,359.9018441403926,97.0,16.900951814396194,4.52587745389649,576.6415823914335,495.7798929208804,388.7879238548483,165.87656157049375,10
429,Pascal Siakam,Indiana Pacers,PF,215,306,85,158,535.3,37,51,647.5,8,19,425.0,24,57,81,26,29,5,13,5,32,322,296,241,107,437.159004867496,59.93780421849648,31.33261222282315,3.6019469983775014,718.3288263926447,670.3244997295835,442.6214169821525,133.81233098972416,10
430,Pat Connaughton,Milwaukee Bucks,SG,57,241,19,60,303.0,11,14,500.0,8,39,152.2,9,22,31,29,18,9,8,3,-5,117,88,86,60,134.21362154329188,49.722618041299356,47.37821519140201,9.632653061224488,487.8465161212414,293.1476874773578,255.45803646902547,170.55524695085134,10
431,Pat Spencer,Golden State Warriors,G,2,15,1,3,33.3,0,0,0.0,0,2,0.0,2,2,4,3,0,0,1,0,7,9,6,5,7,1.3407202216066483,11.346260387811633,4.886426592797783,0.0,45.38504155124653,20.48753462603878,11.346260387811633,31.124653739612192,1
432,Patrick Baldwin Jr.,Washington Wizards,F,69,217,26,63,339.8,6,9,325.0,11,43,163.3,6,44,50,11,25,9,8,8,-19,130,119,80,61,489.18052167385997,151.4479264402327,24.90542315631451,18.974479264402326,1376.0390317132671,1119.9652842934884,665.656220679302,255.95139801088385,10
433,Patrick Beverley,Milwaukee Bucks,PG,69,239,24,56,326.5,11,12,450.0,10,28,240.0,10,42,52,40,14,7,5,5,51,161,121,109,92,492.6099342585829,77.21694667640614,61.524105186267356,20.007304601899197,1049.9127100073044,818.3864134404674,664.2808619430241,198.59642074506937,10
434,Patrick Williams,Chicago Bulls,PF,6,24,2,9,22.2,2,2,100.0,0,5,0.0,0,6,6,2,5,0,2,2,-11,14,12,8,8,0.0,0.0,0.0,0.0,0.0,0.0,0.0,0.0,1
435,Patty Mills,Miami Heat,PG,54,171,18,60,255.1,11,11,400.0,7,42,145.8,4,4,8,17,12,10,6,0,21,79,62,71,25,276.6712802768167,5.799307958477509,14.461745482506728,6.100346020761245,325.35678585159553,277.60553633217995,314.1595540176855,30.52402921953095,10
436,Paul George,LA Clippers,F,229,325,73,159,467.5,51,53,975.0,32,70,455.8,6,50,56,31,27,12,23,4,55,316,285,260,87,1005.3330387577327,98.41585658376466,35.516601439212224,37.62226991541472,1928.51634894584,1530.6972604469133,1311.4993056432268,225.58527963640955,10
437,Paul Reed,Philadelphia 76ers,SF,77,178,37,59,721.9,2,6,83.3,1,4,50.0,16,38,54,14,19,9,6,10,50,145,131,91,68,68.22788761706556,95.3213088218291,36.62018730489074,1.149843912591051,401.59914440975837,273.9168690021968,136.61706555671174,191.23459359463524,10
438,Payton Pritchard,Boston Celtics,PG,154,268,64,119,486.3,5,6,250.0,21,55,344.2,9,25,34,59,14,7,8,0,131,247,188,213,93,1018.9522491349481,22.40553633217993,110.65813148788926,22.903114186851212,1845.8581314878893,1149.032525951557,1662.6207612456747,186.22076124567474,10
439,Pete Nance,Cleveland Cavaliers,F,3,11,1,3,33.3,0,0,0.0,1,1,100.0,0,1,1,0,1,0,0,0,-18,4,4,3,1,5.76,0.30250000000000005,0.0,0.6400000000000001,8.7025,8.7025,5.76,0.30250000000000005,1
440,Peyton Watson,Denver Nuggets,F,64,203,27,53,442.5,6,10,300.0,4,13,183.3,9,34,43,16,20,4,9,18,-12,123,107,80,59,150.08813799621927,60.758034026465026,21.863894139886575,4.491493383742911,283.125,222.55411153119093,172.2960775047259,120.98487712665406,10
441,Precious Achiuwa,New York Knicks,PF,42,163,18,38,363.2,5,7,150.0,1,6,100.0,18,32,50,6,20,3,9,6,-57,98,92,48,56,368.1474435196195,143.08574448407978,15.283921257761925,0.9910159862597439,1084.0713436385254,914.1305324349319,478.4555423437706,218.0023781212842,10
442,Quentin Grimes,Detroit Pistons,SG,82,213,26,80,296.2,19,24,525.0,11,50,200.0,2,27,29,19,13,7,9,4,-12,130,111,101,48,312.44628099173553,35.19834710743802,14.900826446280991,10.900826446280991,442.06611570247935,483.0495867768595,277.6942148760331,43.86776859504132,10
443,Quenton Jackson,Indiana Pacers,G,0,7,0,1,0.0,0,0,0.0,0,0,0.0,0,1,1,2,1,1,0,0,6,3,1,2,3,0.36,0.09000000000000002,1.9599999999999997,0.0,0.25,0.8099999999999998,0.6400000000000001,1.2100000000000002,1
444,R. Rupert,Portland Trail Blazers,G,63,324,22,77,278.6,6,8,300.0,13,42,240.2,10,32,42,31,29,7,15,2,-95,136,105,94,73,101.88495252008767,42.37107377647918,34.70891161431702,13.451059167275384,246.1957633308985,137.58838568298023,177.07231555880205,110.5,10
445,RJ Barrett,Toronto Raptors,SG,244,335,96,172,560.7,39,56,647.3,13,36,325.0,11,50,61,45,26,6,34,5,-65,350,305,289,106,234.80991735537188,71.76400367309458,50.50229568411387,12.17722681359045,532.4499540863177,428.8879706152433,327.46097337006427,133.17722681359047,10
446,RaiQuan Gray,San Antonio Spurs,F,23,36,10,17,118.1,0,0,0.0,3,7,60.0,2,3,5,6,0,1,0,1,18,34,28,29,11,37.23140495867769,12.834710743801653,4.793388429752065,4.834710743801653,71.53719008264464,41.685950413223146,55.1487603305785,29.56198347107438,2
447,Reggie Bullock,Houston Rockets,SF,17,91,6,14,183.3,0,0,0.0,5,12,200.0,0,13,13,3,10,3,2,2,-34,33,30,20,16,112.69974089315653,22.155616521871664,2.1281816796220085,8.820454199055023,208.44185337600976,189.80795610425238,132.0865721688767,23.530864197530867,10
448,Reggie Jackson,Denver Nuggets,PG,103,228,37,101,360.29999999999995,12,13,550.0,17,40,406.6,7,15,22,36,26,5,14,2,-2,161,125,139,58,229.00661625708884,30.14366729678639,57.01417769376182,20.028355387523625,473.23062381852554,355.3884688090737,311.7485822306238,122.25803402646503,10
449,Richaun Holmes,Washington Wizards,F,88,241,35,62,516.4,18,21,591.7,0,2,0.0,31,52,83,9,31,7,8,8,-2,180,171,97,92,289.8569488456315,267.74694431869625,7.027161611588955,0.004526935264825713,982.0,910.5165233137166,326.7682209144409,309.3463105477592,10
450,Ricky IV Council,Philadelphia 76ers,G,51,103,16,35,424.9,12,17,358.3,7,14,433.3,2,6,8,9,9,6,2,1,33,68,59,60,17,128.9556786703601,8.880886426592799,9.022160664819943,4.125884887657741,229.41828254847647,164.7950138504155,190.77008310249306,20.71191135734072,10
451,Robin Lopez,Milwaukee Bucks,C,6,23,3,9,37.5,0,0,0.0,0,2,0.0,1,0,1,1,3,1,0,2,-16,8,7,7,2,21.92,0.52,0.6800000000000002,0.0,24.48,29.0,18.28,0.32000000000000006,2
452,Royce O'Neale,Phoenix Suns,PF,76,241,27,67,340.0,3,4,150.0,19,52,308.2,7,37,44,21,18,9,5,4,27,141,120,97,65,327.8822996831145,75.66251697600724,24.902897238569487,24.946355817111815,723.2824807605251,592.006564056134,413.8372566772295,145.88637392485288,10
453,Rudy Gobert,Minnesota Timberwolves,C,156,349,58,81,691.0,40,61,500.6,0,0,0.0,42,92,134,17,31,12,15,19,13,307,290,173,151,330.4760026298488,164.40006574621958,14.16732412886259,0.0,693.0,674.1160420775806,322.9641683103222,204.96318211702828,10
454,Rui Hachimura,Los Angeles Lakers,PF,155,311,61,106,606.3,16,21,525.0,17,38,495.3,12,47,59,19,14,6,6,5,1,233,214,174,78,445.5670812703779,83.8399951696655,23.33450066417099,8.18319043593769,772.1165318198284,705.2522642192972,477.6058447047458,142.0,10
455,Russell Westbrook,LA Clippers,PG,112,221,44,92,479.1,17,23,575.0,7,18,266.7,12,37,49,47,20,11,29,2,52,208,161,159,96,265.89887963228955,155.1683424303361,146.1048549267452,8.253088193047974,1138.6590060327492,575.8204538925596,537.1275495547256,592.8830795748349,10
456,Ryan Arcidiacono,New York Knicks,G,0,5,0,1,0.0,0,0,0.0,0,1,0.0,0,0,0,0,1,1,0,0,3,0,0,0,0,0.0,0.0625,0.0,0.0,0.0625,0.0625,0.0,0.0625,1
457,Ryan Rollins,Milwaukee Bucks,G,0,7,0,1,0.0,0,0,0.0,0,0,0.0,0,2,2,2,1,0,1,0,0,4,2,2,4,0.81,1.9599999999999997,1.2100000000000002,0.09,2.5600000000000005,0.25,0.03999999999999998,6.25,1
458,Saben Lee,Phoenix Suns,G,35,103,9,28,194.29999999999998,15,20,416.7,2,9,83.3,3,15,18,17,6,4,2,0,6,70,53,52,35,220.85034013605443,38.795918367346935,18.46938775510204,1.7006802721088436,500.3197278911565,421.49659863945584,271.3333333333333,85.60544217687075,9
459,Saddiq Bey,Atlanta Hawks,SF,146,337,48,125,372.4,31,35,800.0,19,59,298.4,29,32,61,14,7,4,10,4,-23,221,207,160,75,398.90000000000003,67.125,9.625,14.9,439.4000000000001,478.32500000000005,362.225,74.5,10
460,Sam Hauser,Boston Celtics,SF,118,248,43,106,458.4,2,2,100.0,30,77,421.8,7,31,38,17,11,8,2,2,105,173,156,135,55,396.0536346770113,29.6734693877551,13.816326530612244,31.32231404958678,412.92376454714116,430.56198347107437,364.90521167144544,57.0,10
461,Sam Merrill,Cleveland Cavaliers,SG,76,196,23,65,254.6,7,8,466.7,23,62,263.4,3,17,20,22,13,2,3,0,-18,118,96,98,42,464.3224852071006,22.05917159763314,33.82117028270874,50.171597633136095,776.9444444444445,641.0562130177515,574.439513477975,81.65154503616043,10
462,Samardo Samuels,Houston Rockets,F,0,11,0,1,0.0,0,0,0.0,0,0,0.0,1,2,3,1,1,0,0,1,-6,4,3,1,4,1.53125,2.03125,0.6953125,0.0,0.1953125,0.5,1.1328125,2.8203125,2
463,Sandro Mamukelashvili,San Antonio Spurs,PF,108,227,42,82,533.5,13,17,500.0,11,29,276.6,24,63,87,20,13,1,11,4,19,215,195,128,107,396.77800916284883,175.13660974593915,14.203248646397332,13.82465639316951,755.4539775093712,690.3469387755102,401.81840899625155,249.4064972927947,10
464,Santi Aldama,Memphis Grizzlies,PF,116,316,42,90,459.2,13,20,450.0,19,52,309.5,11,56,67,23,14,10,7,16,-91,206,183,139,90,464.97257653061223,94.125,18.288903061224488,31.887755102040817,898.1326530612246,764.936862244898,555.9005102040816,154.68176020408163,10
465,Sasha Vezenkov,Sacramento Kings,F,40,103,13,37,238.9,5,5,200.0,9,26,251.2,2,11,13,5,11,6,1,0,25,58,53,45,18,88.44536940686784,4.294484911550468,4.268470343392299,10.337148803329864,145.09365244536943,104.52549427679499,127.34235171696149,10.234131113423517,9
466,Scoot Henderson,Portland Trail Blazers,G,186,351,70,168,416.2,22,28,706.7,24,63,380.7,8,27,35,84,34,12,55,2,-154,305,221,270,119,249.89269928364575,44.56439567139156,124.44444444444443,26.271604938271608,487.6063100137175,297.43347050754454,456.8474317939339,152.2269471117208,10
467,Scottie Barnes,Toronto Raptors,SF,179,333,70,155,460.1,33,39,674.9,6,36,159.89999999999998,28,63,91,75,18,13,31,14,21,345,270,254,166,391.6640625,102.8515625,85.6640625,4.8515625,827.2890625,587.40625,576.65625,243.40625,10
468,Scotty Pippen Jr.,Memphis Grizzlies,G,143,269,57,118,445.1,17,20,585.7,12,39,267.9,11,20,31,46,32,22,30,5,-52,220,174,189,77,595.8697978596908,32.923305588585016,34.46848989298454,12.133769322235434,1017.0439952437574,778.5992865636148,805.4346016646849,96.2717003567182,10
469,Seth Curry,Charlotte Hornets,SG,81,181,29,67,372.5,14,15,566.7,9,31,256.6,4,15,19,17,7,5,7,3,-33,117,100,98,36,233.0,12.900826446280993,16.140495867768593,4.900826446280991,334.3388429752066,276.08264462809916,269.8677685950413,50.429752066115704,10
470,Shai Gilgeous-Alexander,Oklahoma City Thunder,PG,241,317,86,185,462.6,61,71,865.7,8,39,228.3,8,39,47,50,20,15,22,5,68,338,288,291,97,643.9882959730213,51.32057131521524,44.71573100575282,7.067645308470541,1068.5804403888117,923.338226542353,775.6998611386629,109.56695100178536,10
471,Shake Milton,New York Knicks,SG,49,126,21,46,431.1,2,3,66.7,5,12,250.0,9,19,28,15,12,4,5,2,-6,92,77,64,43,168.13609467455623,82.63017751479289,18.28994082840237,8.869822485207102,562.7485207100592,440.9378698224852,242.85207100591717,148.0147928994083,10
472,Sidy Cissoko,San Antonio Spurs,G,39,109,15,27,241.3,8,11,221.4,1,8,33.3,8,8,16,10,16,4,2,3,10,65,55,49,26,156.3194706994329,17.546313799621927,21.4593572778828,0.833648393194707,385.79773156899813,270.70132325141776,242.42155009451795,68.0,6
473,Simone Fontecchio,Detroit Pistons,F,158,307,55,116,455.5,19,21,616.7,29,65,413.2,8,41,49,16,20,10,13,5,5,223,207,174,65,506.0,36.90963139120095,14.430439952437576,30.11296076099881,589.4708680142687,547.3923900118907,538.8442330558859,60.574316290130795,10
474,Skylar Mays,Los Angeles Lakers,SG,8,34,4,10,170.0,0,0,0.0,0,3,0.0,0,1,1,3,2,3,2,1,-3,12,9,11,4,17.18273645546373,0.8163452708907254,3.257116620752984,0.0,18.0,19.56014692378329,16.755739210284663,2.9403122130394856,4
475,Spencer Dinwiddie,Los Angeles Lakers,PG,59,200,16,39,279.2,15,15,500.0,12,30,270.0,2,20,22,17,12,4,8,4,9,98,81,76,39,353.5956318646636,15.840424188865041,40.23317762908724,18.018179522787527,678.1969448301983,457.42822875899503,547.592980684257,82.84496906956193,10
476,Stanley Umude,Detroit Pistons,G,49,150,16,39,260.4,8,9,366.7,9,25,243.3,5,16,21,3,15,4,4,2,-32,73,70,52,24,177.08,44.0,1.9200000000000002,10.88,278.68,272.78,180.88,48.02,8
477,Stephen Curry,Golden State Warriors,PG,243,334,85,184,483.1,28,30,858.3,45,101,477.59999999999997,2,45,47,63,13,8,31,7,54,353,290,306,110,387.3309897241752,48.229853975121685,56.877501352082206,28.804218496484587,340.1019469983775,337.0091941590049,370.5,125.03109789075177,10
478,Svi Mykhailiuk,Boston Celtics,SG,71,149,25,47,692.1,3,3,200.0,18,35,593.2,3,14,17,14,7,1,3,0,98,102,88,85,31,371.36944444444447,14.144444444444446,16.40277777777778,26.225,627.3777777777777,489.82500000000005,498.5444444444444,40.925,10
479,T. Vukcevic,Washington Wizards,PF,85,143,29,65,303.7,17,22,427.8,10,35,215.3,6,26,32,13,27,4,9,6,29,130,117,98,45,371.53739612188366,62.60941828254847,13.550554016620497,7.517313019390581,640.7804709141274,532.8060941828254,431.75,123.92174515235456,7
480,T.J. McConnell,Indiana Pacers,PG,144,196,67,116,582.0,5,5,300.0,5,12,275.0,4,22,26,58,16,5,14,1,27,228,170,202,84,174.20815793293656,20.439250979822905,66.53650747568588,8.529394687182466,330.8210190158223,160.60647408912757,302.4061547394397,128.9923065757004,10
481,T.J. Warren,Minnesota Timberwolves,SF,37,119,16,39,361.2,3,4,150.0,2,13,83.3,5,16,21,7,11,3,4,1,45,65,58,44,28,70.99802761341223,19.91715976331361,7.571992110453649,1.5976331360946745,113.232741617357,125.05325443786981,56.19921104536489,30.467455621301774,9
482,Taj Gibson,Detroit Pistons,F,18,40,8,14,216.7,0,0,0.0,2,4,100.0,2,7,9,2,3,1,0,1,-5,29,27,20,11,28.78116343490305,12.905817174515235,3.0027700831024937,1.0692520775623269,90.5567867036011,62.88919667590027,45.49030470914127,26.867036011080327,4
483,Taj Gibson,New York Knicks,F,2,68,0,9,0.0,2,2,100.0,0,2,0.0,4,6,10,4,8,1,3,0,2,16,12,6,14,39.79224376731302,10.013850415512465,1.1745152354570638,0.6786703601108033,45.65650969529086,47.229916897506925,34.362880886426595,15.044321329639889,5
484,Talen Horton-Tucker,Utah Jazz,SG,109,209,39,102,368.0,16,19,538.1,15,44,351.6,1,17,18,22,19,9,10,4,-48,149,127,131,40,409.8,21.616,36.084,11.076,629.716,557.976,470.564,68.676,10
485,Taurean Prince,Los Angeles Lakers,PF,74,206,27,62,395.2,6,6,300.0,14,32,429.9,5,30,35,10,9,7,10,4,17,119,109,84,45,230.21849648458627,33.74634937804219,22.163601946998376,16.478096268253108,361.9299621416982,297.2725797728502,274.3334234721471,76.45240670632775,10
486,Taylor Hendricks,Utah Jazz,F,98,267,36,72,505.0,5,7,216.7,21,41,540.0,11,39,50,15,16,11,7,7,-47,163,148,113,65,284.2560553633218,59.88788927335639,12.883737024221453,14.273356401384081,333.0927335640138,319.63460207612457,293.80276816609,76.68304498269896,10
487,Taze Moore,Portland Trail Blazers,G,14,35,6,15,135.7,1,2,50.0,1,5,20.0,4,4,8,5,2,1,3,0,-20,27,22,19,13,58.0,34.0,6.03125,0.53125,250.53125,180.0,101.03125,67.53125,2
488,Terance Mann,LA Clippers,SG,115,240,46,67,666.9,14,16,625.0,9,18,466.6,14,30,44,13,24,6,9,0,22,172,159,128,57,449.785595567867,91.31523545706371,8.133518005540166,9.073130193905817,881.3019390581718,794.2709141274238,518.2537396121884,118.01163434903046,10
489,Terquavion Smith,Philadelphia 76ers,G,46,71,16,40,307.8,3,5,150.0,11,30,266.6,0,4,4,11,6,8,6,0,1,61,50,57,15,246.0,2.040816326530612,20.882086167800455,21.88888888888889,260.24263038548753,237.18367346938774,271.3582766439909,20.62358276643991,8
490,Terry Rozier,Miami Heat,SG,188,305,68,150,442.8,15,16,466.7,37,74,449.4,2,29,31,31,14,12,12,3,40,250,219,219,62,683.6591836734694,25.0,25.765306122448976,77.26122448979592,794.9469387755103,827.7163265306122,646.1755102040817,55.479591836734706,10
491,Terry Taylor,Chicago Bulls,F,15,56,5,10,325.0,3,4,150.0,2,3,150.0,4,10,14,3,1,2,0,0,-15,32,29,18,17,20.88823959094229,35.125639152666174,3.509130752373996,1.7983929875821767,117.36084733382029,97.06866325785245,26.967129291453613,52.848064280496715,5
492,Thaddeus Young,Phoenix Suns,F,21,83,10,19,325.0,1,3,100.0,0,1,0.0,16,10,26,6,11,5,4,0,0,53,47,27,32,34.05785123966942,70.76807851239668,7.239669421487603,0.0,147.44989669421489,131.9375,45.0,82.5779958677686,7
493,Thaddeus Young,Phoenix Suns,PF,13,49,6,8,241.7,1,2,50.0,0,1,0.0,5,10,15,6,3,2,1,1,-11,34,28,19,21,10.752066115702478,31.985020661157023,10.479338842975206,0.0,121.21229338842977,67.1875,41.0,66.24121900826447,3
494,Thanasis Antetokounmpo,Milwaukee Bucks,SF,16,62,8,15,416.7,0,2,0.0,0,1,0.0,2,1,3,6,8,3,4,1,-16,25,19,22,9,24.492194674012854,1.8760330578512396,1.834710743801653,0.0,31.299357208448118,26.55555555555556,29.69880624426079,3.2479338842975203,8
495,Theo Maledon,Phoenix Suns,PG,5,10,1,2,50.0,3,3,100.0,0,0,0.0,0,1,1,0,3,0,3,0,-11,6,6,5,1,14.0625,0.5625,0.0,0.0,20.25,20.25,14.0625,0.5625,1
496,Thomas Bryant,Miami Heat,C,94,144,35,60,528.3,20,21,775.0,4,14,233.3,12,42,54,7,17,4,6,8,58,155,148,101,61,495.69012911286967,98.86797167846731,8.122032486463974,4.401499375260308,942.3744273219493,874.9121199500208,558.5493544356518,111.59308621407747,10
497,Tim Hardaway Jr.,Dallas Mavericks,SF,79,212,29,80,371.0,6,8,200.0,15,52,302.5,1,25,26,16,10,4,7,0,-45,121,105,95,42,149.94197530864196,14.523456790123458,17.3,7.844444444444445,247.15308641975307,223.31975308641978,182.30864197530866,23.29012345679012,10
498,Tobias Harris,Philadelphia 76ers,PF,152,324,57,123,465.6,21,24,800.0,17,42,331.9,16,66,82,26,19,4,12,11,35,260,234,178,108,245.74072265625,35.275390625,14.8515625,28.15625,255.08447265625,217.88525390625,273.91650390625,59.150390625,10
499,Tony Allen,Memphis Grizzlies,F,13,124,6,23,125.0,1,2,50.0,0,7,0.0,4,13,17,5,18,4,2,0,-65,35,30,18,22,15.335640138408305,15.211072664359861,2.0,0.0,54.06920415224913,40.06920415224913,25.335640138408305,21.21107266435986,5
500,Torrey Craig,Chicago Bulls,SF,31,145,11,28,297.0,2,3,150.0,7,16,315.0,10,26,36,7,14,6,5,3,6,74,67,38,43,145.69415009435332,168.30860792567861,9.577151981419654,12.076498766148932,622.769923065757,497.0,215.77268108578892,233.57715198141966,10
501,Tosan Evbuomwan,Detroit Pistons,F,84,276,29,53,552.3,17,25,508.4,9,23,390.0,10,34,44,10,17,5,8,4,-96,138,128,94,54,125.78092461474385,43.12952936276552,10.066638900458145,7.008329862557268,264.558100791337,237.48604748021654,150.0,56.04914618908788,10
502,Toumani Camara,Portland Trail Blazers,F,88,292,35,67,507.2,8,9,350.0,10,26,336.6,19,23,42,22,26,8,13,8,-36,152,130,110,64,287.70000000000005,51.93611111111112,28.402777777777775,8.002777777777778,547.7,471.46944444444443,351.46944444444443,92.8,10
503,Trae Young,Atlanta Hawks,PG,184,337,54,139,430.3,52,64,834.7,24,76,367.6,3,24,27,101,17,6,46,1,-75,312,211,285,128,555.264,11.000000000000002,48.34400000000001,11.695999999999998,599.6000000000001,459.14399999999995,705.4,49.664,10
504,Trayce JacksonDavis,Golden State Warriors,F,92,226,39,57,710.6,14,23,360.0,0,0,0.0,23,41,64,16,12,6,13,14,-21,172,156,108,80,260.68431001890355,112.5,22.401701323251416,0.0,520.0,409.01039697542535,350.5,156.07561436672967,10
505,Tre Jones,San Antonio Spurs,PG,115,337,48,103,441.5,7,11,258.3,12,37,291.7,11,49,60,70,13,11,21,2,44,245,175,185,130,135.34802560077287,81.97029344282092,62.53254437869822,9.600048303345007,366.3877551020408,228.67854123898078,187.22461055428087,230.33546673107114,10
506,Tre Mann,Charlotte Hornets,PG,113,312,41,93,454.59999999999997,18,22,588.3,13,38,366.7,4,32,36,53,12,20,27,3,-56,202,149,166,89,225.3860345169609,12.136480856972826,26.143820670501885,14.127157310057529,385.24261059313625,250.93056933148182,354.48879190636774,43.48958539972227,10
507,Trendon Watford,Brooklyn Nets,PF,120,253,45,87,520.9,22,33,493.8,8,20,290.0,8,47,55,21,24,6,23,6,-71,196,175,141,76,327.8986676674798,149.12122349408895,29.498780258960405,5.732407581159692,829.4133983861888,692.4756990054418,376.3507224620004,267.10564833927566,10
508,Trent Forrest,Atlanta Hawks,G,24,126,11,28,366.6,2,3,100.0,0,3,0.0,5,12,17,35,2,4,8,1,-25,76,41,59,52,30.69559864573715,12.694675284702985,66.63004001231148,0.0,151.2071406586642,30.62880886426593,137.7177593105571,92.8808864265928,10
509,Trevelin Queen,Orlando Magic,SG,0,13,0,3,0.0,0,0,0.0,0,2,0.0,0,1,1,1,1,0,0,0,-17,2,1,1,2,0.0,0.5918367346938775,0.7551020408163267,0.0,0.04081632653061227,0.5918367346938775,0.7551020408163267,0.04081632653061227,2
510,Trey Jemison,Memphis Grizzlies,C,71,282,31,64,450.5,9,10,450.0,0,0,0.0,34,38,72,16,26,6,15,13,-71,159,143,87,88,224.11296076099882,100.15933412604042,11.239001189060643,0.0,506.2889417360286,490.71462544589775,208.13436385255648,142.95124851367422,10
511,Trey Lyles,Sacramento Kings,PF,66,204,24,58,366.4,5,7,250.0,13,37,347.5,14,31,45,16,10,5,7,4,57,127,111,82,61,229.02259215219976,78.79726516052318,22.5,6.373959571938168,541.0309155766945,399.01367419738403,352.6950059453032,119.64209274673009,10
512,Trey Murphy III,New Orleans Pelicans,SG,185,386,61,124,491.5,28,30,673.2,35,86,392.0,9,50,59,29,17,12,8,5,53,273,244,214,88,485.9762598917118,39.48979591836735,17.283840066638902,32.16597251145356,703.3088296543108,622.6205747605164,541.8161182840483,81.62203248646397,10
513,Tristan Thompson,Cleveland Cavaliers,C,24,89,11,22,301.3,2,8,100.0,0,0,0.0,14,17,31,9,8,3,4,3,-42,64,55,33,40,60.53550295857988,31.3491124260355,3.414201183431952,0.0,124.60355029585799,130.4319526627219,53.70414201183432,35.76627218934911,8
514,Troy Brown Jr.,Detroit Pistons,SF,45,244,16,57,221.7,5,6,250.0,8,27,170.8,7,31,38,13,8,15,6,1,-54,96,83,58,51,177.14437869822487,22.852071005917157,14.313609467455622,21.685207100591715,234.0828402366864,187.79289940828403,197.2,63.400000000000006,10
515,TyTy Washington Jr.,Milwaukee Bucks,G,11,38,5,13,145.0,0,0,0.0,1,4,100.0,1,2,3,5,1,1,0,0,-2,19,14,16,8,25.0,2.8125,4.7569444444444455,0.7777777777777779,42.111111111111114,28.5625,41.340277777777786,4.777777777777778,4
516,Tyler Herro,Miami Heat,PG,200,336,68,157,436.1,35,38,725.0,29,76,405.0,2,50,52,54,16,2,29,1,66,306,252,254,106,353.1703601108033,43.61772853185595,58.7590027700831,8.970914127423823,563.6911357340721,431.0761772853186,469.22576177285316,118.93628808864267,10
517,Tyrese Haliburton,Indiana Pacers,PG,175,326,61,131,465.2,26,31,703.4,27,78,330.3,4,41,45,91,13,13,21,8,80,311,220,266,136,547.0948839976204,39.0,80.96876859012492,20.5,637.2688875669245,643.5339083878644,574.6591314693635,86.139500297442,10
518,Tyrese Maxey,Philadelphia 76ers,PG,273,399,102,216,465.6,39,45,800.0,30,87,349.2,3,34,37,60,20,7,18,6,60,370,310,333,97,1371.173849525201,58.615412710007305,95.0518626734843,22.52775748721695,1957.3429510591673,1731.8601168736304,1511.1840759678596,239.13988312636963,10
519,Tyus Jones,Washington Wizards,PG,91,313,36,84,402.0,4,4,300.0,15,43,360.8,3,22,25,97,4,9,13,2,-70,213,116,188,122,345.04336734693874,43.53316326530612,160.5,20.959183673469386,776.265306122449,542.0510204081633,542.9719387755102,240.3188775510204,10
520,Udoka Azubuike,Phoenix Suns,C,2,11,1,3,33.3,0,2,0.0,0,0,0.0,2,4,6,0,1,0,0,0,-3,8,8,2,6,3.305785123966942,28.76859504132231,0.0,0.0,51.578512396694215,51.578512396694215,3.305785123966942,28.76859504132231,1
521,Usman Garuba,Golden State Warriors,PF,1,5,0,1,0.0,1,2,50.0,0,0,0.0,0,4,4,0,0,0,0,2,7,5,5,1,4,0.01777777777777777,5.444444444444443,0.017777777777777778,0.0,5.4444444444444455,6.084444444444445,0.0,4.840000000000001,1
522,Vasilije Micic,Charlotte Hornets,G,91,279,33,88,344.9,13,17,425.0,12,42,264.0,3,19,22,77,19,9,23,1,-74,190,113,168,99,231.96490946963627,22.29322224002564,138.8881589488864,11.724082679057842,671.192757570902,284.3190193879186,567.0200288415318,213.0,10
523,Victor Wembanyama,San Antonio Spurs,C,260,332,92,197,488.0,49,65,697.5,27,81,334.3,26,96,122,61,17,11,48,41,0,443,382,321,183,805.7886259040105,225.92373438527287,27.801775147928993,29.36949375410914,1775.4378698224855,1668.0621301775147,851.5548980933596,315.3349769888232,10
524,Vince Williams Jr.,Memphis Grizzlies,G,127,336,42,92,459.70000000000005,30,38,723.3,13,34,328.8,8,54,62,61,30,12,34,9,-54,250,189,188,123,231.93628808864267,72.8808864265928,35.61495844875347,18.00831024930748,492.2326869806094,474.07479224376726,226.76454293628805,131.82548476454295,10
525,Vit Krejci,Atlanta Hawks,G,63,237,24,45,483.7,1,1,100.0,14,30,320.8,4,21,25,19,23,6,8,0,-32,107,88,82,44,429.33664852692823,28.579283167573653,8.857759429536499,32.42709701632577,577.2045411897167,530.4308500656784,474.32238693938825,39.224995308688314,10
526,Walker Kessler,Utah Jazz,C,72,234,31,42,737.5,10,12,500.0,0,0,0.0,22,52,74,12,20,3,11,12,-77,158,146,84,86,107.6064272961714,126.54671692124577,7.620313429875025,0.0,303.70283673874235,272.61456060305494,118.40388811743702,154.45784566554255,10
527,Wendell Carter Jr.,Orlando Magic,C,98,247,36,73,509.7,11,15,307.1,15,39,410.8,20,50,70,18,23,9,12,5,22,186,168,116,88,231.90942081579328,160.00145158949047,23.707359558716796,11.76324575410074,931.1154013644941,715.8684859921614,345.18130352736245,285.68384380897083,10
528,Wendell Moore Jr.,Minnesota Timberwolves,G,8,18,4,5,250.0,0,0,0.0,0,0,0.0,0,7,7,2,2,0,1,0,20,17,15,10,9,14.666666666666668,10.296875000000002,2.959635416666666,0.0,55.19921875,45.130208333333336,18.70963541666667,19.282552083333336,3
529,Wenyen Gabriel,Memphis Grizzlies,F,17,81,8,22,168.3,0,5,0.0,1,6,50.0,7,18,25,3,10,2,8,2,-16,45,42,20,28,59.72702331961591,43.6159122085048,4.060356652949245,0.879286694101509,182.2098765432099,171.6858710562414,60.574759945130324,57.352537722908096,5
530,Wesley Matthews,Atlanta Hawks,SG,40,134,14,36,376.1,2,2,100.0,10,24,370.0,5,12,17,9,12,6,2,3,-19,66,57,49,26,65.68686224489795,32.18622448979592,13.074617346938776,6.15625,126.74489795918367,127.11033163265307,63.67602040816327,46.90625,10
531,Xavier Moon,LA Clippers,G,24,90,11,37,145.6,0,0,0.0,2,14,22.2,6,8,14,14,5,3,2,2,-24,52,38,38,28,155.73828125,31.467013888888893,39.252170138888886,3.578125,545.828125,308.3980034722223,328.5555555555555,135.33203125,5
532,Xavier Tillman,Boston Celtics,F,44,114,19,37,492.7,1,3,50.0,5,14,223.3,4,16,20,12,6,4,2,4,4,76,64,56,32,112.837890625,28.7265625,3.83447265625,4.69775390625,182.41650390625,178.775390625,116.58447265625,32.45556640625,10
533,Yuta Watanabe,Memphis Grizzlies,SF,22,97,10,24,250.0,0,2,0.0,2,12,64.3,0,11,11,5,6,5,4,0,-36,38,33,27,16,115.08000000000001,11.27,3.75,1.4800000000000004,136.28,131.43,116.23000000000002,18.72,7
534,Zach Collins,San Antonio Spurs,PF,114,187,43,88,456.5,19,23,716.7,9,23,290.0,17,42,59,27,22,3,14,9,-6,200,173,141,86,321.0830498866213,75.76530612244899,15.444444444444443,7.339002267573696,551.890306122449,622.3109410430839,287.1862244897959,54.685941043083886,10
535,Zavier Simpson,Memphis Grizzlies,G,42,162,17,54,192.7,3,4,75.0,5,17,108.3,4,16,20,25,11,7,10,3,-29,87,62,67,45,176.17919999999998,38.88,5.7472,9.48,301.92,250.93120000000002,214.08,57.7152,7
536,Zeke Nnaji,Denver Nuggets,PF,32,114,14,20,576.7,3,7,150.0,1,1,100.0,6,16,22,6,14,3,0,7,-1,60,54,38,28,48.019274376417236,28.23696145124717,6.408163265306122,0.9002267573696145,137.83673469387756,130.48979591836735,45.91043083900227,44.100907029478456,10
537,Ziaire Williams,Memphis Grizzlies,F,103,270,39,94,389.0,13,16,421.4,12,46,213.7,6,38,44,20,15,12,15,0,-39,167,147,123,64,552.1,32.4,24.0,17.599999999999998,788.1,632.1,714.1,50.4,10
538,Zion Williamson,New Orleans Pelicans,PF,258,350,98,194,496.0,61,89,687.5,1,5,50.0,17,44,61,48,21,18,31,11,0,367,319,306,109,593.2396694214876,100.94963842975207,31.80501033057851,0.9297520661157026,824.0010330578513,819.2058367768595,565.4331095041323,165.35640495867767,10
