,First Last Name,team,position,points,minutes,fgm,fga,fgp,ftm,fta,ftp,tpm,tpa,tpp,offReb,defReb,totReb,assists,pFouls,steals,turnovers,blocks,plusMinus,Points_Rebounds_Assist,Points_Rebounds,Points_Assist,Rebounds_Assist,points_deviation,totReb_deviation,assists_deviation,tpm_deviation,Points_Rebounds_Assist_deviation,Points_Rebounds_deviation,Points_Assist_deviation,Rebounds_Assist_deviation,count
0,A. Flagler,Oklahoma City Thunder,F,0,6,0,3,0.0,0,0,0.0,0,3,0.0,0,0,0,1,0,0,0,0,0,1,0,1,1,0.0,0.0,0.0,0.0,0.0,0.0,0.0,0.0,1
1,A.J. Green,Milwaukee Bucks,G,48,141,16,50,345.5,3,4,166.7,13,43,312.8,1,15,16,8,11,3,5,1,-30,72,64,56,24,78.5,12.641975308641975,7.777777777777779,8.5,89.29012345679011,73.3641975308642,97.61111111111111,17.234567901234566,10
2,A.J. Lawson,Dallas Mavericks,G,20,42,8,21,223.3,2,6,100.0,2,8,100.0,2,6,8,3,5,1,0,1,-5,31,28,23,11,27.333333333333332,5.375,1.666666666666667,1.5000000000000002,33.208333333333336,30.374999999999996,29.000000000000004,8.208333333333334,6
3,Aaron Gordon,Denver Nuggets,PF,142,297,60,96,680.5,19,26,601.7,3,18,108.3,14,36,50,39,22,13,18,3,102,231,192,181,89,209.61451247165533,94.44444444444444,50.673469387755105,2.836734693877551,340.98185941043084,438.56689342403627,158.21995464852606,98.92743764172334,10
4,Aaron Holiday,Houston Rockets,G,40,98,15,38,259.6,5,5,200.0,5,13,206.7,1,5,6,12,12,4,3,1,-21,58,46,52,18,218.85822306238182,6.767485822306239,12.684310018903592,9.453686200378073,307.37996219281666,276.12854442344053,245.08506616257083,24.476370510396976,10
5,Aaron Nesmith,Indiana Pacers,SF,113,281,37,87,417.9,23,30,648.8,16,45,358.2,2,28,30,13,28,8,8,9,26,156,143,126,43,306.6,46.625,11.724999999999998,13.3,550.4000000000002,520.725,318.025,76.6,10
6,Aaron Wiggins,Oklahoma City Thunder,SG,61,160,24,47,499.6,9,11,400.0,4,14,200.0,12,11,23,7,7,8,9,7,4,91,84,68,30,188.56944444444443,6.684027777777778,8.40625,10.27777777777778,221.61111111111114,201.85069444444449,213.68402777777774,9.73611111111111,10
7,Al Horford,Boston Celtics,C,82,257,34,59,531.4,4,4,200.0,10,26,329.3,13,47,60,19,14,6,4,8,64,161,142,101,79,196.5679012345679,56.03086419753087,32.77777777777778,10.771604938271604,465.21604938271605,318.2530864197531,329.04938271604937,103.29012345679013,10
8,Alec Burks,New York Knicks,SG,54,125,20,69,267.2,6,11,208.3,8,37,211.79999999999998,3,12,15,7,2,2,5,1,-34,76,69,61,22,224.42499999999995,13.725000000000003,4.124999999999999,8.5,365.62499999999994,312.50000000000006,268.9,26.5,10
9,Aleksej Pokusevski,Charlotte Hornets,F,9,19,3,6,125.0,2,2,100.0,1,1,100.0,1,2,3,2,0,1,1,2,19,14,12,11,5,17.0,1.0,2.7200000000000006,0.52,21.519999999999996,26.0,13.32,2.920000000000001,2
10,Aleksej Pokusevski,Oklahoma City Thunder,F,6,18,2,5,100.0,1,2,50.0,1,3,100.0,0,2,2,0,0,1,0,0,-12,8,8,6,2,11.0,1.0,0.4800000000000001,0.68,21.680000000000003,18.0,13.879999999999999,2.2799999999999994,3
11,Alex Caruso,Chicago Bulls,SG,80,286,30,80,387.4,5,9,225.0,15,53,298.4,5,26,31,35,25,25,10,8,-28,146,111,115,66,134.5,25.12345679012345,34.77777777777778,10.530864197530864,160.54938271604942,147.73456790123456,158.94444444444443,48.2716049382716,10
12,Alex Len,Sacramento Kings,C,27,91,12,23,456.7,3,6,75.0,0,0,0.0,9,17,26,5,13,3,5,7,16,58,53,32,31,37.4795918367347,12.489795918367347,4.704081632653062,0.0,29.632653061224488,32.173469387755105,42.244897959183675,9.887755102040817,10
13,Alondes Williams,Miami Heat,G,0,6,0,1,0.0,0,0,0.0,0,1,0.0,0,1,1,0,0,0,1,0,-2,1,1,0,1,0.0,0.25,0.0,0.0,0.25,0.25,0.0,0.25,1
14,Alperen Sengun,Houston Rockets,C,209,324,81,157,512.7,43,68,622.9,4,12,200.0,39,68,107,45,36,16,26,7,2,361,316,254,152,847.1723356009071,197.81632653061226,123.77551020408163,4.408163265306122,1935.0226757369614,1622.4580498866212,993.7777777777778,487.5510204081633,10
15,Amen Thompson,Houston Rockets,F,75,208,30,64,441.2,14,19,475.0,1,10,100.0,20,39,59,14,23,14,9,13,13,148,134,89,73,318.11111111111114,53.236111111111114,25.434027777777775,0.9444444444444445,670.9340277777778,511.625,449.40625,106.68402777777781,10
16,Amir Coffey,LA Clippers,SG,52,219,20,51,312.0,4,5,250.0,8,25,225.0,5,20,25,16,16,8,5,2,2,93,77,68,41,334.625,75.90625,17.111111111111114,16.944444444444446,692.1006944444445,547.65625,441.06944444444446,131.0173611111111,10
17,Andre Drummond,Chicago Bulls,C,86,193,34,67,387.8,18,30,616.7,0,0,0.0,33,66,99,3,19,2,11,6,6,188,185,89,102,349.625,314.90000000000003,2.0999999999999996,0.0,1092.8249999999998,1057.725,356.125,345.6,10
18,Andre Jr. Jackson,Milwaukee Bucks,G,10,69,4,9,333.3,0,0,0.0,2,5,200.0,3,9,12,10,6,3,3,0,-10,32,22,20,22,11.420118343195266,8.272189349112427,8.0,1.5266272189349113,40.35502958579881,32.04733727810651,16.804733727810646,19.19526627218935,6
19,Andrew Nembhard,Indiana Pacers,PG,90,280,37,74,509.4,4,4,100.0,12,29,490.0,6,25,31,29,23,13,15,1,-12,150,121,119,60,179.26736111111114,42.017361111111114,47.444444444444436,5.65625,320.4444444444444,195.0,300.5173611111111,93.65625,10
20,Andrew Wiggins,Golden State Warriors,SF,132,259,50,95,514.6,14,17,616.7,18,36,498.3,10,27,37,21,16,10,9,3,23,190,169,153,58,252.4819944598338,41.27146814404433,11.022160664819946,8.349030470914126,358.65373961218836,353.0,252.29085872576178,58.13850415512466,10
21,Anfernee Simons,Portland Trail Blazers,SG,220,376,79,189,417.9,29,32,857.1,33,86,379.1,5,34,39,59,23,6,35,0,-54,318,259,279,98,674.4444444444445,22.918367346938776,133.11791383219955,24.600907029478456,1161.5510204081634,700.7913832199547,1093.530612244898,197.7097505668934,10
22,Anthony Black,Orlando Magic,G,52,219,17,50,314.1,9,14,350.0,9,22,308.3,7,22,29,10,17,7,9,1,41,91,81,62,39,107.75308641975309,53.12345679012346,6.277777777777777,9.049382716049383,250.5,211.44444444444443,144.17901234567898,62.03086419753086,10
23,Anthony Davis,Los Angeles Lakers,PF,241,364,92,163,562.0,57,69,750.7,0,7,0.0,34,107,141,26,25,15,17,24,-1,408,382,267,167,463.8,161.92499999999998,39.62500000000001,0.625,949.7,837.225,543.3249999999999,234.5,10
24,Anthony Edwards,Minnesota Timberwolves,SG,273,360,100,228,420.7,55,66,842.3,18,66,276.7,7,45,52,39,15,16,24,9,34,364,325,312,91,1024.5,41.68402777777778,32.125,20.40625,1302.267361111111,1247.1840277777778,1065.625,87.7673611111111,10
25,Anthony Gill,Washington Wizards,PF,3,21,1,4,100.0,0,0,0.0,1,2,100.0,0,3,3,3,0,4,4,0,13,9,6,6,6,6.0,2.520833333333333,7.333333333333333,0.8541666666666665,11.520833333333332,14.520833333333334,7.333333333333334,5.520833333333334,3
26,Ashton Hagans,Portland Trail Blazers,G,43,187,16,41,421.3,8,11,350.0,3,11,100.0,7,19,26,32,26,7,19,7,-23,101,69,75,58,121.125,16.27777777777778,52.44444444444445,4.125,385.9027777777777,194.56944444444443,286.2361111111111,94.94444444444444,10
27,Ausar Thompson,Detroit Pistons,F,103,314,42,87,508.0,11,25,325.0,8,29,195.3,15,44,59,21,26,17,14,11,-6,183,162,124,80,121.7,31.399999999999995,24.125,8.5,347.72499999999997,237.7,200.02499999999998,87.225,10
28,Austin Reaves,Los Angeles Lakers,SG,155,345,61,117,533.0,10,12,450.0,23,52,410.7,5,43,48,62,16,5,26,4,-26,265,203,217,110,123.23140495867769,40.36776859504132,95.86776859504133,14.140495867768594,176.40082644628097,88.698347107438,253.198347107438,93.97107438016529,10
29,Ayo Dosunmu,Chicago Bulls,SG,143,383,56,131,422.2,11,13,358.3,20,60,320.59999999999997,10,32,42,62,21,13,19,5,-80,247,185,205,104,239.325,57.99999999999999,46.625,13.6,211.69999999999996,196.525,216.10000000000002,143.02499999999998,10
30,Bam Adebayo,Miami Heat,C,186,353,75,146,497.1,36,54,678.6,0,3,0.0,24,72,96,32,22,13,23,9,-3,314,282,218,128,430.9478458049887,81.10204081632654,32.6485260770975,0.0,521.641723356009,440.172335600907,490.37641723356006,135.79138321995464,10
31,Ben Sheppard,Indiana Pacers,G,77,181,28,52,525.4,3,3,200.0,18,36,442.9,2,19,21,5,21,6,2,2,19,103,98,82,26,235.48979591836735,53.281179138321995,14.551020408163266,32.56689342403628,437.9750566893424,373.3560090702948,311.3877551020408,56.55328798185941,10
32,Ben Simmons,Brooklyn Nets,PG,53,168,24,38,521.1,5,11,150.0,0,0,0.0,15,39,54,46,20,9,12,4,-5,153,107,99,100,134.88888888888889,64.0,78.88888888888889,0.0,382.0,162.8888888888889,300.0,196.88888888888889,9
33,Bennedict Mathurin,Indiana Pacers,SG,139,275,44,115,340.3,35,45,614.5,16,44,245.0,10,33,43,23,24,7,17,4,-18,205,182,162,66,753.4765625,123.6015625,38.125,30.4140625,1418.90625,1097.65625,970.9140625,265.5390625,10
34,Bilal Coulibaly,Washington Wizards,SG,75,282,26,74,422.6,12,17,533.3,11,39,230.0,9,29,38,14,25,10,11,9,-95,127,113,89,52,105.12244897959184,29.77777777777778,10.879818594104307,12.900226757369614,208.38775510204079,176.42403628117913,134.07029478458048,43.673469387755105,10
35,Bismack Biyombo,Oklahoma City Thunder,C,4,31,1,4,33.3,2,2,100.0,0,0,0.0,3,2,5,2,6,0,2,1,4,11,9,6,7,4.16,2.7600000000000002,1.04,0.0,21.240000000000002,13.0,9.36,6.84,4
36,Blake Wesley,San Antonio Spurs,G,44,142,17,32,407.1,9,10,375.0,1,7,100.0,3,15,18,31,13,3,6,3,-22,93,62,75,49,169.11111111111111,21.90625,69.2361111111111,1.0173611111111112,299.5173611111111,201.35069444444446,236.5694444444444,121.85069444444447,10
37,Boban Marjanovic,Houston Rockets,C,3,7,1,1,100.0,1,2,50.0,0,0,0.0,0,3,3,0,0,0,1,0,-3,6,6,3,3,0.0,0.44444444444444425,0.0,0.0,0.44444444444444486,0.44444444444444486,0.0,0.44444444444444425,1
38,Bobby Portis,Milwaukee Bucks,F,161,242,67,129,517.2,16,20,605.0,11,31,311.7,14,68,82,15,21,6,10,3,4,258,243,176,97,295.90277777777777,92.65625,12.51736111111111,11.26736111111111,647.0694444444445,572.0173611111111,344.6840277777777,131.44444444444446,10
39,Bogdan Bogdanovic,Atlanta Hawks,SG,155,329,53,132,387.9,20,21,850.0,29,77,373.2,7,29,36,39,16,13,24,5,54,230,191,194,75,327.24489795918373,32.45804988662131,28.31519274376417,25.743764172335602,399.80498866213156,323.85260770975054,443.4240362811791,20.546485260770975,10
40,Bojan Bogdanovic,New York Knicks,SF,122,225,41,101,348.4,18,21,550.0,22,57,338.9,5,19,24,11,22,4,17,0,-67,157,146,133,35,665.6604938271605,30.845679012345677,26.086419753086417,36.864197530864196,972.3827160493829,807.7777777777776,801.6111111111112,85.58641975308642,10
41,Bol Bol,Phoenix Suns,C,85,158,38,64,532.4,2,4,100.0,7,20,361.7,14,37,51,3,15,2,2,8,-13,139,136,88,54,497.0444444444444,122.91111111111111,2.111111111111111,4.644444444444444,1044.2444444444445,1055.1111111111113,491.20000000000005,119.99999999999999,10
42,Bones Hyland,LA Clippers,PG,47,118,19,55,331.0,1,2,50.0,8,28,240.0,1,9,10,24,14,6,9,1,-31,81,57,71,34,136.0,4.892561983471074,42.13223140495868,10.892561983471072,227.1900826446281,186.5289256198347,181.95041322314046,41.735537190082646,9
43,Bradley Beal,Phoenix Suns,SG,198,311,77,154,549.0,22,27,615.0,22,49,530.3,12,27,39,45,24,15,26,2,21,282,237,243,84,724.7889273356402,75.37370242214533,57.90657439446367,22.269896193771622,1201.107266435986,901.3044982698962,1016.3910034602076,141.48096885813152,10
44,Brandin Podziemski,Golden State Warriors,G,90,302,34,87,382.8,8,12,325.0,14,39,392.9,19,40,59,45,9,7,13,4,68,194,149,135,104,163.15702479338844,32.289256198347104,38.56611570247934,10.87603305785124,346.4669421487604,272.2892561983471,252.9462809917355,55.24380165289255,10
45,Brandon Boston Jr.,LA Clippers,SG,35,83,14,40,246.0,4,8,200.0,3,10,183.3,6,6,12,2,9,1,0,5,-17,49,47,37,14,114.32142857142856,23.0,1.5714285714285716,2.0357142857142856,202.89285714285714,173.17857142857142,133.4642857142857,35.142857142857146,7
46,Brandon Ingram,New Orleans Pelicans,SF,197,331,72,149,494.7,40,52,669.5,13,35,346.2,6,43,49,65,27,9,37,7,47,311,246,262,114,607.3545706371191,45.509695290858716,33.06094182825484,10.146814404432133,629.0,782.0609418282548,464.50969529085876,68.35457063711912,10
47,Brandon Miller,Charlotte Hornets,F,186,356,75,176,421.5,11,15,466.7,25,79,314.4,7,45,52,30,22,13,21,5,-71,268,238,216,82,199.17202268431004,53.72400756143667,42.6805293005671,9.29867674858223,386.86200378071834,415.98865784499054,187.64083175803407,78.80907372400756,10
48,Brandon Williams,Dallas Mavericks,G,7,24,2,9,83.3,3,4,100.0,0,2,0.0,1,1,2,4,1,0,1,0,-12,13,9,11,6,18.22448979591837,3.183673469387756,4.081632653061224,0.0,30.46938775510204,15.448979591836734,29.0,11.510204081632653,4
49,Braxton Key,Denver Nuggets,F,2,6,1,1,100.0,0,1,0.0,0,0,0.0,1,1,2,0,1,0,0,0,2,4,4,2,2,2.25,1.0,0.0,0.0,6.25,6.25,2.25,1.0,1
50,Brice Sensabaugh,Utah Jazz,F,66,179,25,53,386.1,7,8,266.7,9,27,320.0,4,21,25,12,14,4,15,0,-22,103,91,78,37,218.06249999999997,110.25,16.0,6.5625,524.0625,482.72916666666674,242.0625,143.58333333333334,9
51,Brook Lopez,Milwaukee Bucks,C,90,288,30,72,384.4,11,14,450.0,19,46,407.9,13,27,40,15,17,4,7,17,94,145,130,105,55,208.0,40.0,16.50566893424036,19.281179138321995,349.9342403628119,306.0,237.45804988662132,70.98185941043084,10
52,Bruce Brown,Toronto Raptors,SF,79,254,30,77,352.9,16,16,700.0,3,20,133.3,7,31,38,22,16,3,9,1,-81,139,117,101,60,187.63667820069205,84.65743944636678,22.33217993079585,2.3910034602076125,509.75432525951555,389.5051903114187,274.0934256055363,140.78200692041523,10
53,Bruno Fernando,Atlanta Hawks,PF,63,202,26,46,515.8,11,16,425.0,0,0,0.0,21,41,62,12,28,12,12,10,-27,137,125,75,74,102.5,131.9591836734694,14.0,0.0,198.4591836734694,187.31632653061226,124.5,135.10204081632654,10
54,Bryce McGowens,Charlotte Hornets,G,54,155,18,37,330.8,13,18,441.7,5,15,180.0,3,21,24,8,15,7,4,3,-10,86,78,62,32,234.40625,28.0,5.65625,6.8515625,395.625,383.40625,249.625,30.65625,10
55,Buddy Hield,Philadelphia 76ers,SG,115,283,41,108,385.0,7,7,200.0,26,70,399.7,8,28,36,35,20,10,10,4,-23,186,151,150,71,89.61111111111111,25.350694444444446,18.600694444444446,6.434027777777779,182.7361111111111,182.90625,106.2673611111111,27.125,10
56,CJ McCollum,New Orleans Pelicans,SG,153,284,57,146,368.7,12,15,308.4,27,77,331.9,4,37,41,34,15,5,12,4,38,228,194,187,75,679.5318559556787,15.166204986149586,46.75900277008311,30.196675900277008,1024.1994459833795,819.3019390581718,881.8476454293628,64.50692520775623,10
57,Cade Cunningham,Detroit Pistons,PG,254,329,90,187,481.5,42,46,647.8,32,73,445.8,9,42,51,79,19,5,31,4,43,384,305,333,130,584.253086419753,36.77777777777777,43.34567901234567,23.160493827160494,929.6111111111109,827.2160493827162,690.2777777777777,76.49382716049382,10
58,Caleb Houstan,Orlando Magic,G,32,118,10,23,211.1,2,2,100.0,10,21,244.4,3,10,13,3,11,2,2,2,1,48,45,35,16,138.18934911242602,26.98816568047338,1.7218934911242603,16.650887573964496,244.42603550295857,235.80473372781066,137.4733727810651,38.047337278106504,6
59,Caleb Martin,Miami Heat,SF,117,296,40,90,446.2,15,18,626.7,22,43,551.3,11,37,48,19,26,6,13,9,33,184,165,136,67,154.77777777777777,51.35600907029478,15.090702947845806,16.975056689342402,331.41043083900234,298.38775510204084,191.04308390022678,63.20408163265306,10
60,Cam Reddish,Los Angeles Lakers,SF,23,83,8,17,193.3,2,6,75.0,5,11,183.3,3,4,7,1,5,3,2,4,7,31,30,24,8,48.138888888888886,7.472222222222222,0.8055555555555556,2.1388888888888884,42.138888888888886,35.0,58.0,5.555555555555556,5
61,Cam Thomas,Brooklyn Nets,SG,200,317,73,174,399.2,26,31,866.7,28,63,420.4,7,29,36,37,20,10,16,0,-37,273,236,237,73,620.9896193771627,58.5121107266436,39.30449826989619,32.68512110726643,781.1868512110727,694.9826989619377,658.3287197231834,146.681660899654,10
62,Cam Whitmore,Houston Rockets,F,126,203,48,111,415.2,17,26,385.0,13,50,239.8,14,31,45,5,11,5,15,5,3,176,171,131,50,215.05817174515238,60.56232686980609,2.673130193905817,12.290858725761774,347.16343490304706,345.24376731301936,225.77008310249312,54.44321329639889,10
63,Cameron Johnson,Brooklyn Nets,SF,130,248,42,96,410.8,22,26,571.7,24,62,370.9,7,28,35,21,21,10,10,5,-34,186,165,151,56,588.1777777777778,62.377777777777766,19.0,36.44444444444444,800.4000000000001,686.6,700.1111111111112,83.24444444444444,10
64,Cameron Payne,Philadelphia 76ers,PG,102,194,38,94,404.6,11,12,475.0,15,44,269.6,3,10,13,26,23,4,11,3,-20,141,115,128,39,252.74380165289253,24.334710743801654,48.87603305785124,19.016528925619834,382.18595041322317,335.6570247933884,294.80991735537185,77.67355371900827,10
65,Caris LeVert,Cleveland Cavaliers,SG,116,309,42,117,360.6,17,23,493.3,15,51,271.09999999999997,5,47,52,73,17,13,19,7,15,241,168,189,125,190.56611570247935,76.59504132231406,133.6404958677686,11.016528925619834,900.8842975206612,445.5578512396694,537.6280991735537,318.5,10
66,Cason Wallace,Oklahoma City Thunder,G,74,191,29,59,450.5,1,3,100.0,15,32,400.0,7,18,25,13,11,8,8,6,8,112,99,87,38,362.40277777777777,16.77777777777778,14.184027777777779,18.5,514.1840277777777,427.125,450.15625,30.26736111111111,10
67,Cedi Osman,San Antonio Spurs,SF,36,142,15,32,400.0,0,0,0.0,6,19,216.6,3,18,21,18,12,6,8,0,-32,75,57,54,39,120.425,15.0,21.200000000000003,6.425,117.72500000000002,148.125,100.42500000000001,25.8,10
68,Charlie Brown Jr.,New York Knicks,G,3,27,1,5,20.0,0,0,0.0,1,3,33.3,1,1,2,0,4,0,0,1,-6,5,5,3,2,6.12,2.7200000000000006,0.0,0.6800000000000002,17.0,17.0,6.12,2.7200000000000006,2
69,Chet Holmgren,Oklahoma City Thunder,PF,175,302,66,123,530.7,27,31,610.0,16,46,285.8,17,73,90,30,17,3,13,15,42,295,265,205,120,480.2673611111111,112.43402777777779,41.73611111111111,20.944444444444446,943.125,768.2777777777777,652.8506944444445,156.43402777777777,10
70,Chimezie Metu,Phoenix Suns,PF,6,29,3,5,150.0,0,0,0.0,0,0,0.0,2,9,11,2,2,2,3,0,-7,19,17,8,13,11.0,27.0,1.0000000000000002,0.0,71.66666666666666,56.0,18.0,36.666666666666664,3
71,Chris Boucher,Toronto Raptors,PF,69,120,25,35,573.3,15,18,500.0,4,12,216.7,13,27,40,5,11,1,9,5,7,114,109,74,45,142.20987654320987,47.580246913580254,5.913580246913581,4.0246913580246915,410.0,329.0246913580247,192.69135802469134,83.98765432098766,8
72,Chris Duarte,Sacramento Kings,SG,45,117,16,33,325.0,2,3,150.0,11,23,316.7,6,17,23,5,8,5,0,3,4,73,68,50,28,234.15702479338844,19.330578512396695,3.87603305785124,12.173553719008265,341.5123966942149,314.7768595041323,253.68595041322317,30.413223140495866,8
73,Chris Livingston,Milwaukee Bucks,F,0,6,0,2,0.0,0,0,0.0,0,2,0.0,0,1,1,1,4,0,1,0,-10,2,1,1,2,0.0,0.0625,0.5625,0.0,1.0,0.0625,0.5625,1.0,1
74,Chris Paul,Golden State Warriors,PG,85,199,33,71,361.0,5,6,175.0,14,33,325.0,4,30,34,55,11,17,9,0,-11,174,119,140,89,193.875,29.5,18.875,7.5,335.5,342.875,184.0,50.875,8
75,Christian Braun,Denver Nuggets,G,63,199,25,50,533.7,6,12,208.3,7,20,250.0,10,31,41,13,24,7,6,8,55,117,104,76,54,136.88662131519274,57.21315192743765,12.736961451247165,8.265306122448981,280.34693877551024,301.42403628117916,123.98185941043084,61.77777777777777,10
76,Christian Wood,Los Angeles Lakers,F,59,133,22,51,477.0,11,14,450.0,4,19,225.0,6,28,34,6,12,5,5,2,-14,99,93,65,40,153.90277777777777,54.402777777777786,4.625,2.4444444444444446,305.125,285.0,156.7777777777778,76.27777777777777,10
77,Chuma Okeke,Orlando Magic,PF,0,19,0,2,0.0,0,0,0.0,0,2,0.0,0,1,1,1,2,1,0,0,-3,2,1,1,2,1.2148760330578512,0.6776859504132231,0.8429752066115701,0.024793388429752067,1.0,1.6611570247933882,1.1322314049586777,0.9421487603305785,3
78,Clint Capela,Atlanta Hawks,C,107,232,45,86,519.1,17,22,525.0,0,0,0.0,41,60,101,15,23,2,13,11,24,223,208,122,116,223.0,87.8,15.044444444444444,0.0,577.9777777777778,539.6,265.77777777777777,98.44444444444444,10
79,Coby White,Chicago Bulls,PG,195,392,66,163,402.3,35,38,855.0,28,82,324.5,7,40,47,52,27,8,22,2,-55,294,242,247,99,568.5999999999999,37.0,93.2,37.699999999999996,852.8000000000002,612.0,730.5999999999999,209.0,10
80,Cody Martin,Charlotte Hornets,SF,69,285,28,76,367.2,6,7,250.0,7,30,228.2,6,44,50,42,15,11,20,7,-28,161,119,111,92,111.0,28.18685121107267,64.68512110726644,2.6816608996539792,183.02076124567472,112.9515570934256,173.33217993079583,100.60899653979239,10
81,Cody Zeller,New Orleans Pelicans,C,7,31,3,6,200.0,1,2,50.0,0,0,0.0,5,10,15,3,5,2,3,0,14,25,22,10,18,3.3209876543209877,4.246913580246914,3.2098765432098766,0.0,16.061728395061728,11.222222222222221,6.061728395061729,9.555555555555555,5
82,Colby Jones,Sacramento Kings,G,4,12,2,5,83.3,0,0,0.0,0,0,0.0,0,4,4,2,1,0,0,0,5,10,8,6,6,0.5,2.5,0.125,0.0,5.125,4.0,1.125,3.125,2
83,Cole Anthony,Orlando Magic,PG,109,233,41,101,401.5,18,24,620.8,9,37,265.0,5,31,36,33,26,10,11,6,-2,178,145,142,69,223.77551020408166,44.40816326530612,48.99546485260771,7.244897959183672,267.60090702947844,212.38775510204084,320.281179138322,52.111111111111114,10
84,Cole Swider,Miami Heat,F,2,18,0,6,0.0,2,2,100.0,0,5,0.0,0,2,2,1,1,0,3,0,-9,5,4,3,3,2.666666666666667,0.6666666666666667,0.6666666666666667,0.0,8.666666666666666,4.666666666666667,6.0,2.0,3
85,Collin Gillespie,Denver Nuggets,G,30,64,11,20,197.8,1,3,50.0,7,11,200.0,0,7,7,7,6,5,5,0,8,44,37,37,14,157.84,3.24,7.24,9.24,242.96,167.15999999999997,231.16,12.96,4
86,Collin Sexton,Utah Jazz,PG,217,313,70,146,469.5,55,65,865.6,22,49,358.4,10,17,27,59,21,15,23,2,19,303,244,276,86,371.51239669421494,30.107438016528928,47.11157024793389,26.0,599.3099173553719,444.793388429752,514.5495867768595,88.69834710743801,10
87,Corey Kispert,Washington Wizards,SF,151,273,53,109,468.5,19,26,508.3,26,62,400.6,5,26,31,25,17,7,17,3,-48,207,182,176,56,372.5349716446125,23.03780718336484,53.56332703213611,24.461247637051038,667.8582230623819,450.42344045368617,543.7353497164461,122.83553875236295,10
88,Cory Joseph,Golden State Warriors,PG,27,71,10,16,316.7,0,0,0.0,7,11,316.7,2,9,11,6,6,0,1,0,9,44,38,33,17,31.2,10.8,2.8000000000000003,3.2,28.8,47.2,21.2,5.2,5
89,Craig Jr. Porter,Cleveland Cavaliers,G,49,92,20,38,325.2,5,5,300.0,4,8,125.0,5,13,18,12,7,2,5,0,-20,79,67,61,30,259.81065088757396,31.183431952662723,13.810650887573964,8.201183431952662,511.1834319526627,425.26627218934914,340.0,50.721893491124256,7
90,D'Angelo Russell,Los Angeles Lakers,PG,210,356,77,155,483.2,19,25,660.0,37,82,435.0,4,34,38,57,21,10,22,4,10,305,248,267,95,777.1111111111112,30.36281179138322,51.40816326530613,40.13832199546485,1268.6734693877552,1017.6326530612245,1009.3764172335602,100.54648526077098,10
91,D.J. Carton,Toronto Raptors,G,8,31,2,7,83.3,3,4,150.0,1,4,50.0,2,1,3,3,1,1,1,0,-30,14,11,11,6,8.666666666666668,2.0,2.0,0.6666666666666667,8.666666666666666,2.6666666666666665,18.666666666666668,0.0,3
92,Daishen Nix,Minnesota Timberwolves,SG,5,5,2,3,66.7,0,0,0.0,1,2,50.0,0,0,0,0,1,1,0,0,6,5,5,5,0,9.0,0.0,0.08163265306122448,0.32653061224489793,7.367346938775511,9.0,7.367346938775511,0.08163265306122448,1
93,Dalano Banton,Portland Trail Blazers,G,144,231,53,122,409.0,19,28,526.7,19,48,345.8,15,31,46,29,18,3,11,6,-24,219,190,173,75,859.6955017301038,88.51903114186851,34.273356401384085,29.31833910034602,1707.3321799307957,1396.0,1123.0207612456747,170.7993079584775,10
94,Dalen Terry,Chicago Bulls,F,31,114,13,28,438.3,2,4,100.0,3,12,183.3,5,13,18,17,17,9,3,0,2,66,49,48,35,42.56213017751479,28.74556213017751,7.094674556213017,2.100591715976331,111.66863905325444,100.46745562130177,52.82840236686391,36.77514792899408,10
95,Damian Jones,Cleveland Cavaliers,C,35,86,13,23,415.4,9,11,450.0,0,3,0.0,10,15,25,5,7,3,4,6,-45,65,60,40,30,87.1404958677686,46.446280991735534,3.5041322314049586,0.0,207.53719008264466,198.0165289256198,98.0,48.61157024793388,7
96,Damian Lillard,Milwaukee Bucks,PG,235,350,75,176,419.5,48,52,924.0,37,91,397.59999999999997,2,54,56,74,22,9,27,3,90,365,291,309,130,773.5619834710744,71.5206611570248,93.55785123966943,29.657024793388427,1200.0371900826447,907.198347107438,1002.7479338842976,228.73140495867767,10
97,Daniel Gafford,Dallas Mavericks,C,94,176,40,46,619.1,14,23,431.7,0,0,0.0,18,38,56,6,27,6,6,14,-9,156,150,100,62,509.6417233560091,125.99546485260768,5.64172335600907,0.0,1133.5510204081634,1011.3560090702949,588.4444444444445,175.02947845804985,10
98,Daniel Theis,LA Clippers,C,61,174,28,52,521.1,1,1,100.0,4,15,275.0,13,39,52,9,17,1,8,9,22,122,113,70,61,95.02216066481995,125.45706371191137,6.218836565096953,2.404432132963989,295.8171745152355,254.70637119113576,128.2437673130194,139.56509695290862,10
99,Danilo Gallinari,Milwaukee Bucks,PF,26,97,8,22,383.3,9,10,275.0,1,10,100.0,5,7,12,9,8,2,4,1,-27,47,38,35,21,110.80000000000001,13.6,14.91111111111111,1.8000000000000003,143.7111111111111,130.0,116.11111111111111,36.91111111111111,10
100,Dante Exum,Dallas Mavericks,G,45,156,13,29,396.6,13,17,500.0,6,10,400.0,2,17,19,25,12,1,4,0,28,89,64,70,44,118.0,16.88888888888889,27.555555555555557,6.000000000000001,250.88888888888889,152.88888888888889,195.55555555555551,64.88888888888889,9
101,Danuel House Jr.,Philadelphia 76ers,SF,42,143,14,30,276.3,13,15,466.7,1,11,33.3,6,11,17,7,16,7,3,3,-26,66,59,49,24,42.0,11.714285714285715,8.0,0.8571428571428572,41.714285714285715,51.714285714285715,40.0,11.714285714285715,7
102,Dario Saric,Golden State Warriors,PF,28,112,12,37,298.3,2,3,100.0,2,21,83.3,7,17,24,19,8,0,12,1,-23,71,52,47,43,71.2,22.425,14.125,3.2,141.3,98.62500000000001,94.72500000000001,55.7,10
103,Darius Garland,Cleveland Cavaliers,PG,205,360,70,168,408.2,23,29,637.4,42,93,437.3,5,18,23,64,28,9,33,0,13,292,228,269,87,737.0,21.308390022675734,38.55328798185941,70.93424036281179,870.2675736961453,939.641723356009,690.8866213151927,36.600907029478456,10
104,David Roddy,Phoenix Suns,F,68,169,27,69,480.3,9,15,301.7,5,25,143.3,5,24,29,13,7,2,14,0,-88,110,97,81,42,349.0390625,111.0,22.1015625,8.5390625,829.625,651.9140625,488.125,171.7265625,10
105,Davion Mitchell,Sacramento Kings,PG,69,156,28,45,612.1,2,2,100.0,11,25,310.0,2,10,12,17,15,1,6,1,-6,98,81,86,29,205.4045368620038,9.708884688090738,10.122873345935728,15.0,242.7750472589792,233.0,208.07939508506618,26.931947069943288,10
106,Davis Bertans,Charlotte Hornets,SF,103,207,34,82,465.5,5,7,216.7,30,70,474.7,5,16,21,13,16,7,3,2,15,137,124,116,34,175.31111111111113,52.11111111111111,19.0,14.444444444444443,389.0,320.4,213.1111111111111,101.91111111111111,10
107,Day'Ron Sharpe,Brooklyn Nets,C,60,145,24,39,655.1,9,16,250.0,3,5,200.0,21,32,53,18,18,4,13,4,-10,131,113,78,71,82.0,34.239669421487605,15.652892561983467,4.107438016528926,205.26446280991735,164.23966942148758,123.65289256198348,49.264462809917354,10
108,De'Aaron Fox,Sacramento Kings,PG,302,371,122,239,518.0,37,47,723.4,21,68,302.0,15,46,61,63,25,22,33,4,47,426,363,365,124,706.7437641723354,77.44444444444443,65.40816326530613,18.918367346938773,957.2335600907032,907.1723356009071,794.5192743764172,105.13832199546489,10
109,De'Andre Hunter,Atlanta Hawks,SF,171,280,58,117,502.0,34,43,661.1,21,50,433.6,3,33,36,12,23,7,10,1,16,219,207,183,48,169.90625,40.90625,7.6015625,6.90625,278.2890625,269.125,163.4140625,64.1640625,10
110,De'Anthony Melton,Philadelphia 76ers,SG,23,43,7,20,75.0,4,4,200.0,5,14,75.0,0,5,5,5,3,2,1,1,-2,33,28,28,10,128.66666666666666,2.666666666666667,2.666666666666667,8.666666666666666,206.0,164.66666666666669,164.66666666666669,10.666666666666668,3
111,DeAndre Jordan,Denver Nuggets,C,23,71,11,19,550.0,1,3,100.0,0,0,0.0,14,17,31,2,10,0,1,3,-23,56,54,25,33,27.222222222222225,45.691358024691354,1.5061728395061729,0.0,92.46913580246914,79.72839506172839,33.32098765432099,53.839506172839506,8
112,DeJon Jarreau,Memphis Grizzlies,F,15,49,6,17,70.8,2,2,100.0,1,3,50.0,1,14,15,11,5,5,4,0,13,41,30,26,26,0.5555555555555558,13.888888888888888,0.5555555555555558,0.5555555555555556,5.0,8.888888888888888,2.222222222222223,8.888888888888888,2
113,DeMar DeRozan,Chicago Bulls,SF,247,377,77,163,489.2,81,89,927.6,12,32,280.0,6,45,51,57,19,5,12,3,-31,355,298,304,108,598.325,86.925,57.0,12.225,910.6,858.0,593.625,201.22499999999997,10
114,Dean Wade,Cleveland Cavaliers,PF,46,178,15,35,260.2,5,7,216.7,11,31,233.4,4,27,31,7,8,3,1,9,-23,84,77,53,38,468.50000000000006,35.125,6.125,31.525000000000006,718.8,714.725,466.12499999999994,47.699999999999996,10
115,Deandre Ayton,Portland Trail Blazers,C,189,319,90,146,594.2,9,9,400.0,0,1,0.0,33,89,122,21,15,11,14,10,-48,332,311,210,143,725.125,312.2265625,11.0,0.0,1737.5390625,1766.4140625,727.625,291.8515625,10
116,Dejounte Murray,Atlanta Hawks,SG,230,363,90,193,458.2,27,38,745.2,23,71,294.7,10,51,61,81,11,13,26,5,-20,372,291,311,142,528.1234567901234,81.34567901234567,72.32716049382717,30.45679012345679,640.5,697.9382716049382,533.2901234567901,91.0679012345679,10
117,Delon Wright,Miami Heat,SG,42,130,15,30,516.6,7,8,183.3,5,11,350.0,4,11,15,21,3,8,0,3,1,78,57,63,36,112.44444444444446,6.377777777777778,30.77777777777777,4.777777777777779,237.6,136.64444444444445,194.64444444444445,55.91111111111111,10
118,Deni Avdija,Washington Wizards,SF,182,347,68,143,468.6,30,43,638.3,16,42,336.6,21,71,92,27,27,5,25,5,-35,301,274,209,119,906.7755102040817,188.8798185941043,19.308390022675738,28.458049886621318,1619.5668934240362,1541.219954648526,959.9342403628118,233.3764172335601,10
119,Dennis Schroder,Brooklyn Nets,PG,172,323,66,129,510.4,12,19,296.4,28,53,538.3000000000001,5,22,27,64,16,7,26,3,-1,263,199,236,91,474.5532879818594,51.30839002267573,64.49886621315194,24.0,772.3151927437643,523.4897959183673,702.4081632653063,136.7777777777778,10
120,Dennis Smith Jr.,Brooklyn Nets,PG,55,190,20,56,360.5,8,13,383.3,7,24,241.5,7,18,25,32,23,12,9,2,21,112,80,87,57,112.54958677685951,29.0,46.03719008264463,2.5,171.70247933884295,94.91322314049587,181.2479338842975,83.12809917355372,10
121,Dereck II Lively,Dallas Mavericks,C,80,192,37,46,718.5,6,13,275.0,0,0,0.0,17,22,39,8,21,10,3,17,37,127,119,88,47,384.530612244898,44.34693877551021,8.0,0.0,750.5510204081631,628.8367346938776,483.6734693877551,74.9183673469388,10
122,Derrick Jones Jr.,Dallas Mavericks,SF,57,148,20,38,398.7,8,14,350.0,9,20,215.0,6,15,21,8,7,5,5,4,25,86,78,65,29,380.1024930747922,62.313019390581715,3.689750692520775,23.930747922437668,584.797783933518,600.831024930748,374.5623268698061,55.50969529085873,10
123,Derrick Rose,Memphis Grizzlies,PG,49,95,20,37,377.7,5,6,266.7,4,8,233.3,0,15,15,21,3,1,9,0,-9,85,64,70,36,70.0,14.857142857142858,12.0,3.7142857142857144,188.85714285714286,116.85714285714286,128.0,40.857142857142854,7
124,Derrick White,Boston Celtics,PG,129,323,48,96,496.2,10,10,500.0,23,53,323.6,9,41,50,63,18,12,15,20,140,242,179,192,113,558.0206611570247,27.458677685950406,38.65289256198348,57.55785123966942,391.1570247933885,485.6942148760331,447.7396694214876,81.85537190082647,10
125,Devin Booker,Phoenix Suns,SG,263,347,91,193,465.5,64,72,921.0,17,54,285.4,11,26,37,54,28,10,23,4,-6,354,300,317,91,712.2595155709342,40.37024221453287,74.67128027681662,30.363321799307958,1159.8339100346022,954.4013840830452,906.8615916955017,125.8719723183391,10
126,Devin Vassell,San Antonio Spurs,SG,210,367,81,167,467.3,21,29,743.3,27,60,458.2,8,42,50,54,12,10,26,9,-17,314,260,264,104,666.3024574669187,83.20982986767486,63.6937618147448,16.417769376181475,1014.4045368620039,732.7221172022684,945.992438563327,148.8960302457467,10
127,Devonte' Graham,San Antonio Spurs,PG,11,27,4,8,125.0,0,0,0.0,3,6,150.0,0,7,7,0,2,1,0,0,12,18,18,11,7,46.111111111111114,2.1111111111111107,0.0,3.0,58.0,58.0,46.111111111111114,2.1111111111111107,4
128,Dillon Brooks,Houston Rockets,SF,78,310,30,83,319.3,5,8,250.0,13,49,248.6,7,27,34,17,23,8,8,1,-19,129,112,95,51,373.0694444444444,40.444444444444436,6.184027777777778,17.90277777777778,384.4340277777779,361.625,395.6006944444445,46.90625,10
129,Domantas Sabonis,Sacramento Kings,PF,199,364,84,144,601.8,28,40,651.7,3,8,250.0,46,103,149,89,27,13,32,7,21,437,348,288,238,271.3137996219282,123.51417769376181,56.53497164461248,2.281663516068053,446.296786389414,422.1928166351607,317.6219281663516,157.84499054820415,10
130,Dominick Barlow,San Antonio Spurs,F,52,112,19,32,403.3,14,18,366.6,0,1,0.0,17,15,32,10,17,3,1,4,-12,94,84,62,42,224.48000000000005,60.32000000000001,29.0,0.0,557.88,447.67999999999995,328.28,95.72000000000001,7
131,Donovan Mitchell,Cleveland Cavaliers,SG,274,361,89,178,488.7,55,62,912.8,41,89,457.3,5,48,53,54,23,16,32,7,75,381,327,328,107,633.7777777777777,34.37777777777778,23.111111111111107,17.0,927.8444444444444,809.311111111111,735.5999999999999,74.20000000000002,10
132,Donte DiVincenzo,New York Knicks,SG,179,362,63,169,375.5,10,12,350.0,43,121,363.7,12,34,46,34,21,17,25,8,23,259,225,213,80,312.8367346938775,41.38775510204082,30.55328798185941,20.600907029478456,395.56689342403627,343.530612244898,378.4512471655329,58.36281179138322,10
133,Dorian Finney-Smith,Brooklyn Nets,PF,106,314,40,82,484.1,7,8,275.0,19,53,400.0,21,33,54,25,20,8,13,5,60,185,160,131,79,209.90311418685118,62.629757785467135,32.57785467128028,13.539792387543255,443.28373702422147,407.7231833910035,245.51211072664358,95.159169550173,10
134,Doug McDermott,Indiana Pacers,SF,38,119,14,43,275.0,1,4,50.0,9,35,206.6,1,6,7,7,7,1,2,0,-14,52,45,45,14,158.70408163265304,6.10204081632653,11.0,11.489795918367347,205.19387755102042,183.76530612244898,185.8469387755102,11.387755102040817,10
135,Draymond Green,Golden State Warriors,PF,72,260,27,62,474.1,11,15,375.0,7,19,303.3,15,65,80,54,29,8,29,10,-12,206,152,126,134,74.35069444444446,100.06944444444444,78.51736111111111,4.569444444444445,375.11111111111114,153.90625,248.625,225.51736111111111,10
136,Drew Eubanks,Phoenix Suns,PF,43,155,16,25,520.0,11,12,375.0,0,0,0.0,15,29,44,5,11,4,6,10,-39,92,87,48,49,113.65702479338843,68.40082644628099,3.0165289256198347,0.0,309.2396694214876,301.7933884297521,127.06198347107437,65.45867768595042,10
137,Duncan Robinson,Miami Heat,F,144,335,50,111,465.5,10,11,466.7,34,83,414.3,2,25,27,37,28,10,18,4,37,208,171,181,64,260.44444444444446,22.944444444444446,87.6111111111111,27.01234567901235,255.7777777777777,250.27777777777774,216.5,160.0,10
138,Duop Reath,Portland Trail Blazers,C,115,214,44,91,448.2,12,19,327.4,15,42,300.0,18,19,37,8,28,5,11,10,-47,160,152,123,45,577.125,44.125,7.625,28.6,860.225,756.5,654.5,78.10000000000001,10
139,Dwight Powell,Dallas Mavericks,C,20,119,7,12,450.0,6,11,325.0,0,0,0.0,12,20,32,9,19,0,9,3,-9,61,52,29,41,29.224489795918366,70.73469387755102,8.41326530612245,0.0,168.25,139.87755102040813,38.69897959183673,98.04591836734694,9
140,Dylan Windler,Los Angeles Lakers,G,3,14,1,4,25.0,0,0,0.0,1,4,25.0,0,1,1,2,1,0,0,0,-7,6,4,5,3,4.591836734693878,0.510204081632653,0.16326530612244897,0.510204081632653,2.6530612244897966,2.163265306122449,5.0,0.7551020408163267,2
141,Dyson Daniels,New Orleans Pelicans,G,38,181,16,32,311.4,1,2,50.0,5,13,250.0,7,20,27,20,12,15,12,8,25,85,65,58,47,123.55555555555556,24.0,25.555555555555557,4.222222222222222,146.22222222222223,113.55555555555556,128.22222222222223,77.55555555555556,9
142,Emoni Bates,Cleveland Cavaliers,F,7,12,3,7,42.9,0,2,0.0,1,4,25.0,0,1,1,0,0,0,1,0,-3,8,8,7,1,0.0,0.0,0.0,0.0,0.0,0.0,0.0,0.0,1
143,Eric Gordon,Phoenix Suns,SG,107,281,37,89,376.9,14,17,516.7,19,52,325.6,2,13,15,20,7,10,9,5,-1,142,122,127,35,510.681660899654,7.546712802768166,12.0,21.37370242214533,630.7889273356401,532.7889273356402,604.6816608996539,23.54671280276817,10
144,Eugene Omoruyi,Washington Wizards,F,37,101,16,43,351.3,5,8,300.0,0,7,0.0,10,17,27,9,19,9,6,0,-79,73,64,46,36,74.2,22.200000000000003,10.91111111111111,0.044444444444444446,86.11111111111111,54.4,98.57777777777778,40.44444444444444,10
145,Evan Fournier,Detroit Pistons,SG,62,154,21,52,347.6,8,9,450.0,12,35,262.5,1,16,17,13,14,8,4,1,-26,92,79,75,30,301.40277777777777,15.569444444444446,18.125,13.777777777777779,452.40277777777777,358.9444444444444,403.44444444444446,25.111111111111114,10
146,Evan Mobley,Cleveland Cavaliers,PF,147,305,60,107,547.9,24,42,522.6,3,14,175.0,25,76,101,35,27,12,16,20,-29,283,248,182,136,371.84429065743944,105.37370242214533,75.2006920415225,2.6262975778546713,782.1418685121107,674.0,423.83391003460207,236.7266435986159,10
147,Frank Ntilikina,Charlotte Hornets,PG,5,39,1,8,50.0,2,2,100.0,1,7,50.0,1,4,5,3,4,0,0,0,0,13,10,8,8,19.0,7.0,6.84,0.7600000000000002,24.439999999999998,14.0,18.64,24.640000000000004,4
148,Franz Wagner,Orlando Magic,SF,157,320,62,132,483.8,27,36,734.2,6,39,101.19999999999999,4,45,49,30,22,8,26,7,25,236,206,187,79,401.93424036281175,29.743764172335602,42.1859410430839,18.93424036281179,659.9591836734693,507.3560090702947,551.2811791383219,75.1859410430839,10
149,Fred VanVleet,Houston Rockets,PG,190,380,60,139,433.3,33,36,691.7,37,89,410.0,6,34,40,73,27,16,20,3,36,303,230,263,113,369.18559556786704,34.02770083102493,68.19667590027701,33.45983379501385,701.0609418282548,532.4265927977839,539.3379501385041,100.70637119113573,10
150,Furkan Korkmaz,Philadelphia 76ers,SG,41,116,13,29,278.6,7,10,241.7,8,18,258.3,3,12,15,12,6,3,2,2,22,68,56,53,27,292.875,14.875,10.0,20.0,404.0,340.0,363.875,17.875,8
151,GG Jackson,Memphis Grizzlies,F,148,269,50,123,407.6,31,41,667.5,17,59,286.0,11,23,34,8,13,2,18,4,-47,190,182,156,42,647.6404958677687,43.47520661157025,8.202479338842975,28.53719008264463,781.4586776859504,689.4214876033058,719.3553719008264,72.0,10
152,Garrett Temple,Toronto Raptors,SF,5,12,2,4,50.0,1,2,50.0,0,2,0.0,1,0,1,0,2,1,1,0,-4,6,6,5,1,16.0,0.16000000000000003,0.0,0.0,19.360000000000003,19.360000000000003,16.0,0.16000000000000003,1
153,Garrison Mathews,Atlanta Hawks,SG,26,153,8,27,308.3,3,3,100.0,7,23,308.4,5,12,17,2,18,2,0,0,-21,45,43,28,19,46.95290858725762,28.878116343490305,1.6398891966759006,6.102493074792244,129.33795013850417,116.61218836565098,50.83102493074792,39.365650969529085,10
154,Gary Harris,Orlando Magic,SG,76,249,27,49,557.6,3,5,150.0,19,33,580.0,3,14,17,13,17,11,6,3,8,106,93,89,30,100.48979591836734,14.836734693877549,16.26530612244898,11.979591836734695,166.0,151.40816326530614,119.9795918367347,26.20408163265306,10
155,Gary Payton II,Golden State Warriors,SG,48,145,22,37,399.2,1,3,50.0,3,5,250.0,15,12,27,9,12,11,6,4,14,84,75,57,36,237.0532544378698,26.10059171597633,5.994082840236687,2.171597633136095,263.6686390532544,265.84023668639054,233.53254437869822,33.44378698224852,10
156,Gary Trent Jr.,Toronto Raptors,SG,163,330,61,142,429.4,13,16,441.7,28,82,349.6,7,32,39,17,14,10,4,4,3,219,202,180,56,555.7,26.125000000000004,19.325,19.625,526.5,529.225,539.625,58.79999999999999,10
157,Georges Niang,Cleveland Cavaliers,SF,88,223,34,73,448.5,3,3,200.0,17,44,367.1,2,30,32,16,17,7,9,2,23,136,120,104,48,371.10069444444446,23.73611111111111,23.111111111111114,22.902777777777775,593.90625,473.0173611111111,473.76736111111114,65.06944444444444,10
158,Giannis Antetokounmpo,Milwaukee Bucks,PF,313,352,112,176,640.1,80,114,702.7,9,19,483.3,20,84,104,70,23,5,26,5,39,487,417,383,174,440.8147448015123,131.55009451795843,118.30245746691871,5.31758034026465,1037.0793950850662,777.7372400756144,743.3364839319471,206.67296786389414,10
159,Goga Bitadze,Orlando Magic,C,18,85,7,14,320.0,4,7,183.3,0,2,0.0,7,12,19,6,10,2,7,8,14,43,37,24,25,39.18343195266272,55.88165680473373,7.047337278106509,0.0,211.78106508875737,163.24260355029588,57.75739644970414,92.89349112426035,7
160,Gordon Hayward,Oklahoma City Thunder,SF,44,172,16,39,411.2,8,12,310.0,4,7,300.0,7,23,30,22,10,4,6,0,-10,96,74,66,52,118.40277777777777,22.27777777777778,39.625,2.4027777777777777,230.94444444444446,182.73611111111111,166.44444444444446,62.06944444444444,10
161,Gradey Dick,Toronto Raptors,G,112,265,45,93,477.8,1,1,100.0,21,52,418.5,8,25,33,15,13,6,5,0,-61,160,145,127,48,266.8526077097506,15.662131519274377,44.50566893424036,15.281179138321995,479.7777777777778,308.9183673469388,424.9002267573696,72.97959183673468,10
162,Grant Williams,Charlotte Hornets,PF,112,316,38,80,489.6,26,36,491.3,10,33,363.3,16,35,51,26,36,8,25,5,-56,189,163,138,77,341.92148760330576,93.97107438016529,20.54958677685951,12.049586776859506,651.8553719008265,562.3388429752066,383.603305785124,162.3553719008264,10
163,Grayson Allen,Phoenix Suns,SG,140,373,43,97,435.0,19,22,716.7,35,78,447.5,6,31,37,25,24,11,11,8,-6,202,177,165,62,795.9183673469388,20.836734693877553,34.6734693877551,88.98185941043084,908.1224489795918,846.3877551020408,840.9183673469388,72.24489795918367,10
164,Gui Santos,Golden State Warriors,F,38,103,13,24,372.5,8,9,350.0,4,8,250.0,9,21,30,9,14,2,5,2,22,77,68,47,39,136.8888888888889,79.5,12.0,4.0,406.2222222222222,376.72222222222223,141.88888888888886,116.0,8
165,Harrison Barnes,Sacramento Kings,SF,117,257,43,83,497.2,16,22,541.7,15,37,304.2,6,17,23,9,13,6,4,1,-45,149,140,126,32,341.68052930056706,35.62759924385634,10.931947069943291,25.041587901701323,471.8544423440453,413.187145557656,382.9073724007562,64.0,10
166,Harry III Giles,Brooklyn Nets,F,8,8,3,6,50.0,1,2,50.0,1,1,100.0,2,2,4,2,3,0,0,0,-12,14,12,10,6,43.890625,9.0,2.640625,0.5625,126.5625,92.640625,68.0625,21.390625,1
167,Haywood Highsmith,Miami Heat,F,50,161,19,42,475.2,2,2,100.0,10,28,350.0,7,15,22,5,11,7,2,7,6,77,72,55,27,290.24930747922434,21.883656509695292,2.5069252077562325,18.0,375.3434903047091,370.6648199445983,294.8393351800554,24.479224376731302,10
168,Herbert Jones,New Orleans Pelicans,SF,120,325,43,73,572.3,15,18,591.7,19,34,480.8,4,27,31,24,34,16,10,7,99,175,151,144,55,284.77008310249306,31.930747922437675,24.40443213296399,27.321329639889196,440.0415512465374,358.0803324099723,361.3961218836565,61.67036011080333,10
169,Hunter Tyson,Denver Nuggets,F,0,7,0,3,0.0,0,0,0.0,0,3,0.0,0,1,1,0,1,0,2,0,-1,1,1,0,1,4.0,0.11111111111111106,0.0,0.4444444444444444,5.4444444444444455,5.4444444444444455,4.0,0.11111111111111106,1
170,Ibou Badji,Portland Trail Blazers,C,7,32,3,4,150.0,1,2,50.0,0,0,0.0,1,2,3,4,6,0,5,3,-17,14,10,11,7,11.666666666666668,2.333333333333334,1.4166666666666663,0.0,20.75,22.0,11.416666666666668,2.75,3
171,Immanuel Quickley,Toronto Raptors,SG,210,367,75,162,459.1,25,32,579.7,35,84,407.0,2,59,61,80,18,11,24,2,10,351,271,290,141,329.3702422145328,44.01038062283736,205.840830449827,23.54671280276817,687.8650519031142,392.62629757785476,534.4221453287197,340.038062283737,10
172,Isaac Okoro,Cleveland Cavaliers,SF,124,305,44,88,513.3,15,22,591.7,21,50,477.8,4,28,32,26,20,15,8,9,-8,182,156,150,58,125.61111111111113,50.44444444444445,20.0,10.434027777777779,227.6111111111111,183.6111111111111,153.61111111111114,86.44444444444443,10
173,Isaiah Hartenstein,New York Knicks,C,55,204,21,36,617.1,13,15,600.0,0,0,0.0,27,34,61,30,22,6,10,8,-10,146,116,85,91,99.65625,72.2265625,42.3515625,0.0,378.0,249.1015625,180.9765625,162.15625,10
174,Isaiah Jackson,Indiana Pacers,SF,92,174,35,55,691.4,22,28,758.3,0,2,0.0,23,30,53,9,27,8,9,8,-13,154,145,101,62,212.04444444444445,180.64444444444442,5.4444444444444455,0.0,722.4,674.3777777777779,226.77777777777777,219.37777777777777,10
175,Isaiah Joe,Oklahoma City Thunder,SG,61,175,23,59,350.8,1,1,100.0,14,42,253.7,4,16,20,10,9,6,6,4,46,91,81,71,30,195.00000000000003,10.1,22.099999999999998,14.5,225.0,206.9,210.9,34.4,10
176,Isaiah Mobley,Cleveland Cavaliers,F,5,33,2,7,58.3,0,0,0.0,1,4,25.0,0,4,4,2,2,0,0,0,-1,11,9,7,6,0.5,8.0,0.0,0.5,4.5,4.5,0.5,8.0,2
177,Isaiah Stewart,Detroit Pistons,C,108,321,40,81,502.7,15,20,533.3,13,40,277.3,12,52,64,11,15,5,11,6,20,183,172,119,75,75.60000000000001,70.4,12.9,12.100000000000001,246.1,181.60000000000002,126.9,96.5,10
178,Ish Smith,Charlotte Hornets,PG,18,181,8,34,236.0,0,0,0.0,2,2,200.0,1,19,20,41,16,5,6,1,-90,79,38,59,61,54.36000000000001,24.0,78.09,1.5600000000000003,170.49,69.16000000000001,134.09,123.69,9
179,Ivica Zubac,LA Clippers,C,107,253,46,70,618.0,15,18,500.0,0,0,0.0,23,56,79,18,28,4,16,7,-27,204,186,125,97,288.77777777777777,87.8,10.311111111111112,0.0,538.0,490.1777777777778,305.40000000000003,129.31111111111113,10
180,JT Thor,Charlotte Hornets,F,21,97,9,17,425.0,0,0,0.0,3,8,200.0,1,17,18,5,8,0,2,3,17,44,39,26,23,45.17777777777777,11.777777777777779,2.6,4.111111111111112,65.77777777777779,64.91111111111111,47.11111111111111,13.31111111111111,10
181,JaVale McGee,Sacramento Kings,C,23,44,11,18,355.0,0,3,0.0,1,2,100.0,5,8,13,1,6,2,1,0,3,37,36,24,14,42.875,13.875,0.875,0.875,77.875,84.0,41.5,10.0,6
182,Jabari Smith Jr.,Houston Rockets,PF,146,351,47,120,382.1,31,36,787.5,21,63,312.59999999999997,22,79,101,19,28,13,9,9,-16,266,247,165,120,340.4580498866213,300.45124716553283,17.979591836734695,18.387755102040817,1109.7097505668933,945.2675736961452,439.40362811791385,383.9274376417234,10
183,Jabari Walker,Portland Trail Blazers,F,83,221,35,74,464.6,12,13,475.0,1,10,100.0,24,40,64,10,27,5,8,1,-50,157,147,93,74,298.2465373961219,91.92797783933518,8.110803324099722,1.6204986149584486,685.9695290858726,594.3739612188366,376.1024930747922,113.77839335180055,10
184,Jacob Gilyard,Memphis Grizzlies,G,67,205,23,52,431.8,1,1,100.0,20,45,431.8,1,14,15,41,10,10,12,2,-62,123,82,108,56,274.1404958677686,10.685950413223141,31.595041322314046,24.0,454.1404958677686,332.0,382.0,56.561983471074385,10
185,Jacob Toppin,New York Knicks,F,13,29,5,9,107.1,2,2,100.0,1,4,33.3,3,3,6,1,3,0,1,0,-18,20,19,14,7,78.05555555555556,8.722222222222221,0.5555555555555556,0.7222222222222223,130.22222222222223,136.55555555555554,72.5,8.5,2
186,Jaden Hardy,Dallas Mavericks,G,85,111,33,62,554.4,7,8,350.0,12,27,400.0,1,10,11,8,5,2,5,1,12,104,96,93,19,200.05817174515235,9.166204986149584,12.138504155124652,9.617728531855956,200.3545706371191,202.93628808864267,200.8781163434903,17.903047091412745,10
187,Jaden Ivey,Detroit Pistons,PG,158,317,51,136,379.5,42,48,763.3,14,59,224.89999999999998,11,13,24,36,26,8,22,6,-10,218,182,194,60,470.37641723356006,26.0,30.55328798185941,32.0,550.9795918367348,597.5192743764172,430.1224489795919,50.26757369614513,10
188,Jaden McDaniels,Minnesota Timberwolves,PF,96,318,37,86,431.4,11,17,341.7,11,37,296.4,9,36,45,18,32,8,11,6,-45,159,141,114,63,462.0,48.90277777777777,24.069444444444446,23.0,726.9444444444446,639.9027777777777,519.0694444444443,102.94444444444443,10
189,Jaden Springer,Boston Celtics,G,58,152,20,45,357.1,15,16,575.0,3,13,183.3,8,19,27,14,16,12,9,2,-24,99,85,72,41,192.69896193771626,39.07266435986159,19.044982698961938,2.2214532871972317,503.73702422145334,383.6747404844291,271.7093425605537,99.16955017301039,9
190,Jae Crowder,Milwaukee Bucks,PF,37,221,15,41,328.3,2,2,100.0,5,21,200.0,8,32,40,12,19,11,4,2,57,89,77,49,52,96.90277777777779,71.40277777777779,8.76736111111111,5.125,194.40625,172.11111111111114,105.18402777777777,94.18402777777777,10
191,Jae'Sean Tate,Houston Rockets,SF,28,123,12,28,420.3,2,4,50.0,2,4,200.0,11,19,30,8,17,9,9,2,5,66,58,36,38,31.7890625,34.5,9.6015625,1.6015625,137.625,114.9140625,50.625,47.9765625,10
192,Jahmi'us Ramsey,Toronto Raptors,SG,2,5,1,3,33.3,0,0,0.0,0,1,0.0,1,1,2,1,0,0,0,0,-7,5,4,3,3,0.0,0.0,0.0,0.0,0.0,0.0,0.0,0.0,1
193,Jaime Jr. Jaquez,Miami Heat,G,123,293,49,90,496.7,17,23,616.7,8,23,291.6,14,37,51,25,18,15,10,2,10,199,174,148,76,567.759002770083,39.04986149584487,14.8393351800554,7.883656509695291,584.4072022160665,608.9806094182825,547.2963988919666,49.77839335180055,10
194,Jake LaRavia,Memphis Grizzlies,F,121,239,35,93,330.1,39,47,830.0,12,42,254.8,19,30,49,19,22,13,12,6,-47,189,170,140,68,326.1570247933884,128.96694214876035,14.96694214876033,9.603305785123966,549.2644628099173,562.7438016528926,340.74380165289256,115.86776859504133,10
195,Jakob Poeltl,Toronto Raptors,C,122,251,55,101,543.9,12,20,491.7,0,0,0.0,39,53,92,31,28,10,11,19,35,245,214,153,123,161.8469387755102,127.67346938775509,30.387755102040813,0.0,516.704081632653,398.98979591836735,256.6224489795918,181.0,10
196,Jalen Brunson,New York Knicks,PG,281,353,98,218,454.0,57,65,780.8,28,74,362.8,5,24,29,74,18,9,33,1,36,384,310,355,103,431.86426592797784,15.321329639889196,103.14127423822715,29.074792243767313,386.9806094182826,390.1108033240997,461.30470914127415,85.89196675900277,10
197,Jalen Duren,Detroit Pistons,C,133,289,50,81,622.8,33,39,794.1,0,0,0.0,29,77,106,29,37,7,24,10,-26,268,239,162,135,123.44444444444446,118.0,13.244897959183673,0.0,288.59410430839,286.11111111111114,103.92743764172334,153.24489795918365,10
198,Jalen Green,Houston Rockets,SG,209,335,77,181,420.1,26,31,655.0,29,83,332.2,5,42,47,35,15,9,23,3,38,291,256,244,82,619.65625,57.60069444444445,11.125,44.60069444444445,741.9027777777778,732.4444444444445,611.15625,86.68402777777777,10
199,Jalen HoodSchifino,Los Angeles Lakers,G,5,11,1,6,33.3,2,4,100.0,1,3,50.0,0,2,2,0,1,0,1,0,-13,7,7,5,2,9.0,0.9799999999999999,0.020000000000000004,0.8200000000000001,13.32,14.180000000000001,8.42,0.72,2
200,Jalen Johnson,Atlanta Hawks,SF,162,349,69,130,533.5,15,22,550.0,9,33,281.7,17,71,88,34,22,6,15,12,20,284,250,196,122,389.72299168975064,87.74515235457065,69.37396121883657,7.864265927977839,905.180055401662,618.2160664819944,632.5540166204985,201.25207756232686,10
201,Jalen McDaniels,Toronto Raptors,PF,29,90,12,27,225.6,2,3,66.7,3,11,116.7,5,16,21,7,9,6,11,1,-23,57,50,36,28,119.25999999999999,65.63999999999999,8.139999999999999,3.7399999999999998,299.64,230.06,150.56000000000003,112.05999999999999,6
202,Jalen Pickett,Denver Nuggets,G,2,7,1,3,33.3,0,0,0.0,0,2,0.0,0,0,0,2,0,0,0,0,-1,4,2,4,2,2.25,0.0,1.3611111111111107,0.0,7.1111111111111125,2.25,7.1111111111111125,1.3611111111111107,1
203,Jalen Smith,Indiana Pacers,PF,87,156,35,60,582.0,10,16,390.0,7,22,400.0,18,34,52,15,14,1,8,6,19,154,139,102,67,150.07958477508652,46.256055363321806,16.923875432525953,4.252595155709343,135.91695501730104,125.67128027681663,169.1349480968858,54.37024221453287,10
204,Jalen Suggs,Orlando Magic,SG,123,258,46,84,562.3,8,11,325.0,23,52,425.4,6,25,31,33,29,13,22,5,63,187,154,156,64,211.6111111111111,44.91975308641975,21.0,24.45679012345679,418.90123456790127,333.2345679012345,279.6111111111111,83.58641975308642,10
205,Jalen Williams,Oklahoma City Thunder,F,183,291,72,140,514.1,23,27,640.0,16,38,424.9,4,34,38,39,26,13,13,9,42,260,221,222,77,613.8753462603878,17.601108033240997,18.191135734072027,8.759002770083102,812.1662049861495,786.4293628808864,638.1329639889195,37.27146814404433,10
206,Jalen Wilson,Brooklyn Nets,F,39,173,14,46,372.4,6,6,300.0,5,23,275.0,12,20,32,11,12,2,7,0,-27,82,71,50,43,44.125,35.7890625,5.3515625,3.90625,128.15625,93.9765625,63.2890625,56.15625,10
207,Jamal Cain,Miami Heat,F,4,16,0,3,0.0,4,4,200.0,0,1,0.0,1,2,3,1,1,1,1,0,-4,8,7,5,4,0.0,0.5,0.5,0.0,0.0,0.5,0.5,0.0,2
208,Jamal Murray,Denver Nuggets,PG,220,325,88,165,503.7,21,27,561.4,23,50,421.6,6,35,41,67,12,10,25,5,66,328,261,287,108,1050.2437673130194,33.16620498614959,128.4792243767313,32.878116343490305,1867.7340720221607,1243.8642659279778,1576.8781163434903,258.8808864265928,10
209,James Bouknight,Charlotte Hornets,SG,10,13,4,10,83.3,0,0,0.0,2,7,58.3,0,0,0,0,0,1,1,0,13,10,10,10,0,18.0,0.0,0.0,0.72,18.0,18.0,18.0,0.0,2
210,James Harden,LA Clippers,SG,173,353,50,125,376.3,49,54,935.7,24,75,293.9,6,46,52,86,17,6,30,8,-45,311,225,259,138,609.15625,63.10069444444444,19.517361111111118,35.93402777777777,506.18402777777777,550.9027777777778,547.4444444444445,99.61111111111111,10
211,James Johnson,Indiana Pacers,PF,2,7,0,1,0.0,2,2,100.0,0,0,0.0,0,0,0,1,3,0,0,1,1,3,2,3,1,0.0,0.0,0.0,0.0,0.0,0.0,0.0,0.0,1
212,James Wiseman,Detroit Pistons,C,72,170,31,46,635.1,10,16,365.0,0,0,0.0,19,41,60,11,26,3,7,5,-32,143,132,83,71,170.2265625,80.0,15.1640625,0.0,518.15625,392.4765625,248.65625,142.4140625,10
213,Jarace Walker,Indiana Pacers,F,14,62,5,17,122.2,0,0,0.0,4,10,150.0,2,15,17,8,5,4,4,4,10,39,31,22,25,36.85,36.45,28.400000000000002,3.25,270.6,140.60000000000002,111.25,120.45000000000002,5
214,Jared Butler,Washington Wizards,SG,22,58,10,18,316.7,2,2,100.0,0,4,0.0,2,2,4,14,6,2,6,0,-14,40,26,36,18,28.0,3.0612244897959187,24.122448979591837,0.0,116.53061224489794,40.775510204081634,90.97959183673471,39.95918367346939,5
215,Jared Rhoden,Detroit Pistons,G,2,13,1,2,50.0,0,0,0.0,0,0,0.0,0,1,1,1,0,0,1,2,2,4,3,3,2,0.0,0.0,0.0,0.0,0.0,0.0,0.0,0.0,1
216,Jaren Jackson Jr.,Memphis Grizzlies,PF,241,330,84,190,433.2,48,68,603.3,25,66,367.8,14,42,56,26,36,14,33,15,-80,323,297,267,82,376.9140625,146.5,16.625,21.6640625,744.1015625,758.2890625,414.2265625,111.625,10
217,Jarred Vanderbilt,Los Angeles Lakers,PF,68,142,26,42,412.7,13,17,375.0,3,5,166.7,12,22,34,12,8,16,11,2,23,114,102,80,46,111.33333333333334,59.333333333333336,18.0,3.5,362.0,274.0,157.33333333333334,119.33333333333334,6
218,Jarrett Allen,Cleveland Cavaliers,C,181,360,68,123,549.6,45,61,680.5,0,0,0.0,33,82,115,30,14,6,11,12,-9,326,296,211,145,399.26736111111114,202.56944444444446,29.90625,0.0,877.0694444444445,864.5173611111111,440.77777777777777,203.51736111111111,10
219,Javon Freeman-Liberty,Toronto Raptors,G,24,66,7,16,148.8,8,9,280.0,2,8,83.3,1,10,11,7,5,0,3,2,-2,42,35,31,18,102.0,8.111111111111112,2.1111111111111107,1.1111111111111112,150.0,148.7777777777778,99.44444444444443,14.0,4
220,Jaxson Hayes,Los Angeles Lakers,C,49,138,21,30,588.4,7,13,241.7,0,2,0.0,15,24,39,3,17,3,6,4,-9,91,88,52,42,95.125,45.3,5.0,0.0,204.125,178.82500000000002,104.62500000000001,66.10000000000001,10
221,Jay Huff,Denver Nuggets,C,3,5,1,2,50.0,0,0,0.0,1,2,50.0,0,0,0,0,2,0,0,0,-3,3,3,3,0,1.265625,1.265625,0.0,0.390625,0.0,0.0,1.265625,1.265625,1
222,Jaylen Brown,Boston Celtics,SG,271,338,107,207,528.4,33,51,653.8,24,66,376.9,16,40,56,37,29,11,16,1,149,364,327,308,93,576.5,124.99382716049382,14.697530864197534,18.271604938271608,939.6604938271605,987.9382716049381,519.3086419753088,148.6049382716049,10
223,Jaylin Williams,Oklahoma City Thunder,F,47,147,15,35,433.4,7,9,233.3,10,21,466.6,6,30,36,16,12,3,3,5,51,99,83,63,52,37.125,52.5,10.8,4.4,119.125,116.125,43.725,59.699999999999996,10
224,Jayson Tatum,Boston Celtics,SF,266,364,89,194,467.6,53,61,865.9,35,80,441.1,9,64,73,54,21,9,27,4,131,393,339,320,127,377.1404958677686,99.87603305785123,52.95867768595041,22.582644628099175,472.52066115702473,593.6942148760331,284.19834710743805,124.60330578512396,10
225,Jeenathan Williams,Houston Rockets,G,8,17,4,7,66.7,0,2,0.0,0,0,0.0,2,1,3,0,4,0,0,0,17,11,11,8,3,43.52000000000001,0.6800000000000002,0.72,0.0,49.31999999999999,55.080000000000005,38.480000000000004,0.6800000000000002,2
226,Jeff Dowtin,Philadelphia 76ers,G,16,57,6,11,123.8,0,0,0.0,4,8,116.7,0,4,4,8,0,3,3,1,12,28,20,24,12,72.0,6.0,22.0,4.0,216.0,106.0,162.0,48.0,4
227,Jeff Green,Houston Rockets,PF,45,126,14,38,324.5,10,14,325.0,7,17,416.7,5,11,16,10,6,2,2,3,-40,71,61,55,26,100.56611570247934,16.8099173553719,12.0,4.140495867768595,179.8388429752066,163.83884297520663,120.56611570247934,24.809917355371898,10
228,Jerami Grant,Portland Trail Blazers,SF,169,342,56,142,386.6,38,46,711.3,19,49,402.0,6,19,25,35,18,14,28,2,-77,229,194,204,60,473.98961937716257,45.9204152249135,32.71626297577855,5.083044982698962,888.6262975778548,739.6678200692041,583.0934256055364,118.49134948096886,10
229,Jeremiah Robinson-Earl,New Orleans Pelicans,F,16,49,5,11,166.7,4,7,80.0,2,5,100.0,5,6,11,1,2,2,2,1,5,28,27,17,12,41.84,26.04,0.7600000000000002,1.04,113.35999999999999,103.0,45.160000000000004,33.84,4
230,Jeremy Sochan,San Antonio Spurs,F,123,299,49,107,395.9,15,18,516.7,10,35,216.7,19,52,71,28,29,6,15,8,-13,222,194,151,99,526.2777777777778,111.125,41.77777777777777,10.277777777777777,967.625,946.4027777777777,508.5,191.90277777777777,10
231,Jericho Sims,New York Knicks,C,33,208,13,16,566.7,7,10,213.3,0,0,0.0,26,34,60,13,11,4,5,7,-3,106,93,46,73,96.4016620498615,54.24376731301939,13.0,0.0,288.0,199.0,160.5595567867036,92.0858725761773,10
232,Jerome Robinson,Golden State Warriors,SG,10,17,4,10,40.0,1,2,50.0,1,6,16.7,0,0,0,1,1,0,0,1,-2,11,10,11,1,70.56,0.0,0.36,0.6400000000000001,81.0,70.56,81.0,0.36,1
233,Jett Howard,Orlando Magic,G,0,5,0,1,0.0,0,0,0.0,0,1,0.0,0,0,0,0,1,0,0,0,-5,0,0,0,0,2.25,0.0,0.0,0.25,2.25,2.25,2.25,0.0,1
234,Jevon Carter,Chicago Bulls,PG,34,134,14,34,376.7,1,2,50.0,5,18,133.3,2,7,9,11,8,6,2,1,14,54,43,45,20,127.91689750692522,7.166204986149584,6.922437673130194,6.839335180055403,184.7202216066482,152.61218836565098,153.67036011080333,20.443213296398888,10
235,Jimmy Butler,Miami Heat,SF,226,352,74,142,528.2,67,85,768.8,11,29,441.6,13,52,65,69,11,20,22,6,70,360,291,295,134,334.89965397923874,78.71626297577855,68.59861591695501,7.2768166089965405,407.8408304498271,284.95847750865056,397.09688581314884,208.0,10
236,Jock Landale,Houston Rockets,C,47,126,17,35,462.5,10,12,346.7,3,6,250.0,20,21,41,18,16,4,3,6,28,106,88,65,59,115.15625,80.5,31.625,2.125,309.90625,206.15625,209.90625,121.125,10
237,Joe Harris,Detroit Pistons,SF,2,12,1,3,33.3,0,0,0.0,0,1,0.0,0,0,0,0,1,0,0,0,-5,2,2,2,0,0.0,0.0,0.0,0.0,0.0,0.0,0.0,0.0,1
238,Joe Ingles,Orlando Magic,SG,34,172,12,25,305.0,2,3,150.0,8,17,275.0,2,10,12,24,9,8,9,0,18,70,46,58,36,189.11111111111114,6.122448979591836,40.662131519274375,14.0,225.11111111111111,196.85260770975054,205.70975056689343,58.44444444444445,10
239,Joel Embiid,Philadelphia 76ers,C,45,61,16,38,82.8,9,12,170.0,4,10,83.3,2,12,14,5,6,2,10,0,-41,64,59,50,19,144.5,0.0,0.5,0.0,162.0,144.5,162.0,0.5,2
240,John Collins,Utah Jazz,PF,160,309,62,116,518.9,23,29,737.5,13,35,355.5,26,78,104,13,28,5,18,16,14,277,264,173,117,330.5165289256198,172.0,8.21900826446281,9.293388429752067,476.78512396694214,490.3347107438016,308.2396694214876,188.94628099173553,10
241,John Konchar,Memphis Grizzlies,SG,52,260,19,43,455.0,6,6,200.0,8,24,391.6,17,37,54,22,16,12,13,13,0,128,106,74,76,62.78892733564014,77.55017301038062,10.685121107266436,3.605536332179931,259.5778546712803,188.84429065743944,102.39446366782009,119.36332179930795,10
242,Johnny Davis,Washington Wizards,G,18,135,6,29,199.4,3,4,150.0,3,11,150.0,5,17,22,5,13,1,2,1,-48,45,40,23,27,53.7265625,30.2265625,4.5,4.125,118.40625,91.90625,74.2265625,40.7265625,10
243,Johnny Juzang,Utah Jazz,G,14,46,6,16,103.3,0,0,0.0,2,10,40.0,2,5,7,3,1,0,1,0,9,24,21,17,10,53.120000000000005,11.280000000000001,0.4800000000000001,2.880000000000001,108.72,101.52000000000002,58.08,14.0,3
244,Jonas Valanciunas,New Orleans Pelicans,C,98,207,42,79,476.7,9,10,375.0,5,11,300.0,23,73,96,14,18,2,14,9,80,208,194,112,110,342.2448979591836,141.11111111111111,17.45124716553288,6.777777777777779,848.0,755.546485260771,442.44444444444446,150.81632653061226,10
245,Jonathan Isaac,Orlando Magic,PF,79,179,32,57,602.7,7,11,316.7,8,15,375.0,21,37,58,6,9,7,7,13,19,143,137,85,64,115.51234567901236,87.90123456790123,4.6419753086419755,10.197530864197532,285.58641975308643,312.5,103.3641975308642,77.77777777777779,10
246,Jonathan Kuminga,Golden State Warriors,PF,188,277,73,139,500.5,38,47,734.2,4,17,116.7,14,43,57,28,23,9,16,9,10,273,245,216,85,470.625,50.111111111111114,21.850694444444443,6.600694444444445,479.65625,568.9027777777778,374.68402777777777,78.65625,10
247,Jontay Porter,Toronto Raptors,C,40,87,14,29,245.6,3,4,75.0,9,18,215.4,6,14,20,14,10,5,8,1,-21,74,60,54,34,210.0,25.030000000000005,17.75,16.470000000000002,439.47999999999996,323.83,315.75,52.68000000000001,7
248,Jordan Clarkson,Utah Jazz,PG,174,327,64,151,396.6,29,32,757.9,17,59,244.1,7,28,35,60,19,10,22,0,-76,269,209,234,95,814.0,107.44444444444446,81.07029478458051,20.83673469387755,1289.530612244898,1206.7777777777778,873.736961451247,211.53061224489798,10
249,Jordan Goodwin,Memphis Grizzlies,G,57,213,23,70,285.0,5,12,225.0,6,23,189.89999999999998,13,25,38,36,12,13,12,9,-49,131,95,93,74,72.43195266272188,124.97041420118342,63.95266272189348,1.8579881656804735,420.96449704142015,257.8047337278106,114.83431952662718,309.68047337278114,8
250,Jordan Hawkins,New Orleans Pelicans,G,49,139,18,60,333.2,3,3,100.0,10,41,210.0,3,13,16,5,8,1,2,2,-9,70,65,54,21,146.9031141868512,20.505190311418684,6.923875432525952,10.13840830449827,212.18685121107265,166.44636678200695,188.75432525951558,31.31833910034602,10
251,Jordan McLaughlin,Minnesota Timberwolves,PG,44,126,15,32,411.1,3,4,150.0,11,23,319.4,3,19,22,25,10,10,4,2,46,91,66,69,47,135.14127423822714,37.74515235457064,23.548476454293624,19.864265927977836,244.68975069252076,216.89196675900277,150.35734072022163,73.87534626038781,10
252,Jordan Miller,LA Clippers,G,4,5,1,1,100.0,2,2,100.0,0,0,0.0,0,1,1,0,0,0,0,0,3,5,5,4,1,4.0,0.0625,0.0,0.0,5.0625,5.0625,4.0,0.0625,1
253,Jordan Nwora,Toronto Raptors,SF,53,140,21,58,287.4,6,7,275.0,5,23,175.0,6,26,32,12,8,6,5,3,-64,97,85,65,44,171.49134948096886,42.65743944636679,19.605536332179927,2.9238754325259517,254.10034602076126,230.50865051903116,187.6228373702422,69.72318339100346,10
254,Jordan Poole,Washington Wizards,SG,203,294,75,169,428.8,21,23,625.0,32,88,349.5,4,31,35,48,36,9,31,6,-73,286,238,251,83,1122.281663516068,13.563327032136106,24.6351606805293,36.20037807183365,1156.124763705104,1115.7240075614366,1138.5841209829866,62.29678638941399,10
255,Jordan Walsh,Boston Celtics,G,2,27,1,4,100.0,0,0,0.0,0,2,0.0,2,4,6,1,5,2,2,1,24,9,8,3,7,2.2222222222222223,8.88888888888889,0.5555555555555556,0.0,1.8888888888888893,4.0,4.555555555555555,5.0,2
256,Jose Alvarado,New Orleans Pelicans,PG,69,203,26,68,388.9,6,7,350.0,11,37,283.3,3,21,24,27,14,15,11,4,69,120,93,96,51,63.15224913494809,4.899653979238755,43.74740484429066,5.083044982698961,126.21453287197232,74.14186851211073,121.01038062283737,42.86159169550173,10
257,Josh Giddey,Oklahoma City Thunder,SG,114,233,50,96,499.3,5,7,300.0,9,25,341.6,17,46,63,40,16,10,20,6,54,217,177,154,103,282.35069444444446,79.26736111111111,24.069444444444446,2.9027777777777777,577.6111111111111,442.2361111111111,367.15625,153.90625,10
258,Josh Green,Dallas Mavericks,SG,65,260,26,56,458.3,4,5,80.0,9,26,280.0,10,22,32,18,16,13,10,2,-22,115,97,83,50,229.83884297520663,40.5,20.28512396694215,13.066115702479339,353.0619834710744,309.06611570247935,285.9256198347108,48.69421487603306,10
259,Josh Hart,New York Knicks,SG,161,427,61,137,455.3,17,28,457.1,22,59,382.2,22,98,120,59,20,12,22,7,14,340,281,220,179,277.79338842975204,235.88429752066114,64.88429752066116,12.5,869.6859504132232,564.3553719008264,413.35537190082636,470.53719008264466,10
260,Josh Minott,Minnesota Timberwolves,F,0,5,0,0,0.0,0,0,0.0,0,0,0.0,0,4,4,0,0,0,0,0,6,4,4,0,4,0.6049382716049383,7.716049382716049,0.04938271604938271,0.012345679012345678,3.1604938271604937,4.0,1.0,6.530864197530863,1
261,Josh Okogie,Phoenix Suns,SF,46,141,15,32,423.8,10,11,350.0,6,14,300.0,16,6,22,10,4,8,10,2,6,78,68,56,32,116.44982698961938,13.598615916955017,8.13840830449827,6.422145328719724,170.26989619377161,161.01730103806227,120.75432525951557,26.685121107266436,10
262,Josh Richardson,Miami Heat,SG,98,211,38,76,433.2,6,6,200.0,16,45,301.7,4,26,30,19,16,5,3,2,3,147,128,117,49,296.8888888888889,20.0,10.88888888888889,27.555555555555557,468.0,427.55555555555554,344.0,24.22222222222222,9
263,Joshua Primo,LA Clippers,G,0,5,0,1,0.0,0,0,0.0,0,0,0.0,1,0,1,0,0,0,1,0,1,1,1,0,1,0.0,0.0,0.0,0.0,0.0,0.0,0.0,0.0,1
264,Jrue Holiday,Boston Celtics,PG,110,321,43,77,554.9,5,6,250.0,19,42,538.5,9,30,39,53,13,13,16,8,117,202,149,163,92,156.02500000000003,30.125,26.5,5.124999999999999,239.70000000000005,193.00000000000003,222.72500000000002,36.625,10
265,Jules Bernard,Washington Wizards,G,9,19,3,4,250.0,1,2,50.0,2,2,200.0,2,3,5,4,1,1,1,1,15,18,14,13,9,6.32,4.0,5.520000000000001,0.88,19.279999999999998,11.120000000000001,13.679999999999998,10.320000000000002,3
266,Julian Champagnie,San Antonio Spurs,F,72,222,22,56,351.1,13,15,450.0,15,39,315.8,9,26,35,22,7,7,7,4,39,129,107,94,57,225.68998109640833,34.882797731569,31.724007561436675,24.206049149338373,515.9111531190927,350.11909262759923,339.6786389413989,118.41020793950851,10
267,Julian Phillips,Chicago Bulls,F,39,129,13,29,272.9,7,8,266.7,6,12,283.4,6,11,17,5,11,5,3,1,1,61,56,44,22,171.66435986159172,28.93079584775086,6.716262975778546,6.422145328719724,323.1522491349481,298.401384083045,184.5674740484429,47.49480968858131,10
268,Julian Strawther,Denver Nuggets,G,9,27,3,11,37.5,2,2,100.0,1,8,20.0,0,3,3,4,1,1,2,0,-15,16,12,13,7,29.6530612244898,6.79591836734694,2.6122448979591835,0.7551020408163267,84.89795918367346,64.0,45.65306122448979,14.306122448979592,2
269,Julius Randle,New York Knicks,PF,66,99,23,48,142.2,14,14,300.0,6,11,195.0,8,17,25,18,7,1,10,0,25,109,91,84,43,98.0,2.666666666666667,14.0,2.0,140.66666666666669,120.66666666666666,126.0,8.666666666666668,3
270,Justin Champagnie,Washington Wizards,SF,4,13,2,7,50.0,0,0,0.0,0,4,0.0,0,1,1,1,0,1,1,1,-1,6,5,5,2,13.555555555555554,0.5555555555555556,0.5555555555555556,0.2222222222222222,5.555555555555554,9.0,9.0,2.2222222222222223,2
271,Justin Holiday,Denver Nuggets,SF,47,173,17,36,439.7,2,2,100.0,11,26,336.7,1,13,14,17,9,5,3,3,-14,78,61,64,31,156.125,14.625,41.6015625,11.1640625,349.3515625,232.5,251.4140625,77.7890625,10
272,Justin Minaya,Portland Trail Blazers,F,3,59,1,9,33.3,0,0,0.0,1,8,33.3,3,5,8,3,3,2,2,1,-34,14,11,6,11,7.650000000000001,3.0,1.4,0.8500000000000001,10.85,8.850000000000001,6.049999999999999,8.000000000000002,5
273,Jusuf Nurkic,Phoenix Suns,C,104,268,40,71,633.7,24,48,440.0,0,3,0.0,41,98,139,43,36,8,37,15,56,286,243,147,182,172.625,579.3,44.325,0.0,1263.3,1100.325,230.6,728.625,10
274,Karl-Anthony Towns,Minnesota Timberwolves,C,193,306,66,146,451.8,41,47,734.2,20,56,341.5,20,55,75,29,33,8,24,8,98,297,268,222,104,265.0493827160493,98.62345679012346,46.91975308641975,18.771604938271604,548.530864197531,414.4012345679012,362.2777777777778,182.44444444444443,10
275,Kawhi Leonard,LA Clippers,SF,218,335,85,169,514.6,36,41,839.9,12,44,233.3,12,49,61,38,12,18,18,6,4,317,279,256,99,500.91322314049586,56.96694214876033,31.603305785123965,13.421487603305783,841.6404958677687,724.0206611570248,588.103305785124,119.0,10
276,Keegan Murray,Sacramento Kings,SF,133,352,48,106,419.7,19,19,600.0,18,51,324.79999999999995,13,36,49,11,30,10,10,10,0,193,182,144,60,518.4104308390023,21.68934240362812,19.594104308390023,29.77777777777778,543.6938775510204,572.9342403628118,487.8866213151927,42.56689342403628,10
277,Keita Bates-Diop,Brooklyn Nets,SF,38,100,14,26,648.3,5,6,250.0,5,12,350.0,3,10,13,4,2,1,6,5,-18,55,51,42,17,34.78892733564014,16.1280276816609,4.4013840830449835,4.716262975778546,63.0,59.51903114186852,30.657439446366784,28.141868512110726,10
278,Keldon Johnson,San Antonio Spurs,SF,160,296,58,131,434.3,17,20,508.3,27,71,386.9,14,32,46,24,16,3,12,2,-57,230,206,184,70,340.22499999999997,71.025,20.424999999999997,23.325,650.025,582.0,433.29999999999995,66.4,10
279,Kelly Olynyk,Toronto Raptors,PF,120,252,41,83,452.5,28,35,637.1,10,29,308.3,16,31,47,39,35,14,17,8,-58,206,167,159,86,327.2199546485261,64.10204081632654,57.090702947845806,8.204081632653061,581.546485260771,518.8866213151928,368.51927437641723,142.5532879818594,10
280,Kelly Oubre Jr.,Philadelphia 76ers,SG,172,305,61,154,384.0,38,52,684.5,12,47,219.5,20,37,57,19,35,12,23,2,-78,248,229,191,76,541.6528925619834,61.231404958677686,17.595041322314046,9.719008264462811,864.3801652892562,713.595041322314,663.2644628099174,108.0,10
281,Kendall Brown,Indiana Pacers,SG,0,7,0,0,0.0,0,0,0.0,0,0,0.0,0,0,0,0,0,0,0,0,4,0,0,0,0,0.16000000000000003,0.0,0.04000000000000001,0.0,0.36,0.16000000000000003,0.36,0.04000000000000001,1
282,Kenneth Lofton Jr.,Philadelphia 76ers,F,2,5,1,4,25.0,0,0,0.0,0,2,0.0,0,1,1,0,0,0,0,0,-4,3,3,2,1,0.0,0.0,0.0,0.0,0.0,0.0,0.0,0.0,1
283,Kenrich Williams,Oklahoma City Thunder,SF,28,110,11,29,274.6,0,0,0.0,6,18,150.0,8,25,33,12,12,2,4,0,37,73,61,40,45,150.60113421550096,47.59735349716447,14.192816635160682,14.427221172022682,236.16824196597352,215.15879017013233,156.92627599243855,76.47448015122873,10
284,Kentavious Caldwell-Pope,Denver Nuggets,SG,95,290,32,71,404.1,12,13,480.0,19,41,408.3,4,21,25,28,17,13,9,5,91,148,120,123,53,352.31487889273353,12.508650519031143,25.4878892733564,21.539792387543255,387.61245674740485,367.46020761245677,368.10034602076126,42.363321799307954,10
285,Kenyon Martin Jr.,Philadelphia 76ers,F,53,193,24,40,568.8,3,5,150.0,2,5,150.0,13,30,43,10,28,3,8,4,-18,106,96,63,53,99.0,68.10000000000001,14.024999999999999,1.625,360.625,279.29999999999995,159.325,103.125,10
286,Keon Ellis,Sacramento Kings,G,30,133,12,24,291.7,0,0,0.0,6,15,193.3,7,12,19,16,18,10,4,2,43,65,49,46,35,124.56249999999999,9.229166666666666,40.25,8.0625,172.25,178.0,125.39583333333334,42.89583333333334,9
287,Keon Johnson,Brooklyn Nets,G,12,26,3,8,73.3,4,4,100.0,2,4,133.3,2,1,3,2,2,2,2,0,-9,17,15,14,5,18.88888888888889,0.5555555555555556,2.2222222222222223,0.22222222222222227,27.222222222222225,13.888888888888888,34.0,1.0,2
288,Kessler Edwards,Sacramento Kings,SF,12,46,4,11,106.7,1,2,50.0,3,8,91.7,0,8,8,2,6,2,0,1,9,22,20,14,10,44.10650887573964,13.319526627218934,1.5029585798816567,3.8816568047337277,49.80473372781066,48.43195266272189,39.64497041420119,20.656804733727814,5
289,Kevin Durant,Phoenix Suns,PF,299,387,109,222,488.8,58,74,785.6,23,64,357.2,6,65,71,45,18,6,39,11,25,415,370,344,116,677.5619834710744,61.595041322314046,63.14876033057851,16.537190082644628,1018.1074380165289,886.6280991735536,740.4462809917354,193.3388429752066,10
290,Kevin Huerter,Sacramento Kings,SG,93,246,37,90,387.2,2,4,100.0,17,51,267.5,6,27,33,28,23,7,12,2,21,154,126,121,61,405.3894139886578,26.803402646502832,9.603024574669186,27.597353497164463,619.8676748582232,550.4877126654064,461.6616257088846,49.514177693761816,10
291,Kevin Knox II,Detroit Pistons,SF,22,89,9,26,148.9,3,3,200.0,1,11,33.3,3,11,14,4,9,2,6,0,21,40,36,26,18,115.33333333333334,19.333333333333336,3.3333333333333335,0.8333333333333335,167.33333333333331,188.0,101.33333333333334,16.0,6
292,Kevin Love,Miami Heat,PF,88,158,30,62,483.6,10,14,208.3,18,45,387.4,10,55,65,19,20,3,10,3,31,172,153,107,84,362.530612244898,61.03061224489795,13.244897959183673,16.97959183673469,574.7448979591837,534.5,405.0,72.05102040816325,10
293,Kevon Looney,Golden State Warriors,F,21,97,8,18,483.3,5,8,175.0,0,0,0.0,7,22,29,13,12,1,5,4,38,63,50,34,42,26.31519274376417,22.777777777777775,6.1020408163265305,0.0,24.836734693877556,37.061224489795926,15.709750566893423,27.26077097505669,10
294,Keyontae Johnson,Oklahoma City Thunder,F,5,39,2,8,66.7,0,0,0.0,1,2,100.0,2,4,6,2,4,0,2,0,-15,13,11,7,8,20.0,7.0,1.2653061224489797,0.8163265306122451,29.69387755102041,35.0,17.26530612244898,5.6938775510204085,5
295,Keyonte George,Utah Jazz,G,188,322,67,144,417.6,17,21,371.7,37,78,416.1,0,28,28,56,19,7,29,3,-40,272,216,244,84,1134.204081632653,21.77777777777778,46.24489795918367,72.0294784580499,1490.7437641723354,1242.267573696145,1361.9183673469388,88.7845804988662,10
296,Khris Middleton,Milwaukee Bucks,SF,92,178,35,72,313.8,12,14,337.5,10,26,276.6,5,24,29,33,20,6,11,2,29,154,121,125,62,203.33333333333334,34.833333333333336,45.5,3.333333333333333,365.33333333333337,234.83333333333334,340.8333333333333,73.33333333333334,6
297,Killian Hayes,Detroit Pistons,PG,18,79,7,14,209.6,1,3,33.3,3,6,100.0,0,15,15,20,4,0,5,2,-12,53,33,38,35,27.0,18.75,54.0,2.75,252.75,74.75,153.0,124.75,4
298,Klay Thompson,Golden State Warriors,SG,180,252,63,140,462.6,15,17,516.7,39,91,419.9,3,24,27,16,16,7,16,1,-24,223,207,196,43,475.11157024793386,24.421487603305785,19.09504132231405,24.285123966942148,480.5371900826446,446.3347107438017,517.1735537190083,35.65702479338844,10
299,Kobe Brown,LA Clippers,G,2,27,1,5,100.0,0,0,0.0,0,2,0.0,4,5,9,2,4,0,3,0,-23,13,11,4,11,3.008264462809917,8.123966942148762,1.4049586776859502,0.03305785123966942,12.02479338842975,6.553719008264463,2.5289256198347108,15.479338842975208,4
300,Kobe Bufkin,Atlanta Hawks,G,27,81,11,31,158.4,1,2,50.0,4,14,115.0,1,10,11,14,6,3,4,1,21,52,38,41,25,72.63265306122449,3.9795918367346945,14.959183673469388,2.836734693877551,134.6326530612245,95.83673469387756,113.83673469387753,16.53061224489796,5
301,Kris Dunn,Utah Jazz,G,54,210,22,43,443.3,3,4,150.0,7,19,358.4,7,18,25,26,23,12,13,2,-48,105,79,80,51,130.0,20.582644628099175,24.946280991735538,6.747933884297521,257.0,183.67355371900828,193.8553719008264,55.0,10
302,Kris Murray,Portland Trail Blazers,F,76,296,30,75,446.20000000000005,10,15,425.0,6,36,223.4,19,35,54,26,22,10,10,3,-1,156,130,102,80,279.80864197530866,96.47530864197532,34.27777777777778,4.419753086419753,650.2777777777777,460.0,374.27160493827154,226.5679012345679,10
303,Kristaps Porzingis,Boston Celtics,C,236,301,79,154,525.0,53,57,827.8,25,55,502.2,15,60,75,18,23,5,14,16,102,329,311,254,93,346.5,110.55102040816327,13.63265306122449,6.704081632653061,566.3367346938776,585.4795918367346,337.2755102040816,114.26530612244898,10
304,Kyle Anderson,Minnesota Timberwolves,SF,72,253,29,60,458.9,13,16,350.0,1,6,50.0,6,34,40,48,17,6,13,3,69,160,112,120,88,128.8798185941043,49.451247165532884,28.36281179138322,0.9183673469387756,266.74376417233566,223.11111111111114,198.40816326530614,51.91836734693879,10
305,Kyle Kuzma,Washington Wizards,SF,252,351,96,195,495.0,40,53,776.7,20,61,303.3,6,68,74,44,17,6,26,10,-95,370,326,296,118,281.1115702479339,55.65702479338842,60.38429752066115,24.33057851239669,507.83884297520666,442.0,360.99173553719004,102.0,10
306,Kyle Lowry,Philadelphia 76ers,PG,70,257,23,56,359.5,11,12,375.0,13,35,292.1,5,22,27,50,17,10,13,1,-50,147,97,120,77,183.55555555555554,16.0,40.22222222222222,14.222222222222221,432.0,267.55555555555554,306.0,98.22222222222221,9
307,Kyrie Irving,Dallas Mavericks,PG,245,346,95,197,483.1,23,23,700.0,32,75,421.0,7,37,44,30,15,8,18,4,-27,319,289,275,74,267.1015625,30.65625,27.625,17.65625,445.2890625,353.4765625,349.0390625,68.15625,10
308,LaMelo Ball,Charlotte Hornets,PG,32,55,12,37,66.1,5,6,150.0,3,17,34.7,1,5,6,15,10,3,7,0,-49,53,38,47,21,2.0,2.0,0.5,0.5,4.5,8.0,0.5,0.5,2
309,Lamar Stevens,Memphis Grizzlies,PF,111,215,46,97,495.5,13,18,333.3,6,15,425.0,12,32,44,7,18,7,12,7,-20,162,155,118,51,211.0,48.44444444444444,6.111111111111112,2.4444444444444446,334.9777777777778,267.17777777777775,274.44444444444446,58.91111111111111,10
310,Landry Shamet,Washington Wizards,SG,55,184,20,55,273.1,7,7,300.0,8,35,104.1,4,10,14,8,12,4,9,2,-68,77,69,63,22,330.90000000000003,22.5,5.700000000000001,15.624999999999998,463.7,413.80000000000007,373.0,35.99999999999999,10
311,Larry Nance Jr.,New Orleans Pelicans,PF,53,197,22,34,588.6,7,10,316.7,2,6,150.0,21,27,48,18,20,10,13,5,25,119,101,71,66,92.5,42.0,12.5,1.825,197.8,176.9,115.0,52.9,10
312,Lauri Markkanen,Utah Jazz,PF,211,342,70,163,428.6,40,43,856.7,31,77,398.8,18,52,70,23,15,7,17,3,-46,304,281,234,93,324.9584775086505,112.03460207612457,50.128027681660896,23.539792387543255,784.7543252595156,573.083044982699,492.5674740484429,206.2249134948097,10
313,LeBron James,Los Angeles Lakers,SF,274,358,104,180,575.4,41,52,741.7,25,50,513.3,5,52,57,99,11,10,31,5,67,430,331,373,156,204.0692041522491,78.21799307958477,47.28373702422145,27.20069204152249,234.55363321799308,229.53979238754326,235.5051903114186,99.0795847750865,10
314,Leaky Black,Charlotte Hornets,F,27,151,8,25,232.1,7,10,275.0,4,10,150.0,5,21,26,13,12,2,3,2,-31,66,53,40,39,88.0,30.96,8.41,8.25,118.49000000000001,84.96000000000001,110.40999999999998,50.49,9
315,Leonard Miller,Minnesota Timberwolves,F,0,5,0,1,0.0,0,0,0.0,0,0,0.0,0,0,0,2,0,0,0,0,8,2,0,2,2,0.25,1.5625,2.25,0.0,0.0625,3.0625,1.0,0.0625,1
316,Lester Quinones,Golden State Warriors,G,58,162,20,53,357.0,9,13,325.0,9,31,250.0,8,18,26,11,17,2,5,0,-34,95,84,69,37,184.6485260770975,18.662131519274375,14.918367346938776,11.0,240.6417233560091,272.6621315192744,169.68934240362813,16.519274376417236,10
317,Lindy Waters III,Oklahoma City Thunder,F,29,66,10,21,323.3,0,0,0.0,9,19,283.3,1,14,15,4,6,1,3,2,-33,48,44,33,19,75.71527777777779,22.4375,3.881944444444444,9.4375,176.7152777777778,147.44444444444446,92.19444444444443,39.11111111111111,7
318,Lonnie Walker IV,Brooklyn Nets,G,101,188,36,101,323.1,6,7,350.0,23,59,341.1,0,25,25,8,23,5,9,3,15,134,126,109,33,411.8,33.525,8.625000000000002,27.700000000000003,627.3000000000001,608.025,429.125,44.1,10
319,Luguentz Dort,Oklahoma City Thunder,G,111,286,39,85,482.7,6,6,300.0,27,54,526.1,5,26,31,11,26,12,4,3,64,153,142,122,42,216.85069444444443,41.125,11.444444444444445,20.944444444444443,322.68402777777777,265.10069444444446,265.93402777777777,61.06944444444444,10
320,Luka Doncic,Dallas Mavericks,PG,364,379,129,253,507.1,61,71,876.1,45,111,400.2,9,92,101,114,26,15,38,4,49,579,465,478,215,254.53061224489795,29.117913832199545,71.3469387755102,29.77551020408163,321.3764172335601,237.1859410430839,283.91836734693874,155.26757369614512,10
321,Luka Garza,Minnesota Timberwolves,C,17,15,5,10,100.0,5,6,150.0,2,4,133.3,3,1,4,1,4,0,1,0,7,22,21,18,5,43.61224489795917,4.612244897959183,0.7551020408163267,0.3673469387755103,83.46938775510203,71.44897959183673,52.0,9.0,2
322,Luka Samanic,Utah Jazz,F,42,107,13,39,288.8,12,14,450.0,4,19,178.3,5,19,24,5,9,1,5,4,-42,71,66,47,29,86.96,45.96,4.44,2.24,270.7733333333333,235.0,110.0933333333333,63.040000000000006,9
323,Luke Kennard,Memphis Grizzlies,SG,121,265,37,75,493.40000000000003,20,22,571.4,27,58,467.9,1,20,21,33,10,6,17,0,-66,175,142,154,54,385.44444444444446,10.244444444444445,63.44444444444444,24.37777777777778,575.0,401.77777777777777,544.5777777777778,87.77777777777777,10
324,Luke Kornet,Boston Celtics,C,65,165,28,37,706.1,9,10,350.0,0,0,0.0,21,25,46,15,16,2,2,10,81,126,111,80,61,171.20069204152247,58.42214532871972,32.71626297577854,0.0,563.7301038062284,381.3737024221453,283.69550173010384,161.0,10
325,Malachi Flynn,Detroit Pistons,PG,36,83,13,39,232.5,4,6,200.0,6,18,241.7,0,10,10,11,5,3,6,0,-20,57,46,47,21,90.78125,7.5,13.0,4.625,202.15625,139.78125,143.65625,30.0,8
326,Malaki Branham,San Antonio Spurs,G,136,242,49,106,460.7,17,18,575.0,21,47,400.4,4,15,19,22,17,4,17,2,-57,177,155,158,41,628.4897959183672,8.927437641723355,29.63265306122449,30.791383219954646,822.546485260771,674.6961451247165,762.0,52.90022675736961,10
327,Malcolm Brogdon,Portland Trail Blazers,PG,102,218,37,83,266.20000000000005,17,19,433.3,11,30,202.89999999999998,7,22,29,40,13,4,17,2,4,171,131,142,69,100.0,28.833333333333336,7.333333333333334,6.833333333333334,113.5,66.83333333333334,151.33333333333331,31.5,6
328,Malik Beasley,Milwaukee Bucks,SG,114,305,41,103,390.6,2,3,150.0,30,80,363.7,3,31,34,18,19,10,8,1,93,166,148,132,52,358.7361111111111,14.402777777777779,12.267361111111109,34.06944444444444,245.65625,283.77777777777777,313.10069444444446,34.18402777777778,10
329,Malik Monk,Sacramento Kings,SG,194,281,75,164,441.0,22,27,730.0,22,63,335.5,6,35,41,56,21,11,17,3,12,291,235,250,97,782.0642722117202,22.534971644612476,40.0,16.998109640831757,907.5066162570889,896.6370510396976,761.2816635160681,94.18714555765597,10
330,MarJon Beauchamp,Milwaukee Bucks,F,30,42,10,16,350.0,7,8,175.0,3,7,200.0,2,9,11,1,4,1,3,0,-17,42,41,31,12,58.991735537190095,10.140495867768596,0.8677685950413222,1.8099173553719008,103.32231404958677,93.38016528925618,65.92561983471074,14.016528925619834,6
331,Marcus Morris Sr.,Philadelphia 76ers,SF,40,98,16,38,166.7,4,4,200.0,4,13,103.3,0,14,14,3,5,2,6,1,-21,57,54,43,17,86.0,5.0,2.75,2.0,126.75,107.0,104.75,8.75,4
332,Marcus Sasser,Detroit Pistons,G,62,188,23,67,347.3,6,9,300.0,10,34,366.2,1,18,19,42,19,10,18,0,-39,123,81,104,61,259.7890625,13.3515625,72.65625,11.9140625,490.5,296.15625,452.3515625,87.7890625,10
333,Markelle Fultz,Orlando Magic,PG,70,187,30,67,401.1,9,12,333.3,1,7,50.0,15,20,35,22,11,7,13,3,-17,127,105,92,57,236.39999999999998,36.6,23.77777777777778,0.9111111111111112,263.31111111111113,209.4,261.3777777777778,89.3111111111111,10
334,Markieff Morris,Dallas Mavericks,PF,5,11,2,3,150.0,0,0,0.0,1,2,50.0,0,2,2,0,0,0,0,0,4,7,7,5,2,0.625,2.5,0.0,0.625,4.625,4.625,0.625,2.5,2
335,Marques Bolden,Charlotte Hornets,C,0,13,0,1,0.0,0,0,0.0,0,0,0.0,0,1,1,0,1,0,1,0,2,1,1,0,1,0.0,0.7551020408163267,0.0,0.0,0.7551020408163267,0.7551020408163267,0.0,0.7551020408163267,2
336,Marvin Bagley III,Washington Wizards,PF,119,262,53,102,492.7,10,14,383.3,3,8,250.0,40,46,86,16,13,7,8,11,-40,221,205,135,102,366.9111111111111,136.0,12.577777777777778,2.2000000000000006,625.0,593.0444444444445,373.0,174.44444444444446,10
337,Mason Jones,Sacramento Kings,G,1,13,0,3,0.0,1,2,50.0,0,2,0.0,1,3,4,4,0,0,0,0,10,9,5,5,8,0.0,0.0,0.0,0.0,0.0,0.0,0.0,0.0,1
338,Mason Plumlee,LA Clippers,C,57,131,20,32,603.3,17,22,416.7,0,0,0.0,12,38,50,13,21,3,12,5,-15,120,107,70,63,88.2,102.0,12.2,0.0,198.0,212.2,86.0,102.20000000000002,10
339,Matisse Thybulle,Portland Trail Blazers,SG,65,236,24,56,385.6,6,9,250.0,11,29,343.3,7,23,30,16,17,26,9,8,-70,111,95,81,46,301.4988662131519,29.265306122448983,18.53061224489796,10.918367346938775,570.9954648526077,425.02267573696145,436.77777777777777,58.48979591836734,10
340,Matt Ryan,New Orleans Pelicans,F,26,49,9,21,200.0,0,0,0.0,8,17,194.4,1,8,9,2,5,0,2,0,-9,37,35,28,11,136.55555555555557,7.25,1.2222222222222223,11.555555555555557,204.80555555555554,200.80555555555557,141.55555555555554,7.472222222222223,5
341,Matthew Hurt,Memphis Grizzlies,F,32,110,12,33,215.9,3,3,200.0,5,19,233.4,9,7,16,4,8,3,2,3,-7,52,48,36,20,105.05785123966943,20.264462809917354,4.016528925619834,3.900826446280991,204.7933884297521,164.3801652892562,139.3388429752066,30.413223140495862,7
342,Max Christie,Los Angeles Lakers,G,45,140,15,29,682.8,7,10,400.0,8,16,386.7,3,13,16,11,3,2,2,5,-22,72,61,56,27,52.23456790123456,10.5,29.611111111111114,5.95679012345679,185.16049382716054,87.95679012345678,138.10493827160496,51.444444444444436,10
343,Max Strus,Cleveland Cavaliers,SG,118,312,42,93,422.4,12,15,316.7,22,62,318.5,11,20,31,48,25,6,16,4,-32,197,149,166,79,284.77562326869804,32.988919667590025,26.775623268698062,31.81717451523546,400.2908587257617,331.86426592797784,377.1024930747922,35.86426592797784,10
344,Maxi Kleber,Dallas Mavericks,PF,27,215,8,30,182.79999999999998,6,9,300.0,5,21,216.6,3,34,37,9,16,2,3,5,37,73,64,36,46,94.606648199446,40.10249307479224,8.822714681440445,3.6703601108033235,173.775623268698,138.19944598337952,132.98060941828257,46.127423822714675,10
345,Micah Potter,Utah Jazz,C,8,13,3,3,100.0,0,0,0.0,2,2,100.0,0,2,2,0,1,0,0,0,-5,10,10,8,2,0.0,0.0,0.0,0.0,0.0,0.0,0.0,0.0,1
346,Michael Porter Jr.,Denver Nuggets,SF,201,321,80,146,550.6,12,13,550.0,29,71,420.2,15,62,77,18,21,8,12,7,75,296,278,219,95,697.925,106.5,13.625,21.8,1368.5,1255.825,781.0,149.725,10
347,Mikal Bridges,Brooklyn Nets,SF,169,365,60,153,381.29999999999995,23,33,544.4,26,81,340.2,7,35,42,44,13,13,15,2,21,255,211,213,86,849.7145557655955,38.99810964083176,42.2117202268431,32.661625708884685,950.8185255198487,969.6049149338374,811.9111531190927,100.22684310018903,10
348,Mike Conley,Minnesota Timberwolves,PG,113,289,40,90,399.8,14,16,433.3,19,52,320.8,8,26,34,49,14,11,15,0,-42,196,147,162,83,466.0612244897959,32.44444444444444,44.77777777777777,29.281179138321995,306.4580498866213,310.6961451247165,437.6009070294785,101.44444444444444,10
349,Mike Muscala,Oklahoma City Thunder,C,26,127,9,35,234.2,1,2,50.0,7,25,250.0,5,15,20,6,8,2,1,2,24,52,46,32,26,92.6938775510204,12.204081632653061,6.5,10.13265306122449,175.31632653061226,157.3877551020408,104.33673469387755,24.98979591836735,10
350,Miles Bridges,Charlotte Hornets,SF,203,392,82,188,436.2,19,26,566.7,20,69,284.1,12,74,86,27,15,10,24,3,-111,316,289,230,113,462.4340277777778,96.27777777777779,26.267361111111114,20.5,944.0694444444443,812.0173611111111,569.625,147.40625,10
351,Miles McBride,New York Knicks,PG,95,256,37,82,474.3,3,3,200.0,18,44,379.70000000000005,6,12,18,30,18,9,3,2,-17,143,113,125,48,276.8305785123967,11.867768595041323,101.11157024793388,19.65289256198347,556.8677685950414,356.10330578512395,460.4710743801653,130.10330578512395,10
352,Mo Bamba,Philadelphia 76ers,C,37,151,15,37,368.4,4,4,100.0,3,10,166.7,12,27,39,8,19,1,7,11,-38,84,76,45,47,96.61218836565097,53.50969529085872,9.601108033240996,4.1135734072022165,166.3545706371191,182.44875346260386,79.06094182825485,64.56786703601108,10
353,Monte Morris,Minnesota Timberwolves,PG,53,154,20,52,431.1,5,7,275.0,8,21,341.6,3,12,15,30,4,6,2,1,20,98,68,83,45,93.0,18.92387543252595,42.18685121107266,3.8339100346020762,211.09342560553634,125.68858131487889,155.06920415224914,84.44636678200692,10
354,Moritz Wagner,Orlando Magic,C,114,181,42,65,626.0,27,32,603.1,3,11,233.3,17,37,54,12,18,6,12,1,28,180,168,126,66,349.3469387755102,59.77777777777777,6.0,2.111111111111111,543.7913832199546,581.8866213151928,319.9183673469388,57.11111111111111,10
355,Moses Brown,Portland Trail Blazers,C,13,28,6,10,233.3,1,3,33.3,0,0,0.0,4,5,9,2,4,0,2,1,7,24,22,15,11,18.0,12.320000000000002,2.880000000000001,0.0,25.519999999999996,27.92,13.680000000000001,17.119999999999997,3
356,Moses Moody,Golden State Warriors,SG,84,210,33,77,438.6,9,12,233.3,9,34,242.1,10,31,41,5,12,8,8,8,30,130,125,89,46,203.7265625,63.1015625,2.5390625,19.125,381.4140625,369.0,214.125,67.65625,10
357,Mouhamadou Gueye,Toronto Raptors,F,2,6,1,3,33.3,0,0,0.0,0,0,0.0,2,1,3,0,1,0,0,2,4,5,5,2,3,1.0,0.25,0.0,0.0,2.25,2.25,1.0,0.25,1
358,Moussa Diabate,LA Clippers,F,2,7,1,1,100.0,0,2,0.0,0,0,0.0,1,3,4,0,0,1,0,1,1,6,6,2,4,0.0,0.0,0.0,0.0,0.0,0.0,0.0,0.0,1
359,Myles Turner,Indiana Pacers,C,172,270,62,120,516.7,35,45,611.7,13,39,293.0,17,60,77,10,28,4,18,24,12,259,249,182,87,415.61451247165536,86.77777777777777,15.836734693877549,14.102040816326532,446.1111111111111,402.8049886621315,507.7777777777778,53.75736961451248,10
360,Naji Marshall,New Orleans Pelicans,SF,65,204,26,49,387.5,2,3,150.0,11,24,391.6,7,36,43,22,9,9,11,4,74,130,108,87,65,350.01234567901236,56.845679012345684,17.60493827160494,13.61111111111111,405.1419753086419,405.21604938271605,331.44444444444446,92.94444444444444,10
361,Nassir Little,Phoenix Suns,SF,9,50,3,12,133.3,0,0,0.0,3,8,200.0,0,10,10,3,6,0,1,2,-8,22,19,12,13,12.469135802469136,7.0246913580246915,3.555555555555556,1.5555555555555558,24.358024691358025,23.98765432098765,12.765432098765434,10.654320987654321,5
362,Nate Hinton,Houston Rockets,G,12,22,4,7,110.0,2,3,66.7,2,3,66.7,1,5,6,3,4,1,1,2,10,21,18,15,9,48.05555555555556,6.722222222222221,1.3888888888888884,2.5,97.38888888888886,75.55555555555557,65.0,13.0,2
363,Nathan Mensah,Charlotte Hornets,C,4,59,2,5,66.7,0,0,0.0,0,0,0.0,4,6,10,1,13,2,1,4,-17,15,14,5,11,13.75,9.9375,0.859375,0.0,41.359375,44.4375,13.484375,7.984375,7
364,Naz Reid,Minnesota Timberwolves,C,158,288,56,117,472.5,23,30,579.2,23,54,372.0,15,52,67,19,25,6,15,16,18,244,225,177,86,967.7777777777777,54.569444444444436,10.5,58.277777777777786,961.625,890.125,1031.611111111111,72.7361111111111,10
365,Neemias Queta,Boston Celtics,C,39,72,19,26,443.4,1,2,100.0,0,0,0.0,12,15,27,4,7,3,3,6,61,70,66,43,31,33.0,42.09375,1.34375,0.0,124.375,133.84375,29.09375,37.875,6
366,Nic Claxton,Brooklyn Nets,C,132,302,54,84,647.6,24,36,508.9,0,0,0.0,16,67,83,26,25,5,14,17,7,241,215,158,109,195.30056710775045,83.98298676748581,8.672967863894138,0.0,323.9073724007561,288.73156899810965,209.96975425330814,113.16257088846879,10
367,Nick Jr. Smith,Charlotte Hornets,G,56,175,18,63,306.1,8,9,187.5,12,35,291.6,3,10,13,17,18,4,5,0,0,86,69,73,30,192.8,11.444444444444443,16.644444444444446,13.777777777777779,224.0,198.5111111111111,200.7777777777778,45.6,10
368,Nick Richards,Charlotte Hornets,C,111,291,46,67,670.9,19,27,471.4,0,1,0.0,34,59,93,7,23,8,12,11,-53,211,204,118,100,304.98487712665406,109.0,10.168241965973536,0.0,476.67863894139884,457.5500945179584,308.80907372400753,134.4725897920605,10
369,Nickeil Alexander-Walker,Minnesota Timberwolves,SG,105,262,38,83,443.5,13,15,533.3,16,42,368.3,9,19,28,28,15,6,10,7,40,161,133,133,56,512.9340277777778,45.90625,31.600694444444443,26.944444444444446,584.4340277777777,547.5694444444446,518.5694444444445,108.73611111111111,10
370,Nicolas Batum,Philadelphia 76ers,PF,39,252,13,47,219.6,5,5,200.0,8,33,201.6,13,33,46,16,20,9,6,5,-38,101,85,55,62,119.07100591715977,77.13609467455622,16.591715976331358,5.609467455621302,327.1775147928994,258.77514792899404,133.2248520710059,147.97633136094674,10
371,Nikola Jokic,Denver Nuggets,C,267,365,107,177,626.2,44,48,901.4,9,27,177.0,27,109,136,106,25,20,28,10,147,509,403,373,242,473.325,138.0,139.62500000000003,15.3,979.0000000000001,603.125,686.6000000000001,440.225,10
372,Nikola Jovic,Miami Heat,F,82,214,29,59,475.6,9,13,325.0,15,36,435.8,2,42,44,23,17,7,10,4,24,149,126,105,67,355.2071005917159,48.55621301775148,18.91715976331361,17.224852071005916,659.5207100591716,556.2366863905326,428.5621301775148,97.40236686390531,10
373,Nikola Vucevic,Chicago Bulls,C,211,339,94,191,485.2,8,11,350.0,15,46,319.2,37,75,112,28,26,4,24,5,-95,351,323,239,140,381.8,55.2,13.625,6.525,621.125,515.0,478.525,78.225,10
374,Noah Clowney,Brooklyn Nets,F,8,41,3,6,50.0,0,0,0.0,0,2,0.0,3,4,7,5,2,2,1,0,-7,20,15,13,12,43.489795918367356,7.1224489795918355,2.63265306122449,0.061224489795918366,75.6938775510204,80.12244897959184,38.0,10.816326530612248,3
375,Norman Powell,LA Clippers,G,160,296,59,129,452.6,14,20,400.0,28,74,400.8,5,29,34,16,19,9,11,3,-36,210,194,176,50,420.4990548204159,20.59357277882798,17.274102079395085,29.270321361058603,462.0,507.44801512287336,369.0283553875236,43.890359168241964,10
376,O.G. Anunoby,New York Knicks,SF,69,125,27,51,204.7,8,12,193.3,7,20,113.3,1,11,12,8,6,13,8,2,90,89,81,77,20,142.75,10.0,6.0,4.75,92.75,92.75,152.75,6.0,4
377,Obi Toppin,Indiana Pacers,PF,87,185,34,60,536.1,9,12,400.0,10,27,316.7,8,30,38,10,14,5,8,6,56,135,125,97,48,278.10069444444446,41.61111111111111,20.625,8.01736111111111,519.3506944444445,462.5173611111111,326.76736111111114,70.40277777777777,10
378,Ochai Agbaji,Toronto Raptors,G,65,193,25,63,381.1,7,10,250.0,8,26,202.6,10,17,27,9,19,4,7,6,-38,101,92,74,36,276.09999999999997,62.125,4.924999999999999,13.825,497.0,491.625,287.625,60.90000000000001,10
379,Olivier Sarr,Oklahoma City Thunder,C,11,22,4,7,125.0,3,5,116.7,0,1,0.0,4,4,8,0,3,0,1,1,-14,19,19,11,8,34.92,6.920000000000002,0.0,0.0,59.68000000000001,59.68000000000001,34.92,6.920000000000002,3
380,OlivierMaxence Prosper,Dallas Mavericks,F,10,36,3,6,150.0,4,7,57.1,0,2,0.0,2,6,8,0,1,1,1,1,-14,18,18,10,8,25.76,12.0,0.0,0.0,72.16,72.16,25.76,12.0,4
381,Omer Yurtseven,Utah Jazz,C,19,47,9,14,183.3,1,3,50.0,0,1,0.0,9,8,17,3,5,1,2,3,-5,39,36,22,20,87.29752066115701,33.396694214876035,7.66115702479339,0.03305785123966942,237.3471074380165,175.9834710743802,135.91735537190084,53.80165289256199,4
382,Onuralp Bitim,Chicago Bulls,SF,46,115,17,38,270.3,3,4,150.0,9,23,273.4,5,12,17,4,9,1,4,1,-10,67,63,50,21,200.4375,38.359375,1.75,5.609375,381.734375,370.859375,210.4375,40.984375,7
383,Onyeka Okongwu,Atlanta Hawks,PF,146,301,59,87,686.7,20,25,592.9,8,16,433.3,34,44,78,11,31,5,6,15,26,235,224,157,89,236.51239669421489,139.6528925619835,8.900826446280991,5.652892561983471,571.9586776859504,571.702479338843,240.35537190082647,144.96694214876032,10
384,Orlando Robinson,Miami Heat,C,5,41,1,6,33.3,3,4,75.0,0,1,0.0,5,9,14,2,4,1,3,0,2,21,19,7,16,6.84,15.240000000000002,1.3600000000000003,0.0,27.56,21.0,7.56,22.439999999999998,4
385,Oscar Tshiebwe,Indiana Pacers,C,3,5,1,3,33.3,1,2,50.0,0,0,0.0,2,0,2,0,1,0,0,1,8,5,5,3,2,0.25,0.0,0.0,0.0,0.25,0.25,0.25,0.0,1
386,Oshae Brissett,Boston Celtics,SF,36,134,12,27,332.9,10,20,405.0,2,9,133.3,11,28,39,15,11,4,4,1,25,90,75,51,54,115.4809688581315,74.48788927335639,21.0,1.667820069204152,389.97923875432525,263.6851211072664,224.0103806228374,113.25259515570933,10
387,Ousmane Dieng,Oklahoma City Thunder,F,28,90,10,25,324.4,4,4,200.0,4,14,220.0,1,7,8,14,3,3,6,3,16,50,36,42,22,108.0,6.0,17.5,4.0,209.5,150.0,163.5,27.5,8
388,P.J. Tucker,LA Clippers,PF,7,56,3,10,33.3,0,0,0.0,1,6,16.7,5,6,11,2,3,0,2,1,-17,20,18,9,13,36.75,18.75,3.0,0.75,138.0,101.0,60.75,34.75,4
389,P.J. Washington,Dallas Mavericks,PF,122,316,45,99,450.9,13,15,450.0,19,58,297.5,13,40,53,11,17,13,10,9,-2,186,175,133,64,393.27685950413223,38.103305785123965,12.834710743801653,23.061983471074385,543.7190082644628,506.7851239669422,436.5826446280992,44.566115702479344,10
390,Paolo Banchero,Orlando Magic,PF,233,346,87,177,491.1,43,57,715.5,16,45,329.2,8,57,65,53,19,6,37,8,7,351,298,286,118,446.8781163434903,22.8393351800554,73.0,26.58725761772854,707.2160664819944,551.6897506925208,611.983379501385,86.26038781163436,10
391,Pascal Siakam,Indiana Pacers,PF,191,320,77,151,503.8,28,32,813.5,9,27,279.1,16,62,78,34,20,5,9,5,-44,303,269,225,112,276.9027777777777,114.5,34.277777777777786,9.23611111111111,528.125,382.90277777777777,357.125,213.77777777777777,10
392,Pat Connaughton,Milwaukee Bucks,SG,78,236,26,58,457.3,11,13,425.0,15,43,379.6,7,23,30,15,9,7,5,4,-8,123,108,93,45,200.5173611111111,28.43402777777778,23.43402777777778,11.61111111111111,294.2673611111111,293.625,200.90277777777774,52.125,10
393,Patrick Baldwin Jr.,Washington Wizards,F,19,66,7,22,176.7,2,3,150.0,3,14,83.3,2,15,17,2,5,2,2,1,14,38,36,21,19,40.440000000000005,16.540000000000003,1.4400000000000004,1.56,51.339999999999996,53.5,40.76,15.5,6
394,Patrick Beverley,Milwaukee Bucks,PG,60,202,21,54,344.6,9,11,433.4,9,28,252.9,9,28,37,20,20,9,5,7,-68,117,97,80,57,191.8147448015123,80.86767485822307,35.35727788279773,8.901701323251416,528.2098298676749,427.24574669187143,295.41776937618147,113.586011342155,10
395,Patrick Williams,Chicago Bulls,PF,6,24,2,9,22.2,2,2,100.0,0,5,0.0,0,6,6,2,5,0,2,2,-11,14,12,8,8,0.0,0.0,0.0,0.0,0.0,0.0,0.0,0.0,1
396,Patty Mills,Atlanta Hawks,PG,15,69,6,19,70.5,0,0,0.0,3,12,50.0,3,6,9,5,1,4,3,0,-22,29,24,20,14,147.07407407407408,7.518518518518519,7.296296296296298,7.962962962962964,231.51851851851853,168.66666666666669,202.74074074074076,22.0,6
397,Patty Mills,Miami Heat,PG,20,30,8,14,114.30000000000001,0,0,0.0,4,8,100.0,0,4,4,0,3,0,1,0,22,24,24,20,4,92.69135802469135,0.617283950617284,0.617283950617284,4.987654320987655,92.69135802469135,106.88888888888891,79.72839506172839,0.0,2
398,Paul George,LA Clippers,F,201,350,67,151,443.2,39,48,657.1,28,75,368.0,3,50,53,36,27,11,23,6,10,290,254,237,89,220.89999999999998,17.699999999999996,54.5,20.825,282.9,231.99999999999997,262.2,81.80000000000001,10
399,Paul Reed,Philadelphia 76ers,SF,111,250,48,86,574.6,8,12,450.0,7,12,350.0,33,44,77,16,31,7,9,18,-9,204,188,127,93,268.30056710775045,96.12287334593573,12.54820415879017,6.417769376181473,665.3761814744802,587.9508506616257,330.00945179584124,124.3875236294896,10
400,Payton Pritchard,Boston Celtics,PG,75,196,30,65,402.6,2,2,100.0,13,38,257.2,6,26,32,22,12,5,10,0,43,129,107,97,54,323.4297520661157,52.20247933884297,63.83884297520661,15.231404958677688,849.0661157024792,504.5,568.0371900826447,216.0,10
401,Peyton Watson,Denver Nuggets,F,69,183,27,58,460.6,10,17,280.0,5,21,308.3,6,26,32,8,13,5,11,15,-6,109,101,77,40,133.48979591836735,30.979591836734695,14.471655328798185,2.64172335600907,273.17233560090705,266.6734693877551,132.9954648526077,52.44444444444445,10
402,Precious Achiuwa,New York Knicks,PF,113,317,45,85,529.7,18,31,463.7,5,18,233.3,32,55,87,14,26,11,20,21,38,214,200,127,101,240.1404958677686,77.79338842975207,12.429752066115702,4.520661157024793,404.01652892561987,302.6942148760331,304.2396694214876,127.44628099173552,10
403,Quentin Grimes,Detroit Pistons,SG,82,218,27,79,319.5,16,20,450.0,12,51,225.0,2,28,30,18,12,8,8,4,0,130,112,100,48,311.6,30.0,13.600000000000001,9.600000000000001,440.0,469.6,282.0,43.6,10
404,R. Rupert,Portland Trail Blazers,G,26,103,9,23,338.1,2,2,100.0,6,13,325.0,7,10,17,10,13,3,5,0,-13,53,43,36,27,132.5432098765432,23.320987654320984,9.506172839506172,7.555555555555556,223.0,236.7283950617284,123.20987654320987,28.432098765432098,8
405,RJ Barrett,Toronto Raptors,SG,208,328,85,152,559.5,20,43,406.1,18,37,425.0,9,42,51,46,22,5,28,4,-39,305,259,254,97,255.64444444444445,58.24444444444445,50.577777777777776,15.777777777777777,454.77777777777777,307.8,398.8,112.64444444444445,10
406,Reggie Bullock,Houston Rockets,SF,22,73,8,18,291.6,0,0,0.0,6,15,249.89999999999998,1,8,9,1,3,4,1,0,24,32,31,23,10,29.32231404958678,12.0,0.8760330578512395,3.537190082644628,43.52066115702478,42.59504132231405,30.61157024793388,12.512396694214877,7
407,Reggie Jackson,Denver Nuggets,PG,56,170,24,72,307.3,0,0,0.0,8,36,225.8,1,9,10,22,15,2,8,1,27,88,66,78,32,128.81632653061223,9.804988662131517,24.75736961451247,3.600907029478458,238.17233560090708,158.30839002267572,206.11791383219955,37.12471655328798,10
408,Richaun Holmes,Washington Wizards,F,59,147,24,39,479.7,10,11,350.0,1,1,100.0,14,25,39,6,18,5,4,4,-8,104,98,65,45,276.90625,88.5,6.40625,0.9140625,617.625,601.40625,292.125,95.90625,10
409,Ricky IV Council,Philadelphia 76ers,G,71,131,24,56,394.0,22,31,592.5,1,13,25.0,7,20,27,5,7,0,3,1,-18,103,98,76,32,389.141975308642,90.94444444444446,4.623456790123457,1.0493827160493827,888.5,808.3456790123457,449.1111111111112,115.75308641975309,10
410,Robin Lopez,Milwaukee Bucks,C,6,23,3,9,37.5,0,0,0.0,0,2,0.0,1,0,1,1,3,1,0,2,-16,8,7,7,2,21.92,0.52,0.6800000000000002,0.0,24.48,29.0,18.28,0.32000000000000006,2
411,Royce O'Neale,Phoenix Suns,PF,92,318,32,90,299.8,5,6,250.0,23,66,295.8,9,55,64,38,22,11,8,6,36,194,156,130,102,431.124716553288,74.81632653061224,46.48979591836734,30.11111111111111,886.3083900226757,781.0430839002267,521.7777777777778,135.91836734693882,10
412,Rudy Gobert,Minnesota Timberwolves,C,130,361,53,82,648.8,24,35,555.0,0,1,0.0,44,102,146,14,37,7,16,26,30,290,276,144,160,287.37603305785126,111.5206611570248,12.41322314049587,0.0,438.5165289256198,479.09504132231405,236.8305785123967,133.900826446281,10
413,Rui Hachimura,Los Angeles Lakers,PF,149,308,63,120,508.4,5,9,300.0,18,40,465.0,7,30,37,10,17,8,7,4,-47,196,186,159,47,444.88429752066116,41.29338842975207,10.082644628099175,11.652892561983471,396.400826446281,414.5,432.1570247933885,46.00413223140496,10
414,Russell Westbrook,LA Clippers,PG,93,216,37,98,389.9,15,21,523.3,4,26,95.0,8,19,27,29,17,13,15,1,-10,149,120,122,56,193.55363321799308,25.844290657439448,33.636678200692046,4.7543252595155705,366.9792387543252,307.43252595155707,227.9515570934256,84.62975778546712,10
415,Ryan Arcidiacono,New York Knicks,G,0,5,0,1,0.0,0,0,0.0,0,1,0.0,0,0,0,0,1,1,0,0,3,0,0,0,0,0.0,0.0625,0.0,0.0,0.0625,0.0625,0.0,0.0625,1
416,Saben Lee,Phoenix Suns,G,35,98,9,28,194.29999999999998,15,20,416.7,2,9,83.3,3,15,18,17,6,4,2,0,11,70,53,52,35,190.68,24.479999999999997,5.720000000000001,1.5200000000000005,336.32,336.0,189.68,31.519999999999996,8
417,Saddiq Bey,Atlanta Hawks,SF,146,337,48,125,372.4,31,35,800.0,19,59,298.4,29,32,61,14,7,4,10,4,-23,221,207,160,75,398.90000000000003,67.125,9.625,14.9,439.4000000000001,478.32500000000005,362.225,74.5,10
418,Sam Hauser,Boston Celtics,SF,79,188,28,57,526.3,0,0,0.0,23,49,515.8,3,29,32,6,13,4,2,8,76,117,111,85,38,380.28925619834706,33.425619834710744,4.56198347107438,30.140495867768596,402.15289256198344,396.92975206611567,385.0,38.5,10
419,Sam Merrill,Cleveland Cavaliers,SG,63,194,20,68,291.6,4,4,300.0,19,65,265.8,4,18,22,18,12,3,1,1,-28,103,85,81,40,324.10204081632656,18.839002267573694,24.648526077097504,40.900226757369616,379.37641723356006,377.9478458049886,332.04308390022675,36.975056689342395,10
420,Samardo Samuels,Houston Rockets,F,0,6,0,1,0.0,0,0,0.0,0,0,0.0,1,1,2,0,0,0,0,0,-5,2,2,0,2,1.44,1.9599999999999997,0.0,0.0,0.03999999999999998,0.03999999999999998,1.44,1.9599999999999997,1
421,Sandro Mamukelashvili,San Antonio Spurs,PF,20,47,10,16,296.7,0,1,0.0,0,2,0.0,8,3,11,5,5,2,0,0,21,36,31,25,16,61.83673469387756,13.5,6.918367346938775,0.0,142.1938775510204,98.76530612244899,89.12244897959182,36.56122448979592,6
422,Santi Aldama,Memphis Grizzlies,PF,112,301,44,101,451.5,9,13,341.7,15,47,296.4,13,43,56,22,13,7,16,13,-91,190,168,134,78,214.44628099173553,18.5,43.421487603305785,23.243801652892564,354.51652892561987,233.1280991735537,347.4710743801653,50.28512396694215,10
423,Sasha Vezenkov,Sacramento Kings,F,9,22,2,7,28.6,3,3,100.0,2,4,50.0,0,1,1,1,4,1,0,0,24,11,10,10,2,4.5,0.5,0.5,2.0,4.5,2.0,8.0,0.0,2
424,Scoot Henderson,Portland Trail Blazers,G,146,266,44,102,451.7,45,47,875.0,13,36,396.2,10,19,29,49,27,4,22,2,-38,224,175,195,78,484.44444444444446,64.94444444444444,78.90277777777777,10.111111111111112,716.4027777777778,598.5,542.5694444444445,203.625,10
425,Scottie Barnes,Toronto Raptors,SF,179,333,70,155,460.1,33,39,674.9,6,36,159.89999999999998,28,63,91,75,18,13,31,14,21,345,270,254,166,391.6640625,102.8515625,85.6640625,4.8515625,827.2890625,587.40625,576.65625,243.40625,10
426,Scotty Pippen Jr.,Memphis Grizzlies,G,81,176,27,57,316.4,14,20,290.4,13,23,455.0,7,19,26,35,21,8,14,4,-13,142,107,116,61,169.71428571428572,17.42857142857143,6.0,2.857142857142857,249.42857142857142,241.42857142857144,181.71428571428572,19.42857142857143,7
427,Seth Curry,Charlotte Hornets,SG,81,181,29,67,372.5,14,15,566.7,9,31,256.6,4,15,19,17,7,5,7,3,-33,117,100,98,36,233.0,12.900826446280993,16.140495867768593,4.900826446280991,334.3388429752066,276.08264462809916,269.8677685950413,50.429752066115704,10
428,Shai Gilgeous-Alexander,Oklahoma City Thunder,PG,310,338,112,212,526.3,69,78,886.1,17,44,431.0,7,54,61,57,28,17,23,12,98,428,371,367,118,300.06944444444446,54.125,50.65625,24.111111111111107,449.9340277777778,343.6111111111111,414.2673611111112,96.90625,10
429,Shake Milton,New York Knicks,SG,40,105,17,39,321.1,2,3,66.7,4,11,150.0,9,13,22,11,6,3,5,2,-16,73,62,51,33,109.48000000000002,70.72,17.27,7.920000000000001,423.83000000000004,324.52,167.02999999999997,129.75,7
430,Simone Fontecchio,Detroit Pistons,F,152,297,56,111,489.6,13,14,366.7,27,59,426.8,6,32,38,20,18,10,11,3,-2,210,190,172,58,454.48979591836735,37.51927437641723,22.090702947845806,25.444444444444446,584.0,480.281179138322,541.0430839002267,76.77551020408164,10
431,Skylar Mays,Los Angeles Lakers,SG,6,29,3,8,120.0,0,0,0.0,0,3,0.0,0,1,1,2,1,1,1,1,0,9,7,8,3,12.6875,0.75,2.75,0.0,6.6875,12.1875,8.6875,2.0,3
432,Spencer Dinwiddie,Los Angeles Lakers,PG,43,230,14,45,313.3,7,10,316.7,8,26,266.7,1,10,11,26,19,1,7,4,32,80,54,69,37,132.5,7.799999999999999,41.425,5.825,296.0250000000001,150.5,264.52500000000003,62.72500000000001,10
433,Stanley Umude,Detroit Pistons,G,17,49,6,13,82.5,1,1,100.0,4,7,108.3,3,2,5,1,7,0,1,1,-15,23,22,18,6,110.0,0.6875,0.6875,4.6875,110.0,121.6875,99.6875,0.0,3
434,Stephen Curry,Golden State Warriors,PG,205,299,70,189,356.5,25,29,737.5,40,122,309.6,7,33,40,49,11,7,28,1,39,294,245,254,89,1165.5950413223138,109.4917355371901,73.0,89.3099173553719,1749.1115702479337,1668.2024793388427,1307.3223140495872,121.67355371900827,10
435,Svi Mykhailiuk,Boston Celtics,SG,22,47,8,20,167.5,0,0,0.0,6,16,113.3,2,5,7,6,1,2,1,0,34,35,29,28,13,35.90123456790123,11.0,6.493827160493828,4.0,125.44444444444446,82.23456790123457,66.44444444444446,30.16049382716049,4
436,T.J. McConnell,Indiana Pacers,PG,125,194,59,97,582.4,2,3,150.0,5,6,300.0,7,22,29,51,9,13,11,2,48,205,154,176,80,345.0770975056689,45.68934240362812,48.31519274376417,6.64172335600907,549.9478458049887,447.2653061224489,435.6734693877551,106.09070294784581,10
437,T.J. Warren,Minnesota Timberwolves,SF,19,64,9,19,213.6,0,0,0.0,1,7,33.3,2,6,8,3,8,1,3,0,31,30,27,22,11,15.959999999999999,10.64,2.7600000000000002,0.7600000000000001,32.24,38.36,10.0,13.24,4
438,Taj Gibson,New York Knicks,F,2,68,0,9,0.0,2,2,100.0,0,2,0.0,4,6,10,4,8,1,3,0,2,16,12,6,14,3.2222222222222223,10.555555555555554,0.888888888888889,0.0,16.222222222222225,10.0,5.0,15.88888888888889,5
439,Talen Horton-Tucker,Utah Jazz,SG,71,146,21,62,341.2,20,25,555.6,9,27,364.9,8,18,26,23,13,5,4,4,-60,120,97,94,49,81.54437869822485,48.86390532544378,28.59763313609467,2.9289940828402363,294.79289940828403,176.30177514792902,172.67455621301775,104.82248520710058,10
440,Taurean Prince,Los Angeles Lakers,PF,65,201,26,61,436.0,0,1,0.0,13,36,268.6,2,28,30,13,12,4,8,4,3,108,95,78,43,173.09504132231405,30.743801652892564,10.103305785123968,16.219008264462808,306.97520661157023,293.27685950413223,180.69421487603307,46.946280991735534,10
441,Taylor Hendricks,Utah Jazz,F,70,220,28,58,514.6,3,3,200.0,11,33,406.7,16,46,62,7,28,5,8,6,-34,139,132,77,69,126.0,105.6,2.1,4.9,334.90000000000003,297.6,146.1,124.9,10
442,Taze Moore,Portland Trail Blazers,G,2,5,1,1,100.0,0,0,0.0,0,0,0.0,0,0,0,1,0,0,1,0,7,3,2,3,1,1.44,0.0,0.6400000000000001,0.0,4.0,1.44,4.0,0.6400000000000001,1
443,Terance Mann,LA Clippers,SG,120,270,48,75,646.7,12,12,700.0,12,27,299.9,15,26,41,11,22,5,6,2,-24,172,161,131,52,376.43402777777777,98.5,14.5,18.18402777777778,782.2673611111112,742.4340277777779,395.26736111111114,134.0,10
444,Terquavion Smith,Philadelphia 76ers,G,40,59,14,34,241.1,2,3,100.0,10,26,216.6,0,2,2,10,3,7,4,0,9,52,42,50,12,186.96296296296296,1.4074074074074074,17.185185185185183,17.185185185185183,177.40740740740742,184.66666666666663,179.62962962962965,18.666666666666668,6
445,Terry Rozier,Miami Heat,SG,170,318,67,145,467.6,18,20,641.7,18,51,336.9,6,37,43,60,17,8,15,2,12,273,213,230,103,207.37024221453285,30.391003460207614,48.55363321799308,20.685121107266436,446.3287197231834,294.3356401384084,364.1660899653979,74.14186851211072,10
446,Terry Taylor,Chicago Bulls,F,11,46,4,8,275.0,1,2,50.0,2,3,150.0,2,10,12,3,1,1,0,0,-17,26,23,14,15,9.5679012345679,22.34567901234568,3.123456790123457,1.308641975308642,70.34567901234567,53.0,15.382716049382717,37.0,4
447,Thaddeus Young,Phoenix Suns,F,6,29,3,6,100.0,0,2,0.0,0,0,0.0,7,3,10,0,4,1,1,0,3,16,16,6,10,18.820000000000004,18.5,6.48,0.0,43.27999999999999,19.520000000000003,46.18000000000001,21.38,2
448,Thaddeus Young,Phoenix Suns,PF,53,152,26,34,569.9,1,5,50.0,0,2,0.0,15,20,35,18,15,3,4,2,-39,106,88,71,53,159.26999999999998,23.75,31.880000000000003,0.0,419.48,232.71999999999997,312.63,89.03,7
449,Thanasis Antetokounmpo,Milwaukee Bucks,SF,10,48,5,11,266.7,0,2,0.0,0,1,0.0,2,1,3,4,8,1,3,1,-18,17,13,14,7,12.833333333333332,1.666666666666667,2.0000000000000004,0.0,20.83333333333334,17.5,15.5,4.333333333333334,6
450,Theo Maledon,Phoenix Suns,PG,5,10,1,2,50.0,3,3,100.0,0,0,0.0,0,1,1,0,3,0,3,0,-11,6,6,5,1,14.0625,0.5625,0.0,0.0,20.25,20.25,14.0625,0.5625,1
451,Thomas Bryant,Miami Heat,C,9,36,4,8,108.3,1,2,50.0,0,4,0.0,3,3,6,3,4,0,0,3,-14,18,15,12,9,33.56,17.04,2.84,0.0,132.95999999999998,97.96000000000002,55.43999999999999,33.0,4
452,Tim Hardaway Jr.,Dallas Mavericks,SF,93,209,32,93,336.3,11,16,450.0,18,58,274.4,2,21,23,15,9,4,7,2,-9,131,116,108,38,315.99173553719015,31.0,19.01652892561983,24.776859504132233,491.1487603305784,448.2644628099174,364.6942148760331,44.19834710743802,10
453,Tobias Harris,Philadelphia 76ers,PF,155,344,64,149,397.6,14,18,658.3,13,44,249.4,15,61,76,22,15,13,10,6,-18,253,231,177,98,756.4753086419753,114.69753086419753,30.0,24.69753086419753,1299.567901234568,1099.3456790123457,901.5864197530864,199.80864197530866,10
454,Torrey Craig,Chicago Bulls,SF,41,166,14,36,281.6,3,4,150.0,10,30,255.0,8,23,31,10,12,4,7,6,-37,82,72,51,41,86.22222222222223,36.22222222222222,20.888888888888886,4.888888888888889,278.8888888888889,214.0,132.0,76.22222222222221,9
455,Tosan Evbuomwan,Detroit Pistons,F,17,90,7,18,314.3,0,0,0.0,3,9,183.3,8,8,16,6,6,1,1,1,-34,39,33,23,22,14.833333333333332,107.33333333333334,8.0,1.5,197.5,137.5,28.833333333333332,161.33333333333334,6
456,Toumani Camara,Portland Trail Blazers,F,101,258,36,69,514.3,18,21,616.7,11,20,475.0,27,32,59,18,20,5,12,4,15,178,160,119,77,318.92499999999995,74.125,13.200000000000001,11.8,680.0,566.4000000000001,408.12499999999994,111.725,10
457,Trae Young,Atlanta Hawks,PG,235,370,76,173,432.4,45,55,813.4,38,93,399.0,2,18,20,109,22,11,45,2,-38,364,255,344,129,758.2361111111111,12.069444444444445,83.0,45.06944444444444,786.5,622.5,926.4027777777778,90.90277777777777,10
458,Trayce JacksonDavis,Golden State Warriors,F,83,172,37,47,789.9,9,21,361.7,0,0,0.0,19,32,51,13,20,4,7,12,-7,147,134,96,64,153.0,90.99546485260771,23.308390022675734,0.0,450.4512471655329,347.51927437641723,195.54648526077096,174.68934240362813,10
459,Tre Jones,San Antonio Spurs,PG,96,289,35,61,568.6,13,15,483.3,13,25,392.1,7,36,43,71,13,10,16,1,32,210,139,167,114,471.7164461247637,37.752362948960304,73.10586011342156,22.387523629489603,586.4725897920605,520.2022684310019,498.8525519848771,149.99243856332703,10
460,Tre Mann,Charlotte Hornets,PG,119,309,44,97,446.5,15,19,615.0,16,37,388.3,4,49,53,43,21,16,15,0,-29,215,172,162,96,229.59504132231405,46.239669421487605,23.925619834710744,10.429752066115702,470.5206611570248,381.05785123966945,281.86776859504135,107.35537190082644,10
461,Trendon Watford,Brooklyn Nets,PF,78,139,27,56,579.9,19,20,550.0,5,13,300.0,10,23,33,3,19,0,9,5,-54,114,111,81,36,296.5,58.4765625,2.1015625,4.8515625,542.0,507.3515625,329.2265625,62.5,10
462,Trent Forrest,Atlanta Hawks,G,13,74,6,12,225.0,1,2,50.0,0,1,0.0,1,5,6,18,7,2,2,0,-16,37,19,31,24,44.135802469135804,7.555555555555557,27.654320987654323,0.0,91.17283950617283,82.43209876543212,65.69135802469137,22.395061728395063,8
463,Trevelin Queen,Orlando Magic,SG,0,13,0,3,0.0,0,0,0.0,0,2,0.0,0,1,1,1,1,0,0,0,-17,2,1,1,2,0.0,0.5555555555555556,0.5555555555555556,0.0,0.22222222222222227,0.5555555555555556,0.5555555555555556,0.22222222222222227,2
464,Trey Jemison,Memphis Grizzlies,C,75,219,34,57,506.0,7,10,350.0,0,0,0.0,23,25,48,10,35,4,13,10,-20,133,123,85,58,448.7777777777778,37.199999999999996,9.111111111111112,0.0,638.2,645.9777777777779,431.0,56.31111111111112,10
465,Trey Lyles,Sacramento Kings,PF,53,186,18,46,392.9,12,16,625.0,5,22,236.7,11,28,39,8,19,0,7,3,1,100,92,61,47,103.99173553719008,15.06198347107438,7.640495867768594,7.148760330578514,183.88429752066114,131.55785123966942,140.88016528925618,38.14049586776859,10
466,Trey Murphy III,New Orleans Pelicans,SG,177,316,57,126,426.2,22,31,633.4,41,100,376.6,10,48,58,26,14,14,3,8,113,261,235,203,84,1019.125,51.6,38.5,79.92499999999998,1218.125,1228.5249999999999,1008.325,90.5,10
467,Troy Brown Jr.,Detroit Pistons,SF,30,95,11,30,232.9,2,2,100.0,6,18,206.6,2,16,18,8,6,1,3,0,-31,56,48,38,26,68.0,22.480000000000004,8.080000000000002,3.6799999999999997,185.52,143.68,105.27999999999999,35.120000000000005,8
468,TyTy Washington Jr.,Milwaukee Bucks,G,0,8,0,2,0.0,0,0,0.0,0,1,0.0,0,0,0,1,0,0,0,0,-4,1,0,1,1,0.0,0.0,0.44444444444444453,0.0,0.44444444444444453,0.0,0.44444444444444453,0.44444444444444453,1
469,Tyler Herro,Miami Heat,PG,183,325,71,166,433.4,10,13,333.4,31,80,406.0,3,46,49,50,11,0,13,1,35,282,232,233,99,148.11111111111111,40.94444444444444,28.069444444444443,12.944444444444445,309.7361111111111,207.61111111111111,206.125,113.125,10
470,Tyrese Haliburton,Indiana Pacers,PG,160,331,62,142,405.4,19,22,441.7,17,70,222.8,4,33,37,98,5,12,25,5,5,295,197,258,135,482.4,41.0,101.2,17.325,1064.6000000000001,578.6,968.0,142.6,10
471,Tyrese Maxey,Philadelphia 76ers,PG,269,377,97,216,452.0,46,49,925.0,29,76,378.7,7,41,48,57,22,9,23,2,-65,374,317,326,105,292.77777777777777,58.31111111111111,33.0,12.911111111111111,554.0,475.0,333.91111111111115,129.17777777777775,10
472,Tyus Jones,Washington Wizards,PG,83,305,33,81,381.5,4,4,300.0,13,41,335.8,3,22,25,95,4,9,11,2,-79,203,108,178,120,358.3506944444444,42.65625,171.125,18.5,892.1111111111112,584.4027777777777,625.6840277777778,254.15625,10
473,Udoka Azubuike,Phoenix Suns,C,2,11,1,3,33.3,0,2,0.0,0,0,0.0,2,4,6,0,1,0,0,0,-3,8,8,2,6,1.7777777777777781,13.444444444444443,0.0,0.0,25.0,25.0,1.7777777777777781,13.444444444444443,1
474,Vasilije Micic,Charlotte Hornets,G,108,267,42,99,419.59999999999997,15,16,566.7,9,38,233.6,6,19,25,57,10,9,25,0,-95,190,133,165,82,377.6859504132231,38.54958677685951,61.41322314049586,9.595041322314051,734.5495867768595,576.5,501.19834710743794,134.5,10
475,Victor Wembanyama,San Antonio Spurs,C,220,306,78,169,460.2,40,52,714.1,24,62,397.7,22,93,115,49,21,19,30,44,19,384,335,269,164,452.0,31.14876033057851,34.5,13.355371900826448,657.7396694214875,528.7851239669421,582.5,64.10330578512396,10
476,Vince Williams Jr.,Memphis Grizzlies,G,127,336,42,92,459.70000000000005,30,38,723.3,13,34,328.8,8,54,62,61,30,12,34,9,-54,250,189,188,123,231.93628808864267,72.8808864265928,35.61495844875347,18.00831024930748,492.2326869806094,474.07479224376726,226.76454293628805,131.82548476454295,10
477,Vit Krejci,Atlanta Hawks,G,6,44,2,8,53.3,0,0,0.0,2,6,75.0,1,2,3,8,1,3,1,1,-1,17,9,14,11,4.5,1.625,10.0,0.5,36.625,10.625,26.5,15.625,2
478,Walker Kessler,Utah Jazz,C,75,236,33,57,647.6,9,11,450.0,0,3,0.0,31,48,79,12,18,7,10,23,-81,166,154,87,91,174.5,79.12345679012346,5.808641975308642,0.0,373.1111111111111,362.62345679012344,178.30864197530863,91.61111111111113,10
479,Wendell Carter Jr.,Orlando Magic,C,117,260,43,79,564.9,19,27,465.0,12,30,340.1,30,51,81,16,20,5,13,8,0,214,198,133,97,164.325,117.925,4.4,9.625,385.3,346.5,186.325,139.125,10
480,Wendell Moore Jr.,Minnesota Timberwolves,G,2,5,1,1,100.0,0,0,0.0,0,0,0.0,0,2,2,0,1,0,0,0,8,4,4,2,2,2.0408163265306123,2.4693877551020407,0.02040816326530612,0.0,8.16326530612245,9.0,1.6530612244897955,2.0408163265306123,1
481,Wenyen Gabriel,Memphis Grizzlies,F,15,51,7,14,143.3,0,5,0.0,1,4,50.0,4,11,15,2,5,2,5,1,6,32,30,17,17,14.75,2.1875,2.75,0.75,13.6875,27.6875,5.0,0.6875,3
482,Wesley Matthews,Atlanta Hawks,SG,14,38,5,9,233.3,0,1,0.0,4,7,240.0,0,7,7,1,3,1,0,2,-6,22,21,15,8,22.96,15.24,0.8400000000000001,2.16,56.24,59.16,21.96,14.160000000000002,4
483,Xavier Tillman,Boston Celtics,F,46,158,18,34,451.1,7,12,250.0,3,7,250.0,11,21,32,9,13,8,1,8,3,87,78,55,41,44.0,30.0,7.0,1.8800000000000001,120.0,94.0,68.0,39.0,8
484,Yuta Watanabe,Memphis Grizzlies,SF,22,97,10,24,250.0,0,2,0.0,2,12,64.3,0,11,11,5,6,5,4,0,-36,38,33,27,16,115.08000000000001,11.27,3.75,1.4800000000000004,136.28,131.43,116.23000000000002,18.72,7
485,Zach Collins,San Antonio Spurs,PF,114,187,46,89,528.3,12,22,361.7,10,16,583.4,17,29,46,22,26,4,20,10,-47,182,160,136,68,303.51927437641723,85.38775510204081,25.61451247165533,8.267573696145124,670.2131519274376,538.59410430839,393.7777777777777,152.36281179138322,10
486,Zeke Nnaji,Denver Nuggets,PF,30,110,10,25,338.3,10,12,400.0,0,3,0.0,10,11,21,5,10,3,2,12,-18,56,51,35,26,72.71111111111111,8.911111111111111,4.6,0.0,134.0,109.8,91.84444444444443,18.577777777777776,10
487,Ziaire Williams,Memphis Grizzlies,F,103,270,39,94,389.0,13,16,421.4,12,46,213.7,6,38,44,20,15,12,15,0,-39,167,147,123,64,552.1,32.4,24.0,17.599999999999998,788.1,632.1,714.1,50.4,10
488,Zion Williamson,New Orleans Pelicans,PF,223,317,89,159,561.1,44,59,722.5,1,3,50.0,18,45,63,70,20,6,25,13,55,356,286,293,133,490.179012345679,85.64197530864197,56.44444444444445,0.919753086419753,663.8827160493827,604.6975308641976,539.4382716049383,152.01234567901233,10
