,First Last Name,team,position,points,minutes,fgm,fga,fgp,ftm,fta,ftp,tpm,tpa,tpp,offReb,defReb,totReb,assists,pFouls,steals,turnovers,blocks,plusMinus,Points_Rebounds_Assist,Points_Rebounds,Points_Assist,Rebounds_Assist,points_deviation,totReb_deviation,assists_deviation,tpm_deviation,Points_Rebounds_Assist_deviation,Points_Rebounds_deviation,Points_Assist_deviation,Rebounds_Assist_deviation,count
0,A. Flagler,Oklahoma City Thunder,F,0,6,0,3,0.0,0,0,0.0,0,3,0.0,0,0,0,1,0,0,0,0,0,1,0,1,1,0.0,0.0,0.0,0.0,0.0,0.0,0.0,0.0,1
1,A.J. Green,Milwaukee Bucks,G,55,149,17,45,424.4,8,9,366.7,13,37,384.6,1,17,18,7,8,4,5,1,-16,80,73,62,25,139.44444444444443,15.611111111111114,8.350694444444445,9.15625,219.01736111111111,221.6111111111111,140.15625,20.65625,10
2,A.J. Lawson,Dallas Mavericks,G,20,42,8,21,223.3,2,6,100.0,2,8,100.0,2,6,8,3,5,1,0,1,-5,31,28,23,11,34.239999999999995,6.56,1.826666666666667,1.5733333333333335,50.36,44.373333333333335,38.17333333333333,10.44,6
3,Aaron Gordon,Denver Nuggets,PF,140,306,58,93,696.7,20,29,601.7,4,19,133.3,17,40,57,39,23,10,14,2,79,236,197,179,96,218.39999999999998,80.136,47.57599999999999,2.656,365.10400000000004,454.77599999999995,159.016,97.424,10
4,Aaron Holiday,Houston Rockets,G,32,99,13,39,224.6,2,2,100.0,4,17,106.7,1,6,7,11,14,3,2,1,-20,50,39,43,18,210.31391200951248,3.7277051129607606,12.795481569560046,8.228299643281808,284.69203329369793,255.0,234.36979785969083,22.159334126040424,10
5,Aaron Nesmith,Indiana Pacers,SF,116,277,37,88,414.9,26,31,782.1,16,44,374.9,3,28,31,16,31,5,5,10,22,163,147,132,47,318.09600000000006,39.39999999999999,8.0,13.184,531.5759999999999,517.0959999999999,325.77600000000007,54.19999999999999,10
6,Aaron Wiggins,Oklahoma City Thunder,SG,53,148,22,44,519.6,6,8,300.0,3,13,100.0,10,10,20,8,6,7,8,7,-7,81,73,61,28,130.1,8.711111111111112,7.644444444444445,8.11111111111111,145.34444444444443,149.47777777777776,133.6111111111111,8.71111111111111,10
7,Al Horford,Boston Celtics,C,90,253,36,67,488.5,4,4,200.0,14,34,289.3,14,43,57,18,15,8,5,9,77,165,147,108,75,380.5,64.125,31.2,33.625,571.7249999999999,421.125,523.7,102.72500000000001,10
8,Alec Burks,New York Knicks,SG,59,130,22,74,267.2,7,10,275.0,8,38,201.79999999999998,4,13,17,8,3,2,4,1,-22,84,76,67,25,216.42400000000004,11.016000000000002,4.384,8.224,342.89599999999996,291.29600000000005,260.20000000000005,23.223999999999997,10
9,Aleksej Pokusevski,Charlotte Hornets,F,27,83,11,27,255.8,2,2,100.0,3,10,183.3,5,11,16,10,5,5,4,5,4,53,43,37,26,30.0,13.0,6.3125,1.2013888888888888,80.8125,63.0,35.3125,31.8125,5
10,Aleksej Pokusevski,Oklahoma City Thunder,F,6,18,2,5,100.0,1,2,50.0,1,3,100.0,0,2,2,0,0,1,0,0,-12,8,8,6,2,35.0,17.0,9.1875,0.8541666666666667,163.1875,98.0,75.6875,50.6875,3
11,Alex Caruso,Chicago Bulls,SG,102,305,38,90,409.3,5,9,225.0,21,54,372.0,6,32,38,43,25,25,13,7,-9,183,140,145,81,429.264,29.904000000000003,44.104,31.0,747.064,568.336,602.6,79.39999999999999,10
12,Alex Len,Sacramento Kings,C,29,94,13,26,456.7,3,6,75.0,0,0,0.0,8,13,21,5,12,4,5,9,29,55,50,34,26,37.0,18.925,4.5,0.0,47.724999999999994,47.225,38.5,22.425,10
13,Alondes Williams,Miami Heat,G,0,6,0,1,0.0,0,0,0.0,0,1,0.0,0,1,1,0,0,0,1,0,-2,1,1,0,1,0.0,0.25,0.0,0.0,0.25,0.25,0.0,0.25,1
14,Alperen Sengun,Houston Rockets,C,209,324,81,157,512.7,43,68,622.9,4,12,200.0,39,68,107,45,36,16,26,7,2,361,316,254,152,847.1723356009071,197.81632653061226,123.77551020408163,4.408163265306122,1935.0226757369614,1622.4580498866212,993.7777777777778,487.5510204081633,10
15,Amen Thompson,Houston Rockets,F,92,208,39,66,514.4,13,16,516.7,1,6,100.0,22,40,62,15,25,15,10,8,46,169,154,107,77,491.3777777777778,67.69999999999999,30.5,0.9111111111111112,990.7777777777779,798.9444444444445,641.2111111111111,140.20000000000002,10
16,Amir Coffey,LA Clippers,SG,67,218,25,56,392.8,4,5,250.0,13,32,325.0,2,25,27,17,15,7,6,2,-25,111,94,84,44,229.70000000000002,76.27777777777777,19.0,18.2,593.8444444444444,443.24444444444447,341.3,134.27777777777777,10
17,Andre Drummond,Chicago Bulls,C,79,175,31,57,426.0,17,32,554.2,0,0,0.0,30,62,92,4,22,2,11,5,-3,175,171,83,96,328.997256515775,345.75857338820293,2.400548696844993,0.0,1120.111111111111,1052.2400548696846,366.4869684499314,378.54046639231825,10
18,Andre Jr. Jackson,Milwaukee Bucks,G,10,69,4,9,333.3,0,0,0.0,2,5,200.0,3,9,12,10,6,3,3,0,-10,32,22,20,22,10.979591836734695,7.102040816326531,7.459183673469388,1.5510204081632657,33.704081632653065,28.77551020408163,14.846938775510203,15.622448979591837,6
19,Andrew Nembhard,Indiana Pacers,PG,82,277,33,75,465.2,4,5,100.0,12,34,423.3,6,21,27,27,23,11,15,1,-28,136,109,109,54,158.5041617122473,30.2294887039239,41.79667063020215,5.771700356718193,324.8109393579073,179.4447086801427,300.8644470868015,75.03210463733649,10
20,Andrew Wiggins,Golden State Warriors,SF,138,259,52,104,497.5,18,20,650.0,16,37,423.3,12,28,40,20,16,6,10,4,0,198,178,158,60,246.44444444444443,38.5,8.017361111111112,6.5,379.4340277777778,390.27777777777777,250.01736111111114,32.10069444444444,10
21,Anfernee Simons,Portland Trail Blazers,SG,250,384,86,194,439.1,38,41,857.1,40,95,417.6,7,36,43,67,19,6,36,0,-1,360,293,317,110,643.7869822485206,30.14792899408284,96.86686390532543,14.3698224852071,1067.2455621301774,742.7869822485208,914.0621301775149,181.198224852071,10
22,Anthony Black,Orlando Magic,G,52,219,17,50,314.1,9,14,350.0,9,22,308.3,7,22,29,10,17,7,9,1,41,91,81,62,39,115.70000000000002,56.9,6.225,9.299999999999999,275.52500000000003,235.0,153.225,66.125,10
23,Anthony Davis,Los Angeles Lakers,PF,216,355,81,154,521.6,53,63,774.9,1,6,50.0,30,97,127,30,21,16,15,23,3,373,343,246,157,654.8000000000001,253.57600000000002,22.784,1.384,1579.576,1384.216,786.3039999999999,340.216,10
24,Anthony Edwards,Minnesota Timberwolves,SG,275,357,101,225,432.9,51,60,842.3,22,70,314.8,8,46,54,41,16,17,27,11,34,370,329,316,95,1043.0,57.56104252400549,29.00548696844993,24.938271604938272,1393.5775034293554,1314.7832647462278,1090.2277091906722,118.13305898491083,10
25,Anthony Gill,Washington Wizards,PF,5,26,2,7,133.3,0,0,0.0,1,3,100.0,2,3,5,3,0,4,4,0,10,13,10,8,8,7.0,4.111111111111112,7.864197530864198,0.9012345679012346,16.160493827160494,19.777777777777775,8.419753086419753,6.938271604938272,4
26,Ashton Hagans,Portland Trail Blazers,G,47,181,17,39,452.7,8,11,350.0,5,11,166.7,8,21,29,32,25,7,19,7,8,108,76,79,61,130.2,19.177777777777777,51.77777777777777,6.6,396.97777777777776,217.11111111111111,288.11111111111114,92.9111111111111,10
27,Ausar Thompson,Detroit Pistons,F,103,314,42,87,508.0,11,25,325.0,8,29,195.3,15,44,59,21,26,17,14,11,-6,183,162,124,80,121.7,31.399999999999995,24.125,8.5,347.72499999999997,237.7,200.02499999999998,87.225,10
28,Austin Reaves,Los Angeles Lakers,SG,168,356,64,124,525.7,12,15,600.0,28,63,411.2,4,46,50,56,13,6,23,1,-16,274,218,224,106,233.83264746227704,37.27297668038408,95.0342935528121,33.62688614540466,355.5692729766804,252.5679012345679,385.68449931412897,83.45679012345678,10
29,Ayo Dosunmu,Chicago Bulls,SG,161,383,61,133,437.5,18,21,541.6,21,59,339.4,8,28,36,56,22,7,20,7,-55,253,197,217,92,589.0,30.540466392318248,43.99725651577503,13.153635116598078,647.4444444444445,548.5775034293553,691.2935528120713,71.1111111111111,10
30,Bam Adebayo,Miami Heat,C,178,341,72,143,489.8,32,52,611.9,2,5,200.0,24,74,98,32,21,13,18,10,-5,308,276,210,130,372.0,73.2,27.856,1.6159999999999997,450.736,376.0,444.01599999999996,103.776,10
31,Ben Sheppard,Indiana Pacers,G,72,185,26,53,472.5,4,4,200.0,16,38,384.6,2,18,20,8,20,6,1,1,48,100,92,80,28,241.40828402366867,42.05917159763313,15.715976331360945,34.476331360946745,413.13609467455615,330.3786982248521,336.0,45.94082840236687,10
32,Ben Simmons,Brooklyn Nets,PG,53,168,24,38,521.1,5,11,150.0,0,0,0.0,15,39,54,46,20,9,12,4,-5,153,107,99,100,134.88888888888889,64.0,78.88888888888889,0.0,382.0,162.8888888888889,300.0,196.88888888888889,9
33,Bennedict Mathurin,Indiana Pacers,SG,139,275,44,115,340.3,35,45,614.5,16,44,245.0,10,33,43,23,24,7,17,4,-18,205,182,162,66,753.4765625,123.6015625,38.125,30.4140625,1418.90625,1097.65625,970.9140625,265.5390625,10
34,Bilal Coulibaly,Washington Wizards,SG,90,289,30,76,451.5,19,27,633.3,11,39,238.3,9,30,39,18,22,12,8,7,-98,147,129,108,57,122.3429355281207,36.93964334705075,16.0,12.939643347050755,322.10836762688615,279.5157750342936,159.08367626886144,58.7914951989026,10
35,Bismack Biyombo,Oklahoma City Thunder,C,4,31,1,4,33.3,2,2,100.0,0,0,0.0,3,2,5,2,6,0,2,1,4,11,9,6,7,4.16,2.7600000000000002,1.04,0.0,21.240000000000002,13.0,9.36,6.84,4
36,Blake Wesley,San Antonio Spurs,G,45,147,16,33,365.4,12,14,450.0,1,6,100.0,2,14,16,33,13,3,5,3,-37,94,61,78,49,170.13305898491083,20.40877914951989,58.308641975308646,0.972565157750343,293.75308641975306,205.12345679012344,216.27709190672152,121.20301783264746,10
37,Boban Marjanovic,Houston Rockets,C,3,7,1,1,100.0,1,2,50.0,0,0,0.0,0,3,3,0,0,0,1,0,-3,6,6,3,3,1.44,2.5600000000000005,0.0,0.0,7.839999999999999,7.839999999999999,1.44,2.5600000000000005,1
38,Bobby Portis,Milwaukee Bucks,F,167,244,69,128,537.1,16,20,605.0,13,31,336.7,15,68,83,15,18,8,13,1,27,265,250,182,98,538.8111111111111,108.09999999999998,12.677777777777777,22.144444444444446,1006.8999999999999,932.0444444444444,586.0,148.44444444444449,10
39,Bogdan Bogdanovic,Atlanta Hawks,SG,151,334,52,138,363.5,18,19,750.0,29,81,355.4,8,30,38,43,18,15,21,6,61,232,189,194,81,357.65625,41.85069444444444,42.56944444444444,25.100694444444443,391.77777777777777,327.5694444444444,437.35069444444446,68.93402777777777,10
40,Bojan Bogdanovic,New York Knicks,SF,106,220,36,98,311.4,18,19,550.0,16,54,233.89999999999998,6,20,26,13,19,1,20,0,-44,145,132,119,39,562.9413988657845,32.83553875236295,22.122873345935727,24.77126654064272,849.2003780718337,697.4744801512287,694.4669187145557,75.15879017013232,10
41,Bol Bol,Phoenix Suns,C,55,121,24,44,532.1,2,3,150.0,5,16,270.0,9,27,36,1,10,1,2,4,-36,92,91,56,37,192.02947845804988,39.64172335600907,1.0907029478458048,4.505668934240363,349.1111111111111,350.55102040816325,188.81632653061226,42.50566893424036,10
42,Bones Hyland,LA Clippers,PG,67,164,26,65,407.4,2,4,100.0,13,35,313.8,2,14,16,35,15,10,11,2,1,118,83,102,51,245.62975778546715,19.564013840830448,109.90657439446368,18.62629757785467,751.5086505190312,390.84775086505186,547.273356401384,188.48788927335642,10
43,Bradley Beal,Phoenix Suns,SG,182,303,71,132,590.5,24,28,638.3,16,36,496.9,10,24,34,49,20,11,22,4,-12,265,216,231,83,578.9338374291116,37.119092627599244,56.9054820415879,8.491493383742911,995.0,679.4706994328922,847.5103969754254,140.9773156899811,10
44,Brandin Podziemski,Golden State Warriors,G,83,303,32,79,399.4,7,12,275.0,12,33,406.7,17,37,54,45,9,11,12,4,66,182,137,128,99,172.9012345679012,24.458161865569274,18.31412894375857,7.635116598079561,352.2030178326474,276.0342935528121,241.64334705075441,50.19890260631003,10
45,Brandon Boston Jr.,LA Clippers,SG,40,91,16,43,312.7,5,10,250.0,3,11,183.3,6,7,13,2,10,1,0,5,-21,55,53,42,15,111.35802469135803,23.0,1.6543209876543208,2.2222222222222223,197.91358024691357,167.91358024691357,130.46913580246914,35.543209876543216,8
46,Brandon Ingram,New Orleans Pelicans,SF,201,326,73,148,498.4,43,51,832.8,12,34,316.2,6,51,57,56,23,8,28,9,67,314,258,257,113,612.207100591716,26.25147928994083,39.005917159763314,9.609467455621301,576.7485207100591,716.1686390532544,477.79289940828403,60.25147928994083,10
47,Brandon Miller,Charlotte Hornets,F,172,329,68,162,413.9,13,18,396.7,23,73,294.1,9,42,51,26,22,9,15,6,-93,249,223,198,77,345.20000000000005,62.777777777777786,40.577777777777776,12.377777777777778,706.9111111111112,654.3777777777777,398.9777777777778,102.11111111111111,10
48,Brandon Williams,Dallas Mavericks,G,7,24,2,9,83.3,3,4,100.0,0,2,0.0,1,1,2,4,1,0,1,0,-12,13,9,11,6,18.22448979591837,3.183673469387756,4.081632653061224,0.0,30.46938775510204,15.448979591836734,29.0,11.510204081632653,4
49,Braxton Key,Denver Nuggets,F,2,6,1,1,100.0,0,1,0.0,0,0,0.0,1,1,2,0,1,0,0,0,2,4,4,2,2,2.25,1.0,0.0,0.0,6.25,6.25,2.25,1.0,1
50,Brice Sensabaugh,Utah Jazz,F,81,221,31,68,425.0,11,12,366.7,8,33,286.7,6,30,36,16,15,3,18,0,-38,133,117,97,52,253.7266435986159,115.33564013840832,14.422145328719724,8.33217993079585,569.8996539792388,531.3114186851211,279.80276816608995,142.26989619377164,10
51,Brook Lopez,Milwaukee Bucks,C,92,280,31,71,398.3,9,12,350.0,21,47,432.9,13,31,44,19,17,5,7,14,66,155,136,111,63,267.65157750342934,42.565157750342934,26.901234567901234,23.444444444444446,571.8641975308643,430.4444444444445,378.44581618655695,100.09190672153636,10
52,Bruce Brown,Toronto Raptors,SF,95,275,37,79,423.6,16,17,650.0,5,19,200.0,5,36,41,32,17,5,9,2,-68,168,136,127,73,212.9591836734694,77.24489795918367,18.213151927437643,4.551020408163265,501.8321995464853,380.0,320.1111111111111,110.13832199546485,10
53,Bruno Fernando,Atlanta Hawks,PF,53,202,23,39,573.3,7,10,275.0,0,0,0.0,16,42,58,13,28,13,13,10,-5,124,111,66,71,82.29085872576178,91.61772853185596,15.343490304709142,0.0,169.53462603878117,159.65373961218836,111.26869806094183,87.86426592797784,10
54,Bryce McGowens,Charlotte Hornets,G,54,155,18,37,330.8,13,18,441.7,5,15,180.0,3,21,24,8,15,7,4,3,-10,86,78,62,32,234.40625,28.0,5.65625,6.8515625,395.625,383.40625,249.625,30.65625,10
55,Buddy Hield,Philadelphia 76ers,SG,114,264,41,104,398.59999999999997,7,7,200.0,25,65,424.7,6,25,31,34,19,10,9,5,-24,179,145,148,65,99.23900118906064,33.466111771700355,14.887039239001188,6.5267538644470875,231.6420927467301,204.52675386444707,118.20451843043995,56.50297265160523,10
56,CJ McCollum,New Orleans Pelicans,SG,157,282,62,143,403.3,6,8,233.4,27,75,314.3,4,37,41,32,12,5,14,5,30,230,198,189,73,759.3284023668639,20.905325443786985,51.94082840236686,46.31360946745562,1227.8254437869823,852.5,1127.1390532544378,80.36094674556213,10
57,Cade Cunningham,Detroit Pistons,PG,228,327,79,181,437.9,44,49,797.8,26,66,384.3,11,37,48,82,15,4,31,4,28,358,276,310,130,672.698347107438,35.86776859504132,32.0,24.0,1030.7644628099174,876.400826446281,801.6074380165289,93.32231404958678,10
58,Caleb Houstan,Orlando Magic,G,32,118,10,23,211.1,2,2,100.0,10,21,244.4,3,10,13,3,11,2,2,2,1,48,45,35,16,160.9204152249135,30.73010380622837,1.9204152249134947,18.8719723183391,295.57093425605535,280.7301038062284,164.681660899654,43.730103806228385,6
59,Caleb Martin,Miami Heat,SF,128,297,46,97,472.9,13,14,666.7,23,45,554.6,13,39,52,20,23,5,12,8,31,200,180,148,72,182.016,56.78399999999999,30.016,16.184,517.696,367.824,298.46399999999994,120.22400000000002,10
60,Cam Reddish,Los Angeles Lakers,SF,23,83,8,17,193.3,2,6,75.0,5,11,183.3,3,4,7,1,5,3,2,4,7,31,30,24,8,48.138888888888886,7.472222222222222,0.8055555555555556,2.1388888888888884,42.138888888888886,35.0,58.0,5.555555555555556,5
61,Cam Thomas,Brooklyn Nets,SG,210,321,77,175,419.6,28,33,858.4,28,66,395.4,9,31,40,34,25,10,20,0,-2,284,250,244,74,543.0702947845805,78.7437641723356,14.53061224489796,34.244897959183675,750.4580498866213,702.281179138322,588.4444444444445,96.07709750566893,10
62,Cam Whitmore,Houston Rockets,F,126,203,48,111,415.2,17,26,385.0,13,50,239.8,14,31,45,5,11,5,15,5,3,176,171,131,50,215.05817174515238,60.56232686980609,2.673130193905817,12.290858725761774,347.16343490304706,345.24376731301936,225.77008310249312,54.44321329639889,10
63,Cameron Johnson,Brooklyn Nets,SF,140,259,44,100,428.7,27,31,696.7,25,64,380.5,7,24,31,19,18,12,12,2,-18,190,171,159,50,498.77008310249306,44.40720221606649,15.56509695290859,34.50692520775623,660.2437673130194,567.365650969529,605.6204986149585,46.0,10
64,Cameron Payne,Philadelphia 76ers,PG,102,196,38,90,440.5,10,11,375.0,16,46,342.9,4,9,13,30,21,4,13,3,-21,145,115,132,43,195.8326474622771,22.75308641975309,42.34293552812071,12.46639231824417,308.98902606310014,282.87379972565157,230.89437585733884,56.149519890260635,10
65,Caris LeVert,Cleveland Cavaliers,SG,127,319,48,116,405.3,15,22,373.3,16,52,296.09999999999997,6,47,53,83,17,16,18,5,46,263,180,210,136,331.9519890260631,73.44444444444446,105.83676268861454,10.790123456790123,839.1975308641973,533.7914951989027,550.7160493827162,265.923182441701,10
66,Cason Wallace,Oklahoma City Thunder,G,62,192,25,52,440.5,1,3,100.0,11,27,350.0,5,17,22,18,13,13,9,5,-4,102,84,80,40,350.04444444444437,9.7,22.311111111111114,17.8,452.1,380.27777777777777,423.6000000000001,30.27777777777778,10
67,Cedi Osman,San Antonio Spurs,SF,36,142,15,32,400.0,0,0,0.0,6,19,216.6,3,18,21,18,12,6,8,0,-32,75,57,54,39,120.425,15.0,21.200000000000003,6.425,117.72500000000002,148.125,100.42500000000001,25.8,10
68,Charlie Brown Jr.,New York Knicks,G,3,27,1,5,20.0,0,0,0.0,1,3,33.3,1,1,2,0,4,0,0,1,-6,5,5,3,2,6.12,2.7200000000000006,0.0,0.6800000000000002,17.0,17.0,6.12,2.7200000000000006,2
69,Chet Holmgren,Oklahoma City Thunder,PF,154,310,56,112,511.5,29,32,660.0,13,40,300.0,16,75,91,26,15,4,9,14,18,271,245,180,117,288.27777777777777,115.44444444444446,18.8,11.7,737.0777777777778,630.9444444444445,376.5444444444444,152.11111111111111,10
70,Chimezie Metu,Phoenix Suns,PF,6,29,3,5,150.0,0,0,0.0,0,0,0.0,2,9,11,2,2,2,3,0,-7,19,17,8,13,11.0,27.0,1.0000000000000002,0.0,71.66666666666666,56.0,18.0,36.666666666666664,3
71,Chris Boucher,Toronto Raptors,PF,69,120,25,35,573.3,15,18,500.0,4,12,216.7,13,27,40,5,11,1,9,5,7,114,109,74,45,142.20987654320987,47.580246913580254,5.913580246913581,4.0246913580246915,410.0,329.0246913580247,192.69135802469134,83.98765432098766,8
72,Chris Duarte,Sacramento Kings,SG,51,125,18,36,391.7,2,3,150.0,13,26,383.4,6,18,24,5,8,6,0,3,5,80,75,56,29,240.30795847750863,24.16262975778547,4.228373702422146,12.868512110726643,360.5259515570934,330.94809688581313,260.32179930795854,37.95501730103806,9
73,Chris Livingston,Milwaukee Bucks,F,0,6,0,2,0.0,0,0,0.0,0,2,0.0,0,1,1,1,4,0,1,0,-10,2,1,1,2,0.0,0.0625,0.5625,0.0,1.0,0.0625,0.5625,1.0,1
74,Chris Paul,Golden State Warriors,PG,102,249,41,90,451.4,5,6,175.0,15,37,350.0,5,39,44,63,16,17,10,0,-24,209,146,165,107,202.85207100591717,32.43786982248521,34.91715976331361,10.8698224852071,371.67455621301775,347.2544378698225,232.32544378698225,62.30177514792901,10
75,Christian Braun,Denver Nuggets,G,68,200,27,47,622.6,5,9,175.0,9,20,366.7,7,28,35,13,25,8,5,8,54,116,103,81,48,133.2,16.504,12.104,9.224,214.0,169.464,172.744,33.6,10
76,Christian Wood,Los Angeles Lakers,F,59,133,22,51,477.0,11,14,450.0,4,19,225.0,6,28,34,6,12,5,5,2,-14,99,93,65,40,153.90277777777777,54.402777777777786,4.625,2.4444444444444446,305.125,285.0,156.7777777777778,76.27777777777777,10
77,Chuma Okeke,Orlando Magic,PF,0,19,0,2,0.0,0,0,0.0,0,2,0.0,0,1,1,1,2,1,0,0,-3,2,1,1,2,0.8698224852071006,0.6982248520710059,0.8639053254437871,0.01775147928994083,0.7633136094674556,1.2366863905325443,0.9053254437869823,1.0532544378698225,3
78,Clint Capela,Atlanta Hawks,C,108,247,46,88,538.1,16,25,470.0,0,0,0.0,46,62,108,17,27,4,14,12,16,233,216,125,125,156.5,91.2,20.5,0.0,428.2,393.29999999999995,187.0,116.1,10
79,Coby White,Chicago Bulls,PG,190,393,66,163,402.3,33,37,821.7,25,76,313.4,9,40,49,51,24,9,21,3,-24,290,239,241,100,583.0578512396694,28.90082644628099,94.88429752066115,39.01652892561984,867.6528925619835,618.2892561983471,760.1404958677685,196.06611570247935,10
80,Cody Martin,Charlotte Hornets,SF,69,285,28,76,367.2,6,7,250.0,7,30,228.2,6,44,50,42,15,11,20,7,-28,161,119,111,92,111.0,28.18685121107267,64.68512110726644,2.6816608996539792,183.02076124567472,112.9515570934256,173.33217993079583,100.60899653979239,10
81,Cody Zeller,New Orleans Pelicans,C,7,31,3,6,200.0,1,2,50.0,0,0,0.0,5,10,15,3,5,2,3,0,14,25,22,10,18,3.3209876543209877,4.246913580246914,3.2098765432098766,0.0,16.061728395061728,11.222222222222221,6.061728395061729,9.555555555555555,5
82,Colby Jones,Sacramento Kings,G,4,12,2,5,83.3,0,0,0.0,0,0,0.0,0,4,4,2,1,0,0,0,5,10,8,6,6,2.0,4.53125,0.5,0.0,15.78125,11.03125,4.5,7.28125,2
83,Cole Anthony,Orlando Magic,PG,101,231,36,94,378.1,20,28,670.8,9,37,181.7,6,29,35,22,22,8,11,6,-24,158,136,123,57,212.50400000000002,48.824,26.384,9.096,229.344,239.85600000000002,223.0,54.2,10
84,Cole Swider,Miami Heat,F,2,18,0,6,0.0,2,2,100.0,0,5,0.0,0,2,2,1,1,0,3,0,-9,5,4,3,3,2.666666666666667,0.6666666666666667,0.6666666666666667,0.0,8.666666666666666,4.666666666666667,6.0,2.0,3
85,Collin Gillespie,Denver Nuggets,G,30,64,11,20,197.8,1,3,50.0,7,11,200.0,0,7,7,7,6,5,5,0,8,44,37,37,14,157.84,3.24,7.24,9.24,242.96,167.15999999999997,231.16,12.96,4
86,Collin Sexton,Utah Jazz,PG,208,315,75,151,493.2,37,45,783.3,21,46,354.2,10,18,28,61,21,17,22,1,-3,297,236,269,89,134.86968449931416,31.758573388203022,53.28532235939643,27.087791495198903,263.72976680384085,194.0,201.7050754458162,87.93827160493827,10
87,Corey Kispert,Washington Wizards,SF,146,279,53,107,476.5,14,21,475.0,26,63,390.6,5,27,32,25,20,7,12,6,-31,203,178,171,57,352.43043995243755,21.87395957193817,51.0,24.48038049940547,683.8252080856124,443.72175980975027,546.8787158145066,118.52913198573127,10
88,Cory Joseph,Golden State Warriors,PG,27,71,10,16,316.7,0,0,0.0,7,11,316.7,2,9,11,6,6,0,1,0,9,44,38,33,17,31.2,10.8,2.8000000000000003,3.2,28.8,47.2,21.2,5.2,5
89,Craig Jr. Porter,Cleveland Cavaliers,G,53,98,22,41,391.9,5,5,300.0,4,9,125.0,5,14,19,14,7,2,7,0,-13,86,72,67,33,275.283950617284,36.50617283950617,15.432098765432102,8.617283950617283,562.888888888889,465.5802469135802,363.20987654320993,61.32098765432099,8
90,D'Angelo Russell,Los Angeles Lakers,PG,199,360,74,152,463.9,16,22,635.0,35,80,413.8,6,29,35,61,20,9,20,5,7,295,234,260,96,983.3313609467455,30.8698224852071,93.05621301775147,46.63313609467455,1595.9792899408283,1280.0,1297.3284023668639,125.90828402366863,10
91,D.J. Carton,Toronto Raptors,G,8,31,2,7,83.3,3,4,150.0,1,4,50.0,2,1,3,3,1,1,1,0,-30,14,11,11,6,8.666666666666668,2.0,2.0,0.6666666666666667,8.666666666666666,2.6666666666666665,18.666666666666668,0.0,3
92,Daishen Nix,Minnesota Timberwolves,SG,5,5,2,3,66.7,0,0,0.0,1,2,50.0,0,0,0,0,1,1,0,0,6,5,5,5,0,10.5625,0.0,0.0625,0.390625,9.0,10.5625,9.0,0.0625,1
93,Dalano Banton,Portland Trail Blazers,G,179,300,65,153,433.4,24,30,751.7,25,61,401.4,14,37,51,35,19,7,22,6,-65,265,230,214,86,783.0,66.61599999999999,35.224000000000004,27.896000000000004,1537.016,1214.8960000000002,1048.864,158.096,10
94,Dalen Terry,Chicago Bulls,F,30,124,12,24,415.0,3,6,150.0,3,9,250.0,5,15,20,15,11,8,5,0,18,65,50,45,35,50.025,30.9,13.4,2.0999999999999996,171.525,126.625,75.125,64.1,10
95,Damian Jones,Cleveland Cavaliers,C,52,118,21,35,527.9,10,12,550.0,0,5,0.0,14,23,37,6,10,4,6,7,-25,95,89,58,43,146.69140625,49.59765625,4.00390625,0.0,263.47265625,264.5625,147.140625,52.0625,9
96,Damian Lillard,Milwaukee Bucks,PG,235,345,75,170,431.5,49,52,949.0,36,88,401.2,4,43,47,78,17,6,21,3,81,360,282,313,125,868.390306122449,48.81887755102041,125.56122448979593,31.625,1331.9591836734694,1010.4183673469388,1182.512755102041,181.7984693877551,10
97,Daniel Gafford,Dallas Mavericks,C,111,192,49,55,725.1,13,20,431.7,0,0,0.0,21,46,67,7,28,8,9,20,2,185,178,118,74,512.3882030178327,173.74622770919063,4.791495198902606,0.0,1249.9382716049383,1132.4910836762688,588.9026063100137,219.47050754458164,10
98,Daniel Theis,LA Clippers,C,57,176,26,53,491.1,1,1,100.0,4,16,275.0,12,37,49,11,17,1,6,7,37,117,106,68,60,94.2,129.736,9.576,2.416,278.184,257.216,121.856,132.624,10
99,Danilo Gallinari,Milwaukee Bucks,PF,24,91,7,21,283.3,9,10,275.0,1,10,100.0,4,5,9,8,8,2,4,0,-34,41,33,32,17,105.19667590027701,5.321329639889197,13.689750692520775,1.365650969529086,133.24930747922437,125.23822714681442,111.21883656509695,21.0,10
100,Dante Exum,Dallas Mavericks,G,55,184,16,37,446.6,16,20,616.7,7,12,450.0,2,17,19,31,15,2,9,0,40,105,74,86,50,139.4,21.444444444444443,37.17777777777778,6.2,302.5111111111111,168.57777777777775,249.91111111111113,82.04444444444445,10
101,Danuel House Jr.,Philadelphia 76ers,SF,42,143,14,30,276.3,13,15,466.7,1,11,33.3,6,11,17,7,16,7,3,3,-26,66,59,49,24,42.0,11.714285714285715,8.0,0.8571428571428572,41.714285714285715,51.714285714285715,40.0,11.714285714285715,7
102,Dario Saric,Golden State Warriors,PF,28,108,12,35,298.3,2,3,100.0,2,19,83.3,7,14,21,19,7,0,13,1,-27,68,49,47,40,58.86200378071833,26.90926275992439,13.24952741020794,2.6351606805293004,147.03969754253308,106.68998109640832,74.89792060491493,64.47258979206049,10
103,Darius Garland,Cleveland Cavaliers,PG,219,362,77,172,449.2,20,25,627.4,45,95,460.7,4,27,31,65,27,11,29,1,-14,315,250,284,96,711.5325443786982,34.8905325443787,65.69822485207101,73.86094674556213,959.4940828402366,885.4822485207101,789.6331360946745,96.5,10
104,David Roddy,Phoenix Suns,F,68,169,27,69,480.3,9,15,301.7,5,25,143.3,5,24,29,13,7,2,14,0,-88,110,97,81,42,368.825,111.80000000000001,22.725,8.525,872.4,684.125,517.0,174.625,10
105,Davion Mitchell,Sacramento Kings,PG,69,155,29,48,595.4,2,2,100.0,9,25,243.3,2,13,15,18,13,1,7,1,-11,102,84,87,33,218.410225921522,6.645659928656361,9.809750297265161,14.952437574316292,240.62306777645657,232.05945303210467,222.62425683709873,20.80499405469679,10
106,Davis Bertans,Charlotte Hornets,SF,100,251,33,90,383.0,9,11,316.7,25,73,350.8,5,23,28,15,18,10,6,3,-8,143,128,115,43,279.1280991735537,50.0,19.475206611570247,19.99173553719008,441.04958677685954,372.5826446280992,332.86776859504135,84.20247933884296,10
107,Day'Ron Sharpe,Brooklyn Nets,C,52,144,21,35,645.1,8,15,208.3,2,4,100.0,20,34,54,16,18,4,12,4,0,122,106,68,70,76.31111111111112,44.0,18.8,3.6000000000000005,234.7111111111111,170.57777777777775,129.64444444444442,73.6,10
108,De'Aaron Fox,Sacramento Kings,PG,273,359,110,221,497.9,36,43,766.7,17,61,280.3,10,45,55,65,26,20,31,4,55,393,328,338,120,611.8367626886145,51.19478737997257,66.64334705075446,11.499314128943757,583.9272976680382,634.4444444444445,613.9753086419753,65.18244170096023,10
109,De'Andre Hunter,Atlanta Hawks,SF,166,292,58,118,494.09999999999997,27,36,661.1,23,52,443.1,3,28,31,11,20,8,12,2,40,208,197,177,42,249.70975056689343,45.281179138321995,6.918367346938775,16.138321995464853,332.2448979591837,335.2040816326531,233.11791383219955,65.83219954648526,10
110,De'Anthony Melton,Philadelphia 76ers,SG,23,43,7,20,75.0,4,4,200.0,5,14,75.0,0,5,5,5,3,2,1,1,-2,33,28,28,10,128.66666666666666,2.666666666666667,2.666666666666667,8.666666666666666,206.0,164.66666666666669,164.66666666666669,10.666666666666668,3
111,DeAndre Jordan,Denver Nuggets,C,23,71,11,19,550.0,1,3,100.0,0,0,0.0,14,17,31,2,10,0,1,3,-23,56,54,25,33,27.222222222222225,45.691358024691354,1.5061728395061729,0.0,92.46913580246914,79.72839506172839,33.32098765432099,53.839506172839506,8
112,DeJon Jarreau,Memphis Grizzlies,F,19,71,7,22,120.8,4,4,200.0,1,5,50.0,1,23,24,15,6,5,6,0,0,58,43,34,39,30.901234567901234,23.777777777777782,20.827160493827158,0.8271604938271604,163.0864197530864,83.71604938271605,91.01234567901236,63.8641975308642,4
113,DeMar DeRozan,Chicago Bulls,SF,259,376,79,164,488.4,89,102,883.6,12,35,253.4,5,51,56,54,20,7,16,6,-2,369,315,313,110,1152.6515775034293,96.45816186556928,61.23456790123457,12.0,1530.9753086419753,1603.6419753086418,1051.1042524005488,186.57338820301783,10
114,Dean Wade,Cleveland Cavaliers,PF,46,178,15,35,260.2,5,7,216.7,11,31,233.4,4,27,31,7,8,3,1,9,-23,84,77,53,38,468.50000000000006,35.125,6.125,31.525000000000006,718.8,714.725,466.12499999999994,47.699999999999996,10
115,Deandre Ayton,Portland Trail Blazers,C,220,335,102,157,634.8,15,17,375.0,1,3,100.0,36,98,134,16,19,10,18,7,-32,370,354,236,150,786.2777777777778,251.06944444444443,8.40625,0.90625,1609.1840277777778,1774.0694444444446,680.6006944444445,200.2673611111111,10
116,Dejounte Murray,Atlanta Hawks,SG,266,377,100,216,458.0,33,45,747.4,33,87,362.3,8,46,54,82,13,15,30,4,4,402,320,348,136,690.0,65.0359168241966,89.25519848771266,35.95274102079395,587.3005671077505,827.2098298676749,480.6465028355387,123.73534971644612,10
117,Delon Wright,Miami Heat,SG,42,130,15,30,516.6,7,8,183.3,5,11,350.0,4,11,15,21,3,8,0,3,1,78,57,63,36,112.44444444444446,6.377777777777778,30.77777777777777,4.777777777777779,237.6,136.64444444444445,194.64444444444445,55.91111111111111,10
118,Deni Avdija,Washington Wizards,SF,181,349,67,139,480.8,32,42,685.0,15,40,303.3,22,72,94,29,24,8,22,4,-45,304,275,210,123,883.2239999999999,190.0,23.8,30.983999999999998,1638.784,1527.464,970.144,238.20000000000002,10
119,Dennis Schroder,Brooklyn Nets,PG,171,329,62,124,491.8,20,27,421.4,27,52,518.3000000000001,5,22,27,65,16,9,28,3,-37,263,198,236,92,443.86400000000003,50.2,63.49599999999999,24.183999999999997,745.0160000000001,501.824,666.336,134.416,10
120,Dennis Smith Jr.,Brooklyn Nets,PG,69,190,26,58,467.6,8,11,383.3,9,29,281.5,7,15,22,31,24,13,10,2,26,122,91,100,53,54.87869822485207,32.84023668639053,46.985207100591715,3.943786982248521,119.60946745562131,58.93786982248521,100.89940828402366,94.47633136094674,10
121,Dereck II Lively,Dallas Mavericks,C,83,193,40,49,733.5,3,9,125.0,0,0,0.0,15,25,40,6,22,10,4,13,19,129,123,89,46,393.7,60.099999999999994,8.5,0.0,797.3,683.0,491.8,84.8,10
122,Derrick Jones Jr.,Dallas Mavericks,SF,70,166,26,45,507.1,8,14,350.0,10,21,265.0,7,13,20,7,11,6,7,3,8,97,90,77,27,352.09600000000006,62.70400000000001,4.104,25.024,542.2959999999999,572.1439999999999,332.456,56.6,10
123,Derrick Rose,Memphis Grizzlies,PG,49,95,20,37,377.7,5,6,266.7,4,8,233.3,0,15,15,21,3,1,9,0,-9,85,64,70,36,70.0,14.857142857142858,12.0,3.7142857142857144,188.85714285714286,116.85714285714286,128.0,40.857142857142854,7
124,Derrick White,Boston Celtics,PG,114,323,44,95,470.4,5,5,400.0,21,52,306.9,10,45,55,63,18,12,13,18,133,232,169,177,118,382.01599999999996,32.10400000000001,41.096,54.984,246.65599999999998,352.104,269.224,80.54400000000001,10
125,Desmond Bane,Memphis Grizzlies,SG,22,32,7,17,41.2,4,6,66.7,4,9,44.4,1,2,3,7,4,0,3,1,11,32,25,29,10,0.0,0.0,0.0,0.0,0.0,0.0,0.0,0.0,1
126,Devin Booker,Phoenix Suns,SG,241,340,87,193,445.5,52,54,937.5,15,57,256.3,10,35,45,59,26,7,21,5,-18,345,286,300,104,640.0321361058602,51.071833648393195,90.90926275992439,28.20604914933838,1083.1928166351606,870.6502835538753,825.4291115311909,169.1266540642722,10
127,Devin Vassell,San Antonio Spurs,SG,195,369,74,162,441.3,20,27,750.0,27,62,433.2,8,43,51,49,12,11,26,10,-18,295,246,244,100,540.6301775147929,78.97633136094674,67.50591715976331,16.5,1002.2899408284023,710.7130177514792,796.8639053254437,181.82544378698228,10
128,Devonte' Graham,San Antonio Spurs,PG,11,27,4,8,125.0,0,0,0.0,3,6,150.0,0,7,7,0,2,1,0,0,12,18,18,11,7,48.30612244897959,3.0,0.0,3.1632653061224487,63.87755102040816,63.87755102040816,48.30612244897959,3.0,4
129,Dillon Brooks,Houston Rockets,SF,88,308,35,87,366.8,6,8,300.0,12,50,235.2,8,30,38,19,22,9,10,1,36,145,126,107,57,286.5,44.5,11.0,9.611111111111109,350.6000000000001,290.4,335.7,66.5,10
130,Domantas Sabonis,Sacramento Kings,PF,198,373,81,138,603.6,32,47,700.0,4,9,350.0,44,112,156,78,27,13,36,7,-7,432,354,276,234,266.7419738406659,124.87514863258025,88.15933412604042,2.401902497027349,494.4518430439952,409.49583828775263,333.0463733650416,231.6860879904875,10
131,Dominick Barlow,San Antonio Spurs,F,58,125,22,35,503.3,14,18,366.6,0,1,0.0,19,19,38,11,18,3,2,4,-9,107,96,69,49,234.81656804733726,62.035502958579876,29.508875739644967,0.0,574.3727810650887,459.5029585798816,343.6508875739645,97.57988165680473,8
132,Donovan Mitchell,Cleveland Cavaliers,SG,241,347,75,167,435.8,52,59,812.8,39,86,449.3,3,47,50,49,22,13,34,6,4,340,291,290,99,889.125,22.0,27.300000000000004,16.900000000000002,1299.025,1121.125,1051.0249999999999,65.29999999999998,10
133,Donte DiVincenzo,New York Knicks,SG,178,362,62,170,366.8,14,17,516.7,40,122,327.3,11,35,46,36,23,18,24,5,11,260,224,214,82,268.93786982248525,46.06213017751479,21.04437869822485,26.13313609467456,313.3284023668639,307.301775147929,284.09467455621296,57.976331360946745,10
134,Dorian Finney-Smith,Brooklyn Nets,PF,100,310,37,76,504.70000000000005,7,8,275.0,19,52,450.0,16,27,43,23,19,11,12,4,23,166,143,123,66,205.99546485260768,20.346938775510203,30.346938775510203,16.31519274376417,346.2675736961451,311.7845804988662,229.78458049886623,61.38775510204081,10
135,Doug McDermott,Indiana Pacers,SF,38,119,14,43,275.0,1,4,50.0,9,35,206.6,1,6,7,7,7,1,2,0,-14,52,45,45,14,158.70408163265304,6.10204081632653,11.0,11.489795918367347,205.19387755102042,183.76530612244898,185.8469387755102,11.387755102040817,10
136,Draymond Green,Golden State Warriors,PF,73,273,28,62,490.8,11,15,375.0,6,19,253.3,14,65,79,64,30,8,30,8,-18,216,152,137,143,62.5,91.99408284023669,116.71301775147928,5.005917159763314,459.56213017751475,157.0325443786982,229.05917159763314,344.6775147928994,10
137,Drew Eubanks,Phoenix Suns,PF,44,144,18,26,635.0,8,8,300.0,0,0,0.0,14,31,45,4,10,3,5,7,-20,93,89,48,49,71.17602040816327,90.8188775510204,2.693877551020408,0.0,268.83673469387753,277.0,71.625,84.90051020408163,10
138,Duncan Robinson,Miami Heat,F,134,335,48,110,451.9,9,10,366.7,29,83,347.4,2,32,34,39,26,13,16,3,21,207,168,173,73,199.78512396694214,24.5,86.20247933884298,22.96694214876033,196.68595041322317,205.55785123966942,152.7314049586777,148.88429752066114,10
139,Duop Reath,Portland Trail Blazers,C,101,202,38,78,358.2,11,18,310.7,14,35,266.7,15,15,30,7,25,4,11,7,-55,138,131,108,37,831.5306122448978,53.275510204081634,8.186224489795917,32.0,1304.7270408163265,1158.9897959183672,944.6045918367348,94.125,10
140,Dwight Powell,Dallas Mavericks,C,20,119,7,12,450.0,6,11,325.0,0,0,0.0,12,20,32,9,19,0,9,3,-9,61,52,29,41,33.397923875432525,81.41868512110726,9.121107266435986,0.0,206.4844290657439,168.0899653979239,47.162629757785474,115.16955017301038,9
141,Dylan Windler,Atlanta Hawks,G,0,5,0,0,0.0,0,0,0.0,0,0,0.0,0,1,1,0,1,0,0,0,-8,1,1,0,1,0.81,0.16000000000000003,0.25,0.09,1.0,0.25,1.9599999999999997,0.010000000000000018,1
142,Dylan Windler,Los Angeles Lakers,G,3,14,1,4,25.0,0,0,0.0,1,4,25.0,0,1,1,2,1,0,0,0,-7,6,4,5,3,5.220000000000001,0.52,0.5,0.58,4.0,2.5,6.920000000000001,0.8199999999999998,2
143,Dyson Daniels,New Orleans Pelicans,G,38,181,16,32,311.4,1,2,50.0,5,13,250.0,7,20,27,20,12,15,12,8,25,85,65,58,47,123.55555555555556,24.0,25.555555555555557,4.222222222222222,146.22222222222223,113.55555555555556,128.22222222222223,77.55555555555556,9
144,Emoni Bates,Cleveland Cavaliers,F,7,12,3,7,42.9,0,2,0.0,1,4,25.0,0,1,1,0,0,0,1,0,-3,8,8,7,1,0.0,0.0,0.0,0.0,0.0,0.0,0.0,0.0,1
145,Eric Gordon,Phoenix Suns,SG,105,266,37,90,385.0,10,13,316.7,21,55,367.3,3,11,14,20,12,9,8,5,0,139,119,125,34,439.1859410430839,7.111111111111112,4.090702947845805,22.98185941043084,482.77777777777777,445.6938775510204,476.77777777777777,10.693877551020408,10
146,Eugene Omoruyi,Washington Wizards,F,41,99,17,41,391.3,7,12,300.0,0,6,0.0,8,15,23,5,19,7,4,1,-69,69,64,46,28,82.92743764172336,16.26530612244898,5.458049886621315,0.022675736961451243,78.38775510204081,54.45804988662131,107.06122448979592,21.519274376417233,10
147,Evan Fournier,Detroit Pistons,SG,53,138,18,52,284.5,9,9,400.0,8,34,140.8,1,11,12,16,15,8,3,1,-16,81,65,69,28,307.1640625,9.3515625,18.6640625,10.65625,463.8515625,326.90625,446.5,25.625,10
148,Evan Mobley,Cleveland Cavaliers,PF,147,305,60,107,547.9,24,42,522.6,3,14,175.0,25,76,101,35,27,12,16,20,-29,283,248,182,136,371.84429065743944,105.37370242214533,75.2006920415225,2.6262975778546713,782.1418685121107,674.0,423.83391003460207,236.7266435986159,10
149,Frank Ntilikina,Charlotte Hornets,PG,5,39,1,8,50.0,2,2,100.0,1,7,50.0,1,4,5,3,4,0,0,0,0,13,10,8,8,19.0,7.0,6.84,0.7600000000000002,24.439999999999998,14.0,18.64,24.640000000000004,4
150,Franz Wagner,Orlando Magic,SF,162,315,62,131,492.7,32,41,755.0,6,38,101.19999999999999,6,46,52,33,26,12,22,7,51,247,214,195,85,351.1360000000001,31.744,48.184,16.176000000000002,585.816,452.22399999999993,480.056,84.60000000000001,10
151,Fred VanVleet,Houston Rockets,PG,187,377,60,137,440.4,34,37,602.4,33,79,414.6,5,35,40,90,24,16,20,4,75,317,227,277,130,379.41600000000005,34.016,105.456,21.864,684.664,504.26399999999995,552.7440000000001,146.54399999999998,10
152,Furkan Korkmaz,Philadelphia 76ers,SG,41,116,13,29,278.6,7,10,241.7,8,18,258.3,3,12,15,12,6,3,2,2,22,68,56,53,27,292.875,14.875,10.0,20.0,404.0,340.0,363.875,17.875,8
153,GG Jackson,Memphis Grizzlies,F,155,287,49,128,387.2,39,46,771.7,18,64,281.0,14,25,39,11,11,2,17,4,-85,205,194,166,50,632.5,30.900510204081634,16.918367346938776,30.31887755102041,841.2270408163265,720.2576530612245,739.2755102040816,62.01275510204081,10
154,Garrett Temple,Toronto Raptors,SF,5,12,2,4,50.0,1,2,50.0,0,2,0.0,1,0,1,0,2,1,1,0,-4,6,6,5,1,16.0,0.16000000000000003,0.0,0.0,19.360000000000003,19.360000000000003,16.0,0.16000000000000003,1
155,Garrison Mathews,Atlanta Hawks,SG,40,167,12,30,385.0,5,5,200.0,11,25,400.1,5,17,22,6,23,3,0,1,-37,68,62,46,28,88.43402777777777,24.90625,14.434027777777779,10.934027777777779,217.40625,152.94444444444446,138.625,53.61111111111112,10
156,Gary Harris,Orlando Magic,SG,87,257,30,56,549.5,6,9,225.0,21,38,593.3,0,16,16,13,17,11,5,3,25,116,103,100,29,94.77777777777777,14.641975308641975,16.160493827160494,8.777777777777775,164.44444444444443,158.23456790123458,102.34567901234567,29.444444444444443,10
157,Gary Payton II,Golden State Warriors,SG,35,142,16,32,303.3,0,1,0.0,3,6,300.0,17,12,29,12,13,9,5,4,-7,76,64,47,41,195.44444444444446,23.21604938271605,3.7777777777777777,2.1790123456790127,254.62345679012347,256.6975308641975,195.44444444444443,24.919753086419753,10
158,Gary Trent Jr.,Toronto Raptors,SG,186,332,68,150,454.9,17,21,521.7,33,87,379.9,7,30,37,14,16,11,4,2,-5,237,223,200,51,691.3388429752065,17.276859504132233,18.698347107438014,34.367768595041326,662.7851239669423,697.6735537190084,654.1033057851239,38.32231404958678,10
159,Georges Niang,Cleveland Cavaliers,SF,100,242,37,81,431.8,7,7,300.0,19,49,357.1,2,32,34,19,22,6,11,2,-3,153,134,119,53,433.4363852556481,30.53745541022592,19.982164090368606,27.209274673008323,704.5885850178358,590.5992865636147,525.9274673008323,72.01783590963139,10
160,Giannis Antetokounmpo,Milwaukee Bucks,PF,310,352,106,171,626.9,89,123,724.9,9,19,483.3,24,87,111,65,22,6,32,5,49,486,421,375,176,416.9519890260631,85.51577503429355,91.079561042524,5.844993141289438,1027.4567901234568,771.960219478738,644.6433470507544,204.400548696845,10
161,Goga Bitadze,Orlando Magic,C,18,85,7,14,320.0,4,7,183.3,0,2,0.0,7,12,19,6,10,2,7,8,14,43,37,24,25,38.32,59.519999999999996,7.319999999999999,0.0,220.12000000000003,168.0,58.28,99.0,7
162,Gordon Hayward,Oklahoma City Thunder,SF,48,180,16,35,468.3,11,16,360.0,5,9,400.0,5,16,21,21,12,5,5,0,6,90,69,69,42,90.5679012345679,18.5,40.91975308641975,2.5308641975308643,198.44444444444443,131.95679012345678,139.61111111111111,76.8641975308642,10
163,Gradey Dick,Toronto Raptors,G,104,281,41,96,430.4,3,3,200.0,19,53,361.9,8,24,32,16,17,7,8,1,-104,152,136,120,48,204.33599999999998,14.896,42.656000000000006,19.384,448.816,272.8,363.6,74.304,10
164,Grant Williams,Charlotte Hornets,PF,145,325,51,98,553.2,29,37,541.3,14,38,422.5,17,37,54,27,32,11,28,6,-42,226,199,172,81,290.97859690844234,83.2936979785969,22.082045184304395,11.239001189060643,536.0,499.66825208085623,286.1212841854935,146.56480380499406,10
165,Grayson Allen,Phoenix Suns,SG,151,362,50,100,479.3,14,15,650.0,37,80,434.6,3,26,29,26,21,11,11,5,-8,206,180,177,55,780.7832647462277,21.0,31.404663923182444,84.60493827160494,928.6227709190673,812.3017832647462,908.8079561042523,40.70096021947873,10
166,Gui Santos,Golden State Warriors,F,38,103,13,24,372.5,8,9,350.0,4,8,250.0,9,21,30,9,14,2,5,2,22,77,68,47,39,136.8888888888889,79.5,12.0,4.0,406.2222222222222,376.72222222222223,141.88888888888886,116.0,8
167,Harrison Barnes,Sacramento Kings,SF,129,278,46,94,482.3,17,21,525.0,20,47,339.3,8,17,25,13,14,5,5,1,-52,167,154,142,38,316.6718192627824,45.996432818073714,14.134363852556481,45.243757431629014,535.9179548156956,445.9191438763376,374.53983353151,92.2615933412604,10
168,Harry III Giles,Brooklyn Nets,F,8,8,3,6,50.0,1,2,50.0,1,1,100.0,2,2,4,2,3,0,0,0,-12,14,12,10,6,49.0,10.71074380165289,2.9834710743801653,0.6694214876033057,144.0,105.52892561983472,76.16528925619834,25.0,1
169,Haywood Highsmith,Miami Heat,F,32,115,13,25,411.7,0,0,0.0,6,16,310.0,6,11,17,5,10,3,1,5,-13,54,49,37,22,188.8544423440454,23.27977315689981,2.504725897920605,8.911153119092628,300.73724007561435,308.62192816635155,179.82041587901702,26.933837429111527,10
170,Herbert Jones,New Orleans Pelicans,SF,107,320,38,64,522.3,14,17,500.0,17,30,454.1,4,25,29,27,34,12,11,10,63,163,136,134,56,310.40625,28.77777777777778,26.100694444444443,26.125,379.125,347.2673611111111,326.7361111111111,70.40625,10
171,Hunter Tyson,Denver Nuggets,F,0,7,0,3,0.0,0,0,0.0,0,3,0.0,0,1,1,0,1,0,2,0,-1,1,1,0,1,4.0,0.11111111111111106,0.0,0.4444444444444444,5.4444444444444455,5.4444444444444455,4.0,0.11111111111111106,1
172,Ibou Badji,Portland Trail Blazers,C,7,32,3,4,150.0,1,2,50.0,0,0,0.0,1,2,3,4,6,0,5,3,-17,14,10,11,7,14.0,2.75,2.171875,0.0,30.046875,26.75,17.171875,5.046875,3
173,Immanuel Quickley,Toronto Raptors,SG,207,370,73,163,439.0,29,40,517.2,32,82,382.8,1,56,57,88,20,11,25,3,-46,352,264,295,145,405.40816326530603,45.93424036281179,187.9954648526077,22.77551020408163,778.4444444444446,513.6145124716553,584.6961451247165,319.47165532879814,10
174,Isaac Okoro,Cleveland Cavaliers,SF,125,327,46,97,490.79999999999995,12,18,441.7,21,53,456.4,7,27,34,22,26,12,9,10,-29,181,159,147,56,138.53388822829965,51.495838287752676,12.323424494649226,10.878715814506542,192.6718192627824,156.24375743162904,178.78121284185494,60.0,10
175,Isaiah Hartenstein,New York Knicks,C,61,230,24,40,703.8,13,15,700.0,0,0,0.0,29,49,78,33,25,4,9,12,24,172,139,94,111,46.55102040816326,69.55102040816325,35.53061224489796,0.0,179.06122448979593,149.20408163265304,76.24489795918369,105.24489795918367,10
176,Isaiah Jackson,Indiana Pacers,SF,92,174,35,55,691.4,22,28,758.3,0,2,0.0,23,30,53,9,27,8,9,8,-13,154,145,101,62,270.35457063711914,197.40997229916897,6.29639889196676,0.0,883.1135734072024,812.2853185595568,300.1468144044322,244.74238227146813,10
177,Isaiah Joe,Oklahoma City Thunder,SG,66,177,25,63,353.7,1,1,100.0,15,44,260.4,5,14,19,8,7,3,6,4,9,93,85,74,27,206.4852071005917,8.937869822485206,6.168639053254438,14.514792899408283,213.63905325443787,220.73668639053255,195.4940828402367,19.0,10
178,Isaiah Mobley,Cleveland Cavaliers,F,5,33,2,7,58.3,0,0,0.0,1,4,25.0,0,4,4,2,2,0,0,0,-1,11,9,7,6,0.6799999999999997,10.880000000000003,0.72,0.6800000000000002,13.32,9.0,2.1199999999999997,14.479999999999999,2
179,Isaiah Stewart,Detroit Pistons,C,111,325,42,78,559.8,11,14,566.7,16,41,377.3,9,48,57,10,14,4,12,10,11,178,168,121,67,93.24489795918367,82.10204081632652,12.459183673469388,12.5,235.31632653061226,178.0,142.5,102.62244897959184,10
180,Ish Smith,Charlotte Hornets,PG,18,181,8,34,236.0,0,0,0.0,2,2,200.0,1,19,20,41,16,5,6,1,-90,79,38,59,61,54.36000000000001,24.0,78.09,1.5600000000000003,170.49,69.16000000000001,134.09,123.69,9
181,Ish Wainright,Phoenix Suns,F,3,11,1,6,16.7,0,0,0.0,1,4,25.0,3,2,5,1,1,1,1,0,-3,9,8,4,6,1.0,2.7777777777777772,0.11111111111111113,0.11111111111111113,9.0,7.1111111111111125,1.7777777777777781,4.0,1
182,Ivica Zubac,LA Clippers,C,96,261,42,61,628.7,12,14,500.0,0,0,0.0,22,54,76,18,27,3,15,5,-30,190,172,114,94,282.9478458049887,76.0,7.927437641723356,0.0,452.81632653061223,415.70975056689343,289.10204081632656,114.87981859410431,10
183,JT Thor,Charlotte Hornets,F,21,97,9,17,425.0,0,0,0.0,3,8,200.0,1,17,18,5,8,0,2,3,17,44,39,26,23,46.45328719723183,13.4878892733564,2.7162629757785464,4.141868512110727,73.96539792387543,71.25605536332179,49.32871972318339,16.038062283737027,10
184,JaVale McGee,Sacramento Kings,C,23,44,11,18,355.0,0,3,0.0,1,2,100.0,5,8,13,1,6,2,1,0,3,37,36,24,14,43.074074074074076,15.074074074074076,1.0,1.0,79.51851851851853,86.96296296296296,41.18518518518519,10.518518518518519,6
185,Jabari Smith Jr.,Houston Rockets,PF,140,327,49,110,430.3,23,27,800.0,19,53,348.2,16,64,80,15,28,11,10,11,14,235,220,155,95,252.49382716049382,180.05486968449932,10.503429355281208,12.972565157750344,479.2716049382716,440.87791495198906,286.91495198902606,194.53086419753086,10
186,Jabari Walker,Portland Trail Blazers,F,87,209,35,75,454.6,14,15,575.0,3,12,166.7,23,42,65,10,25,5,8,1,-46,162,152,97,75,294.265306122449,81.94784580498866,8.36281179138322,4.600907029478458,641.3560090702948,559.3151927437641,365.1179138321996,101.49886621315193,10
187,Jacob Gilyard,Memphis Grizzlies,G,67,205,23,52,431.8,1,1,100.0,20,45,431.8,1,14,15,41,10,10,12,2,-62,123,82,108,56,274.1404958677686,10.685950413223141,31.595041322314046,24.0,454.1404958677686,332.0,382.0,56.561983471074385,10
188,Jacob Toppin,New York Knicks,F,13,29,5,9,107.1,2,2,100.0,1,4,33.3,3,3,6,1,3,0,1,0,-18,20,19,14,7,78.05555555555556,8.722222222222221,0.5555555555555556,0.7222222222222223,130.22222222222223,136.55555555555554,72.5,8.5,2
189,Jaden Hardy,Dallas Mavericks,G,90,117,36,68,569.4,6,7,350.0,12,25,400.0,1,10,11,13,4,3,8,1,16,114,101,103,24,206.976,9.0,23.864,10.624,215.77599999999998,216.45600000000002,202.05599999999998,37.104,10
190,Jaden Ivey,Detroit Pistons,PG,164,326,51,138,372.5,49,56,855.0,13,61,180.5,11,17,28,42,27,11,28,6,-11,234,192,206,70,392.8,16.0,55.6,33.016000000000005,464.00000000000006,447.2,392.8,88.4,10
191,Jaden McDaniels,Minnesota Timberwolves,PF,97,307,39,91,425.8,10,15,291.7,9,35,246.4,9,35,44,17,35,8,9,6,-40,158,141,114,61,466.36351165980784,56.25240054869684,26.753086419753085,22.901234567901227,765.0864197530865,661.0,530.9766803840878,122.47873799725653,10
192,Jaden Springer,Boston Celtics,G,58,152,20,45,357.1,15,16,575.0,3,13,183.3,8,19,27,14,16,12,9,2,-24,99,85,72,41,203.3333333333333,41.361111111111114,19.666666666666668,2.2500000000000004,534.6944444444445,406.47222222222223,288.11111111111114,104.4722222222222,9
193,Jae Crowder,Milwaukee Bucks,PF,54,206,21,47,402.9,2,2,100.0,10,25,300.0,8,21,29,8,17,11,1,1,46,91,83,62,37,104.5,39.077777777777776,8.100000000000001,10.011111111111111,198.2777777777778,192.64444444444445,103.2,54.11111111111111,10
194,Jae'Sean Tate,Houston Rockets,SF,34,124,14,33,412.0,3,7,100.0,3,7,233.3,11,19,30,5,16,10,10,3,2,69,64,39,35,54.698347107438025,34.06611570247934,5.016528925619834,2.152892561983471,142.5,116.33471074380165,66.9297520661157,53.01652892561984,10
195,Jahmi'us Ramsey,Toronto Raptors,SG,16,42,5,15,107.6,5,6,175.0,1,7,50.0,3,11,14,2,3,2,0,0,-12,32,30,18,16,36.0,13.520000000000001,0.68,0.68,64.52000000000001,66.32,39.08,9.32,3
196,Jaime Jr. Jaquez,Miami Heat,G,113,288,44,81,475.0,17,23,616.7,8,21,291.6,9,36,45,25,23,13,10,2,4,183,158,138,70,659.9262759924386,23.563327032136108,21.071833648393195,8.374291115311909,643.6805293005671,675.5047258979206,625.5425330812855,47.19470699432892,10
197,Jake LaRavia,Memphis Grizzlies,F,127,248,36,97,337.4,41,48,780.0,14,47,278.2,18,31,49,15,22,15,13,4,-46,191,176,142,64,301.80276816608995,129.2768166089965,21.20069204152249,8.671280276816608,553.4498269896194,523.0242214532872,356.2006920415225,126.50519031141867,10
198,Jakob Poeltl,Toronto Raptors,C,122,251,55,101,543.9,12,20,491.7,0,0,0.0,39,53,92,31,28,10,11,19,35,245,214,153,123,161.8469387755102,127.67346938775509,30.387755102040813,0.0,516.704081632653,398.98979591836735,256.6224489795918,181.0,10
199,Jalen Brunson,New York Knicks,PG,302,351,105,226,465.4,60,68,781.5,32,83,379.5,7,20,27,69,13,13,37,3,66,398,329,371,96,754.15625,18.569444444444443,133.40625,31.736111111111114,527.7361111111111,695.9340277777777,619.0,118.93402777777779,10
200,Jalen Duren,Detroit Pistons,C,141,288,52,81,640.2,37,44,757.4,0,0,0.0,36,86,122,30,34,7,27,7,-26,293,263,171,152,225.4,273.264,20.576,0.0,872.056,795.064,251.57600000000002,344.656,10
201,Jalen Green,Houston Rockets,SG,247,352,91,198,453.3,31,37,771.7,34,90,362.2,6,50,56,33,16,10,21,2,77,336,303,280,89,671.3111111111112,90.0,13.21111111111111,45.777777777777786,913.3000000000001,927.4444444444445,640.1,120.27777777777777,10
202,Jalen HoodSchifino,Los Angeles Lakers,G,5,11,1,6,33.3,2,4,100.0,1,3,50.0,0,2,2,0,1,0,1,0,-13,7,7,5,2,9.0,0.9799999999999999,0.020000000000000004,0.8200000000000001,13.32,14.180000000000001,8.42,0.72,2
203,Jalen Johnson,Atlanta Hawks,SF,167,344,69,142,495.6,17,28,510.0,12,39,281.7,16,71,87,36,20,4,16,10,8,290,254,203,123,466.38775510204084,92.34693877551021,69.88662131519274,16.36281179138322,955.0430839002267,650.1224489795918,745.8526077097506,187.6893424036281,10
204,Jalen McDaniels,Toronto Raptors,PF,37,111,16,38,262.0,2,4,66.7,3,13,116.7,5,19,24,8,13,6,12,1,-18,69,61,45,32,121.9375,64.1111111111111,7.9375,3.9375,286.86111111111114,221.88194444444446,149.75,109.21527777777777,7
205,Jalen Pickett,Denver Nuggets,G,2,7,1,3,33.3,0,0,0.0,0,2,0.0,0,0,0,2,0,0,0,0,-1,4,2,4,2,2.25,0.0,1.3611111111111107,0.0,7.1111111111111125,2.25,7.1111111111111125,1.3611111111111107,1
206,Jalen Smith,Indiana Pacers,PF,88,163,34,63,536.7,13,20,465.0,7,25,333.3,20,35,55,13,18,0,7,4,23,156,143,101,68,164.26446280991738,38.56611570247934,18.36776859504132,4.537190082644628,151.42148760330582,140.56611570247938,181.6074380165289,50.44628099173554,10
207,Jalen Suggs,Orlando Magic,SG,123,259,47,83,576.6,6,9,300.0,23,49,432.1,4,24,28,33,28,14,20,5,104,184,151,156,61,189.12809917355372,29.83884297520661,17.628099173553718,24.140495867768596,297.3388429752066,245.97520661157026,240.5,47.45867768595041,10
208,Jalen Williams,Oklahoma City Thunder,F,204,305,80,158,494.2,27,29,770.0,17,40,418.2,5,38,43,39,24,14,16,10,22,286,247,243,82,601.3506944444445,22.569444444444446,20.777777777777782,10.40625,853.7673611111111,764.1840277777778,675.65625,58.625,10
209,Jalen Wilson,Brooklyn Nets,F,37,166,13,44,374.1,7,8,350.0,4,22,225.0,13,20,33,11,14,2,7,0,-20,81,70,48,44,43.699999999999996,36.325,5.125,3.3,131.0,98.025,61.224999999999994,56.9,10
210,Jamal Cain,Miami Heat,F,4,16,0,3,0.0,4,4,200.0,0,1,0.0,1,2,3,1,1,1,1,0,-4,8,7,5,4,2.0,1.625,0.625,0.0,8.0,6.625,3.625,2.0,2
211,Jamal Murray,Denver Nuggets,PG,228,341,89,173,504.0,25,31,761.4,25,54,463.3,8,39,47,72,16,12,25,3,85,347,275,300,119,839.882797731569,64.28166351606805,84.99810964083176,26.618147448015122,1280.3610586011343,933.6918714555765,1100.34404536862,235.4877126654064,10
212,James Bouknight,Charlotte Hornets,SG,10,13,4,10,83.3,0,0,0.0,2,7,58.3,0,0,0,0,0,1,1,0,13,10,10,10,0,18.0,0.0,0.0,0.72,18.0,18.0,18.0,0.0,2
213,James Harden,LA Clippers,SG,173,353,50,125,376.3,49,54,935.7,24,75,293.9,6,46,52,86,17,6,30,8,-45,311,225,259,138,608.2,61.535999999999994,20.0,35.696,504.936,545.4159999999999,549.4,99.856,10
214,James Johnson,Indiana Pacers,PF,2,7,0,1,0.0,2,2,100.0,0,0,0.0,0,0,0,1,3,0,0,1,1,3,2,3,1,0.0,0.0,0.0,0.0,0.0,0.0,0.0,0.0,1
215,James Wiseman,Detroit Pistons,C,73,169,34,51,643.4,5,7,250.0,0,0,0.0,19,49,68,9,25,3,8,6,-25,150,141,82,77,169.725,87.69999999999999,12.924999999999999,0.0,512.4,381.125,250.5,151.125,10
216,Jarace Walker,Indiana Pacers,F,24,95,8,27,182.2,2,2,100.0,6,17,200.0,3,19,22,8,8,4,5,5,26,54,46,32,30,91.77777777777779,38.964444444444446,31.45777777777778,5.111111111111112,339.36444444444453,217.36444444444442,156.88,127.32000000000001,7
217,Jared Butler,Washington Wizards,SG,27,94,12,28,356.7,3,3,200.0,0,7,0.0,2,6,8,19,10,3,9,0,-11,54,35,46,27,46.42011834319526,12.911242603550296,27.875739644970416,0.0,116.27218934911242,41.03550295857988,99.396449704142,63.04733727810651,7
218,Jared Rhoden,Detroit Pistons,G,2,13,1,2,50.0,0,0,0.0,0,0,0.0,0,1,1,1,0,0,1,2,2,4,3,3,2,0.0,0.0,0.0,0.0,0.0,0.0,0.0,0.0,1
219,Jaren Jackson Jr.,Memphis Grizzlies,PF,232,334,80,179,446.8,48,65,663.3,24,60,402.8,13,47,60,29,34,16,34,15,-72,321,292,261,89,380.5,133.97530864197532,33.93827160493827,17.58641975308642,741.216049382716,777.8086419753087,386.7716049382716,125.0493827160494,10
220,Jarred Vanderbilt,Los Angeles Lakers,PF,68,142,26,42,412.7,13,17,375.0,3,5,166.7,12,22,34,12,8,16,11,2,23,114,102,80,46,111.33333333333334,59.333333333333336,18.0,3.5,362.0,274.0,157.33333333333334,119.33333333333334,6
221,Jarrett Allen,Cleveland Cavaliers,C,167,348,62,116,529.3,43,57,747.2,0,0,0.0,29,82,111,26,14,6,13,15,-22,304,278,193,137,437.95362663495837,217.0808561236623,27.219976218787156,0.0,1028.8870392390013,981.2508917954815,501.36147443519616,228.52913198573125,10
222,Jason Preston,Utah Jazz,G,4,25,2,6,66.6,0,0,0.0,0,0,0.0,2,4,6,7,1,0,1,0,10,17,10,11,13,0.31999999999999984,2.32,5.48,0.0,17.0,3.2799999999999994,6.919999999999998,14.919999999999998,2
223,Javon Freeman-Liberty,Toronto Raptors,G,24,66,7,16,148.8,8,9,280.0,2,8,83.3,1,10,11,7,5,0,3,2,-2,42,35,31,18,102.0,8.111111111111112,2.1111111111111107,1.1111111111111112,150.0,148.7777777777778,99.44444444444443,14.0,4
224,Jaxson Hayes,Los Angeles Lakers,C,45,136,18,25,618.4,9,14,350.0,0,1,0.0,12,29,41,2,17,2,9,3,-10,88,86,47,43,90.10400000000001,109.57600000000001,4.3839999999999995,0.0,284.704,267.776,97.976,123.01599999999999,10
225,Jay Huff,Denver Nuggets,C,3,5,1,2,50.0,0,0,0.0,1,2,50.0,0,0,0,0,2,0,0,0,-3,3,3,3,0,2.25,0.81,0.0,0.48999999999999994,0.3600000000000001,0.3600000000000001,2.25,0.81,1
226,Jaylen Brown,Boston Celtics,SG,289,334,114,211,552.5,33,51,653.8,28,69,415.8,15,45,60,36,26,12,13,1,148,385,349,325,96,609.9250000000002,98.22500000000001,15.025,22.5,887.5249999999997,941.2999999999998,545.4,124.0,10
227,Jaylin Williams,Oklahoma City Thunder,F,42,130,15,30,450.0,2,3,150.0,10,20,466.6,5,29,34,13,14,3,3,4,70,89,76,55,47,57.976331360946745,59.210059171597635,10.171597633136095,4.724852071005917,202.32248520710058,179.35207100591717,75.82840236686391,74.5,10
228,Jayson Tatum,Boston Celtics,SF,267,362,91,195,476.1,51,58,865.9,34,78,441.1,10,61,71,54,21,6,27,4,144,392,338,321,125,378.9840000000001,102.376,52.416,20.464000000000002,471.60000000000014,600.016,280.77599999999995,124.58399999999999,10
229,Jeenathan Williams,Houston Rockets,G,8,17,4,7,66.7,0,2,0.0,0,0,0.0,2,1,3,0,4,0,0,0,17,11,11,8,3,45.519999999999996,1.2200000000000002,0.18,0.0,57.32000000000001,60.980000000000004,42.58,0.6800000000000002,2
230,Jeff Dowtin,Philadelphia 76ers,G,16,57,6,11,123.8,0,0,0.0,4,8,116.7,0,4,4,8,0,3,3,1,12,28,20,24,12,72.0,6.0,22.0,4.0,216.0,106.0,162.0,48.0,4
231,Jeff Green,Houston Rockets,PF,38,140,14,40,312.6,4,8,125.0,6,18,375.0,2,11,13,9,6,3,5,3,-42,60,51,47,22,92.86989795918367,18.512755102040813,6.941326530612245,2.4005102040816326,166.5841836734694,159.0,105.0,20.908163265306122,10
232,Jerami Grant,Portland Trail Blazers,SF,169,342,56,142,386.6,38,46,711.3,19,49,402.0,6,19,25,35,18,14,28,2,-77,229,194,204,60,473.98961937716257,45.9204152249135,32.71626297577855,5.083044982698962,888.6262975778548,739.6678200692041,583.0934256055364,118.49134948096886,10
233,Jeremiah Robinson-Earl,New Orleans Pelicans,F,22,75,8,19,209.6,4,7,80.0,2,8,100.0,9,8,17,9,5,3,2,1,25,48,39,31,26,61.04,33.24,27.66666666666667,1.3600000000000003,224.66666666666666,151.66666666666669,106.97333333333333,87.97333333333334,6
234,Jeremy Sochan,San Antonio Spurs,F,127,293,50,107,402.1,17,21,583.4,10,32,233.3,16,48,64,27,27,5,15,8,-4,218,191,154,91,563.0,78.56515775034293,36.75308641975308,10.123456790123457,900.482853223594,914.676268861454,542.4197530864197,121.70507544581619,10
235,Jericho Sims,New York Knicks,C,33,208,13,16,566.7,7,10,213.3,0,0,0.0,26,34,60,13,11,4,5,7,-3,106,93,46,73,96.4016620498615,54.24376731301939,13.0,0.0,288.0,199.0,160.5595567867036,92.0858725761773,10
236,Jerome Robinson,Golden State Warriors,SG,10,17,4,10,40.0,1,2,50.0,1,6,16.7,0,0,0,1,1,0,0,1,-2,11,10,11,1,61.5621301775148,0.21301775147928997,0.4792899408284023,0.7159763313609467,65.23668639053254,54.53254437869823,72.90532544378698,0.053254437869822466,1
237,Jett Howard,Orlando Magic,G,0,5,0,1,0.0,0,0,0.0,0,1,0.0,0,0,0,0,1,0,0,0,-5,0,0,0,0,2.25,0.0,0.0,0.25,2.25,2.25,2.25,0.0,1
238,Jevon Carter,Chicago Bulls,PG,46,153,19,41,423.1,1,2,50.0,7,21,200.0,3,10,13,14,8,6,5,2,26,73,59,60,27,174.44444444444446,14.184027777777779,8.444444444444445,8.184027777777779,270.18402777777777,228.90625,200.0,38.35069444444444,10
239,Jimmy Butler,Miami Heat,SF,215,351,74,148,502.8,58,74,773.8,9,25,408.3,16,39,55,55,15,16,19,6,49,325,270,270,110,423.1859410430839,57.0,56.54648526077097,7.489795918367347,674.9591836734694,442.56689342403627,637.1020408163266,132.02267573696145,10
240,Jock Landale,Houston Rockets,C,60,150,22,38,552.5,13,16,330.0,3,7,250.0,19,21,40,17,19,4,3,6,38,117,100,77,57,160.0,39.01239669421488,32.14049586776859,2.152892561983471,313.5578512396694,241.01239669421489,238.14049586776858,65.55785123966942,10
241,Joe Harris,Detroit Pistons,SF,2,12,1,3,33.3,0,0,0.0,0,1,0.0,0,0,0,0,1,0,0,0,-5,2,2,2,0,0.0,0.0,0.0,0.0,0.0,0.0,0.0,0.0,1
242,Joe Ingles,Orlando Magic,SG,33,169,11,23,321.7,3,4,150.0,8,18,291.7,2,9,11,28,9,7,8,0,-8,72,44,61,39,116.45599999999999,7.224,46.384,10.384,166.736,121.456,152.34400000000002,63.00000000000001,10
243,Joel Embiid,Philadelphia 76ers,C,45,61,16,38,82.8,9,12,170.0,4,10,83.3,2,12,14,5,6,2,10,0,-41,64,59,50,19,144.5,0.0,0.5,0.0,162.0,144.5,162.0,0.5,2
244,John Collins,Utah Jazz,PF,160,308,61,112,531.8,24,31,704.2,14,34,422.2,25,77,102,13,28,4,19,16,10,275,262,173,115,330.784,164.896,8.2,9.424,459.416,475.696,308.424,179.176,10
245,John Konchar,Memphis Grizzlies,SG,62,254,21,43,487.5,8,9,266.7,12,25,501.6,15,37,52,26,15,12,17,11,-11,140,114,88,78,120.08317580340265,81.79584120982986,10.733459357277884,5.648393194706995,358.27977315689986,259.8676748582231,182.86200378071834,128.16257088846882,10
246,Johnny Davis,Washington Wizards,G,21,120,7,26,236.9,3,4,150.0,4,11,183.3,3,10,13,7,8,2,1,2,-39,41,34,28,20,63.11157024793388,6.107438016528926,10.140495867768596,4.56198347107438,101.45867768595042,64.69834710743802,104.03719008264463,12.082644628099173,10
247,Johnny Juzang,Utah Jazz,G,41,93,16,32,226.9,0,0,0.0,9,21,169.2,2,12,14,3,4,0,3,0,7,58,55,44,17,198.87654320987653,11.88888888888889,1.5555555555555558,16.80246913580247,234.6913580246914,254.17283950617283,180.9506172839506,11.88888888888889,5
248,Jonas Valanciunas,New Orleans Pelicans,C,69,192,27,64,384.2,11,12,475.0,4,13,250.0,21,62,83,15,17,1,12,7,51,167,152,84,98,292.4719387755102,146.1862244897959,25.36989795918367,4.4183673469387745,731.2474489795919,704.8163265306122,358.90816326530614,131.55102040816325,10
249,Jonathan Isaac,Orlando Magic,PF,84,175,33,58,589.0,6,9,266.7,12,22,435.0,15,34,49,5,6,6,6,13,18,138,133,89,54,120.10330578512396,40.96694214876033,4.68595041322314,14.446280991735536,222.5,251.6404958677686,99.73966942148762,36.87603305785124,10
250,Jonathan Kuminga,Golden State Warriors,PF,213,290,83,153,531.7,39,47,715.0,8,19,283.4,13,37,50,25,27,8,19,6,14,288,263,238,75,323.4161712247324,60.582639714625444,14.357907253269916,9.600475624256838,411.6932223543401,439.218787158145,305.8097502972651,65.02140309155767,10
251,Jontay Porter,Toronto Raptors,C,50,135,17,39,295.6,5,8,125.0,11,26,255.4,7,23,30,24,13,9,9,7,-11,104,80,74,54,254.73469387755105,32.61734693877551,32.25,18.331632653061224,540.1836734693877,384.0051020408163,380.12755102040825,95.65306122448979,9
252,Jordan Clarkson,Utah Jazz,PG,174,327,64,151,396.6,29,32,757.9,17,59,244.1,7,28,35,60,19,10,22,0,-76,269,209,234,95,808.1528925619835,109.6115702479339,84.5,20.946280991735534,1290.4710743801654,1202.1528925619834,867.8347107438017,222.74793388429748,10
253,Jordan Goodwin,Memphis Grizzlies,G,69,232,28,81,330.5,5,12,225.0,8,28,229.89999999999998,13,28,41,37,16,15,14,10,-59,147,110,106,78,84.71280276816609,123.14532871972318,72.75086505190313,2.9273356401384083,371.28719723183394,240.35640138408303,93.3667820069204,318.1730103806228,9
254,Jordan Hawkins,New Orleans Pelicans,G,46,131,16,58,271.5,4,5,150.0,10,39,210.0,3,13,16,6,8,0,2,2,2,68,62,52,22,166.1487603305785,18.40082644628099,6.413223140495868,10.18595041322314,227.1280991735537,193.42561983471074,201.05785123966942,23.607438016528924,10
255,Jordan McLaughlin,Minnesota Timberwolves,PG,47,128,16,31,461.1,3,4,150.0,12,23,369.4,3,18,21,24,10,7,4,2,54,92,68,71,45,123.4297520661157,35.111570247933884,16.0,19.425619834710748,232.5,206.5,147.0661157024793,53.47520661157024,10
256,Jordan Miller,LA Clippers,G,4,5,1,1,100.0,2,2,100.0,0,0,0.0,0,1,1,0,0,0,0,0,3,5,5,4,1,4.0,0.03999999999999998,0.0,0.0,4.840000000000001,4.840000000000001,4.0,0.03999999999999998,1
257,Jordan Nwora,Toronto Raptors,SF,64,137,25,65,292.5,5,6,275.0,9,31,218.3,5,30,35,7,6,8,7,3,-29,106,99,71,42,273.42403628117916,43.26757369614512,4.736961451247165,9.117913832199546,324.0,349.1179138321995,246.79138321995464,49.519274376417236,10
258,Jordan Poole,Washington Wizards,SG,189,288,71,160,425.5,15,17,525.0,32,85,370.0,4,24,28,50,30,11,32,6,-70,267,217,239,78,913.2972651605231,23.65755053507729,41.043995243757436,27.255648038049937,844.6718192627825,866.69322235434,876.4387633769322,79.53864447086801,10
259,Jordan Walsh,Boston Celtics,G,2,27,1,4,100.0,0,0,0.0,0,2,0.0,2,4,6,1,5,2,2,1,24,9,8,3,7,2.2222222222222223,8.88888888888889,0.5555555555555556,0.0,1.8888888888888893,4.0,4.555555555555555,5.0,2
260,Jose Alvarado,New Orleans Pelicans,PG,71,212,26,65,418.0,6,7,350.0,13,34,433.3,2,17,19,27,17,13,10,3,81,117,90,98,46,37.10069444444444,8.90625,55.60069444444445,6.111111111111111,128.35069444444446,38.27777777777778,119.4027777777778,72.27777777777777,10
261,Josh Giddey,Oklahoma City Thunder,SG,131,229,58,109,523.9,4,5,250.0,11,36,336.9,15,41,56,39,16,7,21,4,28,226,187,170,95,222.51111111111112,76.5,26.91111111111111,2.944444444444444,560.5,403.4777777777778,340.4,142.54444444444445,10
262,Josh Green,Dallas Mavericks,SG,67,259,28,55,498.7,4,5,80.0,7,23,270.0,11,24,35,13,16,11,9,2,-34,115,102,80,48,187.3163265306122,40.95918367346939,10.818877551020407,7.961734693877551,250.10459183673467,256.5,194.155612244898,38.54336734693877,10
263,Josh Hart,New York Knicks,SG,143,422,53,129,407.6,19,30,473.7,18,53,302.2,25,103,128,55,25,16,16,6,11,326,271,198,183,315.40054869684496,226.8861454046639,80.23456790123457,18.938271604938272,943.445816186557,528.9314128943759,575.7256515775034,461.3100137174211,10
264,Josh Minott,Minnesota Timberwolves,F,0,5,0,0,0.0,0,0,0.0,0,0,0.0,0,4,4,0,0,0,0,0,6,4,4,0,4,2.0069444444444446,9.0,0.0625,0.0625,1.7777777777777781,2.506944444444445,2.777777777777778,7.5625,1
265,Josh Okogie,Phoenix Suns,SF,46,141,15,32,423.8,10,11,350.0,6,14,300.0,16,6,22,10,4,8,10,2,6,78,68,56,32,116.44982698961938,13.598615916955017,8.13840830449827,6.422145328719724,170.26989619377161,161.01730103806227,120.75432525951557,26.685121107266436,10
266,Josh Richardson,Miami Heat,SG,98,211,38,76,433.2,6,6,200.0,16,45,301.7,4,26,30,19,16,5,3,2,3,147,128,117,49,296.8888888888889,20.0,10.88888888888889,27.555555555555557,468.0,427.55555555555554,344.0,24.22222222222222,9
267,Joshua Primo,LA Clippers,G,0,5,0,1,0.0,0,0,0.0,0,0,0.0,1,0,1,0,0,0,1,0,1,1,1,0,1,0.0,0.0,0.0,0.0,0.0,0.0,0.0,0.0,1
268,Jrue Holiday,Boston Celtics,PG,116,330,45,79,581.6,5,6,250.0,21,45,548.5,8,27,35,58,14,15,16,10,112,209,151,174,93,74.6616257088847,44.20604914933838,46.0,4.909262759924386,144.62192816635164,143.4045368620038,128.22684310018903,37.858223062381846,10
269,Jules Bernard,Washington Wizards,G,9,19,3,4,250.0,1,2,50.0,2,2,200.0,2,3,5,4,1,1,1,1,15,18,14,13,9,2.0,6.75,6.28,0.75,12.830000000000004,4.75,6.28,16.830000000000002,3
270,Julian Champagnie,San Antonio Spurs,F,72,231,21,57,327.3,14,17,500.0,16,42,299.1,7,24,31,21,6,7,7,4,32,124,103,93,52,214.26331360946745,36.90236686390533,32.8905325443787,25.494082840236686,472.93786982248514,312.4792899408284,319.05917159763317,125.45562130177514,10
271,Julian Phillips,Chicago Bulls,F,39,132,13,31,272.9,7,8,266.7,6,13,283.4,6,12,18,5,12,5,3,1,-11,62,57,44,23,171.16620498614958,27.462603878116344,6.839335180055401,6.404432132963989,317.6675900277008,291.6371191135734,185.606648199446,45.89196675900277,10
272,Julian Strawther,Denver Nuggets,G,9,27,3,11,37.5,2,2,100.0,1,8,20.0,0,3,3,4,1,1,2,0,-15,16,12,13,7,33.98765432098765,7.222222222222221,3.5555555555555562,0.8024691358024691,98.76543209876544,71.50617283950618,55.02469135802469,17.0,2
273,Julius Randle,New York Knicks,PF,66,99,23,48,142.2,14,14,300.0,6,11,195.0,8,17,25,18,7,1,10,0,25,109,91,84,43,98.0,2.666666666666667,14.0,2.0,140.66666666666669,120.66666666666666,126.0,8.666666666666668,3
274,Justin Champagnie,Washington Wizards,SF,15,38,6,16,94.4,0,0,0.0,3,10,50.0,2,6,8,4,2,2,3,4,-16,27,23,19,12,64.296875,30.546875,5.296875,6.046875,231.546875,173.0,98.0,60.6875,3
275,Justin Holiday,Denver Nuggets,SF,49,153,19,36,457.0,0,0,0.0,11,25,326.7,0,12,12,18,8,6,2,4,2,79,61,67,30,218.90000000000003,10.0,40.825,14.924999999999999,369.125,257.29999999999995,311.325,70.22500000000001,10
276,Justin Minaya,Portland Trail Blazers,F,9,87,3,15,99.89999999999999,1,2,50.0,2,12,66.6,5,8,13,4,5,3,3,1,-46,26,22,13,17,17.52777777777778,16.391975308641975,1.947530864197531,1.4567901234567902,41.57716049382716,47.27160493827161,13.493827160493828,16.679012345679013,7
277,Jusuf Nurkic,Phoenix Suns,C,100,271,41,74,602.1,18,42,392.9,0,3,0.0,46,100,146,40,35,6,35,13,10,286,246,140,186,102.27514792899407,562.1331360946746,38.53254437869822,0.0,810.0,847.9171597633135,75.82544378698226,589.198224852071,10
278,Karl-Anthony Towns,Minnesota Timberwolves,C,193,306,66,146,451.8,41,47,734.2,20,56,341.5,20,55,75,29,33,8,24,8,98,297,268,222,104,265.0493827160493,98.62345679012346,46.91975308641975,18.771604938271604,548.530864197531,414.4012345679012,362.2777777777778,182.44444444444443,10
279,Kawhi Leonard,LA Clippers,SF,224,341,86,171,507.9,39,45,789.9,13,44,273.3,13,49,62,37,9,15,14,8,34,323,286,261,99,507.38775510204084,46.15561224489796,32.369897959183675,10.125,772.1734693877552,686.4617346938776,575.125,96.5,10
280,Keegan Murray,Sacramento Kings,SF,141,355,50,113,413.5,19,19,500.0,22,60,339.1,15,42,57,14,30,12,8,10,3,212,198,155,71,491.67159763313606,52.66863905325444,19.494082840236686,36.0,648.2130177514792,634.7366863905326,486.3254437869823,90.98520710059172,10
281,Keita Bates-Diop,Brooklyn Nets,SF,38,100,14,26,648.3,5,6,250.0,5,12,350.0,3,10,13,4,2,1,6,5,-18,55,51,42,17,45.54648526077098,16.219954648526077,4.444444444444445,4.959183673469388,78.91836734693877,73.55328798185941,43.16553287981859,28.410430839002267,10
282,Keldon Johnson,San Antonio Spurs,SF,166,302,61,127,482.3,17,20,508.3,27,67,399.4,15,36,51,26,17,4,13,1,-43,243,217,192,77,267.55785123966945,66.92975206611571,16.56611570247934,24.698347107438018,423.0123966942147,410.4710743801653,318.59504132231405,45.0,10
283,Kelly Olynyk,Toronto Raptors,PF,131,269,47,92,471.3,25,35,587.1,12,31,358.3,20,33,53,43,37,16,25,8,-73,227,184,174,96,364.10400000000004,80.296,60.775999999999996,8.624,664.744,561.3439999999999,452.57599999999996,156.0,10
284,Kelly Oubre Jr.,Philadelphia 76ers,SG,179,311,63,160,377.5,41,55,684.5,12,50,206.2,20,35,55,19,32,10,19,2,-78,253,234,198,74,579.2112482853224,68.64334705075446,19.326474622770917,10.161865569272978,922.4046639231824,753.9314128943759,712.1234567901234,123.53086419753086,10
285,Kendall Brown,Indiana Pacers,SG,0,7,0,0,0.0,0,0,0.0,0,0,0.0,0,0,0,0,0,0,0,0,4,0,0,0,0,0.7346938775510203,0.0,0.18367346938775508,0.0,1.6530612244897962,0.7346938775510203,1.6530612244897962,0.18367346938775508,1
286,Kenneth Lofton Jr.,Philadelphia 76ers,F,2,5,1,4,25.0,0,0,0.0,0,2,0.0,0,1,1,0,0,0,0,0,-4,3,3,2,1,0.0,0.0,0.0,0.0,0.0,0.0,0.0,0.0,1
287,Kenrich Williams,Oklahoma City Thunder,SF,20,101,8,23,281.7,0,0,0.0,4,15,150.0,9,22,31,12,11,3,3,1,21,63,51,32,43,79.16052318668252,43.466111771700355,14.520808561236622,5.686087990487515,163.0166468489893,135.07847800237812,86.05469678953625,79.03091557669441,10
288,Kentavious Caldwell-Pope,Denver Nuggets,SG,107,317,38,76,488.5,11,12,380.0,20,43,428.3,4,18,22,30,20,18,11,5,79,159,129,137,52,218.26530612244898,19.709750566893426,23.804988662131517,21.265306122448976,254.6145124716553,261.8390022675737,205.44444444444446,49.111111111111114,10
289,Kenyon Martin Jr.,Philadelphia 76ers,F,54,178,23,37,618.8,5,6,300.0,3,5,250.0,12,27,39,13,29,4,8,3,-26,106,93,67,52,98.41600000000001,69.0,12.424,2.104,367.216,287.496,154.296,105.264,10
290,Keon Ellis,Sacramento Kings,G,49,184,19,36,404.2,1,2,50.0,10,22,303.3,7,16,23,14,24,15,4,4,45,86,72,63,37,206.7777777777778,8.277777777777779,45.23456790123458,12.030864197530864,208.40123456790124,244.5,178.30864197530866,45.88271604938272,10
291,Keon Johnson,Brooklyn Nets,G,12,26,3,8,73.3,4,4,100.0,2,4,133.3,2,1,3,2,2,2,2,0,-9,17,15,14,5,18.88888888888889,0.5555555555555556,2.2222222222222223,0.22222222222222227,27.222222222222225,13.888888888888888,34.0,1.0,2
292,Kessler Edwards,Sacramento Kings,SF,12,46,4,11,106.7,1,2,50.0,3,8,91.7,0,8,8,2,6,2,0,1,9,22,20,14,10,43.750692520775615,15.542936288088642,1.634349030470914,4.177285318559557,56.49030470914128,53.254847645429365,40.066481994459835,24.096952908587255,5
293,Kevin Durant,Phoenix Suns,PF,270,375,101,201,492.5,47,59,805.6,21,53,376.2,6,61,67,39,15,8,36,9,-8,376,337,309,106,1207.8698979591838,56.622448979591844,43.53061224489796,19.676020408163268,1561.3188775510203,1412.9413265306123,1287.125,169.27551020408163,10
294,Kevin Huerter,Sacramento Kings,SG,72,231,29,79,330.1,2,4,100.0,12,45,205.0,6,24,30,25,23,8,11,2,5,127,102,97,55,366.0,31.789940828402365,5.032544378698225,21.399408284023668,575.3905325443786,545.4822485207101,381.95562130177507,50.77514792899409,10
295,Kevin Knox II,Detroit Pistons,SF,22,89,9,26,148.9,3,3,200.0,1,11,33.3,3,11,14,4,9,2,6,0,21,40,36,26,18,115.33333333333334,19.333333333333336,3.3333333333333335,0.8333333333333335,167.33333333333331,188.0,101.33333333333334,16.0,6
296,Kevin Love,Miami Heat,PF,88,158,30,62,483.6,10,14,208.3,18,45,387.4,10,55,65,19,20,3,10,3,31,172,153,107,84,362.530612244898,61.03061224489795,13.244897959183673,16.97959183673469,574.7448979591837,534.5,405.0,72.05102040816325,10
297,Kevon Looney,Golden State Warriors,F,21,103,9,19,483.3,3,7,75.0,0,0,0.0,8,21,29,12,15,1,5,4,37,62,50,33,41,28.11111111111111,20.017361111111114,7.65625,0.0,22.625,36.65625,14.517361111111109,27.236111111111107,10
298,Keyontae Johnson,Oklahoma City Thunder,F,5,39,2,8,66.7,0,0,0.0,1,2,100.0,2,4,6,2,4,0,2,0,-15,13,11,7,8,20.0,7.0,1.2653061224489797,0.8163265306122451,29.69387755102041,35.0,17.26530612244898,5.6938775510204085,5
299,Keyonte George,Utah Jazz,G,185,313,64,148,385.4,30,34,492.5,27,71,328.4,0,28,28,50,14,4,31,3,-55,263,213,235,78,879.8136094674555,17.64792899408284,47.789940828402365,40.171597633136095,1243.1982248520708,1041.0591715976332,1071.3668639053253,76.02366863905326,10
300,Khris Middleton,Milwaukee Bucks,SF,108,198,42,85,367.6,12,14,337.5,12,30,326.6,6,27,33,39,24,7,13,2,27,180,141,147,72,209.75,36.9375,45.984375,3.4375,383.109375,248.4375,350.859375,76.484375,7
301,Killian Hayes,Detroit Pistons,PG,18,79,7,14,209.6,1,3,33.3,3,6,100.0,0,15,15,20,4,0,5,2,-12,53,33,38,35,27.0,18.75,54.0,2.75,252.75,74.75,153.0,124.75,4
302,Klay Thompson,Golden State Warriors,SG,178,257,63,142,453.5,14,16,516.7,38,87,422.5,5,26,31,18,13,7,13,2,-40,227,209,196,49,591.6186556927298,23.444444444444446,19.635116598079563,26.137174211248286,640.6049382716049,562.3470507544581,685.7530864197531,27.20301783264746,10
303,Kobe Brown,LA Clippers,G,2,27,1,5,100.0,0,0,0.0,0,2,0.0,4,5,9,2,4,0,3,0,-23,13,11,4,11,3.0277777777777777,8.194444444444446,1.4444444444444446,0.027777777777777776,12.777777777777775,7.0,2.694444444444444,15.75,4
304,Kobe Bufkin,Atlanta Hawks,G,27,81,11,31,158.4,1,2,50.0,4,14,115.0,1,10,11,14,6,3,4,1,21,52,38,41,25,72.63265306122449,3.9795918367346945,14.959183673469388,2.836734693877551,134.6326530612245,95.83673469387756,113.83673469387753,16.53061224489796,5
305,Kris Dunn,Utah Jazz,G,50,213,22,47,405.2,1,2,50.0,5,17,291.7,7,16,23,28,22,12,10,2,-52,101,73,78,51,127.05599999999998,15.256,19.2,6.264,252.58400000000003,164.024,194.33599999999998,55.736,10
306,Kris Murray,Portland Trail Blazers,F,80,290,30,70,459.0,11,14,491.7,9,34,290.0,13,36,49,25,19,6,11,6,24,154,129,105,74,282.63905325443784,55.96745562130178,33.828402366863905,5.186390532544378,498.0976331360947,369.3520710059172,337.99408284023673,163.18639053254435,10
307,Kristaps Porzingis,Boston Celtics,C,236,301,79,154,525.0,53,57,827.8,25,55,502.2,15,60,75,18,23,5,14,16,102,329,311,254,93,346.5,110.55102040816327,13.63265306122449,6.704081632653061,566.3367346938776,585.4795918367346,337.2755102040816,114.26530612244898,10
308,Kyle Anderson,Minnesota Timberwolves,SF,68,262,29,63,442.3,9,12,350.0,1,6,50.0,7,35,42,49,20,8,13,4,59,159,110,117,91,129.35069444444443,49.267361111111114,35.0,0.90625,240.27777777777777,217.61111111111111,166.4340277777778,69.85069444444446,10
309,Kyle Kuzma,Washington Wizards,SF,245,345,92,177,533.3,43,53,855.3,18,50,283.3,6,65,71,44,19,8,29,9,-81,360,316,289,115,363.1938775510205,70.94132653061224,56.97193877551022,27.625,589.6734693877552,559.1147959183673,406.10459183673464,115.5612244897959,10
310,Kyle Lowry,Philadelphia 76ers,PG,76,288,23,61,365.2,16,17,575.0,14,41,295.4,4,27,31,52,20,13,13,1,-50,159,107,128,83,203.10204081632654,25.03061224489796,75.55102040816327,14.53061224489796,425.1938775510204,266.5,299.6326530612245,162.74489795918367,10
311,Kyrie Irving,Dallas Mavericks,PG,246,351,94,191,493.2,29,29,700.0,29,72,392.7,7,38,45,47,17,10,21,5,-40,338,291,293,92,388.793388429752,43.14876033057851,131.44628099173553,18.929752066115704,933.8347107438017,465.2314049586777,797.4297520661157,234.5619834710744,10
312,LaMelo Ball,Charlotte Hornets,PG,32,55,12,37,66.1,5,6,150.0,3,17,34.7,1,5,6,15,10,3,7,0,-49,53,38,47,21,2.0,2.0,0.5,0.5,4.5,8.0,0.5,0.5,2
313,Lamar Stevens,Memphis Grizzlies,PF,111,215,46,97,495.5,13,18,333.3,6,15,425.0,12,32,44,7,18,7,12,7,-20,162,155,118,51,211.0,48.44444444444444,6.111111111111112,2.4444444444444446,334.9777777777778,267.17777777777775,274.44444444444446,58.91111111111111,10
314,Landry Shamet,Washington Wizards,SG,55,184,20,55,273.1,7,7,300.0,8,35,104.1,4,10,14,8,12,4,9,2,-68,77,69,63,22,330.90000000000003,22.5,5.700000000000001,15.624999999999998,463.7,413.80000000000007,373.0,35.99999999999999,10
315,Larry Nance Jr.,New Orleans Pelicans,PF,61,211,25,40,605.3,10,12,366.7,1,5,100.0,19,29,48,20,19,9,10,4,19,129,109,81,68,140.13600000000002,37.744,12.783999999999999,1.224,193.256,189.736,152.98399999999998,41.2,10
316,Lauri Markkanen,Utah Jazz,PF,211,342,70,163,428.6,40,43,856.7,31,77,398.8,18,52,70,23,15,7,17,3,-46,304,281,234,93,324.9584775086505,112.03460207612457,50.128027681660896,23.539792387543255,784.7543252595156,573.083044982699,492.5674740484429,206.2249134948097,10
317,LeBron James,Los Angeles Lakers,SF,286,367,110,191,571.9,41,54,708.4,25,55,448.3,8,65,73,95,13,12,34,5,27,454,359,381,168,421.194214876033,77.55785123966942,24.830578512396695,27.01652892561983,313.9214876033059,284.50413223140487,477.0,76.0,10
318,Leaky Black,Charlotte Hornets,F,27,151,8,25,232.1,7,10,275.0,4,10,150.0,5,21,26,13,12,2,3,2,-31,66,53,40,39,88.0,30.96,8.41,8.25,118.49000000000001,84.96000000000001,110.40999999999998,50.49,9
319,Leonard Miller,Minnesota Timberwolves,F,0,5,0,1,0.0,0,0,0.0,0,0,0.0,0,0,0,2,0,0,0,0,8,2,0,2,2,0.08163265306122448,1.0,1.3061224489795917,0.0,0.020408163265306103,1.6530612244897962,0.7346938775510206,0.020408163265306103,1
320,Lester Quinones,Golden State Warriors,G,58,162,20,53,357.0,9,13,325.0,9,31,250.0,8,18,26,11,17,2,5,0,-34,95,84,69,37,193.76736111111106,18.73611111111111,14.90625,10.90625,254.11111111111111,286.60069444444446,178.56944444444443,16.350694444444446,10
321,Lindy Waters III,Oklahoma City Thunder,F,29,66,10,21,323.3,0,0,0.0,9,19,283.3,1,14,15,4,6,1,3,2,-33,48,44,33,19,89.0311111111111,26.0,4.111111111111112,10.719999999999999,213.0977777777778,178.09777777777776,109.36444444444444,44.777777777777786,7
322,Lonnie Walker IV,Brooklyn Nets,G,91,176,33,89,392.3,6,7,350.0,19,49,264.9,0,21,21,6,20,4,8,3,20,118,112,97,27,485.61111111111114,34.43402777777778,7.15625,33.90277777777778,784.0,715.15625,539.7673611111111,56.27777777777777,10
323,Luguentz Dort,Oklahoma City Thunder,G,110,290,38,85,471.5,9,9,400.0,25,55,474.4,8,24,32,16,30,10,7,3,32,158,142,126,48,182.54444444444442,35.699999999999996,18.577777777777776,17.044444444444444,252.0,196.7111111111111,238.5,53.611111111111114,10
324,Luka Doncic,Dallas Mavericks,PG,344,371,122,244,494.1,60,72,851.1,40,106,362.4,10,85,95,112,22,12,41,4,54,551,439,456,207,430.40625,76.23611111111111,76.90625,36.625,857.2361111111111,664.8506944444443,534.0,241.9340277777778,10
325,Luka Garza,Minnesota Timberwolves,C,26,28,9,19,144.4,5,6,150.0,3,8,158.3,4,3,7,1,6,0,1,0,9,34,33,27,8,41.0,5.666666666666668,0.8148148148148149,0.33333333333333337,80.37037037037035,71.33333333333334,47.37037037037038,9.148148148148147,3
326,Luka Samanic,Utah Jazz,F,42,107,13,39,288.8,12,14,450.0,4,19,178.3,5,19,24,5,9,1,5,4,-42,71,66,47,29,82.62890625,44.25,4.34765625,2.22265625,255.265625,221.81640625,104.390625,60.28515625,9
327,Luke Kennard,Memphis Grizzlies,SG,124,269,39,78,499.6,18,20,571.4,28,59,476.40000000000003,2,23,25,40,10,8,18,0,-65,189,149,164,65,416.40362811791385,7.458049886621314,84.81632653061224,24.21315192743764,602.219954648526,437.7437641723356,557.1111111111111,116.04308390022676,10
328,Luke Kornet,Boston Celtics,C,62,162,27,37,656.1,8,8,300.0,0,0,0.0,19,23,42,15,12,3,1,10,83,119,104,77,57,187.7,70.5,32.525000000000006,0.0,629.525,440.8,302.125,177.325,10
329,Malachi Flynn,Detroit Pistons,PG,36,83,13,39,232.5,4,6,200.0,6,18,241.7,0,10,10,11,5,3,6,0,-20,57,46,47,21,100.0,8.222222222222223,13.888888888888891,4.888888888888889,225.55555555555554,154.8888888888889,159.55555555555557,33.22222222222223,8
330,Malaki Branham,San Antonio Spurs,G,121,231,44,97,437.8,15,16,475.0,18,44,340.4,3,14,17,21,16,4,17,2,-70,159,138,142,38,687.6006944444445,12.125,33.0,32.18402777777777,992.7673611111111,775.1840277777777,882.6840277777777,67.625,10
331,Malcolm Brogdon,Portland Trail Blazers,PG,102,218,37,83,266.20000000000005,17,19,433.3,11,30,202.89999999999998,7,22,29,40,13,4,17,2,4,171,131,142,69,100.0,28.833333333333336,7.333333333333334,6.833333333333334,113.5,66.83333333333334,151.33333333333331,31.5,6
332,Malik Beasley,Milwaukee Bucks,SG,114,299,41,101,398.9,2,3,150.0,30,78,376.4,3,31,34,18,16,7,8,1,82,166,148,132,52,358.3100137174211,14.598079561042525,11.890260631001372,34.013717421124824,245.99725651577504,284.9382716049383,311.2894375857339,34.5679012345679,10
333,Malik Monk,Sacramento Kings,SG,187,280,72,162,424.2,20,26,680.0,23,65,340.5,7,35,42,59,28,9,18,1,13,288,229,246,101,851.8799048751487,20.95600475624257,32.391200951248514,18.017835909631394,985.3650416171224,973.3305588585018,835.4863258026159,81.77526753864448,10
334,MarJon Beauchamp,Milwaukee Bucks,F,30,42,10,16,350.0,7,8,175.0,3,7,200.0,2,9,11,1,4,1,3,0,-17,42,41,31,12,58.991735537190095,10.140495867768596,0.8677685950413222,1.8099173553719008,103.32231404958677,93.38016528925618,65.92561983471074,14.016528925619834,6
335,Marcus Morris Sr.,Philadelphia 76ers,SF,40,98,16,38,166.7,4,4,200.0,4,13,103.3,0,14,14,3,5,2,6,1,-21,57,54,43,17,86.0,5.0,2.75,2.0,126.75,107.0,104.75,8.75,4
336,Marcus Sasser,Detroit Pistons,G,54,182,20,68,301.09999999999997,4,5,250.0,10,38,332.9,1,21,22,32,19,8,17,0,-50,108,76,86,54,193.625,21.825000000000003,23.200000000000003,13.025000000000002,279.20000000000005,270.8,206.02499999999998,41.025000000000006,10
337,Markelle Fultz,Orlando Magic,PG,71,170,31,71,403.6,9,12,333.3,0,5,0.0,13,24,37,18,8,5,13,3,-24,126,108,89,55,182.09141274238226,60.10249307479224,18.87534626038781,0.027700831024930744,307.6731301939058,254.45983379501388,202.73407202216066,111.54847645429362,10
338,Markieff Morris,Dallas Mavericks,PF,5,11,2,3,150.0,0,0,0.0,1,2,50.0,0,2,2,0,0,0,0,0,4,7,7,5,2,0.625,2.5,0.0,0.625,4.625,4.625,0.625,2.5,2
339,Marques Bolden,Charlotte Hornets,C,0,13,0,1,0.0,0,0,0.0,0,0,0.0,0,1,1,0,1,0,1,0,2,1,1,0,1,0.0,0.7551020408163267,0.0,0.0,0.7551020408163267,0.7551020408163267,0.0,0.7551020408163267,2
340,Marvin Bagley III,Washington Wizards,PF,119,262,53,102,492.7,10,14,383.3,3,8,250.0,40,46,86,16,13,7,8,11,-40,221,205,135,102,366.9111111111111,136.0,12.577777777777778,2.2000000000000006,625.0,593.0444444444445,373.0,174.44444444444446,10
341,Mason Jones,Sacramento Kings,G,1,13,0,3,0.0,1,2,50.0,0,2,0.0,1,3,4,4,0,0,0,0,10,9,5,5,8,0.0,0.0,0.0,0.0,0.0,0.0,0.0,0.0,1
342,Mason Plumlee,LA Clippers,C,49,122,17,29,603.3,15,20,416.7,0,0,0.0,11,38,49,12,17,3,11,5,8,110,98,61,61,62.20710059171598,96.90236686390533,13.64792899408284,0.0,218.94674556213016,219.0207100591716,69.75443786982248,102.92899408284023,10
343,Matisse Thybulle,Portland Trail Blazers,SG,75,258,28,59,448.9,6,9,250.0,13,33,368.3,8,27,35,21,16,25,12,10,-40,131,110,96,56,258.83264746227707,25.444444444444446,20.901234567901234,10.160493827160494,467.4417009602195,349.042524005487,372.4170096021948,51.160493827160494,10
344,Matt Ryan,New Orleans Pelicans,F,26,54,9,21,200.0,0,0,0.0,8,17,194.4,1,8,9,2,5,0,2,0,-6,37,35,28,11,167.85185185185185,11.0,1.4074074074074074,14.518518518518519,268.1851851851852,257.5185185185185,177.85185185185185,13.074074074074074,6
345,Matthew Hurt,Memphis Grizzlies,F,32,110,12,33,215.9,3,3,200.0,5,19,233.4,9,7,16,4,8,3,2,3,-7,52,48,36,20,105.05785123966943,20.264462809917354,4.016528925619834,3.900826446280991,204.7933884297521,164.3801652892562,139.3388429752066,30.413223140495862,7
346,Max Christie,Los Angeles Lakers,G,38,116,13,30,591.1,5,7,300.0,7,16,336.7,3,11,14,11,2,2,3,2,-42,63,52,49,25,48.151228733459355,8.400756143667296,29.907372400756145,4.281663516068053,187.24574669187146,80.19281663516068,139.94896030245746,53.56332703213611,10
347,Max Strus,Cleveland Cavaliers,SG,118,312,42,93,422.4,12,15,316.7,22,62,318.5,11,20,31,48,25,6,16,4,-32,197,149,166,79,284.77562326869804,32.988919667590025,26.775623268698062,31.81717451523546,400.2908587257617,331.86426592797784,377.1024930747922,35.86426592797784,10
348,Maxi Kleber,Dallas Mavericks,PF,18,194,4,21,149.89999999999998,7,10,350.0,3,16,150.0,2,30,32,10,17,2,1,5,12,60,50,28,42,73.424,49.856,5.6,3.2560000000000002,167.536,138.656,103.58399999999997,54.176,10
349,Micah Potter,Utah Jazz,C,21,40,7,8,200.0,3,3,200.0,4,4,200.0,2,5,7,1,2,0,0,0,7,29,28,22,8,42.06122448979592,0.6734693877551021,0.673469387755102,2.693877551020408,40.6734693877551,32.69387755102041,50.69387755102041,0.693877551020408,3
350,Michael Porter Jr.,Denver Nuggets,SF,183,313,72,134,544.3,10,11,550.0,29,68,437.2,8,60,68,16,17,8,11,6,63,267,251,199,84,458.65625,63.73611111111111,16.434027777777775,21.125,887.6111111111112,761.4340277777777,550.5694444444445,114.43402777777779,10
351,Mikal Bridges,Brooklyn Nets,SF,167,357,55,143,359.0,31,40,680.1,26,69,391.8,10,34,44,39,12,11,17,3,-13,250,211,206,83,856.4046639231824,41.462277091906714,29.844993141289436,28.310013717421125,891.0589849108368,926.2400548696846,822.4197530864196,70.1111111111111,10
352,Mike Conley,Minnesota Timberwolves,PG,124,289,43,92,416.5,18,21,513.3,20,52,333.3,9,24,33,48,14,10,14,0,-42,205,157,172,81,632.6006944444445,34.18402777777778,47.85069444444444,36.10069444444444,386.93402777777777,444.125,544.5,112.94444444444444,10
353,Mike Muscala,Oklahoma City Thunder,C,26,127,9,35,234.2,1,2,50.0,7,25,250.0,5,15,20,6,8,2,1,2,24,52,46,32,26,100.5,16.9,7.0249999999999995,10.725,207.82500000000002,182.0,116.825,33.425000000000004,10
354,Miles Bridges,Charlotte Hornets,SF,207,391,83,191,431.1,24,33,613.1,17,65,245.3,13,74,87,38,15,7,20,3,-78,332,294,245,125,517.6534859521331,67.36004162330906,16.139438085327782,25.58480749219563,789.6795005202913,768.0520291363163,551.1331945889699,71.64724245577523,10
355,Miles McBride,New York Knicks,PG,86,257,33,78,402.9,3,3,200.0,17,42,329.7,6,11,17,28,21,9,4,2,-8,131,103,114,45,338.41975308641975,12.116598079561042,114.44444444444444,22.95610425240055,697.8285322359396,422.1001371742112,598.2716049382716,142.43758573388203,10
356,Mo Bamba,Philadelphia 76ers,C,43,180,17,35,465.1,4,4,100.0,5,12,266.7,13,34,47,7,26,3,10,8,-28,97,90,50,54,82.65625,52.56944444444444,11.0,4.569444444444444,134.35069444444446,134.10069444444446,79.40625,67.06944444444444,10
357,Monte Morris,Minnesota Timberwolves,PG,55,152,21,50,531.1,5,7,275.0,8,20,341.6,3,11,14,28,3,5,3,1,26,97,69,83,42,81.1551246537396,20.559556786703602,50.42659279778394,4.088642659279778,239.26038781163436,119.65373961218836,168.91689750692518,102.83102493074793,10
358,Moritz Wagner,Orlando Magic,C,87,162,33,52,594.3,18,22,415.6,3,13,183.3,9,34,43,12,15,5,15,1,-3,142,130,99,55,275.096,72.29599999999999,6.384,2.136,534.784,530.0,278.296,80.264,10
359,Moses Brown,Portland Trail Blazers,C,13,28,6,10,233.3,1,3,33.3,0,0,0.0,4,5,9,2,4,0,2,1,7,24,22,15,11,18.0,12.320000000000002,2.880000000000001,0.0,25.519999999999996,27.92,13.680000000000001,17.119999999999997,3
360,Moses Moody,Golden State Warriors,SG,89,209,35,79,455.3,9,12,233.3,10,35,275.4,10,28,38,5,15,9,9,9,26,132,127,94,43,187.02770083102496,56.48199445983379,2.673130193905817,18.443213296398888,368.3434903047091,356.94459833795014,199.8393351800554,57.74238227146814,10
361,Mouhamadou Gueye,Toronto Raptors,F,2,6,1,3,33.3,0,0,0.0,0,0,0.0,2,1,3,0,1,0,0,2,4,5,5,2,3,1.0,0.25,0.0,0.0,2.25,2.25,1.0,0.25,1
362,Moussa Diabate,LA Clippers,F,2,7,1,1,100.0,0,2,0.0,0,0,0.0,1,3,4,0,0,1,0,1,1,6,6,2,4,0.0,0.0,0.0,0.0,0.0,0.0,0.0,0.0,1
363,Myles Turner,Indiana Pacers,C,164,271,61,121,504.4,26,37,586.7,16,39,326.9,17,55,72,10,27,3,14,23,4,246,236,174,82,295.14792899408286,67.48224852071006,16.130177514792898,26.5,310.9852071005917,251.96745562130178,399.9171597633136,37.86094674556213,10
364,Naji Marshall,New Orleans Pelicans,SF,67,210,26,54,360.0,4,5,250.0,11,26,418.3,6,38,44,23,7,8,9,4,39,134,111,90,67,326.13599999999997,44.496,12.584,13.096,414.8,398.264,306.256,93.49600000000001,10
365,Nassir Little,Phoenix Suns,SF,9,50,3,12,133.3,0,0,0.0,3,8,200.0,0,10,10,3,6,0,1,2,-8,22,19,12,13,15.349112426035504,9.0,3.8816568047337277,1.8816568047337277,38.18343195266272,33.88757396449704,17.952662721893493,14.57396449704142,5
366,Nate Hinton,Houston Rockets,G,12,22,4,7,110.0,2,3,66.7,2,3,66.7,1,5,6,3,4,1,1,2,10,21,18,15,9,48.05555555555556,6.722222222222221,1.3888888888888884,2.5,97.38888888888886,75.55555555555557,65.0,13.0,2
367,Nathan Mensah,Charlotte Hornets,C,4,59,2,5,66.7,0,0,0.0,0,0,0.0,4,6,10,1,13,2,1,4,-17,15,14,5,11,13.75,9.9375,0.859375,0.0,41.359375,44.4375,13.484375,7.984375,7
368,Naz Reid,Minnesota Timberwolves,C,174,296,61,126,489.2,25,31,609.2,27,60,408.4,11,59,70,23,22,8,12,15,27,267,244,197,93,974.6392318244169,72.34567901234567,18.454046639231827,58.09190672153636,1168.2071330589847,1028.8779149519892,1071.1865569272977,133.58161865569275,10
369,Neemias Queta,Boston Celtics,C,39,72,19,26,443.4,1,2,100.0,0,0,0.0,12,15,27,4,7,3,3,6,61,70,66,43,31,33.0,42.09375,1.34375,0.0,124.375,133.84375,29.09375,37.875,6
370,Nic Claxton,Brooklyn Nets,C,129,306,52,81,626.8,25,39,542.2,0,0,0.0,17,70,87,26,23,5,13,17,-11,242,216,155,113,211.98491083676268,64.45404663923182,16.46639231824417,0.0,311.1604938271605,282.4334705075446,233.90260631001374,87.72976680384087,10
371,Nick Jr. Smith,Charlotte Hornets,G,50,170,16,60,266.1,8,9,187.5,10,32,241.6,3,11,14,17,19,4,5,0,5,81,64,67,31,220.23268698060943,10.44875346260388,19.0387811634349,14.249307479224377,284.7340720221607,231.8282548476454,255.83102493074793,46.795013850415515,10
372,Nick Richards,Charlotte Hornets,C,92,288,39,59,646.5,14,20,400.0,0,1,0.0,28,63,91,4,27,5,11,8,-31,187,183,96,95,271.1111111111111,146.9111111111111,5.3,0.0,404.5,372.6,305.61111111111114,149.61111111111111,10
373,Nickeil Alexander-Walker,Minnesota Timberwolves,SG,113,268,41,84,486.4,13,15,533.3,18,42,408.3,8,19,27,28,13,6,10,6,43,168,140,141,55,404.82716049382714,40.231824417009605,31.77777777777778,23.865569272976682,516.5240054869685,489.65980795610415,399.1975308641975,104.50342935528121,10
374,Nicolas Batum,Philadelphia 76ers,PF,49,268,17,54,282.5,5,5,200.0,10,39,234.89999999999998,14,35,49,21,17,12,7,7,2,119,98,70,70,112.97530864197532,94.27777777777777,21.0,6.030864197530864,361.51234567901236,277.7345679012346,139.08641975308643,172.94444444444443,10
375,Nikola Jokic,Denver Nuggets,C,260,368,103,177,586.5,45,48,938.1,9,27,177.0,26,97,123,88,20,18,30,11,117,471,383,348,211,666.1006944444445,130.90277777777777,115.60069444444444,15.0,1143.236111111111,750.40625,943.7777777777777,361.65625,10
376,Nikola Jovic,Miami Heat,F,65,201,24,53,447.4,6,9,250.0,11,31,406.6,2,38,40,18,17,8,10,4,14,123,105,83,58,51.54671280276816,46.80276816608996,20.685121107266436,2.9584775086505193,224.07958477508652,151.77508650519033,98.36332179930795,92.9757785467128,10
377,Nikola Vucevic,Chicago Bulls,C,202,342,87,177,485.7,13,15,450.0,15,42,348.2,32,74,106,31,25,5,21,4,-46,339,308,233,137,501.63511659807955,66.9272976680384,17.087791495198903,6.668038408779149,739.8449931412894,663.8902606310014,588.1604938271605,73.44444444444444,10
378,Noah Clowney,Brooklyn Nets,F,8,41,3,6,50.0,0,0,0.0,0,2,0.0,3,4,7,5,2,2,1,0,-7,20,15,13,12,45.666666666666664,7.666666666666668,3.6666666666666674,0.037037037037037035,87.66666666666669,86.0,44.66666666666666,14.0,3
379,Norman Powell,LA Clippers,G,153,282,54,116,463.2,21,27,525.0,24,68,384.1,3,29,32,16,23,10,10,2,0,201,185,169,48,365.41617122473247,30.323424494649224,16.88703923900119,20.404280618311535,434.25326991676576,481.6373365041617,309.24494649227114,55.99762187871581,10
380,O.G. Anunoby,New York Knicks,SF,83,194,33,70,262.7,9,14,243.3,8,28,138.3,3,24,27,12,12,16,13,5,107,122,110,95,39,350.6296296296296,49.66666666666667,6.0,7.62962962962963,223.18518518518516,223.18518518518516,360.6296296296297,45.66666666666667,6
381,Obi Toppin,Indiana Pacers,PF,80,186,33,61,514.7,8,10,350.0,6,25,200.0,8,29,37,9,16,5,7,6,22,126,117,89,46,302.58263971462543,34.18668252080856,20.296076099881095,6.772889417360286,506.8133174791914,477.21878715814506,321.692033293698,64.96789536266348,10
382,Ochai Agbaji,Toronto Raptors,G,57,222,23,67,292.2,7,10,250.0,4,24,122.6,10,18,28,10,21,4,6,4,-61,95,85,67,38,221.125,58.184027777777786,8.01736111111111,2.600694444444444,413.0,411.7673611111111,229.93402777777783,58.625,10
383,Olivier Sarr,Oklahoma City Thunder,C,11,22,4,7,125.0,3,5,116.7,0,1,0.0,4,4,8,0,3,0,1,1,-14,19,19,11,8,34.92,6.920000000000002,0.0,0.0,59.68000000000001,59.68000000000001,34.92,6.920000000000002,3
384,OlivierMaxence Prosper,Dallas Mavericks,F,10,36,3,6,150.0,4,7,57.1,0,2,0.0,2,6,8,0,1,1,1,1,-14,18,18,10,8,25.76,12.0,0.0,0.0,72.16,72.16,25.76,12.0,4
385,Omer Yurtseven,Utah Jazz,C,33,65,15,21,269.0,3,5,150.0,0,1,0.0,10,12,22,3,8,1,3,6,-5,58,55,36,25,163.02958579881658,32.52662721893491,7.881656804733726,0.029585798816568053,314.1952662721893,266.1242603550296,200.6272189349113,50.88165680473373,5
386,Onuralp Bitim,Chicago Bulls,SF,56,169,22,46,480.3,3,4,150.0,9,26,273.4,5,19,24,9,13,2,5,2,1,89,80,65,33,239.7777777777778,59.511111111111106,5.177777777777778,9.799999999999999,464.1111111111111,465.6,236.60000000000002,66.37777777777778,10
387,Onyeka Okongwu,Atlanta Hawks,PF,146,301,59,87,686.7,20,25,592.9,8,16,433.3,34,44,78,11,31,5,6,15,26,235,224,157,89,236.51239669421489,139.6528925619835,8.900826446280991,5.652892561983471,571.9586776859504,571.702479338843,240.35537190082647,144.96694214876032,10
388,Orlando Robinson,Miami Heat,C,5,41,1,6,33.3,3,4,75.0,0,1,0.0,5,9,14,2,4,1,3,0,2,21,19,7,16,6.84,15.240000000000002,1.3600000000000003,0.0,27.56,21.0,7.56,22.439999999999998,4
389,Oscar Tshiebwe,Indiana Pacers,C,3,5,1,3,33.3,1,2,50.0,0,0,0.0,2,0,2,0,1,0,0,1,8,5,5,3,2,0.25,0.0,0.0,0.0,0.25,0.25,0.25,0.0,1
390,Oshae Brissett,Boston Celtics,SF,36,134,12,27,332.9,10,20,405.0,2,9,133.3,11,28,39,15,11,4,4,1,25,90,75,51,54,122.02500000000002,78.52499999999999,22.1,1.7000000000000002,422.1,285.0,237.125,122.625,10
391,Ousmane Dieng,Oklahoma City Thunder,F,28,90,10,25,324.4,4,4,200.0,4,14,220.0,1,7,8,14,3,3,6,3,16,50,36,42,22,108.0,6.0,17.5,4.0,209.5,150.0,163.5,27.5,8
392,P.J. Tucker,LA Clippers,PF,13,80,5,13,100.0,0,0,0.0,3,9,83.4,5,8,13,2,5,0,3,4,-19,28,26,15,15,52.80555555555556,19.25,3.2222222222222228,3.4722222222222223,146.0,111.88888888888889,73.25,36.138888888888886,5
393,P.J. Washington,Dallas Mavericks,PF,125,324,46,105,448.8,15,21,400.0,18,62,280.9,12,41,53,11,16,12,8,11,33,189,178,136,64,300.9591836734694,40.369897959183675,11.122448979591836,24.5,448.125,431.0331632653061,323.10204081632656,46.441326530612244,10
394,Paolo Banchero,Orlando Magic,PF,212,347,74,163,489.4,52,66,821.1,12,35,419.2,10,55,65,55,24,6,38,7,35,332,277,267,120,310.6465028355388,41.071833648393195,75.23818525519849,5.270321361058601,565.5047258979206,424.1493383742911,471.47258979206043,96.83931947069942,10
395,Pascal Siakam,Indiana Pacers,PF,204,323,83,158,525.0,31,37,746.8,7,25,179.1,23,62,85,37,25,8,13,7,-21,326,289,241,122,271.6860879904875,107.35671819262782,25.461355529131986,8.486325802615934,528.7728894173603,433.20927467300834,310.19381688466115,189.87395957193814,10
396,Pat Connaughton,Milwaukee Bucks,SG,75,244,24,57,415.6,14,16,625.0,13,40,329.6,5,21,26,18,9,7,5,3,-22,119,101,93,44,213.04444444444445,24.57777777777778,26.31111111111111,12.644444444444447,353.8,306.24444444444447,249.71111111111114,61.777777777777786,10
397,Patrick Baldwin Jr.,Washington Wizards,F,25,94,9,33,210.0,2,3,150.0,5,21,123.3,4,21,25,5,7,4,3,1,-13,55,50,30,30,60.875,34.90625,3.90625,4.0,53.0,50.53125,68.53125,33.625,8
398,Patrick Beverley,Milwaukee Bucks,PG,62,214,21,57,314.6,9,11,433.4,11,29,332.9,6,31,37,20,22,10,7,7,-15,119,99,82,57,177.09155766944113,81.12128418549345,30.565992865636144,9.0,472.60285374554104,408.9405469678954,252.9797859690844,99.46135552913198,10
399,Patrick Williams,Chicago Bulls,PF,6,24,2,9,22.2,2,2,100.0,0,5,0.0,0,6,6,2,5,0,2,2,-11,14,12,8,8,0.0,0.0,0.0,0.0,0.0,0.0,0.0,0.0,1
400,Patty Mills,Atlanta Hawks,PG,15,69,6,19,70.5,0,0,0.0,3,12,50.0,3,6,9,5,1,4,3,0,-22,29,24,20,14,137.0,7.50887573964497,7.449704142011834,7.508875739644971,228.50295857988166,159.27810650887574,199.3727810650888,21.810650887573964,6
401,Patty Mills,Miami Heat,PG,22,59,9,24,131.0,0,0,0.0,4,14,100.0,0,7,7,5,4,3,4,0,30,34,29,27,12,126.0,5.0828402366863905,6.78698224852071,6.852071005917161,118.28402366863907,151.85207100591717,91.71005917159763,12.591715976331361,4
402,Paul George,LA Clippers,F,213,363,75,151,504.1,29,37,569.6,34,76,447.7,3,49,52,41,24,10,24,7,36,306,265,254,93,276.91715976331363,16.177514792899405,66.90532544378698,25.056213017751478,395.6686390532544,279.28402366863907,385.4674556213018,90.9171597633136,10
403,Paul Reed,Philadelphia 76ers,SF,104,236,42,80,520.0,13,17,550.0,7,14,350.0,32,40,72,17,25,9,8,16,10,193,176,121,89,315.83673469387753,77.25765306122449,12.5,6.369897959183675,713.9413265306123,637.5841836734694,372.6224489795918,109.32908163265306,10
404,Payton Pritchard,Boston Celtics,PG,69,195,28,62,385.9,2,2,100.0,11,33,307.2,7,25,32,22,13,6,11,0,42,123,101,91,54,342.776,52.384,64.176,13.400000000000002,881.576,524.504,599.304,217.104,10
405,Peyton Watson,Denver Nuggets,F,66,189,29,66,429.0,5,11,150.0,3,23,158.3,4,25,29,11,14,4,7,11,1,106,95,77,40,129.024,28.264,15.096,2.584,262.0,246.37599999999998,136.82399999999998,51.184,10
406,Precious Achiuwa,New York Knicks,PF,93,289,37,73,518.6,15,24,420.8,4,14,183.3,28,51,79,17,25,11,18,20,33,189,172,110,96,287.14540466392316,85.96021947873798,18.10013717421125,4.408779149519891,431.6227709190672,400.2112482853223,301.08641975308643,121.53086419753085,10
407,Quentin Grimes,Detroit Pistons,SG,82,213,26,80,296.2,19,24,525.0,11,50,200.0,2,27,29,19,13,7,9,4,-12,130,111,101,48,314.44444444444446,36.5,15.0,11.0,446.94444444444446,489.6111111111111,278.77777777777777,44.5,10
408,R. Rupert,Portland Trail Blazers,G,28,115,9,24,338.1,4,4,200.0,6,13,325.0,7,11,18,10,14,3,7,0,-19,56,46,38,28,134.21487603305786,24.669421487603305,11.0,8.132231404958677,236.85950413223145,242.76859504132236,129.76033057851242,34.214876033057855,9
409,RJ Barrett,Toronto Raptors,SG,208,328,85,152,559.5,20,43,406.1,18,37,425.0,9,42,51,46,22,5,28,4,-39,305,259,254,97,255.64444444444445,58.24444444444445,50.577777777777776,15.777777777777777,454.77777777777777,307.8,398.8,112.64444444444445,10
410,Reggie Bullock,Houston Rockets,SF,28,103,10,21,441.6,0,0,0.0,8,18,399.9,1,17,18,2,3,5,3,0,22,48,46,30,20,27.290657439446367,28.03114186851211,1.5570934256055362,3.41522491349481,54.99653979238755,52.06228373702423,28.238754325259517,31.574394463667822,9
411,Reggie Jackson,Denver Nuggets,PG,52,159,22,65,313.5,0,0,0.0,8,26,343.3,1,10,11,19,15,1,7,1,16,82,63,71,30,120.00000000000001,5.815999999999999,19.624000000000002,3.616,208.33599999999998,151.17599999999996,172.10399999999996,30.49600000000001,10
412,Richaun Holmes,Washington Wizards,F,66,168,27,47,517.2,11,13,400.0,1,2,100.0,15,27,42,5,23,6,4,4,-17,113,108,71,47,248.44444444444446,81.75308641975307,4.777777777777778,0.9197530864197531,574.5308641975308,538.1234567901234,277.0,94.38271604938271,10
413,Ricky IV Council,Philadelphia 76ers,G,71,131,24,56,394.0,22,31,592.5,1,13,25.0,7,20,27,5,7,0,3,1,-18,103,98,76,32,389.141975308642,90.94444444444446,4.623456790123457,1.0493827160493827,888.5,808.3456790123457,449.1111111111112,115.75308641975309,10
414,Robin Lopez,Milwaukee Bucks,C,6,23,3,9,37.5,0,0,0.0,0,2,0.0,1,0,1,1,3,1,0,2,-16,8,7,7,2,21.92,0.52,0.6800000000000002,0.0,24.48,29.0,18.28,0.32000000000000006,2
415,Royce O'Neale,Phoenix Suns,PF,73,294,26,79,341.5,4,4,200.0,17,56,327.5,7,45,52,39,19,7,7,5,27,164,125,112,91,316.75308641975306,48.351165980795614,46.67626886145405,16.61042524005487,610.5816186556926,532.5034293552812,374.48285322359396,115.37585733882031,10
416,Rudy Gobert,Minnesota Timberwolves,C,130,361,53,82,648.8,24,35,555.0,0,1,0.0,44,102,146,14,37,7,16,26,30,290,276,144,160,280.8884688090737,113.97731568998108,12.41209829867675,0.0,438.07561436672967,478.54820415879016,232.02646502835537,134.77882797731567,10
417,Rui Hachimura,Los Angeles Lakers,PF,158,310,69,122,559.1,4,7,250.0,16,37,431.7,6,27,33,12,17,5,7,2,-31,203,191,170,45,415.42112482853224,32.01783264746228,9.626886145404665,12.40877914951989,348.4567901234568,359.0877914951989,402.639231824417,43.795610425240056,10
418,Russell Westbrook,LA Clippers,PG,93,216,37,98,389.9,15,21,523.3,4,26,95.0,8,19,27,29,17,13,15,1,-10,149,120,122,56,193.55363321799308,25.844290657439448,33.636678200692046,4.7543252595155705,366.9792387543252,307.43252595155707,227.9515570934256,84.62975778546712,10
419,Ryan Arcidiacono,New York Knicks,G,0,5,0,1,0.0,0,0,0.0,0,1,0.0,0,0,0,0,1,1,0,0,3,0,0,0,0,0.0,0.0625,0.0,0.0,0.0625,0.0625,0.0,0.0625,1
420,Saben Lee,Phoenix Suns,G,35,98,9,28,194.29999999999998,15,20,416.7,2,9,83.3,3,15,18,17,6,4,2,0,11,70,53,52,35,190.68,24.479999999999997,5.720000000000001,1.5200000000000005,336.32,336.0,189.68,31.519999999999996,8
421,Saddiq Bey,Atlanta Hawks,SF,146,337,48,125,372.4,31,35,800.0,19,59,298.4,29,32,61,14,7,4,10,4,-23,221,207,160,75,398.90000000000003,67.125,9.625,14.9,439.4000000000001,478.32500000000005,362.225,74.5,10
422,Sam Hauser,Boston Celtics,SF,79,197,28,61,469.2,0,0,0.0,23,52,455.8,3,32,35,7,13,5,2,7,71,121,114,86,42,382.264,29.416,6.424,30.2,403.384,392.416,390.176,38.896,10
423,Sam Merrill,Cleveland Cavaliers,SG,82,226,26,77,326.6,5,5,300.0,25,74,300.8,3,24,27,25,12,2,3,2,14,134,109,107,52,372.5828402366864,48.476331360946745,62.633136094674555,46.73668639053254,631.905325443787,499.4852071005917,518.4763313609467,97.6360946745562,10
424,Samardo Samuels,Houston Rockets,F,0,6,0,1,0.0,0,0,0.0,0,0,0.0,1,1,2,0,0,0,0,0,-5,2,2,0,2,1.44,1.9599999999999997,0.0,0.0,0.03999999999999998,0.03999999999999998,1.44,1.9599999999999997,1
425,Sandro Mamukelashvili,San Antonio Spurs,PF,20,47,10,16,296.7,0,1,0.0,0,2,0.0,8,3,11,5,5,2,0,0,21,36,31,25,16,58.559999999999995,12.893333333333334,6.84,0.0,132.0,91.24,83.69333333333333,35.36000000000001,6
426,Santi Aldama,Memphis Grizzlies,PF,121,316,47,105,464.0,10,16,375.0,17,49,319.3,13,43,56,25,16,8,16,13,-86,202,177,146,81,216.98399999999998,18.543999999999997,41.656,24.200000000000003,366.736,244.2,348.33599999999996,51.384,10
427,Sasha Vezenkov,Sacramento Kings,F,9,22,2,7,28.6,3,3,100.0,2,4,50.0,0,1,1,1,4,1,0,0,24,11,10,10,2,4.5,0.5,0.5,2.0,4.5,2.0,8.0,0.0,2
428,Scoot Henderson,Portland Trail Blazers,G,139,283,46,116,401.9,37,40,850.0,10,40,246.2,8,24,32,52,32,6,26,1,-88,223,171,191,84,453.0,79.7,70.5,8.025,742.9999999999999,626.8999999999999,506.5,212.8,10
429,Scottie Barnes,Toronto Raptors,SF,179,333,70,155,460.1,33,39,674.9,6,36,159.89999999999998,28,63,91,75,18,13,31,14,21,345,270,254,166,391.6640625,102.8515625,85.6640625,4.8515625,827.2890625,587.40625,576.65625,243.40625,10
430,Scotty Pippen Jr.,Memphis Grizzlies,G,90,203,31,65,366.4,15,22,340.4,13,25,455.0,8,22,30,45,23,10,17,5,-9,165,120,135,75,177.12,17.52,34.0,6.72,257.68,247.28000000000003,188.32,50.72000000000001,8
431,Seth Curry,Charlotte Hornets,SG,81,181,29,67,372.5,14,15,566.7,9,31,256.6,4,15,19,17,7,5,7,3,-33,117,100,98,36,233.0,12.900826446280993,16.140495867768593,4.900826446280991,334.3388429752066,276.08264462809916,269.8677685950413,50.429752066115704,10
432,Shai Gilgeous-Alexander,Oklahoma City Thunder,PG,295,343,106,204,517.3,67,81,827.2,16,46,381.0,9,56,65,49,27,15,22,11,66,409,360,344,114,378.90000000000003,58.900000000000006,46.94444444444446,24.444444444444446,575.7444444444444,429.6,537.1111111111111,93.77777777777779,10
433,Shake Milton,New York Knicks,SG,40,105,17,39,321.1,2,3,66.7,4,11,150.0,9,13,22,11,6,3,5,2,-16,73,62,51,33,109.48000000000002,70.72,17.27,7.920000000000001,423.83000000000004,324.52,167.02999999999997,129.75,7
434,Simone Fontecchio,Detroit Pistons,F,157,305,55,113,469.4,18,20,516.7,29,63,424.6,6,38,44,15,18,10,15,3,8,216,201,172,59,520.904,28.416,14.600000000000001,30.344,632.8159999999999,587.336,558.464,50.936,10
435,Skylar Mays,Los Angeles Lakers,SG,6,29,3,8,120.0,0,0,0.0,0,3,0.0,0,1,1,2,1,1,1,1,0,9,7,8,3,14.347107438016529,0.6694214876033058,2.942148760330578,0.0,10.950413223140497,14.752066115702478,11.93388429752066,2.2231404958677685,3
436,Spencer Dinwiddie,Los Angeles Lakers,PG,45,227,14,37,380.0,8,11,316.7,9,24,366.7,1,12,13,23,16,2,7,3,1,81,58,68,36,115.33600000000001,6.199999999999999,37.336,4.936000000000001,215.0,128.416,197.60000000000002,47.855999999999995,10
437,Stanley Umude,Detroit Pistons,G,22,75,7,21,107.5,3,3,200.0,5,13,158.3,3,9,12,1,9,4,2,1,-7,35,34,23,13,135.3125,29.453125,0.828125,6.078125,185.25,195.703125,127.828125,27.3125,5
438,Stephen Curry,Golden State Warriors,PG,220,298,78,199,377.9,23,26,742.5,41,124,314.6,7,37,44,44,9,8,25,1,45,308,264,264,88,1083.1111111111113,105.35069444444444,48.0,77.15625,1747.90625,1547.40625,1317.1111111111106,119.85069444444444,10
439,Svi Mykhailiuk,Boston Celtics,SG,22,47,8,20,167.5,0,0,0.0,6,16,113.3,2,5,7,6,1,2,1,0,34,35,29,28,13,42.040000000000006,11.64,6.960000000000001,4.44,141.16,93.0,76.44,32.36,4
440,T.J. McConnell,Indiana Pacers,PG,126,197,57,101,547.2,7,8,250.0,5,7,350.0,8,24,32,44,11,15,11,1,55,202,158,170,76,333.1005917159763,33.13905325443787,59.553254437869825,4.5,506.2130177514793,407.97928994082844,425.34023668639054,98.68639053254438,10
441,T.J. Warren,Minnesota Timberwolves,SF,21,80,10,26,227.9,0,0,0.0,1,8,33.3,3,9,12,5,10,2,3,0,33,38,33,26,17,24.203125,14.0,4.078125,0.828125,35.25,42.703125,13.25,21.578125,5
442,Taj Gibson,New York Knicks,F,2,68,0,9,0.0,2,2,100.0,0,2,0.0,4,6,10,4,8,1,3,0,2,16,12,6,14,3.2222222222222223,10.555555555555554,0.888888888888889,0.0,16.222222222222225,10.0,5.0,15.88888888888889,5
443,Talen Horton-Tucker,Utah Jazz,SG,69,151,21,62,341.2,17,18,600.0,10,29,389.9,5,17,22,26,12,6,5,5,-54,117,91,95,48,86.5,51.7890625,35.2265625,2.15625,298.90625,193.7890625,175.2265625,103.40625,10
444,Taurean Prince,Los Angeles Lakers,PF,63,193,24,55,490.20000000000005,2,2,100.0,13,32,346.7,3,23,26,11,10,4,5,5,-11,100,89,74,37,145.93827160493828,33.46227709190672,11.285322359396432,16.21536351165981,286.0,267.4334705075446,160.42524005486968,48.827160493827165,10
445,Taylor Hendricks,Utah Jazz,F,85,235,33,70,550.6,7,9,325.0,12,39,385.3,17,53,70,7,29,6,5,8,-41,162,155,92,77,127.12244897959184,120.81632653061224,2.13265306122449,5.76530612244898,332.5,298.63265306122446,151.31632653061226,132.62244897959184,10
446,Taze Moore,Portland Trail Blazers,G,2,5,1,1,100.0,0,0,0.0,0,0,0.0,0,0,0,1,0,0,1,0,7,3,2,3,1,1.44,0.0,0.6400000000000001,0.0,4.0,1.44,4.0,0.6400000000000001,1
447,Terance Mann,LA Clippers,SG,104,249,40,69,598.9,14,14,700.0,10,25,328.5,8,23,31,8,20,6,4,2,-7,143,135,112,39,179.7777777777778,20.77777777777778,9.2,10.044444444444444,247.0,219.4,191.77777777777777,45.57777777777778,10
448,Terquavion Smith,Philadelphia 76ers,G,40,59,14,34,241.1,2,3,100.0,10,26,216.6,0,2,2,10,3,7,4,0,9,52,42,50,12,186.96296296296296,1.4074074074074074,17.185185185185183,17.185185185185183,177.40740740740742,184.66666666666663,179.62962962962965,18.666666666666668,6
449,Terry Rozier,Miami Heat,SG,171,328,66,146,455.5,25,29,647.7,14,48,258.3,6,38,44,53,16,9,15,3,-35,268,215,224,97,195.02267573696147,22.458049886621314,70.3469387755102,24.839002267573697,411.11111111111103,259.55328798185934,363.2199546485261,76.16553287981858,10
450,Terry Taylor,Chicago Bulls,F,11,46,4,8,275.0,1,2,50.0,2,3,150.0,2,10,12,3,1,1,0,0,-17,26,23,14,15,12.183673469387756,27.795918367346943,3.0,1.5102040816326534,86.0816326530612,68.79591836734693,17.755102040816325,42.51020408163266,4
451,Thaddeus Young,Phoenix Suns,F,6,29,3,6,100.0,0,2,0.0,0,0,0.0,7,3,10,0,4,1,1,0,3,16,16,6,10,12.125,20.347222222222225,5.555555555555556,0.0,24.055555555555564,10.722222222222218,32.68055555555556,18.680555555555554,2
452,Thaddeus Young,Phoenix Suns,PF,53,152,26,34,569.9,1,5,50.0,0,2,0.0,15,20,35,18,15,3,4,2,-39,106,88,71,53,177.4375,30.215277777777782,33.444444444444436,0.0,488.861111111111,280.86111111111114,343.7152777777777,105.38194444444446,7
453,Thanasis Antetokounmpo,Milwaukee Bucks,SF,10,48,5,11,266.7,0,2,0.0,0,1,0.0,2,1,3,4,8,1,3,1,-18,17,13,14,7,12.473372781065088,1.5798816568047338,2.1065088757396446,0.0,19.80473372781065,16.65680473372781,15.124260355029586,4.183431952662722,6
454,Theo Maledon,Phoenix Suns,PG,5,10,1,2,50.0,3,3,100.0,0,0,0.0,0,1,1,0,3,0,3,0,-11,6,6,5,1,14.0625,0.5625,0.0,0.0,20.25,20.25,14.0625,0.5625,1
455,Thomas Bryant,Miami Heat,C,29,67,12,20,245.8,5,7,225.0,0,6,0.0,6,11,17,3,5,0,0,4,-18,49,46,32,20,117.07407407407408,39.74074074074074,3.666666666666667,0.0,297.0,287.3333333333333,122.51851851851852,47.62962962962963,6
456,Tim Hardaway Jr.,Dallas Mavericks,SF,98,201,33,88,354.6,12,16,500.0,20,57,288.9,3,22,25,19,9,3,4,1,28,142,123,117,44,504.5,79.24744897959184,16.900510204081634,32.5,969.1020408163266,880.1045918367347,580.6147959183673,109.03061224489795,10
457,Tobias Harris,Philadelphia 76ers,PF,155,338,63,146,400.2,15,20,633.3,14,46,249.4,13,58,71,21,13,12,9,7,-39,247,226,176,92,755.4580498866213,122.21995464852608,29.0,24.839002267573694,1300.111111111111,1113.111111111111,899.0294784580499,194.6485260770975,10
458,Torrey Craig,Chicago Bulls,SF,55,197,19,44,351.6,3,6,150.0,14,36,312.1,8,26,34,14,15,3,7,4,-40,103,89,69,48,167.7890625,46.1015625,20.4765625,14.90625,423.3515625,360.65625,214.40625,82.65625,10
459,Tosan Evbuomwan,Detroit Pistons,F,17,90,7,18,314.3,0,0,0.0,3,9,183.3,8,8,16,6,6,1,1,1,-34,39,33,23,22,17.84375,110.0,8.375,1.59375,213.34375,148.84375,34.34375,166.375,6
460,Toumani Camara,Portland Trail Blazers,F,89,292,32,71,425.0,15,18,500.0,10,25,328.3,27,32,59,20,24,7,10,6,8,168,148,109,79,301.8188775510204,79.0,18.31887755102041,10.625,644.5,580.6045918367347,356.5,106.53316326530613,10
461,Trae Young,Atlanta Hawks,PG,235,370,76,173,432.4,45,55,813.4,38,93,399.0,2,18,20,109,22,11,45,2,-38,364,255,344,129,758.2361111111111,12.069444444444445,83.0,45.06944444444444,786.5,622.5,926.4027777777778,90.90277777777777,10
462,Trayce JacksonDavis,Golden State Warriors,F,95,191,42,53,825.5,11,21,461.7,0,0,0.0,21,32,53,15,19,3,7,13,-6,163,148,110,68,119.48224852071007,87.32840236686391,29.446745562130175,0.0,435.35207100591714,335.62130177514797,181.76331360946742,154.2248520710059,10
463,Tre Jones,San Antonio Spurs,PG,96,295,34,61,551.9,16,19,558.3,12,25,342.1,6,40,46,76,12,10,19,1,39,218,142,172,122,478.9023668639053,40.08284023668639,67.55325443786982,21.609467455621303,547.6094674556213,512.4171597633136,472.8284023668639,148.9023668639053,10
464,Tre Mann,Charlotte Hornets,PG,117,318,44,100,436.59999999999997,16,25,557.1,13,39,278.3,6,41,47,39,21,19,14,0,-53,203,164,156,86,235.64197530864197,34.11111111111111,40.77777777777777,8.179012345679013,500.9012345679012,387.38271604938274,334.2716049382716,89.77777777777776,10
465,Trendon Watford,Brooklyn Nets,PF,81,149,26,57,549.9,25,27,635.7,4,12,200.0,9,21,30,3,20,2,10,6,-61,114,111,84,33,295.0,69.22500000000001,2.125,4.625,516.4,483.925,330.62499999999994,68.2,10
466,Trent Forrest,Atlanta Hawks,G,19,104,8,17,275.0,3,4,150.0,0,1,0.0,1,7,8,26,8,2,3,1,-21,53,27,45,34,65.88775510204081,9.673469387755102,32.744897959183675,0.0,117.81632653061224,94.62244897959182,101.0,30.5,10
467,Trevelin Queen,Orlando Magic,SG,0,13,0,3,0.0,0,0,0.0,0,2,0.0,0,1,1,1,1,0,0,0,-17,2,1,1,2,0.0,0.5555555555555556,0.5555555555555556,0.0,0.22222222222222227,0.5555555555555556,0.5555555555555556,0.22222222222222227,2
468,Trey Jemison,Memphis Grizzlies,C,77,219,34,55,521.0,9,12,450.0,0,0,0.0,22,25,47,9,33,5,14,10,-6,133,124,86,56,494.5346260387812,30.246537396121884,7.365650969529087,0.0,641.1385041551247,675.1966759002769,458.5540166204986,39.53462603878116,10
469,Trey Lyles,Sacramento Kings,PF,53,186,18,46,392.9,12,16,625.0,5,22,236.7,11,28,39,8,19,0,7,3,1,100,92,61,47,95.22684310018903,15.03780718336484,7.606805293005671,6.474480151228732,174.82041587901702,123.7920604914934,130.7164461247637,38.183364839319474,10
470,Trey Murphy III,New Orleans Pelicans,SG,191,314,64,126,486.7,19,25,683.4,44,97,420.1,9,48,57,32,11,7,4,3,81,280,248,223,89,967.4444444444446,69.19753086419753,40.44993141289438,82.97668038408779,1242.9108367626886,1274.7160493827162,940.906721536351,104.37997256515774,10
471,Tristan Thompson,Cleveland Cavaliers,C,5,15,2,3,66.7,1,2,50.0,0,0,0.0,3,2,5,1,2,1,2,0,-6,11,10,6,6,0.0,0.0,0.0,0.0,0.0,0.0,0.0,0.0,1
472,Troy Brown Jr.,Detroit Pistons,SF,30,95,11,30,232.9,2,2,100.0,6,18,206.6,2,16,18,8,6,1,3,0,-31,56,48,38,26,68.0,22.480000000000004,8.080000000000002,3.6799999999999997,185.52,143.68,105.27999999999999,35.120000000000005,8
473,TyTy Washington Jr.,Milwaukee Bucks,G,0,8,0,2,0.0,0,0,0.0,0,1,0.0,0,0,0,1,0,0,0,0,-4,1,0,1,1,0.0,0.0,0.44444444444444453,0.0,0.44444444444444453,0.0,0.44444444444444453,0.44444444444444453,1
474,Tyler Herro,Miami Heat,PG,183,325,71,166,433.4,10,13,333.4,31,80,406.0,3,46,49,50,11,0,13,1,35,282,232,233,99,148.11111111111111,40.94444444444444,28.069444444444443,12.944444444444445,309.7361111111111,207.61111111111111,206.125,113.125,10
475,Tyrese Haliburton,Indiana Pacers,PG,149,335,56,140,376.0,23,26,541.7,14,70,190.6,4,38,42,93,8,8,23,7,-23,284,191,242,135,401.736,48.304,136.10399999999998,12.703999999999999,972.0,522.664,882.0640000000001,153.416,10
476,Tyrese Maxey,Philadelphia 76ers,PG,279,376,97,213,457.3,53,56,925.0,32,82,384.7,6,36,42,49,18,9,21,2,-46,370,321,328,91,277.29999999999995,33.2,15.125,15.6,464.225,405.30000000000007,316.62499999999994,67.925,10
477,Tyus Jones,Washington Wizards,PG,91,313,36,84,402.0,4,4,300.0,15,43,360.8,3,22,25,97,4,9,13,2,-70,213,116,188,122,334.55102040816325,43.775510204081634,160.36989795918367,20.614795918367346,769.125,532.8163265306123,534.6862244897959,240.3188775510204,10
478,Udoka Azubuike,Phoenix Suns,C,2,11,1,3,33.3,0,2,0.0,0,0,0.0,2,4,6,0,1,0,0,0,-3,8,8,2,6,1.7777777777777781,13.444444444444443,0.0,0.0,25.0,25.0,1.7777777777777781,13.444444444444443,1
479,Vasilije Micic,Charlotte Hornets,G,142,298,53,110,470.5,24,27,744.5,12,39,263.3,6,18,24,59,12,10,29,2,-51,225,166,201,83,520.1950059453033,42.47324613555292,60.40071343638525,23.771700356718195,697.218787158145,599.3935790725326,596.5053507728893,124.38882282996435,10
480,Victor Wembanyama,San Antonio Spurs,C,211,312,72,160,445.9,44,56,723.0,23,61,384.4,23,92,115,46,26,20,32,44,25,372,326,257,161,448.376,33.895999999999994,40.976,15.0,739.456,572.0,603.704,87.0,10
481,Vince Williams Jr.,Memphis Grizzlies,G,127,336,42,92,459.70000000000005,30,38,723.3,13,34,328.8,8,54,62,61,30,12,34,9,-54,250,189,188,123,231.93628808864267,72.8808864265928,35.61495844875347,18.00831024930748,492.2326869806094,474.07479224376726,226.76454293628805,131.82548476454295,10
482,Vit Krejci,Atlanta Hawks,G,15,104,5,17,123.3,1,2,50.0,4,13,125.0,2,3,5,12,7,5,2,2,-2,32,20,27,17,15.123456790123456,3.0,10.0,2.049382716049383,35.679012345679006,27.23456790123457,21.5679012345679,15.0,4
483,Walker Kessler,Utah Jazz,C,74,244,33,58,615.9,8,11,400.0,0,3,0.0,30,50,80,10,18,6,11,19,-97,164,154,84,90,159.37996219281663,77.89035916824197,6.01890359168242,0.0,344.6616257088847,345.992438563327,159.6710775047259,82.28733459357278,10
484,Wendell Carter Jr.,Orlando Magic,C,126,268,45,85,536.0,23,33,531.7,13,35,338.4,33,56,89,19,22,6,15,8,15,234,215,145,108,166.76736111111111,86.7673611111111,5.125,8.100694444444445,332.94444444444446,300.56944444444446,192.51736111111111,98.51736111111113,10
485,Wendell Moore Jr.,Minnesota Timberwolves,G,2,5,1,1,100.0,0,0,0.0,0,0,0.0,0,2,2,0,1,0,0,0,8,4,4,2,2,2.5600000000000005,2.8899999999999997,0.010000000000000002,0.0,10.240000000000002,10.889999999999999,2.25,2.5600000000000005,1
486,Wenyen Gabriel,Memphis Grizzlies,F,17,81,8,22,168.3,0,5,0.0,1,6,50.0,7,18,25,3,10,2,8,2,-16,45,42,20,28,35.25,4.449999999999999,3.25,0.8499999999999999,34.05,45.4,26.200000000000003,5.3999999999999995,5
487,Wesley Matthews,Atlanta Hawks,SG,30,69,10,21,327.6,2,3,100.0,8,14,365.0,0,10,10,2,4,1,0,4,-15,42,40,32,12,98.06,20.14,1.36,5.34,178.96,164.64000000000004,111.33999999999997,22.54,6
488,Xavier Tillman,Boston Celtics,F,51,176,20,38,501.1,7,12,250.0,4,10,283.3,12,24,36,10,16,8,1,9,-7,97,87,61,46,44.14792899408284,30.85207100591716,7.0,2.301775147928994,119.59763313609467,94.28994082840237,68.07100591715977,39.23668639053255,9
489,Yuta Watanabe,Memphis Grizzlies,SF,22,97,10,24,250.0,0,2,0.0,2,12,64.3,0,11,11,5,6,5,4,0,-36,38,33,27,16,115.08000000000001,11.27,3.75,1.4800000000000004,136.28,131.43,116.23000000000002,18.72,7
490,Zach Collins,San Antonio Spurs,PF,113,185,45,89,515.8,14,24,461.7,9,15,583.4,17,32,49,22,24,4,20,10,-50,184,162,135,71,284.77777777777777,86.11111111111111,26.0,6.184027777777779,677.1111111111112,541.7777777777778,389.4444444444444,142.7777777777778,10
491,Zeke Nnaji,Denver Nuggets,PF,20,103,5,18,283.3,10,12,400.0,0,2,0.0,9,10,19,5,11,2,2,11,-9,44,39,25,24,48.0,15.321329639889196,6.839335180055403,0.0,127.70637119113574,93.42659279778394,70.52354570637118,33.91689750692521,10
492,Ziaire Williams,Memphis Grizzlies,F,103,270,39,94,389.0,13,16,421.4,12,46,213.7,6,38,44,20,15,12,15,0,-39,167,147,123,64,552.1,32.4,24.0,17.599999999999998,788.1,632.1,714.1,50.4,10
493,Zion Williamson,New Orleans Pelicans,PF,230,316,91,154,585.0,47,64,715.3,1,3,50.0,19,52,71,54,19,8,26,13,69,355,301,284,125,575.3439999999999,81.256,82.656,0.9359999999999999,581.736,787.784,393.98400000000004,139.224,10
