,First Last Name,team,position,points,minutes,fgm,fga,fgp,ftm,fta,ftp,tpm,tpa,tpp,offReb,defReb,totReb,assists,pFouls,steals,turnovers,blocks,plusMinus,Points_Rebounds_Assist,Points_Rebounds,Points_Assist,Rebounds_Assist,points_deviation,totReb_deviation,assists_deviation,tpm_deviation,Points_Rebounds_Assist_deviation,Points_Rebounds_deviation,Points_Assist_deviation,Rebounds_Assist_deviation,count
0,A. Flagler,Oklahoma City Thunder,F,0,6,0,3,0.0,0,0,0.0,0,3,0.0,0,0,0,1,0,0,0,0,0,1,0,1,1,0.0,0.0,0.0,0.0,0.0,0.0,0.0,0.0,1
1,A.J. Green,Milwaukee Bucks,G,52,141,16,40,371.5,7,8,266.7,13,33,339.3,2,15,17,6,9,3,4,0,18,75,69,58,23,291.5147928994083,16.103221564760023,9.254437869822485,26.301775147928993,401.8231426692965,403.2984878369494,290.5443786982248,24.852728468113085,10
2,A.J. Lawson,Dallas Mavericks,G,26,47,11,24,323.3,2,6,100.0,2,8,100.0,2,7,9,3,5,1,0,1,2,38,35,29,12,46.26063100137175,8.382716049382717,2.2647462277091908,1.7421124828532237,71.11111111111113,63.10425240054869,50.67901234567901,14.23593964334705,7
3,Aaron Gordon,Denver Nuggets,PF,140,317,57,102,647.5,23,33,596.7,3,15,108.3,26,39,65,41,20,4,13,4,52,246,205,181,106,236.0390625,121.90625,60.9765625,2.1015625,379.15625,536.4140625,139.125,122.5390625,10
4,Aaron Holiday,Houston Rockets,G,60,149,21,53,346.0,12,12,400.0,6,23,228.3,4,9,13,21,15,7,2,1,41,94,73,81,34,214.0,10.121301775147929,33.6042899408284,10.157544378698224,357.60133136094674,287.0443786982249,284.9119822485207,43.37056213017752,10
5,Aaron Nesmith,Indiana Pacers,SF,118,307,39,99,405.7,20,20,700.0,20,54,380.1,7,30,37,18,38,5,6,12,54,173,155,136,55,128.34567901234567,12.45679012345679,15.027160493827159,10.079012345679011,143.86419753086423,132.20493827160493,131.77777777777777,35.71111111111111,10
6,Aaron Wiggins,Oklahoma City Thunder,SG,57,155,23,38,580.8,6,9,180.0,5,12,200.0,10,11,21,11,5,6,10,5,-21,89,78,68,32,178.56184922948773,10.970012494793835,8.963348604748022,7.775510204081632,241.45314452311538,256.0,174.34818825489378,9.600166597251146,10
7,Admiral Schofield,Orlando Magic,SF,5,11,2,4,66.7,0,0,0.0,1,2,100.0,0,2,2,0,1,1,0,0,-11,7,7,5,2,15.131487889273355,0.02768166089965399,0.006920415224913495,0.5847750865051903,15.408304498269898,15.698961937716263,14.868512110726641,0.006920415224913498,2
8,Al Horford,Boston Celtics,C,112,283,41,76,569.3,8,8,400.0,22,45,499.3,14,43,57,23,17,9,9,6,84,192,169,135,80,465.94459833795014,79.5360110803324,22.113573407202217,33.61357340720222,566.4279778393352,532.3504155124654,508.50138504155126,93.17036011080333,10
9,Alec Burks,New York Knicks,SG,71,129,23,72,280.0,14,19,446.4,11,40,257.5,3,15,18,9,2,3,4,0,-8,98,89,80,27,291.6373966942149,21.038223140495866,3.264462809917355,9.09194214876033,498.97520661157023,450.1570247933885,330.61673553719004,34.14152892561983,10
10,Aleksej Pokusevski,Charlotte Hornets,F,60,177,22,47,482.9,11,14,416.7,5,16,266.6,9,29,38,19,9,10,8,6,-51,117,98,79,57,86.57550535077289,27.577883472057074,12.895362663495838,2.2306777645659928,208.68489892984542,169.71343638525565,116.0154577883472,50.00475624256837,9
11,Aleksej Pokusevski,Oklahoma City Thunder,F,0,6,0,1,0.0,0,0,0.0,0,1,0.0,0,0,0,0,0,0,0,0,0,0,0,0,0,41.136741973840664,17.409036860879905,4.5707491082045175,0.34363852556480373,161.90368608799048,112.06777645659929,73.13198573127228,39.820451843044,1
12,Alex Caruso,Chicago Bulls,SG,124,320,44,93,449.6,11,16,375.0,25,55,447.5,8,35,43,50,27,21,12,5,5,217,167,174,93,298.5,38.583999999999996,25.183999999999997,23.176,551.7159999999999,401.524,425.524,86.936,10
13,Alex Len,Sacramento Kings,C,39,99,14,18,616.7,11,13,525.0,0,0,0.0,6,16,22,8,15,2,3,11,23,69,61,47,30,56.678638941398866,24.053875236294896,13.668241965973534,0.0,157.7485822306238,113.33553875236296,96.64366729678638,42.17013232514178,10
14,Alondes Williams,Miami Heat,G,0,6,0,1,0.0,0,0,0.0,0,1,0.0,0,1,1,0,0,0,1,0,-2,1,1,0,1,3.24,0.6400000000000001,0.0,0.0,1.0,1.0,3.24,0.6400000000000001,1
15,Alperen Sengun,Houston Rockets,C,209,324,81,157,512.7,43,68,622.9,4,12,200.0,39,68,107,45,36,16,26,7,2,361,316,254,152,847.1723356009071,197.81632653061226,123.77551020408163,4.408163265306122,1935.0226757369614,1622.4580498866212,993.7777777777778,487.5510204081633,10
16,Amari Bailey,Charlotte Hornets,G,2,6,1,3,33.3,0,0,0.0,0,2,0.0,0,0,0,1,0,1,0,0,7,3,2,3,1,2.25,0.0,0.47265625,0.0,4.78515625,2.25,4.78515625,0.47265625,1
17,Amen Thompson,Houston Rockets,F,154,278,65,104,651.1,23,30,604.7,1,6,100.0,34,54,88,26,25,11,13,7,105,268,242,180,114,521.4019223923104,86.80526877892488,31.117835528657885,0.9060163759344964,902.9469562121752,864.5674617301529,503.2417230331079,174.4627981488074,10
18,Amir Coffey,LA Clippers,SG,76,245,28,60,462.0,4,5,250.0,16,37,376.7,4,26,30,20,18,4,7,3,-49,126,106,96,50,187.40606420927466,86.52140309155767,15.712247324613553,20.083828775267538,459.115338882283,345.3008323424494,277.65576694411413,125.79845422116527,10
19,Andre Drummond,Chicago Bulls,C,87,160,31,56,523.9,25,34,692.5,0,0,0.0,30,55,85,7,13,5,7,4,14,179,172,94,92,193.5332840236686,62.77514792899408,8.580621301775148,0.0,427.0207100591716,357.55399408284023,242.86686390532543,91.4889053254438,10
20,Andre Jr. Jackson,Milwaukee Bucks,G,10,69,4,9,333.3,0,0,0.0,2,5,200.0,3,9,12,10,6,3,3,0,-10,32,22,20,22,14.074074074074076,6.166666666666668,6.240740740740741,1.6296296296296295,31.851851851851848,30.01851851851852,17.129629629629633,11.185185185185185,6
21,Andrew Nembhard,Indiana Pacers,PG,104,289,43,81,494.5,7,9,250.0,11,31,358.3,3,21,24,33,26,7,9,1,13,161,128,137,57,280.0,34.49626201495194,20.000355998576005,6.901744393022428,551.5881096475614,442.1189035243859,377.0946956212175,66.87112851548594,10
22,Andrew Wiggins,Golden State Warriors,SF,152,280,57,120,477.9,21,28,451.4,17,42,395.0,20,41,61,11,17,5,10,7,21,224,213,163,72,257.93860946745565,32.890532544378694,8.071745562130177,12.121301775147929,388.5,331.53328402366867,306.15976331360946,49.70784023668639,10
23,Anfernee Simons,Portland Trail Blazers,SG,234,361,80,177,436.7,36,39,757.1,38,94,405.4,4,33,37,64,19,7,30,1,-38,335,271,298,101,935.5240670632775,28.301243915630067,125.20497566252028,19.635478637101134,1764.6960519199567,1205.978907517577,1461.0362358031368,186.71119524067063,10
24,Anthony Black,Orlando Magic,G,47,184,16,46,365.9,6,13,183.3,9,21,308.3,6,21,27,8,11,6,8,3,13,82,74,55,35,108.73921028466482,63.61157024793388,3.6014692378328745,10.623507805325987,264.3305785123967,238.55463728191,133.41322314049586,68.31496786042241,10
25,Anthony Davis,Los Angeles Lakers,PF,232,360,88,169,530.2,49,59,827.6,7,18,237.5,38,110,148,37,22,16,20,22,59,417,380,269,185,620.9990548204158,367.79584120982986,16.692816635160682,8.100189035916824,1739.8582230623817,1665.3657844990548,647.3137996219282,432.66635160680534,10
26,Anthony Edwards,Minnesota Timberwolves,SG,266,371,105,229,449.6,33,47,663.1,23,67,399.0,12,61,73,56,15,13,28,10,9,395,339,322,129,966.5121107266436,69.53210303729335,36.67128027681661,22.08112264513649,1112.61630142253,1105.642829680892,968.3321799307957,111.35678585159555,10
27,Anthony Gill,Washington Wizards,PF,43,107,16,35,334.4,6,6,200.0,5,14,225.0,10,12,22,12,12,6,9,0,-11,77,65,55,34,194.82380013149245,45.69756738987509,16.66272189349112,4.337278106508876,508.7278106508876,395.57988165680473,279.28533859303093,91.04667981591058,8
28,Ashton Hagans,Portland Trail Blazers,G,57,203,20,46,387.7,10,11,450.0,7,16,266.7,8,24,32,39,26,8,24,8,1,128,89,96,71,160.5127551020408,16.0,38.5,8.369897959183675,327.5841836734694,228.36989795918367,251.72704081632654,62.5,10
29,Ausar Thompson,Detroit Pistons,F,103,314,42,87,508.0,11,25,325.0,8,29,195.3,15,44,59,21,26,17,14,11,-6,183,162,124,80,121.7,31.399999999999995,24.125,8.5,347.72499999999997,237.7,200.02499999999998,87.225,10
30,Austin Reaves,Los Angeles Lakers,SG,187,361,61,132,453.1,39,46,850.0,26,67,344.0,7,50,57,60,16,3,20,5,51,304,244,247,117,400.56399999999996,99.284,72.064,39.3,970.736,761.2959999999999,567.156,214.196,10
31,Ayo Dosunmu,Chicago Bulls,SG,184,370,72,140,493.3,18,20,550.0,22,53,391.6,7,24,31,49,27,10,18,6,-37,264,215,233,80,853.9090236686391,35.994082840236686,63.148668639053255,21.81360946745562,932.8639053254437,754.5332840236687,1035.0828402366863,96.29955621301775,10
32,Bam Adebayo,Miami Heat,C,165,333,68,128,532.4,22,39,591.6,7,13,483.3,30,92,122,34,13,16,14,10,-34,321,287,199,156,285.77504725897916,97.35822306238185,22.427221172022684,4.417769376181474,427.2712665406427,397.00661625708887,333.0,102.82514177693761,10
33,Ben Sheppard,Indiana Pacers,G,45,177,17,44,372.1,6,6,300.0,5,30,153.3,2,13,15,11,15,5,3,0,26,71,60,56,26,116.276,22.823999999999998,12.916,3.944,216.504,178.836,160.8,28.884,10
34,Ben Simmons,Brooklyn Nets,PG,53,168,24,38,521.1,5,11,150.0,0,0,0.0,15,39,54,46,20,9,12,4,-5,153,107,99,100,134.88888888888889,64.0,78.88888888888889,0.0,382.0,162.8888888888889,300.0,196.88888888888889,9
35,Bennedict Mathurin,Indiana Pacers,SG,139,275,44,115,340.3,35,45,614.5,16,44,245.0,10,33,43,23,24,7,17,4,-18,205,182,162,66,753.4765625,123.6015625,38.125,30.4140625,1418.90625,1097.65625,970.9140625,265.5390625,10
36,Bilal Coulibaly,Washington Wizards,SG,90,289,30,76,451.5,19,27,633.3,11,39,238.3,9,30,39,18,22,12,8,7,-98,147,129,108,57,127.37777777777777,38.5,16.0,13.177777777777775,337.8777777777778,291.7444444444444,166.31111111111107,61.699999999999996,10
37,Bismack Biyombo,Oklahoma City Thunder,C,4,36,1,4,33.3,2,4,100.0,0,0,0.0,3,2,5,2,6,1,4,1,3,11,9,6,7,5.600000000000001,4.8,1.4000000000000004,0.0,31.799999999999997,20.0,12.6,11.000000000000002,5
38,Blake Wesley,San Antonio Spurs,G,44,152,15,39,315.7,11,14,475.0,3,9,150.0,4,17,21,27,10,5,6,4,-7,92,65,71,48,139.43827160493828,20.777777777777775,64.75308641975309,4.179012345679013,302.94444444444446,150.62345679012344,250.94444444444443,126.34567901234568,10
39,Boban Marjanovic,Houston Rockets,C,3,7,1,1,100.0,1,2,50.0,0,0,0.0,0,3,3,0,0,0,1,0,-3,6,6,3,3,1.6747404844290659,4.996539792387543,0.0,0.0,12.45674740484429,12.45674740484429,1.6747404844290659,4.996539792387543,1
40,Bobby Portis,Milwaukee Bucks,F,156,261,66,128,513.3,12,15,525.0,12,26,333.4,18,65,83,9,23,9,16,3,0,248,239,165,92,470.8,108.35600000000001,7.016000000000002,24.0,718.3240000000001,772.196,440.856,91.444,10
41,Bogdan Bogdanovic,Atlanta Hawks,SG,166,334,61,142,431.0,11,14,316.7,33,79,436.5,11,26,37,45,21,12,16,3,56,248,203,211,82,278.9795918367347,32.10037484381508,57.67305289462725,20.576842982090795,237.00541441066218,180.80591420241564,330.0753852561433,94.87713452728029,10
42,Bojan Bogdanovic,New York Knicks,SF,71,162,27,68,348.8,5,7,200.0,12,33,311.9,2,10,12,10,8,0,16,0,16,93,83,81,22,356.40625,17.87934027777778,6.9765625,15.233506944444443,445.4340277777777,399.4626736111111,394.2890625,32.94444444444444,10
43,Bol Bol,Phoenix Suns,C,64,112,24,37,542.4,6,7,275.0,10,17,450.0,6,25,31,4,8,0,4,6,-6,99,95,68,35,231.18877320054324,13.959710276143053,4.479855138071526,8.113173381620644,351.7406066093255,330.17700316885464,246.97057492077863,24.221367134449977,10
44,Bones Hyland,LA Clippers,PG,65,161,24,62,368.1,4,6,200.0,13,36,313.8,1,16,17,31,15,10,14,1,0,113,82,96,48,325.691135734072,17.576177285318558,88.4168975069252,20.70637119113573,879.5540166204985,477.2756232686981,658.3767313019391,175.58587257617728,10
45,Bradley Beal,Phoenix Suns,SG,150,344,60,121,483.3,14,16,533.3,16,42,348.1,8,31,39,68,19,12,25,6,33,257,189,218,107,453.50354019158686,29.09829237817576,52.39316951270304,8.448146605581007,272.6643065389421,379.69387755102036,366.0807996668055,61.88463140358185,10
46,Brandin Podziemski,Golden State Warriors,G,72,266,27,68,381.1,7,10,325.0,11,28,343.3,21,36,57,30,14,11,12,3,5,159,129,102,87,184.98512396694215,64.28595041322313,47.6,12.940495867768595,492.0479338842975,382.88429752066116,283.23966942148763,122.79504132231405,10
47,Brandon Boston Jr.,LA Clippers,SG,59,135,24,55,462.1,7,14,350.0,4,15,150.0,5,14,19,3,15,3,4,6,-17,81,78,62,22,129.6634349030471,26.29639889196676,2.2340720221606647,4.433518005540167,236.73407202216066,201.43628808864264,151.49584487534625,41.995844875346265,10
48,Brandon Clarke,Memphis Grizzlies,PF,6,21,3,7,42.9,0,1,0.0,0,1,0.0,3,2,5,1,1,1,0,0,15,12,11,7,6,0.0,0.0,0.0,0.0,0.0,0.0,0.0,0.0,1
49,Brandon Ingram,New Orleans Pelicans,SF,180,306,68,138,496.2,36,43,724.5,8,27,260.0,6,50,56,54,24,6,19,7,49,290,236,234,110,670.2437673130194,25.364265927977836,44.40443213296399,6.5318559556786715,720.3393351800554,826.6662049861496,558.8476454293628,74.83795013850416,10
50,Brandon Miller,Charlotte Hornets,F,182,319,67,160,412.8,21,28,605.0,27,79,305.9,6,44,50,23,23,8,14,6,-92,255,232,205,73,497.6088727931191,43.30828429153463,44.10547759167044,30.10366681756451,810.22136713445,783.1326392032595,522.5282933454052,89.58306926210955,10
51,Brandon Williams,Dallas Mavericks,G,7,24,2,9,83.3,3,4,100.0,0,2,0.0,1,1,2,4,1,0,1,0,-12,13,9,11,6,18.22448979591837,3.183673469387756,4.081632653061224,0.0,30.46938775510204,15.448979591836734,29.0,11.510204081632653,4
52,Braxton Key,Denver Nuggets,F,2,6,1,1,100.0,0,1,0.0,0,0,0.0,1,1,2,0,1,0,0,0,2,4,4,2,2,0.0625,0.25,0.25,0.25,0.0625,0.5625,0.0625,0.0,1
53,Brice Sensabaugh,Utah Jazz,F,78,221,30,80,358.0,13,16,396.7,5,38,153.3,5,35,40,26,11,6,21,2,-56,144,118,104,66,295.8793402777778,52.01736111111111,19.483506944444443,4.777777777777778,337.2673611111111,293.3515625,322.06944444444446,89.2265625,10
54,Brook Lopez,Milwaukee Bucks,C,111,277,41,80,510.40000000000003,8,9,366.7,21,46,465.0,13,34,47,17,19,5,9,10,-9,175,158,128,64,169.90267089180625,28.87686736079674,29.27342688999547,15.478044363965596,334.3961068356723,239.2267994567678,252.96242643730199,70.25984608420099,10
55,Bruce Brown,Toronto Raptors,SF,101,276,40,84,471.3,15,20,483.3,6,16,300.0,8,28,36,34,16,6,21,1,-101,171,137,135,70,154.77777777777777,80.47901234567901,32.641975308641975,4.444444444444445,485.4,337.2864197530864,273.9679012345679,142.04444444444445,10
56,Bruno Fernando,Atlanta Hawks,PF,78,202,32,52,550.9,14,20,475.0,0,1,0.0,20,51,71,14,31,14,16,9,-1,163,149,92,85,421.6030245746693,75.12759924385632,8.81758034026465,0.0,449.72211720226846,427.67202268431,446.0916824196597,81.50661625708887,10
57,Bryce McGowens,Charlotte Hornets,G,54,155,18,37,330.8,13,18,441.7,5,15,180.0,3,21,24,8,15,7,4,3,-10,86,78,62,32,239.30000000000004,32.8,5.7,7.125,420.0,404.09999999999997,256.0,37.7,10
58,Buddy Boeheim,Detroit Pistons,F,19,40,6,14,83.3,2,2,100.0,5,13,76.19999999999999,0,6,6,3,3,0,0,1,12,28,25,22,9,49.74238227146814,3.191135734072022,5.5096952908587244,2.8282548476454297,111.08033240997233,70.88365650969529,86.34903047091413,12.290858725761774,2
59,Buddy Hield,Philadelphia 76ers,SG,105,224,41,89,453.7,3,3,200.0,20,57,364.1,8,21,29,19,15,3,8,5,-10,153,134,124,48,148.67313019390582,43.52939365958756,16.82271468144044,14.110803324099722,302.69467528470295,255.8627269929209,170.8476454293629,85.00954139735303,10
60,CJ McCollum,New Orleans Pelicans,SG,189,333,73,158,454.6,10,12,341.7,33,84,363.4,2,34,36,44,13,5,18,2,33,269,225,233,80,551.7766243752403,26.61053440984237,54.48135332564399,46.930795847750865,909.7235678585159,566.4463667820069,907.5920799692426,68.55363321799308,10
61,Cade Cunningham,Detroit Pistons,PG,227,314,84,199,417.3,39,43,809.7,20,62,282.1,9,41,50,79,16,7,32,2,-47,356,277,306,129,576.804012345679,42.625,62.91512345679013,21.97530864197531,759.4521604938273,625.1234567901236,638.9382716049383,177.73456790123458,10
62,Caleb Houstan,Orlando Magic,G,47,172,15,40,329.4,2,2,100.0,15,38,362.7,6,11,17,3,14,3,3,2,-12,67,64,50,20,146.0394857667585,31.885215794306703,2.4196510560146924,17.312213039485766,277.37281910009176,260.4462809917355,150.44628099173553,46.82460973370064,10
63,Caleb Martin,Miami Heat,SF,93,287,35,97,341.1,12,14,575.0,11,45,295.0,13,34,47,22,14,9,12,4,-20,162,140,115,69,216.356,44.424,46.0,9.0,554.0840000000001,342.004,384.516,134.344,10
64,Cam Reddish,Los Angeles Lakers,SF,30,142,9,26,213.3,6,12,141.7,6,17,216.6,4,5,9,1,7,5,2,4,-10,40,39,31,10,102.93877551020408,12.326530612244898,0.9251700680272108,4.326530612244897,110.35374149659864,99.22448979591837,115.85034013605443,11.469387755102039,9
65,Cam Thomas,Brooklyn Nets,SG,251,349,90,192,460.5,48,55,827.4,23,63,343.0,7,39,46,41,20,6,20,1,-2,338,297,292,87,476.1326530612245,58.693877551020414,25.743764172335602,28.505668934240365,478.4274376417234,400.6224489795918,562.1417233560092,76.23356009070295,10
66,Cam Whitmore,Houston Rockets,F,126,203,48,111,415.2,17,26,385.0,13,50,239.8,14,31,45,5,11,5,15,5,3,176,171,131,50,215.05817174515238,60.56232686980609,2.673130193905817,12.290858725761774,347.16343490304706,345.24376731301936,225.77008310249312,54.44321329639889,10
67,Cameron Johnson,Brooklyn Nets,SF,155,273,49,102,478.1,27,32,791.7,30,67,441.3,7,31,38,21,14,10,13,1,2,214,193,176,59,438.8213296398892,44.260387811634345,15.087257617728532,29.77285318559556,603.5013850415513,477.3642659279779,547.1468144044321,77.15927977839334,10
68,Cameron Payne,Philadelphia 76ers,PG,103,196,39,93,427.9,8,9,275.0,17,45,363.3,3,12,15,33,18,5,16,4,-28,151,118,136,48,275.0,21.016528925619834,21.35702479338843,20.2396694214876,403.74380165289256,377.8347107438017,293.5206611570248,49.76198347107438,10
69,Caris LeVert,Cleveland Cavaliers,SG,114,320,41,109,344.8,22,30,390.2,10,47,193.3,8,40,48,79,21,14,23,7,0,241,162,193,127,580.6756852972587,29.703809184763262,102.75222499110005,8.003559985760058,1115.3965824136703,723.6411534353863,914.6126735493058,190.27447490210042,10
70,Cason Wallace,Oklahoma City Thunder,G,76,214,30,64,463.6,2,4,100.0,14,34,399.3,7,15,22,16,18,11,9,5,-18,114,98,92,38,332.926775147929,14.187130177514794,22.54215976331361,19.005917159763314,442.323224852071,375.2899408284024,398.93786982248525,37.751479289940825,10
71,Cedi Osman,San Antonio Spurs,SF,47,145,18,39,407.1,1,2,50.0,10,25,299.9,3,25,28,13,18,6,4,2,-23,88,75,60,41,114.15689981096409,40.93383742911153,34.465973534971646,10.302457466918714,288.0916824196597,196.20604914933836,169.44517958412098,111.99716446124762,10
72,Charlie Brown Jr.,New York Knicks,G,3,27,1,5,20.0,0,0,0.0,1,3,33.3,1,1,2,0,4,0,0,1,-6,5,5,3,2,6.12,2.7200000000000006,0.0,0.6800000000000002,17.0,17.0,6.12,2.7200000000000006,2
73,Chet Holmgren,Oklahoma City Thunder,PF,140,284,53,110,431.0,22,25,533.3,12,43,278.4,12,73,85,17,20,6,13,17,74,242,225,157,102,898.4289940828402,123.56286982248521,16.37352071005917,10.5,1642.2633136094673,1571.7581360946747,955.5806213017752,153.28994082840237,10
74,Chimezie Metu,Detroit Pistons,PF,41,129,15,31,245.8,10,11,287.5,1,10,33.3,5,19,24,12,18,7,8,3,-32,77,65,53,36,130.048,29.392,6.168,0.872,270.952,247.63199999999998,151.4,37.528,5
75,Chimezie Metu,Phoenix Suns,PF,6,29,3,5,150.0,0,0,0.0,0,0,0.0,2,9,11,2,2,2,3,0,-7,19,17,8,13,78.2768,19.179199999999998,5.684799999999999,0.019200000000000002,173.24320000000003,117.45920000000001,125.52000000000004,33.4048,3
76,Chris Boucher,Toronto Raptors,PF,69,120,25,35,573.3,15,18,500.0,4,12,216.7,13,27,40,5,11,1,9,5,7,114,109,74,45,142.20987654320987,47.580246913580254,5.913580246913581,4.0246913580246915,410.0,329.0246913580247,192.69135802469134,83.98765432098766,8
77,Chris Duarte,Sacramento Kings,SG,57,130,20,45,444.2,5,6,250.0,12,31,422.7,7,17,24,7,11,4,3,3,-31,88,81,64,31,131.87182260681448,40.112493239588964,8.123850730124392,5.670091941590049,311.2439156300703,251.51379123850728,168.60681449432127,71.2314764737696,10
78,Chris Livingston,Milwaukee Bucks,F,0,6,0,2,0.0,0,0,0.0,0,2,0.0,0,1,1,1,4,0,1,0,-10,2,1,1,2,1.234567901234568,0.44444444444444453,0.7901234567901234,0.0,0.19753086419753085,0.19753086419753085,0.04938271604938276,2.419753086419753,1
79,Chris Paul,Golden State Warriors,PG,94,241,41,89,418.9,1,2,50.0,11,27,356.7,6,40,46,64,23,7,10,0,-20,204,140,158,110,264.43426531826293,35.06841165972635,96.64366448542535,7.183224271267103,616.6389054134444,451.00535395597853,430.06067816775726,131.71921475312314,10
80,Christian Braun,Denver Nuggets,G,88,203,36,60,586.4,5,10,200.0,11,21,516.6,9,27,36,18,20,6,7,4,-4,142,124,106,54,340.6301775147929,35.84985207100592,31.609467455621303,7.994082840236686,719.9859467455622,496.4948224852071,517.9556213017752,113.625,10
81,Christian Wood,Los Angeles Lakers,F,59,133,22,51,477.0,11,14,450.0,4,19,225.0,6,28,34,6,12,5,5,2,-14,99,93,65,40,153.90277777777777,54.402777777777786,4.625,2.4444444444444446,305.125,285.0,156.7777777777778,76.27777777777777,10
82,Chuma Okeke,Orlando Magic,PF,0,33,0,4,0.0,0,0,0.0,0,4,0.0,0,4,4,2,2,2,2,0,-14,6,4,2,6,0.4253472222222223,2.953125,1.3836805555555554,0.008680555555555556,4.828125,2.868055555555556,1.25,5.472222222222221,5
83,Clint Capela,Atlanta Hawks,C,133,261,57,100,593.5,19,33,480.0,0,1,0.0,51,67,118,18,19,8,13,15,66,269,251,151,136,65.84382073336351,43.30285196921683,17.65866908103214,0.0,181.40108646446356,148.61430511543688,78.49841557265731,81.09370755998191,10
84,Coby White,Chicago Bulls,PG,192,363,69,162,419.1,28,31,696.7,26,69,359.0,7,39,46,48,23,7,19,3,-5,286,238,240,94,542.5152354570637,16.986149584487535,76.37673130193906,35.36426592797785,811.606648199446,619.0747922437673,714.1108033240997,114.29916897506926,10
85,Cody Martin,Charlotte Hornets,SF,69,285,28,76,367.2,6,7,250.0,7,30,228.2,6,44,50,42,15,11,20,7,-28,161,119,111,92,111.0,28.18685121107267,64.68512110726644,2.6816608996539792,183.02076124567472,112.9515570934256,173.33217993079583,100.60899653979239,10
86,Cody Zeller,New Orleans Pelicans,C,7,31,3,6,200.0,1,2,50.0,0,0,0.0,5,10,15,3,5,2,3,0,14,25,22,10,18,3.2091836734693877,5.25,3.494897959183673,0.0,19.08673469387755,12.673469387755102,6.408163265306122,11.959183673469386,5
87,Colby Jones,Sacramento Kings,G,6,25,3,10,116.6,0,0,0.0,0,2,0.0,3,4,7,5,4,0,1,0,-3,18,13,11,12,5.777777777777779,5.71604938271605,1.8641975308641974,0.0,30.75308641975309,20.23456790123457,12.160493827160494,11.716049382716047,4
88,Cole Anthony,Orlando Magic,PG,128,241,48,102,447.9,17,24,537.5,15,41,284.5,11,33,44,26,13,5,9,7,38,198,172,154,70,458.4499729583559,54.41752298539751,36.49540292049757,24.66360194699838,797.2439156300704,695.4472687939427,556.9648458626284,94.19469983775014,10
89,Cole Swider,Miami Heat,F,19,44,6,16,104.7,2,2,100.0,5,13,116.7,0,5,5,1,1,0,4,0,-18,25,24,20,6,150.20703125,2.01953125,0.89453125,13.58203125,176.20703125,181.25,145.25,2.828125,5
90,Collin Gillespie,Denver Nuggets,G,53,120,19,42,306.4,4,7,200.0,11,24,283.3,0,15,15,18,11,7,9,0,32,86,68,71,33,177.75432525951555,9.903114186851212,31.975778546712803,12.048442906574394,254.43598615916954,182.92387543252593,231.36332179930798,59.78200692041522,7
91,Collin Sexton,Utah Jazz,PG,215,333,89,167,534.1,20,23,813.3,17,43,337.4,13,17,30,62,19,10,24,2,-74,307,245,277,92,69.68906064209274,34.582639714625444,51.7627824019025,22.36266349583829,194.20332936979784,107.93638525564802,156.5719381688466,85.72948870392389,10
92,Corey Kispert,Washington Wizards,SF,158,336,58,118,487.2,11,23,433.3,31,70,438.1,6,27,33,18,21,9,13,3,-30,209,191,176,51,270.6938775510204,96.20727040816327,27.615433673469386,20.829719387755105,597.6147959183673,464.64604591836735,354.54400510204084,172.94132653061226,10
93,Cory Joseph,Golden State Warriors,PG,27,71,10,16,316.7,0,0,0.0,7,11,316.7,2,9,11,6,6,0,1,0,9,44,38,33,17,31.2,10.8,2.8000000000000003,3.2,28.8,47.2,21.2,5.2,5
94,Craig Jr. Porter,Cleveland Cavaliers,G,64,136,27,52,425.3,5,6,300.0,5,12,175.0,6,17,23,24,4,3,8,2,-29,111,87,88,47,328.36686390532543,37.56673241288625,17.408284023668635,9.369493754109138,624.6002629848784,521.681130834977,421.45562130177507,64.80539119000657,10
95,D'Angelo Russell,Los Angeles Lakers,PG,215,360,71,159,421.2,31,35,860.0,42,89,446.1,8,31,39,69,21,12,26,4,45,323,254,284,108,1122.2654958677685,37.125,135.72830578512398,50.446280991735534,1980.6373966942149,1438.2314049586778,1622.4669421487604,215.05785123966942,10
96,D.J. Carton,Toronto Raptors,G,8,31,2,7,83.3,3,4,150.0,1,4,50.0,2,1,3,3,1,1,1,0,-30,14,11,11,6,8.666666666666668,2.0,2.0,0.6666666666666667,8.666666666666666,2.6666666666666665,18.666666666666668,0.0,3
97,D.J. Wilson,Philadelphia 76ers,F,10,14,4,6,66.7,0,0,0.0,2,2,100.0,1,1,2,2,1,0,0,2,4,14,12,12,4,30.864197530864196,1.234567901234568,1.234567901234568,1.234567901234568,60.49382716049382,44.44444444444445,44.44444444444445,4.938271604938272,1
98,DaQuan Jeffries,New York Knicks,SG,0,7,0,2,0.0,0,0,0.0,0,2,0.0,0,0,0,3,0,0,1,0,7,3,0,3,3,1.44,0.0,5.76,0.16000000000000003,1.44,1.44,1.44,5.76,1
99,Daishen Nix,Minnesota Timberwolves,SG,5,5,2,3,66.7,0,0,0.0,1,2,50.0,0,0,0,0,1,1,0,0,6,5,5,5,0,9.0,0.0,0.08163265306122448,0.32653061224489793,7.367346938775511,9.0,7.367346938775511,0.08163265306122448,1
100,Dalano Banton,Portland Trail Blazers,G,177,319,66,152,432.7,22,23,875.0,23,65,385.2,8,37,45,37,16,12,27,5,-135,259,222,214,82,660.5206611570247,61.19504132231405,75.0,16.421487603305785,1383.8826446280991,964.5553719008265,1047.1570247933885,168.88595041322313,10
101,Dalen Terry,Chicago Bulls,F,38,130,16,33,307.8,3,6,150.0,3,12,158.3,7,17,24,18,8,6,6,2,-2,80,62,56,42,136.73086419753088,43.82716049382716,27.723456790123453,2.308641975308642,359.77777777777777,260.5382716049383,185.53086419753086,121.99012345679012,10
102,Damian Jones,Cleveland Cavaliers,C,61,129,24,38,627.9,13,15,650.0,0,5,0.0,14,23,37,6,13,4,7,7,-25,104,98,67,43,155.8641975308642,72.02606310013716,4.540466392318244,0.0,281.93141289437585,277.33882030178324,154.49519890260632,82.5281207133059,10
103,Damian Lillard,Milwaukee Bucks,PG,238,366,81,186,428.7,38,41,954.7,38,94,399.3,4,39,43,89,19,7,20,4,15,370,281,327,132,693.0694444444445,26.15625,95.68402777777777,35.77777777777778,1154.0,745.8506944444445,1095.65625,127.40277777777777,10
104,Daniel Gafford,Dallas Mavericks,C,146,244,64,76,849.2,18,26,483.4,0,0,0.0,25,53,78,21,34,9,8,22,98,245,224,167,99,261.6326530612245,87.9591836734694,28.93502707205331,0.0,519.121615993336,439.8367346938776,335.09246147438563,122.71928363182008,10
105,Daniel Theis,LA Clippers,C,44,135,19,38,427.5,3,3,200.0,3,8,200.0,11,21,32,12,18,1,7,9,14,88,76,56,44,134.63467632412858,26.121321865097325,10.017202354006338,4.168854685377999,224.9886826618379,196.69443186962428,159.6776822091444,39.3897691263015,10
106,Danilo Gallinari,Milwaukee Bucks,PF,28,105,9,23,350.0,9,10,275.0,1,11,100.0,3,6,9,9,7,2,3,1,-43,46,37,37,18,84.01275510204081,4.908163265306122,13.030612244897961,1.7576530612244898,97.74744897959184,98.90051020408164,81.125,19.6734693877551,10
107,Dante Exum,Dallas Mavericks,G,66,200,22,46,439.1,11,12,366.7,11,18,466.7,2,19,21,32,15,2,12,0,54,119,87,98,53,236.4353542731921,16.700511322132947,28.34915997078159,14.938641344046749,307.0628195763331,250.44046749452153,283.0080350620891,55.09934258582906,10
108,Danuel House Jr.,Philadelphia 76ers,SF,42,143,14,30,276.3,13,15,466.7,1,11,33.3,6,11,17,7,16,7,3,3,-26,66,59,49,24,42.0,11.714285714285715,8.0,0.8571428571428572,41.714285714285715,51.714285714285715,40.0,11.714285714285715,7
109,Dario Saric,Golden State Warriors,PF,28,107,12,33,298.3,2,3,100.0,2,17,83.3,6,15,21,18,5,0,13,0,-31,67,49,46,39,52.0,27.193877551020407,15.673469387755102,2.1224489795918364,146.1326530612245,98.90816326530613,72.53061224489795,69.56122448979592,10
110,Darius Garland,Cleveland Cavaliers,PG,173,334,64,148,436.7,16,20,775.0,29,79,337.8,8,27,35,70,23,9,27,1,-25,278,208,243,105,418.7248520710059,36.630177514792905,96.83210059171597,53.556213017751475,677.3113905325444,431.8698224852071,613.5036982248521,184.125,10
111,David Roddy,Phoenix Suns,F,61,140,25,62,497.0,6,10,241.7,5,21,143.3,3,17,20,13,7,2,10,0,-71,94,81,74,33,426.9027777777778,57.304012345679006,23.569444444444446,9.125,851.8966049382717,671.5864197530864,578.4444444444446,109.64197530864199,10
112,Davion Mitchell,Sacramento Kings,PG,56,167,22,49,376.7,3,4,75.0,9,26,301.7,5,10,15,17,7,3,7,0,30,88,71,73,32,248.6677685950413,6.7983471074380155,12.464462809917356,10.96694214876033,296.3801652892562,288.0314049586777,249.35702479338843,26.922314049586774,10
113,Davis Bertans,Charlotte Hornets,SF,64,237,20,73,250.3,9,10,350.0,15,57,255.0,5,15,20,13,14,11,9,3,-71,97,84,77,33,220.6863905325444,41.7869822485207,21.195923734385275,10.514792899408283,426.0834976988823,312.5562130177515,305.36554898093357,91.83103221564761,10
114,Day'Ron Sharpe,Brooklyn Nets,C,60,144,24,43,607.5,12,21,358.3,0,2,0.0,24,28,52,16,21,3,13,6,-7,128,112,76,68,131.34693877551018,179.55102040816328,14.408163265306122,0.07346938775510205,399.0612244897959,348.12244897959187,148.24489795918367,228.0,10
115,De'Aaron Fox,Sacramento Kings,PG,228,350,82,196,429.09999999999997,36,42,777.2,28,77,392.4,13,50,63,54,27,23,26,5,47,345,291,282,117,196.48843004627975,33.48700605197579,78.41651833392666,14.147383410466361,297.9647561409754,231.95977216091137,293.4852260590958,80.91171235315059,10
116,De'Andre Hunter,Atlanta Hawks,SF,160,307,57,135,417.8,24,27,723.3,22,66,325.2,5,26,31,19,22,6,15,3,39,210,191,179,50,400.0251736111111,45.10069444444444,7.267361111111112,21.61111111111111,509.1640625,532.5876736111111,375.85850694444446,53.11111111111111,10
117,De'Anthony Melton,Philadelphia 76ers,SG,23,43,7,20,75.0,4,4,200.0,5,14,75.0,0,5,5,5,3,2,1,1,-2,33,28,28,10,128.66666666666666,2.666666666666667,2.666666666666667,8.666666666666666,206.0,164.66666666666669,164.66666666666669,10.666666666666668,3
118,DeAndre Jordan,Denver Nuggets,C,34,103,15,28,607.1,4,4,200.0,0,0,0.0,15,28,43,5,13,1,2,5,-11,82,77,39,48,104.27777777777779,72.68402777777779,11.0,0.0,338.35069444444446,240.26736111111114,166.94444444444446,119.10069444444446,10
119,DeJon Jarreau,Memphis Grizzlies,F,43,150,17,50,308.3,5,11,250.0,4,13,141.7,8,36,44,26,14,6,9,2,-24,113,87,69,70,78.16015625,81.515625,42.72265625,4.2275390625,312.640625,146.62890625,158.25,210.16015625,9
120,DeMar DeRozan,Chicago Bulls,SF,243,361,80,166,469.0,77,92,853.1,6,28,156.7,5,44,49,50,15,12,18,6,22,342,292,293,99,848.5976331360946,56.65754437869822,77.33505917159763,4.625,1370.3668639053253,1215.7255917159764,962.3025147928994,174.92899408284023,10
121,Dean Wade,Cleveland Cavaliers,PF,46,178,15,35,260.2,5,7,216.7,11,31,233.4,4,27,31,7,8,3,1,9,-23,84,77,53,38,468.50000000000006,35.125,6.125,31.525000000000006,718.8,714.725,466.12499999999994,47.699999999999996,10
122,Deandre Ayton,Portland Trail Blazers,C,229,346,105,167,627.8,18,22,450.0,1,3,100.0,39,97,136,14,15,7,22,9,-35,379,365,243,150,638.5704894083273,219.7589481373265,6.410518626734843,0.9006574141709277,1419.390065741417,1479.582907231556,602.2505478451425,202.29656683710735,10
123,Dejounte Murray,Atlanta Hawks,SG,277,376,104,215,490.1,26,34,645.3,43,102,423.0,8,41,49,93,15,25,31,3,25,419,326,370,142,821.956,58.74399999999999,100.424,42.1,678.884,960.916,535.5560000000003,163.536,10
124,Delon Wright,Miami Heat,SG,43,184,15,46,314.7,9,12,283.3,4,18,75.0,5,17,22,26,5,8,1,2,7,91,65,69,48,142.00624999999997,8.225,32.025,6.40625,219.30625,166.15625,199.80624999999998,35.6,10
125,Deni Avdija,Washington Wizards,SF,174,345,67,136,502.0,29,44,658.7,11,36,287.5,20,74,94,33,24,9,21,3,-39,301,268,207,127,109.99123447772098,98.56829802775748,24.44046749452155,11.620891161431702,368.5865595325055,292.11979547114686,186.11322132943752,123.35354273192112,10
126,Dennis Schroder,Brooklyn Nets,PG,140,355,52,131,390.8,18,20,525.0,18,54,339.5,6,28,34,62,16,9,31,5,-74,236,174,202,96,228.356,36.464,40.756,5.636,354.064,269.876,317.6,72.164,10
127,Dennis Smith Jr.,Brooklyn Nets,PG,58,167,21,46,487.1,8,11,383.3,8,22,348.3,5,13,18,28,22,16,11,0,3,104,76,86,46,75.38271604938271,18.711111111111112,41.77777777777778,4.0,181.82716049382717,136.47901234567902,110.41975308641975,70.80000000000001,10
128,Dereck II Lively,Dallas Mavericks,C,84,187,41,56,659.0,2,7,100.0,0,0,0.0,15,39,54,7,20,4,7,9,5,145,138,91,61,383.1111111111111,75.88775510204081,8.13265306122449,0.0,732.0430839002267,653.8560090702948,457.33900226757373,87.9795918367347,10
129,Derrick Jones Jr.,Dallas Mavericks,SF,77,199,28,51,549.1,15,21,583.4,6,20,190.0,10,14,24,10,12,7,5,3,74,111,101,87,34,109.88094160253507,50.434585785423266,10.22181982797646,8.446355817111815,219.87822544137617,183.1684019918515,139.93435943866,67.31281122679945,10
130,Derrick Rose,Memphis Grizzlies,PG,49,95,20,37,377.7,5,6,266.7,4,8,233.3,0,15,15,21,3,1,9,0,-9,85,64,70,36,70.0,14.857142857142858,12.0,3.7142857142857144,188.85714285714286,116.85714285714286,128.0,40.857142857142854,7
131,Derrick White,Boston Celtics,PG,149,357,54,130,407.0,16,18,555.6,25,75,244.9,10,52,62,70,21,9,14,17,79,281,211,219,132,492.5,46.27777777777777,57.451247165532884,61.2437641723356,689.2448979591837,568.1111111111111,571.7607709750567,145.6020408163265,10
132,Desmond Bane,Memphis Grizzlies,SG,93,165,30,80,183.4,19,21,366.7,14,40,172.9,2,14,16,34,14,5,13,2,-54,143,109,127,50,271.1224489795918,8.854875283446711,121.2222222222222,4.888888888888889,723.7528344671202,367.70521541950114,607.5827664399094,149.6643990929705,5
133,Devin Booker,Phoenix Suns,SG,251,358,94,197,473.0,43,47,896.4,20,66,294.7,14,41,55,71,32,5,24,6,14,377,306,322,126,379.4706372344856,48.800916284881296,82.37859225322782,27.06622240733028,333.2240733027905,420.4298209079551,237.31112036651405,186.1332778009163,10
134,Devin Vassell,San Antonio Spurs,SG,200,367,78,159,455.8,22,25,791.7,22,58,339.4,0,36,36,49,16,13,18,2,-26,285,236,249,85,870.0889996440013,24.484870060519754,65.77750088999645,28.580989676041295,1252.5436098255607,927.7123531505874,1168.4254182983268,116.75720897116412,10
135,Devonte' Graham,San Antonio Spurs,PG,17,36,6,14,158.3,1,1,100.0,4,11,170.0,0,9,9,2,2,2,1,0,18,28,26,19,11,52.53472222222222,1.0347222222222223,5.0,2.8125,77.25,59.25,71.03472222222223,5.534722222222223,5
136,Dillon Brooks,Houston Rockets,SF,121,284,45,103,417.2,15,17,500.0,16,57,312.5,2,26,28,19,24,8,13,2,90,168,149,140,47,360.8996084015664,23.260946956212177,21.089711641153436,10.53684585261659,559.4496262014952,426.20541117835523,455.4211463154147,83.07333570665718,10
137,Domantas Sabonis,Sacramento Kings,PF,181,363,64,113,577.7,51,64,814.1,2,8,133.3,34,112,146,76,26,8,34,9,39,403,327,257,222,261.2214876033058,67.24628099173553,62.304132231404964,1.8115702479338842,332.7190082644628,386.0710743801653,202.5305785123967,134.88925619834708,10
138,Dominick Barlow,San Antonio Spurs,F,57,150,21,38,506.6,15,18,416.6,0,1,0.0,19,22,41,15,19,4,4,3,10,113,98,72,56,271.5535900104058,79.11654526534859,45.085327783558796,0.0,670.7502601456816,556.4287200832467,398.48907388137354,111.58792924037462,10
139,Donovan Mitchell,Cleveland Cavaliers,SG,241,347,75,167,435.8,52,59,812.8,39,86,449.3,3,47,50,49,22,13,34,6,4,340,291,290,99,886.6487603305785,22.330578512396695,23.0495867768595,16.96694214876033,1278.185950413223,1120.5,1030.0206611570247,59.69421487603306,10
140,Donte DiVincenzo,New York Knicks,SG,182,348,63,148,407.2,14,18,550.0,42,109,373.6,9,35,44,32,24,16,17,8,104,258,226,214,76,792.5190311418685,43.19723183391004,21.7039600153787,58.22991157247213,868.9957708573626,907.6262975778548,754.9127258746637,63.87697039600154,10
141,Dorian Finney-Smith,Brooklyn Nets,PF,75,308,27,73,368.9,11,14,475.0,10,47,226.2,13,33,46,16,16,14,5,5,-26,137,121,91,62,176.53718024985127,26.402141582391437,14.925639500297443,14.005948839976204,200.33610945865556,188.95716835217132,189.1832242712671,40.06067816775729,10
142,Doug McDermott,Indiana Pacers,SF,45,123,17,43,287.5,1,2,50.0,10,35,190.29999999999998,1,7,8,10,10,3,4,0,-8,63,53,55,18,273.96020761245677,9.72491349480969,10.216262975778546,18.55363321799308,371.2750865051903,305.0,339.9065743944637,20.269896193771626,10
143,Draymond Green,Golden State Warriors,PF,80,296,35,83,415.7,4,7,125.0,6,28,143.3,17,67,84,68,33,11,24,8,45,232,164,148,152,120.12345679012346,52.70301783264746,103.95404663923182,6.400548696844993,387.3827160493827,178.43964334705075,225.1556927297668,260.5679012345679,10
144,Drew Eubanks,Phoenix Suns,PF,48,166,21,32,625.0,6,7,280.0,0,0,0.0,14,31,45,8,13,4,6,8,21,101,93,56,53,69.38271604938271,58.01234567901235,13.61111111111111,0.0,168.94444444444446,152.11111111111111,72.4753086419753,85.3641975308642,10
145,Duncan Robinson,Miami Heat,F,146,321,53,111,467.0,8,9,350.0,32,84,339.0,2,33,35,30,26,10,16,3,-13,211,181,176,65,468.41111111111104,21.877777777777776,36.01111111111111,37.7,674.5,489.5777777777777,640.8444444444444,70.37777777777778,10
146,Duop Reath,Portland Trail Blazers,C,89,180,34,69,382.6,9,10,450.0,12,31,286.7,8,19,27,10,24,4,10,4,-77,126,116,99,37,517.9791914387633,57.86979785969084,24.047562425683708,11.809750297265161,1016.6349583828775,834.3281807372176,656.8662306777645,125.3370986920333,10
147,Dwight Powell,Dallas Mavericks,C,20,119,7,12,450.0,6,11,325.0,0,0,0.0,12,20,32,9,19,0,9,3,-9,61,52,29,41,44.69441141498216,98.84661117717003,11.467300832342449,0.0,290.2568370986921,225.35315101070157,71.28418549346017,148.62782401902496,9
148,Dylan Windler,Atlanta Hawks,G,16,41,6,11,106.7,0,0,0.0,4,9,85.0,1,6,7,2,2,2,1,0,3,25,23,18,9,83.90749999999998,7.870000000000001,2.6675000000000004,6.067500000000001,126.75,118.3675,85.52,17.3075,3
149,Dylan Windler,Los Angeles Lakers,G,3,14,1,4,25.0,0,0,0.0,1,4,25.0,0,1,1,2,1,0,0,0,-7,6,4,5,3,6.705,1.7800000000000002,0.24499999999999997,0.545,6.5,8.845,5.48,0.905,2
150,Dyson Daniels,New Orleans Pelicans,G,38,181,16,32,311.4,1,2,50.0,5,13,250.0,7,20,27,20,12,15,12,8,25,85,65,58,47,123.55555555555556,24.0,25.555555555555557,4.222222222222222,146.22222222222223,113.55555555555556,128.22222222222223,77.55555555555556,9
151,Emoni Bates,Cleveland Cavaliers,F,16,23,6,12,102.9,0,2,0.0,4,8,100.0,0,1,1,1,0,0,1,0,-3,18,17,17,2,17.68,0.8200000000000001,0.5,2.32,22.48,20.980000000000004,20.18,0.32000000000000006,2
152,Eric Gordon,Phoenix Suns,SG,78,230,29,63,387.3,3,5,150.0,17,39,361.7,2,12,14,17,12,7,5,3,32,109,92,95,31,478.935264825713,6.446355817111814,18.657763693979177,31.183793571751924,536.2313263920325,416.3540063377094,600.090991398823,23.82571299230421,10
153,Eugene Omoruyi,Washington Wizards,F,39,106,17,38,391.3,5,10,200.0,0,6,0.0,7,13,20,7,18,7,5,1,-68,66,59,46,27,94.91836734693878,9.033163265306124,6.798469387755102,0.012755102040816325,87.34693877551021,71.67602040816327,106.89030612244898,19.530612244897956,10
154,Evan Fournier,Detroit Pistons,SG,66,180,23,73,284.0,11,12,366.7,9,42,184.3,1,14,15,20,17,12,8,1,-39,101,81,86,35,351.8842617631152,13.48566792861006,20.135208220659816,13.272579772850188,506.19524067063276,462.802055164954,390.007571660357,38.890751757706866,10
155,Evan Mobley,Cleveland Cavaliers,PF,147,289,58,104,539.1,27,47,514.2,4,16,175.0,20,71,91,41,27,9,16,13,-28,279,238,188,132,397.0,162.06122448979593,86.38775510204081,5.625,883.7755102040816,767.9183673469388,453.6734693877551,307.63265306122446,10
156,Frank Ntilikina,Charlotte Hornets,PG,5,39,1,8,50.0,2,2,100.0,1,7,50.0,1,4,5,3,4,0,0,0,0,13,10,8,8,19.0,7.0,6.84,0.7600000000000002,24.439999999999998,14.0,18.64,24.640000000000004,4
157,Franz Wagner,Orlando Magic,SF,170,310,65,135,495.0,33,38,885.0,7,36,132.9,7,37,44,29,27,11,13,3,3,243,214,199,73,249.94699837750136,45.15305570578691,32.89724175229854,11.300703082747432,493.97566252028116,407.098972417523,319.7733910221741,95.10059491617092,10
158,Fred VanVleet,Houston Rockets,PG,179,351,58,134,435.29999999999995,31,33,685.7,32,78,385.1,3,33,36,91,26,18,22,7,86,306,215,270,127,627.6840277777777,22.40277777777778,109.56944444444444,60.379340277777786,589.7673611111111,653.5173611111111,562.90625,133.0,10
159,Furkan Korkmaz,Philadelphia 76ers,SG,41,116,13,29,278.6,7,10,241.7,8,18,258.3,3,12,15,12,6,3,2,2,22,68,56,53,27,292.875,14.875,10.0,20.0,404.0,340.0,363.875,17.875,8
160,GG Jackson,Memphis Grizzlies,F,196,334,66,148,433.2,35,42,777.4,29,86,302.6,15,34,49,17,17,4,17,3,-100,262,245,213,66,738.4444444444445,31.35678585159554,20.22491349480969,42.903114186851205,874.9496347558631,774.4156093810072,831.1007304882737,59.459438677431756,10
161,Garrett Temple,Toronto Raptors,SF,33,84,11,20,300.0,5,6,250.0,6,13,200.0,4,13,17,10,8,6,2,1,-4,60,50,43,27,132.77551020408163,17.66439909297052,8.045351473922903,7.106575963718821,203.0612244897959,196.65759637188208,130.8888888888889,34.0,5
162,Garrison Mathews,Atlanta Hawks,SG,87,199,25,49,510.5,17,19,363.3,20,37,497.40000000000003,2,14,16,10,30,4,1,3,-13,113,103,97,26,463.44444444444434,14.567474048442907,16.096116878123798,28.802768166089965,671.2114571318724,578.8746635909266,539.5274894271435,46.91733948481353,10
163,Gary Harris,Orlando Magic,SG,74,238,27,54,532.8,4,7,125.0,16,38,477.6,2,13,15,9,12,8,7,3,22,98,89,83,24,115.07777777777778,10.677777777777777,12.944444444444445,4.800000000000001,210.8111111111111,170.5111111111111,146.2,32.8,10
164,Gary Payton II,Golden State Warriors,SG,28,142,12,23,399.9,2,4,100.0,2,4,200.0,10,8,18,16,14,6,7,3,-4,62,46,44,34,103.03969754253308,57.72400756143667,36.4007561436673,1.7589792060491494,239.289224952741,137.82230623818523,124.0264650283554,174.60491493383742,10
165,Gary Trent Jr.,Toronto Raptors,SG,217,331,78,173,463.0,29,33,730.0,32,83,387.7,8,30,38,19,15,14,4,2,-98,274,255,236,57,484.27961060032453,16.721471065440777,30.939426717144407,34.123309897241754,467.3347755543536,525.0,438.59383450513786,35.681449432125476,10
166,Georges Niang,Cleveland Cavaliers,SF,136,282,49,96,511.7,11,11,500.0,27,61,465.6,2,31,33,12,29,5,15,2,-23,181,169,148,45,251.83471074380162,18.10082644628099,5.629752066115703,22.599999999999998,293.92561983471074,270.82148760330574,266.1487603305785,32.52066115702479,10
167,Giannis Antetokounmpo,Milwaukee Bucks,PF,303,366,115,190,613.0,66,98,629.1,7,18,283.3,35,92,127,70,28,7,34,10,8,500,430,373,197,473.72499999999997,211.325,79.80625,6.40625,1147.00625,919.6000000000001,662.15625,330.10625,10
168,Goga Bitadze,Orlando Magic,C,28,99,11,20,480.0,6,9,283.3,0,3,0.0,10,12,22,9,10,2,8,9,3,59,50,37,31,47.63905325443787,63.61094674556212,8.33284023668639,0.0,232.10059171597635,173.7174556213018,74.48668639053254,103.4792899408284,9
169,Gordon Hayward,Oklahoma City Thunder,SF,54,188,16,35,423.8,12,18,400.0,10,17,500.0,4,18,22,25,12,4,6,0,0,101,76,79,47,143.3,29.625,41.400000000000006,8.625,281.125,200.625,200.5,94.325,10
170,Gradey Dick,Toronto Raptors,G,126,319,49,120,383.7,10,12,533.3,18,55,323.3,5,21,26,20,18,6,15,2,-120,172,152,146,46,366.98458975426905,26.628071636817992,36.01582673885881,15.695960016659726,480.90295710120785,425.21116201582674,403.320283215327,82.0,10
171,Grant Williams,Charlotte Hornets,PF,128,301,48,103,474.5,18,25,488.9,14,44,405.9,14,30,44,25,27,12,21,5,-84,197,172,153,69,350.9990548204159,22.401701323251416,26.03119092627599,6.46124763705104,464.4886578449906,450.80907372400753,342.7807183364839,70.33081285444234,10
172,Grayson Allen,Phoenix Suns,SG,153,339,53,92,572.2,15,18,591.7,32,63,405.8,2,26,28,29,17,9,12,5,35,210,181,182,57,586.3072267710929,15.80562477750089,33.9562121751513,73.67532929868281,702.5126379494482,537.9654681381274,757.6689213243147,42.94731221075116,10
173,Gui Santos,Golden State Warriors,F,41,109,14,26,422.5,8,9,350.0,5,10,300.0,9,21,30,9,15,2,5,2,6,80,71,50,39,153.29132231404958,114.25,15.142561983471072,4.25,542.7128099173555,475.04132231404964,175.46280991735537,174.89256198347104,9
174,Harrison Barnes,Sacramento Kings,SF,121,285,43,101,415.2,16,21,450.0,19,49,284.3,7,29,36,13,13,4,7,1,-9,170,157,134,49,300.60330578512395,30.611570247933884,12.28595041322314,44.90082644628099,418.40000000000003,342.86776859504135,357.3388429752066,61.69421487603306,10
175,Harry III Giles,Brooklyn Nets,F,8,8,3,6,50.0,1,2,50.0,1,1,100.0,2,2,4,2,3,0,0,0,-12,14,12,10,6,46.69444444444444,10.743827160493826,3.3611111111111107,0.7901234567901234,142.66975308641975,102.23456790123456,75.1111111111111,26.123456790123452,1
176,Harry III Giles,Los Angeles Lakers,F,2,10,1,4,100.0,0,0,0.0,0,2,0.0,0,1,1,0,0,1,0,0,-15,3,3,2,1,2.055555555555556,0.5987654320987654,0.05555555555555555,0.024691358024691357,5.117283950617283,4.802469135802469,2.2222222222222223,0.8024691358024691,2
177,Haywood Highsmith,Miami Heat,F,52,156,20,35,429.5,1,4,50.0,11,19,350.0,8,16,24,12,8,3,1,0,-34,88,76,64,36,431.3515625,49.517361111111114,9.65625,23.125,825.2335069444445,732.2960069444445,496.7265625,86.73611111111111,10
178,Herbert Jones,New Orleans Pelicans,SF,95,316,31,63,449.1,18,21,600.0,15,37,335.8,5,25,30,32,31,13,15,14,10,157,125,127,62,219.46717971933003,25.308284291534633,12.18832050701675,18.52829334540516,288.12449071978267,235.62562245359894,251.72068809416024,57.74196468990493,10
179,Hunter Tyson,Denver Nuggets,F,0,7,0,3,0.0,0,0,0.0,0,3,0.0,0,1,1,0,1,0,2,0,-1,1,1,0,1,13.795918367346939,0.18367346938775514,0.32653061224489793,0.7346938775510203,14.877551020408161,10.795918367346937,18.36734693877551,0.020408163265306103,1
180,Ibou Badji,Portland Trail Blazers,C,7,32,3,4,150.0,1,2,50.0,0,0,0.0,1,2,3,4,6,0,5,3,-17,14,10,11,7,17.000000000000004,3.333333333333334,3.1874999999999996,0.0,42.354166666666664,33.0,24.687500000000007,8.1875,3
181,Immanuel Quickley,Toronto Raptors,SG,195,364,68,158,420.7,33,45,597.2,26,77,328.3,2,55,57,88,17,11,26,3,-71,340,252,283,145,477.0639999999999,39.496,197.456,20.976,930.7840000000001,541.9359999999999,785.464,317.4,10
182,Isaac Okoro,Cleveland Cavaliers,SF,86,317,33,79,426.7,6,10,225.0,14,40,408.4,9,21,30,17,24,8,12,3,-62,133,116,103,47,111.37520661157023,37.6,16.33884297520661,6.413223140495868,271.0,210.61157024793388,159.0,66.70247933884298,10
183,Isaiah Hartenstein,New York Knicks,C,96,229,41,53,807.4,14,18,580.0,0,0,0.0,30,52,82,28,28,10,9,15,129,206,178,124,110,262.57466918714556,86.99905482041588,13.781663516068054,0.0,325.6786389413989,291.9971644612477,249.47542533081284,147.5614366729679,10
184,Isaiah Jackson,Indiana Pacers,SF,89,171,36,53,744.3,17,25,608.3,0,1,0.0,23,33,56,11,26,9,9,9,26,156,145,100,67,251.23673469387754,195.6734693877551,28.902040816326533,0.0,859.4938775510204,728.8448979591838,301.4612244897959,305.0,10
185,Isaiah Joe,Oklahoma City Thunder,SG,78,181,28,67,397.9,4,4,200.0,18,46,370.0,4,17,21,15,11,3,4,1,17,114,99,93,36,178.44444444444443,11.983506944444446,29.4765625,10.5,401.90625,238.2890625,325.00434027777777,58.51736111111111,10
186,Isaiah Mobley,Cleveland Cavaliers,F,5,33,2,7,58.3,0,0,0.0,1,4,25.0,0,4,4,2,2,0,0,0,-1,11,9,7,6,0.6799999999999997,10.880000000000003,0.72,0.6800000000000002,13.32,9.0,2.1199999999999997,14.479999999999999,2
187,Isaiah Stewart,Detroit Pistons,C,106,319,40,71,587.7,10,12,516.7,16,38,409.0,10,48,58,12,11,4,10,10,-48,176,164,118,70,131.47520661157026,49.603305785123965,9.603305785123966,12.764462809917354,245.47520661157023,193.27685950413223,178.88016528925618,64.0,10
188,Ish Smith,Charlotte Hornets,PG,18,181,8,34,236.0,0,0,0.0,2,2,200.0,1,19,20,41,16,5,6,1,-90,79,38,59,61,54.36000000000001,24.0,78.09,1.5600000000000003,170.49,69.16000000000001,134.09,123.69,9
189,Ish Wainright,Phoenix Suns,F,3,11,1,6,16.7,0,0,0.0,1,4,25.0,3,2,5,1,1,1,1,0,-3,9,8,4,6,6.25,17.361111111111114,0.6944444444444445,0.6944444444444445,56.25,44.44444444444445,11.111111111111112,25.0,1
190,Ivica Zubac,LA Clippers,C,102,263,43,63,720.4,16,19,575.0,0,0,0.0,27,54,81,13,25,8,11,11,-40,196,183,115,94,146.8771345272803,47.32486463973344,6.38692211578509,0.0,210.6805497709288,174.28529779258642,157.1740941274469,79.81007913369429,10
191,JT Thor,Charlotte Hornets,F,17,99,7,15,308.3,0,0,0.0,3,8,200.0,1,12,13,6,9,0,2,3,22,36,30,23,19,45.53316326530613,15.530612244897958,4.5,4.346938775510204,71.72704081632654,75.2984693877551,46.39030612244898,15.60204081632653,10
192,JaVale McGee,Sacramento Kings,C,23,49,11,19,355.0,0,3,0.0,1,2,100.0,5,10,15,1,6,2,1,0,-4,39,38,24,16,69.09972299168975,14.329639889196676,0.8670360110803325,0.8670360110803325,115.50415512465372,118.46537396121886,70.18282548476455,11.152354570637115,7
193,Jabari Smith Jr.,Houston Rockets,PF,139,290,48,102,477.5,24,28,916.7,19,47,354.8,14,55,69,13,31,9,15,7,49,221,208,152,82,286.3686200378072,144.0500945179584,14.137051039697543,16.678638941398866,486.98865784499054,468.2807183364839,300.8894139886578,162.3742911153119,10
194,Jabari Walker,Portland Trail Blazers,F,96,250,39,76,508.4,13,18,640.0,5,14,266.7,17,53,70,13,34,7,7,0,-25,179,166,109,83,238.72400000000002,74.004,18.584,6.643999999999999,444.664,400.8,240.5,134.676,10
195,Jacob Gilyard,Brooklyn Nets,G,0,11,0,2,0.0,0,0,0.0,0,2,0.0,0,0,0,1,2,1,0,0,0,1,0,1,1,18.439446366782004,0.7785467128027681,4.737024221453287,1.6747404844290659,54.06574394463669,26.795847750865054,41.86851211072665,9.356401384083044,1
196,Jacob Gilyard,Memphis Grizzlies,G,67,192,23,49,431.8,1,1,100.0,20,42,431.8,1,13,14,39,10,9,12,2,-59,120,81,106,53,313.54325259515576,14.301038062283737,38.04498269896194,27.307958477508652,581.2387543252595,405.57439446366783,462.52249134948096,79.03114186851212,9
197,Jacob Toppin,New York Knicks,F,13,29,5,9,107.1,2,2,100.0,1,4,33.3,3,3,6,1,3,0,1,0,-18,20,19,14,7,78.05555555555556,8.722222222222221,0.5555555555555556,0.7222222222222223,130.22222222222223,136.55555555555554,72.5,8.5,2
198,Jaden Hardy,Dallas Mavericks,G,77,116,32,65,499.4,4,5,250.0,9,21,300.0,1,9,10,18,10,3,7,1,9,105,87,95,28,159.16930737890448,10.004526935264828,31.79719330013581,7.141240380262562,232.2231779085559,184.01493888637393,195.31779085559077,53.86147578089634,10
199,Jaden Ivey,Detroit Pistons,PG,144,307,53,139,389.7,26,33,691.7,12,53,220.6,10,23,33,41,25,11,31,6,-94,218,177,185,74,124.32400000000001,21.124,59.604,9.716,260.756,185.49599999999998,192.856,87.456,10
200,Jaden McDaniels,Minnesota Timberwolves,PF,120,306,48,110,431.0,10,17,348.8,14,44,337.9,12,38,50,12,36,9,10,6,-12,182,170,132,62,462.5990003844675,48.13533256439831,30.269896193771622,16.44982698961938,589.5086505190311,561.9307958477509,445.50788158400616,123.07420222991158,10
201,Jaden Springer,Boston Celtics,G,60,176,22,52,413.7,13,14,575.0,3,18,183.3,13,18,31,17,21,13,10,4,-19,108,91,77,48,228.05391190006577,51.74556213017751,30.763313609467456,2.597633136094675,684.2156476002629,480.3911900065746,368.7777777777777,145.60946745562129,10
202,Jae Crowder,Milwaukee Bucks,PF,62,199,25,50,467.9,2,2,100.0,10,25,333.3,6,18,24,10,16,9,2,1,-7,96,86,72,34,97.204,21.843999999999998,8.9,10.9,131.956,128.89600000000002,101.98400000000001,29.024,10
203,Jae'Sean Tate,Houston Rockets,SF,44,138,18,37,419.1,5,9,200.0,3,8,233.3,11,19,30,8,17,6,13,5,-15,82,74,52,38,93.23456790123457,31.6,6.0,2.1012345679012343,214.34567901234567,170.30123456790125,119.67901234567901,55.2,10
204,Jahmi'us Ramsey,Toronto Raptors,SG,47,120,18,41,306.3,5,6,175.0,6,22,183.3,4,18,22,8,10,7,7,0,-28,77,69,55,30,69.58601134215502,35.765595463138,3.0396975425330814,3.5595463137996224,97.8241965973535,109.19281663516068,77.31758034026467,19.70510396975425,7
205,Jaime Jr. Jaquez,Miami Heat,G,104,291,39,86,430.4,18,25,616.7,8,25,244.89999999999998,9,40,49,27,20,12,9,3,3,180,153,131,76,399.9229968782518,41.14984391259105,22.292403746097815,7.839750260145682,373.75650364203955,369.74921956295526,390.9687825182102,76.40374609781477,10
206,Jake LaRavia,Memphis Grizzlies,F,129,284,37,104,352.29999999999995,35,44,618.9,20,57,338.0,21,22,43,23,21,15,10,2,-49,195,172,152,66,333.45625,40.325,28.856250000000003,33.40625,529.525,426.35625000000005,428.0,77.80624999999999,10
207,Jakob Poeltl,Toronto Raptors,C,122,251,55,101,543.9,12,20,491.7,0,0,0.0,39,53,92,31,28,10,11,19,35,245,214,153,123,161.8469387755102,127.67346938775509,30.387755102040813,0.0,516.704081632653,398.98979591836735,256.6224489795918,181.0,10
208,Jalen Brunson,New York Knicks,PG,283,319,106,220,486.4,42,50,659.1,29,77,401.3,6,26,32,60,11,8,19,2,132,375,315,343,92,824.9558517284464,13.63265306122449,60.70387338608913,13.413161182840483,604.6118284048313,781.515618492295,642.3552686380676,80.03331945022907,10
209,Jalen Duren,Detroit Pistons,C,132,273,49,76,633.8,34,42,730.0,0,0,0.0,33,91,124,23,29,5,27,4,-56,279,256,155,147,263.4556213017751,187.28468113083497,26.59763313609467,0.0,921.949375410914,775.7028270874424,342.77514792899404,280.8093359631821,10
210,Jalen Green,Houston Rockets,SG,298,371,106,208,503.1,41,52,789.6,45,98,442.0,8,57,65,39,15,11,22,6,151,402,363,337,104,774.5760056959772,93.14880740477038,19.77750088999644,41.192239231043075,1112.9797080811677,1070.5286578853684,798.5179779280882,131.43538625845497,10
211,Jalen HoodSchifino,Los Angeles Lakers,G,5,11,1,6,33.3,2,4,100.0,1,3,50.0,0,2,2,0,1,0,1,0,-13,7,7,5,2,9.0,0.9799999999999999,0.020000000000000004,0.8200000000000001,13.32,14.180000000000001,8.42,0.72,2
212,Jalen Johnson,Atlanta Hawks,SF,178,339,71,149,485.0,19,29,568.3,17,46,399.9,13,75,88,44,19,7,16,11,35,310,266,222,132,520.0495867768595,92.6317722681359,50.47199265381084,14.673094582185492,1012.7970615243343,701.9265381083562,770.7750229568411,203.24885215794305,10
213,Jalen McDaniels,Toronto Raptors,PF,45,148,20,51,340.6,2,4,66.7,3,17,116.7,6,20,26,11,16,7,16,2,-73,82,71,56,37,172.936,90.78399999999999,13.8,4.4239999999999995,432.0960000000001,348.456,220.09599999999998,141.06399999999996,10
214,Jalen Pickett,Denver Nuggets,G,2,7,1,3,33.3,0,0,0.0,0,2,0.0,0,0,0,2,0,0,0,0,-1,4,2,4,2,2.8899999999999997,0.16000000000000003,1.2100000000000002,0.0,5.76,1.6900000000000002,7.839999999999999,0.48999999999999994,1
215,Jalen Slawson,Sacramento Kings,F,2,8,1,2,50.0,0,0,0.0,0,1,0.0,1,1,2,0,2,1,0,0,3,4,4,2,2,1.9171597633136093,1.5147928994082842,0.0,0.0,6.840236686390533,6.840236686390533,1.9171597633136093,1.5147928994082842,1
216,Jalen Smith,Indiana Pacers,PF,91,164,32,58,521.8,16,27,390.0,11,26,395.2,21,31,52,11,20,1,3,6,11,154,143,102,63,180.77777777777777,55.92743764172336,17.61111111111111,8.908163265306122,349.09410430839,292.73696145124717,232.5,78.1734693877551,10
217,Jalen Suggs,Orlando Magic,SG,125,276,44,91,481.90000000000003,15,21,533.3,22,54,400.8,4,27,31,31,25,14,15,4,96,187,156,156,62,324.80625,31.4,14.90625,21.65625,432.325,370.95624999999995,366.625,65.85625,10
218,Jalen Williams,Oklahoma City Thunder,F,208,302,81,156,526.9,29,33,786.7,17,42,336.6,7,30,37,47,26,14,23,12,51,292,245,255,84,419.60162969669534,24.119963784517882,40.105477591670436,18.458578542326848,639.6306020823902,502.51018560434585,526.5011317338162,94.44635581711182,10
219,Jalen Wilson,Brooklyn Nets,F,40,131,15,40,398.3,8,9,350.0,2,15,75.0,8,16,24,9,9,1,8,0,3,73,64,49,33,115.00297441998809,31.847709696609158,7.392623438429506,2.1713265913146937,267.2546103509816,210.2331945270672,147.53539559785844,63.72932778108269,10
220,Jamal Cain,Miami Heat,F,9,25,2,5,100.0,4,4,200.0,1,2,100.0,2,3,5,3,2,1,2,0,-5,17,14,12,8,8.083333333333334,2.0,2.037037037037037,0.6759259259259259,24.453703703703706,15.416666666666668,16.675925925925927,4.481481481481482,3
221,Jamal Murray,Denver Nuggets,PG,227,360,87,190,450.6,33,39,861.4,20,50,410.0,10,43,53,82,18,16,22,3,51,362,280,309,135,463.3490304709141,47.16481994459834,73.01523545706371,20.02770083102493,650.9362880886429,468.5,620.0124653739612,145.95290858725764,10
222,James Bouknight,Charlotte Hornets,SG,10,13,4,10,83.3,0,0,0.0,2,7,58.3,0,0,0,0,0,1,1,0,13,10,10,10,0,18.0,0.0,0.0,0.72,18.0,18.0,18.0,0.0,2
223,James Harden,LA Clippers,SG,142,358,47,118,401.9,28,30,925.0,20,66,261.1,5,45,50,103,17,10,24,6,-27,295,192,245,153,137.984,52.144,79.944,25.296,310.58400000000006,201.20000000000005,236.856,142.6,10
224,James Johnson,Indiana Pacers,PF,4,12,1,4,33.3,2,2,100.0,0,1,0.0,0,0,0,2,3,0,1,1,-2,6,4,6,2,2.6122448979591835,0.0,0.6530612244897959,0.0,5.877551020408163,2.6122448979591835,5.877551020408163,0.6530612244897959,2
225,James Wiseman,Detroit Pistons,C,110,227,42,71,535.3,26,30,620.8,0,0,0.0,23,58,81,13,23,1,18,7,-74,204,191,123,94,311.609778180172,64.77274784970574,14.119963784517882,0.0,550.9053870529651,465.71797193300137,400.5092802172929,75.18062471706654,10
226,Jamie Jr. Jaquez,Miami Heat,G,22,71,8,22,114.3,4,5,175.0,2,10,45.0,1,2,3,6,7,0,3,0,-46,31,25,28,9,42.35416666666667,2.083333333333333,2.083333333333333,0.6666666666666667,42.354166666666664,63.1875,25.6875,0.0,3
227,Jarace Walker,Indiana Pacers,F,34,141,12,34,332.2,2,2,100.0,8,20,300.0,3,25,28,17,11,5,7,6,32,79,62,51,45,127.584,46.656000000000006,62.20000000000001,7.999999999999999,496.45599999999996,289.936,269.62399999999997,173.33599999999998,10
228,Jared Butler,Washington Wizards,SG,65,201,27,71,379.7,7,7,400.0,4,26,103.4,5,17,22,47,17,10,21,3,-26,134,87,112,69,169.00625000000002,19.825000000000003,146.35625,4.425000000000001,553.625,181.50625000000002,470.5,236.80625,10
229,Jared Rhoden,Detroit Pistons,G,19,67,8,15,203.3,0,0,0.0,3,7,133.3,0,11,11,4,8,1,4,4,-20,34,30,23,15,28.765625,8.8125,6.140625,0.765625,51.0625,69.015625,19.0,6.765625,4
230,Jaren Jackson Jr.,Memphis Grizzlies,PF,228,341,82,192,434.7,48,65,723.9,16,55,282.9,21,46,67,31,43,16,28,22,-111,326,295,259,98,451.765306122449,151.61111111111111,33.12244897959184,12.444444444444445,663.1111111111111,842.233560090703,346.5,110.87641723356012,10
231,Jarred Vanderbilt,Los Angeles Lakers,PF,68,142,26,42,412.7,13,17,375.0,3,5,166.7,12,22,34,12,8,16,11,2,23,114,102,80,46,111.33333333333334,59.333333333333336,18.0,3.5,362.0,274.0,157.33333333333334,119.33333333333334,6
232,Jarrett Allen,Cleveland Cavaliers,C,170,320,67,103,637.4,36,45,787.4,0,0,0.0,20,83,103,25,15,4,12,9,-42,298,273,195,128,275.74876033057853,172.03471074380167,20.500826446280993,0.0,780.7206611570248,703.0297520661156,310.3256198347107,235.6495867768595,10
233,Jason Preston,Utah Jazz,G,4,25,2,6,66.6,0,0,0.0,0,0,0.0,2,4,6,7,1,0,1,0,10,17,10,11,13,1.2800000000000002,4.275555555555554,7.879999999999999,0.0,32.55555555555556,8.96888888888889,13.32,23.70222222222222,2
234,Javon Freeman-Liberty,Toronto Raptors,G,71,196,25,56,347.7,18,20,730.0,3,20,108.3,6,26,32,20,14,4,11,2,-54,123,103,91,52,242.84,12.09,7.876666666666667,2.3600000000000003,340.96,322.25,254.2233333333333,27.293333333333326,9
235,Javonte Green,Chicago Bulls,G,5,19,2,3,66.7,0,0,0.0,1,1,100.0,0,4,4,1,2,0,2,1,26,10,9,6,5,0.0,0.0,0.0,0.0,0.0,0.0,0.0,0.0,1
236,Jaxson Hayes,Los Angeles Lakers,C,61,162,22,29,754.0,17,25,675.0,0,0,0.0,13,34,47,2,25,1,12,3,-8,110,108,63,49,130.77777777777777,90.2265625,1.9835069444444446,0.0,294.15625,274.62934027777777,144.6640625,97.85069444444444,10
237,Jay Huff,Denver Nuggets,C,3,5,1,2,50.0,0,0,0.0,1,2,50.0,0,0,0,0,2,0,0,0,-3,3,3,3,0,4.25390625,0.31640625,0.0,0.66015625,2.25,2.25,4.25390625,0.31640625,1
238,Jaylen Brown,Boston Celtics,SG,291,337,112,217,515.3,38,60,625.9,29,73,398.6,19,38,57,28,24,16,16,0,100,376,348,319,85,524.5694444444443,104.84104938271606,19.60030864197531,18.771604938271608,878.3780864197531,821.9567901234568,556.1604938271606,149.2716049382716,10
239,Jaylin Williams,Oklahoma City Thunder,F,30,118,11,27,358.3,1,1,100.0,7,19,358.2,3,31,34,8,14,4,8,3,-16,72,64,38,42,48.046487603305785,46.98037190082645,8.319214876033058,2.103305785123967,127.61673553719008,135.35537190082644,42.0,53.607438016528924,10
240,Jayson Tatum,Boston Celtics,SF,284,364,94,210,447.1,60,71,840.7,36,82,430.5,12,55,67,53,18,12,29,6,81,404,351,337,120,379.70975056689343,90.51927437641723,42.41043083900227,20.781179138321995,411.9183673469388,570.1111111111111,280.9954648526077,73.45124716553288,10
241,Jeenathan Williams,Houston Rockets,G,12,26,6,10,133.4,0,2,0.0,0,0,0.0,3,3,6,0,5,1,0,0,18,18,18,12,6,44.90534979423869,4.7818930041152266,0.037037037037037035,0.0,67.68312757201646,69.67078189300412,43.559670781893004,4.176954732510288,3
242,Jeff Dowtin,Philadelphia 76ers,G,31,81,11,19,237.1,2,2,100.0,7,14,216.7,1,9,10,16,0,4,3,1,18,57,41,47,26,139.5,16.816326530612244,32.816326530612244,5.051020408163265,380.4795918367347,197.17346938775512,289.1734693877551,83.26530612244898,6
243,Jeff Green,Houston Rockets,PF,84,177,30,65,411.4,9,11,325.0,15,36,395.0,3,24,27,8,11,2,4,5,34,119,111,92,35,334.56747404844293,38.59092656670511,1.7039600153787007,14.508650519031141,502.9515570934256,516.1318723567858,326.1353325643983,35.54671280276817,10
244,Jerami Grant,Portland Trail Blazers,SF,169,342,56,142,386.6,38,46,711.3,19,49,402.0,6,19,25,35,18,14,28,2,-77,229,194,204,60,473.98961937716257,45.9204152249135,32.71626297577855,5.083044982698962,888.6262975778548,739.6678200692041,583.0934256055364,118.49134948096886,10
245,Jeremiah Robinson-Earl,New Orleans Pelicans,F,28,92,11,25,269.6,4,7,80.0,2,10,100.0,9,12,21,10,6,3,3,1,37,59,49,38,31,80.47750865051903,40.536332179930795,29.792387543252598,1.640138408304498,259.0,173.02768166089965,137.41868512110727,99.3598615916955,8
246,Jeremy Sochan,San Antonio Spurs,F,142,308,56,132,405.9,18,25,583.4,12,48,242.79999999999998,21,64,85,33,20,14,23,11,-10,260,227,175,118,541.4519890260631,147.49108367626886,39.499314128943766,10.68655692729767,802.1021947873801,913.5123456790122,444.68655692729766,172.3456790123457,10
247,Jericho Sims,New York Knicks,C,11,149,5,9,266.7,1,2,50.0,0,0,0.0,16,25,41,5,11,5,5,5,17,57,52,16,46,29.125,85.20625,5.00625,0.0,183.0,165.85625000000002,38.05625,98.425,10
248,Jerome Robinson,Golden State Warriors,SG,10,17,4,10,40.0,1,2,50.0,1,6,16.7,0,0,0,1,1,0,0,1,-2,11,10,11,1,68.0625,0.140625,0.5625,0.765625,74.390625,62.015625,81.0,0.140625,1
249,Jett Howard,Orlando Magic,G,0,5,0,1,0.0,0,0,0.0,0,1,0.0,0,0,0,0,1,0,0,0,-5,0,0,0,0,0.25,0.0,0.0,0.027777777777777776,0.25,0.25,0.25,0.0,1
250,Jevon Carter,Chicago Bulls,PG,45,146,18,36,398.5,1,2,50.0,8,21,241.7,1,8,9,13,10,2,4,1,14,67,54,58,22,176.5147928994083,13.68113083497699,8.11111111111111,7.651545036160421,263.33399079552925,219.41091387245234,203.65154503616043,38.57856673241289,10
251,Jimmy Butler,Miami Heat,SF,211,348,72,144,494.6,58,67,837.2,9,27,333.3,12,34,46,53,15,14,19,3,59,310,257,264,99,554.3877551020408,42.23673469387755,36.2,9.065306122448979,770.0326530612244,564.1183673469387,726.7591836734694,111.97959183673468,10
252,Jock Landale,Houston Rockets,C,101,217,39,59,669.6,18,22,483.3,5,9,350.0,25,27,52,24,21,3,9,14,104,177,153,125,76,196.08641975308643,88.5679012345679,35.01234567901235,5.044444444444445,631.9827160493826,499.3111111111111,287.1777777777778,165.16049382716048,10
253,Joe Harris,Detroit Pistons,SF,2,12,1,3,33.3,0,0,0.0,0,1,0.0,0,0,0,0,1,0,0,0,-5,2,2,2,0,0.0,0.0,0.0,0.0,0.0,0.0,0.0,0.0,1
254,Joe Ingles,Orlando Magic,SG,33,165,10,18,363.3,5,6,250.0,8,16,325.0,1,17,18,26,12,7,10,0,30,77,51,59,44,112.43753380205516,9.67009194159005,20.54624121146566,9.600865332612223,150.1043807463494,105.0,152.9394267171444,34.81882098431585,10
255,Joel Embiid,Philadelphia 76ers,C,45,61,16,38,82.8,9,12,170.0,4,10,83.3,2,12,14,5,6,2,10,0,-41,64,59,50,19,144.5,0.0,0.5,0.0,162.0,144.5,162.0,0.5,2
256,John Collins,Utah Jazz,PF,180,276,65,116,562.2,35,44,752.5,15,31,478.9,23,61,84,8,27,6,15,11,-22,272,264,188,92,232.94444444444443,128.90625,6.796006944444445,6.8515625,550.2890625,502.1006944444444,259.9765625,156.85850694444446,10
257,John Konchar,Memphis Grizzlies,SG,57,299,19,46,385.8,8,9,266.7,11,29,391.6,19,45,64,29,20,13,17,9,-3,150,121,86,93,131.325,70.55625,15.0,7.125,291.05625,223.40625,166.425,118.10624999999999,10
258,Johnny Davis,Washington Wizards,G,36,153,15,38,354.7,3,4,150.0,3,13,83.3,3,12,15,10,12,3,0,6,-61,61,51,46,25,68.40066638900457,14.509371095376924,12.016659725114536,4.122032486463974,168.94002498958767,114.90503956684715,122.4106622240733,26.551020408163268,10
259,Johnny Juzang,Utah Jazz,G,58,155,22,48,336.9,0,0,0.0,14,36,269.2,4,14,18,6,12,0,4,0,-7,82,76,64,24,304.33996539792383,25.12110726643599,4.25,24.51297577854671,358.36678200692046,384.734429065744,274.9134948096886,32.42993079584775,9
260,Jonas Valanciunas,New Orleans Pelicans,C,64,176,27,54,532.7,9,12,400.0,1,11,50.0,13,56,69,14,24,2,9,5,-7,147,133,78,83,131.18333926664292,48.84763260946956,20.616589533641868,0.9786400854396584,193.75827696689217,222.31719473122098,127.97508009967959,44.113563545745826,10
261,Jonathan Isaac,Orlando Magic,PF,105,177,39,58,687.0,10,13,383.4,17,27,610.0,12,37,49,5,10,7,3,14,73,159,154,110,54,304.40123456790127,32.91512345679012,4.6234567901234565,12.655864197530864,415.5694444444444,455.00771604938274,276.04938271604937,26.45216049382716,10
262,Jonathan Kuminga,Golden State Warriors,PF,202,306,78,150,521.6,38,48,706.7,8,20,300.1,9,39,48,23,32,10,20,4,15,273,250,225,71,280.5388429752066,71.60000000000001,12.084297520661158,9.682644628099174,320.6,280.9388429752066,319.0,84.88429752066116,10
263,Jontay Porter,Toronto Raptors,C,49,159,18,41,352.3,4,6,150.0,9,26,230.4,10,23,33,32,11,10,13,9,-28,114,82,81,65,215.4023668639053,32.251479289940825,58.16863905325444,15.943786982248522,472.0,275.0917159763314,386.0976331360947,116.63313609467455,10
264,Jordan Clarkson,Utah Jazz,PG,161,328,58,144,353.7,31,35,737.9,14,53,206.6,7,29,36,63,18,10,23,0,-70,260,197,224,99,997.7040000000001,105.584,77.096,20.799999999999997,1416.5439999999999,1383.176,1014.2560000000001,199.49600000000004,10
265,Jordan Goodwin,Memphis Grizzlies,G,71,257,29,86,350.5,5,12,225.0,8,31,229.89999999999998,13,33,46,42,16,16,17,10,-68,159,117,113,88,126.34693877551021,125.45124716553288,71.55102040816327,3.927437641723356,424.77777777777777,290.328798185941,134.67346938775506,323.12471655328795,10
266,Jordan Hawkins,New Orleans Pelicans,G,45,112,16,52,354.8,4,5,150.0,9,34,190.0,2,11,13,8,6,1,2,2,9,66,58,53,21,190.27424152290305,16.614515169541942,7.646638905413444,11.483045806067816,267.7549077929804,244.58298631766803,215.93634741225463,21.770969660916123,10
267,Jordan McLaughlin,Minnesota Timberwolves,PG,61,163,21,34,594.4,4,4,200.0,15,24,411.1,5,17,22,25,7,5,3,2,65,108,83,86,47,167.07844990548202,27.72400756143668,23.70982986767486,24.618147448015122,190.94517958412098,206.7381852551985,148.07939508506615,54.639886578449904,10
268,Jordan Miller,LA Clippers,G,4,5,1,1,100.0,2,2,100.0,0,0,0.0,0,1,1,0,0,0,0,0,3,5,5,4,1,9.679012345679013,0.44444444444444453,0.0,0.0,14.271604938271604,14.271604938271604,9.679012345679013,0.44444444444444453,1
269,Jordan Nwora,Toronto Raptors,SF,103,184,42,77,541.1,8,10,416.7,11,33,334.9,1,36,37,11,10,12,18,5,-33,151,140,114,48,182.77777777777777,41.79012345679013,8.930864197530864,7.444444444444445,234.56049382716046,261.60493827160496,153.5901234567901,52.864197530864196,10
270,Jordan Poole,Washington Wizards,SG,191,304,71,154,437.5,20,21,680.0,29,77,373.3,5,26,31,53,30,10,27,1,-67,275,222,244,84,909.6511479591837,37.258290816326536,96.20727040816327,17.074617346938776,1236.1460459183675,1047.3188775510205,1068.686224489796,163.2576530612245,10
271,Jordan Walsh,Boston Celtics,G,2,27,1,4,100.0,0,0,0.0,0,2,0.0,2,4,6,1,5,2,2,1,24,9,8,3,7,2.8099173553719012,13.355371900826448,0.8347107438016528,0.0,1.1983471074380163,4.0,6.68595041322314,7.512396694214876,2
272,Jose Alvarado,New Orleans Pelicans,PG,66,206,22,58,360.1,7,10,350.0,15,33,450.4,6,19,25,23,19,8,5,1,32,114,91,89,48,183.54768846314033,40.87588504789671,32.73011245314452,14.551020408163264,466.5414410662224,311.7371928363182,292.3785922532278,119.57934194085799,10
273,Josh Giddey,Oklahoma City Thunder,SG,163,251,68,126,534.7,10,14,363.6,17,44,366.1,19,54,73,49,16,4,15,4,53,285,236,212,122,593.9770710059172,85.78994082840237,35.33136094674556,22.426775147928993,722.9652366863904,718.7610946745563,557.9386094674555,161.3639053254438,10
274,Josh Green,Dallas Mavericks,SG,67,259,28,55,498.7,4,5,80.0,7,23,270.0,11,24,35,13,16,11,9,2,-34,115,102,80,48,175.42568370986916,41.573127229488705,10.20332936979786,7.416171224732463,227.9346016646849,241.15576694411413,176.20927467300828,37.77170035671819,10
275,Josh Hart,New York Knicks,SG,100,400,41,101,404.3,11,14,358.3,7,38,157.6,23,87,110,57,23,11,17,2,114,267,210,157,167,284.31139053254435,198.94674556213016,146.426775147929,8.125,1121.4940828402366,710.2167159763314,594.4763313609467,446.48594674556216,10
276,Josh Minott,Minnesota Timberwolves,F,0,5,0,0,0.0,0,0,0.0,0,0,0.0,0,4,4,0,0,0,0,0,6,4,4,0,4,4.0,10.97265625,0.015625,0.140625,1.41015625,1.72265625,4.515625,10.16015625,1
277,Josh Okogie,Phoenix Suns,SF,42,135,13,32,323.8,10,11,350.0,6,14,300.0,15,6,21,11,5,7,10,2,-6,74,63,53,32,142.86200378071834,13.037807183364839,7.249527410207938,6.5482041587901705,206.89603024574666,195.4990548204159,148.89792060491493,25.648393194706994,10
278,Josh Richardson,Miami Heat,SG,98,211,38,76,433.2,6,6,200.0,16,45,301.7,4,26,30,19,16,5,3,2,3,147,128,117,49,296.8888888888889,20.0,10.88888888888889,27.555555555555557,468.0,427.55555555555554,344.0,24.22222222222222,9
279,Joshua Primo,LA Clippers,G,0,5,0,1,0.0,0,0,0.0,0,0,0.0,1,0,1,0,0,0,1,0,1,1,1,0,1,0.0,0.0,0.0,0.0,0.0,0.0,0.0,0.0,1
280,Jrue Holiday,Boston Celtics,PG,114,323,45,81,564.5,4,4,200.0,20,44,531.8,8,25,33,55,13,14,17,11,120,202,147,169,88,82.40532544378698,48.251479289940825,52.514792899408285,6.014792899408284,209.71597633136096,168.31360946745562,164.9023668639053,59.6715976331361,10
281,Jules Bernard,Washington Wizards,G,40,75,15,32,366.2,3,5,200.0,7,13,335.0,6,7,13,10,6,2,3,1,16,63,53,50,23,172.68343195266272,10.150887573964496,12.281065088757396,5.0,273.1568047337278,211.7337278106509,233.89349112426038,22.644970414201183,6
282,Julian Champagnie,San Antonio Spurs,F,80,251,26,61,357.5,10,13,466.7,18,44,302.5,3,22,25,13,11,8,9,6,14,118,105,93,38,371.9231043075827,40.650409398362406,20.12993948024208,34.0,724.8059807760769,596.7750088999644,462.81986472054115,97.91456034175864,10
283,Julian Phillips,Chicago Bulls,F,39,132,13,31,272.9,7,8,266.7,6,13,283.4,6,12,18,5,12,5,3,1,-11,62,57,44,23,170.91975308641975,27.290123456790123,6.777777777777779,6.401234567901234,314.4444444444444,289.44444444444446,184.5493827160494,45.43827160493827,10
284,Julian Strawther,Denver Nuggets,G,23,49,8,22,83.0,4,4,200.0,3,15,48.6,1,4,5,5,4,1,4,0,-3,33,28,28,10,109.21107266435988,7.785467128027682,4.155709342560553,2.664359861591696,179.68512110726644,159.68166089965396,123.28373702422144,17.8719723183391,3
285,Julius Randle,New York Knicks,PF,66,99,23,48,142.2,14,14,300.0,6,11,195.0,8,17,25,18,7,1,10,0,25,109,91,84,43,98.0,2.666666666666667,14.0,2.0,140.66666666666669,120.66666666666666,126.0,8.666666666666668,3
286,Justin Champagnie,Washington Wizards,SF,53,142,17,46,209.3,10,12,250.0,9,30,158.3,11,17,28,11,11,6,8,5,-40,92,81,64,39,261.1280276816609,77.18685121107268,7.785467128027682,9.512110726643598,676.4325259515571,603.0,309.97923875432525,109.55363321799308,7
287,Justin Holiday,Denver Nuggets,SF,37,149,14,31,359.0,0,0,0.0,9,21,291.7,1,12,13,16,12,5,1,2,29,66,50,53,29,211.36396559529197,12.10547759167044,46.43458578542327,15.103214124038027,401.03033046627434,270.9298325033952,314.8533272974197,85.15119963784518,10
288,Justin Minaya,Portland Trail Blazers,F,12,99,4,17,149.89999999999998,1,2,50.0,3,14,116.6,6,10,16,4,5,3,3,2,-39,32,28,16,20,22.015625,16.59765625,2.6806640625,2.00390625,48.6962890625,53.69140625,17.8603515625,18.4384765625,9
289,Jusuf Nurkic,Phoenix Suns,C,85,269,36,70,529.5,13,32,305.4,0,0,0.0,38,86,124,35,31,7,26,10,15,244,209,120,159,51.68400000000001,234.144,33.4,0.0,406.596,377.156,68.40399999999998,280.264,10
290,Karl-Anthony Towns,Minnesota Timberwolves,C,193,306,66,146,451.8,41,47,734.2,20,56,341.5,20,55,75,29,33,8,24,8,98,297,268,222,104,265.0493827160493,98.62345679012346,46.91975308641975,18.771604938271604,548.530864197531,414.4012345679012,362.2777777777778,182.44444444444443,10
291,Kawhi Leonard,LA Clippers,SF,212,322,81,152,532.3,38,44,815.0,12,37,310.8,14,40,54,27,7,9,20,10,45,293,266,239,81,418.47257653061223,56.5,5.479591836734695,9.40625,516.0389030612245,469.7940051020408,443.5746173469388,83.12244897959184,10
292,Keegan Murray,Sacramento Kings,SF,149,348,55,123,437.9,17,22,366.7,22,66,318.9,14,45,59,16,26,9,8,9,30,224,208,165,75,323.3873264506942,89.5681737273051,17.020291918832324,35.60911356354575,600.9298682805269,451.8967604129584,446.5080099679601,132.50088999644004,10
293,Keita Bates-Diop,Brooklyn Nets,SF,35,85,12,20,615.0,6,6,300.0,5,11,350.0,3,10,13,5,1,2,5,4,-13,53,48,40,18,52.10000000000001,16.81111111111111,4.677777777777777,5.4,94.5,87.3777777777778,51.511111111111106,29.2,10
294,Keldon Johnson,San Antonio Spurs,SF,161,296,57,117,483.40000000000003,23,28,580.0,24,60,411.6,15,44,59,19,13,4,8,1,-48,239,220,180,78,315.33767361111114,57.40017361111111,20.944444444444446,30.625,361.9027777777777,385.0694444444445,327.4765625,43.0390625,10
295,Kelly Olynyk,Toronto Raptors,PF,141,290,57,99,577.4,16,21,480.0,11,27,383.3,17,40,57,59,42,10,38,8,-106,257,198,200,116,265.03165347771755,29.67555185339442,89.46314035818409,10.549354435651813,442.9291961682633,358.5231153685964,343.95918367346934,124.61724281549354,10
296,Kelly Oubre Jr.,Philadelphia 76ers,SG,176,336,66,166,399.7,31,43,559.5,13,49,229.89999999999998,20,45,65,25,25,11,19,10,-31,266,241,201,90,157.12033833141098,105.9196462898885,26.66243752402922,10.2079969242599,385.9031141868512,372.18723567858507,177.11226451364863,126.30603613994617,10
297,Kendall Brown,Indiana Pacers,SG,3,12,1,1,100.0,1,2,50.0,0,0,0.0,1,0,1,0,1,0,0,0,1,4,4,3,1,4.61218836565097,0.5678670360110804,0.44875346260387805,0.0,8.005540166204986,8.354570637119114,4.61218836565097,0.6675900277008311,2
298,Kenneth Lofton Jr.,Philadelphia 76ers,F,2,5,1,4,25.0,0,0,0.0,0,2,0.0,0,1,1,0,0,0,0,0,-4,3,3,2,1,0.0,0.0,0.0,0.0,0.0,0.0,0.0,0.0,1
299,Kenrich Williams,Oklahoma City Thunder,SF,47,144,19,42,396.70000000000005,2,2,100.0,7,22,250.0,18,24,42,15,17,10,2,1,11,104,89,62,57,111.43383742911153,63.79300567107751,9.70982986767486,6.318525519848771,250.32230623818526,208.67863894139887,133.60302457466918,92.9773156899811,10
300,Kentavious Caldwell-Pope,Denver Nuggets,SG,89,318,33,68,475.9,5,5,300.0,18,42,393.3,3,21,24,28,21,15,13,11,72,141,113,117,52,121.56944444444444,26.6640625,33.3515625,9.608506944444445,202.94444444444446,192.7126736111111,110.19184027777777,81.625,10
301,Kenyon Martin Jr.,Philadelphia 76ers,F,47,162,18,37,486.1,8,12,400.0,3,8,250.0,11,22,33,13,31,4,7,3,6,93,80,60,46,120.96539792387543,129.44444444444446,18.101883890811227,2.1064975009611686,554.4848135332564,438.1353325643983,207.01422529796233,177.8469819300269,10
302,Keon Ellis,Sacramento Kings,G,73,271,28,53,482.4,3,5,200.0,14,33,377.7,4,26,30,19,26,16,4,10,62,122,103,92,49,294.1415289256198,36.12913223140496,31.282024793388427,14.509297520661157,563.4018595041323,412.03719008264466,411.06198347107437,101.85537190082646,10
303,Keon Johnson,Brooklyn Nets,G,12,26,3,8,73.3,4,4,100.0,2,4,133.3,2,1,3,2,2,2,2,0,-9,17,15,14,5,18.88888888888889,0.5555555555555556,2.2222222222222223,0.22222222222222227,27.222222222222225,13.888888888888888,34.0,1.0,2
304,Kessler Edwards,Sacramento Kings,SF,24,72,9,24,206.7,1,2,50.0,5,15,211.7,3,12,15,4,8,4,1,1,14,43,39,28,19,90.8888888888889,19.0,2.3950617283950617,4.6913580246913575,140.87654320987656,124.2222222222222,97.4320987654321,31.506172839506174,8
305,Kevin Durant,Phoenix Suns,PF,251,359,101,181,542.6,25,30,651.4,24,55,440.4,5,68,73,41,14,10,36,14,30,365,324,292,114,1030.8593964334705,83.11454046639231,27.534293552812073,22.64746227709191,1609.0322359396432,1383.4540466392318,1212.641975308642,154.44444444444443,10
306,Kevin Huerter,Sacramento Kings,SG,72,231,29,79,330.1,2,4,100.0,12,45,205.0,6,24,30,25,23,8,11,2,5,127,102,97,55,288.7933884297521,30.44995408631772,4.61248852157943,16.24793388429752,456.10743801652893,441.77777777777777,290.6730945821855,47.51239669421488,10
307,Kevin Knox II,Detroit Pistons,SF,22,89,9,26,148.9,3,3,200.0,1,11,33.3,3,11,14,4,9,2,6,0,21,40,36,26,18,115.33333333333334,19.333333333333336,3.3333333333333335,0.8333333333333335,167.33333333333331,188.0,101.33333333333334,16.0,6
308,Kevin Love,Miami Heat,PF,88,158,30,62,483.6,10,14,208.3,18,45,387.4,10,55,65,19,20,3,10,3,31,172,153,107,84,362.530612244898,61.03061224489795,13.244897959183673,16.97959183673469,574.7448979591837,534.5,405.0,72.05102040816325,10
309,Kevon Looney,Golden State Warriors,F,30,114,13,23,560.0,4,9,125.0,0,0,0.0,6,27,33,10,20,1,4,4,28,73,63,40,43,40.00865051903114,40.62629757785467,4.008650519031142,0.0,82.93079584775086,98.76989619377163,28.034602076124568,40.76989619377162,10
310,Keyontae Johnson,Oklahoma City Thunder,F,5,39,2,8,66.7,0,0,0.0,1,2,100.0,2,4,6,2,4,0,2,0,-15,13,11,7,8,20.0,7.0,1.2653061224489797,0.8163265306122451,29.69387755102041,35.0,17.26530612244898,5.6938775510204085,5
311,Keyonte George,Utah Jazz,G,175,335,58,147,384.7,40,44,925.8,19,69,280.0,0,35,35,53,16,6,37,2,-114,263,210,228,88,532.273622653124,32.63004001231148,40.53031702062174,29.166204986149584,546.3714989227454,490.5650969529086,621.95567867036,39.28470298553401,10
312,Khris Middleton,Milwaukee Bucks,SF,153,297,59,122,512.5,18,21,517.5,17,45,441.9,12,43,55,62,37,9,23,4,26,270,208,215,117,288.187145557656,62.58412098298676,70.71455576559546,4.1001890359168245,499.1001890359168,318.9413988657845,426.64461247637064,175.0,10
313,Killian Hayes,Detroit Pistons,PG,18,79,7,14,209.6,1,3,33.3,3,6,100.0,0,15,15,20,4,0,5,2,-12,53,33,38,35,27.0,18.75,54.0,2.75,252.75,74.75,153.0,124.75,4
314,Kira Lewis Jr.,Utah Jazz,PG,17,45,6,15,94.4,3,4,75.0,2,5,83.3,2,4,6,7,1,0,4,0,-25,30,23,24,13,98.06139438085327,17.30072840790843,12.771071800208116,1.2341311134235173,264.38085327783557,195.6181061394381,147.66493236212276,49.23100936524454,4
315,Klay Thompson,Golden State Warriors,SG,199,292,72,161,442.4,14,15,550.0,41,101,401.8,5,21,26,24,13,6,16,4,24,249,225,223,50,378.85785123966946,27.593388429752064,40.45289256198347,15.912396694214877,462.21322314049587,409.41322314049586,439.9553719008265,59.74876033057851,10
316,Kobe Brown,LA Clippers,G,6,32,3,7,200.0,0,0,0.0,0,2,0.0,4,6,10,2,5,0,3,0,-20,18,16,8,12,13.0,12.711999999999998,1.7120000000000002,0.008,22.128000000000004,16.352000000000004,10.552,22.648000000000003,5
317,Kobe Bufkin,Atlanta Hawks,G,27,81,11,31,158.4,1,2,50.0,4,14,115.0,1,10,11,14,6,3,4,1,21,52,38,41,25,72.63265306122449,3.9795918367346945,14.959183673469388,2.836734693877551,134.6326530612245,95.83673469387756,113.83673469387753,16.53061224489796,5
318,Kobi Simmons,Toronto Raptors,G,9,41,4,12,66.7,0,0,0.0,1,5,50.0,1,2,3,6,4,5,1,1,-24,18,12,15,9,13.888888888888888,0.5555555555555556,20.0,0.5555555555555556,0.0,20.0,0.5555555555555558,13.88888888888889,2
319,Kris Dunn,Utah Jazz,G,44,206,19,45,358.5,0,0,0.0,6,18,250.0,9,15,24,32,25,9,8,3,-52,100,68,76,56,110.6015625,18.43402777777778,27.608506944444443,6.625,297.65625,156.75434027777777,221.06944444444443,76.4765625,10
320,Kris Murray,Portland Trail Blazers,F,84,299,34,83,404.2,6,10,233.4,10,38,183.29999999999998,15,33,48,19,18,11,11,7,-39,151,132,103,67,448.48979591836735,31.6734693877551,12.961734693877553,14.003188775510203,515.7576530612245,562.9795918367347,403.53316326530614,42.369897959183675,10
321,Kristaps Porzingis,Boston Celtics,C,204,298,70,153,467.0,40,43,933.3,24,63,391.1,24,43,67,19,27,9,12,16,95,290,271,223,86,114.67777777777776,104.60000000000001,9.444444444444443,20.944444444444443,396.09999999999997,367.34444444444443,149.70000000000002,107.77777777777777,10
322,Kyle Anderson,Minnesota Timberwolves,SF,92,287,37,79,449.3,16,22,560.0,2,5,100.0,12,32,44,54,19,12,8,6,72,190,136,146,98,113.50434027777777,16.43402777777778,21.275173611111107,1.6111111111111114,144.06944444444449,134.96267361111111,110.15625,50.1640625,10
323,Kyle Kuzma,Washington Wizards,SF,237,356,90,180,514.6,43,56,755.3,14,44,261.9,3,60,63,57,26,7,29,6,-34,357,300,294,120,396.2493239588967,34.766360194699836,69.1211465657112,16.581936181719847,638.7295835586802,471.5586803677663,554.3558680367768,112.9518658734451,10
324,Kyle Lowry,Philadelphia 76ers,PG,69,278,22,61,334.6,12,16,525.0,13,41,303.3,3,23,26,36,17,11,13,2,-55,131,95,105,62,164.66398831263697,23.417092768444117,74.56829802775749,6.161431701972242,206.18188458728997,207.19430241051862,122.02410518626736,139.6128560993426,10
325,Kyrie Irving,Dallas Mavericks,PG,236,350,93,188,495.0,23,24,600.0,27,75,343.9,7,40,47,64,20,15,20,4,81,347,283,300,111,371.9214876033057,36.207644628099175,104.56198347107438,18.191115702479337,790.125,449.5051652892562,675.3099173553719,178.00103305785123,10
326,LaMelo Ball,Charlotte Hornets,PG,32,55,12,37,66.1,5,6,150.0,3,17,34.7,1,5,6,15,10,3,7,0,-49,53,38,47,21,2.0,2.0,0.5,0.5,4.5,8.0,0.5,0.5,2
327,Lamar Stevens,Memphis Grizzlies,PF,120,214,47,101,489.6,21,23,533.3,5,19,325.0,10,28,38,9,16,7,9,6,-29,167,158,129,47,240.36281179138322,34.775510204081634,9.117913832199546,2.64172335600907,375.0,291.83219954648524,322.9183673469388,44.50566893424036,10
328,Landry Shamet,Washington Wizards,SG,55,184,20,55,273.1,7,7,300.0,8,35,104.1,4,10,14,8,12,4,9,2,-68,77,69,63,22,330.90000000000003,22.5,5.700000000000001,15.624999999999998,463.7,413.80000000000007,373.0,35.99999999999999,10
329,Larry Nance Jr.,New Orleans Pelicans,PF,67,246,27,43,580.3,11,14,383.4,2,5,133.3,15,32,47,20,14,12,3,2,41,134,114,87,67,186.71267361111111,75.73350694444444,10.01736111111111,1.6085069444444444,332.94444444444446,329.15625,198.1640625,78.08767361111111,10
330,Lauri Markkanen,Utah Jazz,PF,223,347,68,170,401.2,57,60,956.7,30,80,363.3,20,49,69,26,14,11,18,4,-42,318,292,249,95,325.8852157943067,129.38934802571166,45.6455463728191,34.03673094582186,653.2984389348026,509.23966942148763,447.26446280991735,197.71441689623506,10
331,LeBron James,Los Angeles Lakers,SF,257,360,93,167,555.0,55,69,747.0,16,42,356.6,6,77,83,95,10,10,39,3,80,435,340,352,178,392.7369614512471,108.41836734693877,35.45804988662132,8.0,411.31632653061223,308.00566893424036,496.9795918367347,142.94444444444446,10
332,Leaky Black,Charlotte Hornets,F,27,151,8,25,232.1,7,10,275.0,4,10,150.0,5,21,26,13,12,2,3,2,-31,66,53,40,39,88.0,30.96,8.41,8.25,118.49000000000001,84.96000000000001,110.40999999999998,50.49,9
333,Leonard Miller,Minnesota Timberwolves,F,0,5,0,1,0.0,0,0,0.0,0,0,0.0,0,0,0,2,0,0,0,0,8,2,0,2,2,0.03305785123966942,0.20661157024793386,0.8264462809917357,0.0,0.07438016528925619,0.4049586776859504,0.5289256198347108,0.20661157024793392,1
334,Lester Quinones,Golden State Warriors,G,58,162,20,53,357.0,9,13,325.0,9,31,250.0,8,18,26,11,17,2,5,0,-34,95,84,69,37,208.603515625,20.65625,14.900390625,10.9765625,283.0390625,314.681640625,194.1015625,18.416015625,10
335,Lindy Waters III,Oklahoma City Thunder,F,35,78,12,30,373.3,1,1,100.0,10,23,316.6,3,15,18,4,7,1,3,2,-38,57,53,39,22,108.14333333333333,32.89,4.333333333333334,12.626666666666667,224.36000000000004,191.09333333333333,127.21000000000002,51.42333333333333,9
336,Lonnie Walker IV,Brooklyn Nets,G,62,155,24,70,333.8,3,4,150.0,11,41,155.7,1,18,19,5,11,1,7,3,-4,86,81,67,24,538.755092802173,21.027161611588955,3.207333635129017,31.0,764.0688094160254,711.4490719782707,582.9746491625169,32.63467632412856,10
337,Luguentz Dort,Oklahoma City Thunder,G,105,287,34,79,451.5,20,20,800.0,17,50,343.4,8,28,36,18,29,7,11,2,55,159,141,123,54,122.125,32.95044378698225,15.940828402366863,14.125,150.5710059171598,92.59467455621304,176.83505917159763,52.157544378698226,10
338,Luka Doncic,Dallas Mavericks,PG,307,372,105,238,443.9,58,72,817.5,39,111,344.0,11,87,98,101,21,15,42,3,83,506,405,408,199,499.1975308641975,59.84197530864198,132.93086419753087,32.086419753086425,613.3086419753087,666.279012345679,406.0,233.0,10
339,Luka Garza,Minnesota Timberwolves,C,45,61,16,35,240.8,6,8,200.0,7,20,233.3,8,6,14,1,8,2,3,1,-7,60,59,46,15,23.578125,17.888888888888886,0.9253472222222224,1.3836805555555558,75.25,70.21701388888887,27.472222222222218,19.953125,5
340,Luka Samanic,Utah Jazz,F,42,117,13,39,288.8,12,16,450.0,4,19,178.3,5,24,29,5,10,1,5,4,-49,76,71,47,34,142.0,64.42899408284025,5.224852071005916,2.6863905325443787,386.44082840236683,333.65976331360946,179.07100591715977,85.36390532544378,10
341,Luke Kennard,Memphis Grizzlies,SG,124,269,39,78,499.6,18,20,571.4,28,59,476.40000000000003,2,23,25,40,10,8,18,0,-65,189,149,164,65,418.7712665406427,7.29867674858223,89.46313799621927,24.192816635160682,601.7599243856333,437.31758034026467,557.0359168241965,122.93950850661625,10
342,Luke Kornet,Boston Celtics,C,67,196,28,42,628.4,11,12,350.0,0,0,0.0,25,28,53,18,11,3,3,12,69,138,120,85,71,241.4444444444444,176.16049382716048,42.31111111111111,0.0,804.7901234567901,630.9086419753087,335.7111111111111,298.0864197530864,10
343,M. Pereira,Memphis Grizzlies,F,7,25,3,9,100.0,0,1,0.0,1,4,50.0,3,5,8,0,2,2,1,0,5,15,15,7,8,12.671875,13.04296875,0.0,0.6875,38.29296875,38.29296875,12.671875,13.04296875,3
344,Malachi Flynn,Detroit Pistons,PG,84,156,31,73,378.4,9,13,341.7,13,34,357.9,6,17,23,17,9,8,9,1,-75,124,107,101,40,312.33795013850414,25.34349030470914,21.1994459833795,8.58864265927978,603.0581717451523,496.63988919667594,406.617728531856,58.6814404432133,10
345,Malaki Branham,San Antonio Spurs,G,74,183,29,80,319.6,8,10,241.7,8,35,176.6,5,10,15,14,9,2,10,1,-41,103,89,88,29,401.45943867743176,23.008458285274894,13.459438677431757,13.799307958477506,553.7820069204153,489.9357939254133,455.83775470972705,45.93579392541331,10
346,Malcolm Brogdon,Portland Trail Blazers,PG,102,218,37,83,266.20000000000005,17,19,433.3,11,30,202.89999999999998,7,22,29,40,13,4,17,2,4,171,131,142,69,100.0,28.833333333333336,7.333333333333334,6.833333333333334,113.5,66.83333333333334,151.33333333333331,31.5,6
347,Malik Beasley,Milwaukee Bucks,SG,116,309,42,109,384.6,5,5,200.0,27,82,320.4,4,33,37,12,19,7,8,2,-2,165,153,128,49,295.83081285444234,18.10680529300567,9.600189035916825,22.87429111531191,317.7098298676749,311.34026465028353,314.9981096408318,14.909262759924385,10
348,Malik Monk,Sacramento Kings,SG,157,272,57,138,394.0,31,33,730.0,12,58,166.1,6,27,33,44,31,6,17,2,13,234,190,201,77,643.0,24.107438016528924,14.730578512396693,11.76198347107438,858.9917355371902,809.0710743801653,679.2214876033058,52.53719008264463,10
349,Mamadi Diakite,New York Knicks,F,0,5,0,0,0.0,0,0,0.0,0,0,0.0,0,1,1,0,1,1,0,0,0,1,1,0,1,0.0,0.44444444444444453,0.0,0.0,0.44444444444444453,0.44444444444444453,0.0,0.44444444444444453,1
350,MarJon Beauchamp,Milwaukee Bucks,F,30,42,10,16,350.0,7,8,175.0,3,7,200.0,2,9,11,1,4,1,3,0,-17,42,41,31,12,65.5,13.875,0.8984375,2.0859375,127.5859375,115.875,73.5234375,18.4609375,6
351,Marcus Morris Sr.,Cleveland Cavaliers,SF,39,91,14,32,224.7,4,6,200.0,7,16,250.0,1,14,15,6,6,1,5,1,-24,60,54,45,21,87.72781065088756,28.184911242603548,6.810650887573965,9.285502958579881,177.66420118343194,192.74112426035504,74.73964497041419,32.90680473372781,5
352,Marcus Morris Sr.,Philadelphia 76ers,SF,40,98,16,38,166.7,4,4,200.0,4,13,103.3,0,14,14,3,5,2,6,1,-21,57,54,43,17,98.5207100591716,5.378698224852071,3.402366863905325,2.289940828402367,137.9467455621302,124.25443786982248,112.20710059171597,8.78698224852071,4
353,Marcus Sasser,Detroit Pistons,G,86,261,30,86,372.9,13,14,290.0,13,41,376.3,1,25,26,43,18,6,17,1,-59,155,112,129,69,319.58804889090084,18.836577636939793,36.11996378451788,6.1054775916704385,456.29651425984616,324.62743322770484,446.41602535083746,59.797645993662286,10
354,Markelle Fultz,Orlando Magic,PG,58,168,28,63,423.6,2,2,100.0,0,2,0.0,9,16,25,17,13,5,10,3,20,100,83,75,42,179.6011687363039,53.46603360116874,32.28560993425858,0.007304601899196495,346.27903579254934,295.1344046749452,226.85682980277574,89.64061358655954,10
355,Markieff Morris,Dallas Mavericks,PF,5,11,2,3,150.0,0,0,0.0,1,2,50.0,0,2,2,0,0,0,0,0,4,7,7,5,2,0.7551020408163267,2.1632653061224487,0.36734693877551017,0.7551020408163265,5.0,4.510204081632653,1.73469387755102,2.0408163265306123,2
356,Marques Bolden,Charlotte Hornets,C,0,13,0,1,0.0,0,0,0.0,0,0,0.0,0,1,1,0,1,0,1,0,2,1,1,0,1,0.0,0.7551020408163267,0.0,0.0,0.7551020408163267,0.7551020408163267,0.0,0.7551020408163267,2
357,Marvin Bagley III,Washington Wizards,PF,135,247,58,96,590.1,14,17,633.3,5,9,350.0,34,44,78,12,8,6,8,9,-22,225,213,147,90,296.2345679012346,104.86968449931412,17.083676268861453,4.503429355281208,286.16049382716045,289.9766803840878,266.02606310013715,148.34567901234567,10
358,Mason Jones,Sacramento Kings,G,7,18,2,6,66.7,1,2,50.0,2,5,66.7,1,4,5,5,0,1,1,0,3,17,12,12,10,15.625,5.625,5.625,2.5,0.625,2.5,2.5,22.5,2
359,Mason Plumlee,LA Clippers,C,50,112,15,25,536.6,20,27,550.0,0,0,0.0,11,33,44,8,15,3,10,5,-2,102,94,58,52,62.623999999999995,106.16399999999999,9.616,0.0,230.83599999999998,226.49999999999997,69.696,113.044,10
360,Matisse Thybulle,Portland Trail Blazers,SG,75,232,28,57,448.9,6,9,250.0,13,32,368.3,8,23,31,21,15,19,12,8,-28,127,106,96,52,295.0863177226814,36.25436179981635,21.694214876033058,10.827364554637281,627.8760330578513,473.1404958677686,423.188246097337,84.5821854912764,10
361,Matt Ryan,New Orleans Pelicans,F,28,60,10,24,233.3,0,0,0.0,8,19,194.4,1,8,9,2,6,0,2,0,-2,39,37,30,11,171.42901234567904,15.75,1.5030864197530867,16.095679012345677,284.6141975308642,277.2345679012346,179.08641975308643,16.97530864197531,7
362,Matthew Hurt,Memphis Grizzlies,F,32,110,12,33,215.9,3,3,200.0,5,19,233.4,9,7,16,4,8,3,2,3,-7,52,48,36,20,163.8343195266272,34.95857988165681,4.934911242603551,5.335798816568047,360.0,296.6272189349112,213.72781065088756,53.37278106508876,7
363,Max Christie,Los Angeles Lakers,G,31,106,12,24,569.4,1,2,50.0,6,12,350.0,1,14,15,4,3,0,4,0,-1,50,46,35,19,80.7117202268431,6.5756143667296785,2.835538752362949,4.454631379962193,136.33648393194704,113.36105860113419,99.3241965973535,13.774102079395085,10
364,Max Strus,Cleveland Cavaliers,SG,123,307,43,95,421.7,12,15,316.7,25,66,335.2,13,20,33,41,26,8,19,4,-33,197,156,164,74,324.73696145124717,26.77777777777777,34.791383219954646,38.77777777777777,396.83673469387753,391.6417233560091,343.42403628117916,48.07709750566893,10
365,Maxi Kleber,Dallas Mavericks,PF,22,168,7,21,275.0,4,6,200.0,4,16,216.7,3,23,26,13,17,6,2,5,63,61,48,35,39,74.16387505658669,34.40651878678135,17.392937980986872,5.0737890448166585,142.61521050248982,95.40334993209598,129.15934812132187,44.01584427342689,10
366,Maxwell Lewis,Los Angeles Lakers,F,0,5,0,1,0.0,0,0,0.0,0,1,0.0,0,0,0,2,0,0,0,0,-3,2,0,2,2,0.04432132963988919,0.0,2.171745152354571,0.0,1.595567867036011,0.04432132963988919,1.595567867036011,2.171745152354571,1
367,Micah Potter,Utah Jazz,C,26,86,9,14,300.0,3,3,200.0,5,9,250.0,4,11,15,2,4,0,2,1,-8,43,41,28,17,110.31496786042241,4.945821854912764,1.4297520661157024,5.70615243342516,131.32231404958677,115.1487603305785,125.03948576675849,7.824609733700643,7
368,Michael Porter Jr.,Denver Nuggets,SF,194,308,74,131,560.6,17,20,680.0,29,63,464.0,15,51,66,15,11,8,13,4,70,275,260,209,81,389.77777777777777,32.815840061514805,14.616301422529796,13.276816608996539,356.19876970396,421.443291041907,324.0934256055363,47.871972318339104,10
369,Mikal Bridges,Brooklyn Nets,SF,171,355,58,143,394.59999999999997,21,25,635.7,34,84,412.4,10,34,44,35,12,11,21,3,-50,250,215,206,79,254.87869822485206,38.40236686390532,22.592455621301774,22.417899408284025,303.0628698224852,270.2869822485207,275.6841715976331,72.96523668639054,10
370,Mike Conley,Minnesota Timberwolves,PG,132,291,47,103,435.7,18,21,596.7,20,57,312.9,7,19,26,47,18,14,11,3,13,205,158,179,73,501.62934027777777,30.51736111111111,32.56944444444445,32.43402777777778,495.2335069444444,517.6293402777778,489.1640625,53.15625,10
371,Mike Muscala,Oklahoma City Thunder,C,26,127,9,35,234.2,1,2,50.0,7,25,250.0,5,15,20,6,8,2,1,2,24,52,46,32,26,107.95155709342559,23.211072664359857,7.953287197231835,11.994809688581315,246.5,209.57093425605538,130.53460207612457,45.510380622837374,10
372,Miles Bridges,Charlotte Hornets,SF,211,391,86,182,472.9,23,35,529.7,16,63,240.0,15,59,74,36,12,9,22,4,-99,321,285,247,110,387.1015625,64.51736111111111,30.40625,17.83767361111111,584.4835069444445,554.5251736111111,397.9140625,114.06944444444444,10
373,Miles McBride,New York Knicks,PG,138,307,49,93,451.3,12,13,483.3,28,58,370.8,7,16,23,24,26,8,5,1,85,185,161,162,47,1004.630177514793,18.515532544378697,38.7551775147929,85.32544378698225,1393.6479289940828,1083.7640532544378,1294.1457100591715,77.63905325443787,10
374,Mitchell Robinson,New York Knicks,C,8,12,3,3,100.0,2,4,50.0,0,0,0.0,1,1,2,0,2,0,3,2,14,10,10,8,2,0.0,0.0,0.0,0.0,0.0,0.0,0.0,0.0,1
375,Mo Bamba,Philadelphia 76ers,C,67,211,25,46,538.8,8,11,275.0,9,22,390.0,15,41,56,10,28,8,8,12,-33,133,123,77,66,95.125,76.48520710059171,18.181213017751478,5.02440828402367,281.3284023668639,247.45636094674558,130.74852071005915,92.91494082840237,10
376,Monte Morris,Minnesota Timberwolves,PG,48,149,18,42,505.0,3,5,200.0,9,18,366.7,2,7,9,24,4,7,3,1,13,81,57,72,33,67.83471074380165,5.827479338842975,38.46694214876033,6.910123966942149,155.73657024793388,84.14152892561984,137.12809917355372,46.59607438016529,10
377,Moritz Wagner,Orlando Magic,C,89,151,34,53,611.3,16,18,660.0,5,14,283.3,8,26,34,16,14,3,13,2,34,139,123,105,50,246.56517036235806,46.28447809626825,39.286100594916164,4.501352082206598,378.75662520281236,401.12979989183344,220.7025419145484,89.06003244997297,10
378,Moses Brown,Portland Trail Blazers,C,34,79,14,27,393.3,6,21,140.8,0,0,0.0,12,11,23,4,10,1,4,4,-13,61,57,38,27,73.28395061728395,24.876543209876544,6.0246913580246915,0.0,145.98765432098764,116.55555555555554,89.7283950617284,43.888888888888886,8
379,Moses Moody,Golden State Warriors,SG,75,164,29,66,478.8,12,14,333.3,5,28,208.3,12,20,32,7,17,6,7,5,-7,114,107,82,39,132.2373438527285,86.62195923734386,8.111111111111112,5.369493754109139,397.11111111111114,367.0,162.33136094674555,94.75016436554898,10
380,Mouhamadou Gueye,Toronto Raptors,F,11,49,5,17,208.3,1,4,25.0,0,1,0.0,6,2,8,1,4,1,5,5,-42,20,19,12,9,1.9173553719008263,7.283057851239669,0.8595041322314049,0.0,15.530991735537187,13.051652892561986,2.892561983471075,9.646694214876034,5
381,Moussa Diabate,LA Clippers,F,2,7,1,1,100.0,0,2,0.0,0,0,0.0,1,3,4,0,0,1,0,1,1,6,6,2,4,0.0,0.0,0.0,0.0,0.0,0.0,0.0,0.0,1
382,Myles Turner,Indiana Pacers,C,162,275,60,119,488.0,20,30,568.4,22,46,430.9,10,49,59,13,26,3,11,23,28,234,221,175,72,442.5,49.016,20.104,25.363999999999997,500.724,489.156,489.284,33.903999999999996,10
383,Naji Marshall,New Orleans Pelicans,SF,94,206,38,72,522.8,3,3,200.0,15,33,492.1,4,41,45,19,11,10,7,1,69,158,139,113,64,228.89999999999998,46.9,7.044,19.656,360.56399999999996,371.80000000000007,207.144,64.464,10
384,Nassir Little,Phoenix Suns,SF,11,56,4,14,183.3,0,0,0.0,3,9,200.0,0,10,10,4,7,0,1,2,-10,25,21,15,14,12.474435196195007,16.24019024970274,4.09512485136742,1.8014268727705114,39.23543400713436,35.69441141498216,14.139120095124852,22.211652794292505,6
385,Nate Hinton,Houston Rockets,G,12,22,4,7,110.0,2,3,66.7,2,3,66.7,1,5,6,3,4,1,1,2,10,21,18,15,9,48.05555555555556,6.722222222222221,1.3888888888888884,2.5,97.38888888888886,75.55555555555557,65.0,13.0,2
386,Nathan Mensah,Charlotte Hornets,C,4,59,2,5,66.7,0,0,0.0,0,0,0.0,4,6,10,1,13,2,1,4,-17,15,14,5,11,13.75,9.9375,0.859375,0.0,41.359375,44.4375,13.484375,7.984375,7
387,Naz Reid,Minnesota Timberwolves,C,188,283,69,136,528.9,17,23,484.2,33,71,450.0,8,61,69,22,23,7,15,14,33,279,257,210,91,628.624763705104,101.62665406427222,28.998109640831757,52.583175803402646,925.7372400756143,802.4706994328922,723.4754253308128,159.04064272211718,10
388,Neemias Queta,Boston Celtics,C,39,80,19,26,443.4,1,2,100.0,0,0,0.0,12,17,29,4,8,3,4,6,63,72,68,43,33,78.9375,55.24609375,2.12109375,0.0,228.734375,238.96484375,76.33984375,49.734375,7
389,Nic Claxton,Brooklyn Nets,C,121,308,53,79,682.5,15,24,600.0,0,1,0.0,31,71,102,23,27,8,13,14,-58,246,223,144,125,236.0532544378698,103.8025147928994,16.784023668639055,0.0,337.719674556213,373.05399408284023,235.17455621301775,86.13091715976331,10
390,Nick Jr. Smith,Charlotte Hornets,G,53,164,17,59,301.1,8,9,187.5,11,32,275.0,2,10,12,17,19,4,5,0,8,82,65,70,29,249.42214532871975,12.991349480968857,24.847750865051903,16.453287197231834,354.1262975778547,268.4653979238754,308.9896193771626,63.93252595155708,10
391,Nick Richards,Charlotte Hornets,C,94,288,38,58,661.1,18,23,525.0,0,0,0.0,29,74,103,8,25,5,12,7,-40,205,197,102,111,137.09370755998188,182.86419194205524,9.652331371661385,0.0,273.8863739248528,318.0774105930285,123.33725667722953,162.08193752829337,10
392,Nickeil Alexander-Walker,Minnesota Timberwolves,SG,104,279,38,82,418.9,9,11,283.3,19,46,351.2,8,19,27,24,17,8,9,4,66,155,131,128,51,559.8746635909265,40.72010765090349,22.684352172241447,29.083044982698965,794.6055363321799,702.9438677431756,613.9761630142252,100.96462898885045,10
393,Nicolas Batum,Philadelphia 76ers,PF,42,271,15,43,282.9,4,5,150.0,8,30,208.3,12,34,46,16,16,10,9,6,-9,104,88,58,62,161.76085663295657,44.477096966091615,20.477096966091615,9.600237953599049,319.3146936347412,240.0606781677573,220.0606781677573,85.90838786436645,10
394,Nikola Jokic,Denver Nuggets,C,268,367,107,181,599.0,47,53,884.8,7,20,211.6,27,90,117,80,18,18,24,8,108,465,385,348,197,553.7777777777778,125.00000000000001,88.0,9.28641975308642,953.4444444444445,795.4444444444445,695.7777777777777,228.99999999999997,10
395,Nikola Jovic,Miami Heat,F,82,222,30,69,439.1,7,9,300.0,15,43,350.2,3,36,39,18,18,7,10,4,26,139,121,100,57,96.33217993079585,71.31833910034602,18.685121107266436,11.546712802768166,318.1349480968858,232.45328719723184,138.03460207612457,133.98269896193773,10
396,Nikola Vucevic,Chicago Bulls,C,178,335,76,150,522.6,16,20,525.0,10,36,253.3,25,76,101,30,20,5,17,9,-41,309,279,208,131,349.4119822485207,166.92899408284023,30.236686390532544,6.181213017751479,484.68713017751486,548.1782544378699,307.755177514793,175.33136094674555,10
397,Noah Clowney,Brooklyn Nets,F,21,87,8,22,132.9,1,4,50.0,2,11,58.3,7,14,21,6,4,3,2,2,16,48,42,27,27,69.41420118343194,21.04733727810651,5.997041420118343,1.3491124260355032,137.0266272189349,148.7810650887574,65.00295857988166,19.70118343195266,6
398,Norman Powell,LA Clippers,G,159,288,55,111,500.5,28,35,725.0,21,60,403.6,4,25,29,13,19,8,10,2,-36,201,188,172,42,327.1179138321995,34.31519274376418,10.173469387755102,7.689342403628118,403.88775510204084,428.12244897959187,293.6383219954649,53.73356009070295,10
399,O.G. Anunoby,New York Knicks,SF,83,194,33,70,262.7,9,14,243.3,8,28,138.3,3,24,27,12,12,16,13,5,107,122,110,95,39,431.93491124260356,55.0,6.0,8.757396449704142,260.7810650887574,260.7810650887574,441.9349112426035,51.0,6
400,Obi Toppin,Indiana Pacers,PF,83,185,33,54,624.8,8,10,450.0,9,23,343.3,10,31,41,14,14,6,6,3,21,138,124,97,55,136.4489142043432,45.96546813812745,12.584549661801352,9.438590245639016,249.812744749021,293.0338198647205,99.14097543609824,52.636881452474185,10
401,Ochai Agbaji,Toronto Raptors,G,80,272,34,80,355.6,6,12,225.0,6,27,178.3,20,20,40,17,19,11,11,5,-102,137,120,97,57,196.43402777777777,76.43402777777777,26.684027777777782,4.4765625,510.6840277777778,440.0,240.125,130.11111111111111,10
402,Olivier Sarr,Oklahoma City Thunder,C,11,22,4,7,125.0,3,5,116.7,0,1,0.0,4,4,8,0,3,0,1,1,-14,19,19,11,8,34.92,6.920000000000002,0.0,0.0,59.68000000000001,59.68000000000001,34.92,6.920000000000002,3
403,OlivierMaxence Prosper,Dallas Mavericks,F,10,36,3,6,150.0,4,7,57.1,0,2,0.0,2,6,8,0,1,1,1,1,-14,18,18,10,8,30.560000000000002,15.111111111111114,0.0,0.0,87.80444444444444,87.80444444444444,30.560000000000002,15.111111111111114,4
404,Omer Yurtseven,Utah Jazz,C,43,86,19,28,326.1,4,7,200.0,1,3,50.0,12,15,27,5,10,1,3,6,-14,75,70,48,32,155.677734375,31.34375,9.927734375,0.8359375,304.34375,244.693359375,202.0,54.599609375,6
405,Onuralp Bitim,Chicago Bulls,SF,50,153,22,45,454.4,0,0,0.0,6,21,166.7,5,12,17,9,14,2,3,1,-38,76,67,59,26,256.25625,50.2,4.9,6.800000000000002,496.20624999999995,463.90625,275.15625,68.5,10
406,Onyeka Okongwu,Atlanta Hawks,PF,147,296,61,89,703.8000000000001,16,22,492.9,9,19,466.6,32,44,76,11,28,7,5,15,4,234,223,158,87,308.4240362811791,185.95918367346937,9.244897959183675,5.6893424036281175,807.5192743764171,822.7913832199548,307.3560090702948,181.0,10
407,Orlando Robinson,Miami Heat,C,13,59,4,11,108.3,4,5,175.0,1,2,100.0,8,9,17,5,4,1,3,0,4,35,30,18,22,50.81069958847737,21.79835390946502,2.8847736625514404,0.8353909465020576,85.0,72.2551440329218,67.39094650205762,20.847736625514404,6
408,Oscar Tshiebwe,Indiana Pacers,C,3,5,1,3,33.3,1,2,50.0,0,0,0.0,2,0,2,0,1,0,0,1,8,5,5,3,2,0.25,0.0,0.0,0.0,0.25,0.25,0.25,0.0,1
409,Oshae Brissett,Boston Celtics,SF,46,179,15,33,477.2,12,23,288.3,4,12,283.3,16,24,40,15,13,3,4,2,61,101,86,61,55,110.81023200475906,61.70612730517549,22.070791195716836,2.4009518143961928,331.0118976799524,233.98929208804284,191.84116597263534,99.76859012492562,10
410,Ousmane Dieng,Oklahoma City Thunder,F,28,90,10,25,324.4,4,4,200.0,4,14,220.0,1,7,8,14,3,3,6,3,16,50,36,42,22,122.49704142011836,6.0,21.124260355029588,4.295857988165681,242.1183431952663,164.49704142011836,196.11834319526628,31.124260355029584,8
411,P.J. Tucker,LA Clippers,PF,19,147,7,19,183.3,0,0,0.0,5,12,283.4,7,21,28,4,12,4,4,4,-22,51,47,23,32,62.88941736028537,38.92271105826397,4.230677764565993,4.3115338882283,166.00475624256833,127.58145065398335,84.23543400713436,60.23067776456599,9
412,P.J. Washington,Dallas Mavericks,PF,89,316,34,93,384.2,9,16,300.0,12,50,240.0,13,53,66,11,19,10,5,9,75,166,155,100,77,178.424,99.696,8.056,14.176,347.05600000000004,295.624,197.50399999999996,140.104,10
413,Paolo Banchero,Orlando Magic,PF,204,349,75,156,539.2,39,53,611.0,15,43,457.3,8,56,64,65,20,7,33,8,9,333,268,269,129,217.0350981558596,72.4009518143962,72.67995240928019,9.03688280785247,427.46044021415827,336.0,296.4693634741226,157.10707911957167,10
414,Pascal Siakam,Indiana Pacers,PF,233,315,91,166,534.8,45,66,628.6,6,17,283.3,23,75,98,34,23,10,13,4,53,365,331,267,132,433.68494126023495,103.81274474902101,21.404770380918475,5.020291918832324,556.5436098255607,555.5297258810965,409.21359914560344,150.70274118903524,10
415,Pat Connaughton,Milwaukee Bucks,SG,70,232,25,54,451.8,8,9,450.0,12,34,376.0,7,22,29,26,9,2,6,2,7,125,99,96,55,192.81599999999997,29.476,62.724000000000004,12.624,279.81600000000003,311.28400000000005,177.284,76.26400000000001,10
416,Patrick Baldwin Jr.,Washington Wizards,F,44,158,16,50,325.9,5,7,260.0,7,30,171.9,5,34,39,13,11,8,7,7,-39,96,83,57,52,136.83071930773392,60.59437533802055,18.18226068144943,6.100054083288264,324.3071930773391,218.28393726338564,197.50730124391563,124.12330989724175,10
417,Patrick Beverley,Milwaukee Bucks,PG,44,212,13,45,231.7,10,13,483.4,8,26,242.89999999999998,3,26,29,18,22,9,7,8,-9,91,73,62,47,138.5,63.23345935727788,34.477315689981104,9.60680529300567,339.01417769376184,280.51606805293005,187.54253308128546,107.1663516068053,10
418,Patrick Williams,Chicago Bulls,PF,6,24,2,9,22.2,2,2,100.0,0,5,0.0,0,6,6,2,5,0,2,2,-11,14,12,8,8,0.0,0.0,0.0,0.0,0.0,0.0,0.0,0.0,1
419,Patty Mills,Miami Heat,PG,52,168,20,65,273.6,4,4,200.0,8,42,172.5,4,10,14,18,13,8,7,0,37,84,66,70,32,187.26454293628808,8.666204986149584,17.602493074792243,9.801939058171746,244.5,226.78670360110803,201.42936288088643,29.817174515235457,10
420,Paul George,LA Clippers,F,248,351,89,163,559.1,34,35,680.0,36,74,495.2,3,45,48,41,27,16,20,12,34,337,296,289,89,151.33882030178327,51.731824417009605,62.958161865569274,16.845679012345677,326.6598079561042,201.8086419753087,254.3271604938272,136.55281207133058,10
421,Paul Reed,Philadelphia 76ers,SF,76,231,29,61,481.4,15,21,550.0,3,10,150.0,29,42,71,13,25,12,12,16,12,160,147,89,84,154.81441326530611,9.074617346938775,12.83673469387755,4.102040816326531,215.68622448979593,211.22704081632654,155.15625,26.028698979591837,10
422,Payton Pritchard,Boston Celtics,PG,140,301,54,112,481.3,7,9,300.0,25,60,453.0,9,29,38,58,12,4,9,0,101,236,178,198,96,316.816,41.364,148.99599999999998,22.696,772.2239999999999,356.916,681.7,240.78400000000002,10
423,Peyton Watson,Denver Nuggets,F,62,186,25,60,407.8,10,15,450.0,2,15,200.0,8,32,40,7,22,4,6,9,-6,109,102,69,47,108.59467455621302,44.946745562130175,8.515532544378699,1.761094674556213,270.6575443786982,227.48224852071007,139.02440828402368,66.2078402366864,10
424,Precious Achiuwa,New York Knicks,PF,85,246,34,66,505.7,13,21,425.0,4,11,183.3,31,57,88,20,19,8,17,16,35,193,173,105,108,315.5687869822485,157.65976331360946,18.299556213017755,4.524408284023669,829.198224852071,770.1960059171597,371.0,179.53032544378698,10
425,Quentin Grimes,Detroit Pistons,SG,82,213,26,80,296.2,19,24,525.0,11,50,200.0,2,27,29,19,13,7,9,4,-12,130,111,101,48,312.44628099173553,35.19834710743802,14.900826446280991,10.900826446280991,442.06611570247935,483.0495867768595,277.6942148760331,43.86776859504132,10
426,R. Rupert,Portland Trail Blazers,G,52,209,18,41,468.9,8,9,450.0,8,19,233.3,5,26,31,22,22,2,10,2,-5,105,83,74,53,154.10625,42.15625,30.65625,14.5,339.55625,324.72499999999997,158.625,83.125,10
427,RJ Barrett,Toronto Raptors,SG,208,328,85,152,559.5,20,43,406.1,18,37,425.0,9,42,51,46,22,5,28,4,-39,305,259,254,97,255.64444444444445,58.24444444444445,50.577777777777776,15.777777777777777,454.77777777777777,307.8,398.8,112.64444444444445,10
428,Reggie Bullock,Houston Rockets,SF,29,130,10,24,483.2,0,0,0.0,9,22,499.9,3,27,30,2,7,5,2,1,7,61,59,31,32,18.90625,49.225,1.6062500000000002,2.90625,104.5,110.30625,14.925,49.00625,10
429,Reggie Jackson,Denver Nuggets,PG,94,182,34,82,397.4,15,18,272.7,11,33,382.7,3,6,9,35,12,5,14,1,34,138,103,129,44,323.4437869822485,7.870562130177515,49.44674556213018,5.3639053254437865,412.4770710059172,286.10133136094674,438.9023668639053,68.2344674556213,10
430,Richaun Holmes,Washington Wizards,F,88,241,35,62,516.4,18,21,591.7,0,2,0.0,31,52,83,9,31,7,8,8,-2,180,171,97,92,283.7530864197531,265.0,7.049382716049383,0.0049382716049382715,963.5111111111111,892.9753086419753,319.97777777777776,306.3604938271605,10
431,Ricky IV Council,Philadelphia 76ers,G,64,102,21,46,431.6,18,24,533.3,4,15,158.3,2,12,14,7,5,0,3,1,-9,85,78,71,21,264.6015625,20.447265625,6.119140625,5.416015625,471.1015625,396.931640625,328.431640625,36.90625,10
432,Robin Lopez,Milwaukee Bucks,C,6,23,3,9,37.5,0,0,0.0,0,2,0.0,1,0,1,1,3,1,0,2,-16,8,7,7,2,21.92,0.52,0.6800000000000002,0.0,24.48,29.0,18.28,0.32000000000000006,2
433,Royce O'Neale,Phoenix Suns,PF,63,211,25,59,453.8,0,0,0.0,13,39,391.8,7,38,45,20,15,2,9,3,18,128,108,83,65,320.6383054467782,13.590245639017443,18.014239943040227,23.341046635813456,314.88714845140623,354.4293342826629,276.84692061231755,35.85368458526166,10
434,Rudy Gobert,Minnesota Timberwolves,C,131,366,53,78,686.7,25,36,655.0,0,0,0.0,41,98,139,15,37,7,20,23,40,285,270,146,154,304.93598615916954,72.06401384083046,16.534602076124568,0.0,415.74567474048445,458.8650519031142,259.2179930795848,91.19723183391004,10
435,Rui Hachimura,Los Angeles Lakers,PF,178,316,72,120,598.2,15,18,508.3,19,40,399.2,7,48,55,13,15,2,5,5,38,246,233,191,68,551.2,136.10000000000002,6.356000000000001,40.836,706.2559999999999,754.0999999999999,513.076,132.736,10
436,Russell Westbrook,LA Clippers,PG,96,207,36,99,376.3,20,26,656.7,4,25,95.0,10,15,25,31,15,10,12,0,-3,152,121,127,56,179.64083175803404,25.041587901701323,53.801512287334596,4.412098298676749,459.4744801512287,302.37996219281666,293.01890359168243,122.55954631379961,10
437,Ryan Arcidiacono,New York Knicks,G,0,5,0,1,0.0,0,0,0.0,0,1,0.0,0,0,0,0,1,1,0,0,3,0,0,0,0,0.0,0.0625,0.0,0.0,0.0625,0.0625,0.0,0.0625,1
438,Saben Lee,Phoenix Suns,G,35,98,9,28,194.29999999999998,15,20,416.7,2,9,83.3,3,15,18,17,6,4,2,0,11,70,53,52,35,190.68,24.479999999999997,5.720000000000001,1.5200000000000005,336.32,336.0,189.68,31.519999999999996,8
439,Saddiq Bey,Atlanta Hawks,SF,146,337,48,125,372.4,31,35,800.0,19,59,298.4,29,32,61,14,7,4,10,4,-23,221,207,160,75,398.90000000000003,67.125,9.625,14.9,439.4000000000001,478.32500000000005,362.225,74.5,10
440,Sam Hauser,Boston Celtics,SF,131,237,46,91,496.3,0,0,0.0,39,78,482.20000000000005,4,34,38,9,8,11,2,7,85,178,169,140,47,760.0430839002267,31.602040816326532,4.981859410430839,78.91836734693878,933.5612244897959,912.1417233560092,773.8367346938776,44.209750566893426,10
441,Sam Merrill,Cleveland Cavaliers,SG,97,249,29,76,364.6,11,12,566.7,28,74,360.4,2,23,25,30,13,3,5,3,15,152,122,127,55,249.04437869822488,46.63313609467455,75.625,28.284023668639055,396.1397928994083,363.09171597633133,292.36168639053255,111.98890532544378,10
442,Samardo Samuels,Houston Rockets,F,0,6,0,1,0.0,0,0,0.0,0,0,0.0,1,1,2,0,0,0,0,0,-5,2,2,0,2,1.44,1.9599999999999997,0.0,0.0,0.03999999999999998,0.03999999999999998,1.44,1.9599999999999997,1
443,Sandro Mamukelashvili,San Antonio Spurs,PF,31,55,15,23,368.1,0,1,0.0,1,4,50.0,9,5,14,5,5,2,1,0,27,50,45,36,19,104.68,14.017499999999998,7.75,1.0299999999999998,180.9375,152.4375,119.03,35.9175,7
444,Santi Aldama,Memphis Grizzlies,PF,131,328,47,100,472.1,15,22,550.0,22,58,347.0,12,56,68,28,12,11,8,16,-90,227,199,159,96,378.94444444444446,89.625,35.7890625,28.1640625,722.3793402777778,571.5694444444445,515.3168402777778,139.8515625,10
445,Sasha Vezenkov,Sacramento Kings,F,9,22,2,7,28.6,3,3,100.0,2,4,50.0,0,1,1,1,4,1,0,0,24,11,10,10,2,4.5,0.5,0.5,2.0,4.5,2.0,8.0,0.0,2
446,Scoot Henderson,Portland Trail Blazers,G,146,285,54,141,380.8,25,29,825.0,13,43,278.3,7,30,37,55,37,13,40,1,-103,238,183,201,92,344.864,38.676,48.983999999999995,8.2,683.716,428.72400000000005,555.8,131.716,10
447,Scottie Barnes,Toronto Raptors,SF,179,333,70,155,460.1,33,39,674.9,6,36,159.89999999999998,28,63,91,75,18,13,31,14,21,345,270,254,166,391.6640625,102.8515625,85.6640625,4.8515625,827.2890625,587.40625,576.65625,243.40625,10
448,Scotty Pippen Jr.,Memphis Grizzlies,G,121,254,41,85,461.7,20,32,440.4,19,36,555.0,10,21,31,47,31,16,25,6,-53,199,152,168,78,258.95918367346934,14.900226757369616,48.41043083900227,6.918367346938775,273.4444444444444,291.50566893424036,232.281179138322,71.92743764172336,10
449,Seth Curry,Charlotte Hornets,SG,81,181,29,67,372.5,14,15,566.7,9,31,256.6,4,15,19,17,7,5,7,3,-33,117,100,98,36,233.0,12.900826446280993,16.140495867768593,4.900826446280991,334.3388429752066,276.08264462809916,269.8677685950413,50.429752066115704,10
450,Shai Gilgeous-Alexander,Oklahoma City Thunder,PG,268,342,98,195,502.5,58,73,786.8,14,47,267.6,8,46,54,55,22,18,25,7,72,377,322,323,109,555.924,68.976,36.1,18.464,816.8240000000001,673.3639999999999,699.4639999999999,104.996,10
451,Shake Milton,New York Knicks,SG,47,120,20,44,381.1,2,3,66.7,5,12,250.0,9,16,25,14,11,3,5,2,-7,86,72,61,39,152.25,82.890625,17.44140625,8.515625,536.84765625,424.015625,218.87890625,146.53515625,9
452,Simone Fontecchio,Detroit Pistons,F,158,307,55,116,455.5,19,21,616.7,29,65,413.2,8,41,49,16,20,10,13,5,5,223,207,174,65,506.0,36.90963139120095,14.430439952437576,30.11296076099881,589.4708680142687,547.3923900118907,538.8442330558859,60.574316290130795,10
453,Skylar Mays,Los Angeles Lakers,SG,8,34,4,10,170.0,0,0,0.0,0,3,0.0,0,1,1,3,2,3,2,1,-3,12,9,11,4,12.938271604938272,0.7530864197530864,3.0,0.0,9.716049382716049,13.93827160493827,10.160493827160494,2.3086419753086416,4
454,Spencer Dinwiddie,Los Angeles Lakers,PG,81,261,22,51,404.8,23,26,638.9,14,28,478.4,1,19,20,21,23,4,9,7,5,122,101,102,41,534.1840277777777,33.736111111111114,32.56944444444445,10.4765625,790.15625,654.9340277777778,685.6006944444445,50.111111111111114,10
455,Stanley Umude,Detroit Pistons,G,49,150,16,39,260.4,8,9,366.7,9,25,243.3,5,16,21,3,15,4,4,2,-32,73,70,52,24,177.08,44.0,1.9200000000000002,10.88,278.68,272.78,180.88,48.02,8
456,Stephen Curry,Golden State Warriors,PG,210,299,73,180,404.8,27,29,655.0,37,108,349.2,8,38,46,46,8,2,17,1,37,302,256,256,92,926.2344674556214,85.32322485207101,53.1042899408284,39.532544378698226,1532.5244082840238,1369.0207100591715,1059.325443786982,168.84023668639054,10
457,Svi Mykhailiuk,Boston Celtics,SG,52,135,18,43,560.4,1,1,100.0,15,37,413.3,2,15,17,14,2,4,2,0,77,83,69,66,31,54.70204081632653,26.689795918367345,13.061224489795919,8.746938775510204,208.84489795918367,140.0612244897959,107.83673469387755,55.400000000000006,10
458,T. Vukcevic,Washington Wizards,PF,6,9,2,5,40.0,0,0,0.0,2,4,50.0,0,3,3,0,2,0,1,0,-5,9,9,6,3,16.0,1.7777777777777777,0.0,1.7777777777777781,28.44444444444445,28.44444444444445,16.0,1.7777777777777777,1
459,T.J. McConnell,Indiana Pacers,PG,137,203,61,114,539.8,9,11,350.0,6,12,450.0,4,24,28,48,8,11,19,2,28,213,165,185,76,75.55600000000003,29.744,29.2,2.464,207.84399999999997,168.884,124.27600000000002,49.184,10
460,T.J. Warren,Minnesota Timberwolves,SF,29,105,13,34,301.2,1,2,50.0,2,11,83.3,5,12,17,7,11,3,4,1,23,53,46,36,24,45.14049586776859,15.049586776859504,7.24793388429752,1.5041322314049588,67.88429752066116,70.0,36.264462809917354,29.057851239669425,8
461,Taj Gibson,Detroit Pistons,F,3,11,1,2,50.0,0,0,0.0,1,2,50.0,0,2,2,0,1,1,0,0,-3,5,5,3,2,2.5600000000000005,0.03999999999999998,0.16000000000000003,0.36,1.9599999999999997,3.2399999999999993,1.44,0.04000000000000007,1
462,Taj Gibson,New York Knicks,F,2,68,0,9,0.0,2,2,100.0,0,2,0.0,4,6,10,4,8,1,3,0,2,16,12,6,14,8.2,10.200000000000001,1.6,0.8000000000000002,15.600000000000001,12.400000000000002,6.6000000000000005,16.599999999999998,5
463,Talen Horton-Tucker,Utah Jazz,SG,64,154,19,65,304.2,16,18,566.7,10,30,384.9,3,17,20,23,12,6,3,5,-48,107,84,87,43,46.430439952437574,53.71224732461356,31.128418549346016,2.1902497027348393,212.31985731272295,142.59928656361473,106.80499405469679,94.18668252080856,10
464,Taurean Prince,Los Angeles Lakers,PF,95,210,34,64,591.0,8,11,266.7,19,42,503.70000000000005,2,30,32,9,16,3,8,7,24,136,127,104,41,111.9679012345679,34.093827160493824,7.8,11.671604938271605,153.01234567901236,148.67901234567898,113.23456790123457,44.96049382716049,10
465,Taylor Hendricks,Utah Jazz,F,84,264,31,70,482.5,9,11,325.0,13,41,330.2,12,55,67,7,30,5,4,13,-84,158,151,91,74,98.42722117202268,118.02835538752363,2.1833648393194705,6.1001890359168245,258.9943289224953,235.31379962192815,117.10586011342156,125.21361058601134,10
466,Taze Moore,Portland Trail Blazers,G,2,5,1,1,100.0,0,0,0.0,0,0,0.0,0,0,0,1,0,0,1,0,7,3,2,3,1,1.44,0.0,0.6400000000000001,0.0,4.0,1.44,4.0,0.6400000000000001,1
467,Terance Mann,LA Clippers,SG,104,266,37,79,465.3,16,17,650.0,14,37,482.1,8,21,29,9,19,9,5,4,-39,142,133,113,38,216.0,34.09220363118548,16.515129939480243,2.8465646137415455,332.80526877892487,258.12993948024206,308.1000355998576,33.18262726949092,10
468,Terquavion Smith,Philadelphia 76ers,G,40,59,14,34,241.1,2,3,100.0,10,26,216.6,0,2,2,10,3,7,4,0,9,52,42,50,12,186.96296296296296,1.4074074074074074,17.185185185185183,17.185185185185183,177.40740740740742,184.66666666666663,179.62962962962965,18.666666666666668,6
469,Terry Rozier,Miami Heat,SG,165,334,67,161,418.0,16,19,472.7,15,52,259.59999999999997,6,43,49,34,18,9,12,3,-13,248,214,199,83,105.5633270321361,26.020793950850663,59.0812854442344,26.972589792060493,159.84499054820415,148.7674858223062,119.31379962192815,82.42911153119093,10
470,Terry Taylor,Chicago Bulls,F,11,46,4,8,275.0,1,2,50.0,2,3,150.0,2,10,12,3,1,1,0,0,-17,26,23,14,15,16.668639053254438,34.59763313609467,3.2840236686390534,1.715976331360947,114.0,91.1301775147929,24.90532544378698,52.51479289940829,4
471,Thaddeus Young,Phoenix Suns,F,16,53,8,14,225.0,0,2,0.0,0,0,0.0,12,9,21,4,5,3,2,0,16,41,37,20,25,8.0064,61.5856,4.7744,0.0,81.2816,74.2864,20.64,60.72160000000001,4
472,Thaddeus Young,Phoenix Suns,PF,41,128,20,28,469.9,1,3,50.0,0,2,0.0,11,18,29,14,12,2,4,1,-24,84,70,55,43,166.36959999999996,39.2784,30.121600000000004,0.0,486.82239999999996,293.7696,315.9600000000001,112.86240000000001,6
473,Thanasis Antetokounmpo,Milwaukee Bucks,SF,10,48,5,11,266.7,0,2,0.0,0,1,0.0,2,1,3,4,8,1,3,1,-18,17,13,14,7,15.59861591695502,1.5051903114186853,1.4463667820069204,0.0,20.25951557093425,18.80622837370242,17.100346020761243,2.9031141868512114,6
474,Theo Maledon,Phoenix Suns,PG,5,10,1,2,50.0,3,3,100.0,0,0,0.0,0,1,1,0,3,0,3,0,-11,6,6,5,1,14.0625,0.5625,0.0,0.0,20.25,20.25,14.0625,0.5625,1
475,Thomas Bryant,Miami Heat,C,63,127,21,42,421.9,18,19,675.0,3,14,200.0,6,33,39,6,16,2,2,7,8,108,102,69,45,234.5968858131488,73.51038062283737,8.67128027681661,4.224913494809689,457.31487889273353,410.02076124567475,283.8771626297578,80.19550173010381,10
476,Tim Hardaway Jr.,Dallas Mavericks,SF,101,206,35,88,321.4,11,17,416.7,20,53,308.9,2,20,22,24,8,9,5,1,66,147,123,125,46,639.8000000000001,63.444,32.163999999999994,32.064,1162.6,940.5640000000001,844.644,112.8,10
477,Tobias Harris,Philadelphia 76ers,PF,141,346,58,139,400.4,16,22,618.3,9,37,241.7,10,66,76,26,12,10,16,7,-44,243,217,167,102,415.5581717451524,108.35457063711911,17.26869806094183,7.86426592797784,734.2119113573407,592.4224376731303,545.1537396121884,137.81717451523545,10
478,Torrey Craig,Chicago Bulls,SF,71,201,26,57,444.9,2,4,100.0,17,40,403.8,7,21,28,14,21,6,7,2,-57,113,99,85,42,123.27126710291493,25.70493753718025,9.200475907198095,14.131469363474125,269.4414039262344,235.7709696609161,158.76204640095182,33.08506841165973,10
479,Tosan Evbuomwan,Detroit Pistons,F,60,198,22,44,535.6,9,16,241.7,7,20,373.3,5,25,30,4,15,2,5,2,-89,94,90,64,34,194.7265625,75.119140625,4.447265625,6.166015625,466.0,439.447265625,210.119140625,90.7265625,10
480,Toumani Camara,Portland Trail Blazers,F,88,292,35,67,507.2,8,9,350.0,10,26,336.6,19,23,42,22,26,8,13,8,-36,152,130,110,64,288.6064209274673,52.53091557669441,27.934007134363853,8.011890606420927,547.6171224732461,470.5023781212842,352.5,93.68608799048752,10
481,Trae Young,Atlanta Hawks,PG,235,370,76,173,432.4,45,55,813.4,38,93,399.0,2,18,20,109,22,11,45,2,-38,364,255,344,129,758.2361111111111,12.069444444444445,83.0,45.06944444444444,786.5,622.5,926.4027777777778,90.90277777777777,10
482,Trayce JacksonDavis,Golden State Warriors,F,107,253,48,65,759.6,11,24,445.0,0,1,0.0,27,48,75,21,19,7,6,16,-11,203,182,128,96,137.72126105344097,132.037293348712,25.935793925413307,0.0,444.9584775086505,339.18492887351016,202.88504421376393,198.5828527489427,10
483,Tre Jones,San Antonio Spurs,PG,109,309,39,73,461.9,20,23,633.3,11,23,237.1,8,33,41,71,13,13,15,0,-4,221,150,180,112,511.0,27.845852616589532,50.09220363118548,24.910288358846568,541.9562121751513,514.4307582769669,514.6016375934496,101.86187255250978,10
484,Tre Mann,Charlotte Hornets,PG,125,320,49,102,489.1,15,21,417.1,12,35,306.7,7,38,45,54,17,14,15,0,-56,224,170,179,99,198.55102040816325,40.72244897959184,56.4,8.122448979591837,361.3469387755102,308.9469387755102,288.9510204081633,59.12244897959184,10
485,Trendon Watford,Brooklyn Nets,PF,76,135,26,56,451.4,19,23,495.7,5,13,166.7,12,22,34,3,18,3,13,5,-19,113,110,79,37,364.05625,65.90625,4.25625,6.5062500000000005,607.85625,590.225,392.525,59.32500000000001,10
486,Trent Forrest,Atlanta Hawks,G,20,133,8,26,273.3,4,4,200.0,0,3,0.0,3,12,15,35,4,3,5,2,-26,70,35,55,50,32.005948839976206,10.51338488994646,70.11957168352171,0.0,155.1659726353361,26.537180249851282,149.92920880428318,91.33848899464606,10
487,Trevelin Queen,Orlando Magic,SG,0,13,0,3,0.0,0,0,0.0,0,2,0.0,0,1,1,1,1,0,0,0,-17,2,1,1,2,0.0,0.5555555555555556,0.5555555555555556,0.0,0.22222222222222227,0.5555555555555556,0.5555555555555556,0.22222222222222227,2
488,Trey Jemison,Memphis Grizzlies,C,82,232,36,58,546.0,10,12,500.0,0,0,0.0,27,24,51,11,29,3,15,7,-11,144,133,93,62,466.90625,21.7890625,6.931640625,0.0,535.587890625,595.9140625,409.384765625,25.916015625,10
489,Trey Lyles,Sacramento Kings,PF,53,186,18,46,392.9,12,16,625.0,5,22,236.7,11,28,39,8,19,0,7,3,1,100,92,61,47,103.99173553719008,15.06198347107438,7.640495867768594,7.148760330578514,183.88429752066114,131.55785123966942,140.88016528925618,38.14049586776859,10
490,Trey Murphy III,New Orleans Pelicans,SG,152,313,50,115,432.4,23,27,760.7,29,80,369.5,6,50,56,27,10,4,10,7,20,235,208,179,83,354.8905325443787,54.41789940828402,17.352071005917157,30.985207100591715,422.125,419.6309171597633,347.4852071005917,81.66937869822485,10
491,Tristan Thompson,Cleveland Cavaliers,C,18,63,8,13,258.4,2,6,100.0,0,0,0.0,10,13,23,6,8,3,4,3,-11,47,41,24,29,26.414540816326532,12.515306122448981,0.816326530612245,0.0,46.5063775510204,49.34311224489795,24.3125,12.596938775510203,5
492,Troy Brown Jr.,Detroit Pistons,SF,38,166,13,47,280.4,6,7,180.0,6,26,174.89999999999998,4,27,31,9,6,3,7,0,-71,78,69,47,40,53.05785123966942,36.90449954086318,9.157943067033976,4.400367309458219,184.77685950413223,152.52433425160697,83.04224058769513,48.33057851239669,10
493,TyTy Washington Jr.,Milwaukee Bucks,G,0,8,0,2,0.0,0,0,0.0,0,1,0.0,0,0,0,1,0,0,0,0,-4,1,0,1,1,0.0,0.0,0.44444444444444453,0.0,0.44444444444444453,0.0,0.44444444444444453,0.44444444444444453,1
494,Tyler Herro,Miami Heat,PG,183,325,71,166,433.4,10,13,333.4,31,80,406.0,3,46,49,50,11,0,13,1,35,282,232,233,99,148.11111111111111,40.94444444444444,28.069444444444443,12.944444444444445,309.7361111111111,207.61111111111111,206.125,113.125,10
495,Tyrese Haliburton,Indiana Pacers,PG,175,332,64,146,444.09999999999997,25,28,696.7,22,73,299.5,4,39,43,94,16,17,24,8,39,312,218,269,137,176.89920866305704,42.439400249895876,88.96043315285299,25.760099958350686,244.7455226988755,124.75468554768844,335.0,93.28987921699293,10
496,Tyrese Maxey,Philadelphia 76ers,PG,243,376,86,188,456.2,44,51,750.0,27,72,368.9,2,30,32,51,22,9,18,4,-8,326,275,294,83,524.5668402777778,57.7265625,59.06684027777778,24.15017361111111,861.3376736111111,786.9027777777778,533.1111111111111,182.68402777777777,10
497,Tyus Jones,Washington Wizards,PG,91,313,36,84,402.0,4,4,300.0,15,43,360.8,3,22,25,97,4,9,13,2,-70,213,116,188,122,345.04336734693874,43.53316326530612,160.5,20.959183673469386,776.265306122449,542.0510204081633,542.9719387755102,240.3188775510204,10
498,Udoka Azubuike,Phoenix Suns,C,2,11,1,3,33.3,0,2,0.0,0,0,0.0,2,4,6,0,1,0,0,0,-3,8,8,2,6,1.7777777777777781,13.444444444444443,0.0,0.0,25.0,25.0,1.7777777777777781,13.444444444444443,1
499,Vasilije Micic,Charlotte Hornets,G,135,312,52,103,494.8,18,20,677.8,13,37,288.3,4,19,23,58,15,7,29,3,-79,216,158,193,81,493.1436672967864,29.7523629489603,118.39792060491493,25.433837429111527,606.2315689981098,453.7920604914933,611.8232514177693,181.91020793950852,10
500,Victor Wembanyama,San Antonio Spurs,C,206,309,74,161,460.5,41,58,688.5,17,59,311.2,26,85,111,45,25,8,45,42,30,362,317,251,156,728.4765625,102.27517361111111,26.608506944444446,10.191840277777777,1413.1015625,1222.9027777777778,894.9027777777778,152.65625,10
501,Vince Williams Jr.,Memphis Grizzlies,G,127,336,42,92,459.70000000000005,30,38,723.3,13,34,328.8,8,54,62,61,30,12,34,9,-54,250,189,188,123,231.93628808864267,72.8808864265928,35.61495844875347,18.00831024930748,492.2326869806094,474.07479224376726,226.76454293628805,131.82548476454295,10
502,Vit Krejci,Atlanta Hawks,G,72,289,27,58,452.59999999999997,4,5,150.0,14,37,330.4,5,18,23,29,24,7,11,6,38,124,95,101,52,167.29012345679013,30.359567901234566,14.086419753086421,14.444444444444446,270.4891975308642,291.125,146.94444444444443,44.15586419753086,10
503,Walker Kessler,Utah Jazz,C,70,244,31,46,730.8,8,10,400.0,0,0,0.0,29,59,88,11,16,2,10,12,-91,169,158,81,99,133.2729766803841,67.60836762688615,4.939643347050755,0.0,224.94170096021946,192.2503429355281,143.0,95.51234567901234,10
504,Wendell Carter Jr.,Orlando Magic,C,97,253,38,80,474.1,12,22,450.0,9,35,240.0,29,54,83,21,16,10,17,5,-21,201,180,118,104,141.81519274376416,106.04648526077098,12.908163265306122,6.927437641723356,276.5,263.265306122449,172.9750566893424,101.0294784580499,10
505,Wendell Moore Jr.,Minnesota Timberwolves,G,2,5,1,1,100.0,0,0,0.0,0,0,0.0,0,2,2,0,1,0,0,0,8,4,4,2,2,2.9387755102040822,3.188775510204082,0.00510204081632653,0.0,11.755102040816329,12.25,2.6989795918367343,2.9387755102040822,1
506,Wenyen Gabriel,Memphis Grizzlies,F,17,81,8,22,168.3,0,5,0.0,1,6,50.0,7,18,25,3,10,2,8,2,-16,45,42,20,28,59.72702331961591,43.6159122085048,4.060356652949245,0.879286694101509,182.2098765432099,171.6858710562414,60.574759945130324,57.352537722908096,5
507,Wesley Matthews,Atlanta Hawks,SG,48,125,16,32,559.3,2,3,100.0,14,22,641.7,1,18,19,5,7,4,1,6,-25,72,67,53,24,109.43673469387754,33.1469387755102,8.6,6.693877551020408,206.9795918367347,206.83673469387756,120.89387755102038,30.432653061224492,10
508,Xavier Moon,LA Clippers,G,2,11,1,6,33.3,0,0,0.0,0,2,0.0,1,1,2,0,1,1,1,0,-20,4,4,2,2,2.18,2.5,0.72,0.0,0.31999999999999984,0.07999999999999996,3.62,2.02,2
509,Xavier Tillman,Boston Celtics,F,36,168,15,30,485.0,3,4,150.0,3,15,183.3,10,26,36,10,9,5,3,4,38,82,72,46,46,57.01903114186851,33.33564013840831,6.034602076124568,2.2525951557093427,111.35813148788927,122.28546712802768,54.451557093425606,31.010380622837374,10
510,Yuta Watanabe,Memphis Grizzlies,SF,22,97,10,24,250.0,0,2,0.0,2,12,64.3,0,11,11,5,6,5,4,0,-36,38,33,27,16,115.08000000000001,11.27,3.75,1.4800000000000004,136.28,131.43,116.23000000000002,18.72,7
511,Zach Collins,San Antonio Spurs,PF,104,196,39,80,478.4,20,26,591.7,6,14,366.7,15,31,46,22,37,7,18,9,-52,172,150,126,68,324.14083175803404,81.0359168241966,31.781663516068054,6.401701323251419,586.476370510397,543.3544423440453,368.98298676748584,111.09735349716446,10
512,Zeke Nnaji,Denver Nuggets,PF,18,100,6,17,350.0,6,8,300.0,0,2,0.0,7,10,17,4,10,2,2,10,-19,39,35,22,21,50.40625,16.277777777777775,7.350694444444445,0.0,130.125,94.18402777777779,73.06944444444443,36.90625,10
513,Ziaire Williams,Memphis Grizzlies,F,103,270,39,94,389.0,13,16,421.4,12,46,213.7,6,38,44,20,15,12,15,0,-39,167,147,123,64,552.1,32.4,24.0,17.599999999999998,788.1,632.1,714.1,50.4,10
514,Zion Williamson,New Orleans Pelicans,PF,260,337,99,156,617.1,62,79,715.9,0,1,0.0,19,56,75,45,25,15,34,9,53,380,335,305,120,780.9639999999999,54.104000000000006,62.804,0.004,987.2639999999999,938.036,892.6,54.5,10
