,First Last Name,team,position,points,minutes,fgm,fga,fgp,ftm,fta,ftp,tpm,tpa,tpp,offReb,defReb,totReb,assists,pFouls,steals,turnovers,blocks,plusMinus,Points_Rebounds_Assist,Points_Rebounds,Points_Assist,Rebounds_Assist,points_deviation,totReb_deviation,assists_deviation,tpm_deviation,Points_Rebounds_Assist_deviation,Points_Rebounds_deviation,Points_Assist_deviation,Rebounds_Assist_deviation,count
0,A. Flagler,Oklahoma City Thunder,F,0,6,0,3,0.0,0,0,0.0,0,3,0.0,0,0,0,1,0,0,0,0,0,1,0,1,1,0.0,0.0,0.0,0.0,0.0,0.0,0.0,0.0,1
1,A.J. Green,Milwaukee Bucks,G,60,142,19,43,431.5,7,8,266.7,15,35,389.3,2,14,16,6,8,2,4,0,3,82,76,66,22,259.7361111111111,16.489197530864196,9.11111111111111,24.23611111111111,365.9012345679012,374.2716049382716,251.06944444444446,25.896604938271604,10
2,A.J. Lawson,Dallas Mavericks,G,20,42,8,21,223.3,2,6,100.0,2,8,100.0,2,6,8,3,5,1,0,1,-5,31,28,23,11,33.660000000000004,8.015,2.0400000000000005,1.6600000000000001,55.915000000000006,47.535000000000004,38.86,13.235000000000001,6
3,Aaron Gordon,Denver Nuggets,PF,129,315,53,98,627.5,20,31,496.7,3,15,108.3,25,37,62,42,20,4,12,4,24,233,191,171,104,258.71119524067063,132.8826392644673,57.61060032449973,2.100054083288264,498.763115197404,619.0421849648459,192.99891833423473,135.92644672796104,10
4,Aaron Holiday,Houston Rockets,G,51,127,19,47,339.4,6,6,300.0,7,24,195.0,1,8,9,18,14,6,2,1,18,78,60,69,27,230.70362358031366,7.7182260681449435,31.090319091400755,11.467279610600324,364.3342347214711,304.16116819902646,295.06814494321253,34.6170903190914,10
5,Aaron Nesmith,Indiana Pacers,SF,118,302,38,91,420.8,23,24,775.0,19,47,407.9,7,26,33,17,38,5,5,12,70,168,151,135,50,135.64365548980933,19.982248520710055,13.0,10.963182117028271,224.42472057856676,204.50164365548983,150.02827087442472,38.520710059171606,10
6,Aaron Wiggins,Oklahoma City Thunder,SG,53,146,20,37,553.0,8,11,280.0,5,12,200.0,9,9,18,11,6,7,10,5,-23,82,71,64,29,108.32345679012344,8.19753086419753,8.901234567901234,8.012345679012345,119.64444444444445,130.66419753086421,106.84938271604938,7.553086419753086,10
7,Admiral Schofield,Orlando Magic,SF,5,11,2,4,66.7,0,0,0.0,1,2,100.0,0,2,2,0,1,1,0,0,-11,7,7,5,2,15.487654320987653,0.02469135802469138,0.006172839506172839,0.5987654320987654,15.765432098765432,16.055555555555557,15.222222222222225,0.006172839506172845,2
8,Al Horford,Boston Celtics,C,117,275,43,79,571.8,8,8,400.0,23,48,489.3,14,42,56,24,17,8,9,7,110,197,173,141,80,446.66493236212284,72.4703433922997,22.40374609781478,32.39229968782519,573.360041623309,535.5848074921956,487.2726326742976,92.04162330905307,10
9,Alec Burks,New York Knicks,SG,71,131,23,72,280.0,14,19,446.4,11,40,257.5,4,15,19,9,2,3,4,0,-14,99,90,80,28,295.4510546241211,19.353704705246077,3.272579772850189,9.217414818820982,494.5889670091941,445.44077879935094,334.8869659275284,32.33856138453218,10
10,Aleksej Pokusevski,Charlotte Hornets,F,39,135,14,36,325.8,7,7,300.0,4,14,216.6,7,19,26,15,7,8,7,5,-37,80,65,54,41,49.039256198347104,17.429752066115704,11.0,1.71900826446281,131.94834710743802,88.67561983471074,77.76652892561984,42.97520661157024,7
11,Aleksej Pokusevski,Oklahoma City Thunder,F,6,18,2,5,100.0,1,2,50.0,1,3,100.0,0,2,2,0,0,1,0,0,-12,8,8,6,2,37.5103305785124,28.76859504132231,12.0,0.8016528925619835,214.23760330578511,127.87396694214875,87.14669421487605,77.49586776859505,3
12,Alex Caruso,Chicago Bulls,SG,116,314,41,88,444.0,9,14,275.0,25,56,433.7,6,32,38,44,29,21,13,8,-31,198,154,160,82,340.0,27.608566329565736,22.925639500297443,25.750743604997027,568.0,415.6573468173706,490.87685901249256,52.0,10
13,Alex Len,Sacramento Kings,C,27,96,9,14,450.0,9,10,375.0,0,0,0.0,4,16,20,9,16,2,4,8,24,56,47,36,29,61.33399079552925,16.32215647600263,15.071005917159765,0.0,130.0,76.9171597633136,104.88625904010519,40.923734385272844,10
14,Alondes Williams,Miami Heat,G,0,6,0,1,0.0,0,0,0.0,0,1,0.0,0,1,1,0,0,0,1,0,-2,1,1,0,1,0.0,0.25,0.0,0.0,0.25,0.25,0.0,0.25,1
15,Alperen Sengun,Houston Rockets,C,209,324,81,157,512.7,43,68,622.9,4,12,200.0,39,68,107,45,36,16,26,7,2,361,316,254,152,847.1723356009071,197.81632653061226,123.77551020408163,4.408163265306122,1935.0226757369614,1622.4580498866212,993.7777777777778,487.5510204081633,10
16,Amari Bailey,Charlotte Hornets,G,2,6,1,3,33.3,0,0,0.0,0,2,0.0,0,0,0,1,0,1,0,0,7,3,2,3,1,1.6198347107438016,0.0,0.29752066115702475,0.0,3.305785123966942,1.6198347107438016,3.305785123966942,0.29752066115702475,1
17,Amen Thompson,Houston Rockets,F,125,248,52,84,595.5,20,28,571.4,1,6,100.0,25,48,73,23,25,11,12,8,101,221,198,148,96,529.3729338842975,71.0,31.55785123966942,0.9008264462809916,879.8688016528926,821.5092975206612,534.1869834710743,156.10330578512398,10
18,Amir Coffey,LA Clippers,SG,66,224,24,55,368.7,5,5,300.0,13,33,316.7,2,25,27,16,13,3,8,2,-54,109,93,82,43,238.81632653061223,77.81632653061226,16.48063306955435,18.11203665139525,602.6234902124115,455.0,352.0957934194086,128.64098292378173,10
19,Andre Drummond,Chicago Bulls,C,74,153,25,47,462.9,24,39,679.2,0,0,0.0,29,46,75,3,13,2,8,2,-10,152,149,77,78,257.60302866414276,61.70308274743104,2.1238507301243916,0.0,469.8042184964846,437.0984315846405,281.82098431584643,72.31476473769607,10
20,Andre Jr. Jackson,Milwaukee Bucks,G,10,69,4,9,333.3,0,0,0.0,2,5,200.0,3,9,12,10,6,3,3,0,-10,32,22,20,22,12.559999999999997,6.96,7.04,1.5733333333333335,36.00000000000001,31.040000000000003,16.959999999999997,14.56,6
21,Andrew Nembhard,Indiana Pacers,PG,94,287,39,69,551.8,6,7,200.0,10,28,398.3,4,24,28,37,26,6,12,1,35,159,122,131,65,229.2547322877231,36.313683071930775,15.644672796106006,4.0216333153055706,445.2531097890752,320.31368307193077,347.4889129259059,58.66360194699838,10
22,Andrew Wiggins,Golden State Warriors,SF,123,243,46,102,442.5,17,23,371.4,14,35,375.0,21,30,51,13,16,7,7,3,-6,187,174,136,64,336.9927685950413,67.42561983471074,9.231404958677686,13.327479338842975,625.7778925619835,576.220041322314,382.625,80.58264462809917,10
23,Anfernee Simons,Portland Trail Blazers,SG,234,361,80,177,436.7,36,39,757.1,38,94,405.4,4,33,37,64,19,7,30,1,-38,335,271,298,101,925.8031368307193,28.123850730124392,126.0,19.431043807463492,1753.8253109789075,1192.0578691184423,1454.779881016766,186.91454840454298,10
24,Anthony Black,Orlando Magic,G,50,193,17,48,368.8,7,12,250.0,9,21,308.3,6,23,29,9,11,6,9,3,25,88,79,59,38,138.40625,65.384765625,5.041015625,11.0390625,338.40625,294.306640625,177.306640625,75.625,10
25,Anthony Davis,Los Angeles Lakers,PF,215,347,83,151,545.3,45,56,802.6,4,10,200.0,33,103,136,37,24,14,16,21,46,388,351,252,173,514.2215647600262,297.11111111111114,16.221564760026297,2.4760026298487836,1490.4247205785668,1319.2130177514791,599.7751479289941,398.99079552925707,10
26,Anthony Edwards,Minnesota Timberwolves,SG,270,377,105,228,453.2,37,51,729.8,23,66,407.3,11,63,74,57,17,13,27,10,8,401,344,327,131,849.5604938271604,61.827160493827165,36.11111111111111,22.382716049382715,878.1111111111111,912.0,817.0197530864198,96.59012345679014,10
27,Anthony Gill,Washington Wizards,PF,38,91,14,31,284.4,6,6,200.0,4,11,191.7,8,11,19,10,9,5,8,0,-12,67,57,48,29,186.7993079584775,43.2378892733564,15.182525951557091,3.964532871972319,478.318339100346,376.4766435986159,263.66695501730106,83.39446366782008,7
28,Ashton Hagans,Portland Trail Blazers,G,44,179,15,38,402.7,9,11,400.0,5,11,166.7,9,21,30,34,25,8,20,8,12,108,74,78,64,136.409972299169,18.110803324099724,56.58725761772853,6.562326869806094,392.3490304709141,222.58725761772854,283.8836565096953,96.98614958448753,10
29,Ausar Thompson,Detroit Pistons,F,103,314,42,87,508.0,11,25,325.0,8,29,195.3,15,44,59,21,26,17,14,11,-6,183,162,124,80,121.7,31.399999999999995,24.125,8.5,347.72499999999997,237.7,200.02499999999998,87.225,10
30,Austin Reaves,Los Angeles Lakers,SG,180,344,60,120,503.1,31,37,766.7,29,63,437.6,5,44,49,60,14,4,24,3,21,289,229,240,109,271.4729327781082,21.024985127900056,99.14693634741224,34.29803688280786,468.24092801903635,323.96609161213564,454.5758477096966,81.3438429506246,10
31,Ayo Dosunmu,Chicago Bulls,SG,177,376,69,143,453.5,19,21,558.3,20,55,338.3,7,24,31,57,26,11,18,6,-50,265,208,234,88,977.7766360194701,35.3677663601947,71.17522985397513,24.617631151974038,929.8772309356409,880.4997295835586,1041.1357490535424,92.56138453217955,10
32,Bam Adebayo,Miami Heat,C,159,329,66,124,531.9,21,38,583.3,6,10,450.0,29,91,120,30,14,16,14,10,-22,309,279,189,150,240.9119000657463,112.62984878369494,24.946745562130175,4.476002629848784,432.71597633136093,395.0,265.7836949375411,150.42077580539117,10
33,Ben Sheppard,Indiana Pacers,G,56,186,21,50,412.5,4,4,200.0,10,34,270.0,3,18,21,11,18,4,3,0,24,88,77,67,32,130.425,43.65625,12.95625,14.00625,255.20000000000002,256.35625000000005,150.25625,35.625,10
34,Ben Simmons,Brooklyn Nets,PG,53,168,24,38,521.1,5,11,150.0,0,0,0.0,15,39,54,46,20,9,12,4,-5,153,107,99,100,134.88888888888889,64.0,78.88888888888889,0.0,382.0,162.8888888888889,300.0,196.88888888888889,9
35,Bennedict Mathurin,Indiana Pacers,SG,139,275,44,115,340.3,35,45,614.5,16,44,245.0,10,33,43,23,24,7,17,4,-18,205,182,162,66,753.4765625,123.6015625,38.125,30.4140625,1418.90625,1097.65625,970.9140625,265.5390625,10
36,Bilal Coulibaly,Washington Wizards,SG,90,289,30,76,451.5,19,27,633.3,11,39,238.3,9,30,39,18,22,12,8,7,-98,147,129,108,57,127.37777777777777,38.5,16.0,13.177777777777775,337.8777777777778,291.7444444444444,166.31111111111107,61.699999999999996,10
37,Bismack Biyombo,Oklahoma City Thunder,C,4,36,1,4,33.3,2,4,100.0,0,0,0.0,3,2,5,2,6,1,4,1,3,11,9,6,7,5.061224489795919,4.1020408163265305,1.2653061224489797,0.0,27.97959183673469,17.489795918367346,11.387755102040815,9.53061224489796,5
38,Blake Wesley,San Antonio Spurs,G,49,145,18,40,370.4,10,12,425.0,3,10,200.0,4,14,18,28,14,5,5,5,-27,95,67,77,46,188.68698347107437,23.73966942148761,69.70764462809917,4.125,356.5,213.02582644628097,301.87603305785126,123.7324380165289,10
39,Boban Marjanovic,Houston Rockets,C,3,7,1,1,100.0,1,2,50.0,0,0,0.0,0,3,3,0,0,0,1,0,-3,6,6,3,3,0.8622448979591834,5.224489795918367,0.0,0.0,10.331632653061225,10.331632653061225,0.8622448979591834,5.224489795918367,1
40,Bobby Portis,Milwaukee Bucks,F,166,261,71,131,533.3,12,15,525.0,12,26,333.4,16,70,86,11,24,8,16,2,9,263,252,177,97,616.4183884297521,145.19421487603304,5.855371900826446,24.24793388429752,1107.6373966942149,1121.4597107438017,605.5382231404959,148.10743801652893,10
41,Bogdan Bogdanovic,Atlanta Hawks,SG,146,322,51,130,381.4,13,15,450.0,31,79,405.0,11,25,36,42,18,11,21,4,34,224,182,188,78,348.19614512471657,44.44444444444444,63.25736961451248,22.908163265306122,368.53061224489795,302.00566893424036,423.9274376417233,98.49546485260771,10
42,Bojan Bogdanovic,New York Knicks,SF,79,189,29,79,326.29999999999995,10,11,350.0,11,38,256.4,3,14,17,10,13,0,19,0,-15,106,96,89,27,442.9726353361095,17.68054729327781,11.16597263533611,14.220701963117191,611.565734681737,559.841760856633,483.9815585960738,39.56157049375372,10
43,Bol Bol,Phoenix Suns,C,69,121,27,41,603.8,6,7,275.0,9,16,450.0,6,30,36,4,9,1,4,6,-8,109,105,73,40,224.90006574621958,30.669296515450363,4.437869822485207,6.907955292570677,349.0105193951348,350.77777777777777,224.13477975016437,34.10519395134779,10
44,Bones Hyland,LA Clippers,PG,65,161,24,62,368.1,4,6,200.0,13,36,313.8,1,16,17,31,15,10,14,1,0,113,82,96,48,304.5,16.5,86.901384083045,19.844290657439448,823.0190311418686,444.0,616.8719723183392,170.0484429065744,10
45,Bradley Beal,Phoenix Suns,SG,167,346,67,133,502.9,18,20,658.3,15,40,345.2,9,29,38,69,24,12,24,6,29,274,205,236,107,391.1653777513385,37.35990481856038,52.95002974419988,6.513384889946461,206.819750148721,322.6799524092802,302.29863176680544,63.31647828673409,10
46,Brandin Podziemski,Golden State Warriors,G,79,276,28,67,391.1,9,13,375.0,14,31,433.3,18,36,54,35,13,10,12,4,17,168,133,114,89,189.02716161158895,56.70439112720688,38.22136713444998,11.391579900407425,477.871435038479,380.1380715255772,263.31281122679945,118.37347215934813,10
47,Brandon Boston Jr.,LA Clippers,SG,59,135,24,55,462.1,7,14,350.0,4,15,150.0,5,14,19,3,15,3,4,6,-17,81,78,62,22,128.3469387755102,27.122448979591834,2.265306122448979,4.4734693877551015,238.86122448979594,202.9877551020408,150.40816326530611,43.2,10
48,Brandon Ingram,New Orleans Pelicans,SF,180,306,68,138,496.2,36,43,724.5,8,27,260.0,6,50,56,54,24,6,19,7,49,290,236,234,110,669.2886259040105,25.580539119000658,44.41683103221565,6.366863905325443,720.0065746219592,826.4023668639053,557.4109138724523,75.47928994082841,10
49,Brandon Miller,Charlotte Hornets,F,171,322,66,159,409.6,14,22,405.0,25,74,314.6,9,42,51,25,23,9,16,6,-108,247,222,196,76,348.90625,63.300000000000004,42.9,14.525,748.6062499999999,674.40625,412.90625,116.4,10
50,Brandon Williams,Dallas Mavericks,G,7,24,2,9,83.3,3,4,100.0,0,2,0.0,1,1,2,4,1,0,1,0,-12,13,9,11,6,18.22448979591837,3.183673469387756,4.081632653061224,0.0,30.46938775510204,15.448979591836734,29.0,11.510204081632653,4
51,Braxton Key,Denver Nuggets,F,2,6,1,1,100.0,0,1,0.0,0,0,0.0,1,1,2,0,1,0,0,0,2,4,4,2,2,2.25,1.0,0.0,0.0,6.25,6.25,2.25,1.0,1
52,Brice Sensabaugh,Utah Jazz,F,88,243,34,89,360.5,14,17,396.7,6,43,123.3,8,42,50,27,10,5,19,2,-56,165,138,115,77,352.65625,104.22500000000001,17.700000000000003,6.5,512.15625,525.85625,353.75625,107.125,10
53,Brook Lopez,Milwaukee Bucks,C,108,275,38,77,478.3,11,15,416.7,21,44,490.0,13,34,47,19,20,4,9,12,-10,174,155,127,66,200.44854253420584,29.316478286734085,29.392623438429506,16.220701963117193,350.98750743604995,266.6371207614515,267.8506841165972,75.65734681737062,10
54,Bruce Brown,Toronto Raptors,SF,95,271,36,83,405.9,19,23,533.3,4,16,150.0,11,32,43,36,16,5,18,1,-97,174,138,131,79,192.01234567901236,87.79012345679011,26.415123456790123,4.5,466.40277777777777,333.6049382716049,314.72993827160496,124.2854938271605,10
55,Bruno Fernando,Atlanta Hawks,PF,72,204,30,50,545.2,12,16,450.0,0,1,0.0,20,50,70,11,31,12,16,12,0,153,142,83,81,410.8520710059171,59.1715976331361,6.9552925706771855,0.0,462.96318211702817,441.8224852071006,421.9335963182117,76.1860618014464,10
56,Bryce McGowens,Charlotte Hornets,G,54,155,18,37,330.8,13,18,441.7,5,15,180.0,3,21,24,8,15,7,4,3,-10,86,78,62,32,234.40625,28.0,5.65625,6.8515625,395.625,383.40625,249.625,30.65625,10
57,Buddy Boeheim,Detroit Pistons,F,13,22,4,8,50.0,2,2,100.0,3,7,42.9,0,3,3,3,1,0,0,0,3,19,16,16,6,64.0,4.0,5.76,4.0,153.76000000000002,100.0,108.16000000000001,19.360000000000003,1
58,Buddy Hield,Philadelphia 76ers,SG,104,222,39,96,412.1,4,4,200.0,22,60,386.3,7,21,28,20,16,8,10,6,-25,152,132,124,48,120.5,45.233506944444436,15.1640625,9.6015625,340.2673611111111,264.52517361111114,172.7890625,83.85069444444444,10
59,CJ McCollum,New Orleans Pelicans,SG,177,315,69,145,457.7,7,9,241.7,32,82,360.3,2,32,34,43,13,5,19,2,43,254,211,220,77,587.316049382716,21.11111111111111,54.2,46.0,904.3012345679012,568.679012345679,939.8716049382716,58.37777777777777,10
60,Cade Cunningham,Detroit Pistons,PG,204,308,77,188,402.8,32,35,722.2,18,58,269.6,9,42,51,84,18,7,32,2,-62,339,255,288,135,575.6349480968859,35.06747404844291,26.77681660899654,20.685121107266436,981.863321799308,767.7750865051902,760.0207612456747,91.54671280276817,10
61,Caleb Houstan,Orlando Magic,G,47,172,15,40,329.4,2,2,100.0,15,38,362.7,6,11,17,3,14,3,3,2,-12,67,64,50,20,149.26813590449953,32.35537190082645,2.4196510560146924,17.64279155188246,283.99173553719004,266.6317722681359,154.0,47.403122130394856,10
62,Caleb Martin,Miami Heat,SF,96,286,35,94,352.2,12,15,541.7,14,48,337.9,13,32,45,18,20,9,12,5,-27,159,141,114,63,228.4424012979989,46.89075175770687,29.610600324499732,10.607896160086533,533.0,345.0757166035695,376.49540292049755,116.37263385613845,10
63,Cam Reddish,Los Angeles Lakers,SF,30,125,9,24,213.3,6,12,141.7,6,16,216.6,4,5,9,1,7,5,2,4,10,40,39,31,10,81.5486111111111,9.4375,0.8819444444444443,3.381944444444444,65.21527777777777,56.44444444444445,92.86111111111111,7.777777777777779,7
64,Cam Thomas,Brooklyn Nets,SG,231,344,83,184,445.4,44,51,827.4,21,62,309.7,7,43,50,37,20,5,21,0,-19,318,281,268,87,298.9552925706772,54.1301775147929,22.221564760026297,31.68113083497699,283.7751479289941,277.77186061801444,299.94082840236683,81.36949375410914,10
65,Cam Whitmore,Houston Rockets,F,126,203,48,111,415.2,17,26,385.0,13,50,239.8,14,31,45,5,11,5,15,5,3,176,171,131,50,215.05817174515238,60.56232686980609,2.673130193905817,12.290858725761774,347.16343490304706,345.24376731301936,225.77008310249312,54.44321329639889,10
66,Cameron Johnson,Brooklyn Nets,SF,155,278,49,102,478.1,27,32,791.7,30,67,441.3,7,31,38,21,14,10,13,1,-6,214,193,176,59,438.37326515704893,44.94521548575602,15.10518626734843,29.869978086194305,601.2505478451424,475.08911614317026,546.4777209642075,78.1073776479182,10
67,Cameron Payne,Philadelphia 76ers,PG,111,199,42,100,433.2,10,11,375.0,17,46,356.6,5,12,17,31,16,6,14,4,-40,159,128,142,48,320.0964083175803,30.692816635160682,13.650283553875237,20.100189035916824,534.4546313799622,487.70982986767484,358.9073724007561,52.27693761814745,10
68,Caris LeVert,Cleveland Cavaliers,SG,131,327,46,119,362.2,26,37,500.2,13,51,231.6,8,39,47,79,18,16,21,6,3,257,178,210,126,493.2725797728502,22.106544077879935,96.3347755543537,8.437533802055166,1011.2358031368308,624.0778799351001,818.6533261222282,180.21849648458627,10
69,Cason Wallace,Oklahoma City Thunder,G,74,215,29,66,419.4,2,4,100.0,14,37,324.3,10,15,25,16,16,14,10,6,-23,115,99,90,41,344.4493827160494,14.649382716049383,22.523456790123454,18.799999999999997,459.46419753086417,389.1975308641975,418.44444444444434,33.44444444444444,10
70,Cedi Osman,San Antonio Spurs,SF,44,148,18,40,397.1,0,0,0.0,8,24,249.89999999999998,3,19,22,8,13,4,7,2,-55,74,66,52,30,122.6003086419753,21.679012345679013,10.0,6.118827160493827,144.7361111111111,151.06944444444446,123.82253086419753,24.123456790123456,10
71,Charlie Brown Jr.,New York Knicks,G,3,27,1,5,20.0,0,0,0.0,1,3,33.3,1,1,2,0,4,0,0,1,-6,5,5,3,2,6.12,2.7200000000000006,0.0,0.6800000000000002,17.0,17.0,6.12,2.7200000000000006,2
72,Chet Holmgren,Oklahoma City Thunder,PF,158,294,58,118,486.8,28,32,563.3,14,45,320.0,17,73,90,19,12,6,8,14,77,267,248,177,109,768.711111111111,152.0493827160494,18.901234567901234,9.234567901234568,1571.5086419753086,1492.241975308642,807.8049382716049,211.12345679012344,10
73,Chimezie Metu,Detroit Pistons,PF,27,80,9,19,133.3,9,10,187.5,0,7,0.0,3,12,15,6,11,3,6,1,-17,48,42,33,21,162.0,20.75,3.6875,0.0,341.1875,284.75,201.6875,41.1875,3
74,Chimezie Metu,Phoenix Suns,PF,6,29,3,5,150.0,0,0,0.0,0,0,0.0,2,9,11,2,2,2,3,0,-7,19,17,8,13,35.0,18.75,1.6875,0.0,79.6875,58.75,51.1875,25.1875,3
75,Chris Boucher,Toronto Raptors,PF,69,120,25,35,573.3,15,18,500.0,4,12,216.7,13,27,40,5,11,1,9,5,7,114,109,74,45,142.20987654320987,47.580246913580254,5.913580246913581,4.0246913580246915,410.0,329.0246913580247,192.69135802469134,83.98765432098766,8
76,Chris Duarte,Sacramento Kings,SG,68,147,25,51,454.2,3,4,150.0,15,33,447.7,8,19,27,9,10,5,2,5,-6,104,95,77,36,307.08641975308643,33.248456790123456,6.944444444444444,13.125,483.45216049382714,437.10030864197535,337.2901234567901,56.34104938271605,10
77,Chris Livingston,Milwaukee Bucks,F,0,6,0,2,0.0,0,0,0.0,0,2,0.0,0,1,1,1,4,0,1,0,-10,2,1,1,2,0.4444444444444444,0.25,0.6944444444444445,0.0,0.44444444444444453,0.027777777777777804,0.027777777777777766,1.7777777777777781,1
78,Chris Paul,Golden State Warriors,PG,112,245,48,95,513.9,2,2,100.0,14,32,430.0,7,40,47,67,22,8,9,0,-16,226,159,179,114,147.2984389348026,32.18824609733701,98.1404958677686,4.471992653810836,355.64554637281907,269.46097337006427,251.16345270890724,112.64830119375576,10
79,Christian Braun,Denver Nuggets,G,85,202,33,53,673.1,9,16,325.0,10,19,466.6,7,31,38,18,24,7,6,5,31,141,123,103,56,221.38074634937806,37.82152514872905,30.30286641427799,8.540832882639265,543.0681449432125,348.0827474310438,376.37696051919954,108.11357490535424,10
80,Christian Wood,Los Angeles Lakers,F,59,133,22,51,477.0,11,14,450.0,4,19,225.0,6,28,34,6,12,5,5,2,-14,99,93,65,40,153.90277777777777,54.402777777777786,4.625,2.4444444444444446,305.125,285.0,156.7777777777778,76.27777777777777,10
81,Chuma Okeke,Orlando Magic,PF,0,33,0,4,0.0,0,0,0.0,0,4,0.0,0,4,4,2,2,2,2,0,-14,6,4,2,6,0.39200000000000007,2.928,1.4000000000000004,0.008,4.832,2.8720000000000003,1.232,5.448,5
82,Clint Capela,Atlanta Hawks,C,127,253,55,102,545.7,17,27,455.0,0,1,0.0,50,64,114,20,19,4,9,11,72,261,241,147,134,82.5,50.800000000000004,19.225,0.0,197.125,186.89999999999998,87.32499999999999,75.42500000000001,10
83,Coby White,Chicago Bulls,PG,188,380,67,155,426.0,28,31,796.7,26,71,356.2,7,39,46,55,25,7,23,3,-1,289,234,243,101,559.8097502972652,24.772889417360286,114.74078478002377,34.537455410225924,833.3139120095125,612.423305588585,692.1010701545779,228.11296076099882,10
84,Cody Martin,Charlotte Hornets,SF,69,285,28,76,367.2,6,7,250.0,7,30,228.2,6,44,50,42,15,11,20,7,-28,161,119,111,92,111.0,28.18685121107267,64.68512110726644,2.6816608996539792,183.02076124567472,112.9515570934256,173.33217993079583,100.60899653979239,10
85,Cody Zeller,New Orleans Pelicans,C,7,31,3,6,200.0,1,2,50.0,0,0,0.0,5,10,15,3,5,2,3,0,14,25,22,10,18,3.2011834319526624,5.065088757396451,3.4319526627218937,0.0,18.396449704142015,12.337278106508876,6.266272189349112,11.49112426035503,5
86,Colby Jones,Sacramento Kings,G,4,20,2,7,83.3,0,0,0.0,0,2,0.0,1,4,5,3,3,0,1,0,4,12,9,7,8,4.528925619834711,4.3884297520661155,0.39669421487603307,0.0,18.933884297520663,15.165289256198347,6.644628099173553,6.43801652892562,3
87,Cole Anthony,Orlando Magic,PG,116,232,43,96,434.6,18,24,587.5,12,41,247.0,10,30,40,25,15,6,11,6,50,181,156,141,65,263.9393218322427,48.71980963712076,34.50148720999405,11.600237953599049,464.3551457465794,410.0,324.22903033908386,77.28673408685306,10
88,Cole Swider,Miami Heat,F,19,44,6,16,104.7,2,2,100.0,5,13,116.7,0,5,5,1,1,0,4,0,-18,25,24,20,6,191.6172839506173,2.5555555555555554,0.8395061728395061,17.0,227.20987654320987,233.20987654320987,185.9135802469136,3.0987654320987654,5
89,Collin Gillespie,Denver Nuggets,G,41,83,15,30,237.8,2,5,100.0,9,15,250.0,0,10,10,8,9,5,7,0,21,59,51,49,18,162.828125,4.0,7.8125,8.953125,243.703125,176.828125,229.703125,11.8125,5
90,Collin Sexton,Utah Jazz,PG,222,335,88,168,524.9,25,29,796.6,21,49,356.7,13,20,33,61,18,10,23,1,-38,316,255,283,94,113.60000000000001,33.396,44.936,35.924,241.29999999999998,162.99599999999998,184.936,85.3,10
91,Corey Kispert,Washington Wizards,SF,145,306,51,98,490.09999999999997,15,27,458.3,28,60,436.4,3,21,24,19,22,8,11,3,-45,188,169,164,43,299.2126736111111,17.00434027777778,22.9765625,26.267361111111114,452.9140625,359.65625,368.10069444444446,64.35069444444444,10
92,Cory Joseph,Golden State Warriors,PG,27,71,10,16,316.7,0,0,0.0,7,11,316.7,2,9,11,6,6,0,1,0,9,44,38,33,17,31.2,10.8,2.8000000000000003,3.2,28.8,47.2,21.2,5.2,5
93,Craig Jr. Porter,Cleveland Cavaliers,G,61,132,25,50,441.9,7,7,400.0,4,10,125.0,6,19,25,20,7,3,9,1,-36,106,86,81,45,329.29999999999995,42.111111111111114,20.4,9.11111111111111,669.6111111111112,547.7444444444445,432.5,81.17777777777778,10
94,D'Angelo Russell,Los Angeles Lakers,PG,202,356,72,155,434.7,20,24,760.0,38,86,413.8,6,33,39,61,21,10,21,4,40,302,241,263,100,1063.7340720221607,30.106648199445985,126.98891966759001,51.61357340720222,1776.3504155124654,1339.4362880886426,1509.2603878116345,148.48337950138503,10
95,D.J. Carton,Toronto Raptors,G,8,31,2,7,83.3,3,4,150.0,1,4,50.0,2,1,3,3,1,1,1,0,-30,14,11,11,6,8.666666666666668,2.0,2.0,0.6666666666666667,8.666666666666666,2.6666666666666665,18.666666666666668,0.0,3
96,Daishen Nix,Minnesota Timberwolves,SG,5,5,2,3,66.7,0,0,0.0,1,2,50.0,0,0,0,0,1,1,0,0,6,5,5,5,0,9.0,0.0,0.08163265306122448,0.32653061224489793,7.367346938775511,9.0,7.367346938775511,0.08163265306122448,1
97,Dalano Banton,Portland Trail Blazers,G,173,323,61,151,417.09999999999997,26,30,916.7,25,63,420.0,9,35,44,32,19,10,24,5,-86,249,217,205,76,661.5850661625708,41.67202268431002,41.342155009451794,22.624763705103966,1200.3875236294896,961.5141776937617,877.9971644612477,105.47542533081287,10
98,Dalen Terry,Chicago Bulls,F,43,136,18,39,366.1,3,6,150.0,4,15,208.3,8,18,26,18,11,9,5,1,11,87,69,61,44,104.65586419753086,46.0,23.896604938271608,2.4521604938271606,313.71604938271605,209.1003086419753,155.49382716049382,123.6743827160494,10
99,Damian Jones,Cleveland Cavaliers,C,61,129,24,38,627.9,13,15,650.0,0,5,0.0,14,23,37,6,13,4,7,7,-25,104,98,67,43,158.525,62.725,4.425000000000001,0.0,263.425,263.59999999999997,155.0,70.5,10
100,Damian Lillard,Milwaukee Bucks,PG,252,359,84,179,452.2,45,47,969.0,39,89,422.3,3,39,42,85,16,7,22,4,26,379,294,337,127,970.8798185941043,25.602040816326532,112.52267573696145,34.90362811791383,1284.9591836734694,1011.3526077097506,1234.5,148.11111111111111,10
101,Daniel Gafford,Dallas Mavericks,C,139,229,60,70,792.1,19,29,473.4,0,0,0.0,23,54,77,15,33,9,7,20,45,231,216,154,92,429.59410430839,84.11111111111111,20.862811791383216,0.0,845.828798185941,702.530612244898,561.4795918367347,116.38662131519274,10
102,Daniel Theis,LA Clippers,C,44,135,19,38,427.5,3,3,200.0,3,8,200.0,11,21,32,12,18,1,7,9,14,88,76,56,44,137.47520661157023,26.8801652892562,9.947314049586778,4.338842975206611,234.85640495867767,205.1074380165289,163.88946280991735,40.16219008264463,10
103,Danilo Gallinari,Milwaukee Bucks,PF,28,105,9,23,350.0,9,10,275.0,1,11,100.0,3,6,9,9,7,2,3,1,-43,46,37,37,18,84.784,5.096,12.904000000000002,1.384,101.456,101.496,83.0,19.744,10
104,Dante Exum,Dallas Mavericks,G,62,186,20,41,439.1,14,16,516.7,8,13,350.0,2,18,20,27,14,2,12,0,30,109,82,89,47,267.1111111111111,18.71111111111111,34.5,16.5,398.5,293.20000000000005,353.34444444444443,72.27777777777777,10
105,Danuel House Jr.,Philadelphia 76ers,SF,42,143,14,30,276.3,13,15,466.7,1,11,33.3,6,11,17,7,16,7,3,3,-26,66,59,49,24,42.0,11.714285714285715,8.0,0.8571428571428572,41.714285714285715,51.714285714285715,40.0,11.714285714285715,7
106,Dario Saric,Golden State Warriors,PF,28,107,12,33,298.3,2,3,100.0,2,17,83.3,6,15,21,18,5,0,13,0,-31,67,49,46,39,51.69322235434008,27.313912009512485,15.809750297265161,2.057074910820452,146.73365041617123,99.01426872770512,72.42330558858501,70.11296076099882,10
107,Darius Garland,Cleveland Cavaliers,PG,193,340,71,161,439.1,22,28,727.4,29,84,321.8,8,23,31,63,28,7,27,1,-30,287,224,256,94,691.2131519274376,37.37981859410431,58.41043083900227,52.14172335600907,1037.2437641723354,762.2777777777778,941.5510204081634,120.41836734693878,10
108,David Roddy,Phoenix Suns,F,61,140,25,62,497.0,6,10,241.7,5,21,143.3,3,17,20,13,7,2,10,0,-71,94,81,74,33,425.5934256055363,57.24567474048444,24.65916955017301,9.05363321799308,858.1384083044983,669.6072664359862,584.5536332179933,111.4757785467128,10
109,Davion Mitchell,Sacramento Kings,PG,53,158,22,44,450.0,0,0,0.0,9,25,310.0,4,10,14,16,8,3,7,0,28,83,67,69,30,153.90277777777777,6.421006944444445,12.4140625,15.902777777777777,201.44444444444446,164.73350694444446,175.37934027777777,34.06944444444444,10
110,Davis Bertans,Charlotte Hornets,SF,84,249,28,85,299.6,7,8,250.0,21,68,272.7,5,23,28,13,17,11,9,5,-64,125,112,97,41,310.666015625,58.150390625,20.791015625,21.15625,580.525390625,484.9765625,380.5,104.65625,10
111,Day'Ron Sharpe,Brooklyn Nets,C,64,156,26,46,602.2,10,19,341.6,2,3,100.0,26,31,57,20,19,4,12,8,5,141,121,84,77,157.58418367346937,181.0841836734694,16.31887755102041,3.686224489795918,487.8188775510204,402.5,205.88775510204084,234.4183673469388,10
112,De'Aaron Fox,Sacramento Kings,PG,264,355,101,224,454.59999999999997,35,41,773.9,27,80,356.7,11,48,59,55,31,25,27,4,63,378,323,319,114,607.7136105860113,32.1937618147448,77.04158790170132,16.100189035916824,507.47448015122876,575.0189035916825,568.9045368620037,80.5,10
113,De'Andre Hunter,Atlanta Hawks,SF,162,293,59,135,433.3,23,29,648.3,21,62,338.5,1,24,25,17,20,8,11,3,34,204,187,179,42,356.7328970850684,22.50148720999405,8.23140987507436,16.907198096371207,346.948245092207,419.3164782867341,291.3926234384295,23.70493753718025,10
114,De'Anthony Melton,Philadelphia 76ers,SG,23,43,7,20,75.0,4,4,200.0,5,14,75.0,0,5,5,5,3,2,1,1,-2,33,28,28,10,128.66666666666666,2.666666666666667,2.666666666666667,8.666666666666666,206.0,164.66666666666669,164.66666666666669,10.666666666666668,3
115,DeAndre Jordan,Denver Nuggets,C,36,100,16,27,707.1,4,6,200.0,0,0,0.0,16,24,40,5,14,1,3,4,-28,81,76,41,45,89.56401384083046,71.69550173010381,8.716262975778548,0.0,318.9584775086505,234.4498269896194,145.28373702422147,109.2006920415225,10
116,DeJon Jarreau,Memphis Grizzlies,F,30,120,11,40,175.0,5,8,250.0,3,9,116.7,6,33,39,22,12,6,8,1,-26,91,69,52,61,64.2233727810651,62.201183431952664,38.531065088757394,3.714497041420118,299.42011834319527,142.47189349112426,152.50887573964496,169.39497041420117,7
117,DeMar DeRozan,Chicago Bulls,SF,251,362,82,164,484.5,78,89,891.3,9,31,196.7,4,51,55,53,14,7,18,6,3,359,306,304,108,953.9583558680368,61.814494321254735,70.18226068144943,11.075716603569496,1593.1016765819363,1421.6765819361817,1072.6327744726877,184.74743104380747,10
118,Dean Wade,Cleveland Cavaliers,PF,46,178,15,35,260.2,5,7,216.7,11,31,233.4,4,27,31,7,8,3,1,9,-23,84,77,53,38,468.50000000000006,35.125,6.125,31.525000000000006,718.8,714.725,466.12499999999994,47.699999999999996,10
119,Deandre Ayton,Portland Trail Blazers,C,229,346,105,167,627.8,18,22,450.0,1,3,100.0,39,97,136,14,15,7,22,9,-35,379,365,243,150,655.2326869806095,224.23407202216066,6.404432132963989,0.9002770083102494,1459.1592797783935,1518.6385041551246,619.3047091412743,207.08725761772854,10
120,Dejounte Murray,Atlanta Hawks,SG,267,375,97,211,463.2,31,38,770.3,42,101,409.5,8,44,52,86,16,23,33,1,20,405,319,353,138,809.2671714440238,77.63547863710114,68.40021633315305,45.65819361817198,797.703082747431,1006.2449972958356,625.0832882639265,121.67766360194702,10
121,Delon Wright,Miami Heat,SG,48,181,17,45,414.7,9,12,283.3,5,18,175.0,5,15,20,23,5,10,1,2,14,91,68,71,43,132.58769513314968,8.918273645546371,34.72268135904499,7.016528925619834,234.49127640036733,168.92561983471074,199.0495867768595,42.74471992653811,10
122,Deni Avdija,Washington Wizards,SF,172,350,67,136,502.0,25,38,683.7,13,38,314.2,20,77,97,35,25,9,21,3,-47,304,269,207,132,113.85491276400369,130.98163452708906,25.163452708907254,12.702479338842974,364.9917355371901,285.5325987144169,177.16896235078053,172.29017447199266,10
123,Dennis Schroder,Brooklyn Nets,PG,151,350,56,127,428.7,19,24,463.1,20,51,379.9,4,24,28,63,16,8,35,5,-95,242,179,214,91,527.5105462412114,38.20767982693348,45.453217955651695,14.540832882639263,588.2228231476473,447.58626284478106,693.802055164954,58.00594916170903,10
124,Dennis Smith Jr.,Brooklyn Nets,PG,62,171,23,48,512.1,8,11,383.3,8,22,348.3,5,13,18,29,22,17,13,0,6,109,80,91,47,81.37603305785125,19.057851239669418,36.64876033057851,4.037190082644629,138.96694214876032,124.5,89.0495867768595,62.5,10
125,Dereck II Lively,Dallas Mavericks,C,93,188,45,58,685.7,3,9,150.0,0,0,0.0,19,26,45,7,23,4,8,9,-24,145,138,100,52,412.1510204081633,65.13061224489796,8.10204081632653,0.0,816.0938775510203,721.4448979591837,496.0326530612245,84.0,10
126,Derrick Jones Jr.,Dallas Mavericks,SF,86,198,32,53,620.2,13,20,466.7,9,20,240.0,13,14,27,8,13,5,6,4,46,121,113,94,35,326.15625,73.15625,5.606250000000001,26.706250000000004,548.70625,557.325,322.9,73.4,10
127,Derrick Rose,Memphis Grizzlies,PG,49,95,20,37,377.7,5,6,266.7,4,8,233.3,0,15,15,21,3,1,9,0,-9,85,64,70,36,70.0,14.857142857142858,12.0,3.7142857142857144,188.85714285714286,116.85714285714286,128.0,40.857142857142854,7
128,Derrick White,Boston Celtics,PG,149,357,54,130,407.0,16,18,555.6,25,75,244.9,10,52,62,70,21,9,14,17,79,281,211,219,132,491.284023668639,43.11111111111112,57.11111111111111,61.2629848783695,690.207100591716,569.7284681130835,571.9848783694937,140.0,10
129,Desmond Bane,Memphis Grizzlies,SG,52,93,16,49,93.4,12,14,166.7,8,25,95.2,1,8,9,15,7,3,6,2,-24,76,61,67,24,196.171875,8.046875,6.01171875,2.671875,311.07421875,276.75,230.44921875,14.10546875,3
130,Devin Booker,Phoenix Suns,SG,254,358,96,197,486.1,40,42,925.0,22,65,310.9,15,39,54,70,32,6,21,4,38,378,308,324,124,273.116002379536,57.06841165972635,87.92742415229031,41.60023795359905,271.6835217132659,351.22189173111246,155.84770969660917,182.72575847709697,10
131,Devin Vassell,San Antonio Spurs,SG,182,370,71,154,432.4,21,25,741.7,19,53,315.8,3,42,45,44,13,11,21,3,-38,271,227,226,89,722.73769605192,63.79935100054083,60.41752298539751,24.90048674959438,1050.1757706868577,812.2309356408869,940.9843158464034,143.91508923742563,10
132,Devonte' Graham,San Antonio Spurs,PG,17,36,6,14,158.3,1,1,100.0,4,11,170.0,0,9,9,2,2,2,1,0,18,28,26,19,11,51.358024691358025,1.432098765432099,3.555555555555556,2.8888888888888893,73.55555555555556,60.22222222222222,64.83950617283949,4.839506172839506,5
133,Dillon Brooks,Houston Rockets,SF,101,286,40,85,407.4,7,8,350.0,14,46,301.9,3,24,27,19,21,9,10,0,81,147,128,120,46,455.17458677685954,22.880165289256198,16.90082644628099,9.963842975206612,591.7778925619834,512.7654958677685,504.69111570247935,69.27685950413223,10
134,Domantas Sabonis,Sacramento Kings,PF,205,375,79,130,615.2,44,54,810.0,3,9,233.3,37,122,159,78,25,11,34,7,57,442,364,283,237,294.92100694444446,72.60069444444446,73.60850694444444,2.15625,423.1006944444445,344.94184027777766,303.125,216.1640625,10
135,Dominick Barlow,San Antonio Spurs,F,66,150,25,42,586.6,16,20,466.6,0,1,0.0,21,21,42,16,18,4,2,4,-14,124,108,82,58,236.99173553719007,76.59504132231406,42.698347107438025,0.0,563.8388429752066,499.47107438016525,324.64876033057857,96.00413223140495,10
136,Donovan Mitchell,Cleveland Cavaliers,SG,241,347,75,167,435.8,52,59,812.8,39,86,449.3,3,47,50,49,22,13,34,6,4,340,291,290,99,886.6487603305785,22.330578512396695,23.0495867768595,16.96694214876033,1278.185950413223,1120.5,1030.0206611570247,59.69421487603306,10
137,Donte DiVincenzo,New York Knicks,SG,178,360,63,163,378.8,15,17,541.7,37,111,340.0,8,36,44,38,26,18,18,6,47,260,222,216,82,439.8553719008264,46.38429752066115,27.14566115702479,12.298553719008265,642.625,578.793388429752,496.7820247933885,80.4349173553719,10
138,Dorian Finney-Smith,Brooklyn Nets,PF,91,314,33,79,410.2,9,10,375.0,16,53,300.0,16,30,46,19,22,13,8,5,-32,156,137,110,65,288.4031141868512,27.01038062283737,23.17128027681661,25.328719723183394,447.74394463667824,414.7006920415226,313.4325259515571,58.19550173010381,10
139,Doug McDermott,Indiana Pacers,SF,45,119,17,42,287.5,1,2,50.0,10,34,190.29999999999998,1,7,8,9,9,3,4,0,8,62,53,54,17,275.5173611111111,10.402777777777779,11.611111111111112,18.27777777777778,391.43402777777777,315.93402777777777,347.90625,25.125,10
140,Draymond Green,Golden State Warriors,PF,82,282,35,80,475.7,6,9,225.0,6,27,143.3,17,62,79,62,30,9,23,8,12,223,161,144,141,107.60018903591683,79.16257088846879,121.84593572778829,6.4120982986767485,520.0812854442345,217.07466918714556,260.60491493383745,351.01039697542535,10
141,Drew Eubanks,Phoenix Suns,PF,57,152,23,32,691.7,11,12,380.0,0,0,0.0,14,32,46,4,11,4,4,10,13,107,103,61,50,82.86767485822305,71.74385633270322,2.60586011342155,0.0,233.33270321361056,228.2958412098299,90.36389413988658,71.89035916824197,10
142,Duncan Robinson,Miami Heat,F,146,321,53,111,467.0,8,9,350.0,32,84,339.0,2,33,35,30,26,10,16,3,-13,211,181,176,65,468.41111111111104,21.877777777777776,36.01111111111111,37.7,674.5,489.5777777777777,640.8444444444444,70.37777777777778,10
143,Duop Reath,Portland Trail Blazers,C,88,171,32,65,374.6,9,10,450.0,15,31,333.4,9,16,25,8,22,3,10,4,-49,121,113,96,33,567.6059975010412,62.73427738442316,11.62015826738859,18.675968346522282,1102.9700124947938,928.2653061224489,698.4481466055811,118.21699291961684,10
144,Dwight Powell,Dallas Mavericks,C,20,119,7,12,450.0,6,11,325.0,0,0,0.0,12,20,32,9,19,0,9,3,-9,61,52,29,41,39.074380165289256,87.8202479338843,10.25,0.0,243.8925619834711,192.96074380165294,59.142561983471076,128.93388429752068,9
145,Dylan Windler,Atlanta Hawks,G,5,24,2,5,40.0,0,0,0.0,1,4,25.0,1,4,5,2,2,1,1,0,9,12,10,7,7,13.355029585798817,6.988165680473373,2.0473372781065087,0.5029585798816568,57.396449704142015,38.260355029585796,25.80473372781065,15.721893491124261,2
146,Dylan Windler,Los Angeles Lakers,G,3,14,1,4,25.0,0,0,0.0,1,4,25.0,0,1,1,2,1,0,0,0,-7,6,4,5,3,4.739644970414202,2.0650887573964494,0.04733727810650888,0.5029585798816568,4.319526627218934,5.0295857988165675,4.573964497041421,1.5680473372781067,2
147,Dyson Daniels,New Orleans Pelicans,G,38,181,16,32,311.4,1,2,50.0,5,13,250.0,7,20,27,20,12,15,12,8,25,85,65,58,47,123.55555555555556,24.0,25.555555555555557,4.222222222222222,146.22222222222223,113.55555555555556,128.22222222222223,77.55555555555556,9
148,Emoni Bates,Cleveland Cavaliers,F,16,23,6,12,102.9,0,2,0.0,4,8,100.0,0,1,1,1,0,0,1,0,-3,18,17,17,2,2.222222222222223,0.5555555555555556,0.5555555555555556,2.2222222222222223,2.222222222222223,0.5555555555555551,5.0,0.0,2
149,Eric Gordon,Phoenix Suns,SG,86,246,32,73,382.9,3,5,150.0,19,44,379.2,2,11,13,22,11,8,6,2,3,121,99,108,35,478.34976988823144,8.939513477975016,11.715976331360945,28.56213017751479,515.4681130834977,414.11111111111114,582.2827087442472,18.07955292570677,10
150,Eugene Omoruyi,Washington Wizards,F,39,106,17,38,391.3,5,10,200.0,0,6,0.0,7,13,20,7,18,7,5,1,-68,66,59,46,27,94.91836734693878,9.033163265306124,6.798469387755102,0.012755102040816325,87.34693877551021,71.67602040816327,106.89030612244898,19.530612244897956,10
151,Evan Fournier,Detroit Pistons,SG,53,169,19,61,288.5,7,8,266.7,8,37,159.3,1,16,17,20,17,9,7,1,-35,90,70,73,37,326.5,10.83217993079585,18.216262975778548,15.759515570934255,446.52076124567475,407.038062283737,367.1868512110726,27.84429065743944,10
152,Evan Mobley,Cleveland Cavaliers,PF,148,298,58,102,560.1,28,46,555.9,4,14,225.0,23,72,95,33,28,10,17,16,-40,276,243,181,128,370.5318559556787,139.06094182825484,81.0,5.207756232686981,844.9362880886426,704.1468144044321,426.90027700831024,304.4819944598338,10
153,Frank Ntilikina,Charlotte Hornets,PG,5,39,1,8,50.0,2,2,100.0,1,7,50.0,1,4,5,3,4,0,0,0,0,13,10,8,8,19.0,7.0,6.84,0.7600000000000002,24.439999999999998,14.0,18.64,24.640000000000004,4
154,Franz Wagner,Orlando Magic,SF,164,309,63,132,488.5,31,37,785.0,7,39,132.9,6,36,42,30,27,11,16,3,13,236,206,194,72,342.22248661511003,47.702558001189765,30.091612135633547,11.880428316478287,650.4759071980964,539.6823319452708,427.85841760856636,102.95181439619276,10
155,Fred VanVleet,Houston Rockets,PG,187,359,61,133,454.79999999999995,27,30,535.7,38,81,445.8,3,34,37,99,20,19,20,6,108,323,224,286,136,656.9040105193951,22.11111111111111,71.25904010519396,56.55489809335963,542.7028270874425,682.77580539119,520.8994082840238,89.30177514792898,10
156,Furkan Korkmaz,Philadelphia 76ers,SG,41,116,13,29,278.6,7,10,241.7,8,18,258.3,3,12,15,12,6,3,2,2,22,68,56,53,27,292.875,14.875,10.0,20.0,404.0,340.0,363.875,17.875,8
157,GG Jackson,Memphis Grizzlies,F,195,330,63,148,408.8,42,51,757.4,27,81,289.3,17,33,50,17,15,5,19,4,-76,262,245,212,67,774.5111111111111,36.400000000000006,18.160493827160494,49.79012345679013,930.5679012345679,843.0444444444445,853.7234567901235,62.8716049382716,10
158,Garrett Temple,Toronto Raptors,SF,16,41,5,8,200.0,3,4,150.0,3,6,150.0,1,7,8,4,5,3,1,1,6,28,24,20,12,19.416666666666664,9.416666666666668,2.75,2.0208333333333335,32.74999999999999,20.0,25.0,19.333333333333332,3
159,Garrison Mathews,Atlanta Hawks,SG,66,189,19,38,465.0,14,16,363.3,14,28,441.8,4,13,17,9,24,4,0,3,-28,92,83,75,26,291.24380165289256,16.702479338842974,16.9297520661157,18.78202479338843,487.9669421487604,389.60743801652893,376.4710743801653,46.764462809917354,10
160,Gary Harris,Orlando Magic,SG,74,238,27,54,532.8,4,7,125.0,16,38,477.6,2,13,15,9,12,8,7,3,22,98,89,83,24,116.00832466181062,10.710718002081167,12.987513007284079,4.853277835587929,212.9219562955255,171.84703433922996,147.81165452653485,32.96982310093652,10
161,Gary Payton II,Golden State Warriors,SG,31,147,13,24,426.6,2,5,100.0,3,5,300.0,12,12,24,16,15,4,9,2,-9,71,55,47,40,93.64127423822715,55.606648199445985,36.93628808864266,2.189750692520776,213.48614958448755,144.7437673130194,93.57479224376732,161.35180055401662,10
162,Gary Trent Jr.,Toronto Raptors,SG,201,333,72,167,433.4,25,29,621.7,32,87,361.6,9,32,41,13,14,17,3,2,-49,255,242,214,54,672.9792387543251,10.693771626297579,14.769896193771627,31.891003460207614,681.318339100346,707.2474048442906,643.8425605536331,28.67128027681661,10
163,Georges Niang,Cleveland Cavaliers,SF,134,295,49,96,508.3,11,11,500.0,25,57,467.7,2,36,38,18,27,9,17,4,-35,190,172,152,56,252.8,19.382716049382715,18.938271604938272,17.9679012345679,402.40000000000003,315.42716049382716,323.6938271604938,54.400000000000006,10
164,Giannis Antetokounmpo,Milwaukee Bucks,PF,298,344,109,178,618.5,72,100,699.9,8,18,383.3,30,84,114,60,26,5,28,7,46,472,412,358,174,500.4792387543253,148.0,89.69550173010381,5.932525951557094,1202.2854671280277,948.7145328719723,757.3442906574395,234.40138408304497,10
165,Goga Bitadze,Orlando Magic,C,28,99,11,20,480.0,6,9,283.3,0,3,0.0,10,12,22,9,10,2,8,9,3,59,50,37,31,46.888888888888886,64.60493827160494,8.30864197530864,0.0,231.6049382716049,173.49382716049382,73.41975308641975,104.49382716049384,9
166,Gordon Hayward,Oklahoma City Thunder,SF,53,188,16,34,486.7,13,19,410.0,8,16,500.0,4,19,23,26,14,5,8,0,2,102,76,79,49,84.4196510560147,26.441689623507806,38.76400367309458,3.601469237832874,159.88429752066116,124.40036730945822,107.94582185491277,77.16345270890726,10
167,Gradey Dick,Toronto Raptors,G,109,314,41,110,348.4,8,10,433.3,19,59,313.3,5,21,26,18,18,6,16,2,-146,153,135,127,44,313.20625,24.5,38.225,18.925,542.40625,416.55625,422.15625,79.625,10
168,Grant Williams,Charlotte Hornets,PF,127,316,45,100,454.0,26,32,524.6,11,40,289.2,16,34,50,27,30,10,28,4,-90,204,177,154,77,381.0,88.13017751479289,26.64760026298488,10.604207758053912,688.1051939513477,641.5917159763313,381.28862590401053,161.0026298487837,10
169,Grayson Allen,Phoenix Suns,SG,188,351,63,106,599.3,17,19,725.0,45,80,486.7,3,26,29,30,17,11,11,6,63,247,217,218,59,696.9777777777776,18.901234567901234,35.708641975308645,98.37777777777778,882.6,728.9753086419754,852.4345679012346,52.77777777777778,10
170,Gui Santos,Golden State Warriors,F,38,103,13,24,372.5,8,9,350.0,4,8,250.0,9,21,30,9,14,2,5,2,22,77,68,47,39,170.02469135802468,100.8888888888889,14.0,4.222222222222223,545.8395061728394,484.6172839506172,193.58024691358025,152.55555555555554,8
171,Harrison Barnes,Sacramento Kings,SF,136,280,49,99,498.3,20,25,450.0,18,46,267.6,6,23,29,11,15,3,8,2,-9,176,165,147,40,232.35850694444446,44.96267361111111,10.902777777777779,48.18402777777778,411.7777777777778,308.2361111111111,319.8515625,71.9140625,10
172,Harry III Giles,Brooklyn Nets,F,8,8,3,6,50.0,1,2,50.0,1,1,100.0,2,2,4,2,3,0,0,0,-12,14,12,10,6,44.72265625,10.16015625,3.28515625,0.765625,136.59765625,97.515625,72.25,25.0,1
173,Harry III Giles,Los Angeles Lakers,F,2,5,1,1,100.0,0,0,0.0,0,0,0.0,0,1,1,0,0,0,0,0,-3,3,3,2,1,0.47265625,0.03515625,0.03515625,0.015625,0.47265625,0.765625,0.25,0.0,1
174,Haywood Highsmith,Miami Heat,F,39,134,15,32,368.8,1,4,50.0,8,18,250.0,6,14,20,11,7,1,1,0,-37,70,59,50,31,327.5353955978585,35.426531826293875,9.121356335514575,19.828673408685304,602.6555621653777,535.8411659726354,374.09161213563357,64.80606781677572,10
175,Herbert Jones,New Orleans Pelicans,SF,85,311,30,55,490.8,12,15,500.0,13,29,310.8,5,24,29,29,28,14,13,13,61,143,114,114,58,212.15169541939326,33.41760856632957,15.054729327781082,20.367043426531826,367.10945865556215,287.8155859607377,257.6371207614515,82.28078524687686,10
176,Hunter Tyson,Denver Nuggets,F,0,7,0,3,0.0,0,0,0.0,0,3,0.0,0,1,1,0,1,0,2,0,-1,1,1,0,1,4.0,0.11111111111111106,0.0,0.4444444444444444,5.4444444444444455,5.4444444444444455,4.0,0.11111111111111106,1
177,Ibou Badji,Portland Trail Blazers,C,7,32,3,4,150.0,1,2,50.0,0,0,0.0,1,2,3,4,6,0,5,3,-17,14,10,11,7,15.720000000000002,3.0800000000000005,2.75,0.0,37.06999999999999,30.32,21.470000000000002,6.83,3
178,Immanuel Quickley,Toronto Raptors,SG,195,364,68,158,420.7,33,45,597.2,26,77,328.3,2,55,57,88,17,11,26,3,-71,340,252,283,145,477.0639999999999,39.496,197.456,20.976,930.7840000000001,541.9359999999999,785.464,317.4,10
179,Isaac Okoro,Cleveland Cavaliers,SF,91,339,35,80,445.0,9,13,341.7,12,38,385.5,6,25,31,18,29,10,12,6,-56,140,122,109,49,145.34567901234567,43.8641975308642,11.723456790123457,3.916049382716049,244.49382716049382,212.7111111111111,171.93827160493828,60.77777777777778,10
180,Isaiah Hartenstein,New York Knicks,C,93,236,41,56,769.5,11,16,580.0,0,0,0.0,32,52,84,32,26,10,10,15,69,209,177,125,116,301.48520710059165,66.98224852071006,32.85207100591715,0.0,436.32544378698225,420.91715976331363,315.28402366863907,101.44378698224853,10
181,Isaiah Jackson,Indiana Pacers,SF,87,174,34,52,694.3,19,27,708.3,0,1,0.0,21,32,53,13,25,10,8,7,19,153,140,100,66,220.5,187.79289940828403,28.171597633136088,0.0,772.2514792899409,662.8313609467456,252.74852071005915,293.1360946745562,10
182,Isaiah Joe,Oklahoma City Thunder,SG,55,162,20,58,287.9,3,3,100.0,12,40,253.3,4,14,18,9,11,3,3,3,-21,82,73,64,27,150.07079119571682,9.800118976799526,6.926234384295062,7.646638905413444,216.17370612730517,190.180249851279,174.60916121356337,18.18143961927424,10
183,Isaiah Mobley,Cleveland Cavaliers,F,5,33,2,7,58.3,0,0,0.0,1,4,25.0,0,4,4,2,2,0,0,0,-1,11,9,7,6,0.6799999999999997,10.880000000000003,0.72,0.6800000000000002,13.32,9.0,2.1199999999999997,14.479999999999999,2
184,Isaiah Stewart,Detroit Pistons,C,106,319,40,71,587.7,10,12,516.7,16,38,409.0,10,48,58,12,11,4,10,10,-48,176,164,118,70,131.47520661157026,49.603305785123965,9.603305785123966,12.764462809917354,245.47520661157023,193.27685950413223,178.88016528925618,64.0,10
185,Ish Smith,Charlotte Hornets,PG,18,181,8,34,236.0,0,0,0.0,2,2,200.0,1,19,20,41,16,5,6,1,-90,79,38,59,61,54.36000000000001,24.0,78.09,1.5600000000000003,170.49,69.16000000000001,134.09,123.69,9
186,Ish Wainright,Phoenix Suns,F,3,11,1,6,16.7,0,0,0.0,1,4,25.0,3,2,5,1,1,1,1,0,-3,9,8,4,6,6.44378698224852,17.899408284023668,0.7159763313609467,0.7159763313609467,57.99408284023668,45.82248520710059,11.455621301775148,25.77514792899408,1
187,Ivica Zubac,LA Clippers,C,101,252,42,61,701.8,17,20,575.0,0,0,0.0,26,54,80,14,24,7,13,13,-11,195,181,115,94,230.55624999999998,32.225,4.5,0.0,352.40625,312.15625,256.50625,51.025000000000006,10
188,JT Thor,Charlotte Hornets,F,19,104,8,16,408.3,0,0,0.0,3,8,200.0,1,15,16,5,9,0,2,3,24,40,35,24,21,41.376033057851245,17.17355371900826,3.0165289256198347,4.239669421487603,74.91322314049587,66.76446280991736,46.38429752066115,23.330578512396695,10
189,JaVale McGee,Sacramento Kings,C,23,44,11,18,355.0,0,3,0.0,1,2,100.0,5,8,13,1,6,2,1,0,3,37,36,24,14,46.83333333333333,12.833333333333332,0.8333333333333335,0.8333333333333335,78.83333333333334,84.0,46.0,9.333333333333332,6
190,Jabari Smith Jr.,Houston Rockets,PF,125,280,45,98,454.2,18,20,841.7,17,45,314.8,15,54,69,14,28,9,12,8,32,208,194,139,83,383.42950624628196,151.53539559785844,12.643664485425342,18.29327781082689,717.2218917311125,697.6311719214752,409.1213563355146,158.07792980368828,10
191,Jabari Walker,Portland Trail Blazers,F,111,246,43,78,546.2,19,24,765.0,6,14,366.7,18,55,73,16,31,9,9,1,-9,200,184,127,89,299.68411659726354,94.73111243307555,18.03926234384295,6.573468173706127,556.5639500297442,520.0380725758478,303.7757287328971,145.20464009518142,10
192,Jacob Gilyard,Memphis Grizzlies,G,67,205,23,52,431.8,1,1,100.0,20,45,431.8,1,14,15,41,10,10,12,2,-62,123,82,108,56,274.1404958677686,10.685950413223141,31.595041322314046,24.0,454.1404958677686,332.0,382.0,56.561983471074385,10
193,Jacob Toppin,New York Knicks,F,13,29,5,9,107.1,2,2,100.0,1,4,33.3,3,3,6,1,3,0,1,0,-18,20,19,14,7,78.05555555555556,8.722222222222221,0.5555555555555556,0.7222222222222223,130.22222222222223,136.55555555555554,72.5,8.5,2
194,Jaden Hardy,Dallas Mavericks,G,77,116,32,65,499.4,4,5,250.0,9,21,300.0,1,9,10,18,10,3,7,1,9,105,87,95,28,142.6,10.025,31.824999999999996,7.0,203.4,165.125,168.725,54.0,10
195,Jaden Ivey,Detroit Pistons,PG,169,322,61,142,434.2,30,37,691.7,17,56,270.6,10,22,32,40,27,11,33,5,-64,241,201,209,72,408.33477555435377,20.20767982693348,61.56300703082747,28.15197404002163,487.9183342347215,480.5770686857761,407.7268793942672,89.71984856679286,10
196,Jaden McDaniels,Minnesota Timberwolves,PF,109,302,43,103,416.8,12,22,298.8,11,40,295.0,13,37,50,13,35,9,10,6,-25,172,159,122,63,394.24444444444447,47.90123456790124,29.0,15.553086419753088,542.3604938271606,499.62716049382703,393.64444444444445,120.23456790123457,10
197,Jaden Springer,Boston Celtics,G,58,175,21,50,363.7,13,14,575.0,3,17,183.3,13,18,31,18,22,13,12,4,-17,107,89,76,49,215.15625,45.744140625,27.0390625,2.525390625,613.759765625,441.759765625,333.8515625,126.087890625,10
198,Jae Crowder,Milwaukee Bucks,PF,60,199,24,50,442.9,2,2,100.0,10,26,316.6,8,16,24,11,15,8,2,1,-6,95,84,71,35,108.91322314049587,22.765495867768596,7.480371900826446,10.74380165289256,145.23140495867767,146.73243801652893,109.86880165289254,27.78925619834711,10
199,Jae'Sean Tate,Houston Rockets,SF,40,129,16,35,437.0,5,9,200.0,3,6,233.3,9,19,28,6,19,8,11,4,1,74,68,46,34,71.11111111111111,30.625,5.586419753086419,2.1049382716049383,165.304012345679,135.40277777777777,86.40123456790124,50.82253086419753,10
200,Jahmi'us Ramsey,Toronto Raptors,SG,47,120,18,41,306.3,5,6,175.0,6,22,183.3,4,18,22,8,10,7,7,0,-28,77,69,55,30,68.92,36.92,3.1575,3.1175,96.1175,107.67999999999999,77.21749999999999,20.217499999999998,7
201,Jaime Jr. Jaquez,Miami Heat,G,104,291,39,86,430.4,18,25,616.7,8,25,244.89999999999998,9,40,49,27,20,12,9,3,3,180,153,131,76,399.9229968782518,41.14984391259105,22.292403746097815,7.839750260145682,373.75650364203955,369.74921956295526,390.9687825182102,76.40374609781477,10
202,Jake LaRavia,Memphis Grizzlies,F,134,290,38,108,356.9,43,51,743.9,15,49,310.2,26,32,58,20,24,15,12,5,-24,212,192,154,78,131.37024221453288,116.78892733564014,30.008650519031143,4.508650519031142,346.6384083044983,343.5778546712803,152.09861591695503,129.12975778546715,10
203,Jakob Poeltl,Toronto Raptors,C,122,251,55,101,543.9,12,20,491.7,0,0,0.0,39,53,92,31,28,10,11,19,35,245,214,153,123,161.8469387755102,127.67346938775509,30.387755102040813,0.0,516.704081632653,398.98979591836735,256.6224489795918,181.0,10
204,Jalen Brunson,New York Knicks,PG,291,341,107,234,462.2,46,55,650.0,31,82,409.5,6,26,32,66,15,10,27,2,65,389,323,357,98,855.9750566893424,19.600907029478456,97.88775510204081,14.777777777777779,633.5294784580499,788.8866213151928,722.9444444444445,95.16213151927437,10
205,Jalen Duren,Detroit Pistons,C,132,273,49,79,611.5,34,41,755.0,0,0,0.0,31,86,117,21,31,6,27,4,-81,270,249,153,138,262.72315558802046,252.23593864134403,23.061358655953253,0.0,1020.0,865.0613586559533,346.23593864134403,346.72315558802046,10
206,Jalen Green,Houston Rockets,SG,272,356,100,195,500.9,35,45,706.3,37,91,388.4,7,47,54,34,15,8,17,4,138,360,326,306,88,873.8553719008264,107.625,10.459710743801653,44.14049586776859,1214.185950413223,1214.434917355372,867.4927685950413,124.198347107438,10
207,Jalen HoodSchifino,Los Angeles Lakers,G,5,11,1,6,33.3,2,4,100.0,1,3,50.0,0,2,2,0,1,0,1,0,-13,7,7,5,2,9.0,0.9799999999999999,0.020000000000000004,0.8200000000000001,13.32,14.180000000000001,8.42,0.72,2
208,Jalen Johnson,Atlanta Hawks,SF,178,339,71,149,485.0,19,29,568.3,17,46,399.9,13,75,88,44,19,7,16,11,35,310,266,222,132,520.0495867768595,92.6317722681359,50.47199265381084,14.673094582185492,1012.7970615243343,701.9265381083562,770.7750229568411,203.24885215794305,10
209,Jalen McDaniels,Toronto Raptors,PF,41,132,18,44,312.0,2,4,66.7,3,15,116.7,6,20,26,11,13,7,13,1,-46,78,67,52,37,175.8336483931947,85.91871455576559,12.674858223062383,4.370510396975425,428.2041587901701,349.7863894139886,222.5765595463138,130.26843100189035,9
210,Jalen Pickett,Denver Nuggets,G,2,7,1,3,33.3,0,0,0.0,0,2,0.0,0,0,0,2,0,0,0,0,-1,4,2,4,2,2.25,0.0,1.3611111111111107,0.0,7.1111111111111125,2.25,7.1111111111111125,1.3611111111111107,1
211,Jalen Slawson,Sacramento Kings,F,2,8,1,2,50.0,0,0,0.0,0,1,0.0,1,1,2,0,2,1,0,0,3,4,4,2,2,0.44444444444444453,0.11111111111111106,0.0,0.0,1.0,1.0,0.44444444444444453,0.11111111111111106,1
212,Jalen Smith,Indiana Pacers,PF,90,161,32,56,531.8,15,25,415.0,11,27,411.9,21,32,53,10,16,1,4,4,-6,153,143,100,63,191.525390625,65.40625,18.0390625,9.125,348.337890625,293.759765625,242.822265625,86.7265625,10
213,Jalen Suggs,Orlando Magic,SG,136,280,48,92,530.1,15,21,533.3,25,56,437.9,4,28,32,31,28,13,17,5,123,199,168,167,63,248.84764542936287,28.83102493074792,14.909972299168974,23.19252077562327,287.5415512465374,252.90304709141273,266.2451523545706,60.9819944598338,10
214,Jalen Williams,Oklahoma City Thunder,F,188,289,75,143,512.6,25,29,786.7,13,32,323.2,6,30,36,37,22,16,18,10,49,261,224,225,73,566.00625,22.90625,18.106249999999992,14.106249999999998,817.8062500000001,710.625,650.0999999999999,64.10000000000001,10
215,Jalen Wilson,Brooklyn Nets,F,35,130,13,38,430.5,7,8,350.0,2,15,150.0,13,17,30,10,10,1,9,0,8,75,65,45,40,43.96020761245674,34.865051903114185,6.077854671280277,2.0484429065743943,121.96193771626298,93.36505190311418,53.076124567474054,60.42387543252595,10
216,Jamal Cain,Miami Heat,F,9,25,2,5,100.0,4,4,200.0,1,2,100.0,2,3,5,3,2,1,2,0,-5,17,14,12,8,9.0,2.0,2.099173553719008,0.7355371900826445,26.917355371900825,17.0,18.1900826446281,4.826446280991735,3
217,Jamal Murray,Denver Nuggets,PG,227,360,87,190,450.6,33,39,861.4,20,50,410.0,10,43,53,82,18,16,22,3,51,362,280,309,135,463.3490304709141,47.16481994459834,73.01523545706371,20.02770083102493,650.9362880886429,468.5,620.0124653739612,145.95290858725764,10
218,James Bouknight,Charlotte Hornets,SG,10,13,4,10,83.3,0,0,0.0,2,7,58.3,0,0,0,0,0,1,1,0,13,10,10,10,0,18.0,0.0,0.0,0.72,18.0,18.0,18.0,0.0,2
219,James Harden,LA Clippers,SG,148,356,47,122,375.3,32,36,941.7,22,72,277.8,5,46,51,100,16,8,26,8,-18,299,199,248,151,448.4485425342058,49.74241522903034,58.37953599048186,35.2587745389649,458.4336704342653,470.9726353361094,434.7412254610351,109.29030339083877,10
220,James Johnson,Indiana Pacers,PF,2,7,0,1,0.0,2,2,100.0,0,0,0.0,0,0,0,1,3,0,0,1,1,3,2,3,1,2.5600000000000005,0.0,0.6400000000000001,0.0,5.76,2.5600000000000005,5.76,0.6400000000000001,1
221,James Wiseman,Detroit Pistons,C,112,215,45,72,568.4,22,26,683.3,0,0,0.0,26,55,81,16,26,2,15,8,-41,209,193,128,97,368.101108033241,94.84349030470915,20.632963988919663,0.0,795.259002770083,633.6703601108031,504.16620498614964,141.0,10
222,Jamie Jr. Jaquez,Miami Heat,G,10,45,4,12,74.3,1,1,100.0,1,6,20.0,0,1,1,5,5,0,1,0,-22,16,11,15,6,8.0,0.5,0.5,0.5,8.0,12.5,4.5,0.0,2
223,Jarace Walker,Indiana Pacers,F,26,101,9,29,232.2,2,2,100.0,6,17,200.0,3,20,23,8,9,4,5,6,19,57,49,34,31,105.35734072022161,47.24376731301938,32.681440443213305,6.664819944598337,400.3518005540166,261.1108033240998,181.08033240997227,143.44321329639888,8
224,Jared Butler,Washington Wizards,SG,61,176,26,62,479.7,5,5,300.0,4,22,103.4,4,12,16,36,16,7,18,1,-18,113,77,97,52,164.0390625,18.541015625,70.90625,4.572265625,456.634765625,206.181640625,366.2265625,137.712890625,10
225,Jared Rhoden,Detroit Pistons,G,16,42,7,12,170.0,0,0,0.0,2,5,83.3,0,9,9,1,5,1,3,4,-17,26,25,17,10,31.632653061224488,10.204081632653061,0.7755102040816328,0.7755102040816326,65.06122448979593,77.67346938775509,24.0,6.0,3
226,Jaren Jackson Jr.,Memphis Grizzlies,PF,244,342,85,195,435.7,56,75,738.9,18,53,347.2,16,46,62,29,37,17,31,18,-85,335,306,273,91,352.7361111111111,142.0,38.17438271604939,9.600308641975309,664.4753086419753,720.7361111111111,359.80864197530866,116.84104938271606,10
227,Jarred Vanderbilt,Los Angeles Lakers,PF,68,142,26,42,412.7,13,17,375.0,3,5,166.7,12,22,34,12,8,16,11,2,23,114,102,80,46,111.33333333333334,59.333333333333336,18.0,3.5,362.0,274.0,157.33333333333334,119.33333333333334,6
228,Jarrett Allen,Cleveland Cavaliers,C,180,336,65,110,592.0,50,64,788.8,0,0,0.0,26,93,119,24,13,4,15,12,-30,323,299,204,143,472.4938271604938,268.63456790123456,18.57777777777778,0.0,1361.4444444444443,1257.8444444444444,517.6641975308642,345.641975308642,10
229,Jason Preston,Utah Jazz,G,4,25,2,6,66.6,0,0,0.0,0,0,0.0,2,4,6,7,1,0,1,0,10,17,10,11,13,1.53125,4.8203125,8.6328125,0.0,37.0,10.5078125,15.1953125,26.28125,2
230,Javon Freeman-Liberty,Toronto Raptors,G,42,139,13,35,233.8,14,15,580.0,2,14,83.3,3,20,23,15,10,3,8,2,-26,80,65,57,38,128.34920634920633,10.53968253968254,8.444444444444443,1.6825396825396826,195.11111111111114,178.0,137.5873015873016,26.85714285714286,7
231,Jaxson Hayes,Los Angeles Lakers,C,53,141,19,27,701.7,15,22,575.0,0,1,0.0,16,30,46,3,17,2,9,4,-6,102,99,56,49,53.44444444444445,86.88625904010519,4.221564760026299,0.0,156.46416831032218,150.34779750164367,52.67455621301775,97.99408284023669,10
232,Jay Huff,Denver Nuggets,C,3,5,1,2,50.0,0,0,0.0,1,2,50.0,0,0,0,0,2,0,0,0,-3,3,3,3,0,3.0625,0.5625,0.0,0.5625,1.0,1.0,3.0625,0.5625,1
233,Jaylen Brown,Boston Celtics,SG,292,331,113,215,524.8,37,57,675.9,29,71,410.0,18,42,60,32,24,15,15,0,118,384,352,324,92,509.650390625,102.478515625,19.884765625,18.3515625,808.869140625,780.3515625,516.90625,143.625,10
234,Jaylin Williams,Oklahoma City Thunder,F,32,121,12,28,358.3,1,1,100.0,7,19,358.2,4,26,30,9,12,4,2,4,14,71,62,41,39,51.81300219138057,32.73046018991965,7.06135865595325,2.100073046018992,119.73630387143902,125.33235938641343,52.903579254930605,33.10518626734843,10
235,Jayson Tatum,Boston Celtics,SF,274,350,90,197,466.3,56,65,858.9,38,80,481.9,10,52,62,53,19,11,27,6,118,389,336,327,115,300.7183673469388,109.60000000000001,42.44489795918367,17.730612244897962,354.8612244897958,499.86122448979603,209.2040816326531,98.55918367346936,10
236,Jeenathan Williams,Houston Rockets,G,12,26,6,10,133.4,0,2,0.0,0,0,0.0,3,3,6,0,5,1,0,0,18,18,18,12,6,44.0,5.307499999999999,0.0675,0.0,67.23,69.9075,42.2675,4.43,3
237,Jeff Dowtin,Philadelphia 76ers,G,31,81,11,19,237.1,2,2,100.0,7,14,216.7,1,9,10,16,0,4,3,1,18,57,41,47,26,171.5,14.0,35.333333333333336,5.5,427.5,224.83333333333334,343.5,80.00000000000001,6
238,Jeff Green,Houston Rockets,PF,75,162,26,60,348.9,10,15,375.0,13,30,425.0,4,20,24,6,10,3,3,4,14,105,99,81,30,404.54648526077096,39.88775510204081,3.189342403628118,16.11451247165533,631.0226757369614,617.924036281179,418.27777777777777,42.44444444444444,10
239,Jerami Grant,Portland Trail Blazers,SF,169,342,56,142,386.6,38,46,711.3,19,49,402.0,6,19,25,35,18,14,28,2,-77,229,194,204,60,473.98961937716257,45.9204152249135,32.71626297577855,5.083044982698962,888.6262975778548,739.6678200692041,583.0934256055364,118.49134948096886,10
240,Jeremiah Robinson-Earl,New Orleans Pelicans,F,28,87,11,24,269.6,4,7,80.0,2,9,100.0,9,9,18,10,6,3,2,1,30,56,46,38,28,63.142857142857146,37.75,27.79464285714286,1.5714285714285718,221.00892857142856,149.75,106.22321428571428,93.7232142857143,7
241,Jeremy Sochan,San Antonio Spurs,F,123,306,47,121,375.2,19,25,633.4,10,43,216.6,21,53,74,35,25,9,24,11,-21,232,197,158,109,357.60743801652893,44.682851239669425,33.51239669421488,10.12913223140496,350.55061983471074,346.2820247933884,328.9462809917356,111.125,10
242,Jericho Sims,New York Knicks,C,27,187,11,14,466.7,5,8,113.3,0,0,0.0,19,33,52,11,14,5,7,6,5,90,79,38,63,117.0,60.714416896235086,13.38934802571166,0.0,330.77685950413223,248.92653810835628,188.08631772268137,84.86776859504133,10
243,Jerome Robinson,Golden State Warriors,SG,10,17,4,10,40.0,1,2,50.0,1,6,16.7,0,0,0,1,1,0,0,1,-2,11,10,11,1,61.5621301775148,0.21301775147928997,0.4792899408284023,0.7159763313609467,65.23668639053254,54.53254437869823,72.90532544378698,0.053254437869822466,1
244,Jett Howard,Orlando Magic,G,0,5,0,1,0.0,0,0,0.0,0,1,0.0,0,0,0,0,1,0,0,0,-5,0,0,0,0,0.25,0.0,0.0,0.027777777777777776,0.25,0.25,0.25,0.0,1
245,Jevon Carter,Chicago Bulls,PG,41,150,17,38,405.20000000000005,1,2,50.0,6,19,191.7,2,9,11,13,9,4,4,2,5,65,52,54,24,163.76400367309458,11.764003673094583,8.338842975206612,6.7529843893480255,242.01193755739212,205.0560146923783,186.4113865932048,34.411386593204774,10
246,Jimmy Butler,Miami Heat,SF,211,348,72,144,494.6,58,67,837.2,9,27,333.3,12,34,46,53,15,14,19,3,59,310,257,264,99,553.7242455775234,44.73048907388137,36.39229968782519,9.170655567117585,775.9937565036421,573.0332986472424,724.5348595213319,113.2726326742976,10
247,Jock Landale,Houston Rockets,C,83,182,32,53,594.6,16,18,450.0,3,8,250.0,24,22,46,21,23,3,8,13,61,150,129,104,67,188.84104938271605,94.40123456790124,41.611111111111114,2.45679012345679,610.7854938271605,425.5817901234568,327.304012345679,182.7530864197531,10
248,Joe Harris,Detroit Pistons,SF,2,12,1,3,33.3,0,0,0.0,0,1,0.0,0,0,0,0,1,0,0,0,-5,2,2,2,0,0.0,0.0,0.0,0.0,0.0,0.0,0.0,0.0,1
249,Joe Ingles,Orlando Magic,SG,31,158,9,16,330.0,5,6,250.0,8,15,325.0,2,16,18,30,12,7,10,0,37,79,49,61,48,120.95002974419988,9.660916121356335,47.338488994646035,9.608566329565734,155.37120761451519,113.12135633551458,157.7709696609161,62.42831647828674,10
250,Joel Embiid,Philadelphia 76ers,C,45,61,16,38,82.8,9,12,170.0,4,10,83.3,2,12,14,5,6,2,10,0,-41,64,59,50,19,144.5,0.0,0.5,0.0,162.0,144.5,162.0,0.5,2
251,John Collins,Utah Jazz,PF,178,291,66,113,587.4,32,41,744.2,14,28,488.9,24,60,84,9,32,3,14,12,-33,271,262,187,93,245.65625,119.3,9.125,6.90625,515.90625,486.50625,269.35625,134.125,10
252,John Konchar,Memphis Grizzlies,SG,57,299,19,46,385.8,8,9,266.7,11,29,391.6,19,45,64,29,20,13,17,9,-3,150,121,86,93,130.5,70.45625,15.20625,7.300000000000001,290.90000000000003,223.05625,165.80625,118.2,10
253,Johnny Davis,Washington Wizards,G,34,142,13,37,300.0,5,6,250.0,3,13,83.3,4,12,16,7,13,3,1,5,-46,57,50,41,23,78.72575847709696,14.402141582391435,8.336109458655564,4.164782867340869,156.11719214753123,120.3807257584771,116.9071980963712,20.29327781082689,10
254,Johnny Juzang,Utah Jazz,G,58,142,22,44,336.9,0,0,0.0,14,32,269.2,2,13,15,4,11,0,4,0,-4,77,73,62,19,257.7551020408163,23.448979591836732,2.6530612244897958,22.0,339.0,350.93877551020404,245.59183673469389,26.326530612244902,8
255,Jonas Valanciunas,New Orleans Pelicans,C,68,185,28,56,532.7,9,11,433.3,3,12,150.0,12,61,73,14,26,2,11,6,25,155,141,82,87,119.09099139882298,53.10502489814396,21.312811226799457,4.17609778180172,184.43232231779078,213.9959257582617,118.01177003168856,45.93345405160707,10
256,Jonathan Isaac,Orlando Magic,PF,108,173,41,60,698.4,9,11,333.4,17,26,643.3,12,38,50,4,8,8,3,13,62,162,158,112,54,321.95847750865056,34.42387543252595,5.010380622837371,13.842560553633218,436.6384083044983,483.067474048443,288.5467128027681,26.416955017301035,10
257,Jonathan Kuminga,Golden State Warriors,PF,204,299,79,151,524.4,36,45,640.0,10,22,350.1,7,38,45,22,31,12,21,6,6,271,249,226,67,268.34319033735943,66.95918367346938,13.398583923365264,10.26655560183257,320.4194085797584,273.4131611828405,314.70803831736777,80.99916701374427,10
258,Jontay Porter,Toronto Raptors,C,49,159,18,41,352.3,4,6,150.0,9,26,230.4,10,23,33,32,11,10,13,9,-28,114,82,81,65,215.4023668639053,32.251479289940825,58.16863905325444,15.943786982248522,472.0,275.0917159763314,386.0976331360947,116.63313609467455,10
259,Jordan Clarkson,Utah Jazz,PG,174,327,64,151,396.6,29,32,757.9,17,59,244.1,7,28,35,60,19,10,22,0,-76,269,209,234,95,814.0,107.44444444444446,81.07029478458051,20.83673469387755,1289.530612244898,1206.7777777777778,873.736961451247,211.53061224489798,10
260,Jordan Goodwin,Memphis Grizzlies,G,71,257,29,86,350.5,5,12,225.0,8,31,229.89999999999998,13,33,46,42,16,16,17,10,-68,159,117,113,88,121.92500000000001,126.0,72.825,3.825,421.4,285.325,130.2,326.625,10
261,Jordan Hawkins,New Orleans Pelicans,G,45,112,16,52,354.8,4,5,150.0,9,34,190.0,2,11,13,8,6,1,2,2,9,66,58,53,21,183.94693877551023,16.2,7.673469387755101,11.48979591836735,256.8081632653061,233.6326530612245,209.75102040816327,21.24489795918367,10
262,Jordan McLaughlin,Minnesota Timberwolves,PG,62,165,21,34,594.4,4,4,200.0,16,25,419.4,4,19,23,28,7,7,4,2,62,113,85,90,51,176.825,26.35625,18.90625,27.156249999999996,214.50000000000003,220.90625,171.75625,43.925000000000004,10
263,Jordan Miller,LA Clippers,G,4,5,1,1,100.0,2,2,100.0,0,0,0.0,0,1,1,0,0,0,0,0,3,5,5,4,1,9.679012345679013,0.44444444444444453,0.0,0.0,14.271604938271604,14.271604938271604,9.679012345679013,0.44444444444444453,1
264,Jordan Nwora,Toronto Raptors,SF,111,183,46,87,551.7,7,8,366.7,12,37,334.9,5,35,40,7,11,8,16,5,-53,158,151,118,47,142.24845679012344,48.44444444444444,4.841049382716049,6.253086419753085,214.03086419753086,224.17438271604942,129.73456790123458,55.65586419753087,10
265,Jordan Poole,Washington Wizards,SG,171,296,63,146,417.7,19,21,630.0,26,75,351.6,6,24,30,52,28,12,28,4,-60,253,201,223,82,556.9210069444445,27.25434027777778,95.15017361111111,12.402777777777779,580.2751736111111,527.8506944444445,591.125,140.625,10
266,Jordan Walsh,Boston Celtics,G,2,27,1,4,100.0,0,0,0.0,0,2,0.0,2,4,6,1,5,2,2,1,24,9,8,3,7,2.8099173553719012,13.355371900826448,0.8347107438016528,0.0,1.1983471074380163,4.0,6.68595041322314,7.512396694214876,2
267,Jose Alvarado,New Orleans Pelicans,PG,63,214,21,58,345.8,7,10,350.0,14,31,442.1,5,19,24,26,18,10,7,1,69,113,87,89,50,183.50189291508926,40.407787993510006,44.729042725797726,14.400216333153057,456.37263385613846,309.3007030827474,289.2725797728502,126.4380746349378,10
268,Josh Giddey,Oklahoma City Thunder,SG,139,249,60,111,552.2,5,5,400.0,14,37,403.6,16,52,68,52,18,5,19,4,74,259,207,191,120,247.07901234567896,83.75308641975309,40.93827160493828,8.893827160493826,425.84444444444443,316.08641975308655,308.5901234567901,172.93827160493822,10
269,Josh Green,Dallas Mavericks,SG,67,259,28,55,498.7,4,5,80.0,7,23,270.0,11,24,35,13,16,11,9,2,-34,115,102,80,48,175.42568370986916,41.573127229488705,10.20332936979786,7.416171224732463,227.9346016646849,241.15576694411413,176.20927467300828,37.77170035671819,10
270,Josh Hart,New York Knicks,SG,109,421,44,111,382.3,10,14,308.3,11,46,183.9,22,97,119,54,26,12,17,6,46,282,228,163,173,306.38271604938274,250.97530864197532,126.57777777777778,18.244444444444444,1315.7777777777778,772.7111111111111,650.1012345679012,576.9012345679013,10
271,Josh Minott,Minnesota Timberwolves,F,0,5,0,0,0.0,0,0,0.0,0,0,0.0,0,4,4,0,0,0,0,0,6,4,4,0,4,5.224489795918367,10.331632653061225,0.02040816326530612,0.18367346938775508,0.6173469387755101,0.8622448979591834,5.897959183673469,9.433673469387754,1
272,Josh Okogie,Phoenix Suns,SF,42,135,13,32,323.8,10,11,350.0,6,14,300.0,15,6,21,11,5,7,10,2,-6,74,63,53,32,136.82500000000002,13.8,7.3,6.425000000000001,199.025,190.125,141.125,25.7,10
273,Josh Richardson,Miami Heat,SG,98,211,38,76,433.2,6,6,200.0,16,45,301.7,4,26,30,19,16,5,3,2,3,147,128,117,49,296.8888888888889,20.0,10.88888888888889,27.555555555555557,468.0,427.55555555555554,344.0,24.22222222222222,9
274,Joshua Primo,LA Clippers,G,0,5,0,1,0.0,0,0,0.0,0,0,0.0,1,0,1,0,0,0,1,0,1,1,1,0,1,0.0,0.0,0.0,0.0,0.0,0.0,0.0,0.0,1
275,Jrue Holiday,Boston Celtics,PG,114,323,45,81,564.5,4,4,200.0,20,44,531.8,8,25,33,55,13,14,17,11,120,202,147,169,88,82.40532544378698,48.251479289940825,52.514792899408285,6.014792899408284,209.71597633136096,168.31360946745562,164.9023668639053,59.6715976331361,10
276,Jules Bernard,Washington Wizards,G,37,62,14,27,346.2,3,5,200.0,6,11,285.0,6,5,11,9,3,1,3,1,21,57,48,46,20,157.1673553719008,10.688016528925619,11.960743801652892,5.0,253.01859504132233,196.5867768595041,212.9504132231405,23.297520661157026,5
277,Julian Champagnie,San Antonio Spurs,F,61,227,17,49,263.7,12,15,466.7,15,39,252.5,2,21,23,14,7,6,9,6,-1,98,84,75,37,277.0400216333153,30.651703623580314,18.407787993510006,30.156300703082746,610.0,438.36127636560303,409.20984315846397,88.52839372633856,10
278,Julian Phillips,Chicago Bulls,F,39,132,13,31,272.9,7,8,266.7,6,13,283.4,6,12,18,5,12,5,3,1,-11,62,57,44,23,170.91975308641975,27.290123456790123,6.777777777777779,6.401234567901234,314.4444444444444,289.44444444444446,184.5493827160494,45.43827160493827,10
279,Julian Strawther,Denver Nuggets,G,9,27,3,11,37.5,2,2,100.0,1,8,20.0,0,3,3,4,1,1,2,0,-15,16,12,13,7,37.0,7.512396694214877,4.231404958677686,0.8347107438016528,108.4297520661157,76.69421487603304,61.59504132231405,18.884297520661153,2
280,Julius Randle,New York Knicks,PF,66,99,23,48,142.2,14,14,300.0,6,11,195.0,8,17,25,18,7,1,10,0,25,109,91,84,43,98.0,2.666666666666667,14.0,2.0,140.66666666666669,120.66666666666666,126.0,8.666666666666668,3
281,Justin Champagnie,Washington Wizards,SF,45,114,15,38,184.3,8,8,200.0,7,22,133.3,11,14,25,8,7,6,8,4,-45,78,70,53,33,255.90816326530614,75.40816326530611,5.346938775510204,8.83673469387755,664.8469387755102,593.5,299.7448979591837,108.26530612244898,6
282,Justin Holiday,Denver Nuggets,SF,41,161,16,32,413.70000000000005,0,0,0.0,9,21,276.7,0,12,12,18,12,3,1,3,31,71,53,59,30,226.93351800554012,9.602493074792244,47.07479224376731,14.954293628808864,411.8961218836565,268.117728531856,345.7257617728532,81.66343490304708,10
283,Justin Minaya,Portland Trail Blazers,F,12,94,4,17,149.89999999999998,1,2,50.0,3,14,116.6,6,9,15,4,5,3,3,2,-37,31,27,16,19,20.068587105624143,15.691358024691361,2.463648834019204,1.8834019204389574,40.6241426611797,48.28669410150891,14.175582990397805,16.38545953360768,8
284,Jusuf Nurkic,Phoenix Suns,C,86,280,36,65,571.2,14,32,355.4,0,0,0.0,38,89,127,37,36,8,28,10,26,250,213,123,164,55.625,220.00103305785126,38.239669421487605,0.0,376.5,345.55785123966945,70.18285123966943,274.625,10
285,Karl-Anthony Towns,Minnesota Timberwolves,C,193,306,66,146,451.8,41,47,734.2,20,56,341.5,20,55,75,29,33,8,24,8,98,297,268,222,104,265.0493827160493,98.62345679012346,46.91975308641975,18.771604938271604,548.530864197531,414.4012345679012,362.2777777777778,182.44444444444443,10
286,Kawhi Leonard,LA Clippers,SF,213,324,80,152,527.1,39,45,806.7,14,44,310.8,9,42,51,33,6,13,17,7,59,297,264,246,84,460.82888184698965,43.82571299230421,24.657763693979177,7.739248528746039,646.1751923947486,576.8012675418743,510.23992756903573,88.44635581711181,10
287,Keegan Murray,Sacramento Kings,SF,127,347,46,108,413.4,16,19,325.0,19,60,295.0,16,46,62,18,31,8,7,12,39,207,189,145,80,291.5850661625709,80.30340264650283,17.708884688090738,37.04820415879017,605.7523629489604,521.9224952741022,346.06143667296783,127.36578449905483,10
288,Keita Bates-Diop,Brooklyn Nets,SF,35,85,12,20,615.0,6,6,300.0,5,11,350.0,3,10,13,5,1,2,5,4,-13,53,48,40,18,50.12485136741973,16.633769322235434,4.645659928656361,5.35909631391201,90.30083234244947,83.89298454221166,48.97502972651605,28.837098692033297,10
289,Keldon Johnson,San Antonio Spurs,SF,164,292,59,121,481.6,21,26,480.0,25,65,354.5,17,43,60,16,15,3,9,1,-43,240,224,180,76,319.20625,50.75625,10.4,30.1,357.025,361.42500000000007,332.80625000000003,43.15625,10
290,Kelly Olynyk,Toronto Raptors,PF,141,289,55,99,555.1,19,26,415.7,12,29,408.3,16,40,56,51,43,13,33,9,-92,248,197,192,107,291.15625,27.425,86.525,9.200000000000001,575.60625,391.35624999999993,452.35625000000005,137.0,10
291,Kelly Oubre Jr.,Philadelphia 76ers,SG,184,332,67,170,397.7,35,47,559.5,15,53,258.5,20,38,58,24,23,12,21,11,-37,266,242,208,82,212.5746691871456,77.2703213610586,28.91115311909263,9.29867674858223,383.41020793950855,375.68998109640825,216.84688090737242,109.62948960302458,10
292,Kendall Brown,Indiana Pacers,SG,0,7,0,0,0.0,0,0,0.0,0,0,0.0,0,0,0,0,0,0,0,0,4,0,0,0,0,1.9171597633136093,0.09467455621301776,0.4792899408284023,0.0,5.686390532544379,2.863905325443787,4.313609467455622,1.0,1
293,Kenneth Lofton Jr.,Philadelphia 76ers,F,2,5,1,4,25.0,0,0,0.0,0,2,0.0,0,1,1,0,0,0,0,0,-4,3,3,2,1,0.0,0.0,0.0,0.0,0.0,0.0,0.0,0.0,1
294,Kenrich Williams,Oklahoma City Thunder,SF,36,126,14,34,281.7,2,2,100.0,6,19,216.7,13,21,34,16,13,8,3,1,17,86,70,52,50,157.85180055401665,39.26869806094183,13.691135734072022,7.796398891966759,282.4487534626039,252.53324099722994,163.18559556786704,77.5415512465374,10
295,Kentavious Caldwell-Pope,Denver Nuggets,SG,89,328,33,66,494.1,5,5,300.0,18,41,418.3,1,23,24,24,21,17,12,12,25,137,113,113,48,111.0,20.401051939513476,21.284681130834976,9.715976331360947,106.45036160420776,158.2215647600263,60.48980933596319,40.424720578566735,10
296,Kenyon Martin Jr.,Philadelphia 76ers,F,49,160,19,36,512.8,8,13,400.0,3,6,250.0,10,24,34,14,29,4,5,3,0,97,83,63,48,121.49173553719008,134.99173553719007,18.78202479338843,2.116735537190083,572.8688016528926,454.4669421487603,207.08367768595042,186.58367768595042,10
297,Keon Ellis,Sacramento Kings,G,74,250,28,53,479.1,2,4,100.0,16,35,404.4,6,24,30,16,22,19,5,9,110,120,104,90,46,315.5427319211103,34.46749452154857,36.400292184075965,17.672753834915998,568.0788897005114,426.2980277574872,425.300219138057,102.89116143170197,10
298,Keon Johnson,Brooklyn Nets,G,12,26,3,8,73.3,4,4,100.0,2,4,133.3,2,1,3,2,2,2,2,0,-9,17,15,14,5,18.88888888888889,0.5555555555555556,2.2222222222222223,0.22222222222222227,27.222222222222225,13.888888888888888,34.0,1.0,2
299,Kessler Edwards,Sacramento Kings,SF,24,67,9,21,206.7,1,2,50.0,5,14,211.7,2,12,14,4,8,4,1,1,21,42,38,28,18,78.63,16.48,2.0077777777777777,4.120000000000001,109.85777777777777,99.75,80.44444444444444,26.781111111111116,7
300,Kevin Durant,Phoenix Suns,PF,262,364,102,197,511.1,36,42,673.1,22,58,376.2,3,60,63,38,13,10,31,11,36,363,325,300,101,1294.7674858223063,61.10113421550094,33.92911153119093,19.528355387523625,1660.7051039697544,1459.5094517958412,1413.4754253308126,177.5179584120983,10
301,Kevin Huerter,Sacramento Kings,SG,72,231,29,79,330.1,2,4,100.0,12,45,205.0,6,24,30,25,23,8,11,2,5,127,102,97,55,288.7933884297521,30.44995408631772,4.61248852157943,16.24793388429752,456.10743801652893,441.77777777777777,290.6730945821855,47.51239669421488,10
302,Kevin Knox II,Detroit Pistons,SF,22,89,9,26,148.9,3,3,200.0,1,11,33.3,3,11,14,4,9,2,6,0,21,40,36,26,18,115.33333333333334,19.333333333333336,3.3333333333333335,0.8333333333333335,167.33333333333331,188.0,101.33333333333334,16.0,6
303,Kevin Love,Miami Heat,PF,88,158,30,62,483.6,10,14,208.3,18,45,387.4,10,55,65,19,20,3,10,3,31,172,153,107,84,362.530612244898,61.03061224489795,13.244897959183673,16.97959183673469,574.7448979591837,534.5,405.0,72.05102040816325,10
304,Kevon Looney,Golden State Warriors,F,23,98,10,20,533.3,3,7,75.0,0,0,0.0,6,22,28,10,16,1,6,3,25,61,51,33,38,20.644444444444446,19.87777777777778,4.1000000000000005,0.0,17.399999999999995,20.5,13.21111111111111,28.31111111111111,10
305,Keyontae Johnson,Oklahoma City Thunder,F,5,39,2,8,66.7,0,0,0.0,1,2,100.0,2,4,6,2,4,0,2,0,-15,13,11,7,8,20.0,7.0,1.2653061224489797,0.8163265306122451,29.69387755102041,35.0,17.26530612244898,5.6938775510204085,5
306,Keyonte George,Utah Jazz,G,186,309,63,149,377.0,37,42,775.8,23,71,289.6,0,34,34,44,12,4,35,2,-122,264,220,230,78,880.7863390254059,30.401499375260308,42.52144939608496,46.439400249895876,1184.1482715535194,952.9795918367347,1117.1820074968764,67.69596001665973,10
307,Khris Middleton,Milwaukee Bucks,SF,141,258,55,107,485.8,16,19,417.5,15,38,413.3,10,39,49,55,32,8,22,4,28,245,190,196,104,315.0,60.6159169550173,64.4636678200692,4.086505190311419,499.7335640138408,329.49826989619373,453.6989619377163,156.6159169550173,9
308,Killian Hayes,Detroit Pistons,PG,18,79,7,14,209.6,1,3,33.3,3,6,100.0,0,15,15,20,4,0,5,2,-12,53,33,38,35,27.0,18.75,54.0,2.75,252.75,74.75,153.0,124.75,4
309,Kira Lewis Jr.,Utah Jazz,PG,12,39,4,11,44.4,3,4,75.0,1,3,33.3,1,4,5,7,1,0,2,0,-21,24,17,19,12,97.83742911153118,18.17958412098299,9.438563327032135,0.7901701323251418,270.0,199.351606805293,149.65784499054817,46.4461247637051,3
310,Klay Thompson,Golden State Warriors,SG,191,278,68,156,441.2,16,18,616.7,39,96,403.1,4,20,24,26,12,8,12,3,0,241,215,217,50,392.39882299683114,18.434585785423266,42.42191036668176,15.079674060660931,371.0316885468538,344.22136713444996,428.4314169307379,51.63422363060208,10
311,Kobe Brown,LA Clippers,G,6,32,3,7,200.0,0,0,0.0,0,2,0.0,4,6,10,2,5,0,3,0,-20,18,16,8,12,13.941358024691356,11.469135802469138,1.6172839506172838,0.015432098765432098,24.978395061728392,19.25,12.138888888888888,20.617283950617285,5
312,Kobe Bufkin,Atlanta Hawks,G,27,81,11,31,158.4,1,2,50.0,4,14,115.0,1,10,11,14,6,3,4,1,21,52,38,41,25,72.63265306122449,3.9795918367346945,14.959183673469388,2.836734693877551,134.6326530612245,95.83673469387756,113.83673469387753,16.53061224489796,5
313,Kris Dunn,Utah Jazz,G,44,206,19,45,358.5,0,0,0.0,6,18,250.0,9,15,24,32,25,9,8,3,-52,100,68,76,56,114.22684310018903,18.54820415879017,28.15122873345936,6.81758034026465,308.1663516068053,161.98865784499054,229.43289224952736,77.6710775047259,10
314,Kris Murray,Portland Trail Blazers,F,97,304,39,88,456.3,7,12,283.4,12,42,220.0,16,38,54,24,18,8,13,7,-7,175,151,121,78,364.85332729741964,70.69262109551833,35.413309189678586,11.626075147125396,636.5690357627886,538.9447713897691,389.67994567677687,178.90357627885925,10
315,Kristaps Porzingis,Boston Celtics,C,202,280,69,148,483.70000000000005,38,41,833.3,26,63,441.1,19,48,67,18,24,9,10,14,118,287,269,220,85,134.4171597633136,103.09467455621302,9.940828402366865,19.04437869822485,426.1094674556213,387.36390532544374,177.198224852071,109.0,10
316,Kyle Anderson,Minnesota Timberwolves,SF,86,278,34,76,426.8,16,21,580.0,2,6,100.0,12,31,43,52,20,10,7,7,54,181,129,138,95,85.47505668934241,18.11111111111111,25.665532879818596,1.600907029478458,137.0,115.2845804988662,88.44444444444446,62.52267573696145,10
317,Kyle Kuzma,Washington Wizards,SF,245,341,93,180,530.4,43,55,805.3,16,47,258.3,3,61,64,48,22,8,30,6,-59,357,309,293,112,467.01446416831044,34.40236686390533,52.82840236686391,26.402366863905325,633.7955292570676,562.0361604207758,524.9513477975015,101.05325443786981,10
318,Kyle Lowry,Philadelphia 76ers,PG,81,300,25,71,326.3,16,19,575.0,15,45,305.4,3,27,30,46,19,11,12,3,-42,157,111,127,76,182.90842872008326,16.665972944849116,64.85327783558793,12.627471383975026,148.15504682622267,195.72424557752342,112.43808532778357,104.420395421436,10
319,Kyrie Irving,Dallas Mavericks,PG,236,353,91,187,486.9,27,27,700.0,27,75,344.0,9,44,53,58,17,14,21,4,16,347,289,294,111,377.40248356464565,30.81592403214025,115.81154127100073,20.275383491599708,812.7954711468225,455.4119795471147,703.0693937180422,178.34404674945216,10
320,LaMelo Ball,Charlotte Hornets,PG,32,55,12,37,66.1,5,6,150.0,3,17,34.7,1,5,6,15,10,3,7,0,-49,53,38,47,21,2.0,2.0,0.5,0.5,4.5,8.0,0.5,0.5,2
321,Lamar Stevens,Memphis Grizzlies,PF,111,215,46,97,495.5,13,18,333.3,6,15,425.0,12,32,44,7,18,7,12,7,-20,162,155,118,51,211.0,48.44444444444444,6.111111111111112,2.4444444444444446,334.9777777777778,267.17777777777775,274.44444444444446,58.91111111111111,10
322,Landry Shamet,Washington Wizards,SG,55,184,20,55,273.1,7,7,300.0,8,35,104.1,4,10,14,8,12,4,9,2,-68,77,69,63,22,330.90000000000003,22.5,5.700000000000001,15.624999999999998,463.7,413.80000000000007,373.0,35.99999999999999,10
323,Larry Nance Jr.,New Orleans Pelicans,PF,67,228,27,41,630.3,11,14,383.4,2,5,133.3,15,33,48,23,15,11,3,2,52,138,115,90,71,190.0294784580499,72.19614512471655,6.138321995464852,1.6383219954648527,289.5612244897959,319.9512471655329,183.07029478458048,54.90362811791383,10
324,Lauri Markkanen,Utah Jazz,PF,199,339,64,166,388.6,45,48,856.7,26,78,325.2,18,51,69,23,13,10,17,4,-79,291,268,222,92,188.3964334705076,133.93827160493828,50.7914951989026,24.540466392318244,580.0864197530865,383.13305898491086,356.4444444444444,213.63511659807955,10
325,LeBron James,Los Angeles Lakers,SF,265,364,97,177,547.9,53,65,754.8,18,46,396.6,6,67,73,92,10,10,39,4,42,430,338,357,165,403.2716049382716,80.5,27.808641975308642,4.7484567901234565,379.11111111111114,301.88271604938274,516.2777777777777,72.53086419753086,10
326,Leaky Black,Charlotte Hornets,F,27,151,8,25,232.1,7,10,275.0,4,10,150.0,5,21,26,13,12,2,3,2,-31,66,53,40,39,88.0,30.96,8.41,8.25,118.49000000000001,84.96000000000001,110.40999999999998,50.49,9
327,Leonard Miller,Minnesota Timberwolves,F,0,5,0,1,0.0,0,0,0.0,0,0,0.0,0,0,0,2,0,0,0,0,8,2,0,2,2,0.04938271604938271,0.308641975308642,0.44444444444444453,0.0,0.01234567901234569,0.6049382716049383,0.19753086419753085,0.01234567901234569,1
328,Lester Quinones,Golden State Warriors,G,58,162,20,53,357.0,9,13,325.0,9,31,250.0,8,18,26,11,17,2,5,0,-34,95,84,69,37,197.21111111111114,19.11111111111111,14.9,10.9,261.0444444444444,292.94444444444446,182.5111111111111,16.81111111111111,10
329,Lindy Waters III,Oklahoma City Thunder,F,35,78,12,30,373.3,1,1,100.0,10,23,316.6,3,15,18,4,7,1,3,2,-38,57,53,39,22,127.79719387755102,31.654336734693874,4.246173469387756,13.53188775510204,247.0012755102041,216.65306122448976,145.1836734693877,48.86224489795918,9
330,Lonnie Walker IV,Brooklyn Nets,G,75,160,29,74,383.8,3,4,150.0,14,43,205.7,1,19,20,6,13,2,7,5,11,101,95,81,26,546.233560090703,18.02267573696145,2.9444444444444446,33.32879818594104,721.7607709750567,677.59410430839,584.6224489795918,26.744897959183675,10
331,Luguentz Dort,Oklahoma City Thunder,G,112,275,37,77,493.8,15,15,600.0,23,52,456.5,7,22,29,18,31,7,8,1,56,159,141,130,47,134.73086419753088,31.671604938271603,15.644444444444444,19.612345679012343,202.441975308642,137.49382716049382,190.44938271604937,56.54567901234568,10
332,Luka Doncic,Dallas Mavericks,PG,325,376,113,248,454.5,59,73,825.0,40,111,349.1,13,85,98,103,19,13,43,2,44,526,423,428,201,536.527700831025,62.20637119113574,108.23407202216066,28.997229916897506,683.0096952908588,769.2714681440443,407.8836565096953,212.82271468144046,10
333,Luka Garza,Minnesota Timberwolves,C,45,61,16,35,240.8,6,8,200.0,7,20,233.3,8,6,14,1,8,2,3,1,-7,60,59,46,15,15.927685950413224,17.123966942148762,0.919421487603306,1.2334710743801653,60.528925619834716,56.63842975206611,19.024793388429746,18.836776859504134,5
334,Luka Samanic,Utah Jazz,F,42,107,13,39,288.8,12,14,450.0,4,19,178.3,5,19,24,5,9,1,5,4,-42,71,66,47,29,117.18367346938776,54.79591836734694,4.877551020408164,2.4489795918367347,354.66666666666674,307.16326530612247,148.03401360544217,76.32653061224488,9
335,Luke Kennard,Memphis Grizzlies,SG,124,269,39,78,499.6,18,20,571.4,28,59,476.40000000000003,2,23,25,40,10,8,18,0,-65,189,149,164,65,418.7712665406427,7.29867674858223,89.46313799621927,24.192816635160682,601.7599243856333,437.31758034026467,557.0359168241965,122.93950850661625,10
336,Luke Kornet,Boston Celtics,C,67,202,28,44,578.4,11,12,350.0,0,0,0.0,25,31,56,19,12,3,3,14,63,142,123,86,75,241.37673130193906,154.3545706371191,40.5,0.0,756.1897506925208,599.8476454293628,330.9819944598338,261.5914127423822,10
337,M. Pereira,Memphis Grizzlies,F,2,19,1,5,50.0,0,0,0.0,0,2,0.0,0,3,3,0,2,1,1,0,2,5,5,2,3,2.08,4.68,0.0,0.0,0.52,0.52,2.08,4.68,2
338,Malachi Flynn,Detroit Pistons,PG,64,126,22,59,320.0,9,13,341.7,11,30,324.6,3,13,16,16,5,6,6,0,-47,96,80,80,32,276.99643281807374,13.686087990487515,20.425683709869197,10.583828775267538,543.7336504161713,399.3650416171225,400.0142687277051,55.46254458977408,10
339,Malaki Branham,San Antonio Spurs,G,100,208,36,90,367.6,14,16,341.7,14,40,273.7,5,12,17,19,13,3,13,1,-56,136,117,119,36,621.4622248661511,19.492563950029744,14.950029744199881,34.41403926234384,769.7120761451517,659.3022010707912,735.0,31.31469363474122,10
340,Malcolm Brogdon,Portland Trail Blazers,PG,102,218,37,83,266.20000000000005,17,19,433.3,11,30,202.89999999999998,7,22,29,40,13,4,17,2,4,171,131,142,69,100.0,28.833333333333336,7.333333333333334,6.833333333333334,113.5,66.83333333333334,151.33333333333331,31.5,6
341,Malik Beasley,Milwaukee Bucks,SG,99,297,35,98,354.5,6,7,250.0,23,75,299.0,4,36,40,13,16,7,8,1,14,152,139,112,53,263.8,22.225,10.1,21.7,271.625,266.925,278.5,22.325000000000003,10
342,Malik Monk,Sacramento Kings,SG,180,281,64,150,407.0,35,37,830.0,17,63,254.7,6,31,37,54,29,7,22,2,58,271,217,234,91,652.2673611111111,40.31684027777778,41.18402777777778,10.350694444444443,1053.087673611111,890.0390625,754.4027777777778,142.4140625,10
343,MarJon Beauchamp,Milwaukee Bucks,F,30,42,10,16,350.0,7,8,175.0,3,7,200.0,2,9,11,1,4,1,3,0,-17,42,41,31,12,62.11834319526628,11.80473372781065,0.881656804733728,1.9349112426035502,114.73372781065089,103.97041420118344,69.5680473372781,16.0,6
344,Marcus Morris Sr.,Cleveland Cavaliers,SF,36,83,13,30,174.7,4,6,200.0,6,15,150.0,1,14,15,6,5,1,5,1,-24,57,51,42,21,58.79012345679013,16.82716049382716,5.197530864197532,9.012345679012347,75.2716049382716,116.11111111111111,29.19753086419753,10.777777777777779,4
345,Marcus Morris Sr.,Philadelphia 76ers,SF,40,98,16,38,166.7,4,4,200.0,4,13,103.3,0,14,14,3,5,2,6,1,-21,57,54,43,17,87.23456790123457,5.604938271604938,3.864197530864197,3.234567901234568,127.27160493827161,107.11111111111111,104.75308641975309,12.111111111111114,4
346,Marcus Sasser,Detroit Pistons,G,67,218,26,69,390.8,2,2,100.0,13,36,382.9,1,24,25,35,17,5,18,1,-52,127,92,102,60,89.53601108033241,21.337950138504155,46.48891966759003,8.117728531855956,267.2991689750692,179.68005540166206,171.81163434903047,73.17036011080333,10
347,Markelle Fultz,Orlando Magic,PG,61,170,27,62,408.6,7,8,183.3,0,2,0.0,10,17,27,20,14,6,9,2,37,108,88,81,47,177.065306122449,50.559183673469384,29.518367346938774,0.008163265306122448,318.46530612244896,283.67346938775506,214.6734693877551,77.26122448979592,10
348,Markieff Morris,Dallas Mavericks,PF,5,11,2,3,150.0,0,0,0.0,1,2,50.0,0,2,2,0,0,0,0,0,4,7,7,5,2,0.625,2.5,0.0,0.625,4.625,4.625,0.625,2.5,2
349,Marques Bolden,Charlotte Hornets,C,0,13,0,1,0.0,0,0,0.0,0,0,0.0,0,1,1,0,1,0,1,0,2,1,1,0,1,0.0,0.7551020408163267,0.0,0.0,0.7551020408163267,0.7551020408163267,0.0,0.7551020408163267,2
350,Marvin Bagley III,Washington Wizards,PF,127,263,56,102,535.5,11,15,483.3,4,9,300.0,43,50,93,16,12,7,9,11,-40,236,220,143,109,265.5679012345679,84.94444444444446,13.82716049382716,2.4444444444444446,298.5,299.66049382716045,253.44444444444446,109.73456790123456,10
351,Mason Jones,Sacramento Kings,G,1,13,0,3,0.0,1,2,50.0,0,2,0.0,1,3,4,4,0,0,0,0,10,9,5,5,8,0.0,0.0,0.0,0.0,0.0,0.0,0.0,0.0,1
352,Mason Plumlee,LA Clippers,C,51,113,16,27,586.6,19,25,500.0,0,0,0.0,12,33,45,9,15,3,10,5,-17,105,96,60,54,60.67901234567902,105.4641975308642,8.911111111111111,0.0,215.04444444444445,219.9111111111111,60.44938271604938,109.73827160493828,10
353,Matisse Thybulle,Portland Trail Blazers,SG,75,232,28,57,448.9,6,9,250.0,13,32,368.3,8,23,31,21,15,19,12,8,-28,127,106,96,52,295.0863177226814,36.25436179981635,21.694214876033058,10.827364554637281,627.8760330578513,473.1404958677686,423.188246097337,84.5821854912764,10
354,Matt Ryan,New Orleans Pelicans,F,28,60,10,24,233.3,0,0,0.0,8,19,194.4,1,8,9,2,6,0,2,0,-2,39,37,30,11,172.44444444444446,15.75,1.4444444444444446,16.444444444444446,287.75,278.86111111111114,181.0,17.527777777777775,7
355,Matthew Hurt,Memphis Grizzlies,F,32,110,12,33,215.9,3,3,200.0,5,19,233.4,9,7,16,4,8,3,2,3,-7,52,48,36,20,163.8343195266272,34.95857988165681,4.934911242603551,5.335798816568047,360.0,296.6272189349112,213.72781065088756,53.37278106508876,7
356,Max Christie,Los Angeles Lakers,G,33,106,12,24,569.4,2,3,150.0,7,13,400.0,1,13,14,6,3,0,4,0,-4,53,47,39,20,80.63038714390065,9.159970781592403,2.4572680788897006,4.132213294375457,129.5434623813002,115.84587289992696,94.71073776479183,11.234477720964207,10
357,Max Strus,Cleveland Cavaliers,SG,118,312,42,93,422.4,12,15,316.7,22,62,318.5,11,20,31,48,25,6,16,4,-32,197,149,166,79,284.77562326869804,32.988919667590025,26.775623268698062,31.81717451523546,400.2908587257617,331.86426592797784,377.1024930747922,35.86426592797784,10
358,Maxi Kleber,Dallas Mavericks,PF,22,183,6,22,250.0,6,8,300.0,4,18,216.7,2,27,29,15,23,5,1,4,65,66,51,37,44,89.62500000000003,35.20625,16.525,5.80625,151.90624999999997,100.40625,149.7,43.15625,10
359,Maxwell Lewis,Los Angeles Lakers,F,0,5,0,1,0.0,0,0,0.0,0,1,0.0,0,0,0,2,0,0,0,0,-3,2,0,2,2,0.05536332179930796,0.0,1.9930795847750862,0.0,1.384083044982699,0.05536332179930796,1.384083044982699,1.9930795847750862,1
360,Micah Potter,Utah Jazz,C,26,80,9,14,300.0,3,3,200.0,5,9,250.0,4,10,14,2,4,0,2,1,-4,42,40,28,16,90.3584,3.3376,1.36,4.9104,94.6144,82.2304,102.0544,5.3856,6
361,Michael Porter Jr.,Denver Nuggets,SF,194,323,75,135,548.5,15,18,580.0,29,68,418.7,13,50,63,14,18,6,12,4,51,271,257,208,77,414.5,47.20408163265306,14.617913832199548,16.944444444444443,483.3764172335601,522.4183673469388,364.21315192743765,73.0668934240363,10
362,Mikal Bridges,Brooklyn Nets,SF,167,358,54,136,383.4,26,32,685.7,33,74,458.1,9,35,44,38,14,10,19,1,-62,249,211,205,82,269.3901234567901,42.41975308641975,34.43456790123457,24.45679012345679,289.99753086419753,297.4444444444445,266.6,72.19753086419753,10
363,Mike Conley,Minnesota Timberwolves,PG,142,295,50,108,444.4,21,24,596.7,21,58,326.2,9,19,28,47,17,15,11,2,5,217,170,189,75,519.8049886621316,23.910430839002267,32.13265306122449,30.98185941043084,525.8163265306122,492.6224489795918,554.4002267573696,54.641723356009074,10
364,Mike Muscala,Oklahoma City Thunder,C,26,127,9,35,234.2,1,2,50.0,7,25,250.0,5,15,20,6,8,2,1,2,24,52,46,32,26,105.66468489892986,21.322235434007133,7.686087990487515,11.618311533888228,234.89892984542215,201.22711058263974,126.41141498216408,41.9334126040428,10
365,Miles Bridges,Charlotte Hornets,SF,208,388,86,189,453.4,21,31,479.7,15,62,216.7,13,62,75,38,13,8,22,5,-100,321,283,246,113,498.10350981558594,78.57287328970851,27.70493753718025,21.785246876859013,770.5990481856038,757.059488399762,493.4681737061273,124.45270672218918,10
366,Miles McBride,New York Knicks,PG,126,324,45,95,420.5,10,11,383.3,26,57,371.1,7,11,18,27,25,8,5,2,21,171,144,153,45,832.5530864197532,9.6,71.80493827160495,50.577777777777776,1040.0716049382718,864.5530864197531,1011.2716049382716,78.20493827160495,10
367,Mo Bamba,Philadelphia 76ers,C,56,210,22,42,533.0,3,6,75.0,9,21,390.0,9,39,48,10,27,8,10,13,-41,114,104,66,58,72.44240129799891,49.89507842076798,18.540832882639265,4.915630070308275,212.5797728501893,136.11357490535426,132.68036776636018,84.66414277988102,10
368,Monte Morris,Minnesota Timberwolves,PG,52,156,20,47,533.6,2,4,150.0,10,20,400.0,2,9,11,28,3,6,2,1,12,91,63,80,39,49.80193905817175,12.909972299168974,43.94459833795014,6.110803324099722,159.86426592797784,78.4016620498615,111.17036011080333,76.94875346260388,10
369,Moritz Wagner,Orlando Magic,C,94,149,36,56,613.8,16,18,660.0,6,16,316.6,7,28,35,11,13,1,13,2,30,140,129,105,46,238.79000594883996,44.76204640095182,7.054729327781082,4.402141582391433,383.1493158834027,386.45151695419395,223.67102914931593,63.63355145746579,10
370,Moses Brown,Portland Trail Blazers,C,26,59,11,20,333.3,4,14,70.8,0,0,0.0,11,10,21,4,8,0,3,3,1,51,47,30,25,57.5,15.666666666666668,5.407407407407407,0.0,114.90740740740742,90.83333333333334,73.35185185185185,29.29629629629629,6
371,Moses Moody,Golden State Warriors,SG,79,192,32,76,421.5,9,12,233.3,6,32,168.3,11,25,36,5,14,9,6,8,28,120,115,84,41,240.28546712802765,87.91695501730104,2.5,8.671280276816608,554.4290657439446,548.9290657439446,249.78546712802768,86.41695501730104,10
372,Mouhamadou Gueye,Toronto Raptors,F,7,26,3,10,150.0,1,4,25.0,0,0,0.0,3,2,5,0,3,1,3,4,-24,12,12,7,5,2.562130177514792,6.0,0.0,0.0,12.40828402366864,12.40828402366864,2.562130177514792,6.0,3
373,Moussa Diabate,LA Clippers,F,2,7,1,1,100.0,0,2,0.0,0,0,0.0,1,3,4,0,0,1,0,1,1,6,6,2,4,0.0,0.0,0.0,0.0,0.0,0.0,0.0,0.0,1
374,Myles Turner,Indiana Pacers,C,158,273,59,119,481.3,22,33,545.0,18,43,377.5,9,50,59,16,28,3,11,25,43,233,217,174,75,399.60625,49.65625,16.70625,23.200000000000003,407.90625,384.725,465.425,23.724999999999998,10
375,Naji Marshall,New Orleans Pelicans,SF,98,203,40,76,522.8,3,3,200.0,15,33,492.1,7,41,48,22,10,10,7,1,79,168,146,120,70,262.0712809917356,59.53719008264463,9.838842975206612,21.475206611570247,472.4183884297521,458.625,254.3109504132231,90.92975206611571,10
376,Nassir Little,Phoenix Suns,SF,11,56,4,14,183.3,0,0,0.0,3,9,200.0,0,10,10,4,7,0,1,2,-10,25,21,15,14,12.563786008230453,15.761316872427985,4.518518518518518,1.666666666666667,41.0,35.2962962962963,15.279835390946502,23.267489711934154,6
377,Nate Hinton,Houston Rockets,G,12,22,4,7,110.0,2,3,66.7,2,3,66.7,1,5,6,3,4,1,1,2,10,21,18,15,9,48.05555555555556,6.722222222222221,1.3888888888888884,2.5,97.38888888888886,75.55555555555557,65.0,13.0,2
378,Nathan Mensah,Charlotte Hornets,C,4,59,2,5,66.7,0,0,0.0,0,0,0.0,4,6,10,1,13,2,1,4,-17,15,14,5,11,13.75,9.9375,0.859375,0.0,41.359375,44.4375,13.484375,7.984375,7
379,Naz Reid,Minnesota Timberwolves,C,170,273,60,125,478.9,18,25,459.2,32,66,437.5,10,60,70,20,22,7,17,15,6,260,240,190,90,783.0562500000001,115.225,24.30625,59.224999999999994,929.025,847.0062499999999,848.1,156.50625,10
380,Neemias Queta,Boston Celtics,C,39,80,19,26,443.4,1,2,100.0,0,0,0.0,12,17,29,4,8,3,4,6,63,72,68,43,33,78.9375,55.24609375,2.12109375,0.0,228.734375,238.96484375,76.33984375,49.734375,7
381,Nic Claxton,Brooklyn Nets,C,127,303,52,79,667.3,23,34,604.7,0,1,0.0,23,70,93,24,25,7,12,17,-57,244,220,151,117,238.77777777777777,54.24938271604938,15.3679012345679,0.0,321.33827160493826,338.30123456790125,244.9753086419753,46.45679012345679,10
382,Nick Jr. Smith,Charlotte Hornets,G,53,164,17,59,301.1,8,9,187.5,11,32,275.0,2,10,12,17,19,4,5,0,8,82,65,70,29,239.0,11.864447086801428,22.555291319857314,15.642092746730084,320.12841854934607,250.03686087990485,286.24494649227114,57.26634958382878,10
383,Nick Richards,Charlotte Hornets,C,93,300,40,59,650.0,13,18,425.0,0,0,0.0,27,71,98,8,26,5,12,8,-41,199,191,101,106,277.7,194.10625,9.700000000000001,0.0,463.15625,478.30625000000003,281.8,184.55625,10
384,Nickeil Alexander-Walker,Minnesota Timberwolves,SG,106,275,38,79,441.2,11,12,383.3,19,44,368.3,8,19,27,23,18,9,8,4,49,156,133,129,50,574.4197530864197,40.10123456790123,25.612345679012346,29.444444444444443,785.2641975308642,701.711111111111,616.0864197530865,107.6,10
385,Nicolas Batum,Philadelphia 76ers,PF,42,286,15,48,274.6,6,7,250.0,6,30,178.3,14,43,57,20,18,13,8,7,12,119,99,62,77,134.41632653061225,86.97551020408163,23.836734693877553,4.800000000000001,342.9591836734694,266.6326530612245,163.80408163265307,157.75102040816327,10
386,Nikola Jokic,Denver Nuggets,C,277,377,111,190,590.0,45,52,870.5,10,25,218.7,27,96,123,74,15,13,29,7,96,474,400,351,197,593.3655489809336,131.84681130834977,92.87442472057857,18.02629848783695,936.7600262984879,756.9467455621302,757.4207758053913,240.4792899408284,10
387,Nikola Jovic,Miami Heat,F,79,210,29,64,452.7,6,7,250.0,15,41,361.6,2,34,36,18,21,8,10,4,44,133,115,97,54,87.71330589849109,62.927297668038406,20.52400548696845,11.271604938271604,262.4540466392318,204.53086419753086,116.75308641975309,112.33470507544583,10
388,Nikola Vucevic,Chicago Bulls,C,203,342,89,166,539.6,12,15,450.0,13,40,311.6,24,72,96,32,20,5,19,5,-38,331,299,235,128,432.1000540832882,132.83071930773392,33.71444023796647,8.106544077879935,744.4083288263927,755.3537047052461,438.6095186587345,149.09031909140077,10
389,Noah Clowney,Brooklyn Nets,F,13,55,5,11,90.0,0,0,0.0,1,6,25.0,4,7,11,6,2,2,1,0,3,30,24,19,17,51.99168975069253,10.440443213296396,4.393351800554017,0.7673130193905817,105.63434903047093,103.72853185595567,51.819944598337955,16.911357340720226,4
390,Norman Powell,LA Clippers,G,159,277,55,112,486.8,24,30,625.0,25,64,421.9,4,25,29,15,22,9,10,2,-2,203,188,174,44,382.8347107438016,33.95133149678604,16.77777777777778,20.520661157024794,438.60330578512395,488.65381083562903,322.7033976124886,60.8099173553719,10
391,O.G. Anunoby,New York Knicks,SF,83,194,33,70,262.7,9,14,243.3,8,28,138.3,3,24,27,12,12,16,13,5,107,122,110,95,39,431.93491124260356,55.0,6.0,8.757396449704142,260.7810650887574,260.7810650887574,441.9349112426035,51.0,6
392,Obi Toppin,Indiana Pacers,PF,87,180,34,57,566.4,9,11,450.0,10,26,310.0,8,33,41,11,16,4,7,4,28,139,128,98,52,196.98593834505138,41.114656571119525,15.30935640886966,10.021633315305571,293.21741481882094,318.2747431043807,166.72147106544077,61.63115197404002,10
393,Ochai Agbaji,Toronto Raptors,G,75,276,31,78,351.8,7,14,275.0,6,29,161.6,18,23,41,16,22,11,12,4,-106,132,116,91,57,170.5147928994083,67.21301775147928,28.527284681130837,4.606180144641684,452.23142669296516,362.59171597633133,230.95529257067722,124.93951347797501,10
394,Olivier Sarr,Oklahoma City Thunder,C,11,22,4,7,125.0,3,5,116.7,0,1,0.0,4,4,8,0,3,0,1,1,-14,19,19,11,8,34.92,6.920000000000002,0.0,0.0,59.68000000000001,59.68000000000001,34.92,6.920000000000002,3
395,OlivierMaxence Prosper,Dallas Mavericks,F,10,36,3,6,150.0,4,7,57.1,0,2,0.0,2,6,8,0,1,1,1,1,-14,18,18,10,8,30.560000000000002,15.111111111111114,0.0,0.0,87.80444444444444,87.80444444444444,30.560000000000002,15.111111111111114,4
396,Omer Yurtseven,Utah Jazz,C,43,86,19,28,326.1,4,7,200.0,1,3,50.0,12,15,27,5,10,1,3,6,-14,75,70,48,32,142.119341563786,23.156378600823047,9.5761316872428,0.8518518518518519,248.1851851851852,198.5514403292181,181.9835390946502,42.50205761316873,6
397,Onuralp Bitim,Chicago Bulls,SF,50,153,22,45,454.4,0,0,0.0,6,21,166.7,5,12,17,9,14,2,3,1,-38,76,67,59,26,243.37148803329868,52.53590010405827,5.0,6.620187304890739,482.4016649323621,450.17585848074924,261.210197710718,71.92299687825182,10
398,Onyeka Okongwu,Atlanta Hawks,PF,147,296,61,89,703.8000000000001,16,22,492.9,9,19,466.6,32,44,76,11,28,7,5,15,4,234,223,158,87,308.4240362811791,185.95918367346937,9.244897959183675,5.6893424036281175,807.5192743764171,822.7913832199548,307.3560090702948,181.0,10
399,Orlando Robinson,Miami Heat,C,13,59,4,11,108.3,4,5,175.0,1,2,100.0,8,9,17,5,4,1,3,0,4,35,30,18,22,48.835,19.235,3.0,0.8400000000000002,71.24000000000001,58.64,66.13499999999999,17.535,6
400,Oscar Tshiebwe,Indiana Pacers,C,3,5,1,3,33.3,1,2,50.0,0,0,0.0,2,0,2,0,1,0,0,1,8,5,5,3,2,0.25,0.0,0.0,0.0,0.25,0.25,0.25,0.0,1
401,Oshae Brissett,Boston Celtics,SF,48,174,15,34,477.2,14,25,388.3,4,13,283.3,16,23,39,15,12,3,4,2,48,102,87,63,54,97.13494809688581,64.09342560553632,22.686851211072664,2.403114186851211,312.2854671280277,213.55363321799305,182.45847750865053,100.1885813148789,10
402,Ousmane Dieng,Oklahoma City Thunder,F,28,90,10,25,324.4,4,4,200.0,4,14,220.0,1,7,8,14,3,3,6,3,16,50,36,42,22,126.0,6.0,22.0,4.367346938775511,250.0,168.0,204.0,32.0,8
403,P.J. Tucker,LA Clippers,PF,19,135,7,18,183.3,0,0,0.0,5,11,283.4,7,19,26,4,9,3,3,4,-8,49,45,23,30,58.04725897920604,40.57088846880907,4.0037807183364835,4.073724007561437,155.8431001890359,120.57277882797732,77.10207939508506,60.790170132325144,8
404,P.J. Washington,Dallas Mavericks,PF,92,321,33,92,377.0,15,20,400.0,11,53,204.3,12,48,60,13,18,11,7,10,38,165,152,105,73,208.4499729583559,54.00540832882639,10.301243915630069,13.019469983775014,330.38128718226073,257.8885884261763,259.0086533261222,86.24067063277447,10
405,Paolo Banchero,Orlando Magic,PF,211,350,79,158,557.2,37,48,653.9,16,41,483.0,6,55,61,63,21,7,34,7,34,335,272,274,124,177.25904010519395,71.71005917159763,82.93951347797501,8.779750164365549,417.318211702827,317.30834976988825,250.2195923734385,181.6988823142669,10
406,Pascal Siakam,Indiana Pacers,PF,225,320,92,170,541.7,36,53,671.8,5,17,166.6,26,77,103,35,19,10,13,5,57,363,328,260,138,386.5662520281233,113.59491617090319,25.972417522985396,5.972417522985397,530.6938885884263,511.5749053542455,362.16333153055706,183.08923742563547,10
407,Pat Connaughton,Milwaukee Bucks,SG,75,227,26,53,493.5,11,13,525.0,12,32,401.0,7,20,27,17,9,2,5,2,9,119,102,92,44,192.78512396694214,32.125,21.455578512396695,12.731404958677686,276.8677685950413,306.22830578512395,174.8564049586777,42.14876033057851,10
408,Patrick Baldwin Jr.,Washington Wizards,F,45,148,16,49,330.9,5,7,260.0,8,32,196.9,5,30,35,11,12,7,6,7,-50,91,80,56,46,130.55102040816325,56.55102040816327,19.146938775510204,5.673469387755102,333.8,220.20408163265307,198.92244897959182,120.92244897959183,10
409,Patrick Beverley,Milwaukee Bucks,PG,44,212,13,45,231.7,10,13,483.4,8,26,242.89999999999998,3,26,29,18,22,9,7,8,-9,91,73,62,47,146.3926446727961,63.64034613304489,32.84586262844781,9.67009194159005,345.4023796646836,285.13845321795566,198.82747431043805,104.31530557057869,10
410,Patrick Williams,Chicago Bulls,PF,6,24,2,9,22.2,2,2,100.0,0,5,0.0,0,6,6,2,5,0,2,2,-11,14,12,8,8,0.0,0.0,0.0,0.0,0.0,0.0,0.0,0.0,1
411,Patty Mills,Atlanta Hawks,PG,0,10,0,2,0.0,0,0,0.0,0,1,0.0,0,2,2,1,0,1,0,0,2,3,2,1,3,17.316337148803328,0.5036420395421437,0.6503642039542142,0.3756503642039542,18.131113423517167,11.913631633714878,24.678459937565037,0.00936524453694067,1
412,Patty Mills,Miami Heat,PG,50,150,19,60,253.60000000000002,4,4,200.0,8,40,172.5,4,10,14,17,12,8,6,0,45,81,64,67,31,187.71800208116548,6.855359001040583,16.950052029136316,9.574401664932363,231.30905306971906,219.67429760665976,197.84807492195628,25.31009365244537,9
413,Paul George,LA Clippers,F,250,359,87,159,559.0,37,42,722.9,39,81,487.1,3,46,49,37,26,16,22,11,32,336,299,287,86,177.77777777777783,14.911111111111111,70.11111111111111,19.400000000000002,298.1777777777778,209.57777777777778,263.0,88.4,10
414,Paul Reed,Philadelphia 76ers,SF,97,238,39,85,462.3,13,18,500.0,6,16,250.0,36,42,78,16,29,13,9,18,9,191,175,113,94,317.5052059755546,37.83884110457221,12.40651878678135,7.0737890448166585,585.0543232231779,543.3277501131734,342.49932095971025,66.97781801720235,10
415,Payton Pritchard,Boston Celtics,PG,125,284,47,101,423.0,7,7,300.0,24,56,433.0,8,25,33,52,10,4,9,0,105,210,158,177,85,478.66360194699837,50.119524067063274,174.8729042725798,26.524607896160084,1204.385073012439,607.67009194159,994.0730124391563,306.29799891833426,10
416,Peyton Watson,Denver Nuggets,F,62,185,26,64,394.0,7,11,300.0,3,22,225.0,5,30,35,10,18,5,5,9,0,107,97,72,45,121.677663601947,18.156300703082746,16.265008112493238,2.19091400757166,200.6181719848567,177.5440778799351,139.42671714440237,39.74634937804218,10
417,Precious Achiuwa,New York Knicks,PF,86,239,36,64,546.7,9,16,408.3,5,11,283.3,24,46,70,18,19,9,14,17,29,174,156,104,88,282.8,95.8716049382716,19.644444444444446,4.777777777777778,538.5234567901234,502.71604938271605,295.77777777777777,138.34567901234567,10
418,Quentin Grimes,Detroit Pistons,SG,82,213,26,80,296.2,19,24,525.0,11,50,200.0,2,27,29,19,13,7,9,4,-12,130,111,101,48,312.44628099173553,35.19834710743802,14.900826446280991,10.900826446280991,442.06611570247935,483.0495867768595,277.6942148760331,43.86776859504132,10
419,R. Rupert,Portland Trail Blazers,G,41,161,14,30,448.1,8,9,450.0,5,14,225.0,7,17,24,18,17,2,9,1,-12,83,65,59,42,143.59729448491157,28.969823100936527,24.23309053069719,9.439125910509887,282.2944849115505,278.2466181061394,150.843912591051,50.00416233090531,10
420,RJ Barrett,Toronto Raptors,SG,208,328,85,152,559.5,20,43,406.1,18,37,425.0,9,42,51,46,22,5,28,4,-39,305,259,254,97,255.64444444444445,58.24444444444445,50.577777777777776,15.777777777777777,454.77777777777777,307.8,398.8,112.64444444444445,10
421,Reggie Bullock,Houston Rockets,SF,29,125,10,23,433.2,0,0,0.0,9,21,449.9,3,25,28,2,7,5,2,0,19,59,57,31,30,37.72424557752341,43.60041623309053,1.681581685744017,4.987513007284079,117.26222684703434,122.88761706555673,33.28720083246618,44.09365244536941,10
422,Reggie Jackson,Denver Nuggets,PG,75,156,28,72,362.59999999999997,10,13,172.7,9,27,335.0,1,9,10,26,10,3,11,2,19,111,85,101,36,322.51216873985936,9.060032449972958,40.36127636560303,5.0757166035694965,368.19524067063276,275.34505137912384,408.33477555435366,56.448891292590595,10
423,Richaun Holmes,Washington Wizards,F,83,219,33,58,564.7,16,18,525.0,1,2,100.0,28,44,72,7,31,6,7,8,3,162,155,90,79,231.09934258582905,223.56464572680787,6.170197224251278,0.9532505478451425,740.7114682249818,701.8736303871439,249.4799123447772,250.19211102994888,10
424,Ricky IV Council,Philadelphia 76ers,G,62,114,21,48,420.2,17,23,530.0,3,14,125.0,2,15,17,6,5,0,3,1,-8,85,79,68,23,260.7366863905325,32.5,6.571005917159763,5.6390532544378695,476.09763313609466,407.8520710059172,323.905325443787,44.14792899408284,10
425,Robin Lopez,Milwaukee Bucks,C,6,23,3,9,37.5,0,0,0.0,0,2,0.0,1,0,1,1,3,1,0,2,-16,8,7,7,2,21.92,0.52,0.6800000000000002,0.0,24.48,29.0,18.28,0.32000000000000006,2
426,Royce O'Neale,Phoenix Suns,PF,64,238,25,66,403.8,0,0,0.0,14,45,348.4,7,39,46,28,15,3,8,3,40,138,110,92,74,319.3827160493827,18.641975308641978,48.044444444444444,25.96049382716049,392.711111111111,377.11111111111114,302.65679012345674,99.01234567901234,10
427,Rudy Gobert,Minnesota Timberwolves,C,133,371,54,85,636.7,25,37,605.0,0,1,0.0,42,100,142,14,35,7,18,25,24,289,275,147,156,298.125,82.70408163265307,12.418367346938775,0.0,433.125,460.61479591836735,257.7576530612245,108.0,10
428,Rui Hachimura,Los Angeles Lakers,PF,160,300,67,115,573.8,10,14,333.3,16,37,420.0,4,31,35,14,17,2,6,3,-11,209,195,174,49,404.28316478286735,32.998810232004764,6.925639500297443,11.068411659726353,350.58001189768,369.2498512790006,388.68887566924445,36.84889946460441,10
429,Russell Westbrook,LA Clippers,PG,93,216,37,98,389.9,15,21,523.3,4,26,95.0,8,19,27,29,17,13,15,1,-10,149,120,122,56,193.55363321799308,25.844290657439448,33.636678200692046,4.7543252595155705,366.9792387543252,307.43252595155707,227.9515570934256,84.62975778546712,10
430,Ryan Arcidiacono,New York Knicks,G,0,5,0,1,0.0,0,0,0.0,0,1,0.0,0,0,0,0,1,1,0,0,3,0,0,0,0,0.0,0.0625,0.0,0.0,0.0625,0.0625,0.0,0.0625,1
431,Saben Lee,Phoenix Suns,G,35,98,9,28,194.29999999999998,15,20,416.7,2,9,83.3,3,15,18,17,6,4,2,0,11,70,53,52,35,190.68,24.479999999999997,5.720000000000001,1.5200000000000005,336.32,336.0,189.68,31.519999999999996,8
432,Saddiq Bey,Atlanta Hawks,SF,146,337,48,125,372.4,31,35,800.0,19,59,298.4,29,32,61,14,7,4,10,4,-23,221,207,160,75,398.90000000000003,67.125,9.625,14.9,439.4000000000001,478.32500000000005,362.225,74.5,10
433,Sam Hauser,Boston Celtics,SF,137,230,48,90,520.7,0,0,0.0,41,77,506.6,3,35,38,9,9,9,3,6,122,184,175,146,47,716.9755102040816,32.26122448979592,4.90204081632653,75.80000000000001,899.6734693877551,889.4,719.5755102040815,44.83673469387755,10
434,Sam Merrill,Cleveland Cavaliers,SG,75,237,22,75,291.3,10,10,600.0,21,72,289.9,2,20,22,28,14,2,5,3,-11,125,97,103,50,229.5702947845805,45.602040816326536,83.2607709750567,26.141723356009074,384.9591836734694,315.44444444444446,300.5,127.44784580498866,10
435,Samardo Samuels,Houston Rockets,F,0,6,0,1,0.0,0,0,0.0,0,0,0.0,1,1,2,0,0,0,0,0,-5,2,2,0,2,1.44,1.9599999999999997,0.0,0.0,0.03999999999999998,0.03999999999999998,1.44,1.9599999999999997,1
436,Sandro Mamukelashvili,San Antonio Spurs,PF,31,55,15,23,368.1,0,1,0.0,1,4,50.0,9,5,14,5,5,2,1,0,27,50,45,36,19,107.37024221453287,14.387543252595158,7.539792387543252,0.8650519031141868,189.08304498269896,158.13840830449828,123.89965397923876,36.34256055363321,7
437,Santi Aldama,Memphis Grizzlies,PF,153,339,55,116,481.0,17,25,616.7,26,64,369.3,12,57,69,31,13,9,12,13,-81,253,222,184,100,283.40816326530614,73.7437641723356,32.92743764172336,32.44444444444445,548.5056689342404,455.51927437641723,382.49886621315187,100.56689342403628,10
438,Sasha Vezenkov,Sacramento Kings,F,9,22,2,7,28.6,3,3,100.0,2,4,50.0,0,1,1,1,4,1,0,0,24,11,10,10,2,4.5,0.5,0.5,2.0,4.5,2.0,8.0,0.0,2
439,Scoot Henderson,Portland Trail Blazers,G,144,285,52,135,383.8,29,34,808.3,11,41,243.3,7,27,34,54,33,13,33,1,-92,232,178,198,88,341.7132659131469,48.47709696609161,48.819750148721,9.483045806067818,713.7025580011898,448.00118976799524,554.9744199881023,149.73706127305175,10
440,Scottie Barnes,Toronto Raptors,SF,179,333,70,155,460.1,33,39,674.9,6,36,159.89999999999998,28,63,91,75,18,13,31,14,21,345,270,254,166,391.6640625,102.8515625,85.6640625,4.8515625,827.2890625,587.40625,576.65625,243.40625,10
441,Scotty Pippen Jr.,Memphis Grizzlies,G,108,226,37,74,433.1,19,30,390.4,15,27,555.0,9,24,33,47,25,14,20,5,2,188,141,155,80,222.6122448979592,18.081632653061224,39.55612244897959,6.25,266.0051020408163,283.2244897959183,202.04591836734696,60.984693877551024,9
442,Seth Curry,Charlotte Hornets,SG,81,181,29,67,372.5,14,15,566.7,9,31,256.6,4,15,19,17,7,5,7,3,-33,117,100,98,36,233.0,12.900826446280993,16.140495867768593,4.900826446280991,334.3388429752066,276.08264462809916,269.8677685950413,50.429752066115704,10
443,Shai Gilgeous-Alexander,Oklahoma City Thunder,PG,264,334,94,188,496.0,62,76,803.5,14,46,284.3,8,48,56,51,24,20,29,9,49,371,320,315,107,627.2444444444444,70.8,37.81975308641975,18.419753086419753,941.567901234568,730.7111111111112,837.5234567901234,109.19753086419755,10
444,Shake Milton,New York Knicks,SG,40,105,17,39,321.1,2,3,66.7,4,11,150.0,9,13,22,11,6,3,5,2,-16,73,62,51,33,109.48000000000002,70.72,17.27,7.920000000000001,423.83000000000004,324.52,167.02999999999997,129.75,7
445,Simone Fontecchio,Detroit Pistons,F,158,307,55,116,455.5,19,21,616.7,29,65,413.2,8,41,49,16,20,10,13,5,5,223,207,174,65,506.0,36.90963139120095,14.430439952437576,30.11296076099881,589.4708680142687,547.3923900118907,538.8442330558859,60.574316290130795,10
446,Skylar Mays,Los Angeles Lakers,SG,8,34,4,10,170.0,0,0,0.0,0,3,0.0,0,1,1,3,2,3,2,1,-3,12,9,11,4,12.0,0.75,2.890625,0.0,7.640625,12.75,8.390625,2.140625,4
447,Spencer Dinwiddie,Los Angeles Lakers,PG,65,238,19,44,385.2,16,19,438.9,11,24,416.7,1,13,14,22,17,3,8,6,36,101,79,87,36,535.8823142669296,4.539119000657462,26.0,8.928994082840237,706.0059171597633,561.5443786982248,679.8310322156476,31.051939513477976,10
448,Stanley Umude,Detroit Pistons,G,49,150,16,39,260.4,8,9,366.7,9,25,243.3,5,16,21,3,15,4,4,2,-32,73,70,52,24,177.08,44.0,1.9200000000000002,10.88,278.68,272.78,180.88,48.02,8
449,Stephen Curry,Golden State Warriors,PG,232,295,80,195,408.0,26,28,655.0,46,123,372.8,11,46,57,37,7,3,21,1,32,326,289,269,94,828.5495867768595,113.0,36.867768595041326,49.35537190082645,1482.5,1299.4586776859503,1004.5,156.95867768595042,10
450,Svi Mykhailiuk,Boston Celtics,SG,46,124,16,41,460.4,1,1,100.0,13,35,313.3,2,15,17,11,2,4,2,0,77,74,63,57,28,53.08163265306122,23.163265306122447,10.0,8.448979591836734,204.04081632653063,136.6122448979592,99.36734693877551,54.30612244897959,9
451,T.J. McConnell,Indiana Pacers,PG,129,191,57,108,527.1,8,10,350.0,7,12,500.0,4,24,28,46,10,14,20,2,38,203,157,175,74,118.55624999999999,29.60625,46.206250000000004,4.606249999999999,347.90625,233.325,232.52499999999998,76.425,10
452,T.J. Warren,Minnesota Timberwolves,SF,29,98,13,34,301.2,1,2,50.0,2,11,83.3,5,11,16,7,10,3,4,1,31,52,45,36,23,31.317500000000003,13.520000000000001,6.28,1.4299999999999997,32.2575,45.3175,13.9375,24.12,7
453,Taj Gibson,Detroit Pistons,F,3,11,1,2,50.0,0,0,0.0,1,2,50.0,0,2,2,0,1,1,0,0,-3,5,5,3,2,2.5600000000000005,0.03999999999999998,0.16000000000000003,0.36,1.9599999999999997,3.2399999999999993,1.44,0.04000000000000007,1
454,Taj Gibson,New York Knicks,F,2,68,0,9,0.0,2,2,100.0,0,2,0.0,4,6,10,4,8,1,3,0,2,16,12,6,14,8.2,10.200000000000001,1.6,0.8000000000000002,15.600000000000001,12.400000000000002,6.6000000000000005,16.599999999999998,5
455,Talen Horton-Tucker,Utah Jazz,SG,64,154,19,65,304.2,16,18,566.7,10,30,384.9,3,17,20,23,12,6,3,5,-48,107,84,87,43,48.48979591836734,52.816326530612244,31.275510204081634,2.0510204081632653,214.74489795918367,140.6938775510204,112.5,94.13265306122449,10
456,Taurean Prince,Los Angeles Lakers,PF,75,188,29,57,547.7,2,3,100.0,15,35,408.70000000000005,2,28,30,10,13,3,4,7,11,115,105,85,40,154.88458728999268,34.06574141709277,13.051862673484296,14.545653761869978,261.8970051132213,258.0241051862673,154.23155588020452,51.643535427319215,10
457,Taylor Hendricks,Utah Jazz,F,86,258,31,68,495.0,10,12,325.0,14,38,376.9,13,55,68,7,31,6,5,12,-95,161,154,93,75,100.63296398891966,119.72299168975069,2.189750692520776,6.433518005540166,266.81163434903044,240.71606648199446,120.71191135734072,127.92936288088642,10
458,Taze Moore,Portland Trail Blazers,G,2,5,1,1,100.0,0,0,0.0,0,0,0.0,0,0,0,1,0,0,1,0,7,3,2,3,1,1.44,0.0,0.6400000000000001,0.0,4.0,1.44,4.0,0.6400000000000001,1
459,Terance Mann,LA Clippers,SG,103,269,36,73,500.3,17,17,700.0,14,31,503.5,5,19,24,10,21,9,5,4,-8,137,127,113,34,244.14548404542995,22.541914548404545,15.952406706327743,7.204975662520281,318.4007571660357,237.0703082747431,327.50189291508923,36.46836127636561,10
460,Terquavion Smith,Philadelphia 76ers,G,40,59,14,34,241.1,2,3,100.0,10,26,216.6,0,2,2,10,3,7,4,0,9,52,42,50,12,186.96296296296296,1.4074074074074074,17.185185185185183,17.185185185185183,177.40740740740742,184.66666666666663,179.62962962962965,18.666666666666668,6
461,Terry Rozier,Miami Heat,SG,177,341,70,160,437.9,18,21,572.7,19,54,305.4,6,45,51,43,17,10,11,2,1,271,228,220,94,212.19395134779745,26.170282708744246,100.1715976331361,36.907955292570676,482.1860618014464,277.42669296515453,404.1564760026298,139.1387245233399,10
462,Terry Taylor,Chicago Bulls,F,11,46,4,8,275.0,1,2,50.0,2,3,150.0,2,10,12,3,1,1,0,0,-17,26,23,14,15,13.702947845804989,31.560090702947843,3.2947845804988662,1.6553287981859413,100.86621315192743,79.0,21.383219954648524,49.04081632653062,4
463,Thaddeus Young,Phoenix Suns,F,10,35,5,10,150.0,0,2,0.0,0,0,0.0,8,4,12,2,4,2,2,0,1,24,22,12,14,2.8367346938775513,30.537414965986397,3.6462585034013606,0.0,9.333333333333334,15.265306122448981,9.965986394557822,21.122448979591837,3
464,Thaddeus Young,Phoenix Suns,PF,53,152,26,34,569.9,1,5,50.0,0,2,0.0,15,20,35,18,15,3,4,2,-39,106,88,71,53,251.71428571428572,64.92063492063492,40.15873015873016,0.0,785.7777777777778,493.30158730158735,469.968253968254,179.3015873015873,7
465,Thanasis Antetokounmpo,Milwaukee Bucks,SF,10,48,5,11,266.7,0,2,0.0,0,1,0.0,2,1,3,4,8,1,3,1,-18,17,13,14,7,14.0,1.530612244897959,1.673469387755102,0.0,20.55102040816326,18.10204081632653,16.24489795918367,3.408163265306122,6
466,Theo Maledon,Phoenix Suns,PG,5,10,1,2,50.0,3,3,100.0,0,0,0.0,0,1,1,0,3,0,3,0,-11,6,6,5,1,14.0625,0.5625,0.0,0.0,20.25,20.25,14.0625,0.5625,1
467,Thomas Bryant,Miami Heat,C,70,132,24,43,496.9,19,21,725.0,3,13,200.0,9,32,41,8,16,2,1,7,16,119,111,78,49,186.05486968449932,73.04938271604938,9.890260631001372,4.3086419753086425,383.0493827160494,344.923182441701,226.19753086419752,80.92318244170096,10
468,Tim Hardaway Jr.,Dallas Mavericks,SF,74,179,25,76,266.1,9,14,350.0,15,49,248.9,2,16,18,16,5,5,5,0,28,108,92,90,34,536.3796646836128,75.34451054624121,12.47809626825311,29.799351000540835,992.2823147647375,893.5640886965928,616.613304488913,106.30719307733911,10
469,Tobias Harris,Philadelphia 76ers,PF,174,357,72,153,437.8,15,22,493.3,15,46,287.5,13,65,78,29,13,13,13,6,-6,281,252,203,107,738.5433673469388,135.46173469387753,13.887755102040817,23.125,1150.1734693877552,1040.1224489795918,816.9005102040816,181.0433673469388,10
470,Torrey Craig,Chicago Bulls,SF,67,201,24,52,406.3,2,4,100.0,17,38,377.1,7,23,30,13,18,4,8,4,-57,110,97,80,43,171.125,32.244140625,10.7890625,16.166015625,339.384765625,319.087890625,200.6015625,33.853515625,10
471,Tosan Evbuomwan,Detroit Pistons,F,60,198,22,47,533.3,9,14,241.7,7,21,323.3,11,26,37,8,14,2,6,2,-89,105,97,68,45,215.87901701323253,146.11531190926274,10.374291115311907,6.2589792060491485,515.257088846881,479.25330812854446,203.30056710775048,205.0718336483932,10
472,Toumani Camara,Portland Trail Blazers,F,83,289,31,63,485.0,12,13,450.0,9,25,328.3,23,26,49,24,24,7,9,6,-24,156,132,107,73,257.66722199083716,76.41940857975844,32.34319033735943,4.970012494793836,682.7330279050395,541.0712203248647,375.09246147438563,132.99916701374428,10
473,Trae Young,Atlanta Hawks,PG,235,370,76,173,432.4,45,55,813.4,38,93,399.0,2,18,20,109,22,11,45,2,-38,364,255,344,129,758.2361111111111,12.069444444444445,83.0,45.06944444444444,786.5,622.5,926.4027777777778,90.90277777777777,10
474,Trayce JacksonDavis,Golden State Warriors,F,114,239,51,65,797.1,12,26,495.0,0,0,0.0,24,43,67,18,19,7,7,19,4,199,181,132,85,153.98487712665403,74.5,26.053875236294896,0.0,395.38941398865785,328.74574669187143,202.7155009451796,118.46691871455575,10
475,Tre Jones,San Antonio Spurs,PG,110,295,41,75,565.5,17,19,558.3,11,26,237.1,8,35,43,75,11,12,14,0,9,228,153,185,118,509.52082206598163,27.14494321254732,64.35100054083289,25.519199567333697,419.2752839372634,469.14818820984317,433.8664142779881,117.27744726879394,10
476,Tre Mann,Charlotte Hornets,PG,121,319,48,103,473.6,13,22,357.1,12,38,275.0,7,41,48,48,14,17,13,0,-78,217,169,169,96,202.22704081632654,26.15561224489796,54.775510204081634,7.971938775510204,352.98979591836735,314.5,257.9005102040816,63.74744897959184,10
477,Trendon Watford,Brooklyn Nets,PF,63,128,20,48,431.4,19,21,535.7,4,10,200.0,10,17,27,2,17,2,9,4,-52,92,90,65,29,282.22130394857663,53.35078053259871,1.8677685950413223,4.6483011937557395,421.921028466483,404.99540863177225,308.7337006427915,45.631772268135904,10
478,Trent Forrest,Atlanta Hawks,G,29,135,13,26,448.3,3,4,150.0,0,2,0.0,3,12,15,35,7,3,4,1,0,79,44,64,50,50.569204152249135,12.63840830449827,71.96020761245674,0.0,147.69723183391005,59.97923875432526,134.67128027681662,88.21453287197232,10
479,Trevelin Queen,Orlando Magic,SG,0,13,0,3,0.0,0,0,0.0,0,2,0.0,0,1,1,1,1,0,0,0,-17,2,1,1,2,0.0,0.5555555555555556,0.5555555555555556,0.0,0.22222222222222227,0.5555555555555556,0.5555555555555556,0.22222222222222227,2
480,Trey Jemison,Memphis Grizzlies,C,80,228,36,57,561.0,8,10,400.0,0,0,0.0,24,27,51,11,32,3,15,9,4,142,131,91,62,475.28894173602845,22.709869203329372,7.014268727705113,0.0,547.2033293697979,609.8370986920334,416.1747919143877,26.204518430439958,10
481,Trey Lyles,Sacramento Kings,PF,53,186,18,46,392.9,12,16,625.0,5,22,236.7,11,28,39,8,19,0,7,3,1,100,92,61,47,103.99173553719008,15.06198347107438,7.640495867768594,7.148760330578514,183.88429752066114,131.55785123966942,140.88016528925618,38.14049586776859,10
482,Trey Murphy III,New Orleans Pelicans,SG,170,303,55,122,437.1,25,30,810.7,35,88,374.2,8,48,56,26,8,5,10,6,72,252,226,196,82,716.2088846880907,55.55009451795841,19.150283553875237,80.20510396975425,762.4877126654065,810.6512287334593,657.3875236294897,85.35822306238184,10
483,Tristan Thompson,Cleveland Cavaliers,C,18,63,8,13,258.4,2,6,100.0,0,0,0.0,10,13,23,6,8,3,4,3,-11,47,41,24,29,25.555555555555557,9.358024691358025,0.802469135802469,0.0,37.22222222222222,40.839506172839506,23.098765432098766,9.0,5
484,Troy Brown Jr.,Detroit Pistons,SF,43,147,15,45,321.6,6,7,180.0,7,27,189.89999999999998,3,25,28,11,7,1,5,0,-52,82,71,54,39,77.125,32.18402777777778,8.934027777777779,6.236111111111111,222.06944444444446,170.10069444444446,120.10069444444444,50.1111111111111,10
485,TyTy Washington Jr.,Milwaukee Bucks,G,0,8,0,2,0.0,0,0,0.0,0,1,0.0,0,0,0,1,0,0,0,0,-4,1,0,1,1,0.0,0.0,0.44444444444444453,0.0,0.44444444444444453,0.0,0.44444444444444453,0.44444444444444453,1
486,Tyler Herro,Miami Heat,PG,183,325,71,166,433.4,10,13,333.4,31,80,406.0,3,46,49,50,11,0,13,1,35,282,232,233,99,148.11111111111111,40.94444444444444,28.069444444444443,12.944444444444445,309.7361111111111,207.61111111111111,206.125,113.125,10
487,Tyrese Haliburton,Indiana Pacers,PG,183,339,70,149,472.4,25,28,605.0,18,70,264.09999999999997,3,44,47,104,15,16,26,9,60,334,230,287,151,190.32412886259036,37.365548980933596,86.8980933596318,9.694937541091386,292.0,154.07758053911897,369.62195923734384,82.88823142669293,10
488,Tyrese Maxey,Philadelphia 76ers,PG,253,373,90,205,436.6,45,49,800.0,28,79,343.3,5,26,31,51,20,10,15,4,1,335,284,304,82,630.0874424720579,51.23142669296516,42.20710059171598,26.578566732412888,957.5391190006575,916.7324128862591,627.7777777777777,136.5548980933596,10
489,Tyus Jones,Washington Wizards,PG,91,313,36,84,402.0,4,4,300.0,15,43,360.8,3,22,25,97,4,9,13,2,-70,213,116,188,122,345.04336734693874,43.53316326530612,160.5,20.959183673469386,776.265306122449,542.0510204081633,542.9719387755102,240.3188775510204,10
490,Udoka Azubuike,Phoenix Suns,C,2,11,1,3,33.3,0,2,0.0,0,0,0.0,2,4,6,0,1,0,0,0,-3,8,8,2,6,1.7777777777777781,13.444444444444443,0.0,0.0,25.0,25.0,1.7777777777777781,13.444444444444443,1
491,Vasilije Micic,Charlotte Hornets,G,155,312,59,116,516.1,24,27,844.5,13,39,280.0,7,20,27,52,14,9,30,3,-71,234,182,207,79,443.41683103221567,40.77777777777777,71.43852728468113,24.718606180144644,578.3497698882313,472.9467455621301,501.8284023668639,159.2077580539119,10
492,Victor Wembanyama,San Antonio Spurs,C,215,311,76,163,466.70000000000005,42,58,702.8,21,62,357.6,27,89,116,46,23,10,41,42,37,377,331,261,162,774.3367346938776,94.48979591836735,31.11111111111111,20.98979591836735,1531.3798185941043,1274.7448979591836,987.7335600907029,168.8390022675737,10
493,Vince Williams Jr.,Memphis Grizzlies,G,127,336,42,92,459.70000000000005,30,38,723.3,13,34,328.8,8,54,62,61,30,12,34,9,-54,250,189,188,123,231.93628808864267,72.8808864265928,35.61495844875347,18.00831024930748,492.2326869806094,474.07479224376726,226.76454293628805,131.82548476454295,10
494,Vit Krejci,Atlanta Hawks,G,49,223,18,40,355.2,4,5,150.0,9,25,253.3,2,11,13,24,20,6,6,4,32,86,62,73,37,79.71105826397147,10.231866825208085,13.607609988109392,7.175980975029727,112.40428061831153,107.60047562425683,77.0,31.35434007134364,8
495,Walker Kessler,Utah Jazz,C,81,254,36,52,752.5,9,12,400.0,0,0,0.0,31,65,96,12,17,2,11,15,-98,189,177,93,108,158.53497164461248,53.0812854442344,5.648393194706994,0.0,233.57466918714556,231.02646502835535,162.3459357277883,57.46691871455577,10
496,Wendell Carter Jr.,Orlando Magic,C,109,265,40,80,502.6,18,26,516.7,11,36,306.7,29,56,85,24,16,9,16,7,26,218,194,133,109,203.8,107.525,8.625,7.0,327.70000000000005,327.02500000000003,230.125,90.49999999999999,10
497,Wendell Moore Jr.,Minnesota Timberwolves,G,2,5,1,1,100.0,0,0,0.0,0,0,0.0,0,2,2,0,1,0,0,0,8,4,4,2,2,2.777777777777778,3.0625,0.006944444444444444,0.0,11.111111111111112,11.67361111111111,2.506944444444444,2.777777777777778,1
498,Wenyen Gabriel,Memphis Grizzlies,F,17,81,8,22,168.3,0,5,0.0,1,6,50.0,7,18,25,3,10,2,8,2,-16,45,42,20,28,59.72702331961591,43.6159122085048,4.060356652949245,0.879286694101509,182.2098765432099,171.6858710562414,60.574759945130324,57.352537722908096,5
499,Wesley Matthews,Atlanta Hawks,SG,48,121,16,34,542.6,2,3,100.0,14,24,615.0,0,16,16,5,9,4,0,6,-24,69,64,53,21,108.5,28.944444444444443,8.899999999999999,6.5,197.6111111111111,194.44444444444443,120.6,28.91111111111111,10
500,Xavier Moon,LA Clippers,G,2,11,1,6,33.3,0,0,0.0,0,2,0.0,1,1,2,0,1,1,1,0,-20,4,4,2,2,3.224952741020794,2.3780718336483933,0.18525519848771269,0.0,0.8506616257088842,0.24196597353497193,4.362948960302457,2.0340264650283557,2
501,Xavier Tillman,Boston Celtics,F,36,168,15,30,485.0,3,4,150.0,3,15,183.3,10,26,36,10,9,5,3,4,38,82,72,46,46,56.05202913631634,32.72632674297606,6.010405827263267,2.213319458896982,109.43600416233087,119.0468262226847,54.32466181061395,30.85327783558793,10
502,Yuta Watanabe,Memphis Grizzlies,SF,22,97,10,24,250.0,0,2,0.0,2,12,64.3,0,11,11,5,6,5,4,0,-36,38,33,27,16,115.08000000000001,11.27,3.75,1.4800000000000004,136.28,131.43,116.23000000000002,18.72,7
503,Zach Collins,San Antonio Spurs,PF,99,185,38,75,507.6,16,22,525.0,7,12,466.7,16,33,49,16,32,6,19,10,-52,164,148,115,65,245.49382716049382,67.58179012345678,14.944444444444445,6.236111111111111,467.625,374.73611111111114,306.40123456790127,114.50771604938271,10
504,Zeke Nnaji,Denver Nuggets,PF,18,100,6,17,350.0,6,8,300.0,0,2,0.0,7,10,17,4,10,2,2,10,-19,39,35,22,21,50.40625,16.277777777777775,7.350694444444445,0.0,130.125,94.18402777777779,73.06944444444443,36.90625,10
505,Ziaire Williams,Memphis Grizzlies,F,103,270,39,94,389.0,13,16,421.4,12,46,213.7,6,38,44,20,15,12,15,0,-39,167,147,123,64,552.1,32.4,24.0,17.599999999999998,788.1,632.1,714.1,50.4,10
506,Zion Williamson,New Orleans Pelicans,PF,247,324,96,150,621.9,55,71,725.9,0,1,0.0,20,58,78,44,21,13,30,11,83,369,325,291,122,840.4669421487603,51.140495867768585,50.550619834710744,0.005165289256198347,963.2985537190082,1000.1033057851241,826.9183884297521,78.43491735537192,10
