,First Last Name,team,position,points,minutes,fgm,fga,fgp,ftm,fta,ftp,tpm,tpa,tpp,offReb,defReb,totReb,assists,pFouls,steals,turnovers,blocks,plusMinus,Points_Rebounds_Assist,Points_Rebounds,Points_Assist,Rebounds_Assist,points_deviation,totReb_deviation,assists_deviation,tpm_deviation,Points_Rebounds_Assist_deviation,Points_Rebounds_deviation,Points_Assist_deviation,Rebounds_Assist_deviation,count
0,A. Flagler,Oklahoma City Thunder,F,0,6,0,3,0.0,0,0,0.0,0,3,0.0,0,0,0,1,0,0,0,0,0,1,0,1,1,0.0,0.0,0.0,0.0,0.0,0.0,0.0,0.0,1
1,A.J. Green,Milwaukee Bucks,G,54,147,17,42,404.8,7,8,266.7,13,35,339.3,2,14,16,6,9,3,3,1,25,76,70,60,22,256.93100189035914,18.5,9.550094517958414,24.5,378.835538752363,374.17013232514176,260.1181474480152,29.52835538752363,10
2,A.J. Lawson,Dallas Mavericks,G,26,47,11,24,323.3,2,6,100.0,2,8,100.0,2,7,9,3,5,1,0,1,2,38,35,29,12,39.75858480749219,7.929240374609782,2.3423517169614985,1.7710718002081167,59.0,51.72944849115504,43.380853277835584,13.919875130072842,7
3,Aaron Gordon,Denver Nuggets,PF,138,314,54,96,649.8,25,37,646.7,5,17,158.3,24,39,63,44,22,3,17,4,53,245,201,182,107,232.70274118903524,115.99964400142399,51.7123531505874,4.5222499110003564,376.1456034175863,518.7970808116768,137.60911356354575,120.15414738341047,10
4,Aaron Holiday,Houston Rockets,G,54,144,18,48,303.1,12,12,400.0,6,22,228.3,4,8,12,21,14,5,3,1,21,87,66,75,33,249.66468489892983,11.809750297265161,33.27288941736028,9.384661117717004,426.29072532699166,341.2104637336504,332.5856123662307,47.24197384066587,10
5,Aaron Nesmith,Indiana Pacers,SF,122,316,42,100,431.2,17,17,600.0,21,57,383.7,8,29,37,19,36,6,7,11,67,178,159,141,56,107.74778931180316,12.780084582852751,13.896578239138794,9.218377547097269,109.66935793925413,111.09381007304883,97.27681660899654,35.72318339100346,10
6,Aaron Wiggins,Oklahoma City Thunder,SG,70,164,28,44,605.8,6,9,180.0,8,15,275.0,9,13,22,13,4,6,11,5,-3,105,92,83,35,227.7647462277092,13.890260631001372,8.530178326474623,12.253086419753085,339.71604938271605,348.24211248285326,225.1454046639232,16.51371742112483,10
7,Admiral Schofield,Orlando Magic,SF,8,18,3,6,116.7,0,0,0.0,2,4,150.0,0,4,4,1,1,1,0,0,-20,13,12,9,5,16.56786703601108,1.0,0.7590027700831024,0.9335180055401662,24.825484764542935,20.515235457063714,19.193905817174517,3.4432132963988917,3
8,Al Horford,Boston Celtics,C,114,292,42,78,566.4,8,8,400.0,22,46,482.6,14,45,59,21,16,9,9,7,57,194,173,135,80,450.6061801446417,75.05785667324129,19.231426692965155,33.694937541091385,546.6692965154504,492.10322156476,506.5147928994083,92.94674556213018,10
9,Alec Burks,New York Knicks,SG,71,129,23,72,280.0,14,19,446.4,11,40,257.5,3,15,18,9,2,3,4,0,-8,98,89,80,27,291.6373966942149,21.038223140495866,3.264462809917355,9.09194214876033,498.97520661157023,450.1570247933885,330.61673553719004,34.14152892561983,10
10,Aleksej Pokusevski,Charlotte Hornets,F,66,196,24,55,507.9,12,16,466.7,6,22,283.3,11,30,41,19,9,11,9,6,-56,126,107,85,60,86.4734693877551,29.35918367346939,16.918367346938776,2.4081632653061225,223.06122448979593,173.0,122.51836734693877,60.29387755102041,10
11,Alex Caruso,Chicago Bulls,SG,121,317,42,91,432.5,11,16,375.0,26,56,464.2,8,37,45,49,26,17,16,4,-10,215,166,170,94,326.6103316326531,29.217474489795922,20.5,22.176020408163268,567.125,416.625,447.9674744897959,78.86033163265306,10
12,Alex Len,Sacramento Kings,C,35,106,12,17,516.7,11,13,525.0,0,0,0.0,8,16,24,10,15,2,3,11,24,69,59,45,34,68.5436098255607,22.564613741545035,18.227839088643645,0.0,156.97864008543968,120.93876824492702,96.97080811676753,48.40512637949448,10
13,Alondes Williams,Miami Heat,G,0,6,0,1,0.0,0,0,0.0,0,1,0.0,0,1,1,0,0,0,1,0,-2,1,1,0,1,4.0,0.6944444444444445,0.0,0.0,1.3611111111111107,1.3611111111111107,4.0,0.6944444444444445,1
14,Alperen Sengun,Houston Rockets,C,209,324,81,157,512.7,43,68,622.9,4,12,200.0,39,68,107,45,36,16,26,7,2,361,316,254,152,847.1723356009071,197.81632653061226,123.77551020408163,4.408163265306122,1935.0226757369614,1622.4580498866212,993.7777777777778,487.5510204081633,10
15,Amari Bailey,Charlotte Hornets,G,2,6,1,3,33.3,0,0,0.0,0,2,0.0,0,0,0,1,0,1,0,0,7,3,2,3,1,2.4930747922437675,0.0,0.5429362880886428,0.0,5.362880886426593,2.4930747922437675,5.362880886426593,0.5429362880886428,1
16,Amen Thompson,Houston Rockets,F,156,292,64,106,631.1,27,36,579.7,1,5,100.0,41,53,94,28,23,11,15,3,92,278,250,184,122,489.41338695777074,109.61907497845446,35.8758977305372,0.9103705831657569,961.7989083596667,875.2990519965526,495.4731399023269,225.93507612754954,10
17,Amir Coffey,LA Clippers,SG,66,234,24,53,457.5,4,5,250.0,14,34,376.7,4,18,22,16,14,5,7,2,-42,104,88,82,38,109.32275390625,27.64306640625,12.400390625,12.4765625,106.0,71.275390625,156.45556640625,27.63525390625,10
18,Andre Drummond,Chicago Bulls,C,90,165,32,57,573.9,26,36,684.2,0,0,0.0,28,61,89,7,13,5,7,6,20,186,179,97,96,162.0,63.90606420927468,8.19322235434007,0.0,353.4750297265161,288.87158145065393,210.26218787158146,88.44054696789536,10
19,Andre Jr. Jackson,Milwaukee Bucks,G,10,69,4,9,333.3,0,0,0.0,2,5,200.0,3,9,12,10,6,3,3,0,-10,32,22,20,22,13.598615916955021,6.3321799307958475,6.4498269896193765,1.6124567474048441,33.01038062283737,30.311418685121104,17.07958477508651,12.0,6
20,Andrew Nembhard,Indiana Pacers,PG,114,294,47,88,538.9,7,9,250.0,13,35,398.3,3,21,24,33,24,8,8,1,30,171,138,147,57,158.57777777777778,34.40277777777778,17.700000000000003,6.125,387.52500000000003,313.825,218.8111111111111,65.56944444444444,10
21,Andrew Wiggins,Golden State Warriors,SF,161,289,59,125,477.4,25,33,531.4,18,45,395.0,20,43,63,18,15,6,12,8,36,242,224,179,81,257.5041617122473,36.1718192627824,49.605826397146245,11.657550535077288,533.3935790725327,349.52021403091555,405.95778834720574,121.19738406658743,10
22,Anfernee Simons,Portland Trail Blazers,SG,234,361,80,177,436.7,36,39,757.1,38,94,405.4,4,33,37,64,19,7,30,1,-38,335,271,298,101,935.5240670632775,28.301243915630067,125.20497566252028,19.635478637101134,1764.6960519199567,1205.978907517577,1461.0362358031368,186.71119524067063,10
23,Anthony Black,Orlando Magic,G,44,174,15,42,382.6,6,13,183.3,8,19,275.0,6,19,25,8,9,6,8,2,0,77,69,52,33,107.5235457063712,67.90720221606648,3.6135734072022165,10.5,278.60110803324096,244.00692520775624,137.26454293628808,76.37396121883658,10
24,Anthony Davis,Los Angeles Lakers,PF,232,368,90,174,524.8000000000001,45,55,822.4,7,19,237.5,38,113,151,36,21,15,21,19,37,419,383,268,187,624.436,359.89599999999996,16.8,8.1,1734.5,1660.5,649.076,426.05600000000004,10
25,Anthony Edwards,Minnesota Timberwolves,SG,247,371,95,213,440.3,37,49,690.6,20,68,356.1,11,60,71,58,16,14,30,8,18,376,318,305,129,640.7531887755102,79.6938775510204,29.8469387755102,26.324617346938776,925.6001275510204,828.1358418367347,732.15625,115.60204081632654,10
26,Anthony Gill,Washington Wizards,PF,49,125,19,43,371.9,6,6,200.0,5,15,225.0,12,13,25,12,16,6,9,0,-4,86,74,61,37,196.3709829867675,45.584593572778836,17.589792060491494,4.465028355387524,505.83364839319466,397.725897920605,278.0836483931947,89.56947069943288,9
27,Ashton Hagans,Portland Trail Blazers,G,57,203,20,46,387.7,10,11,450.0,7,16,266.7,8,24,32,39,26,8,24,8,1,128,89,96,71,156.1009365244537,16.2996878251821,39.872008324661806,8.105098855359001,318.0,221.54942767950052,243.26742976066598,65.45577523413112,10
28,Ausar Thompson,Detroit Pistons,F,103,314,42,87,508.0,11,25,325.0,8,29,195.3,15,44,59,21,26,17,14,11,-6,183,162,124,80,121.7,31.399999999999995,24.125,8.5,347.72499999999997,237.7,200.02499999999998,87.225,10
29,Austin Reaves,Los Angeles Lakers,SG,185,361,62,133,456.9,38,45,850.0,23,67,301.2,7,59,66,62,16,4,23,5,40,313,251,247,128,406.04155124653744,150.71591258848875,68.01415820252384,38.3548784241305,974.7482302246846,787.5386272699292,564.5210834102801,247.46014158202524,10
30,Ayo Dosunmu,Chicago Bulls,SG,187,366,73,138,514.5,22,24,650.0,19,48,348.7,7,25,32,48,25,8,17,5,-57,267,219,235,80,828.4340071343639,35.25564803804994,65.6629013079667,26.445303210463734,898.7045184304399,720.3769322235435,1010.6070154577883,97.0731272294887,10
31,Bam Adebayo,Miami Heat,C,172,322,72,126,571.7,19,34,574.9,9,14,550.0,29,96,125,38,15,15,17,11,0,335,297,210,163,288.66972094960437,93.1216159933361,49.64264889629321,5.6147438567263634,487.15077051228656,370.46022490628906,416.01416076634735,132.1103706788838,10
32,Ben Sheppard,Indiana Pacers,G,50,186,19,49,365.0,6,6,300.0,6,32,186.6,2,15,17,14,17,5,3,0,26,81,67,64,31,108.11080332409972,20.111111111111107,14.986149584487535,2.986149584487534,195.1895967990151,158.15173899661434,154.5872576177285,25.658664204370574,10
33,Ben Simmons,Brooklyn Nets,PG,53,168,24,38,521.1,5,11,150.0,0,0,0.0,15,39,54,46,20,9,12,4,-5,153,107,99,100,134.88888888888889,64.0,78.88888888888889,0.0,382.0,162.8888888888889,300.0,196.88888888888889,9
34,Bennedict Mathurin,Indiana Pacers,SG,139,275,44,115,340.3,35,45,614.5,16,44,245.0,10,33,43,23,24,7,17,4,-18,205,182,162,66,753.4765625,123.6015625,38.125,30.4140625,1418.90625,1097.65625,970.9140625,265.5390625,10
35,Bilal Coulibaly,Washington Wizards,SG,90,289,30,76,451.5,19,27,633.3,11,39,238.3,9,30,39,18,22,12,8,7,-98,147,129,108,57,127.37777777777777,38.5,16.0,13.177777777777775,337.8777777777778,291.7444444444444,166.31111111111107,61.699999999999996,10
36,Bismack Biyombo,Oklahoma City Thunder,C,4,36,1,4,33.3,2,4,100.0,0,0,0.0,3,2,5,2,6,1,4,1,3,11,9,6,7,5.888888888888889,5.25,1.4722222222222223,0.0,34.0,21.47222222222222,13.25,11.888888888888891,5
37,Blake Wesley,San Antonio Spurs,G,44,145,15,37,382.4,11,14,475.0,3,9,150.0,4,17,21,21,11,4,6,2,-15,86,65,65,42,138.40277777777777,19.444444444444443,22.925,4.111111111111112,228.8,151.125,214.3777777777778,44.06944444444444,10
38,Boban Marjanovic,Houston Rockets,C,3,7,1,1,100.0,1,2,50.0,0,0,0.0,0,3,3,0,0,0,1,0,-3,6,6,3,3,1.41015625,5.0625,0.0,0.0,11.81640625,11.81640625,1.41015625,5.0625,1
39,Bobby Portis,Milwaukee Bucks,F,140,248,60,118,498.9,9,13,375.0,11,22,333.4,18,62,80,10,22,11,14,3,19,230,220,150,90,551.6460459183673,123.03316326530613,6.625,23.56122448979592,888.1358418367347,932.9929846938776,537.1817602040817,99.26530612244898,10
40,Bogdan Bogdanovic,Atlanta Hawks,SG,189,345,68,155,434.4,19,22,356.7,34,82,429.6,13,33,46,45,22,12,15,1,31,280,235,234,91,724.9922711058264,68.37871581450655,51.02140309155767,25.865041617122472,1020.1854934601665,981.934601664685,743.2609988109394,139.38228299643282,10
41,Bojan Bogdanovic,New York Knicks,SF,69,165,27,69,344.1,4,5,150.0,11,33,278.6,3,11,14,10,10,0,17,0,4,93,83,79,24,383.27160493827154,14.120713305898493,6.771604938271604,17.904663923182444,447.2873799725652,403.75445816186556,424.5,23.196844993141287,10
42,Bol Bol,Phoenix Suns,C,51,115,18,30,456.7,6,7,275.0,9,15,400.0,5,23,28,5,9,0,4,6,-2,84,79,56,33,221.55179779280883,18.51192595229619,4.508009967960128,8.910288358846564,362.0,341.6023495906016,237.6440014239943,27.325382698469205,10
43,Bones Hyland,LA Clippers,PG,65,161,24,62,368.1,4,6,200.0,13,36,313.8,1,16,17,31,15,10,14,1,0,113,82,96,48,330.905325443787,17.84681130834977,89.00657462195925,20.91715976331361,893.3905325443786,485.29257067718606,668.5667324128863,177.28994082840237,10
44,Bradley Beal,Phoenix Suns,SG,140,337,56,114,479.5,12,14,433.3,16,42,348.1,10,31,41,66,16,10,25,7,14,247,181,206,107,352.0,20.920661157024792,66.48264462809917,8.482644628099173,281.0297520661157,330.0115702479339,330.300826446281,60.120661157024784,10
45,Brandin Podziemski,Golden State Warriors,G,68,261,27,66,392.5,4,6,250.0,10,29,243.3,18,38,56,26,17,10,10,2,24,150,124,94,82,194.38591776404192,64.63746304756786,33.006181134103734,14.067186240257993,489.24375167965604,399.5554958344531,273.1824778285407,108.5353399623757,10
46,Brandon Boston Jr.,LA Clippers,SG,59,135,24,55,462.1,7,14,350.0,4,15,150.0,5,14,19,3,15,3,4,6,-17,81,78,62,22,129.24251278305331,26.39371804236669,2.2227903579254926,4.423666910153397,236.43024105186268,201.31775018261504,150.89846603360118,42.07304601899197,10
47,Brandon Clarke,Memphis Grizzlies,PF,19,41,9,16,109.6,1,3,50.0,0,2,0.0,3,6,9,4,3,2,0,1,9,32,28,23,13,29.0,0.5918367346938778,2.36734693877551,0.0,37.87755102040816,21.306122448979593,47.93877551020408,0.5918367346938778,2
48,Brandon Ingram,New Orleans Pelicans,SF,180,306,68,138,496.2,36,43,724.5,8,27,260.0,6,50,56,54,24,6,19,7,49,290,236,234,110,670.2437673130194,25.364265927977836,44.40443213296399,6.5318559556786715,720.3393351800554,826.6662049861496,558.8476454293628,74.83795013850416,10
49,Brandon Miller,Charlotte Hornets,F,173,322,64,156,404.0,18,25,505.0,27,80,302.3,8,39,47,26,21,8,14,6,-94,246,220,199,73,535.6543253826984,44.15984336062656,39.658241367034535,30.44891420434318,861.0437878248487,833.684585261659,556.8647205411179,89.96689213243147,10
50,Brandon Williams,Dallas Mavericks,G,7,24,2,9,83.3,3,4,100.0,0,2,0.0,1,1,2,4,1,0,1,0,-12,13,9,11,6,18.22448979591837,3.183673469387756,4.081632653061224,0.0,30.46938775510204,15.448979591836734,29.0,11.510204081632653,4
51,Braxton Key,Denver Nuggets,F,2,6,1,1,100.0,0,1,0.0,0,0,0.0,1,1,2,0,1,0,0,0,2,4,4,2,2,0.3402777777777777,0.6944444444444443,0.17361111111111113,0.17361111111111113,1.0,2.006944444444444,0.027777777777777804,0.17361111111111116,1
52,Brice Sensabaugh,Utah Jazz,F,62,214,23,77,294.4,11,13,330.0,5,42,153.3,5,37,42,28,12,4,18,2,-76,132,104,90,70,261.2901234567901,48.81207133058985,26.137174211248286,4.668038408779149,301.54252400548694,292.4396433470508,248.08573388203018,97.25651577503429,10
53,Brook Lopez,Milwaukee Bucks,C,111,287,38,71,547.3,16,18,533.4,19,44,465.0,11,37,48,17,25,4,14,14,1,176,159,128,65,178.47739409042364,27.863296546813814,28.381986472054113,15.627981488074047,311.01744393022426,230.6817372730509,247.46813812744747,67.59024563901744,10
54,Bruce Brown,Toronto Raptors,SF,101,276,40,84,471.3,15,20,483.3,6,16,300.0,8,28,36,34,16,6,21,1,-101,171,137,135,70,160.77184246265278,80.78315980081486,33.26210955183341,4.406518786781349,501.85015844273426,347.8284291534631,284.4440923494794,144.3947487550928,10
55,Bruno Fernando,Atlanta Hawks,PF,86,197,36,55,658.0,14,20,441.7,0,1,0.0,21,41,62,16,32,11,16,10,-2,164,148,102,78,384.66446280991727,57.64958677685951,7.471074380165289,0.0,395.4710743801653,399.4842975206612,392.8859504132232,52.88595041322315,10
56,Bryce McGowens,Charlotte Hornets,G,54,155,18,37,330.8,13,18,441.7,5,15,180.0,3,21,24,8,15,7,4,3,-10,86,78,62,32,245.47069943289227,34.113421550094515,5.965973534971644,7.29867674858223,439.4177693761814,418.8657844990548,265.062381852552,41.03969754253308,10
57,Buddy Boeheim,Detroit Pistons,F,19,40,6,14,83.3,2,2,100.0,5,13,76.19999999999999,0,6,6,3,3,0,0,1,12,28,25,22,9,69.39909297052154,4.081632653061225,6.224489795918369,4.183673469387755,150.6848072562358,100.55555555555559,114.22222222222224,15.612244897959185,2
58,Buddy Hield,Philadelphia 76ers,SG,99,216,39,86,453.7,4,4,300.0,17,53,347.4,10,16,26,18,17,3,7,5,-32,143,125,117,44,120.30108339632149,26.6132527084908,15.753086419753089,11.308390022675734,201.36835474930714,162.2607709750567,139.1264802217183,62.64852607709751,10
59,CJ McCollum,New Orleans Pelicans,SG,208,351,80,177,449.9,12,13,375.0,36,90,376.0,2,35,37,52,16,8,15,3,42,297,245,260,89,506.039069232979,41.33093938523413,44.50502729100833,34.41654696926171,862.3496121804079,555.7239299051996,811.2467681700662,87.2539500143637,10
60,Cade Cunningham,Detroit Pistons,PG,237,317,89,212,416.7,41,45,809.7,18,59,272.1,9,45,54,78,17,9,32,2,-25,369,291,315,132,643.8526077097506,53.10204081632653,65.35600907029477,15.719954648526075,900.3151927437642,767.3628117913831,703.4580498866214,191.80498866213154,10
61,Caleb Houstan,Orlando Magic,G,46,161,15,36,368.3,2,2,100.0,14,34,360.0,6,10,16,4,15,3,2,2,26,66,62,50,20,98.78670360110804,30.65927977839335,2.8656509695290855,10.986149584487535,206.23407202216066,184.1994459833795,108.80470914127424,45.541551246537395,10
62,Caleb Martin,Miami Heat,SF,89,266,33,89,361.1,12,14,575.0,11,43,320.0,13,33,46,25,10,10,11,3,-10,160,135,114,71,249.20790316838733,48.67568529725881,41.85368458526166,8.925952296190815,583.2851548593807,404.50088999644,394.77038091847635,123.75115699537201,10
63,Cam Reddish,Los Angeles Lakers,SF,30,155,9,28,213.3,6,12,141.7,6,17,216.6,7,6,13,1,8,5,2,6,-16,44,43,31,14,118.62244897959185,20.7984693877551,0.941326530612245,4.989795918367347,120.20408163265307,108.32908163265304,132.75765306122446,19.4795918367347,10
64,Cam Thomas,Brooklyn Nets,SG,265,360,95,200,470.3,50,56,877.4,25,67,338.6,7,44,51,40,23,6,21,1,3,356,316,305,91,348.9765625,68.5,24.00434027777778,34.79600694444444,359.77777777777766,268.7265625,446.2777777777778,86.25434027777777,10
65,Cam Whitmore,Houston Rockets,F,126,203,48,111,415.2,17,26,385.0,13,50,239.8,14,31,45,5,11,5,15,5,3,176,171,131,50,215.05817174515238,60.56232686980609,2.673130193905817,12.290858725761774,347.16343490304706,345.24376731301936,225.77008310249312,54.44321329639889,10
66,Cameron Johnson,Brooklyn Nets,SF,155,273,49,102,478.1,27,32,791.7,30,67,441.3,7,31,38,21,14,10,13,1,2,214,193,176,59,438.8213296398892,44.260387811634345,15.087257617728532,29.77285318559556,603.5013850415513,477.3642659279779,547.1468144044321,77.15927977839334,10
67,Cameron Payne,Philadelphia 76ers,PG,92,178,35,85,472.29999999999995,5,6,175.0,17,42,363.3,3,11,14,31,17,5,14,4,-33,137,106,123,45,324.3859177640419,22.70196183821553,21.780435366836873,20.220639613007258,498.7382424079549,455.0835796828809,355.8718086535877,56.65116904058049,10
68,Caris LeVert,Cleveland Cavaliers,SG,114,320,41,109,344.8,22,30,390.2,10,47,193.3,8,40,48,79,21,14,23,7,0,241,162,193,127,580.4528925619834,29.86776859504132,99.3305785123967,8.003305785123967,1118.2297520661157,724.1586776859505,915.9190082644628,187.80330578512394,10
69,Cason Wallace,Oklahoma City Thunder,G,89,232,35,69,505.3,2,4,100.0,17,35,466.0,7,19,26,18,19,11,8,5,19,133,115,107,44,393.56944444444446,10.677777777777777,24.602777777777778,26.27777777777778,538.5999999999999,444.1694444444445,484.54444444444437,38.736111111111114,10
70,Cedi Osman,San Antonio Spurs,SF,48,150,19,39,432.1,1,2,50.0,9,23,266.6,3,25,28,12,17,4,3,2,-33,88,76,60,40,112.56582840236688,40.38831360946745,32.09763313609467,11.994082840236686,293.6360946745562,189.46745562130178,177.18713017751477,112.03328402366861,10
71,Charlie Brown Jr.,New York Knicks,G,3,27,1,5,20.0,0,0,0.0,1,3,33.3,1,1,2,0,4,0,0,1,-6,5,5,3,2,6.12,2.7200000000000006,0.0,0.6800000000000002,17.0,17.0,6.12,2.7200000000000006,2
72,Chet Holmgren,Oklahoma City Thunder,PF,153,283,56,111,457.7,30,33,633.3,11,39,253.4,13,75,88,16,20,6,14,18,91,257,241,169,104,806.8111111111111,94.06944444444444,15.402777777777777,11.525,1405.611111111111,1302.125,884.525,135.24444444444447,10
73,Chimezie Metu,Detroit Pistons,PF,46,155,17,40,268.0,11,12,387.5,1,14,33.3,5,22,27,13,18,8,9,4,-28,86,73,59,40,138.45999999999998,30.306666666666665,7.500000000000002,0.8333333333333335,295.76,262.1933333333333,167.56,42.27333333333333,6
74,Chimezie Metu,Phoenix Suns,PF,6,29,3,5,150.0,0,0,0.0,0,0,0.0,2,9,11,2,2,2,3,0,-7,19,17,8,13,66.96333333333334,19.32,4.749999999999999,0.08333333333333333,155.08,106.69666666666667,106.74666666666668,32.67,3
75,Chris Boucher,Toronto Raptors,PF,69,120,25,35,573.3,15,18,500.0,4,12,216.7,13,27,40,5,11,1,9,5,7,114,109,74,45,142.20987654320987,47.580246913580254,5.913580246913581,4.0246913580246915,410.0,329.0246913580247,192.69135802469134,83.98765432098766,8
76,Chris Duarte,Sacramento Kings,SG,57,131,20,48,444.2,5,6,250.0,12,32,422.7,7,16,23,7,10,4,3,3,-29,87,80,64,30,138.2,42.196,8.296,5.9239999999999995,342.324,277.71599999999995,177.216,76.08399999999999,10
77,Chris Livingston,Milwaukee Bucks,F,0,6,0,2,0.0,0,0,0.0,0,2,0.0,0,1,1,1,4,0,1,0,-10,2,1,1,2,1.0,0.390625,0.765625,0.0,0.25,0.140625,0.015625,2.25,1
78,Chris Paul,Golden State Warriors,PG,95,245,42,86,457.8,1,2,50.0,10,26,340.0,6,43,49,64,24,4,14,0,-6,208,144,159,113,270.1770031688547,41.57311000452694,96.50430058850158,6.22181982797646,664.6192847442283,477.0203712086917,441.91987324581254,153.93345405160707,10
79,Christian Braun,Denver Nuggets,G,83,212,33,65,506.4,8,14,275.0,9,21,449.9,13,24,37,19,19,6,7,3,-22,139,120,102,56,319.6991676575505,36.63376932223543,31.68014268727705,3.151605231866825,709.2449464922711,474.6753864447087,508.15933412604045,114.42330558858501,10
80,Christian Wood,Los Angeles Lakers,F,59,133,22,51,477.0,11,14,450.0,4,19,225.0,6,28,34,6,12,5,5,2,-14,99,93,65,40,153.90277777777777,54.402777777777786,4.625,2.4444444444444446,305.125,285.0,156.7777777777778,76.27777777777777,10
81,Chuma Okeke,Orlando Magic,PF,2,40,0,6,0.0,2,2,100.0,0,5,0.0,0,5,5,2,2,2,3,0,-23,9,7,4,7,3.3816568047337277,3.0266272189349115,1.4526627218934913,0.008875739644970414,7.819526627218935,6.881656804733728,3.3491124260355027,5.449704142011834,6
82,Clint Capela,Atlanta Hawks,C,122,268,54,91,616.4,14,28,380.0,0,1,0.0,50,64,114,20,18,9,12,17,43,256,236,142,134,27.722576530612248,49.06122448979592,14.459183673469388,0.0,151.78890306122452,97.75318877551021,48.65625,96.62244897959184,10
83,Coby White,Chicago Bulls,PG,173,358,61,159,382.9,27,31,676.7,24,69,336.7,7,36,43,50,25,6,18,3,-27,266,216,223,93,200.1828512396694,24.33471074380165,83.49173553719008,28.4349173553719,408.77376033057857,280.70764462809916,328.66219008264466,107.41322314049587,10
84,Cody Martin,Charlotte Hornets,SF,69,285,28,76,367.2,6,7,250.0,7,30,228.2,6,44,50,42,15,11,20,7,-28,161,119,111,92,111.0,28.18685121107267,64.68512110726644,2.6816608996539792,183.02076124567472,112.9515570934256,173.33217993079583,100.60899653979239,10
85,Cody Zeller,New Orleans Pelicans,C,7,31,3,6,200.0,1,2,50.0,0,0,0.0,5,10,15,3,5,2,3,0,14,25,22,10,18,3.2091836734693877,5.25,3.494897959183673,0.0,19.08673469387755,12.673469387755102,6.408163265306122,11.959183673469386,5
86,Colby Jones,Sacramento Kings,G,6,25,3,10,116.6,0,0,0.0,0,2,0.0,3,4,7,5,4,0,1,0,-3,18,13,11,12,4.859504132231404,5.0,1.3471074380165287,0.0,24.223140495867774,16.950413223140494,9.31404958677686,9.16528925619835,4
87,Cole Anthony,Orlando Magic,PG,136,227,50,107,456.7,14,19,387.5,22,49,387.0,10,32,42,24,13,5,8,6,55,202,178,160,66,399.9515570934256,40.229911572472126,30.91733948481353,29.49480968858132,769.5078815840062,577.521722414456,552.39600153787,110.68896578239138,10
88,Cole Swider,Miami Heat,F,19,44,6,16,104.7,2,2,100.0,5,13,116.7,0,5,5,1,1,0,4,0,-18,25,24,20,6,147.3125,2.0,0.89453125,13.25,172.61328125,177.3125,142.61328125,2.89453125,5
89,Collin Gillespie,Denver Nuggets,G,53,125,19,43,306.4,4,7,200.0,11,25,283.3,0,15,15,18,12,7,9,0,24,86,68,71,33,228.31190926275997,13.102079395085067,39.088846880907376,14.198487712665408,384.6578449905482,264.0340264650283,321.23440453686203,79.8922495274102,8
90,Collin Sexton,Utah Jazz,PG,227,341,93,171,546.4,25,28,823.3,16,44,304.1,14,21,35,63,20,9,28,4,-68,325,262,290,98,99.125,40.40625,48.13525390625,24.8515625,193.47119140625,168.40625,141.93212890625,70.79931640625,10
91,Corey Kispert,Washington Wizards,SF,159,335,59,115,508.9,10,21,383.3,31,67,459.5,4,30,34,12,24,9,12,3,-54,205,193,171,46,276.71227887617067,100.42663891779397,11.8792924037461,20.300208116545267,499.75910509885534,489.02653485952135,260.5520291363163,139.19875130072842,10
92,Cory Joseph,Golden State Warriors,PG,27,71,10,16,316.7,0,0,0.0,7,11,316.7,2,9,11,6,6,0,1,0,9,44,38,33,17,31.2,10.8,2.8000000000000003,3.2,28.8,47.2,21.2,5.2,5
93,Craig Jr. Porter,Cleveland Cavaliers,G,64,136,27,52,425.3,5,6,300.0,5,12,175.0,6,17,23,24,4,3,8,2,-29,111,87,88,47,348.2248661511005,40.7441998810232,19.036287923854847,9.429506246281974,681.14753123141,560.6335514574657,454.32956573468164,74.18976799524093,10
94,D'Angelo Russell,Los Angeles Lakers,PG,195,361,65,156,389.7,28,30,800.0,37,84,400.6,7,29,36,71,21,9,23,4,24,302,231,266,107,1304.8062283737024,32.44444444444444,120.95847750865052,64.14186851211073,2272.384467512495,1612.3094963475587,1899.9792387543253,218.3048827374087,10
95,D.J. Carton,Toronto Raptors,G,8,31,2,7,83.3,3,4,150.0,1,4,50.0,2,1,3,3,1,1,1,0,-30,14,11,11,6,8.666666666666668,2.0,2.0,0.6666666666666667,8.666666666666666,2.6666666666666665,18.666666666666668,0.0,3
96,D.J. Wilson,Philadelphia 76ers,F,10,14,4,6,66.7,0,0,0.0,2,2,100.0,1,1,2,2,1,0,0,2,4,14,12,12,4,19.75308641975309,0.7901234567901234,0.7901234567901234,0.7901234567901234,38.71604938271605,28.444444444444443,28.444444444444443,3.1604938271604937,1
97,DaQuan Jeffries,New York Knicks,SG,0,7,0,2,0.0,0,0,0.0,0,2,0.0,0,0,0,3,0,0,1,0,7,3,0,3,3,0.8520710059171599,0.0,3.4082840236686396,0.09467455621301776,0.8520710059171595,0.8520710059171599,0.8520710059171595,3.4082840236686396,1
98,Daishen Nix,Minnesota Timberwolves,SG,5,5,2,3,66.7,0,0,0.0,1,2,50.0,0,0,0,0,1,1,0,0,6,5,5,5,0,9.0,0.0,0.08163265306122448,0.32653061224489793,7.367346938775511,9.0,7.367346938775511,0.08163265306122448,1
99,Dalano Banton,Portland Trail Blazers,G,181,327,69,165,425.7,21,22,875.0,22,68,349.5,10,42,52,35,15,12,31,5,-161,268,233,216,87,580.0717549045957,72.74334856221446,72.85541521096481,16.22090835796829,1205.6742811072293,798.8376780435368,966.7944101048106,165.71271163665685,10
100,Dalen Terry,Chicago Bulls,F,42,140,18,37,357.8,3,6,150.0,3,14,158.3,9,18,27,18,10,6,6,2,20,87,69,60,45,113.7039600153787,42.141868512110726,27.74778931180315,2.1526336024605923,288.17108804306037,216.91387927720103,146.00384467512495,108.84698193002691,10
101,Damian Jones,Cleveland Cavaliers,C,61,129,24,38,627.9,13,15,650.0,0,5,0.0,14,23,37,6,13,4,7,7,-25,104,98,67,43,157.48224852071007,70.0621301775148,4.5,0.0,282.2633136094675,278.22485207100596,156.1360946745562,79.94674556213018,10
102,Damian Lillard,Milwaukee Bucks,PG,238,369,82,186,434.9,38,43,888.0,36,90,399.3,4,43,47,90,21,6,20,3,36,375,285,328,137,692.7455621301775,14.977071005917157,92.83801775147928,33.1457100591716,1087.8609467455622,706.5273668639053,1085.1812130177516,96.7130177514793,10
103,Daniel Gafford,Dallas Mavericks,C,140,247,62,76,809.2,16,24,433.4,0,0,0.0,25,53,78,21,32,9,10,24,117,239,218,161,99,323.9011479591837,86.15561224489797,28.941326530612244,0.0,622.2582908163265,517.40625,422.65625,121.1938775510204,10
104,Daniel Theis,LA Clippers,C,44,135,19,38,427.5,3,3,200.0,3,8,200.0,11,21,32,12,18,1,7,9,14,88,76,56,44,135.03591682419662,26.27693761814745,9.965973534971644,4.183364839319471,226.83270321361056,198.32230623818526,160.36672967863893,39.42249527410208,10
105,Danilo Gallinari,Milwaukee Bucks,PF,28,105,9,23,350.0,9,10,275.0,1,11,100.0,3,6,9,9,7,2,3,1,-43,46,37,37,18,84.24417009602195,4.939643347050755,12.972565157750342,1.6310013717421123,98.74622770919068,99.64197530864199,81.65569272976681,19.60493827160494,10
106,Dante Exum,Dallas Mavericks,G,61,206,21,47,412.4,8,9,366.7,11,21,406.7,2,18,20,29,17,2,11,0,35,110,81,90,49,196.68698347107437,12.516528925619836,23.198347107438018,15.198347107438018,188.0051652892562,181.28202479338842,206.625,32.5,10
107,Danuel House Jr.,Philadelphia 76ers,SF,42,143,14,30,276.3,13,15,466.7,1,11,33.3,6,11,17,7,16,7,3,3,-26,66,59,49,24,42.0,11.714285714285715,8.0,0.8571428571428572,41.714285714285715,51.714285714285715,40.0,11.714285714285715,7
108,Dario Saric,Golden State Warriors,PF,28,107,12,33,298.3,2,3,100.0,2,17,83.3,6,15,21,18,5,0,13,0,-31,67,49,46,39,52.0,27.193877551020407,15.673469387755102,2.1224489795918364,146.1326530612245,98.90816326530613,72.53061224489795,69.56122448979592,10
109,Darius Garland,Cleveland Cavaliers,PG,173,342,66,151,442.3,14,18,775.0,27,77,312.8,8,29,37,77,20,8,26,1,5,287,210,250,114,421.1440443213296,31.232071406586645,113.44444444444444,55.199445983379505,620.8836565096954,418.95967990150814,588.7639273622653,178.98060941828257,10
110,David Roddy,Phoenix Suns,F,61,130,25,53,522.0,6,10,241.7,5,20,143.3,4,15,19,11,5,1,10,0,-72,91,80,72,30,430.95983379501394,53.087257617728525,19.321329639889196,9.192520775623269,841.0,667.7950138504156,585.4030470914128,91.17036011080333,10
111,Davion Mitchell,Sacramento Kings,PG,56,168,23,48,400.5,3,4,75.0,7,21,261.7,4,10,14,16,7,4,6,0,26,86,70,72,30,248.76222684703436,6.601456815816857,10.44588969823101,10.392299687825181,280.4037460978148,282.02341311134234,241.7502601456816,22.43964620187305,10
112,Davis Bertans,Charlotte Hornets,SF,67,224,20,67,271.7,11,12,450.0,16,54,282.1,2,15,17,11,13,10,9,3,-65,95,84,78,28,256.1111111111111,22.644444444444442,16.412345679012343,14.444444444444443,374.7975308641975,307.1111111111111,315.38271604938274,47.47160493827161,10
113,Day'Ron Sharpe,Brooklyn Nets,C,58,136,24,41,674.2,10,17,308.3,0,1,0.0,24,28,52,15,24,2,13,6,7,125,110,73,67,141.767995240928,175.93218322427126,16.620464009518145,0.05353955978584175,421.92207019631167,358.08566329565735,168.66448542534204,229.49256395002973,10
114,De'Aaron Fox,Sacramento Kings,PG,233,356,84,197,436.7,36,42,777.2,29,75,413.1,14,46,60,58,28,25,27,4,53,351,293,291,118,153.12500000000003,21.6,55.824999999999996,14.125000000000002,238.9,222.325,166.5,80.625,10
115,De'Andre Hunter,Atlanta Hawks,SF,170,317,61,138,436.6,24,28,790.0,24,66,345.8,7,31,38,17,20,6,12,3,31,225,208,187,55,384.24930747922434,129.6398891966759,8.207140658664205,28.50353955063096,679.5534010464759,710.0886426592798,366.78331794398275,124.7777777777778,10
116,De'Anthony Melton,Philadelphia 76ers,SG,23,43,7,20,75.0,4,4,200.0,5,14,75.0,0,5,5,5,3,2,1,1,-2,33,28,28,10,128.66666666666666,2.666666666666667,2.666666666666667,8.666666666666666,206.0,164.66666666666669,164.66666666666669,10.666666666666668,3
117,DeAndre Jordan,Denver Nuggets,C,45,102,20,33,678.5,5,5,300.0,0,0,0.0,16,29,45,5,14,1,3,5,-9,95,90,50,50,132.50342935528118,79.079561042524,9.491083676268861,0.0,387.79561042524006,312.6721536351166,175.11111111111111,121.08641975308642,10
118,DeJon Jarreau,Memphis Grizzlies,F,43,150,17,50,308.3,5,11,250.0,4,13,141.7,8,36,44,26,14,6,9,2,-24,113,87,69,70,74.72916666666666,83.9513888888889,43.666666666666664,4.222222222222222,314.47222222222223,146.0277777777778,153.5625,217.22916666666666,9
119,DeMar DeRozan,Chicago Bulls,SF,250,356,83,167,481.9,78,93,854.2,6,27,156.7,4,45,49,42,15,13,19,7,30,341,299,292,91,889.85790725327,55.417954815695595,59.460166468489895,4.599881093935791,1355.0142687277053,1299.2378121284185,954.7187871581451,105.79369797859691,10
120,Dean Wade,Cleveland Cavaliers,PF,46,178,15,35,260.2,5,7,216.7,11,31,233.4,4,27,31,7,8,3,1,9,-23,84,77,53,38,468.50000000000006,35.125,6.125,31.525000000000006,718.8,714.725,466.12499999999994,47.699999999999996,10
121,Deandre Ayton,Portland Trail Blazers,C,225,336,103,165,623.1,18,22,450.0,1,4,100.0,37,97,134,12,13,8,22,9,-47,371,359,237,146,650.7249999999999,241.02499999999998,3.9999999999999996,0.9000000000000001,1501.8000000000002,1557.0,610.125,230.42499999999995,10
122,Dejounte Murray,Atlanta Hawks,SG,277,384,105,233,464.8,25,32,648.9,42,111,384.6,8,48,56,95,19,24,33,4,8,428,333,372,151,877.5791439241598,44.40563056592933,101.35047400172364,38.38207411663315,717.3369721344443,970.3995978167194,586.2631427750648,184.00948003447286,10
123,Delon Wright,Miami Heat,SG,44,198,16,50,310.0,7,10,183.3,5,19,125.0,4,16,20,23,6,9,1,1,25,87,64,67,43,145.10113574905355,12.438074634937804,28.241752298539755,6.663601946998378,222.32179556517033,170.9659275283937,196.51974040021634,40.6170903190914,10
124,Deni Avdija,Washington Wizards,SF,178,358,69,139,508.5,29,43,678.7,11,38,270.8,22,78,100,37,24,9,24,3,-24,315,278,215,137,85.25736961451248,80.5,51.47959183673469,11.122448979591836,350.7675736961451,213.70975056689343,196.02947845804985,158.26530612244898,10
125,Dennis Schroder,Brooklyn Nets,PG,155,350,57,140,396.7,18,20,525.0,23,58,374.5,6,27,33,62,18,9,31,5,-40,250,188,217,95,376.8603316326531,32.31441326530612,39.869897959183675,30.544005102040813,568.7270408163265,465.1938775510205,488.0746173469388,64.50318877551021,10
126,Dennis Smith Jr.,Brooklyn Nets,PG,58,167,21,46,487.1,8,11,383.3,8,22,348.3,5,13,18,28,22,16,11,0,3,104,76,86,46,75.38271604938271,18.711111111111112,41.77777777777778,4.0,181.82716049382717,136.47901234567902,110.41975308641975,70.80000000000001,10
127,Dereck II Lively,Dallas Mavericks,C,96,195,46,61,730.4,4,11,150.0,0,0,0.0,17,45,62,9,18,4,6,10,12,167,158,105,71,321.8359017076218,61.660141607663476,9.17326114119117,0.0,587.3198667221991,510.75468554768844,393.7446897126198,75.48979591836735,10
128,Derrick Jones Jr.,Dallas Mavericks,SF,83,209,31,56,592.0,14,20,533.4,7,22,223.3,9,14,23,10,12,7,5,3,84,116,106,93,33,72.23456790123457,51.882716049382715,10.013717421124829,8.14951989026063,176.85939643347052,140.27777777777777,101.12894375857339,69.58367626886145,10
129,Derrick Rose,Memphis Grizzlies,PG,49,95,20,37,377.7,5,6,266.7,4,8,233.3,0,15,15,21,3,1,9,0,-9,85,64,70,36,70.0,14.857142857142858,12.0,3.7142857142857144,188.85714285714286,116.85714285714286,128.0,40.857142857142854,7
130,Derrick White,Boston Celtics,PG,176,358,63,137,477.8,17,19,555.6,33,82,371.09999999999997,10,51,61,65,21,9,14,12,89,302,237,241,126,245.38976912630147,51.679945676776825,72.75464010864644,46.21774558623812,510.1394296061566,363.50248981439563,336.39882299683114,180.06247170665458,10
131,Desmond Bane,Memphis Grizzlies,SG,93,165,30,80,183.4,19,21,366.7,14,40,172.9,2,14,16,34,14,5,13,2,-54,143,109,127,50,267.2,8.8,114.79999999999998,4.8,701.1999999999999,362.8,587.2,142.0,5
132,Devin Booker,Phoenix Suns,SG,241,347,91,189,476.2,41,46,882.1,18,64,244.7,14,42,56,71,32,4,22,6,14,368,297,312,127,483.6314049586777,42.561983471074385,82.83471074380165,31.05785123966942,511.9008264462809,556.2495867768596,384.88595041322316,179.79338842975207,10
133,Devin Vassell,San Antonio Spurs,SG,193,373,77,163,440.2,18,21,691.7,21,61,312.3,0,33,33,47,16,12,18,1,-43,273,226,240,80,804.1640333237576,26.536914679689744,52.370295891985066,24.902326917552426,1075.861821315714,846.0,1022.0356219477161,90.89744326343005,10
134,Devonte' Graham,San Antonio Spurs,PG,17,36,6,14,158.3,1,1,100.0,4,11,170.0,0,9,9,2,2,2,1,0,18,28,26,19,11,51.735537190082646,1.1239669421487604,4.495867768595041,2.8264462809917354,74.89256198347107,58.82644628099173,68.29752066115702,5.12396694214876,5
135,Dillon Brooks,Houston Rockets,SF,122,284,46,105,425.8,14,15,450.0,16,56,329.2,4,25,29,18,27,7,14,2,97,169,151,140,47,344.6590060327492,24.154840563056595,23.935076127549557,10.525136455041654,540.3427176098821,395.51939097960354,454.5854639471416,82.98678540649239,10
136,Domantas Sabonis,Sacramento Kings,PF,169,359,60,114,536.8,47,62,755.8,2,8,133.3,33,110,143,78,29,6,29,7,35,390,312,247,221,232.32778355879293,72.63943808532778,67.27835587929239,1.7133194588969825,296.01456815816846,378.0775234131114,157.16181061394383,133.02081165452654,10
137,Dominick Barlow,San Antonio Spurs,F,57,150,21,38,506.6,15,18,416.6,0,1,0.0,19,22,41,15,19,4,4,3,10,113,98,72,56,290.46020761245677,81.13667820069205,45.74567474048443,0.0,715.5397923875432,590.5,425.3581314878893,117.0242214532872,10
138,Donovan Mitchell,Cleveland Cavaliers,SG,213,341,65,155,410.6,48,55,812.8,35,83,413.6,3,42,45,52,22,14,30,6,-3,310,258,265,97,709.7040000000001,14.6,31.903999999999996,22.504,972.3360000000001,861.264,813.816,53.46399999999999,10
139,Donte DiVincenzo,New York Knicks,SG,191,355,67,148,437.9,12,16,450.0,45,111,393.6,9,37,46,28,25,16,12,7,70,265,237,219,74,698.0914127423823,45.53462603878116,13.93290243151739,58.53770390889504,820.6632810095414,817.2991689750693,704.2847029855341,56.63835026161896,10
140,Dorian Finney-Smith,Brooklyn Nets,PF,74,301,26,71,370.4,13,16,575.0,9,45,223.3,14,32,46,19,16,12,5,5,-21,139,120,93,65,166.5224083295609,26.504300588501586,12.923947487550928,10.961973743775465,213.1684019918515,182.4526935264826,208.13807152557717,28.52829334540516,10
141,Doug McDermott,Indiana Pacers,SF,45,123,17,43,287.5,1,2,50.0,10,35,190.29999999999998,1,7,8,10,10,3,4,0,-8,63,53,55,18,270.53718024985125,9.603807257584773,10.005948839976204,18.095181439619274,364.1314693634741,300.16478286734093,334.51338488994645,19.60023795359905,10
142,Draymond Green,Golden State Warriors,PF,76,299,34,79,427.3,4,6,125.0,4,26,93.3,19,67,86,66,33,12,24,6,43,228,162,142,152,102.94444444444444,47.40277777777777,111.80277777777778,4.5,406.4444444444444,178.625,222.26944444444445,267.7,10
143,Drew Eubanks,Phoenix Suns,PF,42,152,18,27,565.0,6,7,280.0,0,0,0.0,12,29,41,7,14,3,6,9,6,90,83,49,48,89.40277777777777,42.925000000000004,14.324999999999998,0.0,176.66944444444442,152.54444444444445,100.77777777777779,70.0,10
144,Duncan Robinson,Miami Heat,F,146,321,53,111,467.0,8,9,350.0,32,84,339.0,2,33,35,30,26,10,16,3,-13,211,181,176,65,468.41111111111104,21.877777777777776,36.01111111111111,37.7,674.5,489.5777777777777,640.8444444444444,70.37777777777778,10
145,Duop Reath,Portland Trail Blazers,C,87,181,34,72,360.1,9,10,450.0,10,32,220.0,7,21,28,10,23,4,10,4,-75,125,115,97,38,524.009765625,54.462890625,24.02197265625,12.478515625,1022.80712890625,835.7890625,668.75244140625,120.76025390625,10
146,Dwight Powell,Dallas Mavericks,C,20,119,7,12,450.0,6,11,325.0,0,0,0.0,12,20,32,9,19,0,9,3,-9,61,52,29,41,47.0633608815427,101.88705234159781,12.0,0.0,306.6804407713499,236.2561983471074,76.4573002754821,154.9173553719008,9
147,Dylan Windler,Atlanta Hawks,G,16,41,6,11,106.7,0,0,0.0,4,9,85.0,1,6,7,2,2,2,1,0,3,25,23,18,9,72.34880000000001,7.0608,2.7312,5.283200000000001,109.9072,99.32,75.48320000000001,17.2448,3
148,Dylan Windler,Los Angeles Lakers,G,3,14,1,4,25.0,0,0,0.0,1,4,25.0,0,1,1,2,1,0,0,0,-7,6,4,5,3,11.419199999999998,2.2672,0.4608,0.7888,12.764800000000001,17.68,8.3088,0.9232,2
149,Dyson Daniels,New Orleans Pelicans,G,40,192,17,35,344.7,1,2,50.0,5,15,250.0,10,20,30,22,13,17,13,8,17,92,70,62,52,128.3305785123967,24.0,25.60330578512397,4.520661157024793,152.0,118.3305785123967,134.0,77.60330578512396,10
150,Emoni Bates,Cleveland Cavaliers,F,16,23,6,12,102.9,0,2,0.0,4,8,100.0,0,1,1,1,0,0,1,0,-3,18,17,17,2,22.765432098765434,0.8024691358024691,0.5061728395061729,2.617283950617284,28.888888888888893,26.58024691358024,25.98765432098765,0.3950617283950617,2
151,Eric Gordon,Phoenix Suns,SG,80,230,30,66,393.0,2,2,200.0,18,43,374.2,1,14,15,17,13,7,5,3,14,112,95,97,32,439.49590601637595,6.500889996440014,18.22392310430758,26.466358134567464,481.6618013527946,368.3421146315415,553.7945888216448,23.745817016731934,10
152,Eugene Omoruyi,Washington Wizards,F,39,106,17,38,391.3,5,10,200.0,0,6,0.0,7,13,20,7,18,7,5,1,-68,66,59,46,27,94.91836734693878,9.033163265306124,6.798469387755102,0.012755102040816325,87.34693877551021,71.67602040816327,106.89030612244898,19.530612244897956,10
153,Evan Fournier,Detroit Pistons,SG,73,195,26,75,325.7,11,14,366.7,10,42,209.3,1,15,16,18,16,10,8,1,-42,107,89,91,34,338.10850694444446,12.566840277777777,23.7265625,14.108506944444443,478.1015625,441.0,371.10069444444446,40.40277777777778,10
154,Evan Mobley,Cleveland Cavaliers,PF,159,293,62,106,571.6,29,47,547.6,6,18,275.0,19,73,92,44,27,10,14,14,-12,295,251,203,136,373.0,163.1111111111111,70.52157943067034,7.017447199265382,836.1074380165289,796.1111111111111,350.61248852157945,296.0165289256198,10
155,Frank Ntilikina,Charlotte Hornets,PG,5,39,1,8,50.0,2,2,100.0,1,7,50.0,1,4,5,3,4,0,0,0,0,13,10,8,8,19.0,7.0,6.84,0.7600000000000002,24.439999999999998,14.0,18.64,24.640000000000004,4
156,Franz Wagner,Orlando Magic,SF,155,302,59,122,487.9,33,39,855.8,4,31,90.0,8,34,42,34,27,13,13,2,37,231,197,189,76,144.833910034602,46.958861976163014,16.481353325643983,6.726643598615917,358.3425605536331,303.4536716647443,186.6578239138793,76.50519031141869,10
157,Fred VanVleet,Houston Rockets,PG,183,359,62,145,434.29999999999995,27,29,585.7,32,84,363.7,3,34,37,87,29,21,22,10,88,307,220,270,124,658.0123456790124,18.429355281207133,115.78943758573388,59.604938271604944,616.5,671.363511659808,584.744170096022,152.62345679012344,10
158,Furkan Korkmaz,Philadelphia 76ers,SG,41,116,13,29,278.6,7,10,241.7,8,18,258.3,3,12,15,12,6,3,2,2,22,68,56,53,27,292.875,14.875,10.0,20.0,404.0,340.0,363.875,17.875,8
159,GG Jackson,Memphis Grizzlies,F,201,342,65,146,428.2,40,48,860.7,31,85,352.6,13,33,46,19,17,5,20,3,-131,266,247,220,65,672.4570637119115,32.414896891351184,22.04647583871961,35.86426592797785,842.3982763927363,771.6180363188673,737.7759310557094,59.92274546014158,10
160,Garrett Temple,Toronto Raptors,SF,33,84,11,20,300.0,5,6,250.0,6,13,200.0,4,13,17,10,8,6,2,1,-4,60,50,43,27,111.86767485822305,17.200378071833647,8.037807183364839,6.801512287334594,173.41209829867674,168.73156899810965,108.54064272211721,33.24574669187145,5
161,Garrison Mathews,Atlanta Hawks,SG,89,198,26,50,520.5,17,19,363.3,20,38,497.3,0,15,15,12,24,4,2,3,6,116,104,101,27,431.0361111111111,10.525,14.402777777777779,25.599999999999998,610.4250000000001,534.1777777777778,491.00000000000006,41.21111111111111,10
162,Gary Harris,Orlando Magic,SG,69,238,25,52,520.3,5,8,225.0,14,35,460.9,3,10,13,8,14,8,8,2,13,90,82,77,21,72.38108356290174,4.254361799816346,13.617998163452707,2.4132231404958677,122.91827364554636,88.2791551882461,99.92561983471074,24.96694214876033,10
163,Gary Payton II,Golden State Warriors,SG,34,144,15,27,459.9,2,4,100.0,2,5,200.0,9,8,17,16,16,6,6,4,2,67,51,50,33,99.35207100591715,56.784023668639044,36.784763313609474,1.6782544378698225,216.33210059171597,125.48520710059171,109.625,174.14275147928993,10
164,Gary Trent Jr.,Toronto Raptors,SG,217,331,78,173,463.0,29,33,730.0,32,83,387.7,8,30,38,19,15,14,4,2,-98,274,255,236,57,505.0493827160495,17.575308641975308,31.345679012345677,34.93827160493828,478.1234567901234,556.3382716049382,441.1111111111112,34.644444444444446,10
165,Georges Niang,Cleveland Cavaliers,SF,141,288,51,98,516.4,10,10,400.0,29,64,468.1,1,29,30,10,28,5,15,3,-9,181,171,151,40,316.7777777777777,28.0,6.136111111111111,27.07777777777778,269.7027777777778,276.77777777777777,293.7027777777778,50.136111111111106,10
166,Giannis Antetokounmpo,Milwaukee Bucks,PF,304,373,116,197,596.3,69,106,607.9,3,16,116.6,35,96,131,71,29,9,37,10,-8,506,435,375,202,229.44896030245744,204.53497164461248,85.75992438563327,2.3449905482041586,788.6398865784499,575.6493383742911,408.3147448015123,324.41965973534974,10
167,Goga Bitadze,Orlando Magic,C,32,108,13,23,546.7,6,10,283.3,0,3,0.0,11,15,26,9,12,2,9,9,-9,67,58,41,35,48.5,66.25765306122449,9.125,0.0,234.0612244897959,180.2576530612245,74.125,103.5612244897959,10
168,Gordon Hayward,Oklahoma City Thunder,SF,55,181,17,37,430.5,12,18,400.0,9,16,450.0,4,17,21,23,10,3,6,0,-5,99,76,78,44,137.2126736111111,30.96267361111111,38.65625,8.9765625,287.15625,200.0,197.90017361111111,96.0876736111111,10
169,Gradey Dick,Toronto Raptors,G,126,319,49,120,383.7,10,12,533.3,18,55,323.3,5,21,26,20,18,6,15,2,-120,172,152,146,46,359.7301038062284,26.91733948481353,37.01422529796232,15.799307958477508,470.6228373702422,417.1064975009612,392.74894271434067,84.42906574394463,10
170,Grant Williams,Charlotte Hornets,PF,135,289,49,103,484.5,22,28,555.6,15,46,414.5,13,35,48,24,27,11,22,4,-86,207,183,159,72,295.17825443786984,33.6094674556213,20.402366863905325,6.514792899408284,443.917899408284,389.53328402366867,313.9534023668639,89.62130177514793,10
171,Grayson Allen,Phoenix Suns,SG,159,328,56,100,572.2,14,16,541.7,33,68,416.9,6,26,32,32,15,10,11,5,37,223,191,191,64,533.5366274059178,47.67767882792301,35.015800057454754,69.0,678.9132433208848,519.340706693479,673.2459063487504,102.55673656995117,10
172,Gui Santos,Golden State Warriors,F,41,109,14,26,422.5,8,9,350.0,5,10,300.0,9,21,30,9,15,2,5,2,6,80,71,50,39,150.93639053254438,122.34467455621302,15.847633136094672,4.226331360946745,558.3091715976332,484.31360946745565,174.63905325443784,188.48520710059174,9
173,Harrison Barnes,Sacramento Kings,SF,136,304,49,114,424.0,18,22,500.0,20,52,309.3,9,32,41,15,12,4,10,1,4,192,177,151,56,280.9323621227888,28.968782518210197,10.93964620187305,42.37460978147762,377.2362122788762,315.27887617065556,327.9823100936525,54.81581685744017,10
174,Harry III Giles,Brooklyn Nets,F,8,8,3,6,50.0,1,2,50.0,1,1,100.0,2,2,4,2,3,0,0,0,-12,14,12,10,6,49.0,11.430839002267573,3.4489795918367347,0.8185941043083901,149.7709750566893,107.76417233560092,78.44897959183675,27.43764172335601,1
175,Harry III Giles,Los Angeles Lakers,F,2,10,1,4,100.0,0,0,0.0,0,2,0.0,0,1,1,0,0,1,0,0,-15,3,3,2,1,2.0,0.528344671201814,0.04081632653061224,0.018140589569160995,4.63718820861678,4.528344671201814,2.0408163265306123,0.6371882086167799,2
176,Haywood Highsmith,Miami Heat,F,72,179,27,44,507.3,2,7,83.3,16,25,433.3,8,22,30,12,8,4,2,0,10,114,102,84,42,574.2698961937716,50.24605920799692,9.667820069204152,34.62206843521722,1006.7397154940408,921.7039600153787,633.5640138408305,85.6555171088043,10
177,Herbert Jones,New Orleans Pelicans,SF,103,337,33,73,437.4,23,26,700.0,14,39,309.4,8,26,34,33,32,17,13,16,7,170,137,136,67,197.41322314049586,26.413223140495866,12.464462809917356,12.87603305785124,306.2644628099174,252.20000000000002,230.01652892561984,60.33884297520661,10
178,Hunter Tyson,Denver Nuggets,F,0,7,0,3,0.0,0,0,0.0,0,3,0.0,0,1,1,0,1,0,2,0,-1,1,1,0,1,11.31404958677686,0.4049586776859504,0.20661157024793386,0.4049586776859504,10.12396694214876,7.438016528925619,14.578512396694217,0.0330578512396694,1
179,I. Thomas,Phoenix Suns,G,5,8,2,4,50.0,0,0,0.0,1,2,50.0,0,0,0,1,0,0,0,0,1,6,5,6,1,9.765625,0.0,0.0,0.390625,9.765625,9.765625,9.765625,0.0,1
180,Ibou Badji,Portland Trail Blazers,C,10,41,4,5,250.0,2,4,100.0,0,0,0.0,2,4,6,4,8,0,5,3,-33,20,16,14,10,18.67901234567901,7.419753086419752,4.08641975308642,0.0,49.34567901234567,43.77777777777777,25.753086419753085,10.0,4
181,Immanuel Quickley,Toronto Raptors,SG,195,364,68,158,420.7,33,45,597.2,26,77,328.3,2,55,57,88,17,11,26,3,-71,340,252,283,145,477.0639999999999,39.496,197.456,20.976,930.7840000000001,541.9359999999999,785.464,317.4,10
182,Isaac Okoro,Cleveland Cavaliers,SF,77,302,30,77,385.0,5,8,175.0,12,39,341.7,9,17,26,16,25,7,12,2,-61,119,103,93,42,149.8361111111111,42.577777777777776,18.5,7.825,381.925,283.125,224.10277777777776,85.61111111111111,10
183,Isaiah Hartenstein,New York Knicks,C,98,237,42,57,783.6,14,19,530.0,0,0,0.0,29,51,80,30,31,10,10,12,125,208,178,128,110,244.8905325443787,95.33505917159763,14.133136094674555,0.0,275.78476331360946,276.46523668639054,213.0532544378698,140.625,10
184,Isaiah Jackson,Indiana Pacers,SF,89,171,36,53,744.3,17,25,608.3,0,1,0.0,23,33,56,11,26,9,9,9,26,156,145,100,67,284.11111111111114,198.94444444444446,29.193877551020407,0.0,935.8367346938774,786.5,347.7335600907029,313.85260770975054,10
185,Isaiah Joe,Oklahoma City Thunder,SG,82,184,29,68,403.4,4,4,200.0,20,47,393.8,2,18,20,15,13,3,4,1,13,117,102,97,35,201.32971938775506,8.003188775510203,28.5,14.45918367346939,404.0510204081633,253.55102040816325,335.8297193877551,52.5031887755102,10
186,Isaiah Mobley,Cleveland Cavaliers,F,5,33,2,7,58.3,0,0,0.0,1,4,25.0,0,4,4,2,2,0,0,0,-1,11,9,7,6,0.6799999999999997,10.880000000000003,0.72,0.6800000000000002,13.32,9.0,2.1199999999999997,14.479999999999999,2
187,Isaiah Stewart,Detroit Pistons,C,106,319,40,71,587.7,10,12,516.7,16,38,409.0,10,48,58,12,11,4,10,10,-48,176,164,118,70,131.47520661157026,49.603305785123965,9.603305785123966,12.764462809917354,245.47520661157023,193.27685950413223,178.88016528925618,64.0,10
188,Ish Smith,Charlotte Hornets,PG,18,181,8,34,236.0,0,0,0.0,2,2,200.0,1,19,20,41,16,5,6,1,-90,79,38,59,61,54.36000000000001,24.0,78.09,1.5600000000000003,170.49,69.16000000000001,134.09,123.69,9
189,Ish Wainright,Phoenix Suns,F,3,11,1,6,16.7,0,0,0.0,1,4,25.0,3,2,5,1,1,1,1,0,-3,9,8,4,6,6.25,17.361111111111114,0.6944444444444445,0.6944444444444445,56.25,44.44444444444445,11.111111111111112,25.0,1
190,Ivica Zubac,LA Clippers,C,98,272,41,62,708.6,16,19,575.0,0,0,0.0,28,56,84,14,22,7,11,11,-24,196,182,112,98,91.93057851239669,43.14380165289256,6.403305785123967,0.0,210.30413223140494,161.66611570247935,115.86776859504133,74.24793388429752,10
191,JT Thor,Charlotte Hornets,F,17,99,7,15,308.3,0,0,0.0,3,8,200.0,1,12,13,6,9,0,2,3,22,36,30,23,19,47.84256055363322,15.9878892733564,4.754325259515571,4.432525951557094,80.6643598615917,81.25951557093425,50.5,17.48961937716263,10
192,JaVale McGee,Sacramento Kings,C,23,49,11,19,355.0,0,3,0.0,1,2,100.0,5,10,15,1,6,2,1,0,-4,39,38,24,16,76.296786389414,14.542533081285443,0.8790170132325142,0.8790170132325142,126.5047258979206,128.6843100189036,78.01890359168242,11.519848771266542,7
193,Jabari Smith Jr.,Houston Rockets,PF,134,294,46,103,456.3,24,28,916.7,18,49,325.6,13,59,72,13,28,11,15,6,79,219,206,147,85,239.07958477508652,122.17224144559785,14.364859669357939,11.897731641676279,485.35678585159553,464.1284121491734,256.7293348712034,140.11572472126107,10
194,Jabari Walker,Portland Trail Blazers,F,82,254,32,66,475.1,13,19,606.7,5,15,266.7,13,48,61,13,33,6,6,0,-84,156,143,95,74,182.06441326530611,58.798469387755105,18.40625,6.512755102040817,276.1326530612245,268.78890306122446,161.53316326530611,105.0797193877551,10
195,Jacob Gilyard,Brooklyn Nets,G,0,11,0,2,0.0,0,0,0.0,0,2,0.0,0,0,0,1,2,1,0,0,0,1,0,1,1,13.3225,0.5625,3.4225000000000003,1.2100000000000002,39.0625,19.360000000000003,30.25,6.760000000000001,1
196,Jacob Gilyard,Memphis Grizzlies,G,67,192,23,49,431.8,1,1,100.0,20,42,431.8,1,13,14,39,10,9,12,2,-59,120,81,106,53,353.80249999999995,16.0625,45.802499999999995,30.889999999999997,691.0625,464.43999999999994,546.25,96.03999999999999,9
197,Jacob Toppin,New York Knicks,F,13,29,5,9,107.1,2,2,100.0,1,4,33.3,3,3,6,1,3,0,1,0,-18,20,19,14,7,78.05555555555556,8.722222222222221,0.5555555555555556,0.7222222222222223,130.22222222222223,136.55555555555554,72.5,8.5,2
198,Jaden Hardy,Dallas Mavericks,G,77,116,32,65,499.4,4,5,250.0,9,21,300.0,1,9,10,18,10,3,7,1,9,105,87,95,28,160.65090349865434,10.061514801999232,32.332179930795846,7.139946174548251,242.32564398308347,187.87120338331414,202.68089196462898,54.81814686658977,10
199,Jaden Ivey,Detroit Pistons,PG,140,308,51,135,385.8,27,33,741.7,11,50,215.1,7,27,34,42,25,9,26,6,-67,216,174,182,76,124.25147928994083,26.68639053254438,60.582840236686394,9.361686390532546,247.40828402366864,170.1213017751479,189.28994082840237,99.51775147928994,10
200,Jaden McDaniels,Minnesota Timberwolves,PF,126,309,51,113,443.9,10,17,348.8,14,46,271.2,11,34,45,9,34,10,10,6,-10,180,171,135,54,481.2786989795918,34.65561224489796,9.0,16.53890306122449,542.3654336734694,552.686862244898,470.8858418367347,43.72704081632653,10
201,Jaden Springer,Boston Celtics,G,60,176,22,52,413.7,13,14,575.0,3,18,183.3,13,18,31,17,21,13,10,4,-19,108,91,77,48,223.46260387811634,50.5,30.390581717451518,2.5886426592797784,669.220221606648,469.7520775623268,361.19390581717454,142.62742382271472,10
202,Jae Crowder,Milwaukee Bucks,PF,62,189,24,47,467.9,3,3,100.0,11,27,383.3,5,14,19,11,14,7,3,1,-1,92,81,73,30,92.24489795918367,11.242984693877553,9.181760204081632,9.03061224489796,129.46173469387756,136.07971938775512,84.7531887755102,21.298469387755105,10
203,Jae'Sean Tate,Houston Rockets,SF,44,138,18,37,419.1,5,9,200.0,3,8,233.3,11,19,30,8,17,6,13,5,-15,82,74,52,38,97.21799307958477,33.551710880430605,5.703960015378701,2.1418685121107264,227.48250672818148,183.11341791618608,123.10649750096118,57.736255286428296,10
204,Jahmi'us Ramsey,Toronto Raptors,SG,47,120,18,41,306.3,5,6,175.0,6,22,183.3,4,18,22,8,10,7,7,0,-28,77,69,55,30,69.3801652892562,36.066115702479344,3.072314049586777,3.402892561983472,97.25413223140495,108.65289256198346,77.28719008264463,19.832644628099175,7
205,Jaime Jr. Jaquez,Miami Heat,G,104,291,39,86,430.4,18,25,616.7,8,25,244.89999999999998,9,40,49,27,20,12,9,3,3,180,153,131,76,399.9229968782518,41.14984391259105,22.292403746097815,7.839750260145682,373.75650364203955,369.74921956295526,390.9687825182102,76.40374609781477,10
206,Jake LaRavia,Memphis Grizzlies,F,125,286,38,103,366.7,29,38,518.9,20,55,349.4,20,22,42,21,20,13,12,1,-73,188,167,146,63,330.51890359168243,43.519848771266545,28.900756143667294,32.01890359168242,568.2003780718336,454.58317580340264,424.42722117202266,92.12948960302458,10
207,Jakob Poeltl,Toronto Raptors,C,122,251,55,101,543.9,12,20,491.7,0,0,0.0,39,53,92,31,28,10,11,19,35,245,214,153,123,161.8469387755102,127.67346938775509,30.387755102040813,0.0,516.704081632653,398.98979591836735,256.6224489795918,181.0,10
208,Jalen Brunson,New York Knicks,PG,318,333,120,248,481.7,48,56,759.1,30,83,382.7,7,26,33,64,11,9,19,2,129,415,351,382,97,1741.0578512396694,14.140495867768594,42.51900826446281,16.558677685950414,1493.5752066115701,1744.8842975206612,1486.0099173553717,60.39834710743802,10
209,Jalen Duren,Detroit Pistons,C,138,276,53,82,615.6,32,40,730.0,0,0,0.0,34,97,131,21,28,8,28,7,-30,290,269,159,152,308.0444444444445,202.44197530864196,26.91111111111111,0.0,1020.9827160493827,900.8123456790124,368.9111111111111,288.6567901234568,10
210,Jalen Green,Houston Rockets,SG,305,376,106,213,491.0,48,64,796.7,45,100,434.0,10,61,71,40,16,11,24,6,149,416,376,345,111,785.698649813272,85.29933927032462,22.140764148233266,40.224360815857516,1154.83711577133,1078.1648951450732,827.2085607584029,142.60241309968401,10
211,Jalen HoodSchifino,Los Angeles Lakers,G,5,11,1,6,33.3,2,4,100.0,1,3,50.0,0,2,2,0,1,0,1,0,-13,7,7,5,2,9.0,0.9799999999999999,0.020000000000000004,0.8200000000000001,13.32,14.180000000000001,8.42,0.72,2
212,Jalen Johnson,Atlanta Hawks,SF,178,339,71,149,485.0,19,29,568.3,17,46,399.9,13,75,88,44,19,7,16,11,35,310,266,222,132,520.0495867768595,92.6317722681359,50.47199265381084,14.673094582185492,1012.7970615243343,701.9265381083562,770.7750229568411,203.24885215794305,10
213,Jalen McDaniels,Toronto Raptors,PF,45,148,20,51,340.6,2,4,66.7,3,17,116.7,6,20,26,11,16,7,16,2,-73,82,71,56,37,166.32908163265304,94.60459183673468,14.387755102040815,4.471938775510204,436.5,346.74489795918373,216.31887755102042,148.75765306122452,10
214,Jalen Pickett,Denver Nuggets,G,2,7,1,3,33.3,0,0,0.0,0,2,0.0,0,0,0,2,0,0,0,0,-1,4,2,4,2,3.188775510204082,0.12755102040816327,1.1479591836734693,0.0,6.25,2.0408163265306123,8.16326530612245,0.510204081632653,1
215,Jalen Slawson,Sacramento Kings,F,2,8,1,2,50.0,0,0,0.0,0,1,0.0,1,1,2,0,2,1,0,0,3,4,4,2,2,2.339100346020761,1.9930795847750862,0.0,0.0,8.65051903114187,8.65051903114187,2.339100346020761,1.9930795847750862,1
216,Jalen Smith,Indiana Pacers,PF,84,163,30,56,504.7,14,22,350.0,10,25,345.2,21,33,54,10,22,3,2,7,14,148,138,94,64,196.96043315285297,58.40149937526031,18.703873386089132,10.004164931278632,362.2448979591837,298.21990837151185,258.9204498125781,79.17034568929613,10
217,Jalen Suggs,Orlando Magic,SG,140,283,47,98,492.3,20,25,733.3,26,57,492.5,6,18,24,34,19,17,16,7,95,198,164,174,58,276.7361111111111,28.444444444444443,18.76736111111111,17.069444444444443,410.90625,341.73611111111114,332.85069444444446,60.26736111111111,10
218,Jalen Williams,Oklahoma City Thunder,F,193,300,78,151,524.0,24,27,796.7,13,38,256.6,8,29,37,47,24,13,23,12,34,277,230,240,84,344.3851239669421,24.12066115702479,40.70247933884298,15.0,617.0165289256198,419.8347107438016,511.1438016528925,95.24628099173555,10
219,Jalen Wilson,Brooklyn Nets,F,41,131,15,37,473.3,8,9,350.0,3,14,175.0,7,19,26,9,9,1,7,0,29,76,67,50,35,107.95971027614306,28.402897238569487,6.961973743775465,2.315527387958352,234.17473970122228,187.2734268899955,135.63422363060207,54.59167043911272,10
220,Jamal Cain,Miami Heat,F,12,37,3,9,125.0,4,4,200.0,2,4,150.0,2,3,5,6,5,1,3,1,11,23,17,18,11,9.6281179138322,3.7029478458049887,5.655328798185941,1.1111111111111112,30.369614512471653,19.049886621315192,24.367346938775512,5.9387755102040805,4
221,Jamal Murray,Denver Nuggets,PG,227,360,87,190,450.6,33,39,861.4,20,50,410.0,10,43,53,82,18,16,22,3,51,362,280,309,135,463.3490304709141,47.16481994459834,73.01523545706371,20.02770083102493,650.9362880886429,468.5,620.0124653739612,145.95290858725764,10
222,James Bouknight,Charlotte Hornets,SG,10,13,4,10,83.3,0,0,0.0,2,7,58.3,0,0,0,0,0,1,1,0,13,10,10,10,0,18.0,0.0,0.0,0.72,18.0,18.0,18.0,0.0,2
223,James Harden,LA Clippers,SG,132,356,44,117,380.7,24,27,905.0,20,68,255.4,7,46,53,100,16,13,26,5,-38,285,185,232,153,117.625,60.125,106.68176020408163,25.033163265306126,346.46747448979596,170.5,317.0746173469388,143.32461734693877,10
224,James Johnson,Indiana Pacers,PF,4,12,1,4,33.3,2,2,100.0,0,1,0.0,0,0,0,2,3,0,1,1,-2,6,4,6,2,1.2800000000000002,0.0,0.32000000000000006,0.0,2.88,1.2800000000000002,2.88,0.32000000000000006,2
225,James Wiseman,Detroit Pistons,C,100,222,38,68,468.6,24,28,520.8,0,0,0.0,20,54,74,12,25,1,20,6,-91,186,174,112,86,416.5,93.4948224852071,15.642751479289942,0.0,840.2159763313609,712.417899408284,532.796597633136,120.63905325443787,10
226,Jamie Jr. Jaquez,Miami Heat,G,34,96,14,31,181.0,4,5,175.0,2,11,45.0,1,5,6,11,10,1,3,0,-18,51,40,45,17,58.265625,5.140625,8.8125,1.015625,113.8125,96.25,70.640625,19.140625,4
227,Jarace Walker,Indiana Pacers,F,34,141,12,34,332.2,2,2,100.0,8,20,300.0,3,25,28,17,11,5,7,6,32,79,62,51,45,133.556640625,50.625,62.119140625,8.322265625,515.125,309.962890625,275.0,176.462890625,10
228,Jared Butler,Washington Wizards,SG,63,206,27,69,404.7,5,5,300.0,4,25,103.4,4,17,21,42,18,10,22,3,-18,126,84,105,63,167.95274102079395,20.90170132325142,143.60680529300566,4.4092627599243865,548.6049149338374,182.36672967863896,458.58412098298675,240.11531190926277,10
229,Jared Rhoden,Detroit Pistons,G,19,67,8,15,203.3,0,0,0.0,3,7,133.3,0,11,11,4,8,1,4,4,-20,34,30,23,15,31.716049382716044,8.901234567901234,6.308641975308642,0.7777777777777778,58.11111111111111,73.4567901234568,23.938271604938272,7.641975308641976,4
230,Jaren Jackson Jr.,Memphis Grizzlies,PF,199,329,72,178,398.0,42,57,743.9,13,48,252.9,18,40,58,31,41,14,29,22,-138,288,257,230,89,643.1710069444443,89.77777777777779,32.18402777777778,12.421006944444446,882.4765625,881.4210069444446,669.1710069444446,97.01736111111111,10
231,Jarred Vanderbilt,Los Angeles Lakers,PF,68,142,26,42,412.7,13,17,375.0,3,5,166.7,12,22,34,12,8,16,11,2,23,114,102,80,46,111.33333333333334,59.333333333333336,18.0,3.5,362.0,274.0,157.33333333333334,119.33333333333334,6
232,Jarrett Allen,Cleveland Cavaliers,C,168,317,67,101,649.6,34,42,812.4,0,0,0.0,19,86,105,24,14,4,13,7,-46,297,273,192,129,293.1111111111111,168.1,20.5,0.0,794.7777777777778,708.1444444444444,334.94444444444446,233.4,10
233,Jason Preston,Utah Jazz,G,4,25,2,6,66.6,0,0,0.0,0,0,0.0,2,4,6,7,1,0,1,0,10,17,10,11,13,1.2800000000000002,4.275555555555554,7.879999999999999,0.0,32.55555555555556,8.96888888888889,13.32,23.70222222222222,2
234,Javon Freeman-Liberty,Toronto Raptors,G,71,196,25,56,347.7,18,20,730.0,3,20,108.3,6,26,32,20,14,4,11,2,-54,123,103,91,52,227.31640625,11.0625,7.78515625,2.1181640625,312.25,297.34765625,235.5625,25.50390625,9
235,Javonte Green,Chicago Bulls,G,12,35,5,7,141.7,0,0,0.0,2,3,150.0,0,5,5,1,3,2,2,1,28,18,17,13,6,2.125,4.78125,0.53125,0.0,2.125,0.53125,0.53125,8.5,2
236,Jaxson Hayes,Los Angeles Lakers,C,62,160,23,29,854.0,16,23,625.0,0,0,0.0,13,31,44,4,22,1,10,2,-16,110,106,66,48,120.79338842975204,97.72231404958677,4.519008264462809,0.0,294.1619834710744,296.40330578512396,120.9586776859504,99.83471074380165,10
237,Jay Huff,Denver Nuggets,C,3,5,1,2,50.0,0,0,0.0,1,2,50.0,0,0,0,0,2,0,0,0,-3,3,3,3,0,5.0625,0.2025,0.0,0.7224999999999999,3.24,3.24,5.0625,0.2025,1
238,Jaylen Brown,Boston Celtics,SG,276,352,108,211,507.8,36,58,525.9,24,63,380.7,18,41,59,31,24,18,19,3,68,366,335,307,90,678.672335600907,114.14172335600907,28.908163265306122,17.328798185941043,1059.1938775510203,1063.204081632653,646.2607709750567,171.4512471655329,10
239,Jaylin Williams,Oklahoma City Thunder,F,27,120,10,22,425.0,0,0,0.0,7,17,424.9,2,33,35,14,15,4,7,6,-8,76,62,41,49,39.82544378698225,44.50369822485207,30.428994082840234,2.125,149.5717455621302,133.16937869822485,64.20710059171597,66.9534023668639,10
240,Jayson Tatum,Boston Celtics,SF,297,368,100,215,470.2,63,74,767.0,34,81,413.5,13,59,72,53,15,10,28,6,87,422,369,350,125,220.82435491172475,87.33906745133545,26.31552738795835,18.504300588501586,306.97057492077863,351.57311000452694,176.19737437754645,113.67904028972386,10
241,Jeenathan Williams,Houston Rockets,G,12,26,6,10,133.4,0,2,0.0,0,0,0.0,3,3,6,0,5,1,0,0,18,18,18,12,6,46.81481481481482,5.460905349794238,0.037037037037037035,0.0,72.43621399176953,74.59670781893003,45.37037037037037,4.7818930041152266,3
242,Jeff Dowtin,Philadelphia 76ers,G,31,81,11,19,237.1,2,2,100.0,7,14,216.7,1,9,10,16,0,4,3,1,18,57,41,47,26,144.24260355029585,15.798816568047336,33.124260355029584,5.118343195266272,386.8934911242603,201.03550295857988,297.3195266272189,81.70414201183432,6
243,Jeff Green,Houston Rockets,PF,89,191,32,70,451.4,9,11,325.0,16,39,428.3,5,25,30,7,11,2,4,4,31,126,119,96,37,281.0,36.0492459218221,2.3548784241305016,12.858110187750075,412.9695290858726,420.31240381655897,279.8811942136042,32.18005540166205,10
244,Jerami Grant,Portland Trail Blazers,SF,169,342,56,142,386.6,38,46,711.3,19,49,402.0,6,19,25,35,18,14,28,2,-77,229,194,204,60,473.98961937716257,45.9204152249135,32.71626297577855,5.083044982698962,888.6262975778548,739.6678200692041,583.0934256055364,118.49134948096886,10
245,Jeremiah Robinson-Earl,New Orleans Pelicans,F,28,92,11,25,269.6,4,7,80.0,2,10,100.0,9,12,21,10,6,3,3,1,37,59,49,38,31,82.88888888888889,37.654320987654316,30.0,1.654320987654321,260.0617283950617,171.9506172839506,141.55555555555554,97.09876543209876,8
246,Jeremy Sochan,San Antonio Spurs,F,126,301,51,121,422.6,14,19,516.7,10,44,192.79999999999998,21,59,80,33,16,14,20,10,-20,239,206,159,113,547.025,204.04444444444442,40.94444444444445,10.100000000000001,1132.036111111111,1160.736111111111,513.0361111111112,250.27777777777777,10
247,Jericho Sims,New York Knicks,C,11,149,5,9,266.7,1,2,50.0,0,0,0.0,16,25,41,5,11,5,5,5,17,57,52,16,46,27.686857760951867,86.33693888588427,4.804218496484586,0.0,179.14494321254733,163.82152514872905,35.33261222282315,98.81882098431585,10
248,Jerome Robinson,Golden State Warriors,SG,10,17,4,10,40.0,1,2,50.0,1,6,16.7,0,0,0,1,1,0,0,1,-2,11,10,11,1,68.89000000000001,0.09,0.6400000000000001,0.81,77.44000000000001,64.0,82.80999999999999,0.25,1
249,Jett Howard,Orlando Magic,G,0,5,0,1,0.0,0,0,0.0,0,1,0.0,0,0,0,0,1,0,0,0,-5,0,0,0,0,0.25,0.0,0.0,0.027777777777777776,0.25,0.25,0.25,0.0,1
250,Jevon Carter,Chicago Bulls,PG,45,146,18,36,398.5,1,2,50.0,8,21,241.7,1,8,9,13,10,2,4,1,14,67,54,58,22,176.89075175770688,13.188209843158464,8.145484045429962,7.613845321795564,262.1909140075717,218.40778799351,204.302866414278,37.70470524607896,10
251,Jimmy Butler,Miami Heat,SF,182,337,62,129,481.4,51,59,846.3,7,27,266.6,11,36,47,54,15,14,17,2,87,283,229,236,101,414.42512783053326,39.0,40.400292184075965,5.169466764061358,599.8619430241051,506.4521548575603,471.40248356464565,115.8327246165084,10
252,Jock Landale,Houston Rockets,C,98,230,38,59,644.6,18,22,483.3,4,9,250.0,24,30,54,21,24,3,10,14,86,173,152,119,75,233.97616301422528,83.3118031526336,38.45328719723183,4.5574778931180315,693.1937716262976,513.5086505190311,368.0811226451365,167.34525182622068,10
253,Joe Harris,Detroit Pistons,SF,2,12,1,3,33.3,0,0,0.0,0,1,0.0,0,0,0,0,1,0,0,0,-5,2,2,2,0,0.0,0.0,0.0,0.0,0.0,0.0,0.0,0.0,1
254,Joe Ingles,Orlando Magic,SG,48,171,15,27,478.3,6,6,300.0,12,22,450.0,1,16,17,31,13,5,11,0,66,96,65,79,48,153.2733564013841,12.141868512110726,11.559784698193003,12.87351018838908,103.55171088043062,110.49480968858131,148.06266820453675,21.969242599000385,10
255,Joel Embiid,Philadelphia 76ers,C,45,61,16,38,82.8,9,12,170.0,4,10,83.3,2,12,14,5,6,2,10,0,-41,64,59,50,19,144.5,0.0,0.5,0.0,162.0,144.5,162.0,0.5,2
256,John Collins,Utah Jazz,PF,193,271,68,119,570.0,39,48,752.5,18,34,508.9,22,58,80,7,25,7,12,7,-49,280,273,200,87,373.07133058984914,94.20096021947874,7.641289437585734,12.5,701.6598079561043,678.5,379.14197530864203,118.93141289437585,10
257,John Konchar,Memphis Grizzlies,SG,57,299,19,46,385.8,8,9,266.7,11,29,391.6,19,45,64,29,20,13,17,9,-3,150,121,86,93,131.325,70.55625,15.0,7.125,291.05625,223.40625,166.425,118.10624999999999,10
258,Johnny Davis,Washington Wizards,G,35,154,15,39,354.7,2,2,100.0,3,14,83.3,3,10,13,11,11,4,0,6,-55,59,48,46,24,74.63966942148761,16.28595041322314,10.907438016528927,4.120661157024793,184.900826446281,135.60330578512398,122.61157024793388,28.51900826446281,10
259,Johnny Juzang,Utah Jazz,G,70,179,27,55,408.3,1,1,100.0,15,39,302.5,5,15,20,9,14,0,6,0,-3,99,90,79,29,332.4674945215486,24.591672753834914,9.189919649379108,24.64791818845873,416.86559532505476,414.1110299488678,332.3937180423667,36.6099342585829,10
260,Jonas Valanciunas,New Orleans Pelicans,C,73,178,32,63,527.9,7,10,300.0,2,12,83.3,13,52,65,14,24,2,9,3,-12,152,138,87,79,215.0,53.68046224133298,20.555227089492075,1.608707336737436,364.65735017468427,417.63128191346414,193.3912926632626,42.870464928782596,10
261,Jonathan Isaac,Orlando Magic,PF,106,180,39,59,670.3,10,13,383.4,18,29,660.0,13,39,52,5,11,8,2,16,74,163,158,111,57,303.04308390022675,24.617913832199545,4.777777777777778,10.757369614512472,363.5612244897959,402.8628117913833,272.8049886621315,20.332199546485263,10
262,Jonathan Kuminga,Golden State Warriors,PF,202,306,78,150,521.6,38,48,706.7,8,20,300.1,9,39,48,23,32,10,20,4,15,273,250,225,71,279.2165289256198,71.65289256198346,12.249586776859505,9.682644628099174,319.2314049586777,278.40000000000003,318.1735537190083,85.77685950413223,10
263,Jontay Porter,Toronto Raptors,C,49,159,18,41,352.3,4,6,150.0,9,26,230.4,10,23,33,32,11,10,13,9,-28,114,82,81,65,215.4023668639053,32.251479289940825,58.16863905325444,15.943786982248522,472.0,275.0917159763314,386.0976331360947,116.63313609467455,10
264,Jordan Clarkson,Utah Jazz,PG,161,328,58,144,353.7,31,35,737.9,14,53,206.6,7,29,36,63,18,10,23,0,-70,260,197,224,99,1014.8698224852071,104.98224852071006,74.72485207100591,21.005917159763314,1435.3639053254435,1403.248520710059,1032.630177514793,194.0621301775148,10
265,Jordan Goodwin,Memphis Grizzlies,G,83,275,33,98,323.8,5,12,225.0,12,37,296.6,18,39,57,44,18,16,19,9,-80,184,140,127,101,190.46313799621927,141.07939508506615,66.57466918714556,12.4234404536862,507.2551984877127,448.05293005671075,160.1266540642722,297.19281663516074,10
266,Jordan Hawkins,New Orleans Pelicans,G,25,96,9,34,288.4,3,5,116.7,4,20,125.0,1,9,10,7,5,1,1,1,39,42,35,32,17,53.92544773011245,14.016659725114534,6.177009579341941,4.850478967097043,64.21990837151188,69.63390254060809,56.43981674302374,12.26530612244898,10
267,Jordan McLaughlin,Minnesota Timberwolves,PG,62,164,21,34,594.4,4,4,200.0,16,25,511.1,5,20,25,22,6,5,2,1,66,109,87,84,47,162.12610534409842,30.814686658977323,22.172241445597844,22.754325259515568,187.93348712033838,197.55363321799308,149.363321799308,56.12956555171089,10
268,Jordan Miller,LA Clippers,G,4,5,1,1,100.0,2,2,100.0,0,0,0.0,0,1,1,0,0,0,0,0,3,5,5,4,1,9.679012345679013,0.44444444444444453,0.0,0.0,14.271604938271604,14.271604938271604,9.679012345679013,0.44444444444444453,1
269,Jordan Nwora,Toronto Raptors,SF,103,184,42,77,541.1,8,10,416.7,11,33,334.9,1,36,37,11,10,12,18,5,-33,151,140,114,48,185.09416025350836,41.71706654594839,9.211860570393844,7.418288818469895,232.9384336803984,264.26437301946584,152.58850158442735,52.10864644635582,10
270,Jordan Poole,Washington Wizards,SG,192,318,72,163,424.2,20,21,680.0,28,80,345.8,5,25,30,53,28,9,28,2,-58,275,222,245,83,880.5790842872009,36.09365244536941,96.11758584807492,19.605098855359003,1227.1659729448493,1040.067117585848,1039.7591050988553,160.13007284079083,10
271,Jordan Walsh,Boston Celtics,G,2,27,1,4,100.0,0,0,0.0,0,2,0.0,2,4,6,1,5,2,2,1,24,9,8,3,7,2.8099173553719012,13.355371900826448,0.8347107438016528,0.0,1.1983471074380163,4.0,6.68595041322314,7.512396694214876,2
272,Jose Alvarado,New Orleans Pelicans,PG,66,206,22,58,360.1,7,10,350.0,15,33,450.4,6,19,25,23,19,8,5,1,32,114,91,89,48,184.5051903114187,40.77777777777778,32.821607074202234,14.500961168781238,468.39446366782,312.81237985390237,294.1918492887351,119.49480968858131,10
273,Josh Giddey,Oklahoma City Thunder,SG,175,252,73,132,545.8,12,16,463.6,17,44,366.1,19,52,71,52,16,4,17,5,82,298,246,227,123,563.125,77.74444444444445,51.33611111111111,22.325000000000003,753.9999999999999,671.8694444444444,609.211111111111,165.125,10
274,Josh Green,Dallas Mavericks,SG,67,259,28,55,498.7,4,5,80.0,7,23,270.0,11,24,35,13,16,11,9,2,-34,115,102,80,48,175.42568370986916,41.573127229488705,10.20332936979786,7.416171224732463,227.9346016646849,241.15576694411413,176.20927467300828,37.77170035671819,10
275,Josh Hart,New York Knicks,SG,93,400,37,102,368.4,13,16,458.3,6,38,137.6,25,90,115,61,24,12,17,2,111,269,208,154,176,200.57193816884663,190.15814506539832,147.38703923900118,4.917954815695601,1138.6260404280617,693.4601664684899,554.4001189060642,428.8828775267538,10
276,Josh Minott,Minnesota Timberwolves,F,0,5,0,0,0.0,0,0,0.0,0,0,0.0,0,4,4,0,0,0,0,0,6,4,4,0,4,2.115702479338843,12.25,0.008264462809917356,0.07438016528925619,3.8202479338842976,4.183884297520661,2.3884297520661155,11.621900826446282,1
277,Josh Okogie,Phoenix Suns,SF,43,135,12,30,323.8,12,13,450.0,7,15,350.0,13,7,20,11,7,6,10,3,-9,74,63,54,31,139.94400000000002,12.576000000000002,7.224,6.296,201.536,191.54399999999998,144.8,24.936,10
278,Josh Richardson,Miami Heat,SG,98,211,38,76,433.2,6,6,200.0,16,45,301.7,4,26,30,19,16,5,3,2,3,147,128,117,49,296.8888888888889,20.0,10.88888888888889,27.555555555555557,468.0,427.55555555555554,344.0,24.22222222222222,9
279,Joshua Primo,LA Clippers,G,0,5,0,1,0.0,0,0,0.0,0,0,0.0,1,0,1,0,0,0,1,0,1,1,1,0,1,0.0,0.0,0.0,0.0,0.0,0.0,0.0,0.0,1
280,Jrue Holiday,Boston Celtics,PG,115,325,44,84,535.0,4,4,200.0,23,49,498.5,7,33,40,57,14,14,15,10,94,212,155,172,97,84.978515625,60.244140625,52.5,6.306640625,267.90625,199.90625,173.603515625,92.119140625,10
281,Jules Bernard,Washington Wizards,G,40,80,15,34,366.2,3,5,200.0,7,15,335.0,6,8,14,10,6,2,3,1,12,64,54,50,24,209.85777777777778,10.520000000000001,14.324444444444445,6.07,344.0,260.4577777777778,290.92,27.324444444444445,7
282,Julian Champagnie,San Antonio Spurs,F,75,245,25,61,345.0,10,13,466.7,15,40,290.0,3,20,23,10,12,8,8,5,3,108,98,85,33,252.08359666762425,27.0620511347314,6.347601264004596,17.707268026429187,400.96006894570525,387.4691180695203,258.4179833381212,40.566216604424014,10
283,Julian Phillips,Chicago Bulls,F,39,132,13,31,272.9,7,8,266.7,6,13,283.4,6,12,18,5,12,5,3,1,-11,62,57,44,23,170.91975308641975,27.290123456790123,6.777777777777779,6.401234567901234,314.4444444444444,289.44444444444446,184.5493827160494,45.43827160493827,10
284,Julian Strawther,Denver Nuggets,G,23,49,8,22,83.0,4,4,200.0,3,15,48.6,1,4,5,5,4,1,4,0,-3,33,28,28,10,117.71354166666669,8.463541666666668,5.046875,2.8802083333333335,201.63020833333331,173.66666666666669,138.1875,21.0,3
285,Julius Randle,New York Knicks,PF,66,99,23,48,142.2,14,14,300.0,6,11,195.0,8,17,25,18,7,1,10,0,25,109,91,84,43,98.0,2.666666666666667,14.0,2.0,140.66666666666669,120.66666666666666,126.0,8.666666666666668,3
286,Justin Champagnie,Washington Wizards,SF,53,142,17,46,209.3,10,12,250.0,9,30,158.3,11,17,28,11,11,6,8,5,-40,92,81,64,39,257.6955017301038,76.8719723183391,7.726643598615918,9.44636678200692,669.0415224913495,597.1349480968859,305.39446366782005,108.80622837370242,7
287,Justin Holiday,Denver Nuggets,SF,39,140,15,35,299.0,0,0,0.0,9,24,216.7,1,11,12,9,13,6,1,1,11,60,51,48,21,209.17871128515483,11.606977572089711,13.145247419010325,15.089711641153436,372.36098255606976,269.437878248487,293.6190815236739,43.23495906016376,10
288,Justin Minaya,Portland Trail Blazers,F,14,110,5,19,199.89999999999998,1,2,50.0,3,14,116.6,7,11,18,4,8,3,4,3,-44,36,32,18,22,22.412886259040103,16.925706771860614,2.8862590401051937,2.119000657462196,49.41091387245234,54.677186061801436,17.940828402366865,19.017751479289938,10
289,Jusuf Nurkic,Phoenix Suns,C,83,266,35,69,519.5,13,32,305.4,0,0,0.0,37,76,113,33,28,7,21,9,-10,229,196,116,146,60.73940904236384,300.8903524385903,32.34282662869349,0.0,568.5315058739765,528.0,85.73371306514774,348.7703809184763,10
290,Karl-Anthony Towns,Minnesota Timberwolves,C,193,306,66,146,451.8,41,47,734.2,20,56,341.5,20,55,75,29,33,8,24,8,98,297,268,222,104,265.0493827160493,98.62345679012346,46.91975308641975,18.771604938271604,548.530864197531,414.4012345679012,362.2777777777778,182.44444444444443,10
291,Kawhi Leonard,LA Clippers,SF,222,322,85,158,536.1,37,43,815.0,15,42,360.8,13,43,56,28,10,13,21,11,46,306,278,250,84,431.67169614984397,75.31945889698231,8.905306971904265,8.627471383975026,703.7362122788761,604.2793964620188,492.5374609781478,122.81581685744017,10
292,Keegan Murray,Sacramento Kings,SF,158,352,58,130,449.3,17,22,366.7,25,70,342.7,15,48,63,17,29,9,8,10,37,238,221,175,80,191.6,85.97777777777777,14.200000000000001,37.044444444444444,345.3777777777778,248.11111111111114,274.59999999999997,114.44444444444446,10
293,Keita Bates-Diop,Brooklyn Nets,SF,35,85,12,20,615.0,6,6,300.0,5,11,350.0,3,10,13,5,1,2,5,4,-13,53,48,40,18,52.10000000000001,16.81111111111111,4.677777777777777,5.4,94.5,87.3777777777778,51.511111111111106,29.2,10
294,Keldon Johnson,San Antonio Spurs,SF,160,297,56,113,491.7,25,30,584.2,23,61,384.9,15,43,58,21,14,4,9,1,-21,239,218,181,79,300.4467512495194,57.24721261053441,24.93694732795079,28.560938100730493,341.83198769703966,361.37716262975783,319.7673971549404,43.31833910034602,10
295,Kelly Olynyk,Toronto Raptors,PF,141,290,57,99,577.4,16,21,480.0,11,27,383.3,17,40,57,59,42,10,38,8,-106,257,198,200,116,262.97923875432525,28.63936947327951,88.57093425605537,10.302575932333717,427.55286428296813,350.12610534409833,336.8996539792387,120.71664744329104,10
296,Kelly Oubre Jr.,Philadelphia 76ers,SG,160,323,61,159,379.0,27,36,502.4,11,45,196.6,20,42,62,23,26,11,19,11,-30,245,222,183,85,310.15561224489795,101.95918367346938,32.29400510204081,10.92155612244898,652.7582908163265,561.6045918367347,397.15625,138.40625,10
297,Kendall Brown,Indiana Pacers,SG,3,12,1,1,100.0,1,2,50.0,0,0,0.0,1,0,1,0,1,0,0,0,1,4,4,3,1,4.508506616257089,0.5236294896030247,0.3062381852551985,0.0,8.094517958412098,8.060491493383742,4.712665406427221,0.6597353497164462,2
298,Kenneth Lofton Jr.,Philadelphia 76ers,F,2,5,1,4,25.0,0,0,0.0,0,2,0.0,0,1,1,0,0,0,0,0,-4,3,3,2,1,0.0,0.0,0.0,0.0,0.0,0.0,0.0,0.0,1
299,Kenrich Williams,Oklahoma City Thunder,SF,51,154,21,45,414.6,2,2,100.0,7,22,250.0,19,26,45,14,19,10,2,1,29,110,96,65,59,102.92318244170096,52.54938271604938,8.944444444444445,6.1604938271604945,221.2729766803841,173.7235939643347,128.8429355281207,83.12345679012346,10
300,Kentavious Caldwell-Pope,Denver Nuggets,SG,76,316,28,63,413.40000000000003,5,6,300.0,15,38,343.3,4,22,26,28,20,14,12,9,56,130,102,104,54,184.52194787379975,24.65363511659808,31.141289437585733,10.914951989026063,284.04663923182443,262.4938271604938,186.92524005486968,74.94444444444444,10
301,Kenyon Martin Jr.,Philadelphia 76ers,F,47,162,18,37,486.1,8,12,400.0,3,8,250.0,11,22,33,13,31,4,7,3,6,93,80,60,46,120.18723567858517,129.9104190695886,18.120338331410995,2.1064975009611686,553.1099577085736,437.7854671280277,205.6955017301038,177.8469819300269,10
302,Keon Ellis,Sacramento Kings,G,89,291,33,63,524.1,5,7,300.0,18,41,422.1,5,30,35,17,29,19,6,10,71,141,124,106,52,311.963475586313,39.96193771626297,30.11111111111111,18.95886197616301,607.3683198769704,451.5055747789312,432.5713187235679,105.3279507881584,10
303,Keon Johnson,Brooklyn Nets,G,12,26,3,8,73.3,4,4,100.0,2,4,133.3,2,1,3,2,2,2,2,0,-9,17,15,14,5,18.88888888888889,0.5555555555555556,2.2222222222222223,0.22222222222222227,27.222222222222225,13.888888888888888,34.0,1.0,2
304,Kessler Edwards,Sacramento Kings,SF,33,83,12,27,306.7,1,2,50.0,8,18,311.7,4,13,17,4,10,5,1,1,6,54,50,37,21,132.35478637101136,19.275283937263385,2.6262844780962684,10.505137912385074,186.89670091941593,173.7663601946998,135.38345051379125,32.00324499729584,9
305,Kevin Durant,Phoenix Suns,PF,232,353,93,172,532.1999999999999,22,26,646.7,24,55,440.4,4,65,69,36,14,10,33,15,16,337,301,268,105,566.625,76.5,33.425000000000004,21.11111111111111,926.6000000000001,779.9250000000001,669.6999999999999,153.52499999999998,10
306,Kevin Huerter,Sacramento Kings,SG,72,231,29,79,330.1,2,4,100.0,12,45,205.0,6,24,30,25,23,8,11,2,5,127,102,97,55,288.7933884297521,30.44995408631772,4.61248852157943,16.24793388429752,456.10743801652893,441.77777777777777,290.6730945821855,47.51239669421488,10
307,Kevin Knox II,Detroit Pistons,SF,22,89,9,26,148.9,3,3,200.0,1,11,33.3,3,11,14,4,9,2,6,0,21,40,36,26,18,115.33333333333334,19.333333333333336,3.3333333333333335,0.8333333333333335,167.33333333333331,188.0,101.33333333333334,16.0,6
308,Kevin Love,Miami Heat,PF,88,158,30,62,483.6,10,14,208.3,18,45,387.4,10,55,65,19,20,3,10,3,31,172,153,107,84,362.530612244898,61.03061224489795,13.244897959183673,16.97959183673469,574.7448979591837,534.5,405.0,72.05102040816325,10
309,Kevon Looney,Golden State Warriors,F,38,114,16,26,635.0,6,11,225.0,0,0,0.0,6,31,37,9,18,1,5,4,33,84,75,47,46,50.171326591314696,53.68054729327781,2.9262343842950624,0.0,140.8399762046401,148.75133848899463,44.45270672218918,54.41403926234384,10
310,Keyontae Johnson,Oklahoma City Thunder,F,5,39,2,8,66.7,0,0,0.0,1,2,100.0,2,4,6,2,4,0,2,0,-15,13,11,7,8,20.0,7.0,1.2653061224489797,0.8163265306122451,29.69387755102041,35.0,17.26530612244898,5.6938775510204085,5
311,Keyonte George,Utah Jazz,G,152,326,51,142,350.9,36,39,845.8,14,65,217.5,0,31,31,53,17,6,39,2,-124,236,183,205,84,439.2511967750063,34.95565633660872,38.81960191484001,20.951877047115143,396.0,399.20055429579236,477.0508944318468,32.775006298815825,10
312,Khris Middleton,Milwaukee Bucks,SF,143,298,58,113,542.9,9,11,330.0,18,45,497.9,8,48,56,61,37,7,25,4,29,260,199,204,117,303.7491082045184,62.934601664684905,62.795481569560046,5.65755053507729,498.703923900119,317.9512485136742,455.4173602853745,154.81450653983353,10
313,Killian Hayes,Detroit Pistons,PG,18,79,7,14,209.6,1,3,33.3,3,6,100.0,0,15,15,20,4,0,5,2,-12,53,33,38,35,27.0,18.75,54.0,2.75,252.75,74.75,153.0,124.75,4
314,Kira Lewis Jr.,Utah Jazz,PG,17,45,6,15,94.4,3,4,75.0,2,5,83.3,2,4,6,7,1,0,4,0,-25,30,23,24,13,99.36678200692042,17.778546712802772,13.207612456747404,1.1695501730103803,271.08996539792383,199.0,151.26297577854675,51.17993079584775,4
315,Klay Thompson,Golden State Warriors,SG,199,292,72,161,442.4,14,15,550.0,41,101,401.8,5,21,26,24,13,6,16,4,24,249,225,223,50,377.9750297265161,26.917954815695598,40.42330558858502,15.841854934601663,464.72651605231863,411.48513674197386,439.79667063020213,58.760998810939356,10
316,Kobe Brown,LA Clippers,G,6,32,3,7,200.0,0,0,0.0,0,2,0.0,4,6,10,2,5,0,3,0,-20,18,16,8,12,13.448000000000002,13.248,1.7120000000000002,0.008,26.008,19.592,11.512,23.312000000000005,5
317,Kobe Bufkin,Atlanta Hawks,G,27,81,11,31,158.4,1,2,50.0,4,14,115.0,1,10,11,14,6,3,4,1,21,52,38,41,25,72.63265306122449,3.9795918367346945,14.959183673469388,2.836734693877551,134.6326530612245,95.83673469387756,113.83673469387753,16.53061224489796,5
318,Kobi Simmons,Toronto Raptors,G,9,41,4,12,66.7,0,0,0.0,1,5,50.0,1,2,3,6,4,5,1,1,-24,18,12,15,9,12.654320987654321,0.5061728395061729,18.22222222222222,0.5061728395061729,0.0,18.22222222222222,0.5061728395061728,12.654320987654321,2
319,Kris Dunn,Utah Jazz,G,55,218,24,51,429.9,0,0,0.0,7,19,300.0,8,23,31,31,27,9,10,6,-37,117,86,86,62,116.6,43.684,30.936,6.164,312.24399999999997,232.724,192.656,78.084,10
320,Kris Murray,Portland Trail Blazers,F,93,322,37,92,344.2,6,10,233.4,13,46,220.8,16,33,49,22,20,11,15,6,-80,164,142,115,71,411.8553590010406,31.63423517169615,15.881373569198752,16.73309053069719,473.8069719042664,520.8621227887617,367.49115504682624,44.82466181061395,10
321,Kristaps Porzingis,Boston Celtics,C,207,308,72,160,455.0,41,45,900.0,22,63,339.2,24,52,76,19,27,11,15,19,78,302,283,226,95,75.24845679012344,102.5,5.049382716049383,21.73611111111111,313.40277777777777,295.6929012345679,85.06944444444443,115.43827160493825,10
322,Kyle Anderson,Minnesota Timberwolves,SF,88,285,35,74,445.1,17,24,535.0,1,3,50.0,12,32,44,56,21,11,8,7,74,188,132,144,100,119.812744749021,16.462798148807405,23.940192239231045,0.9259522961908153,148.16091135635455,154.90423638305447,105.24741901032397,48.224991100035595,10
323,Kyle Kuzma,Washington Wizards,SF,226,358,88,184,498.4,38,49,741.7,12,44,228.6,3,63,66,52,24,7,33,7,-43,344,292,278,118,499.60069444444446,34.4140625,54.67100694444444,18.9140625,729.625,549.6085069444445,663.6015625,105.10069444444444,10
324,Kyle Lowry,Philadelphia 76ers,PG,86,279,28,68,372.9,14,17,550.0,16,45,328.3,2,24,26,35,21,10,14,2,-48,147,112,121,61,390.6828512396694,22.509297520661157,68.68595041322314,12.400826446280991,518.1528925619834,441.6404958677686,426.9101239669421,131.48037190082644,10
325,Kyrie Irving,Dallas Mavericks,PG,243,352,95,185,516.4,26,28,583.3,27,71,370.6,7,39,46,62,20,14,20,3,96,351,289,305,108,393.7004998077663,37.090349865436366,117.7039600153787,18.507881584006153,752.7754709727028,441.7543252595155,655.6574394463668,203.85851595540177,10
326,LaMelo Ball,Charlotte Hornets,PG,32,55,12,37,66.1,5,6,150.0,3,17,34.7,1,5,6,15,10,3,7,0,-49,53,38,47,21,2.0,2.0,0.5,0.5,4.5,8.0,0.5,0.5,2
327,Lamar Stevens,Memphis Grizzlies,PF,110,212,42,102,430.7,21,23,533.3,5,23,245.0,9,27,36,9,17,8,8,5,-32,155,146,119,45,233.96433470507546,30.647462277091908,10.190672153635118,2.6680384087791498,325.9026063100137,260.58161865569275,300.67901234567904,39.444444444444436,10
328,Landry Shamet,Washington Wizards,SG,55,184,20,55,273.1,7,7,300.0,8,35,104.1,4,10,14,8,12,4,9,2,-68,77,69,63,22,330.90000000000003,22.5,5.700000000000001,15.624999999999998,463.7,413.80000000000007,373.0,35.99999999999999,10
329,Larry Nance Jr.,New Orleans Pelicans,PF,68,249,28,44,581.7,9,12,283.4,3,9,116.6,14,33,47,22,14,13,2,0,6,137,115,90,69,195.44132653061226,81.22704081632654,10.0,2.100127551020408,376.05102040816325,362.33673469387753,215.2984693877551,85.08418367346938,10
330,Lauri Markkanen,Utah Jazz,PF,223,347,68,170,401.2,57,60,956.7,30,80,363.3,20,49,69,26,14,11,18,4,-42,318,292,249,95,334.8261504747991,129.06135865595326,45.68298027757487,34.00730460189919,657.4915997078159,517.5704894083273,451.0029218407597,198.48867786705623,10
331,LeBron James,Los Angeles Lakers,SF,247,358,87,159,545.0,59,71,847.0,14,40,316.6,7,82,89,94,10,7,41,3,68,430,336,341,183,478.8376736111111,89.9765625,36.517361111111114,9.625,478.0,354.51736111111114,613.9765625,114.8376736111111,10
332,Leaky Black,Charlotte Hornets,F,27,151,8,25,232.1,7,10,275.0,4,10,150.0,5,21,26,13,12,2,3,2,-31,66,53,40,39,88.0,30.96,8.41,8.25,118.49000000000001,84.96000000000001,110.40999999999998,50.49,9
333,Leonard Miller,Minnesota Timberwolves,F,0,5,0,1,0.0,0,0,0.0,0,0,0.0,0,0,0,2,0,0,0,0,8,2,0,2,2,0.01384083044982699,0.08650519031141869,1.6747404844290654,0.0,0.7785467128027681,0.1695501730103806,1.384083044982699,1.0,1
334,Lester Quinones,Golden State Warriors,G,52,148,18,49,323.7,9,13,325.0,7,29,200.0,7,17,24,12,16,2,5,0,-30,88,76,64,36,234.625,22.229938271604937,13.736111111111112,10.104938271604938,331.3780864197531,355.6604938271605,224.94444444444449,21.3641975308642,10
335,Lindy Waters III,Oklahoma City Thunder,F,35,78,12,30,373.3,1,1,100.0,10,23,316.6,3,15,18,4,7,1,3,2,-38,57,53,39,22,113.12960760998811,32.284185493460164,4.3115338882283,12.84304399524376,229.88941736028536,197.07609988109394,132.02615933412602,50.512485136741965,9
336,Lonnie Walker IV,Brooklyn Nets,G,46,132,18,58,333.8,2,2,100.0,8,37,139.0,1,14,15,5,8,0,6,3,-35,66,61,51,20,364.144,18.824,3.2840000000000003,22.0,524.356,482.136,400.356,28.116,10
337,Luguentz Dort,Oklahoma City Thunder,G,107,281,34,78,457.1,20,20,800.0,19,50,376.7,7,23,30,19,27,9,11,1,43,156,137,126,49,126.56944444444444,25.736111111111107,17.299999999999997,15.299999999999999,140.50000000000003,87.0,185.73611111111111,37.36944444444444,10
338,Luka Doncic,Dallas Mavericks,PG,294,370,96,222,436.8,63,80,805.6,39,106,363.2,11,86,97,102,19,17,42,3,107,493,391,396,199,455.91715976331363,60.1094674556213,135.75147928994082,31.94378698224852,540.3224852071006,629.5532544378698,329.56213017751475,232.9852071005917,10
339,Luka Garza,Minnesota Timberwolves,C,45,61,16,35,240.8,6,8,200.0,7,20,233.3,8,6,14,1,8,2,3,1,-7,60,59,46,15,54.04999999999999,21.15555555555555,0.9388888888888888,2.1388888888888884,132.2,124.13888888888891,60.15555555555555,24.049999999999997,5
340,Luka Samanic,Utah Jazz,F,42,117,13,39,288.8,12,16,450.0,4,19,178.3,5,24,29,5,10,1,5,4,-49,76,71,47,34,154.44444444444443,58.24444444444444,5.4,2.8000000000000007,387.7777777777777,332.7777777777778,194.64444444444445,78.44444444444446,10
341,Luke Kennard,Memphis Grizzlies,SG,114,269,37,81,458.2,14,14,600.0,26,60,438.3,2,26,28,43,9,7,20,1,-84,185,142,157,71,375.184,11.856,82.216,23.695999999999998,588.6,397.536,541.576,118.744,10
342,Luke Kornet,Boston Celtics,C,57,189,23,36,642.7,11,12,350.0,0,0,0.0,23,27,50,18,9,4,3,11,60,125,107,75,68,176.35069444444443,180.15625,43.5876736111111,0.0,783.8168402777778,564.9027777777778,304.15017361111114,314.8585069444444,10
343,M. Pereira,Memphis Grizzlies,F,14,54,5,14,140.0,3,5,75.0,1,5,50.0,7,9,16,1,6,4,2,3,-7,31,30,15,17,29.528925619834713,40.02479338842974,0.8512396694214875,0.7520661157024793,141.0,123.12396694214874,37.84297520661157,50.43801652892562,4
344,Malachi Flynn,Detroit Pistons,PG,84,163,31,72,386.7,10,15,391.7,12,34,307.9,6,18,24,20,8,9,10,1,-91,128,108,104,44,312.2985397512169,23.20497566252028,22.548404542996217,9.91238507301244,563.5175770686858,481.4353704705246,386.5538128718226,53.580313683071935,10
345,Malaki Branham,San Antonio Spurs,G,64,173,25,69,347.9,7,10,216.7,7,31,226.6,4,10,14,14,8,2,8,1,-44,92,78,78,28,271.18005540166206,21.020621729763004,13.020621729763006,11.603262542320714,384.9042782394583,328.02154509079713,320.02154509079713,42.082486919052016,10
346,Malcolm Brogdon,Portland Trail Blazers,PG,102,218,37,83,266.20000000000005,17,19,433.3,11,30,202.89999999999998,7,22,29,40,13,4,17,2,4,171,131,142,69,100.0,28.833333333333336,7.333333333333334,6.833333333333334,113.5,66.83333333333334,151.33333333333331,31.5,6
347,Malik Beasley,Milwaukee Bucks,SG,137,316,48,112,429.7,7,7,300.0,34,89,382.8,2,31,33,11,18,3,8,2,34,181,170,148,44,230.76331360946745,26.36094674556213,10.928994082840237,18.68639053254438,236.01775147928996,241.91715976331363,239.28994082840237,22.863905325443785,10
348,Malik Monk,Sacramento Kings,SG,157,272,57,138,394.0,31,33,730.0,12,58,166.1,6,27,33,44,31,6,17,2,13,234,190,201,77,647.700832466181,24.11758584807492,14.558272632674297,11.605098855359001,864.792924037461,814.2460978147762,684.5421436004162,52.38137356919875,10
349,Mamadi Diakite,New York Knicks,F,0,5,0,0,0.0,0,0,0.0,0,0,0.0,0,1,1,0,1,1,0,0,0,1,1,0,1,0.0,0.19753086419753085,0.0,0.0,0.19753086419753085,0.19753086419753085,0.0,0.19753086419753085,1
350,MarJon Beauchamp,Milwaukee Bucks,F,30,42,10,16,350.0,7,8,175.0,3,7,200.0,2,9,11,1,4,1,3,0,-17,42,41,31,12,64.50666666666666,13.240000000000002,0.8933333333333334,2.0400000000000005,123.75999999999999,112.33333333333331,72.36000000000001,17.706666666666667,6
351,Marcus Morris Sr.,Cleveland Cavaliers,SF,42,108,15,34,274.7,4,6,200.0,8,18,300.0,3,17,20,7,6,1,6,1,-20,69,62,49,27,109.06122448979592,31.387755102040817,6.854591836734694,9.346938775510205,186.875,201.26530612244898,97.40561224489795,35.50765306122449,6
352,Marcus Morris Sr.,Philadelphia 76ers,SF,40,98,16,38,166.7,4,4,200.0,4,13,103.3,0,14,14,3,5,2,6,1,-21,57,54,43,17,106.89795918367345,5.020408163265307,3.2602040816326534,2.3265306122448983,142.75,129.22448979591837,119.62755102040816,9.076530612244898,4
353,Marcus Sasser,Detroit Pistons,G,86,261,30,86,372.9,13,14,290.0,13,41,376.3,1,25,26,43,18,6,17,1,-59,155,112,129,69,319.38775510204084,17.660974593919203,36.10703873386089,6.112036651395252,452.63265306122446,322.0807996668055,445.7280299875052,57.9795918367347,10
354,Markelle Fultz,Orlando Magic,PG,54,177,25,68,362.1,2,2,100.0,2,5,66.7,10,16,26,21,13,6,9,3,22,101,80,75,47,115.71995464852608,54.590702947845806,35.97959183673469,3.6655328798185938,365.7755102040816,243.10204081632654,228.68594104308391,100.27777777777779,10
355,Markieff Morris,Dallas Mavericks,PF,5,11,2,3,150.0,0,0,0.0,1,2,50.0,0,2,2,0,0,0,0,0,4,7,7,5,2,0.8199999999999998,2.08,0.72,0.8200000000000001,5.779999999999999,4.58,2.5,2.32,2
356,Marques Bolden,Charlotte Hornets,C,0,13,0,1,0.0,0,0,0.0,0,0,0.0,0,1,1,0,1,0,1,0,2,1,1,0,1,0.0,0.7551020408163267,0.0,0.0,0.7551020408163267,0.7551020408163267,0.0,0.7551020408163267,2
357,Marvin Bagley III,Washington Wizards,PF,142,257,61,97,617.9,14,17,633.3,6,9,450.0,32,50,82,11,9,4,8,11,-8,235,224,153,93,261.8347107438017,118.59320477502297,16.07254361799816,4.413223140495868,271.2314049586777,265.5408631772268,238.74471992653812,163.44628099173553,10
358,Mason Jones,Sacramento Kings,G,7,18,2,6,66.7,1,2,50.0,2,5,66.7,1,4,5,5,0,1,1,0,3,17,12,12,10,18.877551020408163,6.795918367346937,6.795918367346937,3.020408163265306,0.7551020408163271,3.020408163265307,3.020408163265307,27.18367346938775,2
359,Mason Plumlee,LA Clippers,C,52,117,19,30,603.3,14,21,450.0,0,0,0.0,13,34,47,8,14,3,11,5,7,107,99,60,55,74.19834710743802,98.35537190082646,9.629752066115701,0.0,241.52561983471074,242.4214876033058,79.6396694214876,101.64793388429752,10
360,Matisse Thybulle,Portland Trail Blazers,SG,67,209,25,53,398.9,5,7,200.0,12,31,335.0,7,24,31,20,14,17,12,7,-23,118,98,87,51,328.3225308641975,38.13734567901235,20.27777777777778,12.253086419753084,687.7777777777778,539.6111111111112,447.28549382716045,87.61882716049382,10
361,Matt Ryan,New Orleans Pelicans,F,28,72,10,27,233.3,0,0,0.0,8,21,194.4,1,8,9,2,7,0,2,0,-8,39,37,30,11,195.18229166666666,17.515625,1.5989583333333333,17.973958333333336,329.76562499999994,316.7291666666667,206.99999999999997,20.333333333333336,9
362,Matthew Hurt,Memphis Grizzlies,F,32,110,12,33,215.9,3,3,200.0,5,19,233.4,9,7,16,4,8,3,2,3,-7,52,48,36,20,163.8343195266272,34.95857988165681,4.934911242603551,5.335798816568047,360.0,296.6272189349112,213.72781065088756,53.37278106508876,7
363,Max Christie,Los Angeles Lakers,G,31,106,12,24,569.4,1,2,50.0,6,12,350.0,1,14,15,4,3,0,4,0,-1,50,46,35,19,78.4254182983268,6.607689569241723,2.564613741545034,4.402278390886436,129.7230331078676,109.22249911000354,95.19223923104308,12.906016375934497,10
364,Max Strus,Cleveland Cavaliers,SG,128,304,45,97,431.3,13,16,416.7,25,65,345.2,11,19,30,40,26,9,20,4,-42,198,158,168,70,319.60219478738,28.573388203017835,41.27297668038408,38.585733882030176,393.6049382716049,396.4499314128944,330.5898491083677,56.013717421124824,10
365,Maxi Kleber,Dallas Mavericks,PF,25,161,8,20,341.7,4,6,200.0,5,16,266.7,4,20,24,14,16,6,2,3,55,63,49,39,38,76.43758573388203,32.40054869684499,16.641975308641975,6.842935528120714,135.86419753086417,91.0,128.4787379972565,41.86556927297668,10
366,Maxwell Lewis,Los Angeles Lakers,F,0,5,0,1,0.0,0,0,0.0,0,1,0.0,0,0,0,2,0,0,0,0,-3,2,0,2,2,0.0256,0.0,2.5600000000000005,0.0,2.0736,0.0256,2.0736,2.5600000000000005,1
367,Micah Potter,Utah Jazz,C,26,99,9,16,300.0,3,3,200.0,5,10,250.0,5,14,19,2,5,0,2,1,-3,47,45,28,21,122.80210387902694,8.851413543721236,1.5029585798816567,6.1610782380013145,140.06508875739644,122.70414201183432,139.55555555555557,10.961867192636424,8
368,Michael Porter Jr.,Denver Nuggets,SF,189,322,71,128,549.1,19,22,780.0,28,63,444.0,15,53,68,17,12,8,11,3,51,274,257,206,85,411.78608802708527,25.6398891966759,20.14681440443213,13.777777777777779,365.6429670667898,448.0741766697445,330.46845183133274,44.67313019390582,10
369,Mikal Bridges,Brooklyn Nets,SF,177,352,60,140,414.59999999999997,20,24,635.7,37,84,439.6,11,34,45,34,13,14,20,3,-24,256,222,211,79,308.3317479191439,34.60701545778835,22.746730083234244,34.19322235434007,333.4821640903686,304.961355529132,321.2378121284185,72.96848989298454,10
370,Mike Conley,Minnesota Timberwolves,PG,150,293,53,106,480.2,20,23,696.7,24,57,379.5,6,18,24,51,20,12,11,3,19,225,174,201,75,521.937344250623,24.81523673905304,40.94873620505518,38.53684585261659,610.7201851192596,580.4471342114631,554.7258810964756,63.248487006051974,10
371,Mike Muscala,Oklahoma City Thunder,C,26,121,9,32,234.2,1,2,50.0,7,23,250.0,6,14,20,6,6,3,1,1,36,52,46,32,26,108.44444444444446,22.51939513477975,7.580539119000658,12.301775147928993,243.0795529257068,208.94674556213022,129.52925706771862,43.14792899408284,10
372,Miles Bridges,Charlotte Hornets,SF,201,388,81,172,471.9,23,37,501.1,16,60,244.3,16,55,71,35,12,9,24,3,-109,307,272,236,106,253.04938271604937,45.15363511659808,30.530864197530864,17.131001371742116,309.235939643347,296.3923182441701,252.71604938271605,88.86145404663924,10
373,Miles McBride,New York Knicks,PG,131,334,47,95,413.2,11,12,383.3,26,59,295.8,8,14,22,26,27,10,5,1,79,179,153,157,48,1040.3650416171224,17.638525564803803,36.5,86.43043995243758,1417.3870392390013,1117.128418549346,1318.899524375743,75.86266349583829,10
374,Mitchell Robinson,New York Knicks,C,15,32,6,12,133.3,3,6,100.0,0,0,0.0,8,6,14,0,3,0,4,2,4,29,29,15,14,0.53125,53.125,0.0,0.0,43.03125,43.03125,0.53125,53.125,2
375,Mo Bamba,Philadelphia 76ers,C,77,213,29,49,574.5,9,13,325.0,10,22,440.0,17,45,62,11,30,8,8,14,-24,150,139,88,73,136.5,53.93400713436385,16.923305588585016,4.66884661117717,274.47859690844234,256.02021403091555,167.18192627824018,58.63376932223543,10
376,Monte Morris,Minnesota Timberwolves,PG,45,145,17,40,505.0,3,5,200.0,8,17,316.7,3,8,11,22,3,7,3,1,19,78,56,67,33,73.15077051228654,5.244897959183675,43.74010828821324,7.600166597251145,166.6397334443982,82.34319033735943,160.28696376509788,46.14535610162432,10
377,Moritz Wagner,Orlando Magic,C,85,148,34,55,635.6,12,17,510.0,5,14,283.3,12,25,37,17,12,4,14,2,29,139,122,102,54,204.15494040753558,68.01191849288736,38.1526336024606,4.508650519031142,414.1111111111111,375.42714340638213,219.2733564013841,129.73010380622839,10
378,Moses Brown,Portland Trail Blazers,C,34,79,14,27,393.3,6,21,140.8,0,0,0.0,12,11,23,4,10,1,4,4,-13,61,57,38,27,72.0,25.342222222222222,6.080000000000002,0.0,146.67555555555555,116.80888888888889,88.47999999999999,44.80888888888889,8
379,Moses Moody,Golden State Warriors,SG,79,170,29,65,485.7,13,15,433.3,8,29,263.3,13,19,32,10,18,7,7,5,27,121,111,89,42,159.8686200378072,80.41965973534973,12.004725897920606,15.917769376181475,449.14366729678636,374.3676748582231,230.23629489603024,96.83270321361057,10
380,Mouhamadou Gueye,Toronto Raptors,F,11,49,5,17,208.3,1,4,25.0,0,1,0.0,6,2,8,1,4,1,5,5,-42,20,19,12,9,1.8125,6.328125,0.8003472222222222,0.0,12.201388888888888,11.078125,2.1753472222222228,7.888888888888889,5
381,Moussa Diabate,LA Clippers,F,2,7,1,1,100.0,0,2,0.0,0,0,0.0,1,3,4,0,0,1,0,1,1,6,6,2,4,0.0,0.0,0.0,0.0,0.0,0.0,0.0,0.0,1
382,Myles Turner,Indiana Pacers,C,160,272,60,120,484.9,19,27,608.4,21,48,397.6,10,46,56,16,26,4,9,19,28,232,216,176,72,464.2437673130194,45.711295783317944,21.20775623268698,28.21883656509695,517.9329024315174,532.503539550631,484.14404432132966,32.4481378885811,10
383,Naji Marshall,New Orleans Pelicans,SF,73,216,30,67,425.3,2,2,100.0,11,31,392.1,4,40,44,16,12,9,6,1,38,133,117,89,60,172.48632580261594,48.999405469678955,8.709274673008323,12.968489892984541,392.8049940546968,344.04815695600473,208.90428061831153,70.04756242568371,10
384,Nassir Little,Phoenix Suns,SF,18,64,7,18,258.3,0,0,0.0,4,11,250.0,0,11,11,5,7,0,1,2,-9,34,29,23,16,37.47242455775234,15.509885535900105,4.332986472424557,2.0426638917793967,65.13839750260146,57.23621227887617,43.778355879292405,21.439125910509883,7
385,Nate Hinton,Houston Rockets,G,12,22,4,7,110.0,2,3,66.7,2,3,66.7,1,5,6,3,4,1,1,2,10,21,18,15,9,48.05555555555556,6.722222222222221,1.3888888888888884,2.5,97.38888888888886,75.55555555555557,65.0,13.0,2
386,Nathan Mensah,Charlotte Hornets,C,4,59,2,5,66.7,0,0,0.0,0,0,0.0,4,6,10,1,13,2,1,4,-17,15,14,5,11,13.75,9.9375,0.859375,0.0,41.359375,44.4375,13.484375,7.984375,7
387,Naz Reid,Minnesota Timberwolves,C,183,293,67,143,465.6,20,25,559.2,29,72,350.0,8,62,70,24,26,9,15,13,31,277,253,207,94,706.3902345251827,98.9842368319877,24.0,60.33717800845828,962.4325259515571,875.3737024221454,772.9392541330259,143.49404075355633,10
388,Neemias Queta,Boston Celtics,C,39,80,19,26,443.4,1,2,100.0,0,0,0.0,12,17,29,4,8,3,4,6,63,72,68,43,33,78.9375,55.24609375,2.12109375,0.0,228.734375,238.96484375,76.33984375,49.734375,7
389,Nic Claxton,Brooklyn Nets,C,118,311,51,81,655.8,16,31,563.3,0,1,0.0,33,72,105,23,25,8,11,14,-37,246,223,141,128,229.60047562425683,110.69024970273485,16.557074910820454,0.0,329.6860879904875,368.30975029726517,215.3870392390012,102.8370986920333,10
390,Nick Jr. Smith,Charlotte Hornets,G,53,164,17,59,301.1,8,9,187.5,11,32,275.0,2,10,12,17,19,4,5,0,8,82,65,70,29,260.0723155588021,13.599707815924033,26.04601899196494,16.93718042366691,381.6479181884588,285.1197954711468,328.7859751643535,67.46018991964938,10
391,Nick Richards,Charlotte Hornets,C,96,289,39,59,663.5,18,24,525.0,0,0,0.0,26,72,98,8,22,3,10,6,-36,202,194,104,106,142.563901744393,169.812744749021,9.606977572089711,0.0,265.60911356354575,304.4001423994304,124.22997508009966,158.9626201495194,10
392,Nickeil Alexander-Walker,Minnesota Timberwolves,SG,100,268,36,78,412.2,7,9,183.3,21,46,401.2,8,18,26,22,15,6,8,5,76,148,126,122,48,568.0746173469388,43.0797193877551,28.044005102040813,25.676020408163264,848.9674744897959,725.765306122449,646.7755102040817,115.625,10
393,Nicolas Batum,Philadelphia 76ers,PF,40,272,15,42,292.9,1,2,50.0,9,31,225.0,13,35,48,18,15,9,8,5,-3,106,88,58,66,144.93402777777777,53.77777777777777,21.77777777777778,11.0,349.15625,241.26736111111111,221.2673611111111,107.11111111111111,10
394,Nikola Jokic,Denver Nuggets,C,268,365,107,186,586.9,47,56,861.7,7,23,211.6,24,91,115,74,19,18,28,9,90,457,383,342,189,553.926775147929,125.39940828402366,87.34097633136095,8.888313609467454,884.0147928994082,775.2729289940828,634.8284023668639,240.58062130177512,10
395,Nikola Jovic,Miami Heat,F,79,218,29,67,445.8,6,7,250.0,15,43,350.2,3,34,37,19,17,8,10,4,35,135,116,98,56,106.27100073046019,71.72169466764062,19.40321402483565,11.159240321402482,327.1592403214025,254.41051862673484,141.81300219138058,128.33162892622352,10
396,Nikola Vucevic,Chicago Bulls,C,169,330,72,138,531.7,15,20,475.0,10,37,243.3,23,77,100,32,21,5,17,10,-51,301,269,201,132,368.076694411415,168.33055885850177,29.693222354340072,6.297265160523186,508.8567181926278,577.5178359096315,320.3478002378121,177.09155766944113,10
397,Noah Clowney,Brooklyn Nets,F,24,102,9,25,166.2,1,4,50.0,3,13,108.3,7,14,21,6,7,3,2,2,10,51,45,30,27,70.96484375,28.21484375,6.7021484375,1.7177734375,151.8271484375,158.0,68.7490234375,30.9599609375,7
398,Norman Powell,LA Clippers,G,163,280,58,111,538.0,27,33,675.0,20,55,386.9,4,22,26,11,18,6,10,2,-20,200,189,174,37,270.2751736111111,40.6640625,7.066840277777778,10.15625,428.7890625,420.27777777777777,270.40625,56.111111111111114,10
399,O.G. Anunoby,New York Knicks,SF,83,194,33,70,262.7,9,14,243.3,8,28,138.3,3,24,27,12,12,16,13,5,107,122,110,95,39,431.93491124260356,55.0,6.0,8.757396449704142,260.7810650887574,260.7810650887574,441.9349112426035,51.0,6
400,Obi Toppin,Indiana Pacers,PF,73,177,29,48,647.0,6,8,350.0,9,22,393.3,9,26,35,14,14,5,6,3,9,122,108,87,49,55.50277777777778,30.525,12.677777777777777,9.177777777777777,119.77777777777777,121.61111111111111,43.836111111111116,53.03611111111111,10
401,Ochai Agbaji,Toronto Raptors,G,80,272,34,80,355.6,6,12,225.0,6,27,178.3,20,20,40,17,19,11,11,5,-102,137,120,97,57,201.77599999999998,76.064,26.884,4.436,522.644,447.056,248.916,131.39600000000002,10
402,Olivier Sarr,Oklahoma City Thunder,C,11,22,4,7,125.0,3,5,116.7,0,1,0.0,4,4,8,0,3,0,1,1,-14,19,19,11,8,34.92,6.920000000000002,0.0,0.0,59.68000000000001,59.68000000000001,34.92,6.920000000000002,3
403,OlivierMaxence Prosper,Dallas Mavericks,F,10,36,3,6,150.0,4,7,57.1,0,2,0.0,2,6,8,0,1,1,1,1,-14,18,18,10,8,30.560000000000002,15.111111111111114,0.0,0.0,87.80444444444444,87.80444444444444,30.560000000000002,15.111111111111114,4
404,Omer Yurtseven,Utah Jazz,C,43,86,19,28,326.1,4,7,200.0,1,3,50.0,12,15,27,5,10,1,3,6,-14,75,70,48,32,165.50462962962962,37.541666666666664,10.171296296296296,0.8333333333333335,342.54166666666663,276.6851851851852,215.5,63.57407407407406,6
405,Onuralp Bitim,Chicago Bulls,SF,50,153,22,45,454.4,0,0,0.0,6,21,166.7,5,12,17,9,14,2,3,1,-38,76,67,59,26,265.87901701323256,50.12287334593572,4.900756143667297,6.749527410207939,510.1294896030246,477.5406427221172,285.0595463137996,68.43194706994329,10
406,Onyeka Okongwu,Atlanta Hawks,PF,147,296,61,89,703.8000000000001,16,22,492.9,9,19,466.6,32,44,76,11,28,7,5,15,4,234,223,158,87,308.4240362811791,185.95918367346937,9.244897959183675,5.6893424036281175,807.5192743764171,822.7913832199548,307.3560090702948,181.0,10
407,Orlando Robinson,Miami Heat,C,13,59,4,11,108.3,4,5,175.0,1,2,100.0,8,9,17,5,4,1,3,0,4,35,30,18,22,50.81069958847737,21.79835390946502,2.851851851851852,0.8353909465020576,85.82304526748973,72.2551440329218,67.61316872427984,21.415637860082306,6
408,Oscar Tshiebwe,Indiana Pacers,C,3,5,1,3,33.3,1,2,50.0,0,0,0.0,2,0,2,0,1,0,0,1,8,5,5,3,2,0.25,0.0,0.0,0.0,0.25,0.25,0.25,0.0,1
409,Oshae Brissett,Boston Celtics,SF,46,179,15,33,477.2,12,23,288.3,4,12,283.3,16,24,40,15,13,3,4,2,61,101,86,61,55,112.4,62.400000000000006,21.80625,2.40625,335.90625,238.79999999999998,193.70625,100.00625000000001,10
410,Ousmane Dieng,Oklahoma City Thunder,F,28,90,10,25,324.4,4,4,200.0,4,14,220.0,1,7,8,14,3,3,6,3,16,50,36,42,22,122.49704142011836,6.0,21.124260355029588,4.295857988165681,242.1183431952663,164.49704142011836,196.11834319526628,31.124260355029584,8
411,P.J. Tucker,LA Clippers,PF,19,147,7,19,183.3,0,0,0.0,5,12,283.4,7,21,28,4,12,4,4,4,-22,51,47,23,32,63.509641873278234,39.509641873278234,4.28099173553719,4.225895316804408,169.30578512396696,130.03856749311294,85.28374655647383,61.28374655647383,9
412,P.J. Washington,Dallas Mavericks,PF,86,320,32,91,370.9,9,16,300.0,13,52,248.3,9,55,64,12,20,10,4,10,78,162,150,98,76,195.16343490304706,96.60695598645736,8.448137888581101,15.086180363188673,382.05663281009544,330.1785164666052,211.80363188673434,140.29301323484148,10
413,Paolo Banchero,Orlando Magic,PF,192,342,69,147,527.7,40,52,656.7,14,49,377.3,5,61,66,62,17,7,34,7,45,320,258,254,128,251.83340274885464,74.48812994585589,59.85339441899209,8.850478967097041,386.00499791753447,341.18617242815486,269.3511037067889,161.6426488962932,10
414,Pascal Siakam,Indiana Pacers,PF,235,313,93,168,541.9,44,64,636.5,5,14,250.0,23,79,102,37,21,11,14,5,70,374,337,272,139,423.125,103.70000000000002,26.37777777777778,5.502777777777778,526.4027777777777,532.3249999999999,389.6694444444445,157.61111111111111,10
415,Pat Connaughton,Milwaukee Bucks,SG,54,217,19,47,449.4,9,11,450.0,7,29,329.3,7,18,25,27,12,2,7,2,20,106,79,81,52,80.58418367346938,20.5797193877551,64.43176020408164,2.3469387755102042,146.41836734693877,123.40625,102.92155612244898,85.68622448979592,10
416,Patrick Baldwin Jr.,Washington Wizards,F,42,156,15,49,275.9,5,7,260.0,7,30,171.9,6,31,37,12,12,8,7,7,-56,91,79,54,49,153.55102040816325,68.36109954185756,19.695960016659726,6.177009579341941,390.98750520616414,266.44856309870886,225.95835068721365,140.18867138692212,10
417,Patrick Beverley,Milwaukee Bucks,PG,48,204,15,47,251.7,11,13,416.7,7,27,240.0,3,20,23,21,21,5,3,6,-7,92,71,69,44,272.7750865051903,27.91041906958862,35.31833910034602,6.252595155709343,539.1295655517108,373.09381007304887,397.75432525951555,104.28527489427144,10
418,Patrick Williams,Chicago Bulls,PF,6,24,2,9,22.2,2,2,100.0,0,5,0.0,0,6,6,2,5,0,2,2,-11,14,12,8,8,0.0,0.0,0.0,0.0,0.0,0.0,0.0,0.0,1
419,Patty Mills,Miami Heat,PG,56,180,20,66,264.7,9,9,300.0,7,43,137.5,4,8,12,19,12,11,7,0,57,87,68,75,31,260.24271267102915,9.70493753718025,15.271267102914933,6.100535395597859,289.34741225461033,258.4271267102915,282.3682331945271,33.77096966091612,10
420,Paul George,LA Clippers,F,238,346,85,161,537.7,33,33,700.0,35,73,481.9,3,44,47,33,26,15,19,9,25,318,285,271,80,284.2777777777778,52.43611111111111,38.2,20.83611111111111,517.225,347.725,431.6111111111111,112.80277777777778,10
421,Paul Reed,Philadelphia 76ers,SF,75,229,27,60,461.8,19,24,600.0,2,9,150.0,31,40,71,12,24,13,14,15,-3,158,146,87,83,145.64724245577526,9.020291363163372,14.013007284079086,1.7133194588969825,199.84599375650367,202.4105098855359,139.0369406867846,27.079084287200835,10
422,Payton Pritchard,Boston Celtics,PG,125,284,47,101,435.7,9,11,400.0,22,55,378.0,9,23,32,51,14,4,11,0,68,208,157,176,83,506.43471074380165,23.6,160.6099173553719,31.682644628099172,1152.885950413223,588.0347107438016,1041.6859504132233,213.80991735537188,10
423,Peyton Watson,Denver Nuggets,F,50,171,21,54,357.8,6,11,350.0,2,14,200.0,8,30,38,8,21,3,5,8,-20,96,88,58,46,102.2925089179548,43.63436385255648,7.662901307966706,1.686682520808561,266.9678953626635,213.1587395957194,140.99464922711059,66.40428061831153,10
424,Precious Achiuwa,New York Knicks,PF,76,223,31,53,568.2,12,19,375.0,2,7,133.3,30,49,79,16,21,6,15,12,-20,171,155,92,95,280.81807372175984,137.03507728894175,16.772889417360286,1.6343638525564805,680.9851367419739,656.4857312722949,314.332936979786,144.79250891795482,10
425,Quentin Grimes,Detroit Pistons,SG,82,213,26,80,296.2,19,24,525.0,11,50,200.0,2,27,29,19,13,7,9,4,-12,130,111,101,48,312.44628099173553,35.19834710743802,14.900826446280991,10.900826446280991,442.06611570247935,483.0495867768595,277.6942148760331,43.86776859504132,10
426,R. Rupert,Portland Trail Blazers,G,45,212,16,40,447.5,8,9,450.0,5,17,133.3,6,23,29,25,24,3,12,2,-36,99,74,70,54,78.61814744801512,29.03780718336484,26.390359168241968,8.542533081285445,228.86672967863893,174.40075614366728,111.06332703213612,77.44896030245746,10
427,RJ Barrett,Toronto Raptors,SG,208,328,85,152,559.5,20,43,406.1,18,37,425.0,9,42,51,46,22,5,28,4,-39,305,259,254,97,255.64444444444445,58.24444444444445,50.577777777777776,15.777777777777777,454.77777777777777,307.8,398.8,112.64444444444445,10
428,Reggie Bullock,Houston Rockets,SF,26,120,9,22,449.9,0,0,0.0,8,20,466.6,3,26,29,2,6,5,2,1,8,57,55,28,31,26.454631379962194,51.43100189035917,1.6001890359168243,3.622873345935728,127.0,131.42627599243855,23.648393194706998,51.411153119092624,10
429,Reggie Jackson,Denver Nuggets,PG,100,210,36,90,395.5,17,20,372.7,11,33,382.7,5,7,12,43,18,7,16,1,24,155,112,143,55,320.5665873959572,15.862663495838287,82.36266349583829,5.080856123662306,515.0665873959572,303.8026159334126,487.55588585017836,142.5,10
430,Richaun Holmes,Washington Wizards,F,88,241,35,62,516.4,18,21,591.7,0,2,0.0,31,52,83,9,31,7,8,8,-2,180,171,97,92,293.40625,269.44444444444446,7.066840277777777,0.004340277777777778,993.5668402777778,920.7673611111111,331.1085069444444,311.60850694444446,10
431,Ricky IV Council,Philadelphia 76ers,G,55,88,17,38,431.6,17,24,483.3,4,12,233.3,2,8,10,6,5,0,2,1,-1,71,65,61,16,238.55918367346936,15.6,4.530612244897958,5.575510204081633,392.2081632653061,343.0734693877551,284.77959183673465,23.044897959183672,10
432,Robin Lopez,Milwaukee Bucks,C,6,23,3,9,37.5,0,0,0.0,0,2,0.0,1,0,1,1,3,1,0,2,-16,8,7,7,2,21.92,0.52,0.6800000000000002,0.0,24.48,29.0,18.28,0.32000000000000006,2
433,Royce O'Neale,Phoenix Suns,PF,65,196,26,55,482.7,0,0,0.0,13,36,408.4,7,35,42,21,14,2,9,3,-8,128,107,86,63,284.8345303073829,21.364550416546965,18.903476012640045,21.99511634587762,300.46997989083593,347.8371157713301,237.63860959494397,40.09681126113186,10
434,Rudy Gobert,Minnesota Timberwolves,C,144,374,57,82,699.2,30,47,651.7,0,0,0.0,42,101,143,17,40,6,17,24,57,304,287,161,160,322.0,44.29651545036161,14.14792899408284,0.0,276.89809335963184,358.19395134779745,259.9940828402367,39.154503616042064,10
435,Rui Hachimura,Los Angeles Lakers,PF,163,314,64,113,571.7,17,20,608.3,18,39,389.2,7,46,53,13,17,0,5,4,26,229,216,176,66,350.80178516466606,152.1295783317944,6.628193290243152,37.62080640196983,651.9153585718683,663.419513696522,344.8476454293629,153.207756232687,10
436,Russell Westbrook,LA Clippers,PG,88,197,33,95,359.6,20,26,656.7,2,22,45.0,12,13,25,34,15,10,13,0,-10,147,113,122,59,178.44444444444446,23.711111111111112,50.41111111111111,1.777777777777778,422.54444444444454,287.0,272.81111111111113,115.29999999999998,10
437,Ryan Arcidiacono,New York Knicks,G,0,5,0,1,0.0,0,0,0.0,0,1,0.0,0,0,0,0,1,1,0,0,3,0,0,0,0,0.0,0.0625,0.0,0.0,0.0625,0.0625,0.0,0.0625,1
438,Saben Lee,Phoenix Suns,G,35,98,9,28,194.29999999999998,15,20,416.7,2,9,83.3,3,15,18,17,6,4,2,0,11,70,53,52,35,190.68,24.479999999999997,5.720000000000001,1.5200000000000005,336.32,336.0,189.68,31.519999999999996,8
439,Saddiq Bey,Atlanta Hawks,SF,146,337,48,125,372.4,31,35,800.0,19,59,298.4,29,32,61,14,7,4,10,4,-23,221,207,160,75,398.90000000000003,67.125,9.625,14.9,439.4000000000001,478.32500000000005,362.225,74.5,10
440,Sam Hauser,Boston Celtics,SF,131,250,46,92,472.9,0,0,0.0,39,79,465.5,3,35,38,11,9,11,2,6,83,180,169,142,49,789.8501584427343,20.108646446355817,9.0,80.41602535083749,936.9723856948846,936.5681303757357,789.4033499320959,29.959710276143053,10
441,Sam Merrill,Cleveland Cavaliers,SG,105,248,32,77,400.3,10,11,566.7,31,75,396.1,3,24,27,31,12,2,6,2,38,163,132,136,58,231.39642967066789,40.97907048322561,76.81163434903047,25.86426592797784,337.8211757463835,313.56540473992,267.77777777777777,105.66512773160973,10
442,Samardo Samuels,Houston Rockets,F,0,6,0,1,0.0,0,0,0.0,0,0,0.0,1,1,2,0,0,0,0,0,-5,2,2,0,2,1.44,1.9599999999999997,0.0,0.0,0.03999999999999998,0.03999999999999998,1.44,1.9599999999999997,1
443,Sandro Mamukelashvili,San Antonio Spurs,PF,31,55,15,23,368.1,0,1,0.0,1,4,50.0,9,5,14,5,5,2,1,0,27,50,45,36,19,103.72853185595568,14.077562326869808,7.675900277008311,0.9584487534626039,181.28808864265926,151.73961218836564,119.0,36.03047091412743,7
444,Santi Aldama,Memphis Grizzlies,PF,131,328,47,100,472.1,15,22,550.0,22,58,347.0,12,56,68,28,12,11,8,16,-90,227,199,159,96,381.4386094674556,88.16863905325444,35.60724852071006,27.940828402366865,718.6686390532544,569.6042899408284,517.1745562130177,137.1042899408284,10
445,Sasha Vezenkov,Sacramento Kings,F,9,22,2,7,28.6,3,3,100.0,2,4,50.0,0,1,1,1,4,1,0,0,24,11,10,10,2,4.5,0.5,0.5,2.0,4.5,2.0,8.0,0.0,2
446,Scoot Henderson,Portland Trail Blazers,G,153,293,57,147,383.5,26,32,785.0,13,43,278.3,6,31,37,53,35,15,42,2,-138,243,190,206,90,359.0433673469388,38.5,42.1045918367347,8.186224489795919,736.2653061224489,478.11479591836735,583.4795918367347,114.3188775510204,10
447,Scottie Barnes,Toronto Raptors,SF,179,333,70,155,460.1,33,39,674.9,6,36,159.89999999999998,28,63,91,75,18,13,31,14,21,345,270,254,166,391.6640625,102.8515625,85.6640625,4.8515625,827.2890625,587.40625,576.65625,243.40625,10
448,Scotty Pippen Jr.,Memphis Grizzlies,G,128,258,44,90,481.7,21,32,490.4,19,38,530.0,9,22,31,45,31,17,25,7,-74,204,159,173,76,166.44444444444446,15.203017832647463,56.643347050754464,6.92318244170096,186.50754458161865,196.19067215363512,146.14951989026062,82.45816186556928,10
449,Seth Curry,Charlotte Hornets,SG,81,181,29,67,372.5,14,15,566.7,9,31,256.6,4,15,19,17,7,5,7,3,-33,117,100,98,36,233.0,12.900826446280993,16.140495867768593,4.900826446280991,334.3388429752066,276.08264462809916,269.8677685950413,50.429752066115704,10
450,Shai Gilgeous-Alexander,Oklahoma City Thunder,PG,268,342,98,195,502.5,58,73,786.8,14,47,267.6,8,46,54,55,22,18,25,7,72,377,322,323,109,556.4770710059172,69.04437869822485,38.053994082840234,18.45340236686391,823.2366863905326,674.625,704.0621301775149,108.125,10
451,Shake Milton,New York Knicks,SG,49,126,21,46,431.1,2,3,66.7,5,12,250.0,9,19,28,15,12,4,5,2,-6,92,77,64,43,147.6074380165289,79.42148760330579,17.016528925619838,8.582644628099173,506.51652892561987,400.56611570247935,210.74793388429748,139.2479338842975,10
452,Simone Fontecchio,Detroit Pistons,F,158,307,55,116,455.5,19,21,616.7,29,65,413.2,8,41,49,16,20,10,13,5,5,223,207,174,65,506.0,36.90963139120095,14.430439952437576,30.11296076099881,589.4708680142687,547.3923900118907,538.8442330558859,60.574316290130795,10
453,Skylar Mays,Los Angeles Lakers,SG,8,34,4,10,170.0,0,0,0.0,0,3,0.0,0,1,1,3,2,3,2,1,-3,12,9,11,4,14.131519274376416,0.7641723356009069,3.1632653061224487,0.0,12.485260770975056,15.485260770975053,12.47845804988662,2.580498866213152,4
454,Spencer Dinwiddie,Los Angeles Lakers,PG,78,258,21,54,354.8,23,26,638.9,13,30,431.7,1,18,19,20,24,5,10,7,8,117,97,98,39,547.1570247933884,32.920661157024796,32.69421487603306,10.16694214876033,839.1487603305785,675.0000000000001,716.0495867768595,60.87107438016529,10
455,Stanley Umude,Detroit Pistons,G,49,150,16,39,260.4,8,9,366.7,9,25,243.3,5,16,21,3,15,4,4,2,-32,73,70,52,24,177.08,44.0,1.9200000000000002,10.88,278.68,272.78,180.88,48.02,8
456,Stephen Curry,Golden State Warriors,PG,229,314,80,185,439.4,28,30,755.0,41,110,385.6,8,38,46,47,9,3,15,1,79,322,275,276,93,433.54875148632584,84.40428061831153,52.017835909631394,15.434601664684902,796.9256837098692,711.9007134363852,496.7925089179548,158.20332936979787,10
457,Svi Mykhailiuk,Boston Celtics,SG,52,135,18,43,560.4,1,1,100.0,15,37,413.3,2,15,17,14,2,4,2,0,77,83,69,66,31,54.09688581314879,26.62629757785467,12.899653979238753,8.716262975778546,206.7231833910035,139.0,106.39446366782008,54.95155709342561,10
458,T. Vukcevic,Washington Wizards,PF,6,9,2,5,40.0,0,0,0.0,2,4,50.0,0,3,3,0,2,0,1,0,-5,9,9,6,3,18.777777777777775,1.6327160493827158,0.0,2.0864197530864197,31.484567901234563,31.484567901234563,18.777777777777775,1.6327160493827158,1
459,T.J. McConnell,Indiana Pacers,PG,136,195,60,113,536.7,9,10,400.0,7,13,550.0,4,21,25,45,7,9,19,1,18,206,161,181,70,63.85041551246538,18.593105570944907,31.363188673437982,2.401662049861496,136.93628808864267,120.77777777777777,97.97630040012311,31.988919667590032,10
460,T.J. Warren,Minnesota Timberwolves,SF,29,105,13,34,301.2,1,2,50.0,2,11,83.3,5,12,17,7,11,3,4,1,23,53,46,36,24,48.8048,14.875200000000001,6.9328,1.5008000000000001,71.8512,74.4928,39.92,28.0512,8
461,Taj Gibson,Detroit Pistons,F,3,11,1,2,50.0,0,0,0.0,1,2,50.0,0,2,2,0,1,1,0,0,-3,5,5,3,2,2.5600000000000005,0.03999999999999998,0.16000000000000003,0.36,1.9599999999999997,3.2399999999999993,1.44,0.04000000000000007,1
462,Taj Gibson,New York Knicks,F,2,68,0,9,0.0,2,2,100.0,0,2,0.0,4,6,10,4,8,1,3,0,2,16,12,6,14,8.2,10.200000000000001,1.6,0.8000000000000002,15.600000000000001,12.400000000000002,6.6000000000000005,16.599999999999998,5
463,Talen Horton-Tucker,Utah Jazz,SG,64,154,19,65,304.2,16,18,566.7,10,30,384.9,3,17,20,23,12,6,3,5,-48,107,84,87,43,50.625,55.1640625,30.7890625,2.478515625,221.125,155.1015625,107.6015625,95.0,10
464,Taurean Prince,Los Angeles Lakers,PF,86,203,31,62,559.6,8,11,266.7,16,39,470.3,2,24,26,8,12,3,8,6,-9,120,112,94,34,102.32248520710058,32.524408284023664,8.594674556213018,6.428994082840236,151.4889053254438,128.625,116.0828402366864,50.22263313609467,10
465,Taylor Hendricks,Utah Jazz,F,84,270,30,70,468.3,9,11,325.0,15,44,370.2,10,53,63,8,29,5,4,13,-74,155,147,92,71,98.52440828402366,80.58062130177514,3.64792899408284,4.633136094674557,226.5147928994083,200.21597633136093,117.92677514792899,91.125,10
466,Taze Moore,Portland Trail Blazers,G,2,5,1,1,100.0,0,0,0.0,0,0,0.0,0,0,0,1,0,0,1,0,7,3,2,3,1,1.44,0.0,0.6400000000000001,0.0,4.0,1.44,4.0,0.6400000000000001,1
467,Terance Mann,LA Clippers,SG,102,261,36,76,472.4,16,17,650.0,14,35,548.8,8,20,28,9,19,9,5,4,-40,139,130,111,37,232.2292444699799,40.151106004021834,15.820453892559609,2.786555587474864,374.00948003447286,298.64636598678544,324.92760700948,38.63631140476875,10
468,Terquavion Smith,Philadelphia 76ers,G,40,59,14,34,241.1,2,3,100.0,10,26,216.6,0,2,2,10,3,7,4,0,9,52,42,50,12,186.96296296296296,1.4074074074074074,17.185185185185183,17.185185185185183,177.40740740740742,184.66666666666663,179.62962962962965,18.666666666666668,6
469,Terry Rozier,Miami Heat,SG,173,329,69,164,422.2,16,19,472.7,19,58,269.6,5,42,47,36,14,9,12,3,36,256,220,209,83,127.70970428987923,28.541857559350273,62.826322365680966,45.0,189.26364014993752,157.20033319450226,168.97001249479382,82.17117867555186,10
470,Terry Taylor,Chicago Bulls,F,11,46,4,8,275.0,1,2,50.0,2,3,150.0,2,10,12,3,1,1,0,0,-17,26,23,14,15,18.879292403746096,36.79292403746098,3.1873048907388135,1.7585848074921957,122.33298647242458,100.01977107180022,26.878251821019774,54.29448491155047,4
471,Thaddeus Young,Phoenix Suns,F,16,53,8,14,225.0,0,2,0.0,0,0,0.0,12,9,21,4,5,3,2,0,16,41,37,20,25,8.137174211248286,51.41975308641975,4.927297668038408,0.0,71.34567901234568,61.3758573388203,21.77777777777778,52.67626886145405,4
472,Thaddeus Young,Phoenix Suns,PF,41,128,20,28,469.9,1,3,50.0,0,2,0.0,11,18,29,14,12,2,4,1,-24,84,70,55,43,158.90946502057614,27.51851851851852,29.687242798353914,0.0,428.5185185185186,247.6378600823046,304.33333333333326,92.66255144032921,6
473,Thanasis Antetokounmpo,Milwaukee Bucks,SF,10,48,5,11,266.7,0,2,0.0,0,1,0.0,2,1,3,4,8,1,3,1,-18,17,13,14,7,15.09375,1.5,1.5,0.0,20.34375,18.59375,16.84375,3.0,6
474,Theo Maledon,Phoenix Suns,PG,5,10,1,2,50.0,3,3,100.0,0,0,0.0,0,1,1,0,3,0,3,0,-11,6,6,5,1,14.0625,0.5625,0.0,0.0,20.25,20.25,14.0625,0.5625,1
475,Thomas Bryant,Miami Heat,C,89,144,32,58,486.6,21,23,750.0,4,16,233.3,12,39,51,7,16,4,2,7,41,147,140,96,58,516.7501826150474,110.27100073046019,8.100073046018991,4.435354273192112,984.9240321402483,938.8853177501826,566.208911614317,114.95105916727539,10
476,Tim Hardaway Jr.,Dallas Mavericks,SF,95,205,33,84,308.40000000000003,10,15,441.7,19,51,300.6,2,21,23,24,7,9,5,1,56,142,118,119,47,676.6780547860881,60.32717759310557,30.904278239458296,33.47768544167436,1222.682671591259,988.0104647583871,893.8698060941829,108.71191135734072,10
477,Tobias Harris,Philadelphia 76ers,PF,144,344,58,140,397.5,16,21,668.3,12,43,252.8,9,65,74,24,12,11,14,8,-50,242,218,168,98,429.4710743801653,104.69834710743802,15.194214876033056,16.037190082644628,714.8760330578513,598.5,536.0206611570247,129.71900826446281,10
478,Torrey Craig,Chicago Bulls,SF,72,200,26,54,478.3,4,6,200.0,16,37,413.8,5,21,26,14,19,5,6,3,-51,112,98,86,40,121.65233137166139,28.552286102308738,8.522408329560887,14.402897238569487,271.86147578089634,237.6260751471254,152.41466727025804,40.547759167043914,10
479,Tosan Evbuomwan,Detroit Pistons,F,64,210,22,43,552.3,13,20,341.7,7,19,373.3,6,27,33,4,16,3,6,2,-87,101,97,68,37,188.47479912344778,66.44046749452154,4.597516435354273,6.132213294375457,455.9525200876552,407.35208181154127,216.11541271000732,91.99780861943024,10
480,Toumani Camara,Portland Trail Blazers,F,88,292,35,67,507.2,8,9,350.0,10,26,336.6,19,23,42,22,26,8,13,8,-36,152,130,110,64,287.613007256114,51.829078204783656,28.39505509271701,8.024187046492878,548.1117979037894,472.58263907551736,350.604676162322,92.76162321956463,10
481,Trae Young,Atlanta Hawks,PG,235,370,76,173,432.4,45,55,813.4,38,93,399.0,2,18,20,109,22,11,45,2,-38,364,255,344,129,758.2361111111111,12.069444444444445,83.0,45.06944444444444,786.5,622.5,926.4027777777778,90.90277777777777,10
482,Trayce JacksonDavis,Golden State Warriors,F,117,266,54,75,728.8,9,21,378.3,0,1,0.0,31,48,79,20,17,8,6,19,15,216,196,137,99,191.39030612244898,113.51275510204081,25.40625,0.0,448.5082908163266,366.24489795918373,240.8858418367347,171.68686224489798,10
483,Tre Jones,San Antonio Spurs,PG,115,313,42,74,508.6,17,19,650.0,14,26,297.1,7,33,40,64,14,11,16,0,6,219,155,179,104,505.3487503590922,26.232691755242744,39.3725940821603,26.931341568514796,545.0051709278943,518.4513070956622,518.8540649238724,78.65383510485492,10
484,Tre Mann,Charlotte Hornets,PG,123,321,49,101,492.4,13,19,317.1,12,37,298.4,8,37,45,52,15,14,19,1,-62,220,168,175,97,216.4527067221892,38.51338488994646,58.42831647828674,7.8750743604997036,410.6234384295062,330.10350981558594,328.7620464009518,65.15229030339084,10
485,Trendon Watford,Brooklyn Nets,PF,73,140,25,53,454.3,17,22,475.7,6,14,200.0,10,22,32,7,17,5,8,5,-25,112,105,80,39,326.1228733459357,48.84404536862004,16.13705103969754,6.427221172022684,561.7240075614367,481.2221172022684,400.1181474480151,71.48771266540643,10
486,Trent Forrest,Atlanta Hawks,G,24,130,10,28,356.6,4,4,200.0,0,3,0.0,4,10,14,36,3,3,7,2,-11,74,38,60,50,31.076,12.415999999999999,62.464000000000006,0.0,121.844,20.5,117.15599999999999,90.144,10
487,Trevelin Queen,Orlando Magic,SG,0,13,0,3,0.0,0,0,0.0,0,2,0.0,0,1,1,1,1,0,0,0,-17,2,1,1,2,0.0,0.5555555555555556,0.5555555555555556,0.0,0.22222222222222227,0.5555555555555556,0.5555555555555556,0.22222222222222227,2
488,Trey Jemison,Memphis Grizzlies,C,82,232,36,58,546.0,10,12,500.0,0,0,0.0,27,24,51,11,29,3,15,7,-11,144,133,93,62,465.1331496786043,21.648301193755735,6.92653810835629,0.0,532.9568411386593,593.0,407.8301193755739,25.83471074380165,10
489,Trey Lyles,Sacramento Kings,PF,53,186,18,46,392.9,12,16,625.0,5,22,236.7,11,28,39,8,19,0,7,3,1,100,92,61,47,103.99173553719008,15.06198347107438,7.640495867768594,7.148760330578514,183.88429752066114,131.55785123966942,140.88016528925618,38.14049586776859,10
490,Trey Murphy III,New Orleans Pelicans,SG,140,333,44,112,400.1,26,30,760.7,26,75,366.9,8,58,66,29,10,7,9,7,-8,235,206,169,95,162.17777777777778,79.80277777777778,22.5,21.11111111111111,229.16944444444442,176.53611111111113,180.94444444444443,136.16944444444442,10
491,Tristan Thompson,Cleveland Cavaliers,C,18,69,8,14,258.4,2,6,100.0,0,0,0.0,10,14,24,8,8,3,4,3,-8,50,42,26,32,36.79338842975207,23.72451790633609,1.4214876033057853,0.0,81.05234159779613,91.95592286501378,30.74380165289256,20.29201101928375,6
492,Troy Brown Jr.,Detroit Pistons,SF,37,173,12,47,255.4,7,9,230.0,6,26,174.89999999999998,4,24,28,9,6,3,7,0,-61,74,65,46,37,52.44459833795014,33.81717451523546,9.0595567867036,4.470914127423823,184.14404432132963,144.48891966759004,84.12742382271469,50.84903047091413,10
493,TyTy Washington Jr.,Milwaukee Bucks,G,0,8,0,2,0.0,0,0,0.0,0,1,0.0,0,0,0,1,0,0,0,0,-4,1,0,1,1,0.0,0.0,0.44444444444444453,0.0,0.44444444444444453,0.0,0.44444444444444453,0.44444444444444453,1
494,Tyler Herro,Miami Heat,PG,183,325,71,166,433.4,10,13,333.4,31,80,406.0,3,46,49,50,11,0,13,1,35,282,232,233,99,148.11111111111111,40.94444444444444,28.069444444444443,12.944444444444445,309.7361111111111,207.61111111111111,206.125,113.125,10
495,Tyrese Haliburton,Indiana Pacers,PG,176,329,65,146,450.8,22,25,696.7,24,75,320.3,4,40,44,94,16,19,22,8,51,314,220,270,138,182.90816326530614,48.0,91.15625,24.441326530612248,269.88584183673476,147.47959183673473,344.31441326530614,100.15625,10
496,Tyrese Maxey,Philadelphia 76ers,PG,235,380,85,199,429.8,37,45,650.0,28,79,365.6,2,30,32,59,18,9,17,4,-10,326,267,294,91,595.8943758573388,58.3923182441701,83.63100137174212,21.60493827160494,866.0713305898491,883.2716049382716,533.8161865569273,186.90123456790124,10
497,Tyus Jones,Washington Wizards,PG,91,313,36,84,402.0,4,4,300.0,15,43,360.8,3,22,25,97,4,9,13,2,-70,213,116,188,122,345.04336734693874,43.53316326530612,160.5,20.959183673469386,776.265306122449,542.0510204081633,542.9719387755102,240.3188775510204,10
498,Udoka Azubuike,Phoenix Suns,C,2,11,1,3,33.3,0,2,0.0,0,0,0.0,2,4,6,0,1,0,0,0,-3,8,8,2,6,1.7777777777777781,13.444444444444443,0.0,0.0,25.0,25.0,1.7777777777777781,13.444444444444443,1
499,Vasilije Micic,Charlotte Hornets,G,131,313,49,96,494.8,19,22,652.8,14,36,313.3,4,18,22,63,16,9,28,3,-82,216,153,194,85,483.79955621301775,28.376479289940825,110.83505917159763,24.4948224852071,559.6013313609469,435.3520710059171,573.3994082840236,173.86094674556213,10
500,Victor Wembanyama,San Antonio Spurs,C,215,316,76,166,454.9,45,63,686.1,18,64,280.6,29,90,119,46,25,9,46,37,12,380,334,261,165,989.5902456390174,177.69490922036312,30.417230331078677,13.668921324314702,2165.0288358846565,1867.7123531505874,1224.2815948736206,270.7372730509078,10
501,Vince Williams Jr.,Memphis Grizzlies,G,127,336,42,92,459.70000000000005,30,38,723.3,13,34,328.8,8,54,62,61,30,12,34,9,-54,250,189,188,123,231.93628808864267,72.8808864265928,35.61495844875347,18.00831024930748,492.2326869806094,474.07479224376726,226.76454293628805,131.82548476454295,10
502,Vit Krejci,Atlanta Hawks,G,76,312,29,56,559.3,4,5,150.0,14,35,305.4,5,20,25,23,32,5,10,5,30,124,101,99,48,159.01234567901233,28.77777777777778,12.160493827160494,16.71604938271605,286.0,261.4938271604938,178.77777777777777,45.67901234567901,10
503,Walker Kessler,Utah Jazz,C,68,238,29,39,747.5,10,12,500.0,0,0,0.0,24,59,83,10,17,3,13,11,-65,161,151,78,93,136.73611111111111,66.8111111111111,4.002777777777778,0.0,249.07777777777778,218.925,148.9777777777778,88.725,10
504,Wendell Carter Jr.,Orlando Magic,C,95,251,36,78,451.0,15,24,500.0,8,35,182.9,21,62,83,22,15,11,15,5,37,200,178,117,105,213.4,137.096,12.276,9.744,498.1,474.65599999999995,248.116,138.10000000000002,10
505,Wendell Moore Jr.,Minnesota Timberwolves,G,2,5,1,1,100.0,0,0,0.0,0,0,0.0,0,2,2,0,1,0,0,0,8,4,4,2,2,3.24,2.8899999999999997,0.0025000000000000005,0.0,11.902500000000002,12.25,3.0625,2.7224999999999997,1
506,Wenyen Gabriel,Memphis Grizzlies,F,17,81,8,22,168.3,0,5,0.0,1,6,50.0,7,18,25,3,10,2,8,2,-16,45,42,20,28,59.72702331961591,43.6159122085048,4.060356652949245,0.879286694101509,182.2098765432099,171.6858710562414,60.574759945130324,57.352537722908096,5
507,Wesley Matthews,Atlanta Hawks,SG,52,147,18,44,420.4,2,2,100.0,14,28,495.0,5,14,19,8,12,5,2,5,-21,79,71,60,27,123.60023795359905,33.05472932778108,13.628792385484832,6.4770969660916125,217.19988102320048,199.04283164782868,134.02379535990482,54.41701368233195,10
508,Xavier Moon,LA Clippers,G,2,11,1,6,33.3,0,0,0.0,0,2,0.0,1,1,2,0,1,1,1,0,-20,4,4,2,2,2.18,2.5,0.8022222222222222,0.0,0.3755555555555552,0.07999999999999996,3.742222222222222,2.0355555555555553,2
509,Xavier Tillman,Boston Celtics,F,28,154,12,29,401.6,2,4,100.0,2,15,133.3,11,24,35,10,7,4,3,3,24,73,63,38,45,34.0,31.882314266929654,4.0065746219592375,1.621301775147929,104.31360946745563,108.39513477975018,32.10913872452334,33.698224852071,10
510,Yuta Watanabe,Memphis Grizzlies,SF,22,97,10,24,250.0,0,2,0.0,2,12,64.3,0,11,11,5,6,5,4,0,-36,38,33,27,16,115.08000000000001,11.27,3.75,1.4800000000000004,136.28,131.43,116.23000000000002,18.72,7
511,Zach Collins,San Antonio Spurs,PF,85,181,32,67,456.3,17,24,541.7,4,14,300.0,12,30,42,20,35,7,18,10,-51,147,127,105,62,199.8350591715976,75.80251479289942,29.068786982248522,4.465236686390532,343.125,360.59763313609466,195.292899408284,91.94082840236686,10
512,Zavier Simpson,Memphis Grizzlies,G,0,9,0,1,0.0,0,0,0.0,0,0,0.0,1,0,1,4,1,1,1,0,12,5,1,4,5,0.0,0.0,0.0,0.0,0.0,0.0,0.0,0.0,1
513,Zeke Nnaji,Denver Nuggets,PF,18,100,6,17,350.0,6,8,300.0,0,2,0.0,7,10,17,4,10,2,2,10,-19,39,35,22,21,50.40625,16.277777777777775,7.350694444444445,0.0,130.125,94.18402777777779,73.06944444444443,36.90625,10
514,Ziaire Williams,Memphis Grizzlies,F,103,270,39,94,389.0,13,16,421.4,12,46,213.7,6,38,44,20,15,12,15,0,-39,167,147,123,64,552.1,32.4,24.0,17.599999999999998,788.1,632.1,714.1,50.4,10
515,Zion Williamson,New Orleans Pelicans,PF,263,339,100,160,608.6,63,90,658.4,0,0,0.0,19,52,71,40,24,14,39,5,24,374,334,303,111,774.9334126040428,33.608799048751486,67.65814506539833,0.0029726516052318666,960.7663495838287,921.5695600475624,861.6177170035671,53.779429250891795,10
