,First Last Name,team,position,points,minutes,fgm,fga,fgp,ftm,fta,ftp,tpm,tpa,tpp,offReb,defReb,totReb,assists,pFouls,steals,turnovers,blocks,plusMinus,Points_Rebounds_Assist,Points_Rebounds,Points_Assist,Rebounds_Assist,points_deviation,totReb_deviation,assists_deviation,tpm_deviation,Points_Rebounds_Assist_deviation,Points_Rebounds_deviation,Points_Assist_deviation,Rebounds_Assist_deviation,count
0,A. Flagler,Oklahoma City Thunder,F,0,6,0,3,0.0,0,0,0.0,0,3,0.0,0,0,0,1,0,0,0,0,0,1,0,1,1,0.0,0.0,0.0,0.0,0.0,0.0,0.0,0.0,1
1,A.J. Green,Milwaukee Bucks,G,60,161,19,45,404.3,5,6,200.0,17,39,379.3,3,15,18,4,11,4,4,2,22,82,78,64,22,253.0027777777778,28.40277777777778,4.402777777777778,24.236111111111114,405.00277777777774,391.20000000000005,263.3,36.31111111111111,10
2,A.J. Lawson,Dallas Mavericks,G,26,52,11,26,323.3,2,6,100.0,2,9,100.0,2,7,9,4,5,1,0,1,1,39,35,30,13,56.56509695290858,7.742382271468146,2.9362880886426588,1.811634349030471,81.00554016620498,75.797783933518,59.49584487534626,12.955678670360113,8
3,Aaron Gordon,Denver Nuggets,PF,145,328,54,102,574.3,31,46,637.1,6,20,166.6,29,43,72,48,23,4,15,7,48,265,217,193,120,284.59411895745154,71.15259523279127,40.91913566495879,6.4072176431276455,396.1236355535754,478.98217865894406,254.39541100467812,59.41189574515482,10
4,Aaron Holiday,Houston Rockets,G,66,160,22,51,332.59999999999997,12,12,400.0,10,26,318.3,5,9,14,23,15,7,3,1,28,103,80,89,37,317.672753834916,28.457268078889697,24.371804236669103,10.089481373265158,565.6676406135865,507.86997808619424,375.6208911614317,52.67859751643535,10
5,Aaron Nesmith,Indiana Pacers,SF,115,294,43,94,470.6,11,11,500.0,18,52,344.5,11,26,37,19,35,5,8,7,72,171,152,134,56,116.68782518210196,13.203954214360042,15.034859521331946,11.600416233090531,117.29292403746098,106.0,117.80905306971906,38.4105098855359,10
6,Aaron Wiggins,Oklahoma City Thunder,SG,83,198,32,61,541.1,11,13,330.0,8,15,341.7,9,15,24,17,15,10,12,4,-17,124,107,100,41,262.10335250942273,16.42570918468558,17.122197976591945,11.806387621503669,391.2255504860147,382.11049394961316,283.14263043047015,21.62368577663162,10
7,Admiral Schofield,Orlando Magic,SF,8,18,3,6,116.7,0,0,0.0,2,4,150.0,0,4,4,1,1,1,0,0,-20,13,12,9,5,15.666666666666664,0.8367346938775508,0.693877551020408,0.836734693877551,22.0,18.598639455782312,17.598639455782312,3.0000000000000004,3
8,Al Horford,Boston Celtics,C,135,291,51,84,663.0,7,8,350.0,26,49,563.3,13,40,53,24,11,7,9,9,112,212,188,159,77,370.68858131487895,36.445597846981926,10.61053440984237,29.120338331410995,318.7673971549404,342.75586312956557,370.50557477893113,23.250672818146864,10
9,Alec Burks,New York Knicks,SG,52,124,16,57,202.7,11,14,371.4,9,31,209.89999999999998,1,16,17,7,3,4,5,0,-1,76,69,59,24,342.57134363852555,22.497621878715815,4.486325802615934,10.186087990487515,587.859690844233,518.0915576694412,400.2146254458978,39.108799048751486,10
10,Aleksej Pokusevski,Charlotte Hornets,F,72,205,22,60,417.2,21,27,541.7,7,27,249.89999999999998,11,31,42,19,9,10,7,4,-88,133,114,91,61,101.2,20.093827160493827,13.049382716049383,2.1012345679012343,153.64197530864197,124.2716049382716,123.62716049382716,40.08641975308642,10
11,Alex Caruso,Chicago Bulls,SG,113,323,40,86,468.7,8,10,250.0,25,55,442.8,7,34,41,45,26,20,18,6,-17,199,154,158,86,222.34047469019114,31.07393404746902,12.618147448015124,28.58874186095358,371.07393404746904,310.40537702163414,260.2957361898761,66.40537702163411,10
12,Alex Len,Sacramento Kings,C,32,116,12,14,566.7,8,9,450.0,0,0,0.0,8,24,32,13,18,1,5,12,30,77,64,45,45,68.2654904431842,32.291955471539595,17.27977315689981,0.0,164.6504935937828,146.43436252888048,90.11741230833857,45.93593782818735,10
13,Alondes Williams,Miami Heat,G,0,6,0,1,0.0,0,0,0.0,0,1,0.0,0,1,1,0,0,0,1,0,-2,1,1,0,1,1.44,0.81,0.0,0.0,0.09000000000000002,0.09000000000000002,1.44,0.81,1
14,Alperen Sengun,Houston Rockets,C,209,324,81,157,512.7,43,68,622.9,4,12,200.0,39,68,107,45,36,16,26,7,2,361,316,254,152,847.1723356009071,197.81632653061226,123.77551020408163,4.408163265306122,1935.0226757369614,1622.4580498866212,993.7777777777778,487.5510204081633,10
15,Amari Bailey,Charlotte Hornets,G,2,6,1,3,33.3,0,0,0.0,0,2,0.0,0,0,0,1,0,1,0,0,7,3,2,3,1,2.5600000000000005,0.0,0.5625,0.0,5.522500000000001,2.5600000000000005,5.522500000000001,0.5625,1
16,Amen Thompson,Houston Rockets,F,142,296,57,107,514.2,28,40,579.7,0,5,0.0,42,52,94,28,24,13,14,3,34,264,236,170,122,490.66504034528054,95.28354287858885,33.708388065303055,0.03002439482079189,921.9650966410209,845.5304935259899,496.61775192343777,199.47382248076562,10
17,Amir Coffey,LA Clippers,SG,64,244,23,50,464.4,7,9,316.7,11,27,351.7,5,17,22,15,16,6,7,3,4,101,86,79,37,135.4940828402367,39.81360946745562,10.506574621959237,8.985207100591715,184.93655489809336,188.67455621301775,149.83103221564758,32.24523339907955,10
18,Andre Drummond,Chicago Bulls,C,97,184,34,63,583.5,29,41,600.9,0,0,0.0,38,73,111,5,18,8,9,6,49,213,208,102,116,76.83892084903789,122.49335449315612,8.50049593334656,0.0,316.4338424915691,277.8662963697679,118.30113072803016,128.09918666931162,10
19,Andre Jr. Jackson,Milwaukee Bucks,G,13,92,5,14,383.3,0,0,0.0,3,7,250.0,4,14,18,11,10,3,3,2,-6,42,31,24,29,18.44045368620038,10.0,9.0,2.1984877126654063,52.74480151228733,44.96219281663516,28.223062381852543,17.0,8
20,Andrew Nembhard,Indiana Pacers,PG,103,285,42,81,491.8,7,8,350.0,12,30,383.3,4,18,22,34,23,8,9,0,25,159,125,137,56,210.95000991866692,31.831382662170203,21.41321166435231,5.609601269589367,404.70601071216026,348.4683594524896,259.8192818885142,60.61297361634596,10
21,Andrew Wiggins,Golden State Warriors,SF,149,279,54,124,423.7,24,31,556.4,17,44,350.0,19,43,62,18,14,6,14,8,52,229,211,167,80,464.95102040816323,38.5469387755102,51.60000000000001,16.10816326530612,798.6734693877551,566.6734693877552,660.1510204081633,126.9469387755102,10
22,Anfernee Simons,Portland Trail Blazers,SG,234,361,80,177,436.7,36,39,757.1,38,94,405.4,4,33,37,64,19,7,30,1,-38,335,271,298,101,935.5240670632775,28.301243915630067,125.20497566252028,19.635478637101134,1764.6960519199567,1205.978907517577,1461.0362358031368,186.71119524067063,10
23,Anthony Black,Orlando Magic,G,44,174,15,42,382.6,6,13,183.3,8,19,275.0,6,19,25,8,9,6,8,2,0,77,69,52,33,109.82248520710058,69.33399079552926,3.66732412886259,10.745562130177515,288.8224852071006,252.14266929651544,140.50361604207757,79.0,10
24,Anthony Davis,Los Angeles Lakers,PF,249,355,95,172,569.6,51,60,781.5,8,25,270.8,32,114,146,25,19,10,27,18,92,420,395,274,171,632.0390625,247.12353515625,27.681640625,7.96337890625,1534.65869140625,1521.88525390625,632.400390625,287.21728515625,10
25,Anthony Edwards,Minnesota Timberwolves,SG,223,352,81,192,410.6,43,55,704.2,18,66,312.5,12,56,68,56,12,14,29,3,17,347,291,279,124,516.7455432538939,100.62750985175455,32.99455807843873,29.473822480765623,740.6809908050292,574.8243572902983,682.6389566522798,133.5852880465378,10
26,Anthony Gill,Washington Wizards,PF,90,214,38,80,464.0,9,11,260.0,5,19,175.0,19,21,40,13,30,5,8,1,-46,143,130,103,53,286.10857296425695,69.93173877989787,17.820209621069605,4.742542327331363,597.2644450416556,539.3120128997582,332.2700886858372,99.5428648212846,10
27,Ashton Hagans,Portland Trail Blazers,G,51,194,17,43,297.7,10,11,450.0,7,18,266.7,8,22,30,36,23,8,23,4,-5,117,81,87,66,187.3476454293629,25.170360110803326,42.322714681440445,8.5,429.5083102493075,287.90304709141276,304.66759002770084,91.77839335180055,10
28,Ausar Thompson,Detroit Pistons,F,103,314,42,87,508.0,11,25,325.0,8,29,195.3,15,44,59,21,26,17,14,11,-6,183,162,124,80,121.7,31.399999999999995,24.125,8.5,347.72499999999997,237.7,200.02499999999998,87.225,10
29,Austin Reaves,Los Angeles Lakers,SG,155,346,52,126,400.4,37,41,850.0,14,59,206.2,11,53,64,63,15,5,19,8,72,282,219,218,127,407.5383852410236,155.95437413211664,62.178734378099584,17.05732989486213,1089.7333862328903,820.9071612775243,631.0299543741321,263.46776433247373,10
30,Ayo Dosunmu,Chicago Bulls,SG,203,370,82,144,566.6,18,20,616.7,21,48,396.59999999999997,7,21,28,47,27,12,16,2,12,278,231,250,75,695.7121602856575,15.7333862328903,76.21761555246974,24.90001983733386,934.8926800238048,717.3979369172783,922.6574092441975,82.50049593334656,10
31,Bam Adebayo,Miami Heat,C,181,325,72,122,607.5,29,38,741.6,8,15,450.0,22,97,119,42,14,13,22,7,32,342,300,223,161,139.11360946745563,73.80000000000001,57.2,6.063905325443786,407.12899408284034,213.1597633136095,319.08284023668637,145.0,10
32,Ben Sheppard,Indiana Pacers,G,52,185,19,53,356.2,5,5,300.0,9,34,223.5,3,12,15,14,19,8,5,0,8,81,67,66,29,83.64186851211073,18.605968858131487,14.836072664359861,4.900086505190312,172.91695501730104,150.3810553633218,114.60769896193773,25.0121107266436,10
33,Ben Simmons,Brooklyn Nets,PG,53,168,24,38,521.1,5,11,150.0,0,0,0.0,15,39,54,46,20,9,12,4,-5,153,107,99,100,134.88888888888889,64.0,78.88888888888889,0.0,382.0,162.8888888888889,300.0,196.88888888888889,9
34,Bennedict Mathurin,Indiana Pacers,SG,139,275,44,115,340.3,35,45,614.5,16,44,245.0,10,33,43,23,24,7,17,4,-18,205,182,162,66,753.4765625,123.6015625,38.125,30.4140625,1418.90625,1097.65625,970.9140625,265.5390625,10
35,Bilal Coulibaly,Washington Wizards,SG,90,289,30,76,451.5,19,27,633.3,11,39,238.3,9,30,39,18,22,12,8,7,-98,147,129,108,57,127.37777777777777,38.5,16.0,13.177777777777775,337.8777777777778,291.7444444444444,166.31111111111107,61.699999999999996,10
36,Bismack Biyombo,Oklahoma City Thunder,C,4,36,1,4,33.3,2,4,100.0,0,0,0.0,3,2,5,2,6,1,4,1,3,11,9,6,7,4.888888888888889,6.222222222222223,1.617283950617284,0.0,32.72839506172839,20.0,11.69135802469136,13.76543209876543,5
37,Blake Wesley,San Antonio Spurs,G,29,144,9,32,253.6,8,14,400.0,3,12,150.0,3,16,19,27,12,4,12,2,-7,75,48,56,46,123.54006380183901,18.96096828673297,36.36573465941077,4.106774254081441,180.9643460311503,138.69018577594295,176.66879339463316,44.47213360855695,10
38,Boban Marjanovic,Houston Rockets,C,3,7,1,1,100.0,1,2,50.0,0,0,0.0,0,3,3,0,0,0,1,0,-3,6,6,3,3,0.709141274238227,4.886426592797783,0.02493074792243767,0.0,8.379501385041552,9.318559556786704,0.4681440443213295,4.213296398891967,1
39,Bobby Portis,Milwaukee Bucks,F,160,260,69,139,476.7,8,11,400.0,14,31,368.4,27,64,91,14,22,11,12,7,35,265,251,174,105,513.7877551020408,109.60204081632652,12.451020408163265,24.500000000000004,725.4,774.2795918367347,494.6877551020408,92.2734693877551,10
40,Bogdan Bogdanovic,Atlanta Hawks,SG,192,348,68,144,490.8,27,30,556.7,29,69,483.4,10,36,46,38,22,10,15,4,23,276,238,230,84,583.193810751835,61.50486014679627,31.848839515969054,10.919063677841699,1000.5074390001984,966.1150565364014,614.23487403293,96.70501884546717,10
41,Bojan Bogdanovic,New York Knicks,SF,87,149,34,72,455.7,7,10,275.0,12,33,325.3,3,13,16,8,9,0,13,0,-18,111,103,95,24,311.3364839319471,26.240285654274313,8.0,14.08527620247847,407.540222642302,395.07645452636,329.6843100189036,28.35622768325982,10
42,Bol Bol,Phoenix Suns,C,55,121,19,29,469.2,7,8,275.0,10,14,375.0,3,27,30,6,9,3,6,7,33,91,85,61,36,289.4361773223435,24.891067052795723,4.4856315437736685,12.180441078191135,493.5208286923591,456.15393183337045,319.3555357540655,36.82423702383605,10
43,Bones Hyland,LA Clippers,PG,67,151,25,62,408.1,4,6,200.0,13,38,297.1,1,18,19,33,15,10,13,1,1,119,86,100,52,328.4848771266541,15.948960302457468,92.15689981096406,21.7523629489603,889.1918714555766,466.2920604914933,686.1899810964085,173.30056710775048,10
44,Bradley Beal,Phoenix Suns,SG,113,327,44,93,472.9,8,10,233.3,17,38,411.2,10,35,45,63,18,10,25,7,31,221,158,176,108,246.11111111111114,42.5131274942239,80.1590002100399,10.224532661205629,233.89687040537703,229.82230623818526,265.13001470279346,107.72778827977315,10
45,Brandin Podziemski,Golden State Warriors,G,73,242,31,69,449.2,2,3,100.0,9,24,333.3,19,42,61,27,19,8,10,0,18,161,134,100,88,158.8471111111111,69.17777777777778,33.77511111111111,10.953777777777777,344.29600000000005,264.51377777777776,220.54044444444446,121.04177777777777,10
46,Brandon Boston Jr.,LA Clippers,SG,54,131,22,52,449.9,6,13,266.7,4,17,133.3,4,16,20,2,18,2,4,5,-30,76,74,56,22,87.35537190082644,28.743801652892557,1.616735537190083,4.400826446280991,180.27789256198346,161.78512396694214,95.625,40.58367768595041,10
47,Brandon Clarke,Memphis Grizzlies,PF,48,84,23,38,237.9,1,5,50.0,1,4,100.0,10,13,23,7,6,3,1,5,25,78,71,55,30,50.498269896193776,6.757785467128027,6.757785467128028,0.7508650519031141,83.77854671280276,75.38062283737024,63.38062283737024,9.031141868512112,4
48,Brandon Ingram,New Orleans Pelicans,SF,180,306,68,138,496.2,36,43,724.5,8,27,260.0,6,50,56,54,24,6,19,7,49,290,236,234,110,670.2437673130194,25.364265927977836,44.40443213296399,6.5318559556786715,720.3393351800554,826.6662049861496,558.8476454293628,74.83795013850416,10
49,Brandon Miller,Charlotte Hornets,F,201,335,74,158,473.6,21,26,625.0,32,79,378.29999999999995,7,40,47,19,24,5,21,6,-82,267,248,220,66,608.0349743818222,46.27645355312987,12.37135219425262,40.52706616172867,924.5718422811317,887.7148585431053,628.5110269547783,75.02873691245266,10
50,Brandon Williams,Dallas Mavericks,G,7,24,2,9,83.3,3,4,100.0,0,2,0.0,1,1,2,4,1,0,1,0,-12,13,9,11,6,19.716049382716047,3.3086419753086416,4.444444444444445,0.0,35.41975308641975,17.938271604938272,32.45679012345679,12.493827160493828,4
51,Braxton Key,Denver Nuggets,F,2,6,1,1,100.0,0,1,0.0,0,0,0.0,1,1,2,0,1,0,0,0,2,4,4,2,2,0.6173469387755104,1.0,0.12755102040816327,0.12755102040816327,2.040816326530612,3.1887755102040813,0.18367346938775514,0.4132653061224489,1
52,Brice Sensabaugh,Utah Jazz,F,86,213,28,83,310.5,14,17,413.3,16,51,270.0,5,37,42,28,16,7,21,3,-109,156,128,114,70,624.4000865051903,47.694204152249135,26.41392733564014,43.247837370242216,831.8395328719723,731.6885813148789,693.1972318339101,105.46193771626298,10
53,Brook Lopez,Milwaukee Bucks,C,124,277,45,83,558.0,16,20,466.8,18,43,436.4,14,33,47,14,27,4,15,14,-31,185,171,138,61,297.1058142125195,56.75139229226999,15.059033192247714,18.438404989975496,477.10648251280907,512.9010915571397,267.60080196034755,65.5208286923591,10
54,Bruce Brown,Toronto Raptors,SF,107,277,42,80,506.7,15,21,533.3,8,17,341.7,9,25,34,37,20,10,20,1,-117,178,141,144,71,204.60330578512398,43.59338842975207,40.97685950413223,9.71900826446281,458.7371900826446,270.8710743801653,377.77520661157024,99.26446280991736,10
55,Bruno Fernando,Atlanta Hawks,PF,92,197,36,56,554.7,20,29,575.1,0,1,0.0,18,31,49,21,34,8,16,8,4,162,141,113,70,419.57785467128036,45.107698961937714,10.820501730103805,0.0,479.9238754325259,514.4398788927336,416.125,24.865051903114185,10
56,Bryce McGowens,Charlotte Hornets,G,41,140,13,33,249.89999999999998,12,16,391.7,3,12,90.0,1,19,20,6,14,5,3,4,-16,67,61,47,26,209.29012345679016,25.086419753086417,6.84567901234568,4.125,351.8641975308642,337.80864197530866,225.0,30.277777777777786,10
57,Buddy Boeheim,Detroit Pistons,F,19,47,6,17,83.3,2,2,100.0,5,15,76.19999999999999,0,6,6,3,3,0,0,1,18,28,25,22,9,96.49338374291116,6.958412098298677,6.686200378071833,5.831758034026465,208.19092627599244,148.1852551984877,148.87712665406426,21.26654064272212,3
58,Buddy Hield,Philadelphia 76ers,SG,89,206,33,76,422.0,8,8,500.0,15,47,334.8,11,16,27,13,15,5,9,4,-39,129,116,102,40,180.824,18.100444444444445,20.687111111111108,14.264,327.0,232.16711111111113,255.98044444444446,58.46399999999999,10
59,CJ McCollum,New Orleans Pelicans,SG,241,375,89,204,443.2,23,24,575.0,40,96,420.0,8,39,47,56,18,7,20,3,23,344,288,297,103,521.2582097954589,68.64871458059673,34.0,14.29874272846688,844.641020829424,835.9286920623007,531.5595796584727,101.05967348470634,10
60,Cade Cunningham,Detroit Pistons,PG,241,313,92,212,430.3,40,44,808.3,17,55,297.1,9,44,53,75,18,11,31,2,-38,369,294,316,128,702.373472159348,53.42462652784065,52.55545495699411,12.217745586238117,842.2865550022635,783.9945676776822,690.806699864192,175.83884110457223,10
61,Caleb Houstan,Orlando Magic,G,46,161,15,36,368.3,2,2,100.0,14,34,360.0,6,10,16,4,15,3,2,2,26,66,62,50,20,93.43842950624628,30.609161213563358,2.8197501487209995,10.573468173706127,194.1368233194527,174.0,101.71683521713265,45.28732897085069,10
62,Caleb Martin,Miami Heat,SF,74,262,27,83,327.2,11,14,441.7,9,45,241.7,7,28,35,23,16,7,15,5,9,132,109,97,58,161.54792899408284,42.55976331360947,26.114792899408283,5.397633136094674,286.698224852071,245.2792899408284,216.31597633136096,55.32544378698225,10
63,Cam Reddish,Los Angeles Lakers,SF,30,155,9,28,213.3,6,12,141.7,6,17,216.6,7,6,13,1,8,5,2,6,-16,44,43,31,14,125.43617998163452,21.0,0.9485766758494032,5.281910009182737,130.38934802571166,117.89072543617998,140.1166207529844,19.766758494031222,10
64,Cam Thomas,Brooklyn Nets,SG,263,363,89,197,448.6,64,71,916.2,21,67,276.6,5,37,42,38,22,5,21,3,-53,343,305,301,80,314.32500000000005,55.611111111111114,35.61111111111111,24.91111111111111,404.1694444444445,271.6361111111111,466.0361111111111,72.04444444444445,10
65,Cam Whitmore,Houston Rockets,F,133,214,50,120,398.8,18,27,471.7,15,50,277.9,21,27,48,5,10,7,13,3,-1,186,181,138,53,175.61157024793388,62.0,2.520661157024793,13.312213039485767,244.80991735537188,246.88429752066116,176.26446280991738,61.793388429752056,10
66,Cameron Johnson,Brooklyn Nets,SF,113,254,37,93,406.4,18,22,625.0,21,58,365.6,6,32,38,18,14,9,10,3,-51,169,151,131,56,204.12948960302458,34.423440453686204,14.091682419659737,11.31758034026465,485.97542533081287,349.3960302457466,306.23629489603024,82.98771266540643,10
67,Cameron Payne,Philadelphia 76ers,PG,105,194,40,86,536.4,2,2,100.0,23,47,446.6,5,17,22,32,19,8,13,2,-25,159,127,137,54,520.9643460311503,91.85250516044286,20.396322011634453,31.891724526177523,817.1591292925503,716.3649840495402,571.6616626008632,162.34565584537435,10
68,Caris LeVert,Cleveland Cavaliers,SG,141,319,48,108,435.8,33,42,600.9,12,41,313.4,6,43,49,63,22,17,30,9,-33,253,190,204,112,603.6322120739585,31.136333259077745,118.11873468478504,5.600356426821119,1135.977500556917,763.1766540432167,917.9661394519937,207.72198707952774,10
69,Cason Wallace,Oklahoma City Thunder,G,75,219,29,66,462.5,6,8,200.0,11,27,374.3,7,17,24,14,16,14,10,4,-37,113,99,89,38,173.6703601108033,14.400277008310248,22.821329639889196,18.95048476454294,328.30193905817174,230.106648199446,269.08725761772854,40.0,10
70,Cedi Osman,San Antonio Spurs,SF,70,175,27,53,472.5,1,2,50.0,15,32,373.7,2,23,25,12,17,3,5,2,-40,107,95,82,37,234.81632653061223,36.53086419753087,29.92743764172335,16.551020408163264,418.3570168808264,315.6646510456034,295.70975056689343,108.25724363819602,10
71,Charlie Brown Jr.,New York Knicks,G,3,27,1,5,20.0,0,0,0.0,1,3,33.3,1,1,2,0,4,0,0,1,-6,5,5,3,2,6.12,2.7200000000000006,0.0,0.6800000000000002,17.0,17.0,6.12,2.7200000000000006,2
72,Chet Holmgren,Oklahoma City Thunder,PF,150,272,52,114,396.0,37,45,658.3,9,43,170.1,11,66,77,11,26,4,19,16,46,238,227,161,88,856.6551246537396,77.88400277008311,18.313019390581715,10.739958448753463,1458.2787396121882,1332.9477146814406,956.5,121.68317174515238,10
73,Chimezie Metu,Detroit Pistons,PF,78,233,30,65,422.4,16,17,587.5,2,22,66.6,12,34,46,17,26,17,13,7,-33,141,124,95,63,221.14693634741224,42.732302201070794,13.185603807257586,1.5556216537775134,404.27364663890546,410.75847709696615,224.96073765615705,45.6192742415229,9
74,Chimezie Metu,Phoenix Suns,PF,4,8,2,4,50.0,0,0,0.0,0,0,0.0,1,2,3,1,0,1,2,0,-1,8,7,5,4,13.384889946460438,2.7507436049970244,0.5002974419988102,0.04818560380725759,36.29327781082688,28.271267102914926,19.06067816775728,5.597263533610947,1
75,Chris Boucher,Toronto Raptors,PF,69,120,25,35,573.3,15,18,500.0,4,12,216.7,13,27,40,5,11,1,9,5,7,114,109,74,45,142.20987654320987,47.580246913580254,5.913580246913581,4.0246913580246915,410.0,329.0246913580247,192.69135802469134,83.98765432098766,8
76,Chris Duarte,Sacramento Kings,SG,45,120,16,42,369.2,4,4,200.0,9,28,306.0,6,10,16,5,6,5,4,3,-27,66,61,50,21,158.150390625,20.53369140625,6.5390625,6.91650390625,313.81494140625,247.62353515625,204.197265625,47.21728515625,10
77,Chris Livingston,Milwaukee Bucks,F,0,6,0,2,0.0,0,0,0.0,0,2,0.0,0,1,1,1,4,0,1,0,-10,2,1,1,2,1.0,0.390625,0.765625,0.0,0.25,0.140625,0.015625,2.25,1
78,Chris Paul,Golden State Warriors,PG,85,237,35,75,428.4,3,4,150.0,12,30,365.0,3,35,38,62,18,9,17,1,27,185,123,147,100,174.77801666218758,32.22090835796829,112.5907014243483,5.638806772373019,445.6277882289707,255.53319000268743,333.6412254770223,176.04299919376513,10
79,Christian Braun,Denver Nuggets,G,80,238,31,71,405.0,9,14,325.0,9,24,374.9,15,30,45,23,18,5,7,3,-15,148,125,103,68,296.5,52.01234567901235,52.84104938271605,2.9278549382716044,645.0817901234568,468.4012345679012,446.0632716049382,131.97067901234567,10
80,Christian Wood,Los Angeles Lakers,F,59,133,22,51,477.0,11,14,450.0,4,19,225.0,6,28,34,6,12,5,5,2,-14,99,93,65,40,153.90277777777777,54.402777777777786,4.625,2.4444444444444446,305.125,285.0,156.7777777777778,76.27777777777777,10
81,Chuma Okeke,Orlando Magic,PF,2,40,0,6,0.0,2,2,100.0,0,5,0.0,0,5,5,2,2,2,3,0,-23,9,7,4,7,3.579081632653062,2.9770408163265305,1.4770408163265305,0.007653061224489796,7.5688775510204085,6.846938775510203,3.346938775510204,5.408163265306121,6
82,Clint Capela,Atlanta Hawks,C,116,268,51,88,601.3,14,28,352.9,0,1,0.0,42,70,112,16,17,8,15,18,50,244,228,132,128,60.24028565427432,49.965973534971646,8.491493383742911,0.0,121.52572988867885,99.44759504305819,72.35244696492333,68.4234404536862,10
83,Coby White,Chicago Bulls,PG,150,332,53,147,358.4,26,30,676.7,18,59,301.8,7,32,39,40,23,4,13,2,-27,229,189,190,79,422.2043705755617,24.39550630963373,98.71406586642044,14.634656817482304,752.5506309633734,510.7703908895044,653.7451523545707,133.34903047091416,10
84,Cody Martin,Charlotte Hornets,SF,69,285,28,76,367.2,6,7,250.0,7,30,228.2,6,44,50,42,15,11,20,7,-28,161,119,111,92,111.0,28.18685121107267,64.68512110726644,2.6816608996539792,183.02076124567472,112.9515570934256,173.33217993079583,100.60899653979239,10
85,Cody Zeller,New Orleans Pelicans,C,7,31,3,6,200.0,1,2,50.0,0,0,0.0,5,10,15,3,5,2,3,0,14,25,22,10,18,3.2091836734693877,5.25,3.494897959183673,0.0,19.08673469387755,12.673469387755102,6.408163265306122,11.959183673469386,5
86,Colby Jones,Sacramento Kings,G,8,31,4,12,166.6,0,0,0.0,0,2,0.0,4,6,10,5,7,0,1,1,14,23,18,13,15,4.395061728395062,9.0,3.3927469135802464,0.0,31.53472222222222,22.28395061728395,10.368055555555557,15.670524691358024,5
87,Cole Anthony,Orlando Magic,PG,118,215,46,101,426.8,5,7,250.0,21,50,370.2,8,34,42,27,10,8,10,5,75,187,160,145,69,519.9183673469388,40.066011589821116,40.14235323759133,30.777777777777775,962.9002267573696,787.6215671453767,665.716049382716,109.68934240362813,10
88,Cole Swider,Miami Heat,F,19,44,6,16,104.7,2,2,100.0,5,13,116.7,0,5,5,1,1,0,4,0,-18,25,24,20,6,137.60000000000002,2.2,0.9124999999999999,12.199999999999998,164.0125,167.0,134.3125,3.4124999999999996,5
89,Colin Castleton,Los Angeles Lakers,C,0,12,0,2,0.0,0,0,0.0,0,0,0.0,0,1,1,0,3,1,2,0,-16,1,1,0,1,0.013888888888888888,0.7222222222222223,0.0,0.0,0.625,0.625,0.013888888888888888,0.7222222222222223,2
90,Collin Gillespie,Denver Nuggets,G,53,125,19,43,306.4,4,7,200.0,11,25,283.3,0,15,15,18,12,7,9,0,24,86,68,71,33,240.98573127229488,12.9833531510107,37.600475624256845,15.451843043995245,401.7074910820452,279.602853745541,336.38168846611177,77.29250891795482,8
91,Collin Sexton,Utah Jazz,PG,217,329,82,163,500.1,37,44,876.6,16,45,302.4,12,17,29,55,20,7,28,3,-114,301,246,272,84,198.40401051939511,24.928994082840237,54.130834976988815,22.571005917159763,392.301446416831,264.92077580539114,317.4335963182117,87.41091387245234,10
92,Corey Kispert,Washington Wizards,SF,175,377,66,129,528.3,15,25,408.3,28,71,415.20000000000005,5,35,40,19,22,9,17,1,-44,234,215,194,59,216.78512396694214,107.41845167819194,25.016191600607186,19.65289256198347,431.32568729971337,490.87181649519306,158.4270534660145,131.24658458424693,10
93,Cory Joseph,Golden State Warriors,PG,27,71,10,16,316.7,0,0,0.0,7,11,316.7,2,9,11,6,6,0,1,0,9,44,38,33,17,31.2,10.8,2.8000000000000003,3.2,28.8,47.2,21.2,5.2,5
94,Craig Jr. Porter,Cleveland Cavaliers,G,64,136,27,52,425.3,5,6,300.0,5,12,175.0,6,17,23,24,4,3,8,2,-29,111,87,88,47,343.30625,40.1,18.799999999999997,9.399999999999999,668.70625,551.50625,446.90625,72.5,10
95,D'Angelo Russell,Los Angeles Lakers,PG,189,357,62,155,392.9,26,29,600.0,39,96,378.7,4,33,37,68,18,14,26,3,48,294,226,257,105,612.6213017751479,28.14792899408284,125.6378698224852,40.9715976331361,1177.0130177514793,716.4331360946745,1038.3159763313608,188.67100591715976,10
96,D.J. Carton,Toronto Raptors,G,8,31,2,7,83.3,3,4,150.0,1,4,50.0,2,1,3,3,1,1,1,0,-30,14,11,11,6,8.666666666666668,2.0,2.0,0.6666666666666667,8.666666666666666,2.6666666666666665,18.666666666666668,0.0,3
97,D.J. Wilson,Philadelphia 76ers,F,10,14,4,6,66.7,0,0,0.0,2,2,100.0,1,1,2,2,1,0,0,2,4,14,12,12,4,19.75308641975309,0.7901234567901234,0.7901234567901234,0.7901234567901234,38.71604938271605,28.444444444444443,28.444444444444443,3.1604938271604937,1
98,DaQuan Jeffries,New York Knicks,SG,0,7,0,2,0.0,0,0,0.0,0,2,0.0,0,0,0,3,0,0,1,0,7,3,0,3,3,0.39889196675900274,0.0,5.609418282548476,0.04432132963988919,3.0166204986149587,0.39889196675900274,3.0166204986149587,5.609418282548476,1
99,Daishen Nix,Minnesota Timberwolves,SG,5,12,2,5,66.7,0,0,0.0,1,3,50.0,0,1,1,3,1,2,1,0,13,9,6,8,4,15.512396694214878,0.5371900826446281,4.6033057851239665,0.6033057851239669,5.561983471074379,11.719008264462808,6.231404958677686,8.264462809917354,2
100,Dalano Banton,Portland Trail Blazers,G,184,327,70,167,421.3,23,29,760.0,21,66,318.9,9,46,55,41,16,13,24,6,-90,280,239,225,96,554.8456790123457,82.5493827160494,85.76118827160494,17.141975308641975,1275.5297067901233,832.679012345679,953.8506944444445,212.15625,10
101,Dalen Terry,Chicago Bulls,F,35,146,15,33,301.1,2,4,100.0,3,15,158.3,8,18,26,19,14,7,6,5,30,80,61,54,45,138.61962890625,47.13916015625,25.041015625,2.10009765625,354.5,282.353515625,170.92041015625,112.02587890625,10
102,Damian Jones,Cleveland Cavaliers,C,59,124,23,38,577.9,13,15,650.0,0,6,0.0,14,24,38,4,14,4,7,7,-35,101,97,63,42,182.335963182117,77.86982248520711,2.437869822485207,0.0,366.7028270874425,351.50361604207757,181.77186061801447,96.07100591715977,10
103,Damian Lillard,Milwaukee Bucks,PG,246,369,82,187,433.09999999999997,46,53,873.7,36,90,399.3,4,43,47,84,25,7,26,3,13,377,293,330,131,821.9570247933884,14.795041322314049,83.47107438016529,33.04793388429752,1117.9586776859503,842.2826446280992,1115.507438016529,80.39173553719007,10
104,Daniel Gafford,Dallas Mavericks,C,106,251,49,68,705.4,8,16,191.7,0,0,0.0,23,50,73,29,32,9,9,20,108,208,179,135,102,272.6877551020408,119.53061224489797,34.63265306122449,0.0,686.704081632653,490.5,409.16122448979587,213.8938775510204,10
105,Daniel Theis,LA Clippers,C,46,140,19,36,419.7,3,3,200.0,5,10,350.0,10,28,38,11,15,1,4,8,30,95,84,57,49,174.58454966180136,21.675329298682804,9.111071555713776,4.5080099679601275,273.85368458526165,254.89569241723032,200.89035243859024,23.438590245639013,10
106,Danilo Gallinari,Milwaukee Bucks,PF,23,88,7,16,366.7,7,9,275.0,2,9,200.0,2,8,10,8,9,3,4,1,-19,41,33,31,18,56.16759002770083,4.110803324099724,9.617728531855956,1.979224376731302,75.48060941828254,55.918282548476455,69.64127423822714,19.817174515235457,10
107,Dante Exum,Dallas Mavericks,G,68,216,25,49,441.6,4,4,200.0,14,25,456.7,2,21,23,29,15,2,9,0,33,120,91,97,52,265.80975029726517,15.1064209274673,26.91438763376932,16.452437574316292,250.5,215.03507728894175,306.43400713436387,36.86147443519619,10
108,Danuel House Jr.,Philadelphia 76ers,SF,42,143,14,30,276.3,13,15,466.7,1,11,33.3,6,11,17,7,16,7,3,3,-26,66,59,49,24,42.0,11.714285714285715,8.0,0.8571428571428572,41.714285714285715,51.714285714285715,40.0,11.714285714285715,7
109,Dario Saric,Golden State Warriors,PF,28,107,12,33,298.3,2,3,100.0,2,17,83.3,6,15,21,18,5,0,13,0,-31,67,49,46,39,52.0,27.193877551020407,15.673469387755102,2.1224489795918364,146.1326530612245,98.90816326530613,72.53061224489795,69.56122448979592,10
110,Darius Bazley,Utah Jazz,F,12,33,4,8,50.0,3,5,60.0,1,3,33.3,1,5,6,0,0,3,3,1,-12,18,18,12,6,51.84,11.559999999999999,0.16000000000000003,0.36,104.03999999999999,112.36,46.239999999999995,9.0,1
111,Darius Garland,Cleveland Cavaliers,PG,132,340,52,136,382.0,12,15,700.0,16,60,241.1,8,22,30,80,20,8,28,1,-5,242,162,212,110,227.53673469387758,24.0734693877551,83.6,22.900000000000002,355.3163265306123,224.74489795918365,337.0795918367347,128.70204081632653,10
112,David Roddy,Phoenix Suns,F,61,130,25,53,522.0,6,10,241.7,5,20,143.3,4,15,19,11,5,1,10,0,-72,91,80,72,30,452.4142561983472,53.125,19.694214876033058,9.37293388429752,871.2479338842974,691.107438016529,613.5092975206611,91.8646694214876,10
113,Davion Mitchell,Sacramento Kings,PG,87,208,35,65,530.5,4,8,125.0,13,25,423.8,9,17,26,23,10,5,6,0,-5,136,113,110,49,228.37541091387243,36.277777777777786,20.65154503616042,16.718606180144644,338.6130834976989,310.25147928994085,218.5917159763314,95.07462195923736,10
114,Davis Bertans,Charlotte Hornets,SF,86,218,28,66,375.9,10,10,400.0,20,53,344.7,2,12,14,9,19,9,6,3,-117,109,100,95,23,272.90146509623673,14.653835104854924,12.943694340706692,20.045963803504737,389.75265728239015,367.8172938810687,297.8261993679977,24.60815857512209,10
115,Day'Ron Sharpe,Brooklyn Nets,C,62,131,26,47,645.1,10,17,308.3,0,2,0.0,27,29,56,10,22,2,16,5,6,128,118,72,66,119.60016659725115,218.4881299458559,10.599750104123283,0.037484381507705125,456.7755102040816,375.69596001665974,160.21990837151185,269.5476884631404,10
116,De'Aaron Fox,Sacramento Kings,PG,253,363,91,215,424.9,37,43,752.2,34,91,370.3,12,44,56,53,24,25,22,6,51,362,309,306,109,394.31163434903044,26.52804709141274,85.01523545706371,39.523545706371195,400.45325484764544,453.52666204986144,344.72022160664824,108.06128808864266,10
117,De'Andre Hunter,Atlanta Hawks,SF,159,333,56,134,406.8,24,32,594.7,23,71,316.3,6,43,49,24,20,5,19,1,20,232,208,183,73,407.8469387755102,126.49387755102042,16.23673469387755,20.10204081632653,773.3326530612245,782.6795918367347,402.230612244898,139.0,10
118,De'Anthony Melton,Philadelphia 76ers,SG,23,43,7,20,75.0,4,4,200.0,5,14,75.0,0,5,5,5,3,2,1,1,-2,33,28,28,10,128.66666666666666,2.666666666666667,2.666666666666667,8.666666666666666,206.0,164.66666666666669,164.66666666666669,10.666666666666668,3
119,DeAndre Jordan,Denver Nuggets,C,36,95,16,28,411.8,4,4,200.0,0,0,0.0,12,27,39,7,11,1,4,3,-25,82,75,43,46,172.4770969660916,92.99048185603807,10.110053539559788,0.0,505.8286734086853,442.83462224866156,210.13146936347414,128.44021415823914,10
120,DeJon Jarreau,Memphis Grizzlies,F,43,150,17,50,308.3,5,11,250.0,4,13,141.7,8,36,44,26,14,6,9,2,-24,113,87,69,70,82.41326530612245,93.81462585034014,48.0,4.258503401360544,379.5646258503401,181.18367346938777,177.84183673469389,244.76700680272114,9
121,DeMar DeRozan,Chicago Bulls,SF,248,374,87,182,473.2,70,85,844.0,4,22,150.0,3,39,42,56,19,15,22,7,48,346,290,304,98,353.29141043443764,41.831382662170206,77.70005951200159,3.0862924023011304,496.8113469549693,457.1739734179726,408.4257091846856,104.03451696092046,10
122,Dean Wade,Cleveland Cavaliers,PF,46,178,15,35,260.2,5,7,216.7,11,31,233.4,4,27,31,7,8,3,1,9,-23,84,77,53,38,468.50000000000006,35.125,6.125,31.525000000000006,718.8,714.725,466.12499999999994,47.699999999999996,10
123,Deandre Ayton,Portland Trail Blazers,C,235,353,107,180,593.7,20,25,338.9,1,4,100.0,39,88,127,15,15,5,21,8,-63,377,362,250,142,617.0917159763313,146.1360946745562,8.633136094674557,0.9053254437869823,1217.636094674556,1216.476331360947,627.0443786982248,145.97633136094674,10
124,Dejounte Murray,Atlanta Hawks,SG,240,371,96,218,450.2,14,21,496.7,34,97,361.0,9,52,61,94,18,20,35,3,20,395,301,334,155,755.90625,35.93827160493827,103.93364197530865,30.427854938271604,887.3506944444445,833.8167438271605,798.4093364197531,150.90277777777777,10
125,Delon Wright,Miami Heat,SG,51,214,17,50,360.0,11,14,283.3,6,20,225.0,4,16,20,26,7,13,1,2,24,97,71,77,46,159.27072053311122,13.2036651395252,30.249062890462305,6.628071636817992,235.53061224489795,175.5406080799667,222.95585172844648,39.7576009995835,10
126,Deni Avdija,Washington Wizards,SF,181,355,66,126,520.7,39,52,737.1,10,36,254.1,13,76,89,41,19,9,26,4,-26,311,270,222,130,229.25238534933825,112.90520160049246,62.90027700831025,10.997229916897508,715.3213296398892,556.4432132963989,333.9329024315174,230.00307787011388,10
127,Dennis Schroder,Brooklyn Nets,PG,145,341,55,139,382.2,14,15,650.0,21,55,406.09999999999997,8,32,40,64,23,6,23,5,-27,249,185,209,104,431.4606401384083,27.946366782006923,63.884515570934255,30.972750865051903,645.6851211072664,510.20804498269894,557.5380622837371,101.23053633217992,10
128,Dennis Smith Jr.,Brooklyn Nets,PG,58,167,21,46,487.1,8,11,383.3,8,22,348.3,5,13,18,28,22,16,11,0,3,104,76,86,46,78.47147022074135,17.85339441899209,40.0,4.21990837151187,181.54768846314036,139.3027905039567,112.87963348604748,65.69012911286964,10
129,Dereck II Lively,Dallas Mavericks,C,94,185,45,59,763.7,4,11,150.0,0,0,0.0,16,46,62,8,15,5,6,12,19,164,156,102,70,349.4128943758573,62.45610425240055,9.660493827160494,0.0,659.2345679012345,560.9444444444445,434.4478737997257,85.37174211248285,10
130,Derrick Jones Jr.,Dallas Mavericks,SF,71,228,24,61,430.0,17,24,516.7,6,24,145.2,12,22,34,10,9,4,7,8,72,115,105,81,44,170.15570934256056,46.9294982698962,8.077854671280278,6.401384083044983,299.9969723183391,276.0246539792388,187.24048442906576,61.89489619377163,10
131,Derrick Rose,Memphis Grizzlies,PG,49,95,20,37,377.7,5,6,266.7,4,8,233.3,0,15,15,21,3,1,9,0,-9,85,64,70,36,70.0,14.857142857142858,12.0,3.7142857142857144,188.85714285714286,116.85714285714286,128.0,40.857142857142854,7
132,Derrick White,Boston Celtics,PG,182,356,62,135,466.3,20,22,755.6,38,88,441.09999999999997,8,52,60,62,22,8,13,10,102,304,242,244,122,263.7925515543244,85.09141274238227,65.68975069252078,33.72299168975069,692.0160049245922,524.0270852570021,376.18590335487846,206.37673130193906,10
133,Desmond Bane,Memphis Grizzlies,SG,93,165,30,80,183.4,19,21,366.7,14,40,172.9,2,14,16,34,14,5,13,2,-54,143,109,127,50,267.2,8.8,114.79999999999998,4.8,701.1999999999999,362.8,587.2,142.0,5
134,Devin Booker,Phoenix Suns,SG,275,345,100,194,492.8,46,52,867.8,29,73,326.8,12,37,49,76,33,7,32,5,46,400,324,351,125,1475.2049989498005,58.920184835118675,104.92207519428692,65.11426170972484,1312.1029195547153,1374.389413988658,1405.1142617097248,171.64650283553877,10
135,Devin Vassell,San Antonio Spurs,SG,193,373,77,163,440.2,18,21,691.7,21,61,312.3,0,33,33,47,16,12,18,1,-43,273,226,240,80,806.4410104810535,25.71969900564364,52.6495565708143,24.90217683418436,1079.5020155872078,846.0,1027.3222252082774,90.99005643644182,10
136,Devonte' Graham,San Antonio Spurs,PG,45,98,15,38,268.3,5,5,200.0,10,31,253.3,1,13,14,12,7,6,3,0,-2,71,59,57,26,297.1404958677686,1.7024793388429753,25.65289256198347,13.702479338842975,458.9586776859504,310.3553719008264,444.90082644628103,28.198347107438018,8
137,Dillon Brooks,Houston Rockets,SF,104,285,37,102,334.7,15,17,333.3,15,59,295.2,3,23,26,15,26,7,9,2,13,145,130,119,41,559.584,26.220444444444446,23.176000000000002,14.600000000000001,868.287111111111,677.1484444444444,716.504,83.61511111111112,10
138,Domantas Sabonis,Sacramento Kings,PF,156,346,57,114,510.9,41,59,722.9,1,8,33.3,37,102,139,81,27,6,34,7,20,376,295,237,220,179.5647600262985,84.97633136094674,26.923734385272844,1.1061801446416832,384.74556213017763,381.73241288625917,167.0,127.47797501643657,10
139,Dominick Barlow,San Antonio Spurs,F,57,150,21,38,506.6,15,18,416.6,0,1,0.0,19,22,41,15,19,4,4,3,10,113,98,72,56,290.46020761245677,81.13667820069205,45.74567474048443,0.0,715.5397923875432,590.5,425.3581314878893,117.0242214532872,10
140,Donovan Mitchell,Cleveland Cavaliers,SG,208,349,61,155,381.6,54,61,812.8,32,80,385.5,2,37,39,50,22,12,26,4,-61,297,247,258,89,702.4307958477509,32.95847750865052,39.245674740484425,25.79930795847751,1021.2889273356401,918.5484429065743,797.7110726643598,79.66435986159169,10
141,Donte DiVincenzo,New York Knicks,SG,210,365,73,156,455.7,14,19,438.3,50,117,423.4,6,36,42,26,24,16,14,8,44,278,252,236,68,805.2426697530864,23.65625,17.316743827160494,55.51234567901235,996.7673611111112,957.753086419753,845.1111111111112,40.11882716049383,10
142,Dorian Finney-Smith,Brooklyn Nets,PF,69,289,27,61,437.5,7,10,350.0,8,34,281.6,11,32,43,15,17,12,6,5,-52,127,112,84,58,170.20137891410513,32.10830221200804,9.28210284401034,6.070669347888537,202.9132433208848,184.57856937661592,191.69721344441254,38.22924446997989,10
143,Doug McDermott,Indiana Pacers,SF,41,119,15,35,295.8,1,2,50.0,10,29,223.7,0,9,9,8,11,3,3,0,7,58,50,49,17,198.9852071005917,9.186390532544378,9.621301775147929,16.092455621301777,315.60946745562126,224.05917159763314,287.09171597633133,22.251479289940832,10
144,Draymond Green,Golden State Warriors,PF,90,302,39,77,508.4,8,11,300.0,4,20,140.0,20,62,82,58,30,19,24,7,71,230,172,148,140,266.5653761869978,21.614317019722428,55.22169466764061,6.528853177501825,420.96603360116876,244.69101533966398,444.3451424397371,75.33126369612856,10
145,Drew Eubanks,Phoenix Suns,PF,45,153,17,29,540.0,11,13,455.0,0,0,0.0,10,27,37,8,17,3,5,10,24,90,82,53,45,64.56574141709277,19.08290723155588,13.60883856829803,0.0,85.33126369612856,67.15704894083272,68.1263696128561,47.30533235938642,10
146,Duncan Robinson,Miami Heat,F,109,283,38,92,380.6,8,9,350.0,25,74,273.8,3,25,28,20,24,8,16,2,-39,157,137,129,48,612.8440082644628,24.36880165289256,29.492768595041323,40.62913223140497,957.125,704.3677685950413,853.7438016528926,65.71900826446281,10
147,Duop Reath,Portland Trail Blazers,C,100,193,40,84,465.1,8,8,400.0,12,41,270.0,6,27,33,12,25,5,8,5,-41,145,133,112,45,369.424,37.0,24.624,9.687111111111111,704.1359999999999,568.344,476.4959999999999,90.344,10
148,Dwight Powell,Dallas Mavericks,C,19,111,7,13,450.0,5,10,300.0,0,0,0.0,12,18,30,6,17,2,5,2,-12,55,49,25,36,39.227160493827164,56.834567901234564,2.8,0.0,155.83456790123458,136.679012345679,44.33827160493827,73.67901234567901,10
149,Dylan Windler,Atlanta Hawks,G,16,41,6,11,106.7,0,0,0.0,4,9,85.0,1,6,7,2,2,2,1,0,3,25,23,18,9,79.80325443786984,6.946745562130177,2.75,5.755917159763313,120.77514792899407,109.29437869822485,83.74556213017752,17.235207100591715,3
150,Dylan Windler,Los Angeles Lakers,G,3,14,1,4,25.0,0,0,0.0,1,4,25.0,0,1,1,2,1,0,0,0,-7,6,4,5,3,7.920118343195265,2.3491124260355023,0.5,0.6065088757396448,8.260355029585797,12.298816568047336,5.80473372781065,0.9260355029585796,2
151,Dyson Daniels,New Orleans Pelicans,G,67,223,28,52,457.2,1,2,50.0,10,23,313.3,13,25,38,26,20,21,9,6,11,131,105,93,64,201.864,42.624,27.695999999999998,14.256,307.0,221.976,254.18400000000003,103.024,10
152,Emoni Bates,Cleveland Cavaliers,F,16,23,6,12,102.9,0,2,0.0,4,8,100.0,0,1,1,1,0,0,1,0,-3,18,17,17,2,22.765432098765434,0.8024691358024691,0.5061728395061729,2.617283950617284,28.888888888888893,26.58024691358024,25.98765432098765,0.3950617283950617,2
153,Eric Gordon,Phoenix Suns,SG,71,212,26,60,389.7,4,5,266.7,15,38,349.2,1,12,13,15,12,10,7,3,40,99,84,86,28,375.13187792381376,6.2764535531298735,18.794609044330585,21.627756738694586,464.7206504789486,334.5872131877924,503.8093116507017,26.52706616172867,10
154,Eugene Omoruyi,Washington Wizards,F,37,114,16,37,423.8,5,12,175.0,0,9,0.0,7,15,22,5,18,5,4,3,-47,64,59,42,27,62.24523339907955,21.71597633136095,5.527284681130834,0.006574621959237343,61.41091387245234,71.4207758053912,55.54503616042078,23.933596318211702,10
155,Evan Fournier,Detroit Pistons,SG,64,218,23,77,267.4,8,11,266.7,10,44,209.3,1,17,18,20,16,11,8,2,-28,102,82,84,38,338.4056305659293,13.677678827923012,26.48549267451882,14.0,464.4108014938236,447.64148233266303,344.7865555874749,50.55156564205688,10
156,Evan Mobley,Cleveland Cavaliers,PF,165,290,63,104,595.4,31,44,611.0,8,17,400.0,19,65,84,46,24,10,13,10,-9,295,249,211,130,333.0,158.17863894139884,56.38941398865784,5.727788279773156,731.3393194706995,604.961247637051,357.6502835538753,316.29584120982986,10
157,Frank Ntilikina,Charlotte Hornets,PG,5,39,1,8,50.0,2,2,100.0,1,7,50.0,1,4,5,3,4,0,0,0,0,13,10,8,8,19.0,7.0,6.84,0.7600000000000002,24.439999999999998,14.0,18.64,24.640000000000004,4
158,Franz Wagner,Orlando Magic,SF,175,308,64,125,509.7,40,48,844.4,7,35,165.0,10,31,41,29,24,7,14,3,32,245,216,204,70,186.40539178634418,54.69614512471655,21.36835474930713,10.819601914840009,360.9183673469388,343.8014613252708,225.1111111111111,54.47568657092467,10
159,Fred VanVleet,Houston Rockets,PG,155,353,54,136,409.8,17,20,575.0,30,84,327.3,4,31,35,75,36,24,16,7,-20,265,190,230,110,626.6,14.573469387755104,59.316326530612244,70.13061224489796,508.1510204081633,636.0591836734694,501.2020408163266,71.3795918367347,10
160,Furkan Korkmaz,Philadelphia 76ers,SG,41,116,13,29,278.6,7,10,241.7,8,18,258.3,3,12,15,12,6,3,2,2,22,68,56,53,27,292.875,14.875,10.0,20.0,404.0,340.0,363.875,17.875,8
161,GG Jackson,Memphis Grizzlies,F,167,334,56,127,429.1,28,34,806.5,27,72,366.6,7,46,53,24,16,5,17,2,-83,244,220,191,77,494.16824196597355,77.95274102079395,26.2117202268431,26.159000210039906,613.7164461247637,609.2098298676749,527.7599243856333,75.07939508506615,10
162,Gabe Vincent,Los Angeles Lakers,PG,2,28,1,5,25.0,0,0,0.0,0,3,0.0,1,1,2,1,3,1,2,0,-7,5,4,3,3,2.0,0.0,0.5,0.0,4.5,2.0,4.5,0.5,2
163,Garrett Temple,Toronto Raptors,SF,48,155,17,41,402.3,7,10,300.0,7,23,220.0,5,17,22,10,16,8,5,2,-55,80,70,58,32,131.76163265306124,23.568979591836737,15.52,8.892244897959184,241.49224489795918,204.34938775510201,147.83020408163264,60.16326530612244,8
164,Garrison Mathews,Atlanta Hawks,SG,98,193,30,53,580.0,16,18,363.3,22,41,531.8,1,15,16,9,24,1,3,1,-16,123,114,107,25,471.3315819103022,8.51416776130606,4.925689622818541,27.47382248076562,599.6500281478701,571.3803715518859,498.29292550197033,14.748170388440608,10
165,Gary Harris,Orlando Magic,SG,73,257,26,59,445.3,6,8,275.0,15,43,360.9,5,14,19,13,17,6,8,2,2,105,92,86,32,185.81095041322314,9.009297520661157,30.191115702479333,10.582644628099173,364.26549586776855,252.28512396694214,276.99173553719004,60.0,10
166,Gary Payton II,Golden State Warriors,SG,59,163,27,40,629.0,3,5,200.0,2,8,150.0,8,13,21,12,20,9,7,6,17,92,80,71,33,161.0,44.94857667584941,39.60009182736455,1.706152433425161,257.0619834710744,177.40312213039485,163.05463728191,162.15289256198346,10
167,Gary Trent Jr.,Toronto Raptors,SG,238,337,87,190,466.8,29,32,763.3,35,91,377.7,7,30,37,23,17,14,6,1,-92,298,275,261,60,592.6239999999999,19.396,26.676,48.596000000000004,612.384,672.5159999999998,536.9639999999999,41.599999999999994,10
168,Georges Niang,Cleveland Cavaliers,SF,115,259,43,91,438.1,6,6,300.0,23,58,378.1,2,24,26,9,26,8,15,3,-19,150,141,124,35,503.3685494464252,20.34565584537437,7.283730531056483,36.91968474385438,406.3677988365547,404.4028898480015,486.4053293300807,46.55751548132858,10
169,Giannis Antetokounmpo,Milwaukee Bucks,PF,303,369,119,203,597.0,64,102,558.7,1,14,50.0,35,97,132,71,32,9,36,13,7,506,435,374,203,269.1064209274673,208.75921521997623,67.0808561236623,1.5868014268727708,776.6777645659929,654.231866825208,382.44054696789533,284.95184304399527,10
170,Goga Bitadze,Orlando Magic,C,32,108,13,23,546.7,6,10,283.3,0,3,0.0,11,15,26,9,12,2,9,9,-9,67,58,41,35,47.199999999999996,63.34444444444445,9.3,0.0,226.77777777777777,172.14444444444445,73.30000000000001,101.17777777777778,10
171,Gordon Hayward,Oklahoma City Thunder,SF,48,160,16,41,355.5,8,11,300.0,8,16,300.0,3,15,18,14,6,4,3,1,-68,80,66,62,32,151.7890625,25.68212890625,12.6640625,9.625,201.52587890625,190.92041015625,152.5,48.24072265625,10
172,Gradey Dick,Toronto Raptors,G,136,312,51,122,404.1,15,19,504.7,19,53,368.0,3,24,27,11,16,6,17,1,-149,174,163,147,38,309.92899408284023,60.128994082840244,11.16094674556213,12.971597633136096,355.36094674556216,431.0,257.8639053254438,47.71597633136094,10
173,Grant Williams,Charlotte Hornets,PF,130,296,51,101,483.0,12,19,516.7,16,43,420.3,14,38,52,41,34,4,14,4,-91,223,182,171,93,326.0206611570248,39.68824609733701,99.61111111111113,6.400367309458218,551.6074380165289,435.7943067033976,368.48025711662075,212.65289256198344,10
174,Grayson Allen,Phoenix Suns,SG,159,322,54,107,509.5,20,24,579.2,31,71,346.9,6,30,36,35,11,9,9,4,74,230,195,194,71,590.7034236504935,70.54820415879018,26.563537072043687,69.36630959882378,799.0039907582441,685.8779668136946,712.0235244696493,88.91766435622769,10
175,Gui Santos,Golden State Warriors,F,41,109,14,26,422.5,8,9,350.0,5,10,300.0,9,21,30,9,15,2,5,2,6,80,71,50,39,150.89440000000002,120.4816,15.6864,4.2224,553.3056,480.9664,174.04,185.3616,9
176,Harrison Barnes,Sacramento Kings,SF,110,271,39,93,373.6,17,24,500.0,15,44,271.4,8,24,32,12,7,4,9,1,36,154,142,122,44,508.5144641683103,26.042077580539118,7.631821170282709,24.513477975016436,666.3606180144641,589.0207100591716,572.4171597633136,47.111111111111114,10
177,Harry III Giles,Brooklyn Nets,F,8,8,3,6,50.0,1,2,50.0,1,1,100.0,2,2,4,2,3,0,0,0,-12,14,12,10,6,49.0,11.430839002267573,3.4489795918367347,0.8185941043083901,149.7709750566893,107.76417233560092,78.44897959183675,27.43764172335601,1
178,Harry III Giles,Los Angeles Lakers,F,2,10,1,4,100.0,0,0,0.0,0,2,0.0,0,1,1,0,0,1,0,0,-15,3,3,2,1,2.0,0.528344671201814,0.04081632653061224,0.018140589569160995,4.63718820861678,4.528344671201814,2.0408163265306123,0.6371882086167799,2
179,Haywood Highsmith,Miami Heat,F,106,249,42,72,589.8,1,5,33.3,21,38,466.6,16,37,53,16,13,10,4,3,22,175,159,122,69,465.0073513031856,57.78503007351304,12.56850077968367,29.282022722209845,772.2817999554467,741.5809757184227,476.92269993316995,89.13900646023613,10
180,Herbert Jones,New Orleans Pelicans,SF,116,360,39,84,484.5,24,26,825.0,14,39,326.1,7,22,29,30,29,20,10,9,-23,175,145,146,59,139.1829447595043,33.366309598823776,12.008401596303298,12.515017853392145,351.659945389624,263.4709094727998,199.49716446124765,73.24952741020795,10
181,Hunter Tyson,Denver Nuggets,F,0,7,0,3,0.0,0,0,0.0,0,3,0.0,0,1,1,0,1,0,2,0,-1,1,1,0,1,9.719723183391004,0.5847750865051903,0.08650519031141869,0.41868512110726647,7.006920415224913,5.536332179930796,11.640138408304498,0.22145328719723184,1
182,I. Thomas,Phoenix Suns,G,5,8,2,4,50.0,0,0,0.0,1,2,50.0,0,0,0,1,0,0,0,0,1,6,5,6,1,11.81640625,0.0,0.140625,0.47265625,14.53515625,11.81640625,14.53515625,0.140625,1
183,Ibou Badji,Portland Trail Blazers,C,10,41,4,5,250.0,2,4,100.0,0,0,0.0,2,4,6,4,8,0,5,3,-33,20,16,14,10,15.650969529085874,6.0,4.171745152354571,0.0,37.529085872576175,34.80886426592798,21.42382271468144,7.119113573407203,4
184,Immanuel Quickley,Toronto Raptors,SG,197,347,64,150,421.2,46,57,665.5,23,70,321.6,3,53,56,84,14,11,23,1,-89,337,253,281,140,364.3225308641976,100.5,188.5,14.30864197530864,1094.6558641975312,580.5447530864199,709.4336419753088,458.0,10
185,Isaac Okoro,Cleveland Cavaliers,SF,77,302,30,77,385.0,5,8,175.0,12,39,341.7,9,17,26,16,25,7,12,2,-61,119,103,93,42,148.1,42.67777777777778,18.5,7.777777777777779,379.6111111111111,281.0444444444445,222.2,85.64444444444445,10
186,Isaiah Hartenstein,New York Knicks,C,111,247,45,63,726.9,21,30,468.1,0,0,0.0,26,43,69,37,30,18,14,10,109,217,180,148,106,253.3804856315438,108.22521719759413,50.09155713967476,0.0,543.7119625751837,486.0200490086879,260.2913789262642,209.09779460904434,10
187,Isaiah Jackson,Indiana Pacers,SF,76,152,29,42,740.5,18,23,658.3,0,0,0.0,22,21,43,9,22,7,6,9,49,128,119,85,52,149.3171947312211,153.37166251334995,30.978640085439665,0.0,593.7899608401566,432.5372018511926,215.3374866500534,279.58276966892134,10
188,Isaiah Joe,Oklahoma City Thunder,SG,94,206,30,68,450.5,11,12,475.0,23,50,458.6,4,21,25,21,8,5,5,2,13,140,119,115,46,246.25192901234567,13.125,60.224151234567906,16.84104938271605,588.5,337.8074845679012,462.125,108.16859567901236,10
189,Isaiah Mobley,Cleveland Cavaliers,F,5,33,2,7,58.3,0,0,0.0,1,4,25.0,0,4,4,2,2,0,0,0,-1,11,9,7,6,3.765432098765432,12.839506172839506,1.2098765432098766,0.8024691358024691,30.580246913580243,20.555555555555554,8.950617283950617,18.888888888888886,2
190,Isaiah Stewart,Detroit Pistons,C,106,319,40,71,587.7,10,12,516.7,16,38,409.0,10,48,58,12,11,4,10,10,-48,176,164,118,70,131.47520661157026,49.603305785123965,9.603305785123966,12.764462809917354,245.47520661157023,193.27685950413223,178.88016528925618,64.0,10
191,Ish Smith,Charlotte Hornets,PG,18,181,8,34,236.0,0,0,0.0,2,2,200.0,1,19,20,41,16,5,6,1,-90,79,38,59,61,54.36000000000001,24.0,78.09,1.5600000000000003,170.49,69.16000000000001,134.09,123.69,9
192,Ish Wainright,Phoenix Suns,F,3,11,1,6,16.7,0,0,0.0,1,4,25.0,3,2,5,1,1,1,1,0,-3,9,8,4,6,6.25,17.361111111111114,0.6944444444444445,0.6944444444444445,56.25,44.44444444444445,11.111111111111112,25.0,1
193,Ivica Zubac,LA Clippers,C,127,278,52,85,667.7,23,27,525.0,0,0,0.0,26,73,99,15,29,9,7,16,11,241,226,142,114,238.86389413988658,81.2629699642932,8.513127494223902,0.0,471.05671077504724,442.59567317790385,248.98760764545264,108.11342155009451,10
194,JT Thor,Charlotte Hornets,F,34,107,14,22,538.3,2,3,150.0,4,11,250.0,1,14,15,6,9,1,2,5,-2,55,49,40,21,83.42100694444443,24.236111111111114,4.600694444444445,4.944444444444444,180.0390625,169.15017361111111,91.12934027777779,32.01736111111111,10
195,JaVale McGee,Sacramento Kings,C,23,49,11,19,355.0,0,3,0.0,1,2,100.0,5,10,15,1,6,2,1,0,-4,39,38,24,16,79.38719999999999,16.3152,0.8848,0.8848,138.4208,140.07999999999998,81.39520000000002,13.532800000000002,7
196,Jabari Smith Jr.,Houston Rockets,PF,163,298,56,118,478.4,27,31,916.7,24,63,335.8,14,50,64,14,24,6,12,8,-19,241,227,177,78,501.7792381376699,110.29939852973936,10.401425707284474,23.661840053464026,731.3305858765872,686.2657607484963,560.1481398975274,107.3967476052573,10
197,Jabari Walker,Portland Trail Blazers,F,102,311,36,82,449.3,22,32,635.9,8,22,316.6,19,67,86,20,29,5,8,1,-67,208,188,122,106,259.6048117620851,305.94564490977945,30.57518378257964,7.728670082423703,931.9590109155714,800.1447983960793,322.6028068612163,405.33704611272,10
198,Jacob Gilyard,Brooklyn Nets,G,0,11,0,2,0.0,0,0,0.0,0,2,0.0,0,0,0,1,2,1,0,0,0,1,0,1,1,14.761772853185596,0.6232686980609419,3.792243767313019,1.3407202216066483,43.28254847645429,21.451523545706372,33.51800554016621,7.490304709141275,1
199,Jacob Gilyard,Memphis Grizzlies,G,67,192,23,49,431.8,1,1,100.0,20,42,431.8,1,13,14,39,10,9,12,2,-59,120,81,106,53,341.01385041551254,15.504155124653737,43.28808864265928,29.750692520775623,656.0166204986151,445.7479224376731,519.5041551246537,90.57063711911357,9
200,Jacob Toppin,New York Knicks,F,13,29,5,9,107.1,2,2,100.0,1,4,33.3,3,3,6,1,3,0,1,0,-18,20,19,14,7,78.05555555555556,8.722222222222221,0.5555555555555556,0.7222222222222223,130.22222222222223,136.55555555555554,72.5,8.5,2
201,Jaden Hardy,Dallas Mavericks,G,57,103,23,54,417.9,3,3,200.0,8,22,273.3,2,11,13,16,13,1,8,0,-23,86,70,73,29,84.67447719828672,14.346938775510203,32.95187704711515,5.606449987402368,170.3910304862686,91.57470395565635,148.3524817334341,62.43713781809019,10
202,Jaden Ivey,Detroit Pistons,PG,159,294,59,142,423.0,23,30,688.3,18,53,317.9,5,29,34,35,24,5,23,4,-98,228,193,194,69,425.3063744016125,26.613252708490805,27.55883093978332,23.673469387755098,531.604938271605,461.3083900226757,480.5532879818594,69.22171831695641,10
203,Jaden McDaniels,Minnesota Timberwolves,PF,125,303,50,101,486.5,11,18,432.1,14,43,262.9,12,32,44,12,27,12,15,10,39,181,169,137,56,410.63745543253896,30.111465565772185,11.603677988365547,16.635391255395007,436.5383749296303,483.07956464627506,365.85494464252207,39.95646462750985,10
204,Jaden Springer,Boston Celtics,G,60,176,22,52,413.7,13,14,575.0,3,18,183.3,13,18,31,17,21,13,10,4,-19,108,91,77,48,223.46260387811634,50.5,30.390581717451518,2.5886426592797784,669.220221606648,469.7520775623268,361.19390581717454,142.62742382271472,10
205,Jae Crowder,Milwaukee Bucks,PF,61,199,24,52,490.7,4,5,150.0,9,30,320.0,6,18,24,10,10,7,3,1,-1,95,85,71,34,49.63673469387755,8.989795918367346,8.204081632653061,5.359183673469388,58.818367346938764,47.14489795918367,58.61632653061225,19.887755102040817,10
206,Jae'Sean Tate,Houston Rockets,SF,39,131,17,32,440.5,3,5,150.0,2,7,133.3,8,19,27,7,15,5,14,5,6,73,66,46,34,92.30277777777778,21.125,6.144444444444445,1.6000000000000003,189.47777777777776,143.24444444444444,121.06944444444444,44.736111111111114,10
207,Jahmi'us Ramsey,Toronto Raptors,SG,47,120,18,41,306.3,5,6,175.0,6,22,183.3,4,18,22,8,10,7,7,0,-28,77,69,55,30,69.3801652892562,36.066115702479344,3.072314049586777,3.402892561983472,97.25413223140495,108.65289256198346,77.28719008264463,19.832644628099175,7
208,Jaime Jr. Jaquez,Miami Heat,G,104,291,39,86,430.4,18,25,616.7,8,25,244.89999999999998,9,40,49,27,20,12,9,3,3,180,153,131,76,399.9229968782518,41.14984391259105,22.292403746097815,7.839750260145682,373.75650364203955,369.74921956295526,390.9687825182102,76.40374609781477,10
209,Jake LaRavia,Memphis Grizzlies,F,124,295,37,103,356.5,30,38,643.9,20,56,353.5,18,25,43,22,19,9,18,3,11,189,167,146,65,274.99940546967895,34.43400713436385,19.81985731272295,32.19024970273484,515.3424494649227,420.1385255648038,335.94530321046375,88.51189060642093,10
210,Jakob Poeltl,Toronto Raptors,C,122,251,55,101,543.9,12,20,491.7,0,0,0.0,39,53,92,31,28,10,11,19,35,245,214,153,123,161.8469387755102,127.67346938775509,30.387755102040813,0.0,516.704081632653,398.98979591836735,256.6224489795918,181.0,10
211,Jalen Brunson,New York Knicks,PG,312,351,117,247,466.9,52,62,764.2,26,73,364.7,4,29,33,80,17,9,21,0,109,425,345,392,113,1320.1,20.44489795918367,49.787755102040805,14.5,1416.4510204081632,1427.4877551020409,1307.030612244898,72.26530612244898,10
212,Jalen Duren,Detroit Pistons,C,128,257,49,85,524.1,30,36,763.3,0,1,0.0,30,84,114,15,22,9,24,6,-56,257,242,143,129,402.0644132653061,372.45727040816325,25.90625,0.0,1649.40625,1452.625,504.24744897959187,492.96173469387753,10
213,Jalen Green,Houston Rockets,SG,279,371,96,206,454.9,47,59,862.5,40,103,361.9,10,55,65,48,20,14,32,5,57,392,344,327,113,1038.5004444444444,52.535999999999994,26.444444444444443,53.39377777777778,1296.464,1319.6284444444443,1006.696,87.62044444444444,10
214,Jalen HoodSchifino,Los Angeles Lakers,G,5,11,1,6,33.3,2,4,100.0,1,3,50.0,0,2,2,0,1,0,1,0,-13,7,7,5,2,9.0,0.9799999999999999,0.020000000000000004,0.8200000000000001,13.32,14.180000000000001,8.42,0.72,2
215,Jalen Johnson,Atlanta Hawks,SF,168,326,64,141,456.8,23,32,504.0,17,45,399.9,12,75,87,43,16,11,16,7,-5,298,255,211,130,739.916049382716,166.3827160493827,96.8716049382716,14.377777777777778,1592.1382716049382,994.6000000000001,1197.0,403.70864197530864,10
216,Jalen McDaniels,Toronto Raptors,PF,57,177,25,61,352.3,7,9,366.7,0,12,0.0,6,25,31,18,15,6,10,3,-95,106,88,75,49,201.81519274376416,119.52947845804988,24.49546485260771,0.0510204081632653,601.030612244898,482.6893424036281,267.6621315192744,196.51927437641726,10
217,Jalen Pickett,Denver Nuggets,G,2,7,1,3,33.3,0,0,0.0,0,2,0.0,0,0,0,2,0,0,0,0,-1,4,2,4,2,0.7225000000000001,0.0625,1.1025,0.04000000000000001,2.7224999999999997,0.3600000000000001,3.61,0.6400000000000001,1
218,Jalen Slawson,Sacramento Kings,F,2,8,1,2,50.0,0,0,0.0,0,1,0.0,1,1,2,0,2,1,0,0,3,4,4,2,2,2.621315192743764,2.3219954648526073,0.0,0.0,9.877551020408163,9.877551020408163,2.621315192743764,2.3219954648526073,1
219,Jalen Smith,Indiana Pacers,PF,86,158,32,67,443.3,14,20,277.4,8,24,295.2,28,34,62,7,17,4,3,8,-1,155,148,93,69,202.8,62.06944444444444,6.2,9.644444444444444,472.56944444444446,431.60277777777776,231.0,81.03611111111111,10
220,Jalen Suggs,Orlando Magic,SG,121,276,42,87,496.4,20,26,683.3,17,43,432.5,4,17,21,36,22,16,14,9,38,178,142,157,57,260.90277777777777,15.8,32.736111111111114,8.902777777777779,389.7,264.40277777777777,370.5,64.2361111111111,10
221,Jalen Williams,Oklahoma City Thunder,F,211,304,86,157,551.8,26,33,746.7,13,39,248.3,7,29,36,51,21,14,21,13,42,298,247,262,87,454.77777777777777,22.8,48.90277777777778,14.436111111111112,823.4027777777778,552.1111111111111,691.3361111111111,106.4361111111111,10
222,Jalen Wilson,Brooklyn Nets,F,43,120,16,32,588.3,8,9,350.0,3,10,158.3,6,18,24,6,7,0,4,0,29,73,67,49,30,88.13128411376042,30.841712151680554,7.012352772191899,2.2979029014650965,228.73743177247914,174.80810112036772,123.82045389255963,56.09422579718472,10
223,Jamal Cain,Miami Heat,F,12,37,3,9,125.0,4,4,200.0,2,4,150.0,2,3,5,6,5,1,3,1,11,23,17,18,11,9.215219976218789,4.0059453032104635,6.0,1.0107015457788346,32.06777645659929,19.240190249702735,24.801426872770513,7.247324613555292,4
224,Jamal Murray,Denver Nuggets,PG,227,360,87,190,450.6,33,39,861.4,20,50,410.0,10,43,53,82,18,16,22,3,51,362,280,309,135,463.3490304709141,47.16481994459834,73.01523545706371,20.02770083102493,650.9362880886429,468.5,620.0124653739612,145.95290858725764,10
225,James Bouknight,Charlotte Hornets,SG,10,13,4,10,83.3,0,0,0.0,2,7,58.3,0,0,0,0,0,1,1,0,13,10,10,10,0,18.0,0.0,0.0,0.72,18.0,18.0,18.0,0.0,2
226,James Harden,LA Clippers,SG,129,354,40,114,353.1,32,38,840.7,17,69,222.7,6,50,56,104,8,12,24,4,17,289,185,233,160,219.99387755102038,38.53061224489796,135.27551020408163,21.7,456.95102040816323,242.91632653061225,430.44489795918366,177.38979591836733,10
227,James Johnson,Indiana Pacers,PF,4,12,1,4,33.3,2,2,100.0,0,1,0.0,0,0,0,2,3,0,1,1,-2,6,4,6,2,1.2800000000000002,0.0,0.32000000000000006,0.0,2.88,1.2800000000000002,2.88,0.32000000000000006,2
228,James Wiseman,Detroit Pistons,C,103,237,41,70,486.1,21,26,520.8,0,0,0.0,23,46,69,11,27,1,21,6,-105,183,172,114,80,461.78458049886626,108.56412194507432,18.913328294280678,0.0,1018.8921642731166,871.1665406903503,599.0123456790124,137.97530864197532,10
229,Jamie Jr. Jaquez,Miami Heat,G,64,166,25,50,402.4,9,11,441.7,5,19,161.7,4,11,15,17,14,5,11,3,32,96,79,81,32,105.125,10.9453125,16.9453125,3.9453125,173.125,136.6328125,135.5078125,34.0,8
230,Jarace Walker,Indiana Pacers,F,38,147,14,37,382.2,2,2,100.0,8,19,300.0,4,25,29,19,11,5,6,5,26,86,67,57,48,127.57048940832725,50.59532505478451,59.53177501826149,8.759678597516436,492.69539810080346,299.1417092768444,259.44119795471147,171.81008035062086,10
231,Jared Butler,Washington Wizards,SG,90,220,35,80,444.8,10,10,400.0,10,37,290.1,5,19,24,48,21,14,22,4,10,162,114,138,72,248.96264445041655,8.882558452029023,145.38887395861326,10.776672937382425,616.3907551733405,277.89518946519746,536.0,205.72964256920181,10
232,Jared Rhoden,Detroit Pistons,G,26,101,10,20,243.3,2,4,100.0,4,9,183.3,0,13,13,7,11,2,4,6,-37,46,39,33,20,46.70833333333333,12.833333333333332,7.34375,1.375,83.84375,96.875,44.01041666666667,9.84375,6
233,Jaren Jackson Jr.,Memphis Grizzlies,PF,223,328,81,183,426.2,46,59,770.4,15,49,319.6,15,33,48,34,37,17,27,17,-129,305,271,257,82,1094.8353151010701,51.54815695600475,26.404280618311535,10.5,1277.910225921522,1216.8281807372177,1154.5,79.36979785969085,10
234,Jarred Vanderbilt,Los Angeles Lakers,PF,68,142,26,42,412.7,13,17,375.0,3,5,166.7,12,22,34,12,8,16,11,2,23,114,102,80,46,111.33333333333334,59.333333333333336,18.0,3.5,362.0,274.0,157.33333333333334,119.33333333333334,6
235,Jarrett Allen,Cleveland Cavaliers,C,186,318,76,115,652.3,34,42,812.4,0,0,0.0,20,79,99,31,12,4,10,3,-40,316,285,217,130,240.68755864139612,226.6228185400638,20.8577594295365,0.0,675.0538562582099,623.0746856821168,254.13980108838427,286.0075060987052,10
236,Jason Preston,Utah Jazz,G,10,42,5,12,116.6,0,0,0.0,0,1,0.0,3,7,10,13,2,1,1,0,0,33,20,23,23,18.048442906574397,6.681660899653981,17.197231833910035,0.0,108.39100346020763,40.9515570934256,64.44982698961937,44.91695501730104,3
237,Javon Freeman-Liberty,Toronto Raptors,G,83,226,32,72,385.3,15,17,700.0,4,22,108.3,8,33,41,24,17,8,16,1,-121,148,124,107,65,285.00661625708887,25.650283553875237,26.911153119092628,4.400756143667297,554.3979206049149,417.01039697542535,405.95557655954633,69.0,10
238,Javonte Green,Chicago Bulls,G,40,84,16,25,238.10000000000002,4,4,100.0,4,7,250.0,8,16,24,3,4,4,4,3,32,67,64,43,27,329.7777777777777,82.55111111111111,0.7511111111111111,0.0,709.4444444444442,692.24,336.84000000000003,93.44444444444443,4
239,Jaxson Hayes,Los Angeles Lakers,C,55,156,21,29,814.0,13,19,608.3,0,0,0.0,15,30,45,8,22,1,9,2,-37,108,100,63,53,114.93136094674556,110.6,7.637869822485207,0.0,342.2059171597633,348.94674556213016,120.31360946745562,106.11479289940829,10
240,Jay Huff,Denver Nuggets,C,3,5,1,2,50.0,0,0,0.0,1,2,50.0,0,0,0,0,2,0,0,0,-3,3,3,3,0,5.871301775147931,0.11982248520710058,0.02366863905325444,0.7825443786982248,3.698224852071006,4.3136094674556205,5.149408284023668,0.25,1
241,Jaylen Brown,Boston Celtics,SG,258,344,101,202,497.6,31,47,542.6,25,65,385.4,13,39,52,31,24,17,22,5,71,341,310,289,83,415.8585069444445,46.400173611111114,29.19184027777778,17.350694444444443,381.4001736111111,436.90625,342.9444444444444,93.0,10
242,Jaylen Nowell,Detroit Pistons,SG,12,20,5,9,55.6,2,4,50.0,0,1,0.0,1,2,3,2,1,1,1,1,-7,17,15,14,5,0.0,0.0,0.0,0.0,0.0,0.0,0.0,0.0,1
243,Jaylin Williams,Oklahoma City Thunder,F,39,147,12,30,450.0,10,12,258.3,5,19,358.3,4,35,39,27,15,4,11,6,-67,105,78,66,66,64.91046712802769,55.083044982698965,132.93079584775086,2.716262975778547,450.5782871972318,187.8810553633218,267.42776816608995,248.1937716262976,10
244,Jayson Tatum,Boston Celtics,SF,270,352,88,188,467.2,64,75,767.0,30,75,389.6,11,63,74,48,16,12,27,6,101,392,344,318,122,275.51910370583164,81.48118356794023,10.615340419419706,20.287273771904626,470.99281815570237,436.90146509623673,317.91496696351624,83.79201378914104,10
245,Jeenathan Williams,Houston Rockets,G,18,36,9,15,283.4,0,2,0.0,0,0,0.0,3,5,8,1,5,1,0,0,14,27,26,19,9,48.0,7.170524691358023,0.8001543209876544,0.0,74.1388888888889,79.61496913580247,45.689043209876544,4.805555555555555,5
246,Jeff Dowtin,Philadelphia 76ers,G,31,86,11,20,237.1,2,2,100.0,7,14,216.7,2,9,11,17,1,4,5,1,16,59,42,48,28,155.62975778546712,15.0,33.155709342560556,6.024221453287198,398.318339100346,209.6885813148789,312.96539792387546,79.44982698961938,7
247,Jeff Green,Houston Rockets,PF,94,192,31,65,433.8,15,18,525.0,17,42,360.0,7,25,32,9,12,1,1,4,27,135,126,103,41,290.28635766560336,44.47551135297429,4.900168887220866,15.68905986113717,447.3261399887408,427.3923813098142,309.84443610433476,49.75136048039032,10
248,Jerami Grant,Portland Trail Blazers,SF,169,342,56,142,386.6,38,46,711.3,19,49,402.0,6,19,25,35,18,14,28,2,-77,229,194,204,60,473.98961937716257,45.9204152249135,32.71626297577855,5.083044982698962,888.6262975778548,739.6678200692041,583.0934256055364,118.49134948096886,10
249,Jeremiah Robinson-Earl,New Orleans Pelicans,F,28,104,11,28,269.6,4,7,80.0,2,13,100.0,10,15,25,11,7,3,5,1,38,64,53,39,36,91.13609467455622,39.36686390532544,29.90335305719921,1.6844181459566077,258.0315581854043,171.0,149.98224852071007,97.45562130177514,9
250,Jeremy Sochan,San Antonio Spurs,F,126,301,51,121,422.6,14,19,516.7,10,44,192.79999999999998,21,59,80,33,16,14,20,10,-20,239,206,159,113,549.0972944849116,204.3746097814776,41.58480749219564,10.166493236212277,1143.8839750260145,1165.4823100936524,519.2138397502601,254.24453694068677,10
251,Jericho Sims,New York Knicks,C,11,149,5,9,266.7,1,2,50.0,0,0,0.0,16,25,41,5,11,5,5,5,17,57,52,16,46,26.97530864197531,87.4,4.708641975308643,0.0,178.2,163.61975308641973,34.0,99.6641975308642,10
252,Jerome Robinson,Golden State Warriors,SG,10,17,4,10,40.0,1,2,50.0,1,6,16.7,0,0,0,1,1,0,0,1,-2,11,10,11,1,72.25,0.140625,0.6944444444444445,0.8402777777777777,80.25173611111113,66.015625,87.11111111111113,0.21006944444444448,1
253,Jett Howard,Orlando Magic,G,0,5,0,1,0.0,0,0,0.0,0,1,0.0,0,0,0,0,1,0,0,0,-5,0,0,0,0,0.25,0.0,0.0,0.027777777777777776,0.25,0.25,0.25,0.0,1
254,Jevon Carter,Chicago Bulls,PG,48,142,19,37,423.5,1,2,50.0,9,22,291.7,2,7,9,11,10,2,4,1,6,68,57,59,20,161.91836734693877,13.159933361099542,8.903373594335694,6.9183673469387745,258.2448979591837,202.55935027072053,201.46314035818412,38.204081632653065,10
255,Jimmy Butler,Miami Heat,SF,175,332,55,122,453.9,56,61,932.4,9,28,274.9,11,32,43,47,14,10,13,1,101,265,218,222,90,321.0,16.739409042363828,32.19117123531506,4.9658241367034535,348.06657173371303,345.1733713065148,321.379850480598,51.443930224279086,10
256,Jock Landale,Houston Rockets,C,92,222,37,64,579.2,16,18,633.3,2,6,100.0,27,28,55,17,17,4,9,11,61,164,147,109,72,234.94542214301623,92.52372466028068,28.415460013366005,3.6008019603475163,741.097349075518,552.1249721541546,360.6645132546224,184.19247048340387,10
257,Joe Harris,Detroit Pistons,SF,2,12,1,3,33.3,0,0,0.0,0,1,0.0,0,0,0,0,1,0,0,0,-5,2,2,2,0,0.0,0.0,0.0,0.0,0.0,0.0,0.0,0.0,1
258,Joe Ingles,Orlando Magic,SG,33,169,10,23,364.9,5,6,300.0,8,19,341.6,1,18,19,27,12,6,12,0,70,79,52,60,46,100.75308641975309,13.18846056941295,8.10304862685815,7.679012345679013,72.94658604182413,67.6734693877551,102.56689342403628,24.75081884605694,10
259,Joel Embiid,Philadelphia 76ers,C,98,123,33,77,169.7,25,29,350.0,7,19,133.3,3,21,24,15,12,6,17,1,-62,137,122,113,39,174.96,6.640000000000001,20.040000000000003,5.56,191.16000000000005,153.36,218.44,21.0,4
260,John Collins,Utah Jazz,PF,193,271,68,119,570.0,39,48,752.5,18,34,508.9,22,58,80,7,25,7,12,7,-49,280,273,200,87,362.38775510204084,95.36033163265307,7.3501275510204085,12.044005102040817,700.0510204081634,672.8960459183673,372.3654336734694,119.88775510204083,10
261,John Konchar,Memphis Grizzlies,SG,57,299,19,46,385.8,8,9,266.7,11,29,391.6,19,45,64,29,20,13,17,9,-3,150,121,86,93,131.325,70.55625,15.0,7.125,291.05625,223.40625,166.425,118.10624999999999,10
262,Johnny Davis,Washington Wizards,G,40,184,17,37,438.1,3,4,150.0,3,11,150.0,4,16,20,12,14,4,0,5,-46,72,60,52,32,78.64876033057851,23.111111111111107,9.794306703397613,4.103305785123967,176.9297520661157,140.3053259871442,122.34389348025712,25.834710743801654,10
263,Johnny Juzang,Utah Jazz,G,70,192,26,57,390.1,2,3,150.0,16,43,316.8,5,17,22,11,16,1,5,1,-29,103,92,81,33,318.9262759924386,43.91776937618147,13.105860113421553,22.431947069943288,472.01984877126654,437.9291115311909,330.9054820415879,79.13516068052931,10
264,Jonas Valanciunas,New Orleans Pelicans,C,108,197,46,75,615.9,15,21,425.0,1,11,33.3,11,58,69,16,26,3,11,3,-6,193,177,124,85,426.144,31.400000000000002,36.401777777777774,1.0000000000000002,715.7804444444445,525.9440000000001,622.6471111111111,61.135111111111115,10
265,Jonathan Isaac,Orlando Magic,PF,98,185,36,58,613.6,9,12,366.7,17,30,543.3,12,37,49,7,13,7,3,16,72,154,147,105,56,315.056,22.964,6.104,13.7,383.28400000000005,411.47599999999994,291.49600000000004,24.436,10
266,Jonathan Kuminga,Golden State Warriors,PF,202,306,78,150,521.6,38,48,706.7,8,20,300.1,9,39,48,23,32,10,20,4,15,273,250,225,71,279.2165289256198,71.65289256198346,12.249586776859505,9.682644628099174,319.2314049586777,278.40000000000003,318.1735537190083,85.77685950413223,10
267,Jontay Porter,Toronto Raptors,C,49,159,18,41,352.3,4,6,150.0,9,26,230.4,10,23,33,32,11,10,13,9,-28,114,82,81,65,215.4023668639053,32.251479289940825,58.16863905325444,15.943786982248522,472.0,275.0917159763314,386.0976331360947,116.63313609467455,10
268,Jordan Clarkson,Utah Jazz,PG,161,328,58,144,353.7,31,35,737.9,14,53,206.6,7,29,36,63,18,10,23,0,-70,260,197,224,99,1014.8698224852071,104.98224852071006,74.72485207100591,21.005917159763314,1435.3639053254435,1403.248520710059,1032.630177514793,194.0621301775148,10
269,Jordan Goodwin,Memphis Grizzlies,G,88,272,35,97,349.0,7,12,250.0,11,36,280.0,22,48,70,48,20,12,19,8,-44,206,158,136,118,220.70204081632653,192.13061224489795,52.30204081632654,15.146938775510204,587.330612244898,502.46530612244896,224.0,326.0,10
270,Jordan Hawkins,New Orleans Pelicans,G,24,94,8,31,291.7,3,5,116.7,5,19,166.7,2,8,10,5,5,2,1,1,16,39,34,29,15,45.29050138573948,8.02267573696145,4.500629881582262,6.64172335600907,55.56941295036533,75.02897455278408,29.838498362307888,8.515747039556564,10
271,Jordan McLaughlin,Minnesota Timberwolves,PG,56,162,19,34,515.4,4,4,200.0,14,23,491.7,3,12,15,23,2,3,2,0,54,94,71,79,38,192.72664359861594,12.76167820069204,44.14576124567474,20.483131487889274,277.03979238754323,209.92776816608998,262.61980968858137,54.12629757785467,10
272,Jordan Miller,LA Clippers,G,4,5,1,1,100.0,2,2,100.0,0,0,0.0,0,1,1,0,0,0,0,0,3,5,5,4,1,9.679012345679013,0.44444444444444453,0.0,0.0,14.271604938271604,14.271604938271604,9.679012345679013,0.44444444444444453,1
273,Jordan Nwora,Toronto Raptors,SF,105,216,42,82,509.9,12,15,400.0,9,32,270.2,5,40,45,19,9,7,23,4,-97,169,150,124,64,276.6646062886321,108.53238376780433,19.964256920182745,5.035474334856222,670.7710292932007,543.2872883633431,338.20693361999463,194.43805428648213,10
274,Jordan Poole,Washington Wizards,SG,200,351,74,175,414.2,24,25,850.0,28,87,306.4,5,34,39,70,28,11,31,1,-71,309,239,270,109,701.741946365323,26.63265306122449,136.79440040479003,23.60971496036431,1132.3573958509023,845.3207960870297,939.045707539214,213.15989205599598,10
275,Jordan Walsh,Boston Celtics,G,2,33,1,5,100.0,0,0,0.0,0,3,0.0,3,4,7,1,6,2,2,1,19,10,9,3,8,4.21301775147929,13.822485207100595,1.2366863905325443,0.0,8.715976331360947,8.284023668639053,9.994082840236686,9.710059171597631,3
276,Jose Alvarado,New Orleans Pelicans,PG,66,206,22,58,360.1,7,10,350.0,15,33,450.4,6,19,25,23,19,8,5,1,32,114,91,89,48,184.336,40.756,32.775999999999996,14.504000000000001,467.79600000000005,312.5,293.8,119.36399999999999,10
277,Josh Giddey,Oklahoma City Thunder,SG,170,286,69,123,557.8,17,25,613.6,15,33,362.5,15,63,78,67,14,3,21,7,66,315,248,237,145,588.904432132964,97.28670360110803,140.2853185595568,26.749307479224377,1015.6371191135735,742.0055401662049,702.4168975069251,397.691135734072,10
278,Josh Green,Dallas Mavericks,SG,67,259,28,55,498.7,4,5,80.0,7,23,270.0,11,24,35,13,16,11,9,2,-34,115,102,80,48,175.42568370986916,41.573127229488705,10.20332936979786,7.416171224732463,227.9346016646849,241.15576694411413,176.20927467300828,37.77170035671819,10
279,Josh Hart,New York Knicks,SG,94,382,39,91,372.9,12,15,358.3,4,22,106.6,20,68,88,66,24,10,20,1,89,248,182,160,154,707.0812535184837,216.13135672734097,121.0538562582098,5.29179958716457,1833.6907487333458,1299.6517170200786,1084.2702195533873,494.0352786639144,10
280,Josh Minott,Minnesota Timberwolves,F,2,12,1,2,50.0,0,0,0.0,0,0,0.0,0,5,5,1,3,1,0,0,13,8,7,3,6,2.568888888888889,10.979999999999999,0.5555555555555556,0.14222222222222222,4.108888888888887,3.7088888888888887,4.768888888888889,9.735555555555557,2
281,Josh Okogie,Phoenix Suns,SF,43,135,12,30,323.8,12,13,450.0,7,15,350.0,13,7,20,11,7,6,10,3,-9,74,63,54,31,142.2271105826397,12.190249702734839,7.466111771700358,6.31985731272295,206.19262782401904,194.25802615933412,148.81807372175982,25.0,10
282,Josh Richardson,Miami Heat,SG,98,211,38,76,433.2,6,6,200.0,16,45,301.7,4,26,30,19,16,5,3,2,3,147,128,117,49,296.8888888888889,20.0,10.88888888888889,27.555555555555557,468.0,427.55555555555554,344.0,24.22222222222222,9
283,Joshua Primo,LA Clippers,G,0,5,0,1,0.0,0,0,0.0,0,0,0.0,1,0,1,0,0,0,1,0,1,1,1,0,1,0.0,0.0,0.0,0.0,0.0,0.0,0.0,0.0,1
284,Jrue Holiday,Boston Celtics,PG,109,329,43,90,497.0,4,4,200.0,19,53,365.2,7,37,44,54,13,10,16,9,93,207,153,163,98,152.9349173553719,61.07128099173554,64.87603305785125,12.901859504132233,398.10330578512395,272.5,302.86880165289256,101.61673553719008,10
285,Jules Bernard,Washington Wizards,G,46,88,17,36,466.2,4,7,250.0,8,16,435.0,6,9,15,11,6,2,3,1,24,72,61,57,26,216.41157133464824,12.464825772518079,15.159105851413544,6.336620644312953,368.0,276.3385930309007,303.0289283366206,32.66798159105852,8
286,Julian Champagnie,San Antonio Spurs,F,81,270,29,70,336.6,10,13,483.4,13,42,236.5,5,26,31,16,12,8,11,11,-15,128,112,97,47,299.6604938271605,34.9741512345679,20.5,14.100694444444445,603.7673611111111,497.85069444444446,376.6049382716049,84.44637345679013,10
287,Julian Phillips,Chicago Bulls,F,39,132,13,31,272.9,7,8,266.7,6,13,283.4,6,12,18,5,12,5,3,1,-11,62,57,44,23,170.91975308641975,27.290123456790123,6.777777777777779,6.401234567901234,314.4444444444444,289.44444444444446,184.5493827160494,45.43827160493827,10
288,Julian Strawther,Denver Nuggets,G,23,49,8,22,83.0,4,4,200.0,3,15,48.6,1,4,5,5,4,1,4,0,-3,33,28,28,10,144.96418732782368,8.041322314049587,5.074380165289256,3.333333333333334,240.73553719008265,205.57851239669424,173.07438016528928,20.16253443526171,3
289,Julius Randle,New York Knicks,PF,66,99,23,48,142.2,14,14,300.0,6,11,195.0,8,17,25,18,7,1,10,0,25,109,91,84,43,98.0,2.666666666666667,14.0,2.0,140.66666666666669,120.66666666666666,126.0,8.666666666666668,3
290,Justin Champagnie,Washington Wizards,SF,69,174,23,56,321.8,11,14,300.0,12,36,218.3,16,24,40,15,12,7,8,5,-48,124,109,84,55,304.89,85.6225,8.04,14.0025,751.0625,675.2025,353.61,120.8025,9
291,Justin Holiday,Denver Nuggets,SF,36,150,14,35,299.6,0,0,0.0,8,21,250.0,3,11,14,6,10,6,2,3,10,56,50,42,20,136.84785030073513,10.407217643127645,11.363778124303852,9.942526175094676,270.20628202272223,194.02361327689908,199.9973267988416,34.80418801514814,10
292,Justin Minaya,Portland Trail Blazers,F,16,113,6,20,224.89999999999998,1,2,50.0,3,13,116.6,9,11,20,5,9,4,3,4,-31,41,36,21,25,20.55328798185941,21.638321995464853,5.066893424036281,2.1383219954648522,68.77777777777777,61.19387755102041,22.209750566893426,32.63265306122448,10
293,Jusuf Nurkic,Phoenix Suns,C,87,272,32,75,402.8,22,37,461.4,1,2,50.0,37,81,118,39,33,11,20,9,33,244,205,126,157,213.0418801514814,286.213856092671,22.949209177990642,0.9010915571396747,845.1601693027401,874.572287814658,216.37736689685897,276.415460013366,10
294,Karl-Anthony Towns,Minnesota Timberwolves,C,193,306,66,146,451.8,41,47,734.2,20,56,341.5,20,55,75,29,33,8,24,8,98,297,268,222,104,265.0493827160493,98.62345679012346,46.91975308641975,18.771604938271604,548.530864197531,414.4012345679012,362.2777777777778,182.44444444444443,10
295,Kawhi Leonard,LA Clippers,SF,239,347,93,173,538.7,37,43,815.0,16,45,350.8,14,45,59,28,12,13,23,11,38,326,298,267,87,125.67722681359045,60.90449954086318,8.631772268135904,8.466942148760332,202.40449954086316,148.5,148.1179981634527,101.0,10
296,Keegan Murray,Sacramento Kings,SF,172,352,68,142,484.6,6,8,241.7,30,79,383.7,16,36,52,19,29,5,9,12,47,243,224,191,71,277.78843490304706,80.34903047091413,16.909972299168977,30.12084487534626,261.343836565097,182.82444598337952,330.0806786703601,123.48614958448753,10
297,Keita Bates-Diop,Brooklyn Nets,SF,35,85,12,20,615.0,6,6,300.0,5,11,350.0,3,10,13,5,1,2,5,4,-13,53,48,40,18,52.10000000000001,16.81111111111111,4.677777777777777,5.4,94.5,87.3777777777778,51.511111111111106,29.2,10
298,Keldon Johnson,San Antonio Spurs,SF,160,297,56,113,491.7,25,30,584.2,23,61,384.9,15,43,58,21,14,4,9,1,-21,239,218,181,79,296.190103239587,57.337130651477395,24.901744393022426,28.488074047703808,332.78640085439645,356.1345674617302,312.6034175863296,42.47739409042364,10
299,Kelly Olynyk,Toronto Raptors,PF,127,290,50,89,573.0,21,26,608.3,6,22,291.6,16,42,58,59,40,10,34,6,-83,244,185,186,117,77.1521096479441,31.530233808116098,99.302606826122,2.4783660306369257,296.3622682074711,128.33673743617308,265.2706261757592,110.73985487772106,10
300,Kelly Oubre Jr.,Philadelphia 76ers,SG,189,342,70,162,427.0,29,33,521.4,20,56,291.5,18,45,63,24,24,13,23,15,33,276,252,213,87,513.2560553633218,86.51254325259517,31.46583044982699,31.5765570934256,794.0830449826989,742.3654844290658,582.1665224913495,100.78546712802768,10
301,Kendall Brown,Indiana Pacers,SG,3,19,1,2,100.0,1,2,50.0,0,0,0.0,1,0,1,0,4,0,0,0,-12,4,4,3,1,6.148148148148149,0.6666666666666667,0.3333333333333333,0.0,11.592592592592592,10.814814814814817,6.925925925925926,1.0,3
302,Kenneth Lofton Jr.,Philadelphia 76ers,F,2,5,1,4,25.0,0,0,0.0,0,2,0.0,0,1,1,0,0,0,0,0,-4,3,3,2,1,11.111111111111109,0.0,0.0,0.4444444444444444,11.111111111111109,11.111111111111109,11.111111111111109,0.0,1
303,Kenneth Lofton Jr.,Utah Jazz,F,7,12,3,7,42.9,0,0,0.0,1,2,50.0,1,0,1,0,0,0,0,0,-4,8,8,7,1,2.7777777777777786,0.0,0.0,0.11111111111111113,2.7777777777777786,2.7777777777777786,2.7777777777777786,0.0,1
304,Kenrich Williams,Oklahoma City Thunder,SF,81,187,33,58,591.2,4,4,200.0,11,25,433.3,18,22,40,13,19,10,4,3,2,134,121,94,53,189.43265306122447,69.43061224489796,8.761224489795918,7.244897959183675,452.40000000000003,360.13265306122446,250.68775510204082,109.20408163265306,10
305,Kentavious Caldwell-Pope,Denver Nuggets,SG,102,338,35,74,441.0,8,11,450.0,24,50,433.8,4,26,30,26,25,11,10,11,92,158,132,128,56,357.13711072664364,23.351643598615915,20.531574394463668,28.372404844290656,570.6423010380622,447.96020761245677,448.97577854671283,74.72664359861592,10
306,Kenyon Martin Jr.,Philadelphia 76ers,F,42,157,17,38,444.4,6,10,300.0,2,6,150.0,12,21,33,15,20,3,5,3,25,90,75,57,48,103.63214915595869,140.60090702947846,12.727387251196774,1.6049382716049383,500.74376417233555,423.0508944318468,161.0,173.6533131771227,10
307,Keon Ellis,Sacramento Kings,G,80,270,26,57,394.9,11,13,525.0,17,38,437.1,10,31,41,22,31,14,6,3,33,143,121,102,63,315.4118957451548,53.44909779460905,29.152595232791263,20.8137669859657,601.6522610826464,427.40766317665407,470.2098462909334,102.04834038761416,10
308,Keon Johnson,Brooklyn Nets,G,12,26,3,8,73.3,4,4,100.0,2,4,133.3,2,1,3,2,2,2,2,0,-9,17,15,14,5,18.88888888888889,0.5555555555555556,2.2222222222222223,0.22222222222222227,27.222222222222225,13.888888888888888,34.0,1.0,2
309,Kessler Edwards,Sacramento Kings,SF,39,97,14,33,376.7,1,4,50.0,10,23,386.7,4,13,17,3,9,6,1,1,-14,59,56,42,20,126.5461074403907,22.527147371444983,2.108302212008044,9.941970698075266,187.06147658718763,173.13300775639183,130.2125825912094,34.89744326343005,10
310,Kevin Durant,Phoenix Suns,PF,236,354,94,168,555.3,24,27,691.7,24,58,435.6,6,63,69,40,18,12,32,14,68,345,305,276,109,347.3327246165084,59.45288531775018,32.30861943024105,12.568298027757487,591.6296566837108,493.42184075967856,444.71439006574144,92.58765522279036,10
311,Kevin Huerter,Sacramento Kings,SG,72,231,29,79,330.1,2,4,100.0,12,45,205.0,6,24,30,25,23,8,11,2,5,127,102,97,55,288.7933884297521,30.44995408631772,4.61248852157943,16.24793388429752,456.10743801652893,441.77777777777777,290.6730945821855,47.51239669421488,10
312,Kevin Knox II,Detroit Pistons,SF,22,89,9,26,148.9,3,3,200.0,1,11,33.3,3,11,14,4,9,2,6,0,21,40,36,26,18,115.33333333333334,19.333333333333336,3.3333333333333335,0.8333333333333335,167.33333333333331,188.0,101.33333333333334,16.0,6
313,Kevin Love,Miami Heat,PF,87,163,31,67,455.3,9,12,233.3,16,45,301.7,12,56,68,17,20,4,10,4,49,172,155,104,85,332.3506944444444,134.73611111111114,17.90625,18.90625,672.0,572.90625,396.73611111111114,187.35069444444443,10
314,Kevon Looney,Golden State Warriors,F,37,111,15,24,618.3,7,11,350.0,0,0,0.0,10,31,41,8,18,1,4,1,33,86,78,45,49,54.6,56.94049586776859,4.0,0.0,141.72231404958677,148.77685950413223,55.400000000000006,53.08595041322314,10
315,Keyontae Johnson,Oklahoma City Thunder,F,5,39,2,8,66.7,0,0,0.0,1,2,100.0,2,4,6,2,4,0,2,0,-15,13,11,7,8,20.0,7.0,1.2653061224489797,0.8163265306122451,29.69387755102041,35.0,17.26530612244898,5.6938775510204085,5
316,Keyonte George,Utah Jazz,G,116,318,37,124,293.6,31,32,883.3,11,60,188.9,0,31,31,50,13,5,41,0,-131,197,147,166,81,284.38893573958507,32.91229549671108,42.74380165289256,13.374093439028504,267.2229718333615,272.29971327373914,313.1209310170349,41.84736043177602,10
317,Khris Middleton,Milwaukee Bucks,SF,153,299,61,125,517.4,13,17,455.0,18,48,475.4,12,48,60,62,37,12,26,2,-5,275,213,215,122,400.0059171597633,54.130177514792905,46.74556213017751,5.821170282708744,661.5443786982248,508.4082840236686,500.01775147928987,154.0,10
318,Killian Hayes,Detroit Pistons,PG,18,79,7,14,209.6,1,3,33.3,3,6,100.0,0,15,15,20,4,0,5,2,-12,53,33,38,35,27.0,18.75,54.0,2.75,252.75,74.75,153.0,124.75,4
319,Kira Lewis Jr.,Utah Jazz,PG,19,62,7,19,119.4,3,4,75.0,2,8,83.3,2,4,6,9,3,1,5,0,-28,34,25,28,15,102.27744904667982,19.183431952662723,13.289283366206444,1.3030900723208416,277.22222222222223,207.36620644312956,152.86719263642337,51.738987508218266,5
320,Klay Thompson,Golden State Warriors,SG,189,299,72,155,459.9,7,7,500.0,38,99,371.8,3,22,25,29,14,10,19,2,59,243,214,218,54,301.0793493354493,23.690735965086294,34.44415790517754,29.79051775441381,414.9214441579052,365.30847054155925,358.40428486411423,50.422931957944854,10
321,Kobe Brown,LA Clippers,G,10,39,5,9,300.0,0,0,0.0,0,2,0.0,6,7,13,2,5,0,3,0,-18,25,23,12,15,22.802734375,17.9609375,1.7734375,0.005859375,52.646484375,46.927734375,20.380859375,27.875,6
322,Kobe Bufkin,Atlanta Hawks,G,48,124,20,51,283.4,1,2,50.0,7,26,193.3,2,15,17,19,11,6,5,4,11,84,65,67,36,100.21606648199446,5.775623268698061,18.706371191135734,2.878116343490304,139.21883656509695,122.81717451523545,119.63711911357342,21.462603878116344,8
323,Kobi Simmons,Toronto Raptors,G,20,67,9,21,183.4,0,0,0.0,2,8,100.0,1,6,7,12,5,6,1,2,-31,39,27,32,19,20.80529300567108,3.3969754253308126,20.449905482041586,1.0472589792060494,27.53308128544423,32.39886578449905,19.421550094517965,20.3648393194707,4
324,Kris Dunn,Utah Jazz,G,57,220,23,57,422.1,5,7,130.0,6,21,200.0,9,24,33,34,26,9,8,5,-31,124,90,91,67,86.24853515625,42.2265625,44.447265625,6.41650390625,200.67431640625,168.54931640625,96.92822265625,108.119140625,10
325,Kris Murray,Portland Trail Blazers,F,100,319,42,98,394.0,4,9,166.7,12,46,199.2,20,27,47,16,20,13,12,4,-71,163,147,116,63,363.8877838243573,32.19459560893226,18.95515106023644,15.81084631262901,486.0853818727717,490.96021767686244,359.8712704072058,50.29142428222931,10
326,Kristaps Porzingis,Boston Celtics,C,203,301,74,150,514.8,35,40,887.5,20,55,422.5,21,58,79,24,29,11,15,21,65,306,282,227,103,85.29600694444444,100.11111111111111,14.517361111111112,18.00434027777778,385.4835069444444,322.0876736111111,124.6640625,138.65625,10
327,Kyle Anderson,Minnesota Timberwolves,SF,88,247,35,70,473.2,15,19,485.0,3,6,150.0,10,29,39,50,17,13,8,9,63,177,127,138,89,138.22244897959183,37.10408163265306,34.73673469387755,2.13265306122449,376.7448979591837,256.2734693877551,213.9183673469388,116.61632653061226,10
328,Kyle Kuzma,Washington Wizards,SF,218,366,85,181,489.6,37,47,775.0,11,43,218.6,3,70,73,51,24,7,36,7,-27,342,291,269,124,514.630177514793,56.88831360946746,60.017751479289934,16.82248520710059,741.2581360946747,549.426775147929,713.0443786982248,110.32322485207102,10
329,Kyle Lowry,Philadelphia 76ers,PG,87,300,28,63,462.9,12,16,500.0,19,45,455.0,3,25,28,45,25,9,13,4,15,160,115,132,73,362.5746173469388,37.79400510204081,84.95918367346938,11.314413265306124,583.2653061224489,427.7755102040816,495.46747448979596,145.35012755102042,10
330,Kyrie Irving,Dallas Mavericks,PG,252,372,98,197,501.8,26,28,783.3,30,78,376.1,9,36,45,51,23,15,24,4,104,348,297,303,96,130.66745562130177,46.50532544378699,76.95976331360946,16.002366863905326,164.22485207100584,157.4284023668639,100.25443786982247,160.67455621301775,10
331,LaMelo Ball,Charlotte Hornets,PG,32,55,12,37,66.1,5,6,150.0,3,17,34.7,1,5,6,15,10,3,7,0,-49,53,38,47,21,2.0,2.0,0.5,0.5,4.5,8.0,0.5,0.5,2
332,Lamar Stevens,Memphis Grizzlies,PF,111,239,44,107,433.1,19,24,516.6,4,25,195.0,13,38,51,10,13,11,5,5,12,172,162,121,61,137.68113083497698,42.77777777777777,6.532544378698225,2.401051939513478,199.92373438527284,188.68113083497698,156.92373438527284,41.310322156476,10
333,Landry Shamet,Washington Wizards,SG,55,184,20,55,273.1,7,7,300.0,8,35,104.1,4,10,14,8,12,4,9,2,-68,77,69,63,22,330.90000000000003,22.5,5.700000000000001,15.624999999999998,463.7,413.80000000000007,373.0,35.99999999999999,10
334,Larry Nance Jr.,New Orleans Pelicans,PF,63,227,27,48,550.8,4,6,216.7,5,11,216.6,18,29,47,21,18,8,6,0,-23,131,110,84,68,132.5,94.62244897959184,24.973469387755102,4.518367346938776,412.93265306122447,394.0081632653061,161.21632653061226,109.80408163265305,10
335,Lauri Markkanen,Utah Jazz,PF,223,347,68,170,401.2,57,60,956.7,30,80,363.3,20,49,69,26,14,11,18,4,-42,318,292,249,95,334.8261504747991,129.06135865595326,45.68298027757487,34.00730460189919,657.4915997078159,517.5704894083273,451.0029218407597,198.48867786705623,10
336,LeBron James,Los Angeles Lakers,SF,256,355,92,160,579.8,52,67,790.3,20,41,398.3,9,74,83,87,10,8,40,3,87,426,339,343,170,612.5577523413111,95.39698231009365,36.73309053069719,64.00260145681581,540.6014568158168,549.0202913631633,573.2284079084287,163.04058272632676,10
337,Leaky Black,Charlotte Hornets,F,31,166,10,27,332.1,7,10,275.0,4,10,150.0,5,22,27,14,13,2,3,4,-26,72,58,45,41,89.24489795918367,35.816326530612244,8.744897959183673,8.418367346938776,121.31632653061224,86.12244897959184,110.5,58.5,10
338,Leonard Miller,Minnesota Timberwolves,F,5,10,2,3,100.0,0,0,0.0,1,1,100.0,0,1,1,4,0,1,0,0,15,10,6,9,5,15.879999999999999,0.5072000000000001,2.88,0.7311999999999999,31.107200000000006,21.6992,25.0,3.6752,2
339,Lester Quinones,Golden State Warriors,G,52,148,18,49,323.7,9,13,325.0,7,29,200.0,7,17,24,12,16,2,5,0,-30,88,76,64,36,226.825,24.000000000000004,14.0,10.40625,329.625,351.0249999999999,218.625,24.800000000000004,10
340,Lindy Waters III,Oklahoma City Thunder,F,51,99,19,43,478.9,2,2,200.0,11,30,336.6,6,16,22,8,7,3,3,2,-53,81,73,59,30,174.65625,35.10625,10.5,14.15625,381.29999999999995,290.59999999999997,240.70625,70.25625,10
341,Lonnie Walker IV,Brooklyn Nets,G,39,123,15,53,327.9,3,4,150.0,6,29,153.3,2,16,18,7,5,0,4,4,-22,64,57,46,25,203.72852628555012,41.875897730537204,8.428899741453606,10.588336684860673,479.0267164607871,373.22349899454184,280.12927319735707,79.70726802642919,10
342,Luguentz Dort,Oklahoma City Thunder,G,107,286,33,86,366.0,28,34,755.0,13,52,235.3,6,30,36,14,26,7,15,4,9,157,143,121,50,257.38088642659284,44.43663434903047,11.20775623268698,11.785318559556787,356.2801246537396,331.85076177285316,276.95429362880884,60.500346260387815,10
343,Luka Doncic,Dallas Mavericks,PG,295,370,99,228,435.5,55,74,755.6,42,107,380.4,10,90,100,93,19,16,44,2,91,488,395,388,193,675.9765625,68.06103515625,133.22119140625,47.68212890625,748.087890625,913.65087890625,507.29541015625,204.400390625,10
344,Luka Garza,Minnesota Timberwolves,C,61,70,23,45,310.8,8,11,266.7,7,21,233.3,10,6,16,2,9,3,3,1,4,79,77,63,18,129.83240997229916,22.5207756232687,1.5775623268698062,3.810249307479225,226.01939058171746,204.51939058171746,149.74792243767317,25.682825484764546,6
345,Luka Samanic,Utah Jazz,F,54,131,16,44,338.8,17,23,521.4,5,22,203.3,5,29,34,6,11,1,6,5,-54,94,88,60,40,178.71000730460187,54.55953250547845,5.316289262235208,2.9108838568298023,409.1614317019723,354.4032140248356,219.59240321402484,73.75164353542732,10
346,Luke Kennard,Memphis Grizzlies,SG,118,282,40,88,429.0,9,9,500.0,29,64,450.4,2,28,30,53,7,6,24,1,-63,201,148,171,83,483.43673469387755,10.073469387755102,60.68979591836735,26.90204081632653,676.3306122448979,492.7755102040816,657.4081632653061,80.34693877551021,10
347,Luke Kornet,Boston Celtics,C,49,171,21,32,660.6,7,8,250.0,0,0,0.0,19,26,45,12,8,6,2,10,48,106,94,61,57,133.84185493460166,162.52675386444707,21.605826397146256,0.0,545.8650416171224,449.6860879904875,177.99583828775266,236.15755053507732,10
348,M. Pereira,Memphis Grizzlies,F,31,84,11,24,200.0,6,8,175.0,3,9,100.0,10,15,25,1,7,5,2,4,18,57,56,32,26,189.25,63.06065088757398,0.8106508875739645,3.522189349112426,443.01183431952666,433.1952662721893,192.44526627218937,70.49260355029585,5
349,M. Williams,Toronto Raptors,C,0,31,0,7,0.0,0,0,0.0,0,2,0.0,1,4,5,1,1,1,1,2,-24,6,5,1,6,0.0,2.7777777777777772,0.11111111111111113,0.0,4.0,2.7777777777777772,0.11111111111111113,4.0,1
350,Malachi Flynn,Detroit Pistons,PG,128,194,45,99,381.6,21,29,491.7,17,50,303.5,6,22,28,23,8,11,15,2,-79,179,156,151,51,1893.141975308642,33.60836762688615,47.6556927297668,23.444444444444446,2677.0,2349.5445816186557,2196.05281207133,105.80864197530865,10
351,Malaki Branham,San Antonio Spurs,G,106,224,41,92,425.1,9,13,366.7,15,42,337.9,5,14,19,18,14,3,13,0,13,143,125,124,37,423.265306122449,20.973469387755102,11.618367346938776,18.79387755102041,499.2612244897959,480.85918367346943,435.9938775510204,38.265306122448976,10
352,Malcolm Brogdon,Portland Trail Blazers,PG,102,218,37,83,266.20000000000005,17,19,433.3,11,30,202.89999999999998,7,22,29,40,13,4,17,2,4,171,131,142,69,100.0,28.833333333333336,7.333333333333334,6.833333333333334,113.5,66.83333333333334,151.33333333333331,31.5,6
353,Malik Beasley,Milwaukee Bucks,SG,113,310,39,106,362.4,7,7,300.0,28,82,339.6,2,29,31,11,17,5,6,2,-13,155,144,124,42,352.0573921028466,27.102846648301192,11.061983471074381,25.941689623507806,339.5711662075298,361.82047750229566,343.64554637281907,24.32736455463728,10
354,Malik Monk,Sacramento Kings,SG,157,272,57,138,394.0,31,33,730.0,12,58,166.1,6,27,33,44,31,6,17,2,13,234,190,201,77,653.7845804988663,24.25724363819602,14.982111363063742,11.617031997984379,877.3560090702948,822.5527840765936,694.3827160493827,53.44444444444444,10
355,Mamadi Diakite,New York Knicks,F,0,5,0,0,0.0,0,0,0.0,0,0,0.0,0,1,1,0,1,1,0,0,0,1,1,0,1,0.0,0.4049586776859504,0.0,0.0,0.4049586776859504,0.4049586776859504,0.0,0.4049586776859504,1
356,MarJon Beauchamp,Milwaukee Bucks,F,30,42,10,16,350.0,7,8,175.0,3,7,200.0,2,9,11,1,4,1,3,0,-17,42,41,31,12,64.50666666666666,13.240000000000002,0.8933333333333334,2.0400000000000005,123.75999999999999,112.33333333333331,72.36000000000001,17.706666666666667,6
357,Marcus Morris Sr.,Cleveland Cavaliers,SF,57,139,21,47,367.6,4,6,200.0,11,25,383.3,3,17,20,9,8,2,9,2,-32,86,77,66,29,107.55555555555556,48.07256235827664,9.0,10.081632653061224,203.59637188208617,211.07256235827663,100.88888888888889,56.26303854875283,8
358,Marcus Morris Sr.,Philadelphia 76ers,SF,14,43,6,15,80.0,0,0,0.0,2,5,50.0,0,8,8,1,2,2,2,1,-12,23,22,15,9,18.055555555555557,7.089569160997733,1.0,2.0918367346938775,27.684807256235835,38.20861678004536,12.722222222222221,2.8990929705215427,2
359,Marcus Sasser,Detroit Pistons,G,79,277,28,88,315.4,11,12,190.0,12,43,270.9,2,21,23,42,17,8,19,2,-88,144,102,121,65,358.1570247933884,10.16694214876033,39.603305785123965,7.811570247933885,517.2462809917356,340.3438016528926,522.2892561983472,62.54049586776859,10
360,Markelle Fultz,Orlando Magic,PG,56,190,25,66,380.8,4,4,200.0,2,5,66.7,13,12,25,25,18,8,10,3,37,106,81,81,50,202.48487006051977,37.59024563901744,36.50800996796013,3.609113563545746,429.04378782484866,317.0904236383054,297.25133499466006,91.28515485938055,10
361,Markieff Morris,Dallas Mavericks,PF,5,11,2,3,150.0,0,0,0.0,1,2,50.0,0,2,2,0,0,0,0,0,4,7,7,5,2,1.0,2.4260355029585803,0.2958579881656805,0.5266272189349113,5.165680473372782,6.349112426035504,0.5266272189349113,2.0118343195266273,2
362,Marques Bolden,Charlotte Hornets,C,15,53,7,9,266.7,1,2,50.0,0,0,0.0,4,13,17,0,5,1,1,1,-8,32,32,15,17,36.017301038062286,41.22491349480969,0.0,0.0,151.28373702422144,151.28373702422144,36.017301038062286,41.22491349480969,5
363,Marvin Bagley III,Washington Wizards,PF,134,238,58,89,623.5,12,13,600.0,6,8,450.0,23,49,72,8,11,5,10,9,3,214,206,142,80,345.77777777777777,93.83219954648526,15.927437641723357,4.55328798185941,432.0,399.26077097505674,355.1655328798186,133.11111111111111,10
364,Mason Jones,Sacramento Kings,G,7,18,2,6,66.7,1,2,50.0,2,5,66.7,1,4,5,5,0,1,1,0,3,17,12,12,10,17.3828125,12.0078125,12.0078125,2.28125,59.6328125,26.5,26.5,48.03125,2
365,Mason Plumlee,LA Clippers,C,34,88,11,21,483.3,12,15,400.0,0,1,0.0,8,22,30,7,12,2,6,3,0,71,64,41,37,82.65625,15.166015625,10.14306640625,0.0,132.76025390625,132.650390625,83.82275390625,24.25244140625,10
366,Matisse Thybulle,Portland Trail Blazers,SG,67,209,25,53,398.9,5,7,200.0,12,31,335.0,7,24,31,20,14,17,12,7,-23,118,98,87,51,338.8434903047091,39.325484764542935,20.249307479224377,12.531855955678669,707.3573407202216,558.770083102493,458.20637119113564,88.79916897506926,10
367,Matt Ryan,New Orleans Pelicans,F,28,83,10,28,233.3,0,0,0.0,8,22,194.4,1,8,9,2,7,0,3,0,-12,39,37,30,11,210.8962350780533,18.834710743801654,1.6014692378328743,19.248852157943066,360.1606978879706,343.83011937557393,224.9788797061524,22.684113865932048,10
368,Matthew Hurt,Memphis Grizzlies,F,32,110,12,33,215.9,3,3,200.0,5,19,233.4,9,7,16,4,8,3,2,3,-7,52,48,36,20,163.8343195266272,34.95857988165681,4.934911242603551,5.335798816568047,360.0,296.6272189349112,213.72781065088756,53.37278106508876,7
369,Max Christie,Los Angeles Lakers,G,40,121,16,32,569.4,1,2,50.0,7,15,300.0,3,18,21,7,4,2,4,1,19,68,61,47,28,148.98240142570728,35.13856092670973,8.133882824682559,6.1775451102695484,390.7364669191357,299.0868790376476,211.48117620850974,72.42325685007798,10
370,Max Strus,Cleveland Cavaliers,SG,122,304,41,92,422.6,14,16,441.7,26,64,374.8,9,31,40,41,22,10,21,3,-52,203,162,163,81,287.60625,90.25625,47.40625,39.625,434.85625,376.1,262.5,221.52499999999998,10
371,Maxi Kleber,Dallas Mavericks,PF,32,181,11,27,431.7,4,6,200.0,6,18,300.0,7,20,27,16,15,6,5,6,40,75,59,48,43,74.24793388429752,26.10330578512397,16.429752066115704,6.426538108356291,154.8305785123967,113.45867768595042,114.0,44.15289256198347,10
372,Maxwell Lewis,Los Angeles Lakers,F,2,11,1,5,25.0,0,0,0.0,0,2,0.0,1,0,1,2,0,0,0,0,-15,5,3,4,3,2.8218277449046676,0.7764628533859304,3.1058514135437214,0.0,6.669953977646285,6.551610782380013,3.8343195266272185,2.988165680473373,2
373,Micah Potter,Utah Jazz,C,36,128,12,22,375.0,5,5,300.0,7,13,350.0,5,20,25,2,7,3,4,3,1,63,61,38,27,145.35850694444443,10.8515625,1.6015625,8.2890625,176.27517361111114,160.85069444444446,160.7361111111111,12.5,10
374,Michael Porter Jr.,Denver Nuggets,SF,180,334,68,139,494.7,17,20,596.7,27,66,432.6,13,64,77,17,15,7,15,4,50,274,257,197,94,365.4461416385638,106.86986708986312,20.105732989486214,8.114461416385637,353.04701448125377,406.4263043047015,291.7339813529062,147.30847054155922,10
375,Mikal Bridges,Brooklyn Nets,SF,177,361,63,151,418.0,12,16,516.7,39,95,416.9,10,29,39,38,12,15,19,3,-45,254,216,215,77,162.68979591836734,53.63673469387756,19.618367346938776,20.075510204081635,210.62244897959184,225.04489795918366,156.9,64.62244897959184,10
376,Mike Conley,Minnesota Timberwolves,PG,147,289,49,98,471.2,22,25,696.7,27,57,447.59999999999997,3,15,18,53,21,17,17,3,21,218,165,200,71,485.09504132231405,31.12764003673095,44.14049586776859,32.33884297520661,727.9196510560147,585.0876951331497,621.9710743801653,81.22405876951332,10
377,Mike Muscala,Oklahoma City Thunder,C,20,90,8,27,296.7,1,3,50.0,3,17,100.0,6,10,16,6,4,3,1,2,11,42,36,26,22,54.79289940828403,14.234467455621301,7.763313609467455,4.261094674556213,149.8498520710059,109.60133136094674,79.66863905325445,37.37056213017751,10
378,Miles Bridges,Charlotte Hornets,SF,208,397,79,172,456.2,30,39,701.1,20,68,244.7,14,58,72,37,12,6,22,3,-114,317,280,245,109,385.17822265625,52.5,44.2265625,42.70556640625,539.54150390625,468.95947265625,405.88525390625,146.6015625,10
379,Miles McBride,New York Knicks,PG,186,433,64,130,482.3,20,22,733.3,38,85,412.9,10,23,33,32,32,11,8,2,56,251,219,218,65,725.5181084631263,35.76224432351285,25.194220303997003,68.84180896978795,913.0401576280726,768.6145618314881,856.0495402514543,74.85062863576655,10
380,Mitchell Robinson,New York Knicks,C,22,68,8,18,183.3,6,17,166.6,0,0,0.0,17,10,27,3,6,2,4,3,-18,52,49,25,30,45.204986149584485,77.22714681440442,3.3601108033241,0.0,163.29362880886427,162.80886426592798,40.22160664819945,86.05540166204986,5
381,Mo Bamba,Philadelphia 76ers,C,76,209,28,49,541.1,11,15,425.0,9,23,340.0,16,48,64,12,28,9,9,14,-10,152,140,88,76,143.50520291363165,43.73413111342352,15.783558792924039,5.26222684703434,263.3111342351717,256.6326742976067,170.21904266389177,39.48231009365245,10
382,Monte Morris,Minnesota Timberwolves,PG,63,172,22,46,435.8,7,10,250.0,12,25,376.7,2,17,19,23,6,10,1,4,44,105,82,86,42,153.153810835629,15.951331496786043,22.602846648301195,10.536730945821853,347.0,227.8755739210285,260.2240587695133,50.60835629017447,10
383,Moritz Wagner,Orlando Magic,C,101,147,40,59,705.1,14,17,650.0,7,15,350.0,14,22,36,15,16,3,12,2,44,152,137,116,51,204.9183673469388,55.06122448979591,40.89367598891409,6.193751574703955,315.7031997984379,291.0,206.64197530864197,118.9344923154447,10
384,Moses Brown,Portland Trail Blazers,C,34,79,14,27,393.3,6,21,140.8,0,0,0.0,12,11,23,4,10,1,4,4,-13,61,57,38,27,72.4297520661157,26.09274563820018,6.001836547291092,0.0,148.32966023875116,119.15059687786959,88.51423324150598,45.18916437098255,8
385,Moses Moody,Golden State Warriors,SG,92,181,32,61,559.4,12,14,516.7,16,33,480.0,8,17,25,13,20,5,5,1,4,130,117,105,38,132.9361111111111,26.525000000000002,11.444444444444443,18.944444444444443,322.0444444444444,244.77777777777777,192.8361111111111,55.336111111111116,10
386,Mouhamadou Gueye,Toronto Raptors,F,23,89,10,30,326.2,3,8,125.0,0,3,0.0,10,7,17,4,9,2,11,12,-74,44,40,27,21,13.432098765432098,24.0,4.0,0.0,55.26543209876544,43.26543209876544,28.4320987654321,25.0,8
387,Moussa Diabate,LA Clippers,F,2,7,1,1,100.0,0,2,0.0,0,0,0.0,1,3,4,0,0,1,0,1,1,6,6,2,4,0.0,0.0,0.0,0.0,0.0,0.0,0.0,0.0,1
388,Myles Turner,Indiana Pacers,C,134,240,49,104,474.7,18,25,691.7,18,44,385.1,10,45,55,11,29,5,10,20,51,200,189,145,66,285.52197265625,43.49072265625,17.041015625,17.64306640625,353.4765625,375.025390625,273.67431640625,50.83056640625,10
389,Naji Marshall,New Orleans Pelicans,SF,61,208,25,55,414.5,3,4,200.0,8,22,332.1,4,35,39,17,15,9,7,1,40,117,100,78,56,185.37229938271605,54.989197530864196,10.125,13.679012345679013,434.1500771604938,383.62229938271605,226.59452160493825,74.41975308641976,10
390,Nassir Little,Phoenix Suns,SF,18,64,7,18,258.3,0,0,0.0,4,11,250.0,0,11,11,5,7,0,1,2,-9,34,29,23,16,37.661406969099275,14.112426035502958,4.444444444444445,2.1111111111111116,63.37278106508876,55.25312294543064,44.39644970414202,19.941485864562786,7
391,Nate Hinton,Houston Rockets,G,12,22,4,7,110.0,2,3,66.7,2,3,66.7,1,5,6,3,4,1,1,2,10,21,18,15,9,58.28125,3.78125,2.03125,2.78125,109.53125,82.0,81.0,10.625,2
392,Nathan Mensah,Charlotte Hornets,C,4,59,2,5,66.7,0,0,0.0,0,0,0.0,4,6,10,1,13,2,1,4,-17,15,14,5,11,13.75,9.9375,0.859375,0.0,41.359375,44.4375,13.484375,7.984375,7
393,Naz Reid,Minnesota Timberwolves,C,175,294,65,145,445.1,16,21,705.0,29,73,384.7,8,66,74,23,19,12,22,12,41,272,249,198,97,360.12629757785464,123.72534602076125,26.68166089965398,38.384515570934255,611.5281141868512,557.0246539792388,402.90138408304495,162.13538062283737,10
394,Neemias Queta,Boston Celtics,C,39,80,19,26,443.4,1,2,100.0,0,0,0.0,12,17,29,4,8,3,4,6,63,72,68,43,33,78.9375,55.24609375,2.12109375,0.0,228.734375,238.96484375,76.33984375,49.734375,7
395,Nic Claxton,Brooklyn Nets,C,114,311,50,78,673.0,14,33,455.0,0,1,0.0,35,75,110,18,25,10,17,15,-38,242,224,132,128,230.43265306122447,108.89999999999999,10.0,0.0,373.56122448979596,374.5326530612245,224.26122448979592,124.1,10
396,Nick Jr. Smith,Charlotte Hornets,G,45,161,15,58,283.3,7,8,87.5,8,30,200.0,2,13,15,18,16,3,6,0,-3,78,60,63,33,186.79584120982986,16.624763705103966,26.775047258979203,11.965973534971644,335.3241965973535,225.13516068052934,271.01890359168243,69.36578449905481,10
397,Nick Richards,Charlotte Hornets,C,89,283,37,55,670.2,15,21,425.0,0,0,0.0,22,67,89,8,21,3,9,6,-45,186,178,97,97,121.42659279778394,217.7177593105571,9.665127731609727,0.0,317.4324407510003,332.0510926438904,112.7463835026162,221.44444444444446,10
398,Nickeil Alexander-Walker,Minnesota Timberwolves,SG,84,235,30,68,444.2,4,5,200.0,20,45,449.6,2,17,19,19,17,6,6,4,74,122,103,103,38,197.55413773691123,22.101144680052542,23.67329705385626,18.15199849878026,406.9003565396885,276.81009570275853,301.91686995683995,71.50197035091011,10
399,Nicolas Batum,Philadelphia 76ers,PF,61,289,23,49,390.4,1,2,50.0,14,35,308.3,13,38,51,23,15,11,12,7,22,135,112,84,74,318.9111111111111,49.74444444444445,41.102777777777774,24.8,474.50277777777774,417.2111111111111,357.425,109.625,10
400,Nikola Jokic,Denver Nuggets,C,299,370,119,212,560.6,50,62,821.6,11,36,282.5,22,107,129,80,20,12,31,7,115,508,428,379,209,503.25298438934806,128.91322314049586,140.8287419651056,10.929752066115702,902.1528925619834,842.8962350780532,466.71900826446284,365.5325987144169,10
401,Nikola Jovic,Miami Heat,F,91,215,33,74,470.9,7,8,350.0,18,49,383.5,4,38,42,22,17,8,9,3,49,155,133,113,64,87.8864364542542,61.41829832680669,33.620505517977925,7.851192595229619,249.31043075827694,230.0331078675685,96.34994660021361,105.85261658953364,10
402,Nikola Vucevic,Chicago Bulls,C,165,322,69,138,503.0,15,21,425.0,12,35,351.6,25,86,111,37,21,7,17,10,-35,313,276,202,148,441.5102162269391,148.46637571910335,39.31025590160682,5.615552469748066,445.0341202142432,508.67089863122396,396.519738147193,169.1303312834755,10
403,Noah Clowney,Brooklyn Nets,F,53,156,19,40,344.0,7,13,171.4,6,17,183.3,14,26,40,9,14,5,5,3,6,102,93,62,49,381.79338842975204,77.49173553719008,8.323347107438016,8.400826446280991,737.2778925619835,740.2024793388431,386.4101239669421,78.27376033057851,10
404,Norman Powell,LA Clippers,G,158,280,52,100,531.9,32,37,710.7,22,49,426.9,2,15,17,13,15,6,9,1,20,188,175,171,30,149.04890738813737,15.396982310093655,6.1175858480749215,11.606659729448491,145.8298647242456,170.87460978147763,118.68574401664934,26.832986472424558,10
405,O.G. Anunoby,New York Knicks,SF,95,223,38,78,325.2,9,14,243.3,10,32,188.3,3,25,28,12,13,18,14,5,112,135,123,107,40,421.69777777777773,64.44444444444444,9.431111111111111,9.0,299.8577777777778,278.71999999999997,440.48,76.23111111111112,7
406,Obi Toppin,Indiana Pacers,PF,96,186,37,58,674.0,8,9,550.0,14,28,509.9,11,33,44,12,14,8,8,6,50,152,140,108,56,135.446538385241,64.61297361634597,7.691727831779409,8.933544931561197,366.3400119024003,337.1573100575283,159.1303312834755,77.80361039476294,10
407,Ochai Agbaji,Toronto Raptors,G,76,285,33,75,377.0,5,12,175.0,5,23,153.3,23,24,47,19,23,11,15,5,-73,142,123,95,66,219.87697039600155,81.26682045367167,28.579392541330257,4.716262975778547,504.0107650903498,433.06920415224914,254.80622837370242,145.85851595540177,10
408,Olivier Sarr,Oklahoma City Thunder,C,11,22,4,7,125.0,3,5,116.7,0,1,0.0,4,4,8,0,3,0,1,1,-14,19,19,11,8,34.92,6.920000000000002,0.0,0.0,59.68000000000001,59.68000000000001,34.92,6.920000000000002,3
409,OlivierMaxence Prosper,Dallas Mavericks,F,10,36,3,6,150.0,4,7,57.1,0,2,0.0,2,6,8,0,1,1,1,1,-14,18,18,10,8,33.87755102040817,13.224489795918366,0.14512471655328796,0.0,84.19954648526077,88.73469387755101,31.08390022675737,11.628117913832199,4
410,Omer Yurtseven,Utah Jazz,C,70,149,32,54,469.4,5,8,300.0,1,4,50.0,22,22,44,9,14,2,8,7,-38,123,114,79,53,216.72916666666663,46.451822916666664,11.265625,0.890625,457.69140625,378.94140625,276.55729166666663,76.63932291666664,9
411,Onuralp Bitim,Chicago Bulls,SF,50,153,22,45,454.4,0,0,0.0,6,21,166.7,5,12,17,9,14,2,3,1,-38,76,67,59,26,286.8132231404959,51.0,5.085950413223141,7.04793388429752,550.0,510.79504132231415,311.8,70.30413223140495,10
412,Onyeka Okongwu,Atlanta Hawks,PF,147,296,61,89,703.8000000000001,16,22,492.9,9,19,466.6,32,44,76,11,28,7,5,15,4,234,223,158,87,308.4240362811791,185.95918367346937,9.244897959183675,5.6893424036281175,807.5192743764171,822.7913832199548,307.3560090702948,181.0,10
413,Orlando Robinson,Miami Heat,C,13,59,4,11,108.3,4,5,175.0,1,2,100.0,8,9,17,5,4,1,3,0,4,35,30,18,22,52.479708636836634,25.118626430801253,2.854318418314256,0.841831425598335,98.86888657648284,82.36628511966701,70.22060353798128,26.734651404786682,6
414,Oscar Tshiebwe,Indiana Pacers,C,3,5,1,3,33.3,1,2,50.0,0,0,0.0,2,0,2,0,1,0,0,1,8,5,5,3,2,0.25,0.0,0.0,0.0,0.25,0.25,0.25,0.0,1
415,Oshae Brissett,Boston Celtics,SF,37,170,12,28,427.2,10,20,283.3,3,10,250.0,18,23,41,11,14,2,5,2,54,89,78,48,52,62.6,64.216,7.300000000000001,2.0999999999999996,185.55599999999998,176.01600000000002,68.5,75.156,10
416,Ousmane Dieng,Oklahoma City Thunder,F,28,90,10,25,324.4,4,4,200.0,4,14,220.0,1,7,8,14,3,3,6,3,16,50,36,42,22,122.49704142011836,6.0,21.124260355029588,4.295857988165681,242.1183431952663,164.49704142011836,196.11834319526628,31.124260355029584,8
417,P.J. Tucker,LA Clippers,PF,22,164,8,23,233.3,0,0,0.0,6,14,383.4,7,21,28,6,15,5,4,4,-14,56,50,28,34,65.11468224981739,47.6026296566837,4.597516435354273,4.410518626734843,167.38056975894816,133.6435354273192,84.40613586559533,66.64572680788896,10
418,P.J. Washington,Dallas Mavericks,PF,138,338,51,116,419.6,10,17,410.0,26,64,380.0,11,58,69,17,23,14,8,11,58,224,207,155,86,660.1880579250148,80.55088276135687,12.472326919262052,32.52489585399722,725.0803412021426,640.8147193017259,714.7218805792502,122.75500892680023,10
419,Paolo Banchero,Orlando Magic,PF,214,347,78,173,479.9,42,56,611.4,16,59,289.2,7,60,67,56,12,6,31,10,32,337,281,270,123,510.51706530502554,62.22063961300725,56.88255845202902,8.405267401236225,752.5753829615695,644.9000268744961,563.0749798441279,174.22063961300725,10
420,Pascal Siakam,Indiana Pacers,PF,234,306,95,174,546.3,37,57,547.5,7,18,400.0,22,69,91,33,20,6,15,2,40,358,325,267,124,417.3251339020036,123.62368577663162,31.622098789922635,4.155723070819282,663.3616345963102,619.0587185082325,410.3271176353898,206.54671692124577,10
421,Pat Connaughton,Milwaukee Bucks,SG,58,236,21,57,433.6,7,9,250.0,9,38,297.2,10,23,33,35,17,5,9,4,32,126,91,93,68,158.58775510204083,56.2,88.85918367346939,9.06530612244898,467.13673469387754,327.3591836734694,244.3938775510204,199.03061224489795,10
422,Patrick Baldwin Jr.,Washington Wizards,F,39,157,14,52,282.5,5,8,260.0,6,35,138.6,5,27,32,11,19,7,8,7,-52,82,71,50,43,127.00517092789428,57.64148233266303,21.241309968399882,6.483769031887389,420.2194771617351,274.05314564780235,217.3335248491813,134.7207698937087,10
423,Patrick Beverley,Milwaukee Bucks,PG,50,210,16,48,276.7,11,13,416.7,7,27,240.0,4,24,28,24,20,6,3,7,1,102,78,74,52,254.36943407066934,25.935076127549554,28.110313128411377,6.163458776213731,423.41625969548977,308.7245044527435,339.94714162596955,83.15943694340706,10
424,Patrick Williams,Chicago Bulls,PF,6,24,2,9,22.2,2,2,100.0,0,5,0.0,0,6,6,2,5,0,2,2,-11,14,12,8,8,0.0,0.0,0.0,0.0,0.0,0.0,0.0,0.0,1
425,Patty Mills,Miami Heat,PG,56,180,20,66,264.7,9,9,300.0,7,43,137.5,4,8,12,19,12,11,7,0,57,87,68,75,31,258.5462412114657,9.835586803677664,15.408869659275283,6.145484045429962,284.7663601946998,255.61060032449973,278.6095186587345,34.336938885884265,10
426,Paul George,LA Clippers,F,237,327,84,160,519.5,35,37,775.0,34,68,469.6,5,40,45,26,24,14,15,6,40,308,282,263,71,687.9466764061358,61.091672753834914,17.56026296566837,38.43864134404675,1047.0113221329436,879.9477720964207,822.2753834915997,111.38677867056245,10
427,Paul Reed,Philadelphia 76ers,SF,73,209,29,56,560.6,14,20,533.3,1,5,100.0,23,40,63,10,21,11,12,16,34,146,136,83,73,105.53323593864133,43.93060628195764,14.591672753834915,1.1899196493791089,248.13294375456533,202.33601168736303,126.31921110299488,83.53323593864133,10
428,Payton Pritchard,Boston Celtics,PG,137,294,52,104,470.3,10,13,450.0,23,58,290.8,9,21,30,51,18,6,8,0,71,218,167,188,81,542.1721987079527,24.269547783470706,83.90042325685008,45.393851637335715,887.9639117843618,569.2423702383604,856.6923591000223,112.37135219425261,10
429,Peyton Watson,Denver Nuggets,F,45,168,17,45,324.4,9,12,500.0,2,12,133.3,10,28,38,8,21,4,7,10,-41,91,83,53,46,107.15625,49.613040123456784,7.946373456790123,1.7114197530864197,319.15625,241.95679012345678,157.2901234567901,84.625,10
430,Precious Achiuwa,New York Knicks,PF,59,196,24,45,436.5,10,17,300.0,1,6,100.0,28,44,72,10,21,4,9,8,-75,141,131,69,82,335.3137549258773,166.66278851566898,13.688872208669544,1.011259148057797,970.1717020078814,838.1908425595797,440.7459185588291,206.90035653968852,10
431,Quentin Grimes,Detroit Pistons,SG,82,213,26,80,296.2,19,24,525.0,11,50,200.0,2,27,29,19,13,7,9,4,-12,130,111,101,48,312.44628099173553,35.19834710743802,14.900826446280991,10.900826446280991,442.06611570247935,483.0495867768595,277.6942148760331,43.86776859504132,10
432,R. Rupert,Portland Trail Blazers,G,58,257,20,54,399.7,10,11,550.0,8,22,178.3,5,31,36,25,29,5,14,3,-40,119,94,83,61,84.57371498922745,48.659279778393355,30.66143428747307,13.734072022160666,213.02770083102493,144.5330871037242,121.0,111.38904278239457,10
433,RJ Barrett,Toronto Raptors,SG,226,330,89,161,552.1,28,51,445.0,20,39,483.4,6,44,50,49,25,5,26,4,-4,325,276,275,99,237.09504132231405,51.28925619834711,49.85537190082645,13.012396694214877,399.1487603305785,304.2190082644628,326.5206611570248,106.64876033057853,10
434,Reggie Bullock,Houston Rockets,SF,21,112,7,20,316.6,0,0,0.0,7,18,383.3,3,24,27,2,7,3,3,1,-15,50,48,23,29,36.95993756503642,48.71696149843913,1.600936524453694,4.100416233090531,150.26014568158166,157.8922996878252,36.17585848074922,43.46982310093652,10
435,Reggie Jackson,Denver Nuggets,PG,110,233,37,93,393.29999999999995,21,24,572.7,15,35,396.0,5,9,14,47,20,7,17,2,15,171,124,157,61,400.68402777777777,20.43402777777778,63.56790123456791,19.271604938271604,568.1049382716049,413.61111111111114,519.4648919753087,119.71489197530863,10
436,Richaun Holmes,Washington Wizards,F,88,241,35,62,516.4,18,21,591.7,0,2,0.0,31,52,83,9,31,7,8,8,-2,180,171,97,92,289.8569488456315,267.74694431869625,7.027161611588955,0.004526935264825713,982.0,910.5165233137166,326.7682209144409,309.3463105477592,10
437,Ricky IV Council,Philadelphia 76ers,G,55,88,17,38,431.6,17,24,483.3,4,12,233.3,2,8,10,6,5,0,2,1,-1,71,65,61,16,219.30625000000003,14.506250000000001,4.425000000000001,5.15625,359.0,313.525,262.55625,21.15625,10
438,Robin Lopez,Milwaukee Bucks,C,6,23,3,9,37.5,0,0,0.0,0,2,0.0,1,0,1,1,3,1,0,2,-16,8,7,7,2,21.92,0.52,0.6800000000000002,0.0,24.48,29.0,18.28,0.32000000000000006,2
439,Royce O'Neale,Phoenix Suns,PF,82,195,32,62,494.4,0,0,0.0,18,42,404.8,8,35,43,15,12,3,8,3,24,140,125,97,58,254.62750985175455,21.581722649652843,14.864890223306436,26.0,384.20341527491087,339.47701257271535,294.610058172265,41.19046725464439,10
440,Rudy Gobert,Minnesota Timberwolves,C,119,342,47,72,643.5,25,46,493.8,0,0,0.0,37,89,126,19,36,6,16,19,52,264,245,138,145,309.2040816326531,90.79400510204081,13.65625,0.0,427.55102040816337,418.3501275510205,305.89604591836735,116.9591836734694,10
441,Rui Hachimura,Los Angeles Lakers,PF,169,306,68,109,617.0,17,21,533.3,16,35,370.8,10,54,64,16,21,1,4,6,67,249,233,185,80,343.0793493354493,159.41162467764335,16.714937512398333,36.4812537195001,756.3437809958342,717.5649672683991,363.28883158103554,194.6958936718905,10
442,Russell Westbrook,LA Clippers,PG,107,187,40,86,472.1,24,29,791.7,3,14,166.7,11,22,33,35,18,10,20,1,29,175,140,142,68,238.44731404958677,30.27376033057851,32.364669421487605,4.5,448.32334710743805,330.92975206611567,315.702479338843,102.77685950413223,10
443,Ryan Arcidiacono,New York Knicks,G,0,5,0,1,0.0,0,0,0.0,0,1,0.0,0,0,0,0,1,1,0,0,3,0,0,0,0,0.0,0.0625,0.0,0.0,0.0625,0.0625,0.0,0.0625,1
444,Saben Lee,Phoenix Suns,G,35,98,9,28,194.29999999999998,15,20,416.7,2,9,83.3,3,15,18,17,6,4,2,0,11,70,53,52,35,198.02040816326533,29.877551020408156,10.510204081632654,1.591836734693878,389.795918367347,362.0,214.32653061224488,51.87755102040817,8
445,Saddiq Bey,Atlanta Hawks,SF,146,337,48,125,372.4,31,35,800.0,19,59,298.4,29,32,61,14,7,4,10,4,-23,221,207,160,75,398.90000000000003,67.125,9.625,14.9,439.4000000000001,478.32500000000005,362.225,74.5,10
446,Sam Hauser,Boston Celtics,SF,130,248,46,101,472.5,0,0,0.0,38,83,455.40000000000003,4,39,43,12,12,9,3,2,52,185,173,142,55,853.7667336972135,28.182993392703246,12.317150244182706,88.6590060327492,936.1617351335823,985.8124102269462,797.8937087043953,46.72249353634013,10
447,Sam Merrill,Cleveland Cavaliers,SG,99,224,30,77,336.5,10,11,566.7,29,72,341.1,4,16,20,21,16,2,5,1,3,140,119,120,41,329.60204081632656,20.522448979591836,37.06530612244898,39.1469387755102,537.0795918367347,454.98979591836735,383.10408163265305,86.17551020408163,10
448,Samardo Samuels,Houston Rockets,F,0,6,0,1,0.0,0,0,0.0,0,0,0.0,1,1,2,0,0,0,0,0,-5,2,2,0,2,2.0408163265306123,1.6530612244897955,0.0,0.0,0.020408163265306103,0.020408163265306103,2.0408163265306123,1.6530612244897955,1
449,Sandro Mamukelashvili,San Antonio Spurs,PF,66,131,29,48,535.9,4,6,200.0,4,12,133.3,19,20,39,10,10,3,3,2,36,115,105,76,49,230.94444444444446,120.5,10.100000000000001,4.677777777777777,633.8777777777777,547.4444444444445,280.5777777777778,167.4,10
450,Santi Aldama,Memphis Grizzlies,PF,116,316,42,90,459.2,13,20,450.0,19,52,309.5,11,56,67,23,14,10,7,16,-91,206,183,139,90,464.97257653061223,94.125,18.288903061224488,31.887755102040817,898.1326530612246,764.936862244898,555.9005102040816,154.68176020408163,10
451,Sasha Vezenkov,Sacramento Kings,F,33,70,10,26,173.9,5,5,200.0,8,19,226.2,0,8,8,5,9,4,1,0,25,46,41,38,13,49.92041522491349,3.56401384083045,2.8339100346020762,7.4809688581314875,91.37024221453288,62.86159169550174,75.78546712802768,9.04152249134948,6
452,Scoot Henderson,Portland Trail Blazers,G,182,328,70,164,428.6,23,30,710.0,19,49,380.4,8,31,39,68,36,13,48,1,-109,289,221,250,107,176.77210960124745,43.29405212742259,50.05301848964135,10.325907774560035,338.0888839385163,172.90421029182446,334.70661617286703,100.59723769213635,10
453,Scottie Barnes,Toronto Raptors,SF,179,333,70,155,460.1,33,39,674.9,6,36,159.89999999999998,28,63,91,75,18,13,31,14,21,345,270,254,166,391.6640625,102.8515625,85.6640625,4.8515625,827.2890625,587.40625,576.65625,243.40625,10
454,Scotty Pippen Jr.,Memphis Grizzlies,G,109,246,41,82,458.20000000000005,12,19,350.0,15,35,390.0,8,16,24,45,27,17,25,7,-59,178,133,154,69,301.9940828402367,10.591715976331361,68.44641683103221,12.541091387245233,459.8527284681131,364.301775147929,373.284681130835,103.29848783694938,10
455,Seth Curry,Charlotte Hornets,SG,81,181,29,67,372.5,14,15,566.7,9,31,256.6,4,15,19,17,7,5,7,3,-33,117,100,98,36,233.0,12.900826446280993,16.140495867768593,4.900826446280991,334.3388429752066,276.08264462809916,269.8677685950413,50.429752066115704,10
456,Shai Gilgeous-Alexander,Oklahoma City Thunder,PG,250,341,92,188,489.8,51,65,795.1,15,48,292.6,9,44,53,53,24,18,23,6,54,356,303,303,106,504.44958677685946,74.2,42.97685950413222,16.864462809917356,948.7999999999998,727.7768595041323,712.1999999999999,130.44958677685952,10
457,Shake Milton,New York Knicks,SG,49,126,21,46,431.1,2,3,66.7,5,12,250.0,9,19,28,15,12,4,5,2,-6,92,77,64,43,168.13609467455623,82.63017751479289,18.28994082840237,8.869822485207102,562.7485207100592,440.9378698224852,242.85207100591717,148.0147928994083,10
458,Sidy Cissoko,San Antonio Spurs,G,0,11,0,1,0.0,0,0,0.0,0,1,0.0,0,1,1,0,2,0,1,0,-8,1,1,0,1,0.0,0.53125,0.0,0.0,0.53125,0.53125,0.0,0.53125,2
459,Simone Fontecchio,Detroit Pistons,F,158,307,55,116,455.5,19,21,616.7,29,65,413.2,8,41,49,16,20,10,13,5,5,223,207,174,65,506.0,36.90963139120095,14.430439952437576,30.11296076099881,589.4708680142687,547.3923900118907,538.8442330558859,60.574316290130795,10
460,Skylar Mays,Los Angeles Lakers,SG,8,34,4,10,170.0,0,0,0.0,0,3,0.0,0,1,1,3,2,3,2,1,-3,12,9,11,4,14.131519274376416,0.7641723356009069,3.1632653061224487,0.0,12.485260770975056,15.485260770975053,12.47845804988662,2.580498866213152,4
461,Spencer Dinwiddie,Los Angeles Lakers,PG,86,252,24,58,396.5,23,26,638.9,15,37,431.7,2,18,20,19,22,4,13,9,56,125,106,105,39,489.3203108590632,32.41167821886158,28.413568578029825,12.777777777777779,702.4538962402856,587.1077504725898,613.0718336483932,52.419869775257304,10
462,Stanley Umude,Detroit Pistons,G,49,150,16,39,260.4,8,9,366.7,9,25,243.3,5,16,21,3,15,4,4,2,-32,73,70,52,24,177.08,44.0,1.9200000000000002,10.88,278.68,272.78,180.88,48.02,8
463,Stephen Curry,Golden State Warriors,PG,230,318,80,183,449.4,28,29,683.3,42,105,415.5,6,38,44,57,12,3,21,3,92,331,274,287,101,511.1840277777777,90.97067901234567,45.15625,22.76736111111111,621.216049382716,622.3167438271605,509.2361111111111,136.9741512345679,10
464,Svi Mykhailiuk,Boston Celtics,SG,51,139,18,41,587.1,1,1,100.0,14,34,423.3,3,15,18,14,2,3,2,0,69,83,69,65,32,67.74380165289257,28.880165289256194,13.09504132231405,9.355371900826446,242.900826446281,168.74793388429754,125.27685950413225,58.59504132231405,10
465,T. Vukcevic,Washington Wizards,PF,55,98,20,44,218.2,8,11,250.0,7,23,166.7,3,19,22,8,19,3,4,2,14,85,77,63,30,263.17263544536274,32.16988062442608,7.382001836547291,6.26078971533517,526.3241505968779,447.0651974288338,319.9834710743802,62.0,5
466,T.J. McConnell,Indiana Pacers,PG,132,196,61,111,561.8,6,7,400.0,4,9,300.0,6,22,28,59,11,6,19,2,33,219,160,191,87,83.35813148788927,11.604238754325259,42.22318339100346,2.4312283737024223,197.28416955017303,106.07482698961937,146.73010380622833,81.66479238754324,10
467,T.J. Warren,Minnesota Timberwolves,SF,37,119,16,39,361.2,3,4,150.0,2,13,83.3,5,16,21,7,11,3,4,1,45,65,58,44,28,63.42143600416234,18.016649323621227,7.697190426638917,1.5629552549427677,95.36212278876171,107.18210197710718,48.365244536940686,28.950052029136316,9
468,Taj Gibson,Detroit Pistons,F,3,11,1,2,50.0,0,0,0.0,1,2,50.0,0,2,2,0,1,1,0,0,-3,5,5,3,2,2.5600000000000005,0.03999999999999998,0.16000000000000003,0.36,1.9599999999999997,3.2399999999999993,1.44,0.04000000000000007,1
469,Taj Gibson,New York Knicks,F,2,68,0,9,0.0,2,2,100.0,0,2,0.0,4,6,10,4,8,1,3,0,2,16,12,6,14,8.2,10.200000000000001,1.6,0.8000000000000002,15.600000000000001,12.400000000000002,6.6000000000000005,16.599999999999998,5
470,Talen Horton-Tucker,Utah Jazz,SG,81,178,26,78,328.0,16,20,538.1,13,35,391.6,1,20,21,22,14,8,4,4,-57,124,102,103,43,152.3438527284681,52.976331360946745,33.62130177514793,3.0,271.83694937541094,247.52925706771862,164.46219592373438,98.78698224852072,10
471,Taurean Prince,Los Angeles Lakers,PF,79,203,28,60,487.5,8,11,266.7,15,34,496.9,4,25,29,12,14,5,9,4,-5,120,108,91,41,169.32460973370064,45.157943067033976,23.7396694214876,6.509182736455463,254.35078053259872,190.94444444444446,205.95133149678603,95.67722681359045,10
472,Taylor Hendricks,Utah Jazz,F,99,272,36,75,487.3,7,8,266.7,20,45,475.0,10,39,49,8,26,6,5,9,-98,156,148,107,57,199.51744719926538,65.39072543617998,3.601469237832874,12.449954086317721,252.2314049586777,213.6179981634527,220.7791551882461,86.34389348025712,10
473,Taze Moore,Portland Trail Blazers,G,2,5,1,1,100.0,0,0,0.0,0,0,0.0,0,0,0,1,0,0,1,0,7,3,2,3,1,1.44,0.0,0.6400000000000001,0.0,4.0,1.44,4.0,0.6400000000000001,1
474,Terance Mann,LA Clippers,SG,97,247,35,66,503.8,18,21,675.0,9,25,386.9,7,20,27,11,22,8,6,2,-12,135,124,108,38,296.33120660536684,39.26346406455245,13.07656220679302,5.029273784950272,447.5363107524864,394.7573653593545,369.6036779883656,31.846500281478704,10
475,Terquavion Smith,Philadelphia 76ers,G,40,59,14,34,241.1,2,3,100.0,10,26,216.6,0,2,2,10,3,7,4,0,9,52,42,50,12,186.96296296296296,1.4074074074074074,17.185185185185183,17.185185185185183,177.40740740740742,184.66666666666663,179.62962962962965,18.666666666666668,6
476,Terry Rozier,Miami Heat,SG,204,317,74,164,452.3,16,17,566.7,40,80,492.3,4,35,39,28,12,11,15,4,47,271,243,232,67,450.5443786982248,26.43905325443787,34.560946745562134,64.31005917159763,474.905325443787,499.5917159763314,437.32544378698225,49.5325443786982,10
477,Terry Taylor,Chicago Bulls,F,15,56,5,10,325.0,3,4,150.0,2,3,150.0,4,10,14,3,1,2,0,0,-15,32,29,18,17,19.543628808864263,34.48545706371191,3.532548476454294,1.8033240997229918,113.41066481994459,93.01385041551247,25.62326869806094,52.33518005540166,5
478,Thaddeus Young,Phoenix Suns,F,16,53,8,14,225.0,0,2,0.0,0,0,0.0,12,9,21,4,5,3,2,0,16,41,37,20,25,8.042806183115339,53.82282996432818,4.57550535077289,0.0,76.45541022592151,67.24256837098693,20.304399524375743,55.349583828775266,4
479,Thaddeus Young,Phoenix Suns,PF,41,128,20,28,469.9,1,3,50.0,0,2,0.0,11,18,29,14,12,2,4,1,-24,84,70,55,43,168.58145065398338,30.165279429250887,30.794292508917955,0.0,462.3900118906064,270.3638525564804,321.6634958382878,99.90368608799048,6
480,Thanasis Antetokounmpo,Milwaukee Bucks,SF,10,48,5,11,266.7,0,2,0.0,0,1,0.0,2,1,3,4,8,1,3,1,-18,17,13,14,7,15.09375,1.5,1.5,0.0,20.34375,18.59375,16.84375,3.0,6
481,Theo Maledon,Phoenix Suns,PG,5,10,1,2,50.0,3,3,100.0,0,0,0.0,0,1,1,0,3,0,3,0,-11,6,6,5,1,14.0625,0.5625,0.0,0.0,20.25,20.25,14.0625,0.5625,1
482,Thomas Bryant,Miami Heat,C,91,143,33,58,520.0,21,23,750.0,4,14,233.3,12,41,53,6,17,4,4,7,41,150,144,97,59,489.5895078420768,97.64467279610601,8.42617631151974,4.417522985397513,923.4040021633316,860.7106544077878,550.285018929151,108.06868577609518,10
483,Tim Hardaway Jr.,Dallas Mavericks,SF,83,225,29,83,298.7,9,11,316.7,16,50,292.9,1,24,25,22,10,7,6,1,21,130,108,105,47,409.44395953183897,13.893076770482049,33.76790319381075,18.11465978972426,706.5653640150764,483.55286649474317,631.4237254512993,48.69371156516564,10
484,Tobias Harris,Philadelphia 76ers,PF,154,335,59,136,422.3,19,25,643.3,17,45,323.6,8,65,73,25,16,8,15,10,-49,252,227,179,98,379.6418654325383,100.12993948024209,17.590245639017443,26.12993948024208,642.0,509.7034531861873,505.29975080099683,124.35884656461376,10
485,Torrey Craig,Chicago Bulls,SF,55,168,21,46,451.6,2,2,100.0,11,28,406.7,5,15,20,11,16,5,5,3,-18,86,75,66,31,108.67777777777778,17.802777777777777,10.969444444444443,9.525,206.01111111111112,154.23611111111114,159.425,29.799999999999997,10
486,Tosan Evbuomwan,Detroit Pistons,F,84,276,29,53,552.3,17,25,508.4,9,23,390.0,10,34,44,10,17,5,8,4,-96,138,128,94,54,125.73611111111111,42.0,10.277777777777777,6.944444444444444,263.06944444444446,233.06944444444443,152.40277777777777,55.61111111111112,10
487,Toumani Camara,Portland Trail Blazers,F,88,292,35,67,507.2,8,9,350.0,10,26,336.6,19,23,42,22,26,8,13,8,-36,152,130,110,64,287.70000000000005,51.93611111111112,28.402777777777775,8.002777777777778,547.7,471.46944444444443,351.46944444444443,92.8,10
488,Trae Young,Atlanta Hawks,PG,235,370,76,173,432.4,45,55,813.4,38,93,399.0,2,18,20,109,22,11,45,2,-38,364,255,344,129,758.2361111111111,12.069444444444445,83.0,45.06944444444444,786.5,622.5,926.4027777777778,90.90277777777777,10
489,Trayce JacksonDavis,Golden State Warriors,F,112,267,50,75,651.7,12,23,358.3,0,1,0.0,32,49,81,19,15,11,8,16,5,212,193,131,100,330.0081632653061,94.13265306122447,13.244897959183673,0.0,459.9367346938775,381.3734693877551,396.9591836734694,118.98979591836734,10
490,Tre Jones,San Antonio Spurs,PG,113,313,43,79,503.9,12,13,475.0,15,29,330.0,11,34,45,64,12,10,15,1,4,222,158,177,109,308.9741512345679,86.54822530864197,58.15933641975309,18.73341049382716,547.9463734567901,399.266975308642,376.23611111111114,226.125,10
491,Tre Mann,Charlotte Hornets,PG,108,310,41,95,429.4,15,19,432.1,11,39,328.4,6,33,39,53,15,14,24,1,-51,200,147,161,92,226.6710743801653,41.91239669421488,37.0,6.907438016528926,427.1933884297521,340.26611570247934,324.90743801652894,67.60330578512396,10
492,Trendon Watford,Brooklyn Nets,PF,103,185,37,67,455.3,21,29,532.8,8,16,300.0,11,24,35,9,21,7,14,4,-24,147,138,112,44,466.0648038049941,68.3525564803805,17.054102259215217,5.862663495838287,771.3989298454221,692.9060642092746,522.0166468489894,107.94768133174793,10
493,Trent Forrest,Atlanta Hawks,G,24,130,10,28,356.6,4,4,200.0,0,3,0.0,4,10,14,36,3,3,7,2,-11,74,38,60,50,31.090349865436373,12.444444444444446,62.917339484813525,0.0,123.50096116878125,20.685121107266436,118.40292195309496,90.86505190311419,10
494,Trevelin Queen,Orlando Magic,SG,0,13,0,3,0.0,0,0,0.0,0,2,0.0,0,1,1,1,1,0,0,0,-17,2,1,1,2,0.0,0.5555555555555556,0.5555555555555556,0.0,0.22222222222222227,0.5555555555555556,0.5555555555555556,0.22222222222222227,2
495,Trey Jemison,Memphis Grizzlies,C,91,229,40,60,563.6,11,13,500.0,0,0,0.0,31,25,56,9,24,4,16,11,-10,156,147,100,65,533.9296515450362,82.64168310322157,7.057856673241289,0.0,804.0,866.3911900065746,473.97501643655494,87.26298487836948,10
496,Trey Lyles,Sacramento Kings,PF,72,207,25,62,372.9,12,16,575.0,10,37,204.2,12,26,38,15,17,1,7,4,2,125,110,87,53,201.04894083272464,15.754565376186997,22.808619430241052,16.20745069393718,365.40759678597516,224.13586559532504,328.75748721694663,52.1263696128561,10
497,Trey Murphy III,New Orleans Pelicans,SG,146,342,45,113,403.0,32,38,821.4,24,74,345.8,12,62,74,27,13,12,11,6,-18,247,220,173,101,165.3327246165084,53.16289262235208,18.114317019722424,20.317019722425126,167.53323593864133,112.79510591672752,180.81592403214026,110.53214024835648,10
498,Tristan Thompson,Cleveland Cavaliers,C,18,78,8,15,258.4,2,6,100.0,0,0,0.0,12,16,28,9,8,3,4,3,-20,55,46,27,37,47.379489603024574,30.37429111531191,2.0902646502835545,0.0,116.24574669187146,118.08648393194707,46.29867674858223,31.704631379962198,7
499,Troy Brown Jr.,Detroit Pistons,SF,43,203,14,50,288.7,9,11,330.0,6,26,174.89999999999998,6,33,39,12,6,8,6,0,-55,94,82,55,51,50.88171595168679,39.958767180341525,11.740108288213245,4.400666389004582,189.44439816743025,126.53311120366514,94.08371511870054,71.40816326530611,10
500,TyTy Washington Jr.,Milwaukee Bucks,G,3,17,1,4,50.0,0,0,0.0,1,2,100.0,1,1,2,1,1,0,0,0,-1,6,5,4,3,4.591836734693878,2.0408163265306123,0.7551020408163267,0.5102040816326531,8.0,12.755102040816325,2.0408163265306123,0.5918367346938775,2
501,Tyler Herro,Miami Heat,PG,182,315,71,162,444.5,12,17,383.4,28,73,394.6,3,50,53,53,10,0,12,1,63,288,235,235,106,149.6326530612245,26.061224489795922,24.62244897959184,15.63265306122449,272.9081632653061,193.0,201.31632653061226,78.90816326530611,10
502,Tyrese Haliburton,Indiana Pacers,PG,186,324,66,145,456.4,23,26,696.7,31,81,385.3,5,34,39,96,15,19,16,7,76,321,225,282,135,383.6885720650479,42.9162396970372,50.70973490755179,26.488081978168857,481.6451325462241,385.1167297839162,485.404321675206,88.4386277567387,10
503,Tyrese Maxey,Philadelphia 76ers,PG,255,393,94,211,444.6,37,45,650.0,30,87,351.3,3,36,39,66,20,10,16,5,45,360,294,321,105,681.3379501385041,85.36565096952909,104.43336411203447,26.15081563558018,1251.0040012311479,1102.9529085872578,735.4481378885811,283.739919975377,10
504,Tyus Jones,Washington Wizards,PG,91,313,36,84,402.0,4,4,300.0,15,43,360.8,3,22,25,97,4,9,13,2,-70,213,116,188,122,345.04336734693874,43.53316326530612,160.5,20.959183673469386,776.265306122449,542.0510204081633,542.9719387755102,240.3188775510204,10
505,Udoka Azubuike,Phoenix Suns,C,2,11,1,3,33.3,0,2,0.0,0,0,0.0,2,4,6,0,1,0,0,0,-3,8,8,2,6,3.1604938271604937,27.271604938271604,0.0,0.0,49.0,49.0,3.1604938271604937,27.271604938271604,1
506,Vasilije Micic,Charlotte Hornets,G,120,326,45,102,434.9,21,26,552.8,9,38,215.3,5,19,24,69,18,8,23,3,-84,213,144,189,93,288.7471383975026,21.752341311134238,146.5978147762747,5.034859521331946,384.7976066597295,278.8033298647243,332.38969823100933,230.70187304890737,10
507,Victor Wembanyama,San Antonio Spurs,C,237,322,81,182,451.40000000000003,56,73,781.7,19,70,276.9,32,88,120,56,24,13,44,41,4,413,357,293,176,843.8852157943068,183.21441689623506,46.69237832874197,14.905876951331496,1895.3135904499543,1604.400826446281,1041.4609733700643,323.24380165289256,10
508,Vince Williams Jr.,Memphis Grizzlies,G,127,336,42,92,459.70000000000005,30,38,723.3,13,34,328.8,8,54,62,61,30,12,34,9,-54,250,189,188,123,231.93628808864267,72.8808864265928,35.61495844875347,18.00831024930748,492.2326869806094,474.07479224376726,226.76454293628805,131.82548476454295,10
509,Vit Krejci,Atlanta Hawks,G,88,287,34,57,639.3,1,1,100.0,19,38,405.4,4,23,27,23,26,3,11,3,33,138,115,111,50,245.1510107015458,31.75564803804994,14.101070154577885,33.499405469678955,425.61533888228297,372.77824019024973,286.27229488703927,57.57253269916765,10
510,Walker Kessler,Utah Jazz,C,72,234,31,42,737.5,10,12,500.0,0,0,0.0,22,52,74,12,20,3,11,12,-77,158,146,84,86,107.60069444444444,126.40277777777777,7.622299382716049,0.0,303.6049382716049,272.40625,118.41512345679011,154.4093364197531,10
511,Wendell Carter Jr.,Orlando Magic,C,96,260,36,74,471.4,12,22,390.4,12,36,260.8,19,64,83,24,15,13,15,5,37,203,179,120,107,241.07440166493237,111.31373569198752,20.76222684703434,15.600416233090531,617.5468262226847,520.9438085327783,316.7513007284079,153.00208116545264,10
512,Wendell Moore Jr.,Minnesota Timberwolves,G,4,13,2,3,150.0,0,0,0.0,0,0,0.0,0,5,5,2,1,0,0,0,15,11,9,6,7,4.081632653061225,6.877551020408163,2.737244897959184,0.0,33.70663265306122,21.16326530612245,10.288265306122447,15.951530612244897,2
513,Wenyen Gabriel,Memphis Grizzlies,F,17,81,8,22,168.3,0,5,0.0,1,6,50.0,7,18,25,3,10,2,8,2,-16,45,42,20,28,59.72702331961591,43.6159122085048,4.060356652949245,0.879286694101509,182.2098765432099,171.6858710562414,60.574759945130324,57.352537722908096,5
514,Wesley Matthews,Atlanta Hawks,SG,54,150,19,46,470.4,2,2,100.0,14,29,495.0,5,15,20,8,13,5,2,5,-20,82,74,62,28,110.43598615916953,30.465205690119188,13.655517108804304,6.671280276816609,186.16532103037295,171.64167627835448,118.63821607074202,50.44213763936947,10
515,Xavier Moon,LA Clippers,G,2,11,1,6,33.3,0,0,0.0,0,2,0.0,1,1,2,0,1,1,1,0,-20,4,4,2,2,2.095703125,2.439453125,0.705078125,0.0,0.236328125,0.125,3.3203125,2.03125,2
516,Xavier Tillman,Boston Celtics,F,28,138,12,29,348.7,2,4,100.0,2,16,66.6,7,21,28,11,8,3,3,3,21,67,56,39,39,62.0,11.78542326844726,4.913082842915346,1.6088727931190583,113.0,101.5301041195111,73.16840199185151,17.0,10
517,Yuta Watanabe,Memphis Grizzlies,SF,22,97,10,24,250.0,0,2,0.0,2,12,64.3,0,11,11,5,6,5,4,0,-36,38,33,27,16,115.08000000000001,11.27,3.75,1.4800000000000004,136.28,131.43,116.23000000000002,18.72,7
518,Zach Collins,San Antonio Spurs,PF,100,187,38,76,473.3,17,23,566.7,7,19,333.3,13,38,51,23,30,4,13,5,-30,174,151,123,74,257.06745562130175,62.822485207100584,22.10059171597633,6.171597633136094,416.40000000000003,466.7467455621302,243.25325443786983,48.3905325443787,10
519,Zavier Simpson,Memphis Grizzlies,G,2,42,1,10,11.1,0,0,0.0,0,4,0.0,1,2,3,7,2,3,4,1,27,12,5,9,10,2.2222222222222223,0.5555555555555556,0.5555555555555555,0.0,2.222222222222222,5.0,0.5555555555555558,0.0,2
520,Zeke Nnaji,Denver Nuggets,PF,18,100,6,17,350.0,6,8,300.0,0,2,0.0,7,10,17,4,10,2,2,10,-19,39,35,22,21,50.40625,16.277777777777775,7.350694444444445,0.0,130.125,94.18402777777779,73.06944444444443,36.90625,10
521,Ziaire Williams,Memphis Grizzlies,F,103,270,39,94,389.0,13,16,421.4,12,46,213.7,6,38,44,20,15,12,15,0,-39,167,147,123,64,552.1,32.4,24.0,17.599999999999998,788.1,632.1,714.1,50.4,10
522,Zion Williamson,New Orleans Pelicans,PF,241,335,90,154,573.8,61,88,622.5,0,0,0.0,14,45,59,45,29,13,39,5,14,345,300,286,104,741.5448979591837,62.91836734693878,49.67551020408163,0.002040816326530612,1015.130612244898,896.2224489795918,891.7469387755102,81.3,10
