,First Last Name,team,position,points,minutes,fgm,fga,fgp,ftm,fta,ftp,tpm,tpa,tpp,offReb,defReb,totReb,assists,pFouls,steals,turnovers,blocks,plusMinus,Points_Rebounds_Assist,Points_Rebounds,Points_Assist,Rebounds_Assist,points_deviation,totReb_deviation,assists_deviation,tpm_deviation,Points_Rebounds_Assist_deviation,Points_Rebounds_deviation,Points_Assist_deviation,Rebounds_Assist_deviation,count
0,A. Flagler,Oklahoma City Thunder,F,0,6,0,3,0.0,0,0,0.0,0,3,0.0,0,0,0,1,0,0,0,0,0,1,0,1,1,0.0,0.0,0.0,0.0,0.0,0.0,0.0,0.0,1
1,A.J. Green,Milwaukee Bucks,G,55,151,17,45,424.4,8,9,366.7,13,37,384.6,1,17,18,7,8,4,5,1,-22,80,73,62,25,155.0,16.161865569272976,8.753086419753085,9.729766803840878,235.94787379972564,244.27297668038406,151.08641975308643,20.503429355281206,10
2,A.J. Lawson,Dallas Mavericks,G,20,42,8,21,223.3,2,6,100.0,2,8,100.0,2,6,8,3,5,1,0,1,-5,31,28,23,11,34.239999999999995,6.56,1.826666666666667,1.5733333333333335,50.36,44.373333333333335,38.17333333333333,10.44,6
3,Aaron Gordon,Denver Nuggets,PF,134,307,55,90,683.8,20,28,616.7,4,18,133.3,15,44,59,41,22,7,12,2,70,234,193,175,100,216.28775267538643,85.68014268727705,43.31391200951249,2.4233055885850177,368.8133174791914,447.19500594530325,166.56956004756242,100.33055885850177,10
4,Aaron Holiday,Houston Rockets,G,32,99,13,39,224.6,2,2,100.0,4,17,106.7,1,6,7,11,14,3,2,1,-20,50,39,43,18,178.353515625,3.197265625,13.125,7.625,236.0,214.125,195.322265625,21.228515625,10
5,Aaron Nesmith,Indiana Pacers,SF,104,279,33,84,397.8,22,24,725.0,16,45,369.9,5,27,32,17,33,5,6,10,20,153,136,121,49,278.00548696844993,35.9753086419753,8.108367626886146,12.598079561042525,530.7530864197529,492.95198902606325,308.4567901234568,51.43347050754457,10
6,Aaron Wiggins,Oklahoma City Thunder,SG,53,148,22,44,519.6,6,8,300.0,3,13,100.0,10,10,20,8,6,7,8,7,-7,81,73,61,28,108.7777777777778,8.14692378328742,7.7190082644628095,7.108356290174473,116.40312213039488,120.23783287419649,112.67860422405877,8.130394857667586,10
7,Al Horford,Boston Celtics,C,104,253,41,73,559.9,6,6,300.0,16,38,339.3,15,41,56,20,17,8,5,8,92,180,160,124,76,303.37996219281666,66.46124763705104,25.20982986767486,30.73345935727788,416.01890359168243,319.531190926276,396.41209829867677,95.12665406427222,10
8,Alec Burks,New York Knicks,SG,57,125,20,68,259.9,9,12,375.0,8,34,220.79999999999998,4,11,15,9,2,2,3,1,-11,81,72,66,24,211.8137356919875,10.45681581685744,3.170655567117586,7.845993756503643,334.5816857440166,287.8876170655567,249.43808532778354,22.697190426638915,10
9,Aleksej Pokusevski,Charlotte Hornets,F,27,83,11,27,255.8,2,2,100.0,3,10,183.3,5,11,16,10,5,5,4,5,4,53,43,37,26,30.578125,12.8125,6.01953125,1.20703125,78.64453125,62.328125,34.92578125,30.80078125,5
10,Aleksej Pokusevski,Oklahoma City Thunder,F,6,18,2,5,100.0,1,2,50.0,1,3,100.0,0,2,2,0,0,1,0,0,-12,8,8,6,2,32.796875,20.6875,11.26171875,0.82421875,176.76171875,102.046875,77.48046875,61.98046875,3
11,Alex Caruso,Chicago Bulls,SG,103,311,37,86,407.1,7,13,275.0,22,54,392.0,5,35,40,46,26,23,13,8,-14,189,143,149,86,413.6111111111111,24.177777777777777,32.94444444444444,27.6,624.7777777777778,514.1,532.9111111111112,48.5,10
12,Alex Len,Sacramento Kings,C,31,93,13,23,516.7,5,8,175.0,0,0,0.0,7,13,20,6,15,4,5,9,37,57,51,37,26,45.24952741020794,14.680529300567109,4.5482041587901705,0.0,63.344045368620044,54.9054820415879,51.05293005671078,21.86389413988658,10
13,Alondes Williams,Miami Heat,G,0,6,0,1,0.0,0,0,0.0,0,1,0.0,0,1,1,0,0,0,1,0,-2,1,1,0,1,0.0,0.25,0.0,0.0,0.25,0.25,0.0,0.25,1
14,Alperen Sengun,Houston Rockets,C,209,324,81,157,512.7,43,68,622.9,4,12,200.0,39,68,107,45,36,16,26,7,2,361,316,254,152,847.1723356009071,197.81632653061226,123.77551020408163,4.408163265306122,1935.0226757369614,1622.4580498866212,993.7777777777778,487.5510204081633,10
15,Amen Thompson,Houston Rockets,F,92,208,39,66,514.4,13,16,516.7,1,6,100.0,22,40,62,15,25,15,10,8,46,169,154,107,77,542.0,77.11111111111111,29.611570247933884,0.9044995408631772,1121.5105601469238,904.4444444444446,711.0661157024794,154.722681359045,10
16,Amir Coffey,LA Clippers,SG,61,215,23,54,372.0,4,5,250.0,11,30,291.7,2,27,29,14,14,6,6,2,-34,104,90,75,43,249.9891975308642,79.90277777777777,18.415123456790123,19.90277777777778,608.625,451.2901234567901,378.27777777777777,127.36419753086419,10
17,Andre Drummond,Chicago Bulls,C,71,153,25,55,379.3,21,35,604.2,0,0,0.0,28,49,77,3,21,2,8,2,2,151,148,74,80,320.634765625,67.166015625,2.384765625,0.0,594.916015625,548.625,356.0,80.4765625,10
18,Andre Jr. Jackson,Milwaukee Bucks,G,10,69,4,9,333.3,0,0,0.0,2,5,200.0,3,9,12,10,6,3,3,0,-10,32,22,20,22,11.420118343195266,8.272189349112427,8.0,1.5266272189349113,40.35502958579881,32.04733727810651,16.804733727810646,19.19526627218935,6
19,Andrew Nembhard,Indiana Pacers,PG,80,282,32,69,479.5,4,5,100.0,12,34,423.3,6,21,27,30,22,11,13,1,-26,137,107,110,57,145.80853277835584,31.524453694068676,31.331945889698233,5.783558792924038,279.8969823100937,169.4536940686785,274.28720083246617,44.82101977107179,10
20,Andrew Wiggins,Golden State Warriors,SF,126,254,47,101,461.40000000000003,18,22,600.0,14,36,381.6,13,28,41,18,15,7,8,4,4,185,167,144,59,266.05102040816325,48.63265306122449,11.625,4.5,349.9413265306122,351.60204081632645,294.7474489795918,29.900510204081627,10
21,Anfernee Simons,Portland Trail Blazers,SG,254,382,86,192,442.3,42,46,842.8,40,98,409.8,7,38,45,72,18,6,33,0,14,371,299,326,117,666.0,21.84444444444444,94.1,14.100000000000001,1078.4111111111113,752.2444444444445,960.5,147.6111111111111,10
22,Anthony Black,Orlando Magic,G,52,219,17,50,314.1,9,14,350.0,9,22,308.3,7,22,29,10,17,7,9,1,41,91,81,62,39,118.0,60.652892561983464,6.743801652892562,9.595041322314051,294.8842975206612,247.19834710743802,159.28925619834712,73.79338842975206,10
23,Anthony Davis,Los Angeles Lakers,PF,216,344,80,151,528.3,54,65,824.9,2,8,100.0,29,99,128,36,20,15,14,22,33,380,344,252,164,640.5541022592153,265.50772889417357,18.88703923900119,1.8097502972651607,1616.2782401902496,1397.5338882282995,765.69322235434,378.0,10
24,Anthony Edwards,Minnesota Timberwolves,SG,273,362,101,219,444.6,51,60,842.3,20,68,299.8,8,48,56,44,18,14,26,12,28,373,329,317,100,1029.3111111111111,60.27777777777778,42.0,26.099999999999998,1460.5,1329.3000000000002,1116.1111111111113,146.67777777777778,10
25,Anthony Gill,Washington Wizards,PF,18,51,7,18,178.8,2,2,100.0,2,7,125.0,4,5,9,6,4,4,6,0,3,33,27,24,15,123.71701388888889,11.078125,12.96701388888889,1.4722222222222223,263.828125,201.70138888888889,179.0,30.888888888888886,5
26,Ashton Hagans,Portland Trail Blazers,G,47,181,17,39,452.7,8,11,350.0,5,11,166.7,8,21,29,32,25,7,19,7,8,108,76,79,61,131.0,19.0,51.49480968858131,7.200692041522491,391.61245674740485,218.0,285.083044982699,90.0242214532872,10
27,Ausar Thompson,Detroit Pistons,F,103,314,42,87,508.0,11,25,325.0,8,29,195.3,15,44,59,21,26,17,14,11,-6,183,162,124,80,121.7,31.399999999999995,24.125,8.5,347.72499999999997,237.7,200.02499999999998,87.225,10
28,Austin Reaves,Los Angeles Lakers,SG,166,349,63,121,528.4,14,17,600.0,26,59,382.6,5,47,52,56,15,6,21,2,15,274,218,222,108,236.31633714880334,39.77107180020812,94.42663891779397,40.40166493236212,355.1987513007284,253.87929240374606,386.8969823100937,84.93652445369408,10
29,Ayo Dosunmu,Chicago Bulls,SG,163,374,64,136,447.5,16,18,558.3,19,56,328.3,8,26,34,62,24,7,18,6,-53,259,197,225,96,615.40625,36.4765625,57.4140625,10.6015625,703.65625,550.4765625,794.8515625,67.625,10
30,Bam Adebayo,Miami Heat,C,177,341,73,139,522.3000000000001,26,42,633.3,5,7,400.0,28,81,109,32,20,12,14,8,-34,318,286,209,141,257.58480749219564,119.07492195629553,20.081165452653487,4.627471383975026,350.47242455775233,347.6212278876171,247.45577523413112,152.1363163371488,10
31,Ben Sheppard,Indiana Pacers,G,70,190,25,54,445.8,4,4,200.0,16,41,354.6,2,18,20,9,21,7,1,1,47,99,90,79,29,223.0612244897959,42.625,14.961734693877553,33.58418367346939,396.55102040816325,319.4005102040816,313.8188775510204,43.9795918367347,10
32,Ben Simmons,Brooklyn Nets,PG,53,168,24,38,521.1,5,11,150.0,0,0,0.0,15,39,54,46,20,9,12,4,-5,153,107,99,100,134.88888888888889,64.0,78.88888888888889,0.0,382.0,162.8888888888889,300.0,196.88888888888889,9
33,Bennedict Mathurin,Indiana Pacers,SG,139,275,44,115,340.3,35,45,614.5,16,44,245.0,10,33,43,23,24,7,17,4,-18,205,182,162,66,753.4765625,123.6015625,38.125,30.4140625,1418.90625,1097.65625,970.9140625,265.5390625,10
34,Bilal Coulibaly,Washington Wizards,SG,90,289,30,76,451.5,19,27,633.3,11,39,238.3,9,30,39,18,22,12,8,7,-98,147,129,108,57,125.21111111111111,37.44444444444444,16.31111111111111,13.3,331.4777777777778,285.29999999999995,164.54444444444442,60.6,10
35,Bismack Biyombo,Oklahoma City Thunder,C,4,31,1,4,33.3,2,2,100.0,0,0,0.0,3,2,5,2,6,0,2,1,4,11,9,6,7,4.16,2.7600000000000002,1.04,0.0,21.240000000000002,13.0,9.36,6.84,4
36,Blake Wesley,San Antonio Spurs,G,47,139,17,35,390.4,12,14,450.0,1,7,100.0,2,13,15,28,15,3,6,3,-29,90,62,75,43,146.8168574401665,20.502601456815817,64.13943808532778,0.9375650364203956,316.3413111342352,188.23309053069718,231.0,128.5671175858481,10
37,Boban Marjanovic,Houston Rockets,C,3,7,1,1,100.0,1,2,50.0,0,0,0.0,0,3,3,0,0,0,1,0,-3,6,6,3,3,2.9387755102040813,4.0,0.0,0.0,13.795918367346939,13.795918367346939,2.9387755102040813,4.0,1
38,Bobby Portis,Milwaukee Bucks,F,169,253,70,131,531.5,16,20,605.0,13,31,336.7,15,70,85,16,18,9,13,1,25,270,254,185,101,568.0780532598715,114.11111111111114,12.7089072543618,22.702479338842974,1116.3801652892562,1013.502295684114,640.8549127640038,156.921028466483,10
39,Bogdan Bogdanovic,Atlanta Hawks,SG,148,325,51,135,362.7,17,18,650.0,29,81,355.4,10,27,37,39,19,12,25,6,32,224,185,187,76,371.54815695600473,43.0,57.014268727705115,25.080856123662304,404.4256837098692,325.99643281807374,457.21878715814506,92.77288941736029,10
40,Bojan Bogdanovic,New York Knicks,SF,97,215,33,93,299.2,18,19,550.0,13,48,196.39999999999998,6,16,22,14,16,1,21,0,-33,133,119,111,36,553.5350772889417,19.7217598097503,22.430439952437574,23.898929845422114,820.2556480380499,677.8370986920334,673.6753864447087,64.43043995243758,10
41,Bol Bol,Phoenix Suns,C,55,121,24,44,532.1,2,3,150.0,5,16,270.0,9,27,36,1,10,1,2,4,-34,92,91,56,37,183.656,38.416,1.0000000000000002,4.5360000000000005,329.904,334.344,178.336,40.29600000000001,10
42,Bones Hyland,LA Clippers,PG,67,170,25,65,382.4,4,6,200.0,13,37,313.8,1,15,16,36,13,10,14,2,7,119,83,103,52,244.77693761814746,20.77126654064272,105.36862003780719,18.41776937618147,740.7240075614368,392.187145557656,532.3837429111531,187.06994328922494,10
43,Bradley Beal,Phoenix Suns,SG,193,311,76,138,597.1,24,28,638.3,17,38,530.2,10,24,34,51,20,11,23,4,-12,278,227,244,85,661.7297668038409,40.43347050754459,64.00960219478738,6.149519890260631,1152.1947873799725,781.0,976.9108367626886,160.45679012345678,10
44,Brandin Podziemski,Golden State Warriors,G,70,297,26,69,349.4,7,12,275.0,11,28,390.0,17,33,50,41,12,11,13,5,39,161,120,111,91,215.32778355879293,35.036420395421445,21.530697190426643,8.937565036420395,493.23309053069727,376.5827263267429,310.69823100936526,77.84703433922996,10
45,Brandon Boston Jr.,LA Clippers,SG,40,91,16,43,312.7,5,10,250.0,3,11,183.3,6,7,13,2,10,1,0,5,-21,55,53,42,15,118.44628099173555,24.51239669421488,1.702479338842975,2.3305785123966944,214.87603305785126,183.10743801652887,138.7768595041322,37.652892561983464,8
46,Brandon Ingram,New Orleans Pelicans,SF,201,326,73,148,498.4,43,51,832.8,12,34,316.2,6,51,57,56,23,8,28,9,67,314,258,257,113,610.9111111111112,26.144444444444446,38.44444444444444,9.644444444444444,574.4111111111112,715.7,474.11111111111114,60.1,10
47,Brandon Miller,Charlotte Hornets,F,172,329,68,162,413.9,13,18,396.7,23,73,294.1,9,42,51,26,22,9,15,6,-93,249,223,198,77,342.6089965397924,65.42906574394463,40.449826989619375,12.100346020761247,724.1072664359862,669.5051903114187,395.10726643598616,107.98269896193771,10
48,Brandon Williams,Dallas Mavericks,G,7,24,2,9,83.3,3,4,100.0,0,2,0.0,1,1,2,4,1,0,1,0,-12,13,9,11,6,18.22448979591837,3.183673469387756,4.081632653061224,0.0,30.46938775510204,15.448979591836734,29.0,11.510204081632653,4
49,Braxton Key,Denver Nuggets,F,2,6,1,1,100.0,0,1,0.0,0,0,0.0,1,1,2,0,1,0,0,0,2,4,4,2,2,2.25,1.0,0.0,0.0,6.25,6.25,2.25,1.0,1
50,Brice Sensabaugh,Utah Jazz,F,79,220,30,70,378.3,11,12,366.7,8,35,220.0,6,28,34,18,16,3,17,0,-52,131,113,97,52,256.5,120.4297520661157,15.65289256198347,8.5,570.6487603305785,553.2933884297521,268.3347107438017,141.60330578512398,10
51,Brook Lopez,Milwaukee Bucks,C,92,280,31,71,398.3,9,12,350.0,21,47,432.9,13,31,44,19,17,5,7,14,66,155,136,111,63,305.59999999999997,50.79999999999999,28.5,25.07777777777778,690.1000000000001,512.8000000000001,442.5,119.70000000000002,10
52,Bruce Brown,Toronto Raptors,SF,95,267,35,77,411.1,21,22,650.0,4,18,150.0,4,32,36,32,18,4,10,2,-54,163,131,127,68,213.94400000000002,90.65599999999999,17.616,4.976,484.6,369.816,321.256,115.744,10
53,Bruno Fernando,Atlanta Hawks,PF,49,196,20,39,499.9,9,12,375.0,0,0,0.0,17,50,67,11,29,13,17,11,-37,127,116,60,78,71.48224852071006,60.13609467455621,6.902366863905325,0.0,170.1715976331361,146.5,86.79289940828403,75.39940828402366,10
54,Bryce McGowens,Charlotte Hornets,G,54,155,18,37,330.8,13,18,441.7,5,15,180.0,3,21,24,8,15,7,4,3,-10,86,78,62,32,234.40625,28.0,5.65625,6.8515625,395.625,383.40625,249.625,30.65625,10
55,Buddy Hield,Philadelphia 76ers,SG,120,259,43,106,413.59999999999997,9,9,300.0,25,65,424.7,7,24,31,31,16,10,9,6,-2,182,151,151,62,66.98775510204082,35.400000000000006,19.244897959183675,6.502040816326531,207.55102040816325,165.53061224489795,95.06530612244897,68.58775510204082,10
56,CJ McCollum,New Orleans Pelicans,SG,157,282,62,143,403.3,6,8,233.4,27,75,314.3,4,37,41,32,12,5,14,5,30,230,198,189,73,770.1444444444444,20.91111111111111,54.44444444444444,46.644444444444446,1251.211111111111,862.8111111111111,1151.3,82.6,10
57,Cade Cunningham,Detroit Pistons,PG,213,323,77,181,427.4,37,41,710.3,22,65,329.6,9,38,47,83,16,5,29,3,10,343,260,296,130,585.198224852071,36.1094674556213,32.1094674556213,17.801775147928993,927.198224852071,784.094674556213,704.5207100591716,92.0,10
58,Caleb Houstan,Orlando Magic,G,35,133,11,27,236.1,2,2,100.0,11,25,269.4,3,10,13,3,12,2,2,2,3,51,48,38,16,161.39682539682542,34.0,2.111111111111111,18.857142857142854,307.5714285714286,289.58730158730157,166.7142857142857,48.77777777777777,7
59,Caleb Martin,Miami Heat,SF,127,296,46,100,456.2,14,16,666.7,21,49,454.6,13,41,54,20,24,9,14,9,-9,201,181,147,74,134.50052029136316,52.0,32.16649323621228,14.309053069719043,408.9750260145682,261.1456815816858,259.3621227887617,107.13423517169615,10
60,Cam Reddish,Los Angeles Lakers,SF,23,83,8,17,193.3,2,6,75.0,5,11,183.3,3,4,7,1,5,3,2,4,7,31,30,24,8,48.138888888888886,7.472222222222222,0.8055555555555556,2.1388888888888884,42.138888888888886,35.0,58.0,5.555555555555556,5
61,Cam Thomas,Brooklyn Nets,SG,216,324,80,179,424.4,32,37,858.4,24,61,365.4,8,33,41,35,25,10,18,0,-18,292,257,251,76,638.2560000000001,74.34400000000001,16.696,28.976,860.8640000000001,787.384,709.8000000000001,92.976,10
62,Cam Whitmore,Houston Rockets,F,126,203,48,111,415.2,17,26,385.0,13,50,239.8,14,31,45,5,11,5,15,5,3,176,171,131,50,215.05817174515238,60.56232686980609,2.673130193905817,12.290858725761774,347.16343490304706,345.24376731301936,225.77008310249312,54.44321329639889,10
63,Cameron Johnson,Brooklyn Nets,SF,146,265,47,102,458.8,26,31,671.7,26,63,400.5,8,26,34,19,17,12,12,1,-10,199,180,165,53,448.07939508506615,44.540642722117205,15.43100189035917,31.0359168241966,570.3308128544423,479.70510396975425,552.9395085066162,45.737240075614366,10
64,Cameron Payne,Philadelphia 76ers,PG,102,204,38,91,435.5,10,11,375.0,16,45,351.2,4,10,14,33,21,4,15,3,-22,149,116,135,47,197.0560146923783,22.429752066115704,34.1386593204775,12.400367309458218,254.42148760330576,274.44444444444446,187.92561983471074,45.675849403122136,10
65,Caris LeVert,Cleveland Cavaliers,SG,132,329,49,121,392.0,18,27,362.7,16,54,282.8,5,44,49,86,17,17,19,6,59,267,181,218,135,378.3891779396462,26.631633714880337,111.42143600416232,10.932362122788764,825.5348595213319,492.06555671175863,624.0,225.91155046826225,10
66,Cason Wallace,Oklahoma City Thunder,G,62,192,25,52,440.5,1,3,100.0,11,27,350.0,5,17,22,18,13,13,9,5,-4,102,84,80,40,345.7777777777778,9.61799816345271,21.603305785123965,17.102846648301195,449.9761248852158,374.7089072543618,422.2295684113866,30.036730945821855,10
67,Cedi Osman,San Antonio Spurs,SF,41,141,17,35,407.1,0,0,0.0,7,20,233.3,3,18,21,16,11,4,7,0,-44,78,62,57,37,160.1266540642722,15.317580340264652,23.86389413988658,8.34593572778828,147.9054820415879,201.54253308128546,121.25330812854442,24.41776937618147,10
68,Charlie Brown Jr.,New York Knicks,G,3,27,1,5,20.0,0,0,0.0,1,3,33.3,1,1,2,0,4,0,0,1,-6,5,5,3,2,6.12,2.7200000000000006,0.0,0.6800000000000002,17.0,17.0,6.12,2.7200000000000006,2
69,Chet Holmgren,Oklahoma City Thunder,PF,154,310,56,112,511.5,29,32,660.0,13,40,300.0,16,75,91,26,15,4,9,14,18,271,245,180,117,289.30945821854914,115.1028466483012,19.47107438016529,11.449954086317724,736.1570247933884,631.1487603305785,376.44995408631775,152.4416896235078,10
70,Chimezie Metu,Phoenix Suns,PF,6,29,3,5,150.0,0,0,0.0,0,0,0.0,2,9,11,2,2,2,3,0,-7,19,17,8,13,11.0,27.0,1.0000000000000002,0.0,71.66666666666666,56.0,18.0,36.666666666666664,3
71,Chris Boucher,Toronto Raptors,PF,69,120,25,35,573.3,15,18,500.0,4,12,216.7,13,27,40,5,11,1,9,5,7,114,109,74,45,142.20987654320987,47.580246913580254,5.913580246913581,4.0246913580246915,410.0,329.0246913580247,192.69135802469134,83.98765432098766,8
72,Chris Duarte,Sacramento Kings,SG,59,143,21,42,441.7,2,3,150.0,15,30,433.4,7,19,26,6,10,6,0,3,5,91,85,65,32,256.5,28.800000000000004,4.625000000000001,13.725000000000001,400.125,362.9,282.52500000000003,44.625,10
73,Chris Livingston,Milwaukee Bucks,F,0,6,0,2,0.0,0,0,0.0,0,2,0.0,0,1,1,1,4,0,1,0,-10,2,1,1,2,0.0,0.0625,0.5625,0.0,1.0,0.0625,0.5625,1.0,1
74,Chris Paul,Golden State Warriors,PG,107,247,44,93,468.1,5,6,175.0,14,34,390.0,4,40,44,61,18,14,9,0,-43,212,151,168,105,215.49134948096884,32.75432525951557,42.48096885813149,8.671280276816608,374.6228373702422,354.4532871972319,241.27335640138406,69.62283737024221,10
75,Christian Braun,Denver Nuggets,G,71,199,28,45,659.7,6,11,225.0,9,19,416.7,5,28,33,14,26,7,6,7,44,118,104,85,47,138.94292508917954,22.120095124851368,10.42330558858502,8.95243757431629,207.6076099881094,166.40428061831153,174.50297265160523,38.18668252080856,10
76,Christian Wood,Los Angeles Lakers,F,59,133,22,51,477.0,11,14,450.0,4,19,225.0,6,28,34,6,12,5,5,2,-14,99,93,65,40,153.90277777777777,54.402777777777786,4.625,2.4444444444444446,305.125,285.0,156.7777777777778,76.27777777777777,10
77,Chuma Okeke,Orlando Magic,PF,0,19,0,2,0.0,0,0,0.0,0,2,0.0,0,1,1,1,2,1,0,0,-3,2,1,1,2,0.6533333333333333,0.7200000000000002,0.88,0.013333333333333332,0.6799999999999999,1.0,0.7866666666666666,1.146666666666667,3
78,Clint Capela,Atlanta Hawks,C,120,251,52,92,582.3000000000001,16,25,470.0,0,0,0.0,47,63,110,20,23,5,14,12,20,250,230,140,130,107.11111111111111,80.44444444444444,18.6721536351166,0.0,312.0548696844993,293.1111111111111,117.51165980795611,107.65980795610423,10
79,Coby White,Chicago Bulls,PG,190,393,66,163,402.3,33,37,821.7,25,76,313.4,9,40,49,51,24,9,21,3,-24,290,239,241,100,593.9002267573696,28.927437641723355,96.11111111111111,39.45804988662131,889.6734693877552,631.0226757369614,779.7573696145125,197.83219954648524,10
80,Cody Martin,Charlotte Hornets,SF,69,285,28,76,367.2,6,7,250.0,7,30,228.2,6,44,50,42,15,11,20,7,-28,161,119,111,92,111.0,28.18685121107267,64.68512110726644,2.6816608996539792,183.02076124567472,112.9515570934256,173.33217993079583,100.60899653979239,10
81,Cody Zeller,New Orleans Pelicans,C,7,31,3,6,200.0,1,2,50.0,0,0,0.0,5,10,15,3,5,2,3,0,14,25,22,10,18,3.3209876543209877,4.246913580246914,3.2098765432098766,0.0,16.061728395061728,11.222222222222221,6.061728395061729,9.555555555555555,5
82,Colby Jones,Sacramento Kings,G,4,12,2,5,83.3,0,0,0.0,0,0,0.0,0,4,4,2,1,0,0,0,5,10,8,6,6,2.6122448979591835,4.612244897959183,0.6530612244897959,0.0,18.3265306122449,12.448979591836734,5.877551020408163,7.8775510204081645,2
83,Cole Anthony,Orlando Magic,PG,92,226,33,86,378.1,19,25,637.5,7,34,148.4,8,29,37,21,20,8,8,4,-2,150,129,113,58,187.69322235434007,50.319857312722945,25.209274673008323,8.186682520808562,196.0475624256837,209.49940546967895,194.1629013079667,55.60760998810939,10
84,Cole Swider,Miami Heat,F,2,18,0,6,0.0,2,2,100.0,0,5,0.0,0,2,2,1,1,0,3,0,-9,5,4,3,3,2.666666666666667,0.6666666666666667,0.6666666666666667,0.0,8.666666666666666,4.666666666666667,6.0,2.0,3
85,Collin Gillespie,Denver Nuggets,G,30,64,11,20,197.8,1,3,50.0,7,11,200.0,0,7,7,7,6,5,5,0,8,44,37,37,14,157.84,3.24,7.24,9.24,242.96,167.15999999999997,231.16,12.96,4
86,Collin Sexton,Utah Jazz,PG,216,325,80,159,501.7,30,38,783.3,26,54,416.7,10,17,27,53,17,13,22,1,-32,296,243,269,80,122.5,34.1015625,57.728515625,30.1015625,266.572265625,168.4765625,199.041015625,113.384765625,10
87,Corey Kispert,Washington Wizards,SF,130,267,46,97,443.2,15,22,525.0,23,59,366.2,5,26,31,21,21,7,10,4,-51,182,161,151,52,411.6,23.244897959183675,43.24489795918367,24.559183673469388,753.6081632653061,527.3591836734694,589.3591836734694,114.9795918367347,10
88,Cory Joseph,Golden State Warriors,PG,27,71,10,16,316.7,0,0,0.0,7,11,316.7,2,9,11,6,6,0,1,0,9,44,38,33,17,31.2,10.8,2.8000000000000003,3.2,28.8,47.2,21.2,5.2,5
89,Craig Jr. Porter,Cleveland Cavaliers,G,53,105,22,44,391.9,5,5,300.0,4,10,125.0,5,16,21,16,7,3,7,0,-17,90,74,69,37,302.2334710743801,36.12396694214876,13.801652892561984,8.842975206611571,570.8285123966942,490.3657024793388,376.25,56.37190082644628,9
90,D'Angelo Russell,Los Angeles Lakers,PG,206,353,74,152,463.9,21,26,735.0,37,82,423.8,6,30,36,64,19,9,19,4,39,306,242,270,100,1028.8,31.111111111111114,112.5,52.37777777777778,1718.411111111111,1331.7777777777778,1412.1,146.94444444444446,10
91,D.J. Carton,Toronto Raptors,G,8,31,2,7,83.3,3,4,150.0,1,4,50.0,2,1,3,3,1,1,1,0,-30,14,11,11,6,8.666666666666668,2.0,2.0,0.6666666666666667,8.666666666666666,2.6666666666666665,18.666666666666668,0.0,3
92,Daishen Nix,Minnesota Timberwolves,SG,5,5,2,3,66.7,0,0,0.0,1,2,50.0,0,0,0,0,1,1,0,0,6,5,5,5,0,9.0,0.0,0.08163265306122448,0.32653061224489793,7.367346938775511,9.0,7.367346938775511,0.08163265306122448,1
93,Dalano Banton,Portland Trail Blazers,G,171,313,61,145,437.2,26,32,851.7,23,58,391.4,13,36,49,32,22,9,25,6,-96,252,220,203,81,667.1664932362122,54.646201873048916,42.33090530697191,24.86472424557752,1318.245577523413,1005.0509885535901,934.8459937565037,142.49219562955255,10
94,Dalen Terry,Chicago Bulls,F,28,118,11,28,343.6,3,6,150.0,3,12,175.0,5,14,19,16,12,9,5,1,18,63,47,44,35,44.0,27.096,12.975999999999999,2.2,155.0,106.93599999999999,71.536,60.599999999999994,10
95,Damian Jones,Cleveland Cavaliers,C,52,118,21,35,527.9,10,12,550.0,0,5,0.0,14,23,37,6,10,4,6,7,-25,95,89,58,43,149.80555555555554,47.583333333333336,4.027777777777778,0.0,262.25,264.0,149.66666666666666,50.0,9
96,Damian Lillard,Milwaukee Bucks,PG,238,353,76,173,427.8,49,52,949.0,37,90,401.2,4,44,48,80,17,7,23,3,82,366,286,318,128,867.7814776274713,48.536940686784604,152.37460978147763,30.448491155046828,1405.1904266389176,1010.1331945889697,1248.9365244536941,214.81373569198752,10
97,Daniel Gafford,Dallas Mavericks,C,115,209,51,59,715.5,13,20,431.7,0,0,0.0,24,47,71,8,31,8,9,21,22,194,186,123,79,464.40625,140.40625,3.884765625,0.0,1056.384765625,968.0,524.400390625,172.681640625,10
98,Daniel Theis,LA Clippers,C,48,152,22,45,451.1,1,1,100.0,3,12,250.0,13,34,47,10,17,1,6,6,32,105,95,58,57,108.81373569198752,137.3621227887617,9.259105098855358,2.117585848074922,311.6139438085328,303.0,127.60041623309053,136.44849115504684,10
99,Danilo Gallinari,Milwaukee Bucks,PF,24,91,7,21,283.3,9,10,275.0,1,10,100.0,4,5,9,8,8,2,4,0,-34,41,33,32,17,92.5,5.5249999999999995,13.825,1.2999999999999998,119.80000000000001,111.32500000000002,98.625,21.7,10
100,Dante Exum,Dallas Mavericks,G,54,175,17,39,446.6,15,18,566.7,5,11,350.0,2,20,22,29,14,2,8,0,28,105,76,83,51,141.625,20.099999999999998,41.0,4.8999999999999995,301.52500000000003,180.625,241.12499999999997,82.5,10
101,Danuel House Jr.,Philadelphia 76ers,SF,42,143,14,30,276.3,13,15,466.7,1,11,33.3,6,11,17,7,16,7,3,3,-26,66,59,49,24,42.0,11.714285714285715,8.0,0.8571428571428572,41.714285714285715,51.714285714285715,40.0,11.714285714285715,7
102,Dario Saric,Golden State Warriors,PF,28,108,12,35,298.3,2,3,100.0,2,19,83.3,7,14,21,19,7,0,13,1,-27,68,49,47,40,58.86200378071833,26.90926275992439,13.24952741020794,2.6351606805293004,147.03969754253308,106.68998109640832,74.89792060491493,64.47258979206049,10
103,Darius Garland,Cleveland Cavaliers,PG,209,354,74,168,440.6,22,29,677.4,39,90,421.8,8,27,35,67,27,12,33,1,-8,311,244,276,102,755.8444444444445,40.67777777777778,62.111111111111114,67.74444444444444,994.6777777777778,893.2999999999998,859.911111111111,100.10000000000001,10
104,David Roddy,Phoenix Suns,F,68,169,27,69,480.3,9,15,301.7,5,25,143.3,5,24,29,13,7,2,14,0,-88,110,97,81,42,401.136,116.37599999999999,24.216,8.696000000000002,956.4960000000001,747.224,565.0000000000001,186.0,10
105,Davion Mitchell,Sacramento Kings,PG,65,156,27,48,495.4,2,2,100.0,9,27,243.3,2,12,14,15,14,1,7,0,2,94,79,80,29,262.494140625,8.625,10.5,15.228515625,336.150390625,296.650390625,291.994140625,29.125,10
106,Davis Bertans,Charlotte Hornets,SF,100,251,33,90,383.0,9,11,316.7,25,73,350.8,5,23,28,15,18,10,6,3,-8,143,128,115,43,267.0443786982248,51.289940828402365,18.6301775147929,21.840236686390533,421.86390532544385,361.4822485207101,313.3313609467456,84.01479289940828,10
107,Day'Ron Sharpe,Brooklyn Nets,C,63,151,26,40,672.9,9,18,241.6,2,4,100.0,18,32,50,18,18,4,11,5,5,131,113,81,68,160.00831024930747,44.02770083102493,16.34903047091413,3.6177285318559553,285.3656509695291,222.49584487534625,209.16620498614958,74.08864265927978,10
108,De'Aaron Fox,Sacramento Kings,PG,268,365,106,219,481.2,37,43,791.7,19,62,304.1,11,46,57,66,29,21,34,4,56,391,325,334,123,632.9777777777778,52.111111111111114,70.57777777777778,15.444444444444445,563.8000000000001,646.3777777777777,595.1111111111112,77.97777777777777,10
109,De'Andre Hunter,Atlanta Hawks,SF,156,286,59,127,461.7,16,23,583.3,22,56,383.1,1,21,22,14,21,7,12,3,-11,192,178,170,36,325.3188775510205,25.257653061224488,8.418367346938776,19.625,360.7448979591837,386.1224489795918,293.8903061224489,39.72704081632653,10
110,De'Anthony Melton,Philadelphia 76ers,SG,23,43,7,20,75.0,4,4,200.0,5,14,75.0,0,5,5,5,3,2,1,1,-2,33,28,28,10,128.66666666666666,2.666666666666667,2.666666666666667,8.666666666666666,206.0,164.66666666666669,164.66666666666669,10.666666666666668,3
111,DeAndre Jordan,Denver Nuggets,C,23,71,11,19,550.0,1,3,100.0,0,0,0.0,14,17,31,2,10,0,1,3,-23,56,54,25,33,27.222222222222225,45.691358024691354,1.5061728395061729,0.0,92.46913580246914,79.72839506172839,33.32098765432099,53.839506172839506,8
112,DeJon Jarreau,Memphis Grizzlies,F,27,88,10,30,158.3,4,6,200.0,3,8,116.7,2,25,27,17,7,5,7,0,-5,71,54,44,44,44.03472222222222,31.3125,25.3125,3.3680555555555554,188.86805555555557,94.1388888888889,106.13888888888889,89.25,5
113,DeMar DeRozan,Chicago Bulls,SF,252,367,81,155,516.4,79,90,894.1,11,32,263.4,5,46,51,55,16,7,18,6,5,358,303,307,106,1083.5390625,71.916015625,61.291015625,11.0,1368.2890625,1423.103515625,997.931640625,164.0,10
114,Dean Wade,Cleveland Cavaliers,PF,46,178,15,35,260.2,5,7,216.7,11,31,233.4,4,27,31,7,8,3,1,9,-23,84,77,53,38,468.50000000000006,35.125,6.125,31.525000000000006,718.8,714.725,466.12499999999994,47.699999999999996,10
115,Deandre Ayton,Portland Trail Blazers,C,223,340,102,162,607.8,18,21,450.0,1,3,100.0,38,95,133,16,21,10,19,9,-29,372,356,239,149,794.6444444444445,245.9777777777778,8.5,0.9444444444444445,1615.611111111111,1781.2444444444443,685.0777777777778,198.4111111111111,10
116,Dejounte Murray,Atlanta Hawks,SG,258,371,95,209,449.5,32,43,697.4,36,95,366.7,6,42,48,80,16,17,28,2,-34,386,306,338,128,806.5,59.77777777777778,70.4,36.9,656.2777777777778,958.9444444444445,559.7,74.3111111111111,10
117,Delon Wright,Miami Heat,SG,42,147,15,36,442.8,8,10,233.3,4,10,250.0,6,10,16,21,4,10,0,3,0,79,58,63,37,115.69999999999999,6.625,36.925000000000004,4.625,221.39999999999998,136.625,188.32500000000002,55.7,10
118,Deni Avdija,Washington Wizards,SF,181,349,67,139,480.8,32,42,685.0,15,40,303.3,22,72,94,29,24,8,22,4,-45,304,275,210,123,884.207100591716,184.0710059171598,25.636094674556208,31.224852071005916,1623.2100591715978,1509.0236686390533,977.8254437869823,230.27514792899407,10
119,Dennis Schroder,Brooklyn Nets,PG,175,346,64,133,473.9,21,29,471.4,26,54,476.6,5,24,29,70,16,7,31,4,-24,274,204,245,99,432.94530321046363,46.95243757431629,47.988109393579066,22.4256837098692,700.8180737217599,491.667063020214,634.048751486326,102.98810939357907,10
120,Dennis Smith Jr.,Brooklyn Nets,PG,67,187,25,58,450.9,8,11,383.3,9,28,298.2,7,15,22,30,23,14,8,2,25,119,89,97,52,61.04444444444445,31.200000000000003,44.544444444444444,4.244444444444445,111.30000000000001,60.77777777777777,97.7,89.6111111111111,10
121,Dereck II Lively,Dallas Mavericks,C,93,202,45,54,754.3,3,11,125.0,0,0,0.0,18,27,45,6,22,6,7,15,-8,144,138,99,51,394.424,65.4,8.416,0.0,792.704,700.3040000000001,479.384,81.256,10
122,Derrick Jones Jr.,Dallas Mavericks,SF,76,181,29,53,510.2,8,14,350.0,10,23,265.0,13,15,28,8,12,6,6,3,33,112,104,84,36,337.77777777777777,85.87777777777778,3.777777777777778,24.899999999999995,548.5,583.6111111111111,313.91111111111115,78.41111111111113,10
123,Derrick Rose,Memphis Grizzlies,PG,49,95,20,37,377.7,5,6,266.7,4,8,233.3,0,15,15,21,3,1,9,0,-9,85,64,70,36,70.0,14.857142857142858,12.0,3.7142857142857144,188.85714285714286,116.85714285714286,128.0,40.857142857142854,7
124,Derrick White,Boston Celtics,PG,123,328,47,107,447.9,5,5,400.0,24,59,296.9,9,53,62,67,17,12,16,19,143,252,185,190,129,447.9437869822485,48.902366863905314,51.863905325443795,65.55325443786982,551.7514792899408,523.7455621301775,436.21597633136093,140.5,10
125,Desmond Bane,Memphis Grizzlies,SG,46,69,14,36,78.0,12,14,166.7,6,16,73.0,1,7,8,11,6,3,4,1,-6,65,54,57,19,2.2222222222222205,2.2222222222222223,5.0,2.2222222222222223,0.555555555555554,8.888888888888893,0.5555555555555564,0.5555555555555551,2
126,Devin Booker,Phoenix Suns,SG,241,347,87,194,443.1,52,54,937.5,15,57,256.3,10,36,46,59,27,8,21,5,-21,346,287,300,105,624.8902606310013,59.71742112482853,92.77777777777779,26.91495198902606,1135.0178326474622,893.7709190672153,835.7914951989025,182.840877914952,10
127,Devin Vassell,San Antonio Spurs,SG,210,383,82,168,473.7,20,27,750.0,26,64,407.5,7,43,50,54,14,11,26,8,1,314,260,264,104,456.7111111111111,89.34444444444445,74.41111111111111,18.677777777777777,847.2444444444443,577.2111111111111,708.5,181.99999999999997,10
128,Devonte' Graham,San Antonio Spurs,PG,11,27,4,8,125.0,0,0,0.0,3,6,150.0,0,7,7,0,2,1,0,0,12,18,18,11,7,46.111111111111114,2.1111111111111107,0.0,3.0,58.0,58.0,46.111111111111114,2.1111111111111107,4
129,Dillon Brooks,Houston Rockets,SF,88,308,35,87,366.8,6,8,300.0,12,50,235.2,8,30,38,19,22,9,10,1,36,145,126,107,57,285.90082644628103,43.70615243342515,11.532598714416896,9.056014692378328,372.79430670339747,302.02571166207525,345.5876951331497,66.32047750229569,10
130,Domantas Sabonis,Sacramento Kings,PF,209,373,81,147,563.9,44,58,761.7,3,10,250.0,48,112,160,73,29,13,34,9,10,442,369,282,233,249.0390625,128.6015625,85.9765625,2.2890625,477.1015625,405.15625,305.40625,230.15625,10
131,Dominick Barlow,San Antonio Spurs,F,58,125,22,35,503.3,14,18,366.6,0,1,0.0,19,19,38,11,18,3,2,4,-9,107,96,69,49,218.0408163265306,57.224489795918366,29.0,0.0,522.5102040816325,417.7959183673469,320.469387755102,88.51020408163266,8
132,Donovan Mitchell,Cleveland Cavaliers,SG,241,347,75,167,435.8,52,59,812.8,39,86,449.3,3,47,50,49,22,13,34,6,4,340,291,290,99,886.6487603305785,22.330578512396695,23.0495867768595,16.96694214876033,1278.185950413223,1120.5,1030.0206611570247,59.69421487603306,10
133,Donte DiVincenzo,New York Knicks,SG,175,361,61,170,359.1,14,17,516.7,39,120,327.3,12,35,47,33,26,17,22,5,22,255,222,208,80,248.603515625,45.775390625,26.525390625,24.900390625,312.509765625,297.90625,266.90625,68.6015625,10
134,Dorian Finney-Smith,Brooklyn Nets,PF,105,327,40,83,499.1,7,8,275.0,18,54,350.0,18,28,46,22,20,13,10,4,34,173,151,127,68,164.45600000000002,26.464000000000002,32.896,18.896,295.784,257.064,199.0,63.535999999999994,10
135,Doug McDermott,Indiana Pacers,SF,38,119,14,43,275.0,1,4,50.0,9,35,206.6,1,6,7,7,7,1,2,0,-14,52,45,45,14,158.70408163265304,6.10204081632653,11.0,11.489795918367347,205.19387755102042,183.76530612244898,185.8469387755102,11.387755102040817,10
136,Draymond Green,Golden State Warriors,PF,68,277,26,63,455.1,11,15,375.0,5,20,153.3,17,65,82,65,31,8,28,8,-2,215,150,133,147,85.7,82.3111111111111,114.10000000000001,5.044444444444444,473.71111111111105,168.6777777777778,268.6,318.5444444444445,10
137,Drew Eubanks,Phoenix Suns,PF,44,144,18,26,635.0,8,8,300.0,0,0,0.0,14,31,45,4,10,3,5,7,-18,93,89,48,49,71.416015625,90.744140625,2.5,0.0,268.7890625,277.1640625,71.353515625,84.931640625,10
138,Duncan Robinson,Miami Heat,F,146,321,53,111,467.0,8,9,350.0,32,84,339.0,2,33,35,30,26,10,16,3,-13,211,181,176,65,465.625,24.4719387755102,36.31887755102041,37.60204081632653,666.2270408163265,486.3469387755102,636.6938775510205,69.60204081632654,10
139,Duop Reath,Portland Trail Blazers,C,97,196,35,68,391.5,13,19,410.7,14,30,308.4,13,13,26,6,25,2,10,5,-55,129,123,103,32,780.128027681661,50.75432525951557,8.5,32.50519031141868,1179.0536332179931,1043.083044982699,882.9221453287198,92.43079584775086,10
140,Dwight Powell,Dallas Mavericks,C,20,119,7,12,450.0,6,11,325.0,0,0,0.0,12,20,32,9,19,0,9,3,-9,61,52,29,41,33.397923875432525,81.41868512110726,9.121107266435986,0.0,206.4844290657439,168.0899653979239,47.162629757785474,115.16955017301038,9
141,Dylan Windler,Atlanta Hawks,G,0,5,0,0,0.0,0,0,0.0,0,0,0.0,0,1,1,0,1,0,0,0,-8,1,1,0,1,0.81,0.16000000000000003,0.25,0.09,1.0,0.25,1.9599999999999997,0.010000000000000018,1
142,Dylan Windler,Los Angeles Lakers,G,3,14,1,4,25.0,0,0,0.0,1,4,25.0,0,1,1,2,1,0,0,0,-7,6,4,5,3,5.220000000000001,0.52,0.5,0.58,4.0,2.5,6.920000000000001,0.8199999999999998,2
143,Dyson Daniels,New Orleans Pelicans,G,38,181,16,32,311.4,1,2,50.0,5,13,250.0,7,20,27,20,12,15,12,8,25,85,65,58,47,123.55555555555556,24.0,25.555555555555557,4.222222222222222,146.22222222222223,113.55555555555556,128.22222222222223,77.55555555555556,9
144,Emoni Bates,Cleveland Cavaliers,F,7,12,3,7,42.9,0,2,0.0,1,4,25.0,0,1,1,0,0,0,1,0,-3,8,8,7,1,0.0,0.0,0.0,0.0,0.0,0.0,0.0,0.0,1
145,Eric Gordon,Phoenix Suns,SG,105,268,37,90,385.0,10,13,316.7,21,55,367.3,3,11,14,20,12,9,8,5,3,139,119,125,34,444.584,6.656000000000001,4.0,23.8,489.736,451.736,482.584,10.656,10
146,Eugene Omoruyi,Washington Wizards,F,39,106,17,38,391.3,5,10,200.0,0,6,0.0,7,13,20,7,18,7,5,1,-68,66,59,46,27,94.90123456790123,9.111111111111112,6.45679012345679,0.013717421124828532,87.01234567901234,71.93827160493828,106.71604938271605,18.82716049382716,10
147,Evan Fournier,Detroit Pistons,SG,67,165,22,68,278.5,11,12,466.7,12,45,171.8,1,16,17,20,19,9,4,0,-4,104,84,87,37,438.91322314049586,9.0,20.516528925619838,18.793388429752067,568.4132231404959,499.09504132231405,523.595041322314,14.152892561983471,10
148,Evan Mobley,Cleveland Cavaliers,PF,147,305,60,107,547.9,24,42,522.6,3,14,175.0,25,76,101,35,27,12,16,20,-29,283,248,182,136,371.84429065743944,105.37370242214533,75.2006920415225,2.6262975778546713,782.1418685121107,674.0,423.83391003460207,236.7266435986159,10
149,Frank Ntilikina,Charlotte Hornets,PG,5,39,1,8,50.0,2,2,100.0,1,7,50.0,1,4,5,3,4,0,0,0,0,13,10,8,8,19.0,7.0,6.84,0.7600000000000002,24.439999999999998,14.0,18.64,24.640000000000004,4
150,Franz Wagner,Orlando Magic,SF,165,313,63,128,510.4,35,42,795.0,4,34,67.9,7,45,52,32,26,11,25,8,66,249,217,197,84,387.5541022592152,34.347205707491085,46.0,13.845422116527944,667.0,531.0,517.9678953626634,85.93341260404279,10
151,Fred VanVleet,Houston Rockets,PG,187,377,60,137,440.4,34,37,602.4,33,79,414.6,5,35,40,90,24,16,20,4,75,317,227,277,130,372.5,34.05102040816327,94.15561224489795,21.757653061224488,648.2270408163265,500.26530612244903,511.7984693877552,136.86989795918367,10
152,Furkan Korkmaz,Philadelphia 76ers,SG,41,116,13,29,278.6,7,10,241.7,8,18,258.3,3,12,15,12,6,3,2,2,22,68,56,53,27,292.875,14.875,10.0,20.0,404.0,340.0,363.875,17.875,8
153,GG Jackson,Memphis Grizzlies,F,171,308,56,128,441.0,37,44,771.7,22,66,331.0,15,26,41,11,12,5,19,4,-67,223,212,182,52,549.1706555671176,38.937565036420395,17.149843912591052,28.23309053069719,780.1300728407908,699.7065556711759,619.6004162330905,66.08116545265348,10
154,Garrett Temple,Toronto Raptors,SF,5,12,2,4,50.0,1,2,50.0,0,2,0.0,1,0,1,0,2,1,1,0,-4,6,6,5,1,16.0,0.16000000000000003,0.0,0.0,19.360000000000003,19.360000000000003,16.0,0.16000000000000003,1
155,Garrison Mathews,Atlanta Hawks,SG,37,165,11,30,350.0,5,5,200.0,10,24,375.1,5,10,15,6,20,3,0,2,-37,58,52,43,21,107.27471383975026,18.52341311134235,14.601456815816855,12.374609781477627,216.20811654526534,160.10197710718003,151.51821019771072,44.98751300728408,10
156,Gary Harris,Orlando Magic,SG,86,255,31,61,532.8,4,8,125.0,20,43,507.6,1,17,18,11,15,9,4,3,58,115,104,97,29,106.51239669421487,12.793388429752065,12.900826446280993,9.673553719008265,181.92561983471077,171.50413223140495,112.47107438016526,30.15702479338843,10
157,Gary Payton II,Golden State Warriors,SG,41,145,18,33,403.3,1,3,50.0,4,7,400.0,14,10,24,12,14,7,7,4,-9,77,65,53,36,179.59504132231405,24.46694214876033,3.652892561983471,2.5,246.74793388429754,250.8305785123967,175.2314049586777,28.40082644628099,10
158,Gary Trent Jr.,Toronto Raptors,SG,176,332,65,150,429.9,16,20,521.7,30,86,341.8,7,33,40,15,14,13,4,3,-45,231,216,191,55,565.3086419753087,10.9519890260631,20.77777777777778,32.87791495198903,529.5651577503429,582.960219478738,505.5679012345679,38.07544581618655,10
159,Georges Niang,Cleveland Cavaliers,SF,111,264,41,84,474.3,7,7,300.0,22,50,432.1,2,33,35,20,24,6,14,3,9,166,146,131,55,377.0826446280992,26.502295684113868,18.049586776859506,25.057851239669418,559.2378328741966,482.2240587695133,438.28925619834706,60.35904499540863,10
160,Giannis Antetokounmpo,Milwaukee Bucks,PF,310,352,106,171,626.9,89,123,724.9,9,19,483.3,24,87,111,65,22,6,32,5,49,486,421,375,176,415.265306122449,85.88775510204081,91.77551020408163,5.979591836734694,1025.1938775510205,770.7448979591836,642.9591836734694,204.4183673469388,10
161,Goga Bitadze,Orlando Magic,C,18,85,7,14,320.0,4,7,183.3,0,2,0.0,7,12,19,6,10,2,7,8,14,43,37,24,25,43.134948096885815,59.304498269896186,7.608996539792389,0.0,234.0346020761246,178.01730103806224,65.74740484429066,100.31833910034601,7
162,Gordon Hayward,Oklahoma City Thunder,SF,48,180,16,35,468.3,11,16,360.0,5,9,400.0,5,16,21,21,12,5,5,0,6,90,69,69,42,90.47165532879819,16.92743764172336,42.38775510204081,2.5510204081632653,194.20408163265307,127.48979591836735,138.98185941043084,77.51927437641723,10
163,Gradey Dick,Toronto Raptors,G,96,285,38,98,389.0,3,3,200.0,17,52,328.6,6,21,27,15,19,6,11,1,-134,138,123,111,42,139.08680142687277,18.57193816884661,42.64565992865636,14.162901307966706,341.6575505350773,174.12009512485136,289.09988109393583,78.74197384066586,10
164,Grant Williams,Charlotte Hornets,PF,145,325,51,98,553.2,29,37,541.3,14,38,422.5,17,37,54,27,32,11,28,6,-42,226,199,172,81,279.6115702479339,83.78512396694215,23.8852157943067,11.904499540863176,521.1606978879705,484.504132231405,273.0174471992654,150.92102846648302,10
165,Grayson Allen,Phoenix Suns,SG,153,370,51,103,472.8,14,15,650.0,37,82,422.4,3,27,30,28,23,11,12,5,-8,211,183,181,58,785.9760665972944,20.16649323621228,51.69406867845994,79.73881373569199,1040.9084287200833,837.7492195629552,997.149843912591,63.84599375650364,10
166,Gui Santos,Golden State Warriors,F,38,103,13,24,372.5,8,9,350.0,4,8,250.0,9,21,30,9,14,2,5,2,22,77,68,47,39,136.8888888888889,79.5,12.0,4.0,406.2222222222222,376.72222222222223,141.88888888888886,116.0,8
167,Harrison Barnes,Sacramento Kings,SF,130,282,48,98,484.9,15,19,425.0,19,48,297.6,7,21,28,13,14,4,7,1,-48,171,158,143,41,295.837890625,49.6640625,14.125,44.884765625,486.791015625,406.197265625,351.869140625,88.3515625,10
168,Harry III Giles,Brooklyn Nets,F,8,8,3,6,50.0,1,2,50.0,1,1,100.0,2,2,4,2,3,0,0,0,-12,14,12,10,6,46.86982248520711,10.437869822485208,3.130177514792899,0.7159763313609467,140.33136094674558,101.54437869822485,74.22485207100591,25.0,1
169,Harry III Giles,Los Angeles Lakers,F,2,5,1,1,100.0,0,0,0.0,0,0,0.0,0,1,1,0,0,0,0,0,-3,3,3,2,1,0.715976331360947,0.053254437869822466,0.053254437869822494,0.02366863905325444,0.715976331360947,1.1597633136094674,0.37869822485207105,0.0,1
170,Haywood Highsmith,Miami Heat,F,26,118,10,27,318.8,1,4,50.0,5,19,200.0,3,13,16,7,9,0,2,3,-30,49,42,33,23,126.56123662306777,26.513674197384063,4.162901307966706,9.810939357907253,288.99762187871585,253.58382877526748,151.3923900118906,41.25921521997621,10
171,Herbert Jones,New Orleans Pelicans,SF,107,320,38,64,522.3,14,17,500.0,17,30,454.1,4,25,29,27,34,12,11,10,63,163,136,134,56,310.25147928994085,29.17751479289941,26.44082840236686,26.10059171597633,377.3905325443787,342.8786982248521,326.4378698224852,73.94378698224853,10
172,Hunter Tyson,Denver Nuggets,F,0,7,0,3,0.0,0,0,0.0,0,3,0.0,0,1,1,0,1,0,2,0,-1,1,1,0,1,4.0,0.11111111111111106,0.0,0.4444444444444444,5.4444444444444455,5.4444444444444455,4.0,0.11111111111111106,1
173,Ibou Badji,Portland Trail Blazers,C,7,32,3,4,150.0,1,2,50.0,0,0,0.0,1,2,3,4,6,0,5,3,-17,14,10,11,7,15.720000000000002,3.0800000000000005,2.75,0.0,37.06999999999999,30.32,21.470000000000002,6.83,3
174,Immanuel Quickley,Toronto Raptors,SG,195,364,68,158,420.7,33,45,597.2,26,77,328.3,2,55,57,88,17,11,26,3,-71,340,252,283,145,481.25600000000003,42.504000000000005,190.49599999999998,20.8,935.024,559.024,775.0,315.25600000000003,10
175,Isaac Okoro,Cleveland Cavaliers,SF,121,336,45,96,485.4,12,18,441.7,19,50,446.4,8,29,37,22,29,12,11,9,-27,180,158,143,59,140.01744719926535,43.0,12.631772268135904,9.59504132231405,207.9155188246097,167.80532598714416,182.43067033976124,53.3287419651056,10
176,Isaiah Hartenstein,New York Knicks,C,68,231,29,46,689.5,10,13,650.0,0,0,0.0,29,52,81,33,23,6,7,12,58,182,149,101,114,82.9026063100137,77.12345679012344,34.82716049382716,0.0,267.38820301783267,221.4417009602195,126.00960219478739,114.79012345679013,10
177,Isaiah Jackson,Indiana Pacers,SF,92,174,35,55,691.4,22,28,758.3,0,2,0.0,23,30,53,9,27,8,9,8,-13,154,145,101,62,263.225,192.5,6.5,0.0,859.4250000000001,787.525,294.125,240.0,10
178,Isaiah Joe,Oklahoma City Thunder,SG,66,177,25,63,353.7,1,1,100.0,15,44,260.4,5,14,19,8,7,3,6,4,9,93,85,74,27,208.28775267538646,8.90963139120095,6.520808561236623,14.502972651605232,218.01307966706304,222.66706302021402,199.8454221165279,19.218787158145062,10
179,Isaiah Mobley,Cleveland Cavaliers,F,5,33,2,7,58.3,0,0,0.0,1,4,25.0,0,4,4,2,2,0,0,0,-1,11,9,7,6,0.6799999999999997,10.880000000000003,0.72,0.6800000000000002,13.32,9.0,2.1199999999999997,14.479999999999999,2
180,Isaiah Stewart,Detroit Pistons,C,106,319,40,71,587.7,10,12,516.7,16,38,409.0,10,48,58,12,11,4,10,10,-48,176,164,118,70,128.625,49.7,9.625,12.8,242.39999999999998,190.425,175.70000000000002,64.22500000000001,10
181,Ish Smith,Charlotte Hornets,PG,18,181,8,34,236.0,0,0,0.0,2,2,200.0,1,19,20,41,16,5,6,1,-90,79,38,59,61,54.36000000000001,24.0,78.09,1.5600000000000003,170.49,69.16000000000001,134.09,123.69,9
182,Ish Wainright,Phoenix Suns,F,3,11,1,6,16.7,0,0,0.0,1,4,25.0,3,2,5,1,1,1,1,0,-3,9,8,4,6,4.0,11.111111111111109,0.44444444444444453,0.44444444444444453,36.0,28.44444444444445,7.1111111111111125,16.0,1
183,Ivica Zubac,LA Clippers,C,92,257,38,55,657.3,16,18,600.0,0,0,0.0,23,49,72,17,23,3,16,6,-56,181,164,109,89,296.7626886145405,76.0,8.14951989026063,0.0,470.9012345679012,428.4663923182442,307.1234567901235,116.22359396433471,10
184,JT Thor,Charlotte Hornets,F,21,97,9,17,425.0,0,0,0.0,3,8,200.0,1,17,18,5,8,0,2,3,17,44,39,26,23,48.19113573407203,15.185595567867038,2.839335180055402,4.18005540166205,83.05817174515235,78.3518005540166,52.144044321329645,18.778393351800553,10
185,JaVale McGee,Sacramento Kings,C,23,44,11,18,355.0,0,3,0.0,1,2,100.0,5,8,13,1,6,2,1,0,3,37,36,24,14,42.875,13.875,0.875,0.875,77.875,84.0,41.5,10.0,6
186,Jabari Smith Jr.,Houston Rockets,PF,140,327,49,110,430.3,23,27,800.0,19,53,348.2,16,64,80,15,28,11,10,11,14,235,220,155,95,252.9,181.34444444444446,10.511111111111113,12.91111111111111,478.51111111111106,440.0444444444445,287.61111111111114,195.61111111111111,10
187,Jabari Walker,Portland Trail Blazers,F,86,225,34,75,434.6,15,17,625.0,3,14,166.7,23,45,68,14,24,6,7,1,-30,168,154,100,82,305.69599999999997,89.904,16.0,5.0,610.384,542.544,343.77599999999995,135.664,10
188,Jacob Gilyard,Memphis Grizzlies,G,67,205,23,52,431.8,1,1,100.0,20,45,431.8,1,14,15,41,10,10,12,2,-62,123,82,108,56,274.1404958677686,10.685950413223141,31.595041322314046,24.0,454.1404958677686,332.0,382.0,56.561983471074385,10
189,Jacob Toppin,New York Knicks,F,13,29,5,9,107.1,2,2,100.0,1,4,33.3,3,3,6,1,3,0,1,0,-18,20,19,14,7,78.05555555555556,8.722222222222221,0.5555555555555556,0.7222222222222223,130.22222222222223,136.55555555555554,72.5,8.5,2
190,Jaden Hardy,Dallas Mavericks,G,90,117,36,68,569.4,6,7,350.0,12,25,400.0,1,10,11,13,4,3,8,1,16,114,101,103,24,222.94444444444446,8.911111111111111,24.27777777777778,11.777777777777777,228.1777777777778,234.4111111111111,213.0,36.9,10
191,Jaden Ivey,Detroit Pistons,PG,166,321,58,147,395.09999999999997,37,43,730.0,13,61,180.5,11,19,30,41,30,9,28,7,-61,237,196,207,71,448.3246618106139,22.041623309053072,59.14984391259105,32.348595213319456,607.2913631633714,544.9323621227887,482.8876170655567,108.98751300728408,10
192,Jaden McDaniels,Minnesota Timberwolves,PF,104,314,42,99,436.6,10,15,291.7,10,39,266.4,11,36,47,17,35,6,6,6,-37,168,151,121,64,413.9111111111111,71.71111111111111,27.44444444444445,22.17777777777777,737.6444444444445,637.8000000000001,475.00000000000006,137.9111111111111,10
193,Jaden Springer,Boston Celtics,G,58,175,21,50,363.7,13,14,575.0,3,17,183.3,13,18,31,18,22,13,12,4,-17,107,89,76,49,180.42975206611573,38.02066115702479,26.0,2.3677685950413223,516.5,366.5,283.7024793388429,110.74793388429751,10
194,Jae Crowder,Milwaukee Bucks,PF,62,212,24,51,409.4,2,2,100.0,12,27,316.7,8,21,29,8,17,11,1,1,50,99,91,70,37,240.2075298438935,39.06978879706152,6.631772268135904,18.102846648301195,309.6758494031222,315.44628099173553,228.0,52.1386593204775,10
195,Jae'Sean Tate,Houston Rockets,SF,34,124,14,33,412.0,3,7,100.0,3,7,233.3,11,19,30,5,16,10,10,3,2,69,64,39,35,54.656,33.936,4.984,2.104,140.936,113.184,68.344,52.984,10
196,Jahmi'us Ramsey,Toronto Raptors,SG,21,61,7,21,140.89999999999998,5,6,175.0,2,11,75.0,4,11,15,4,4,4,3,0,-5,40,36,25,19,44.08641975308642,22.901234567901234,2.197530864197531,1.308641975308642,75.67901234567901,81.11111111111111,51.0,12.753086419753087,4
197,Jaime Jr. Jaquez,Miami Heat,G,104,291,39,86,430.4,18,25,616.7,8,25,244.89999999999998,9,40,49,27,20,12,9,3,3,180,153,131,76,406.12604042806186,42.36504161712247,22.13436385255648,8.05707491082045,387.1700356718193,382.84066587395955,397.5041617122473,77.45065398335316,10
198,Jake LaRavia,Memphis Grizzlies,F,134,270,39,106,343.2,41,50,730.0,15,49,286.5,20,32,52,18,24,15,14,4,-47,204,186,152,70,256.8,138.0,32.5,8.6,547.3,482.3999999999999,325.7,166.5,10
199,Jakob Poeltl,Toronto Raptors,C,122,251,55,101,543.9,12,20,491.7,0,0,0.0,39,53,92,31,28,10,11,19,35,245,214,153,123,161.8469387755102,127.67346938775509,30.387755102040813,0.0,516.704081632653,398.98979591836735,256.6224489795918,181.0,10
200,Jalen Brunson,New York Knicks,PG,303,351,106,230,461.0,61,69,783.3,30,84,350.3,6,25,31,70,15,12,37,3,81,404,334,373,101,823.2111111111111,19.0,142.54444444444445,23.599999999999998,575.2444444444444,782.2777777777778,645.311111111111,132.41111111111113,10
201,Jalen Duren,Detroit Pistons,C,135,277,50,78,631.1,35,42,757.4,0,0,0.0,32,83,115,22,33,5,26,4,-77,272,250,157,137,256.52341311134234,264.88553590010406,21.60665972944849,0.0,1025.6919875130072,875.4859521331946,332.1550468262227,361.0665972944849,10
202,Jalen Green,Houston Rockets,SG,247,352,91,198,453.3,31,37,771.7,34,90,362.2,6,50,56,33,16,10,21,2,77,336,303,280,89,624.7392102846649,94.70339761248852,12.562901744719925,42.8099173553719,884.532598714417,887.1910009182736,604.2644628099174,125.08264462809916,10
203,Jalen HoodSchifino,Los Angeles Lakers,G,5,11,1,6,33.3,2,4,100.0,1,3,50.0,0,2,2,0,1,0,1,0,-13,7,7,5,2,9.0,0.9799999999999999,0.020000000000000004,0.8200000000000001,13.32,14.180000000000001,8.42,0.72,2
204,Jalen Johnson,Atlanta Hawks,SF,178,339,71,149,485.0,19,29,568.3,17,46,399.9,13,75,88,44,19,7,16,11,35,310,266,222,132,506.7755102040816,91.76530612244898,50.40816326530612,14.346938775510203,988.7448979591837,680.4591836734693,755.3877551020408,201.8469387755102,10
205,Jalen McDaniels,Toronto Raptors,PF,37,111,16,38,262.0,2,4,66.7,3,13,116.7,5,19,24,8,13,6,12,1,-18,69,61,45,32,154.3214285714286,74.60714285714285,9.142857142857144,4.035714285714286,388.0,302.0,196.03571428571428,128.03571428571428,7
206,Jalen Pickett,Denver Nuggets,G,2,7,1,3,33.3,0,0,0.0,0,2,0.0,0,0,0,2,0,0,0,0,-1,4,2,4,2,2.25,0.0,1.3611111111111107,0.0,7.1111111111111125,2.25,7.1111111111111125,1.3611111111111107,1
207,Jalen Smith,Indiana Pacers,PF,97,167,36,66,553.3,16,26,515.0,9,28,361.9,23,34,57,12,17,0,6,5,13,166,154,109,69,99.26736111111111,42.56944444444445,18.0,5.0,105.68402777777777,83.51736111111111,129.10069444444443,52.90277777777778,10
208,Jalen Suggs,Orlando Magic,SG,126,261,47,81,589.1,8,11,400.0,24,47,507.1,5,24,29,32,29,15,22,6,130,187,155,158,61,169.35207100591717,27.505917159763314,18.852071005917157,22.485207100591715,276.0059171597633,214.71597633136093,226.5,50.5,10
209,Jalen Williams,Oklahoma City Thunder,F,204,305,80,158,494.2,27,29,770.0,17,40,418.2,5,38,43,39,24,14,16,10,22,286,247,243,82,608.890306122449,22.102040816326532,22.74489795918367,10.471938775510203,878.5433673469388,772.329081632653,696.7576530612246,63.19387755102041,10
210,Jalen Wilson,Brooklyn Nets,F,37,166,13,44,374.1,7,8,350.0,4,22,225.0,13,20,33,11,14,2,7,0,-20,81,70,48,44,42.06122448979592,39.693877551020414,4.900226757369614,3.111111111111111,132.77777777777777,99.83673469387756,57.51927437641723,62.07709750566894,10
211,Jamal Cain,Miami Heat,F,4,16,0,3,0.0,4,4,200.0,0,1,0.0,1,2,3,1,1,1,1,0,-4,8,7,5,4,3.5555555555555562,2.5,0.7222222222222223,0.0,14.222222222222225,11.388888888888888,6.0555555555555545,3.5555555555555562,2
212,Jamal Murray,Denver Nuggets,PG,224,341,87,177,482.7,26,32,761.4,24,54,443.3,7,40,47,76,15,13,22,3,67,347,271,300,123,796.641975308642,65.0,68.0,26.598079561042525,1240.9753086419753,878.3086419753087,1083.3086419753088,209.0,10
213,James Bouknight,Charlotte Hornets,SG,10,13,4,10,83.3,0,0,0.0,2,7,58.3,0,0,0,0,0,1,1,0,13,10,10,10,0,18.0,0.0,0.0,0.72,18.0,18.0,18.0,0.0,2
214,James Harden,LA Clippers,SG,173,350,52,127,393.8,44,48,950.0,25,76,308.9,5,45,50,87,19,7,29,8,-63,310,223,260,137,612.1111111111111,58.63923182441701,19.145404663923173,32.914951989026065,519.3717421124828,568.4293552812071,544.0466392318244,96.79149519890261,10
215,James Johnson,Indiana Pacers,PF,2,7,0,1,0.0,2,2,100.0,0,0,0.0,0,0,0,1,3,0,0,1,1,3,2,3,1,0.0,0.0,0.0,0.0,0.0,0.0,0.0,0.0,1
216,James Wiseman,Detroit Pistons,C,83,177,35,57,583.4,13,15,450.0,0,0,0.0,19,49,68,12,24,3,10,8,-12,163,151,95,80,175.198224852071,89.63313609467457,15.671597633136095,0.0,509.0946745562129,375.03254437869816,266.4556213017751,148.1094674556213,10
217,Jarace Walker,Indiana Pacers,F,24,95,8,27,182.2,2,2,100.0,6,17,200.0,3,19,22,8,8,4,5,5,26,54,46,32,30,106.28,43.480000000000004,31.45777777777778,5.924444444444444,387.1911111111111,255.52,178.77777777777777,134.11111111111111,7
218,Jared Butler,Washington Wizards,SG,35,116,15,34,406.7,5,5,300.0,0,8,0.0,3,8,11,25,10,3,12,0,-15,71,46,60,36,62.61772853185596,16.922437673130194,36.91689750692521,0.0,189.57617728531855,71.90027700831025,147.46260387811634,86.67036011080333,8
219,Jared Rhoden,Detroit Pistons,G,2,13,1,2,50.0,0,0,0.0,0,0,0.0,0,1,1,1,0,0,1,2,2,4,3,3,2,0.0,0.0,0.0,0.0,0.0,0.0,0.0,0.0,1
220,Jaren Jackson Jr.,Memphis Grizzlies,PF,228,339,76,183,424.2,56,74,752.2,20,57,363.9,13,46,59,30,36,16,33,17,-76,317,287,258,89,349.42561983471074,142.83471074380165,38.049586776859506,10.020661157024794,734.0041322314049,772.5,366.91322314049586,124.90082644628099,10
221,Jarred Vanderbilt,Los Angeles Lakers,PF,68,142,26,42,412.7,13,17,375.0,3,5,166.7,12,22,34,12,8,16,11,2,23,114,102,80,46,111.33333333333334,59.333333333333336,18.0,3.5,362.0,274.0,157.33333333333334,119.33333333333334,6
222,Jarrett Allen,Cleveland Cavaliers,C,179,348,65,116,554.3,49,63,784.7,0,0,0.0,28,88,116,23,11,6,14,14,-12,318,295,202,139,424.88429752066116,178.2791551882461,25.874196510560147,0.0,920.21854912764,821.2185491276399,503.11111111111114,224.9265381083563,10
223,Jason Preston,Utah Jazz,G,4,25,2,6,66.6,0,0,0.0,0,0,0.0,2,4,6,7,1,0,1,0,10,17,10,11,13,0.09876543209876552,2.0987654320987654,4.802469135802469,0.0,13.888888888888888,2.3950617283950617,5.246913580246913,13.246913580246911,2
224,Javon Freeman-Liberty,Toronto Raptors,G,24,66,7,16,148.8,8,9,280.0,2,8,83.3,1,10,11,7,5,0,3,2,-2,42,35,31,18,130.44444444444446,14.08641975308642,4.530864197530865,1.308641975308642,237.1111111111111,209.2716049382716,146.9012345679012,30.0,4
225,Jaxson Hayes,Los Angeles Lakers,C,50,147,20,27,643.4,10,16,400.0,0,1,0.0,13,31,44,2,18,2,9,4,1,96,94,52,46,82.75624256837098,93.94530321046373,4.057074910820452,0.0,227.2104637336504,216.12366230677765,85.76218787158146,106.0832342449465,10
226,Jay Huff,Denver Nuggets,C,3,5,1,2,50.0,0,0,0.0,1,2,50.0,0,0,0,0,2,0,0,0,-3,3,3,3,0,3.0625,0.5625,0.0,0.5625,1.0,1.0,3.0625,0.5625,1
227,Jaylen Brown,Boston Celtics,SG,299,331,118,219,549.2,35,53,662.1,28,70,405.8,15,47,62,34,26,12,14,0,151,395,361,333,96,578.7644628099175,97.60743801652893,13.78925619834711,21.421487603305785,861.4917355371898,905.8760330578515,521.7768595041323,124.0,10
228,Jaylin Williams,Oklahoma City Thunder,F,42,130,15,30,450.0,2,3,150.0,10,20,466.6,5,29,34,13,14,3,3,4,70,89,76,55,47,60.33531510107016,61.2936979785969,10.101070154577883,4.760998810939359,213.07847800237812,188.85850178359095,79.0665873959572,76.88347205707491,10
229,Jayson Tatum,Boston Celtics,SF,278,346,92,197,476.5,56,64,870.9,38,82,466.1,9,62,71,54,19,7,25,4,155,403,349,332,125,303.60493827160496,100.54458161865568,52.927297668038406,23.635116598079563,366.6790123456791,480.28120713305896,218.0301783264746,125.44444444444446,10
230,Jeenathan Williams,Houston Rockets,G,8,17,4,7,66.7,0,2,0.0,0,0,0.0,2,1,3,0,4,0,0,0,17,11,11,8,3,46.734693877551024,1.5204081632653064,0.09183673469387754,0.0,61.163265306122454,64.01020408163265,44.5,1.0,2
231,Jeff Dowtin,Philadelphia 76ers,G,16,57,6,11,123.8,0,0,0.0,4,8,116.7,0,4,4,8,0,3,3,1,12,28,20,24,12,72.0,6.0,22.0,4.0,216.0,106.0,162.0,48.0,4
232,Jeff Green,Houston Rockets,PF,38,140,14,40,312.6,4,8,125.0,6,18,375.0,2,11,13,9,6,3,5,3,-42,60,51,47,22,92.0,19.0,7.0,2.403746097814776,168.0,159.0,105.0,22.0,10
233,Jerami Grant,Portland Trail Blazers,SF,169,342,56,142,386.6,38,46,711.3,19,49,402.0,6,19,25,35,18,14,28,2,-77,229,194,204,60,473.98961937716257,45.9204152249135,32.71626297577855,5.083044982698962,888.6262975778548,739.6678200692041,583.0934256055364,118.49134948096886,10
234,Jeremiah Robinson-Earl,New Orleans Pelicans,F,22,75,8,19,209.6,4,7,80.0,2,8,100.0,9,8,17,9,5,3,2,1,25,48,39,31,26,56.49134948096886,29.422145328719726,28.377162629757784,1.3910034602076125,198.0,134.96539792387546,97.53979238754326,79.78546712802768,6
235,Jeremy Sochan,San Antonio Spurs,F,130,306,51,110,414.6,18,21,633.4,10,33,233.3,19,50,69,28,27,5,18,10,20,227,199,158,97,505.5046826222685,72.18210197710718,37.68158168574402,10.509885535900104,720.3485952133194,736.3735691987513,472.52653485952135,126.81685744016647,10
236,Jericho Sims,New York Knicks,C,29,195,12,14,516.7,5,8,113.3,0,0,0.0,21,30,51,11,11,4,6,6,-13,91,80,40,62,105.48979591836735,52.900226757369616,13.281179138321995,0.0,324.9183673469388,228.5668934240363,176.02267573696145,92.0,10
237,Jerome Robinson,Golden State Warriors,SG,10,17,4,10,40.0,1,2,50.0,1,6,16.7,0,0,0,1,1,0,0,1,-2,11,10,11,1,61.5621301775148,0.21301775147928997,0.4792899408284023,0.7159763313609467,65.23668639053254,54.53254437869823,72.90532544378698,0.053254437869822466,1
238,Jett Howard,Orlando Magic,G,0,5,0,1,0.0,0,0,0.0,0,1,0.0,0,0,0,0,1,0,0,0,-5,0,0,0,0,0.36,0.0,0.0,0.04000000000000001,0.36,0.36,0.36,0.0,1
239,Jevon Carter,Chicago Bulls,PG,41,150,17,38,405.20000000000005,1,2,50.0,6,19,191.7,2,9,11,13,9,4,4,2,5,65,52,54,24,168.77777777777777,12.011111111111111,8.377777777777778,6.944444444444444,252.54444444444445,213.7,193.11111111111111,34.9,10
240,Jimmy Butler,Miami Heat,SF,215,351,74,148,502.8,58,74,773.8,9,25,408.3,16,39,55,55,15,16,19,6,49,325,270,270,110,426.5495867768595,55.82231404958677,57.0,7.111570247933884,680.4710743801653,442.74380165289256,644.9132231404959,132.18595041322314,10
241,Jock Landale,Houston Rockets,C,60,150,22,38,552.5,13,16,330.0,3,7,250.0,19,21,40,17,19,4,3,6,38,117,100,77,57,161.29600000000002,38.78399999999999,33.544,2.296,313.0,240.064,238.104,68.45599999999999,10
242,Joe Harris,Detroit Pistons,SF,2,12,1,3,33.3,0,0,0.0,0,1,0.0,0,0,0,0,1,0,0,0,-5,2,2,2,0,0.0,0.0,0.0,0.0,0.0,0.0,0.0,0.0,1
243,Joe Ingles,Orlando Magic,SG,35,163,11,22,371.7,5,6,250.0,8,17,341.7,1,10,11,27,12,6,10,0,5,73,46,62,38,117.7372175980975,7.680142687277051,46.162901307966706,10.149821640903687,172.013079667063,127.59571938168845,153.9976218787158,62.0,10
244,Joel Embiid,Philadelphia 76ers,C,45,61,16,38,82.8,9,12,170.0,4,10,83.3,2,12,14,5,6,2,10,0,-41,64,59,50,19,144.5,0.0,0.5,0.0,162.0,144.5,162.0,0.5,2
245,John Collins,Utah Jazz,PF,162,297,62,111,547.4,25,33,754.2,13,32,372.2,21,69,90,11,29,4,17,15,4,263,252,173,101,307.625,113.34693877551022,9.75765306122449,10.798469387755102,555.0,547.2576530612246,308.34693877551024,130.125,10
246,John Konchar,Memphis Grizzlies,SG,66,274,22,47,470.8,10,11,366.7,12,26,501.6,19,40,59,27,19,14,17,12,7,152,125,93,86,99.05621301775147,83.3639053254438,10.215976331360947,5.86094674556213,288.63017751479293,201.84023668639054,153.98224852071007,125.44378698224853,10
247,Johnny Davis,Washington Wizards,G,29,134,11,33,294.0,3,4,150.0,4,13,183.3,4,12,16,8,10,2,1,4,-43,53,45,37,24,86.90051020408164,12.829081632653061,9.604591836734695,4.53061224489796,156.47193877551018,120.9591836734694,126.10204081632654,18.744897959183675,10
248,Johnny Juzang,Utah Jazz,G,41,93,16,32,226.9,0,0,0.0,9,21,169.2,2,12,14,3,4,0,3,0,7,58,55,44,17,203.81656804733728,10.857988165680473,1.8816568047337277,18.0887573964497,227.7041420118343,253.79881656804733,180.1242603550296,10.337278106508876,5
249,Jonas Valanciunas,New Orleans Pelicans,C,69,192,27,64,384.2,11,12,475.0,4,13,250.0,21,62,83,15,17,1,12,7,51,167,152,84,98,253.806640625,147.650390625,26.025390625,4.4765625,660.431640625,644.2890625,315.625,128.0,10
250,Jonathan Isaac,Orlando Magic,PF,84,175,33,58,589.0,6,9,266.7,12,22,435.0,15,34,49,5,6,6,6,13,18,138,133,89,54,118.57466918714556,41.0,4.7315689981096405,14.423440453686199,216.85444234404534,246.35727788279772,98.37618147448016,36.42722117202268,10
251,Jonathan Kuminga,Golden State Warriors,PF,208,288,80,153,508.59999999999997,40,47,765.0,8,21,283.4,12,33,45,21,28,9,20,6,-7,274,253,229,66,346.10284664830124,73.3287419651056,12.96510560146924,9.603305785123966,505.49678604224056,514.1404958677685,341.97520661157023,81.77777777777777,10
252,Jontay Porter,Toronto Raptors,C,54,157,19,44,335.6,5,8,125.0,11,28,255.4,11,26,37,27,13,10,10,8,-15,118,91,81,64,280.641975308642,44.111111111111114,32.30864197530864,21.290123456790123,565.1111111111111,406.4567901234568,407.0,108.71604938271605,10
253,Jordan Clarkson,Utah Jazz,PG,174,327,64,151,396.6,29,32,757.9,17,59,244.1,7,28,35,60,19,10,22,0,-76,269,209,234,95,814.0,107.44444444444446,81.07029478458051,20.83673469387755,1289.530612244898,1206.7777777777778,873.736961451247,211.53061224489798,10
254,Jordan Goodwin,Memphis Grizzlies,G,69,232,28,81,330.5,5,12,225.0,8,28,229.89999999999998,13,28,41,37,16,15,14,10,-59,147,110,106,78,85.28515625,128.0625,77.28515625,2.94140625,402.0625,251.44140625,102.0,339.25390625,9
255,Jordan Hawkins,New Orleans Pelicans,G,46,131,16,58,271.5,4,5,150.0,10,39,210.0,3,13,16,6,8,0,2,2,2,68,62,52,22,170.27777777777777,18.600694444444443,6.444444444444445,10.434027777777779,232.68402777777783,199.8506944444444,204.5,23.65625,10
256,Jordan McLaughlin,Minnesota Timberwolves,PG,52,145,17,31,494.4,5,6,250.0,13,23,402.7,3,19,22,23,10,6,4,2,56,97,74,75,45,158.144,33.904,19.0,21.0,240.2,238.0,156.664,56.583999999999996,10
257,Jordan Miller,LA Clippers,G,4,5,1,1,100.0,2,2,100.0,0,0,0.0,0,1,1,0,0,0,0,0,3,5,5,4,1,8.16326530612245,0.32653061224489793,0.0,0.0,11.755102040816329,11.755102040816329,8.16326530612245,0.32653061224489793,1
258,Jordan Nwora,Toronto Raptors,SF,82,155,32,72,370.3,8,9,375.0,10,33,251.6,5,36,41,8,8,8,6,4,-7,131,123,90,49,332.22400000000005,44.264,3.744,8.256,405.384,440.2,296.40000000000003,49.01599999999999,10
259,Jordan Poole,Washington Wizards,SG,208,282,78,162,459.3,19,22,605.0,33,83,395.0,4,23,27,49,29,9,27,6,-96,284,235,257,76,983.2326530612245,25.0,40.61632653061224,25.17959183673469,891.9510204081632,938.1755102040818,919.1224489795919,83.50204081632653,10
260,Jordan Walsh,Boston Celtics,G,2,27,1,4,100.0,0,0,0.0,0,2,0.0,2,4,6,1,5,2,2,1,24,9,8,3,7,2.08,9.28,1.48,0.0,0.5199999999999999,2.7200000000000006,6.12,4.5200000000000005,2
261,Jose Alvarado,New Orleans Pelicans,PG,71,212,26,65,418.0,6,7,350.0,13,34,433.3,2,17,19,27,17,13,10,3,81,117,90,98,46,36.900510204081634,9.39030612244898,55.51275510204081,6.26530612244898,129.125,38.45918367346939,116.90816326530613,75.56122448979593,10
262,Josh Giddey,Oklahoma City Thunder,SG,131,229,58,109,523.9,4,5,250.0,11,36,336.9,15,41,56,39,16,7,21,4,28,226,187,170,95,215.74380165289256,76.47199265381083,26.92653810835629,2.9008264462809916,557.6859504132232,400.4196510560147,333.722681359045,142.68595041322314,10
263,Josh Green,Dallas Mavericks,SG,67,259,28,55,498.7,4,5,80.0,7,23,270.0,11,24,35,13,16,11,9,2,-34,115,102,80,48,165.4444444444444,42.37777777777778,9.7,6.9444444444444455,210.5,229.20000000000002,161.2111111111111,37.61111111111111,10
264,Josh Hart,New York Knicks,SG,130,428,50,130,388.3,15,23,416.6,15,54,242.2,25,106,131,60,26,15,17,5,19,321,261,190,191,205.61248852157942,204.98714416896235,114.61524334251607,19.0,885.1083562901745,477.2479338842974,464.1910009182736,468.8842975206612,10
265,Josh Minott,Minnesota Timberwolves,F,0,5,0,0,0.0,0,0,0.0,0,0,0.0,0,4,4,0,0,0,0,0,6,4,4,0,4,4.313609467455622,9.946745562130177,0.02366863905325444,0.14792899408284024,0.8520710059171595,1.1597633136094678,4.976331360946745,9.0,1
266,Josh Okogie,Phoenix Suns,SF,46,141,15,32,423.8,10,11,350.0,6,14,300.0,16,6,22,10,4,8,10,2,6,78,68,56,32,116.44982698961938,13.598615916955017,8.13840830449827,6.422145328719724,170.26989619377161,161.01730103806227,120.75432525951557,26.685121107266436,10
267,Josh Richardson,Miami Heat,SG,98,211,38,76,433.2,6,6,200.0,16,45,301.7,4,26,30,19,16,5,3,2,3,147,128,117,49,296.8888888888889,20.0,10.88888888888889,27.555555555555557,468.0,427.55555555555554,344.0,24.22222222222222,9
268,Joshua Primo,LA Clippers,G,0,5,0,1,0.0,0,0,0.0,0,0,0.0,1,0,1,0,0,0,1,0,1,1,1,0,1,0.0,0.0,0.0,0.0,0.0,0.0,0.0,0.0,1
269,Jrue Holiday,Boston Celtics,PG,114,323,45,81,564.5,4,4,200.0,20,44,531.8,8,25,33,55,13,14,17,11,120,202,147,169,88,82.8,48.584,52.535999999999994,6.0,211.904,169.864,165.576,60.384,10
270,Jules Bernard,Washington Wizards,G,21,43,8,16,291.7,2,3,150.0,3,6,225.0,4,5,9,5,1,1,3,1,13,35,30,26,14,63.93425605536332,13.0,6.204152249134949,0.8546712802768166,115.73356401384086,109.87543252595154,66.26297577854672,22.733564013840834,4
271,Julian Champagnie,San Antonio Spurs,F,65,223,19,53,298.7,12,13,450.0,15,40,279.1,5,23,28,16,6,6,8,4,15,109,93,81,44,257.8777777777778,39.611111111111114,24.577777777777776,27.21111111111111,557.0,385.97777777777776,372.4111111111111,120.67777777777778,10
272,Julian Phillips,Chicago Bulls,F,39,132,13,31,272.9,7,8,266.7,6,13,283.4,6,12,18,5,12,5,3,1,-11,62,57,44,23,170.91975308641975,27.290123456790123,6.777777777777779,6.401234567901234,314.4444444444444,289.44444444444446,184.5493827160494,45.43827160493827,10
273,Julian Strawther,Denver Nuggets,G,9,27,3,11,37.5,2,2,100.0,1,8,20.0,0,3,3,4,1,1,2,0,-15,16,12,13,7,37.0,7.512396694214877,4.231404958677686,0.8347107438016528,108.4297520661157,76.69421487603304,61.59504132231405,18.884297520661153,2
274,Julius Randle,New York Knicks,PF,66,99,23,48,142.2,14,14,300.0,6,11,195.0,8,17,25,18,7,1,10,0,25,109,91,84,43,98.0,2.666666666666667,14.0,2.0,140.66666666666669,120.66666666666666,126.0,8.666666666666668,3
275,Justin Champagnie,Washington Wizards,SF,29,74,11,27,139.9,2,2,100.0,5,14,100.0,4,12,16,5,4,4,6,4,-31,50,45,34,21,125.20444444444443,50.87111111111111,4.884444444444444,6.751111111111111,373.21777777777777,325.0,152.73777777777778,76.44,4
276,Justin Holiday,Denver Nuggets,SF,41,146,16,32,397.0,0,0,0.0,9,22,260.0,0,11,11,16,9,4,2,3,2,68,52,57,27,236.56944444444443,10.90625,43.35069444444444,15.40625,414.5,287.76736111111114,338.65625,78.90277777777779,10
277,Justin Minaya,Portland Trail Blazers,F,9,87,3,15,99.89999999999999,1,2,50.0,2,12,66.6,5,8,13,4,5,3,3,1,-46,26,22,13,17,17.43595041322314,15.353305785123968,2.163223140495868,1.4297520661157024,39.08884297520662,45.239669421487605,13.198347107438016,15.603305785123966,7
278,Jusuf Nurkic,Phoenix Suns,C,100,271,41,74,602.1,18,42,392.9,0,3,0.0,46,100,146,40,35,6,35,13,10,286,246,140,186,102.89999999999999,551.7777777777777,38.544444444444444,0.0,802.1777777777778,838.9444444444443,76.71111111111112,579.7444444444444,10
279,Karl-Anthony Towns,Minnesota Timberwolves,C,193,306,66,146,451.8,41,47,734.2,20,56,341.5,20,55,75,29,33,8,24,8,98,297,268,222,104,265.0493827160493,98.62345679012346,46.91975308641975,18.771604938271604,548.530864197531,414.4012345679012,362.2777777777778,182.44444444444443,10
280,Kawhi Leonard,LA Clippers,SF,232,342,87,170,516.1,42,48,794.2,16,49,310.8,13,43,56,36,9,12,14,8,31,324,288,268,92,531.0934256055364,56.583044982698965,35.16435986159169,9.039792387543253,774.0,695.2820069204153,577.7595155709342,123.79930795847751,10
281,Keegan Murray,Sacramento Kings,SF,145,360,52,119,412.4,20,23,525.0,21,61,321.2,16,43,59,16,30,13,8,9,-8,220,204,161,75,492.09999999999997,65.0,20.677777777777777,35.17777777777778,697.5111111111112,665.3000000000001,489.44444444444446,120.54444444444445,10
282,Keita Bates-Diop,Brooklyn Nets,SF,38,100,14,26,648.3,5,6,250.0,5,12,350.0,3,10,13,4,2,1,6,5,-18,55,51,42,17,48.5,16.15289256198347,4.466942148760331,5.016528925619835,81.65702479338842,75.74380165289257,46.69421487603306,28.33884297520661,10
283,Keldon Johnson,San Antonio Spurs,SF,172,305,62,127,490.70000000000005,18,21,508.3,30,71,411.9,17,35,52,23,16,3,14,1,-24,247,224,195,75,305.50342935528124,65.60219478737997,21.227709190672158,28.573388203017835,420.51165980795605,445.11111111111103,317.93827160493834,49.795610425240056,10
284,Kelly Olynyk,Toronto Raptors,PF,135,272,50,96,483.8,23,31,537.1,12,30,408.3,20,35,55,41,39,16,27,8,-84,231,190,176,96,365.6516052318668,71.0023781212842,62.3127229488704,9.25564803804994,664.5481569560048,523.9429250891795,481.57193816884666,158.0,10
285,Kelly Oubre Jr.,Philadelphia 76ers,SG,189,321,68,164,396.8,40,53,634.5,13,51,219.5,17,40,57,20,30,7,18,7,-54,266,246,209,77,577.7529843893481,86.48025711662075,21.67309458218549,11.191000918273646,1065.4416896235077,861.3553719008264,733.9256198347107,156.0670339761249,10
286,Kendall Brown,Indiana Pacers,SG,0,7,0,0,0.0,0,0,0.0,0,0,0.0,0,0,0,0,0,0,0,0,4,0,0,0,0,1.234567901234568,0.0,0.308641975308642,0.0,2.777777777777778,1.234567901234568,2.777777777777778,0.308641975308642,1
287,Kenneth Lofton Jr.,Philadelphia 76ers,F,2,5,1,4,25.0,0,0,0.0,0,2,0.0,0,1,1,0,0,0,0,0,-4,3,3,2,1,0.0,0.0,0.0,0.0,0.0,0.0,0.0,0.0,1
288,Kenrich Williams,Oklahoma City Thunder,SF,20,101,8,23,281.7,0,0,0.0,4,15,150.0,9,22,31,12,11,3,3,1,21,63,51,32,43,91.5390625,43.916015625,15.1015625,6.65625,167.259765625,143.103515625,93.625,81.087890625,10
289,Kentavious Caldwell-Pope,Denver Nuggets,SG,108,316,40,79,498.5,7,7,300.0,21,45,435.0,3,18,21,28,21,17,9,7,65,157,129,136,49,229.184,16.904,20.304000000000002,21.800000000000004,259.176,273.176,216.57600000000002,35.815999999999995,10
290,Kenyon Martin Jr.,Philadelphia 76ers,F,45,159,18,33,518.8,6,8,350.0,3,5,250.0,9,22,31,12,27,4,7,3,-22,88,76,57,43,92.06139438085327,54.68574401664932,13.70655567117586,2.100936524453694,345.6503642039542,244.70343392299688,160.53590010405827,100.86472424557752,10
291,Keon Ellis,Sacramento Kings,G,49,201,19,36,404.2,1,2,50.0,10,21,320.0,9,20,29,16,23,16,6,8,58,94,78,65,45,205.74376417233563,25.68934240362812,48.48979591836735,12.022675736961451,242.40362811791383,261.60090702947844,180.77777777777777,79.94784580498866,10
292,Keon Johnson,Brooklyn Nets,G,12,26,3,8,73.3,4,4,100.0,2,4,133.3,2,1,3,2,2,2,2,0,-9,17,15,14,5,18.88888888888889,0.5555555555555556,2.2222222222222223,0.22222222222222227,27.222222222222225,13.888888888888888,34.0,1.0,2
293,Kessler Edwards,Sacramento Kings,SF,12,46,4,11,106.7,1,2,50.0,3,8,91.7,0,8,8,2,6,2,0,1,9,22,20,14,10,44.449999999999996,15.8125,1.6500000000000001,4.2125,58.7125,55.1125,41.0,24.512500000000003,5
294,Kevin Durant,Phoenix Suns,PF,270,383,101,202,488.1,47,59,805.6,21,53,376.2,6,63,69,39,15,8,36,9,-8,378,339,309,108,1311.40625,62.6015625,44.125,20.125,1562.4765625,1435.9140625,1365.15625,179.5390625,10
295,Kevin Huerter,Sacramento Kings,SG,72,231,29,79,330.1,2,4,100.0,12,45,205.0,6,24,30,25,23,8,11,2,5,127,102,97,55,306.8156956004756,30.011890606420927,4.5267538644470875,17.671819262782403,477.78002378121283,461.78359096313915,310.7764565992866,46.574316290130795,10
296,Kevin Knox II,Detroit Pistons,SF,22,89,9,26,148.9,3,3,200.0,1,11,33.3,3,11,14,4,9,2,6,0,21,40,36,26,18,115.33333333333334,19.333333333333336,3.3333333333333335,0.8333333333333335,167.33333333333331,188.0,101.33333333333334,16.0,6
297,Kevin Love,Miami Heat,PF,88,158,30,62,483.6,10,14,208.3,18,45,387.4,10,55,65,19,20,3,10,3,31,172,153,107,84,362.530612244898,61.03061224489795,13.244897959183673,16.97959183673469,574.7448979591837,534.5,405.0,72.05102040816325,10
298,Kevon Looney,Golden State Warriors,F,21,103,9,19,483.3,3,7,75.0,0,0,0.0,8,21,29,12,15,1,5,4,37,62,50,33,41,28.11111111111111,20.017361111111114,7.65625,0.0,22.625,36.65625,14.517361111111109,27.236111111111107,10
299,Keyontae Johnson,Oklahoma City Thunder,F,5,39,2,8,66.7,0,0,0.0,1,2,100.0,2,4,6,2,4,0,2,0,-15,13,11,7,8,20.0,7.0,1.2653061224489797,0.8163265306122451,29.69387755102041,35.0,17.26530612244898,5.6938775510204085,5
300,Keyonte George,Utah Jazz,G,184,312,63,146,385.4,31,35,592.5,27,66,370.1,0,28,28,53,12,5,32,3,-67,265,212,237,81,881.3943808532778,17.70655567117586,58.821019771071796,41.778355879292405,1233.978147762747,1038.7429760665973,1066.8480749219561,86.30905306971904,10
301,Khris Middleton,Milwaukee Bucks,SF,114,203,43,87,367.1,16,18,437.5,12,30,326.6,6,26,32,40,24,7,13,2,18,186,146,154,72,250.12,38.68,48.0,3.4800000000000004,407.12000000000006,258.72,411.71999999999997,73.48,7
302,Killian Hayes,Detroit Pistons,PG,18,79,7,14,209.6,1,3,33.3,3,6,100.0,0,15,15,20,4,0,5,2,-12,53,33,38,35,27.0,18.75,54.0,2.75,252.75,74.75,153.0,124.75,4
303,Kira Lewis Jr.,Utah Jazz,PG,0,7,0,0,0.0,0,0,0.0,0,0,0.0,0,0,0,0,0,0,0,0,-10,0,0,0,0,0.1111111111111111,0.027777777777777776,0.25,0.0,1.0,0.25,0.6944444444444445,0.4444444444444444,1
304,Klay Thompson,Golden State Warriors,SG,171,261,60,141,437.2,14,16,516.7,37,86,418.0,6,24,30,22,11,9,11,3,-33,223,201,193,52,523.7242455775234,24.84287200832466,51.606659729448495,20.43808532778356,575.738813735692,502.2341311134235,625.0790842872009,48.59937565036421,10
305,Kobe Brown,LA Clippers,G,2,27,1,5,100.0,0,0,0.0,0,2,0.0,4,5,9,2,4,0,3,0,-23,13,11,4,11,3.081632653061224,10.510204081632653,1.5102040816326534,0.02040816326530612,17.081632653061224,10.183673469387756,3.0,19.0,4
306,Kobe Bufkin,Atlanta Hawks,G,27,81,11,31,158.4,1,2,50.0,4,14,115.0,1,10,11,14,6,3,4,1,21,52,38,41,25,72.63265306122449,3.9795918367346945,14.959183673469388,2.836734693877551,134.6326530612245,95.83673469387756,113.83673469387753,16.53061224489796,5
307,Kris Dunn,Utah Jazz,G,50,215,21,49,381.4,1,2,50.0,7,20,325.0,8,15,23,30,22,12,10,2,-38,103,73,80,53,127.34693877551018,15.53316326530612,22.15561224489796,6.471938775510204,269.0,165.3698979591837,207.46173469387756,61.20408163265307,10
308,Kris Murray,Portland Trail Blazers,F,76,293,30,71,452.1,9,14,391.7,7,33,223.3,13,35,48,24,21,5,11,7,13,148,124,100,72,235.40625,63.744140625,34.5390625,4.103515625,473.947265625,345.322265625,282.4765625,179.837890625,10
309,Kristaps Porzingis,Boston Celtics,C,225,291,73,149,506.6,51,54,852.8,28,60,507.8,16,64,80,18,23,6,12,15,114,323,305,243,98,281.4765625,89.40625,13.625,11.7265625,569.5390625,577.2265625,291.4140625,85.40625,10
310,Kyle Anderson,Minnesota Timberwolves,SF,76,274,32,67,467.3,10,14,400.0,2,8,100.0,8,33,41,51,22,8,12,5,63,168,117,127,92,128.82853223593963,43.0,31.049382716049383,1.602194787379973,255.33882030178324,247.75445816186559,138.85733882030178,71.60493827160494,10
311,Kyle Kuzma,Washington Wizards,SF,245,345,92,177,533.3,43,53,855.3,18,50,283.3,6,65,71,44,19,8,29,9,-81,360,316,289,115,394.71488033298647,76.32778355879293,57.92299687825182,28.23309053069719,670.8803329864726,622.0853277835588,450.78355879292417,126.97710718002081,10
312,Kyle Lowry,Philadelphia 76ers,PG,89,302,28,71,365.2,17,18,675.0,16,44,305.4,3,30,33,50,20,13,12,2,-36,172,122,139,83,231.3,24.325000000000003,94.0,16.8,375.825,292.825,265.3,167.32500000000002,10
313,Kyrie Irving,Dallas Mavericks,PG,240,352,91,190,482.3,30,30,700.0,28,75,366.6,9,37,46,53,18,12,21,5,-26,339,286,293,99,405.4567901234568,47.2482853223594,148.18244170096023,16.812071330589852,1054.7914951989028,482.9355281207132,889.3017832647462,283.4417009602195,10
314,LaMelo Ball,Charlotte Hornets,PG,32,55,12,37,66.1,5,6,150.0,3,17,34.7,1,5,6,15,10,3,7,0,-49,53,38,47,21,2.0,2.0,0.5,0.5,4.5,8.0,0.5,0.5,2
315,Lamar Stevens,Memphis Grizzlies,PF,111,215,46,97,495.5,13,18,333.3,6,15,425.0,12,32,44,7,18,7,12,7,-20,162,155,118,51,211.0,48.44444444444444,6.111111111111112,2.4444444444444446,334.9777777777778,267.17777777777775,274.44444444444446,58.91111111111111,10
316,Landry Shamet,Washington Wizards,SG,55,184,20,55,273.1,7,7,300.0,8,35,104.1,4,10,14,8,12,4,9,2,-68,77,69,63,22,330.90000000000003,22.5,5.700000000000001,15.624999999999998,463.7,413.80000000000007,373.0,35.99999999999999,10
317,Larry Nance Jr.,New Orleans Pelicans,PF,61,211,25,40,605.3,10,12,366.7,1,5,100.0,19,29,48,20,19,9,10,4,19,129,109,81,68,131.8641975308642,37.62688614540466,13.111111111111112,1.1536351165980794,189.15363511659808,183.32647462277092,147.34567901234567,41.08367626886145,10
318,Lauri Markkanen,Utah Jazz,PF,200,337,66,161,411.9,41,44,856.7,27,75,347.4,18,53,71,22,13,8,21,4,-68,293,271,222,93,187.95567867036013,123.19390581717451,51.601108033241,23.74238227146814,580.8171745152355,375.24930747922434,359.8227146814404,208.49584487534625,10
319,LeBron James,Los Angeles Lakers,SF,281,362,107,183,584.2,42,55,708.4,25,57,421.6,7,66,73,96,13,11,34,5,26,450,354,377,169,395.6360946745562,77.35207100591717,25.04437869822485,26.8698224852071,295.78994082840234,272.68639053254435,446.13609467455626,75.0,10
320,Leaky Black,Charlotte Hornets,F,27,151,8,25,232.1,7,10,275.0,4,10,150.0,5,21,26,13,12,2,3,2,-31,66,53,40,39,88.0,30.96,8.41,8.25,118.49000000000001,84.96000000000001,110.40999999999998,50.49,9
321,Leonard Miller,Minnesota Timberwolves,F,0,5,0,1,0.0,0,0,0.0,0,0,0.0,0,0,0,2,0,0,0,0,8,2,0,2,2,0.0625,0.390625,0.5625,0.0,0.015625,0.765625,0.25,0.015625,1
322,Lester Quinones,Golden State Warriors,G,58,162,20,53,357.0,9,13,325.0,9,31,250.0,8,18,26,11,17,2,5,0,-34,95,84,69,37,193.76736111111106,18.73611111111111,14.90625,10.90625,254.11111111111111,286.60069444444446,178.56944444444443,16.350694444444446,10
323,Lindy Waters III,Oklahoma City Thunder,F,29,66,10,21,323.3,0,0,0.0,9,19,283.3,1,14,15,4,6,1,3,2,-33,48,44,33,19,96.42906574394462,27.97923875432526,4.252595155709343,11.432525951557095,233.44982698961934,195.1280276816609,119.0,47.98269896193771,7
324,Lonnie Walker IV,Brooklyn Nets,G,78,168,29,80,355.9,4,5,250.0,16,43,227.4,0,18,18,5,21,4,8,4,4,101,96,83,23,532.9081632653061,17.632653061224488,5.765306122448979,34.98979591836734,725.0,682.9081632653061,566.3469387755102,32.05102040816326,10
325,Luguentz Dort,Oklahoma City Thunder,G,110,290,38,85,471.5,9,9,400.0,25,55,474.4,8,24,32,16,30,10,7,3,32,158,142,126,48,182.91827364554638,35.662075298438936,19.355371900826448,17.016528925619834,251.65289256198346,197.05785123966942,238.40036730945823,54.13039485766758,10
326,Luka Doncic,Dallas Mavericks,PG,348,378,124,250,490.9,59,70,856.1,41,109,357.9,13,86,99,109,21,13,41,2,66,556,447,457,208,433.77777777777777,66.00960219478739,125.4938271604938,37.345679012345684,807.2235939643348,649.2935528120713,533.8641975308642,249.3470507544582,10
327,Luka Garza,Minnesota Timberwolves,C,34,39,12,24,204.4,5,6,150.0,5,12,208.3,5,3,8,1,7,0,3,0,-4,43,42,35,9,24.485207100591722,4.852071005917159,0.8698224852071007,1.177514792899408,50.14792899408283,42.28402366863906,29.710059171597624,8.36094674556213,4
328,Luka Samanic,Utah Jazz,F,42,107,13,39,288.8,12,14,450.0,4,19,178.3,5,19,24,5,9,1,5,4,-42,71,66,47,29,86.96,45.96,4.44,2.24,270.7733333333333,235.0,110.0933333333333,63.040000000000006,9
329,Luke Kennard,Memphis Grizzlies,SG,124,269,39,78,499.6,18,20,571.4,28,59,476.40000000000003,2,23,25,40,10,8,18,0,-65,189,149,164,65,417.6570247933884,7.243801652892563,86.97520661157026,24.202479338842977,601.0495867768595,436.9669421487603,556.7644628099174,119.19421487603307,10
330,Luke Kornet,Boston Celtics,C,62,177,25,39,598.4,12,12,400.0,0,0,0.0,20,26,46,11,11,3,2,12,64,119,108,73,57,237.77777777777777,91.68402777777777,30.944444444444443,0.0,656.8506944444445,506.40625,340.94444444444446,169.90625,10
331,Malachi Flynn,Detroit Pistons,PG,47,101,16,47,270.0,7,10,275.0,8,23,281.7,0,12,12,12,5,5,6,0,-43,71,59,59,24,148.20041322314052,9.305785123966942,14.371900826446284,6.586776859504131,289.86983471074376,217.91942148760327,208.54752066115702,35.2809917355372,9
332,Malaki Branham,San Antonio Spurs,G,114,219,41,93,421.1,16,17,475.0,16,41,307.1,4,14,18,21,14,4,18,2,-58,153,132,135,39,694.6938775510204,13.602040816326532,33.67602040816327,34.82908163265306,1004.655612244898,774.7448979591837,902.125,69.75765306122449,10
333,Malcolm Brogdon,Portland Trail Blazers,PG,102,218,37,83,266.20000000000005,17,19,433.3,11,30,202.89999999999998,7,22,29,40,13,4,17,2,4,171,131,142,69,100.0,28.833333333333336,7.333333333333334,6.833333333333334,113.5,66.83333333333334,151.33333333333331,31.5,6
334,Malik Beasley,Milwaukee Bucks,SG,117,302,42,102,403.4,2,3,150.0,31,79,381.8,3,32,35,18,17,7,8,1,89,170,152,135,53,380.1045918367347,12.818877551020407,11.625,36.96173469387755,274.625,306.0,338.55102040816325,34.62244897959184,10
335,Malik Monk,Sacramento Kings,SG,207,298,78,171,436.8,27,31,780.0,24,67,357.2,8,38,46,58,28,7,20,1,47,311,253,265,104,860.65625,22.7265625,29.509765625,15.494140625,1061.525390625,993.6640625,890.087890625,90.666015625,10
336,MarJon Beauchamp,Milwaukee Bucks,F,30,42,10,16,350.0,7,8,175.0,3,7,200.0,2,9,11,1,4,1,3,0,-17,42,41,31,12,58.991735537190095,10.140495867768596,0.8677685950413222,1.8099173553719008,103.32231404958677,93.38016528925618,65.92561983471074,14.016528925619834,6
337,Marcus Morris Sr.,Cleveland Cavaliers,SF,14,20,5,7,71.4,0,0,0.0,4,5,80.0,0,4,4,0,3,0,0,0,9,18,18,14,4,7.111111111111108,0.11111111111111122,0.25,4.0,6.25,9.0,4.694444444444442,0.027777777777777877,1
338,Marcus Morris Sr.,Philadelphia 76ers,SF,40,98,16,38,166.7,4,4,200.0,4,13,103.3,0,14,14,3,5,2,6,1,-21,57,54,43,17,93.11111111111113,5.111111111111111,3.0,6.0,133.0,116.0,109.44444444444444,8.777777777777777,4
339,Marcus Sasser,Detroit Pistons,G,62,192,24,68,355.8,4,5,250.0,10,35,349.6,1,24,25,33,14,8,16,0,-43,120,87,95,58,143.4467455621302,23.446745562130175,30.476331360946748,10.724852071005916,294.1213017751479,230.78698224852073,195.85207100591714,64.85207100591717,10
340,Markelle Fultz,Orlando Magic,PG,70,168,31,71,403.6,8,11,233.3,0,4,0.0,15,21,36,17,7,4,13,3,-12,123,106,87,53,177.20982986767484,57.0359168241966,17.499054820415882,0.01890359168241966,282.9962192816635,246.4914933837429,189.82041587901702,98.42911153119093,10
341,Markieff Morris,Dallas Mavericks,PF,5,11,2,3,150.0,0,0,0.0,1,2,50.0,0,2,2,0,0,0,0,0,4,7,7,5,2,0.625,2.5,0.0,0.625,4.625,4.625,0.625,2.5,2
342,Marques Bolden,Charlotte Hornets,C,0,13,0,1,0.0,0,0,0.0,0,0,0.0,0,1,1,0,1,0,1,0,2,1,1,0,1,0.0,0.7551020408163267,0.0,0.0,0.7551020408163267,0.7551020408163267,0.0,0.7551020408163267,2
343,Marvin Bagley III,Washington Wizards,PF,119,262,53,102,492.7,10,14,383.3,3,8,250.0,40,46,86,16,13,7,8,11,-40,221,205,135,102,366.9111111111111,136.0,12.577777777777778,2.2000000000000006,625.0,593.0444444444445,373.0,174.44444444444446,10
344,Mason Jones,Sacramento Kings,G,1,13,0,3,0.0,1,2,50.0,0,2,0.0,1,3,4,4,0,0,0,0,10,9,5,5,8,0.0,0.0,0.0,0.0,0.0,0.0,0.0,0.0,1
345,Mason Plumlee,LA Clippers,C,48,117,17,29,603.3,14,20,391.7,0,0,0.0,11,35,46,13,16,3,10,4,4,107,94,61,59,61.681640625,106.1015625,12.40625,0.0,236.994140625,229.947265625,72.884765625,114.3515625,10
346,Matisse Thybulle,Portland Trail Blazers,SG,75,232,28,57,448.9,6,9,250.0,13,32,368.3,8,23,31,21,15,19,12,8,-28,127,106,96,52,274.1113423517169,33.10405827263267,20.94588969823101,10.392299687825181,571.8678459937564,432.68678459937564,390.6139438085328,76.72840790842872,10
347,Matt Ryan,New Orleans Pelicans,F,26,54,9,21,200.0,0,0,0.0,8,17,194.4,1,8,9,2,5,0,2,0,-6,37,35,28,11,167.85185185185185,11.0,1.4074074074074074,14.518518518518519,268.1851851851852,257.5185185185185,177.85185185185185,13.074074074074074,6
348,Matthew Hurt,Memphis Grizzlies,F,32,110,12,33,215.9,3,3,200.0,5,19,233.4,9,7,16,4,8,3,2,3,-7,52,48,36,20,116.87573964497041,23.218934911242602,4.201183431952662,4.189349112426036,236.0,190.97041420118342,154.29585798816566,35.02958579881657,7
349,Max Christie,Los Angeles Lakers,G,42,123,15,32,606.9,5,7,300.0,7,17,320.0,3,12,15,11,2,1,3,2,-29,68,57,53,26,87.75857338820302,10.503429355281206,30.19067215363512,4.100137174211248,246.13717421124824,140.30864197530866,178.45404663923182,55.827160493827165,10
350,Max Strus,Cleveland Cavaliers,SG,118,312,42,93,422.4,12,15,316.7,22,62,318.5,11,20,31,48,25,6,16,4,-32,197,149,166,79,284.77562326869804,32.988919667590025,26.775623268698062,31.81717451523546,400.2908587257617,331.86426592797784,377.1024930747922,35.86426592797784,10
351,Maxi Kleber,Dallas Mavericks,PF,15,190,3,21,116.6,7,10,350.0,2,17,100.0,2,33,35,12,20,2,1,5,13,62,50,27,47,66.0111111111111,46.37777777777777,8.711111111111112,2.7111111111111112,142.9444444444444,120.9,88.94444444444446,54.2,10
352,Maxwell Lewis,Los Angeles Lakers,F,0,5,0,1,0.0,0,0,0.0,0,1,0.0,0,0,0,2,0,0,0,0,-3,2,0,2,2,0.08163265306122448,0.0,2.9387755102040822,0.0,2.0408163265306123,0.08163265306122448,2.0408163265306123,2.9387755102040822,1
353,Micah Potter,Utah Jazz,C,21,40,7,8,200.0,3,3,200.0,4,4,200.0,2,5,7,1,2,0,0,0,7,29,28,22,8,42.120000000000005,0.6799999999999999,0.68,2.72,40.68,32.72,50.72,0.7199999999999999,3
354,Michael Porter Jr.,Denver Nuggets,SF,194,318,75,136,563.2,12,13,550.0,32,71,464.9,10,58,68,18,18,9,12,8,61,280,262,212,86,408.62244897959175,63.765306122448976,17.6734693877551,19.625,832.2448979591836,712.0,493.88775510204084,116.41836734693877,10
355,Mikal Bridges,Brooklyn Nets,SF,177,368,58,146,374.9,32,40,780.1,29,69,434.7,11,38,49,42,14,11,17,3,1,268,226,219,91,646.105098855359,40.1363163371488,26.905306971904267,18.94588969823101,553.0093652445369,643.8002081165453,562.3735691987513,59.98231009365245,10
356,Mike Conley,Minnesota Timberwolves,PG,112,296,39,90,381.5,18,21,513.3,16,51,266.6,9,25,34,49,15,11,15,1,-36,195,146,161,83,691.0864197530864,30.31001371742113,41.844993141289436,38.33470507544582,549.0,552.9190672153635,665.6803840877915,93.64197530864197,10
357,Mike Muscala,Oklahoma City Thunder,C,26,127,9,35,234.2,1,2,50.0,7,25,250.0,5,15,20,6,8,2,1,2,24,52,46,32,26,104.98298676748583,19.561436672967865,7.274102079395085,11.052930056710775,225.90170132325144,196.05293005671078,123.68998109640832,37.9773156899811,10
358,Miles Bridges,Charlotte Hornets,SF,207,391,83,191,431.1,24,33,613.1,17,65,245.3,13,74,87,38,15,7,20,3,-78,332,294,245,125,508.8367346938776,65.81632653061224,16.416326530612242,23.587755102040816,785.804081632653,766.6040816326531,539.604081632653,70.66530612244898,10
359,Miles McBride,New York Knicks,PG,113,294,41,89,422.1,8,9,283.3,23,50,396.4,7,11,18,30,24,10,5,2,-4,161,131,143,48,685.5711662075298,9.652892561983471,116.95684113865933,40.25987144168962,970.7777777777776,713.593204775023,932.5518824609734,136.8135904499541,10
360,Mo Bamba,Philadelphia 76ers,C,51,188,20,39,525.1,4,4,100.0,7,15,333.4,13,35,48,8,26,5,11,10,-37,107,99,59,56,79.74444444444444,50.31111111111112,15.2,6.199999999999999,132.27777777777777,104.41111111111111,102.27777777777777,70.84444444444445,10
361,Monte Morris,Minnesota Timberwolves,PG,51,153,19,47,528.6,4,6,175.0,9,19,383.3,3,11,14,29,3,4,2,1,25,94,65,80,43,38.20226843100189,20.427221172022687,53.51039697542533,5.514177693761814,205.43289224952738,82.20604914933837,127.78071833648393,107.586011342155,10
362,Moritz Wagner,Orlando Magic,C,99,167,38,59,611.0,19,23,515.6,4,15,216.6,9,33,42,12,15,4,14,1,-1,153,141,111,54,232.87871581450653,71.60047562425683,6.7419738406658745,2.4684898929845422,502.2294887039239,498.94054696789533,235.01426872770512,79.49583828775268,10
363,Moses Brown,Portland Trail Blazers,C,13,28,6,10,233.3,1,3,33.3,0,0,0.0,4,5,9,2,4,0,2,1,7,24,22,15,11,18.0,12.320000000000002,2.880000000000001,0.0,25.519999999999996,27.92,13.680000000000001,17.119999999999997,3
364,Moses Moody,Golden State Warriors,SG,87,209,34,78,438.6,9,12,233.3,10,36,225.4,10,28,38,6,14,10,8,8,28,131,125,93,44,213.44444444444443,60.784580498866205,2.4444444444444446,18.362811791383223,414.1020408163265,417.498866213152,218.7777777777778,54.498866213151935,10
365,Mouhamadou Gueye,Toronto Raptors,F,2,6,1,3,33.3,0,0,0.0,0,0,0.0,2,1,3,0,1,0,0,2,4,5,5,2,3,1.0,0.25,0.0,0.0,2.25,2.25,1.0,0.25,1
366,Moussa Diabate,LA Clippers,F,2,7,1,1,100.0,0,2,0.0,0,0,0.0,1,3,4,0,0,1,0,1,1,6,6,2,4,0.0,0.0,0.0,0.0,0.0,0.0,0.0,0.0,1
367,Myles Turner,Indiana Pacers,C,160,274,61,123,491.9,22,31,520.0,16,40,310.2,13,51,64,10,28,4,13,22,17,234,224,170,74,295.03316326530614,60.441326530612244,15.033163265306124,27.38775510204082,349.4005102040816,295.88775510204084,388.13265306122446,35.88775510204081,10
368,Naji Marshall,New Orleans Pelicans,SF,67,210,26,54,360.0,4,5,250.0,11,26,418.3,6,38,44,23,7,8,9,4,39,134,111,90,67,328.0178359096314,44.9678953626635,13.0,12.94292508917955,411.29369797859687,395.46611177170035,306.19024970273483,95.6230677764566,10
369,Nassir Little,Phoenix Suns,SF,9,50,3,12,133.3,0,0,0.0,3,8,200.0,0,10,10,3,6,0,1,2,-8,22,19,12,13,17.86728395061728,12.163580246913579,4.138888888888888,2.1388888888888893,53.25,45.22222222222223,22.358024691358025,19.839506172839506,5
370,Nate Hinton,Houston Rockets,G,12,22,4,7,110.0,2,3,66.7,2,3,66.7,1,5,6,3,4,1,1,2,10,21,18,15,9,48.05555555555556,6.722222222222221,1.3888888888888884,2.5,97.38888888888886,75.55555555555557,65.0,13.0,2
371,Nathan Mensah,Charlotte Hornets,C,4,59,2,5,66.7,0,0,0.0,0,0,0.0,4,6,10,1,13,2,1,4,-17,15,14,5,11,13.75,9.9375,0.859375,0.0,41.359375,44.4375,13.484375,7.984375,7
372,Naz Reid,Minnesota Timberwolves,C,169,280,60,128,467.5,21,28,559.2,28,62,408.4,11,57,68,22,21,6,11,15,22,259,237,191,90,828.911111111111,71.2,20.711111111111112,54.04444444444445,959.0,825.3111111111111,915.8,138.7111111111111,10
373,Neemias Queta,Boston Celtics,C,39,80,19,26,443.4,1,2,100.0,0,0,0.0,12,17,29,4,8,3,4,6,63,72,68,43,33,81.92561983471073,49.32231404958678,1.8099173553719006,0.0,232.97520661157026,228.1404958677686,88.3305785123967,49.56198347107437,7
374,Nic Claxton,Brooklyn Nets,C,130,311,53,84,615.7,24,38,525.5,0,1,0.0,18,78,96,27,24,6,12,18,-1,253,226,157,123,215.06555671175857,68.96982310093652,15.778355879292402,0.0,263.0832466181061,252.1810613943808,240.32362122788766,70.39229968782519,10
375,Nick Jr. Smith,Charlotte Hornets,G,50,170,16,60,266.1,8,9,187.5,10,32,241.6,3,11,14,17,19,4,5,0,5,81,64,67,31,227.78071833648394,10.366729678638942,21.627599243856334,14.926275992438564,308.63705103969755,242.55954631379961,274.8638941398866,50.988657844990556,10
376,Nick Richards,Charlotte Hornets,C,92,288,39,59,646.5,14,20,400.0,0,1,0.0,28,63,91,4,27,5,11,8,-31,187,183,96,95,259.1349480968858,149.28373702422144,4.873702422145328,0.0,400.4031141868512,371.5536332179931,288.65916955017303,153.4826989619377,10
377,Nickeil Alexander-Walker,Minnesota Timberwolves,SG,118,272,42,84,495.5,13,15,533.3,21,43,458.3,9,18,27,27,13,9,9,8,51,172,145,145,54,418.2777777777779,41.21111111111111,26.27777777777778,21.177777777777777,551.211111111111,507.40000000000003,431.0,98.57777777777777,10
378,Nicolas Batum,Philadelphia 76ers,PF,45,289,16,53,267.5,5,5,200.0,8,35,194.89999999999998,15,41,56,22,21,13,8,8,26,123,101,67,78,116.56944444444444,87.90625,17.61111111111111,5.850694444444445,328.65625,262.85069444444446,150.125,137.76736111111111,10
379,Nikola Jokic,Denver Nuggets,C,244,370,96,169,569.8,45,49,918.1,7,23,143.7,27,91,118,79,18,16,31,10,107,441,362,323,197,712.2576530612245,115.86989795918367,61.693877551020414,14.622448979591836,967.3163265306122,752.9897959183672,867.2474489795918,236.90051020408163,10
380,Nikola Jovic,Miami Heat,F,65,201,24,53,447.4,6,9,250.0,11,31,406.6,2,38,40,18,17,8,10,4,14,123,105,83,58,50.53086419753087,44.49382716049383,21.777777777777782,2.9444444444444446,215.64197530864197,145.2716049382716,96.82716049382717,90.34567901234568,10
381,Nikola Vucevic,Chicago Bulls,C,200,337,87,171,501.0,11,13,400.0,15,40,364.9,27,75,102,26,22,5,20,3,-50,328,302,226,128,501.962890625,61.65625,20.994140625,6.509765625,685.5390625,631.978515625,570.2890625,67.884765625,10
382,Noah Clowney,Brooklyn Nets,F,8,41,3,6,50.0,0,0,0.0,0,2,0.0,3,4,7,5,2,2,1,0,-7,20,15,13,12,47.7603305785124,8.041322314049587,4.43801652892562,0.024793388429752067,97.09917355371901,90.7603305785124,50.29752066115703,16.28099173553719,3
383,Norman Powell,LA Clippers,G,153,282,54,116,463.2,21,27,525.0,24,68,384.1,3,29,32,16,23,10,10,2,0,201,185,169,48,362.6640625,32.556640625,16.90625,20.4140625,433.025390625,480.603515625,305.0390625,59.509765625,10
384,O.G. Anunoby,New York Knicks,SF,83,194,33,70,262.7,9,14,243.3,8,28,138.3,3,24,27,12,12,16,13,5,107,122,110,95,39,397.9704142011834,59.47337278106509,6.0,8.343195266272188,236.0118343195266,236.0118343195266,407.9704142011834,55.47337278106507,6
385,Obi Toppin,Indiana Pacers,PF,86,187,35,59,556.4,9,11,450.0,7,22,250.0,9,33,42,11,15,4,6,6,24,139,128,97,53,287.3590010405827,50.0,18.3735691987513,6.213319458896982,505.05827263267435,484.19771071800204,294.1550468262227,82.43808532778355,10
386,Ochai Agbaji,Toronto Raptors,G,53,233,23,70,275.1,3,6,150.0,4,25,105.89999999999999,14,19,33,9,23,4,8,4,-88,95,86,62,42,169.0433673469388,71.22704081632654,6.961734693877552,2.693877551020408,390.61479591836735,404.40816326530614,160.12244897959184,73.31632653061224,10
387,Olivier Sarr,Oklahoma City Thunder,C,11,22,4,7,125.0,3,5,116.7,0,1,0.0,4,4,8,0,3,0,1,1,-14,19,19,11,8,34.92,6.920000000000002,0.0,0.0,59.68000000000001,59.68000000000001,34.92,6.920000000000002,3
388,OlivierMaxence Prosper,Dallas Mavericks,F,10,36,3,6,150.0,4,7,57.1,0,2,0.0,2,6,8,0,1,1,1,1,-14,18,18,10,8,25.76,12.0,0.0,0.0,72.16,72.16,25.76,12.0,4
389,Omer Yurtseven,Utah Jazz,C,33,65,15,21,269.0,3,5,150.0,0,1,0.0,10,12,22,3,8,1,3,6,-5,58,55,36,25,138.39999999999998,26.955555555555556,7.999999999999999,0.022222222222222223,250.2888888888889,207.35555555555553,171.6,44.68888888888889,5
390,Onuralp Bitim,Chicago Bulls,SF,55,167,23,51,449.7,1,2,50.0,8,27,206.7,6,16,22,10,14,2,4,2,-22,87,77,65,32,223.0,48.5,4.625,8.225,424.125,406.5,229.125,64.625,10
391,Onyeka Okongwu,Atlanta Hawks,PF,149,297,62,89,718.1,16,22,492.9,9,19,466.6,33,43,76,11,27,6,5,15,5,236,225,160,87,221.86390532544377,152.39053254437871,9.071005917159763,5.071005917159764,583.9171597633135,586.9763313609467,227.17159763313612,153.09467455621302,10
392,Orlando Robinson,Miami Heat,C,5,41,1,6,33.3,3,4,75.0,0,1,0.0,5,9,14,2,4,1,3,0,2,21,19,7,16,6.84,15.240000000000002,1.3600000000000003,0.0,27.56,21.0,7.56,22.439999999999998,4
393,Oscar Tshiebwe,Indiana Pacers,C,3,5,1,3,33.3,1,2,50.0,0,0,0.0,2,0,2,0,1,0,0,1,8,5,5,3,2,0.25,0.0,0.0,0.0,0.25,0.25,0.25,0.0,1
394,Oshae Brissett,Boston Celtics,SF,41,155,12,33,327.2,14,24,438.3,3,12,183.3,14,23,37,15,12,4,4,1,30,93,78,56,52,113.0,67.6111111111111,21.43402777777778,2.277777777777778,383.01736111111103,260.2777777777778,217.35069444444443,107.4340277777778,10
395,Ousmane Dieng,Oklahoma City Thunder,F,28,90,10,25,324.4,4,4,200.0,4,14,220.0,1,7,8,14,3,3,6,3,16,50,36,42,22,108.0,6.0,17.5,4.0,209.5,150.0,163.5,27.5,8
396,P.J. Tucker,LA Clippers,PF,16,101,6,16,133.3,0,0,0.0,4,10,183.4,7,10,17,2,6,1,3,4,-16,35,33,18,19,56.97520661157024,20.83471074380165,3.4710743801652892,4.413223140495868,150.70247933884298,118.96694214876032,76.01652892561984,37.0,6
397,P.J. Washington,Dallas Mavericks,PF,118,320,43,107,406.3,15,20,400.0,17,63,247.6,14,48,62,12,15,9,8,11,23,192,180,130,74,366.4113865932048,54.279155188246094,13.777777777777779,27.925619834710744,425.66207529843894,416.97520661157023,358.3305785123967,84.82460973370064,10
398,Paolo Banchero,Orlando Magic,PF,229,349,81,164,531.5,53,70,771.1,14,38,426.3,8,57,65,56,19,7,35,8,61,350,294,285,121,233.34567901234567,40.53086419753086,69.24828532235941,12.441700960219478,411.2729766803841,337.11111111111114,322.73388203017834,94.55281207133058,10
399,Pascal Siakam,Indiana Pacers,PF,196,318,81,154,525.0,30,39,671.8,4,18,141.6,24,64,88,32,24,9,14,6,-21,316,284,228,120,252.07284079084292,118.19771071800207,28.545265348595215,4.324661810613945,467.11550468262226,399.111342351717,284.4453694068679,182.37460978147763,10
400,Pat Connaughton,Milwaukee Bucks,SG,75,245,24,57,415.6,14,16,625.0,13,40,329.6,5,21,26,18,9,7,5,3,-25,119,101,93,44,211.51056014692378,24.251606978879707,26.446280991735534,13.0,353.22405876951336,305.8962350780533,247.9348025711662,61.60146923783287,10
401,Patrick Baldwin Jr.,Washington Wizards,F,31,126,11,44,228.2,2,3,150.0,7,28,151.9,4,28,32,9,8,5,5,3,-29,72,63,40,41,62.80165289256198,48.646694214876035,14.46487603305785,5.570247933884297,134.07438016528923,82.9111570247934,95.07644628099173,82.0,9
402,Patrick Beverley,Milwaukee Bucks,PG,62,223,21,57,314.6,9,11,433.4,11,29,332.9,6,32,38,21,23,10,7,7,-17,121,100,83,59,176.025390625,79.3515625,31.416015625,8.900390625,452.0390625,402.103515625,241.65625,95.072265625,10
403,Patrick Williams,Chicago Bulls,PF,6,24,2,9,22.2,2,2,100.0,0,5,0.0,0,6,6,2,5,0,2,2,-11,14,12,8,8,0.0,0.0,0.0,0.0,0.0,0.0,0.0,0.0,1
404,Patty Mills,Atlanta Hawks,PG,2,42,1,8,25.0,0,0,0.0,0,6,0.0,2,5,7,2,1,3,1,0,-1,11,9,4,9,17.761772853185597,5.914127423822714,3.662049861495846,0.8975069252077561,30.06371191135735,16.38504155124654,31.9612188365651,9.055401662049862,4
405,Patty Mills,Miami Heat,PG,26,91,10,34,147.7,1,1,100.0,5,23,120.0,2,8,10,9,7,4,5,0,21,45,36,35,19,141.2742382271468,6.581717451523546,9.70360110803324,7.609418282548476,148.595567867036,177.65650969529085,109.20498614958449,19.29362880886427,6
406,Paul George,LA Clippers,F,225,362,78,155,511.6,33,41,669.6,36,82,447.7,2,49,51,36,23,13,25,8,28,312,276,261,87,231.0,11.275390625,73.15625,21.853515625,373.884765625,261.212890625,350.90625,77.197265625,10
407,Paul Reed,Philadelphia 76ers,SF,108,244,43,82,540.0,15,19,650.0,7,15,350.0,34,42,76,18,25,9,9,17,25,202,184,126,94,276.66435986159166,56.41695501730104,10.685121107266436,6.5,542.6868512110727,499.1089965397923,313.57093425605535,73.77335640138409,10
408,Payton Pritchard,Boston Celtics,PG,102,237,40,84,424.7,4,4,200.0,18,43,402.8,8,27,35,40,11,5,12,0,87,177,137,142,75,481.8644470868014,54.07253269916765,169.04399524375745,19.638525564803807,1272.3816884661119,619.7110582639714,1020.1593341260404,337.4922711058264,10
409,Peyton Watson,Denver Nuggets,F,66,192,29,66,429.0,5,9,150.0,3,21,225.0,4,26,30,10,14,6,6,11,-2,106,96,76,40,126.59928656361475,22.963139120095125,16.19024970273484,2.7336504161712245,250.81331747919143,226.4732461355529,142.0832342449465,48.00951248513674,10
410,Precious Achiuwa,New York Knicks,PF,95,273,37,70,540.0,17,26,520.8,4,13,183.3,29,48,77,17,22,9,17,18,10,189,172,112,94,271.57116620752987,74.74471992653812,18.2396694214876,4.494031221303949,409.3893480257117,377.70615243342513,281.12764003673095,115.11111111111113,10
411,Quentin Grimes,Detroit Pistons,SG,82,213,26,80,296.2,19,24,525.0,11,50,200.0,2,27,29,19,13,7,9,4,-12,130,111,101,48,312.44628099173553,35.19834710743802,14.900826446280991,10.900826446280991,442.06611570247935,483.0495867768595,277.6942148760331,43.86776859504132,10
412,R. Rupert,Portland Trail Blazers,G,28,115,9,24,338.1,4,4,200.0,6,13,325.0,7,11,18,10,14,3,7,0,-19,56,46,38,28,139.30666666666667,25.96,12.173333333333332,8.64,257.2266666666667,254.36,141.0,39.30666666666667,9
413,RJ Barrett,Toronto Raptors,SG,208,328,85,152,559.5,20,43,406.1,18,37,425.0,9,42,51,46,22,5,28,4,-39,305,259,254,97,255.64444444444445,58.24444444444445,50.577777777777776,15.777777777777777,454.77777777777777,307.8,398.8,112.64444444444445,10
414,Reggie Bullock,Houston Rockets,SF,28,103,10,21,441.6,0,0,0.0,8,18,399.9,1,17,18,2,3,5,3,0,22,48,46,30,20,25.722500000000004,30.7225,1.6099999999999999,3.0625,50.04,46.89,26.1025,35.1025,9
415,Reggie Jackson,Denver Nuggets,PG,57,156,24,71,301.0,0,0,0.0,9,27,360.0,1,10,11,19,12,1,7,1,18,87,68,76,30,100.30083234244947,4.112960760998812,19.135552913198573,4.942925089179548,151.46848989298456,106.71105826397145,143.3579072532699,24.94887039239002,10
416,Richaun Holmes,Washington Wizards,F,64,174,26,46,512.5,11,13,400.0,1,2,100.0,14,30,44,6,23,6,5,4,-37,114,108,70,50,225.69376181474482,77.99243856332703,4.593572778827977,0.9319470699432894,560.3856332703214,519.069943289225,261.89035916824196,87.70510396975425,10
417,Ricky IV Council,Philadelphia 76ers,G,71,131,24,56,394.0,22,31,592.5,1,13,25.0,7,20,27,5,7,0,3,1,-18,103,98,76,32,389.141975308642,90.94444444444446,4.623456790123457,1.0493827160493827,888.5,808.3456790123457,449.1111111111112,115.75308641975309,10
418,Robin Lopez,Milwaukee Bucks,C,6,23,3,9,37.5,0,0,0.0,0,2,0.0,1,0,1,1,3,1,0,2,-16,8,7,7,2,21.92,0.52,0.6800000000000002,0.0,24.48,29.0,18.28,0.32000000000000006,2
419,Royce O'Neale,Phoenix Suns,PF,82,302,29,82,358.2,4,4,200.0,20,59,355.2,7,47,54,39,19,7,7,5,27,175,136,121,93,383.9500520291363,45.198751300728404,49.06867845993757,20.16649323621228,655.9781477627471,587.5691987513007,428.9646201873049,117.6618106139438,10
420,Rudy Gobert,Minnesota Timberwolves,C,130,361,53,82,648.8,24,35,555.0,0,1,0.0,44,102,146,14,37,7,16,26,30,290,276,144,160,287.37603305785126,111.5206611570248,12.41322314049587,0.0,438.5165289256198,479.09504132231405,236.8305785123967,133.900826446281,10
421,Rui Hachimura,Los Angeles Lakers,PF,162,310,71,123,573.5,5,8,250.0,15,37,381.7,6,26,32,13,18,5,7,2,-3,207,194,175,45,413.7710718002081,32.101977107180026,8.213319458896981,12.502601456815817,339.00208116545264,356.26847034339227,393.13319458896984,43.686784599375656,10
422,Russell Westbrook,LA Clippers,PG,93,216,37,98,389.9,15,21,523.3,4,26,95.0,8,19,27,29,17,13,15,1,-10,149,120,122,56,193.55363321799308,25.844290657439448,33.636678200692046,4.7543252595155705,366.9792387543252,307.43252595155707,227.9515570934256,84.62975778546712,10
423,Ryan Arcidiacono,New York Knicks,G,0,5,0,1,0.0,0,0,0.0,0,1,0.0,0,0,0,0,1,1,0,0,3,0,0,0,0,0.0,0.0625,0.0,0.0,0.0625,0.0625,0.0,0.0625,1
424,Saben Lee,Phoenix Suns,G,35,98,9,28,194.29999999999998,15,20,416.7,2,9,83.3,3,15,18,17,6,4,2,0,11,70,53,52,35,190.68,24.479999999999997,5.720000000000001,1.5200000000000005,336.32,336.0,189.68,31.519999999999996,8
425,Saddiq Bey,Atlanta Hawks,SF,146,337,48,125,372.4,31,35,800.0,19,59,298.4,29,32,61,14,7,4,10,4,-23,221,207,160,75,398.90000000000003,67.125,9.625,14.9,439.4000000000001,478.32500000000005,362.225,74.5,10
426,Sam Hauser,Boston Celtics,SF,103,210,36,72,446.1,0,0,0.0,31,63,432.70000000000005,2,36,38,8,13,6,2,7,90,149,141,111,46,807.4444444444446,34.93827160493827,5.626886145404664,82.97256515775035,935.1536351165981,919.3456790123457,818.6515775034294,45.16598079561042,10
427,Sam Merrill,Cleveland Cavaliers,SG,91,245,28,82,330.8,8,8,400.0,27,78,334.1,4,22,26,25,14,3,4,3,0,142,117,116,51,340.9,46.944444444444436,63.044444444444444,41.21111111111111,559.1111111111111,447.31111111111113,463.6111111111111,99.07777777777777,10
428,Samardo Samuels,Houston Rockets,F,0,6,0,1,0.0,0,0,0.0,0,0,0.0,1,1,2,0,0,0,0,0,-5,2,2,0,2,1.44,1.9599999999999997,0.0,0.0,0.03999999999999998,0.03999999999999998,1.44,1.9599999999999997,1
429,Sandro Mamukelashvili,San Antonio Spurs,PF,20,47,10,16,296.7,0,1,0.0,0,2,0.0,8,3,11,5,5,2,0,0,21,36,31,25,16,61.83673469387756,13.5,6.918367346938775,0.0,142.1938775510204,98.76530612244899,89.12244897959182,36.56122448979592,6
430,Santi Aldama,Memphis Grizzlies,PF,128,335,49,111,449.5,12,19,441.7,18,53,302.6,12,48,60,26,16,9,16,14,-85,214,188,154,86,192.48979591836735,28.318877551020407,39.47959183673469,23.86989795918367,326.6862244897959,232.17602040816328,302.17346938775506,52.625,10
431,Sasha Vezenkov,Sacramento Kings,F,9,22,2,7,28.6,3,3,100.0,2,4,50.0,0,1,1,1,4,1,0,0,24,11,10,10,2,4.5,0.5,0.5,2.0,4.5,2.0,8.0,0.0,2
432,Scoot Henderson,Portland Trail Blazers,G,138,291,44,122,370.9,40,44,833.3,10,41,229.5,11,27,38,53,34,7,30,1,-89,229,176,191,91,445.2899408284024,74.28402366863905,71.13017751479289,8.133136094674557,742.5976331360947,627.7869822485209,504.51479289940823,201.0,10
433,Scottie Barnes,Toronto Raptors,SF,179,333,70,155,460.1,33,39,674.9,6,36,159.89999999999998,28,63,91,75,18,13,31,14,21,345,270,254,166,391.6640625,102.8515625,85.6640625,4.8515625,827.2890625,587.40625,576.65625,243.40625,10
434,Scotty Pippen Jr.,Memphis Grizzlies,G,90,203,31,65,366.4,15,22,340.4,13,25,455.0,8,22,30,45,23,10,17,5,-9,165,120,135,75,177.12,17.52,34.0,6.72,257.68,247.28000000000003,188.32,50.72000000000001,8
435,Seth Curry,Charlotte Hornets,SG,81,181,29,67,372.5,14,15,566.7,9,31,256.6,4,15,19,17,7,5,7,3,-33,117,100,98,36,233.0,12.900826446280993,16.140495867768593,4.900826446280991,334.3388429752066,276.08264462809916,269.8677685950413,50.429752066115704,10
436,Shai Gilgeous-Alexander,Oklahoma City Thunder,PG,295,343,106,204,517.3,67,81,827.2,16,46,381.0,9,56,65,49,27,15,22,11,66,409,360,344,114,373.0165289256198,58.61248852157943,41.703397612488516,24.532598714416896,554.3700642791553,426.14692378328743,510.44444444444434,91.11111111111111,10
437,Shake Milton,New York Knicks,SG,40,105,17,39,321.1,2,3,66.7,4,11,150.0,9,13,22,11,6,3,5,2,-16,73,62,51,33,109.48000000000002,70.72,17.27,7.920000000000001,423.83000000000004,324.52,167.02999999999997,129.75,7
438,Simone Fontecchio,Detroit Pistons,F,158,307,55,116,455.5,19,21,616.7,29,65,413.2,8,41,49,16,20,10,13,5,5,223,207,174,65,493.78359096313915,36.91438763376932,14.401902497027349,29.49940546967895,581.7800237812128,537.3757431629012,528.9774078478002,60.52675386444709,10
439,Skylar Mays,Los Angeles Lakers,SG,8,34,4,10,170.0,0,0,0.0,0,3,0.0,0,1,1,3,2,3,2,1,-3,12,9,11,4,14.059171597633139,0.7633136094674556,3.08284023668639,0.0,10.54437869822485,14.254437869822489,11.982248520710058,2.21301775147929,4
440,Spencer Dinwiddie,Los Angeles Lakers,PG,45,225,14,36,385.0,8,11,316.7,9,22,391.7,1,13,14,24,14,2,8,3,29,83,59,69,38,114.23186682520809,4.401902497027349,31.348394768133176,4.914387633769322,187.589774078478,120.87633769322237,179.9512485136742,36.744351961950066,10
441,Stanley Umude,Detroit Pistons,G,41,128,13,33,210.4,6,6,300.0,9,22,243.3,5,15,20,3,12,4,3,2,-5,64,61,44,23,174.42857142857144,43.142857142857146,1.7142857142857142,9.464285714285714,288.4285714285714,283.0,179.0,45.71428571428571,7
442,Stephen Curry,Golden State Warriors,PG,215,299,74,195,367.9,28,31,742.5,39,124,299.2,7,41,48,41,9,5,26,1,11,304,263,256,89,1088.6326530612246,91.60459183673468,39.0,71.4719387755102,1778.1760204081636,1584.9617346938778,1291.0612244897954,121.39030612244898,10
443,Svi Mykhailiuk,Boston Celtics,SG,37,94,13,35,235.4,0,0,0.0,11,30,188.3,2,12,14,10,1,4,2,0,54,61,51,47,24,37.0,18.0,6.204081632653061,5.244897959183674,142.0612244897959,101.0,65.20408163265306,37.06122448979592,6
444,T.J. McConnell,Indiana Pacers,PG,130,198,59,104,548.3,7,8,250.0,5,8,350.0,8,23,31,44,11,16,12,1,43,205,161,174,75,331.4413265306122,30.941326530612244,57.17602040816327,4.512755102040816,504.125,400.265306122449,424.4591836734694,98.9591836734694,10
445,T.J. Warren,Minnesota Timberwolves,SF,23,89,11,29,261.2,0,0,0.0,1,9,33.3,4,10,14,7,10,3,4,0,31,44,37,30,21,29.0,13.603305785123966,5.330578512396694,0.8677685950413222,32.0,43.148760330578504,13.785123966942152,23.0,6
446,Taj Gibson,Detroit Pistons,F,3,11,1,2,50.0,0,0,0.0,1,2,50.0,0,2,2,0,1,1,0,0,-3,5,5,3,2,4.0,0.0625,0.25,0.5625,3.0625,5.0625,2.25,0.0625,1
447,Taj Gibson,New York Knicks,F,2,68,0,9,0.0,2,2,100.0,0,2,0.0,4,6,10,4,8,1,3,0,2,16,12,6,14,5.0,10.3125,1.25,0.3125,14.8125,9.8125,5.25,16.3125,5
448,Talen Horton-Tucker,Utah Jazz,SG,63,154,18,60,314.2,17,19,566.7,10,29,389.9,4,16,20,25,11,6,3,5,-62,108,83,88,45,44.4016620498615,52.69252077562327,33.337950138504155,2.110803324099723,216.0,138.18005540166203,111.74515235457065,96.50692520775624,10
449,Taurean Prince,Los Angeles Lakers,PF,63,186,24,53,497.70000000000005,2,2,100.0,13,33,342.0,3,27,30,11,12,4,6,6,17,104,93,74,41,146.79396462018732,34.0,11.724245577523414,16.438085327783558,292.56815816857437,272.7939646201873,164.5681581685744,47.72424557752341,10
450,Taylor Hendricks,Utah Jazz,F,84,247,32,67,556.2,7,9,325.0,13,37,418.6,15,56,71,7,28,7,5,9,-39,162,155,91,78,120.9,120.5,2.125,6.325,327.625,294.6,143.92499999999998,132.625,10
451,Taze Moore,Portland Trail Blazers,G,2,5,1,1,100.0,0,0,0.0,0,0,0.0,0,0,0,1,0,0,1,0,7,3,2,3,1,1.44,0.0,0.6400000000000001,0.0,4.0,1.44,4.0,0.6400000000000001,1
452,Terance Mann,LA Clippers,SG,95,251,35,66,554.4,14,14,700.0,11,26,378.5,7,22,29,6,20,7,4,3,-21,130,124,101,35,146.62345679012344,16.777777777777775,8.993827160493826,8.901234567901234,170.19753086419752,148.10493827160496,157.12345679012347,37.3641975308642,10
453,Terquavion Smith,Philadelphia 76ers,G,40,59,14,34,241.1,2,3,100.0,10,26,216.6,0,2,2,10,3,7,4,0,9,52,42,50,12,186.96296296296296,1.4074074074074074,17.185185185185183,17.185185185185183,177.40740740740742,184.66666666666663,179.62962962962965,18.666666666666668,6
454,Terry Rozier,Miami Heat,SG,176,344,69,157,446.1,22,26,547.7,16,53,267.9,6,44,50,53,16,10,16,2,-17,279,226,229,103,167.679012345679,34.013717421124824,101.0,25.561042524005487,412.8491083676269,260.960219478738,355.34567901234567,99.23593964334705,10
455,Terry Taylor,Chicago Bulls,F,11,46,4,8,275.0,1,2,50.0,2,3,150.0,2,10,12,3,1,1,0,0,-17,26,23,14,15,12.777777777777777,30.0,3.0,1.6049382716049383,91.7777777777778,74.11111111111113,18.44444444444444,45.0,4
456,Thaddeus Young,Phoenix Suns,F,6,29,3,6,100.0,0,2,0.0,0,0,0.0,7,3,10,0,4,1,1,0,3,16,16,6,10,12.125,20.347222222222225,5.555555555555556,0.0,24.055555555555564,10.722222222222218,32.68055555555556,18.680555555555554,2
457,Thaddeus Young,Phoenix Suns,PF,53,152,26,34,569.9,1,5,50.0,0,2,0.0,15,20,35,18,15,3,4,2,-39,106,88,71,53,177.4375,30.215277777777782,33.444444444444436,0.0,488.861111111111,280.86111111111114,343.7152777777777,105.38194444444446,7
458,Thanasis Antetokounmpo,Milwaukee Bucks,SF,10,48,5,11,266.7,0,2,0.0,0,1,0.0,2,1,3,4,8,1,3,1,-18,17,13,14,7,12.833333333333332,1.666666666666667,2.0000000000000004,0.0,20.83333333333334,17.5,15.5,4.333333333333334,6
459,Theo Maledon,Phoenix Suns,PG,5,10,1,2,50.0,3,3,100.0,0,0,0.0,0,1,1,0,3,0,3,0,-11,6,6,5,1,14.0625,0.5625,0.0,0.0,20.25,20.25,14.0625,0.5625,1
460,Thomas Bryant,Miami Heat,C,42,93,16,30,290.2,9,11,425.0,1,7,100.0,7,16,23,5,7,1,0,5,-8,70,65,47,28,164.0,42.102222222222224,3.942222222222223,0.8755555555555556,334.32,321.3022222222222,172.34222222222223,50.72,8
461,Tim Hardaway Jr.,Dallas Mavericks,SF,95,190,31,86,314.6,13,18,550.0,20,58,288.9,2,23,25,19,9,3,5,0,20,139,120,114,44,541.6280991735538,85.41322314049586,16.904499540863178,31.79981634527089,1028.248852157943,934.9256198347107,622.4334251606979,114.8356290174472,10
462,Tobias Harris,Philadelphia 76ers,PF,155,338,63,146,400.2,15,20,633.3,14,46,249.4,13,58,71,21,13,12,9,7,-39,247,226,176,92,755.0718336483932,125.23062381852553,29.0,24.593572778827976,1297.2797731568999,1115.4971644612476,897.3761814744802,193.70888468809073,10
463,Torrey Craig,Chicago Bulls,SF,58,205,20,47,355.2,3,6,150.0,15,37,327.1,8,23,31,15,16,4,7,5,-44,104,89,73,46,156.30839002267572,44.69614512471655,20.641723356009074,14.959183673469386,415.0294784580499,354.3469387755102,201.0,81.32879818594104,10
464,Tosan Evbuomwan,Detroit Pistons,F,28,108,11,23,394.3,1,2,50.0,5,11,283.3,8,10,18,6,7,2,2,1,-45,52,46,34,24,75.9375,113.44444444444446,9.75,3.5486111111111107,262.0486111111111,204.8819444444444,81.4375,174.86111111111111,7
465,Toumani Camara,Portland Trail Blazers,F,89,289,32,67,425.0,15,18,500.0,10,22,328.3,25,32,57,20,26,7,11,6,4,166,146,109,77,309.93252595155707,95.98269896193771,18.216262975778545,10.70069204152249,717.0934256055364,649.4896193771626,364.61245674740485,127.12283737024222,10
466,Trae Young,Atlanta Hawks,PG,235,370,76,173,432.4,45,55,813.4,38,93,399.0,2,18,20,109,22,11,45,2,-38,364,255,344,129,758.2361111111111,12.069444444444445,83.0,45.06944444444444,786.5,622.5,926.4027777777778,90.90277777777777,10
467,Trayce JacksonDavis,Golden State Warriors,F,109,208,49,60,825.5,11,21,461.7,0,0,0.0,23,37,60,17,20,3,7,15,3,186,169,126,77,190.5,95.21111111111111,26.81111111111111,0.0,548.5000000000001,466.91111111111104,241.5111111111111,152.6,10
468,Tre Jones,San Antonio Spurs,PG,92,301,33,62,525.7,17,20,558.3,9,22,267.1,7,40,47,74,10,12,17,1,57,213,139,166,121,444.97777777777776,36.544444444444444,62.67777777777777,19.0,518.6444444444445,496.5,426.5,139.84444444444443,10
469,Tre Mann,Charlotte Hornets,PG,117,318,44,100,436.59999999999997,16,25,557.1,13,39,278.3,6,41,47,39,21,19,14,0,-53,203,164,156,86,252.05785123966942,35.793388429752056,45.743801652892564,8.5,561.9586776859504,418.4132231404959,373.71900826446284,103.42148760330578,10
470,Trendon Watford,Brooklyn Nets,PF,81,149,26,57,549.9,25,27,635.7,4,12,200.0,9,21,30,3,20,2,10,6,-61,114,111,84,33,276.8049886621315,72.53061224489795,2.265306122448979,4.662131519274376,488.66213151927434,459.7437641723356,311.02947845804994,69.48979591836735,10
471,Trent Forrest,Atlanta Hawks,G,23,121,10,20,358.3,3,4,150.0,0,0,0.0,2,11,13,27,7,0,3,1,-10,63,36,50,40,57.30839002267573,16.219954648526077,40.99546485260771,0.0,146.16553287981858,84.48979591836735,106.36281179138322,69.83673469387756,10
472,Trevelin Queen,Orlando Magic,SG,0,13,0,3,0.0,0,0,0.0,0,2,0.0,0,1,1,1,1,0,0,0,-17,2,1,1,2,0.0,0.5555555555555556,0.5555555555555556,0.0,0.22222222222222227,0.5555555555555556,0.5555555555555556,0.22222222222222227,2
473,Trey Jemison,Memphis Grizzlies,C,77,217,34,52,521.0,9,12,450.0,0,0,0.0,25,25,50,11,31,3,14,10,-11,138,127,88,61,470.2,24.025000000000002,7.524999999999999,0.0,542.0,603.125,410.825,29.799999999999994,10
474,Trey Lyles,Sacramento Kings,PF,53,186,18,46,392.9,12,16,625.0,5,22,236.7,11,28,39,8,19,0,7,3,1,100,92,61,47,103.99173553719008,15.06198347107438,7.640495867768594,7.148760330578514,183.88429752066114,131.55785123966942,140.88016528925618,38.14049586776859,10
475,Trey Murphy III,New Orleans Pelicans,SG,191,314,64,126,486.7,19,25,683.4,44,97,420.1,9,48,57,32,11,7,4,3,81,280,248,223,89,941.6555671175859,65.27887617065556,35.84599375650364,79.74401664932363,1147.6982310093654,1222.7138397502601,880.9542143600418,86.81061394380855,10
476,Tristan Thompson,Cleveland Cavaliers,C,7,29,3,5,116.7,1,4,50.0,0,0,0.0,5,4,9,3,3,2,2,0,1,19,16,10,12,5.0,0.5555555555555558,0.5555555555555556,0.0,5.0,8.888888888888888,2.222222222222222,0.0,2
477,Troy Brown Jr.,Detroit Pistons,SF,32,103,12,32,282.9,2,2,100.0,6,19,206.6,2,18,20,8,6,1,3,0,-34,60,52,40,28,70.91666666666666,22.395833333333332,9.0625,4.25,194.25,147.0625,112.89583333333331,36.66666666666667,9
478,TyTy Washington Jr.,Milwaukee Bucks,G,0,8,0,2,0.0,0,0,0.0,0,1,0.0,0,0,0,1,0,0,0,0,-4,1,0,1,1,0.0,0.0,0.44444444444444453,0.0,0.44444444444444453,0.0,0.44444444444444453,0.44444444444444453,1
479,Tyler Herro,Miami Heat,PG,183,325,71,166,433.4,10,13,333.4,31,80,406.0,3,46,49,50,11,0,13,1,35,282,232,233,99,148.11111111111111,40.94444444444444,28.069444444444443,12.944444444444445,309.7361111111111,207.61111111111111,206.125,113.125,10
480,Tyrese Haliburton,Indiana Pacers,PG,154,335,58,143,386.4,24,25,575.0,14,73,185.0,5,43,48,98,13,7,25,8,-14,300,202,252,146,356.41975308641975,32.345679012345684,145.30589849108367,11.82716049382716,830.556927297668,411.75308641975306,808.4499314128943,144.4252400548697,10
481,Tyrese Maxey,Philadelphia 76ers,PG,279,378,96,214,450.9,54,57,925.0,33,85,386.1,5,39,44,52,19,10,21,3,-21,375,323,331,96,271.07100591715977,43.443786982248525,35.86094674556213,14.100591715976332,532.2869822485206,412.15976331360946,341.7544378698225,128.74852071005915,10
482,Tyus Jones,Washington Wizards,PG,91,313,36,84,402.0,4,4,300.0,15,43,360.8,3,22,25,97,4,9,13,2,-70,213,116,188,122,347.70154577883466,43.81093935790725,160.73365041617123,21.16884661117717,775.768133174792,543.0035671819263,543.6432818073722,241.36741973840665,10
483,Udoka Azubuike,Phoenix Suns,C,2,11,1,3,33.3,0,2,0.0,0,0,0.0,2,4,6,0,1,0,0,0,-3,8,8,2,6,1.7777777777777781,13.444444444444443,0.0,0.0,25.0,25.0,1.7777777777777781,13.444444444444443,1
484,Vasilije Micic,Charlotte Hornets,G,142,298,53,110,470.5,24,27,744.5,12,39,263.3,6,18,24,59,12,10,29,2,-51,225,166,201,83,477.0725436179982,42.70339761248852,64.1111111111111,24.0,646.9871441689623,547.1386593204776,552.5371900826448,131.19834710743802,10
485,Victor Wembanyama,San Antonio Spurs,C,225,317,78,165,461.6,46,59,723.0,23,62,382.0,22,95,117,49,26,15,35,46,30,391,342,274,166,567.0665873959572,41.0,47.26397146254459,16.331747919143876,1024.7621878715813,780.411414982164,779.2104637336504,120.47086801426873,10
486,Vince Williams Jr.,Memphis Grizzlies,G,127,336,42,92,459.70000000000005,30,38,723.3,13,34,328.8,8,54,62,61,30,12,34,9,-54,250,189,188,123,231.93628808864267,72.8808864265928,35.61495844875347,18.00831024930748,492.2326869806094,474.07479224376726,226.76454293628805,131.82548476454295,10
487,Vit Krejci,Atlanta Hawks,G,31,154,11,27,235.8,4,5,150.0,5,16,158.3,2,6,8,16,14,5,3,4,-4,55,39,47,24,59.5,3.7734375,11.5234375,3.09375,61.09375,70.7734375,46.5234375,18.59375,6
488,Walker Kessler,Utah Jazz,C,69,246,30,54,611.2,9,12,400.0,0,3,0.0,34,51,85,11,18,4,10,16,-111,165,154,80,96,145.32908163265304,108.9591836734694,7.084183673469386,0.0,348.7040816326531,340.4005102040816,144.05102040816325,125.625,10
489,Wendell Carter Jr.,Orlando Magic,C,124,273,46,88,526.0,20,29,456.7,12,36,296.7,30,52,82,20,21,6,15,8,49,226,206,144,102,176.44132653061226,107.63265306122449,6.012755102040817,7.747448979591837,389.6734693877551,378.7474489795918,196.40816326530611,104.6045918367347,10
490,Wendell Moore Jr.,Minnesota Timberwolves,G,2,5,1,1,100.0,0,0,0.0,0,0,0.0,0,2,2,0,1,0,0,0,8,4,4,2,2,2.6776859504132227,2.9834710743801653,0.008264462809917356,0.0,10.71074380165289,11.31404958677686,2.3884297520661155,2.6776859504132227,1
491,Wenyen Gabriel,Memphis Grizzlies,F,17,81,8,22,168.3,0,5,0.0,1,6,50.0,7,18,25,3,10,2,8,2,-16,45,42,20,28,41.16568047337278,6.958579881656804,3.4319526627218937,0.8106508875739645,55.5680473372781,62.526627218934905,34.55029585798817,10.047337278106513,5
492,Wesley Matthews,Atlanta Hawks,SG,39,94,13,25,477.6,2,3,100.0,11,18,515.0,0,11,11,5,5,3,0,4,-19,55,50,44,16,110.07266435986159,21.92733564013841,7.927335640138408,6.2387543252595155,186.07266435986156,181.52249134948096,120.47750865051903,24.0,8
493,Xavier Tillman,Boston Celtics,F,50,190,20,42,476.1,7,12,250.0,3,13,183.3,12,26,38,10,14,9,1,8,16,98,88,60,48,61.695501730103814,33.833910034602084,8.311418685121108,2.1280276816608996,163.09342560553634,124.78892733564014,93.46020761245674,48.68512110726643,10
494,Yuta Watanabe,Memphis Grizzlies,SF,22,97,10,24,250.0,0,2,0.0,2,12,64.3,0,11,11,5,6,5,4,0,-36,38,33,27,16,115.08000000000001,11.27,3.75,1.4800000000000004,136.28,131.43,116.23000000000002,18.72,7
495,Zach Collins,San Antonio Spurs,PF,102,181,39,75,507.9,17,23,541.7,7,13,516.7,17,31,48,21,26,5,20,9,-31,171,150,123,69,237.31887755102042,77.6045918367347,25.32908163265306,4.369897959183674,516.2270408163266,403.3469387755102,327.88775510204084,125.24489795918367,10
496,Zeke Nnaji,Denver Nuggets,PF,18,100,6,17,350.0,6,8,300.0,0,2,0.0,7,10,17,4,10,2,2,10,-19,39,35,22,21,49.557655954631386,16.77693761814745,7.550094517958412,0.0,132.7088846880907,95.15122873345935,73.2060491493384,38.23629489603024,10
497,Ziaire Williams,Memphis Grizzlies,F,103,270,39,94,389.0,13,16,421.4,12,46,213.7,6,38,44,20,15,12,15,0,-39,167,147,123,64,552.1,32.4,24.0,17.599999999999998,788.1,632.1,714.1,50.4,10
498,Zion Williamson,New Orleans Pelicans,PF,230,316,91,154,585.0,47,64,715.3,1,3,50.0,19,52,71,54,19,8,26,13,69,355,301,284,125,606.8846611177169,78.31272294887039,84.0,0.9429250891795482,603.2734839476813,821.7562425683709,412.19500594530314,138.51961950059453,10
