,First Last Name,team,position,points,minutes,fgm,fga,fgp,ftm,fta,ftp,tpm,tpa,tpp,offReb,defReb,totReb,assists,pFouls,steals,turnovers,blocks,plusMinus,Points_Rebounds_Assist,Points_Rebounds,Points_Assist,Rebounds_Assist,points_deviation,totReb_deviation,assists_deviation,tpm_deviation,Points_Rebounds_Assist_deviation,Points_Rebounds_deviation,Points_Assist_deviation,Rebounds_Assist_deviation,count
0,A. Flagler,Oklahoma City Thunder,F,0,6,0,3,0.0,0,0,0.0,0,3,0.0,0,0,0,1,0,0,0,0,0,1,0,1,1,0.0,0.0,0.0,0.0,0.0,0.0,0.0,0.0,1
1,A.J. Green,Milwaukee Bucks,G,55,151,17,45,424.4,8,9,366.7,13,37,384.6,1,17,18,7,8,4,5,1,-22,80,73,62,25,147.64792899408283,15.751479289940828,8.668639053254438,9.352071005917159,226.44082840236686,232.4289940828402,145.4467455621302,20.633136094674555,10
2,A.J. Lawson,Dallas Mavericks,G,20,42,8,21,223.3,2,6,100.0,2,8,100.0,2,6,8,3,5,1,0,1,-5,31,28,23,11,34.239999999999995,6.56,1.826666666666667,1.5733333333333335,50.36,44.373333333333335,38.17333333333333,10.44,6
3,Aaron Gordon,Denver Nuggets,PF,131,315,53,92,646.3,21,29,621.7,4,17,133.3,21,43,64,37,23,7,16,2,16,232,195,168,101,201.0,112.0,42.27777777777778,2.411111111111111,344.81111111111113,465.4,129.61111111111111,105.07777777777778,10
4,Aaron Holiday,Houston Rockets,G,29,104,11,36,213.2,4,4,200.0,3,17,86.7,0,6,6,17,15,5,2,1,3,52,35,46,23,169.2890625,4.259765625,28.6640625,6.416015625,276.400390625,204.634765625,243.40625,30.572265625,10
5,Aaron Nesmith,Indiana Pacers,SF,104,279,33,84,397.8,22,24,725.0,16,45,369.9,5,27,32,17,33,5,6,10,20,153,136,121,49,278.00548696844993,35.9753086419753,8.108367626886146,12.598079561042525,530.7530864197529,492.95198902606325,308.4567901234568,51.43347050754457,10
6,Aaron Wiggins,Oklahoma City Thunder,SG,53,148,22,44,519.6,6,8,300.0,3,13,100.0,10,10,20,8,6,7,8,7,-7,81,73,61,28,112.9765625,8.244140625,7.712890625,7.40625,122.40625,125.947265625,117.103515625,8.2890625,10
7,Admiral Schofield,Orlando Magic,SF,5,6,2,3,66.7,0,0,0.0,1,1,100.0,0,1,1,0,1,1,0,0,-7,6,6,5,1,16.90123456790123,0.04938271604938271,0.012345679012345678,0.6049382716049383,17.82716049382716,18.777777777777775,16.0,0.01234567901234569,1
8,Al Horford,Boston Celtics,C,104,253,41,73,559.9,6,6,300.0,16,38,339.3,15,41,56,20,17,8,5,8,92,180,160,124,76,303.37996219281666,66.46124763705104,25.20982986767486,30.73345935727788,416.01890359168243,319.531190926276,396.41209829867677,95.12665406427222,10
9,Alec Burks,New York Knicks,SG,57,125,20,68,259.9,9,12,375.0,8,34,220.79999999999998,4,11,15,9,2,2,3,1,-11,81,72,66,24,218.27777777777777,10.944444444444443,3.3000000000000003,8.044444444444443,348.2777777777778,298.4444444444444,258.4444444444444,23.91111111111111,10
10,Aleksej Pokusevski,Charlotte Hornets,F,30,111,12,32,275.8,3,3,200.0,3,11,183.3,5,16,21,11,6,6,7,5,-8,62,51,41,32,34.2109375,15.875,6.8359375,1.5234375,80.59375,62.6484375,43.09375,31.7734375,6
11,Aleksej Pokusevski,Oklahoma City Thunder,F,6,18,2,5,100.0,1,2,50.0,1,3,100.0,0,2,2,0,0,1,0,0,-12,8,8,6,2,31.73046875,20.6875,9.85546875,0.82421875,168.546875,100.01171875,72.171875,58.63671875,3
12,Alex Caruso,Chicago Bulls,SG,103,311,37,86,407.1,7,13,275.0,22,54,392.0,5,35,40,46,26,23,13,8,-14,189,143,149,86,410.5291319857313,24.29726516052319,33.23900118906064,27.693222354340072,621.9060642092746,511.12128418549344,530.3127229488705,48.537455410225924,10
13,Alex Len,Sacramento Kings,C,31,93,13,23,516.7,5,8,175.0,0,0,0.0,7,13,20,6,15,4,5,9,37,57,51,37,26,45.24952741020794,14.680529300567109,4.5482041587901705,0.0,63.344045368620044,54.9054820415879,51.05293005671078,21.86389413988658,10
14,Alondes Williams,Miami Heat,G,0,6,0,1,0.0,0,0,0.0,0,1,0.0,0,1,1,0,0,0,1,0,-2,1,1,0,1,0.0,0.25,0.0,0.0,0.25,0.25,0.0,0.25,1
15,Alperen Sengun,Houston Rockets,C,209,324,81,157,512.7,43,68,622.9,4,12,200.0,39,68,107,45,36,16,26,7,2,361,316,254,152,847.1723356009071,197.81632653061226,123.77551020408163,4.408163265306122,1935.0226757369614,1622.4580498866212,993.7777777777778,487.5510204081633,10
16,Amari Bailey,Charlotte Hornets,G,2,6,1,3,33.3,0,0,0.0,0,2,0.0,0,0,0,1,0,1,0,0,7,3,2,3,1,2.5600000000000005,0.0,0.36,0.0,4.840000000000001,2.5600000000000005,4.840000000000001,0.36,1
17,Amen Thompson,Houston Rockets,F,115,223,48,73,577.7,18,23,588.1,1,4,100.0,21,43,64,17,25,15,10,8,83,196,179,132,81,612.7447199265381,81.68595041322314,22.915518824609734,0.9044995408631772,1199.0578512396696,1050.5408631772268,715.702479338843,150.16069788797066,10
18,Amir Coffey,LA Clippers,SG,61,215,23,54,372.0,4,5,250.0,11,30,291.7,2,27,29,14,14,6,6,2,-34,104,90,75,43,248.83673469387753,79.9795918367347,18.408163265306122,19.636734693877553,607.6734693877551,450.0326530612245,377.48979591836735,127.37551020408162,10
19,Andre Drummond,Chicago Bulls,C,71,153,25,55,379.3,21,35,604.2,0,0,0.0,28,49,77,3,21,2,8,2,2,151,148,74,80,310.9500520291363,69.39125910509888,2.3298647242455774,0.0,585.8116545265349,541.4921956295524,344.6472424557752,82.34339229968784,10
20,Andre Jr. Jackson,Milwaukee Bucks,G,10,69,4,9,333.3,0,0,0.0,2,5,200.0,3,9,12,10,6,3,3,0,-10,32,22,20,22,11.420118343195266,8.272189349112427,8.0,1.5266272189349113,40.35502958579881,32.04733727810651,16.804733727810646,19.19526627218935,6
21,Andrew Nembhard,Indiana Pacers,PG,80,282,32,69,479.5,4,5,100.0,12,34,423.3,6,21,27,30,22,11,13,1,-26,137,107,110,57,145.80853277835584,31.524453694068676,31.331945889698233,5.783558792924038,279.8969823100937,169.4536940686785,274.28720083246617,44.82101977107179,10
22,Andrew Wiggins,Golden State Warriors,SF,126,254,47,101,461.40000000000003,18,22,600.0,14,36,381.6,13,28,41,18,15,7,8,4,4,185,167,144,59,266.05102040816325,48.63265306122449,11.625,4.5,349.9413265306122,351.60204081632645,294.7474489795918,29.900510204081627,10
23,Anfernee Simons,Portland Trail Blazers,SG,254,382,86,192,442.3,42,46,842.8,40,98,409.8,7,38,45,72,18,6,33,0,14,371,299,326,117,666.0,21.84444444444444,94.1,14.100000000000001,1078.4111111111113,752.2444444444445,960.5,147.6111111111111,10
24,Anthony Black,Orlando Magic,G,52,211,18,53,347.4,7,12,250.0,9,23,308.3,8,22,30,10,15,7,9,2,30,92,82,62,40,120.16257088846882,59.0132325141777,6.680529300567108,9.748582230623818,294.94896030245746,246.7485822306238,161.55765595463137,72.49905482041588,10
25,Anthony Davis,Los Angeles Lakers,PF,216,344,80,151,528.3,54,65,824.9,2,8,100.0,29,99,128,36,20,15,14,22,33,380,344,252,164,640.5541022592153,265.50772889417357,18.88703923900119,1.8097502972651607,1616.2782401902496,1397.5338882282995,765.69322235434,378.0,10
26,Anthony Edwards,Minnesota Timberwolves,SG,269,360,103,224,442.2,41,51,792.3,22,70,320.6,9,53,62,48,16,16,26,11,12,379,331,317,110,1007.1581685744018,47.70655567117586,50.48074921956295,22.545265348595215,1504.0364203954214,1340.7294484911552,1122.2778355879293,146.37460978147763,10
27,Anthony Gill,Washington Wizards,PF,30,73,12,27,234.4,2,2,100.0,4,10,191.7,7,10,17,9,7,4,7,0,-2,56,47,39,26,201.01041666666663,52.177083333333336,17.66666666666667,4.375,565.7083333333335,432.87499999999994,299.09375,104.59375,6
28,Ashton Hagans,Portland Trail Blazers,G,47,181,17,39,452.7,8,11,350.0,5,11,166.7,8,21,29,32,25,7,19,7,8,108,76,79,61,130.2265625,18.90625,51.625,6.8515625,392.9140625,216.4765625,286.0390625,91.15625,10
29,Ausar Thompson,Detroit Pistons,F,103,314,42,87,508.0,11,25,325.0,8,29,195.3,15,44,59,21,26,17,14,11,-6,183,162,124,80,121.7,31.399999999999995,24.125,8.5,347.72499999999997,237.7,200.02499999999998,87.225,10
30,Austin Reaves,Los Angeles Lakers,SG,166,349,63,121,528.4,14,17,600.0,26,59,382.6,5,47,52,56,15,6,21,2,15,274,218,222,108,236.31633714880334,39.77107180020812,94.42663891779397,40.40166493236212,355.1987513007284,253.87929240374606,386.8969823100937,84.93652445369408,10
31,Ayo Dosunmu,Chicago Bulls,SG,163,374,64,136,447.5,16,18,558.3,19,56,328.3,8,26,34,62,24,7,18,6,-53,259,197,225,96,620.0842872008325,36.520291363163366,56.72840790842873,10.9687825182102,702.945889698231,554.2445369406868,794.8147762747138,67.21956295525496,10
32,Bam Adebayo,Miami Heat,C,177,341,73,139,522.3000000000001,26,42,633.3,5,7,400.0,28,81,109,32,20,12,14,8,-34,318,286,209,141,256.27777777777777,119.3,20.311111111111114,4.677777777777777,350.31111111111113,346.84444444444443,246.27777777777777,153.07777777777778,10
33,Ben Sheppard,Indiana Pacers,G,70,190,25,54,445.8,4,4,200.0,16,41,354.6,2,18,20,9,21,7,1,1,47,99,90,79,29,223.0612244897959,42.625,14.961734693877553,33.58418367346939,396.55102040816325,319.4005102040816,313.8188775510204,43.9795918367347,10
34,Ben Simmons,Brooklyn Nets,PG,53,168,24,38,521.1,5,11,150.0,0,0,0.0,15,39,54,46,20,9,12,4,-5,153,107,99,100,134.88888888888889,64.0,78.88888888888889,0.0,382.0,162.8888888888889,300.0,196.88888888888889,9
35,Bennedict Mathurin,Indiana Pacers,SG,139,275,44,115,340.3,35,45,614.5,16,44,245.0,10,33,43,23,24,7,17,4,-18,205,182,162,66,753.4765625,123.6015625,38.125,30.4140625,1418.90625,1097.65625,970.9140625,265.5390625,10
36,Bilal Coulibaly,Washington Wizards,SG,90,289,30,76,451.5,19,27,633.3,11,39,238.3,9,30,39,18,22,12,8,7,-98,147,129,108,57,125.04399524375742,37.642092746730086,16.0,13.18549346016647,330.5885850178359,285.69203329369793,163.25089179548155,60.33174791914388,10
37,Bismack Biyombo,Oklahoma City Thunder,C,4,31,1,4,33.3,2,2,100.0,0,0,0.0,3,2,5,2,6,0,2,1,4,11,9,6,7,4.16,2.7600000000000002,1.04,0.0,21.240000000000002,13.0,9.36,6.84,4
38,Blake Wesley,San Antonio Spurs,G,46,140,17,34,390.4,11,14,400.0,1,7,100.0,2,17,19,27,15,4,7,4,-26,92,65,73,46,152.994140625,24.0390625,68.6640625,0.931640625,293.806640625,170.587890625,252.416015625,116.5,10
39,Boban Marjanovic,Houston Rockets,C,3,7,1,1,100.0,1,2,50.0,0,0,0.0,0,3,3,0,0,0,1,0,-3,6,6,3,3,1.5625,4.515625,0.0,0.0,11.390625,11.390625,1.5625,4.515625,1
40,Bobby Portis,Milwaukee Bucks,F,169,253,70,131,531.5,16,20,605.0,13,31,336.7,15,70,85,16,18,9,13,1,25,270,254,185,101,562.125,111.134765625,12.6640625,22.962890625,1096.931640625,995.978515625,633.7265625,153.150390625,10
41,Bogdan Bogdanovic,Atlanta Hawks,SG,148,325,51,135,362.7,17,18,650.0,29,81,355.4,10,27,37,39,19,12,25,6,32,224,185,187,76,371.54815695600473,43.0,57.014268727705115,25.080856123662304,404.4256837098692,325.99643281807374,457.21878715814506,92.77288941736029,10
42,Bojan Bogdanovic,New York Knicks,SF,97,215,33,93,299.2,18,19,550.0,13,48,196.39999999999998,6,16,22,14,16,1,21,0,-33,133,119,111,36,566.6147959183673,19.971938775510203,22.418367346938776,24.45918367346939,838.9183673469387,696.1734693877552,687.125,64.625,10
43,Bol Bol,Phoenix Suns,C,55,121,24,44,532.1,2,3,150.0,5,16,270.0,9,27,36,1,10,1,2,4,-34,92,91,56,37,184.60069444444443,38.44444444444445,1.0173611111111112,4.517361111111111,331.6111111111111,335.65625,179.61111111111111,40.40625,10
44,Bones Hyland,LA Clippers,PG,67,170,25,65,382.4,4,6,200.0,13,37,313.8,1,15,16,36,13,10,14,2,7,119,83,103,52,242.15289256198346,19.65702479338843,101.27685950413223,18.140495867768596,716.1859504132232,383.92561983471074,517.809917355372,177.53719008264466,10
45,Bradley Beal,Phoenix Suns,SG,193,311,76,138,597.1,24,28,638.3,17,38,530.2,10,24,34,51,20,11,23,4,-12,278,227,244,85,663.5177514792899,39.30177514792899,63.378698224852066,6.121301775147929,1155.0562130177514,784.1331360946746,980.1213017751479,157.0,10
46,Brandin Podziemski,Golden State Warriors,G,70,297,26,69,349.4,7,12,275.0,11,28,390.0,17,33,50,41,12,11,13,5,39,161,120,111,91,215.32778355879293,35.036420395421445,21.530697190426643,8.937565036420395,493.23309053069727,376.5827263267429,310.69823100936526,77.84703433922996,10
47,Brandon Boston Jr.,LA Clippers,SG,40,91,16,43,312.7,5,10,250.0,3,11,183.3,6,7,13,2,10,1,0,5,-21,55,53,42,15,121.02494331065759,24.591836734693878,1.6916099773242632,2.3061224489795924,218.82766439909298,187.01814058956916,141.43310657596373,37.68480725623582,8
48,Brandon Ingram,New Orleans Pelicans,SF,190,319,70,144,487.9,39,46,824.5,11,33,302.9,6,52,58,56,25,5,22,9,72,304,248,246,114,683.993756503642,22.081165452653483,38.45993756503642,9.14984391259105,676.3975026014568,824.6784599375651,539.6524453694069,56.60145681581686,10
49,Brandon Miller,Charlotte Hornets,F,179,328,69,168,406.0,16,22,471.7,25,75,309.9,10,46,56,25,24,9,16,6,-86,260,235,204,81,347.4896193771626,66.23010380622837,42.50865051903114,14.716262975778548,708.8442906574395,678.598615916955,386.52076124567475,99.95328719723184,10
50,Brandon Williams,Dallas Mavericks,G,7,24,2,9,83.3,3,4,100.0,0,2,0.0,1,1,2,4,1,0,1,0,-12,13,9,11,6,18.22448979591837,3.183673469387756,4.081632653061224,0.0,30.46938775510204,15.448979591836734,29.0,11.510204081632653,4
51,Braxton Key,Denver Nuggets,F,2,6,1,1,100.0,0,1,0.0,0,0,0.0,1,1,2,0,1,0,0,0,2,4,4,2,2,2.25,1.0,0.0,0.0,6.25,6.25,2.25,1.0,1
52,Brice Sensabaugh,Utah Jazz,F,79,220,30,70,378.3,11,12,366.7,8,35,220.0,6,28,34,18,16,3,17,0,-52,131,113,97,52,256.5,120.4297520661157,15.65289256198347,8.5,570.6487603305785,553.2933884297521,268.3347107438017,141.60330578512398,10
53,Brook Lopez,Milwaukee Bucks,C,92,280,31,71,398.3,9,12,350.0,21,47,432.9,13,31,44,19,17,5,7,14,66,155,136,111,63,292.0808561236623,49.66468489892985,27.841854934601663,24.365041617122472,656.9334126040429,489.8478002378121,421.2972651605232,115.37574316290132,10
54,Bruce Brown,Toronto Raptors,SF,95,267,35,77,411.1,21,22,650.0,4,18,150.0,4,32,36,32,18,4,10,2,-54,163,131,127,68,213.35069444444443,90.625,17.73611111111111,4.736111111111112,483.15625,368.85069444444446,320.40625,115.61111111111111,10
55,Bruno Fernando,Atlanta Hawks,PF,49,196,20,39,499.9,9,12,375.0,0,0,0.0,17,50,67,11,29,13,17,11,-37,127,116,60,78,71.48224852071006,60.13609467455621,6.902366863905325,0.0,170.1715976331361,146.5,86.79289940828403,75.39940828402366,10
56,Bryce McGowens,Charlotte Hornets,G,54,155,18,37,330.8,13,18,441.7,5,15,180.0,3,21,24,8,15,7,4,3,-10,86,78,62,32,234.40625,28.0,5.65625,6.8515625,395.625,383.40625,249.625,30.65625,10
57,Buddy Hield,Philadelphia 76ers,SG,120,259,43,106,413.59999999999997,9,9,300.0,25,65,424.7,7,24,31,31,16,10,9,6,-2,182,151,151,62,66.55363321799308,34.69377162629758,19.399653979238757,6.5,205.4948096885813,163.24048442906573,94.90138408304497,68.0,10
58,CJ McCollum,New Orleans Pelicans,SG,145,283,57,133,403.3,4,5,166.7,27,73,324.3,3,33,36,31,13,5,14,5,25,212,181,176,67,647.81581685744,25.752341311134238,51.44536940686785,46.816857440166494,1020.5244536940685,703.4807492195629,975.1009365244537,66.95629552549428,10
59,Cade Cunningham,Detroit Pistons,PG,213,323,77,181,427.4,37,41,710.3,22,65,329.6,9,38,47,83,16,5,29,3,10,343,260,296,130,575.0,36.104,32.136,17.200000000000003,919.144,775.424,694.8960000000001,92.064,10
60,Caleb Houstan,Orlando Magic,G,38,148,12,32,256.1,2,2,100.0,12,30,289.4,3,11,14,3,13,2,2,2,-4,55,52,41,17,156.39909297052154,33.31065759637188,2.147392290249433,18.35827664399093,297.22222222222223,280.16326530612247,161.04081632653063,47.87528344671201,8
61,Caleb Martin,Miami Heat,SF,127,296,46,100,456.2,14,16,666.7,21,49,454.6,13,41,54,20,24,9,14,9,-9,201,181,147,74,140.60000000000002,52.9,32.0,14.11111111111111,424.8999999999999,272.8999999999999,268.6,108.9,10
62,Cam Reddish,Los Angeles Lakers,SF,23,83,8,17,193.3,2,6,75.0,5,11,183.3,3,4,7,1,5,3,2,4,7,31,30,24,8,48.138888888888886,7.472222222222222,0.8055555555555556,2.1388888888888884,42.138888888888886,35.0,58.0,5.555555555555556,5
63,Cam Thomas,Brooklyn Nets,SG,215,324,78,178,416.5,36,42,844.1,23,64,338.3,8,34,42,33,22,8,16,0,-29,290,257,248,75,636.5,70.09763313609467,18.100591715976332,26.215976331360945,859.7633136094674,787.5207100591716,699.9082840236686,97.03254437869822,10
64,Cam Whitmore,Houston Rockets,F,126,203,48,111,415.2,17,26,385.0,13,50,239.8,14,31,45,5,11,5,15,5,3,176,171,131,50,215.05817174515238,60.56232686980609,2.673130193905817,12.290858725761774,347.16343490304706,345.24376731301936,225.77008310249312,54.44321329639889,10
65,Cameron Johnson,Brooklyn Nets,SF,146,265,49,102,481.0,22,27,591.7,26,62,405.2,5,26,31,20,16,11,14,1,-5,197,177,166,51,451.7673611111111,35.767361111111114,12.069444444444445,31.111111111111104,585.4444444444445,492.125,547.5173611111112,45.40625,10
66,Cameron Payne,Philadelphia 76ers,PG,102,204,38,91,435.5,10,11,375.0,16,45,351.2,4,10,14,33,21,4,15,3,-22,149,116,135,47,200.625,22.447265625,33.90625,12.4140625,257.525390625,277.478515625,191.65625,45.369140625,10
67,Caris LeVert,Cleveland Cavaliers,SG,132,329,49,121,392.0,18,27,362.7,16,54,282.8,5,44,49,86,17,17,19,6,59,267,181,218,135,378.3891779396462,26.631633714880337,111.42143600416232,10.932362122788764,825.5348595213319,492.06555671175863,624.0,225.91155046826225,10
68,Cason Wallace,Oklahoma City Thunder,G,62,192,25,52,440.5,1,3,100.0,11,27,350.0,5,17,22,18,13,13,9,5,-4,102,84,80,40,346.1640625,9.625,21.603515625,17.125,450.322265625,375.2265625,422.478515625,30.009765625,10
69,Cedi Osman,San Antonio Spurs,SF,46,134,19,38,457.1,0,0,0.0,8,22,266.6,3,17,20,14,12,4,8,2,-40,80,66,60,34,122.40277777777777,18.43402777777778,20.76736111111111,6.9444444444444455,124.5,153.0173611111111,102.68402777777779,30.40277777777778,10
70,Charlie Brown Jr.,New York Knicks,G,3,27,1,5,20.0,0,0,0.0,1,3,33.3,1,1,2,0,4,0,0,1,-6,5,5,3,2,6.12,2.7200000000000006,0.0,0.6800000000000002,17.0,17.0,6.12,2.7200000000000006,2
71,Chet Holmgren,Oklahoma City Thunder,PF,154,310,56,112,511.5,29,32,660.0,13,40,300.0,16,75,91,26,15,4,9,14,18,271,245,180,117,291.212890625,115.228515625,19.2265625,11.40625,738.3515625,634.15625,377.650390625,152.212890625,10
72,Chimezie Metu,Phoenix Suns,PF,6,29,3,5,150.0,0,0,0.0,0,0,0.0,2,9,11,2,2,2,3,0,-7,19,17,8,13,11.0,27.0,1.0000000000000002,0.0,71.66666666666666,56.0,18.0,36.666666666666664,3
73,Chris Boucher,Toronto Raptors,PF,69,120,25,35,573.3,15,18,500.0,4,12,216.7,13,27,40,5,11,1,9,5,7,114,109,74,45,142.20987654320987,47.580246913580254,5.913580246913581,4.0246913580246915,410.0,329.0246913580247,192.69135802469134,83.98765432098766,8
74,Chris Duarte,Sacramento Kings,SG,59,143,21,42,441.7,2,3,150.0,15,30,433.4,7,19,26,6,10,6,0,3,5,91,85,65,32,256.5,28.800000000000004,4.625000000000001,13.725000000000001,400.125,362.9,282.52500000000003,44.625,10
75,Chris Livingston,Milwaukee Bucks,F,0,6,0,2,0.0,0,0,0.0,0,2,0.0,0,1,1,1,4,0,1,0,-10,2,1,1,2,0.0,0.0625,0.5625,0.0,1.0,0.0625,0.5625,1.0,1
76,Chris Paul,Golden State Warriors,PG,107,247,44,93,468.1,5,6,175.0,14,34,390.0,4,40,44,61,18,14,9,0,-43,212,151,168,105,215.49134948096884,32.75432525951557,42.48096885813149,8.671280276816608,374.6228373702422,354.4532871972319,241.27335640138406,69.62283737024221,10
77,Christian Braun,Denver Nuggets,G,69,197,27,41,659.7,6,11,225.0,9,16,433.3,5,29,34,14,25,6,7,7,51,117,103,83,48,150.9,22.41111111111111,10.4,8.944444444444445,216.11111111111111,172.11111111111111,192.1,35.61111111111111,10
78,Christian Wood,Los Angeles Lakers,F,59,133,22,51,477.0,11,14,450.0,4,19,225.0,6,28,34,6,12,5,5,2,-14,99,93,65,40,153.90277777777777,54.402777777777786,4.625,2.4444444444444446,305.125,285.0,156.7777777777778,76.27777777777777,10
79,Chuma Okeke,Orlando Magic,PF,0,28,0,4,0.0,0,0,0.0,0,4,0.0,0,3,3,2,2,2,2,0,-10,5,3,2,5,0.765625,3.515625,1.5625,0.015625,5.3125,2.75,1.015625,7.390625,4
80,Clint Capela,Atlanta Hawks,C,120,251,52,92,582.3000000000001,16,25,470.0,0,0,0.0,47,63,110,20,23,5,14,12,20,250,230,140,130,107.11111111111111,80.44444444444444,18.6721536351166,0.0,312.0548696844993,293.1111111111111,117.51165980795611,107.65980795610423,10
81,Coby White,Chicago Bulls,PG,190,393,66,163,402.3,33,37,821.7,25,76,313.4,9,40,49,51,24,9,21,3,-24,290,239,241,100,593.9002267573696,28.927437641723355,96.11111111111111,39.45804988662131,889.6734693877552,631.0226757369614,779.7573696145125,197.83219954648524,10
82,Cody Martin,Charlotte Hornets,SF,69,285,28,76,367.2,6,7,250.0,7,30,228.2,6,44,50,42,15,11,20,7,-28,161,119,111,92,111.0,28.18685121107267,64.68512110726644,2.6816608996539792,183.02076124567472,112.9515570934256,173.33217993079583,100.60899653979239,10
83,Cody Zeller,New Orleans Pelicans,C,7,31,3,6,200.0,1,2,50.0,0,0,0.0,5,10,15,3,5,2,3,0,14,25,22,10,18,3.3209876543209877,4.246913580246914,3.2098765432098766,0.0,16.061728395061728,11.222222222222221,6.061728395061729,9.555555555555555,5
84,Colby Jones,Sacramento Kings,G,4,12,2,5,83.3,0,0,0.0,0,0,0.0,0,4,4,2,1,0,0,0,5,10,8,6,6,2.6122448979591835,4.612244897959183,0.6530612244897959,0.0,18.3265306122449,12.448979591836734,5.877551020408163,7.8775510204081645,2
85,Cole Anthony,Orlando Magic,PG,101,221,38,86,419.8,17,24,537.5,8,34,168.4,9,32,41,23,19,6,10,5,15,165,142,124,64,315.6087990487515,52.878715814506535,24.162901307966706,11.607609988109395,409.56123662306777,402.3923900118906,344.08323424494654,55.73602853745541,10
86,Cole Swider,Miami Heat,F,2,18,0,6,0.0,2,2,100.0,0,5,0.0,0,2,2,1,1,0,3,0,-9,5,4,3,3,2.666666666666667,0.6666666666666667,0.6666666666666667,0.0,8.666666666666666,4.666666666666667,6.0,2.0,3
87,Collin Gillespie,Denver Nuggets,G,30,64,11,20,197.8,1,3,50.0,7,11,200.0,0,7,7,7,6,5,5,0,8,44,37,37,14,157.84,3.24,7.24,9.24,242.96,167.15999999999997,231.16,12.96,4
88,Collin Sexton,Utah Jazz,PG,216,325,80,159,501.7,30,38,783.3,26,54,416.7,10,17,27,53,17,13,22,1,-32,296,243,269,80,122.5,34.1015625,57.728515625,30.1015625,266.572265625,168.4765625,199.041015625,113.384765625,10
89,Corey Kispert,Washington Wizards,SF,126,275,44,93,444.4,13,22,425.0,25,59,394.7,3,23,26,16,22,6,11,4,-74,168,152,142,42,377.28979591836736,17.216326530612246,27.216326530612243,26.518367346938774,566.530612244898,436.69387755102036,480.6938775510204,70.86530612244897,10
90,Cory Joseph,Golden State Warriors,PG,27,71,10,16,316.7,0,0,0.0,7,11,316.7,2,9,11,6,6,0,1,0,9,44,38,33,17,31.2,10.8,2.8000000000000003,3.2,28.8,47.2,21.2,5.2,5
91,Craig Jr. Porter,Cleveland Cavaliers,G,53,105,22,44,391.9,5,5,300.0,4,10,125.0,5,16,21,16,7,3,7,0,-17,90,74,69,37,302.2334710743801,36.12396694214876,13.801652892561984,8.842975206611571,570.8285123966942,490.3657024793388,376.25,56.37190082644628,9
92,D'Angelo Russell,Los Angeles Lakers,PG,206,353,74,152,463.9,21,26,735.0,37,82,423.8,6,30,36,64,19,9,19,4,39,306,242,270,100,1028.8,31.111111111111114,112.5,52.37777777777778,1718.411111111111,1331.7777777777778,1412.1,146.94444444444446,10
93,D.J. Carton,Toronto Raptors,G,8,31,2,7,83.3,3,4,150.0,1,4,50.0,2,1,3,3,1,1,1,0,-30,14,11,11,6,8.666666666666668,2.0,2.0,0.6666666666666667,8.666666666666666,2.6666666666666665,18.666666666666668,0.0,3
94,Daishen Nix,Minnesota Timberwolves,SG,5,5,2,3,66.7,0,0,0.0,1,2,50.0,0,0,0,0,1,1,0,0,6,5,5,5,0,9.0,0.0,0.08163265306122448,0.32653061224489793,7.367346938775511,9.0,7.367346938775511,0.08163265306122448,1
95,Dalano Banton,Portland Trail Blazers,G,171,313,61,145,437.2,26,32,851.7,23,58,391.4,13,36,49,32,22,9,25,6,-96,252,220,203,81,671.8000000000001,53.3,42.099999999999994,24.944444444444443,1317.6000000000001,1006.5,938.5,139.79999999999998,10
96,Dalen Terry,Chicago Bulls,F,28,118,11,28,343.6,3,6,150.0,3,12,175.0,5,14,19,16,12,9,5,1,18,63,47,44,35,43.736111111111114,27.23611111111111,12.73611111111111,2.2361111111111107,156.23611111111111,107.44444444444446,72.0,60.5,10
97,Damian Jones,Cleveland Cavaliers,C,52,118,21,35,527.9,10,12,550.0,0,5,0.0,14,23,37,6,10,4,6,7,-25,95,89,58,43,149.80555555555554,47.583333333333336,4.027777777777778,0.0,262.25,264.0,149.66666666666666,50.0,9
98,Damian Lillard,Milwaukee Bucks,PG,238,353,76,173,427.8,49,52,949.0,37,90,401.2,4,44,48,80,17,7,23,3,82,366,286,318,128,863.2111111111111,48.1,152.27777777777777,29.977777777777778,1398.9,1002.1777777777778,1245.6,214.7111111111111,10
99,Daniel Gafford,Dallas Mavericks,C,115,208,50,59,701.2,15,23,406.7,0,0,0.0,20,52,72,10,31,8,6,21,18,197,187,125,82,462.4140625,130.806640625,8.009765625,0.0,1045.15625,949.962890625,530.697265625,165.7265625,10
100,Daniel Theis,LA Clippers,C,48,152,22,45,451.1,1,1,100.0,3,12,250.0,13,34,47,10,17,1,6,6,32,105,95,58,57,108.71111111111111,136.20000000000002,8.9,2.1111111111111116,311.34444444444443,301.0444444444444,127.61111111111111,136.5,10
101,Danilo Gallinari,Milwaukee Bucks,PF,24,91,7,21,283.3,9,10,275.0,1,10,100.0,4,5,9,8,8,2,4,0,-34,41,33,32,17,95.92797783933518,5.565096952908587,13.817174515235456,1.365650969529086,124.77285318559555,115.83102493074793,102.50969529085874,21.74238227146814,10
102,Dante Exum,Dallas Mavericks,G,66,186,21,45,459.1,16,18,616.7,8,14,350.0,2,18,20,26,13,2,10,0,38,112,86,92,46,226.0,18.625,36.8,15.625,364.825,254.625,319.20000000000005,72.425,10
103,Danuel House Jr.,Philadelphia 76ers,SF,42,143,14,30,276.3,13,15,466.7,1,11,33.3,6,11,17,7,16,7,3,3,-26,66,59,49,24,42.0,11.714285714285715,8.0,0.8571428571428572,41.714285714285715,51.714285714285715,40.0,11.714285714285715,7
104,Dario Saric,Golden State Warriors,PF,28,108,12,35,298.3,2,3,100.0,2,19,83.3,7,14,21,19,7,0,13,1,-27,68,49,47,40,58.86200378071833,26.90926275992439,13.24952741020794,2.6351606805293004,147.03969754253308,106.68998109640832,74.89792060491493,64.47258979206049,10
105,Darius Garland,Cleveland Cavaliers,PG,209,354,74,168,440.6,22,29,677.4,39,90,421.8,8,27,35,67,27,12,33,1,-8,311,244,276,102,755.8444444444445,40.67777777777778,62.111111111111114,67.74444444444444,994.6777777777778,893.2999999999998,859.911111111111,100.10000000000001,10
106,David Roddy,Phoenix Suns,F,68,169,27,69,480.3,9,15,301.7,5,25,143.3,5,24,29,13,7,2,14,0,-88,110,97,81,42,392.60069444444434,115.68402777777777,23.90625,8.65625,937.90625,733.125,552.9027777777777,184.06944444444443,10
107,Davion Mitchell,Sacramento Kings,PG,65,156,27,48,495.4,2,2,100.0,9,27,243.3,2,12,14,15,14,1,7,0,2,94,79,80,29,262.494140625,8.625,10.5,15.228515625,336.150390625,296.650390625,291.994140625,29.125,10
108,Davis Bertans,Charlotte Hornets,SF,92,245,31,89,316.3,7,8,250.0,23,71,284.1,5,23,28,15,18,11,7,4,-33,135,120,107,43,327.9437869822485,52.698224852071,19.399408284023668,24.91715976331361,541.5562130177515,458.405325443787,394.8224852071006,88.36982248520711,10
109,Day'Ron Sharpe,Brooklyn Nets,C,63,160,26,44,652.2,9,18,241.6,2,3,100.0,24,35,59,19,18,4,12,7,-3,141,122,82,78,160.6,171.525,17.8,3.6250000000000004,472.925,378.225,214.0,230.625,10
110,De'Aaron Fox,Sacramento Kings,PG,268,365,106,219,481.2,37,43,791.7,19,62,304.1,11,46,57,66,29,21,34,4,56,391,325,334,123,632.9777777777778,52.111111111111114,70.57777777777778,15.444444444444445,563.8000000000001,646.3777777777777,595.1111111111112,77.97777777777777,10
111,De'Andre Hunter,Atlanta Hawks,SF,156,286,59,127,461.7,16,23,583.3,22,56,383.1,1,21,22,14,21,7,12,3,-11,192,178,170,36,325.3188775510205,25.257653061224488,8.418367346938776,19.625,360.7448979591837,386.1224489795918,293.8903061224489,39.72704081632653,10
112,De'Anthony Melton,Philadelphia 76ers,SG,23,43,7,20,75.0,4,4,200.0,5,14,75.0,0,5,5,5,3,2,1,1,-2,33,28,28,10,128.66666666666666,2.666666666666667,2.666666666666667,8.666666666666666,206.0,164.66666666666669,164.66666666666669,10.666666666666668,3
113,DeAndre Jordan,Denver Nuggets,C,23,71,11,19,550.0,1,3,100.0,0,0,0.0,14,17,31,2,10,0,1,3,-23,56,54,25,33,27.222222222222225,45.691358024691354,1.5061728395061729,0.0,92.46913580246914,79.72839506172839,33.32098765432099,53.839506172839506,8
114,DeJon Jarreau,Memphis Grizzlies,F,27,88,10,30,158.3,4,6,200.0,3,8,116.7,2,25,27,17,7,5,7,0,-5,71,54,44,44,44.03472222222222,31.3125,25.3125,3.3680555555555554,188.86805555555557,94.1388888888889,106.13888888888889,89.25,5
115,DeMar DeRozan,Chicago Bulls,SF,252,367,81,155,516.4,79,90,894.1,11,32,263.4,5,46,51,55,16,7,18,6,5,358,303,307,106,1081.236212278876,71.9614984391259,61.08532778355879,11.074921956295524,1363.7190426638917,1420.406867845994,993.9719042663892,163.6233090530697,10
116,Dean Wade,Cleveland Cavaliers,PF,46,178,15,35,260.2,5,7,216.7,11,31,233.4,4,27,31,7,8,3,1,9,-23,84,77,53,38,468.50000000000006,35.125,6.125,31.525000000000006,718.8,714.725,466.12499999999994,47.699999999999996,10
117,Deandre Ayton,Portland Trail Blazers,C,223,340,102,162,607.8,18,21,450.0,1,3,100.0,38,95,133,16,21,10,19,9,-29,372,356,239,149,794.1343638525565,246.77883472057076,8.423305588585018,0.9143876337693221,1620.140309155767,1786.0713436385256,685.0142687277051,198.3912009512485,10
118,Dejounte Murray,Atlanta Hawks,SG,258,371,95,209,449.5,32,43,697.4,36,95,366.7,6,42,48,80,16,17,28,2,-34,386,306,338,128,806.5,59.77777777777778,70.4,36.9,656.2777777777778,958.9444444444445,559.7,74.3111111111111,10
119,Delon Wright,Miami Heat,SG,42,147,15,36,442.8,8,10,233.3,4,10,250.0,6,10,16,21,4,10,0,3,0,79,58,63,37,115.69999999999999,6.625,36.925000000000004,4.625,221.39999999999998,136.625,188.32500000000002,55.7,10
120,Deni Avdija,Washington Wizards,SF,181,349,67,139,480.8,32,42,685.0,15,40,303.3,22,72,94,29,24,8,22,4,-45,304,275,210,123,883.096,184.8,25.016,30.983999999999998,1626.0,1513.7359999999999,973.6,231.576,10
121,Dennis Schroder,Brooklyn Nets,PG,164,353,59,130,447.2,23,31,571.4,23,53,438.5,4,19,23,68,17,8,33,4,-52,255,187,232,91,363.7777777777778,20.599999999999998,46.81111111111112,13.21111111111111,484.5,309.3111111111111,544.1,62.277777777777764,10
122,Dennis Smith Jr.,Brooklyn Nets,PG,57,176,21,53,393.8,7,9,333.3,8,25,264.9,7,15,22,28,22,14,9,2,10,107,79,85,50,78.105098855359,30.599375650364202,41.41311134235171,4.40582726326743,171.2747138397503,127.76170655567117,98.12591050988553,95.50468262226848,10
123,Dereck II Lively,Dallas Mavericks,C,96,196,46,57,725.7,4,9,200.0,0,0,0.0,17,27,44,7,24,6,7,14,-7,147,140,103,51,400.656,66.864,8.2,0.0,806.456,711.776,486.77600000000007,83.624,10
124,Derrick Jones Jr.,Dallas Mavericks,SF,75,181,28,50,520.2,10,16,450.0,9,20,240.0,13,10,23,7,12,6,7,3,15,105,98,82,30,345.4444444444444,80.54444444444445,4.111111111111112,25.611111111111114,576.9,605.8777777777777,327.11111111111114,74.01111111111112,10
125,Derrick Rose,Memphis Grizzlies,PG,49,95,20,37,377.7,5,6,266.7,4,8,233.3,0,15,15,21,3,1,9,0,-9,85,64,70,36,70.0,14.857142857142858,12.0,3.7142857142857144,188.85714285714286,116.85714285714286,128.0,40.857142857142854,7
126,Derrick White,Boston Celtics,PG,123,328,47,107,447.9,5,5,400.0,24,59,296.9,9,53,62,67,17,12,16,19,143,252,185,190,129,447.9437869822485,48.902366863905314,51.863905325443795,65.55325443786982,551.7514792899408,523.7455621301775,436.21597633136093,140.5,10
127,Desmond Bane,Memphis Grizzlies,SG,46,69,14,36,78.0,12,14,166.7,6,16,73.0,1,7,8,11,6,3,4,1,-6,65,54,57,19,2.2222222222222205,2.2222222222222223,5.0,2.2222222222222223,0.555555555555554,8.888888888888893,0.5555555555555564,0.5555555555555551,2
128,Devin Booker,Phoenix Suns,SG,241,347,87,194,443.1,52,54,937.5,15,57,256.3,10,36,46,59,27,8,21,5,-21,346,287,300,105,636.3136094674556,59.443786982248525,91.54437869822485,27.032544378698223,1134.8284023668637,904.3017751479291,838.0,179.82840236686388,10
129,Devin Vassell,San Antonio Spurs,SG,202,385,81,167,471.1,18,24,775.0,22,59,357.5,4,43,47,52,14,14,23,5,-3,301,249,254,99,419.8792924037461,67.73881373569199,78.0041623309053,21.83975026014568,718.6961498439126,451.0582726326743,678.4016649323621,154.85848074921955,10
130,Devonte' Graham,San Antonio Spurs,PG,11,27,4,8,125.0,0,0,0.0,3,6,150.0,0,7,7,0,2,1,0,0,12,18,18,11,7,46.111111111111114,2.1111111111111107,0.0,3.0,58.0,58.0,46.111111111111114,2.1111111111111107,4
131,Dillon Brooks,Houston Rockets,SF,83,299,33,85,347.8,6,8,300.0,11,49,218.5,7,28,35,18,21,9,12,1,63,136,118,101,53,337.64830119375574,50.5206611570248,14.130394857667586,11.224058769513315,511.77777777777766,406.31221303948575,420.9044995408631,86.86042240587696,10
132,Domantas Sabonis,Sacramento Kings,PF,209,373,81,147,563.9,44,58,761.7,3,10,250.0,48,112,160,73,29,13,34,9,10,442,369,282,233,249.0390625,128.6015625,85.9765625,2.2890625,477.1015625,405.15625,305.40625,230.15625,10
133,Dominick Barlow,San Antonio Spurs,F,62,141,24,39,553.3,14,18,366.6,0,1,0.0,19,20,39,16,18,4,2,4,-20,117,101,78,55,222.66666666666669,68.64,41.906666666666666,0.0,525.0,449.44000000000005,320.43999999999994,88.33333333333334,9
134,Donovan Mitchell,Cleveland Cavaliers,SG,241,347,75,167,435.8,52,59,812.8,39,86,449.3,3,47,50,49,22,13,34,6,4,340,291,290,99,886.6487603305785,22.330578512396695,23.0495867768595,16.96694214876033,1278.185950413223,1120.5,1030.0206611570247,59.69421487603306,10
135,Donte DiVincenzo,New York Knicks,SG,175,361,61,170,359.1,14,17,516.7,39,120,327.3,12,35,47,33,26,17,22,5,22,255,222,208,80,252.18002081165452,46.13839750260146,26.513007284079087,24.94588969823101,312.71071800208114,298.8137356919875,269.6940686784599,69.0343392299688,10
136,Dorian Finney-Smith,Brooklyn Nets,PF,100,328,37,81,461.6,9,10,375.0,17,52,333.3,18,28,46,22,20,14,9,5,-6,168,146,122,68,216.44082840236686,26.59171597633136,33.13905325443787,21.09467455621302,376.698224852071,326.1213017751479,262.3313609467456,64.4171597633136,10
137,Doug McDermott,Indiana Pacers,SF,38,119,14,43,275.0,1,4,50.0,9,35,206.6,1,6,7,7,7,1,2,0,-14,52,45,45,14,158.70408163265304,6.10204081632653,11.0,11.489795918367347,205.19387755102042,183.76530612244898,185.8469387755102,11.387755102040817,10
138,Draymond Green,Golden State Warriors,PF,68,277,26,63,455.1,11,15,375.0,5,20,153.3,17,65,82,65,31,8,28,8,-2,215,150,133,147,85.7,82.3111111111111,114.10000000000001,5.044444444444444,473.71111111111105,168.6777777777778,268.6,318.5444444444445,10
139,Drew Eubanks,Phoenix Suns,PF,44,144,18,26,635.0,8,8,300.0,0,0,0.0,14,31,45,4,10,3,5,7,-18,93,89,48,49,71.16961498439126,91.25182101977107,2.534859521331946,0.0,268.24245577523413,276.90010405827263,71.14880332986472,85.14984391259105,10
140,Duncan Robinson,Miami Heat,F,146,321,53,111,467.0,8,9,350.0,32,84,339.0,2,33,35,30,26,10,16,3,-13,211,181,176,65,466.1207133058985,24.075445816186555,36.123456790123456,37.60219478737997,668.684499314129,487.41700960219487,637.3223593964335,70.2647462277092,10
141,Duop Reath,Portland Trail Blazers,C,97,196,35,68,391.5,13,19,410.7,14,30,308.4,13,13,26,6,25,2,10,5,-55,129,123,103,32,767.6115702479337,50.82460973370064,8.471992653810837,32.25160697887971,1165.611570247934,1031.036730945822,869.0367309458219,92.44628099173553,10
142,Dwight Powell,Dallas Mavericks,C,20,119,7,12,450.0,6,11,325.0,0,0,0.0,12,20,32,9,19,0,9,3,-9,61,52,29,41,33.397923875432525,81.41868512110726,9.121107266435986,0.0,206.4844290657439,168.0899653979239,47.162629757785474,115.16955017301038,9
143,Dylan Windler,Atlanta Hawks,G,0,5,0,0,0.0,0,0,0.0,0,0,0.0,0,1,1,0,1,0,0,0,-8,1,1,0,1,0.81,0.16000000000000003,0.25,0.09,1.0,0.25,1.9599999999999997,0.010000000000000018,1
144,Dylan Windler,Los Angeles Lakers,G,3,14,1,4,25.0,0,0,0.0,1,4,25.0,0,1,1,2,1,0,0,0,-7,6,4,5,3,5.220000000000001,0.52,0.5,0.58,4.0,2.5,6.920000000000001,0.8199999999999998,2
145,Dyson Daniels,New Orleans Pelicans,G,38,181,16,32,311.4,1,2,50.0,5,13,250.0,7,20,27,20,12,15,12,8,25,85,65,58,47,123.55555555555556,24.0,25.555555555555557,4.222222222222222,146.22222222222223,113.55555555555556,128.22222222222223,77.55555555555556,9
146,Emoni Bates,Cleveland Cavaliers,F,7,12,3,7,42.9,0,2,0.0,1,4,25.0,0,1,1,0,0,0,1,0,-3,8,8,7,1,0.0,0.0,0.0,0.0,0.0,0.0,0.0,0.0,1
147,Eric Gordon,Phoenix Suns,SG,105,268,37,90,385.0,10,13,316.7,21,55,367.3,3,11,14,20,12,9,8,5,3,139,119,125,34,442.94444444444446,6.736111111111111,4.0,23.444444444444446,488.125,450.125,480.9444444444444,10.736111111111112,10
148,Eugene Omoruyi,Washington Wizards,F,39,106,17,38,391.3,5,10,200.0,0,6,0.0,7,13,20,7,18,7,5,1,-68,66,59,46,27,94.90236686390533,9.198224852071005,6.597633136094675,0.014792899408284026,87.46745562130178,71.99408284023669,106.83136094674556,19.340236686390533,10
149,Evan Fournier,Detroit Pistons,SG,67,165,22,68,278.5,11,12,466.7,12,45,171.8,1,16,17,20,19,9,4,0,-4,104,84,87,37,432.67346938775506,9.308390022675736,20.816326530612244,18.979591836734695,561.5056689342404,494.1859410430839,515.9795918367347,14.138321995464853,10
150,Evan Mobley,Cleveland Cavaliers,PF,147,305,60,107,547.9,24,42,522.6,3,14,175.0,25,76,101,35,27,12,16,20,-29,283,248,182,136,371.84429065743944,105.37370242214533,75.2006920415225,2.6262975778546713,782.1418685121107,674.0,423.83391003460207,236.7266435986159,10
151,Frank Ntilikina,Charlotte Hornets,PG,5,39,1,8,50.0,2,2,100.0,1,7,50.0,1,4,5,3,4,0,0,0,0,13,10,8,8,19.0,7.0,6.84,0.7600000000000002,24.439999999999998,14.0,18.64,24.640000000000004,4
152,Franz Wagner,Orlando Magic,SF,155,309,59,126,482.1,33,40,795.0,4,35,67.9,7,40,47,30,26,12,23,7,67,232,202,185,77,433.0,62.22711058263971,45.32223543400713,13.845422116527944,827.0439952437573,679.0202140309156,567.9084423305587,120.66468489892986,10
153,Fred VanVleet,Houston Rockets,PG,189,373,61,137,449.5,34,38,602.4,33,76,425.3,5,37,42,96,20,17,19,5,95,327,231,285,138,351.6020408163266,26.336734693877553,86.25765306122447,22.39030612244898,408.2474489795917,421.8163265306122,355.0433673469388,95.58418367346935,10
154,Furkan Korkmaz,Philadelphia 76ers,SG,41,116,13,29,278.6,7,10,241.7,8,18,258.3,3,12,15,12,6,3,2,2,22,68,56,53,27,292.875,14.875,10.0,20.0,404.0,340.0,363.875,17.875,8
155,GG Jackson,Memphis Grizzlies,F,171,308,56,128,441.0,37,44,771.7,22,66,331.0,15,26,41,11,12,5,19,4,-67,223,212,182,52,549.1706555671176,38.937565036420395,17.149843912591052,28.23309053069719,780.1300728407908,699.7065556711759,619.6004162330905,66.08116545265348,10
156,Garrett Temple,Toronto Raptors,SF,5,12,2,4,50.0,1,2,50.0,0,2,0.0,1,0,1,0,2,1,1,0,-4,6,6,5,1,16.0,0.16000000000000003,0.0,0.0,19.360000000000003,19.360000000000003,16.0,0.16000000000000003,1
157,Garrison Mathews,Atlanta Hawks,SG,37,165,11,30,350.0,5,5,200.0,10,24,375.1,5,10,15,6,20,3,0,2,-37,58,52,43,21,107.27471383975026,18.52341311134235,14.601456815816855,12.374609781477627,216.20811654526534,160.10197710718003,151.51821019771072,44.98751300728408,10
158,Gary Harris,Orlando Magic,SG,77,247,28,57,516.1,4,7,125.0,17,40,477.6,1,15,16,11,12,8,6,3,59,104,93,88,27,102.38429752066116,10.611570247933884,12.900826446280991,4.338842975206612,188.94628099173553,154.5,128.00413223140495,32.33884297520661,10
159,Gary Payton II,Golden State Warriors,SG,41,145,18,33,403.3,1,3,50.0,4,7,400.0,14,10,24,12,14,7,7,4,-9,77,65,53,36,179.59504132231405,24.46694214876033,3.652892561983471,2.5,246.74793388429754,250.8305785123967,175.2314049586777,28.40082644628099,10
160,Gary Trent Jr.,Toronto Raptors,SG,176,332,65,150,429.9,16,20,521.7,30,86,341.8,7,33,40,15,14,13,4,3,-45,231,216,191,55,580.0,11.340236686390533,20.633136094674555,32.23668639053254,552.7366863905326,606.7248520710059,520.3254437869823,37.65976331360946,10
161,Georges Niang,Cleveland Cavaliers,SF,111,264,41,84,474.3,7,7,300.0,22,50,432.1,2,33,35,20,24,6,14,3,9,166,146,131,55,377.0826446280992,26.502295684113868,18.049586776859506,25.057851239669418,559.2378328741966,482.2240587695133,438.28925619834706,60.35904499540863,10
162,Giannis Antetokounmpo,Milwaukee Bucks,PF,310,352,106,171,626.9,89,123,724.9,9,19,483.3,24,87,111,65,22,6,32,5,49,486,421,375,176,415.96433470507543,85.93827160493827,91.73799725651578,5.844993141289438,1026.0,771.960219478738,643.2716049382716,204.4087791495199,10
163,Goga Bitadze,Orlando Magic,C,24,94,10,19,380.0,4,7,183.3,0,3,0.0,10,12,22,8,10,2,7,9,7,54,46,32,30,58.69135802469137,60.0,9.209876543209877,0.0,271.55555555555554,201.58024691358025,92.8888888888889,104.98765432098767,8
164,Gordon Hayward,Oklahoma City Thunder,SF,48,180,16,35,468.3,11,16,360.0,5,9,400.0,5,16,21,21,12,5,5,0,6,90,69,69,42,90.225,16.9,42.125,2.5250000000000004,194.1,127.525,139.0,76.82500000000002,10
165,Gradey Dick,Toronto Raptors,G,96,285,38,98,389.0,3,3,200.0,17,52,328.6,6,21,27,15,19,6,11,1,-134,138,123,111,42,139.4795918367347,18.5,42.614795918367356,14.104591836734693,341.6045918367347,174.26530612244898,289.390306122449,78.54336734693878,10
166,Grant Williams,Charlotte Hornets,PF,133,318,48,96,524.0,26,33,524.6,11,35,372.5,17,35,52,25,31,11,27,5,-47,210,185,158,77,340.53719008264466,87.83471074380166,23.642791551882457,12.46372819100092,637.4361799816345,583.1487603305786,347.524334251607,158.77777777777774,10
167,Grayson Allen,Phoenix Suns,SG,153,370,51,103,472.8,14,15,650.0,37,82,422.4,3,27,30,28,23,11,12,5,-8,211,183,181,58,787.0,20.01111111111111,52.00000000000001,79.70000000000002,1040.9444444444443,837.4777777777778,997.0,65.47777777777777,10
168,Gui Santos,Golden State Warriors,F,38,103,13,24,372.5,8,9,350.0,4,8,250.0,9,21,30,9,14,2,5,2,22,77,68,47,39,136.8888888888889,79.5,12.0,4.0,406.2222222222222,376.72222222222223,141.88888888888886,116.0,8
169,Harrison Barnes,Sacramento Kings,SF,130,282,48,98,484.9,15,19,425.0,19,48,297.6,7,21,28,13,14,4,7,1,-48,171,158,143,41,295.837890625,49.6640625,14.125,44.884765625,486.791015625,406.197265625,351.869140625,88.3515625,10
170,Harry III Giles,Brooklyn Nets,F,8,8,3,6,50.0,1,2,50.0,1,1,100.0,2,2,4,2,3,0,0,0,-12,14,12,10,6,46.86982248520711,10.437869822485208,3.130177514792899,0.7159763313609467,140.33136094674558,101.54437869822485,74.22485207100591,25.0,1
171,Harry III Giles,Los Angeles Lakers,F,2,5,1,1,100.0,0,0,0.0,0,0,0.0,0,1,1,0,0,0,0,0,-3,3,3,2,1,0.715976331360947,0.053254437869822466,0.053254437869822494,0.02366863905325444,0.715976331360947,1.1597633136094674,0.37869822485207105,0.0,1
172,Haywood Highsmith,Miami Heat,F,26,118,10,27,318.8,1,4,50.0,5,19,200.0,3,13,16,7,9,0,2,3,-30,49,42,33,23,132.6862244897959,27.10204081632653,4.13265306122449,10.043367346938776,300.36989795918373,264.11479591836735,158.125,42.051020408163254,10
173,Herbert Jones,New Orleans Pelicans,SF,99,316,34,62,492.3,13,16,500.0,18,34,394.1,6,21,27,28,32,11,11,13,72,154,126,127,55,239.6968449931413,27.444444444444443,25.679012345679013,25.69272976680384,298.960219478738,247.93141289437585,270.20713305898494,73.64197530864197,10
174,Hunter Tyson,Denver Nuggets,F,0,7,0,3,0.0,0,0,0.0,0,3,0.0,0,1,1,0,1,0,2,0,-1,1,1,0,1,4.0,0.11111111111111106,0.0,0.4444444444444444,5.4444444444444455,5.4444444444444455,4.0,0.11111111111111106,1
175,Ibou Badji,Portland Trail Blazers,C,7,32,3,4,150.0,1,2,50.0,0,0,0.0,1,2,3,4,6,0,5,3,-17,14,10,11,7,15.720000000000002,3.0800000000000005,2.75,0.0,37.06999999999999,30.32,21.470000000000002,6.83,3
176,Immanuel Quickley,Toronto Raptors,SG,195,364,68,158,420.7,33,45,597.2,26,77,328.3,2,55,57,88,17,11,26,3,-71,340,252,283,145,466.90625,41.125,194.5173611111111,20.600694444444443,910.4027777777777,534.15625,760.9444444444443,317.85069444444446,10
177,Isaac Okoro,Cleveland Cavaliers,SF,121,336,45,96,485.4,12,18,441.7,19,50,446.4,8,29,37,22,29,12,11,9,-27,180,158,143,59,140.01744719926535,43.0,12.631772268135904,9.59504132231405,207.9155188246097,167.80532598714416,182.43067033976124,53.3287419651056,10
178,Isaiah Hartenstein,New York Knicks,C,68,231,29,46,689.5,10,13,650.0,0,0,0.0,29,52,81,33,23,6,7,12,58,182,149,101,114,82.0,77.21005917159763,34.523668639053255,0.0,267.2899408284024,219.97928994082847,125.90828402366864,115.13609467455622,10
179,Isaiah Jackson,Indiana Pacers,SF,92,174,35,55,691.4,22,28,758.3,0,2,0.0,23,30,53,9,27,8,9,8,-13,154,145,101,62,263.225,192.5,6.5,0.0,859.4250000000001,787.525,294.125,240.0,10
180,Isaiah Joe,Oklahoma City Thunder,SG,66,177,25,63,353.7,1,1,100.0,15,44,260.4,5,14,19,8,7,3,6,4,9,93,85,74,27,208.0,8.908163265306122,6.336734693877551,14.5,217.0,222.33673469387756,198.90816326530611,19.0,10
181,Isaiah Mobley,Cleveland Cavaliers,F,5,33,2,7,58.3,0,0,0.0,1,4,25.0,0,4,4,2,2,0,0,0,-1,11,9,7,6,0.6799999999999997,10.880000000000003,0.72,0.6800000000000002,13.32,9.0,2.1199999999999997,14.479999999999999,2
182,Isaiah Stewart,Detroit Pistons,C,106,319,40,71,587.7,10,12,516.7,16,38,409.0,10,48,58,12,11,4,10,10,-48,176,164,118,70,128.5595567867036,49.689750692520775,9.601108033240997,12.7202216066482,242.404432132964,190.40997229916897,175.73407202216066,64.11080332409972,10
183,Ish Smith,Charlotte Hornets,PG,18,181,8,34,236.0,0,0,0.0,2,2,200.0,1,19,20,41,16,5,6,1,-90,79,38,59,61,54.36000000000001,24.0,78.09,1.5600000000000003,170.49,69.16000000000001,134.09,123.69,9
184,Ish Wainright,Phoenix Suns,F,3,11,1,6,16.7,0,0,0.0,1,4,25.0,3,2,5,1,1,1,1,0,-3,9,8,4,6,4.0,11.111111111111109,0.44444444444444453,0.44444444444444453,36.0,28.44444444444445,7.1111111111111125,16.0,1
185,Ivica Zubac,LA Clippers,C,92,257,38,55,657.3,16,18,600.0,0,0,0.0,23,49,72,17,23,3,16,6,-56,181,164,109,89,295.4822485207101,76.0,8.171597633136095,0.0,470.9852071005917,428.7130177514793,305.9082840236686,116.01775147928994,10
186,JT Thor,Charlotte Hornets,F,19,104,8,16,408.3,0,0,0.0,3,8,200.0,1,15,16,5,9,0,2,3,24,40,35,24,21,41.62049861495844,15.39612188365651,2.839335180055402,4.18005540166205,72.0,65.15512465373962,46.448753462603875,20.25207756232687,10
187,JaVale McGee,Sacramento Kings,C,23,44,11,18,355.0,0,3,0.0,1,2,100.0,5,8,13,1,6,2,1,0,3,37,36,24,14,42.875,13.875,0.875,0.875,77.875,84.0,41.5,10.0,6
188,Jabari Smith Jr.,Houston Rockets,PF,140,323,49,107,440.3,22,26,791.7,20,54,360.1,18,63,81,13,29,11,9,10,21,234,221,153,94,253.34444444444446,191.17777777777778,12.5,12.044444444444443,462.0,459.3,275.31111111111113,184.4111111111111,10
189,Jabari Walker,Portland Trail Blazers,F,86,225,34,75,434.6,15,17,625.0,3,14,166.7,23,45,68,14,24,6,7,1,-30,168,154,100,82,305.69599999999997,89.904,16.0,5.0,610.384,542.544,343.77599999999995,135.664,10
190,Jacob Gilyard,Memphis Grizzlies,G,67,205,23,52,431.8,1,1,100.0,20,45,431.8,1,14,15,41,10,10,12,2,-62,123,82,108,56,274.1404958677686,10.685950413223141,31.595041322314046,24.0,454.1404958677686,332.0,382.0,56.561983471074385,10
191,Jacob Toppin,New York Knicks,F,13,29,5,9,107.1,2,2,100.0,1,4,33.3,3,3,6,1,3,0,1,0,-18,20,19,14,7,78.05555555555556,8.722222222222221,0.5555555555555556,0.7222222222222223,130.22222222222223,136.55555555555554,72.5,8.5,2
192,Jaden Hardy,Dallas Mavericks,G,77,107,32,62,559.4,4,5,250.0,9,19,350.0,1,9,10,14,6,3,7,1,16,101,87,91,24,130.77777777777777,10.044444444444444,20.944444444444443,7.177777777777777,186.27777777777777,153.44444444444446,159.3,35.3,10
193,Jaden Ivey,Detroit Pistons,PG,166,321,58,147,395.09999999999997,37,43,730.0,13,61,180.5,11,19,30,41,30,9,28,7,-61,237,196,207,71,447.7444444444444,22.044444444444444,58.900000000000006,32.27777777777778,607.9777777777779,544.2777777777777,483.44444444444446,108.94444444444444,10
194,Jaden McDaniels,Minnesota Timberwolves,PF,118,318,46,105,434.4,14,22,348.8,12,41,283.1,11,40,51,14,35,7,6,5,-39,183,169,132,65,668.2747138397501,73.01456815816857,26.520291363163373,30.139438085327782,1010.2986472424559,966.4942767950052,673.6170655567117,137.99687825182104,10
195,Jaden Springer,Boston Celtics,G,58,175,21,50,363.7,13,14,575.0,3,17,183.3,13,18,31,18,22,13,12,4,-17,107,89,76,49,180.42975206611573,38.02066115702479,26.0,2.3677685950413223,516.5,366.5,283.7024793388429,110.74793388429751,10
196,Jae Crowder,Milwaukee Bucks,PF,62,212,24,51,409.4,2,2,100.0,12,27,316.7,8,21,29,8,17,11,1,1,50,99,91,70,37,239.3515625,39.1640625,6.869140625,17.90625,309.697265625,314.90625,227.384765625,52.791015625,10
197,Jae'Sean Tate,Houston Rockets,SF,37,125,15,34,428.7,5,9,200.0,2,6,133.3,10,18,28,6,17,9,11,3,10,71,65,43,34,60.104,28.384,4.544,1.6640000000000001,149.096,117.176,74.29599999999999,50.656,10
198,Jahmi'us Ramsey,Toronto Raptors,SG,21,61,7,21,140.89999999999998,5,6,175.0,2,11,75.0,4,11,15,4,4,4,3,0,-5,40,36,25,19,39.8125,23.3125,2.25,1.25,70.0,76.25,46.3125,12.8125,4
199,Jaime Jr. Jaquez,Miami Heat,G,104,291,39,86,430.4,18,25,616.7,8,25,244.89999999999998,9,40,49,27,20,12,9,3,3,180,153,131,76,401.6045918367347,42.5,22.102040816326532,7.971938775510204,382.25765306122446,376.67602040816325,393.9005102040817,77.88775510204081,10
200,Jake LaRavia,Memphis Grizzlies,F,134,270,39,106,343.2,41,50,730.0,15,49,286.5,20,32,52,18,24,15,14,4,-47,204,186,152,70,256.8,138.0,32.5,8.6,547.3,482.3999999999999,325.7,166.5,10
201,Jakob Poeltl,Toronto Raptors,C,122,251,55,101,543.9,12,20,491.7,0,0,0.0,39,53,92,31,28,10,11,19,35,245,214,153,123,161.8469387755102,127.67346938775509,30.387755102040813,0.0,516.704081632653,398.98979591836735,256.6224489795918,181.0,10
202,Jalen Brunson,New York Knicks,PG,303,351,106,230,461.0,61,69,783.3,30,84,350.3,6,25,31,70,15,12,37,3,81,404,334,373,101,802.8026159334125,18.90963139120095,141.02497027348394,23.438763376932226,569.4791914387633,765.7146254458977,637.7110582639714,128.79072532699166,10
203,Jalen Duren,Detroit Pistons,C,135,277,50,78,631.1,35,42,757.4,0,0,0.0,32,83,115,22,33,5,26,4,-77,272,250,157,137,256.5,261.84444444444443,21.644444444444446,0.0,1022.2777777777778,871.3444444444444,332.14444444444445,358.7777777777777,10
204,Jalen Green,Houston Rockets,SG,273,360,97,202,475.1,40,48,756.3,39,97,382.7,7,53,60,33,16,11,19,3,111,366,333,306,93,895.7438016528927,108.06611570247934,12.702479338842975,57.554637281910004,1260.9256198347107,1295.3305785123966,847.1074380165289,135.0,10
205,Jalen HoodSchifino,Los Angeles Lakers,G,5,11,1,6,33.3,2,4,100.0,1,3,50.0,0,2,2,0,1,0,1,0,-13,7,7,5,2,9.0,0.9799999999999999,0.020000000000000004,0.8200000000000001,13.32,14.180000000000001,8.42,0.72,2
206,Jalen Johnson,Atlanta Hawks,SF,178,339,71,149,485.0,19,29,568.3,17,46,399.9,13,75,88,44,19,7,16,11,35,310,266,222,132,506.7755102040816,91.76530612244898,50.40816326530612,14.346938775510203,988.7448979591837,680.4591836734693,755.3877551020408,201.8469387755102,10
207,Jalen McDaniels,Toronto Raptors,PF,37,111,16,38,262.0,2,4,66.7,3,13,116.7,5,19,24,8,13,6,12,1,-18,69,61,45,32,154.3214285714286,74.60714285714285,9.142857142857144,4.035714285714286,388.0,302.0,196.03571428571428,128.03571428571428,7
208,Jalen Pickett,Denver Nuggets,G,2,7,1,3,33.3,0,0,0.0,0,2,0.0,0,0,0,2,0,0,0,0,-1,4,2,4,2,2.25,0.0,1.3611111111111107,0.0,7.1111111111111125,2.25,7.1111111111111125,1.3611111111111107,1
209,Jalen Smith,Indiana Pacers,PF,97,167,36,66,553.3,16,26,515.0,9,28,361.9,23,34,57,12,17,0,6,5,13,166,154,109,69,99.26736111111111,42.56944444444445,18.0,5.0,105.68402777777777,83.51736111111111,129.10069444444443,52.90277777777778,10
210,Jalen Suggs,Orlando Magic,SG,128,260,47,83,570.1,10,13,500.0,24,49,480.4,4,27,31,33,28,16,19,6,150,192,159,161,64,182.73668639053255,27.994082840236686,23.245562130177515,22.571005917159763,330.55621301775153,240.7130177514793,258.9408284023669,64.87869822485206,10
211,Jalen Williams,Oklahoma City Thunder,F,204,305,80,158,494.2,27,29,770.0,17,40,418.2,5,38,43,39,24,14,16,10,22,286,247,243,82,605.4567901234568,22.10013717421125,22.604938271604937,10.330589849108367,871.528120713306,769.1042524005487,689.3456790123457,63.240054869684506,10
212,Jalen Wilson,Brooklyn Nets,F,38,153,14,43,409.1,7,8,350.0,3,18,200.0,14,18,32,10,14,1,7,0,-2,80,70,48,42,45.425619834710744,39.85537190082645,6.020661157024794,3.231404958677686,131.01239669421489,99.32231404958678,57.83471074380165,65.15702479338842,10
213,Jamal Cain,Miami Heat,F,4,16,0,3,0.0,4,4,200.0,0,1,0.0,1,2,3,1,1,1,1,0,-4,8,7,5,4,2.88,2.1199999999999997,0.6800000000000002,0.0,11.52,9.32,5.0,2.88,2
214,Jamal Murray,Denver Nuggets,PG,210,340,80,176,438.9,29,35,761.4,21,51,426.7,8,40,48,81,18,14,19,3,49,339,258,291,129,670.1326530612246,61.869897959183675,80.0612244897959,19.125,1167.5127551020407,799.8903061224489,972.5,207.1862244897959,10
215,James Bouknight,Charlotte Hornets,SG,10,13,4,10,83.3,0,0,0.0,2,7,58.3,0,0,0,0,0,1,1,0,13,10,10,10,0,18.0,0.0,0.0,0.72,18.0,18.0,18.0,0.0,2
216,James Harden,LA Clippers,SG,173,350,52,127,393.8,44,48,950.0,25,76,308.9,5,45,50,87,19,7,29,8,-63,310,223,260,137,612.1111111111111,58.63923182441701,19.145404663923173,32.914951989026065,519.3717421124828,568.4293552812071,544.0466392318244,96.79149519890261,10
217,James Johnson,Indiana Pacers,PF,2,7,0,1,0.0,2,2,100.0,0,0,0.0,0,0,0,1,3,0,0,1,1,3,2,3,1,0.0,0.0,0.0,0.0,0.0,0.0,0.0,0.0,1
218,James Wiseman,Detroit Pistons,C,83,177,35,57,583.4,13,15,450.0,0,0,0.0,19,49,68,12,24,3,10,8,-12,163,151,95,80,174.344,90.976,15.664,0.0,510.536,376.6959999999999,265.4,149.424,10
219,Jarace Walker,Indiana Pacers,F,24,95,8,27,182.2,2,2,100.0,6,17,200.0,3,19,22,8,8,4,5,5,26,54,46,32,30,106.28,43.480000000000004,31.45777777777778,5.924444444444444,387.1911111111111,255.52,178.77777777777777,134.11111111111111,7
220,Jared Butler,Washington Wizards,SG,50,147,22,53,443.5,5,5,300.0,1,14,16.7,3,11,14,34,13,4,13,1,-29,98,64,84,48,168.80609418282552,18.371191135734072,69.4764542936288,0.9196675900277009,496.3324099722991,211.36011080332412,404.6260387811634,137.0,9
221,Jared Rhoden,Detroit Pistons,G,2,13,1,2,50.0,0,0,0.0,0,0,0.0,0,1,1,1,0,0,1,2,2,4,3,3,2,0.0,0.0,0.0,0.0,0.0,0.0,0.0,0.0,1
222,Jaren Jackson Jr.,Memphis Grizzlies,PF,228,339,76,183,424.2,56,74,752.2,20,57,363.9,13,46,59,30,36,16,33,17,-76,317,287,258,89,349.42561983471074,142.83471074380165,38.049586776859506,10.020661157024794,734.0041322314049,772.5,366.91322314049586,124.90082644628099,10
223,Jarred Vanderbilt,Los Angeles Lakers,PF,68,142,26,42,412.7,13,17,375.0,3,5,166.7,12,22,34,12,8,16,11,2,23,114,102,80,46,111.33333333333334,59.333333333333336,18.0,3.5,362.0,274.0,157.33333333333334,119.33333333333334,6
224,Jarrett Allen,Cleveland Cavaliers,C,179,348,65,116,554.3,49,63,784.7,0,0,0.0,28,88,116,23,11,6,14,14,-12,318,295,202,139,424.88429752066116,178.2791551882461,25.874196510560147,0.0,920.21854912764,821.2185491276399,503.11111111111114,224.9265381083563,10
225,Jason Preston,Utah Jazz,G,4,25,2,6,66.6,0,0,0.0,0,0,0.0,2,4,6,7,1,0,1,0,10,17,10,11,13,0.09876543209876552,2.0987654320987654,4.802469135802469,0.0,13.888888888888888,2.3950617283950617,5.246913580246913,13.246913580246911,2
226,Javon Freeman-Liberty,Toronto Raptors,G,24,66,7,16,148.8,8,9,280.0,2,8,83.3,1,10,11,7,5,0,3,2,-2,42,35,31,18,130.44444444444446,14.08641975308642,4.530864197530865,1.308641975308642,237.1111111111111,209.2716049382716,146.9012345679012,30.0,4
227,Jaxson Hayes,Los Angeles Lakers,C,50,147,20,27,643.4,10,16,400.0,0,1,0.0,13,31,44,2,18,2,9,4,1,96,94,52,46,82.75624256837098,93.94530321046373,4.057074910820452,0.0,227.2104637336504,216.12366230677765,85.76218787158146,106.0832342449465,10
228,Jay Huff,Denver Nuggets,C,3,5,1,2,50.0,0,0,0.0,1,2,50.0,0,0,0,0,2,0,0,0,-3,3,3,3,0,3.0625,0.5625,0.0,0.5625,1.0,1.0,3.0625,0.5625,1
229,Jaylen Brown,Boston Celtics,SG,299,331,118,219,549.2,35,53,662.1,28,70,405.8,15,47,62,34,26,12,14,0,151,395,361,333,96,578.7644628099175,97.60743801652893,13.78925619834711,21.421487603305785,861.4917355371898,905.8760330578515,521.7768595041323,124.0,10
230,Jaylin Williams,Oklahoma City Thunder,F,42,130,15,30,450.0,2,3,150.0,10,20,466.6,5,29,34,13,14,3,3,4,70,89,76,55,47,60.11479591836735,60.62244897959183,10.10204081632653,4.816326530612244,211.61479591836732,186.74744897959184,79.24744897959184,76.45918367346938,10
231,Jayson Tatum,Boston Celtics,SF,278,346,92,197,476.5,56,64,870.9,38,82,466.1,9,62,71,54,19,7,25,4,155,403,349,332,125,303.60493827160496,100.54458161865568,52.927297668038406,23.635116598079563,366.6790123456791,480.28120713305896,218.0301783264746,125.44444444444446,10
232,Jeenathan Williams,Houston Rockets,G,8,17,4,7,66.7,0,2,0.0,0,0,0.0,2,1,3,0,4,0,0,0,17,11,11,8,3,45.969387755102034,1.7346938775510201,0.09183673469387754,0.0,61.163265306122454,64.01020408163265,43.79591836734694,1.1530612244897958,2
233,Jeff Dowtin,Philadelphia 76ers,G,16,57,6,11,123.8,0,0,0.0,4,8,116.7,0,4,4,8,0,3,3,1,12,28,20,24,12,72.0,6.0,22.0,4.0,216.0,106.0,162.0,48.0,4
234,Jeff Green,Houston Rockets,PF,47,143,17,44,336.4,6,10,225.0,7,20,375.0,2,11,13,9,5,3,4,3,-39,69,60,56,22,139.97606659729448,19.94484911550468,7.0,4.130072840790843,223.01456815816857,213.2403746097815,153.62122788761707,23.073881373569197,10
235,Jerami Grant,Portland Trail Blazers,SF,169,342,56,142,386.6,38,46,711.3,19,49,402.0,6,19,25,35,18,14,28,2,-77,229,194,204,60,473.98961937716257,45.9204152249135,32.71626297577855,5.083044982698962,888.6262975778548,739.6678200692041,583.0934256055364,118.49134948096886,10
236,Jeremiah Robinson-Earl,New Orleans Pelicans,F,22,75,8,19,209.6,4,7,80.0,2,8,100.0,9,8,17,9,5,3,2,1,25,48,39,31,26,56.49134948096886,29.422145328719726,28.377162629757784,1.3910034602076125,198.0,134.96539792387546,97.53979238754326,79.78546712802768,6
237,Jeremy Sochan,San Antonio Spurs,F,143,320,55,123,441.3,20,25,683.4,13,41,266.6,22,57,79,33,28,5,20,10,18,255,222,176,112,354.853515625,25.994140625,44.4765625,14.181640625,302.2890625,361.90625,287.212890625,78.494140625,10
238,Jericho Sims,New York Knicks,C,29,195,12,14,516.7,5,8,113.3,0,0,0.0,21,30,51,11,11,4,6,6,-13,91,80,40,62,105.48979591836735,52.900226757369616,13.281179138321995,0.0,324.9183673469388,228.5668934240363,176.02267573696145,92.0,10
239,Jerome Robinson,Golden State Warriors,SG,10,17,4,10,40.0,1,2,50.0,1,6,16.7,0,0,0,1,1,0,0,1,-2,11,10,11,1,61.5621301775148,0.21301775147928997,0.4792899408284023,0.7159763313609467,65.23668639053254,54.53254437869823,72.90532544378698,0.053254437869822466,1
240,Jett Howard,Orlando Magic,G,0,5,0,1,0.0,0,0,0.0,0,1,0.0,0,0,0,0,1,0,0,0,-5,0,0,0,0,0.36,0.0,0.0,0.04000000000000001,0.36,0.36,0.36,0.0,1
241,Jevon Carter,Chicago Bulls,PG,41,150,17,38,405.20000000000005,1,2,50.0,6,19,191.7,2,9,11,13,9,4,4,2,5,65,52,54,24,165.61117717003566,11.680142687277051,8.319857312722949,6.772889417360285,245.49227110582643,208.0,188.87514863258025,34.22829964328181,10
242,Jimmy Butler,Miami Heat,SF,215,351,74,148,502.8,58,74,773.8,9,25,408.3,16,39,55,55,15,16,19,6,49,325,270,270,110,423.4580498866213,56.54648526077097,56.13832199546485,7.2811791383219955,675.1859410430839,442.2040816326531,637.1020408163266,132.02267573696145,10
243,Jock Landale,Houston Rockets,C,68,158,25,44,509.6,15,18,430.0,3,7,250.0,20,20,40,14,20,3,3,13,54,122,108,82,54,156.736,39.29599999999999,32.544,2.296,308.416,226.06399999999996,238.22400000000002,72.704,10
244,Joe Harris,Detroit Pistons,SF,2,12,1,3,33.3,0,0,0.0,0,1,0.0,0,0,0,0,1,0,0,0,-5,2,2,2,0,0.0,0.0,0.0,0.0,0.0,0.0,0.0,0.0,1
245,Joe Ingles,Orlando Magic,SG,38,160,12,23,405.0,5,6,250.0,9,18,375.0,1,11,12,29,10,5,10,0,9,79,50,67,41,102.0,10.216409036860881,47.884661117717,9.080856123662308,159.0808561236623,116.00951248513675,132.22948870392392,70.94292508917955,10
246,Joel Embiid,Philadelphia 76ers,C,45,61,16,38,82.8,9,12,170.0,4,10,83.3,2,12,14,5,6,2,10,0,-41,64,59,50,19,144.5,0.0,0.5,0.0,162.0,144.5,162.0,0.5,2
247,John Collins,Utah Jazz,PF,162,297,62,111,547.4,25,33,754.2,13,32,372.2,21,69,90,11,29,4,17,15,4,263,252,173,101,307.625,113.34693877551022,9.75765306122449,10.798469387755102,555.0,547.2576530612246,308.34693877551024,130.125,10
248,John Konchar,Memphis Grizzlies,SG,66,274,22,47,470.8,10,11,366.7,12,26,501.6,19,40,59,27,19,14,17,12,7,152,125,93,86,99.05621301775147,83.3639053254438,10.215976331360947,5.86094674556213,288.63017751479293,201.84023668639054,153.98224852071007,125.44378698224853,10
249,Johnny Davis,Washington Wizards,G,31,144,12,37,308.3,3,4,150.0,4,14,183.3,3,12,15,8,12,3,1,4,-51,54,46,39,23,79.32908163265307,12.551020408163264,9.604591836734695,4.53061224489796,151.0612244897959,117.17602040816327,115.24489795918367,20.125,10
250,Johnny Juzang,Utah Jazz,G,41,93,16,32,226.9,0,0,0.0,9,21,169.2,2,12,14,3,4,0,3,0,7,58,55,44,17,203.81656804733728,10.857988165680473,1.8816568047337277,18.0887573964497,227.7041420118343,253.79881656804733,180.1242603550296,10.337278106508876,5
251,Jonas Valanciunas,New Orleans Pelicans,C,63,181,24,56,394.6,11,12,475.0,4,11,250.0,16,57,73,17,17,1,13,7,33,153,136,80,90,229.69237832874197,65.44995408631773,21.628099173553718,4.494031221303949,519.8099173553718,450.0,307.1772268135905,79.40312213039483,10
252,Jonathan Isaac,Orlando Magic,PF,89,168,34,54,672.3,8,10,316.7,13,20,535.0,15,35,50,5,5,5,5,13,55,144,139,94,55,102.36105860113423,34.30245746691872,4.618147448015123,13.952741020793953,167.67863894139884,190.21361058601136,87.44801512287333,31.298676748582228,10
253,Jonathan Kuminga,Golden State Warriors,PF,208,288,80,153,508.59999999999997,40,47,765.0,8,21,283.4,12,33,45,21,28,9,20,6,-7,274,253,229,66,346.10284664830124,73.3287419651056,12.96510560146924,9.603305785123966,505.49678604224056,514.1404958677685,341.97520661157023,81.77777777777777,10
254,Jontay Porter,Toronto Raptors,C,54,157,19,44,335.6,5,8,125.0,11,28,255.4,11,26,37,27,13,10,10,8,-15,118,91,81,64,273.1280276816609,44.128027681660896,32.62629757785467,20.95155709342561,561.0242214532872,399.51211072664364,402.19723183391005,109.19723183391004,10
255,Jordan Clarkson,Utah Jazz,PG,174,327,64,151,396.6,29,32,757.9,17,59,244.1,7,28,35,60,19,10,22,0,-76,269,209,234,95,814.0,107.44444444444446,81.07029478458051,20.83673469387755,1289.530612244898,1206.7777777777778,873.736961451247,211.53061224489798,10
256,Jordan Goodwin,Memphis Grizzlies,G,69,232,28,81,330.5,5,12,225.0,8,28,229.89999999999998,13,28,41,37,16,15,14,10,-59,147,110,106,78,85.28515625,128.0625,77.28515625,2.94140625,402.0625,251.44140625,102.0,339.25390625,9
257,Jordan Hawkins,New Orleans Pelicans,G,46,131,16,58,271.5,4,5,150.0,10,39,210.0,3,13,16,6,8,0,2,2,2,68,62,52,22,170.27777777777777,18.600694444444443,6.444444444444445,10.434027777777779,232.68402777777783,199.8506944444444,204.5,23.65625,10
258,Jordan McLaughlin,Minnesota Timberwolves,PG,50,147,17,31,494.4,4,4,200.0,12,21,369.4,3,18,21,24,10,6,4,2,57,95,71,74,45,164.0,29.994082840236683,19.707100591715978,22.168639053254438,235.1390532544379,234.60946745562129,158.9378698224852,55.29289940828403,10
259,Jordan Miller,LA Clippers,G,4,5,1,1,100.0,2,2,100.0,0,0,0.0,0,1,1,0,0,0,0,0,3,5,5,4,1,8.16326530612245,0.32653061224489793,0.0,0.0,11.755102040816329,11.755102040816329,8.16326530612245,0.32653061224489793,1
260,Jordan Nwora,Toronto Raptors,SF,82,155,32,72,370.3,8,9,375.0,10,33,251.6,5,36,41,8,8,8,6,4,-7,131,123,90,49,329.77777777777777,45.017361111111114,3.8506944444444446,8.069444444444445,404.9027777777778,440.40625,293.90625,49.23611111111111,10
261,Jordan Poole,Washington Wizards,SG,187,272,70,154,437.1,17,19,630.0,30,77,386.6,4,25,29,44,29,8,26,5,-108,260,216,231,73,756.1999999999999,30.387755102040817,40.4734693877551,22.130612244897957,553.5999999999999,672.4734693877551,635.1877551020408,73.0,10
262,Jordan Walsh,Boston Celtics,G,2,27,1,4,100.0,0,0,0.0,0,2,0.0,2,4,6,1,5,2,2,1,24,9,8,3,7,2.08,9.28,1.48,0.0,0.5199999999999999,2.7200000000000006,6.12,4.5200000000000005,2
263,Jose Alvarado,New Orleans Pelicans,PG,67,207,24,61,408.4,5,8,250.0,14,32,483.3,3,16,19,25,17,12,11,3,54,111,86,92,44,52.80499405469679,9.209274673008323,55.737217598097494,4.401902497027349,139.19738406658738,44.48038049940547,142.52080856123663,69.94768133174792,10
264,Josh Giddey,Oklahoma City Thunder,SG,131,229,58,109,523.9,4,5,250.0,11,36,336.9,15,41,56,39,16,7,21,4,28,226,187,170,95,219.025390625,76.400390625,26.9765625,2.9140625,560.5,402.3515625,337.962890625,142.587890625,10
265,Josh Green,Dallas Mavericks,SG,67,259,28,55,498.7,4,5,80.0,7,23,270.0,11,24,35,13,16,11,9,2,-34,115,102,80,48,175.42568370986916,41.573127229488705,10.20332936979786,7.416171224732463,227.9346016646849,241.15576694411413,176.20927467300828,37.77170035671819,10
266,Josh Hart,New York Knicks,SG,130,428,50,130,388.3,15,23,416.6,15,54,242.2,25,106,131,60,26,15,17,5,19,321,261,190,191,200.8515625,208.65625,112.7890625,18.697265625,875.15625,476.0390625,451.625,469.7890625,10
267,Josh Minott,Minnesota Timberwolves,F,0,5,0,0,0.0,0,0,0.0,0,0,0.0,0,4,4,0,0,0,0,0,6,4,4,0,4,4.313609467455622,9.946745562130177,0.02366863905325444,0.14792899408284024,0.8520710059171595,1.1597633136094678,4.976331360946745,9.0,1
268,Josh Okogie,Phoenix Suns,SF,46,141,15,32,423.8,10,11,350.0,6,14,300.0,16,6,22,10,4,8,10,2,6,78,68,56,32,116.44982698961938,13.598615916955017,8.13840830449827,6.422145328719724,170.26989619377161,161.01730103806227,120.75432525951557,26.685121107266436,10
269,Josh Richardson,Miami Heat,SG,98,211,38,76,433.2,6,6,200.0,16,45,301.7,4,26,30,19,16,5,3,2,3,147,128,117,49,296.8888888888889,20.0,10.88888888888889,27.555555555555557,468.0,427.55555555555554,344.0,24.22222222222222,9
270,Joshua Primo,LA Clippers,G,0,5,0,1,0.0,0,0,0.0,0,0,0.0,1,0,1,0,0,0,1,0,1,1,1,0,1,0.0,0.0,0.0,0.0,0.0,0.0,0.0,0.0,1
271,Jrue Holiday,Boston Celtics,PG,114,323,45,81,564.5,4,4,200.0,20,44,531.8,8,25,33,55,13,14,17,11,120,202,147,169,88,82.8,48.584,52.535999999999994,6.0,211.904,169.864,165.576,60.384,10
272,Jules Bernard,Washington Wizards,G,37,62,14,27,346.2,3,5,200.0,6,11,285.0,6,5,11,9,3,1,3,1,21,57,48,46,20,178.62975778546715,12.657439446366782,15.01038062283737,6.02076124567474,319.923875432526,237.9169550173011,254.30449826989621,34.0,5
273,Julian Champagnie,San Antonio Spurs,F,69,223,20,52,322.0,12,13,450.0,17,41,319.1,3,22,25,13,6,4,7,4,19,107,94,82,38,243.5744016649324,29.251821019771075,18.329864724245578,26.053069719042664,553.0,385.65244536940685,371.0905306971904,87.41311134235171,10
274,Julian Phillips,Chicago Bulls,F,39,132,13,31,272.9,7,8,266.7,6,13,283.4,6,12,18,5,12,5,3,1,-11,62,57,44,23,170.91975308641975,27.290123456790123,6.777777777777779,6.401234567901234,314.4444444444444,289.44444444444446,184.5493827160494,45.43827160493827,10
275,Julian Strawther,Denver Nuggets,G,9,27,3,11,37.5,2,2,100.0,1,8,20.0,0,3,3,4,1,1,2,0,-15,16,12,13,7,37.0,7.512396694214877,4.231404958677686,0.8347107438016528,108.4297520661157,76.69421487603304,61.59504132231405,18.884297520661153,2
276,Julius Randle,New York Knicks,PF,66,99,23,48,142.2,14,14,300.0,6,11,195.0,8,17,25,18,7,1,10,0,25,109,91,84,43,98.0,2.666666666666667,14.0,2.0,140.66666666666669,120.66666666666666,126.0,8.666666666666668,3
277,Justin Champagnie,Washington Wizards,SF,45,105,15,36,184.3,8,8,200.0,7,20,133.3,10,14,24,7,7,6,8,4,-46,76,69,52,31,194.75555555555556,65.4888888888889,5.4,7.2,539.6,473.0,235.0888888888889,97.15555555555555,5
278,Justin Holiday,Denver Nuggets,SF,47,157,18,34,463.70000000000005,0,0,0.0,11,24,326.7,0,13,13,19,11,4,2,3,19,79,60,66,32,211.864,10.296000000000001,43.815999999999995,14.936,369.57599999999996,252.784,304.544,78.224,10
279,Justin Minaya,Portland Trail Blazers,F,9,87,3,15,99.89999999999999,1,2,50.0,2,12,66.6,5,8,13,4,5,3,3,1,-46,26,22,13,17,17.49206349206349,16.142857142857142,2.1111111111111116,1.4444444444444442,41.49206349206349,46.777777777777786,13.634920634920634,16.825396825396826,7
280,Jusuf Nurkic,Phoenix Suns,C,100,271,41,74,602.1,18,42,392.9,0,3,0.0,46,100,146,40,35,6,35,13,10,286,246,140,186,101.85255648038051,566.218787158145,38.96313912009513,0.0,811.115338882283,852.2235434007134,76.66825208085612,589.2580261593341,10
281,Karl-Anthony Towns,Minnesota Timberwolves,C,193,306,66,146,451.8,41,47,734.2,20,56,341.5,20,55,75,29,33,8,24,8,98,297,268,222,104,265.0493827160493,98.62345679012346,46.91975308641975,18.771604938271604,548.530864197531,414.4012345679012,362.2777777777778,182.44444444444443,10
282,Kawhi Leonard,LA Clippers,SF,232,342,87,170,516.1,42,48,794.2,16,49,310.8,13,43,56,36,9,12,14,8,31,324,288,268,92,529.8053259871442,56.64830119375574,35.111111111111114,9.01744719926538,773.309458218549,694.0973370064279,577.0578512396695,123.71900826446281,10
283,Keegan Murray,Sacramento Kings,SF,145,360,52,119,412.4,20,23,525.0,21,61,321.2,16,43,59,16,30,13,8,9,-8,220,204,161,75,492.09999999999997,65.0,20.677777777777777,35.17777777777778,697.5111111111112,665.3000000000001,489.44444444444446,120.54444444444445,10
284,Keita Bates-Diop,Brooklyn Nets,SF,35,85,12,20,615.0,6,6,300.0,5,11,350.0,3,10,13,5,1,2,5,4,-13,53,48,40,18,42.939508506616264,16.168241965973536,4.7315689981096405,5.071833648393194,77.88846880907371,71.79584120982989,41.78071833648393,28.151228733459362,10
285,Keldon Johnson,San Antonio Spurs,SF,172,304,62,128,485.1,16,19,483.3,32,74,428.6,17,39,56,22,17,3,12,1,-19,250,228,194,78,306.4413265306123,55.88775510204081,19.625,27.543367346938773,413.55102040816337,431.03316326530626,317.8877551020408,46.58418367346939,10
286,Kelly Olynyk,Toronto Raptors,PF,135,272,50,96,483.8,23,31,537.1,12,30,408.3,20,35,55,41,39,16,27,8,-84,231,190,176,96,364.17346938775506,71.77551020408163,62.125,9.033163265306124,669.9617346938776,530.3367346938776,478.29846938775506,159.40051020408166,10
287,Kelly Oubre Jr.,Philadelphia 76ers,SG,189,321,68,164,396.8,40,53,634.5,13,51,219.5,17,40,57,20,30,7,18,7,-54,266,246,209,77,568.40625,86.125,21.1640625,11.0,1046.1015625,847.90625,719.5390625,154.3515625,10
288,Kendall Brown,Indiana Pacers,SG,0,7,0,0,0.0,0,0,0.0,0,0,0.0,0,0,0,0,0,0,0,0,4,0,0,0,0,1.234567901234568,0.0,0.308641975308642,0.0,2.777777777777778,1.234567901234568,2.777777777777778,0.308641975308642,1
289,Kenneth Lofton Jr.,Philadelphia 76ers,F,2,5,1,4,25.0,0,0,0.0,0,2,0.0,0,1,1,0,0,0,0,0,-4,3,3,2,1,0.0,0.0,0.0,0.0,0.0,0.0,0.0,0.0,1
290,Kenrich Williams,Oklahoma City Thunder,SF,20,101,8,23,281.7,0,0,0.0,4,15,150.0,9,22,31,12,11,3,3,1,21,63,51,32,43,90.22268470343393,43.761706555671175,14.905306971904265,6.618106139438085,167.684703433923,142.81061394380856,93.37565036420396,80.38813735691988,10
291,Kentavious Caldwell-Pope,Denver Nuggets,SG,104,319,38,76,492.9,7,7,300.0,21,45,435.0,3,18,21,26,21,18,10,8,54,151,125,130,47,213.90532544378698,16.90532544378698,21.763313609467456,21.48224852071006,242.32544378698225,258.62130177514797,198.63905325443784,37.639053254437876,10
292,Kenyon Martin Jr.,Philadelphia 76ers,F,45,159,18,33,518.8,6,8,350.0,3,5,250.0,9,22,31,12,27,4,7,3,-22,88,76,57,43,92.51111111111112,54.24444444444445,13.700000000000001,2.0999999999999996,345.8777777777778,245.11111111111111,160.94444444444446,100.27777777777777,10
293,Keon Ellis,Sacramento Kings,G,49,201,19,36,404.2,1,2,50.0,10,21,320.0,9,20,29,16,23,16,6,8,58,94,78,65,45,205.74376417233563,25.68934240362812,48.48979591836735,12.022675736961451,242.40362811791383,261.60090702947844,180.77777777777777,79.94784580498866,10
294,Keon Johnson,Brooklyn Nets,G,12,26,3,8,73.3,4,4,100.0,2,4,133.3,2,1,3,2,2,2,2,0,-9,17,15,14,5,18.88888888888889,0.5555555555555556,2.2222222222222223,0.22222222222222227,27.222222222222225,13.888888888888888,34.0,1.0,2
295,Kessler Edwards,Sacramento Kings,SF,12,46,4,11,106.7,1,2,50.0,3,8,91.7,0,8,8,2,6,2,0,1,9,22,20,14,10,44.449999999999996,15.8125,1.6500000000000001,4.2125,58.7125,55.1125,41.0,24.512500000000003,5
296,Kevin Durant,Phoenix Suns,PF,270,383,101,202,488.1,47,59,805.6,21,53,376.2,6,63,69,39,15,8,36,9,-8,378,339,309,108,1285.202913631634,62.42351716961498,43.98855359001041,19.961498439125908,1545.8168574401664,1413.8969823100938,1344.7502601456818,178.7845993756504,10
297,Kevin Huerter,Sacramento Kings,SG,72,231,29,79,330.1,2,4,100.0,12,45,205.0,6,24,30,25,23,8,11,2,5,127,102,97,55,306.8156956004756,30.011890606420927,4.5267538644470875,17.671819262782403,477.78002378121283,461.78359096313915,310.7764565992866,46.574316290130795,10
298,Kevin Knox II,Detroit Pistons,SF,22,89,9,26,148.9,3,3,200.0,1,11,33.3,3,11,14,4,9,2,6,0,21,40,36,26,18,115.33333333333334,19.333333333333336,3.3333333333333335,0.8333333333333335,167.33333333333331,188.0,101.33333333333334,16.0,6
299,Kevin Love,Miami Heat,PF,88,158,30,62,483.6,10,14,208.3,18,45,387.4,10,55,65,19,20,3,10,3,31,172,153,107,84,362.530612244898,61.03061224489795,13.244897959183673,16.97959183673469,574.7448979591837,534.5,405.0,72.05102040816325,10
300,Kevon Looney,Golden State Warriors,F,21,103,9,19,483.3,3,7,75.0,0,0,0.0,8,21,29,12,15,1,5,4,37,62,50,33,41,28.11111111111111,20.017361111111114,7.65625,0.0,22.625,36.65625,14.517361111111109,27.236111111111107,10
301,Keyontae Johnson,Oklahoma City Thunder,F,5,39,2,8,66.7,0,0,0.0,1,2,100.0,2,4,6,2,4,0,2,0,-15,13,11,7,8,20.0,7.0,1.2653061224489797,0.8163265306122451,29.69387755102041,35.0,17.26530612244898,5.6938775510204085,5
302,Keyonte George,Utah Jazz,G,184,312,63,146,385.4,31,35,592.5,27,66,370.1,0,28,28,53,12,5,32,3,-67,265,212,237,81,881.3943808532778,17.70655567117586,58.821019771071796,41.778355879292405,1233.978147762747,1038.7429760665973,1066.8480749219561,86.30905306971904,10
303,Khris Middleton,Milwaukee Bucks,SF,114,203,43,87,367.1,16,18,437.5,12,30,326.6,6,26,32,40,24,7,13,2,18,186,146,154,72,250.12,38.68,48.0,3.4800000000000004,407.12000000000006,258.72,411.71999999999997,73.48,7
304,Killian Hayes,Detroit Pistons,PG,18,79,7,14,209.6,1,3,33.3,3,6,100.0,0,15,15,20,4,0,5,2,-12,53,33,38,35,27.0,18.75,54.0,2.75,252.75,74.75,153.0,124.75,4
305,Kira Lewis Jr.,Utah Jazz,PG,0,7,0,0,0.0,0,0,0.0,0,0,0.0,0,0,0,0,0,0,0,0,-10,0,0,0,0,0.1111111111111111,0.027777777777777776,0.25,0.0,1.0,0.25,0.6944444444444445,0.4444444444444444,1
306,Klay Thompson,Golden State Warriors,SG,171,261,60,141,437.2,14,16,516.7,37,86,418.0,6,24,30,22,11,9,11,3,-33,223,201,193,52,523.7242455775234,24.84287200832466,51.606659729448495,20.43808532778356,575.738813735692,502.2341311134235,625.0790842872009,48.59937565036421,10
307,Kobe Brown,LA Clippers,G,2,27,1,5,100.0,0,0,0.0,0,2,0.0,4,5,9,2,4,0,3,0,-23,13,11,4,11,3.081632653061224,10.510204081632653,1.5102040816326534,0.02040816326530612,17.081632653061224,10.183673469387756,3.0,19.0,4
308,Kobe Bufkin,Atlanta Hawks,G,27,81,11,31,158.4,1,2,50.0,4,14,115.0,1,10,11,14,6,3,4,1,21,52,38,41,25,72.63265306122449,3.9795918367346945,14.959183673469388,2.836734693877551,134.6326530612245,95.83673469387756,113.83673469387753,16.53061224489796,5
309,Kris Dunn,Utah Jazz,G,50,215,21,49,381.4,1,2,50.0,7,20,325.0,8,15,23,30,22,12,10,2,-38,103,73,80,53,127.34693877551018,15.53316326530612,22.15561224489796,6.471938775510204,269.0,165.3698979591837,207.46173469387756,61.20408163265307,10
310,Kris Murray,Portland Trail Blazers,F,76,293,30,71,452.1,9,14,391.7,7,33,223.3,13,35,48,24,21,5,11,7,13,148,124,100,72,238.4079084287201,63.67950052029136,34.268470343392295,4.105098855359001,477.8210197710718,349.6295525494277,285.4776274713839,179.0697190426639,10
311,Kristaps Porzingis,Boston Celtics,C,225,291,73,149,506.6,51,54,852.8,28,60,507.8,16,64,80,18,23,6,12,15,114,323,305,243,98,281.4765625,89.40625,13.625,11.7265625,569.5390625,577.2265625,291.4140625,85.40625,10
312,Kyle Anderson,Minnesota Timberwolves,SF,80,271,33,72,422.9,12,16,500.0,2,8,100.0,7,35,42,49,22,7,9,7,54,171,122,129,91,152.625,40.15561224489796,31.676020408163268,1.6045918367346936,264.0433673469388,265.03061224489795,148.55102040816325,74.91836734693878,10
313,Kyle Kuzma,Washington Wizards,SF,245,345,92,177,533.3,43,53,855.3,18,50,283.3,6,65,71,44,19,8,29,9,-81,360,316,289,115,396.0999999999999,74.41111111111111,57.61111111111111,28.0,662.9444444444446,617.1111111111112,450.9111111111111,123.04444444444445,10
314,Kyle Lowry,Philadelphia 76ers,PG,89,302,28,71,365.2,17,18,675.0,16,44,305.4,3,30,33,50,20,13,12,2,-36,172,122,139,83,230.9224376731302,24.61218836565097,90.23268698060943,16.720221606648202,374.26038781163436,292.3490304709141,264.4072022160665,163.27146814404432,10
315,Kyrie Irving,Dallas Mavericks,PG,239,355,93,191,489.2,27,27,700.0,26,74,333.3,10,42,52,53,17,12,21,4,-36,344,291,292,105,385.40054869684496,32.03017832647462,138.94787379972564,24.0,974.0219478737997,475.0,840.5679012345681,214.83264746227707,10
316,LaMelo Ball,Charlotte Hornets,PG,32,55,12,37,66.1,5,6,150.0,3,17,34.7,1,5,6,15,10,3,7,0,-49,53,38,47,21,2.0,2.0,0.5,0.5,4.5,8.0,0.5,0.5,2
317,Lamar Stevens,Memphis Grizzlies,PF,111,215,46,97,495.5,13,18,333.3,6,15,425.0,12,32,44,7,18,7,12,7,-20,162,155,118,51,211.0,48.44444444444444,6.111111111111112,2.4444444444444446,334.9777777777778,267.17777777777775,274.44444444444446,58.91111111111111,10
318,Landry Shamet,Washington Wizards,SG,55,184,20,55,273.1,7,7,300.0,8,35,104.1,4,10,14,8,12,4,9,2,-68,77,69,63,22,330.90000000000003,22.5,5.700000000000001,15.624999999999998,463.7,413.80000000000007,373.0,35.99999999999999,10
319,Larry Nance Jr.,New Orleans Pelicans,PF,64,221,26,42,597.0,10,12,366.7,2,7,133.3,17,32,49,21,19,9,9,3,41,134,113,85,70,163.74744897959184,47.08418367346939,11.390306122448981,1.6734693877551021,282.890306122449,262.0612244897959,185.77551020408163,57.27551020408163,10
320,Lauri Markkanen,Utah Jazz,PF,200,337,66,161,411.9,41,44,856.7,27,75,347.4,18,53,71,22,13,8,21,4,-68,293,271,222,93,187.95567867036013,123.19390581717451,51.601108033241,23.74238227146814,580.8171745152355,375.24930747922434,359.8227146814404,208.49584487534625,10
321,LeBron James,Los Angeles Lakers,SF,281,362,107,183,584.2,42,55,708.4,25,57,421.6,7,66,73,96,13,11,34,5,26,450,354,377,169,395.6360946745562,77.35207100591717,25.04437869822485,26.8698224852071,295.78994082840234,272.68639053254435,446.13609467455626,75.0,10
322,Leaky Black,Charlotte Hornets,F,27,151,8,25,232.1,7,10,275.0,4,10,150.0,5,21,26,13,12,2,3,2,-31,66,53,40,39,88.0,30.96,8.41,8.25,118.49000000000001,84.96000000000001,110.40999999999998,50.49,9
323,Leonard Miller,Minnesota Timberwolves,F,0,5,0,1,0.0,0,0,0.0,0,0,0.0,0,0,0,2,0,0,0,0,8,2,0,2,2,0.0625,0.390625,0.5625,0.0,0.015625,0.765625,0.25,0.015625,1
324,Lester Quinones,Golden State Warriors,G,58,162,20,53,357.0,9,13,325.0,9,31,250.0,8,18,26,11,17,2,5,0,-34,95,84,69,37,193.76736111111106,18.73611111111111,14.90625,10.90625,254.11111111111111,286.60069444444446,178.56944444444443,16.350694444444446,10
325,Lindy Waters III,Oklahoma City Thunder,F,29,66,10,21,323.3,0,0,0.0,9,19,283.3,1,14,15,4,6,1,3,2,-33,48,44,33,19,92.87109375,27.02734375,4.18359375,11.08984375,223.65234375,186.9375,114.359375,46.4375,7
326,Lonnie Walker IV,Brooklyn Nets,G,77,163,29,77,361.5,3,4,150.0,16,44,222.4,0,18,18,5,18,3,8,4,12,100,95,82,23,542.013079667063,17.607609988109395,5.356718192627825,35.05112960760999,736.4280618311534,693.9964328180737,576.1498216409037,31.25921521997622,10
327,Luguentz Dort,Oklahoma City Thunder,G,110,290,38,85,471.5,9,9,400.0,25,55,474.4,8,24,32,16,30,10,7,3,32,158,142,126,48,183.181640625,35.6015625,19.15625,17.125,251.666015625,196.869140625,238.447265625,54.2890625,10
328,Luka Doncic,Dallas Mavericks,PG,321,377,113,248,454.5,58,70,836.1,37,109,321.59999999999997,13,87,100,111,20,11,44,2,58,532,421,432,211,577.7653061224489,66.1734693877551,141.0,36.24744897959184,691.6734693877551,780.9591836734694,423.19387755102036,272.4591836734694,10
329,Luka Garza,Minnesota Timberwolves,C,45,61,16,35,240.8,6,8,200.0,7,20,233.3,8,6,14,1,8,2,3,1,-7,60,59,46,15,39.06122448979591,21.244897959183668,0.8826530612244897,2.0,110.35204081632651,104.55102040816324,43.25,23.739795918367342,5
330,Luka Samanic,Utah Jazz,F,42,107,13,39,288.8,12,14,450.0,4,19,178.3,5,19,24,5,9,1,5,4,-42,71,66,47,29,86.96,45.96,4.44,2.24,270.7733333333333,235.0,110.0933333333333,63.040000000000006,9
331,Luke Kennard,Memphis Grizzlies,SG,124,269,39,78,499.6,18,20,571.4,28,59,476.40000000000003,2,23,25,40,10,8,18,0,-65,189,149,164,65,417.6570247933884,7.243801652892563,86.97520661157026,24.202479338842977,601.0495867768595,436.9669421487603,556.7644628099174,119.19421487603307,10
332,Luke Kornet,Boston Celtics,C,62,177,25,39,598.4,12,12,400.0,0,0,0.0,20,26,46,11,11,3,2,12,64,119,108,73,57,237.77777777777777,91.68402777777777,30.944444444444443,0.0,656.8506944444445,506.40625,340.94444444444446,169.90625,10
333,Malachi Flynn,Detroit Pistons,PG,47,101,16,47,270.0,7,10,275.0,8,23,281.7,0,12,12,12,5,5,6,0,-43,71,59,59,24,142.7074829931973,8.938775510204083,14.000000000000004,6.421768707482992,277.11564625850343,209.2108843537415,199.7551020408163,33.795918367346935,9
334,Malaki Branham,San Antonio Spurs,G,113,218,41,95,398.2,16,18,441.7,15,41,273.7,6,14,20,22,14,3,17,1,-45,155,133,135,42,683.5374554102259,18.19024970273484,31.25564803804994,34.07253269916766,1007.2282996432817,773.4042806183115,898.2390011890607,68.56837098692034,10
335,Malcolm Brogdon,Portland Trail Blazers,PG,102,218,37,83,266.20000000000005,17,19,433.3,11,30,202.89999999999998,7,22,29,40,13,4,17,2,4,171,131,142,69,100.0,28.833333333333336,7.333333333333334,6.833333333333334,113.5,66.83333333333334,151.33333333333331,31.5,6
336,Malik Beasley,Milwaukee Bucks,SG,117,302,42,102,403.4,2,3,150.0,31,79,381.8,3,32,35,18,17,7,8,1,89,170,152,135,53,380.1045918367347,12.818877551020407,11.625,36.96173469387755,274.625,306.0,338.55102040816325,34.62244897959184,10
337,Malik Monk,Sacramento Kings,SG,207,298,78,171,436.8,27,31,780.0,24,67,357.2,8,38,46,58,28,7,20,1,47,311,253,265,104,860.65625,22.7265625,29.509765625,15.494140625,1061.525390625,993.6640625,890.087890625,90.666015625,10
338,MarJon Beauchamp,Milwaukee Bucks,F,30,42,10,16,350.0,7,8,175.0,3,7,200.0,2,9,11,1,4,1,3,0,-17,42,41,31,12,58.991735537190095,10.140495867768596,0.8677685950413222,1.8099173553719008,103.32231404958677,93.38016528925618,65.92561983471074,14.016528925619834,6
339,Marcus Morris Sr.,Cleveland Cavaliers,SF,14,20,5,7,71.4,0,0,0.0,4,5,80.0,0,4,4,0,3,0,0,0,9,18,18,14,4,7.111111111111108,0.11111111111111122,0.25,4.0,6.25,9.0,4.694444444444442,0.027777777777777877,1
340,Marcus Morris Sr.,Philadelphia 76ers,SF,40,98,16,38,166.7,4,4,200.0,4,13,103.3,0,14,14,3,5,2,6,1,-21,57,54,43,17,93.11111111111113,5.111111111111111,3.0,6.0,133.0,116.0,109.44444444444444,8.777777777777777,4
341,Marcus Sasser,Detroit Pistons,G,62,192,24,68,355.8,4,5,250.0,10,35,349.6,1,24,25,33,14,8,16,0,-43,120,87,95,58,147.056,23.4,31.576,10.784,301.6,233.49599999999998,204.60000000000002,65.536,10
342,Markelle Fultz,Orlando Magic,PG,66,168,29,70,363.6,8,11,233.3,0,4,0.0,13,19,32,14,10,3,13,3,-7,112,98,80,46,216.77126654064273,44.37429111531191,16.226843100189036,0.01890359168241966,356.4536862003781,303.4555765595463,253.8525519848771,76.51795841209831,10
343,Markieff Morris,Dallas Mavericks,PF,5,11,2,3,150.0,0,0,0.0,1,2,50.0,0,2,2,0,0,0,0,0,4,7,7,5,2,0.625,2.5,0.0,0.625,4.625,4.625,0.625,2.5,2
344,Marques Bolden,Charlotte Hornets,C,0,13,0,1,0.0,0,0,0.0,0,0,0.0,0,1,1,0,1,0,1,0,2,1,1,0,1,0.0,0.7551020408163267,0.0,0.0,0.7551020408163267,0.7551020408163267,0.0,0.7551020408163267,2
345,Marvin Bagley III,Washington Wizards,PF,119,262,53,102,492.7,10,14,383.3,3,8,250.0,40,46,86,16,13,7,8,11,-40,221,205,135,102,366.9111111111111,136.0,12.577777777777778,2.2000000000000006,625.0,593.0444444444445,373.0,174.44444444444446,10
346,Mason Jones,Sacramento Kings,G,1,13,0,3,0.0,1,2,50.0,0,2,0.0,1,3,4,4,0,0,0,0,10,9,5,5,8,0.0,0.0,0.0,0.0,0.0,0.0,0.0,0.0,1
347,Mason Plumlee,LA Clippers,C,48,117,17,29,603.3,14,20,391.7,0,0,0.0,11,35,46,13,16,3,10,4,4,107,94,61,59,60.59937565036421,105.16961498439127,12.392299687825181,0.0,231.94484911550467,225.9229968782518,71.27263267429761,112.91050988553592,10
348,Matisse Thybulle,Portland Trail Blazers,SG,75,232,28,57,448.9,6,9,250.0,13,32,368.3,8,23,31,21,15,19,12,8,-28,127,106,96,52,273.34444444444443,32.91111111111111,21.0,10.377777777777778,571.7,430.90000000000003,391.0777777777778,76.97777777777776,10
349,Matt Ryan,New Orleans Pelicans,F,26,54,9,21,200.0,0,0,0.0,8,17,194.4,1,8,9,2,5,0,2,0,-6,37,35,28,11,167.85185185185185,11.0,1.4074074074074074,14.518518518518519,268.1851851851852,257.5185185185185,177.85185185185185,13.074074074074074,6
350,Matthew Hurt,Memphis Grizzlies,F,32,110,12,33,215.9,3,3,200.0,5,19,233.4,9,7,16,4,8,3,2,3,-7,52,48,36,20,116.87573964497041,23.218934911242602,4.201183431952662,4.189349112426036,236.0,190.97041420118342,154.29585798816566,35.02958579881657,7
351,Max Christie,Los Angeles Lakers,G,42,123,15,32,606.9,5,7,300.0,7,17,320.0,3,12,15,11,2,1,3,2,-29,68,57,53,26,87.75857338820302,10.503429355281206,30.19067215363512,4.100137174211248,246.13717421124824,140.30864197530866,178.45404663923182,55.827160493827165,10
352,Max Strus,Cleveland Cavaliers,SG,118,312,42,93,422.4,12,15,316.7,22,62,318.5,11,20,31,48,25,6,16,4,-32,197,149,166,79,284.77562326869804,32.988919667590025,26.775623268698062,31.81717451523546,400.2908587257617,331.86426592797784,377.1024930747922,35.86426592797784,10
353,Maxi Kleber,Dallas Mavericks,PF,16,185,4,20,183.3,6,8,300.0,2,16,150.0,1,28,29,15,21,2,1,4,43,60,45,31,44,70.5,35.07777777777778,14.677777777777777,2.944444444444444,138.01111111111115,104.37777777777778,110.77777777777777,43.111111111111114,10
354,Maxwell Lewis,Los Angeles Lakers,F,0,5,0,1,0.0,0,0,0.0,0,1,0.0,0,0,0,2,0,0,0,0,-3,2,0,2,2,0.08163265306122448,0.0,2.9387755102040822,0.0,2.0408163265306123,0.08163265306122448,2.0408163265306123,2.9387755102040822,1
355,Micah Potter,Utah Jazz,C,21,40,7,8,200.0,3,3,200.0,4,4,200.0,2,5,7,1,2,0,0,0,7,29,28,22,8,42.120000000000005,0.6799999999999999,0.68,2.72,40.68,32.72,50.72,0.7199999999999999,3
356,Michael Porter Jr.,Denver Nuggets,SF,206,326,79,140,577.7,14,16,530.0,34,72,488.7,11,56,67,18,17,9,12,7,34,291,273,224,85,458.12841854934595,68.2627824019025,17.7217598097503,20.083234244946492,815.5208085612365,709.7728894173603,527.3579072532698,122.50297265160523,10
357,Mikal Bridges,Brooklyn Nets,SF,177,366,56,143,368.4,35,46,830.1,30,69,445.8,10,34,44,38,14,12,19,2,-37,259,221,215,82,646.212890625,40.447265625,33.625,20.0,616.9765625,670.9140625,590.744140625,75.603515625,10
358,Mike Conley,Minnesota Timberwolves,PG,121,297,41,93,399.4,23,25,563.3,16,51,266.6,10,25,35,47,19,12,15,1,-18,203,156,168,82,620.2270408163265,34.336734693877546,36.18622448979592,37.6045918367347,548.3469387755102,524.4413265306123,630.3367346938776,84.3188775510204,10
359,Mike Muscala,Oklahoma City Thunder,C,26,127,9,35,234.2,1,2,50.0,7,25,250.0,5,15,20,6,8,2,1,2,24,52,46,32,26,103.5206611570248,18.694214876033055,7.194214876033058,10.946280991735536,220.02066115702482,191.4710743801653,121.45867768595042,36.5,10
360,Miles Bridges,Charlotte Hornets,SF,208,390,85,188,451.1,22,30,546.4,16,62,231.0,11,70,81,40,12,8,19,3,-87,329,289,248,121,497.80408163265304,80.90204081632653,16.20408163265306,26.759183673469387,825.8000000000001,833.1469387755102,506.41632653061225,81.14693877551021,10
361,Miles McBride,New York Knicks,PG,113,294,41,89,422.1,8,9,283.3,23,50,396.4,7,11,18,30,24,10,5,2,-4,161,131,143,48,681.416015625,9.7265625,115.572265625,39.5390625,963.0390625,711.025390625,922.125,136.603515625,10
362,Mo Bamba,Philadelphia 76ers,C,51,188,20,39,525.1,4,4,100.0,7,15,333.4,13,35,48,8,26,5,11,10,-37,107,99,59,56,80.56480380499404,50.323424494649224,14.741973840665874,6.2294887039238995,133.25921521997623,105.0,103.80618311533888,70.0832342449465,10
363,Monte Morris,Minnesota Timberwolves,PG,54,166,20,48,538.6,5,8,225.0,9,19,383.3,3,12,15,30,3,7,2,1,7,99,69,84,45,47.15625,18.777777777777782,52.40277777777777,5.4444444444444455,204.76736111111114,87.68402777777779,133.1840277777778,102.23611111111113,10
364,Moritz Wagner,Orlando Magic,C,96,162,39,61,609.5,14,17,526.7,4,16,216.6,10,32,42,12,12,3,14,2,1,150,138,108,54,211.45778834720568,71.65755053507729,6.3234244946492275,2.4233055885850177,469.7550535077289,474.1593341260404,206.26159334126038,78.77288941736029,10
365,Moses Brown,Portland Trail Blazers,C,13,28,6,10,233.3,1,3,33.3,0,0,0.0,4,5,9,2,4,0,2,1,7,24,22,15,11,18.0,12.320000000000002,2.880000000000001,0.0,25.519999999999996,27.92,13.680000000000001,17.119999999999997,3
366,Moses Moody,Golden State Warriors,SG,87,209,34,78,438.6,9,12,233.3,10,36,225.4,10,28,38,6,14,10,8,8,28,131,125,93,44,213.44444444444443,60.784580498866205,2.4444444444444446,18.362811791383223,414.1020408163265,417.498866213152,218.7777777777778,54.498866213151935,10
367,Mouhamadou Gueye,Toronto Raptors,F,2,6,1,3,33.3,0,0,0.0,0,0,0.0,2,1,3,0,1,0,0,2,4,5,5,2,3,1.0,0.25,0.0,0.0,2.25,2.25,1.0,0.25,1
368,Moussa Diabate,LA Clippers,F,2,7,1,1,100.0,0,2,0.0,0,0,0.0,1,3,4,0,0,1,0,1,1,6,6,2,4,0.0,0.0,0.0,0.0,0.0,0.0,0.0,0.0,1
369,Myles Turner,Indiana Pacers,C,160,274,61,123,491.9,22,31,520.0,16,40,310.2,13,51,64,10,28,4,13,22,17,234,224,170,74,295.03316326530614,60.441326530612244,15.033163265306124,27.38775510204082,349.4005102040816,295.88775510204084,388.13265306122446,35.88775510204081,10
370,Naji Marshall,New Orleans Pelicans,SF,71,216,28,54,410.0,4,5,250.0,11,25,418.3,6,42,48,24,7,11,10,3,57,143,119,95,72,286.94444444444446,38.27777777777778,13.744444444444445,13.0,315.6111111111111,303.0,260.3777777777778,91.2,10
371,Nassir Little,Phoenix Suns,SF,9,50,3,12,133.3,0,0,0.0,3,8,200.0,0,10,10,3,6,0,1,2,-8,22,19,12,13,17.446366782006923,11.62975778546713,4.096885813148789,2.0968858131487886,50.730103806228385,43.318339100346016,21.626297577854675,18.958477508650518,5
372,Nate Hinton,Houston Rockets,G,12,22,4,7,110.0,2,3,66.7,2,3,66.7,1,5,6,3,4,1,1,2,10,21,18,15,9,48.05555555555556,6.722222222222221,1.3888888888888884,2.5,97.38888888888886,75.55555555555557,65.0,13.0,2
373,Nathan Mensah,Charlotte Hornets,C,4,59,2,5,66.7,0,0,0.0,0,0,0.0,4,6,10,1,13,2,1,4,-17,15,14,5,11,13.75,9.9375,0.859375,0.0,41.359375,44.4375,13.484375,7.984375,7
374,Naz Reid,Minnesota Timberwolves,C,169,280,60,128,467.5,21,28,559.2,28,62,408.4,11,57,68,22,21,6,11,15,22,259,237,191,90,828.911111111111,71.2,20.711111111111112,54.04444444444445,959.0,825.3111111111111,915.8,138.7111111111111,10
375,Neemias Queta,Boston Celtics,C,39,80,19,26,443.4,1,2,100.0,0,0,0.0,12,17,29,4,8,3,4,6,63,72,68,43,33,81.92561983471073,49.32231404958678,1.8099173553719006,0.0,232.97520661157026,228.1404958677686,88.3305785123967,49.56198347107437,7
376,Nic Claxton,Brooklyn Nets,C,133,305,55,81,699.0,23,36,550.5,0,1,0.0,18,76,94,27,26,6,13,18,-23,254,227,160,121,190.125,79.416015625,15.853515625,0.0,256.625,244.072265625,214.947265625,83.0,10
377,Nick Jr. Smith,Charlotte Hornets,G,53,164,17,59,301.1,8,9,187.5,11,32,275.0,2,10,12,17,19,4,5,0,8,82,65,70,29,239.0,10.423440453686199,21.0,15.907372400756145,305.9017013232514,243.6843100189036,282.0,50.64083175803404,10
378,Nick Richards,Charlotte Hornets,C,90,296,38,56,653.6,14,20,400.0,0,1,0.0,26,64,90,7,27,5,12,8,-27,187,180,97,97,281.25951557093424,153.04671280276818,10.100346020761245,0.0,396.583044982699,414.2993079584775,283.5051903114187,143.18512110726644,10
379,Nickeil Alexander-Walker,Minnesota Timberwolves,SG,110,285,39,81,474.1,12,14,433.3,20,44,425.0,9,19,28,25,13,9,9,5,34,163,138,135,53,456.6555671175858,38.0,21.647242455775235,24.16649323621228,598.5359001040583,562.5265348595213,453.3100936524454,99.00208116545267,10
380,Nicolas Batum,Philadelphia 76ers,PF,45,289,16,53,267.5,5,5,200.0,8,35,194.89999999999998,15,41,56,22,21,13,8,8,26,123,101,67,78,116.54253308128544,85.8109640831758,17.648393194706994,5.844990548204159,327.586011342155,261.2306238185255,150.10018903591683,136.2570888468809,10
381,Nikola Jokic,Denver Nuggets,C,265,376,105,182,577.8,45,51,884.8,10,27,218.7,27,93,120,70,18,13,32,9,78,455,385,335,190,668.5196195005946,128.10701545778835,90.56599286563616,18.0,975.3567181926278,843.0214030915577,800.3579072532699,219.17003567181922,10
382,Nikola Jovic,Miami Heat,F,65,201,24,53,447.4,6,9,250.0,11,31,406.6,2,38,40,18,17,8,10,4,14,123,105,83,58,50.57785467128028,44.865051903114185,21.10726643598616,2.9584775086505193,216.03806228373702,145.96193771626298,96.37024221453288,90.2560553633218,10
383,Nikola Vucevic,Chicago Bulls,C,200,337,87,171,501.0,11,13,400.0,15,40,364.9,27,75,102,26,22,5,20,3,-50,328,302,226,128,503.4859521331946,61.63371488033299,20.70343392299688,6.523413111342352,689.0197710718003,636.468262226847,570.2351716961498,68.13943808532778,10
384,Noah Clowney,Brooklyn Nets,F,8,41,3,6,50.0,0,0,0.0,0,2,0.0,3,4,7,5,2,2,1,0,-7,20,15,13,12,47.7603305785124,8.041322314049587,4.43801652892562,0.024793388429752067,97.09917355371901,90.7603305785124,50.29752066115703,16.28099173553719,3
385,Norman Powell,LA Clippers,G,153,282,54,116,463.2,21,27,525.0,24,68,384.1,3,29,32,16,23,10,10,2,0,201,185,169,48,363.20395421436007,32.3309053069719,17.00104058272633,20.40374609781478,435.0,481.80749219562955,306.2341311134235,59.494276795005206,10
386,O.G. Anunoby,New York Knicks,SF,83,194,33,70,262.7,9,14,243.3,8,28,138.3,3,24,27,12,12,16,13,5,107,122,110,95,39,402.875,55.0,6.0,8.375000000000002,243.37499999999997,243.375,412.875,51.0,6
387,Obi Toppin,Indiana Pacers,PF,86,187,35,59,556.4,9,11,450.0,7,22,250.0,9,33,42,11,15,4,6,6,24,139,128,97,53,287.3590010405827,50.0,18.3735691987513,6.213319458896982,505.05827263267435,484.19771071800204,294.1550468262227,82.43808532778355,10
388,Ochai Agbaji,Toronto Raptors,G,53,233,23,70,275.1,3,6,150.0,4,25,105.89999999999999,14,19,33,9,23,4,8,4,-88,95,86,62,42,168.5775034293553,71.49931412894377,6.923182441700959,2.7709190672153636,390.91495198902606,404.641975308642,159.89026063100138,73.38271604938272,10
389,Olivier Sarr,Oklahoma City Thunder,C,11,22,4,7,125.0,3,5,116.7,0,1,0.0,4,4,8,0,3,0,1,1,-14,19,19,11,8,34.92,6.920000000000002,0.0,0.0,59.68000000000001,59.68000000000001,34.92,6.920000000000002,3
390,OlivierMaxence Prosper,Dallas Mavericks,F,10,36,3,6,150.0,4,7,57.1,0,2,0.0,2,6,8,0,1,1,1,1,-14,18,18,10,8,25.76,12.0,0.0,0.0,72.16,72.16,25.76,12.0,4
391,Omer Yurtseven,Utah Jazz,C,33,65,15,21,269.0,3,5,150.0,0,1,0.0,10,12,22,3,8,1,3,6,-5,58,55,36,25,138.39999999999998,26.955555555555556,7.999999999999999,0.022222222222222223,250.2888888888889,207.35555555555553,171.6,44.68888888888889,5
392,Onuralp Bitim,Chicago Bulls,SF,55,167,23,51,449.7,1,2,50.0,8,27,206.7,6,16,22,10,14,2,4,2,-22,87,77,65,32,221.6703601108033,49.46260387811635,4.443213296398892,8.08864265927978,425.0,406.18005540166206,228.67313019390582,65.72299168975069,10
393,Onyeka Okongwu,Atlanta Hawks,PF,149,297,62,89,718.1,16,22,492.9,9,19,466.6,33,43,76,11,27,6,5,15,5,236,225,160,87,221.86390532544377,152.39053254437871,9.071005917159763,5.071005917159764,583.9171597633135,586.9763313609467,227.17159763313612,153.09467455621302,10
394,Orlando Robinson,Miami Heat,C,5,41,1,6,33.3,3,4,75.0,0,1,0.0,5,9,14,2,4,1,3,0,2,21,19,7,16,6.84,15.240000000000002,1.3600000000000003,0.0,27.56,21.0,7.56,22.439999999999998,4
395,Oscar Tshiebwe,Indiana Pacers,C,3,5,1,3,33.3,1,2,50.0,0,0,0.0,2,0,2,0,1,0,0,1,8,5,5,3,2,0.25,0.0,0.0,0.0,0.25,0.25,0.25,0.0,1
396,Oshae Brissett,Boston Celtics,SF,41,155,12,33,327.2,14,24,438.3,3,12,183.3,14,23,37,15,12,4,4,1,30,93,78,56,52,113.0,67.6111111111111,21.43402777777778,2.277777777777778,383.01736111111103,260.2777777777778,217.35069444444443,107.4340277777778,10
397,Ousmane Dieng,Oklahoma City Thunder,F,28,90,10,25,324.4,4,4,200.0,4,14,220.0,1,7,8,14,3,3,6,3,16,50,36,42,22,108.0,6.0,17.5,4.0,209.5,150.0,163.5,27.5,8
398,P.J. Tucker,LA Clippers,PF,16,101,6,16,133.3,0,0,0.0,4,10,183.4,7,10,17,2,6,1,3,4,-16,35,33,18,19,56.97520661157024,20.83471074380165,3.4710743801652892,4.413223140495868,150.70247933884298,118.96694214876032,76.01652892561984,37.0,6
399,P.J. Washington,Dallas Mavericks,PF,103,323,37,99,387.5,15,20,400.0,14,58,237.6,13,49,62,12,15,9,6,9,7,177,165,115,74,248.37557392102846,54.13039485766759,13.50413223140496,14.444444444444446,356.05785123966945,297.4297520661157,289.8135904499541,84.82460973370064,10
400,Paolo Banchero,Orlando Magic,PF,227,346,82,154,587.8,48,61,715.5,15,38,476.3,8,53,61,58,19,7,36,6,73,346,288,285,119,268.79149519890257,67.15363511659808,59.08367626886145,9.737997256515774,518.9190672153635,483.3827160493827,318.7009602194787,111.8641975308642,10
401,Pascal Siakam,Indiana Pacers,PF,196,318,81,154,525.0,30,39,671.8,4,18,141.6,24,64,88,32,24,9,14,6,-21,316,284,228,120,252.07284079084292,118.19771071800207,28.545265348595215,4.324661810613945,467.11550468262226,399.111342351717,284.4453694068679,182.37460978147763,10
402,Pat Connaughton,Milwaukee Bucks,SG,75,245,24,57,415.6,14,16,625.0,13,40,329.6,5,21,26,18,9,7,5,3,-25,119,101,93,44,214.072265625,24.259765625,26.134765625,13.0,355.400390625,307.6640625,251.4140625,60.7890625,10
403,Patrick Baldwin Jr.,Washington Wizards,F,43,147,15,53,272.6,5,8,210.0,8,33,171.9,6,33,39,12,13,6,5,3,-38,94,82,55,51,133.2479338842975,59.06198347107438,17.7396694214876,5.640495867768594,317.702479338843,221.0619834710744,199.78925619834712,106.90082644628099,10
404,Patrick Beverley,Milwaukee Bucks,PG,62,223,21,57,314.6,9,11,433.4,11,29,332.9,6,32,38,21,23,10,7,7,-17,121,100,83,59,176.0811654526535,78.84079084287201,32.3111342351717,8.912591050988555,452.63163371488037,401.5046826222685,243.0728407908429,95.28720083246618,10
405,Patrick Williams,Chicago Bulls,PF,6,24,2,9,22.2,2,2,100.0,0,5,0.0,0,6,6,2,5,0,2,2,-11,14,12,8,8,0.0,0.0,0.0,0.0,0.0,0.0,0.0,0.0,1
406,Patty Mills,Atlanta Hawks,PG,2,42,1,8,25.0,0,0,0.0,0,6,0.0,2,5,7,2,1,3,1,0,-1,11,9,4,9,19.90123456790123,5.6419753086419755,3.4197530864197523,1.0,33.04938271604937,18.77777777777778,34.111111111111114,9.123456790123456,4
407,Patty Mills,Miami Heat,PG,26,91,10,34,147.7,1,1,100.0,5,23,120.0,2,8,10,9,7,4,5,0,21,45,36,35,19,138.2962962962963,6.240740740740741,9.796296296296298,7.5,143.74074074074073,172.16666666666666,106.83333333333333,19.074074074074076,6
408,Paul George,LA Clippers,F,225,362,78,155,511.6,33,41,669.6,36,82,447.7,2,49,51,36,23,13,25,8,28,312,276,261,87,233.3100936524454,11.287200832466182,72.26847034339231,22.61810613943809,375.6982310093652,264.32674297606656,351.582726326743,76.65452653485953,10
409,Paul Reed,Philadelphia 76ers,SF,108,244,43,82,540.0,15,19,650.0,7,15,350.0,34,42,76,18,25,9,9,17,25,202,184,126,94,270.0,56.40587695133149,10.793388429752065,6.562901744719927,534.6758494031221,491.67860422405886,306.42975206611567,73.76675849403121,10
410,Payton Pritchard,Boston Celtics,PG,102,237,40,84,424.7,4,4,200.0,18,43,402.8,8,27,35,40,11,5,12,0,87,177,137,142,75,481.8644470868014,54.07253269916765,169.04399524375745,19.638525564803807,1272.3816884661119,619.7110582639714,1020.1593341260404,337.4922711058264,10
411,Peyton Watson,Denver Nuggets,F,62,188,27,64,404.0,5,10,150.0,3,21,225.0,3,28,31,9,16,6,5,10,11,102,93,71,40,148.5,21.3,17.3,2.6444444444444444,281.70000000000005,246.2,175.0,47.6,10
412,Precious Achiuwa,New York Knicks,PF,95,273,37,70,540.0,17,26,520.8,4,13,183.3,29,48,77,17,22,9,17,18,10,189,172,112,94,269.6640625,75.5390625,18.2265625,4.4765625,410.6015625,378.5,279.625,115.90625,10
413,Quentin Grimes,Detroit Pistons,SG,82,213,26,80,296.2,19,24,525.0,11,50,200.0,2,27,29,19,13,7,9,4,-12,130,111,101,48,312.44628099173553,35.19834710743802,14.900826446280991,10.900826446280991,442.06611570247935,483.0495867768595,277.6942148760331,43.86776859504132,10
414,R. Rupert,Portland Trail Blazers,G,28,115,9,24,338.1,4,4,200.0,6,13,325.0,7,11,18,10,14,3,7,0,-19,56,46,38,28,139.30666666666667,25.96,12.173333333333332,8.64,257.2266666666667,254.36,141.0,39.30666666666667,9
415,RJ Barrett,Toronto Raptors,SG,208,328,85,152,559.5,20,43,406.1,18,37,425.0,9,42,51,46,22,5,28,4,-39,305,259,254,97,255.64444444444445,58.24444444444445,50.577777777777776,15.777777777777777,454.77777777777777,307.8,398.8,112.64444444444445,10
416,Reggie Bullock,Houston Rockets,SF,28,111,10,22,441.6,0,0,0.0,8,19,399.9,1,18,19,3,4,5,3,0,22,50,47,31,22,33.2,31.4,2.0999999999999996,3.7,60.099999999999994,62.2,30.5,34.1,10
417,Reggie Jackson,Denver Nuggets,PG,54,154,23,68,301.0,0,0,0.0,8,27,310.0,1,12,13,21,13,2,8,1,23,88,67,75,34,116.80000000000001,6.5,29.799999999999997,5.777777777777779,148.5,108.09999999999998,143.0,50.5,10
418,Richaun Holmes,Washington Wizards,F,74,189,29,49,542.5,15,17,500.0,1,2,100.0,18,34,52,5,25,6,6,5,-48,131,126,79,57,241.73611111111111,93.15625,4.934027777777778,0.9340277777777779,614.1111111111112,582.1840277777777,273.18402777777777,98.56944444444444,10
419,Ricky IV Council,Philadelphia 76ers,G,71,131,24,56,394.0,22,31,592.5,1,13,25.0,7,20,27,5,7,0,3,1,-18,103,98,76,32,389.141975308642,90.94444444444446,4.623456790123457,1.0493827160493827,888.5,808.3456790123457,449.1111111111112,115.75308641975309,10
420,Robin Lopez,Milwaukee Bucks,C,6,23,3,9,37.5,0,0,0.0,0,2,0.0,1,0,1,1,3,1,0,2,-16,8,7,7,2,21.92,0.52,0.6800000000000002,0.0,24.48,29.0,18.28,0.32000000000000006,2
421,Royce O'Neale,Phoenix Suns,PF,82,302,29,82,358.2,4,4,200.0,20,59,355.2,7,47,54,39,19,7,7,5,27,175,136,121,93,384.5,44.577777777777776,47.74444444444445,20.27777777777778,649.4,586.6777777777778,425.84444444444443,113.69999999999999,10
422,Rudy Gobert,Minnesota Timberwolves,C,130,361,53,82,648.8,24,35,555.0,0,1,0.0,44,102,146,14,37,7,16,26,30,290,276,144,160,287.37603305785126,111.5206611570248,12.41322314049587,0.0,438.5165289256198,479.09504132231405,236.8305785123967,133.900826446281,10
423,Rui Hachimura,Los Angeles Lakers,PF,162,310,71,123,573.5,5,8,250.0,15,37,381.7,6,26,32,13,18,5,7,2,-3,207,194,175,45,413.7710718002081,32.101977107180026,8.213319458896981,12.502601456815817,339.00208116545264,356.26847034339227,393.13319458896984,43.686784599375656,10
424,Russell Westbrook,LA Clippers,PG,93,216,37,98,389.9,15,21,523.3,4,26,95.0,8,19,27,29,17,13,15,1,-10,149,120,122,56,193.55363321799308,25.844290657439448,33.636678200692046,4.7543252595155705,366.9792387543252,307.43252595155707,227.9515570934256,84.62975778546712,10
425,Ryan Arcidiacono,New York Knicks,G,0,5,0,1,0.0,0,0,0.0,0,1,0.0,0,0,0,0,1,1,0,0,3,0,0,0,0,0.0,0.0625,0.0,0.0,0.0625,0.0625,0.0,0.0625,1
426,Saben Lee,Phoenix Suns,G,35,98,9,28,194.29999999999998,15,20,416.7,2,9,83.3,3,15,18,17,6,4,2,0,11,70,53,52,35,190.68,24.479999999999997,5.720000000000001,1.5200000000000005,336.32,336.0,189.68,31.519999999999996,8
427,Saddiq Bey,Atlanta Hawks,SF,146,337,48,125,372.4,31,35,800.0,19,59,298.4,29,32,61,14,7,4,10,4,-23,221,207,160,75,398.90000000000003,67.125,9.625,14.9,439.4000000000001,478.32500000000005,362.225,74.5,10
428,Sam Hauser,Boston Celtics,SF,103,210,36,72,446.1,0,0,0.0,31,63,432.70000000000005,2,36,38,8,13,6,2,7,90,149,141,111,46,807.4444444444446,34.93827160493827,5.626886145404664,82.97256515775035,935.1536351165981,919.3456790123457,818.6515775034294,45.16598079561042,10
429,Sam Merrill,Cleveland Cavaliers,SG,91,245,28,82,330.8,8,8,400.0,27,78,334.1,4,22,26,25,14,3,4,3,0,142,117,116,51,340.9,46.944444444444436,63.044444444444444,41.21111111111111,559.1111111111111,447.31111111111113,463.6111111111111,99.07777777777777,10
430,Samardo Samuels,Houston Rockets,F,0,6,0,1,0.0,0,0,0.0,0,0,0.0,1,1,2,0,0,0,0,0,-5,2,2,0,2,1.44,1.9599999999999997,0.0,0.0,0.03999999999999998,0.03999999999999998,1.44,1.9599999999999997,1
431,Sandro Mamukelashvili,San Antonio Spurs,PF,20,47,10,16,296.7,0,1,0.0,0,2,0.0,8,3,11,5,5,2,0,0,21,36,31,25,16,61.83673469387756,13.5,6.918367346938775,0.0,142.1938775510204,98.76530612244899,89.12244897959182,36.56122448979592,6
432,Santi Aldama,Memphis Grizzlies,PF,128,335,49,111,449.5,12,19,441.7,18,53,302.6,12,48,60,26,16,9,16,14,-85,214,188,154,86,192.48979591836735,28.318877551020407,39.47959183673469,23.86989795918367,326.6862244897959,232.17602040816328,302.17346938775506,52.625,10
433,Sasha Vezenkov,Sacramento Kings,F,9,22,2,7,28.6,3,3,100.0,2,4,50.0,0,1,1,1,4,1,0,0,24,11,10,10,2,4.5,0.5,0.5,2.0,4.5,2.0,8.0,0.0,2
434,Scoot Henderson,Portland Trail Blazers,G,138,291,44,122,370.9,40,44,833.3,10,41,229.5,11,27,38,53,34,7,30,1,-89,229,176,191,91,445.184,75.2,72.19999999999999,8.144,754.104,633.3439999999999,507.544,205.8,10
435,Scottie Barnes,Toronto Raptors,SF,179,333,70,155,460.1,33,39,674.9,6,36,159.89999999999998,28,63,91,75,18,13,31,14,21,345,270,254,166,391.6640625,102.8515625,85.6640625,4.8515625,827.2890625,587.40625,576.65625,243.40625,10
436,Scotty Pippen Jr.,Memphis Grizzlies,G,90,203,31,65,366.4,15,22,340.4,13,25,455.0,8,22,30,45,23,10,17,5,-9,165,120,135,75,177.12,17.52,34.0,6.72,257.68,247.28000000000003,188.32,50.72000000000001,8
437,Seth Curry,Charlotte Hornets,SG,81,181,29,67,372.5,14,15,566.7,9,31,256.6,4,15,19,17,7,5,7,3,-33,117,100,98,36,233.0,12.900826446280993,16.140495867768593,4.900826446280991,334.3388429752066,276.08264462809916,269.8677685950413,50.429752066115704,10
438,Shai Gilgeous-Alexander,Oklahoma City Thunder,PG,295,343,106,204,517.3,67,81,827.2,16,46,381.0,9,56,65,49,27,15,22,11,66,409,360,344,114,372.8515625,58.8515625,42.322265625,24.5,552.322265625,426.0,510.181640625,90.166015625,10
439,Shake Milton,New York Knicks,SG,40,105,17,39,321.1,2,3,66.7,4,11,150.0,9,13,22,11,6,3,5,2,-16,73,62,51,33,109.48000000000002,70.72,17.27,7.920000000000001,423.83000000000004,324.52,167.02999999999997,129.75,7
440,Simone Fontecchio,Detroit Pistons,F,158,307,55,116,455.5,19,21,616.7,29,65,413.2,8,41,49,16,20,10,13,5,5,223,207,174,65,504.7270408163265,36.961734693877546,14.418367346938775,29.979591836734695,592.5,550.0612244897959,538.0331632653061,60.51275510204081,10
441,Skylar Mays,Los Angeles Lakers,SG,8,34,4,10,170.0,0,0,0.0,0,3,0.0,0,1,1,3,2,3,2,1,-3,12,9,11,4,14.059171597633139,0.7633136094674556,3.08284023668639,0.0,10.54437869822485,14.254437869822489,11.982248520710058,2.21301775147929,4
442,Spencer Dinwiddie,Los Angeles Lakers,PG,45,225,14,36,385.0,8,11,316.7,9,22,391.7,1,13,14,24,14,2,8,3,29,83,59,69,38,114.23186682520809,4.401902497027349,31.348394768133176,4.914387633769322,187.589774078478,120.87633769322237,179.9512485136742,36.744351961950066,10
443,Stanley Umude,Detroit Pistons,G,41,128,13,33,210.4,6,6,300.0,9,22,243.3,5,15,20,3,12,4,3,2,-5,64,61,44,23,171.5680473372781,41.95266272189349,1.7218934911242605,9.431952662721894,280.1065088757396,275.0,176.0,44.3491124260355,7
444,Stephen Curry,Golden State Warriors,PG,215,299,74,195,367.9,28,31,742.5,39,124,299.2,7,41,48,41,9,5,26,1,11,304,263,256,89,1088.6326530612246,91.60459183673468,39.0,71.4719387755102,1778.1760204081636,1584.9617346938778,1291.0612244897954,121.39030612244898,10
445,Svi Mykhailiuk,Boston Celtics,SG,37,94,13,35,235.4,0,0,0.0,11,30,188.3,2,12,14,10,1,4,2,0,54,61,51,47,24,37.0,18.0,6.204081632653061,5.244897959183674,142.0612244897959,101.0,65.20408163265306,37.06122448979592,6
446,T.J. McConnell,Indiana Pacers,PG,130,198,59,104,548.3,7,8,250.0,5,8,350.0,8,23,31,44,11,16,12,1,43,205,161,174,75,331.4413265306122,30.941326530612244,57.17602040816327,4.512755102040816,504.125,400.265306122449,424.4591836734694,98.9591836734694,10
447,T.J. Warren,Minnesota Timberwolves,SF,29,98,13,34,301.2,1,2,50.0,2,11,83.3,5,11,16,7,10,3,4,1,31,52,45,36,23,34.4375,13.75,6.777777777777778,1.527777777777778,32.54861111111111,46.9375,15.048611111111112,25.52777777777778,7
448,Taj Gibson,Detroit Pistons,F,3,11,1,2,50.0,0,0,0.0,1,2,50.0,0,2,2,0,1,1,0,0,-3,5,5,3,2,4.0,0.0625,0.25,0.5625,3.0625,5.0625,2.25,0.0625,1
449,Taj Gibson,New York Knicks,F,2,68,0,9,0.0,2,2,100.0,0,2,0.0,4,6,10,4,8,1,3,0,2,16,12,6,14,5.0,10.3125,1.25,0.3125,14.8125,9.8125,5.25,16.3125,5
450,Talen Horton-Tucker,Utah Jazz,SG,63,154,18,60,314.2,17,19,566.7,10,29,389.9,4,16,20,25,11,6,3,5,-62,108,83,88,45,44.4016620498615,52.69252077562327,33.337950138504155,2.110803324099723,216.0,138.18005540166203,111.74515235457065,96.50692520775624,10
451,Taurean Prince,Los Angeles Lakers,PF,63,186,24,53,497.70000000000005,2,2,100.0,13,33,342.0,3,27,30,11,12,4,6,6,17,104,93,74,41,146.79396462018732,34.0,11.724245577523414,16.438085327783558,292.56815816857437,272.7939646201873,164.5681581685744,47.72424557752341,10
452,Taylor Hendricks,Utah Jazz,F,84,247,32,67,556.2,7,9,325.0,13,37,418.6,15,56,71,7,28,7,5,9,-39,162,155,91,78,120.9,120.5,2.125,6.325,327.625,294.6,143.92499999999998,132.625,10
453,Taze Moore,Portland Trail Blazers,G,2,5,1,1,100.0,0,0,0.0,0,0,0.0,0,0,0,1,0,0,1,0,7,3,2,3,1,1.44,0.0,0.6400000000000001,0.0,4.0,1.44,4.0,0.6400000000000001,1
454,Terance Mann,LA Clippers,SG,95,251,35,66,554.4,14,14,700.0,11,26,378.5,7,22,29,6,20,7,4,3,-21,130,124,101,35,146.51836734693876,16.632653061224488,8.718367346938775,8.902040816326531,167.23265306122448,146.79999999999998,155.8,36.50204081632654,10
455,Terquavion Smith,Philadelphia 76ers,G,40,59,14,34,241.1,2,3,100.0,10,26,216.6,0,2,2,10,3,7,4,0,9,52,42,50,12,186.96296296296296,1.4074074074074074,17.185185185185183,17.185185185185183,177.40740740740742,184.66666666666663,179.62962962962965,18.666666666666668,6
456,Terry Rozier,Miami Heat,SG,176,344,69,157,446.1,22,26,547.7,16,53,267.9,6,44,50,53,16,10,16,2,-17,279,226,229,103,170.52366863905323,34.014792899408285,100.31360946745562,25.25443786982249,409.98224852071,263.9171597633136,352.4763313609468,98.44082840236686,10
457,Terry Taylor,Chicago Bulls,F,11,46,4,8,275.0,1,2,50.0,2,3,150.0,2,10,12,3,1,1,0,0,-17,26,23,14,15,11.927335640138407,29.072664359861594,3.0622837370242215,1.5847750865051902,88.80968858131486,70.52249134948097,17.875432525951556,44.47404844290658,4
458,Thaddeus Young,Phoenix Suns,F,6,29,3,6,100.0,0,2,0.0,0,0,0.0,7,3,10,0,4,1,1,0,3,16,16,6,10,12.125,20.347222222222225,5.555555555555556,0.0,24.055555555555564,10.722222222222218,32.68055555555556,18.680555555555554,2
459,Thaddeus Young,Phoenix Suns,PF,53,152,26,34,569.9,1,5,50.0,0,2,0.0,15,20,35,18,15,3,4,2,-39,106,88,71,53,177.4375,30.215277777777782,33.444444444444436,0.0,488.861111111111,280.86111111111114,343.7152777777777,105.38194444444446,7
460,Thanasis Antetokounmpo,Milwaukee Bucks,SF,10,48,5,11,266.7,0,2,0.0,0,1,0.0,2,1,3,4,8,1,3,1,-18,17,13,14,7,12.833333333333332,1.666666666666667,2.0000000000000004,0.0,20.83333333333334,17.5,15.5,4.333333333333334,6
461,Theo Maledon,Phoenix Suns,PG,5,10,1,2,50.0,3,3,100.0,0,0,0.0,0,1,1,0,3,0,3,0,-11,6,6,5,1,14.0625,0.5625,0.0,0.0,20.25,20.25,14.0625,0.5625,1
462,Thomas Bryant,Miami Heat,C,42,93,16,30,290.2,9,11,425.0,1,7,100.0,7,16,23,5,7,1,0,5,-8,70,65,47,28,160.73469387755102,41.44897959183673,3.8979591836734695,0.8775510204081634,328.44897959183675,314.36734693877554,169.79591836734693,50.36734693877551,8
463,Tim Hardaway Jr.,Dallas Mavericks,SF,84,182,28,78,316.1,11,16,450.0,17,50,298.9,2,20,22,16,6,5,5,0,12,122,106,100,38,539.3388429752066,85.85491276400367,12.876033057851238,29.736455463728195,1015.3149678604224,936.7033976124886,605.1404958677685,111.54086317722681,10
464,Tobias Harris,Philadelphia 76ers,PF,155,338,63,146,400.2,15,20,633.3,14,46,249.4,13,58,71,21,13,12,9,7,-39,247,226,176,92,755.2438016528926,123.67355371900827,29.0,24.698347107438014,1298.4214876033059,1114.1487603305786,898.1528925619835,194.03719008264463,10
465,Torrey Craig,Chicago Bulls,SF,58,205,20,47,355.2,3,6,150.0,15,37,327.1,8,23,31,15,16,4,7,5,-44,104,89,73,46,152.625,43.800000000000004,20.6,14.600000000000001,408.025,346.125,198.125,80.8,10
466,Tosan Evbuomwan,Detroit Pistons,F,28,108,11,23,394.3,1,2,50.0,5,11,283.3,8,10,18,6,7,2,2,1,-45,52,46,34,24,73.44628099173555,111.68595041322313,9.537190082644628,3.4710743801652892,249.8760330578512,195.92561983471074,76.96694214876032,171.6528925619835,7
467,Toumani Camara,Portland Trail Blazers,F,89,289,32,67,425.0,15,18,500.0,10,22,328.3,25,32,57,20,26,7,11,6,4,166,146,109,77,309.5821854912764,94.98163452708907,18.44995408631772,10.74380165289256,717.188246097337,646.3507805325987,366.4214876033058,127.4297520661157,10
468,Trae Young,Atlanta Hawks,PG,235,370,76,173,432.4,45,55,813.4,38,93,399.0,2,18,20,109,22,11,45,2,-38,364,255,344,129,758.2361111111111,12.069444444444445,83.0,45.06944444444444,786.5,622.5,926.4027777777778,90.90277777777777,10
469,Trayce JacksonDavis,Golden State Warriors,F,109,208,49,60,825.5,11,21,461.7,0,0,0.0,23,37,60,17,20,3,7,15,3,186,169,126,77,190.5,95.21111111111111,26.81111111111111,0.0,548.5000000000001,466.91111111111104,241.5111111111111,152.6,10
470,Tre Jones,San Antonio Spurs,PG,103,305,36,68,498.4,19,21,658.3,12,26,247.1,6,36,42,77,10,11,12,1,62,222,145,180,119,583.2913631633714,22.0,63.778355879292405,27.70655567117586,658.2996878251821,588.7107180020812,606.0416233090531,132.61706555671174,10
471,Tre Mann,Charlotte Hornets,PG,118,315,46,99,465.8,14,23,457.1,12,36,288.3,6,41,47,42,17,19,12,0,-51,207,165,160,89,245.45867768595042,35.793388429752056,37.50413223140496,8.5,511.97107438016525,408.2190082644628,337.4256198347108,85.08264462809919,10
472,Trendon Watford,Brooklyn Nets,PF,66,128,21,45,511.4,20,22,535.7,4,10,200.0,8,17,25,2,18,2,9,4,-57,93,91,68,27,254.61157024793388,55.194214876033065,2.0371900826446283,4.698347107438016,383.7933884297521,364.18595041322317,283.6404958677686,47.8099173553719,10
473,Trent Forrest,Atlanta Hawks,G,23,121,10,20,358.3,3,4,150.0,0,0,0.0,2,11,13,27,7,0,3,1,-10,63,36,50,40,57.30839002267573,16.219954648526077,40.99546485260771,0.0,146.16553287981858,84.48979591836735,106.36281179138322,69.83673469387756,10
474,Trevelin Queen,Orlando Magic,SG,0,13,0,3,0.0,0,0,0.0,0,2,0.0,0,1,1,1,1,0,0,0,-17,2,1,1,2,0.0,0.5555555555555556,0.5555555555555556,0.0,0.22222222222222227,0.5555555555555556,0.5555555555555556,0.22222222222222227,2
475,Trey Jemison,Memphis Grizzlies,C,77,217,34,52,521.0,9,12,450.0,0,0,0.0,25,25,50,11,31,3,14,10,-11,138,127,88,61,470.2,24.025000000000002,7.524999999999999,0.0,542.0,603.125,410.825,29.799999999999994,10
476,Trey Lyles,Sacramento Kings,PF,53,186,18,46,392.9,12,16,625.0,5,22,236.7,11,28,39,8,19,0,7,3,1,100,92,61,47,103.99173553719008,15.06198347107438,7.640495867768594,7.148760330578514,183.88429752066114,131.55785123966942,140.88016528925618,38.14049586776859,10
477,Trey Murphy III,New Orleans Pelicans,SG,192,307,65,128,490.2,20,26,783.4,42,96,399.3,10,45,55,33,11,7,5,2,91,280,247,225,88,944.1015625,46.806640625,35.5390625,85.837890625,1152.228515625,1230.494140625,873.15625,75.025390625,10
478,Tristan Thompson,Cleveland Cavaliers,C,7,29,3,5,116.7,1,4,50.0,0,0,0.0,5,4,9,3,3,2,2,0,1,19,16,10,12,5.0,0.5555555555555558,0.5555555555555556,0.0,5.0,8.888888888888888,2.222222222222222,0.0,2
479,Troy Brown Jr.,Detroit Pistons,SF,32,103,12,32,282.9,2,2,100.0,6,19,206.6,2,18,20,8,6,1,3,0,-34,60,52,40,28,70.91666666666666,22.395833333333332,9.0625,4.25,194.25,147.0625,112.89583333333331,36.66666666666667,9
480,TyTy Washington Jr.,Milwaukee Bucks,G,0,8,0,2,0.0,0,0,0.0,0,1,0.0,0,0,0,1,0,0,0,0,-4,1,0,1,1,0.0,0.0,0.44444444444444453,0.0,0.44444444444444453,0.0,0.44444444444444453,0.44444444444444453,1
481,Tyler Herro,Miami Heat,PG,183,325,71,166,433.4,10,13,333.4,31,80,406.0,3,46,49,50,11,0,13,1,35,282,232,233,99,148.11111111111111,40.94444444444444,28.069444444444443,12.944444444444445,309.7361111111111,207.61111111111111,206.125,113.125,10
482,Tyrese Haliburton,Indiana Pacers,PG,154,335,58,143,386.4,24,25,575.0,14,73,185.0,5,43,48,98,13,7,25,8,-14,300,202,252,146,356.41975308641975,32.345679012345684,145.30589849108367,11.82716049382716,830.556927297668,411.75308641975306,808.4499314128943,144.4252400548697,10
483,Tyrese Maxey,Philadelphia 76ers,PG,279,378,96,214,450.9,54,57,925.0,33,85,386.1,5,39,44,52,19,10,21,3,-21,375,323,331,96,271.384,43.424,35.744,14.136000000000001,532.856,413.01599999999996,342.05600000000004,128.336,10
484,Tyus Jones,Washington Wizards,PG,91,313,36,84,402.0,4,4,300.0,15,43,360.8,3,22,25,97,4,9,13,2,-70,213,116,188,122,345.04336734693874,43.53316326530612,160.5,20.959183673469386,776.265306122449,542.0510204081633,542.9719387755102,240.3188775510204,10
485,Udoka Azubuike,Phoenix Suns,C,2,11,1,3,33.3,0,2,0.0,0,0,0.0,2,4,6,0,1,0,0,0,-3,8,8,2,6,1.7777777777777781,13.444444444444443,0.0,0.0,25.0,25.0,1.7777777777777781,13.444444444444443,1
486,Vasilije Micic,Charlotte Hornets,G,160,310,60,115,530.5,26,29,844.5,14,38,330.0,6,18,24,53,13,11,31,2,-60,237,184,213,77,471.23783287419644,42.70339761248853,72.91551882460973,23.55188246097337,621.9513314967859,519.9669421487603,540.6033057851239,148.23783287419656,10
487,Victor Wembanyama,San Antonio Spurs,C,210,318,74,162,440.9,42,55,717.8,20,58,344.5,24,94,118,44,27,11,38,47,35,372,328,254,162,629.3444444444444,40.0,36.41111111111111,18.544444444444444,1087.7777777777778,857.4777777777778,819.5111111111112,116.54444444444444,10
488,Vince Williams Jr.,Memphis Grizzlies,G,127,336,42,92,459.70000000000005,30,38,723.3,13,34,328.8,8,54,62,61,30,12,34,9,-54,250,189,188,123,231.93628808864267,72.8808864265928,35.61495844875347,18.00831024930748,492.2326869806094,474.07479224376726,226.76454293628805,131.82548476454295,10
489,Vit Krejci,Atlanta Hawks,G,31,154,11,27,235.8,4,5,150.0,5,16,158.3,2,6,8,16,14,5,3,4,-4,55,39,47,24,59.5,3.7734375,11.5234375,3.09375,61.09375,70.7734375,46.5234375,18.59375,6
490,Walker Kessler,Utah Jazz,C,69,246,30,54,611.2,9,12,400.0,0,3,0.0,34,51,85,11,18,4,10,16,-111,165,154,80,96,145.32908163265304,108.9591836734694,7.084183673469386,0.0,348.7040816326531,340.4005102040816,144.05102040816325,125.625,10
491,Wendell Carter Jr.,Orlando Magic,C,114,263,42,82,517.7,19,26,506.7,11,33,306.7,27,53,80,22,20,6,16,7,77,216,194,136,102,161.03061224489795,99.06122448979592,6.155612244897959,7.244897959183674,337.5841836734694,315.4795918367347,183.74744897959184,104.6045918367347,10
492,Wendell Moore Jr.,Minnesota Timberwolves,G,2,5,1,1,100.0,0,0,0.0,0,0,0.0,0,2,2,0,1,0,0,0,8,4,4,2,2,2.6776859504132227,2.9834710743801653,0.008264462809917356,0.0,10.71074380165289,11.31404958677686,2.3884297520661155,2.6776859504132227,1
493,Wenyen Gabriel,Memphis Grizzlies,F,17,81,8,22,168.3,0,5,0.0,1,6,50.0,7,18,25,3,10,2,8,2,-16,45,42,20,28,41.16568047337278,6.958579881656804,3.4319526627218937,0.8106508875739645,55.5680473372781,62.526627218934905,34.55029585798817,10.047337278106513,5
494,Wesley Matthews,Atlanta Hawks,SG,39,94,13,25,477.6,2,3,100.0,11,18,515.0,0,11,11,5,5,3,0,4,-19,55,50,44,16,110.07266435986159,21.92733564013841,7.927335640138408,6.2387543252595155,186.07266435986156,181.52249134948096,120.47750865051903,24.0,8
495,Xavier Tillman,Boston Celtics,F,50,190,20,42,476.1,7,12,250.0,3,13,183.3,12,26,38,10,14,9,1,8,16,98,88,60,48,61.695501730103814,33.833910034602084,8.311418685121108,2.1280276816608996,163.09342560553634,124.78892733564014,93.46020761245674,48.68512110726643,10
496,Yuta Watanabe,Memphis Grizzlies,SF,22,97,10,24,250.0,0,2,0.0,2,12,64.3,0,11,11,5,6,5,4,0,-36,38,33,27,16,115.08000000000001,11.27,3.75,1.4800000000000004,136.28,131.43,116.23000000000002,18.72,7
497,Zach Collins,San Antonio Spurs,PF,102,181,39,75,507.9,17,23,541.7,7,13,516.7,17,31,48,21,26,5,20,9,-31,171,150,123,69,237.31887755102042,77.6045918367347,25.32908163265306,4.369897959183674,516.2270408163266,403.3469387755102,327.88775510204084,125.24489795918367,10
498,Zeke Nnaji,Denver Nuggets,PF,18,100,6,17,350.0,6,8,300.0,0,2,0.0,7,10,17,4,10,2,2,10,-19,39,35,22,21,49.557655954631386,16.77693761814745,7.550094517958412,0.0,132.7088846880907,95.15122873345935,73.2060491493384,38.23629489603024,10
499,Ziaire Williams,Memphis Grizzlies,F,103,270,39,94,389.0,13,16,421.4,12,46,213.7,6,38,44,20,15,12,15,0,-39,167,147,123,64,552.1,32.4,24.0,17.599999999999998,788.1,632.1,714.1,50.4,10
500,Zion Williamson,New Orleans Pelicans,PF,239,316,93,155,593.8,52,68,765.3,1,3,50.0,20,50,70,47,20,9,25,11,74,356,309,286,117,572.1111111111112,76.71111111111111,48.81111111111111,0.9444444444444443,607.6111111111111,803.4,415.7444444444444,86.1,10
