,First Last Name,team,position,points,minutes,fgm,fga,fgp,ftm,fta,ftp,tpm,tpa,tpp,offReb,defReb,totReb,assists,pFouls,steals,turnovers,blocks,plusMinus,Points_Rebounds_Assist,Points_Rebounds,Points_Assist,Rebounds_Assist,points_deviation,totReb_deviation,assists_deviation,tpm_deviation,Points_Rebounds_Assist_deviation,Points_Rebounds_deviation,Points_Assist_deviation,Rebounds_Assist_deviation,count
0,A. Flagler,Oklahoma City Thunder,F,0,6,0,3,0.0,0,0,0.0,0,3,0.0,0,0,0,1,0,0,0,0,0,1,0,1,1,0.0,0.0,0.0,0.0,0.0,0.0,0.0,0.0,1
1,A.J. Green,Milwaukee Bucks,G,59,157,19,42,420.9,5,6,200.0,16,37,354.3,3,14,17,3,10,5,4,2,40,79,76,62,20,259.68934240362813,30.308641975308646,4.227009322247418,26.419753086419757,429.87780297304107,408.209624590577,275.88309397833206,40.0100781053162,10
2,A.J. Lawson,Dallas Mavericks,G,26,52,11,26,323.3,2,6,100.0,2,9,100.0,2,7,9,4,5,1,0,1,1,39,35,30,13,58.71999999999999,7.755,2.8449999999999998,1.8199999999999998,83.88,78.855,61.625,12.72,8
3,Aaron Gordon,Denver Nuggets,PF,145,328,54,102,574.3,31,46,637.1,6,20,166.6,29,43,72,48,23,4,15,7,48,265,217,193,120,284.505012252172,71.27244375139229,40.42325685007796,6.40008910670528,396.9255959010916,479.59434172421476,254.6903541991535,58.84161283136558,10
4,Aaron Holiday,Houston Rockets,G,62,153,21,46,354.0,10,10,300.0,10,23,348.3,5,9,14,17,16,6,4,0,4,93,76,79,31,327.61949738573117,28.56198347107438,13.338674312700288,10.060718502276943,598.4258728284702,528.6938775510204,381.847360431776,57.40479001517963,10
5,Aaron Nesmith,Indiana Pacers,SF,115,308,43,98,449.8,11,11,500.0,18,55,314.5,10,28,38,19,36,3,9,7,54,172,153,134,57,119.666015625,14.20947265625,15.072265625,11.619140625,133.63134765625,119.42431640625,121.625,41.52978515625,10
6,Aaron Wiggins,Oklahoma City Thunder,SG,107,226,42,79,546.1,13,15,430.0,10,21,375.0,9,16,25,21,17,16,13,4,-18,153,132,128,46,522.3167438271605,14.569444444444446,29.38155864197531,12.007716049382715,741.641975308642,607.3908179012346,672.4521604938271,28.066743827160494,10
7,Admiral Schofield,Orlando Magic,SF,8,18,3,6,116.7,0,0,0.0,2,4,150.0,0,4,4,1,1,1,0,0,-20,13,12,9,5,16.599243856332702,1.0,0.7069943289224954,0.89413988657845,24.291115311909262,20.555765595463136,18.769376181474485,3.272211720226843,3
8,Al Horford,Boston Celtics,C,131,282,50,86,613.0,7,8,350.0,24,50,488.3,14,41,55,23,10,7,10,6,108,209,186,154,78,402.57493770024917,33.59024563901744,8.112851548593806,29.85261658953364,339.30046279814877,363.78924884300466,395.32289070843717,24.466358134567464,10
9,Alec Burks,New York Knicks,SG,52,124,16,57,202.7,11,14,371.4,9,31,209.89999999999998,1,16,17,7,3,4,5,0,-1,76,69,59,24,337.7644355070382,22.147945992530882,4.4288997414536055,10.037632864119505,578.6923297902902,510.32433208848033,394.2910083309394,38.41827061189313,10
10,Aleksej Pokusevski,Charlotte Hornets,F,82,210,26,60,461.7,21,27,541.7,9,27,299.9,10,36,46,16,8,9,8,4,-42,144,128,98,62,138.02987777274785,42.24717066545948,14.552286102308736,3.141240380262562,248.6002716161159,253.46038931643278,145.43051154368496,44.53870529651426,10
11,Alex Caruso,Chicago Bulls,SG,113,323,40,86,468.7,8,10,250.0,25,55,442.8,7,34,41,45,26,20,18,6,-17,199,154,158,86,222.3875236294896,30.954631379962194,12.588741860953581,28.618147448015122,371.2604494854022,310.4914933837429,260.2957361898761,66.40411678218862,10
12,Alex Len,Sacramento Kings,C,26,112,10,13,466.7,6,7,350.0,0,0,0.0,8,24,32,15,14,1,5,11,28,73,58,41,47,66.76736111111111,33.57600308641975,20.86304012345679,0.0,156.65625,143.52623456790124,81.76697530864197,52.569444444444436,10
13,Alondes Williams,Miami Heat,G,0,6,0,1,0.0,0,0,0.0,0,1,0.0,0,1,1,0,0,0,1,0,-2,1,1,0,1,1.44,0.81,0.0,0.0,0.09000000000000002,0.09000000000000002,1.44,0.81,1
14,Alperen Sengun,Houston Rockets,C,209,324,81,157,512.7,43,68,622.9,4,12,200.0,39,68,107,45,36,16,26,7,2,361,316,254,152,847.1723356009071,197.81632653061226,123.77551020408163,4.408163265306122,1935.0226757369614,1622.4580498866212,993.7777777777778,487.5510204081633,10
15,Amari Bailey,Charlotte Hornets,G,2,6,1,3,33.3,0,0,0.0,0,2,0.0,0,0,0,1,0,1,0,0,7,3,2,3,1,2.5600000000000005,0.0,0.5625,0.0,5.522500000000001,2.5600000000000005,5.522500000000001,0.5625,1
16,Amen Thompson,Houston Rockets,F,129,278,50,97,541.5,29,40,613.0,0,5,0.0,39,50,89,31,22,12,13,3,38,249,218,160,120,529.1351111111111,129.576,25.444444444444443,0.02844444444444445,1113.0817777777777,1021.3084444444445,555.4951111111111,220.43377777777778,10
17,Amir Coffey,LA Clippers,SG,56,241,19,46,431.1,7,9,316.7,11,27,351.7,6,16,22,14,17,6,6,3,-1,92,78,70,36,131.98231976832798,39.93385154702027,10.419753086419753,8.972565157750344,204.9931412894376,207.77503429355284,144.6380124980948,34.916018899558,10
18,Andre Drummond,Chicago Bulls,C,98,194,37,67,581.3,24,33,538.4,0,0,0.0,38,74,112,4,18,10,9,6,43,214,210,102,116,84.18127228373054,121.43103771814599,8.463126290110715,0.0,321.5852880465378,288.1452430099456,118.62750985175455,128.8879714768249,10
19,Andre Jr. Jackson,Milwaukee Bucks,G,13,92,5,14,383.3,0,0,0.0,3,7,250.0,4,14,18,11,10,3,3,2,-6,42,31,24,29,18.657064471879284,10.34019204389575,9.765432098765432,2.16323731138546,57.55555555555557,46.50617283950618,30.68587105624143,19.12620027434842,8
20,Andrew Nembhard,Indiana Pacers,PG,104,278,43,80,513.2,7,8,350.0,11,27,358.3,4,20,24,32,25,10,9,0,30,160,128,136,56,208.51416776130606,26.41921561268531,23.693375867892662,6.92568962281854,396.70970163257647,333.63970726215047,261.5852880465378,60.111465565772185,10
21,Andrew Wiggins,Golden State Warriors,SF,149,279,54,124,423.7,24,31,556.4,17,44,350.0,19,43,62,18,14,6,14,8,52,229,211,167,80,465.5612244897959,38.3938775510204,51.60000000000001,16.132653061224488,801.0734693877552,569.0734693877552,660.761224489796,126.7938775510204,10
22,Anfernee Simons,Portland Trail Blazers,SG,234,361,80,177,436.7,36,39,757.1,38,94,405.4,4,33,37,64,19,7,30,1,-38,335,271,298,101,935.5240670632775,28.301243915630067,125.20497566252028,19.635478637101134,1764.6960519199567,1205.978907517577,1461.0362358031368,186.71119524067063,10
23,Anthony Black,Orlando Magic,G,44,174,15,42,382.6,6,13,183.3,8,19,275.0,6,19,25,8,9,6,8,2,0,77,69,52,33,113.09458655562167,70.89649018441403,3.7370612730517543,10.903033908387865,301.23200475907197,262.47531231409874,144.85306365258774,81.63176680547294,10
24,Anthony Davis,Los Angeles Lakers,PF,245,350,94,165,577.6,49,59,671.8,8,24,320.8,35,114,149,27,22,13,26,22,106,421,394,272,176,786.0119375573921,239.01056014692378,28.67309458218549,7.919651056014692,1697.4917355371902,1751.6606978879706,744.1303948576676,255.39623507805325,10
25,Anthony Edwards,Minnesota Timberwolves,SG,217,349,77,189,399.1,44,56,704.2,19,66,325.0,11,51,62,56,11,14,27,1,20,335,279,273,118,470.2728531855954,129.76627423822714,32.67486149584487,30.628808864265928,638.1966759002771,529.9532548476456,609.343836565097,131.6135734072022,10
26,Anthony Gill,Washington Wizards,PF,90,214,38,80,464.0,9,11,260.0,5,19,175.0,19,21,40,13,30,5,8,1,-46,143,130,103,53,290.0,72.04444444444444,17.977777777777778,4.725,613.0,552.0444444444445,337.97777777777776,103.0,10
27,Ashton Hagans,Portland Trail Blazers,G,51,194,17,43,297.7,10,11,450.0,7,18,266.7,8,22,30,36,23,8,23,4,-5,117,81,87,66,186.27100073046017,25.234477720964207,41.68298027757487,8.447772096420744,424.85975164353545,286.10737764791816,300.9970781592403,90.9437545653762,10
28,Ausar Thompson,Detroit Pistons,F,103,314,42,87,508.0,11,25,325.0,8,29,195.3,15,44,59,21,26,17,14,11,-6,183,162,124,80,121.7,31.399999999999995,24.125,8.5,347.72499999999997,237.7,200.02499999999998,87.225,10
29,Austin Reaves,Los Angeles Lakers,SG,153,352,51,124,403.8,36,42,716.7,15,59,234.0,10,50,60,64,18,6,23,7,33,277,213,217,124,449.32126102458244,168.88084068305497,65.16569712891724,14.133045599549634,1182.1022705948585,930.7845749671608,644.7725652092325,289.9129292550197,10
30,Ayo Dosunmu,Chicago Bulls,SG,183,365,72,129,560.1,19,22,591.7,20,44,439.5,7,23,30,42,28,13,20,4,-17,255,213,225,72,456.7703133796209,20.001876524676298,57.450178269844244,22.22705948583224,522.8419966222556,462.70125727153317,528.7932069806718,65.56990054419217,10
31,Bam Adebayo,Miami Heat,C,181,324,71,127,582.7,31,40,766.6,8,18,375.0,21,93,114,42,17,12,20,8,34,337,295,223,156,139.0,40.58304498269896,56.90873702422145,5.988321799307958,359.66479238754323,159.05363321799308,318.23226643598616,118.87067474048443,10
32,Ben Sheppard,Indiana Pacers,G,47,185,17,50,322.9,5,5,300.0,8,32,203.5,3,12,15,15,20,7,5,0,5,77,62,62,30,109.81632653061224,18.599999999999998,15.487755102040817,5.651020408163265,196.5,182.24489795918367,133.7,24.45918367346939,10
33,Ben Simmons,Brooklyn Nets,PG,53,168,24,38,521.1,5,11,150.0,0,0,0.0,15,39,54,46,20,9,12,4,-5,153,107,99,100,134.88888888888889,64.0,78.88888888888889,0.0,382.0,162.8888888888889,300.0,196.88888888888889,9
34,Bennedict Mathurin,Indiana Pacers,SG,139,275,44,115,340.3,35,45,614.5,16,44,245.0,10,33,43,23,24,7,17,4,-18,205,182,162,66,753.4765625,123.6015625,38.125,30.4140625,1418.90625,1097.65625,970.9140625,265.5390625,10
35,Bilal Coulibaly,Washington Wizards,SG,90,289,30,76,451.5,19,27,633.3,11,39,238.3,9,30,39,18,22,12,8,7,-98,147,129,108,57,127.37777777777777,38.5,16.0,13.177777777777775,337.8777777777778,291.7444444444444,166.31111111111107,61.699999999999996,10
36,Bismack Biyombo,Oklahoma City Thunder,C,4,36,1,4,33.3,2,4,100.0,0,0,0.0,3,2,5,2,6,1,4,1,3,11,9,6,7,5.024221453287197,6.093425605536332,1.5986159169550171,0.0,33.31141868512111,20.4878892733564,12.020761245674741,13.51903114186851,5
37,Blake Wesley,San Antonio Spurs,G,33,152,11,32,303.6,8,14,400.0,3,12,150.0,4,18,22,27,12,4,11,2,-18,82,55,60,49,124.63377777777778,22.624000000000002,36.2,4.111111111111112,151.65511111111113,149.74844444444446,153.98044444444446,31.383999999999997,10
38,Boban Marjanovic,Houston Rockets,C,3,7,1,1,100.0,1,2,50.0,0,0,0.0,0,3,3,0,0,0,1,0,-3,6,6,3,3,0.5625,4.840000000000001,0.04000000000000001,0.0,7.5625,8.7025,0.3024999999999998,4.0,1
39,Bobby Portis,Milwaukee Bucks,F,155,268,67,137,472.8,8,11,400.0,13,32,335.1,25,63,88,15,22,9,11,7,7,258,243,170,103,394.8419966222556,122.36704822668419,12.504222180521674,18.223118784012012,584.9510227059485,615.1546256333271,398.4222180521674,101.08744604991556,10
40,Bogdan Bogdanovic,Atlanta Hawks,SG,193,353,69,143,505.3,26,29,556.7,29,68,498.4,10,35,45,40,23,11,15,5,27,278,238,233,85,580.5,64.99382716049384,20.233410493827158,10.95216049382716,982.90625,962.4938271604938,598.2334104938271,87.90625,10
41,Bojan Bogdanovic,New York Knicks,SF,98,149,38,75,489.1,9,12,375.0,13,32,425.3,3,12,15,7,10,0,11,0,-15,120,113,105,22,298.8445216049383,26.236111111111107,7.0,12.23611111111111,395.4371141975309,372.0204475308642,328.76118827160496,26.736111111111107,10
42,Bol Bol,Phoenix Suns,C,55,123,19,30,419.2,7,8,275.0,10,15,375.0,3,28,31,6,9,3,5,7,27,92,86,61,37,289.7755102040816,21.35918367346939,4.5,12.16530612244898,481.82244897959185,445.66530612244895,319.5612244897959,32.23061224489796,10
43,Bones Hyland,LA Clippers,PG,67,151,25,62,408.1,4,6,200.0,13,38,297.1,1,18,19,33,15,10,13,1,1,119,86,100,52,324.69376181474485,16.1937618147448,91.18431001890359,21.49432892249527,880.0283553875236,463.27504725897927,676.662570888469,172.16257088846882,10
44,Bradley Beal,Phoenix Suns,SG,129,337,51,103,474.6,3,4,150.0,24,45,498.7,12,32,44,63,20,9,26,8,29,236,173,192,107,601.6408179012346,44.40933641975309,80.10069444444446,32.60378086419753,489.9741512345679,529.9891975308642,574.030864197531,112.10493827160494,10
45,Brandin Podziemski,Golden State Warriors,G,87,250,36,73,492.5,4,5,200.0,11,26,383.3,20,43,63,29,19,6,10,0,34,179,150,116,92,193.17324128862592,70.04503616042078,40.5,11.0,449.5519395134779,306.4365548980934,312.9809335963182,133.85272846811307,10
46,Brandon Boston Jr.,LA Clippers,SG,54,131,22,52,449.9,6,13,266.7,4,17,133.3,4,16,20,2,18,2,4,5,-30,76,74,56,22,88.18698347107437,29.322314049586772,1.616735537190083,4.401859504132232,183.24380165289256,164.58367768595042,96.5495867768595,41.23657024793389,10
47,Brandon Clarke,Memphis Grizzlies,PF,54,107,26,47,271.2,1,7,50.0,1,5,100.0,13,18,31,9,7,4,3,5,5,94,85,63,40,79.6,11.0,6.8,0.8000000000000003,93.0,86.19999999999999,90.0,14.2,5
48,Brandon Ingram,New Orleans Pelicans,SF,180,306,68,138,496.2,36,43,724.5,8,27,260.0,6,50,56,54,24,6,19,7,49,290,236,234,110,670.2437673130194,25.364265927977836,44.40443213296399,6.5318559556786715,720.3393351800554,826.6662049861496,558.8476454293628,74.83795013850416,10
49,Brandon Miller,Charlotte Hornets,F,208,356,75,164,461.5,25,31,705.0,33,85,390.79999999999995,7,41,48,22,23,6,20,8,-98,278,256,230,70,474.9649233354338,42.08527620247847,13.818525519848771,35.711615206889306,671.5841209829867,702.0529300567108,440.34740600714133,60.052509976895614,10
50,Brandon Williams,Dallas Mavericks,G,7,24,2,9,83.3,3,4,100.0,0,2,0.0,1,1,2,4,1,0,1,0,-12,13,9,11,6,20.360000000000003,3.3600000000000003,4.64,0.0,37.64,19.0,34.03999999999999,12.960000000000003,4
51,Braxton Key,Denver Nuggets,F,2,6,1,1,100.0,0,1,0.0,0,0,0.0,1,1,2,0,1,0,0,0,2,4,4,2,2,0.6173469387755104,1.0,0.12755102040816327,0.12755102040816327,2.040816326530612,3.1887755102040813,0.18367346938775514,0.4132653061224489,1
52,Brice Sensabaugh,Utah Jazz,F,92,225,31,85,347.6,14,17,413.3,16,50,286.7,5,39,44,28,17,7,22,4,-99,164,136,120,72,596.7040816326531,39.779591836734696,26.587755102040816,43.88775510204081,773.7653061224489,663.1448979591837,673.3897959183673,100.30204081632654,10
53,Brook Lopez,Milwaukee Bucks,C,127,288,45,83,558.0,19,24,541.8,18,44,429.7,12,33,45,12,28,3,17,16,-36,184,172,139,57,290.6224489795918,53.604081632653056,13.43673469387755,18.77551020408163,480.1326530612245,514.6795918367347,267.3,55.81632653061225,10
54,Bruce Brown,Toronto Raptors,SF,99,264,38,75,497.09999999999997,15,21,533.3,8,19,341.7,9,23,32,33,21,9,20,0,-108,164,131,132,65,149.56122448979593,45.56122448979592,42.40625,9.747448979591836,388.4011479591837,217.24489795918367,299.4674744897959,109.21747448979593,10
55,Bruno Fernando,Atlanta Hawks,PF,92,193,37,59,554.7,18,27,475.1,0,1,0.0,18,30,48,22,35,6,13,8,-23,162,140,114,70,417.5576559546314,42.78975005250997,10.927116152068892,0.0,475.27368199958,510.4696492333543,411.5408527620248,24.537702163411048,10
56,Bryce McGowens,Charlotte Hornets,G,41,140,13,33,249.89999999999998,12,16,391.7,3,12,90.0,1,19,20,6,14,5,3,4,-16,67,61,47,26,210.33061224489796,25.6,6.800000000000002,4.151020408163265,355.30204081632655,340.9591836734694,226.27346938775509,30.800000000000004,10
57,Buddy Boeheim,Detroit Pistons,F,22,57,7,19,133.3,2,2,100.0,6,17,126.19999999999999,0,6,6,3,4,0,0,1,16,31,28,25,9,101.10059171597632,9.21301775147929,7.08284023668639,6.0,225.84023668639054,160.94082840236683,156.46745562130178,25.828402366863905,4
58,Buddy Hield,Philadelphia 76ers,SG,87,213,32,77,412.4,8,8,500.0,15,47,340.5,10,16,26,16,18,8,11,4,-9,129,113,103,42,173.39448806281044,20.4108315975004,16.18458580355712,13.990546386796987,318.42509213267107,234.21935587245633,240.39528921647175,53.80035250761097,10
59,CJ McCollum,New Orleans Pelicans,SG,256,385,95,214,447.7,23,24,575.0,43,100,428.3,8,42,50,56,18,7,21,3,22,362,306,312,106,541.5806786703602,56.12084487534626,35.00969529085872,24.222991689750693,795.5013850415514,787.5858725761773,551.2427285318558,89.38400277008309,10
60,Cade Cunningham,Detroit Pistons,PG,241,313,92,212,430.3,40,44,808.3,17,55,297.1,9,44,53,75,18,11,31,2,-38,369,294,316,128,702.373472159348,53.42462652784065,52.55545495699411,12.217745586238117,842.2865550022635,783.9945676776822,690.806699864192,175.83884110457223,10
61,Caleb Houstan,Orlando Magic,G,46,161,15,36,368.3,2,2,100.0,14,34,360.0,6,10,16,4,15,3,2,2,26,66,62,50,20,93.43842950624628,30.609161213563358,2.8197501487209995,10.573468173706127,194.1368233194527,174.0,101.71683521713265,45.28732897085069,10
62,Caleb Martin,Miami Heat,SF,84,267,32,84,373.9,12,17,401.7,8,40,308.4,7,24,31,25,17,6,14,4,29,140,115,109,56,291.65570934256056,33.253027681660896,21.125,4.608996539792388,390.49134948096884,341.2045847750865,339.92776816608995,55.39273356401385,10
63,Cam Reddish,Los Angeles Lakers,SF,26,153,8,27,203.3,5,8,116.7,5,15,216.6,8,7,15,0,8,4,1,3,-29,41,41,26,15,80.71836734693876,20.46122448979592,0.008163265306122448,2.746938775510204,90.3795918367347,91.0,80.35102040816327,20.216326530612246,10
64,Cam Thomas,Brooklyn Nets,SG,263,367,88,201,437.0,65,73,907.1,22,71,276.9,4,37,41,37,18,5,21,3,-58,341,304,300,78,332.58982111363065,43.04938271604939,40.13832199546486,23.679012345679013,513.0,339.90022675736964,502.9382716049382,85.93902746283699,10
65,Cam Whitmore,Houston Rockets,F,130,206,48,112,413.1,18,27,471.7,16,48,311.2,18,26,44,5,11,8,11,4,-16,179,174,135,49,182.5262345679012,45.40277777777778,2.507716049382716,9.402777777777779,250.39660493827157,245.3086419753086,185.79012345679013,49.73456790123457,10
66,Cameron Johnson,Brooklyn Nets,SF,113,254,37,93,406.4,18,22,625.0,21,58,365.6,6,32,38,18,14,9,10,3,-51,169,151,131,56,206.32345679012346,34.5679012345679,14.093827160493825,11.444444444444445,490.3827160493827,353.0,309.12345679012344,83.24444444444445,10
67,Cameron Payne,Philadelphia 76ers,PG,98,198,37,89,486.09999999999997,2,2,100.0,22,50,410.0,5,17,22,32,22,9,14,4,-9,152,120,130,54,566.0,90.77551020408163,20.523528419632317,32.960364311013656,884.5309495699106,793.0612244897959,604.18586608197,164.58289762185865,10
68,Caris LeVert,Cleveland Cavaliers,SG,136,314,48,108,435.8,26,31,648.2,14,43,339.2,6,44,50,49,20,14,29,8,-53,235,186,185,99,523.2803015274746,22.507835746875617,125.94743106526484,8.657805990874827,792.9765919460424,674.9367189049792,630.4683594524896,159.30708192818884,10
69,Cason Wallace,Oklahoma City Thunder,G,80,221,31,68,479.20000000000005,5,6,150.0,13,29,424.3,8,16,24,15,17,14,10,3,-33,119,104,95,39,177.79895429246082,14.408163265306124,24.594872659807724,18.185022769438355,362.6326530612245,249.70247933884298,284.6734693877551,45.05869455220105,10
70,Cedi Osman,San Antonio Spurs,SF,70,175,27,53,472.5,1,2,50.0,15,32,373.7,2,23,25,12,17,3,5,2,-40,107,95,82,37,235.14724245577526,36.54162330905307,29.950052029136323,16.565036420395423,418.56711758584805,316.12591050988556,295.82986472424557,108.2502601456816,10
71,Charlie Brown Jr.,New York Knicks,G,3,27,1,5,20.0,0,0,0.0,1,3,33.3,1,1,2,0,4,0,0,1,-6,5,5,3,2,6.12,2.7200000000000006,0.0,0.6800000000000002,17.0,17.0,6.12,2.7200000000000006,2
72,Chet Holmgren,Oklahoma City Thunder,PF,135,272,46,108,379.3,32,40,646.4,11,44,200.1,11,62,73,12,28,4,20,16,24,220,208,147,85,509.91313880924275,51.28976218586607,17.85933546972508,13.59504132231405,928.4196323157363,765.2653061224489,638.5510204081634,103.66554224995784,10
73,Chimezie Metu,Detroit Pistons,PF,98,276,39,74,522.4,16,17,587.5,4,24,166.6,12,41,53,20,28,20,15,7,-45,171,151,118,73,354.40454299621416,46.693888588426184,14.778799351000542,4.4954029204975665,623.7344510546242,594.9751216873985,388.32125473228774,56.31530557057869,10
74,Chris Boucher,Toronto Raptors,PF,69,120,25,35,573.3,15,18,500.0,4,12,216.7,13,27,40,5,11,1,9,5,7,114,109,74,45,142.20987654320987,47.580246913580254,5.913580246913581,4.0246913580246915,410.0,329.0246913580247,192.69135802469134,83.98765432098766,8
75,Chris Duarte,Sacramento Kings,SG,45,120,16,42,369.2,4,4,200.0,9,28,306.0,6,10,16,5,6,5,4,3,-27,66,61,50,21,158.70615243342516,20.532598714416896,6.520661157024793,6.913223140495867,314.3728191000918,248.3204775022957,204.65381083562903,47.157943067033976,10
76,Chris Livingston,Milwaukee Bucks,F,0,6,0,2,0.0,0,0,0.0,0,2,0.0,0,1,1,1,4,0,1,0,-10,2,1,1,2,0.6400000000000001,0.48999999999999994,0.81,0.0,0.6400000000000001,0.010000000000000018,0.009999999999999995,2.5600000000000005,1
77,Chris Paul,Golden State Warriors,PG,85,249,35,77,415.9,3,4,150.0,12,33,331.6,3,32,35,57,18,13,21,2,39,177,120,142,92,174.43212890625,40.84619140625,56.90869140625,5.666015625,339.63525390625,246.90625,253.40625,111.509765625,10
78,Christian Braun,Denver Nuggets,G,75,244,29,69,391.7,8,12,275.0,9,24,374.9,16,31,47,23,17,5,7,3,9,145,122,98,70,296.5164353542732,42.9926953981008,53.35354273192112,2.9236669101533965,665.1943024105186,480.945215485756,457.15704894083274,119.95471146822499,10
79,Christian Wood,Los Angeles Lakers,F,59,133,22,51,477.0,11,14,450.0,4,19,225.0,6,28,34,6,12,5,5,2,-14,99,93,65,40,153.90277777777777,54.402777777777786,4.625,2.4444444444444446,305.125,285.0,156.7777777777778,76.27777777777777,10
80,Chuma Okeke,Orlando Magic,PF,2,40,0,6,0.0,2,2,100.0,0,5,0.0,0,5,5,2,2,2,3,0,-23,9,7,4,7,3.5,3.0733333333333333,1.5000000000000002,0.006666666666666666,7.739999999999999,6.84,3.333333333333334,5.640000000000001,6
81,Clint Capela,Atlanta Hawks,C,125,278,51,84,634.6,23,40,427.9,0,1,0.0,43,72,115,19,18,8,15,17,54,259,240,144,134,103.98775510204082,44.66530612244898,7.104081632653061,0.0,161.21836734693875,136.6448979591837,125.19387755102039,55.13673469387756,10
82,Coby White,Chicago Bulls,PG,149,343,53,144,366.2,25,29,676.7,18,58,305.1,6,33,39,45,24,4,14,2,-27,233,188,194,84,400.1990807239299,23.46825624820454,83.35047400172364,13.820166618787706,611.3430048836541,481.280091927607,545.8506176386097,91.23010629129561,10
83,Cody Martin,Charlotte Hornets,SF,69,285,28,76,367.2,6,7,250.0,7,30,228.2,6,44,50,42,15,11,20,7,-28,161,119,111,92,111.0,28.18685121107267,64.68512110726644,2.6816608996539792,183.02076124567472,112.9515570934256,173.33217993079583,100.60899653979239,10
84,Cody Zeller,New Orleans Pelicans,C,7,31,3,6,200.0,1,2,50.0,0,0,0.0,5,10,15,3,5,2,3,0,14,25,22,10,18,3.2091836734693877,5.25,3.494897959183673,0.0,19.08673469387755,12.673469387755102,6.408163265306122,11.959183673469386,5
85,Colby Jones,Sacramento Kings,G,15,54,7,21,199.89999999999998,0,2,0.0,1,8,16.7,5,9,14,9,10,3,2,3,31,38,29,24,23,34.96449704142011,15.680473372781067,13.927021696252465,0.9132149901380671,161.0138067061144,88.4319526627219,87.38856015779093,49.765285996055226,6
86,Cole Anthony,Orlando Magic,PG,118,206,45,101,414.3,7,9,350.0,21,49,370.2,6,33,39,25,8,7,12,6,64,182,157,143,64,526.3911784361774,42.92425930051236,46.567386945867675,31.582312319002007,1043.7197594118957,829.9387391401203,699.253063042994,130.41078191133883,10
87,Cole Swider,Miami Heat,F,19,44,6,16,104.7,2,2,100.0,5,13,116.7,0,5,5,1,1,0,4,0,-18,25,24,20,6,137.60000000000002,2.2,0.9124999999999999,12.199999999999998,164.0125,167.0,134.3125,3.4124999999999996,5
88,Colin Castleton,Los Angeles Lakers,C,0,12,0,2,0.0,0,0,0.0,0,0,0.0,0,1,1,0,3,1,2,0,-16,1,1,0,1,0.2958579881656805,0.6449704142011834,0.0,0.0,0.5266272189349113,0.5266272189349113,0.2958579881656805,0.6449704142011834,2
89,Collin Gillespie,Denver Nuggets,G,53,125,19,43,306.4,4,7,200.0,11,25,283.3,0,15,15,18,12,7,9,0,24,86,68,71,33,240.98573127229488,12.9833531510107,37.600475624256845,15.451843043995245,401.7074910820452,279.602853745541,336.38168846611177,77.29250891795482,8
90,Collin Sexton,Utah Jazz,PG,208,319,78,161,480.5,41,49,859.9,11,39,239.89999999999998,11,19,30,60,20,8,27,4,-116,298,238,268,90,231.85625,22.30625,38.0390625,14.3515625,418.9140625,316.5,342.4890625,52.126562500000006,10
91,Corey Kispert,Washington Wizards,SF,180,382,67,131,527.6,17,27,458.3,29,71,429.5,5,37,42,21,23,9,17,1,-24,243,222,201,63,246.91387245233403,101.64365548980935,25.420775805391187,23.144641683103224,457.47600262984884,513.2544378698226,198.63313609467448,119.56673241288624,10
92,Cory Joseph,Golden State Warriors,PG,27,71,10,16,316.7,0,0,0.0,7,11,316.7,2,9,11,6,6,0,1,0,9,44,38,33,17,31.2,10.8,2.8000000000000003,3.2,28.8,47.2,21.2,5.2,5
93,Craig Jr. Porter,Cleveland Cavaliers,G,64,136,27,52,425.3,5,6,300.0,5,12,175.0,6,17,23,24,4,3,8,2,-29,111,87,88,47,353.0668934240363,41.37641723356009,20.077097505668934,9.458049886621314,697.8469387755101,569.6111111111112,465.09410430839006,77.66213151927438,10
94,D'Angelo Russell,Los Angeles Lakers,PG,203,354,67,161,418.8,27,29,550.0,42,101,388.0,2,42,44,62,17,14,31,3,84,309,247,265,106,492.2122967253286,35.928714635776345,127.09333927378034,44.438404989975496,857.0187124081087,547.0,744.8529739362887,220.40008910670528,10
95,D.J. Carton,Toronto Raptors,G,8,31,2,7,83.3,3,4,150.0,1,4,50.0,2,1,3,3,1,1,1,0,-30,14,11,11,6,8.666666666666668,2.0,2.0,0.6666666666666667,8.666666666666666,2.6666666666666665,18.666666666666668,0.0,3
96,D.J. Wilson,Philadelphia 76ers,F,10,14,4,6,66.7,0,0,0.0,2,2,100.0,1,1,2,2,1,0,0,2,4,14,12,12,4,19.75308641975309,0.7901234567901234,0.7901234567901234,0.7901234567901234,38.71604938271605,28.444444444444443,28.444444444444443,3.1604938271604937,1
97,DaQuan Jeffries,New York Knicks,SG,0,7,0,2,0.0,0,0,0.0,0,2,0.0,0,0,0,3,0,0,1,0,7,3,0,3,3,0.36,0.0,5.76,0.04000000000000001,3.24,0.36,3.24,5.76,1
98,Daishen Nix,Minnesota Timberwolves,SG,5,12,2,5,66.7,0,0,0.0,1,3,50.0,0,1,1,3,1,2,1,0,13,9,6,8,4,16.055555555555554,0.5138888888888888,4.513888888888889,0.625,5.0,12.01388888888889,6.0138888888888875,8.055555555555557,2
99,Dalano Banton,Portland Trail Blazers,G,201,331,77,183,412.0,24,30,760.0,23,73,302.2,9,44,53,50,12,11,24,4,-96,304,254,251,103,630.200511322133,85.05113221329437,98.99926953981009,17.082907231555883,1366.518991964938,866.2414170927685,1107.5021913805695,207.0262965668371,10
100,Dalen Terry,Chicago Bulls,F,31,142,14,34,259.4,1,2,50.0,2,16,58.3,8,15,23,16,15,6,4,5,10,70,54,47,39,133.67722681359044,40.10330578512397,26.49403122130395,1.6772268135904502,323.55188246097333,257.28191000918275,165.51193755739212,101.03259871441689,10
101,Damian Jones,Cleveland Cavaliers,C,59,124,23,38,577.9,13,15,650.0,0,6,0.0,14,24,38,4,14,4,7,7,-35,101,97,63,42,192.5145746579417,80.57941701368232,2.402141582391434,0.0,394.71683521713265,376.89767995240925,193.1963117192148,100.11897679952408,10
102,Damian Lillard,Milwaukee Bucks,PG,234,370,75,179,411.6,54,61,881.3,30,84,359.8,3,41,44,79,26,8,28,5,6,357,278,313,123,700.4256837098693,8.409631391200952,78.94292508917955,24.76099881093936,853.4441141498216,658.0291319857313,927.0,56.19322235434007,10
103,Daniel Gafford,Dallas Mavericks,C,104,243,48,64,748.3000000000001,8,17,191.7,0,0,0.0,20,48,68,28,32,9,11,20,69,200,172,132,96,286.0739350722462,160.17526740476637,38.55770313379621,0.0,844.5318070932633,600.0653030587353,444.3809345092888,284.892475136048,10
104,Daniel Theis,LA Clippers,C,46,140,19,36,419.7,3,3,200.0,5,10,350.0,10,28,38,11,15,1,4,8,30,95,84,57,49,175.22249911000358,21.675329298682804,9.169455322178711,4.5080099679601275,275.39159843360625,255.79565681737273,202.13349946600212,23.529725881096475,10
105,Danilo Gallinari,Milwaukee Bucks,PF,23,88,7,16,366.7,7,9,275.0,2,9,200.0,2,8,10,8,9,3,4,1,-19,41,33,31,18,54.64760026298489,4.059171597633136,9.694937541091388,1.8527284681130833,74.10322156476002,53.74424720578566,68.85667324128862,19.904010519395136,10
106,Dante Exum,Dallas Mavericks,G,74,233,26,52,437.1,6,6,300.0,16,28,506.7,3,26,29,30,17,2,13,0,66,133,103,104,59,314.72292394517603,59.17844665412523,24.171996775060467,15.140553614619726,416.15829078204786,401.0064498790648,344.1590970169309,69.06611126041386,10
107,Danuel House Jr.,Philadelphia 76ers,SF,42,143,14,30,276.3,13,15,466.7,1,11,33.3,6,11,17,7,16,7,3,3,-26,66,59,49,24,42.0,11.714285714285715,8.0,0.8571428571428572,41.714285714285715,51.714285714285715,40.0,11.714285714285715,7
108,Dario Saric,Golden State Warriors,PF,28,107,12,33,298.3,2,3,100.0,2,17,83.3,6,15,21,18,5,0,13,0,-31,67,49,46,39,52.0,27.193877551020407,15.673469387755102,2.1224489795918364,146.1326530612245,98.90816326530613,72.53061224489795,69.56122448979592,10
109,Darius Bazley,Utah Jazz,F,18,63,6,11,116.7,5,7,160.0,1,3,33.3,3,7,10,2,1,3,4,3,-18,30,28,20,12,36.0,7.28125,2.125,0.53125,65.53125,74.78125,29.125,7.03125,2
110,Darius Garland,Cleveland Cavaliers,PG,153,338,61,147,404.8,13,15,630.0,18,56,282.7,6,24,30,74,16,16,28,1,-34,257,183,227,104,493.13440467494524,16.065741417092767,110.56829802775748,21.114682249817385,602.2227903579255,546.6785975164353,506.46822498173844,168.84441197954712,10
111,David Roddy,Phoenix Suns,F,61,130,25,53,522.0,6,10,241.7,5,20,143.3,4,15,19,11,5,1,10,0,-72,91,80,72,30,456.5901234567901,53.17777777777778,19.800000000000004,9.399999999999999,878.530864197531,696.5975308641974,619.3234567901234,92.17777777777778,10
112,Davion Mitchell,Sacramento Kings,PG,91,215,34,66,510.9,8,12,225.0,15,29,463.8,7,18,25,23,10,4,4,0,21,139,116,114,48,249.99832342630697,36.86252095717116,20.220545648529185,16.643347050754457,353.24417009602195,321.7216887669562,246.43773814967227,92.16613321140069,10
113,Davis Bertans,Charlotte Hornets,SF,82,211,27,67,357.8,6,6,300.0,22,57,349.1,2,13,15,8,16,10,8,4,-99,105,97,90,23,220.49019080892234,14.651169040580488,13.647406611126044,23.937113679118514,342.61354474603604,328.40768610588555,238.5267401236227,24.46788497715668,10
114,Day'Ron Sharpe,Brooklyn Nets,C,58,137,26,50,535.1,6,10,200.0,0,3,0.0,28,29,57,11,21,2,13,6,-19,126,115,69,68,149.67532929868278,206.13421146315417,11.059807760768958,0.03203987184051264,472.6393734425062,396.5080099679601,197.35457458170168,245.6461374154503,10
115,De'Aaron Fox,Sacramento Kings,PG,253,369,91,220,411.6,37,43,752.2,34,95,354.7,13,44,57,51,27,24,20,6,45,361,310,304,108,390.60166639961545,24.475084121134433,91.0,37.87950648934466,415.0,438.0,370.4877423489826,112.58900817176733,10
116,De'Andre Hunter,Atlanta Hawks,SF,169,336,57,131,423.7,30,39,680.4,25,74,341.3,6,43,49,23,21,5,22,0,22,241,218,192,72,339.1797262447927,129.73358460622893,15.472128545923429,14.917079944455464,674.5731005752826,658.6526482840706,350.7891291410434,149.5167625471137,10
117,De'Anthony Melton,Philadelphia 76ers,SG,23,43,7,20,75.0,4,4,200.0,5,14,75.0,0,5,5,5,3,2,1,1,-2,33,28,28,10,128.66666666666666,2.666666666666667,2.666666666666667,8.666666666666666,206.0,164.66666666666669,164.66666666666669,10.666666666666668,3
118,DeAndre Jordan,Denver Nuggets,C,36,95,16,28,411.8,4,4,200.0,0,0,0.0,12,27,39,7,11,1,4,3,-25,82,75,43,46,172.4770969660916,93.10707911957168,10.110053539559788,0.0,506.0,443.0368828078524,210.13146936347414,128.5258774538965,10
119,DeJon Jarreau,Memphis Grizzlies,F,43,150,17,50,308.3,5,11,250.0,4,13,141.7,8,36,44,26,14,6,9,2,-24,113,87,69,70,84.05516495402921,95.73228772309355,48.76365603028664,4.269334775554354,392.2168739859383,188.3109789075176,182.56030286641425,249.89670091941585,9
120,DeMar DeRozan,Chicago Bulls,SF,265,379,97,197,489.4,67,81,837.5,4,21,150.0,3,38,41,55,17,13,28,5,20,361,306,320,96,227.6143741790204,43.556201914055166,76.89453931319196,2.9945580784387316,366.542127978983,311.4681929067367,296.70594858322386,106.43310189528992,10
121,Dean Wade,Cleveland Cavaliers,PF,46,178,15,35,260.2,5,7,216.7,11,31,233.4,4,27,31,7,8,3,1,9,-23,84,77,53,38,468.50000000000006,35.125,6.125,31.525000000000006,718.8,714.725,466.12499999999994,47.699999999999996,10
122,Deandre Ayton,Portland Trail Blazers,C,235,355,107,184,583.6,20,25,338.9,1,5,100.0,40,86,126,16,16,7,20,9,-76,377,361,251,142,606.7091906721537,140.69753086419752,8.42318244170096,0.906721536351166,1201.2194787379972,1194.7853223593963,616.974622770919,145.28943758573388,10
123,Dejounte Murray,Atlanta Hawks,SG,241,376,94,215,443.59999999999997,17,25,571.7,36,96,387.4,8,50,58,96,19,18,35,4,18,395,299,337,154,731.4233439669732,49.80296490898856,112.24282229311316,24.994558078438732,891.0979545881028,884.9744792644024,746.9688496903734,152.62375680240194,10
124,Delon Wright,Miami Heat,SG,51,214,17,50,360.0,11,14,283.3,6,20,225.0,4,16,20,26,7,13,1,2,24,97,71,77,46,159.27072053311122,13.2036651395252,30.249062890462305,6.628071636817992,235.53061224489795,175.5406080799667,222.95585172844648,39.7576009995835,10
125,Deni Avdija,Washington Wizards,SF,197,360,71,135,518.6,43,57,746.7,12,39,287.4,13,82,95,45,19,11,27,7,-12,337,292,242,140,404.8923900118906,88.07253269916765,54.21224732461356,9.809750297265161,835.7895362663496,706.9351961950059,509.4649227110583,166.56658739595719,10
126,Dennis Schroder,Brooklyn Nets,PG,142,331,52,130,395.1,20,21,687.5,18,51,389.5,10,37,47,64,22,4,18,5,3,253,189,206,111,602.0583217615552,36.875024796667326,62.482443959531835,35.80638762150367,767.288038087681,648.5778615354097,712.894663757191,107.23130331283474,10
127,Dennis Smith Jr.,Brooklyn Nets,PG,58,167,21,46,487.1,8,11,383.3,8,22,348.3,5,13,18,28,22,16,11,0,3,104,76,86,46,78.47147022074135,17.85339441899209,40.0,4.21990837151187,181.54768846314036,139.3027905039567,112.87963348604748,65.69012911286964,10
128,Dereck II Lively,Dallas Mavericks,C,94,185,45,59,763.7,4,11,150.0,0,0,0.0,16,46,62,8,15,5,6,12,19,164,156,102,70,349.4128943758573,62.45610425240055,9.660493827160494,0.0,659.2345679012345,560.9444444444445,434.4478737997257,85.37174211248285,10
129,Derrick Jones Jr.,Dallas Mavericks,SF,72,230,23,54,468.6,18,24,566.7,8,24,211.9,6,22,28,9,13,5,8,8,45,109,100,81,37,172.76175362031344,21.702836738742313,8.907161277524303,7.7905177544138065,241.60860940289626,222.5732989486213,184.25133902003572,38.155723070819285,10
130,Derrick Rose,Memphis Grizzlies,PG,49,95,20,37,377.7,5,6,266.7,4,8,233.3,0,15,15,21,3,1,9,0,-9,85,64,70,36,70.0,14.857142857142858,12.0,3.7142857142857144,188.85714285714286,116.85714285714286,128.0,40.857142857142854,7
131,Derrick White,Boston Celtics,PG,173,352,59,131,457.7,21,23,755.6,34,87,407.5,8,47,55,68,20,8,12,7,89,296,228,241,123,205.35434007134367,102.21224732461356,63.117717003567186,18.917954815695598,664.9447086801426,481.61533888228297,351.77526753864447,202.23840665873962,10
132,Desmond Bane,Memphis Grizzlies,SG,93,165,30,80,183.4,19,21,366.7,14,40,172.9,2,14,16,34,14,5,13,2,-54,143,109,127,50,267.2,8.8,114.79999999999998,4.8,701.1999999999999,362.8,587.2,142.0,5
133,Devin Booker,Phoenix Suns,SG,277,351,98,189,496.7,52,58,905.3,29,74,326.8,11,33,44,77,34,8,34,4,46,398,321,354,121,1454.3167438271605,51.625,103.0,65.73456790123457,1328.011188271605,1387.372299382716,1379.4556327160494,170.125,10
134,Devin Vassell,San Antonio Spurs,SG,193,373,77,163,440.2,18,21,691.7,21,61,312.3,0,33,33,47,16,12,18,1,-43,273,226,240,80,806.4410104810535,25.71969900564364,52.6495565708143,24.90217683418436,1079.5020155872078,846.0,1027.3222252082774,90.99005643644182,10
135,Devonte' Graham,San Antonio Spurs,PG,54,133,18,49,295.6,6,6,300.0,12,40,275.5,1,16,17,18,8,6,6,0,-4,89,71,72,35,306.76562499999994,3.182291666666667,43.265625,14.000000000000002,535.015625,327.0,504.00000000000006,57.22916666666667,9
136,Dillon Brooks,Houston Rockets,SF,131,304,45,109,384.7,21,24,419.0,20,60,378.5,3,24,27,17,30,10,8,2,-16,175,158,148,44,776.3566732412887,23.078566732412888,20.14792899408284,22.795529257067717,978.7580539119001,821.3083497698883,907.173241288626,69.85963182117028,10
137,Domantas Sabonis,Sacramento Kings,PF,161,353,60,121,503.8,40,58,719.6,1,9,33.3,36,106,142,80,29,7,36,8,13,383,303,241,222,152.02392927907326,109.04587715287303,24.006096631611037,1.0810852004267644,423.1515012955341,404.0864197530864,154.90123456790124,149.23975003810395,10
138,Dominick Barlow,San Antonio Spurs,F,57,150,21,38,506.6,15,18,416.6,0,1,0.0,19,22,41,15,19,4,4,3,10,113,98,72,56,290.46020761245677,81.13667820069205,45.74567474048443,0.0,715.5397923875432,590.5,425.3581314878893,117.0242214532872,10
139,Donovan Mitchell,Cleveland Cavaliers,SG,182,350,56,148,367.40000000000003,40,46,730.4,30,80,363.3,1,39,40,51,22,12,28,6,-61,273,222,233,91,575.6537618699781,34.18261504747991,41.531775018261506,26.007304601899197,815.7918188458729,765.4375456537618,614.6873630387145,87.03506208911614,10
140,Donte DiVincenzo,New York Knicks,SG,218,371,74,157,459.0,16,21,538.3,54,120,446.1,6,36,42,28,23,16,15,9,54,288,260,246,70,833.9004444444444,23.644444444444442,13.644444444444444,65.97511111111112,1011.9004444444444,984.3359999999999,862.7537777777777,36.0,10
141,Dorian Finney-Smith,Brooklyn Nets,PF,59,287,23,61,357.5,7,10,350.0,6,35,181.6,12,34,46,16,15,11,9,5,-50,121,105,75,62,173.125,38.8,6.677777777777778,5.8694444444444445,206.2361111111111,171.72500000000002,215.5027777777778,37.611111111111114,10
142,Doug McDermott,Indiana Pacers,SF,41,119,15,35,295.8,1,2,50.0,10,29,223.7,0,9,9,8,11,3,3,0,7,58,50,49,17,199.33136094674558,9.125,9.642751479289942,16.181213017751478,315.7514792899408,224.03328402366864,287.64571005917156,22.171597633136095,10
143,Draymond Green,Golden State Warriors,PF,91,292,39,74,519.1,8,11,300.0,5,20,190.0,18,59,77,56,29,20,22,8,84,224,168,147,133,259.3464327879912,47.079608702985325,62.561646146061726,6.503794906392309,548.9961207623545,316.6280991735537,463.2040816326531,138.15162759318605,10
144,Drew Eubanks,Phoenix Suns,PF,41,165,15,30,440.0,11,13,455.0,0,0,0.0,14,31,45,10,19,3,6,11,16,96,86,51,55,84.25080114690505,33.51239669421488,14.4874346432788,0.0,68.6938775510204,54.42435486591331,77.11536515432618,69.40479001517963,10
145,Duncan Robinson,Miami Heat,F,100,267,35,88,343.1,8,9,350.0,22,70,236.3,3,26,29,19,26,7,17,2,-38,148,129,119,48,723.5454956994115,24.416025350837483,32.31824354911725,46.20914440923495,1098.9569941149841,806.1625169760072,1007.4726120416478,65.60162969669534,10
146,Duop Reath,Portland Trail Blazers,C,86,192,35,83,381.8,6,6,300.0,10,41,203.3,7,30,37,13,22,5,8,5,-53,136,123,99,50,416.6938775510204,36.469725080114685,23.62809917355372,10.060718502276945,745.3665036262438,605.0300219261258,532.0622364648339,85.06594703997303,10
147,Dwight Powell,Dallas Mavericks,C,19,111,7,13,450.0,5,10,300.0,0,0,0.0,12,18,30,6,17,2,5,2,-12,55,49,25,36,37.40453686200379,56.5,2.8355387523629494,0.0,151.35822306238185,132.03497164461248,42.46691871455577,73.59640831758034,10
148,Dylan Windler,Atlanta Hawks,G,16,41,6,11,106.7,0,0,0.0,4,9,85.0,1,6,7,2,2,2,1,0,3,25,23,18,9,79.80325443786984,6.946745562130177,2.75,5.755917159763313,120.77514792899407,109.29437869822485,83.74556213017752,17.235207100591715,3
149,Dylan Windler,Los Angeles Lakers,G,3,14,1,4,25.0,0,0,0.0,1,4,25.0,0,1,1,2,1,0,0,0,-7,6,4,5,3,7.920118343195265,2.3491124260355023,0.5,0.6065088757396448,8.260355029585797,12.298816568047336,5.80473372781065,0.9260355029585796,2
150,Dyson Daniels,New Orleans Pelicans,G,77,237,32,60,507.2,2,4,100.0,11,26,346.6,12,29,41,28,22,21,9,5,13,146,118,105,69,156.26530612244898,44.96173469387755,19.602040816326532,13.125,194.44132653061226,173.625,154.70408163265307,86.94132653061224,10
151,Emoni Bates,Cleveland Cavaliers,F,16,23,6,12,102.9,0,2,0.0,4,8,100.0,0,1,1,1,0,0,1,0,-3,18,17,17,2,22.765432098765434,0.8024691358024691,0.5061728395061729,2.617283950617284,28.888888888888893,26.58024691358024,25.98765432098765,0.3950617283950617,2
152,Eric Gordon,Phoenix Suns,SG,66,210,24,60,349.7,4,5,266.7,14,40,274.2,0,12,12,15,10,9,6,2,49,93,78,81,27,379.2755102040816,7.944897959183673,18.793877551020405,21.887755102040817,474.80204081632655,349.3469387755101,504.0938775510204,27.375510204081632,10
153,Eugene Omoruyi,Washington Wizards,F,33,122,13,36,383.4,7,14,241.7,0,10,0.0,8,15,23,7,17,7,3,3,-58,63,56,40,30,45.40625,18.15625,6.40625,0.006250000000000001,62.90625,70.625,47.625,14.625,10
154,Evan Fournier,Detroit Pistons,SG,64,218,23,77,267.4,8,11,266.7,10,44,209.3,1,17,18,20,16,11,8,2,-28,102,82,84,38,338.4056305659293,13.710428037920138,26.64636598678541,14.0,464.7262280953749,447.6661878770468,344.93134156851477,50.891123240448145,10
155,Evan Mobley,Cleveland Cavaliers,PF,158,287,60,103,567.5,29,40,646.7,9,19,450.0,13,50,63,40,22,10,14,8,-33,261,221,198,103,376.436,72.83600000000001,42.4,4.904,620.4240000000001,577.544,389.07599999999996,145.476,10
156,Frank Ntilikina,Charlotte Hornets,PG,5,39,1,8,50.0,2,2,100.0,1,7,50.0,1,4,5,3,4,0,0,0,0,13,10,8,8,19.0,7.0,6.84,0.7600000000000002,24.439999999999998,14.0,18.64,24.640000000000004,4
157,Franz Wagner,Orlando Magic,SF,169,297,61,122,498.2,39,47,844.4,8,37,190.0,10,27,37,28,20,8,9,2,26,234,206,197,65,175.6656270884384,42.619959901982625,20.884829583426153,9.942526175094676,305.42347961684106,295.9318333704611,211.10158164401872,37.5604811762085,10
158,Fred VanVleet,Houston Rockets,PG,172,365,60,146,425.4,21,25,641.7,31,88,327.3,4,29,33,76,39,23,16,6,-28,281,205,248,109,589.332707825108,20.648714580596735,67.68812159879903,66.97447926440233,540.9031713267029,555.9191217864515,594.2353161944079,68.41827735034715,10
159,Furkan Korkmaz,Philadelphia 76ers,SG,41,116,13,29,278.6,7,10,241.7,8,18,258.3,3,12,15,12,6,3,2,2,22,68,56,53,27,292.875,14.875,10.0,20.0,404.0,340.0,363.875,17.875,8
160,GG Jackson,Memphis Grizzlies,F,165,328,57,129,430.9,25,32,785.7,26,71,355.9,8,47,55,23,15,7,20,1,-80,243,220,188,78,489.07468568211675,77.28147870144493,22.25652092325014,28.406079939951216,605.7558641396134,608.827547382248,510.1047100769376,75.43629198723963,10
161,Gabe Vincent,Los Angeles Lakers,PG,2,42,1,7,25.0,0,0,0.0,0,3,0.0,1,1,2,3,4,1,2,0,8,7,4,5,5,2.814814814814815,0.7037037037037037,2.037037037037037,0.0,4.814814814814814,5.0,4.703703703703704,0.6666666666666666,3
162,Garrett Temple,Toronto Raptors,SF,53,164,19,44,469.0,7,10,300.0,8,24,320.0,7,17,24,11,19,8,6,3,-59,88,77,64,35,131.75748721694669,24.00292184075968,15.565376186997808,8.89408327246165,242.9663988312637,205.27684441197957,148.10299488677867,60.91234477720964,9
163,Garrison Mathews,Atlanta Hawks,SG,109,193,33,56,630.0,19,21,463.3,24,43,571.8,1,15,16,8,22,3,3,1,-30,133,125,117,24,419.7596785975164,8.637326515704894,5.605916727538349,24.537618699780857,519.8444119795472,489.9477720964208,445.33126369612853,18.56829802775749,10
164,Gary Harris,Orlando Magic,SG,68,262,24,58,378.6,6,8,275.0,14,42,310.9,5,14,19,13,14,9,6,2,53,100,87,81,32,230.1640625,9.01736111111111,30.1015625,12.40625,419.1111111111111,305.29600694444446,323.40625,59.691840277777786,10
165,Gary Payton II,Golden State Warriors,SG,59,168,27,40,629.0,3,5,200.0,2,8,150.0,7,16,23,13,20,9,6,6,35,95,82,72,36,159.27683259819366,44.68578029825667,40.168241965973536,1.741230833858433,249.11552194917036,170.42806133165303,159.36441923965555,163.45389624028564,10
166,Gary Trent Jr.,Toronto Raptors,SG,228,336,85,184,473.1,26,29,663.3,32,82,389.2,6,35,41,28,16,17,6,1,-67,297,269,256,69,456.74474902100394,30.3876824492702,29.337130651477395,44.466358134567464,541.9626201495192,545.9583481666073,441.12851548593795,71.34531861872551,10
167,Georges Niang,Cleveland Cavaliers,SF,98,228,38,79,438.9,3,3,200.0,19,48,342.5,2,22,24,10,26,8,12,2,-47,132,122,108,34,516.9249451846855,23.40360937763535,8.1079440040479,38.93725754764716,420.6938775510204,434.2489458593355,486.231067633665,48.65036262438859,10
168,Giannis Antetokounmpo,Milwaukee Bucks,PF,297,369,117,199,597.0,62,98,564.7,1,13,50.0,38,102,140,69,31,9,37,14,-17,506,437,366,209,256.1027777777778,184.06944444444443,58.94444444444444,1.525,785.0777777777778,660.6444444444445,332.425,291.125,10
169,Goga Bitadze,Orlando Magic,C,32,108,13,23,546.7,6,10,283.3,0,3,0.0,11,15,26,9,12,2,9,9,-9,67,58,41,35,49.4140625,65.306640625,9.494140625,0.0,238.125,180.712890625,77.025390625,104.6015625,10
170,Gordon Hayward,Oklahoma City Thunder,SF,48,160,16,41,355.5,8,11,300.0,8,16,300.0,3,15,18,14,6,4,3,1,-68,80,66,62,32,152.0660115898211,25.632653061224485,12.553287981859409,9.629125724363819,201.57470395565633,191.14537666918616,152.7538422776518,47.92743764172336,10
171,Gradey Dick,Toronto Raptors,G,139,310,52,120,423.3,15,19,504.7,20,55,361.3,3,28,31,10,16,6,14,1,-118,180,170,149,41,304.3810553633218,53.747837370242216,12.42387543252595,14.261678200692042,324.16782006920414,403.2525951557094,252.49524221453285,38.9727508650519,10
172,Grant Williams,Charlotte Hornets,PF,135,307,52,101,493.0,15,23,591.7,16,41,470.3,13,39,52,45,33,5,14,4,-96,232,187,180,97,358.8114186851211,39.891003460207614,98.40873702422145,6.422145328719723,564.0021626297578,447.30449826989616,416.94333910034607,196.86548442906573,10
173,Grayson Allen,Phoenix Suns,SG,153,326,52,106,495.9,18,22,479.2,31,72,343.6,6,35,41,33,12,10,12,6,62,227,194,186,74,595.526086094029,59.34397936917277,32.37155326324142,69.24042848641143,815.4677643324737,683.5532632414203,745.6699067645309,73.48621305296568,10
174,Gui Santos,Golden State Warriors,F,41,117,14,26,422.5,8,9,350.0,5,10,300.0,9,21,30,10,16,2,5,2,-7,81,71,51,40,165.41700960219478,125.60493827160492,15.511659807956104,4.503429355281207,586.530864197531,518.7174211248284,186.1604938271605,188.18655692729766,10
175,Harrison Barnes,Sacramento Kings,SF,96,263,34,88,331.9,16,22,450.0,12,41,211.4,8,22,30,11,7,4,9,1,10,137,126,107,41,596.1865569272977,35.111111111111114,9.020728547477518,26.177107148300564,872.706142356348,761.4951989026064,686.6649900929735,64.86434994665447,10
176,Harry III Giles,Brooklyn Nets,F,8,8,3,6,50.0,1,2,50.0,1,1,100.0,2,2,4,2,3,0,0,0,-12,14,12,10,6,49.0,11.430839002267573,3.4489795918367347,0.8185941043083901,149.7709750566893,107.76417233560092,78.44897959183675,27.43764172335601,1
177,Harry III Giles,Los Angeles Lakers,F,2,10,1,4,100.0,0,0,0.0,0,2,0.0,0,1,1,0,0,1,0,0,-15,3,3,2,1,2.0,0.528344671201814,0.04081632653061224,0.018140589569160995,4.63718820861678,4.528344671201814,2.0408163265306123,0.6371882086167799,2
178,Haywood Highsmith,Miami Heat,F,95,242,38,66,532.7,1,3,33.3,18,33,416.6,17,35,52,15,14,10,3,4,27,162,147,110,67,533.4897959183673,56.0,11.579591836734693,30.26122448979592,834.1795918367347,808.9183673469388,542.8653061224489,83.46530612244896,10
179,Herbert Jones,New Orleans Pelicans,SF,109,360,35,78,434.5,27,29,825.0,12,36,286.1,5,26,31,30,30,21,11,6,-11,170,140,139,61,188.90123456790124,36.94444444444444,12.030864197530864,14.19753086419753,378.0,290.0308641975309,248.94444444444446,76.90123456790123,10
180,Hunter Tyson,Denver Nuggets,F,0,7,0,3,0.0,0,0,0.0,0,3,0.0,0,1,1,0,1,0,2,0,-1,1,1,0,1,9.0,0.6232686980609419,0.06925207756232686,0.33518005540166207,6.119113573407203,4.886426592797785,10.648199445983378,0.27700831024930755,1
181,I. Thomas,Phoenix Suns,G,5,8,2,4,50.0,0,0,0.0,1,2,50.0,0,0,0,1,0,0,0,0,1,6,5,6,1,13.040123456790123,0.0,0.19753086419753085,0.5216049382716049,16.447530864197528,13.040123456790123,16.447530864197528,0.19753086419753085,1
182,Ibou Badji,Portland Trail Blazers,C,10,41,4,5,250.0,2,4,100.0,0,0,0.0,2,4,6,4,8,0,5,3,-33,20,16,14,10,15.650969529085874,6.0,4.171745152354571,0.0,37.529085872576175,34.80886426592798,21.42382271468144,7.119113573407203,4
183,Immanuel Quickley,Toronto Raptors,SG,206,347,67,151,438.3,48,59,665.5,24,70,335.9,3,53,56,86,17,12,24,1,-75,348,262,292,142,484.130177514793,95.73438527284682,198.06574621959237,14.437869822485208,1319.5450361604208,713.2925706771862,927.1032215647601,457.07955292570676,10
184,Isaac Okoro,Cleveland Cavaliers,SF,75,288,30,69,451.7,5,8,175.0,10,32,313.1,9,16,25,13,24,3,10,2,-51,113,100,88,38,136.73569198751298,40.52341311134236,19.29136316337149,8.842872008324662,330.7793964620187,257.0260145681582,191.82310093652447,78.48074921956295,10
185,Isaiah Hartenstein,New York Knicks,C,116,251,47,65,730.1,22,31,484.8,0,0,0.0,24,45,69,34,30,17,16,9,90,219,185,150,103,299.78979591836736,111.0,54.56530612244898,0.0,567.2448979591836,558.5326530612244,270.53061224489795,203.53673469387758,10
186,Isaiah Jackson,Indiana Pacers,SF,76,152,29,42,740.5,18,23,658.3,0,0,0.0,22,21,43,9,22,7,6,9,49,128,119,85,52,160.0,155.5917355371901,31.08595041322314,0.0,623.3983471074381,458.3553719008265,228.83140495867764,282.88925619834714,10
187,Isaiah Joe,Oklahoma City Thunder,SG,104,213,34,70,517.2,11,12,475.0,25,51,508.6,4,21,25,24,7,6,5,2,16,153,129,128,49,178.88046537811974,13.36742353161944,58.75961718896603,13.0,465.15612685306814,247.80277725652095,368.34452993056857,100.01632576468381,10
188,Isaiah Mobley,Cleveland Cavaliers,F,5,33,2,7,58.3,0,0,0.0,1,4,25.0,0,4,4,2,2,0,0,0,-1,11,9,7,6,5.51388888888889,13.555555555555554,1.388888888888889,0.8472222222222221,37.847222222222214,25.625,12.180555555555557,20.5,2
189,Isaiah Stewart,Detroit Pistons,C,106,319,40,71,587.7,10,12,516.7,16,38,409.0,10,48,58,12,11,4,10,10,-48,176,164,118,70,131.47520661157026,49.603305785123965,9.603305785123966,12.764462809917354,245.47520661157023,193.27685950413223,178.88016528925618,64.0,10
190,Ish Smith,Charlotte Hornets,PG,18,181,8,34,236.0,0,0,0.0,2,2,200.0,1,19,20,41,16,5,6,1,-90,79,38,59,61,54.36000000000001,24.0,78.09,1.5600000000000003,170.49,69.16000000000001,134.09,123.69,9
191,Ish Wainright,Phoenix Suns,F,3,11,1,6,16.7,0,0,0.0,1,4,25.0,3,2,5,1,1,1,1,0,-3,9,8,4,6,6.25,17.361111111111114,0.6944444444444445,0.6944444444444445,56.25,44.44444444444445,11.111111111111112,25.0,1
192,Ivica Zubac,LA Clippers,C,127,281,52,86,659.9,23,27,525.0,0,0,0.0,26,75,101,14,28,5,9,14,-11,242,228,141,115,232.91975308641975,82.67901234567903,8.5,0.0,465.5308641975308,442.9197530864197,238.30864197530866,108.40123456790124,10
193,JT Thor,Charlotte Hornets,F,34,107,14,22,538.3,2,3,150.0,4,11,250.0,1,14,15,6,9,1,2,5,-2,55,49,40,21,86.40277777777777,25.21267361111111,4.6640625,4.944444444444444,189.44444444444443,177.06684027777777,95.08767361111113,33.56944444444444,10
194,JaVale McGee,Sacramento Kings,C,23,49,11,19,355.0,0,3,0.0,1,2,100.0,5,10,15,1,6,2,1,0,-4,39,38,24,16,83.46428571428571,16.428571428571427,0.8928571428571428,0.8928571428571428,144.85714285714283,146.0357142857143,85.85714285714286,13.75,7
195,Jabari Smith Jr.,Houston Rockets,PF,155,306,53,115,466.9,26,32,816.7,23,62,325.8,12,54,66,14,26,5,10,7,-46,235,221,169,80,481.8081632653061,114.98979591836735,10.4,22.559183673469384,694.8591836734694,657.2591836734694,530.2081632653061,114.58979591836734,10
196,Jabari Walker,Portland Trail Blazers,F,113,312,40,93,460.6,25,34,685.9,8,23,316.6,22,72,94,16,29,5,10,1,-81,223,207,129,110,233.25330812854443,400.9434992648603,26.585591262339843,7.741230833858434,1088.0455786599455,981.2793530770846,312.72862843940345,454.8199957992018,10
197,Jacob Gilyard,Brooklyn Nets,G,0,11,0,2,0.0,0,0,0.0,0,2,0.0,0,0,0,1,2,1,0,0,0,1,0,1,1,14.761772853185596,0.6232686980609419,3.792243767313019,1.3407202216066483,43.28254847645429,21.451523545706372,33.51800554016621,7.490304709141275,1
198,Jacob Gilyard,Memphis Grizzlies,G,67,192,23,49,431.8,1,1,100.0,20,42,431.8,1,13,14,39,10,9,12,2,-59,120,81,106,53,341.01385041551254,15.504155124653737,43.28808864265928,29.750692520775623,656.0166204986151,445.7479224376731,519.5041551246537,90.57063711911357,9
199,Jacob Toppin,New York Knicks,F,13,29,5,9,107.1,2,2,100.0,1,4,33.3,3,3,6,1,3,0,1,0,-18,20,19,14,7,78.05555555555556,8.722222222222221,0.5555555555555556,0.7222222222222223,130.22222222222223,136.55555555555554,72.5,8.5,2
200,Jaden Hardy,Dallas Mavericks,G,54,101,20,48,367.9,7,7,300.0,7,20,223.3,3,11,14,15,13,1,8,0,-28,83,68,69,29,84.40036730945822,12.812213039485767,34.77777777777778,6.17722681359045,179.51193755739212,94.03719008264463,155.19834710743802,62.266758494031215,10
201,Jaden Ivey,Detroit Pistons,PG,165,301,62,156,399.2,22,28,638.3,19,56,317.9,6,31,37,43,21,7,21,3,-98,245,202,208,80,388.4224852071006,21.889940828402366,61.0,23.0,471.99171597633136,391.0224852071006,455.05325443786984,97.2284023668639,10
202,Jaden McDaniels,Minnesota Timberwolves,PF,127,299,51,97,511.3,12,19,532.1,13,40,242.9,9,30,39,13,25,11,15,8,41,179,166,140,52,406.79536011080336,14.922437673130194,12.125,18.205332409972296,437.6634349030471,485.89369806094186,360.0124653739612,25.60006925207756,10
203,Jaden Springer,Boston Celtics,G,60,176,22,52,413.7,13,14,575.0,3,18,183.3,13,18,31,17,21,13,10,4,-19,108,91,77,48,232.5,52.956250000000004,31.125,2.60625,698.7562499999999,490.70624999999995,376.125,148.50625,10
204,Jae Crowder,Milwaukee Bucks,PF,51,188,20,46,433.6,4,5,150.0,7,26,270.0,7,17,24,13,9,4,4,1,-5,88,75,64,37,72.52261212234941,9.063238881591293,10.248639519609682,5.457872021017077,78.33064364796397,82.33871270407204,69.54250328391817,18.283918183524115,10
205,Jae'Sean Tate,Houston Rockets,SF,39,131,17,32,440.5,3,5,150.0,2,7,133.3,8,19,27,7,15,5,14,5,6,73,66,46,34,92.96667562483202,21.52512765385649,6.129266326256383,1.6001074979844128,191.7621607094867,145.35608707336738,121.80596613813492,45.221177102929325,10
206,Jahmi'us Ramsey,Toronto Raptors,SG,47,120,18,41,306.3,5,6,175.0,6,22,183.3,4,18,22,8,10,7,7,0,-28,77,69,55,30,69.3801652892562,36.066115702479344,3.072314049586777,3.402892561983472,97.25413223140495,108.65289256198346,77.28719008264463,19.832644628099175,7
207,Jaime Jr. Jaquez,Miami Heat,G,104,291,39,86,430.4,18,25,616.7,8,25,244.89999999999998,9,40,49,27,20,12,9,3,3,180,153,131,76,399.9229968782518,41.14984391259105,22.292403746097815,7.839750260145682,373.75650364203955,369.74921956295526,390.9687825182102,76.40374609781477,10
208,Jake LaRavia,Memphis Grizzlies,F,124,295,37,103,356.5,30,38,643.9,20,56,353.5,18,25,43,22,19,9,18,3,11,189,167,146,65,275.3,34.325,19.825000000000003,32.27777777777778,515.8000000000001,420.325,336.42499999999995,88.5,10
209,Jakob Poeltl,Toronto Raptors,C,122,251,55,101,543.9,12,20,491.7,0,0,0.0,39,53,92,31,28,10,11,19,35,245,214,153,123,161.8469387755102,127.67346938775509,30.387755102040813,0.0,516.704081632653,398.98979591836735,256.6224489795918,181.0,10
210,Jalen Brunson,New York Knicks,PG,321,355,121,254,468.9,54,65,758.5,25,70,364.7,5,29,34,81,19,8,19,0,107,436,355,402,115,1441.1568774629386,24.679301932820415,48.70050666166261,14.793206980671796,1608.3497841996623,1606.5004691311692,1438.1752674047664,78.21073372114843,10
211,Jalen Duren,Detroit Pistons,C,128,257,49,85,524.1,30,36,763.3,0,1,0.0,30,84,114,15,22,9,24,6,-56,257,242,143,129,401.1154336734694,371.60012755102036,25.775510204081634,0.0,1647.533163265306,1449.0127551020407,504.1103316326531,492.9011479591837,10
212,Jalen Green,Houston Rockets,SG,258,375,90,200,437.8,43,53,877.9,35,97,336.7,8,53,61,53,23,15,36,5,19,372,319,311,114,827.1390532544378,39.943786982248525,36.71564760026299,44.55917159763314,988.0529257067718,988.0177514792898,811.7718606180144,92.06180144641682,10
213,Jalen HoodSchifino,Los Angeles Lakers,G,5,11,1,6,33.3,2,4,100.0,1,3,50.0,0,2,2,0,1,0,1,0,-13,7,7,5,2,9.0,0.9799999999999999,0.020000000000000004,0.8200000000000001,13.32,14.180000000000001,8.42,0.72,2
214,Jalen Johnson,Atlanta Hawks,SF,171,327,67,147,459.5,20,28,429.0,17,46,394.9,12,76,88,47,15,12,20,5,25,306,259,218,135,713.8015122873346,159.16540642722117,76.59168241965973,14.168241965973534,1432.8856332703213,930.8327032136106,1110.8090737240075,340.8024574669187,10
215,Jalen McDaniels,Toronto Raptors,PF,57,177,25,61,352.3,7,9,366.7,0,12,0.0,6,25,31,18,15,6,10,3,-95,106,88,75,49,201.0,117.12345679012347,23.777777777777782,0.044444444444444446,587.3827160493826,475.10123456790126,263.4444444444445,190.73827160493826,10
216,Jalen Pickett,Denver Nuggets,G,2,7,1,3,33.3,0,0,0.0,0,2,0.0,0,0,0,2,0,0,0,0,-1,4,2,4,2,0.4648760330578513,0.16735537190082647,0.9111570247933886,0.07438016528925619,1.5061983471074376,0.07438016528925619,2.6776859504132227,0.29752066115702475,1
217,Jalen Slawson,Sacramento Kings,F,2,8,1,2,50.0,0,0,0.0,0,1,0.0,1,1,2,0,2,1,0,0,3,4,4,2,2,2.5600000000000005,2.25,0.0,0.0,9.610000000000001,9.610000000000001,2.5600000000000005,2.25,1
218,Jalen Smith,Indiana Pacers,PF,81,150,30,65,426.6,14,20,277.4,7,23,261.9,24,34,58,9,15,4,3,8,7,148,139,90,67,224.61706555671176,85.6066597294485,6.937565036420395,10.292403746097815,540.3309053069719,522.3090530697191,243.0072840790843,92.17585848074921,10
219,Jalen Suggs,Orlando Magic,SG,130,285,46,94,500.2,20,26,683.3,18,47,382.5,4,18,22,39,20,16,13,9,36,191,152,169,61,303.119140625,16.09228515625,33.18603515625,9.884765625,455.0,313.46728515625,428.37353515625,65.556640625,10
220,Jalen Williams,Oklahoma City Thunder,F,211,304,86,157,551.8,26,33,746.7,13,39,248.3,7,29,36,51,21,14,21,13,42,298,247,262,87,454.77777777777777,22.8,48.90277777777778,14.436111111111112,823.4027777777778,552.1111111111111,691.3361111111111,106.4361111111111,10
221,Jalen Wilson,Brooklyn Nets,F,56,155,19,40,567.7,12,17,450.0,6,17,250.0,7,25,32,10,7,2,8,1,33,98,88,66,42,147.4885535900104,35.698231009365244,10.041623309053069,4.470343392299688,374.2190426638918,282.5,212.61654526534863,72.3309053069719,10
222,Jamal Cain,Miami Heat,F,12,37,3,9,125.0,4,4,200.0,2,4,150.0,2,3,5,6,5,1,3,1,11,23,17,18,11,9.73777777777778,4.111111111111112,6.137777777777777,1.0177777777777777,34.111111111111114,20.36,26.0,7.737777777777778,4
223,Jamal Murray,Denver Nuggets,PG,219,343,82,178,457.3,34,39,911.4,21,49,440.0,10,40,50,77,17,15,23,4,59,346,269,296,127,478.5,50.15625,60.00625,18.925,655.625,500.65624999999994,609.90625,133.72500000000002,10
224,James Bouknight,Charlotte Hornets,SG,10,13,4,10,83.3,0,0,0.0,2,7,58.3,0,0,0,0,0,1,1,0,13,10,10,10,0,18.0,0.0,0.0,0.72,18.0,18.0,18.0,0.0,2
225,James Harden,LA Clippers,SG,132,344,40,114,353.1,36,42,840.7,16,68,217.1,6,51,57,95,10,12,23,3,-25,284,189,227,152,267.03846875586413,36.33120660536686,132.84199662225558,17.585288046537812,408.0739350722462,294.553762431976,358.99624695064745,190.7355976731094,10
226,James Johnson,Indiana Pacers,PF,4,12,1,4,33.3,2,2,100.0,0,1,0.0,0,0,0,2,3,0,1,1,-2,6,4,6,2,1.2800000000000002,0.0,0.32000000000000006,0.0,2.88,1.2800000000000002,2.88,0.32000000000000006,2
227,James Wiseman,Detroit Pistons,C,95,237,39,65,486.1,17,22,420.8,0,0,0.0,20,49,69,8,29,1,22,4,-102,172,164,103,77,482.06745562130175,109.24852071005917,16.0,0.0,1072.224852071006,919.5479289940829,615.0828402366864,144.91005917159762,10
228,Jamie Jr. Jaquez,Miami Heat,G,67,179,26,52,452.4,10,12,541.7,5,19,161.7,5,13,18,18,16,5,11,3,32,103,85,85,36,126.36734693877551,12.066122448979591,18.36,4.223673469387755,194.7461224489796,148.23755102040818,169.18448979591835,34.117551020408165,9
229,Jarace Walker,Indiana Pacers,F,38,147,14,37,382.2,2,2,100.0,8,19,300.0,4,25,29,19,11,5,6,5,26,86,67,57,48,127.57048940832725,50.59532505478451,59.53177501826149,8.759678597516436,492.69539810080346,299.1417092768444,259.44119795471147,171.81008035062086,10
230,Jared Butler,Washington Wizards,SG,82,206,31,65,483.0,10,10,400.0,10,32,373.4,5,19,24,41,21,13,23,4,14,147,106,123,65,197.94849115504684,8.895421436004163,129.10145681581685,11.040582726326743,461.7986472424558,214.79084287200834,404.3881373569199,178.56503642039544,10
231,Jared Rhoden,Detroit Pistons,G,33,122,13,28,280.8,3,6,150.0,4,12,183.3,0,15,15,8,16,3,4,7,-39,56,48,41,23,53.77914951989027,12.864197530864198,7.1865569272976675,1.7160493827160495,89.5281207133059,103.56515775034293,49.93141289437585,9.861454046639231,7
232,Jaren Jackson Jr.,Memphis Grizzlies,PF,223,328,81,183,426.2,46,59,770.4,15,49,319.6,15,33,48,34,37,17,27,17,-129,305,271,257,82,1098.545532892847,51.22723355357656,26.401034185578858,10.500718184429761,1282.5294455616202,1221.2183280666477,1158.3386957770756,79.14622234989945,10
233,Jarred Vanderbilt,Los Angeles Lakers,PF,68,142,26,42,412.7,13,17,375.0,3,5,166.7,12,22,34,12,8,16,11,2,23,114,102,80,46,111.33333333333334,59.333333333333336,18.0,3.5,362.0,274.0,157.33333333333334,119.33333333333334,6
234,Jarrett Allen,Cleveland Cavaliers,C,167,314,70,114,608.7,27,33,741.6,0,0,0.0,25,67,92,31,13,5,9,3,-47,290,259,198,123,197.19328723224828,132.83049418114354,21.297183336144375,0.0,392.35351661325683,337.5471411705177,222.77685950413223,183.35048068814302,10
235,Jason Preston,Utah Jazz,G,10,42,5,12,116.6,0,0,0.0,0,1,0.0,3,7,10,13,2,1,1,0,0,33,20,23,23,16.0,6.00925925925926,15.416666666666664,0.0,95.37037037037038,35.78703703703704,56.75,40.25925925925927,3
236,Javon Freeman-Liberty,Toronto Raptors,G,83,223,32,75,385.3,15,17,700.0,4,21,108.3,9,35,44,22,17,8,16,0,-136,149,127,105,66,287.1149521032903,18.049146189087878,31.632653061224488,4.400666389004582,539.6522282382341,367.3198667221991,444.35693461057895,64.77217825905873,10
237,Javonte Green,Chicago Bulls,G,55,106,22,32,323.8,5,6,150.0,6,10,316.7,9,23,32,4,7,5,5,6,21,91,87,59,36,340.09876543209873,83.49691358024691,0.8024691358024691,0.8395061728395061,730.2376543209878,710.1388888888889,349.24691358024694,95.25,5
238,Jaxson Hayes,Los Angeles Lakers,C,67,166,27,34,842.9,13,19,535.0,0,0,0.0,15,30,45,8,21,7,10,5,-27,120,112,75,53,284.0109155713967,75.1064825128091,7.805301848964134,0.0,574.7288928491869,599.0372020494542,272.4083314769437,70.20605925595902,10
239,Jay Huff,Denver Nuggets,C,3,5,1,2,50.0,0,0,0.0,1,2,50.0,0,0,0,0,2,0,0,0,-3,3,3,3,0,4.746173469387756,0.10331632653061226,0.02040816326530612,0.7971938775510204,2.9387755102040813,3.4489795918367347,4.144132653061224,0.21556122448979592,1
240,Jaylen Brown,Boston Celtics,SG,257,340,101,198,508.8,30,43,585.5,25,63,402.5,12,41,53,30,25,16,22,6,71,340,310,287,83,407.0,41.20658059142024,30.41649312786339,17.259058725531027,383.5318617242815,436.6963765097876,334.4777176176593,90.98084131611829,10
241,Jaylen Nowell,Detroit Pistons,SG,24,39,10,17,118.1,2,4,50.0,2,4,66.7,3,4,7,2,2,1,1,2,-3,33,31,26,9,0.0,0.52,2.08,2.08,0.5200000000000006,0.5199999999999999,2.0799999999999996,0.5199999999999999,2
242,Jaylin Williams,Oklahoma City Thunder,F,45,155,14,35,483.3,10,12,258.3,7,23,408.3,5,35,40,30,14,3,11,6,-70,115,85,75,70,54.65931526990129,51.209829867674856,129.90002100399073,4.100189035916824,379.5066162570888,146.3555975635371,240.46691871455573,228.45326612056294,10
243,Jayson Tatum,Boston Celtics,SF,270,352,88,188,467.2,64,75,767.0,30,75,389.6,11,63,74,48,16,12,27,6,101,392,344,318,122,274.25222637173226,81.37259408216029,10.842861246768168,20.232691755242747,468.5728239011779,434.58488939959784,316.44125251364557,84.01436368859524,10
244,Jeenathan Williams,Houston Rockets,G,18,36,9,15,283.4,0,2,0.0,0,0,0.0,3,5,8,1,5,1,0,0,14,27,26,19,9,47.17174515235457,6.845567867036011,0.8012465373961217,0.0,72.03047091412742,77.29432132963987,45.017313019390585,4.537396121883656,5
245,Jeff Dowtin,Philadelphia 76ers,G,42,112,15,27,317.1,3,3,200.0,9,18,283.4,3,15,18,20,1,5,5,1,18,80,60,62,38,216.9387755102041,24.73469387755102,34.97278911564626,8.020408163265305,513.0408163265306,318.6122448979592,383.3265306122449,87.74829931972789,9
246,Jeff Green,Houston Rockets,PF,89,191,30,70,401.7,13,16,425.0,16,46,322.5,8,23,31,9,12,3,1,4,5,129,120,98,40,271.3632271468144,47.947714681440445,4.900623268698061,15.447714681440445,443.95602493074796,425.29639889196676,289.8739612188366,52.99722991689751,10
247,Jerami Grant,Portland Trail Blazers,SF,169,342,56,142,386.6,38,46,711.3,19,49,402.0,6,19,25,35,18,14,28,2,-77,229,194,204,60,473.98961937716257,45.9204152249135,32.71626297577855,5.083044982698962,888.6262975778548,739.6678200692041,583.0934256055364,118.49134948096886,10
248,Jeremiah Robinson-Earl,New Orleans Pelicans,F,28,104,11,28,269.6,4,7,80.0,2,13,100.0,10,15,25,11,7,3,5,1,38,64,53,39,36,94.0,39.993197278911566,30.10034013605442,1.7006802721088436,267.5561224489796,177.8027210884354,154.5765306122449,99.27040816326533,9
249,Jeremy Sochan,San Antonio Spurs,F,126,301,51,121,422.6,14,19,516.7,10,44,192.79999999999998,21,59,80,33,16,14,20,10,-20,239,206,159,113,549.0972944849116,204.3746097814776,41.58480749219564,10.166493236212277,1143.8839750260145,1165.4823100936524,519.2138397502601,254.24453694068677,10
250,Jericho Sims,New York Knicks,C,11,149,5,9,266.7,1,2,50.0,0,0,0.0,16,25,41,5,11,5,5,5,17,57,52,16,46,26.678638941398866,87.99716446124764,4.670132325141776,0.0,178.10018903591683,163.78166351606805,33.448960302457465,100.21550094517958,10
251,Jerome Robinson,Golden State Warriors,SG,10,17,4,10,40.0,1,2,50.0,1,6,16.7,0,0,0,1,1,0,0,1,-2,11,10,11,1,75.1111111111111,0.1371742112482853,0.7256515775034293,0.8573388203017833,83.6886145404664,68.82853223593963,90.60219478737999,0.2318244170096022,1
252,Jett Howard,Orlando Magic,G,0,5,0,1,0.0,0,0,0.0,0,1,0.0,0,0,0,0,1,0,0,0,-5,0,0,0,0,1.265625,0.0625,0.0,0.140625,1.890625,1.890625,1.265625,0.0625,1
253,Jevon Carter,Chicago Bulls,PG,48,142,19,37,423.5,1,2,50.0,9,22,291.7,2,7,9,11,10,2,4,1,6,68,57,59,20,161.61111111111111,13.1640625,8.90017361111111,6.9210069444444455,257.7777777777778,202.31684027777777,200.85850694444446,38.27777777777778,10
254,Jimmy Butler,Miami Heat,SF,187,335,56,122,460.2,66,71,932.4,9,29,258.2,10,35,45,53,13,11,12,0,107,285,232,240,98,372.9005102040816,21.0,28.15625,5.0,464.57461734693874,437.829081632653,385.89604591836735,62.90625,10
255,Jock Landale,Houston Rockets,C,95,218,38,64,593.5,17,22,583.3,2,6,100.0,26,27,53,19,18,5,11,4,50,167,148,114,72,249.5938775510204,104.32244897959184,25.88775510204082,3.6000000000000005,730.6734693877552,546.5,380.2040816326531,183.7734693877551,10
256,Joe Harris,Detroit Pistons,SF,2,12,1,3,33.3,0,0,0.0,0,1,0.0,0,0,0,0,1,0,0,0,-5,2,2,2,0,0.0,0.0,0.0,0.0,0.0,0.0,0.0,0.0,1
257,Joe Ingles,Orlando Magic,SG,37,177,12,26,339.9,3,4,200.0,10,22,316.6,1,19,20,30,11,8,14,0,71,87,57,67,50,128.1026954778347,14.570282913789262,12.721764312764535,12.020049008687902,150.51124972154156,108.59456449097794,160.73624415237248,36.57518378257964,10
258,Joel Embiid,Philadelphia 76ers,C,128,146,42,90,238.9,35,42,426.9,9,21,233.3,6,30,36,16,14,6,25,3,-47,180,164,144,52,200.53472222222223,37.25,23.368055555555554,4.888888888888889,247.47222222222223,258.86805555555554,222.55555555555554,27.20138888888889,5
259,John Collins,Utah Jazz,PF,193,271,68,119,570.0,39,48,752.5,18,34,508.9,22,58,80,7,25,7,12,7,-49,280,273,200,87,362.38775510204084,95.36033163265307,7.3501275510204085,12.044005102040817,700.0510204081634,672.8960459183673,372.3654336734694,119.88775510204083,10
260,John Konchar,Memphis Grizzlies,SG,57,299,19,46,385.8,8,9,266.7,11,29,391.6,19,45,64,29,20,13,17,9,-3,150,121,86,93,131.325,70.55625,15.0,7.125,291.05625,223.40625,166.425,118.10624999999999,10
261,Johnny Davis,Washington Wizards,G,32,168,13,30,381.0,3,4,150.0,3,9,150.0,3,13,16,11,13,4,0,4,-45,59,48,43,27,67.71842560553634,20.400086505190313,10.916955017301039,4.105536332179931,164.9498269896194,115.72491349480968,120.14576124567473,28.11461937716263,10
262,Johnny Juzang,Utah Jazz,G,95,219,34,66,431.8,4,6,216.7,23,49,404.3,5,19,24,11,20,2,7,1,-16,130,119,106,35,667.6938775510205,39.17034568929612,13.0,46.85089546022491,783.1820074968764,751.5697625989171,677.5510204081634,73.92544773011244,10
263,Jonas Valanciunas,New Orleans Pelicans,C,108,197,46,75,615.9,15,21,425.0,1,11,33.3,11,58,69,16,26,3,11,3,-6,193,177,124,85,425.86982248520707,30.080539119000658,36.416831032215654,0.985207100591716,717.3284023668639,527.9385272846812,621.7777777777777,59.97928994082841,10
264,Jonathan Isaac,Orlando Magic,PF,89,171,33,51,570.7,9,12,366.7,14,26,468.3,10,34,44,7,12,7,2,14,61,140,133,96,51,392.4773940904236,25.404770380918478,6.102883588465646,11.579209683161269,528.6977572089711,536.8903524385902,381.77714489142045,34.015307938768245,10
265,Jonathan Kuminga,Golden State Warriors,PF,204,300,82,150,557.9,31,40,716.7,9,21,350.1,8,40,48,25,30,9,21,5,8,277,252,229,73,280.68267159125884,72.23822714681441,13.442597722376115,9.226531240381656,364.16466605109264,297.3973530317021,323.89873807325336,109.23207140658664,10
266,Jontay Porter,Toronto Raptors,C,49,159,18,41,352.3,4,6,150.0,9,26,230.4,10,23,33,32,11,10,13,9,-28,114,82,81,65,215.4023668639053,32.251479289940825,58.16863905325444,15.943786982248522,472.0,275.0917159763314,386.0976331360947,116.63313609467455,10
267,Jordan Clarkson,Utah Jazz,PG,161,328,58,144,353.7,31,35,737.9,14,53,206.6,7,29,36,63,18,10,23,0,-70,260,197,224,99,1014.8698224852071,104.98224852071006,74.72485207100591,21.005917159763314,1435.3639053254435,1403.248520710059,1032.630177514793,194.0621301775148,10
268,Jordan Goodwin,Memphis Grizzlies,G,93,269,37,97,364.4,8,12,300.0,11,34,293.3,22,49,71,50,22,11,16,4,-12,214,164,143,121,253.48783694937543,185.54437869822485,45.917159763313606,15.128862590401049,558.1643655489809,501.3872452333991,244.3596318211703,297.36686390532543,10
269,Jordan Hawkins,New Orleans Pelicans,G,24,94,8,31,291.7,3,5,116.7,5,19,166.7,2,8,10,5,5,2,1,1,16,39,34,29,15,45.31884765625,8.009765625,4.5,6.65625,55.63916015625,75.13916015625,29.81884765625,8.509765625,10
270,Jordan McLaughlin,Minnesota Timberwolves,PG,51,153,18,34,482.1,2,2,100.0,13,23,458.4,3,13,16,25,5,3,3,0,57,92,67,76,41,159.06427296171395,12.422931957944852,39.04007141440191,18.110493949613172,270.577663162071,184.16445149771872,251.7000595120016,45.240428486411425,10
271,Jordan Miller,LA Clippers,G,4,5,1,1,100.0,2,2,100.0,0,0,0.0,0,1,1,0,0,0,0,0,3,5,5,4,1,9.679012345679013,0.44444444444444453,0.0,0.0,14.271604938271604,14.271604938271604,9.679012345679013,0.44444444444444453,1
272,Jordan Nwora,Toronto Raptors,SF,105,216,42,82,509.9,12,15,400.0,9,32,270.2,5,40,45,19,9,7,23,4,-97,169,150,124,64,275.8652445369407,107.87617065556712,19.63423517169615,4.970343392299688,664.8106139438086,539.9214360041623,335.7440166493236,192.5208116545265,10
273,Jordan Poole,Washington Wizards,SG,216,363,79,180,429.9,28,29,850.0,30,91,313.1,6,32,38,80,26,13,32,1,-47,334,254,296,118,756.369822485207,23.292899408284022,152.98224852071007,24.19888231426693,1316.2840236686393,931.3254437869823,1069.955621301775,247.6479289940828,10
274,Jordan Walsh,Boston Celtics,G,2,33,1,5,100.0,0,0,0.0,0,3,0.0,3,4,7,1,6,2,2,1,19,10,9,3,8,3.8163265306122454,13.959183673469386,1.1020408163265305,0.0,8.673469387755102,8.551020408163264,9.0,10.0,3
275,Jose Alvarado,New Orleans Pelicans,PG,74,207,25,61,381.5,5,8,250.0,19,38,479.6,8,19,27,21,18,8,5,1,15,122,101,95,48,246.42899408284023,38.10724852071006,38.20710059171598,25.710059171597635,496.38831360946745,376.96523668639054,323.4467455621302,118.71967455621302,10
276,Josh Giddey,Oklahoma City Thunder,SG,185,297,74,129,582.3,22,31,696.9,15,31,429.2,15,65,80,72,15,4,26,6,53,337,265,257,152,501.18283015685614,113.23595884634845,180.12244897959187,26.76353516613257,1271.0091077753418,797.1983471074379,757.6911789509193,510.66081969978075,10
277,Josh Green,Dallas Mavericks,SG,67,259,28,55,498.7,4,5,80.0,7,23,270.0,11,24,35,13,16,11,9,2,-34,115,102,80,48,175.42568370986916,41.573127229488705,10.20332936979786,7.416171224732463,227.9346016646849,241.15576694411413,176.20927467300828,37.77170035671819,10
278,Josh Hart,New York Knicks,SG,91,371,36,82,367.3,14,17,458.3,5,18,156.6,20,66,86,64,23,9,18,1,90,241,177,155,150,718.742728531856,213.45602493074793,104.44875346260388,4.8895429362880884,1803.2493074792244,1319.1274238227147,1059.4103185595568,461.3590720221606,10
279,Josh Minott,Minnesota Timberwolves,F,2,12,1,2,50.0,0,0,0.0,0,0,0.0,0,5,5,1,3,1,0,0,13,8,7,3,6,2.5,10.728373702422145,0.527681660899654,0.14013840830449828,3.8217993079584773,3.6989619377162626,4.7923875432525955,9.086505190311419,2
280,Josh Okogie,Phoenix Suns,SF,43,135,12,30,323.8,12,13,450.0,7,15,350.0,13,7,20,11,7,6,10,3,-9,74,63,54,31,144.2,12.100000000000001,7.61111111111111,6.377777777777779,209.7777777777778,196.5,152.0111111111111,25.177777777777777,10
281,Josh Richardson,Miami Heat,SG,98,211,38,76,433.2,6,6,200.0,16,45,301.7,4,26,30,19,16,5,3,2,3,147,128,117,49,296.8888888888889,20.0,10.88888888888889,27.555555555555557,468.0,427.55555555555554,344.0,24.22222222222222,9
282,Joshua Primo,LA Clippers,G,0,5,0,1,0.0,0,0,0.0,0,0,0.0,1,0,1,0,0,0,1,0,1,1,1,0,1,0.0,0.0,0.0,0.0,0.0,0.0,0.0,0.0,1
283,Jrue Holiday,Boston Celtics,PG,109,315,43,88,509.5,4,4,200.0,19,50,398.6,6,35,41,54,12,10,15,9,106,204,150,163,95,152.92722117202268,72.02079395085066,65.24858223062382,12.927221172022685,422.4007561436673,276.79867674858224,303.2797731568998,132.51890359168243,10
284,Jules Bernard,Washington Wizards,G,46,88,17,36,466.2,4,7,250.0,8,16,435.0,6,9,15,11,6,2,3,1,24,72,61,57,26,218.32000000000002,12.254999999999999,15.319999999999999,6.405000000000001,372.125,278.99499999999995,306.28,32.745000000000005,8
285,Julian Champagnie,San Antonio Spurs,F,98,294,34,77,386.6,14,18,563.4,16,45,286.5,6,32,38,19,14,10,10,11,-23,155,136,117,57,326.23813002191383,54.02045288531775,20.005113221329438,15.01826150474799,715.073046018992,600.7845142439737,404.50620891161435,110.04601899196494,10
286,Julian Phillips,Chicago Bulls,F,39,132,13,31,272.9,7,8,266.7,6,13,283.4,6,12,18,5,12,5,3,1,-11,62,57,44,23,170.91975308641975,27.290123456790123,6.777777777777779,6.401234567901234,314.4444444444444,289.44444444444446,184.5493827160494,45.43827160493827,10
287,Julian Strawther,Denver Nuggets,G,28,61,9,26,108.0,6,6,300.0,4,18,81.9,1,8,9,8,6,1,6,0,4,45,37,36,17,148.37345679012347,17.09567901234568,10.027777777777775,3.6327160493827155,285.87345679012344,225.93827160493828,187.93827160493828,47.49382716049382,4
288,Julius Randle,New York Knicks,PF,66,99,23,48,142.2,14,14,300.0,6,11,195.0,8,17,25,18,7,1,10,0,25,109,91,84,43,98.0,2.666666666666667,14.0,2.0,140.66666666666669,120.66666666666666,126.0,8.666666666666668,3
289,Justin Champagnie,Washington Wizards,SF,71,188,24,59,355.1,11,14,300.0,12,38,218.3,17,24,41,15,12,8,9,6,-56,127,112,86,56,333.21315192743765,95.48979591836734,10.505668934240362,15.60204081632653,851.0,746.8390022675737,400.48979591836735,142.8798185941043,10
290,Justin Holiday,Denver Nuggets,SF,44,166,17,37,399.6,0,0,0.0,10,23,350.0,3,11,14,12,11,7,3,3,35,70,58,56,26,130.41209829867674,10.465868515017853,35.84499054820415,10.0,278.41167821886154,165.62150808653644,246.54820415879016,42.96492333543373,10
291,Justin Minaya,Portland Trail Blazers,F,25,126,9,24,284.9,1,2,50.0,6,18,176.6,8,12,20,6,11,4,3,5,-25,51,45,31,26,69.09382716049383,21.111111111111107,6.893827160493828,8.99753086419753,146.1111111111111,112.72345679012346,97.00000000000001,33.48641975308642,10
292,Jusuf Nurkic,Phoenix Suns,C,80,272,29,73,375.8,21,32,518.5,1,2,50.0,34,73,107,43,33,14,21,9,34,230,187,123,150,203.78775510204082,197.40816326530614,22.559183673469388,0.9081632653061225,719.6,711.0163265306123,211.6938775510204,220.64489795918368,10
293,Karl-Anthony Towns,Minnesota Timberwolves,C,193,306,66,146,451.8,41,47,734.2,20,56,341.5,20,55,75,29,33,8,24,8,98,297,268,222,104,265.0493827160493,98.62345679012346,46.91975308641975,18.771604938271604,548.530864197531,414.4012345679012,362.2777777777778,182.44444444444443,10
294,Kawhi Leonard,LA Clippers,SF,239,347,93,173,538.7,37,43,815.0,16,45,350.8,14,45,59,28,12,13,23,11,38,326,298,267,87,125.67722681359045,60.90449954086318,8.631772268135904,8.466942148760332,202.40449954086316,148.5,148.1179981634527,101.0,10
295,Keegan Murray,Sacramento Kings,SF,181,359,70,148,481.8,8,10,341.7,33,84,413.7,15,35,50,22,27,4,7,14,34,253,231,203,72,257.14228489024197,74.69347860919724,20.36148053196603,23.434545745874058,277.00256369171615,186.35939753244676,314.64973561929173,128.1906745713828,10
296,Keita Bates-Diop,Brooklyn Nets,SF,35,85,12,20,615.0,6,6,300.0,5,11,350.0,3,10,13,5,1,2,5,4,-13,53,48,40,18,52.10000000000001,16.81111111111111,4.677777777777777,5.4,94.5,87.3777777777778,51.511111111111106,29.2,10
297,Keldon Johnson,San Antonio Spurs,SF,145,293,49,104,463.8,27,32,684.2,20,55,368.5,15,44,59,18,17,4,11,2,-15,222,204,163,77,288.2099173553719,54.59338842975206,22.343801652892562,24.476033057851243,371.500826446281,400.9950413223141,287.2314049586777,48.42148760330579,10
298,Kelly Olynyk,Toronto Raptors,PF,138,299,53,89,598.0,24,28,683.3,8,26,331.6,14,44,58,61,38,12,33,7,-60,257,196,199,119,143.28898966994205,30.648526077097504,94.3010833963215,3.6291257243638197,424.7097505668935,268.22474174855125,306.6145124716553,118.10909549004786,10
299,Kelly Oubre Jr.,Philadelphia 76ers,SG,188,344,69,159,428.9,29,37,492.8,21,56,311.5,17,45,62,30,24,16,21,11,36,280,250,218,92,544.2241512345679,56.65625,44.26736111111111,31.427854938271604,853.2704475308642,758.9706790123457,665.3780864197531,74.06944444444443,10
300,Kendall Brown,Indiana Pacers,SG,3,19,1,2,100.0,1,2,50.0,0,0,0.0,1,0,1,0,4,0,0,0,-12,4,4,3,1,6.148148148148149,0.6666666666666667,0.3333333333333333,0.0,11.592592592592592,10.814814814814817,6.925925925925926,1.0,3
301,Kenneth Lofton Jr.,Philadelphia 76ers,F,2,5,1,4,25.0,0,0,0.0,0,2,0.0,0,1,1,0,0,0,0,0,-4,3,3,2,1,14.0625,0.0,0.0,0.5625,14.0625,14.0625,14.0625,0.0,1
302,Kenneth Lofton Jr.,Utah Jazz,F,7,12,3,7,42.9,0,0,0.0,1,2,50.0,1,0,1,0,0,0,0,0,-4,8,8,7,1,1.5625,0.0,0.0,0.0625,1.5625,1.5625,1.5625,0.0,1
303,Kenrich Williams,Oklahoma City Thunder,SF,82,200,34,61,584.1,4,4,200.0,10,24,416.6,17,21,38,14,23,9,7,2,-17,134,120,96,52,183.75917476691131,74.6312239634993,9.14659789724261,6.071414401904383,435.0720095219203,350.6867684983139,242.78952588772069,109.13271176353899,10
304,Kentavious Caldwell-Pope,Denver Nuggets,SG,116,334,40,78,466.0,8,11,450.0,28,54,460.5,4,25,29,25,25,13,12,9,106,170,145,141,54,546.6469387755102,23.422448979591838,22.518367346938778,42.30204081632653,699.4367346938776,614.3877551020408,598.5,79.13673469387754,10
305,Kenyon Martin Jr.,Philadelphia 76ers,F,56,177,25,47,495.8,4,8,200.0,2,6,150.0,15,25,40,16,20,2,8,5,24,112,96,72,56,116.75206059255959,129.50590331922476,11.221207395856537,1.6008019603475163,445.404321675206,401.37803519714856,152.55424370683895,148.95121407885946,10
306,Keon Ellis,Sacramento Kings,G,80,264,26,58,390.2,11,13,525.0,17,39,430.4,10,32,42,21,32,10,8,3,-4,143,122,101,63,314.8897959183673,49.56122448979592,29.636734693877553,20.559183673469388,603.5612244897959,422.8020408163265,471.64489795918365,103.20204081632653,10
307,Keon Johnson,Brooklyn Nets,G,12,26,3,8,73.3,4,4,100.0,2,4,133.3,2,1,3,2,2,2,2,0,-9,17,15,14,5,18.88888888888889,0.5555555555555556,2.2222222222222223,0.22222222222222227,27.222222222222225,13.888888888888888,34.0,1.0,2
308,Kessler Edwards,Sacramento Kings,SF,39,97,14,33,376.7,1,4,50.0,10,23,386.7,4,13,17,3,9,6,1,1,-14,59,56,42,20,122.27939646201872,22.708116545265348,2.1050988553590013,9.758584807492197,178.69406867845996,167.24661810613944,124.29396462018731,34.24609781477627,10
309,Kevin Durant,Phoenix Suns,PF,248,359,98,181,547.3,26,29,691.7,26,63,439.8,5,61,66,42,16,9,31,12,67,356,314,290,108,179.79389441727108,68.2145387080452,35.69741946365323,11.471074380165287,421.0882104908079,339.70349131388093,270.7377298026649,94.35284196323157,10
310,Kevin Huerter,Sacramento Kings,SG,72,231,29,79,330.1,2,4,100.0,12,45,205.0,6,24,30,25,23,8,11,2,5,127,102,97,55,288.7933884297521,30.44995408631772,4.61248852157943,16.24793388429752,456.10743801652893,441.77777777777777,290.6730945821855,47.51239669421488,10
311,Kevin Knox II,Detroit Pistons,SF,22,89,9,26,148.9,3,3,200.0,1,11,33.3,3,11,14,4,9,2,6,0,21,40,36,26,18,115.33333333333334,19.333333333333336,3.3333333333333335,0.8333333333333335,167.33333333333331,188.0,101.33333333333334,16.0,6
312,Kevin Love,Miami Heat,PF,83,153,30,64,451.7,9,12,233.3,14,40,268.40000000000003,12,50,62,18,18,3,11,3,42,163,145,101,80,368.06721536351165,171.75857338820302,14.0,20.86145404663923,830.7997256515774,716.8737997256516,433.6968449931413,234.05486968449932,10
313,Kevon Looney,Golden State Warriors,F,37,118,15,25,585.0,7,11,350.0,0,0,0.0,11,32,43,8,20,2,4,1,50,88,80,45,51,54.20332936979786,48.71640903686088,4.0,0.0,136.16944114149823,142.99702734839477,55.16884661117717,44.92330558858502,10
314,Keyontae Johnson,Oklahoma City Thunder,F,5,39,2,8,66.7,0,0,0.0,1,2,100.0,2,4,6,2,4,0,2,0,-15,13,11,7,8,20.0,7.0,1.2653061224489797,0.8163265306122451,29.69387755102041,35.0,17.26530612244898,5.6938775510204085,5
315,Keyonte George,Utah Jazz,G,126,322,39,128,293.6,35,36,883.3,13,68,158.6,0,30,30,43,14,4,36,0,-127,199,156,169,73,408.98253485018427,34.00160230732254,45.38327191155263,19.294183624419166,292.2475564813331,373.4411152058965,353.6982855311648,53.475564813331204,10
316,Khris Middleton,Milwaukee Bucks,SF,145,274,58,114,534.1,11,15,355.0,18,45,550.4,13,48,61,56,32,11,26,2,-25,262,206,201,117,499.23438429506245,47.10707911957168,61.541939321832245,5.660916121356335,914.9363474122547,620.2201070791195,713.0868530636526,189.51279000594883,10
317,Killian Hayes,Detroit Pistons,PG,18,79,7,14,209.6,1,3,33.3,3,6,100.0,0,15,15,20,4,0,5,2,-12,53,33,38,35,27.0,18.75,54.0,2.75,252.75,74.75,153.0,124.75,4
318,Kira Lewis Jr.,Utah Jazz,PG,24,78,9,23,169.4,4,6,125.0,2,9,83.3,2,5,7,11,3,2,5,0,-34,42,31,35,18,104.34375,19.115,13.5,1.375,280.28375,209.08375,156.34375,51.815,6
319,Klay Thompson,Golden State Warriors,SG,203,296,78,163,472.1,8,8,500.0,39,102,368.0,2,26,28,25,15,9,20,1,59,256,231,228,53,470.68115412710006,27.71110299488678,6.545653761869978,33.06829802775749,676.081811541271,596.4243973703433,542.1961285609935,42.39919649379109,10
320,Kobe Brown,LA Clippers,G,10,39,5,9,300.0,0,0,0.0,0,2,0.0,6,7,13,2,5,0,3,0,-18,25,23,12,15,21.755859375,16.349609375,1.7734375,0.005859375,46.34375,41.3359375,18.927734375,25.958984375,6
321,Kobe Bufkin,Atlanta Hawks,G,52,138,22,57,316.7,1,2,50.0,7,29,193.3,2,18,20,22,12,6,5,4,6,94,72,74,42,102.52250000000001,6.0,19.29,3.5600000000000005,135.42249999999999,120.7225,119.6225,22.89,9
322,Kobi Simmons,Toronto Raptors,G,20,67,9,21,183.4,0,0,0.0,2,8,100.0,1,6,7,12,5,6,1,2,-31,39,27,32,19,25.11111111111111,4.111111111111111,22.0,1.1111111111111112,45.0,41.0,30.44444444444445,24.77777777777778,4
323,Kris Dunn,Utah Jazz,G,57,220,23,57,422.1,5,7,130.0,6,21,200.0,9,24,33,34,26,9,8,5,-31,124,90,91,67,86.10009765625,42.35400390625,44.400390625,6.41650390625,200.625,168.244140625,96.90087890625,108.33447265625,10
324,Kris Murray,Portland Trail Blazers,F,100,318,41,98,382.8,4,7,166.7,14,48,249.2,23,30,53,17,18,12,14,3,-80,170,153,117,70,360.1351111111111,23.78044444444444,18.296000000000003,15.340444444444444,484.88177777777776,492.25511111111115,358.6604444444444,36.17777777777778,10
325,Kristaps Porzingis,Boston Celtics,C,191,293,68,134,518.6,37,44,875.0,18,48,425.8,20,57,77,24,28,13,14,25,63,292,268,215,101,136.136,84.884,14.656,17.856,357.444,285.68399999999997,182.59999999999997,124.836,10
326,Kyle Anderson,Minnesota Timberwolves,SF,86,232,35,73,459.6,14,17,435.0,2,7,100.0,8,28,36,47,14,16,8,9,54,169,122,133,83,136.27960217676863,33.49896791142804,43.6672921748921,1.610808782135485,379.1568774629386,242.69318821542504,222.51848376806157,127.3910677425408,10
327,Kyle Kuzma,Washington Wizards,SF,218,366,85,181,489.6,37,47,775.0,11,43,218.6,3,70,73,51,24,7,36,7,-27,342,291,269,124,513.3879277201077,57.532103037293346,59.63667820069204,16.7439446366782,740.9957708573625,549.878123798539,709.8965782391388,111.77777777777777,10
328,Kyle Lowry,Philadelphia 76ers,PG,90,292,30,62,517.9,10,14,400.0,20,43,501.7,3,20,23,39,25,6,12,5,7,152,113,129,62,350.167063020214,29.618311533888228,87.73900118906063,10.760998810939359,606.0570749108205,432.15755053507723,509.2092746730083,132.21462544589775,10
329,Kyrie Irving,Dallas Mavericks,PG,276,377,104,199,522.7,39,43,771.5,29,75,377.2,6,39,45,44,22,13,23,3,119,365,321,320,89,602.8706747404844,46.92387543252595,75.54887543252596,14.972750865051902,590.5346020761247,744.8412629757786,442.21626297577853,128.8205017301038,10
330,LaMelo Ball,Charlotte Hornets,PG,32,55,12,37,66.1,5,6,150.0,3,17,34.7,1,5,6,15,10,3,7,0,-49,53,38,47,21,2.0,2.0,0.5,0.5,4.5,8.0,0.5,0.5,2
331,Lamar Stevens,Memphis Grizzlies,PF,111,239,44,107,433.1,19,24,516.6,4,25,195.0,13,38,51,10,13,11,5,5,12,172,162,121,61,137.3926234384295,41.50684116597264,6.481856038072576,2.402141582391434,198.21891731112433,185.79298036882807,156.90005948839976,40.90719809637121,10
332,Landry Shamet,Washington Wizards,SG,55,184,20,55,273.1,7,7,300.0,8,35,104.1,4,10,14,8,12,4,9,2,-68,77,69,63,22,330.90000000000003,22.5,5.700000000000001,15.624999999999998,463.7,413.80000000000007,373.0,35.99999999999999,10
333,Larry Nance Jr.,New Orleans Pelicans,PF,59,231,24,46,525.8,7,9,316.7,4,10,183.3,15,30,45,26,20,10,7,1,-17,130,104,85,71,93.23193844999062,78.13304559954963,47.95646462750986,4.401200975792832,390.3677988365547,285.83749296303245,174.95083505348094,148.9009194970914,10
334,Lauri Markkanen,Utah Jazz,PF,223,347,68,170,401.2,57,60,956.7,30,80,363.3,20,49,69,26,14,11,18,4,-42,318,292,249,95,334.8261504747991,129.06135865595326,45.68298027757487,34.00730460189919,657.4915997078159,517.5704894083273,451.0029218407597,198.48867786705623,10
335,LeBron James,Los Angeles Lakers,SF,262,351,96,162,597.9,51,66,783.6,19,38,393.3,8,67,75,90,8,7,40,4,107,427,337,352,165,551.783558792924,74.93964620187305,46.02341311134235,65.07492195629553,536.2502601456816,564.1550468262227,509.67585848074924,135.1659729448491,10
336,Leaky Black,Charlotte Hornets,F,31,166,10,27,332.1,7,10,275.0,4,10,150.0,5,22,27,14,13,2,3,4,-26,72,58,45,41,89.07100591715977,35.094674556213015,8.686390532544378,8.402366863905327,120.85207100591715,85.94082840236686,110.51479289940828,57.248520710059175,10
337,Leonard Miller,Minnesota Timberwolves,F,5,10,2,3,100.0,0,0,0.0,1,1,100.0,0,1,1,4,0,1,0,0,15,10,6,9,5,15.16884661117717,0.5005945303210464,3.0820451843043997,0.7146254458977408,29.322235434007137,20.589774078478005,23.98692033293698,3.4970273483947674,2
338,Lester Quinones,Golden State Warriors,G,52,148,18,49,323.7,9,13,325.0,7,29,200.0,7,17,24,12,16,2,5,0,-30,88,76,64,36,228.5635478637101,25.664683612763653,14.327744726879395,10.437533802055166,340.82206598161173,358.3796646836127,222.691184424013,28.3071930773391,10
339,Lindy Waters III,Oklahoma City Thunder,F,55,96,21,43,518.9,2,2,200.0,11,28,363.3,6,11,17,7,7,4,1,2,-27,79,72,62,24,187.89708506841166,22.408685306365257,10.367043426531826,12.647828673408686,314.7537180249851,241.92385484830453,238.9565734681737,54.54610350981559,10
340,Lonnie Walker IV,Brooklyn Nets,G,42,137,16,59,264.5,3,4,150.0,7,33,203.3,2,19,21,6,5,1,3,4,-56,69,63,48,27,192.1899722852104,39.07357016880826,8.908037288989672,9.200554295792392,446.265306122449,347.08264046359284,265.1665406903502,74.18770471151424,10
341,Luguentz Dort,Oklahoma City Thunder,G,110,294,35,91,366.0,25,32,705.0,15,53,270.3,6,30,36,15,22,8,16,5,-13,161,146,125,51,257.4154157530781,44.69387755102041,10.854612919547984,13.14133918030022,352.12093101703493,330.1130038792376,276.0689829650869,58.90285039635689,10
342,Luka Doncic,Dallas Mavericks,PG,311,385,104,231,453.7,58,75,780.6,45,111,403.7,11,95,106,96,24,16,45,4,97,513,417,407,202,587.2033976124885,19.475206611570254,136.25160697887972,37.93480257116621,428.584940312213,610.6730945821855,421.0876951331496,139.75436179981637,10
343,Luka Garza,Minnesota Timberwolves,C,61,70,23,45,310.8,8,11,266.7,7,21,233.3,10,6,16,2,9,3,3,1,4,79,77,63,18,138.31632653061223,23.05102040816326,1.5510204081632657,4.1938775510204085,239.1496598639456,217.77551020408163,158.12585034013603,26.16666666666667,6
344,Luka Samanic,Utah Jazz,F,49,128,15,47,238.8,14,19,446.4,5,24,203.3,5,28,33,6,10,1,6,4,-47,88,82,55,39,203.46416831032218,63.05917159763313,5.580539119000658,3.093359631821171,491.9000657462196,426.2629848783694,252.29651545036157,85.44444444444443,10
345,Luke Kennard,Memphis Grizzlies,SG,118,282,40,88,429.0,9,9,500.0,29,64,450.4,2,28,30,53,7,6,24,1,-63,201,148,171,83,485.97067901234567,10.069444444444445,60.84104938271605,26.915123456790123,680.125,494.9382716049382,661.6111111111111,80.45679012345678,10
346,Luke Kornet,Boston Celtics,C,49,178,21,31,710.6,7,8,250.0,0,0,0.0,22,27,49,12,7,5,2,10,47,110,98,61,61,133.6111111111111,149.61111111111111,21.61111111111111,0.0,506.0111111111111,411.6,177.8,221.44444444444443,10
347,M. Pereira,Memphis Grizzlies,F,44,120,16,33,255.6,7,10,225.0,5,13,150.0,10,26,36,2,10,6,5,4,7,82,80,46,38,233.12247324613557,100.43757431629012,1.4292508917954816,5.43281807372176,626.9940546967896,595.6313912009513,247.97384066587392,118.3781212841855,6
348,M. Williams,Toronto Raptors,C,0,36,0,7,0.0,0,0,0.0,0,2,0.0,1,6,7,1,3,1,1,2,-25,8,7,1,8,0.0,5.22,0.5,0.0,8.72,5.22,0.5,8.72,2
349,Malachi Flynn,Detroit Pistons,PG,124,197,43,98,358.4,21,29,491.7,17,51,298.5,6,23,29,27,13,11,14,2,-56,180,153,151,56,1997.9183673469383,34.673469387755105,55.50829081632653,24.288903061224488,2761.788903061224,2460.9183673469392,2270.8144132653065,118.15625,10
350,Malaki Branham,San Antonio Spurs,G,121,252,47,99,453.40000000000003,7,12,316.7,20,47,400.4,5,14,19,17,14,3,14,1,5,157,140,138,36,556.1743827160494,20.964891975308642,12.125,29.086419753086417,648.6840277777778,648.7673611111111,552.7716049382716,36.40933641975309,10
351,Malcolm Brogdon,Portland Trail Blazers,PG,102,218,37,83,266.20000000000005,17,19,433.3,11,30,202.89999999999998,7,22,29,40,13,4,17,2,4,171,131,142,69,100.0,28.833333333333336,7.333333333333334,6.833333333333334,113.5,66.83333333333334,151.33333333333331,31.5,6
352,Malik Beasley,Milwaukee Bucks,SG,108,307,37,102,362.4,7,7,300.0,27,81,332.5,2,28,30,11,22,5,6,2,-19,149,138,119,41,352.1398865784499,30.41167821886158,11.317580340264652,24.915143877336696,339.6851501785339,381.83322831337955,327.1625708884688,24.558496114261708,10
353,Malik Monk,Sacramento Kings,SG,157,272,57,138,394.0,31,33,730.0,12,58,166.1,6,27,33,44,31,6,17,2,13,234,190,201,77,653.7845804988663,24.25724363819602,14.982111363063742,11.617031997984379,877.3560090702948,822.5527840765936,694.3827160493827,53.44444444444444,10
354,Mamadi Diakite,New York Knicks,F,0,5,0,0,0.0,0,0,0.0,0,0,0.0,0,1,1,0,1,1,0,0,0,1,1,0,1,0.0,0.44444444444444453,0.0,0.0,0.44444444444444453,0.44444444444444453,0.0,0.44444444444444453,1
355,MarJon Beauchamp,Milwaukee Bucks,F,30,42,10,16,350.0,7,8,175.0,3,7,200.0,2,9,11,1,4,1,3,0,-17,42,41,31,12,64.50666666666666,13.240000000000002,0.8933333333333334,2.0400000000000005,123.75999999999999,112.33333333333331,72.36000000000001,17.706666666666667,6
356,Marcus Morris Sr.,Cleveland Cavaliers,SF,62,157,23,50,517.6,5,8,250.0,11,25,383.3,4,18,22,10,11,2,10,2,-45,94,84,72,32,141.66824196597352,51.668241965973536,10.075614366729678,12.912098298676751,276.46124763705103,270.67296786389414,145.60018903591683,63.60018903591683,10
357,Marcus Sasser,Detroit Pistons,G,94,286,34,99,339.9,12,14,240.0,14,45,291.7,2,20,22,46,16,8,17,2,-98,162,116,140,68,421.64296706678977,11.606032625423207,37.65589412126808,10.42413050169283,559.5654047399199,380.12126808248695,593.3130193905818,57.03601108033241,10
358,Markelle Fultz,Orlando Magic,PG,67,196,30,70,410.0,4,4,200.0,3,6,166.7,16,15,31,25,19,8,10,3,31,123,98,92,56,318.2465373961219,39.082486919052016,36.50692520775623,4.21452754693752,594.8978147122192,500.2560787934749,401.8171745152355,86.6605109264389,10
359,Markieff Morris,Dallas Mavericks,PF,5,11,2,3,150.0,0,0,0.0,1,2,50.0,0,2,2,0,0,0,0,0,4,7,7,5,2,1.0,2.4260355029585803,0.2958579881656805,0.5266272189349113,5.165680473372782,6.349112426035504,0.5266272189349113,2.0118343195266273,2
360,Marques Bolden,Charlotte Hornets,C,15,53,7,9,266.7,1,2,50.0,0,0,0.0,4,13,17,0,5,1,1,1,-8,32,32,15,17,36.06920415224913,41.44982698961938,0.0,0.0,151.78200692041523,151.78200692041523,36.06920415224913,41.44982698961938,5
361,Marvin Bagley III,Washington Wizards,PF,134,238,58,89,623.5,12,13,600.0,6,8,450.0,23,49,72,8,11,5,10,9,3,214,206,142,80,341.85484830458057,93.62879238548483,15.875074360499699,4.5258774538964905,424.1273051754908,392.8102320047591,350.1939321832243,132.48185603807258,10
362,Mason Jones,Sacramento Kings,G,7,18,2,6,66.7,1,2,50.0,2,5,66.7,1,4,5,5,0,1,1,0,3,17,12,12,10,16.608888888888888,11.719999999999999,11.719999999999999,2.2222222222222223,55.275555555555556,24.22222222222223,24.22222222222223,46.879999999999995,2
363,Mason Plumlee,LA Clippers,C,38,98,13,22,525.0,12,15,400.0,0,1,0.0,8,24,32,6,16,2,6,3,12,76,70,44,38,83.62802768166088,16.465397923875432,6.7218858131487895,0.0,154.29282006920414,137.46020761245674,94.93987889273356,28.70804498269896,10
364,Matisse Thybulle,Portland Trail Blazers,SG,67,209,25,53,398.9,5,7,200.0,12,31,335.0,7,24,31,20,14,17,12,7,-23,118,98,87,51,338.8434903047091,39.325484764542935,20.249307479224377,12.531855955678669,707.3573407202216,558.770083102493,458.20637119113564,88.79916897506926,10
365,Matt Ryan,New Orleans Pelicans,F,28,83,10,28,233.3,0,0,0.0,8,22,194.4,1,8,9,2,7,0,3,0,-12,39,37,30,11,213.2,19.03265306122449,1.6000000000000003,19.43673469387755,364.63265306122446,347.83265306122445,227.60000000000002,23.03265306122449,10
366,Matthew Hurt,Memphis Grizzlies,F,32,110,12,33,215.9,3,3,200.0,5,19,233.4,9,7,16,4,8,3,2,3,-7,52,48,36,20,163.8343195266272,34.95857988165681,4.934911242603551,5.335798816568047,360.0,296.6272189349112,213.72781065088756,53.37278106508876,7
367,Max Christie,Los Angeles Lakers,G,39,115,15,31,519.4,3,4,150.0,6,14,250.0,3,17,20,7,4,2,4,1,17,66,59,46,27,152.80298256668766,36.42806133165302,8.138836378911991,6.4120982986767485,400.226843100189,309.53014072673807,214.88552825036757,73.18105440033605,10
368,Max Strus,Cleveland Cavaliers,SG,123,320,41,96,434.8,17,18,466.7,24,65,369.2,11,32,43,45,23,11,23,1,-40,211,166,168,88,238.44731404958677,91.73657024793388,69.66219008264463,16.698347107438018,455.05061983471074,278.8760330578512,332.3801652892562,243.6404958677686,10
369,Maxi Kleber,Dallas Mavericks,PF,38,190,11,28,415.0,9,12,225.0,7,20,333.3,7,22,29,18,19,7,6,6,75,85,67,56,47,103.66306228373702,27.08304498269896,18.048442906574397,6.1055363321799305,216.31877162629758,156.56098615916954,159.24783737024222,49.3044982698962,10
370,Maxwell Lewis,Los Angeles Lakers,F,2,11,1,5,25.0,0,0,0.0,0,2,0.0,1,0,1,2,0,0,0,0,-15,5,3,4,3,3.0005948839976204,0.8239143367043427,3.143367043426532,0.0,7.462819750148721,6.963117192147531,4.283164782867341,3.1844140392623435,2
371,Micah Potter,Utah Jazz,C,33,136,11,27,300.0,6,6,400.0,5,14,250.0,8,20,28,5,7,4,4,4,-3,66,61,38,33,123.25067281814687,17.10726643598616,8.923875432525953,6.508650519031143,207.1111111111111,158.1918492887351,158.57131872356788,39.62975778546713,10
372,Michael Porter Jr.,Denver Nuggets,SF,180,322,69,138,506.8,15,18,596.7,27,65,438.2,12,61,73,16,17,6,15,2,59,269,253,196,89,365.0808782135485,126.18934133983859,18.433101895289923,8.102270594858322,346.23775567648715,407.8917245261775,285.13567273409643,162.9136798648902,10
373,Mikal Bridges,Brooklyn Nets,SF,169,344,62,140,450.3,8,9,366.7,37,88,446.3,9,28,37,37,11,13,18,3,-24,243,206,206,74,255.09832989303806,45.6672921748921,14.102270594858322,22.473071870895104,314.6836179395759,319.2959279414524,278.4053293300807,31.8502533308313,10
374,Mike Conley,Minnesota Timberwolves,PG,129,285,43,94,429.5,20,22,716.7,23,54,405.09999999999997,3,17,20,57,23,19,21,3,31,206,149,186,77,402.8615916955017,33.69550173010381,33.40873702422146,28.391003460207614,689.0160034602077,489.74048442906576,597.1163494809689,72.125,10
375,Mike Muscala,Oklahoma City Thunder,C,20,90,8,27,296.7,1,3,50.0,3,17,100.0,6,10,16,6,4,3,1,2,11,42,36,26,22,53.93694732795078,14.239138792772009,7.730103806228373,4.252595155709342,147.57785467128028,107.95155709342559,78.24375240292196,37.28873510188389,10
376,Miles Bridges,Charlotte Hornets,SF,206,399,80,171,464.1,25,32,629.7,21,70,259.0,13,58,71,37,11,7,21,4,-91,314,277,243,108,404.377366896859,48.68411672978392,44.18289151258632,39.05346402316774,560.9525506794386,486.39273780351976,427.56805524615726,144.23613276899087,10
377,Miles McBride,New York Knicks,PG,165,404,58,123,463.1,15,16,650.0,34,80,396.2,10,24,34,31,29,13,7,2,54,230,199,196,65,557.6592797783933,32.5,27.509695290858726,58.97403047091412,828.6994459833795,646.106648199446,726.831024930748,73.43074792243766,10
378,Mitchell Robinson,New York Knicks,C,23,87,8,20,183.3,7,19,216.6,0,0,0.0,20,13,33,3,10,2,4,6,-12,59,56,26,36,55.561983471074385,77.94628099173553,3.5,0.0,175.1487603305785,171.6487603305785,54.061983471074385,86.44628099173553,6
379,Mo Bamba,Philadelphia 76ers,C,74,201,27,52,491.09999999999997,11,15,425.0,9,24,323.3,16,50,66,10,28,8,8,16,-16,150,140,84,76,155.26806640625,43.88525390625,12.0390625,5.228515625,270.8515625,259.15625,183.88916015625,38.99853515625,10
380,Monte Morris,Minnesota Timberwolves,PG,60,170,21,45,425.8,7,10,250.0,11,24,360.0,2,18,20,20,7,11,2,4,54,100,80,80,40,144.01848351186726,15.111111111111109,20.13442554085276,9.105860113421551,326.4444444444444,218.124763705104,239.1111111111111,48.4725897920605,10
381,Moritz Wagner,Orlando Magic,C,95,144,37,61,665.7,15,18,650.0,6,15,316.7,14,22,36,14,16,5,11,1,52,145,131,109,50,194.9113388282468,55.02873691245266,42.659835152595235,6.4032078413900635,312.1811093784807,279.2708843840499,205.42993985297394,120.08019603475162,10
382,Moses Brown,Portland Trail Blazers,C,34,79,14,27,393.3,6,21,140.8,0,0,0.0,12,11,23,4,10,1,4,4,-13,61,57,38,27,72.4297520661157,26.09274563820018,6.001836547291092,0.0,148.32966023875116,119.15059687786959,88.51423324150598,45.18916437098255,8
383,Moses Moody,Golden State Warriors,SG,91,188,31,65,534.4,12,14,516.7,17,36,480.0,8,20,28,14,20,5,4,1,19,133,119,105,42,132.3469387755102,38.19753086419753,12.0,19.444444444444446,335.7190728143109,253.0206601158982,191.48979591836735,73.75308641975309,10
384,Mouhamadou Gueye,Toronto Raptors,F,23,89,10,30,326.2,3,8,125.0,0,3,0.0,10,7,17,4,9,2,11,12,-74,44,40,27,21,13.839506172839506,23.4320987654321,4.0246913580246915,0.0,55.55555555555556,42.98765432098765,29.17283950617284,24.691358024691358,8
385,Moussa Diabate,LA Clippers,F,2,7,1,1,100.0,0,2,0.0,0,0,0.0,1,3,4,0,0,1,0,1,1,6,6,2,4,0.0,0.0,0.0,0.0,0.0,0.0,0.0,0.0,1
386,Myles Turner,Indiana Pacers,C,145,252,50,106,474.7,25,32,691.7,20,48,418.4,8,53,61,12,28,4,10,22,31,218,206,157,73,320.4083314769436,91.01871240810871,17.605702829137893,14.643795945644909,563.7268879483181,564.1020271775451,318.3811539318334,110.27645355312987,10
387,Naji Marshall,New Orleans Pelicans,SF,61,208,25,55,414.5,3,4,200.0,8,22,332.1,4,35,39,17,15,9,7,1,40,117,100,78,56,185.29161193469693,54.96096828673297,10.165321823981985,13.681741414899605,434.5184837680615,383.6888722086696,226.84743854381685,74.40007506098705,10
388,Nassir Little,Phoenix Suns,SF,18,64,7,18,258.3,0,0,0.0,4,11,250.0,0,11,11,5,7,0,1,2,-9,34,29,23,16,38.65020820939917,13.863771564544914,4.533016061867935,2.16716240333135,65.94765020820938,56.96133254015467,46.138607971445566,19.894705532421177,7
389,Nate Hinton,Houston Rockets,G,12,22,4,7,110.0,2,3,66.7,2,3,66.7,1,5,6,3,4,1,1,2,10,21,18,15,9,68.51239669421489,2.7933884297520666,2.68595041322314,3.0578512396694215,125.0,91.50413223140498,97.06611570247934,10.421487603305783,2
390,Nathan Mensah,Charlotte Hornets,C,4,59,2,5,66.7,0,0,0.0,0,0,0.0,4,6,10,1,13,2,1,4,-17,15,14,5,11,13.75,9.9375,0.859375,0.0,41.359375,44.4375,13.484375,7.984375,7
391,Naz Reid,Minnesota Timberwolves,C,184,294,70,143,481.2,13,19,658.3,31,70,423.3,9,64,73,19,23,12,23,11,35,276,257,203,92,536.086887522317,111.16385637770283,19.03015274747074,47.07339813529062,718.3876215036698,775.9894862130529,507.14798651061295,101.53104542749455,10
392,Neemias Queta,Boston Celtics,C,39,80,19,26,443.4,1,2,100.0,0,0,0.0,12,17,29,4,8,3,4,6,63,72,68,43,33,78.9375,55.24609375,2.12109375,0.0,228.734375,238.96484375,76.33984375,49.734375,7
393,Nic Claxton,Brooklyn Nets,C,108,309,47,73,667.4,14,32,471.7,0,0,0.0,32,73,105,19,22,9,17,17,-9,232,213,127,124,269.5310454274945,97.25431462011505,11.064272961713945,0.0,406.4582424122198,422.3715532632414,251.32176155524698,110.61456060305495,10
394,Nick Jr. Smith,Charlotte Hornets,G,45,161,15,58,283.3,7,8,87.5,8,30,200.0,2,13,15,18,16,3,6,0,-3,78,60,63,33,187.16790123456792,17.44444444444445,26.953086419753088,11.91604938271605,340.0,227.7975308641975,272.1111111111111,71.6567901234568,10
395,Nick Richards,Charlotte Hornets,C,89,265,36,54,665.5,17,21,525.0,0,0,0.0,20,60,80,7,23,4,9,6,-26,176,169,96,87,121.34070669347888,218.09422579718472,8.108302212008043,0.0,300.8980178109739,330.43349612180407,111.54151106004022,206.46624533180122,10
396,Nickeil Alexander-Walker,Minnesota Timberwolves,SG,86,226,31,66,463.4,5,6,200.0,19,45,432.9,1,16,17,18,16,3,7,2,59,121,103,104,35,220.44875346260386,19.57479224376731,19.745152354570635,16.911703601108034,401.5581717451523,282.9598337950139,322.78670360110806,55.58033240997229,10
397,Nicolas Batum,Philadelphia 76ers,PF,69,281,25,50,425.4,1,2,50.0,18,40,377.9,10,35,45,20,10,9,9,4,3,134,114,89,65,322.37353515625,34.65625,40.0,28.13134765625,440.72509765625,416.72509765625,328.37353515625,92.65625,10
398,Nikola Jokic,Denver Nuggets,C,287,370,112,206,538.4,51,64,804.9,12,36,315.9,22,114,136,86,20,14,32,5,127,509,423,373,222,592.125,95.13667820069203,136.70112456747407,11.694204152249135,894.1072664359863,909.0557958477508,515.9878892733564,293.02638408304495,10
399,Nikola Jovic,Miami Heat,F,102,224,36,78,480.9,11,12,450.0,19,51,390.2,4,35,39,22,15,7,8,3,62,163,141,124,61,165.67346938775512,63.03061224489796,33.81441326530612,7.472576530612246,266.6001275510204,276.5,131.03890306122452,121.5797193877551,10
400,Nikola Vucevic,Chicago Bulls,C,144,322,59,128,456.2,15,22,410.7,11,36,318.3,22,81,103,37,21,6,16,10,-60,284,247,181,140,394.71608181647593,174.64871458059673,39.28222931131545,7.042034152749109,550.1767686245075,533.1992869206231,407.50440983298927,218.12009757928317,10
401,Noah Clowney,Brooklyn Nets,F,69,184,25,49,417.2,11,19,296.4,8,18,250.0,14,37,51,7,16,6,5,7,-3,127,120,76,58,498.64327750113176,113.64825712992305,6.458578542326845,10.108646446355818,948.5789950203712,944.7442281575372,500.42281575373477,122.16206428248076,10
402,Norman Powell,LA Clippers,G,154,280,51,103,510.4,29,33,635.7,23,52,421.3,3,15,18,11,14,6,7,1,30,183,172,165,29,144.45917159763314,16.177514792899405,7.113609467455621,14.100591715976332,139.4284023668639,165.45562130177515,114.54792899408284,27.17514792899408,10
403,O.G. Anunoby,New York Knicks,SF,99,261,40,88,345.2,9,14,243.3,10,37,188.3,5,26,31,14,17,22,15,7,119,144,130,113,45,482.0,60.22222222222222,9.555555555555554,10.246913580246913,392.0,372.8888888888889,500.8888888888889,70.0,8
404,Obi Toppin,Indiana Pacers,PF,99,182,38,59,678.7,7,8,450.0,16,30,534.9,10,29,39,12,16,7,8,6,46,150,138,111,51,149.0927003190092,48.900168887220865,7.732407581159692,12.066428973541,343.92831675736534,317.7098892850441,176.90167010696192,55.04203415274911,10
405,Ochai Agbaji,Toronto Raptors,G,77,284,32,75,362.8,8,17,225.0,5,26,153.3,22,26,48,19,21,12,15,4,-48,144,125,96,67,222.56310013717422,77.61111111111111,28.5,4.6234567901234565,499.7976680384088,431.26063100137173,256.4334705075446,140.77777777777777,10
406,Olivier Sarr,Oklahoma City Thunder,C,11,22,4,7,125.0,3,5,116.7,0,1,0.0,4,4,8,0,3,0,1,1,-14,19,19,11,8,34.92,6.920000000000002,0.0,0.0,59.68000000000001,59.68000000000001,34.92,6.920000000000002,3
407,OlivierMaxence Prosper,Dallas Mavericks,F,10,36,3,6,150.0,4,7,57.1,0,2,0.0,2,6,8,0,1,1,1,1,-14,18,18,10,8,34.2809917355372,13.58677685950413,0.1322314049586777,0.0,85.91735537190083,90.34710743801654,31.570247933884296,12.0,4
408,Omer Yurtseven,Utah Jazz,C,78,168,36,61,526.5,5,8,300.0,1,4,50.0,23,28,51,9,14,2,8,7,-44,138,129,87,60,217.28400000000002,54.456,11.924,0.9039999999999999,466.97600000000006,393.23599999999993,276.20000000000005,81.20400000000002,10
409,Onuralp Bitim,Chicago Bulls,SF,54,158,24,48,504.4,0,0,0.0,6,21,166.7,5,12,17,9,14,2,3,1,-38,80,71,63,26,278.0455524776854,51.31886734379808,5.166204986149584,7.111111111111112,528.1175746383503,493.37980917205294,298.2440751000308,71.02431517389967,10
410,Onyeka Okongwu,Atlanta Hawks,PF,147,296,61,89,703.8000000000001,16,22,492.9,9,19,466.6,32,44,76,11,28,7,5,15,4,234,223,158,87,308.4240362811791,185.95918367346937,9.244897959183675,5.6893424036281175,807.5192743764171,822.7913832199548,307.3560090702948,181.0,10
411,Orlando Robinson,Miami Heat,C,13,59,4,11,108.3,4,5,175.0,1,2,100.0,8,9,17,5,4,1,3,0,4,35,30,18,22,52.479708636836634,25.118626430801253,2.854318418314256,0.841831425598335,98.86888657648284,82.36628511966701,70.22060353798128,26.734651404786682,6
412,Oscar Tshiebwe,Indiana Pacers,C,3,5,1,3,33.3,1,2,50.0,0,0,0.0,2,0,2,0,1,0,0,1,8,5,5,3,2,0.25,0.0,0.0,0.0,0.25,0.25,0.25,0.0,1
413,Oshae Brissett,Boston Celtics,SF,37,160,12,26,444.3,10,18,283.3,3,10,250.0,17,17,34,10,13,1,4,1,60,81,71,47,44,61.63905325443787,38.258136094674555,6.0924556213017755,2.1013313609467454,98.62130177514793,108.3025147928994,60.48594674556213,35.82248520710059,10
414,Ousmane Dieng,Oklahoma City Thunder,F,28,90,10,25,324.4,4,4,200.0,4,14,220.0,1,7,8,14,3,3,6,3,16,50,36,42,22,122.49704142011836,6.0,21.124260355029588,4.295857988165681,242.1183431952663,164.49704142011836,196.11834319526628,31.124260355029584,8
415,P.J. Tucker,LA Clippers,PF,22,173,8,23,233.3,0,0,0.0,6,15,383.4,8,21,29,7,16,5,4,4,-22,58,51,29,36,66.02736466389055,43.60678167757287,4.452706722189173,4.440214158239144,154.5556216537775,128.6537775133849,81.53063652587745,58.458060678167755,10
416,P.J. Washington,Dallas Mavericks,PF,148,350,54,118,441.3,12,19,510.0,28,67,408.6,11,60,71,16,23,14,8,12,58,235,219,164,87,578.4601899196493,100.5,10.403579254930607,27.57487216946676,762.8173849525201,666.2034331628926,654.0471146822498,131.93060628195764,10
417,Paolo Banchero,Orlando Magic,PF,209,347,75,174,458.2,46,58,648.9,13,57,252.1,7,60,67,56,17,5,32,9,37,332,276,265,123,467.0544378698225,62.233136094674556,56.800000000000004,3.0000000000000004,723.5313609467456,606.3621301775147,529.0852071005917,174.1715976331361,10
418,Pascal Siakam,Indiana Pacers,PF,233,306,93,171,543.0,39,57,597.5,8,20,433.3,20,67,87,33,21,5,13,2,50,353,320,266,120,428.2276224432352,114.12854194032651,31.016513417151437,3.6003002439482072,722.9196847438543,653.4696941264777,425.55413773691123,217.26853068117845,10
419,Pat Connaughton,Milwaukee Bucks,SG,60,246,21,59,420.29999999999995,8,10,250.0,10,41,322.2,9,23,32,37,20,5,8,3,22,129,92,97,69,150.0469131169075,59.65884781384875,80.8100957027585,8.0,435.8140364045787,319.81084631262905,213.797147682492,192.72189904297244,10
420,Patrick Baldwin Jr.,Washington Wizards,F,49,174,17,56,299.2,8,12,335.0,7,37,141.5,6,36,42,10,23,8,8,9,-25,101,91,59,52,271.81752217145925,110.64498790647676,20.067186240257993,10.220639613007258,817.6492878258534,671.9513571620532,356.1394786347756,192.0881483472185,10
421,Patrick Beverley,Milwaukee Bucks,PG,50,210,16,48,276.7,11,13,416.7,7,27,240.0,4,24,28,24,20,6,3,7,1,102,78,74,52,255.243757431629,25.81985731272295,28.083828775267538,6.186682520808561,424.05469678953625,309.21105826397144,341.2705112960761,82.7205707491082,10
422,Patrick Williams,Chicago Bulls,PF,6,24,2,9,22.2,2,2,100.0,0,5,0.0,0,6,6,2,5,0,2,2,-11,14,12,8,8,0.0,0.0,0.0,0.0,0.0,0.0,0.0,0.0,1
423,Patty Mills,Miami Heat,PG,56,180,20,66,264.7,9,9,300.0,7,43,137.5,4,8,12,19,12,11,7,0,57,87,68,75,31,258.5462412114657,9.835586803677664,15.408869659275283,6.145484045429962,284.7663601946998,255.61060032449973,278.6095186587345,34.336938885884265,10
424,Paul George,LA Clippers,F,249,335,84,166,505.6,48,50,775.0,33,70,445.8,6,44,50,29,26,13,20,6,26,328,299,278,79,909.5818856468206,98.16866250632484,32.28925619834711,38.10136616630123,1662.9863383369877,1320.8977905211673,1172.6385562489459,209.48979591836735,10
425,Paul Reed,Philadelphia 76ers,SF,82,213,34,57,638.9,12,16,433.3,2,4,150.0,22,43,65,16,25,13,13,14,70,163,147,98,81,83.7215647600263,55.97928994082841,38.713017751479285,1.6673241288625904,312.19493754109135,210.8527284681131,146.42472057856673,133.33136094674558,10
426,Payton Pritchard,Boston Celtics,PG,134,282,53,103,482.4,8,11,350.0,20,53,285.2,8,23,31,52,18,7,8,0,71,217,165,186,83,468.9434992648603,22.902541482881745,89.44759504305819,36.0,846.4438143247216,520.5673177903802,785.4177693761814,121.7523629489603,10
427,Peyton Watson,Denver Nuggets,F,55,181,22,49,374.4,10,14,550.0,1,12,33.3,11,31,42,10,23,3,7,15,-11,107,97,65,52,155.15924032140248,51.446676406135865,8.0018261504748,1.237764791818846,402.44777209642075,314.3991964937911,215.09167275383493,87.56464572680788,10
428,Precious Achiuwa,New York Knicks,PF,53,183,22,42,386.5,8,15,200.0,1,6,100.0,23,40,63,9,22,4,8,8,-56,125,116,62,72,375.4490997229917,217.5682132963989,15.094182825484765,0.9948060941828254,1194.196675900277,1026.9806094182825,497.1928670360111,278.13469529085876,10
429,Quentin Grimes,Detroit Pistons,SG,82,213,26,80,296.2,19,24,525.0,11,50,200.0,2,27,29,19,13,7,9,4,-12,130,111,101,48,312.44628099173553,35.19834710743802,14.900826446280991,10.900826446280991,442.06611570247935,483.0495867768595,277.6942148760331,43.86776859504132,10
430,R. Rupert,Portland Trail Blazers,G,65,278,23,61,437.2,8,9,450.0,11,28,228.3,6,32,38,27,31,6,13,3,-58,130,103,92,65,88.52944556162024,44.27405917839701,25.885377765010052,17.92617064062051,169.08014938236136,129.92731973570812,104.82964665326054,93.01206549841999,10
431,RJ Barrett,Toronto Raptors,SG,236,337,93,167,561.0,32,55,511.7,18,38,433.4,8,45,53,49,25,5,29,5,-37,338,289,285,102,122.35069444444446,58.43402777777777,49.65625,16.5,328.1840277777778,171.44444444444443,260.11111111111114,127.06944444444446,10
432,Reggie Bullock,Houston Rockets,SF,29,119,10,22,366.6,0,0,0.0,9,19,433.3,3,22,25,3,13,3,1,2,-22,57,54,32,28,111.24852071005918,42.52899408284024,2.14792899408284,9.113609467455621,239.79289940828403,231.29940828402366,124.66745562130178,39.75147928994083,10
433,Reggie Jackson,Denver Nuggets,PG,120,244,41,98,409.59999999999997,22,26,622.7,16,38,379.3,7,12,19,48,22,7,17,2,26,187,139,168,67,457.87326515704893,29.91709276844412,60.768444119795475,21.487216946676405,636.2213294375456,527.1504747991235,546.7585829072316,110.8710737764792,10
434,Richaun Holmes,Washington Wizards,F,88,241,35,62,516.4,18,21,591.7,0,2,0.0,31,52,83,9,31,7,8,8,-2,180,171,97,92,289.8569488456315,267.74694431869625,7.027161611588955,0.004526935264825713,982.0,910.5165233137166,326.7682209144409,309.3463105477592,10
435,Ricky IV Council,Philadelphia 76ers,G,64,109,21,42,444.9,17,23,508.3,5,12,283.3,3,7,10,9,6,5,2,1,24,83,74,73,19,222.40185950413223,16.418388429752067,9.061983471074381,4.753099173553719,402.1404958677686,330.7644628099174,288.2985537190082,30.95971074380165,10
436,Robin Lopez,Milwaukee Bucks,C,6,23,3,9,37.5,0,0,0.0,0,2,0.0,1,0,1,1,3,1,0,2,-16,8,7,7,2,21.92,0.52,0.6800000000000002,0.0,24.48,29.0,18.28,0.32000000000000006,2
437,Royce O'Neale,Phoenix Suns,PF,75,191,29,55,461.1,0,0,0.0,17,38,388.1,8,34,42,13,11,4,9,5,38,130,117,88,55,322.983379501385,25.350761772853183,14.290858725761774,29.0,519.4754155124654,450.0418975069252,380.1994459833795,51.85907202216067,10
438,Rudy Gobert,Minnesota Timberwolves,C,130,342,53,78,669.8,24,44,443.8,0,0,0.0,41,84,125,20,32,7,17,18,53,275,255,150,145,278.6187877046826,83.91927607009481,14.830221200804367,0.0,492.8247629991381,458.05257110025855,294.76070094800343,117.37977592645792,10
439,Rui Hachimura,Los Angeles Lakers,PF,175,313,68,115,575.0,19,25,533.3,20,41,420.8,12,56,68,14,18,1,5,6,44,257,243,189,82,609.2720960780634,151.76956276975045,18.433101895289923,38.67742540814411,1056.3935072246202,993.5089134922123,651.0056295740288,191.35372490148248,10
440,Russell Westbrook,LA Clippers,PG,107,194,40,85,475.4,24,29,791.7,3,14,166.7,12,24,36,39,19,10,21,2,37,182,143,146,75,235.0597555454957,42.504300588501586,33.24264373019466,4.315527387958353,431.43051154368493,322.6025350837483,286.30964237211407,133.32503395201448,10
441,Ryan Arcidiacono,New York Knicks,G,0,5,0,1,0.0,0,0,0.0,0,1,0.0,0,0,0,0,1,1,0,0,3,0,0,0,0,0.0,0.0625,0.0,0.0,0.0625,0.0625,0.0,0.0625,1
442,Saben Lee,Phoenix Suns,G,35,98,9,28,194.29999999999998,15,20,416.7,2,9,83.3,3,15,18,17,6,4,2,0,11,70,53,52,35,199.5688888888889,31.235555555555557,11.719999999999999,1.608888888888889,402.2755555555556,367.8888888888889,219.90222222222226,57.00888888888888,8
443,Saddiq Bey,Atlanta Hawks,SF,146,337,48,125,372.4,31,35,800.0,19,59,298.4,29,32,61,14,7,4,10,4,-23,221,207,160,75,398.90000000000003,67.125,9.625,14.9,439.4000000000001,478.32500000000005,362.225,74.5,10
444,Sam Hauser,Boston Celtics,SF,132,252,47,100,496.3,0,0,0.0,38,82,465.40000000000003,4,37,41,13,15,9,3,2,61,186,173,145,54,846.9830690674551,30.593120128997583,14.729105079279764,89.12227895726954,933.5388336468692,991.210158559527,791.8476216070949,42.78634775597958,10
445,Sam Merrill,Cleveland Cavaliers,SG,76,196,23,65,254.6,7,8,466.7,23,62,263.4,3,17,20,22,13,2,3,0,-18,118,96,98,42,470.5,22.11687363038714,33.71110299488678,50.555880204528854,783.7487216946677,648.5628195763331,579.9138056975895,81.60007304601899,10
446,Samardo Samuels,Houston Rockets,F,0,6,0,1,0.0,0,0,0.0,0,0,0.0,1,1,2,0,0,0,0,0,-5,2,2,0,2,2.25,1.5625,0.0,0.0,0.0625,0.0625,2.25,1.5625,1
447,Sandro Mamukelashvili,San Antonio Spurs,PF,68,150,28,51,485.90000000000003,8,10,300.0,4,13,133.3,20,25,45,13,12,3,3,2,46,126,113,81,58,223.7890625,114.509765625,12.6640625,4.5,594.447265625,510.384765625,267.0,168.025390625,10
448,Santi Aldama,Memphis Grizzlies,PF,116,316,42,90,459.2,13,20,450.0,19,52,309.5,11,56,67,23,14,10,7,16,-91,206,183,139,90,464.97257653061223,94.125,18.288903061224488,31.887755102040817,898.1326530612246,764.936862244898,555.9005102040816,154.68176020408163,10
449,Sasha Vezenkov,Sacramento Kings,F,33,70,10,26,173.9,5,5,200.0,8,19,226.2,0,8,8,5,9,4,1,0,25,46,41,38,13,50.040000000000006,3.415,2.8349999999999995,7.375,91.5,63.035,75.815,8.94,6
450,Scoot Henderson,Portland Trail Blazers,G,183,334,69,160,428.2,24,30,726.7,21,53,390.0,5,29,34,71,35,14,47,1,-122,288,217,254,105,177.0,45.03591682419659,53.3348036126864,12.078344885528251,347.17790380172227,192.03591682419665,331.00147027935316,99.51123713505565,10
451,Scottie Barnes,Toronto Raptors,SF,179,333,70,155,460.1,33,39,674.9,6,36,159.89999999999998,28,63,91,75,18,13,31,14,21,345,270,254,166,391.6640625,102.8515625,85.6640625,4.8515625,827.2890625,587.40625,576.65625,243.40625,10
452,Scotty Pippen Jr.,Memphis Grizzlies,G,118,247,44,88,454.5,16,22,450.0,14,35,365.0,9,15,24,44,28,18,28,6,-69,186,142,162,68,447.6019469983775,10.524607896160086,64.1914548404543,10.417522985397511,601.2861005949162,501.75770686857754,521.2752839372633,100.57111952406706,10
453,Seth Curry,Charlotte Hornets,SG,81,181,29,67,372.5,14,15,566.7,9,31,256.6,4,15,19,17,7,5,7,3,-33,117,100,98,36,233.0,12.900826446280993,16.140495867768593,4.900826446280991,334.3388429752066,276.08264462809916,269.8677685950413,50.429752066115704,10
454,Shai Gilgeous-Alexander,Oklahoma City Thunder,PG,250,341,92,188,489.8,51,65,795.1,15,48,292.6,9,44,53,53,24,18,23,6,54,356,303,303,106,504.44958677685946,74.2,42.97685950413222,16.864462809917356,948.7999999999998,727.7768595041323,712.1999999999999,130.44958677685952,10
455,Shake Milton,New York Knicks,SG,49,126,21,46,431.1,2,3,66.7,5,12,250.0,9,19,28,15,12,4,5,2,-6,92,77,64,43,172.42112482853227,83.90123456790123,18.643347050754457,8.914951989026063,577.2345679012345,451.2194787379973,250.0,150.98079561042525,10
456,Sidy Cissoko,San Antonio Spurs,G,0,11,0,1,0.0,0,0,0.0,0,1,0.0,0,1,1,0,2,0,1,0,-8,1,1,0,1,0.0,0.5,0.0,0.0,0.5,0.5,0.0,0.5,2
457,Simone Fontecchio,Detroit Pistons,F,158,307,55,116,455.5,19,21,616.7,29,65,413.2,8,41,49,16,20,10,13,5,5,223,207,174,65,506.0,36.90963139120095,14.430439952437576,30.11296076099881,589.4708680142687,547.3923900118907,538.8442330558859,60.574316290130795,10
458,Skylar Mays,Los Angeles Lakers,SG,8,34,4,10,170.0,0,0,0.0,0,3,0.0,0,1,1,3,2,3,2,1,-3,12,9,11,4,14.805293005671077,0.773156899810964,3.2646502835538755,0.0,14.09829867674858,16.37240075614367,13.812854442344047,2.7561436672967865,4
459,Spencer Dinwiddie,Los Angeles Lakers,PG,100,273,27,64,368.6,28,31,638.9,18,43,391.7,3,21,24,25,22,7,14,9,37,149,124,125,49,562.3277127554056,40.885935330291616,42.718706605832175,15.245387819877008,966.1894465383853,718.7359650862925,789.255901606824,104.12993453679826,10
460,Stanley Umude,Detroit Pistons,G,49,150,16,39,260.4,8,9,366.7,9,25,243.3,5,16,21,3,15,4,4,2,-32,73,70,52,24,177.08,44.0,1.9200000000000002,10.88,278.68,272.78,180.88,48.02,8
461,Stephen Curry,Golden State Warriors,PG,230,318,80,183,449.4,28,29,683.3,42,105,415.5,6,38,44,57,12,3,21,3,92,331,274,287,101,520.9116156877463,90.99455807843873,45.28222931131545,22.717207731281665,629.9664102082943,633.5259898667667,516.628823419028,137.0,10
462,Svi Mykhailiuk,Boston Celtics,SG,50,144,18,40,597.1,1,1,100.0,13,31,433.3,3,15,18,13,4,3,3,0,67,81,68,63,31,60.29206049149339,28.05671077504726,10.318525519848771,8.465973534971644,217.60113421550096,155.33931947069945,107.88846880907371,53.040642722117205,10
463,T. Vukcevic,Washington Wizards,PF,66,121,24,54,258.2,10,13,350.0,8,28,186.7,6,25,31,12,23,3,6,5,19,109,97,78,43,279.5709342560554,59.311418685121104,14.987889273356403,6.717993079584775,659.7768166089966,524.7439446366782,363.4031141868512,125.5,6
464,T.J. McConnell,Indiana Pacers,PG,140,202,65,114,576.8,6,7,400.0,4,9,300.0,5,20,25,60,11,5,20,2,42,225,165,200,85,161.72244897959183,19.022448979591836,39.77346938775509,2.4183673469387754,224.7469387755102,141.38979591836735,213.88775510204079,89.98775510204082,10
465,T.J. Warren,Minnesota Timberwolves,SF,37,119,16,39,361.2,3,4,150.0,2,13,83.3,5,16,21,7,11,3,4,1,45,65,58,44,28,62.214876033057855,18.00826446280992,7.7107438016528915,1.5702479338842972,94.27548209366391,105.76584022038568,47.46280991735537,28.980716253443525,9
466,Taj Gibson,Detroit Pistons,F,8,20,3,5,116.7,0,0,0.0,2,4,100.0,0,2,2,0,2,1,0,0,-2,10,10,8,2,10.0,2.5,0.2222222222222222,0.5,2.7222222222222214,4.5,7.555555555555555,3.3888888888888884,2
467,Taj Gibson,New York Knicks,F,2,68,0,9,0.0,2,2,100.0,0,2,0.0,4,6,10,4,8,1,3,0,2,16,12,6,14,16.0,11.25,1.8888888888888893,1.25,16.805555555555557,15.25,11.222222222222225,19.47222222222223,5
468,Talen Horton-Tucker,Utah Jazz,SG,81,178,26,78,328.0,16,20,538.1,13,35,391.6,1,20,21,22,14,8,4,4,-57,124,102,103,43,150.01643655489812,52.347797501643655,33.60420775805391,3.0,265.4621959237344,242.07100591715974,161.56673241288627,97.79289940828401,10
469,Taurean Prince,Los Angeles Lakers,PF,88,206,32,64,467.8,8,11,266.7,16,35,436.9,4,29,33,12,13,4,14,4,19,133,121,100,45,267.34429065743944,41.0,19.663062283737023,14.416955017301039,344.1734429065744,298.0501730103806,289.1440311418685,84.98659169550173,10
470,Taylor Hendricks,Utah Jazz,F,101,270,36,76,480.2,8,10,316.7,21,47,475.0,10,36,46,9,25,5,8,9,-97,156,147,110,55,198.86159169550174,71.37024221453287,4.983131487889273,13.927768166089965,248.92949826989616,213.62975778546712,223.1924740484429,87.32223183391004,10
471,Taze Moore,Portland Trail Blazers,G,2,5,1,1,100.0,0,0,0.0,0,0,0.0,0,0,0,1,0,0,1,0,7,3,2,3,1,1.44,0.0,0.6400000000000001,0.0,4.0,1.44,4.0,0.6400000000000001,1
472,Terance Mann,LA Clippers,SG,104,244,39,66,570.5,16,19,575.0,10,25,436.9,7,20,27,14,25,7,8,1,-7,145,131,118,41,306.2898199445983,39.742382271468145,14.552977839335181,6.0069252077562325,487.6703601108033,419.37707756232686,389.18559556786704,39.69286703601108,10
473,Terquavion Smith,Philadelphia 76ers,G,45,65,16,37,307.8,2,3,100.0,11,28,266.6,0,3,3,11,5,8,5,0,6,59,48,56,14,184.5371900826446,1.743801652892562,17.330578512396695,17.330578512396695,171.0,179.42148760330576,177.1074380165289,18.082644628099175,7
474,Terry Rozier,Miami Heat,SG,188,305,68,150,442.8,15,16,466.7,37,74,449.4,2,29,31,31,14,12,12,3,40,250,219,219,62,673.8633217993079,26.95891003460207,25.489619377162626,75.02811418685121,805.496972318339,828.125,645.1522491349481,58.5315743944637,10
475,Terry Taylor,Chicago Bulls,F,15,56,5,10,325.0,3,4,150.0,2,3,150.0,4,10,14,3,1,2,0,0,-15,32,29,18,17,20.88823959094229,35.125639152666174,3.509130752373996,1.7983929875821767,117.36084733382029,97.06866325785245,26.967129291453613,52.848064280496715,5
476,Thaddeus Young,Phoenix Suns,F,16,53,8,14,225.0,0,2,0.0,0,0,0.0,12,9,21,4,5,3,2,0,16,41,37,20,25,8.217777777777778,55.0,4.444444444444445,0.0,79.64,70.48444444444445,20.04,56.77777777777778,4
477,Thaddeus Young,Phoenix Suns,PF,41,128,20,28,469.9,1,3,50.0,0,2,0.0,11,18,29,14,12,2,4,1,-24,84,70,55,43,173.26000000000002,31.5,31.33333333333334,0.0,478.96,281.4933333333334,330.05999999999995,103.5,6
478,Thanasis Antetokounmpo,Milwaukee Bucks,SF,10,48,5,11,266.7,0,2,0.0,0,1,0.0,2,1,3,4,8,1,3,1,-18,17,13,14,7,16.074074074074076,1.5185185185185186,1.6296296296296298,0.0,21.51851851851852,19.000000000000004,18.74074074074074,3.0,6
479,Theo Maledon,Phoenix Suns,PG,5,10,1,2,50.0,3,3,100.0,0,0,0.0,0,1,1,0,3,0,3,0,-11,6,6,5,1,14.0625,0.5625,0.0,0.0,20.25,20.25,14.0625,0.5625,1
480,Thomas Bryant,Miami Heat,C,91,143,33,58,520.0,21,23,750.0,4,14,233.3,12,41,53,6,17,4,4,7,41,150,144,97,59,489.5895078420768,97.64467279610601,8.42617631151974,4.417522985397513,923.4040021633316,860.7106544077878,550.285018929151,108.06868577609518,10
481,Tim Hardaway Jr.,Dallas Mavericks,SF,87,228,31,86,332.0,8,9,266.7,17,52,317.9,1,22,23,21,11,7,5,1,14,131,110,108,44,350.6504747991234,16.70927684441198,36.953250547845144,14.920745069393718,680.6329437545654,446.3027757487217,576.3261504747992,62.31701972242513,10
482,Tobias Harris,Philadelphia 76ers,PF,154,335,59,136,422.3,19,25,643.3,17,45,323.6,8,65,73,25,16,8,15,10,-49,252,227,179,98,379.0155325443787,100.10946745562131,17.446745562130175,26.10059171597633,641.3113905325444,509.7995562130178,503.7167159763313,124.36686390532545,10
483,Tony Allen,Memphis Grizzlies,F,2,26,1,6,16.7,0,0,0.0,0,3,0.0,0,2,2,0,2,0,1,0,-18,4,4,2,2,0.0,0.0,0.0,0.0,0.0,0.0,0.0,0.0,1
484,Torrey Craig,Chicago Bulls,SF,51,169,19,43,411.6,2,2,100.0,11,27,406.7,5,15,20,10,15,6,5,3,-30,81,71,61,30,137.8907388137357,16.832986472424558,10.31477627471384,9.326222684703435,250.9542143600416,192.24401664932358,192.71227887617064,31.036420395421434,10
485,Tosan Evbuomwan,Detroit Pistons,F,84,276,29,53,552.3,17,25,508.4,9,23,390.0,10,34,44,10,17,5,8,4,-96,138,128,94,54,126.2890625,42.736111111111114,10.15625,6.9765625,265.46267361111114,236.75434027777783,151.7890625,56.10069444444444,10
486,Toumani Camara,Portland Trail Blazers,F,88,292,35,67,507.2,8,9,350.0,10,26,336.6,19,23,42,22,26,8,13,8,-36,152,130,110,64,287.70000000000005,51.93611111111112,28.402777777777775,8.002777777777778,547.7,471.46944444444443,351.46944444444443,92.8,10
487,Trae Young,Atlanta Hawks,PG,235,370,76,173,432.4,45,55,813.4,38,93,399.0,2,18,20,109,22,11,45,2,-38,364,255,344,129,758.2361111111111,12.069444444444445,83.0,45.06944444444444,786.5,622.5,926.4027777777778,90.90277777777777,10
488,Trayce JacksonDavis,Golden State Warriors,F,109,264,49,76,631.7,11,21,308.3,0,1,0.0,31,48,79,17,15,11,10,17,-3,205,188,126,96,276.72189904297244,89.72884218427473,16.100018765246766,0.0,329.00375304935255,276.0472884218427,320.2428222931132,115.26440232689059,10
489,Tre Jones,San Antonio Spurs,PG,119,326,47,89,493.90000000000003,10,12,425.0,15,31,330.0,13,36,49,66,13,9,19,1,-8,234,168,185,115,343.24506939371804,99.481738495252,62.73776479181885,18.85792549306063,687.7224251278305,489.81008035062086,443.82505478451424,259.55186267348427,10
490,Tre Mann,Charlotte Hornets,PG,105,306,41,86,485.6,12,13,475.0,11,36,378.4,4,32,36,53,14,14,27,3,-67,194,141,158,89,178.87196060326252,28.79778393351801,36.55063096337335,7.022160664819944,294.0030778701139,218.25700215450908,271.0335487842413,48.932902431517384,10
491,Trendon Watford,Brooklyn Nets,PF,108,202,41,76,477.6,17,24,472.1,9,19,290.0,11,28,39,11,24,5,20,4,-50,158,147,119,50,494.17038430529425,70.70760548239721,17.596613813490997,7.419242139209889,906.4127922601451,807.18489653319,558.5339962375705,123.16850309056704,10
492,Trent Forrest,Atlanta Hawks,G,24,130,10,28,356.6,4,4,200.0,0,3,0.0,4,10,14,36,3,3,7,2,-11,74,38,60,50,31.090349865436373,12.444444444444446,62.917339484813525,0.0,123.50096116878125,20.685121107266436,118.40292195309496,90.86505190311419,10
493,Trevelin Queen,Orlando Magic,SG,0,13,0,3,0.0,0,0,0.0,0,2,0.0,0,1,1,1,1,0,0,0,-17,2,1,1,2,0.0,0.5555555555555556,0.5555555555555556,0.0,0.22222222222222227,0.5555555555555556,0.5555555555555556,0.22222222222222227,2
494,Trey Jemison,Memphis Grizzlies,C,86,243,37,60,513.6,12,14,600.0,0,0,0.0,34,22,56,11,20,4,18,10,-34,153,142,97,67,525.0557057869119,79.92644672796106,6.928610059491617,0.0,771.4964845862628,825.0124391563007,466.32179556517036,92.0730124391563,10
495,Trey Lyles,Sacramento Kings,PF,83,217,30,67,414.6,11,14,525.0,12,38,270.9,12,31,43,15,13,2,7,5,39,141,126,98,58,199.0,51.50625,22.525000000000002,13.200000000000001,494.90625,342.45625,332.825,92.65625,10
496,Trey Murphy III,New Orleans Pelicans,SG,149,351,45,113,403.0,33,39,821.4,26,76,363.3,12,58,70,26,14,12,10,6,-33,245,219,175,96,145.04587620172035,55.67380671276774,18.41322314049587,16.76943835385394,185.5167819193793,122.53921403272052,166.57125990892223,115.53921403272052,10
497,Tristan Thompson,Cleveland Cavaliers,C,18,78,8,15,258.4,2,6,100.0,0,0,0.0,12,16,28,9,8,3,4,3,-20,55,46,27,37,48.200954861111114,32.05859375,2.27734375,0.0,123.26345486111111,122.97048611111111,48.0954861111111,34.734375,7
498,Troy Brown Jr.,Detroit Pistons,SF,56,229,18,60,280.4,9,11,330.0,11,33,237.39999999999998,7,32,39,12,8,9,7,0,-60,107,95,68,51,156.05690119184928,40.11111111111111,11.79930795847751,21.896578239138794,227.31141868512108,192.61245674740485,170.75586312956557,71.91041906958861,10
499,TyTy Washington Jr.,Milwaukee Bucks,G,3,17,1,4,50.0,0,0,0.0,1,2,100.0,1,1,2,1,1,0,0,0,-1,6,5,4,3,4.5,2.0,0.8200000000000001,0.5,8.32,12.5,2.32,0.8199999999999998,2
500,Tyler Herro,Miami Heat,PG,186,312,72,156,466.7,16,21,383.4,26,68,395.8,3,49,52,50,12,0,13,1,57,288,238,236,102,154.75432525951558,24.608996539792386,41.245674740484425,10.671280276816608,274.9757785467128,198.15916955017303,199.32871972318338,98.09688581314879,10
501,Tyrese Haliburton,Indiana Pacers,PG,184,325,65,141,457.8,22,25,696.7,32,79,402.8,4,33,37,92,12,18,16,8,86,313,221,276,129,409.4706994328922,38.61772736819995,43.64839319470699,24.762024784709094,532.0959882377653,419.7002730518799,538.9829867674857,65.14954841419869,10
502,Tyrese Maxey,Philadelphia 76ers,PG,254,395,95,215,432.0,39,44,725.0,25,83,307.4,3,35,38,70,22,12,13,5,60,362,292,324,108,1685.169614984391,93.65504682622269,97.05567117585846,25.540582726326743,2551.200832466181,2286.0130072840793,1850.945369406868,290.1227887617066,10
503,Tyus Jones,Washington Wizards,PG,91,313,36,84,402.0,4,4,300.0,15,43,360.8,3,22,25,97,4,9,13,2,-70,213,116,188,122,345.04336734693874,43.53316326530612,160.5,20.959183673469386,776.265306122449,542.0510204081633,542.9719387755102,240.3188775510204,10
504,Udoka Azubuike,Phoenix Suns,C,2,11,1,3,33.3,0,2,0.0,0,0,0.0,2,4,6,0,1,0,0,0,-3,8,8,2,6,3.305785123966942,28.76859504132231,0.0,0.0,51.578512396694215,51.578512396694215,3.305785123966942,28.76859504132231,1
505,Vasilije Micic,Charlotte Hornets,G,116,326,44,102,426.6,15,19,525.0,13,43,272.4,4,20,24,76,19,9,26,2,-77,216,140,192,100,220.82366863905327,21.65207100591716,147.10059171597635,12.4698224852071,410.13017751479293,217.1597633136095,367.4485207100592,215.09822485207098,10
506,Victor Wembanyama,San Antonio Spurs,C,253,332,88,190,473.1,54,71,778.5,23,75,306.9,31,98,129,60,20,11,49,45,6,442,382,313,189,900.4515570934255,213.12975778546712,37.02638408304498,22.832179930795846,2023.4589100346022,1775.7993079584776,1063.5713667820069,334.69593425605535,10
507,Vince Williams Jr.,Memphis Grizzlies,G,127,336,42,92,459.70000000000005,30,38,723.3,13,34,328.8,8,54,62,61,30,12,34,9,-54,250,189,188,123,231.93628808864267,72.8808864265928,35.61495844875347,18.00831024930748,492.2326869806094,474.07479224376726,226.76454293628805,131.82548476454295,10
508,Vit Krejci,Atlanta Hawks,G,80,287,30,52,610.1,1,1,100.0,19,37,422.1,5,26,31,24,25,4,10,2,18,135,111,104,55,261.65469692617063,35.943407066934796,12.460787130135019,33.94800344728526,436.77822464808963,379.37575409365127,312.74978454467106,54.71157713300776,10
509,Walker Kessler,Utah Jazz,C,72,234,31,42,737.5,10,12,500.0,0,0,0.0,22,52,74,12,20,3,11,12,-77,158,146,84,86,107.6064272961714,126.54671692124577,7.620313429875025,0.0,303.70283673874235,272.61456060305494,118.40388811743702,154.45784566554255,10
510,Wendell Carter Jr.,Orlando Magic,C,98,267,37,77,466.9,12,22,390.4,12,38,252.5,21,67,88,24,19,14,14,6,17,210,186,122,112,239.96694214876032,86.24471992653812,20.698347107438018,15.61799816345271,584.0091827364555,476.81221303948575,318.74793388429754,135.35904499540862,10
511,Wendell Moore Jr.,Minnesota Timberwolves,G,4,13,2,3,150.0,0,0,0.0,0,0,0.0,0,5,5,2,1,0,0,0,15,11,9,6,7,3.78125,6.845703125,2.6328125,0.0,32.158203125,20.423828125,9.5078125,15.486328125,2
512,Wenyen Gabriel,Memphis Grizzlies,F,17,81,8,22,168.3,0,5,0.0,1,6,50.0,7,18,25,3,10,2,8,2,-16,45,42,20,28,59.72702331961591,43.6159122085048,4.060356652949245,0.879286694101509,182.2098765432099,171.6858710562414,60.574759945130324,57.352537722908096,5
513,Wesley Matthews,Atlanta Hawks,SG,54,150,19,46,470.4,2,2,100.0,14,29,495.0,5,15,20,8,13,5,2,5,-20,82,74,62,28,110.94963475586312,30.55363321799308,13.655517108804304,6.671280276816609,187.2887351018839,172.67743175701654,119.21030372933487,50.559784698193,10
514,Xavier Moon,LA Clippers,G,2,11,1,6,33.3,0,0,0.0,0,2,0.0,1,1,2,0,1,1,1,0,-20,4,4,2,2,2.066115702479339,2.4132231404958677,0.6629935720844813,0.0,0.18365472910927477,0.14876033057851237,3.1478420569329657,2.029384756657484,2
515,Xavier Tillman,Boston Celtics,F,32,137,14,32,355.8,2,4,100.0,2,15,83.3,6,23,29,11,5,4,3,4,37,72,61,43,40,93.85600000000001,15.096,4.904,1.604,168.38400000000001,157.8,104.29599999999999,20.144000000000002,10
516,Yuta Watanabe,Memphis Grizzlies,SF,22,97,10,24,250.0,0,2,0.0,2,12,64.3,0,11,11,5,6,5,4,0,-36,38,33,27,16,115.08000000000001,11.27,3.75,1.4800000000000004,136.28,131.43,116.23000000000002,18.72,7
517,Zach Collins,San Antonio Spurs,PF,96,187,36,75,453.7,18,24,566.7,6,18,233.3,16,33,49,25,32,4,14,7,-28,170,145,121,74,244.58854978837158,61.6460236132769,16.90599242593005,6.40008910670528,411.74470928937404,444.1846736466919,242.04789485408776,48.65270661617287,10
518,Zavier Simpson,Memphis Grizzlies,G,16,72,5,22,44.4,3,4,75.0,3,8,75.0,3,4,7,11,4,5,6,3,12,34,23,27,18,121.92592592592591,5.0,0.6666666666666667,6.333333333333334,183.37037037037038,175.37037037037035,129.25925925925927,6.333333333333332,3
519,Zeke Nnaji,Denver Nuggets,PF,23,100,8,16,416.7,6,8,300.0,1,2,100.0,7,13,20,5,10,2,2,7,6,48,43,28,25,44.5,25.4792899408284,7.032544378698224,0.9053254437869824,146.55621301775147,111.21005917159765,64.07100591715977,48.28698224852071,10
520,Ziaire Williams,Memphis Grizzlies,F,103,270,39,94,389.0,13,16,421.4,12,46,213.7,6,38,44,20,15,12,15,0,-39,167,147,123,64,552.1,32.4,24.0,17.599999999999998,788.1,632.1,714.1,50.4,10
521,Zion Williamson,New Orleans Pelicans,PF,244,341,90,158,561.5,64,91,630.0,0,0,0.0,15,44,59,49,29,13,40,9,0,352,303,293,108,758.5632716049383,62.952160493827165,50.90007716049383,0.0019290123456790122,1116.011188271605,938.5,934.2704475308642,115.65625,10
