,First Last Name,team,position,points,minutes,fgm,fga,fgp,ftm,fta,ftp,tpm,tpa,tpp,offReb,defReb,totReb,assists,pFouls,steals,turnovers,blocks,plusMinus,Points_Rebounds_Assist,Points_Rebounds,Points_Assist,Rebounds_Assist,points_deviation,totReb_deviation,assists_deviation,tpm_deviation,Points_Rebounds_Assist_deviation,Points_Rebounds_deviation,Points_Assist_deviation,Rebounds_Assist_deviation,count
0,A. Flagler,Oklahoma City Thunder,F,0,6,0,3,0.0,0,0,0.0,0,3,0.0,0,0,0,1,0,0,0,0,0,1,0,1,1,0.0,0.0,0.0,0.0,0.0,0.0,0.0,0.0,1
1,A.J. Green,Milwaukee Bucks,G,52,141,16,40,371.5,7,8,266.7,13,33,339.3,2,15,17,6,9,3,4,0,18,75,69,58,23,296.41689750692524,16.101108033241,9.207756232686979,26.76038781163435,405.79778393351796,408.0360110803324,294.6385041551246,24.849030470914126,10
2,A.J. Lawson,Dallas Mavericks,G,26,47,11,24,323.3,2,6,100.0,2,8,100.0,2,7,9,3,5,1,0,1,2,38,35,29,12,48.0,8.4352,2.2192,1.7248,73.72,65.8752,52.3792,14.12,7
3,Aaron Gordon,Denver Nuggets,PF,129,315,53,98,627.5,20,31,496.7,3,15,108.3,25,37,62,42,20,4,12,4,24,233,191,171,104,263.479012345679,135.2,57.644444444444446,2.1012345679012343,513.9382716049383,632.8123456790124,198.60493827160494,138.84444444444443,10
4,Aaron Holiday,Houston Rockets,G,62,146,21,51,372.7,12,12,400.0,8,25,295.0,2,10,12,21,15,7,2,1,51,95,74,83,33,206.6840277777778,9.684027777777779,33.44444444444444,10.2890625,352.1111111111111,283.11111111111114,275.65625,43.15625,10
5,Aaron Nesmith,Indiana Pacers,SF,118,302,38,91,420.8,23,24,775.0,19,47,407.9,7,26,33,17,38,5,5,12,70,168,151,135,50,131.24607896160086,18.98593834505138,13.644672796106004,10.902650081124934,216.16765819361822,194.82693347755546,146.56408869659273,38.65332612222823,10
6,Aaron Wiggins,Oklahoma City Thunder,SG,53,146,20,37,553.0,8,11,280.0,5,12,200.0,9,9,18,11,6,7,10,5,-23,82,71,64,29,110.0094517958412,8.4234404536862,8.93194706994329,7.5633270321361055,121.06994328922497,133.89603024574666,107.10775047258979,7.431001890359169,10
7,Admiral Schofield,Orlando Magic,SF,5,11,2,4,66.7,0,0,0.0,1,2,100.0,0,2,2,0,1,1,0,0,-11,7,7,5,2,15.131487889273355,0.02768166089965399,0.006920415224913495,0.5847750865051903,15.408304498269898,15.698961937716263,14.868512110726641,0.006920415224913498,2
8,Al Horford,Boston Celtics,C,112,283,41,76,569.3,8,8,400.0,22,45,499.3,14,43,57,23,17,9,9,6,84,192,169,135,80,464.5,78.69753086419755,22.100308641975307,33.60030864197531,562.625,527.8641975308642,507.4336419753086,92.625,10
9,Alec Burks,New York Knicks,SG,71,131,23,72,280.0,14,19,446.4,11,40,257.5,4,15,19,9,2,3,4,0,-14,99,90,80,28,288.1604938271605,19.182716049382716,3.2567901234567898,8.975308641975309,483.64197530864203,435.4864197530864,326.7111111111111,32.044444444444444,10
10,Aleksej Pokusevski,Charlotte Hornets,F,50,154,18,43,382.9,9,10,366.7,5,16,266.6,9,22,31,18,9,10,8,6,-49,99,81,68,49,73.74759945130316,18.936899862825786,11.500685871056241,1.8751714677640605,179.92455418381343,126.9368998628258,110.22222222222223,46.95061728395062,8
11,Aleksej Pokusevski,Oklahoma City Thunder,F,4,13,1,3,50.0,1,2,50.0,1,2,100.0,0,1,1,0,0,1,0,0,-8,5,5,4,1,41.19615912208505,24.484224965706446,10.208504801097392,0.53360768175583,204.43484224965707,126.11385459533606,88.22222222222224,65.98765432098766,2
12,Alex Caruso,Chicago Bulls,SG,117,313,41,87,449.6,11,16,375.0,24,53,440.8,7,34,41,45,30,19,14,6,-24,203,158,162,86,338.6436672967864,31.172967863894137,23.563327032136108,24.733459357277884,576.0132325141776,420.08317580340264,490.49621928166357,58.813799621928176,10
13,Alex Len,Sacramento Kings,C,39,99,14,18,616.7,11,13,525.0,0,0,0.0,6,16,22,8,15,2,3,11,23,69,61,47,30,58.63456790123457,23.723456790123457,13.679012345679011,0.0,160.3679012345679,115.4,99.0,42.004938271604935,10
14,Alondes Williams,Miami Heat,G,0,6,0,1,0.0,0,0,0.0,0,1,0.0,0,1,1,0,0,0,1,0,-2,1,1,0,1,2.25,0.5625,0.0,0.0,0.5625,0.5625,2.25,0.5625,1
15,Alperen Sengun,Houston Rockets,C,209,324,81,157,512.7,43,68,622.9,4,12,200.0,39,68,107,45,36,16,26,7,2,361,316,254,152,847.1723356009071,197.81632653061226,123.77551020408163,4.408163265306122,1935.0226757369614,1622.4580498866212,993.7777777777778,487.5510204081633,10
16,Amari Bailey,Charlotte Hornets,G,2,6,1,3,33.3,0,0,0.0,0,2,0.0,0,0,0,1,0,1,0,0,7,3,2,3,1,2.25,0.0,0.47265625,0.0,4.78515625,2.25,4.78515625,0.47265625,1
17,Amen Thompson,Houston Rockets,F,135,257,58,92,645.5,18,24,521.4,1,5,100.0,30,46,76,24,23,11,12,7,99,235,211,159,100,420.87088713036235,69.3469387755102,29.810079133694295,0.9033735943356935,670.8758850478966,660.1420241566015,384.3277800916285,146.43398583923366,10
18,Amir Coffey,LA Clippers,SG,66,238,25,57,402.0,3,3,200.0,13,34,316.7,4,27,31,17,16,3,7,3,-48,114,97,83,48,229.37520661157026,82.3223140495868,16.28595041322314,18.239669421487605,553.4710743801653,414.46446280991745,333.7735537190083,133.21652892561983,10
19,Andre Drummond,Chicago Bulls,C,74,155,26,49,461.4,22,35,629.2,0,0,0.0,29,52,81,4,12,2,8,4,1,159,155,78,85,251.61111111111114,62.56944444444446,2.40625,0.0,469.9340277777779,433.2361111111112,277.60069444444446,75.68402777777779,10
20,Andre Jr. Jackson,Milwaukee Bucks,G,10,69,4,9,333.3,0,0,0.0,2,5,200.0,3,9,12,10,6,3,3,0,-10,32,22,20,22,13.598615916955021,6.3321799307958475,6.4498269896193765,1.6124567474048441,33.01038062283737,30.311418685121104,17.07958477508651,12.0,6
21,Andrew Nembhard,Indiana Pacers,PG,93,286,39,74,496.2,6,7,200.0,9,28,348.3,4,21,25,34,27,6,11,1,36,152,118,127,59,240.60000000000002,40.984,18.496,3.096,488.46400000000006,341.984,371.896,74.664,10
22,Andrew Wiggins,Golden State Warriors,SF,137,260,52,109,480.8,19,25,471.4,14,38,345.0,20,36,56,12,17,6,7,5,16,205,193,149,68,220.3469387755102,54.410662224073306,8.43981674302374,12.693877551020408,418.80008329862557,368.46022490628906,266.8975426905456,66.63973344439816,10
23,Anfernee Simons,Portland Trail Blazers,SG,234,361,80,177,436.7,36,39,757.1,38,94,405.4,4,33,37,64,19,7,30,1,-38,335,271,298,101,954.202479338843,28.59607438016529,125.22004132231405,20.145661157024794,1791.793388429752,1230.0919421487602,1482.2283057851241,187.49173553719007,10
24,Anthony Black,Orlando Magic,G,50,193,17,48,368.8,7,12,250.0,9,21,308.3,6,23,29,9,11,6,9,3,25,88,79,59,38,136.98439125910508,64.95421436004162,5.0582726326742975,10.9105098855359,335.10509885535896,290.70655567117586,176.01977107180022,75.37565036420396,10
25,Anthony Davis,Los Angeles Lakers,PF,232,360,88,169,530.2,49,59,827.6,7,18,237.5,38,110,148,37,22,16,20,22,59,417,380,269,185,616.0938271604938,371.08641975308643,16.45679012345679,8.130864197530865,1750.767901234568,1674.4493827160495,644.9111111111112,435.0444444444444,10
26,Anthony Edwards,Minnesota Timberwolves,SG,270,377,105,228,453.2,37,51,729.8,23,66,407.3,11,63,74,57,17,13,27,10,8,401,344,327,131,840.8163265306123,60.708038317367766,36.11203665139525,22.171178675551854,875.1099541857559,908.521449396085,809.1266139108704,95.09829237817576,10
27,Anthony Gill,Washington Wizards,PF,38,91,14,31,284.4,6,6,200.0,4,11,191.7,8,11,19,10,9,5,8,0,-12,67,57,48,29,192.98456790123456,44.72762345679012,15.753086419753087,4.023919753086419,499.2646604938272,390.4868827160494,274.8611111111111,87.38194444444446,7
28,Ashton Hagans,Portland Trail Blazers,G,50,198,18,45,352.7,9,11,400.0,5,14,166.7,11,22,33,37,27,8,22,8,11,120,83,87,70,141.40625,14.76736111111111,44.68402777777777,6.517361111111111,341.65625,220.1111111111111,255.90277777777777,66.5,10
29,Ausar Thompson,Detroit Pistons,F,103,314,42,87,508.0,11,25,325.0,8,29,195.3,15,44,59,21,26,17,14,11,-6,183,162,124,80,121.7,31.399999999999995,24.125,8.5,347.72499999999997,237.7,200.02499999999998,87.225,10
30,Austin Reaves,Los Angeles Lakers,SG,190,355,63,128,494.8,34,41,750.0,30,68,424.0,7,54,61,56,16,4,23,5,28,307,251,246,117,388.181982797646,92.44499773653234,46.55228610230874,36.07424173834314,992.0982344952466,717.2942507922136,581.0583974649162,220.9248528746039,10
31,Ayo Dosunmu,Chicago Bulls,SG,181,374,71,141,479.7,18,20,550.0,21,53,371.6,8,23,31,51,27,10,18,6,-60,263,212,232,82,878.9835069444445,35.85069444444445,62.94444444444444,21.65625,943.9140625,776.4418402777778,1049.0668402777778,96.18402777777777,10
32,Bam Adebayo,Miami Heat,C,165,333,68,128,532.4,22,39,591.6,7,13,483.3,30,92,122,34,13,16,14,10,-34,321,287,199,156,281.4197530864197,98.34567901234568,22.577777777777776,4.377777777777778,425.04938271604937,394.75308641975306,327.47901234567905,105.16049382716048,10
33,Ben Sheppard,Indiana Pacers,G,51,185,19,46,422.1,6,6,300.0,7,30,253.3,2,17,19,11,18,5,3,0,32,81,70,62,30,90.25486645540968,25.29153463105478,12.94929832503395,4.6577636939791764,155.4780443639656,140.28972385694885,121.52105024898144,22.162969669533727,10
34,Ben Simmons,Brooklyn Nets,PG,53,168,24,38,521.1,5,11,150.0,0,0,0.0,15,39,54,46,20,9,12,4,-5,153,107,99,100,134.88888888888889,64.0,78.88888888888889,0.0,382.0,162.8888888888889,300.0,196.88888888888889,9
35,Bennedict Mathurin,Indiana Pacers,SG,139,275,44,115,340.3,35,45,614.5,16,44,245.0,10,33,43,23,24,7,17,4,-18,205,182,162,66,753.4765625,123.6015625,38.125,30.4140625,1418.90625,1097.65625,970.9140625,265.5390625,10
36,Bilal Coulibaly,Washington Wizards,SG,90,289,30,76,451.5,19,27,633.3,11,39,238.3,9,30,39,18,22,12,8,7,-98,147,129,108,57,127.37777777777777,38.5,16.0,13.177777777777775,337.8777777777778,291.7444444444444,166.31111111111107,61.699999999999996,10
37,Bismack Biyombo,Oklahoma City Thunder,C,4,36,1,4,33.3,2,4,100.0,0,0,0.0,3,2,5,2,6,1,4,1,3,11,9,6,7,5.432098765432099,4.555555555555556,1.3580246913580247,0.0,30.55555555555556,19.17283950617284,12.222222222222225,10.506172839506174,5
38,Blake Wesley,San Antonio Spurs,G,54,154,20,45,399.0,10,12,425.0,4,10,250.0,4,16,20,26,13,6,6,5,-11,100,74,80,46,166.3683198769704,21.24567474048443,63.21953094963475,4.422145328719723,343.93079584775086,173.06728181468665,297.21107266435985,124.48596693579394,10
39,Boban Marjanovic,Houston Rockets,C,3,7,1,1,100.0,1,2,50.0,0,0,0.0,0,3,3,0,0,0,1,0,-3,6,6,3,3,1.41015625,5.0625,0.0,0.0,11.81640625,11.81640625,1.41015625,5.0625,1
40,Bobby Portis,Milwaukee Bucks,F,156,261,66,128,513.3,12,15,525.0,12,26,333.4,18,65,83,9,23,9,16,3,0,248,239,165,92,470.69184027777777,108.23611111111111,7.15625,24.069444444444443,717.4140625,771.7265625,440.67100694444446,91.10069444444444,10
41,Bogdan Bogdanovic,Atlanta Hawks,SG,155,327,55,132,403.9,13,16,416.7,32,78,424.6,9,25,34,44,20,11,19,4,56,233,189,199,78,390.7546401086464,39.07378904481666,55.88229968311454,23.732005432322318,402.20144861928475,355.0,435.0,97.91217745586238,10
42,Bojan Bogdanovic,New York Knicks,SF,72,177,26,75,318.5,8,10,300.0,12,39,268.3,3,11,14,8,13,0,18,0,-10,94,86,80,22,343.54253308128546,19.032136105860115,7.724007561436673,14.374291115311909,421.897920604915,419.24385633270316,339.86767485822304,33.08506616257089,10
43,Bol Bol,Phoenix Suns,C,67,116,26,39,553.8,6,7,275.0,9,16,450.0,5,29,34,3,7,1,4,6,-10,104,101,70,37,248.15197404002163,32.407787993510006,4.372633856138453,6.939426717144402,410.4424012979989,401.0,258.08653326122226,36.28826392644673,10
44,Bones Hyland,LA Clippers,PG,65,161,24,62,368.1,4,6,200.0,13,36,313.8,1,16,17,31,15,10,14,1,0,113,82,96,48,325.691135734072,17.576177285318558,88.4168975069252,20.70637119113573,879.5540166204985,477.2756232686981,658.3767313019391,175.58587257617728,10
45,Bradley Beal,Phoenix Suns,SG,160,340,65,126,506.0,16,18,558.3,14,39,330.2,8,29,37,69,20,12,23,6,24,266,197,229,106,442.3160493827161,33.61234567901234,53.0,6.479012345679012,255.3679012345679,356.54567901234566,364.9604938271605,62.79012345679013,10
46,Brandin Podziemski,Golden State Warriors,G,77,272,28,65,408.2,9,14,375.0,12,28,393.3,18,34,52,33,13,11,12,3,2,162,129,110,85,193.0,55.16937869822485,42.866863905325445,11.64275147928994,503.0687869822485,385.7463017751479,283.3284023668639,125.03032544378698,10
47,Brandon Boston Jr.,LA Clippers,SG,59,135,24,55,462.1,7,14,350.0,4,15,150.0,5,14,19,3,15,3,4,6,-17,81,78,62,22,126.42936288088644,25.93074792243767,2.1800554016620497,4.400277008310249,229.66481994459832,195.62880886426592,147.29085872576175,41.28531855955678,10
48,Brandon Ingram,New Orleans Pelicans,SF,180,306,68,138,496.2,36,43,724.5,8,27,260.0,6,50,56,54,24,6,19,7,49,290,236,234,110,670.2437673130194,25.364265927977836,44.40443213296399,6.5318559556786715,720.3393351800554,826.6662049861496,558.8476454293628,74.83795013850416,10
49,Brandon Miller,Charlotte Hornets,F,169,322,63,156,401.6,19,26,505.0,24,74,302.1,6,43,49,25,23,9,17,5,-106,243,218,194,74,318.9753086419753,42.9753086419753,42.94567901234568,12.444444444444445,638.5456790123457,571.6,378.99753086419753,92.84444444444445,10
50,Brandon Williams,Dallas Mavericks,G,7,24,2,9,83.3,3,4,100.0,0,2,0.0,1,1,2,4,1,0,1,0,-12,13,9,11,6,18.22448979591837,3.183673469387756,4.081632653061224,0.0,30.46938775510204,15.448979591836734,29.0,11.510204081632653,4
51,Braxton Key,Denver Nuggets,F,2,6,1,1,100.0,0,1,0.0,0,0,0.0,1,1,2,0,1,0,0,0,2,4,4,2,2,0.18367346938775514,0.32653061224489793,0.18367346938775508,0.18367346938775508,0.32653061224489816,1.0,0.0,0.020408163265306103,1
52,Brice Sensabaugh,Utah Jazz,F,84,238,32,83,360.5,14,17,396.7,6,40,153.3,8,43,51,26,11,5,20,2,-47,161,135,110,77,359.2933884297521,102.91838842975207,19.194214876033058,6.40185950413223,541.6869834710744,543.2985537190083,369.8347107438016,109.95971074380165,10
53,Brook Lopez,Milwaukee Bucks,C,111,277,41,80,510.40000000000003,8,9,366.7,21,46,465.0,13,34,47,17,19,5,9,10,-9,175,158,128,64,170.51604938271603,29.0,29.444444444444443,15.671604938271605,336.9308641975308,240.5827160493827,254.46419753086417,70.84444444444445,10
54,Bruce Brown,Toronto Raptors,SF,103,277,39,86,438.0,20,25,583.3,5,16,250.0,11,33,44,36,17,6,19,1,-94,183,147,139,80,129.31647828673408,83.38488994646045,26.74360499702558,4.5014872099940515,309.77453896490186,220.11243307555026,211.7531231409875,117.35395597858417,10
55,Bruno Fernando,Atlanta Hawks,PF,75,204,32,52,550.9,11,16,400.0,0,1,0.0,20,49,69,13,30,12,18,9,-5,157,144,88,82,437.99173553719004,67.79338842975207,10.298553719008265,0.0,452.00929752066116,421.7024793388429,471.625,74.7654958677686,10
56,Bryce McGowens,Charlotte Hornets,G,54,155,18,37,330.8,13,18,441.7,5,15,180.0,3,21,24,8,15,7,4,3,-10,86,78,62,32,237.51246537396125,31.52354570637119,5.6398891966759,7.060941828254848,412.2714681440443,397.8227146814404,253.4570637119114,35.66759002770083,10
57,Buddy Boeheim,Detroit Pistons,F,19,40,6,14,83.3,2,2,100.0,5,13,76.19999999999999,0,6,6,3,3,0,0,1,12,28,25,22,9,45.40888888888889,3.5555555555555554,5.48,2.635555555555556,105.47555555555557,66.20888888888888,80.94222222222221,12.768888888888888,2
58,Buddy Hield,Philadelphia 76ers,SG,96,223,36,88,410.1,5,5,300.0,19,59,343.4,7,21,28,20,15,5,9,5,-23,144,124,116,48,107.01234567901234,44.39231824417009,15.086419753086417,13.203017832647461,278.5651577503429,212.9272976680384,147.77777777777777,84.35116598079561,10
59,CJ McCollum,New Orleans Pelicans,SG,189,333,73,158,454.6,10,12,341.7,33,84,363.4,2,34,36,44,13,5,18,2,33,269,225,233,80,552.196,26.656,54.464000000000006,47.0,910.5,567.2040000000001,908.0360000000001,68.57600000000001,10
60,Cade Cunningham,Detroit Pistons,PG,204,308,77,188,402.8,32,35,722.2,18,58,269.6,9,42,51,84,18,7,32,2,-62,339,255,288,135,575.6349480968859,35.06747404844291,26.77681660899654,20.685121107266436,981.863321799308,767.7750865051902,760.0207612456747,91.54671280276817,10
61,Caleb Houstan,Orlando Magic,G,47,172,15,40,329.4,2,2,100.0,15,38,362.7,6,11,17,3,14,3,3,2,-12,67,64,50,20,143.03460207612457,31.420415224913494,2.432525951557093,17.0,271.27508650519025,254.5968858131488,147.25259515570937,46.31314878892734,10
62,Caleb Martin,Miami Heat,SF,93,287,35,97,341.1,12,14,575.0,11,45,295.0,13,34,47,22,14,9,12,4,-20,162,140,115,69,216.1570179092045,44.38692211578509,46.63973344439816,8.970012494793835,556.8188254893795,342.59975010412325,386.0837151187005,135.31903373594338,10
63,Cam Reddish,Los Angeles Lakers,SF,30,132,9,24,213.3,6,12,141.7,6,16,216.6,4,5,9,1,7,5,2,4,7,40,39,31,10,94.22222222222221,10.91358024691358,0.9135802469135802,4.0,90.91358024691358,80.65432098765432,106.65432098765432,9.654320987654321,8
64,Cam Thomas,Brooklyn Nets,SG,231,344,83,184,445.4,44,51,827.4,21,62,309.7,7,43,50,37,20,5,21,0,-19,318,281,268,87,299.63295657346816,53.92742415229031,22.10053539559786,31.92088042831648,284.5342058298632,279.9375371802499,300.29387269482453,79.96371207614516,10
65,Cam Whitmore,Houston Rockets,F,126,203,48,111,415.2,17,26,385.0,13,50,239.8,14,31,45,5,11,5,15,5,3,176,171,131,50,215.05817174515238,60.56232686980609,2.673130193905817,12.290858725761774,347.16343490304706,345.24376731301936,225.77008310249312,54.44321329639889,10
66,Cameron Johnson,Brooklyn Nets,SF,155,278,49,102,478.1,27,32,791.7,30,67,441.3,7,31,38,21,14,10,13,1,-6,214,193,176,59,439.24852071005915,43.683103221564764,15.071005917159763,29.68310322156476,605.7541091387245,479.6219592373438,547.7869822485208,76.34779750164365,10
67,Cameron Payne,Philadelphia 76ers,PG,103,196,39,93,427.9,8,9,275.0,17,45,363.3,3,12,15,33,18,5,16,4,-28,151,118,136,48,273.79289940828403,20.681213017751478,21.119082840236686,20.21597633136095,403.17751479289944,377.8380177514793,290.99186390532543,49.94082840236686,10
68,Caris LeVert,Cleveland Cavaliers,SG,125,324,44,115,355.9,25,35,450.2,12,48,226.6,8,42,50,79,20,17,21,7,16,254,175,204,129,527.176,26.576,101.716,7.7,1044.116,639.0,871.3,189.28400000000002,10
69,Cason Wallace,Oklahoma City Thunder,G,74,206,29,62,456.9,2,4,100.0,14,34,399.3,8,14,22,15,16,11,9,6,-10,111,96,89,37,344.7335069444444,14.5,24.5390625,18.76736111111111,468.7777777777778,388.85850694444446,422.2777777777778,41.4140625,10
70,Cedi Osman,San Antonio Spurs,SF,48,148,19,42,397.1,1,2,50.0,9,26,249.89999999999998,3,20,23,8,14,5,3,2,-44,79,71,56,31,118.91617090319092,20.22985397512169,9.67009194159005,7.114656571119524,124.00594916170903,141.5191995673337,110.39372633856138,20.909140075716603,10
71,Charlie Brown Jr.,New York Knicks,G,3,27,1,5,20.0,0,0,0.0,1,3,33.3,1,1,2,0,4,0,0,1,-6,5,5,3,2,6.12,2.7200000000000006,0.0,0.6800000000000002,17.0,17.0,6.12,2.7200000000000006,2
72,Chet Holmgren,Oklahoma City Thunder,PF,159,299,59,117,497.7,28,33,513.3,13,45,303.4,14,78,92,22,15,6,9,15,105,273,251,181,114,722.5,142.06944444444443,22.2890625,9.02517361111111,1464.2543402777778,1397.9027777777778,754.7890625,198.42100694444443,10
73,Chimezie Metu,Detroit Pistons,PF,33,97,12,23,208.3,9,10,187.5,0,7,0.0,3,14,17,10,14,5,6,2,-19,60,50,43,27,136.18367346938777,21.897959183673468,6.907029478458051,0.0,276.7165532879818,246.0,162.94104308390024,32.76417233560091,4
74,Chimezie Metu,Phoenix Suns,PF,6,29,3,5,150.0,0,0,0.0,0,0,0.0,2,9,11,2,2,2,3,0,-7,19,17,8,13,63.10204081632653,18.6734693877551,4.585034013605442,0.0,134.63265306122452,91.0,101.07482993197277,28.918367346938773,3
75,Chris Boucher,Toronto Raptors,PF,69,120,25,35,573.3,15,18,500.0,4,12,216.7,13,27,40,5,11,1,9,5,7,114,109,74,45,142.20987654320987,47.580246913580254,5.913580246913581,4.0246913580246915,410.0,329.0246913580247,192.69135802469134,83.98765432098766,8
76,Chris Duarte,Sacramento Kings,SG,57,130,20,45,444.2,5,6,250.0,12,31,422.7,7,17,24,7,11,4,3,3,-31,88,81,64,31,131.27551020408163,39.88662131519275,8.111111111111112,5.63265306122449,308.94444444444446,249.6111111111111,167.8151927437642,70.79138321995465,10
77,Chris Livingston,Milwaukee Bucks,F,0,6,0,2,0.0,0,0,0.0,0,2,0.0,0,1,1,1,4,0,1,0,-10,2,1,1,2,1.0,0.390625,0.765625,0.0,0.25,0.140625,0.015625,2.25,1
78,Chris Paul,Golden State Warriors,PG,106,248,46,92,473.9,2,2,100.0,12,28,390.0,7,40,47,65,23,7,10,0,-29,218,153,171,112,243.39612188365652,32.40166204986149,92.94321329639888,5.979224376731302,508.27839335180056,399.2991689750692,358.64404432132966,119.07617728531856,10
79,Christian Braun,Denver Nuggets,G,95,205,38,60,653.1,8,14,275.0,11,21,516.6,9,30,39,19,24,6,7,3,24,153,134,114,58,279.5694444444444,38.90277777777778,29.125,7.850694444444445,609.5694444444443,420.9444444444444,428.44444444444446,107.77777777777776,10
80,Christian Wood,Los Angeles Lakers,F,59,133,22,51,477.0,11,14,450.0,4,19,225.0,6,28,34,6,12,5,5,2,-14,99,93,65,40,153.90277777777777,54.402777777777786,4.625,2.4444444444444446,305.125,285.0,156.7777777777778,76.27777777777777,10
81,Chuma Okeke,Orlando Magic,PF,0,33,0,4,0.0,0,0,0.0,0,4,0.0,0,4,4,2,2,2,2,0,-14,6,4,2,6,0.4253472222222223,2.953125,1.3836805555555554,0.008680555555555556,4.828125,2.868055555555556,1.25,5.472222222222221,5
82,Clint Capela,Atlanta Hawks,C,128,257,56,101,560.2,16,27,430.0,0,1,0.0,52,65,117,20,20,4,9,12,65,265,245,148,137,83.30864197530865,46.60000000000001,18.834567901234568,0.0,208.35308641975308,190.2641975308642,88.50864197530862,78.32345679012346,10
83,Coby White,Chicago Bulls,PG,196,366,68,155,431.0,34,37,796.7,26,69,359.0,4,38,42,48,24,6,21,3,-19,286,238,244,90,552.5,14.465397923875432,78.68685121107265,35.01038062283737,812.7837370242214,618.7889273356401,696.4221453287197,143.22491349480967,10
84,Cody Martin,Charlotte Hornets,SF,69,285,28,76,367.2,6,7,250.0,7,30,228.2,6,44,50,42,15,11,20,7,-28,161,119,111,92,111.0,28.18685121107267,64.68512110726644,2.6816608996539792,183.02076124567472,112.9515570934256,173.33217993079583,100.60899653979239,10
85,Cody Zeller,New Orleans Pelicans,C,7,31,3,6,200.0,1,2,50.0,0,0,0.0,5,10,15,3,5,2,3,0,14,25,22,10,18,3.2222222222222223,5.4222222222222225,3.555555555555556,0.0,19.755555555555553,13.0,6.5555555555555545,12.400000000000002,5
86,Colby Jones,Sacramento Kings,G,6,25,3,10,116.6,0,0,0.0,0,2,0.0,3,4,7,5,4,0,1,0,-3,18,13,11,12,6.0625,5.8125,2.015625,0.0,32.390625,21.0,13.015625,12.265625,4
87,Cole Anthony,Orlando Magic,PG,116,232,43,96,434.6,18,24,587.5,12,41,247.0,10,30,40,25,15,6,11,6,50,181,156,141,65,260.0,49.451247165532884,34.95918367346939,11.60204081632653,460.9002267573696,406.87981859410434,318.38775510204084,80.04308390022675,10
88,Cole Swider,Miami Heat,F,19,44,6,16,104.7,2,2,100.0,5,13,116.7,0,5,5,1,1,0,4,0,-18,25,24,20,6,174.15555555555557,2.2,0.888888888888889,15.755555555555556,203.2,209.8222222222222,167.79999999999998,2.8222222222222224,5
89,Collin Gillespie,Denver Nuggets,G,45,104,17,35,277.8,2,5,100.0,9,18,250.0,0,14,14,15,10,6,9,0,26,74,59,60,29,177.57988165680473,7.810650887573965,31.50887573964497,11.721893491124261,252.47337278106508,181.7810650887574,230.1420118343195,57.44970414201183,6
90,Collin Sexton,Utah Jazz,PG,213,330,85,164,520.3,23,27,796.6,20,48,349.6,12,20,32,60,18,8,23,1,-71,305,245,273,92,54.89231824417009,35.08367626886145,44.41495198902606,32.21947873799725,172.64334705075444,108.94444444444446,112.1604938271605,85.92935528120714,10
91,Corey Kispert,Washington Wizards,SF,156,326,55,110,490.1,16,27,483.3,30,67,433.1,6,29,35,20,19,9,11,3,-23,211,191,176,55,276.7078402366864,95.97928994082841,24.133136094674555,23.198224852071007,597.6693786982248,471.8883136094674,357.6013313609467,165.0,10
92,Cory Joseph,Golden State Warriors,PG,27,71,10,16,316.7,0,0,0.0,7,11,316.7,2,9,11,6,6,0,1,0,9,44,38,33,17,31.2,10.8,2.8000000000000003,3.2,28.8,47.2,21.2,5.2,5
93,Craig Jr. Porter,Cleveland Cavaliers,G,68,141,28,53,475.3,7,8,400.0,5,12,175.0,6,20,26,23,7,3,9,2,-22,117,94,91,49,312.8326530612245,37.46122448979592,21.0,9.399999999999999,594.3877551020408,493.38775510204084,409.4326530612244,62.86122448979592,10
94,D'Angelo Russell,Los Angeles Lakers,PG,209,362,70,156,423.6,30,34,860.0,39,87,419.1,7,33,40,68,17,11,22,4,46,317,249,277,108,1135.1224489795918,34.45918367346939,142.9750566893424,52.94444444444444,2052.2097505668935,1463.6020408163265,1686.2199546485263,214.94444444444446,10
95,D.J. Carton,Toronto Raptors,G,8,31,2,7,83.3,3,4,150.0,1,4,50.0,2,1,3,3,1,1,1,0,-30,14,11,11,6,8.666666666666668,2.0,2.0,0.6666666666666667,8.666666666666666,2.6666666666666665,18.666666666666668,0.0,3
96,D.J. Wilson,Philadelphia 76ers,F,10,14,4,6,66.7,0,0,0.0,2,2,100.0,1,1,2,2,1,0,0,2,4,14,12,12,4,32.6530612244898,1.3061224489795917,1.3061224489795917,1.3061224489795917,64.0,47.0204081632653,47.0204081632653,5.224489795918367,1
97,Daishen Nix,Minnesota Timberwolves,SG,5,5,2,3,66.7,0,0,0.0,1,2,50.0,0,0,0,0,1,1,0,0,6,5,5,5,0,9.0,0.0,0.08163265306122448,0.32653061224489793,7.367346938775511,9.0,7.367346938775511,0.08163265306122448,1
98,Dalano Banton,Portland Trail Blazers,G,171,324,62,145,432.5,24,26,941.7,23,62,402.2,9,38,47,32,18,10,25,6,-102,250,218,203,79,541.7995562130177,69.74630177514793,41.625,17.562869822485204,1131.1575443786983,897.4556213017751,742.8668639053254,144.0059171597633,10
99,Dalen Terry,Chicago Bulls,F,41,132,17,35,341.1,3,6,150.0,4,14,208.3,8,15,23,16,7,7,4,1,-8,80,64,57,39,119.86853063652588,47.16537775133848,23.043426531826295,2.4402141582391437,364.8673408685306,248.23914336704343,183.28792385484832,123.41760856632956,10
100,Damian Jones,Cleveland Cavaliers,C,61,129,24,38,627.9,13,15,650.0,0,5,0.0,14,23,37,6,13,4,7,7,-25,104,98,67,43,156.744,68.824,4.464,0.0,277.50399999999996,274.336,155.0,78.2,10
101,Damian Lillard,Milwaukee Bucks,PG,238,366,81,186,428.7,38,41,954.7,38,94,399.3,4,39,43,89,19,7,20,4,15,370,281,327,132,691.9659735349717,26.10680529300567,94.7117202268431,35.45274102079395,1150.124763705104,745.1729678638942,1090.63988657845,127.09640831758034,10
102,Daniel Gafford,Dallas Mavericks,C,146,244,64,76,849.2,18,26,483.4,0,0,0.0,25,53,78,21,34,9,8,22,98,245,224,167,99,259.6441828881847,88.29515617926664,29.10321412403803,0.0,518.713897691263,437.9357175192395,335.5024898143957,122.31824354911726,10
103,Daniel Theis,LA Clippers,C,44,135,19,38,427.5,3,3,200.0,3,8,200.0,11,21,32,12,18,1,7,9,14,88,76,56,44,135.1887732005432,26.33952014486193,9.93481213218651,4.168854685377999,227.34631054775915,198.86826618379357,160.55138071525576,39.3897691263015,10
104,Danilo Gallinari,Milwaukee Bucks,PF,28,105,9,23,350.0,9,10,275.0,1,11,100.0,3,6,9,9,7,2,3,1,-43,46,37,37,18,84.24417009602195,4.939643347050755,12.972565157750342,1.6310013717421123,98.74622770919068,99.64197530864199,81.65569272976681,19.60493827160494,10
105,Dante Exum,Dallas Mavericks,G,66,200,22,46,439.1,11,12,366.7,11,18,466.7,2,19,21,32,15,2,12,0,54,119,87,98,53,236.43265306122447,16.61632653061224,28.865306122448978,14.918367346938776,305.52244897959184,249.37551020408162,282.2448979591837,55.81632653061225,10
106,Danuel House Jr.,Philadelphia 76ers,SF,42,143,14,30,276.3,13,15,466.7,1,11,33.3,6,11,17,7,16,7,3,3,-26,66,59,49,24,42.0,11.714285714285715,8.0,0.8571428571428572,41.714285714285715,51.714285714285715,40.0,11.714285714285715,7
107,Dario Saric,Golden State Warriors,PF,28,107,12,33,298.3,2,3,100.0,2,17,83.3,6,15,21,18,5,0,13,0,-31,67,49,46,39,52.0,27.193877551020407,15.673469387755102,2.1224489795918364,146.1326530612245,98.90816326530613,72.53061224489795,69.56122448979592,10
108,Darius Garland,Cleveland Cavaliers,PG,193,341,72,159,453.4,21,26,760.7,28,79,327.8,9,25,34,66,25,8,28,1,-2,293,227,259,100,709.4414827155351,34.71970012494794,70.62807163681799,53.65264473136193,1055.710537276135,767.8479800083298,962.649312786339,140.00249895876718,10
109,David Roddy,Phoenix Suns,F,61,140,25,62,497.0,6,10,241.7,5,21,143.3,3,17,20,13,7,2,10,0,-71,94,81,74,33,424.74693877551016,57.175510204081625,23.816326530612244,9.089795918367347,850.0,668.0448979591837,577.8612244897961,109.83265306122449,10
110,Davion Mitchell,Sacramento Kings,PG,56,167,22,49,376.7,3,4,75.0,9,26,301.7,5,10,15,17,7,3,7,0,30,88,71,73,32,250.61248285322355,6.719478737997257,12.308641975308642,11.15363511659808,299.42112482853224,290.7256515775034,251.87997256515774,26.456104252400547,10
111,Davis Bertans,Charlotte Hornets,SF,73,240,24,78,279.1,7,8,250.0,18,61,278.3,5,20,25,14,14,10,8,3,-84,112,98,87,39,276.59386413440467,61.897005113221326,20.537618699780857,16.02191380569759,568.8970051132213,455.1687363038714,360.5880204528853,112.16873630387143,10
112,Day'Ron Sharpe,Brooklyn Nets,C,58,144,24,44,590.8,10,19,341.6,0,1,0.0,26,26,52,17,19,3,11,8,-16,127,110,75,69,128.76951331496787,181.00642791551883,12.133149678604223,0.08264462809917356,407.2846648301194,351.0578512396694,150.8053259871442,227.3305785123967,10
113,De'Aaron Fox,Sacramento Kings,PG,228,350,82,196,429.09999999999997,36,42,777.2,28,77,392.4,13,50,63,54,27,23,26,5,47,345,291,282,117,205.15754437869828,33.32840236686391,78.39053254437869,14.015532544378697,305.30251479289944,236.823224852071,304.48890532544385,80.86686390532545,10
114,De'Andre Hunter,Atlanta Hawks,SF,164,302,58,135,426.1,25,29,698.3,23,65,348.5,4,25,29,20,23,7,13,3,23,213,193,184,49,383.8638941398866,41.15879017013232,6.680529300567108,20.318525519848773,502.11531190926274,526.5916824196597,354.54820415879016,52.678638941398866,10
115,De'Anthony Melton,Philadelphia 76ers,SG,23,43,7,20,75.0,4,4,200.0,5,14,75.0,0,5,5,5,3,2,1,1,-2,33,28,28,10,128.66666666666666,2.666666666666667,2.666666666666667,8.666666666666666,206.0,164.66666666666669,164.66666666666669,10.666666666666668,3
116,DeAndre Jordan,Denver Nuggets,C,34,103,15,28,607.1,4,4,200.0,0,0,0.0,15,28,43,5,13,1,2,5,-11,82,77,39,48,102.56611570247935,72.10330578512396,10.173553719008263,0.0,327.107438016529,234.50413223140495,162.0206611570248,115.42561983471074,10
117,DeJon Jarreau,Memphis Grizzlies,F,35,140,13,46,208.3,5,11,250.0,4,13,141.7,8,35,43,25,13,6,9,1,-32,103,78,60,68,65.8888888888889,66.52000000000001,40.702222222222225,4.0088888888888885,318.08,150.67555555555555,159.68,180.83555555555554,8
118,DeMar DeRozan,Chicago Bulls,SF,249,362,81,165,477.8,79,93,864.0,8,30,181.7,4,47,51,52,14,11,19,7,7,352,300,301,103,924.7265625,67.2890625,68.06944444444444,9.625,1499.1111111111113,1360.625,1022.4835069444445,176.08767361111111,10
119,Dean Wade,Cleveland Cavaliers,PF,46,178,15,35,260.2,5,7,216.7,11,31,233.4,4,27,31,7,8,3,1,9,-23,84,77,53,38,468.50000000000006,35.125,6.125,31.525000000000006,718.8,714.725,466.12499999999994,47.699999999999996,10
120,Deandre Ayton,Portland Trail Blazers,C,229,346,105,167,627.8,18,22,450.0,1,3,100.0,39,97,136,14,15,7,22,9,-35,379,365,243,150,638.5704894083273,219.7589481373265,6.410518626734843,0.9006574141709277,1419.390065741417,1479.582907231556,602.2505478451425,202.29656683710735,10
121,Dejounte Murray,Atlanta Hawks,SG,265,379,98,216,458.4,29,38,720.3,40,101,387.3,8,40,48,95,16,25,33,1,24,408,313,360,143,836.5,67.11111111111111,95.75434027777777,45.90625,777.7265625,1050.9444444444443,569.4210069444443,156.7265625,10
122,Delon Wright,Miami Heat,SG,43,184,15,46,314.7,9,12,283.3,4,18,75.0,5,17,22,26,5,8,1,2,7,91,65,69,48,141.792899408284,8.852071005917159,31.702827087442472,6.444444444444445,221.45233399079552,167.74556213017752,198.74621959237342,37.30834976988823,10
123,Deni Avdija,Washington Wizards,SF,172,350,67,136,502.0,25,38,683.7,13,38,314.2,20,77,97,35,25,9,21,3,-47,304,269,207,132,120.53979238754329,127.0,25.365051903114185,13.108996539792388,373.24048442906576,290.4809688581315,186.41695501730104,169.24740484429066,10
124,Dennis Schroder,Brooklyn Nets,PG,150,353,56,130,417.1,18,21,491.7,20,55,360.9,5,26,31,62,16,8,33,4,-82,243,181,212,93,501.8515625,41.44444444444444,42.2265625,14.9765625,578.9444444444446,453.0876736111112,646.5,64.87934027777777,10
125,Dennis Smith Jr.,Brooklyn Nets,PG,62,171,23,48,512.1,8,11,383.3,8,22,348.3,5,13,18,29,22,17,13,0,6,109,80,91,47,79.45557655954632,18.4234404536862,35.907372400756145,3.9659735349716443,139.1587901701323,124.28733459357278,88.9054820415879,59.7523629489603,10
126,Dereck II Lively,Dallas Mavericks,C,84,187,41,56,659.0,2,7,100.0,0,0,0.0,15,39,54,7,20,4,7,9,5,145,138,91,61,384.425,75.15625,8.125000000000002,0.0,733.05625,654.8562499999999,458.5,87.40625,10
127,Derrick Jones Jr.,Dallas Mavericks,SF,77,199,28,51,549.1,15,21,583.4,6,20,190.0,10,14,24,10,12,7,5,3,74,111,101,87,34,109.83456790123458,50.79012345679012,10.31604938271605,8.479012345679012,219.79999999999998,183.0493827160494,140.32345679012346,67.36790123456791,10
128,Derrick Rose,Memphis Grizzlies,PG,49,95,20,37,377.7,5,6,266.7,4,8,233.3,0,15,15,21,3,1,9,0,-9,85,64,70,36,70.0,14.857142857142858,12.0,3.7142857142857144,188.85714285714286,116.85714285714286,128.0,40.857142857142854,7
129,Derrick White,Boston Celtics,PG,149,357,54,130,407.0,16,18,555.6,25,75,244.9,10,52,62,70,21,9,14,17,79,281,211,219,132,492.111243307555,45.213563355145745,57.33848899464605,61.2498512790006,689.4830458060678,568.5883402736466,571.8316478286733,143.7263533610946,10
130,Desmond Bane,Memphis Grizzlies,SG,67,125,22,63,136.3,13,15,266.7,10,31,128.5,2,10,12,18,9,4,9,2,-47,97,79,85,30,198.90123456790124,8.0,9.11111111111111,3.0123456790123453,323.2716049382716,278.9012345679012,243.27160493827162,17.11111111111111,4
131,Devin Booker,Phoenix Suns,SG,269,360,102,207,491.7,41,45,896.4,24,71,315.9,15,42,57,65,34,6,23,7,28,391,326,334,122,338.59012345679014,50.11111111111111,88.6,40.47901234567901,295.6716049382716,387.82716049382714,197.36790123456788,187.77777777777777,10
132,Devin Vassell,San Antonio Spurs,SG,191,368,75,158,443.2,22,25,791.7,19,55,309.4,2,38,40,46,14,12,17,3,-43,277,231,237,86,750.376,40.064,66.464,24.936000000000003,1115.576,841.624,1010.456,120.4,10
133,Devonte' Graham,San Antonio Spurs,PG,17,36,6,14,158.3,1,1,100.0,4,11,170.0,0,9,9,2,2,2,1,0,18,28,26,19,11,51.735537190082646,1.1239669421487604,4.495867768595041,2.8264462809917354,74.89256198347107,58.82644628099173,68.29752066115702,5.12396694214876,5
134,Dillon Brooks,Houston Rockets,SF,112,279,42,95,422.8,14,15,450.0,14,52,301.9,3,23,26,18,23,7,10,0,71,156,138,130,44,301.38775510204084,23.806747188671388,17.79258642232403,9.263640149937526,443.094543940025,355.46855476884633,356.99375260308204,73.61932528113286,10
135,Domantas Sabonis,Sacramento Kings,PF,181,363,64,113,577.7,51,64,814.1,2,8,133.3,34,112,146,76,26,8,34,9,39,403,327,257,222,265.1234567901235,67.85528120713306,61.85528120713306,1.8902606310013716,342.18244170096034,393.79766803840886,207.79766803840874,135.42112482853221,10
136,Dominick Barlow,San Antonio Spurs,F,57,150,21,38,506.6,15,18,416.6,0,1,0.0,19,22,41,15,19,4,4,3,10,113,98,72,56,257.8038408779149,77.35939643347051,44.53086419753086,0.0,633.3100137174212,530.326474622771,376.89437585733884,105.78326474622772,10
137,Donovan Mitchell,Cleveland Cavaliers,SG,241,347,75,167,435.8,52,59,812.8,39,86,449.3,3,47,50,49,22,13,34,6,4,340,291,290,99,886.6487603305785,22.330578512396695,23.0495867768595,16.96694214876033,1278.185950413223,1120.5,1030.0206611570247,59.69421487603306,10
138,Donte DiVincenzo,New York Knicks,SG,190,362,66,164,389.7,16,20,575.0,42,117,352.1,8,35,43,36,26,17,21,6,59,269,233,226,79,827.829237817576,42.49187838400667,27.967513536026658,57.673469387755105,937.530612244898,960.7459391920033,804.646397334444,70.42690545605998,10
139,Dorian Finney-Smith,Brooklyn Nets,PF,93,307,34,77,439.4,11,12,475.0,14,50,283.3,15,31,46,17,18,13,5,5,-18,156,139,110,63,298.7869822485207,26.863905325443785,14.313609467455622,22.0,441.7869822485208,426.301775147929,309.301775147929,46.14792899408284,10
140,Doug McDermott,Indiana Pacers,SF,42,120,16,41,254.2,1,2,50.0,9,33,157.0,1,7,8,9,10,3,4,0,1,59,50,51,17,293.0093652445369,10.0,11.287200832466182,19.58272632674298,409.7200832466181,330.7513007284079,369.5910509885536,23.674297606659728,10
141,Draymond Green,Golden State Warriors,PF,80,296,35,83,415.7,4,7,125.0,6,28,143.3,17,67,84,68,33,11,24,8,45,232,164,148,152,120.64975009611689,53.876970396001546,102.22991157247212,6.401384083044983,387.10726643598616,182.48596693579393,221.60015378700498,259.77777777777777,10
142,Drew Eubanks,Phoenix Suns,PF,53,162,22,32,658.3,9,10,280.0,0,0,0.0,17,32,49,7,15,4,6,10,33,109,102,60,56,92.2,73.30000000000001,14.136000000000003,0.0,231.956,227.7,88.016,95.876,10
143,Duncan Robinson,Miami Heat,F,146,321,53,111,467.0,8,9,350.0,32,84,339.0,2,33,35,30,26,10,16,3,-13,211,181,176,65,468.41111111111104,21.877777777777776,36.01111111111111,37.7,674.5,489.5777777777777,640.8444444444444,70.37777777777778,10
144,Duop Reath,Portland Trail Blazers,C,80,163,29,60,365.9,11,12,550.0,11,27,266.7,7,16,23,5,22,3,9,4,-61,108,103,85,28,531.1570247933885,56.26611570247933,7.4,13.59504132231405,977.2,848.2000000000002,631.2842975206612,92.5388429752066,10
145,Dwight Powell,Dallas Mavericks,C,20,119,7,12,450.0,6,11,325.0,0,0,0.0,12,20,32,9,19,0,9,3,-9,61,52,29,41,43.30864197530865,96.33333333333333,11.160493827160494,0.0,279.1975308641976,217.71604938271605,68.27160493827162,144.01234567901236,9
146,Dylan Windler,Atlanta Hawks,G,5,24,2,5,40.0,0,0,0.0,1,4,25.0,1,4,5,2,2,1,1,0,9,12,10,7,7,13.246913580246915,6.728395061728394,2.0555555555555554,0.5061728395061729,56.72222222222222,37.55555555555555,25.709876543209877,15.487654320987653,2
147,Dylan Windler,Los Angeles Lakers,G,3,14,1,4,25.0,0,0,0.0,1,4,25.0,0,1,1,2,1,0,0,0,-7,6,4,5,3,4.802469135802469,2.2839506172839505,0.05555555555555553,0.5061728395061729,4.722222222222223,5.555555555555557,4.598765432098766,1.7098765432098761,2
148,Dyson Daniels,New Orleans Pelicans,G,38,181,16,32,311.4,1,2,50.0,5,13,250.0,7,20,27,20,12,15,12,8,25,85,65,58,47,123.55555555555556,24.0,25.555555555555557,4.222222222222222,146.22222222222223,113.55555555555556,128.22222222222223,77.55555555555556,9
149,Emoni Bates,Cleveland Cavaliers,F,16,23,6,12,102.9,0,2,0.0,4,8,100.0,0,1,1,1,0,0,1,0,-3,18,17,17,2,15.78125,0.78125,0.5,2.28125,20.0,18.5,18.28125,0.28125,2
150,Eric Gordon,Phoenix Suns,SG,83,240,31,69,382.9,3,5,150.0,18,42,359.2,2,11,13,20,12,7,6,2,9,116,96,103,33,507.9756625202813,8.547863710113575,16.086533261222286,31.895078420767987,564.2541914548405,435.7890751757707,642.0470524607896,19.028123309897243,10
151,Eugene Omoruyi,Washington Wizards,F,39,106,17,38,391.3,5,10,200.0,0,6,0.0,7,13,20,7,18,7,5,1,-68,66,59,46,27,94.91836734693878,9.033163265306124,6.798469387755102,0.012755102040816325,87.34693877551021,71.67602040816327,106.89030612244898,19.530612244897956,10
152,Evan Fournier,Detroit Pistons,SG,66,176,23,70,284.0,11,12,366.7,9,40,184.3,1,16,17,21,16,9,7,1,-41,104,83,87,38,358.6771860618014,10.597633136094675,16.955292570677187,13.681130834976988,460.4523339907955,440.2057856673241,380.65548980933596,25.821170282708746,10
153,Evan Mobley,Cleveland Cavaliers,PF,151,292,60,106,551.8,28,47,539.2,3,15,125.0,20,73,93,41,28,10,17,15,-20,285,244,192,134,373.44444444444446,149.85069444444446,89.01736111111111,5.767361111111111,848.1111111111112,705.15625,447.2673611111111,308.0,10
154,Frank Ntilikina,Charlotte Hornets,PG,5,39,1,8,50.0,2,2,100.0,1,7,50.0,1,4,5,3,4,0,0,0,0,13,10,8,8,19.0,7.0,6.84,0.7600000000000002,24.439999999999998,14.0,18.64,24.640000000000004,4
155,Franz Wagner,Orlando Magic,SF,164,309,63,132,488.5,31,37,785.0,7,39,132.9,6,36,42,30,27,11,16,3,13,236,206,194,72,341.95918367346934,47.35600907029478,30.55328798185941,11.662131519274377,649.3877551020408,537.5192743764172,429.04308390022675,102.69387755102042,10
156,Fred VanVleet,Houston Rockets,PG,181,347,58,136,429.3,30,33,635.7,35,80,415.2,3,33,36,93,24,17,21,7,77,310,217,274,129,617.5464876033058,22.40082644628099,100.20764462809917,54.50516528925621,552.2851239669423,644.9349173553719,522.3801652892562,125.125,10
157,Furkan Korkmaz,Philadelphia 76ers,SG,41,116,13,29,278.6,7,10,241.7,8,18,258.3,3,12,15,12,6,3,2,2,22,68,56,53,27,292.875,14.875,10.0,20.0,404.0,340.0,363.875,17.875,8
158,GG Jackson,Memphis Grizzlies,F,193,329,65,148,422.1,35,42,777.4,28,84,294.3,16,31,47,18,15,4,16,4,-88,258,240,211,65,792.2852977925864,38.23531861724282,17.760099958350686,45.74010828821324,965.9183673469388,882.8154935443565,866.8825489379426,64.50104123281966,10
159,Garrett Temple,Toronto Raptors,SF,18,57,6,10,250.0,3,4,150.0,3,7,150.0,1,10,11,8,6,4,1,1,10,37,29,26,19,25.737024221453286,8.792387543252595,8.221453287197232,2.750865051903114,26.88927335640139,20.425605536332185,24.00692041522491,25.207612456747405,4
160,Garrison Mathews,Atlanta Hawks,SG,69,194,21,39,565.0,11,13,263.3,16,29,541.8,3,12,15,9,26,4,0,3,-15,93,84,78,24,273.7371928363182,14.50104123281966,16.915035401915866,16.94127446897126,474.64098292378173,377.3469387755102,354.03915035401917,48.408163265306115,10
161,Gary Harris,Orlando Magic,SG,74,238,27,54,532.8,4,7,125.0,16,38,477.6,2,13,15,9,12,8,7,3,22,98,89,83,24,115.07777777777778,10.677777777777777,12.944444444444445,4.800000000000001,210.8111111111111,170.5111111111111,146.2,32.8,10
162,Gary Payton II,Golden State Warriors,SG,27,139,11,22,399.9,2,4,100.0,3,5,300.0,10,10,20,15,15,4,6,3,11,62,47,42,35,86.28393726338562,56.43807463493779,38.501352082206594,2.123850730124392,228.2693347755543,140.50892374256355,97.99567333693889,170.98810167658195,10
163,Gary Trent Jr.,Toronto Raptors,SG,208,330,76,176,437.1,24,27,646.7,32,89,350.2,9,30,39,15,15,16,3,2,-66,262,247,223,54,588.2984878369494,14.02827087442472,12.633136094674557,32.85207100591715,580.0026298487837,631.0144641683103,535.0618014464168,28.886259040105195,10
164,Georges Niang,Cleveland Cavaliers,SF,138,294,50,99,500.3,11,11,500.0,27,63,442.7,2,36,38,16,27,6,16,4,0,192,176,154,54,277.45562130177507,19.48890532544379,11.625,24.225591715976336,411.17159763313606,336.48890532544374,334.6960059171597,48.55621301775148,10
165,Giannis Antetokounmpo,Milwaukee Bucks,PF,303,366,115,190,613.0,66,98,629.1,7,18,283.3,35,92,127,70,28,7,34,10,8,500,430,373,197,474.32271468144046,215.76454293628808,80.24376731301939,6.317174515235457,1168.5,935.0595567867036,664.6329639889196,339.1385041551247,10
166,Goga Bitadze,Orlando Magic,C,28,99,11,20,480.0,6,9,283.3,0,3,0.0,10,12,22,9,10,2,8,9,3,59,50,37,31,47.63905325443787,63.61094674556212,8.33284023668639,0.0,232.10059171597635,173.7174556213018,74.48668639053254,103.4792899408284,9
167,Gordon Hayward,Oklahoma City Thunder,SF,51,184,15,31,466.7,13,19,410.0,8,15,500.0,4,18,22,24,12,5,8,0,-7,97,73,75,46,104.5,29.77777777777778,43.30401234567902,3.777777777777778,240.21141975308643,162.27777777777777,159.47067901234567,96.04475308641976,10
168,Gradey Dick,Toronto Raptors,G,115,320,43,114,361.4,10,12,533.3,19,59,313.3,4,23,27,20,19,6,16,2,-105,162,142,135,47,239.84444444444446,24.45679012345679,35.6,18.91111111111111,420.7308641975309,330.6864197530864,314.3777777777778,75.56790123456791,10
169,Grant Williams,Charlotte Hornets,PF,121,303,44,99,449.5,21,26,538.9,12,43,305.9,11,28,39,23,29,11,22,4,-116,183,160,144,62,345.9710743801653,20.84400826446281,18.74793388429752,8.24793388429752,396.2985537190083,436.129132231405,303.78512396694214,41.94731404958678,10
170,Grayson Allen,Phoenix Suns,SG,166,345,56,96,579.3,17,20,691.7,37,70,420.0,2,26,28,28,18,8,11,6,48,222,194,194,56,695.320283215327,15.792586422324032,34.6438983756768,96.17117867555186,810.3723448563098,649.695127030404,862.826322365681,43.607663473552684,10
171,Gui Santos,Golden State Warriors,F,38,103,13,24,372.5,8,9,350.0,4,8,250.0,9,21,30,9,14,2,5,2,22,77,68,47,39,156.62049861495848,103.92243767313019,14.268698060941828,4.049861495844875,525.1274238227147,464.99722991689754,177.27146814404432,157.6703601108033,8
172,Harrison Barnes,Sacramento Kings,SF,121,285,43,101,415.2,16,21,450.0,19,49,284.3,7,29,36,13,13,4,7,1,-9,170,157,134,49,304.5713305898491,30.641975308641975,12.456790123456791,44.90054869684499,420.23388203017834,346.1186556927298,359.69890260631,62.086419753086425,10
173,Harry III Giles,Brooklyn Nets,F,8,8,3,6,50.0,1,2,50.0,1,1,100.0,2,2,4,2,3,0,0,0,-12,14,12,10,6,44.72265625,10.16015625,3.28515625,0.765625,136.59765625,97.515625,72.25,25.0,1
174,Harry III Giles,Los Angeles Lakers,F,2,5,1,1,100.0,0,0,0.0,0,0,0.0,0,1,1,0,0,0,0,0,-3,3,3,2,1,0.47265625,0.03515625,0.03515625,0.015625,0.47265625,0.765625,0.25,0.0,1
175,Haywood Highsmith,Miami Heat,F,52,156,20,35,429.5,1,4,50.0,11,19,350.0,8,16,24,12,8,3,1,0,-34,88,76,64,36,423.33906745133544,48.434585785423266,9.652331371661386,22.907650520597556,809.9320959710276,715.9357175192395,489.5880488909009,85.83431416930738,10
176,Herbert Jones,New Orleans Pelicans,SF,95,316,31,63,449.1,18,21,600.0,15,37,335.8,5,25,30,32,31,13,15,14,10,157,125,127,62,218.28071833648394,25.890359168241964,12.303402646502834,18.504725897920604,288.1493383742912,236.37901701323247,250.35727788279772,57.8875236294896,10
177,Hunter Tyson,Denver Nuggets,F,0,7,0,3,0.0,0,0,0.0,0,3,0.0,0,1,1,0,1,0,2,0,-1,1,1,0,1,12.25,0.11111111111111113,0.25,0.6944444444444445,13.444444444444446,10.02777777777778,16.0,0.027777777777777804,1
178,Ibou Badji,Portland Trail Blazers,C,7,32,3,4,150.0,1,2,50.0,0,0,0.0,1,2,3,4,6,0,5,3,-17,14,10,11,7,15.720000000000002,3.0800000000000005,2.75,0.0,37.06999999999999,30.32,21.470000000000002,6.83,3
179,Immanuel Quickley,Toronto Raptors,SG,195,364,68,158,420.7,33,45,597.2,26,77,328.3,2,55,57,88,17,11,26,3,-71,340,252,283,145,477.0639999999999,39.496,197.456,20.976,930.7840000000001,541.9359999999999,785.464,317.4,10
180,Isaac Okoro,Cleveland Cavaliers,SF,88,335,33,78,436.7,8,13,291.7,14,40,408.4,9,25,34,19,26,9,12,5,-36,141,122,107,53,106.99186390532545,49.17455621301775,12.965236686390533,6.400147928994082,260.26331360946745,213.625,144.15976331360946,71.61020710059172,10
181,Isaiah Hartenstein,New York Knicks,C,91,237,40,55,762.4,11,16,580.0,0,0,0.0,32,55,87,29,28,11,9,17,99,207,178,120,116,315.20764462809916,64.00413223140497,10.929752066115704,0.0,444.125,413.41838842975216,318.03822314049586,102.80991735537192,10
182,Isaiah Jackson,Indiana Pacers,SF,87,174,34,52,694.3,19,27,708.3,0,1,0.0,21,32,53,13,25,10,8,7,19,153,140,100,66,246.75234131113422,194.29448491155048,28.155046826222687,0.0,843.7284079084287,724.0208116545266,286.76170655567114,302.1477627471384,10
183,Isaiah Joe,Oklahoma City Thunder,SG,61,164,22,58,337.9,3,3,100.0,14,41,303.3,4,15,19,11,12,4,3,2,-2,91,80,72,30,113.06198347107438,11.28202479338843,7.050619834710744,6.413223140495868,175.26446280991738,158.0464876033058,125.60020661157024,23.01239669421488,10
184,Isaiah Mobley,Cleveland Cavaliers,F,5,33,2,7,58.3,0,0,0.0,1,4,25.0,0,4,4,2,2,0,0,0,-1,11,9,7,6,0.6799999999999997,10.880000000000003,0.72,0.6800000000000002,13.32,9.0,2.1199999999999997,14.479999999999999,2
185,Isaiah Stewart,Detroit Pistons,C,106,319,40,71,587.7,10,12,516.7,16,38,409.0,10,48,58,12,11,4,10,10,-48,176,164,118,70,131.47520661157026,49.603305785123965,9.603305785123966,12.764462809917354,245.47520661157023,193.27685950413223,178.88016528925618,64.0,10
186,Ish Smith,Charlotte Hornets,PG,18,181,8,34,236.0,0,0,0.0,2,2,200.0,1,19,20,41,16,5,6,1,-90,79,38,59,61,54.36000000000001,24.0,78.09,1.5600000000000003,170.49,69.16000000000001,134.09,123.69,9
187,Ish Wainright,Phoenix Suns,F,3,11,1,6,16.7,0,0,0.0,1,4,25.0,3,2,5,1,1,1,1,0,-3,9,8,4,6,6.25,17.361111111111114,0.6944444444444445,0.6944444444444445,56.25,44.44444444444445,11.111111111111112,25.0,1
188,Ivica Zubac,LA Clippers,C,107,261,45,65,726.8,17,20,575.0,0,0,0.0,28,58,86,15,25,7,12,11,-18,208,193,122,101,194.73534971644614,28.835538752362947,4.504725897920604,0.0,260.0,225.72211720226846,214.9224952741021,47.43100189035916,10
189,JT Thor,Charlotte Hornets,F,17,99,7,15,308.3,0,0,0.0,3,8,200.0,1,12,13,6,9,0,2,3,22,36,30,23,19,44.583999999999996,14.600000000000001,4.5440000000000005,4.296,67.456,71.18400000000001,45.256,14.743999999999998,10
190,JaVale McGee,Sacramento Kings,C,23,49,11,19,355.0,0,3,0.0,1,2,100.0,5,10,15,1,6,2,1,0,-4,39,38,24,16,65.0,13.858131487889274,0.86159169550173,0.86159169550173,107.68512110726641,111.09342560553632,65.74394463667821,10.567474048442907,7
191,Jabari Smith Jr.,Houston Rockets,PF,125,280,45,98,454.2,18,20,841.7,17,45,314.8,15,54,69,14,28,9,12,8,32,208,194,139,83,382.533802055165,147.23147647376962,12.546241211465658,18.547863710113575,707.895078420768,686.0,409.22065981611684,154.98593834505138,10
192,Jabari Walker,Portland Trail Blazers,F,111,253,44,80,546.2,17,22,740.0,6,15,366.7,19,57,76,14,34,9,9,1,-3,201,187,125,90,293.0398370303305,72.63105477591671,18.92802172928927,6.414667270258036,531.8981439565414,471.87732005432326,307.68990493435945,136.9298325033952,10
193,Jacob Gilyard,Brooklyn Nets,G,0,11,0,2,0.0,0,0,0.0,0,2,0.0,0,0,0,1,2,1,0,0,0,1,0,1,1,27.18877551020408,1.1479591836734693,6.98469387755102,2.4693877551020407,79.71938775510205,39.51020408163265,61.73469387755103,13.795918367346939,1
194,Jacob Gilyard,Memphis Grizzlies,G,67,192,23,49,431.8,1,1,100.0,20,42,431.8,1,13,14,39,10,9,12,2,-59,120,81,106,53,268.98469387755097,12.331632653061225,30.290816326530614,23.367346938775512,462.3316326530612,340.30612244897964,372.3265306122449,61.306122448979586,9
195,Jacob Toppin,New York Knicks,F,13,29,5,9,107.1,2,2,100.0,1,4,33.3,3,3,6,1,3,0,1,0,-18,20,19,14,7,78.05555555555556,8.722222222222221,0.5555555555555556,0.7222222222222223,130.22222222222223,136.55555555555554,72.5,8.5,2
196,Jaden Hardy,Dallas Mavericks,G,77,116,32,65,499.4,4,5,250.0,9,21,300.0,1,9,10,18,10,3,7,1,9,105,87,95,28,155.3604938271605,10.0,31.644444444444446,7.108641975308641,224.30864197530866,179.36049382716047,188.30864197530866,53.644444444444446,10
197,Jaden Ivey,Detroit Pistons,PG,144,307,53,139,389.7,26,33,691.7,12,53,220.6,10,23,33,41,25,11,31,6,-94,218,177,185,74,127.51736111111114,21.12934027777778,59.569444444444436,9.58767361111111,261.81684027777777,187.8515625,194.76736111111111,87.4140625,10
198,Jaden McDaniels,Minnesota Timberwolves,PF,109,302,43,103,416.8,12,22,298.8,11,40,295.0,13,37,50,13,35,9,10,6,-25,172,159,122,63,394.3877551020408,48.06330695543524,29.261557684298204,15.849645980841316,542.8771345272803,499.52394835485205,393.6201582673886,121.44564764681381,10
199,Jaden Springer,Boston Celtics,G,60,176,22,52,413.7,13,14,575.0,3,18,183.3,13,18,31,17,21,13,10,4,-19,108,91,77,48,222.31555880204527,50.06939371804236,30.006574141709276,2.5792549306062815,663.1424397370345,466.72242512783055,357.92184075967856,140.88970051132213,10
200,Jae Crowder,Milwaukee Bucks,PF,62,199,25,50,467.9,2,2,100.0,10,25,333.3,6,18,24,10,16,9,2,1,-7,96,86,72,34,96.94444444444446,22.1015625,8.9765625,10.850694444444445,133.0173611111111,129.42100694444443,101.9626736111111,29.65625,10
201,Jae'Sean Tate,Houston Rockets,SF,46,141,19,40,444.1,5,9,200.0,3,8,233.3,11,19,30,8,17,8,12,5,-2,84,76,54,38,80.45806067816775,31.426531826293875,6.10350981558596,2.1005353955978583,191.03628792385484,151.19571683521713,102.92563950029745,54.90303390838787,10
202,Jahmi'us Ramsey,Toronto Raptors,SG,47,120,18,41,306.3,5,6,175.0,6,22,183.3,4,18,22,8,10,7,7,0,-28,77,69,55,30,69.3801652892562,36.066115702479344,3.072314049586777,3.402892561983472,97.25413223140495,108.65289256198346,77.28719008264463,19.832644628099175,7
203,Jaime Jr. Jaquez,Miami Heat,G,104,291,39,86,430.4,18,25,616.7,8,25,244.89999999999998,9,40,49,27,20,12,9,3,3,180,153,131,76,399.9229968782518,41.14984391259105,22.292403746097815,7.839750260145682,373.75650364203955,369.74921956295526,390.9687825182102,76.40374609781477,10
204,Jake LaRavia,Memphis Grizzlies,F,123,284,35,105,334.7,38,47,693.9,15,52,310.2,22,28,50,19,22,14,9,5,-48,192,173,142,69,216.92659279778394,104.00692520775625,28.90027700831025,4.673130193905817,446.8753462603878,459.2991689750693,232.5,104.90997229916898,10
205,Jakob Poeltl,Toronto Raptors,C,122,251,55,101,543.9,12,20,491.7,0,0,0.0,39,53,92,31,28,10,11,19,35,245,214,153,123,161.8469387755102,127.67346938775509,30.387755102040813,0.0,516.704081632653,398.98979591836735,256.6224489795918,181.0,10
206,Jalen Brunson,New York Knicks,PG,284,331,106,228,469.9,41,49,659.1,31,78,425.1,6,27,33,60,15,8,23,2,99,377,317,344,93,816.077863286555,16.328202806699863,64.76505205975555,14.483023992756905,557.6319601629698,771.5577184246265,598.9877772747849,84.25758261656858,10
207,Jalen Duren,Detroit Pistons,C,132,273,49,79,611.5,34,41,755.0,0,0,0.0,31,86,117,21,31,6,27,4,-81,270,249,153,138,262.72315558802046,252.23593864134403,23.061358655953253,0.0,1020.0,865.0613586559533,346.23593864134403,346.72315558802046,10
208,Jalen Green,Houston Rockets,SG,276,357,98,198,487.7,40,51,789.6,40,93,411.7,7,51,58,34,16,10,20,5,141,368,334,310,92,851.5268638067472,88.77551020408164,10.448146605581007,36.41649312786339,1143.8159100374844,1150.8679716784673,842.3990004164931,101.29945855893376,10
209,Jalen HoodSchifino,Los Angeles Lakers,G,5,11,1,6,33.3,2,4,100.0,1,3,50.0,0,2,2,0,1,0,1,0,-13,7,7,5,2,9.0,0.9799999999999999,0.020000000000000004,0.8200000000000001,13.32,14.180000000000001,8.42,0.72,2
210,Jalen Johnson,Atlanta Hawks,SF,178,339,71,149,485.0,19,29,568.3,17,46,399.9,13,75,88,44,19,7,16,11,35,310,266,222,132,520.0495867768595,92.6317722681359,50.47199265381084,14.673094582185492,1012.7970615243343,701.9265381083562,770.7750229568411,203.24885215794305,10
211,Jalen McDaniels,Toronto Raptors,PF,41,132,18,44,312.0,2,4,66.7,3,15,116.7,6,20,26,11,13,7,13,1,-46,78,67,52,37,175.8336483931947,85.91871455576559,12.674858223062383,4.370510396975425,428.2041587901701,349.7863894139886,222.5765595463138,130.26843100189035,9
212,Jalen Pickett,Denver Nuggets,G,2,7,1,3,33.3,0,0,0.0,0,2,0.0,0,0,0,2,0,0,0,0,-1,4,2,4,2,2.777777777777778,0.1111111111111111,1.234567901234568,0.0,5.975308641975309,1.7777777777777781,7.716049382716049,0.6049382716049381,1
213,Jalen Slawson,Sacramento Kings,F,2,8,1,2,50.0,0,0,0.0,0,1,0.0,1,1,2,0,2,1,0,0,3,4,4,2,2,1.6198347107438016,1.190082644628099,0.0,0.0,5.5867768595041305,5.5867768595041305,1.6198347107438016,1.190082644628099,1
214,Jalen Smith,Indiana Pacers,PF,90,164,31,56,515.1,18,29,490.0,10,25,361.9,21,34,55,11,16,1,3,6,29,156,145,101,66,188.16436554898095,56.633136094674555,17.310322156476005,10.32215647600263,324.4168310322156,275.09335963182116,238.9552925706772,72.47600262984878,10
215,Jalen Suggs,Orlando Magic,SG,136,280,48,92,530.1,15,21,533.3,25,56,437.9,4,28,32,31,28,13,17,5,123,199,168,167,63,255.11111111111111,28.177514792899405,15.01051939513478,23.698224852071007,294.7462195923734,262.36554898093357,270.95923734385275,59.72057856673241,10
216,Jalen Williams,Oklahoma City Thunder,F,192,290,74,142,510.0,29,33,786.7,15,35,339.9,6,28,34,40,23,13,19,11,56,266,226,232,74,599.9891833423472,25.584640346133042,12.385073012439154,16.56625202812331,841.4970254191455,725.8031368307194,694.3212547322877,59.331530557057874,10
217,Jalen Wilson,Brooklyn Nets,F,42,148,16,47,370.5,8,9,350.0,2,18,75.0,12,18,30,11,8,1,8,0,12,83,72,53,41,107.1190006574622,34.23668639053255,6.928994082840236,2.156476002629849,234.93951347797503,186.15647600262986,132.0677186061801,65.0,10
218,Jamal Cain,Miami Heat,F,9,25,2,5,100.0,4,4,200.0,1,2,100.0,2,3,5,3,2,1,2,0,-5,17,14,12,8,8.335640138408305,2.0,2.0415224913494807,0.6955017301038062,25.0,15.865051903114185,17.0,4.512110726643599,3
219,Jamal Murray,Denver Nuggets,PG,227,360,87,190,450.6,33,39,861.4,20,50,410.0,10,43,53,82,18,16,22,3,51,362,280,309,135,463.3490304709141,47.16481994459834,73.01523545706371,20.02770083102493,650.9362880886429,468.5,620.0124653739612,145.95290858725764,10
220,James Bouknight,Charlotte Hornets,SG,10,13,4,10,83.3,0,0,0.0,2,7,58.3,0,0,0,0,0,1,1,0,13,10,10,10,0,18.0,0.0,0.0,0.72,18.0,18.0,18.0,0.0,2
221,James Harden,LA Clippers,SG,155,356,50,119,418.2,33,37,941.7,22,67,277.8,5,44,49,97,18,8,26,6,-32,301,204,252,146,320.636939791761,53.74966047985514,64.63784517881393,32.10864644635582,403.21186057039387,356.0688094160254,353.7320054323223,132.43549117247625,10
222,James Johnson,Indiana Pacers,PF,2,7,0,1,0.0,2,2,100.0,0,0,0.0,0,0,0,1,3,0,0,1,1,3,2,3,1,2.5600000000000005,0.0,0.6400000000000001,0.0,5.76,2.5600000000000005,5.76,0.6400000000000001,1
223,James Wiseman,Detroit Pistons,C,116,234,48,77,565.3,20,24,583.3,0,0,0.0,27,62,89,17,27,1,18,8,-58,222,205,133,106,365.85613845321797,80.39751216873985,19.33315305570579,0.0,763.5186587344512,618.2774472687939,498.8431584640346,111.98485667928607,10
224,Jamie Jr. Jaquez,Miami Heat,G,22,71,8,22,114.3,4,5,175.0,2,10,45.0,1,2,3,6,7,0,3,0,-46,31,25,28,9,47.41666666666667,2.333333333333334,2.3333333333333335,0.6666666666666667,47.41666666666666,70.75,28.750000000000007,0.0,3
225,Jarace Walker,Indiana Pacers,F,34,130,12,32,332.2,2,2,100.0,8,19,300.0,3,24,27,15,11,5,5,6,42,76,61,49,42,120.36570247933885,45.83677685950413,63.09297520661157,7.688016528925621,498.01859504132244,276.8264462809917,271.0,179.48760330578511,9
226,Jared Butler,Washington Wizards,SG,67,191,28,70,479.7,7,7,400.0,4,25,103.4,6,14,20,47,17,9,22,3,-25,134,87,114,67,146.30864197530866,20.03086419753086,146.94444444444443,4.452160493827161,551.7777777777778,180.5,436.9938271604938,247.5679012345679,10
227,Jared Rhoden,Detroit Pistons,G,19,67,8,15,203.3,0,0,0.0,3,7,133.3,0,11,11,4,8,1,4,4,-20,34,30,23,15,31.527777777777775,9.75,6.111111111111111,0.861111111111111,56.44444444444444,76.11111111111111,20.52777777777778,7.194444444444444,4
228,Jaren Jackson Jr.,Memphis Grizzlies,PF,226,336,78,188,413.9,53,72,717.5,17,53,332.9,18,44,62,29,39,15,30,22,-102,317,288,255,91,489.42499999999995,140.825,38.80625,10.15625,794.85625,915.7,432.55625,115.65625,10
229,Jarred Vanderbilt,Los Angeles Lakers,PF,68,142,26,42,412.7,13,17,375.0,3,5,166.7,12,22,34,12,8,16,11,2,23,114,102,80,46,111.33333333333334,59.333333333333336,18.0,3.5,362.0,274.0,157.33333333333334,119.33333333333334,6
230,Jarrett Allen,Cleveland Cavaliers,C,179,332,65,108,606.2,49,62,808.8,0,0,0.0,22,91,113,25,14,5,12,11,-15,317,292,204,138,476.6397928994083,212.2610946745562,20.5,0.0,1297.5532544378698,1201.0532544378698,520.1397928994082,285.7610946745562,10
231,Jason Preston,Utah Jazz,G,4,25,2,6,66.6,0,0,0.0,0,0,0.0,2,4,6,7,1,0,1,0,10,17,10,11,13,1.2800000000000002,4.275555555555554,7.879999999999999,0.0,32.55555555555556,8.96888888888889,13.32,23.70222222222222,2
232,Javon Freeman-Liberty,Toronto Raptors,G,57,168,20,47,292.1,15,17,630.0,2,16,83.3,4,23,27,17,12,4,8,2,-35,101,84,74,44,200.0473372781065,9.798816568047338,7.337278106508875,1.7396449704142014,263.4201183431952,257.2426035502958,201.0887573964497,22.272189349112427,8
233,Jaxson Hayes,Los Angeles Lakers,C,51,149,18,25,735.0,15,23,575.0,0,1,0.0,16,30,46,3,20,1,12,3,-12,100,97,54,49,61.8,86.64197530864197,4.200000000000001,0.0,167.08641975308643,160.1753086419753,62.0,97.55308641975309,10
234,Jay Huff,Denver Nuggets,C,3,5,1,2,50.0,0,0,0.0,1,2,50.0,0,0,0,0,2,0,0,0,-3,3,3,3,0,4.0,0.36,0.0,0.6400000000000001,1.9599999999999997,1.9599999999999997,4.0,0.36,1
235,Jaylen Brown,Boston Celtics,SG,291,337,112,217,515.3,38,60,625.9,29,73,398.6,19,38,57,28,24,16,16,0,100,376,348,319,85,521.6040816326532,105.17959183673469,19.632653061224488,18.673469387755105,868.4897959183675,815.4448979591838,549.4734693877552,149.9877551020408,10
236,Jaylin Williams,Oklahoma City Thunder,F,30,123,11,25,408.3,1,1,100.0,7,17,424.9,3,29,32,10,14,4,5,4,1,72,62,40,42,48.1,44.10625,8.1,2.10625,128.10625,124.65625,50.0,53.75625,10
237,Jayson Tatum,Boston Celtics,SF,284,364,94,210,447.1,60,71,840.7,36,82,430.5,12,55,67,53,18,12,29,6,81,404,351,337,120,378.90625,91.0,42.40625,20.55625,411.3,569.65625,279.7,74.25625,10
238,Jeenathan Williams,Houston Rockets,G,12,26,6,10,133.4,0,2,0.0,0,0,0.0,3,3,6,0,5,1,0,0,18,18,18,12,6,44.9792,5.0,0.0432,0.0,68.2848,70.45920000000001,43.5248,4.3232,3
239,Jeff Dowtin,Philadelphia 76ers,G,31,81,11,19,237.1,2,2,100.0,7,14,216.7,1,9,10,16,0,4,3,1,18,57,41,47,26,144.24260355029585,15.798816568047336,33.124260355029584,5.118343195266272,386.8934911242603,201.03550295857988,297.3195266272189,81.70414201183432,6
240,Jeff Green,Houston Rockets,PF,78,174,27,60,373.9,10,13,375.0,14,33,375.0,3,24,27,7,12,2,4,5,27,112,105,85,34,386.99864191942055,38.56179266636487,2.474875509280217,16.406518786781348,581.4305115436849,578.8660027161612,392.53100950656403,38.06880941602535,10
241,Jerami Grant,Portland Trail Blazers,SF,169,342,56,142,386.6,38,46,711.3,19,49,402.0,6,19,25,35,18,14,28,2,-77,229,194,204,60,473.98961937716257,45.9204152249135,32.71626297577855,5.083044982698962,888.6262975778548,739.6678200692041,583.0934256055364,118.49134948096886,10
242,Jeremiah Robinson-Earl,New Orleans Pelicans,F,28,92,11,25,269.6,4,7,80.0,2,10,100.0,9,12,21,10,6,3,3,1,37,59,49,38,31,78.39302112029385,41.40955004591368,29.702479338842977,1.6326905417814508,254.51147842056932,169.97704315886133,134.3709825528007,99.66850321395775,8
243,Jeremy Sochan,San Antonio Spurs,F,134,308,52,126,392.1,20,26,633.4,10,44,214.2,20,64,84,33,25,10,22,12,-1,251,218,167,117,542.4398308342945,147.31180315263362,38.78008458285275,10.31141868512111,816.9530949634756,912.6643598615916,459.553633217993,173.26682045367167,10
244,Jericho Sims,New York Knicks,C,21,164,8,11,366.7,5,7,130.0,0,0,0.0,17,28,45,8,11,5,5,4,18,74,66,29,53,93.70775623268698,75.06094182825484,9.613573407202216,0.0,281.5124653739612,225.11495844875347,141.93074792243766,92.84903047091413,10
245,Jerome Robinson,Golden State Warriors,SG,10,17,4,10,40.0,1,2,50.0,1,6,16.7,0,0,0,1,1,0,0,1,-2,11,10,11,1,66.1511111111111,0.16000000000000003,0.5377777777777779,0.7511111111111112,71.68444444444445,59.80444444444444,78.61777777777779,0.11111111111111113,1
246,Jett Howard,Orlando Magic,G,0,5,0,1,0.0,0,0,0.0,0,1,0.0,0,0,0,0,1,0,0,0,-5,0,0,0,0,0.25,0.0,0.0,0.027777777777777776,0.25,0.25,0.25,0.0,1
247,Jevon Carter,Chicago Bulls,PG,49,154,20,39,465.20000000000005,1,2,50.0,8,21,241.7,2,8,10,13,10,3,4,1,9,72,59,62,23,155.32253086419752,12.771604938271604,8.23611111111111,7.679012345679013,217.95679012345678,186.95216049382717,171.679012345679,35.65586419753086,10
248,Jimmy Butler,Miami Heat,SF,211,348,72,144,494.6,58,67,837.2,9,27,333.3,12,34,46,53,15,14,19,3,59,310,257,264,99,553.9795918367347,42.48979591836734,36.26530612244898,9.0,770.0,564.265306122449,726.4897959183673,111.97959183673468,10
249,Jock Landale,Houston Rockets,C,98,203,37,55,669.6,19,21,550.0,5,9,350.0,23,24,47,23,21,2,8,14,95,168,145,121,70,216.35336109458655,102.20999405116002,37.68054729327781,5.155859607376562,742.3200475907198,574.8155859607376,324.8917311124331,198.85663295657346,10
250,Joe Harris,Detroit Pistons,SF,2,12,1,3,33.3,0,0,0.0,0,1,0.0,0,0,0,0,1,0,0,0,-5,2,2,2,0,0.0,0.0,0.0,0.0,0.0,0.0,0.0,0.0,1
251,Joe Ingles,Orlando Magic,SG,31,158,9,16,330.0,5,6,250.0,8,15,325.0,2,16,18,30,12,7,10,0,37,79,49,61,48,120.90022675736962,9.709750566893424,47.111111111111114,9.600907029478458,155.44444444444443,113.0,158.04308390022675,62.12244897959184,10
252,Joel Embiid,Philadelphia 76ers,C,45,61,16,38,82.8,9,12,170.0,4,10,83.3,2,12,14,5,6,2,10,0,-41,64,59,50,19,144.5,0.0,0.5,0.0,162.0,144.5,162.0,0.5,2
253,John Collins,Utah Jazz,PF,180,286,68,119,573.7,30,40,702.5,14,30,462.2,24,61,85,10,27,4,12,12,-40,275,265,190,95,238.9132231404959,123.37293388429752,10.185950413223141,6.625,543.4638429752066,499.57128099173553,272.0,144.3646694214876,10
254,John Konchar,Memphis Grizzlies,SG,57,299,19,46,385.8,8,9,266.7,11,29,391.6,19,45,64,29,20,13,17,9,-3,150,121,86,93,131.31647828673408,70.64366448542533,14.957168352171326,7.054729327781082,290.71980963712076,223.27126710291492,166.20107079119572,118.16478286734088,10
255,Johnny Davis,Washington Wizards,G,34,144,14,36,321.4,3,4,150.0,3,13,83.3,4,12,16,9,13,3,1,5,-63,59,50,43,25,78.64197530864197,14.419753086419753,13.0,4.111111111111112,181.34567901234567,120.12345679012346,140.7530864197531,26.530864197530864,10
256,Johnny Juzang,Utah Jazz,G,58,155,22,48,336.9,0,0,0.0,14,36,269.2,4,14,18,6,12,0,4,0,-7,82,76,64,24,304.8994140625,25.0634765625,4.47265625,24.6806640625,357.69140625,384.265625,274.9072265625,32.9541015625,9
257,Jonas Valanciunas,New Orleans Pelicans,C,64,176,27,54,532.7,9,12,400.0,1,11,50.0,13,56,69,14,24,2,9,5,-7,147,133,78,83,129.18121301775147,50.2965976331361,20.648668639053255,0.9852071005917161,198.84097633136088,226.5,126.405325443787,46.06213017751478,10
258,Jonathan Isaac,Orlando Magic,PF,108,173,41,60,698.4,9,11,333.4,17,26,643.3,12,38,50,4,8,8,3,13,62,162,158,112,54,300.70204081632653,34.073469387755104,4.6938775510204085,12.600000000000001,415.55102040816337,456.0,272.54693877551017,26.473469387755102,10
259,Jonathan Kuminga,Golden State Warriors,PF,202,306,78,150,521.6,38,48,706.7,8,20,300.1,9,39,48,23,32,10,20,4,15,273,250,225,71,281.1604938271605,71.62688614540467,12.042524005486971,9.660493827160492,320.4540466392318,280.5733882030178,319.38408779149523,85.32647462277092,10
260,Jontay Porter,Toronto Raptors,C,49,159,18,41,352.3,4,6,150.0,9,26,230.4,10,23,33,32,11,10,13,9,-28,114,82,81,65,215.4023668639053,32.251479289940825,58.16863905325444,15.943786982248522,472.0,275.0917159763314,386.0976331360947,116.63313609467455,10
261,Jordan Clarkson,Utah Jazz,PG,161,328,58,144,353.7,31,35,737.9,14,53,206.6,7,29,36,63,18,10,23,0,-70,260,197,224,99,982.5,106.27777777777777,79.93402777777777,20.625,1397.40625,1364.1111111111113,996.1006944444443,205.90625,10
262,Jordan Goodwin,Memphis Grizzlies,G,71,257,29,86,350.5,5,12,225.0,8,31,229.89999999999998,13,33,46,42,16,16,17,10,-68,159,117,113,88,131.01239669421489,124.9917355371901,70.5,4.037190082644628,427.92561983471074,295.24380165289256,138.96694214876035,320.21900826446284,10
263,Jordan Hawkins,New Orleans Pelicans,G,45,112,16,52,354.8,4,5,150.0,9,34,190.0,2,11,13,8,6,1,2,2,9,66,58,53,21,188.10000000000002,16.60625,7.7,11.40625,266.15625,242.00624999999997,214.59999999999997,21.95625,10
264,Jordan McLaughlin,Minnesota Timberwolves,PG,62,165,21,34,594.4,4,4,200.0,16,25,419.4,4,19,23,28,7,7,4,2,62,113,85,90,51,172.19834710743802,26.645661157024797,18.145661157024794,26.682851239669425,203.59504132231407,215.00103305785123,162.50103305785123,43.082644628099175,10
265,Jordan Miller,LA Clippers,G,4,5,1,1,100.0,2,2,100.0,0,0,0.0,0,1,1,0,0,0,0,0,3,5,5,4,1,9.679012345679013,0.44444444444444453,0.0,0.0,14.271604938271604,14.271604938271604,9.679012345679013,0.44444444444444453,1
266,Jordan Nwora,Toronto Raptors,SF,105,185,43,86,517.8000000000001,8,10,416.7,11,37,301.6,4,36,40,9,10,10,16,5,-45,154,145,114,49,172.16954193932185,48.66389054134444,5.121356335514575,7.392623438429507,235.12314098750744,252.98929208804282,150.33551457465796,57.753123140987505,10
267,Jordan Poole,Washington Wizards,SG,168,293,62,147,410.3,18,20,630.0,26,75,351.6,6,23,29,52,28,12,27,4,-61,249,197,220,81,517.6360946745561,25.186390532544376,92.16863905325444,12.453402366863905,510.26331360946745,465.79289940828403,546.8994082840237,132.56213017751477,10
268,Jordan Walsh,Boston Celtics,G,2,27,1,4,100.0,0,0,0.0,0,2,0.0,2,4,6,1,5,2,2,1,24,9,8,3,7,2.8099173553719012,13.355371900826448,0.8347107438016528,0.0,1.1983471074380163,4.0,6.68595041322314,7.512396694214876,2
269,Jose Alvarado,New Orleans Pelicans,PG,66,206,22,58,360.1,7,10,350.0,15,33,450.4,6,19,25,23,19,8,5,1,32,114,91,89,48,185.8515625,41.025173611111114,33.02517361111111,14.5,472.9626736111111,315.56944444444446,296.8506944444444,120.44444444444444,10
270,Josh Giddey,Oklahoma City Thunder,SG,151,251,64,115,563.6,5,5,400.0,18,43,416.1,15,57,72,52,17,4,19,3,77,275,223,203,124,364.6015625,87.85069444444443,40.44444444444444,20.767361111111114,563.3585069444446,490.6918402777777,396.3793402777777,169.18402777777777,10
271,Josh Green,Dallas Mavericks,SG,67,259,28,55,498.7,4,5,80.0,7,23,270.0,11,24,35,13,16,11,9,2,-34,115,102,80,48,175.42568370986916,41.573127229488705,10.20332936979786,7.416171224732463,227.9346016646849,241.15576694411413,176.20927467300828,37.77170035671819,10
272,Josh Hart,New York Knicks,SG,107,416,43,109,380.6,12,16,408.3,9,43,167.2,24,90,114,54,24,11,18,4,56,275,221,161,168,298.024,187.316,124.656,13.224000000000002,1103.844,646.484,612.856,454.5,10
273,Josh Minott,Minnesota Timberwolves,F,0,5,0,0,0.0,0,0,0.0,0,0,0.0,0,4,4,0,0,0,0,0,6,4,4,0,4,5.224489795918367,10.331632653061225,0.02040816326530612,0.18367346938775508,0.6173469387755101,0.8622448979591834,5.897959183673469,9.433673469387754,1
274,Josh Okogie,Phoenix Suns,SF,42,135,13,32,323.8,10,11,350.0,6,14,300.0,15,6,21,11,5,7,10,2,-6,74,63,53,32,140.5,13.198347107438018,7.2644628099173545,6.5,203.55785123966945,192.88016528925618,146.03719008264463,25.603305785123965,10
275,Josh Richardson,Miami Heat,SG,98,211,38,76,433.2,6,6,200.0,16,45,301.7,4,26,30,19,16,5,3,2,3,147,128,117,49,296.8888888888889,20.0,10.88888888888889,27.555555555555557,468.0,427.55555555555554,344.0,24.22222222222222,9
276,Joshua Primo,LA Clippers,G,0,5,0,1,0.0,0,0,0.0,0,0,0.0,1,0,1,0,0,0,1,0,1,1,1,0,1,0.0,0.0,0.0,0.0,0.0,0.0,0.0,0.0,1
277,Jrue Holiday,Boston Celtics,PG,114,323,45,81,564.5,4,4,200.0,20,44,531.8,8,25,33,55,13,14,17,11,120,202,147,169,88,82.40532544378698,48.251479289940825,52.514792899408285,6.014792899408284,209.71597633136096,168.31360946745562,164.9023668639053,59.6715976331361,10
278,Jules Bernard,Washington Wizards,G,40,75,15,32,366.2,3,5,200.0,7,13,335.0,6,7,13,10,6,2,3,1,16,63,53,50,23,172.05440000000002,10.360000000000001,12.230399999999998,5.0,271.0,210.27040000000005,232.56000000000003,22.8144,6
279,Julian Champagnie,San Antonio Spurs,F,67,237,19,53,303.7,14,17,566.7,15,40,252.5,2,19,21,14,9,7,9,6,13,102,88,81,35,257.07599999999996,35.3,18.5,31.636000000000003,583.156,419.936,375.496,98.60000000000001,10
280,Julian Phillips,Chicago Bulls,F,39,132,13,31,272.9,7,8,266.7,6,13,283.4,6,12,18,5,12,5,3,1,-11,62,57,44,23,170.91975308641975,27.290123456790123,6.777777777777779,6.401234567901234,314.4444444444444,289.44444444444446,184.5493827160494,45.43827160493827,10
281,Julian Strawther,Denver Nuggets,G,23,49,8,22,83.0,4,4,200.0,3,15,48.6,1,4,5,5,4,1,4,0,-3,33,28,28,10,117.85204081632655,7.811224489795919,3.8112244897959187,2.75,191.44387755102042,170.83673469387753,132.83673469387756,17.244897959183675,3
282,Julius Randle,New York Knicks,PF,66,99,23,48,142.2,14,14,300.0,6,11,195.0,8,17,25,18,7,1,10,0,25,109,91,84,43,98.0,2.666666666666667,14.0,2.0,140.66666666666669,120.66666666666666,126.0,8.666666666666668,3
283,Justin Champagnie,Washington Wizards,SF,53,142,17,46,209.3,10,12,250.0,9,30,158.3,11,17,28,11,11,6,8,5,-40,92,81,64,39,258.83984375,76.68359375,7.83984375,9.49609375,671.68359375,597.9375,308.0,109.109375,7
284,Justin Holiday,Denver Nuggets,SF,39,152,15,31,409.0,0,0,0.0,9,20,291.7,1,12,13,17,13,4,1,3,45,69,52,56,30,198.93077339102217,12.100054083288263,44.50784207679826,15.188209843158464,369.11465657111955,253.66035694970253,290.6078961600865,80.38507301243916,10
285,Justin Minaya,Portland Trail Blazers,F,12,99,4,17,149.89999999999998,1,2,50.0,3,14,116.6,6,10,16,4,5,3,3,2,-39,32,28,16,20,22.019024970273485,16.338882282996433,2.5933412604042805,2.001189060642093,48.06183115338882,53.44708680142687,17.777645659928655,17.788347205707492,9
286,Jusuf Nurkic,Phoenix Suns,C,85,269,36,70,529.5,13,32,305.4,0,0,0.0,38,86,124,35,31,7,26,10,15,244,209,120,159,53.79600694444443,232.73350694444443,33.4765625,0.0,407.7751736111111,376.93402777777777,71.6111111111111,279.2361111111111,10
287,Karl-Anthony Towns,Minnesota Timberwolves,C,193,306,66,146,451.8,41,47,734.2,20,56,341.5,20,55,75,29,33,8,24,8,98,297,268,222,104,265.0493827160493,98.62345679012346,46.91975308641975,18.771604938271604,548.530864197531,414.4012345679012,362.2777777777778,182.44444444444443,10
288,Kawhi Leonard,LA Clippers,SF,223,325,85,151,556.6,40,45,840.0,13,38,335.8,11,40,51,31,6,9,19,8,49,305,274,254,82,404.09647561409747,43.77750088999644,20.906016375934495,7.83873264506942,592.5243859024565,491.2217871128515,479.74439302242786,90.33819864720542,10
289,Keegan Murray,Sacramento Kings,SF,149,348,55,123,437.9,17,22,366.7,22,66,318.9,14,45,59,16,26,9,8,9,30,224,208,165,75,323.71005917159766,89.07100591715977,16.91494082840237,35.6094674556213,600.7551775147929,451.32544378698225,446.53328402366867,132.59245562130178,10
290,Keita Bates-Diop,Brooklyn Nets,SF,35,85,12,20,615.0,6,6,300.0,5,11,350.0,3,10,13,5,1,2,5,4,-13,53,48,40,18,54.0426638917794,17.0,4.710718002081165,5.439125910509884,98.6919875130073,90.84911550468263,54.01456815816857,29.581685744016653,10
291,Keldon Johnson,San Antonio Spurs,SF,161,296,57,117,483.40000000000003,23,28,580.0,24,60,411.6,15,44,59,19,13,4,8,1,-48,239,220,180,78,321.38207333635125,55.797645993662286,21.079674060660935,30.694431869624264,365.860117700317,384.96604798551385,337.03304662743324,42.12041647804436,10
292,Kelly Olynyk,Toronto Raptors,PF,136,291,55,99,555.1,15,21,430.0,11,29,375.0,16,38,54,53,44,12,36,8,-87,243,190,189,107,278.8,27.82716049382716,93.61234567901235,10.412345679012343,492.1111111111112,376.44938271604946,389.9234567901235,125.97777777777779,10
293,Kelly Oubre Jr.,Philadelphia 76ers,SG,184,332,67,170,397.7,35,47,559.5,15,53,258.5,20,38,58,24,23,12,21,11,-37,266,242,208,82,216.21824239900045,78.24489795918367,28.453977509371096,9.259058725531029,387.4910453977509,384.1541024573094,217.19950020824658,109.0545605997501,10
294,Kendall Brown,Indiana Pacers,SG,0,7,0,0,0.0,0,0,0.0,0,0,0.0,0,0,0,0,0,0,0,0,4,0,0,0,0,1.265625,0.0625,0.31640625,0.0,3.75390625,1.890625,2.84765625,0.66015625,1
295,Kenneth Lofton Jr.,Philadelphia 76ers,F,2,5,1,4,25.0,0,0,0.0,0,2,0.0,0,1,1,0,0,0,0,0,-4,3,3,2,1,0.0,0.0,0.0,0.0,0.0,0.0,0.0,0.0,1
296,Kenrich Williams,Oklahoma City Thunder,SF,42,133,17,37,356.70000000000005,2,2,100.0,6,19,216.7,13,23,36,17,14,9,2,1,17,95,78,59,53,136.38662131519274,34.48979591836735,13.475056689342404,7.1893424036281175,234.9591836734694,204.94444444444446,143.48979591836735,70.87641723356009,10
297,Kentavious Caldwell-Pope,Denver Nuggets,SG,87,316,32,66,477.4,7,7,400.0,16,40,368.3,1,20,21,23,20,16,13,10,58,131,108,110,44,108.42148760330579,13.855371900826446,20.74793388429752,8.509297520661157,77.77685950413223,139.85537190082647,52.51652892561983,28.429752066115704,10
298,Kenyon Martin Jr.,Philadelphia 76ers,F,47,162,18,37,486.1,8,12,400.0,3,8,250.0,11,22,33,13,31,4,7,3,6,93,80,60,46,119.7,129.256,18.136,2.104,550.724,435.476,205.156,177.18400000000003,10
299,Keon Ellis,Sacramento Kings,G,73,271,28,53,482.4,3,5,200.0,14,33,377.7,4,26,30,19,26,16,4,10,62,122,103,92,49,290.93618171984855,36.048674959437534,30.974040021633318,14.407787993510007,556.3385613845323,407.72796106003244,405.42671714440235,101.14277988101676,10
300,Keon Johnson,Brooklyn Nets,G,12,26,3,8,73.3,4,4,100.0,2,4,133.3,2,1,3,2,2,2,2,0,-9,17,15,14,5,18.88888888888889,0.5555555555555556,2.2222222222222223,0.22222222222222227,27.222222222222225,13.888888888888888,34.0,1.0,2
301,Kessler Edwards,Sacramento Kings,SF,24,72,9,24,206.7,1,2,50.0,5,15,211.7,3,12,15,4,8,4,1,1,14,43,39,28,19,88.96885813148788,18.59515570934256,2.339100346020761,4.602076124567475,135.5017301038062,119.88927335640138,94.79584775086505,30.719723183391007,8
302,Kevin Durant,Phoenix Suns,PF,256,356,100,180,540.5,33,39,643.1,23,56,405.4,3,60,63,39,14,11,32,9,27,358,319,295,102,1145.924,60.403999999999996,37.204,22.035999999999994,1516.1960000000001,1305.6560000000002,1271.256,182.816,10
303,Kevin Huerter,Sacramento Kings,SG,72,231,29,79,330.1,2,4,100.0,12,45,205.0,6,24,30,25,23,8,11,2,5,127,102,97,55,288.7933884297521,30.44995408631772,4.61248852157943,16.24793388429752,456.10743801652893,441.77777777777777,290.6730945821855,47.51239669421488,10
304,Kevin Knox II,Detroit Pistons,SF,22,89,9,26,148.9,3,3,200.0,1,11,33.3,3,11,14,4,9,2,6,0,21,40,36,26,18,115.33333333333334,19.333333333333336,3.3333333333333335,0.8333333333333335,167.33333333333331,188.0,101.33333333333334,16.0,6
305,Kevin Love,Miami Heat,PF,88,158,30,62,483.6,10,14,208.3,18,45,387.4,10,55,65,19,20,3,10,3,31,172,153,107,84,362.530612244898,61.03061224489795,13.244897959183673,16.97959183673469,574.7448979591837,534.5,405.0,72.05102040816325,10
306,Kevon Looney,Golden State Warriors,F,28,109,12,24,493.3,4,9,125.0,0,0,0.0,6,23,29,10,19,1,5,3,31,67,57,38,39,39.61498439125911,25.96149843912591,4.093652445369407,0.0,72.22788761706556,75.42872008324662,31.783558792924037,34.68574401664932,10
307,Keyontae Johnson,Oklahoma City Thunder,F,5,39,2,8,66.7,0,0,0.0,1,2,100.0,2,4,6,2,4,0,2,0,-15,13,11,7,8,20.0,7.0,1.2653061224489797,0.8163265306122451,29.69387755102041,35.0,17.26530612244898,5.6938775510204085,5
308,Keyonte George,Utah Jazz,G,161,301,53,137,343.0,38,42,825.8,17,63,246.70000000000002,0,35,35,46,14,6,33,2,-115,242,196,207,81,766.5151299394802,32.5436098255607,44.43645425418298,32.12993948024208,1013.2609469562121,790.5895336418654,989.2662869348522,76.9003203987184,10
309,Khris Middleton,Milwaukee Bucks,SF,153,297,59,122,512.5,18,21,517.5,17,45,441.9,12,43,55,62,37,9,23,4,26,270,208,215,117,299.4716553287982,61.1859410430839,68.5668934240363,4.1020408163265305,504.97959183673464,327.3151927437642,439.4444444444445,167.44444444444443,10
310,Killian Hayes,Detroit Pistons,PG,18,79,7,14,209.6,1,3,33.3,3,6,100.0,0,15,15,20,4,0,5,2,-12,53,33,38,35,27.0,18.75,54.0,2.75,252.75,74.75,153.0,124.75,4
311,Kira Lewis Jr.,Utah Jazz,PG,12,39,4,11,44.4,3,4,75.0,1,3,33.3,1,4,5,7,1,0,2,0,-21,24,17,19,12,97.05349794238683,17.473251028806587,9.592592592592593,0.7325102880658437,266.33333333333337,196.37037037037038,148.62139917695472,45.460905349794245,3
312,Klay Thompson,Golden State Warriors,SG,209,288,75,169,439.1,16,18,616.7,43,105,406.0,5,22,27,24,12,8,13,4,8,260,236,233,51,412.1715976331361,23.245562130177515,40.5,16.91715976331361,429.13609467455615,387.78994082840234,462.4408284023669,54.82248520710059,10
313,Kobe Brown,LA Clippers,G,6,32,3,7,200.0,0,0,0.0,0,2,0.0,4,6,10,2,5,0,3,0,-20,18,16,8,12,13.211720226843099,12.506616257088847,1.6899810964083177,0.00945179584120983,23.332703213610586,17.461247637051038,11.0,22.27977315689981,5
314,Kobe Bufkin,Atlanta Hawks,G,27,81,11,31,158.4,1,2,50.0,4,14,115.0,1,10,11,14,6,3,4,1,21,52,38,41,25,72.63265306122449,3.9795918367346945,14.959183673469388,2.836734693877551,134.6326530612245,95.83673469387756,113.83673469387753,16.53061224489796,5
315,Kobi Simmons,Toronto Raptors,G,7,17,3,6,50.0,0,0,0.0,1,2,50.0,1,1,2,0,1,2,1,0,1,9,9,7,2,0.0,0.0,0.0,0.0,0.0,0.0,0.0,0.0,1
316,Kris Dunn,Utah Jazz,G,44,206,19,45,358.5,0,0,0.0,6,18,250.0,9,15,24,32,25,9,8,3,-52,100,68,76,56,111.71570846536895,18.479855138071525,27.695789950203714,6.675418741511995,300.86917157084656,158.5242191036668,223.48574015391577,76.7505658669081,10
317,Kris Murray,Portland Trail Blazers,F,89,302,36,87,432.8,6,10,233.4,11,42,203.29999999999998,14,35,49,18,19,10,11,7,-13,156,138,107,67,388.1683873264507,29.111071555713778,9.606977572089711,12.901744393022426,458.0,473.4182983268067,369.0733357066572,42.39480242079031,10
318,Kristaps Porzingis,Boston Celtics,C,204,298,70,153,467.0,40,43,933.3,24,63,391.1,24,43,67,19,27,9,12,16,95,290,271,223,86,114.43043995243758,104.20332936979786,9.499405469678955,20.772889417360286,393.75505350772886,365.5398335315101,149.0,107.34839476813319,10
319,Kyle Anderson,Minnesota Timberwolves,SF,86,278,34,76,426.8,16,21,580.0,2,6,100.0,12,31,43,52,20,10,7,7,54,181,129,138,95,81.44139886578449,18.417769376181475,25.68336483931947,1.6068052930056709,130.55765595463134,109.26748582230623,84.2570888468809,62.57561436672968,10
320,Kyle Kuzma,Washington Wizards,SF,245,341,93,180,530.4,43,55,805.3,16,47,258.3,3,61,64,48,22,8,30,6,-59,357,309,293,112,491.52500000000003,34.55625,52.50000000000001,26.5,655.7562499999998,579.70625,555.7249999999999,98.90625,10
321,Kyle Lowry,Philadelphia 76ers,PG,76,292,25,66,340.2,11,14,475.0,15,44,310.4,3,25,28,40,22,11,14,2,-57,144,104,116,68,206.39999999999998,16.416326530612245,68.0326530612245,12.746938775510205,214.92244897959185,227.21632653061224,170.4326530612245,108.12244897959184,10
322,Kyrie Irving,Dallas Mavericks,PG,236,350,93,188,495.0,23,24,600.0,27,75,343.9,7,40,47,64,20,15,20,4,81,347,283,300,111,371.624716553288,37.25736961451247,104.59070294784581,18.114512471655328,793.6111111111112,453.6938775510205,674.6938775510205,178.69614512471654,10
323,LaMelo Ball,Charlotte Hornets,PG,32,55,12,37,66.1,5,6,150.0,3,17,34.7,1,5,6,15,10,3,7,0,-49,53,38,47,21,2.0,2.0,0.5,0.5,4.5,8.0,0.5,0.5,2
324,Lamar Stevens,Memphis Grizzlies,PF,117,209,46,97,495.5,20,22,433.3,5,15,325.0,13,29,42,8,18,7,9,7,-30,167,159,125,50,254.5,49.60493827160494,7.679012345679013,2.5308641975308643,374.17901234567904,291.21604938271605,336.62345679012344,58.123456790123456,10
325,Landry Shamet,Washington Wizards,SG,55,184,20,55,273.1,7,7,300.0,8,35,104.1,4,10,14,8,12,4,9,2,-68,77,69,63,22,330.90000000000003,22.5,5.700000000000001,15.624999999999998,463.7,413.80000000000007,373.0,35.99999999999999,10
326,Larry Nance Jr.,New Orleans Pelicans,PF,67,246,27,43,580.3,11,14,383.4,2,5,133.3,15,32,47,20,14,12,3,2,41,134,114,87,67,187.0,77.67451335445904,10.04074241738343,1.6115889542779536,332.414667270258,328.50430058850156,198.14712539610682,80.47849705749208,10
327,Lauri Markkanen,Utah Jazz,PF,214,339,66,168,394.1,53,56,956.7,29,80,349.0,21,50,71,25,14,10,17,5,-55,310,285,239,96,358.0111111111111,129.0,46.67777777777778,34.94444444444444,696.4,534.5444444444444,499.80000000000007,195.74444444444444,10
328,LeBron James,Los Angeles Lakers,SF,265,364,97,177,547.9,53,65,754.8,18,46,396.6,6,67,73,92,10,10,39,4,42,430,338,357,165,402.6,80.2,28.225000000000005,4.356250000000001,378.625,299.59999999999997,517.3249999999999,72.725,10
329,Leaky Black,Charlotte Hornets,F,27,151,8,25,232.1,7,10,275.0,4,10,150.0,5,21,26,13,12,2,3,2,-31,66,53,40,39,88.0,30.96,8.41,8.25,118.49000000000001,84.96000000000001,110.40999999999998,50.49,9
330,Leonard Miller,Minnesota Timberwolves,F,0,5,0,1,0.0,0,0,0.0,0,0,0.0,0,0,0,2,0,0,0,0,8,2,0,2,2,0.04938271604938271,0.308641975308642,0.44444444444444453,0.0,0.01234567901234569,0.6049382716049383,0.19753086419753085,0.01234567901234569,1
331,Lester Quinones,Golden State Warriors,G,58,162,20,53,357.0,9,13,325.0,9,31,250.0,8,18,26,11,17,2,5,0,-34,95,84,69,37,204.48491155046827,20.05202913631634,14.900104058272634,10.937565036420395,274.90426638917796,306.684703433923,189.8782518210198,17.778355879292402,10
332,Lindy Waters III,Oklahoma City Thunder,F,35,78,12,30,373.3,1,1,100.0,10,23,316.6,3,15,18,4,7,1,3,2,-38,57,53,39,22,113.12960760998811,32.284185493460164,4.3115338882283,12.84304399524376,229.88941736028536,197.07609988109394,132.02615933412602,50.512485136741965,9
333,Lonnie Walker IV,Brooklyn Nets,G,62,155,24,70,333.8,3,4,150.0,11,41,155.7,1,18,19,5,11,1,7,3,-4,86,81,67,24,536.9705749207787,20.949298325033954,3.3250339520144867,30.961973743775467,762.6346763241286,708.8397464916251,582.168854685378,32.870982344952466,10
334,Luguentz Dort,Oklahoma City Thunder,G,103,283,34,74,471.5,16,16,700.0,19,49,410.1,8,25,33,17,31,7,11,1,59,153,136,120,50,131.26736111111111,38.10069444444444,16.12934027777778,10.921006944444443,193.73350694444446,127.625,191.56684027777777,60.0390625,10
335,Luka Doncic,Dallas Mavericks,PG,307,372,105,238,443.9,58,72,817.5,39,111,344.0,11,87,98,101,21,15,42,3,83,506,405,408,199,503.0,60.18496484586263,132.97404002163333,31.915089237425633,615.4916170903191,667.6965927528394,410.8112493239589,233.14277988101676,10
336,Luka Garza,Minnesota Timberwolves,C,45,61,16,35,240.8,6,8,200.0,7,20,233.3,8,6,14,1,8,2,3,1,-7,60,59,46,15,15.927685950413224,17.123966942148762,0.919421487603306,1.2334710743801653,60.528925619834716,56.63842975206611,19.024793388429746,18.836776859504134,5
337,Luka Samanic,Utah Jazz,F,42,107,13,39,288.8,12,14,450.0,4,19,178.3,5,19,24,5,9,1,5,4,-42,71,66,47,29,126.09073724007563,57.6578449905482,5.0037807183364835,2.525519848771266,380.0604914933838,329.0945179584121,159.18903591682417,80.52930056710775,9
338,Luke Kennard,Memphis Grizzlies,SG,124,269,39,78,499.6,18,20,571.4,28,59,476.40000000000003,2,23,25,40,10,8,18,0,-65,189,149,164,65,418.7712665406427,7.29867674858223,89.46313799621927,24.192816635160682,601.7599243856333,437.31758034026467,557.0359168241965,122.93950850661625,10
339,Luke Kornet,Boston Celtics,C,67,196,28,42,628.4,11,12,350.0,0,0,0.0,25,28,53,18,11,3,3,12,69,138,120,85,71,241.6857760951866,176.28826392644672,42.43158464034613,0.0,807.3304488912926,632.4607896160087,336.56408869659276,298.7111952406707,10
340,M. Pereira,Memphis Grizzlies,F,7,25,3,9,100.0,0,1,0.0,1,4,50.0,3,5,8,0,2,2,1,0,5,15,15,7,8,13.566326530612246,12.954081632653061,0.0,0.7091836734693877,40.20408163265306,40.20408163265306,13.566326530612246,12.954081632653061,3
341,Malachi Flynn,Detroit Pistons,PG,76,149,27,68,361.7,9,13,341.7,13,34,357.9,4,15,19,18,7,8,8,1,-51,113,95,94,37,284.9221453287198,17.53979238754325,19.870242214532873,9.387543252595155,575.4290657439446,428.5,407.840830449827,61.4204152249135,10
342,Malaki Branham,San Antonio Spurs,G,80,189,28,80,310.5,14,16,341.7,10,35,216.6,5,11,16,17,11,3,12,1,-65,113,96,97,33,551.1640625,21.27517361111111,18.150173611111114,26.212673611111107,790.4835069444446,645.1111111111111,692.5173611111111,43.44444444444444,10
343,Malcolm Brogdon,Portland Trail Blazers,PG,102,218,37,83,266.20000000000005,17,19,433.3,11,30,202.89999999999998,7,22,29,40,13,4,17,2,4,171,131,142,69,100.0,28.833333333333336,7.333333333333334,6.833333333333334,113.5,66.83333333333334,151.33333333333331,31.5,6
344,Malik Beasley,Milwaukee Bucks,SG,116,309,42,109,384.6,5,5,200.0,27,82,320.4,4,33,37,12,19,7,8,2,-2,165,153,128,49,295.09504132231405,18.107438016528924,9.607438016528926,22.74793388429752,317.5123966942149,310.94628099173553,314.44628099173553,14.929752066115702,10
345,Malik Monk,Sacramento Kings,SG,157,272,57,138,394.0,31,33,730.0,12,58,166.1,6,27,33,44,31,6,17,2,13,234,190,201,77,642.5301783264746,24.116598079561044,14.92729766803841,11.830589849108367,857.9705075445817,808.2777777777777,678.8100137174212,52.45679012345679,10
346,MarJon Beauchamp,Milwaukee Bucks,F,30,42,10,16,350.0,7,8,175.0,3,7,200.0,2,9,11,1,4,1,3,0,-17,42,41,31,12,64.50666666666666,13.240000000000002,0.8933333333333334,2.0400000000000005,123.75999999999999,112.33333333333331,72.36000000000001,17.706666666666667,6
347,Marcus Morris Sr.,Cleveland Cavaliers,SF,39,91,14,32,224.7,4,6,200.0,7,16,250.0,1,14,15,6,6,1,5,1,-24,60,54,45,21,90.0,29.352,6.808,9.232,184.19199999999998,199.512,76.88799999999999,33.952,5
348,Marcus Morris Sr.,Philadelphia 76ers,SF,40,98,16,38,166.7,4,4,200.0,4,13,103.3,0,14,14,3,5,2,6,1,-21,57,54,43,17,93.84,5.0016,3.4223999999999997,2.4096,130.5136,114.61760000000001,108.6704,9.4896,4
349,Marcus Sasser,Detroit Pistons,G,89,247,32,83,404.7,11,12,190.0,14,40,399.59999999999997,1,25,26,39,17,6,19,1,-69,154,115,128,65,323.79286100594913,19.21146565711195,45.8566792861006,6.4954029204975665,459.44943212547327,343.0086533261222,450.31368307193077,54.988101676581934,10
350,Markelle Fultz,Orlando Magic,PG,61,170,27,62,408.6,7,8,183.3,0,2,0.0,10,17,27,20,14,6,9,2,37,108,88,81,47,177.47067901234567,50.35956790123458,27.734567901234566,0.007716049382716049,314.44444444444446,283.6604938271605,212.28549382716048,74.06327160493828,10
351,Markieff Morris,Dallas Mavericks,PF,5,11,2,3,150.0,0,0,0.0,1,2,50.0,0,2,2,0,0,0,0,0,4,7,7,5,2,0.7222222222222223,2.2222222222222223,0.2222222222222222,0.7222222222222223,4.722222222222222,4.5,1.3888888888888884,2.0,2
352,Marques Bolden,Charlotte Hornets,C,0,13,0,1,0.0,0,0,0.0,0,0,0.0,0,1,1,0,1,0,1,0,2,1,1,0,1,0.0,0.7551020408163267,0.0,0.0,0.7551020408163267,0.7551020408163267,0.0,0.7551020408163267,2
353,Marvin Bagley III,Washington Wizards,PF,131,252,57,100,563.0,13,17,583.3,4,9,300.0,39,43,82,14,9,6,9,10,-26,227,213,145,96,275.32514177693764,106.86200378071834,16.366729678638944,2.4272211720226844,304.55009451795837,295.1247637051039,258.7920604914934,149.18714555765595,10
354,Mason Jones,Sacramento Kings,G,7,18,2,6,66.7,1,2,50.0,2,5,66.7,1,4,5,5,0,1,1,0,3,17,12,12,10,13.888888888888888,5.0,5.0,2.2222222222222223,0.5555555555555551,2.222222222222222,2.222222222222222,20.0,2
355,Mason Plumlee,LA Clippers,C,51,113,16,27,586.6,19,25,500.0,0,0,0.0,12,33,45,9,15,3,10,5,-17,105,96,60,54,55.85850694444444,105.21267361111113,8.921006944444445,0.0,206.65017361111114,211.40625,55.625,109.6111111111111,10
356,Matisse Thybulle,Portland Trail Blazers,SG,75,232,28,57,448.9,6,9,250.0,13,32,368.3,8,23,31,21,15,19,12,8,-28,127,106,96,52,295.0863177226814,36.25436179981635,21.694214876033058,10.827364554637281,627.8760330578513,473.1404958677686,423.188246097337,84.5821854912764,10
357,Matt Ryan,New Orleans Pelicans,F,28,60,10,24,233.3,0,0,0.0,8,19,194.4,1,8,9,2,6,0,2,0,-2,39,37,30,11,171.16897506925207,16.04432132963989,1.5567867036011078,16.01108033240997,284.05540166204986,277.57340720221606,178.33240997229913,16.9196675900277,7
358,Matthew Hurt,Memphis Grizzlies,F,32,110,12,33,215.9,3,3,200.0,5,19,233.4,9,7,16,4,8,3,2,3,-7,52,48,36,20,165.98079561042525,35.49519890260631,4.968449931412894,5.388203017832648,365.6680384087792,301.45679012345676,216.44444444444446,54.21124828532237,7
359,Max Christie,Los Angeles Lakers,G,32,108,12,24,569.4,2,3,150.0,6,12,350.0,1,14,15,5,3,0,4,0,-2,52,47,37,20,78.81990265008113,6.804218496484586,2.6636019469983774,4.4954029204975665,127.16495402920499,109.60356949702542,94.93510005408329,10.914007571660358,10
360,Max Strus,Cleveland Cavaliers,SG,118,312,42,93,422.4,12,15,316.7,22,62,318.5,11,20,31,48,25,6,16,4,-32,197,149,166,79,284.77562326869804,32.988919667590025,26.775623268698062,31.81717451523546,400.2908587257617,331.86426592797784,377.1024930747922,35.86426592797784,10
361,Maxi Kleber,Dallas Mavericks,PF,22,168,7,21,275.0,4,6,200.0,4,16,216.7,3,23,26,13,17,6,2,5,63,61,48,35,39,77.91604938271605,34.404938271604934,17.977777777777778,5.234567901234568,152.07160493827158,100.64197530864197,136.7530864197531,44.9753086419753,10
362,Maxwell Lewis,Los Angeles Lakers,F,0,5,0,1,0.0,0,0,0.0,0,1,0.0,0,0,0,2,0,0,0,0,-3,2,0,2,2,0.05536332179930796,0.0,1.9930795847750862,0.0,1.384083044982699,0.05536332179930796,1.384083044982699,1.9930795847750862,1
363,Micah Potter,Utah Jazz,C,26,80,9,14,300.0,3,3,200.0,5,9,250.0,4,10,14,2,4,0,2,1,-4,42,40,28,16,96.04280618311533,3.5624256837098693,1.3365041617122475,5.199762187871581,103.7669441141498,90.75148632580262,108.33769322235433,5.619500594530322,6
364,Michael Porter Jr.,Denver Nuggets,SF,185,305,71,124,561.2,15,18,580.0,28,60,460.4,14,46,60,16,15,6,11,4,62,261,245,201,76,476.6912630149389,53.866908103214115,12.414667270258036,15.611588954277954,577.7840651878678,624.6767768220915,419.21186057039387,76.86826618379357,10
365,Mikal Bridges,Brooklyn Nets,SF,165,357,55,139,383.4,21,27,585.7,34,83,416.4,10,31,41,38,12,10,25,1,-65,244,206,203,79,276.884,41.476,34.0,22.464000000000002,315.82399999999996,323.504,275.764,68.916,10
366,Mike Conley,Minnesota Timberwolves,PG,142,295,50,108,444.4,21,24,596.7,21,58,326.2,9,19,28,47,17,15,11,2,5,217,170,189,75,512.8090737240076,23.62287334593573,32.208884688090734,31.158790170132324,519.3440453686201,488.54158790170135,544.7117202268431,54.731568998109644,10
367,Mike Muscala,Oklahoma City Thunder,C,26,127,9,35,234.2,1,2,50.0,7,25,250.0,5,15,20,6,8,2,1,2,24,52,46,32,26,107.90426638917795,22.655567117585846,7.8002081165452655,11.778355879292402,243.91050988553587,208.26638917793966,129.82310093652447,44.181061394380855,10
368,Miles Bridges,Charlotte Hornets,SF,201,386,82,184,441.7,21,33,429.7,16,64,236.7,14,58,72,36,16,8,22,4,-107,309,273,237,108,557.2674858223062,77.8875236294896,30.400756143667298,18.77126654064272,883.9413988657845,838.9962192816636,580.5831758034026,129.91776937618147,10
369,Miles McBride,New York Knicks,PG,123,320,44,92,422.2,12,13,483.3,23,55,341.0,8,14,22,26,27,9,5,2,38,171,145,149,48,816.884,18.0,64.0,48.164,1019.604,866.564,957.9240000000001,94.0,10
370,Mo Bamba,Philadelphia 76ers,C,57,210,21,40,526.3,6,9,175.0,9,22,390.0,13,38,51,10,27,8,8,12,-39,118,108,67,61,70.14535610162433,46.264473136193246,18.59975010412328,4.918367346938775,190.591420241566,122.51228654727197,128.4152436484798,74.6734693877551,10
371,Monte Morris,Minnesota Timberwolves,PG,52,156,20,47,533.6,2,4,150.0,10,20,400.0,2,9,11,28,3,6,2,1,12,91,63,80,39,49.8469387755102,12.903628117913833,43.35600907029478,6.022675736961451,159.48979591836735,78.41043083900227,110.6859410430839,76.5,10
372,Moritz Wagner,Orlando Magic,C,94,149,36,56,613.8,16,18,660.0,6,16,316.6,7,28,35,11,13,1,13,2,30,140,129,105,46,229.56122448979593,46.043083900226755,6.927437641723356,4.458049886621315,376.5,376.9988662131519,216.68594104308391,65.34693877551021,10
373,Moses Brown,Portland Trail Blazers,C,27,67,11,22,333.3,5,16,120.8,0,0,0.0,11,11,22,4,9,0,4,3,-8,53,49,31,26,62.86111111111111,20.9375,5.715277777777778,0.0,143.77777777777777,114.0486111111111,81.71527777777777,37.52777777777777,7
374,Moses Moody,Golden State Warriors,SG,80,172,32,70,488.2,8,10,233.3,8,29,268.3,11,21,32,5,14,8,7,7,3,117,112,85,37,237.16727538349156,90.15485756026297,2.501826150474799,9.60262965668371,525.0657414170928,523.5894813732651,247.01168736303873,84.28853177501827,10
375,Mouhamadou Gueye,Toronto Raptors,F,9,38,4,13,183.3,1,4,25.0,0,1,0.0,4,2,6,0,3,1,3,4,-32,15,15,9,6,2.111111111111111,6.493827160493828,0.0,0.0,12.456790123456791,12.456790123456791,2.111111111111111,6.493827160493828,4
376,Moussa Diabate,LA Clippers,F,2,7,1,1,100.0,0,2,0.0,0,0,0.0,1,3,4,0,0,1,0,1,1,6,6,2,4,0.0,0.0,0.0,0.0,0.0,0.0,0.0,0.0,1
377,Myles Turner,Indiana Pacers,C,162,271,60,117,498.0,21,33,528.4,21,44,424.2,10,52,62,14,31,3,12,26,28,238,224,176,76,443.48392937980987,44.847442281575375,18.435491172476233,26.83974649162517,455.7971933001358,460.4653689452241,480.8365776369398,21.262109551833408,10
378,Naji Marshall,New Orleans Pelicans,SF,94,206,38,72,522.8,3,3,200.0,15,33,492.1,4,41,45,19,11,10,7,1,69,158,139,113,64,228.96126613910872,46.95918367346939,7.0,20.083715118700542,361.72511453561015,372.3577675968346,207.75718450645564,64.53061224489797,10
379,Nassir Little,Phoenix Suns,SF,11,56,4,14,183.3,0,0,0.0,3,9,200.0,0,10,10,4,7,0,1,2,-10,25,21,15,14,12.63265306122449,16.007653061224488,4.204081632653062,1.7755102040816326,40.079081632653065,35.875,14.673469387755103,22.375,6
380,Nate Hinton,Houston Rockets,G,12,22,4,7,110.0,2,3,66.7,2,3,66.7,1,5,6,3,4,1,1,2,10,21,18,15,9,48.05555555555556,6.722222222222221,1.3888888888888884,2.5,97.38888888888886,75.55555555555557,65.0,13.0,2
381,Nathan Mensah,Charlotte Hornets,C,4,59,2,5,66.7,0,0,0.0,0,0,0.0,4,6,10,1,13,2,1,4,-17,15,14,5,11,13.75,9.9375,0.859375,0.0,41.359375,44.4375,13.484375,7.984375,7
382,Naz Reid,Minnesota Timberwolves,C,170,273,60,125,478.9,18,25,459.2,32,66,437.5,10,60,70,20,22,7,17,15,6,260,240,190,90,770.5919421487604,113.28925619834712,24.418388429752067,56.776859504132226,904.5,822.6911157024794,835.4256198347108,154.68285123966942,10
383,Neemias Queta,Boston Celtics,C,39,80,19,26,443.4,1,2,100.0,0,0,0.0,12,17,29,4,8,3,4,6,63,72,68,43,33,78.9375,55.24609375,2.12109375,0.0,228.734375,238.96484375,76.33984375,49.734375,7
384,Nic Claxton,Brooklyn Nets,C,119,305,50,76,672.3,19,30,571.4,0,1,0.0,28,71,99,24,26,7,13,14,-46,242,218,143,123,221.256,95.0,15.424,0.0,303.264,319.37600000000003,231.704,83.864,10
385,Nick Jr. Smith,Charlotte Hornets,G,53,164,17,59,301.1,8,9,187.5,11,32,275.0,2,10,12,17,19,4,5,0,8,82,65,70,29,251.401384083045,12.991349480968857,24.847750865051903,16.453287197231834,357.8910034602076,271.1297577854671,312.06920415224914,63.93252595155708,10
386,Nick Richards,Charlotte Hornets,C,85,293,35,56,611.1,15,19,450.0,0,0,0.0,26,71,97,8,25,5,13,8,-36,190,182,93,105,201.04444444444442,206.87160493827162,9.723456790123459,0.0,479.59999999999997,496.2123456790123,204.24938271604938,196.77777777777777,10
387,Nickeil Alexander-Walker,Minnesota Timberwolves,SG,106,275,38,79,441.2,11,12,383.3,19,44,368.3,8,19,27,23,18,9,8,4,49,156,133,129,50,584.929612661391,40.38692211578508,24.73011245314452,29.509787588504793,805.5510204081634,720.0653894210744,629.4656393169513,106.06663890045814,10
388,Nicolas Batum,Philadelphia 76ers,PF,35,275,13,43,249.6,4,5,150.0,5,27,158.3,14,35,49,17,17,10,9,6,-3,101,84,52,66,139.52728468113082,49.86259040105194,24.668639053254434,4.8698224852071,293.4207758053912,220.40105193951348,177.6673241288626,109.41091387245234,10
389,Nikola Jokic,Denver Nuggets,C,271,369,106,183,587.1,49,57,856.2,10,22,248.7,30,94,124,75,18,16,30,7,93,470,395,346,199,532.9036281179139,126.78117913832199,92.13832199546485,18.022675736961453,917.8321995464853,728.9591836734694,712.1961451247165,228.5,10
390,Nikola Jovic,Miami Heat,F,82,222,30,69,439.1,7,9,300.0,15,43,350.2,3,36,39,18,18,7,10,4,26,139,121,100,57,96.24793388429752,72.05785123966942,19.248852157943066,11.512396694214875,320.4637281910009,233.04958677685948,138.2295684113866,136.7392102846648,10
391,Nikola Vucevic,Chicago Bulls,C,189,341,81,153,538.5,15,19,525.0,12,38,278.3,24,76,100,33,21,5,21,8,-50,322,289,222,133,534.7777777777778,164.15625,32.27777777777778,9.6015625,747.40625,744.0173611111111,552.5,182.10069444444446,10
392,Noah Clowney,Brooklyn Nets,F,20,76,8,18,132.9,0,2,0.0,2,9,58.3,5,12,17,6,2,3,2,1,10,43,37,26,23,68.63368055555557,22.805555555555557,5.550347222222222,1.203125,152.13888888888889,161.42534722222223,63.0,24.703125,5
393,Norman Powell,LA Clippers,G,172,286,59,117,498.3,28,33,725.0,26,66,428.6,4,25,29,11,23,8,11,2,-20,212,201,183,40,364.764542936288,34.29639889196676,11.022160664819944,18.632963988919666,441.4958448753462,478.03601108033246,320.85041551246536,52.69252077562327,10
394,O.G. Anunoby,New York Knicks,SF,83,194,33,70,262.7,9,14,243.3,8,28,138.3,3,24,27,12,12,16,13,5,107,122,110,95,39,431.93491124260356,55.0,6.0,8.757396449704142,260.7810650887574,260.7810650887574,441.9349112426035,51.0,6
395,Obi Toppin,Indiana Pacers,PF,80,188,32,55,558.1,7,9,350.0,9,24,343.3,10,33,43,12,15,5,6,4,26,135,123,92,55,164.4,37.864,13.604000000000001,9.576,288.90000000000003,304.584,148.084,52.10000000000001,10
396,Ochai Agbaji,Toronto Raptors,G,83,291,35,85,372.3,7,14,275.0,6,28,178.3,20,23,43,17,23,12,12,5,-102,143,126,100,60,157.14152892561984,66.15289256198346,26.596074380165287,4.56198347107438,405.92148760330576,341.9638429752066,196.97520661157023,116.87293388429752,10
397,Olivier Sarr,Oklahoma City Thunder,C,11,22,4,7,125.0,3,5,116.7,0,1,0.0,4,4,8,0,3,0,1,1,-14,19,19,11,8,34.92,6.920000000000002,0.0,0.0,59.68000000000001,59.68000000000001,34.92,6.920000000000002,3
398,OlivierMaxence Prosper,Dallas Mavericks,F,10,36,3,6,150.0,4,7,57.1,0,2,0.0,2,6,8,0,1,1,1,1,-14,18,18,10,8,30.560000000000002,15.111111111111114,0.0,0.0,87.80444444444444,87.80444444444444,30.560000000000002,15.111111111111114,4
399,Omer Yurtseven,Utah Jazz,C,43,86,19,28,326.1,4,7,200.0,1,3,50.0,12,15,27,5,10,1,3,6,-14,75,70,48,32,148.5243757431629,26.63139120095125,9.722948870392392,0.8430439952437575,275.2425683709869,220.66111771700358,191.81212841854935,47.648038049940546,6
400,Onuralp Bitim,Chicago Bulls,SF,50,153,22,45,454.4,0,0,0.0,6,21,166.7,5,12,17,9,14,2,3,1,-38,76,67,59,26,251.73611111111111,50.84104938271605,4.902777777777778,6.84567901234568,488.7114197530863,456.67901234567904,270.27777777777777,69.23456790123456,10
401,Onyeka Okongwu,Atlanta Hawks,PF,147,296,61,89,703.8000000000001,16,22,492.9,9,19,466.6,32,44,76,11,28,7,5,15,4,234,223,158,87,308.4240362811791,185.95918367346937,9.244897959183675,5.6893424036281175,807.5192743764171,822.7913832199548,307.3560090702948,181.0,10
402,Orlando Robinson,Miami Heat,C,13,59,4,11,108.3,4,5,175.0,1,2,100.0,8,9,17,5,4,1,3,0,4,35,30,18,22,50.411242603550306,21.5,3.0,0.834319526627219,81.75739644970413,70.44970414201184,66.71893491124261,19.5,6
403,Oscar Tshiebwe,Indiana Pacers,C,3,5,1,3,33.3,1,2,50.0,0,0,0.0,2,0,2,0,1,0,0,1,8,5,5,3,2,0.25,0.0,0.0,0.0,0.25,0.25,0.25,0.0,1
404,Oshae Brissett,Boston Celtics,SF,46,179,15,33,477.2,12,23,288.3,4,12,283.3,16,24,40,15,13,3,4,2,61,101,86,61,55,110.63905325443787,61.31360946745561,22.13083497698882,2.4023668639053257,329.8744247205786,232.89940828402365,191.7087442472058,99.34976988823144,10
405,Ousmane Dieng,Oklahoma City Thunder,F,28,90,10,25,324.4,4,4,200.0,4,14,220.0,1,7,8,14,3,3,6,3,16,50,36,42,22,122.49704142011836,6.0,21.124260355029588,4.295857988165681,242.1183431952663,164.49704142011836,196.11834319526628,31.124260355029584,8
406,P.J. Tucker,LA Clippers,PF,19,147,7,19,183.3,0,0,0.0,5,12,283.4,7,21,28,4,12,4,4,4,-22,51,47,23,32,63.49382716049383,39.67901234567901,4.234567901234568,4.530864197530864,169.1604938271605,130.33333333333334,85.01234567901236,61.222222222222214,9
407,P.J. Washington,Dallas Mavericks,PF,89,316,34,93,384.2,9,16,300.0,12,50,240.0,13,53,66,11,19,10,5,9,75,166,155,100,77,171.56944444444443,100.46267361111111,8.0390625,13.90625,336.5,286.9140625,189.42100694444443,140.23611111111111,10
408,Paolo Banchero,Orlando Magic,PF,211,350,79,158,557.2,37,48,653.9,16,41,483.0,6,55,61,63,21,7,34,7,34,335,272,274,124,178.125,71.40625,82.2,8.625,412.3062499999999,317.15625,247.42500000000004,179.45624999999998,10
409,Pascal Siakam,Indiana Pacers,PF,243,319,99,179,556.2,39,58,646.8,6,19,216.6,23,71,94,31,21,10,14,4,66,368,337,274,125,339.464,128.404,23.523999999999997,5.076,507.66400000000004,457.7,340.5,200.856,10
410,Pat Connaughton,Milwaukee Bucks,SG,70,232,25,54,451.8,8,9,450.0,12,34,376.0,7,22,29,26,9,2,6,2,7,125,99,96,55,193.7361111111111,29.3515625,63.2265625,12.65625,283.56944444444446,311.69184027777777,181.1918402777778,77.0,10
411,Patrick Baldwin Jr.,Washington Wizards,F,44,158,16,50,325.9,5,7,260.0,7,30,171.9,5,34,39,13,11,8,7,7,-39,96,83,57,52,134.77975016436554,59.44444444444445,18.103221564760027,6.14792899408284,316.3905325443787,211.9335963182117,194.55292570677187,122.23142669296516,10
412,Patrick Beverley,Milwaukee Bucks,PG,44,212,13,45,231.7,10,13,483.4,8,26,242.89999999999998,3,26,29,18,22,9,7,8,-9,91,73,62,47,140.79999999999998,63.34567901234568,33.94567901234567,9.619753086419752,340.99999999999994,281.87901234567903,191.01234567901236,106.19999999999999,10
413,Patrick Williams,Chicago Bulls,PF,6,24,2,9,22.2,2,2,100.0,0,5,0.0,0,6,6,2,5,0,2,2,-11,14,12,8,8,0.0,0.0,0.0,0.0,0.0,0.0,0.0,0.0,1
414,Patty Mills,Miami Heat,PG,52,168,20,65,273.6,4,4,200.0,8,42,172.5,4,10,14,18,13,8,7,0,37,84,66,70,32,188.8020452885318,8.64572680788897,17.60262965668371,9.918188458729,246.83710737764792,228.5084002921841,203.4799123447772,29.899196493791088,10
415,Paul George,LA Clippers,F,247,356,89,160,566.9,34,35,680.0,35,75,477.1,2,43,45,39,23,16,20,12,39,331,292,286,84,148.26566705113413,28.547097270280663,64.57939254133026,14.716262975778546,302.3510188389081,182.17916186082277,258.0,103.56401384083046,10
416,Paul Reed,Philadelphia 76ers,SF,88,237,34,73,475.2,15,20,600.0,5,14,200.0,32,43,75,15,25,13,12,16,10,178,163,103,90,231.751512993948,23.590245639017443,10.543609825560697,6.8924884300462805,375.77216091135637,371.99537201851194,228.96440014239943,40.69775720897116,10
417,Payton Pritchard,Boston Celtics,PG,140,301,54,112,481.3,7,9,300.0,25,60,453.0,9,29,38,58,12,4,9,0,101,236,178,198,96,318.65625,41.587673611111114,150.54600694444443,22.608506944444443,781.7361111111112,360.2751736111111,688.4835069444445,243.7673611111111,10
418,Peyton Watson,Denver Nuggets,F,68,184,28,65,413.4,9,13,400.0,3,18,225.0,6,34,40,8,21,5,6,10,21,116,108,76,48,133.77517361111111,46.10069444444446,7.736111111111112,2.1293402777777777,301.92100694444446,260.1640625,162.6015625,66.76736111111111,10
419,Precious Achiuwa,New York Knicks,PF,81,243,33,61,531.7,11,19,425.0,4,10,183.3,26,56,82,19,18,8,14,15,20,182,163,100,101,247.816,150.276,17.043999999999997,4.499999999999999,614.064,586.5,280.356,162.344,10
420,Quentin Grimes,Detroit Pistons,SG,82,213,26,80,296.2,19,24,525.0,11,50,200.0,2,27,29,19,13,7,9,4,-12,130,111,101,48,312.44628099173553,35.19834710743802,14.900826446280991,10.900826446280991,442.06611570247935,483.0495867768595,277.6942148760331,43.86776859504132,10
421,R. Rupert,Portland Trail Blazers,G,45,177,16,36,435.6,6,7,350.0,7,17,200.0,6,20,26,17,19,2,9,1,-3,88,71,62,43,165.56975894813735,32.31701972242513,24.16143170197224,14.967859751643537,313.054784514244,320.73849525200876,163.59970781592403,50.764791818845865,10
422,RJ Barrett,Toronto Raptors,SG,208,328,85,152,559.5,20,43,406.1,18,37,425.0,9,42,51,46,22,5,28,4,-39,305,259,254,97,255.64444444444445,58.24444444444445,50.577777777777776,15.777777777777777,454.77777777777777,307.8,398.8,112.64444444444445,10
423,Reggie Bullock,Houston Rockets,SF,32,135,11,24,533.2,0,0,0.0,10,22,549.9,3,27,30,2,7,5,2,1,17,64,62,34,32,28.944444444444443,48.49382716049383,1.625,4.123456790123457,110.4891975308642,117.80864197530865,23.402777777777775,48.34104938271605,10
424,Reggie Jackson,Denver Nuggets,PG,87,164,31,75,390.3,15,18,272.7,10,27,368.4,2,7,9,34,10,4,13,2,47,130,96,121,43,344.23611111111114,8.125,51.48350694444445,6.2126736111111125,453.1640625,306.94444444444446,479.3515625,70.71267361111111,10
425,Richaun Holmes,Washington Wizards,F,90,236,36,64,549.7,18,21,591.7,0,2,0.0,32,52,84,9,31,7,8,9,3,183,174,99,93,253.71683521713265,258.720999405116,6.990481856038072,0.005948839976204641,891.1963117192148,826.232004759072,286.14574657941705,298.24687685901245,10
426,Ricky IV Council,Philadelphia 76ers,G,64,102,21,46,431.6,18,24,533.3,4,15,158.3,2,12,14,7,5,0,3,1,-9,85,78,71,21,265.34444444444443,20.5,6.111111111111112,5.3,472.6,398.3111111111111,329.3,36.94444444444444,10
427,Robin Lopez,Milwaukee Bucks,C,6,23,3,9,37.5,0,0,0.0,0,2,0.0,1,0,1,1,3,1,0,2,-16,8,7,7,2,21.92,0.52,0.6800000000000002,0.0,24.48,29.0,18.28,0.32000000000000006,2
428,Royce O'Neale,Phoenix Suns,PF,68,225,27,63,453.8,0,0,0.0,14,43,375.1,6,40,46,24,13,3,8,4,24,138,114,92,70,314.6938775510204,18.640566430653895,33.41357767596835,23.538525614327362,382.3773427738442,373.8883798417327,292.97042898792165,82.26655560183256,10
429,Rudy Gobert,Minnesota Timberwolves,C,133,371,54,85,636.7,25,37,605.0,0,1,0.0,42,100,142,14,35,7,18,25,24,289,275,147,156,297.369140625,82.90625,12.40625,0.0,433.494140625,460.978515625,257.197265625,108.0,10
430,Rui Hachimura,Los Angeles Lakers,PF,153,302,64,114,557.1,12,16,433.3,13,35,345.0,8,38,46,13,17,2,7,3,-4,212,199,166,59,341.363965595292,126.60932548664553,6.328202806699864,10.119963784517882,400.9569941149841,436.273879583522,312.08420099592576,126.90040742417384,10
431,Russell Westbrook,LA Clippers,PG,94,208,36,98,379.9,18,24,556.7,4,26,95.0,10,16,26,33,17,11,14,0,-9,153,120,127,59,214.625,24.625,50.49999999999999,4.5,473.0000000000001,334.5,312.325,115.92499999999998,10
432,Ryan Arcidiacono,New York Knicks,G,0,5,0,1,0.0,0,0,0.0,0,1,0.0,0,0,0,0,1,1,0,0,3,0,0,0,0,0.0,0.0625,0.0,0.0,0.0625,0.0625,0.0,0.0625,1
433,Saben Lee,Phoenix Suns,G,35,98,9,28,194.29999999999998,15,20,416.7,2,9,83.3,3,15,18,17,6,4,2,0,11,70,53,52,35,190.68,24.479999999999997,5.720000000000001,1.5200000000000005,336.32,336.0,189.68,31.519999999999996,8
434,Saddiq Bey,Atlanta Hawks,SF,146,337,48,125,372.4,31,35,800.0,19,59,298.4,29,32,61,14,7,4,10,4,-23,221,207,160,75,398.90000000000003,67.125,9.625,14.9,439.4000000000001,478.32500000000005,362.225,74.5,10
435,Sam Hauser,Boston Celtics,SF,131,237,46,91,496.3,0,0,0.0,39,78,482.20000000000005,4,34,38,9,8,11,2,7,85,178,169,140,47,760.70625,31.65625,4.956250000000001,78.95625,934.90625,913.4,774.5,44.325,10
436,Sam Merrill,Cleveland Cavaliers,SG,86,244,26,74,341.3,9,9,500.0,25,71,339.9,3,20,23,28,13,2,5,3,10,137,109,114,51,186.69387755102042,48.12203248646397,81.65431070387338,22.509371095376927,363.89462723865057,299.05497709287795,254.9312786339025,126.37859225322782,10
437,Samardo Samuels,Houston Rockets,F,0,6,0,1,0.0,0,0,0.0,0,0,0.0,1,1,2,0,0,0,0,0,-5,2,2,0,2,1.44,1.9599999999999997,0.0,0.0,0.03999999999999998,0.03999999999999998,1.44,1.9599999999999997,1
438,Sandro Mamukelashvili,San Antonio Spurs,PF,31,55,15,23,368.1,0,1,0.0,1,4,50.0,9,5,14,5,5,2,1,0,27,50,45,36,19,103.72853185595568,14.077562326869808,7.675900277008311,0.9584487534626039,181.28808864265926,151.73961218836564,119.0,36.03047091412743,7
439,Santi Aldama,Memphis Grizzlies,PF,137,333,50,105,484.3,15,22,550.0,22,58,347.0,12,58,70,31,11,10,10,16,-81,238,207,168,101,326.10018903591686,78.72211720226842,32.96124763705104,28.5,549.5283553875236,454.77693761814743,427.66824196597355,104.86672967863893,10
440,Sasha Vezenkov,Sacramento Kings,F,9,22,2,7,28.6,3,3,100.0,2,4,50.0,0,1,1,1,4,1,0,0,24,11,10,10,2,4.5,0.5,0.5,2.0,4.5,2.0,8.0,0.0,2
441,Scoot Henderson,Portland Trail Blazers,G,144,279,53,137,385.0,26,30,825.0,12,42,263.3,7,29,36,54,37,12,35,1,-86,234,180,198,90,352.69805341783615,42.446355817111815,48.414667270258036,8.017202354006338,714.2670891806247,452.71616115889543,566.9968311453147,138.11317338162064,10
442,Scottie Barnes,Toronto Raptors,SF,179,333,70,155,460.1,33,39,674.9,6,36,159.89999999999998,28,63,91,75,18,13,31,14,21,345,270,254,166,391.6640625,102.8515625,85.6640625,4.8515625,827.2890625,587.40625,576.65625,243.40625,10
443,Scotty Pippen Jr.,Memphis Grizzlies,G,125,252,42,83,488.7,23,34,490.4,18,33,605.0,10,25,35,51,28,14,25,5,-15,211,160,176,86,262.606648199446,21.060941828254848,42.628808864265935,7.6011080332409975,273.0,305.31301939058164,221.3240997229917,72.65927977839334,10
444,Seth Curry,Charlotte Hornets,SG,81,181,29,67,372.5,14,15,566.7,9,31,256.6,4,15,19,17,7,5,7,3,-33,117,100,98,36,233.0,12.900826446280993,16.140495867768593,4.900826446280991,334.3388429752066,276.08264462809916,269.8677685950413,50.429752066115704,10
445,Shai Gilgeous-Alexander,Oklahoma City Thunder,PG,268,342,98,195,502.5,58,73,786.8,14,47,267.6,8,46,54,55,22,18,25,7,72,377,322,323,109,558.6710069444445,69.35069444444444,36.4140625,18.421006944444443,827.0,679.0390625,705.9340277777778,106.46267361111111,10
446,Shake Milton,New York Knicks,SG,40,110,17,39,321.1,2,3,66.7,4,11,150.0,9,13,22,12,8,3,5,2,-21,74,62,52,34,147.0414201183432,82.03550295857987,17.431952662721894,8.29585798816568,526.189349112426,414.66272189349115,212.44970414201185,145.58579881656806,8
447,Simone Fontecchio,Detroit Pistons,F,158,307,55,116,455.5,19,21,616.7,29,65,413.2,8,41,49,16,20,10,13,5,5,223,207,174,65,506.0,36.90963139120095,14.430439952437576,30.11296076099881,589.4708680142687,547.3923900118907,538.8442330558859,60.574316290130795,10
448,Skylar Mays,Los Angeles Lakers,SG,8,34,4,10,170.0,0,0,0.0,0,3,0.0,0,1,1,3,2,3,2,1,-3,12,9,11,4,12.0,0.75,2.890625,0.0,7.640625,12.75,8.390625,2.140625,4
449,Spencer Dinwiddie,Los Angeles Lakers,PG,69,260,19,48,372.7,20,23,538.9,11,26,403.4,0,15,15,23,21,3,8,7,51,107,84,92,38,531.1234567901234,4.945679012345678,28.32345679012346,9.177777777777777,715.3456790123456,550.8,694.0,34.93827160493828,10
450,Stanley Umude,Detroit Pistons,G,49,150,16,39,260.4,8,9,366.7,9,25,243.3,5,16,21,3,15,4,4,2,-32,73,70,52,24,177.08,44.0,1.9200000000000002,10.88,278.68,272.78,180.88,48.02,8
451,Stephen Curry,Golden State Warriors,PG,218,294,76,184,412.4,25,27,555.0,41,115,358.4,10,38,48,42,8,2,19,1,31,308,266,260,90,885.2094960433153,86.77551020408164,25.841732611411906,43.2673885880883,1559.1120366513956,1333.4252394835485,1066.8496459808414,156.66389004581424,10
452,Svi Mykhailiuk,Boston Celtics,SG,52,135,18,43,560.4,1,1,100.0,15,37,413.3,2,15,17,14,2,4,2,0,77,83,69,66,31,54.714416896235086,26.441689623507806,13.177226813590451,8.777777777777779,207.99540863177228,139.0,108.2791551882461,55.0495867768595,10
453,T. Vukcevic,Washington Wizards,PF,6,9,2,5,40.0,0,0,0.0,2,4,50.0,0,3,3,0,2,0,1,0,-5,9,9,6,3,14.0625,1.5625,0.0,1.5625,25.0,25.0,14.0625,1.5625,1
454,T.J. McConnell,Indiana Pacers,PG,131,197,59,112,527.1,7,9,250.0,6,12,450.0,4,24,28,45,7,13,20,2,40,204,159,176,73,120.04119511090991,29.630602082390222,45.58035310095065,2.4798551380715255,350.43549117247625,232.86509732910818,236.4001810774106,76.42236306020824,10
455,T.J. Warren,Minnesota Timberwolves,SF,29,98,13,34,301.2,1,2,50.0,2,11,83.3,5,11,16,7,10,3,4,1,31,52,45,36,23,31.317500000000003,13.520000000000001,6.28,1.4299999999999997,32.2575,45.3175,13.9375,24.12,7
456,Taj Gibson,Detroit Pistons,F,3,11,1,2,50.0,0,0,0.0,1,2,50.0,0,2,2,0,1,1,0,0,-3,5,5,3,2,2.5600000000000005,0.03999999999999998,0.16000000000000003,0.36,1.9599999999999997,3.2399999999999993,1.44,0.04000000000000007,1
457,Taj Gibson,New York Knicks,F,2,68,0,9,0.0,2,2,100.0,0,2,0.0,4,6,10,4,8,1,3,0,2,16,12,6,14,8.2,10.200000000000001,1.6,0.8000000000000002,15.600000000000001,12.400000000000002,6.6000000000000005,16.599999999999998,5
458,Talen Horton-Tucker,Utah Jazz,SG,64,154,19,65,304.2,16,18,566.7,10,30,384.9,3,17,20,23,12,6,3,5,-48,107,84,87,43,48.12071330589849,52.87791495198902,31.444444444444446,2.0548696844993137,214.45404663923182,140.54046639231825,112.20713305898491,94.14951989026062,10
459,Taurean Prince,Los Angeles Lakers,PF,82,199,31,65,527.7,4,5,200.0,16,40,428.70000000000005,2,30,32,8,12,3,6,7,23,122,114,90,40,118.42831647828673,33.760856632956575,9.570493753718024,12.415229030339084,235.2587745389649,208.65913146936347,137.3539559785842,51.005353955978585,10
460,Taylor Hendricks,Utah Jazz,F,86,258,31,68,495.0,11,13,425.0,13,39,346.9,14,52,66,7,31,4,5,13,-94,159,152,93,73,100.98979591836735,116.07709750566893,2.209750566893424,6.1020408163265305,264.6326530612245,239.8560090702948,121.30839002267574,122.74489795918367,10
461,Taze Moore,Portland Trail Blazers,G,2,5,1,1,100.0,0,0,0.0,0,0,0.0,0,0,0,1,0,0,1,0,7,3,2,3,1,1.44,0.0,0.6400000000000001,0.0,4.0,1.44,4.0,0.6400000000000001,1
462,Terance Mann,LA Clippers,SG,105,267,37,74,515.3,16,17,650.0,15,33,553.5,6,18,24,9,19,9,4,4,-27,138,129,114,33,223.4,19.3,17.816,5.796000000000001,300.43600000000004,212.5,314.97600000000006,33.476,10
463,Terquavion Smith,Philadelphia 76ers,G,40,59,14,34,241.1,2,3,100.0,10,26,216.6,0,2,2,10,3,7,4,0,9,52,42,50,12,186.96296296296296,1.4074074074074074,17.185185185185183,17.185185185185183,177.40740740740742,184.66666666666663,179.62962962962965,18.666666666666668,6
464,Terry Rozier,Miami Heat,SG,165,334,67,161,418.0,16,19,472.7,15,52,259.59999999999997,6,43,49,34,18,9,12,3,-13,248,214,199,83,105.53827160493827,25.8,58.800000000000004,27.400000000000002,159.91604938271604,148.2716049382716,119.1827160493827,82.60000000000001,10
465,Terry Taylor,Chicago Bulls,F,11,46,4,8,275.0,1,2,50.0,2,3,150.0,2,10,12,3,1,1,0,0,-17,26,23,14,15,15.0,32.90359168241966,3.3969754253308126,1.6824196597353498,107.86011342155008,84.33837429111531,23.52741020793951,51.294896030245745,4
466,Thaddeus Young,Phoenix Suns,F,10,35,5,10,150.0,0,2,0.0,0,0,0.0,8,4,12,2,4,2,2,0,1,24,22,12,14,3.245867768595042,29.956611570247937,4.12396694214876,0.0,8.223140495867767,13.487603305785125,11.873966942148762,20.188016528925615,3
467,Thaddeus Young,Phoenix Suns,PF,53,152,26,34,569.9,1,5,50.0,0,2,0.0,15,20,35,18,15,3,4,2,-39,106,88,71,53,240.72520661157023,62.626033057851245,37.92561983471075,0.0,743.7933884297521,469.4710743801653,446.31198347107437,169.2871900826446,7
468,Thanasis Antetokounmpo,Milwaukee Bucks,SF,10,48,5,11,266.7,0,2,0.0,0,1,0.0,2,1,3,4,8,1,3,1,-18,17,13,14,7,15.09375,1.5,1.5,0.0,20.34375,18.59375,16.84375,3.0,6
469,Theo Maledon,Phoenix Suns,PG,5,10,1,2,50.0,3,3,100.0,0,0,0.0,0,1,1,0,3,0,3,0,-11,6,6,5,1,14.0625,0.5625,0.0,0.0,20.25,20.25,14.0625,0.5625,1
470,Thomas Bryant,Miami Heat,C,63,127,21,42,421.9,18,19,675.0,3,14,200.0,6,33,39,6,16,2,2,7,8,108,102,69,45,235.0,73.38934802571167,8.494031221303949,4.441689623507806,455.9669421487603,410.0863177226814,283.2516069788797,79.51239669421487,10
471,Tim Hardaway Jr.,Dallas Mavericks,SF,101,206,35,88,321.4,11,17,416.7,20,53,308.9,2,20,22,24,8,9,5,1,66,147,123,125,46,638.9001736111111,63.61111111111111,33.37934027777777,32.00434027777778,1160.1840277777778,936.1640625,847.4340277777777,112.4765625,10
472,Tobias Harris,Philadelphia 76ers,PF,155,343,64,149,402.7,17,24,593.3,10,40,225.0,11,63,74,25,13,11,15,5,-35,254,229,180,99,545.1224489795918,112.4,21.293877551020408,10.293877551020408,789.6326530612245,679.5224489795919,633.2326530612245,155.6938775510204,10
473,Torrey Craig,Chicago Bulls,SF,64,198,23,53,384.9,2,4,100.0,16,39,353.8,7,20,27,15,19,6,8,3,-65,106,91,79,42,175.97370343316288,29.0,8.808619430241052,16.737764791818847,346.5157048940833,320.5953250547845,205.8400292184076,33.8626734842951,10
474,Tosan Evbuomwan,Detroit Pistons,F,60,198,22,48,516.6,9,14,241.7,7,20,373.3,11,27,38,7,16,2,6,2,-103,105,98,67,45,201.4795918367347,141.60204081632654,10.5,6.173469387755103,503.84693877551024,452.7755102040816,199.69387755102042,204.9591836734694,10
475,Toumani Camara,Portland Trail Blazers,F,86,294,33,68,479.4,11,12,450.0,9,26,311.6,23,24,47,24,27,8,12,8,-28,157,133,110,71,261.78512396694214,70.14049586776859,32.30413223140496,4.907438016528926,657.2115702479339,528.7851239669421,360.36694214876036,132.28925619834712,10
476,Trae Young,Atlanta Hawks,PG,235,370,76,173,432.4,45,55,813.4,38,93,399.0,2,18,20,109,22,11,45,2,-38,364,255,344,129,758.2361111111111,12.069444444444445,83.0,45.06944444444444,786.5,622.5,926.4027777777778,90.90277777777777,10
477,Trayce JacksonDavis,Golden State Warriors,F,114,239,51,65,797.1,12,26,495.0,0,0,0.0,24,43,67,18,19,7,7,19,4,199,181,132,85,162.88879633486044,70.63765097875886,26.325697625989168,0.0,403.69221157850905,333.1441066222407,215.10620574760515,115.29404414827155,10
478,Tre Jones,San Antonio Spurs,PG,108,301,40,72,561.9,17,19,558.3,11,23,237.1,8,34,42,74,11,13,13,0,1,224,150,182,116,534.324,28.384,73.024,25.095999999999997,510.596,516.916,493.796,135.61599999999999,10
479,Tre Mann,Charlotte Hornets,PG,117,320,47,102,469.1,11,17,317.1,12,36,301.7,8,43,51,50,15,15,14,0,-83,218,168,167,101,186.722681359045,28.90082644628099,51.32231404958677,8.102846648301195,355.11111111111114,308.1303948576676,255.76951331496784,58.15702479338844,10
480,Trendon Watford,Brooklyn Nets,PF,67,123,22,51,430.0,19,23,495.7,4,12,150.0,12,20,32,1,18,2,13,4,-24,100,99,68,33,354.6385041551247,70.37673130193906,1.6204986149584486,4.404432132963989,600.0124653739613,602.8379501385041,363.24238227146816,60.56786703601108,10
481,Trent Forrest,Atlanta Hawks,G,24,131,11,26,348.3,2,2,100.0,0,2,0.0,4,12,16,32,5,3,5,2,-18,72,40,56,48,47.44378698224852,12.760026298487835,81.74621959237344,0.0,163.1190006574622,56.62984878369494,153.75805391190008,94.68113083497698,10
482,Trevelin Queen,Orlando Magic,SG,0,13,0,3,0.0,0,0,0.0,0,2,0.0,0,1,1,1,1,0,0,0,-17,2,1,1,2,0.0,0.5555555555555556,0.5555555555555556,0.0,0.22222222222222227,0.5555555555555556,0.5555555555555556,0.22222222222222227,2
483,Trey Jemison,Memphis Grizzlies,C,82,232,36,58,546.0,10,12,500.0,0,0,0.0,27,24,51,11,29,3,15,7,-11,144,133,93,62,468.84703433923005,21.942767950052026,6.937565036420395,0.0,538.462018730489,599.10197710718,411.0832466181061,26.004162330905306,10
484,Trey Lyles,Sacramento Kings,PF,53,186,18,46,392.9,12,16,625.0,5,22,236.7,11,28,39,8,19,0,7,3,1,100,92,61,47,103.99173553719008,15.06198347107438,7.640495867768594,7.148760330578514,183.88429752066114,131.55785123966942,140.88016528925618,38.14049586776859,10
485,Trey Murphy III,New Orleans Pelicans,SG,152,313,50,115,432.4,23,27,760.7,29,80,369.5,6,50,56,27,10,4,10,7,20,235,208,179,83,353.50788158400616,54.425990003844674,17.172241445597848,30.913879277201076,419.6574394463668,418.317570165321,344.91387927720103,81.53210303729335,10
486,Tristan Thompson,Cleveland Cavaliers,C,18,63,8,13,258.4,2,6,100.0,0,0,0.0,10,13,23,6,8,3,4,3,-11,47,41,24,29,25.712,9.488,0.8079999999999999,0.0,38.99999999999999,42.368,23.447999999999997,9.192,5
487,Troy Brown Jr.,Detroit Pistons,SF,40,153,14,46,298.3,6,7,180.0,6,25,183.2,4,28,32,9,7,1,6,0,-64,81,72,49,41,60.01189060642093,38.323424494649224,9.0,4.401902497027348,203.0808561236623,166.1498216409037,93.0808561236623,51.18549346016647,10
488,TyTy Washington Jr.,Milwaukee Bucks,G,0,8,0,2,0.0,0,0,0.0,0,1,0.0,0,0,0,1,0,0,0,0,-4,1,0,1,1,0.0,0.0,0.44444444444444453,0.0,0.44444444444444453,0.0,0.44444444444444453,0.44444444444444453,1
489,Tyler Herro,Miami Heat,PG,183,325,71,166,433.4,10,13,333.4,31,80,406.0,3,46,49,50,11,0,13,1,35,282,232,233,99,148.11111111111111,40.94444444444444,28.069444444444443,12.944444444444445,309.7361111111111,207.61111111111111,206.125,113.125,10
490,Tyrese Haliburton,Indiana Pacers,PG,185,338,69,146,477.4,26,29,705.0,21,69,300.79999999999995,2,40,42,102,15,18,27,8,45,329,227,287,144,188.95085066162574,43.342155009451794,82.49621928166351,25.158790170132328,236.93100189035917,127.0,342.749527410208,81.97069943289225,10
491,Tyrese Maxey,Philadelphia 76ers,PG,250,371,88,197,449.1,45,51,766.7,29,74,381.4,4,27,31,48,22,8,16,3,10,329,281,298,79,586.0197530864198,50.9604938271605,50.5679012345679,29.444444444444446,910.7777777777777,877.0493827160494,576.8641975308642,144.41234567901233,10
492,Tyus Jones,Washington Wizards,PG,91,313,36,84,402.0,4,4,300.0,15,43,360.8,3,22,25,97,4,9,13,2,-70,213,116,188,122,345.04336734693874,43.53316326530612,160.5,20.959183673469386,776.265306122449,542.0510204081633,542.9719387755102,240.3188775510204,10
493,Udoka Azubuike,Phoenix Suns,C,2,11,1,3,33.3,0,2,0.0,0,0,0.0,2,4,6,0,1,0,0,0,-3,8,8,2,6,1.7777777777777781,13.444444444444443,0.0,0.0,25.0,25.0,1.7777777777777781,13.444444444444443,1
494,Vasilije Micic,Charlotte Hornets,G,145,307,55,107,502.6,22,24,777.8,13,38,280.0,6,21,27,50,14,7,28,3,-82,222,172,195,77,590.0578512396694,39.125,68.73243801652892,25.455578512396695,735.293388429752,622.1373966942149,659.2820247933885,151.78925619834712,10
495,Victor Wembanyama,San Antonio Spurs,C,215,311,76,163,466.70000000000005,42,58,702.8,21,62,357.6,27,89,116,46,23,10,41,42,37,377,331,261,162,773.7098298676749,95.0321361058601,31.0359168241966,20.715500945179585,1530.4886578449905,1274.3109640831758,986.5,169.4555765595463,10
496,Vince Williams Jr.,Memphis Grizzlies,G,127,336,42,92,459.70000000000005,30,38,723.3,13,34,328.8,8,54,62,61,30,12,34,9,-54,250,189,188,123,231.93628808864267,72.8808864265928,35.61495844875347,18.00831024930748,492.2326869806094,474.07479224376726,226.76454293628805,131.82548476454295,10
497,Vit Krejci,Atlanta Hawks,G,65,256,24,51,409.7,4,5,150.0,13,32,310.4,4,15,19,26,23,7,9,4,27,110,84,91,45,165.98702422145328,27.06660899653979,13.702422145328718,14.353806228373704,268.0,288.0553633217993,146.94896193771626,39.75173010380623,9
498,Walker Kessler,Utah Jazz,C,80,252,36,51,772.5,8,10,400.0,0,0,0.0,31,63,94,10,16,3,9,12,-101,184,174,90,104,154.004,72.144,6.0360000000000005,0.0,254.79999999999998,241.79600000000002,152.064,93.12400000000001,10
499,Wendell Carter Jr.,Orlando Magic,C,109,265,40,80,502.6,18,26,516.7,11,36,306.7,29,56,85,24,16,9,16,7,26,218,194,133,109,206.58834027364665,101.67102914931587,9.043426531826293,7.054729327781082,335.3932183224271,330.22010707911954,235.51279000594883,86.96311719214755,10
500,Wendell Moore Jr.,Minnesota Timberwolves,G,2,5,1,1,100.0,0,0,0.0,0,0,0.0,0,2,2,0,1,0,0,0,8,4,4,2,2,2.777777777777778,3.0625,0.006944444444444444,0.0,11.111111111111112,11.67361111111111,2.506944444444444,2.777777777777778,1
501,Wenyen Gabriel,Memphis Grizzlies,F,17,81,8,22,168.3,0,5,0.0,1,6,50.0,7,18,25,3,10,2,8,2,-16,45,42,20,28,60.67346938775511,45.84311224489795,4.088010204081632,0.8826530612244898,189.20408163265304,177.8125,61.873724489795926,60.122448979591844,5
502,Wesley Matthews,Atlanta Hawks,SG,48,125,16,32,559.3,2,3,100.0,14,22,641.7,1,18,19,5,7,4,1,6,-25,72,67,53,24,109.43673469387754,33.1469387755102,8.6,6.693877551020408,206.9795918367347,206.83673469387756,120.89387755102038,30.432653061224492,10
503,Xavier Moon,LA Clippers,G,2,11,1,6,33.3,0,0,0.0,0,2,0.0,1,1,2,0,1,1,1,0,-20,4,4,2,2,2.2378121284185495,2.3424494649227108,0.5350772889417361,0.0,0.40190249702734804,0.00951248513674195,3.4863258026159336,2.0214030915576693,2
504,Xavier Tillman,Boston Celtics,F,36,168,15,30,485.0,3,4,150.0,3,15,183.3,10,26,36,10,9,5,3,4,38,82,72,46,46,56.692378328741974,33.11111111111111,6.009182736455464,2.239669421487603,110.71441689623508,121.15702479338844,54.41138659320478,30.958677685950413,10
505,Yuta Watanabe,Memphis Grizzlies,SF,22,97,10,24,250.0,0,2,0.0,2,12,64.3,0,11,11,5,6,5,4,0,-36,38,33,27,16,115.08000000000001,11.27,3.75,1.4800000000000004,136.28,131.43,116.23000000000002,18.72,7
506,Zach Collins,San Antonio Spurs,PF,106,199,40,81,495.1,19,26,541.7,7,15,466.7,17,35,52,17,33,7,20,10,-50,175,158,123,69,309.2395889670091,61.71984856679286,16.437533802055167,6.240670632774472,563.3288263926446,447.2179556517036,392.5089237425635,110.99891833423473,10
507,Zeke Nnaji,Denver Nuggets,PF,18,100,6,17,350.0,6,8,300.0,0,2,0.0,7,10,17,4,10,2,2,10,-19,39,35,22,21,50.40625,16.277777777777775,7.350694444444445,0.0,130.125,94.18402777777779,73.06944444444443,36.90625,10
508,Ziaire Williams,Memphis Grizzlies,F,103,270,39,94,389.0,13,16,421.4,12,46,213.7,6,38,44,20,15,12,15,0,-39,167,147,123,64,552.1,32.4,24.0,17.599999999999998,788.1,632.1,714.1,50.4,10
509,Zion Williamson,New Orleans Pelicans,PF,260,337,99,156,617.1,62,79,715.9,0,1,0.0,19,56,75,45,25,15,34,9,53,380,335,305,120,810.1274468971262,54.29695960016659,61.633902540608084,0.004164931278633902,1032.77967513536,982.4802165764264,920.0928779675135,56.264889629321125,10
