,First Last Name,team,position,points,minutes,fgm,fga,fgp,ftm,fta,ftp,tpm,tpa,tpp,offReb,defReb,totReb,assists,pFouls,steals,turnovers,blocks,plusMinus,Points_Rebounds_Assist,Points_Rebounds,Points_Assist,Rebounds_Assist,points_deviation,totReb_deviation,assists_deviation,tpm_deviation,Points_Rebounds_Assist_deviation,Points_Rebounds_deviation,Points_Assist_deviation,Rebounds_Assist_deviation,count
0,A. Flagler,Oklahoma City Thunder,F,0,6,0,3,0.0,0,0,0.0,0,3,0.0,0,0,0,1,0,0,0,0,0,1,0,1,1,0.0,0.0,0.0,0.0,0.0,0.0,0.0,0.0,1
1,A.J. Green,Milwaukee Bucks,G,72,146,24,55,410.6,5,6,266.7,19,47,375.3,1,16,17,10,9,3,6,1,-20,99,89,82,27,521.5390625,12.2890625,12.9765625,38.0390625,654.2265625,532.5,644.40625,24.125,10
2,A.J. Lawson,Dallas Mavericks,G,14,31,6,13,170.0,1,4,50.0,1,4,50.0,2,4,6,1,4,0,0,1,-7,21,20,15,7,28.111111111111114,6.361111111111111,0.7777777777777779,0.8611111111111109,36.52777777777778,34.25,28.777777777777775,8.75,4
3,Aaron Gordon,Denver Nuggets,PF,148,299,60,102,644.9,25,31,635.0,3,18,108.3,17,46,63,40,21,13,21,3,104,251,211,188,103,315.225,165.0,42.1,2.325,684.125,850.925,243.82500000000002,111.7,10
4,Aaron Holiday,Houston Rockets,G,32,95,12,35,209.6,3,3,100.0,5,13,206.7,1,5,6,13,11,4,5,1,-27,51,38,45,19,208.6893424036281,4.8526077097505675,9.204081632653063,9.498866213151928,275.0,247.3469387755102,234.42403628117916,15.975056689342406,10
5,Aaron Nesmith,Indiana Pacers,SF,108,278,34,81,417.9,23,32,598.8,17,44,388.2,3,24,27,13,30,8,11,8,14,148,135,121,40,272.961937716263,43.51211072664359,11.85813148788927,13.0,484.31833910034595,457.66435986159166,281.6228373702422,73.36332179930794,10
6,Aaron Wiggins,Oklahoma City Thunder,SG,63,159,24,46,506.7,9,10,450.0,6,16,250.0,12,11,23,7,8,10,10,7,30,93,86,70,30,149.87603305785123,6.702479338842975,9.293388429752065,8.0,171.78925619834712,155.1074380165289,171.06198347107437,11.491735537190083,10
7,Al Horford,Boston Celtics,C,75,252,31,60,451.4,6,6,300.0,7,25,229.3,13,48,61,15,14,5,4,8,55,151,136,90,76,200.5069252077562,55.72576177285319,31.0,7.343490304709141,508.0914127423823,343.5124653739612,332.77008310249306,119.0415512465374,10
8,Alec Burks,New York Knicks,SG,65,143,24,79,281.79999999999995,7,13,258.3,10,39,245.09999999999997,4,12,16,6,5,2,6,1,-55,87,81,71,22,167.40997229916897,12.127423822714684,4.952908587257619,5.3573407202216075,271.1551246537396,240.35180055401662,193.24376731301936,22.04986149584488,10
9,Aleksej Pokusevski,Charlotte Hornets,F,7,8,2,2,100.0,2,2,100.0,1,1,100.0,0,2,2,0,0,1,1,1,7,9,9,7,2,4.0,0.3600000000000001,0.0,0.03999999999999998,6.759999999999998,6.759999999999998,4.0,0.3600000000000001,1
10,Aleksej Pokusevski,Oklahoma City Thunder,F,4,13,1,3,50.0,1,2,50.0,1,2,100.0,0,1,1,0,0,1,0,0,-8,5,5,4,1,26.0,2.1199999999999997,0.0,0.6800000000000002,42.92000000000001,42.92000000000001,26.0,2.1199999999999997,2
11,Alex Caruso,Chicago Bulls,SG,85,301,33,80,437.4,4,5,200.0,15,49,331.7,6,28,34,33,27,25,11,12,-21,152,119,118,67,115.06094182825484,36.84764542936288,41.199445983379505,10.562326869806094,137.07479224376732,149.5650969529086,135.68975069252076,44.92797783933518,10
12,Alex Len,Sacramento Kings,C,33,97,15,26,486.7,3,7,60.0,0,1,0.0,10,17,27,5,13,4,6,7,17,65,60,38,32,103.04444444444445,9.444444444444443,4.777777777777778,0.0,101.17777777777778,100.39999999999999,110.04444444444445,8.0,10
13,Alondes Williams,Miami Heat,G,0,6,0,1,0.0,0,0,0.0,0,1,0.0,0,1,1,0,0,0,1,0,-2,1,1,0,1,0.0,0.25,0.0,0.0,0.25,0.25,0.0,0.25,1
14,Alperen Sengun,Houston Rockets,C,209,324,81,157,512.7,43,68,622.9,4,12,200.0,39,68,107,45,36,16,26,7,2,361,316,254,152,847.1723356009071,192.3560090702948,126.04308390022675,4.403628117913832,1914.8321995464853,1607.5056689342405,989.2653061224489,483.63265306122446,10
15,Amen Thompson,Houston Rockets,F,91,213,37,75,410.4,15,22,435.0,2,13,133.3,21,39,60,16,23,13,11,16,11,167,151,107,76,477.6404958677686,57.376033057851245,22.925619834710748,1.640495867768595,821.7438016528926,630.3388429752065,649.3099173553719,100.03719008264466,10
16,Amir Coffey,LA Clippers,SG,52,229,20,53,299.5,4,5,250.0,8,25,225.0,5,20,25,18,16,10,6,2,-13,95,77,70,43,345.0694444444444,75.35069444444444,18.267361111111107,18.01736111111111,746.125,599.1840277777778,463.51736111111114,122.11111111111113,10
17,Andre Drummond,Chicago Bulls,C,92,205,37,73,398.9,18,28,666.7,0,0,0.0,36,68,104,2,21,2,13,7,25,198,196,94,106,320.21315192743765,346.93424036281186,1.600907029478458,0.0,1113.546485260771,1074.1224489795918,333.0612244897959,375.1111111111112,10
18,Andre Jr. Jackson,Milwaukee Bucks,G,8,62,3,8,233.3,0,0,0.0,2,5,200.0,0,8,8,8,6,3,2,0,-3,24,16,16,16,11.58677685950413,3.0,8.256198347107436,1.4380165289256195,32.2809917355372,25.132231404958677,17.644628099173552,12.347107438016527,5
19,Andrew Nembhard,Indiana Pacers,PG,90,286,38,75,514.8,2,3,66.7,12,27,516.7,7,23,30,29,22,14,14,1,-16,149,120,119,59,163.1020408163265,38.816326530612244,32.0702947845805,6.0,251.68934240362813,186.0,216.9002267573696,82.77777777777777,10
20,Andrew Wiggins,Golden State Warriors,SF,128,257,49,100,478.1,13,15,616.7,17,37,456.6,10,28,38,22,18,12,8,3,16,188,166,150,60,242.82500000000002,40.825,11.825,9.000000000000002,335.825,330.40000000000003,242.5,58.4,10
21,Anfernee Simons,Portland Trail Blazers,SG,215,375,77,186,411.3,28,31,857.1,33,85,383.3,5,35,40,62,25,6,39,0,-66,317,255,277,102,747.9478458049886,24.36281179138322,124.0,24.410430839002267,1173.308390022676,753.4988662131519,1124.9954648526077,191.12471655328798,10
22,Anthony Black,Orlando Magic,G,52,219,17,50,314.1,9,14,350.0,9,22,308.3,7,22,29,10,17,7,9,1,41,91,81,62,39,108.5,55.0,6.4,9.000000000000002,257.3,216.5,145.70000000000002,65.0,10
23,Anthony Davis,Los Angeles Lakers,PF,241,364,92,163,562.0,57,69,750.7,0,7,0.0,34,107,141,26,25,15,17,24,-1,408,382,267,167,463.1179138321995,152.77777777777777,40.93424036281179,0.5668934240362812,950.7755102040817,834.9750566893424,536.124716553288,236.50566893424036,10
24,Anthony Edwards,Minnesota Timberwolves,SG,264,361,95,226,406.0,54,65,837.6,20,70,285.0,5,48,53,40,14,16,25,9,-4,357,317,304,93,924.0793950850662,48.28166351606806,32.8241965973535,20.722117202268432,1173.0756143667295,1107.3364839319472,967.5916824196597,103.33270321361057,10
25,Anthony Gill,Washington Wizards,PF,3,21,1,4,100.0,0,0,0.0,1,2,100.0,0,3,3,3,0,4,4,0,13,9,6,6,6,6.0,2.75,7.470000000000001,0.8300000000000001,12.320000000000002,14.75,7.47,6.32,3
26,Ashton Hagans,Portland Trail Blazers,G,43,187,16,41,421.3,8,11,350.0,3,11,100.0,7,19,26,32,26,7,19,7,-23,101,69,75,58,120.7448979591837,15.887755102040815,51.95918367346939,4.102040816326531,382.1020408163265,193.0,284.5,93.1938775510204,10
27,Ausar Thompson,Detroit Pistons,F,103,314,42,87,508.0,11,25,325.0,8,29,195.3,15,44,59,21,26,17,14,11,-6,183,162,124,80,122.99546485260771,29.090702947845806,24.043083900226755,8.122448979591837,342.38775510204084,234.17233560090705,202.07709750566895,82.26757369614513,10
28,Austin Reaves,Los Angeles Lakers,SG,155,345,61,117,533.0,10,12,450.0,23,52,410.7,5,43,48,62,16,5,26,4,-26,265,203,217,110,132.96597353497168,36.083175803402646,95.60680529300566,14.417769376181473,184.4669187145558,100.81096408317582,255.47258979206057,92.83931947069944,10
29,Ayo Dosunmu,Chicago Bulls,SG,146,387,56,128,431.4,11,13,358.3,23,62,357.7,10,28,38,58,22,12,20,4,-50,242,184,204,96,208.8390022675737,40.56689342403629,46.56689342403629,14.26530612244898,246.0,202.85260770975057,226.85260770975057,112.26757369614513,10
30,Bam Adebayo,Miami Heat,C,186,353,75,146,497.1,36,54,678.6,0,3,0.0,24,72,96,32,22,13,23,9,-3,314,282,218,128,447.9591836734694,82.49886621315193,33.35600907029478,0.0,525.1020408163265,447.8049886621315,501.11111111111114,140.0,10
31,Ben Sheppard,Indiana Pacers,G,80,180,28,53,518.7,5,5,300.0,19,38,462.9,1,19,20,5,20,6,2,2,20,105,100,85,25,218.5,54.49382716049382,14.623456790123457,28.111111111111114,432.7777777777777,360.1049382716049,300.679012345679,59.611111111111114,10
32,Ben Simmons,Brooklyn Nets,PG,53,168,24,38,521.1,5,11,150.0,0,0,0.0,15,39,54,46,20,9,12,4,-5,153,107,99,100,134.88888888888889,64.0,78.88888888888889,0.0,382.0,162.8888888888889,300.0,196.88888888888889,9
33,Bennedict Mathurin,Indiana Pacers,SG,139,275,44,115,340.3,35,45,614.5,16,44,245.0,10,33,43,23,24,7,17,4,-18,205,182,162,66,781.0,123.09467455621302,38.14792899408284,30.68639053254438,1447.5443786982248,1127.940828402367,996.8402366863905,265.00591715976327,10
34,Bilal Coulibaly,Washington Wizards,SG,77,280,26,68,447.6,17,25,503.3,8,30,200.0,11,27,38,11,23,8,12,8,-101,126,115,88,49,129.65927977839337,29.6398891966759,3.0221606648199444,10.238227146814404,201.1634349030471,206.5235457063712,128.0387811634349,28.922437673130194,10
35,Bismack Biyombo,Oklahoma City Thunder,C,4,31,1,4,33.3,2,2,100.0,0,0,0.0,3,2,5,2,6,0,2,1,4,11,9,6,7,4.0,2.7777777777777777,1.0,0.0,20.77777777777778,12.777777777777779,9.0,6.777777777777778,4
36,Blake Wesley,San Antonio Spurs,G,43,158,15,32,358.3,12,14,450.0,1,9,100.0,3,13,16,32,14,3,10,3,-21,91,59,75,48,155.0,20.46694214876033,83.42148760330579,1.06198347107438,312.5,169.01239669421489,265.87603305785126,136.5,10
37,Bobby Portis,Milwaukee Bucks,F,165,246,70,134,518.4,13,16,530.0,12,32,411.7,17,65,82,16,19,6,12,3,15,263,247,181,98,264.27777777777777,92.1840277777778,12.5,9.777777777777779,594.15625,526.90625,307.4444444444444,128.76736111111111,10
38,Bogdan Bogdanovic,Atlanta Hawks,SG,155,329,53,132,387.9,20,21,850.0,29,77,373.2,7,29,36,39,16,13,24,5,54,230,191,194,75,335.0,32.40082644628099,26.91322314049587,26.28925619834711,415.15702479338836,333.1280991735537,457.8223140495868,18.520661157024794,10
39,Bojan Bogdanovic,New York Knicks,SF,137,226,48,112,402.2,18,22,550.0,23,61,358.9,5,21,26,10,23,4,16,1,-76,173,163,147,36,378.25259515570934,33.33564013840831,26.03460207612457,32.128027681660896,630.2525951557094,500.4325259515571,484.43252595155707,83.01038062283736,10
40,Bol Bol,Phoenix Suns,C,88,157,39,65,582.4,3,5,200.0,7,19,361.7,14,37,51,4,15,2,2,7,1,143,139,92,55,435.1072664359861,120.02422145328718,2.5121107266435985,4.224913494809688,928.9792387543254,956.1349480968859,418.0415224913495,112.44636678200693,10
41,Bones Hyland,LA Clippers,PG,39,100,16,47,293.5,1,2,50.0,6,24,190.0,1,7,8,21,10,6,7,1,-12,68,47,60,29,150.22222222222223,4.5,42.0,10.38888888888889,242.72222222222223,201.55555555555554,196.8888888888889,41.0,8
42,Bradley Beal,Phoenix Suns,SG,217,306,83,156,572.6,27,32,615.0,24,47,581.7,10,26,36,47,22,14,27,2,32,300,253,264,83,1233.0346020761247,76.75432525951557,58.363321799307954,26.0,1677.840830449827,1333.5674740484428,1578.166089965398,134.25951557093427,10
43,Brandin Podziemski,Golden State Warriors,G,101,299,38,89,407.8,9,17,258.3,16,39,432.9,19,39,58,49,8,7,12,3,56,208,159,150,107,360.95463137996217,31.09640831758034,48.53497164461247,22.215500945179585,667.0396975425331,475.3251417769376,556.2873345935727,76.01323251417769,10
44,Brandon Boston Jr.,LA Clippers,SG,33,74,13,37,212.7,4,6,200.0,3,9,183.3,5,6,11,2,8,1,0,4,-13,46,44,35,13,99.47337278106508,19.11834319526627,1.3372781065088757,1.579881656804734,158.72189349112423,136.11834319526628,113.34319526627218,29.189349112426033,6
45,Brandon Ingram,New Orleans Pelicans,SF,197,331,72,149,494.7,40,52,669.5,13,35,346.2,6,43,49,65,27,9,37,7,47,311,246,262,114,599.1440443213296,49.77562326869806,33.06094182825484,10.401662049861494,627.0277008310248,779.8393351800555,457.7950138504155,71.37396121883656,10
46,Brandon Miller,Charlotte Hornets,F,193,357,76,178,422.4,15,18,500.0,26,78,328.8,9,44,53,27,22,13,26,7,-39,273,246,220,80,254.49716446124768,52.758034026465026,26.803402646502835,10.427221172022684,459.02646502835535,486.5103969754253,241.85255198487715,64.72211720226842,10
47,Brandon Williams,Dallas Mavericks,G,5,19,1,7,33.3,3,3,100.0,0,1,0.0,1,1,2,4,1,0,1,0,-12,11,7,9,6,18.0,3.0000000000000004,3.0,0.0,29.999999999999993,15.666666666666668,29.0,9.333333333333336,3
48,Braxton Key,Denver Nuggets,F,2,6,1,1,100.0,0,1,0.0,0,0,0.0,1,1,2,0,1,0,0,0,2,4,4,2,2,2.25,1.0,0.0,0.0,6.25,6.25,2.25,1.0,1
49,Brice Sensabaugh,Utah Jazz,F,64,156,24,48,366.1,7,8,266.7,9,25,320.0,4,17,21,8,13,4,15,0,-23,93,85,72,29,172.73372781065092,108.58579881656802,8.189349112426035,5.497041420118342,507.8047337278107,446.98816568047334,222.81656804733728,127.50887573964496,8
50,Brook Lopez,Milwaukee Bucks,C,97,297,33,79,391.5,11,14,450.0,20,51,405.1,12,35,47,17,18,6,6,20,123,161,144,114,64,202.2607709750567,74.41043083900226,14.410430839002267,18.816326530612244,386.8049886621315,350.1224489795918,220.12244897959184,107.64172335600907,10
51,Bruce Brown,Toronto Raptors,SF,78,238,29,68,397.2,18,18,700.0,2,17,100.0,6,25,31,23,17,4,7,1,-65,132,109,101,54,175.77777777777777,42.111111111111114,24.37777777777778,2.0,376.0,261.5777777777778,268.9111111111111,87.77777777777779,10
52,Bruno Fernando,Atlanta Hawks,PF,63,202,26,46,515.8,11,16,425.0,0,0,0.0,21,41,62,12,28,12,12,10,-27,137,125,75,74,102.25259515570934,129.83391003460207,13.799307958477511,0.0,196.2249134948097,186.50865051903114,125.2006920415225,130.401384083045,10
53,Bryce McGowens,Charlotte Hornets,G,54,155,18,37,330.8,13,18,441.7,5,15,180.0,3,21,24,8,15,7,4,3,-10,86,78,62,32,236.5390625,28.0,5.65625,6.8515625,400.6015625,389.0390625,251.1015625,30.65625,10
54,Buddy Hield,Philadelphia 76ers,SG,120,292,42,112,381.9,7,7,200.0,29,72,429.8,7,27,34,37,21,11,11,4,-28,191,154,157,71,95.14933837429113,26.83553875236295,23.0,4.909262759924386,208.3686200378072,191.97731568998108,131.8884688090737,29.487712665406427,10
55,CJ McCollum,New Orleans Pelicans,SG,153,284,57,146,368.7,12,15,308.4,27,77,331.9,4,37,41,34,15,5,12,4,38,228,194,187,75,660.5844875346261,14.90027700831025,46.986149584487535,28.18005540166205,1002.8310249307478,794.9695290858725,865.2714681440443,65.06094182825485,10
56,Cade Cunningham,Detroit Pistons,PG,245,323,87,178,487.0,41,47,607.8,30,64,425.8,10,39,49,79,21,5,34,6,6,373,294,324,128,610.8282548476454,35.3213296398892,44.21883656509696,25.35180055401662,964.180055401662,850.4487534626039,725.2686980609418,78.83102493074793,10
57,Caleb Houstan,Orlando Magic,G,32,118,10,23,211.1,2,2,100.0,10,21,244.4,3,10,13,3,11,2,2,2,1,48,45,35,16,151.5,28.1484375,1.7109375,18.375,268.09375,258.5234375,151.5859375,39.34375,6
58,Caleb Martin,Miami Heat,SF,117,296,40,90,446.2,15,18,626.7,22,43,551.3,11,37,48,19,26,6,13,9,33,184,165,136,67,152.26530612244898,50.36281179138322,14.918367346938775,16.444444444444443,319.6961451247165,290.4512471655329,185.6734693877551,61.11791383219955,10
59,Cam Reddish,Los Angeles Lakers,SF,14,67,5,12,133.3,1,2,50.0,3,7,133.3,3,4,7,0,4,2,1,1,8,21,21,14,7,21.111111111111114,6.111111111111111,0.0,0.7777777777777778,21.0,21.0,21.111111111111114,6.111111111111111,4
60,Cam Thomas,Brooklyn Nets,SG,200,317,73,174,399.2,26,31,866.7,28,63,420.4,7,29,36,37,20,10,16,0,-37,273,236,237,73,674.4498269896192,58.42214532871973,38.930795847750865,32.608996539792386,830.3910034602077,746.1384083044982,709.3737024221454,146.681660899654,10
61,Cam Whitmore,Houston Rockets,F,126,203,48,111,415.2,17,26,385.0,13,50,239.8,14,31,45,5,11,5,15,5,3,176,171,131,50,185.05817174515232,62.50138504155125,2.5069252077562325,10.495844875346261,296.1551246537397,300.0914127423823,190.3573407202216,55.77285318559557,10
62,Cameron Johnson,Brooklyn Nets,SF,130,248,42,96,410.8,22,26,571.7,24,62,370.9,7,28,35,21,21,10,10,5,-34,186,165,151,56,590.792899408284,61.69822485207101,18.928994082840237,36.437869822485204,802.3313609467457,689.2840236686391,702.4674556213018,82.0,10
63,Cameron Payne,Philadelphia 76ers,PG,97,196,37,92,396.7,8,8,400.0,15,46,269.6,4,11,15,28,19,4,11,2,4,140,112,125,43,272.78512396694214,25.822314049586776,48.77685950413223,18.830578512396695,379.6735537190083,343.8388429752066,302.5206611570248,80.69834710743802,10
64,Caris LeVert,Cleveland Cavaliers,SG,104,299,37,108,345.4,17,23,493.3,13,44,274.4,5,45,50,71,17,12,19,7,22,225,154,175,121,187.78925619834712,75.2892561983471,116.51652892561985,8.107438016528926,759.5619834710743,427.65702479338836,429.0,282.5,10
65,Cason Wallace,Oklahoma City Thunder,G,70,187,28,55,493.4,1,3,100.0,13,29,425.0,9,17,26,16,10,12,5,5,33,112,96,86,42,348.0206611570248,21.47520661157025,15.194214876033058,16.140495867768596,519.8553719008265,412.99173553719004,446.9586776859504,44.595041322314046,10
66,Cedi Osman,San Antonio Spurs,SF,36,142,15,32,400.0,0,0,0.0,6,19,216.6,3,18,21,18,12,6,8,0,-32,75,57,54,39,105.05817174515236,15.166204986149584,21.03601108033241,6.448753462603877,107.12742382271466,133.93628808864264,89.08587257617728,25.365650969529085,10
67,Charlie Brown Jr.,New York Knicks,G,3,27,1,5,20.0,0,0,0.0,1,3,33.3,1,1,2,0,4,0,0,1,-6,5,5,3,2,6.5,2.8888888888888893,0.0,0.7222222222222223,18.055555555555557,18.055555555555557,6.5,2.8888888888888893,2
68,Chet Holmgren,Oklahoma City Thunder,PF,177,300,66,119,543.2,29,34,676.7,16,46,285.8,18,69,87,30,19,3,16,16,47,294,264,207,117,492.6859504132231,96.70247933884296,41.01239669421488,20.413223140495866,979.4256198347107,801.7190082644629,664.8305785123969,143.27685950413223,10
69,Chimezie Metu,Phoenix Suns,PF,4,15,2,4,50.0,0,0,0.0,0,0,0.0,1,3,4,1,1,2,3,0,-7,9,8,5,5,10.0,4.0,0.625,0.0,34.625,26.0,15.625,7.625,2
70,Chris Boucher,Toronto Raptors,PF,60,103,21,27,523.3,14,16,450.0,4,9,216.7,10,25,35,5,10,1,9,5,11,100,95,65,40,144.35537190082644,48.082644628099175,6.0,3.884297520661157,420.2396694214876,333.87603305785126,198.5371900826446,86.26446280991736,7
71,Chris Duarte,Sacramento Kings,SG,39,106,14,29,275.0,1,1,100.0,10,21,266.7,5,13,18,3,6,5,0,3,0,60,57,42,21,231.75,13.984375,1.734375,11.734375,320.4375,303.359375,248.109375,16.4375,7
72,Chris Livingston,Milwaukee Bucks,F,0,6,0,2,0.0,0,0,0.0,0,2,0.0,0,1,1,1,4,0,1,0,-10,2,1,1,2,0.0,0.0625,0.5625,0.0,1.0,0.0625,0.5625,1.0,1
73,Chris Paul,Golden State Warriors,PG,66,166,24,52,313.6,5,6,175.0,13,29,300.0,2,23,25,47,7,16,8,0,-18,138,91,113,72,114.3388429752066,3.7190082644628095,18.958677685950413,6.867768595041323,107.26446280991735,146.5206611570248,84.96694214876034,12.793388429752063,7
74,Christian Braun,Denver Nuggets,G,63,203,24,50,517.1,8,16,258.3,7,19,266.7,12,30,42,13,25,8,5,8,49,118,105,76,55,132.125,51.825,12.725,8.325,251.625,279.4,112.80000000000001,56.1,10
75,Christian Wood,Los Angeles Lakers,F,59,133,22,51,477.0,11,14,450.0,4,19,225.0,6,28,34,6,12,5,5,2,-14,99,93,65,40,152.9,54.39999999999999,4.3999999999999995,2.4000000000000004,304.9,284.1,156.5,76.0,10
76,Chuma Okeke,Orlando Magic,PF,0,19,0,2,0.0,0,0,0.0,0,2,0.0,0,1,1,1,2,1,0,0,-3,2,1,1,2,1.6875,0.6666666666666667,0.8541666666666665,0.020833333333333332,1.416666666666667,2.354166666666666,1.4166666666666667,0.8541666666666665,3
77,Clint Capela,Atlanta Hawks,C,107,232,45,86,519.1,17,22,525.0,0,0,0.0,41,60,101,15,23,2,13,11,24,223,208,122,116,233.4140625,90.3515625,14.65625,0.0,601.0,562.90625,275.9765625,100.5390625,10
78,Coby White,Chicago Bulls,PG,215,404,73,166,438.4,37,41,838.3,32,84,370.3,6,46,52,55,28,9,24,2,-41,322,267,270,107,592.7777777777778,31.83219954648526,76.6326530612245,37.63265306122449,677.9183673469387,616.1020408163265,612.5532879818594,150.50566893424036,10
79,Cody Martin,Charlotte Hornets,SF,69,285,28,76,367.2,6,7,250.0,7,30,228.2,6,44,50,42,15,11,20,7,-28,161,119,111,92,119.44444444444446,25.111111111111107,68.97777777777779,3.4444444444444446,210.51111111111112,123.0,199.84444444444446,101.2,10
80,Cody Zeller,New Orleans Pelicans,C,5,26,2,5,100.0,1,2,50.0,0,0,0.0,3,8,11,1,3,2,3,0,11,17,16,6,12,3.6122448979591835,2.795918367346939,0.8775510204081631,0.0,7.0,9.30612244897959,2.6530612244897958,2.3265306122448974,4
81,Colby Jones,Sacramento Kings,G,2,7,1,3,33.3,0,0,0.0,0,0,0.0,0,3,3,1,1,0,0,0,0,6,5,3,4,1.0,1.0,0.25,0.0,6.25,4.0,2.25,2.25,1
82,Cole Anthony,Orlando Magic,PG,109,233,41,101,401.5,18,24,620.8,9,37,265.0,5,31,36,33,26,10,11,6,-2,178,145,142,69,213.11342155009453,44.83553875236295,49.75236294896031,7.317580340264651,263.54253308128546,207.08317580340264,308.65028355387517,55.51039697542532,10
83,Cole Swider,Miami Heat,F,2,11,0,4,0.0,2,2,100.0,0,4,0.0,0,2,2,1,0,0,3,0,-8,5,4,3,3,2.0,0.0,0.5,0.0,4.5,2.0,4.5,0.5,2
84,Collin Gillespie,Denver Nuggets,G,30,64,11,20,197.8,1,3,50.0,7,11,200.0,0,7,7,7,6,5,5,0,8,44,37,37,14,157.84,3.24,7.24,9.24,242.96,167.15999999999997,231.16,12.96,4
85,Collin Sexton,Utah Jazz,PG,215,308,69,145,466.5,54,64,765.6,23,50,373.4,5,15,20,57,17,15,18,3,15,292,235,272,77,367.59410430839006,14.362811791383221,54.73696145124716,24.219954648526077,651.7913832199547,452.42403628117916,534.0,102.06122448979592,10
86,Corey Kispert,Washington Wizards,SF,149,269,52,112,448.5,19,25,558.3,26,65,379.2,5,28,33,31,19,7,19,3,-37,213,182,180,64,346.9274376417234,22.600907029478456,56.04308390022676,24.458049886621314,736.1383219954648,450.36281179138325,588.8163265306123,122.53061224489795,10
87,Cory Joseph,Golden State Warriors,PG,13,33,5,10,150.0,0,0,0.0,3,7,116.7,1,3,4,5,4,0,1,0,-6,22,17,18,9,20.666666666666664,0.6666666666666666,0.6666666666666666,2.0,12.666666666666666,18.666666666666664,14.0,2.0,3
88,Craig Jr. Porter,Cleveland Cavaliers,G,36,70,15,31,253.8,3,3,200.0,3,6,75.0,3,9,12,11,4,2,4,0,-19,59,48,47,23,170.24489795918367,11.959183673469386,11.13265306122449,7.53061224489796,305.9897959183673,236.0,235.9897959183674,27.336734693877553,6
89,D'Angelo Russell,Los Angeles Lakers,PG,210,356,77,155,483.2,19,25,660.0,37,82,435.0,4,34,38,57,21,10,22,4,10,305,248,267,95,776.185950413223,30.037190082644628,49.92148760330579,40.14049586776859,1263.2438016528927,1018.793388429752,1000.4214876033058,100.17355371900825,10
90,D.J. Carton,Toronto Raptors,G,8,31,2,7,83.3,3,4,150.0,1,4,50.0,2,1,3,3,1,1,1,0,-30,14,11,11,6,8.666666666666668,2.0,2.0,0.6666666666666667,8.666666666666666,2.6666666666666665,18.666666666666668,0.0,3
91,Daishen Nix,Minnesota Timberwolves,SG,5,5,2,3,66.7,0,0,0.0,1,2,50.0,0,0,0,0,1,1,0,0,6,5,5,5,0,7.111111111111111,0.0,0.1111111111111111,0.25,5.4444444444444455,7.111111111111111,5.4444444444444455,0.1111111111111111,1
92,Dalano Banton,Portland Trail Blazers,G,140,227,52,120,400.7,19,30,476.7,17,44,295.8,15,31,46,25,16,5,11,6,-18,211,186,165,71,780.027700831025,74.93628808864266,40.05817174515236,28.301939058171747,1603.02216066482,1233.207756232687,1091.6703601108034,173.16620498614958,10
93,Dalen Terry,Chicago Bulls,F,27,107,11,23,398.3,2,4,100.0,3,10,183.3,5,13,18,15,17,8,2,0,2,60,45,42,33,43.99999999999999,25.562500000000007,7.5625,2.0625,120.25,104.56250000000001,56.5625,36.25,9
94,Damian Jones,Cleveland Cavaliers,C,17,52,6,11,225.0,5,7,150.0,0,0,0.0,5,8,13,1,5,2,3,4,-44,31,30,18,14,57.644628099173545,17.0,0.9173553719008263,0.0,129.03305785123965,122.09917355371903,61.123966942148755,21.371900826446275,4
95,Damian Lillard,Milwaukee Bucks,PG,249,352,80,185,436.09999999999997,50,53,940.7,39,98,404.0,4,52,56,75,22,9,29,2,122,380,305,324,131,558.8842975206612,66.8305785123967,86.68595041322314,17.198347107438018,857.0619834710744,651.095041322314,721.3553719008264,197.01239669421489,10
96,Daniel Gafford,Dallas Mavericks,C,84,176,36,44,590.5,12,20,365.0,0,0,0.0,17,42,59,7,27,5,8,13,-18,150,143,91,66,435.425,119.12500000000003,6.500000000000001,0.0,1050.9,934.1999999999998,508.125,169.62499999999997,10
97,Daniel Theis,LA Clippers,C,53,166,24,48,441.1,2,2,100.0,3,14,175.0,12,37,49,8,18,0,7,7,20,110,102,61,57,90.61218836565097,137.3656509695291,6.5318559556786715,2.102493074792244,358.9972299168975,301.601108033241,129.7257617728532,162.18005540166203,10
98,Danilo Gallinari,Milwaukee Bucks,PF,21,106,6,23,333.3,8,8,300.0,1,12,100.0,5,9,14,10,10,3,5,1,-27,45,35,31,24,74.10726643598616,13.197231833910035,14.31141868512111,2.273356401384083,111.7750865051903,97.09688581314879,81.78892733564014,34.50519031141868,10
99,Dante Exum,Dallas Mavericks,G,28,91,7,16,263.3,11,13,400.0,3,5,200.0,1,12,13,18,9,1,2,0,29,59,41,46,31,92.0,9.0,28.666666666666664,3.5185185185185186,251.0,148.33333333333334,169.33333333333334,63.0,6
100,Danuel House Jr.,Philadelphia 76ers,SF,26,96,7,17,166.7,11,11,400.0,1,8,33.3,4,8,12,6,10,3,1,1,-25,44,38,32,18,22.8,11.2,6.800000000000001,0.8000000000000002,26.8,35.2,21.2,11.200000000000001,5
101,Dario Saric,Golden State Warriors,PF,28,112,12,37,298.3,2,3,100.0,2,21,83.3,7,17,24,19,8,0,12,1,-23,71,52,47,43,52.213151927437636,23.641723356009074,12.918367346938776,1.673469387755102,109.11791383219955,77.70975056689342,64.51927437641723,55.662131519274375,10
102,Darius Garland,Cleveland Cavaliers,PG,195,362,66,164,395.6,26,31,662.4,37,89,400.6,5,21,26,68,27,10,31,0,28,289,221,263,94,579.1928166351607,30.540642722117205,41.965973534971646,58.00945179584121,807.0264650283555,808.4669187145557,586.890359168242,63.36862003780719,10
103,David Roddy,Phoenix Suns,F,80,196,31,81,418.8,11,17,401.7,7,32,171.9,6,28,34,14,11,3,13,1,-85,128,114,94,48,413.6,113.11111111111111,22.577777777777776,10.644444444444444,936.0,755.5111111111112,556.5777777777778,173.2,10
104,Davion Mitchell,Sacramento Kings,PG,69,146,28,42,642.1,2,2,100.0,11,21,390.0,2,8,10,15,14,1,5,1,-25,94,79,84,25,194.98487712665408,10.302457466918716,12.504725897920604,14.901701323251418,268.7712665406427,239.06427221172024,214.7674858223062,32.73156899810964,10
105,Davis Bertans,Charlotte Hornets,SF,99,193,33,80,457.2,4,5,166.7,29,69,462.8,4,16,20,11,16,5,2,2,22,130,119,110,31,159.4,52.71111111111111,20.77777777777778,13.177777777777777,376.4,297.44444444444446,202.04444444444445,109.80000000000001,10
106,Day'Ron Sharpe,Brooklyn Nets,C,60,145,24,39,655.1,9,16,250.0,3,5,200.0,21,32,53,18,18,4,13,4,-10,131,113,78,71,87.10204081632654,35.0,15.765306122448978,4.173469387755102,212.74489795918367,174.3877551020408,127.03061224489794,49.19387755102041,10
107,De'Aaron Fox,Sacramento Kings,PG,288,372,117,239,488.6,35,47,656.7,19,71,247.0,14,42,56,61,26,20,32,3,-5,405,344,349,117,817.5192743764172,85.23356009070295,70.0612244897959,14.918367346938776,1164.356009070295,1087.5056689342402,928.2607709750565,121.40362811791384,10
108,De'Andre Hunter,Atlanta Hawks,SF,171,280,58,117,502.0,34,43,661.1,21,50,433.6,3,33,36,12,23,7,10,1,16,219,207,183,48,179.66481994459832,40.7202216066482,7.734072022160666,6.933518005540166,283.6925207756233,278.8171745152355,169.35457063711914,63.6398891966759,10
109,De'Anthony Melton,Philadelphia 76ers,SG,23,43,7,20,75.0,4,4,200.0,5,14,75.0,0,5,5,5,3,2,1,1,-2,33,28,28,10,128.66666666666666,2.666666666666667,2.666666666666667,8.666666666666666,206.0,164.66666666666669,164.66666666666669,10.666666666666668,3
110,DeAndre Jordan,Denver Nuggets,C,19,38,9,15,350.0,1,1,100.0,0,0,0.0,7,10,17,1,6,0,0,1,-17,37,36,20,18,13.88888888888889,38.0,0.8055555555555557,0.0,87.25,72.55555555555556,19.25,48.1388888888889,5
111,DeJon Jarreau,Memphis Grizzlies,F,7,28,3,9,33.3,0,0,0.0,1,2,50.0,0,10,10,5,1,3,2,0,-8,22,17,12,15,0.0,0.0,0.0,0.0,0.0,0.0,0.0,0.0,1
112,DeMar DeRozan,Chicago Bulls,SF,258,396,82,170,501.1,82,90,930.0,12,32,280.0,6,45,51,61,22,5,11,3,-20,370,309,319,112,446.47165532879814,85.24489795918367,43.693877551020414,11.709750566893424,558.0226757369614,643.2131519274376,333.44444444444446,156.77551020408163,10
113,Dean Wade,Cleveland Cavaliers,PF,46,178,15,35,260.2,5,7,216.7,11,31,233.4,4,27,31,7,8,3,1,9,-23,84,77,53,38,468.8,34.925,6.125,30.924999999999994,718.5,714.3249999999998,466.3250000000001,47.699999999999996,10
114,Deandre Ayton,Portland Trail Blazers,C,187,321,89,144,595.1,9,9,400.0,0,1,0.0,30,88,118,21,18,12,14,11,-52,326,305,208,139,744.5,305.55102040816325,11.489795918367346,0.0,1744.173469387755,1773.479591836735,741.8469387755102,290.38775510204084,10
115,Dejounte Murray,Atlanta Hawks,SG,230,363,90,193,458.2,27,38,745.2,23,71,294.7,10,51,61,81,11,13,26,5,-20,372,291,311,142,531.98891966759,84.82271468144044,71.13296398891967,30.102493074792243,635.8171745152355,696.9002770083102,533.1939058171745,93.66759002770084,10
116,Delon Wright,Miami Heat,SG,40,119,14,28,466.6,7,8,183.3,5,11,350.0,4,9,13,18,3,7,0,3,9,71,53,58,31,105.33333333333331,5.395833333333334,30.25,4.395833333333333,231.8958333333333,128.3958333333333,191.58333333333337,52.89583333333333,9
117,Deni Avdija,Washington Wizards,SF,187,350,71,147,472.9,28,38,681.2,17,43,361.6,20,81,101,31,26,5,27,6,-24,319,288,218,132,915.2603878116345,162.81163434903047,19.132963988919666,26.401662049861496,1607.7700831024931,1513.2963988919669,981.218836565097,210.45983379501388,10
118,Dennis Schroder,Brooklyn Nets,PG,172,323,66,129,510.4,12,19,296.4,28,53,538.3000000000001,5,22,27,64,16,7,26,3,-1,263,199,236,91,430.26736111111126,51.90625,60.35069444444444,21.100694444444443,697.65625,480.77777777777766,624.5,134.90277777777777,10
119,Dennis Smith Jr.,Brooklyn Nets,PG,55,190,20,56,360.5,8,13,383.3,7,24,241.5,7,18,25,32,23,12,9,2,21,112,80,87,57,120.79206049149339,28.206049149338373,46.0,2.122873345935728,171.06994328922497,105.1568998109641,182.35727788279772,78.5538752362949,10
120,Dereck II Lively,Dallas Mavericks,C,78,213,34,43,715.7,10,22,319.4,0,0,0.0,18,25,43,6,23,9,4,16,28,127,121,84,49,315.7361111111111,68.5,2.4027777777777777,0.0,677.0,637.9027777777778,346.5,79.2361111111111,10
121,Derrick Jones Jr.,Dallas Mavericks,SF,49,151,17,33,355.8,8,14,350.0,7,16,175.0,7,17,24,6,6,5,6,4,13,79,73,55,30,416.72299168975064,55.53462603878117,2.986149584487534,22.61218836565097,638.6398891966759,643.5318559556787,417.0,53.35180055401662,10
122,Derrick Rose,Memphis Grizzlies,PG,49,95,20,37,377.7,5,6,266.7,4,8,233.3,0,15,15,21,3,1,9,0,-9,85,64,70,36,70.0,14.857142857142858,12.0,3.7142857142857144,188.85714285714286,116.85714285714286,128.0,40.857142857142854,7
123,Derrick White,Boston Celtics,PG,137,320,51,92,530.4,12,12,600.0,23,53,340.0,7,38,45,62,15,10,15,14,163,244,182,199,107,635.0770975056689,28.04308390022676,32.775510204081634,41.30839002267573,499.1383219954649,568.6893424036282,535.4444444444445,90.90022675736961,10
124,Devin Booker,Phoenix Suns,SG,250,335,84,182,451.9,65,73,921.0,17,50,304.4,7,25,32,53,30,10,21,3,4,335,282,303,85,767.3469387755102,41.03061224489796,72.13265306122449,26.622448979591834,1227.0,1042.4183673469388,950.4591836734694,114.63265306122449,10
125,Devin Vassell,San Antonio Spurs,SG,223,352,87,178,483.3,22,30,760.0,27,61,442.1,9,42,51,59,10,12,23,9,-17,333,274,282,110,535.5152354570637,71.56509695290859,44.40720221606648,16.113573407202217,720.1468144044321,552.9695290858725,740.6648199445983,78.0,10
126,Devonte' Graham,San Antonio Spurs,PG,8,22,3,6,75.0,0,0,0.0,2,4,100.0,0,5,5,0,2,1,0,0,8,13,13,8,5,56.32,0.7200000000000002,0.0,3.52,64.08,64.08,56.32,0.7200000000000002,3
127,Dillon Brooks,Houston Rockets,SF,71,307,26,78,298.1,6,10,300.0,13,47,260.0,7,28,35,18,20,8,5,1,-29,124,106,89,53,299.1487603305785,36.52066115702479,5.607438016528926,17.27685950413223,337.29338842975216,319.2892561983472,321.1280991735538,38.15289256198347,10
128,Domantas Sabonis,Sacramento Kings,PF,197,368,83,146,586.7,28,41,618.4,3,8,250.0,46,105,151,88,27,15,37,7,8,436,348,285,239,276.7807183364839,113.4877126654064,60.1436672967864,2.183364839319471,494.15879017013236,448.32514177693747,337.08317580340264,159.16257088846882,10
129,Dominick Barlow,San Antonio Spurs,F,50,105,18,29,370.0,14,18,366.6,0,1,0.0,16,13,29,10,15,3,1,3,-4,89,79,60,39,159.84,51.16,25.440000000000005,0.0,386.36,321.24,230.0,71.56,6
130,Donovan Mitchell,Cleveland Cavaliers,SG,274,361,89,178,488.7,55,62,912.8,41,89,457.3,5,48,53,54,23,16,32,7,75,381,327,328,107,637.1715976331361,34.31360946745562,21.301775147928993,17.0,917.0,805.5325443786982,737.4674556213017,66.78698224852072,10
131,Donte DiVincenzo,New York Knicks,SG,186,369,68,179,382.0,6,8,250.0,44,126,355.0,13,36,49,34,22,18,27,7,-7,269,235,220,83,329.16343490304706,32.933518005540165,31.534626038781163,20.7202216066482,430.41828254847655,354.3961218836564,414.77562326869804,54.878116343490305,10
132,Dorian Finney-Smith,Brooklyn Nets,PF,106,314,40,82,484.1,7,8,275.0,19,53,400.0,21,33,54,25,20,8,13,5,60,185,160,131,79,211.6111111111111,60.62345679012345,34.47530864197531,13.734567901234568,462.32716049382714,405.1604938271605,261.7901234567901,102.0864197530864,10
133,Doug McDermott,Indiana Pacers,SF,38,119,14,43,275.0,1,4,50.0,9,35,206.6,1,6,7,7,7,1,2,0,-14,52,45,45,14,159.40277777777777,6.125,10.125,11.611111111111112,202.7361111111111,184.94444444444443,182.94444444444446,10.5,10
134,Draymond Green,Golden State Warriors,PF,75,253,28,60,505.5,10,13,325.0,9,19,403.3,13,68,81,55,24,6,25,11,13,211,156,130,136,67.81600000000003,96.936,76.344,5.0,339.70400000000006,134.0,231.264,215.536,10
135,Drew Eubanks,Phoenix Suns,PF,45,155,17,31,457.5,11,12,375.0,0,0,0.0,16,28,44,5,11,5,8,10,-39,94,89,50,49,110.8305785123967,68.41322314049586,3.0165289256198347,0.0,307.7892561983471,305.11157024793386,119.67355371900827,65.26446280991735,10
136,Duncan Robinson,Miami Heat,F,144,335,50,111,465.5,10,11,466.7,34,83,414.3,2,25,27,37,28,10,18,4,37,208,171,181,64,240.62345679012344,21.067901234567902,88.60493827160492,24.944444444444443,207.97530864197523,216.38271604938268,186.27777777777774,155.6111111111111,10
137,Duop Reath,Portland Trail Blazers,C,113,218,43,95,410.40000000000003,13,21,377.4,14,44,253.3,20,19,39,8,28,5,11,10,-47,160,152,121,47,568.125,37.400000000000006,7.600000000000001,28.425,832.0250000000001,725.625,650.925,68.6,10
138,Dwight Powell,Dallas Mavericks,C,20,114,7,11,450.0,6,11,325.0,0,0,0.0,10,20,30,8,18,0,9,3,-11,58,50,28,38,22.702222222222222,71.10222222222222,8.32,0.0,153.51999999999998,126.0,31.47555555555556,98.1688888888889,8
139,Dylan Windler,Los Angeles Lakers,G,3,14,1,4,25.0,0,0,0.0,1,4,25.0,0,1,1,2,1,0,0,0,-7,6,4,5,3,4.591836734693878,0.510204081632653,0.16326530612244897,0.510204081632653,2.6530612244897966,2.163265306122449,5.0,0.7551020408163267,2
140,Dyson Daniels,New Orleans Pelicans,G,33,147,14,26,261.4,1,2,50.0,4,11,150.0,6,15,21,17,10,14,8,7,23,71,54,50,38,103.42857142857143,16.0,19.714285714285715,3.7142857142857144,128.85714285714286,105.42857142857143,110.85714285714286,51.714285714285715,7
141,Emoni Bates,Cleveland Cavaliers,F,7,12,3,7,42.9,0,2,0.0,1,4,25.0,0,1,1,0,0,0,1,0,-3,8,8,7,1,0.0,0.0,0.0,0.0,0.0,0.0,0.0,0.0,1
142,Eric Gordon,Phoenix Suns,SG,107,281,37,89,376.9,14,17,516.7,19,52,325.6,2,13,15,20,7,10,9,5,-1,142,122,127,35,529.2603878116344,7.6703601108033235,12.02770083102493,20.93351800554017,639.5844875346261,540.4598337950139,624.7451523545707,23.337950138504155,10
143,Eugene Omoruyi,Washington Wizards,F,51,116,21,54,301.3,8,12,375.0,1,10,33.3,15,20,35,11,20,10,6,0,-91,97,86,62,46,222.8515625,78.5,16.125,0.9140625,570.4140625,442.6015625,308.6640625,136.625,10
144,Evan Fournier,Detroit Pistons,SG,69,169,24,60,355.9,8,9,450.0,13,38,266.1,2,18,20,12,14,7,7,2,-35,101,89,81,32,301.0,18.20408163265306,17.63265306122449,14.622448979591837,459.53061224489795,360.6326530612245,408.0612244897959,27.6734693877551,10
145,Evan Mobley,Cleveland Cavaliers,PF,147,305,60,107,547.9,24,42,522.6,3,14,175.0,25,76,101,35,27,12,16,20,-29,283,248,182,136,371.84429065743944,105.37370242214533,75.2006920415225,2.6262975778546713,782.1418685121107,674.0,423.83391003460207,236.7266435986159,10
146,Frank Ntilikina,Charlotte Hornets,PG,0,21,0,5,0.0,0,0,0.0,0,4,0.0,1,4,5,3,3,0,0,0,-2,8,5,3,8,0.0,1.8888888888888888,5.0,0.0,11.555555555555557,1.8888888888888888,5.0,11.555555555555557,2
147,Franz Wagner,Orlando Magic,SF,157,320,62,132,483.8,27,36,734.2,6,39,101.19999999999999,4,45,49,30,22,8,26,7,25,236,206,187,79,394.8147448015122,29.24952741020794,37.19470699432892,15.992438563327033,611.7240075614367,492.1285444234405,514.2967863894139,66.55765595463139,10
148,Fred VanVleet,Houston Rockets,PG,176,371,55,131,414.5,30,34,641.7,36,86,410.0,6,30,36,72,26,16,22,1,9,284,212,248,108,423.916955017301,25.01038062283737,67.83391003460208,31.328719723183397,751.1280276816609,583.9238754325261,590.2768166089966,93.6885813148789,10
149,Furkan Korkmaz,Philadelphia 76ers,SG,36,94,11,25,178.6,7,9,241.7,7,15,208.3,3,10,13,7,6,1,2,2,2,56,49,43,20,274.0,12.833333333333332,6.833333333333333,18.833333333333332,385.3333333333333,306.8333333333333,354.8333333333333,17.333333333333332,6
150,GG Jackson,Memphis Grizzlies,F,149,266,51,122,417.1,28,37,650.8,19,57,331.7,14,27,41,7,15,2,16,6,-51,197,190,156,48,657.525,66.925,9.700000000000001,28.924999999999997,872.2,792.9,722.625,90.825,10
151,Garrett Temple,Toronto Raptors,SF,5,12,2,4,50.0,1,2,50.0,0,2,0.0,1,0,1,0,2,1,1,0,-4,6,6,5,1,14.0625,0.25,0.0,0.0,18.0625,18.0625,14.0625,0.25,1
152,Garrison Mathews,Atlanta Hawks,SG,26,153,8,27,308.3,3,3,100.0,7,23,308.4,5,12,17,2,18,2,0,0,-21,45,43,28,19,45.625,28.725,1.6000000000000003,6.1,128.6,116.2,48.825,39.525,10
153,Gary Harris,Orlando Magic,SG,76,249,27,49,557.6,3,5,150.0,19,33,580.0,3,14,17,13,17,11,6,3,8,106,93,89,30,103.65625,15.15625,16.15625,12.5,171.90625,157.125,123.125,26.625,10
154,Gary Payton II,Golden State Warriors,SG,50,144,23,39,449.2,1,3,50.0,3,6,250.0,15,14,29,10,13,11,6,4,16,89,79,60,39,222.1734693877551,18.918367346938776,8.051020408163266,2.265306122448979,217.53061224489795,220.41836734693877,215.34693877551018,30.908163265306122,10
155,Gary Trent Jr.,Toronto Raptors,SG,163,330,61,142,429.4,13,16,441.7,28,82,349.6,7,32,39,17,14,10,4,4,3,219,202,180,56,504.5,22.285123966942145,19.23140495867769,19.640495867768596,426.4214876033057,442.6942148760331,476.91322314049586,52.8305785123967,10
156,Georges Niang,Cleveland Cavaliers,SF,89,219,33,68,465.2,4,5,175.0,19,41,433.8,2,32,34,15,16,6,7,2,30,138,123,104,49,366.90277777777777,27.402777777777775,24.517361111111107,19.125,582.2673611111111,471.0,466.43402777777777,63.65625,10
157,Giannis Antetokounmpo,Milwaukee Bucks,PF,306,353,113,177,642.4,70,100,631.3,10,19,533.3,21,81,102,74,20,4,27,7,34,482,408,380,176,488.67296786389414,124.69187145557656,108.4914933837429,4.680529300567108,1069.0964083175804,822.0567107750472,758.6805293005672,210.21550094517957,10
158,Goga Bitadze,Orlando Magic,C,18,85,7,14,320.0,4,7,183.3,0,2,0.0,7,12,19,6,10,2,7,8,14,43,37,24,25,36.63111111111111,51.69777777777777,6.964444444444444,0.0,196.12,149.77777777777777,54.191111111111105,87.44444444444446,7
159,Gordon Hayward,Oklahoma City Thunder,SF,35,156,13,37,336.2,6,8,260.0,3,5,250.0,6,24,30,17,7,3,4,0,-13,82,65,52,47,111.8284023668639,22.236686390532544,35.5207100591716,2.3609467455621305,178.0,156.28994082840237,144.698224852071,46.59763313609468,10
160,Gradey Dick,Toronto Raptors,G,102,250,41,88,462.4,0,0,0.0,20,52,393.5,7,23,30,9,15,5,5,0,-55,141,132,111,39,232.0,18.020661157024794,11.97107438016529,16.082644628099175,330.9669421487603,274.202479338843,285.06198347107437,33.69421487603306,10
161,Grant Williams,Charlotte Hornets,PF,114,311,39,83,487.2,22,31,502.4,14,39,377.8,16,31,47,26,34,7,20,5,-35,187,161,140,73,388.38429752066116,116.74793388429752,19.789256198347108,30.611570247933887,621.2768595041323,527.2644628099174,434.6942148760331,184.2396694214876,10
162,Grayson Allen,Phoenix Suns,SG,135,364,41,100,390.5,21,24,716.7,32,78,387.5,5,30,35,29,24,10,10,7,-1,199,170,164,64,799.4897959183673,26.50566893424036,40.38775510204081,89.55102040816325,912.1111111111111,868.2131519274377,840.2040816326531,70.07709750566893,10
163,Gui Santos,Golden State Warriors,F,38,103,13,24,372.5,8,9,350.0,4,8,250.0,9,21,30,9,14,2,5,2,22,77,68,47,39,148.16326530612247,85.46938775510203,11.79591836734694,4.040816326530612,443.3061224489796,410.6122448979592,155.18367346938774,122.93877551020407,8
164,Harrison Barnes,Sacramento Kings,SF,121,258,43,80,513.9,21,28,625.0,14,36,297.1,6,16,22,7,13,5,5,2,-56,150,143,128,29,327.48771266540643,24.151228733459355,10.387523629489603,16.672967863894144,386.33648393194704,365.6275992438563,344.2003780718336,38.534971644612476,10
165,Harry III Giles,Brooklyn Nets,F,8,8,3,6,50.0,1,2,50.0,1,1,100.0,2,2,4,2,3,0,0,0,-12,14,12,10,6,45.93827160493827,9.679012345679013,2.777777777777778,0.6049382716049383,133.53086419753086,97.79012345679013,71.30864197530865,22.827160493827158,1
166,Haywood Highsmith,Miami Heat,F,50,161,19,42,475.2,2,2,100.0,10,28,350.0,7,15,22,5,11,7,2,7,6,77,72,55,27,303.40720221606654,22.531855955678672,2.5623268698060944,19.357340720221604,397.8808864265927,391.0083102493075,309.797783933518,25.576177285318558,10
167,Herbert Jones,New Orleans Pelicans,SF,120,325,43,73,572.3,15,18,591.7,19,34,480.8,4,27,31,24,34,16,10,7,99,175,151,144,55,288.2326869806094,30.93351800554017,24.409972299168974,26.90027700831025,438.32409972299166,356.25207756232686,365.14127423822714,60.50692520775623,10
168,Ibou Badji,Portland Trail Blazers,C,7,32,3,4,150.0,1,2,50.0,0,0,0.0,1,2,3,4,6,0,5,3,-17,14,10,11,7,11.666666666666668,2.333333333333334,1.4166666666666663,0.0,20.75,22.0,11.416666666666668,2.75,3
169,Immanuel Quickley,Toronto Raptors,SG,210,367,75,162,459.1,25,32,579.7,35,84,407.0,2,59,61,80,18,11,24,2,10,351,271,290,141,293.025,42.49999999999999,195.6,23.4,549.9250000000002,320.92500000000007,449.22499999999997,310.90000000000003,10
170,Isaac Okoro,Cleveland Cavaliers,SF,122,295,45,87,525.5,12,18,516.7,20,46,482.5,4,26,30,27,18,11,6,11,-7,179,152,149,57,114.90625,48.06944444444444,22.434027777777782,10.625,186.23611111111114,159.9340277777778,134.11111111111111,77.60069444444444,10
171,Isaiah Hartenstein,New York Knicks,C,66,219,25,41,604.6,16,19,675.0,0,0,0.0,28,36,64,31,22,8,13,11,-15,161,130,97,95,188.625,74.15625,41.0,0.0,468.65625,336.40625,273.125,162.90625,10
172,Isaiah Jackson,Indiana Pacers,SF,92,174,35,55,691.4,22,28,758.3,0,2,0.0,23,30,53,9,27,8,9,8,-13,154,145,101,62,190.0,178.77777777777777,5.4444444444444455,0.0,678.0,632.7777777777777,202.24444444444447,217.20000000000002,10
173,Isaiah Joe,Oklahoma City Thunder,SG,64,175,25,56,405.8,1,1,100.0,13,39,263.7,4,15,19,10,10,5,6,4,73,93,83,74,29,203.58641975308643,8.919753086419751,22.03086419753086,14.277777777777777,233.3641975308642,215.0,220.0,32.90123456790123,10
174,Isaiah Mobley,Cleveland Cavaliers,F,2,20,1,3,33.3,0,0,0.0,0,0,0.0,0,4,4,1,1,0,0,0,-7,7,6,3,5,0.0,0.0,0.0,0.0,0.0,0.0,0.0,0.0,1
175,Isaiah Stewart,Detroit Pistons,C,74,221,29,57,365.4,6,8,300.0,10,29,198.7,7,36,43,7,8,4,9,5,1,124,117,81,50,86.88000000000001,66.87,10.629999999999999,10.079999999999998,254.0,189.42999999999998,143.26999999999998,85.68,7
176,Ish Smith,Charlotte Hornets,PG,16,148,7,30,136.0,0,0,0.0,2,2,200.0,0,11,11,34,13,5,5,0,-82,61,27,50,45,50.0,9.984375,71.4375,1.4375,163.734375,64.484375,112.4375,118.234375,7
177,Ivica Zubac,LA Clippers,C,103,249,45,70,598.0,13,16,500.0,0,0,0.0,25,57,82,19,30,4,16,8,-10,204,185,122,101,298.93079584775086,103.80622837370242,10.273356401384083,0.0,522.166089965398,478.31487889273353,305.66782006920414,151.19377162629755,10
178,JT Thor,Charlotte Hornets,F,24,90,10,16,466.7,0,0,0.0,4,7,300.0,1,15,16,4,7,0,3,3,29,44,40,28,20,52.6640625,13.2265625,2.4765625,4.5,60.8515625,62.15625,51.65625,15.40625,10
179,JaVale McGee,Sacramento Kings,C,20,39,10,17,255.0,0,3,0.0,0,1,0.0,5,8,13,0,5,1,0,0,-1,33,33,20,13,42.222222222222214,7.555555555555555,0.0,0.0,71.55555555555556,71.55555555555556,42.222222222222214,7.555555555555555,5
180,Jabari Smith Jr.,Houston Rockets,PF,140,345,45,114,396.6,28,34,737.5,22,62,379.3,22,74,96,19,27,11,10,9,-30,255,236,159,115,348.9132231404959,324.5123966942149,17.198347107438014,16.202479338842977,1180.8801652892562,1011.6570247933884,450.0371900826446,409.8099173553719,10
181,Jabari Walker,Portland Trail Blazers,F,83,221,35,74,464.6,12,13,475.0,1,10,100.0,24,40,64,10,27,5,8,1,-50,157,147,93,74,298.2249134948097,84.0,8.034602076124568,1.0830449826989619,678.363321799308,585.166089965398,376.1280276816609,107.3287197231834,10
182,Jacob Gilyard,Memphis Grizzlies,G,67,192,23,49,431.8,1,1,100.0,20,42,431.8,1,13,14,39,10,9,12,2,-59,120,81,106,53,224.22222222222223,10.222222222222221,26.0,19.555555555555557,358.0,274.0,295.55555555555554,48.88888888888889,9
183,Jacob Toppin,New York Knicks,F,13,29,5,9,107.1,2,2,100.0,1,4,33.3,3,3,6,1,3,0,1,0,-18,20,19,14,7,83.61224489795917,10.0,0.5918367346938775,0.7551020408163267,144.04081632653063,148.7551020408163,79.18367346938777,10.306122448979593,2
184,Jaden Hardy,Dallas Mavericks,G,89,135,35,71,517.3,7,8,350.0,12,30,370.0,1,12,13,10,7,3,9,1,-11,112,102,99,23,245.49382716049382,8.160493827160494,10.5,10.253086419753085,270.5,266.0,256.7716049382716,11.882716049382717,10
185,Jaden Ivey,Detroit Pistons,PG,148,299,47,129,348.7,40,46,763.3,14,57,224.89999999999998,10,11,21,32,28,8,23,5,-28,201,169,180,53,784.2040816326531,42.111111111111114,43.35600907029479,37.111111111111114,1200.8866213151928,1076.7913832199545,888.3628117913831,105.40362811791383,10
186,Jaden McDaniels,Minnesota Timberwolves,PF,98,319,38,83,451.4,11,17,341.7,11,34,296.4,8,34,42,20,33,7,10,7,-45,160,140,118,62,423.72778827977316,52.99810964083176,24.075614366729685,22.931947069943288,677.2098298676749,638.6805293005672,443.60680529300566,95.72400756143666,10
187,Jaden Springer,Boston Celtics,G,50,130,18,42,290.4,11,12,475.0,3,13,183.3,8,16,24,13,13,12,7,1,-20,87,74,63,37,151.14285714285714,35.0,16.89285714285714,2.0357142857142856,433.75,318.7142857142857,228.89285714285714,89.17857142857143,7
188,Jae Crowder,Milwaukee Bucks,PF,41,229,17,45,378.3,2,2,100.0,5,23,200.0,9,36,45,10,20,11,5,2,73,96,86,51,55,85.35069444444444,56.7673611111111,10.100694444444443,4.934027777777778,142.90625,105.6111111111111,105.90277777777779,83.61111111111111,10
189,Jae'Sean Tate,Houston Rockets,SF,28,117,12,28,420.3,2,4,50.0,2,4,200.0,10,19,29,10,16,10,8,0,-2,67,57,38,39,31.71597633136095,37.556213017751475,10.236686390532544,1.6094674556213018,138.1360946745562,121.98224852071007,48.28402366863905,47.37869822485207,10
190,Jahmi'us Ramsey,Toronto Raptors,SG,2,5,1,3,33.3,0,0,0.0,0,1,0.0,1,1,2,1,0,0,0,0,-7,5,4,3,3,0.0,0.0,0.0,0.0,0.0,0.0,0.0,0.0,1
191,Jaime Jr. Jaquez,Miami Heat,G,123,293,49,90,496.7,17,23,616.7,8,23,291.6,14,37,51,25,18,15,10,2,10,199,174,148,76,539.7845804988663,35.21315192743764,15.1859410430839,7.673469387755102,530.7097505668935,556.4444444444445,518.5306122448978,45.91836734693878,10
192,Jake LaRavia,Memphis Grizzlies,F,105,215,31,84,285.7,32,40,730.0,11,38,229.8,17,28,45,18,20,11,12,6,-50,168,150,123,63,315.5625,128.25,14.0625,9.895833333333334,556.25,562.5625,339.0,112.5625,9
193,Jakob Poeltl,Toronto Raptors,C,122,251,55,101,543.9,12,20,491.7,0,0,0.0,39,53,92,31,28,10,11,19,35,245,214,153,123,161.8469387755102,127.67346938775509,30.387755102040813,0.0,516.704081632653,398.98979591836735,256.6224489795918,181.0,10
194,Jalen Brunson,New York Knicks,PG,288,357,102,227,448.09999999999997,59,67,794.1,25,70,337.8,5,23,28,73,19,11,34,1,9,389,316,361,101,374.89273356401384,14.269896193771626,100.97923875432525,27.961937716262977,376.6055363321798,346.39446366782005,442.19723183391005,78.15570934256056,10
195,Jalen Duren,Detroit Pistons,C,120,282,44,77,576.1,32,37,802.4,0,0,0.0,28,77,105,33,37,8,22,9,-45,258,225,153,138,105.10204081632652,115.24489795918365,13.662131519274377,0.0,293.1111111111111,297.69387755102036,91.11791383219955,138.30839002267572,10
196,Jalen Green,Houston Rockets,SG,203,322,75,179,410.2,24,28,675.0,29,85,323.9,5,39,44,32,16,10,21,3,17,279,247,235,76,711.3801652892562,48.764462809917354,12.380165289256196,44.28512396694215,897.1115702479339,853.5578512396695,744.5206611570247,71.55785123966943,10
197,Jalen HoodSchifino,Los Angeles Lakers,G,5,11,1,6,33.3,2,4,100.0,1,3,50.0,0,2,2,0,1,0,1,0,-13,7,7,5,2,9.0,0.9799999999999999,0.020000000000000004,0.8200000000000001,13.32,14.180000000000001,8.42,0.72,2
198,Jalen Johnson,Atlanta Hawks,SF,162,349,69,130,533.5,15,22,550.0,9,33,281.7,17,71,88,34,22,6,15,12,20,284,250,196,122,389.0679012345679,88.44444444444444,68.69753086419753,7.34567901234568,876.0,606.030864197531,614.4444444444445,201.73456790123458,10
199,Jalen McDaniels,Toronto Raptors,PF,17,71,7,18,170.0,0,0,0.0,3,8,116.7,3,15,18,6,8,3,10,1,-14,41,35,23,24,39.25,55.64999999999999,6.800000000000001,3.6499999999999995,168.60000000000002,115.8,61.25,93.25,5
200,Jalen Smith,Indiana Pacers,PF,91,158,37,64,586.4,9,15,390.0,8,23,433.3,18,30,48,12,13,1,7,6,16,151,139,103,60,157.31632653061226,27.316326530612248,16.122448979591837,4.0,155.12244897959178,135.0,194.74489795918365,26.132653061224495,10
201,Jalen Suggs,Orlando Magic,SG,123,258,46,84,562.3,8,11,325.0,23,52,425.4,6,25,31,33,29,13,22,5,63,187,154,156,64,191.79012345679013,45.73456790123456,20.160493827160494,24.179012345679013,386.5,310.5493827160494,250.79012345679013,82.84567901234567,10
202,Jalen Williams,Oklahoma City Thunder,F,183,291,72,140,514.1,23,27,640.0,16,38,424.9,4,34,38,39,26,13,13,9,42,260,221,222,77,622.2853185595568,17.734072022160664,15.565096952908588,9.606648199445983,808.6204986149585,791.770083102493,638.1329639889195,34.30193905817175,10
203,Jalen Wilson,Brooklyn Nets,F,39,173,14,46,372.4,6,6,300.0,5,23,275.0,12,20,32,11,12,2,7,0,-27,82,71,50,43,38.125,35.825,5.0,3.125,120.5,89.3,54.025000000000006,56.125,10
204,Jamal Cain,Miami Heat,F,4,16,0,3,0.0,4,4,200.0,0,1,0.0,1,2,3,1,1,1,1,0,-4,8,7,5,4,0.0,0.5,0.5,0.0,0.0,0.5,0.5,0.0,2
205,Jamal Murray,Denver Nuggets,PG,206,312,81,156,485.8,21,25,588.1,23,49,428.3,5,32,37,58,12,11,30,3,30,301,243,264,95,1167.3641975308642,42.277777777777786,113.11111111111111,34.382716049382715,2108.1604938271607,1437.1234567901233,1727.5123456790125,266.27777777777777,10
206,James Bouknight,Charlotte Hornets,SG,5,6,2,4,50.0,0,0,0.0,1,3,33.3,0,0,0,0,0,1,1,0,10,5,5,5,0,14.0625,0.0,0.0,0.5625,14.0625,14.0625,14.0625,0.0,1
207,James Harden,LA Clippers,SG,178,348,51,124,391.90000000000003,51,56,935.7,25,75,310.6,8,48,56,81,18,5,29,8,-37,315,234,259,137,580.1840277777778,52.10069444444444,54.90625,34.77777777777778,438.65625,462.5,549.2361111111111,114.11111111111111,10
208,James Johnson,Indiana Pacers,PF,2,7,0,1,0.0,2,2,100.0,0,0,0.0,0,0,0,1,3,0,0,1,1,3,2,3,1,0.0,0.0,0.0,0.0,0.0,0.0,0.0,0.0,1
209,James Wiseman,Detroit Pistons,C,65,164,28,43,601.7,9,15,365.0,0,0,0.0,17,36,53,10,30,4,9,4,-68,128,118,75,63,190.27777777777777,72.30864197530863,16.49382716049383,0.0,550.5,405.43827160493834,282.6975308641975,141.44444444444443,10
210,Jarace Walker,Indiana Pacers,F,11,55,4,15,72.2,0,0,0.0,3,8,100.0,1,14,15,8,5,4,4,4,5,34,26,19,23,36.040000000000006,35.0,26.84,3.2400000000000007,267.0,138.64000000000001,111.0,115.24,4
211,Jared Butler,Washington Wizards,SG,16,48,7,14,241.7,2,2,100.0,0,4,0.0,2,2,4,12,5,1,5,0,-15,32,20,28,16,26.56,2.16,23.439999999999998,0.0,120.24000000000001,42.0,93.84,36.56,4
212,Jared Rhoden,Detroit Pistons,G,2,13,1,2,50.0,0,0,0.0,0,0,0.0,0,1,1,1,0,0,1,2,2,4,3,3,2,0.0,0.0,0.0,0.0,0.0,0.0,0.0,0.0,1
213,Jaren Jackson Jr.,Memphis Grizzlies,PF,241,330,84,190,433.2,48,68,603.3,25,66,367.8,14,42,56,26,36,14,33,15,-80,323,297,267,82,377.1522491349481,146.42214532871972,16.422145328719722,21.0,744.1418685121107,758.2249134948097,414.2249134948097,111.68858131487889,10
214,Jarred Vanderbilt,Los Angeles Lakers,PF,39,90,14,21,300.0,9,12,275.0,2,3,66.7,6,14,20,10,3,10,7,0,32,69,59,49,30,68.75,46.0,13.0,3.0,324.75,212.75,138.75,101.0,4
215,Jarrett Allen,Cleveland Cavaliers,C,190,358,73,132,540.7,44,63,647.2,0,0,0.0,29,85,114,28,14,5,11,13,-9,332,304,218,142,418.10069444444446,208.27777777777777,35.06944444444444,0.0,841.2673611111111,848.40625,432.68402777777777,221.625,10
216,Javon Freeman-Liberty,Toronto Raptors,G,24,54,7,14,148.8,8,9,280.0,2,6,83.3,1,9,10,5,4,0,3,1,-5,39,34,29,15,51.775510204081634,1.0,0.6938775510204083,0.836734693877551,45.836734693877546,53.06122448979591,43.6938775510204,2.551020408163266,3
217,Jaxson Hayes,Los Angeles Lakers,C,49,138,21,30,588.4,7,13,241.7,0,2,0.0,15,24,39,3,17,3,6,4,-9,91,88,52,42,100.18595041322314,45.97107438016529,4.702479338842975,0.0,214.50413223140498,188.26446280991738,110.21900826446281,66.8801652892562,10
218,Jaylen Brown,Boston Celtics,SG,264,342,102,194,533.6,34,55,678.8,26,66,401.9,16,43,59,34,27,10,22,1,142,357,323,298,93,470.5540166204987,134.19113573407202,15.534626038781164,18.14404432132964,849.8808864265928,881.404432132964,440.365650969529,148.39058171745154,10
219,Jaylin Williams,Oklahoma City Thunder,F,50,154,16,40,453.4,7,9,233.3,11,25,491.6,9,30,39,16,13,3,3,5,40,105,89,66,55,14.865051903114185,51.1522491349481,11.01038062283737,3.3737024221453287,77.96193771626298,71.08304498269896,23.328719723183394,60.57785467128028,10
220,Jayson Tatum,Boston Celtics,SF,263,361,88,188,474.1,51,58,870.9,36,80,450.2,8,75,83,58,21,11,26,4,155,404,346,321,141,486.1111111111111,120.60090702947846,47.12471655328798,24.458049886621314,812.5941043083901,935.0612244897959,406.69614512471657,124.67346938775509,10
221,Jeenathan Williams,Houston Rockets,G,8,17,4,7,66.7,0,2,0.0,0,0,0.0,2,1,3,0,4,0,0,0,17,11,11,8,3,46.22222222222223,0.5555555555555556,0.5,0.0,51.38888888888889,56.555555555555564,41.388888888888886,0.7222222222222221,2
222,Jeff Dowtin,Philadelphia 76ers,G,16,49,6,10,123.80000000000001,0,0,0.0,4,7,116.7,0,3,3,8,0,3,3,1,14,27,19,24,11,54.080000000000005,6.12,17.0,2.8800000000000003,175.68,89.48,119.88,43.52,3
223,Jeff Green,Houston Rockets,PF,37,127,12,36,284.5,7,10,250.0,6,16,366.7,5,11,16,10,7,1,2,3,-24,63,53,47,26,120.01234567901233,17.61111111111111,12.493827160493828,4.549382716049382,246.5,205.21604938271605,162.77777777777777,28.623456790123452,10
224,Jerami Grant,Portland Trail Blazers,SF,204,351,65,157,399.2,53,63,701.3,21,51,427.0,8,23,31,39,23,12,30,2,-68,274,235,243,70,1313.1938775510205,63.97959183673469,35.244897959183675,5.887755102040816,2142.9081632653065,1859.84693877551,1539.2755102040817,156.20408163265307,10
225,Jeremiah Robinson-Earl,New Orleans Pelicans,F,16,49,5,11,166.7,4,7,80.0,2,5,100.0,5,6,11,1,2,2,2,1,5,28,27,17,12,41.111111111111114,24.456790123456795,0.7530864197530864,1.0123456790123457,108.12345679012346,98.30864197530865,44.16049382716049,31.975308641975307,4
226,Jeremy Sochan,San Antonio Spurs,F,119,300,47,108,378.3,16,21,516.7,9,30,283.4,20,48,68,22,27,9,16,5,-34,209,187,141,90,457.37603305785126,119.60330578512396,22.202479338842974,9.376033057851242,938.8842975206611,888.5,459.04958677685954,190.51652892561984,10
227,Jericho Sims,New York Knicks,C,41,241,16,21,626.7,9,13,280.0,0,0,0.0,27,38,65,14,11,5,5,7,-15,120,106,55,79,102.45328719723183,47.0,11.56401384083045,0.0,263.25951557093424,194.3944636678201,155.90657439446363,73.9757785467128,10
228,Jerome Robinson,Golden State Warriors,SG,10,17,4,10,40.0,1,2,50.0,1,6,16.7,0,0,0,1,1,0,0,1,-2,11,10,11,1,75.1111111111111,0.0,0.3402777777777777,0.6944444444444445,85.5625,75.1111111111111,85.5625,0.3402777777777777,1
229,Jett Howard,Orlando Magic,G,0,5,0,1,0.0,0,0,0.0,0,1,0.0,0,0,0,0,1,0,0,0,-5,0,0,0,0,2.25,0.0,0.0,0.25,2.25,2.25,2.25,0.0,1
230,Jevon Carter,Chicago Bulls,PG,42,146,17,41,326.7,0,0,0.0,8,24,183.3,2,9,11,13,10,7,3,1,40,66,53,55,24,177.7,8.5,6.5,11.600000000000001,258.90000000000003,217.0,212.6,22.000000000000004,10
231,Jimmy Butler,Miami Heat,SF,226,352,74,142,528.2,67,85,768.8,11,29,441.6,13,52,65,69,11,20,22,6,70,360,291,295,134,334.42214532871975,78.50865051903114,61.0,6.903114186851211,401.7854671280277,284.9031141868512,393.7750865051903,197.03806228373702,10
232,Jock Landale,Houston Rockets,C,36,100,12,27,400.0,10,12,346.7,2,4,200.0,17,20,37,13,12,2,2,5,13,86,73,49,50,70.18367346938774,83.0204081632653,20.224489795918366,1.5918367346938775,210.9387755102041,163.3265306122449,108.44897959183673,112.59183673469389,9
233,Joe Harris,Detroit Pistons,SF,2,12,1,3,33.3,0,0,0.0,0,1,0.0,0,0,0,0,1,0,0,0,-5,2,2,2,0,0.0,0.0,0.0,0.0,0.0,0.0,0.0,0.0,1
234,Joe Ingles,Orlando Magic,SG,34,172,12,25,305.0,2,3,150.0,8,17,275.0,2,10,12,24,9,8,9,0,18,70,46,58,36,189.86389413988658,6.374291115311909,40.91115311909263,14.19281663516068,225.89035916824196,198.76748582230624,205.84499054820418,58.427221172022676,10
235,Joel Embiid,Philadelphia 76ers,C,14,30,5,18,27.8,2,2,100.0,2,6,33.3,1,6,7,2,5,2,8,0,-21,23,21,16,9,0.0,0.0,0.0,0.0,0.0,0.0,0.0,0.0,1
236,John Collins,Utah Jazz,PF,161,308,65,117,546.7,20,28,670.8,11,34,305.5,29,81,110,15,31,6,19,15,12,286,271,176,125,324.63265306122446,132.55328798185943,6.551020408163265,9.281179138321995,300.5532879818594,356.9274376417234,277.1020408163265,130.2607709750567,10
237,John Konchar,Memphis Grizzlies,SG,54,253,20,42,485.0,6,6,200.0,8,24,391.6,15,33,48,24,17,12,11,11,-9,126,102,78,72,54.44444444444444,54.044444444444444,16.444444444444446,3.6,230.8,172.9777777777778,97.77777777777779,84.97777777777779,10
238,Johnny Davis,Washington Wizards,G,20,144,7,31,224.4,3,6,150.0,3,11,150.0,5,19,24,6,14,2,2,1,-51,50,44,26,30,50.625,28.5390625,4.4140625,4.15625,102.625,78.8515625,68.8515625,38.5,10
239,Johnny Juzang,Utah Jazz,G,14,46,6,16,103.3,0,0,0.0,2,10,40.0,2,5,7,3,1,0,1,0,9,24,21,17,10,56.75,12.1875,0.1875,3.1875,114.75,109.6875,60.1875,14.0,3
240,Jonas Valanciunas,New Orleans Pelicans,C,98,207,42,79,476.7,9,10,375.0,5,11,300.0,23,73,96,14,18,2,14,9,80,208,194,112,110,313.9591836734694,141.70975056689343,17.45124716553288,6.959183673469389,811.8049886621316,731.4512471655329,403.1111111111111,150.36281179138322,10
241,Jonathan Isaac,Orlando Magic,PF,79,179,32,57,602.7,7,11,316.7,8,15,375.0,21,37,58,6,9,7,7,13,19,143,137,85,64,111.23268698060942,85.18559556786704,4.7202216066482,9.639889196675899,271.5872576177285,298.6177285318559,99.12742382271469,74.98060941828254,10
242,Jonathan Kuminga,Golden State Warriors,PF,178,270,69,133,492.2,37,47,684.2,3,17,83.3,15,40,55,30,21,9,14,8,31,263,233,208,85,515.8240000000001,56.536,18.064,4.296,571.6560000000001,660.376,423.19999999999993,78.504,10
243,Jontay Porter,Toronto Raptors,C,26,65,9,20,190.0,3,4,75.0,5,11,158.3,5,13,18,9,8,4,6,1,-22,53,44,35,27,127.36000000000001,30.640000000000004,7.66,7.5,333.74,274.96,165.5,58.94,6
244,Jordan Clarkson,Utah Jazz,PG,175,326,61,150,382.2,33,36,857.9,20,62,276.2,9,30,39,59,19,9,22,1,-63,273,214,234,98,818.125,95.0,84.125,26.025000000000006,1251.0,1226.625,854.0,167.625,10
245,Jordan Goodwin,Memphis Grizzlies,G,49,181,20,58,260.0,4,10,175.0,5,18,169.89999999999998,10,16,26,29,10,12,10,8,-51,104,75,78,55,76.71900826446281,70.53719008264461,56.0,1.6280991735537191,321.9669421487604,204.51239669421486,109.44628099173552,211.2644628099174,7
246,Jordan Hawkins,New Orleans Pelicans,G,49,139,18,60,333.2,3,3,100.0,10,41,210.0,3,13,16,5,8,1,2,2,-9,70,65,54,21,148.24444444444444,21.244444444444444,6.511111111111112,10.0,208.40000000000003,164.77777777777777,189.51111111111112,30.11111111111111,10
247,Jordan McLaughlin,Minnesota Timberwolves,PG,50,123,17,33,444.4,3,4,150.0,13,25,419.4,2,14,16,24,12,8,5,1,23,90,66,74,40,167.21107266435985,22.754325259515568,22.505190311418684,18.68166089965398,229.10034602076126,215.95155709342563,163.43252595155707,62.18685121107266,10
248,Jordan Miller,LA Clippers,G,4,5,1,1,100.0,2,2,100.0,0,0,0.0,0,1,1,0,0,0,0,0,3,5,5,4,1,7.1111111111111125,0.44444444444444453,0.0,0.0,11.111111111111109,11.111111111111109,7.1111111111111125,0.44444444444444453,1
249,Jordan Nwora,Toronto Raptors,SF,65,142,24,58,330.2,9,10,375.0,8,24,230.0,5,22,27,11,10,6,5,3,-72,103,92,76,38,290.62345679012344,26.944444444444446,20.944444444444443,13.660493827160492,329.4382716049383,327.75308641975306,282.41975308641975,57.77777777777777,10
250,Jordan Poole,Washington Wizards,SG,211,297,75,175,415.9,28,32,702.8,33,91,349.5,3,30,33,45,37,11,31,5,-80,289,244,256,78,1018.1111111111112,18.836734693877553,39.49886621315193,34.73696145124717,960.7369614512471,964.4716553287981,972.403628117914,100.30839002267572,10
251,Jordan Walsh,Boston Celtics,G,2,27,1,4,100.0,0,0,0.0,0,2,0.0,2,4,6,1,5,2,2,1,24,9,8,3,7,2.0,8.0,0.5,0.0,0.5,2.0,4.5,4.5,2
252,Jose Alvarado,New Orleans Pelicans,PG,69,203,26,68,388.9,6,7,350.0,11,37,283.3,3,21,24,27,14,15,11,4,69,120,93,96,51,63.0,5.197231833910035,43.74740484429066,4.958477508650519,127.46020761245674,74.4325259515571,121.33564013840831,43.63667820069204,10
253,Josh Giddey,Oklahoma City Thunder,SG,111,228,47,91,492.6,8,10,400.0,9,26,324.9,13,48,61,39,16,10,22,7,52,211,172,150,100,269.77685950413223,78.96694214876032,27.694214876033058,3.111570247933884,571.0,419.42148760330576,364.694214876033,163.3223140495868,10
254,Josh Green,Dallas Mavericks,SG,68,255,27,57,466.6,4,5,80.0,10,26,330.0,11,21,32,17,18,13,10,2,-36,117,100,85,49,168.5165289256198,39.65289256198347,18.00413223140496,10.516528925619834,258.3223140495868,228.5,212.50413223140495,43.49173553719008,10
255,Josh Hart,New York Knicks,SG,145,418,55,129,430.3,14,24,382.1,21,57,365.5,21,83,104,51,20,13,23,6,-31,300,249,196,155,270.1,218.4,55.525,12.5,805.2249999999999,538.5,393.625,417.125,10
256,Josh Minott,Minnesota Timberwolves,F,0,5,0,0,0.0,0,0,0.0,0,0,0.0,0,4,4,0,0,0,0,0,6,4,4,0,4,0.765625,8.265625,0.0,0.015625,4.0,4.0,0.765625,8.265625,1
257,Josh Okogie,Phoenix Suns,SF,46,141,15,32,423.8,10,11,350.0,6,14,300.0,16,6,22,10,4,8,10,2,6,78,68,56,32,116.57777777777777,12.71111111111111,8.71111111111111,6.444444444444445,170.0,161.77777777777777,120.57777777777778,25.644444444444446,10
258,Josh Richardson,Miami Heat,SG,81,169,30,60,331.7,6,6,200.0,15,37,276.7,3,22,25,14,13,4,2,1,5,120,106,95,39,281.71428571428567,17.714285714285715,10.0,22.857142857142858,446.85714285714283,398.8571428571429,333.71428571428567,23.714285714285715,7
259,Joshua Primo,LA Clippers,G,0,5,0,1,0.0,0,0,0.0,0,0,0.0,1,0,1,0,0,0,1,0,1,1,1,0,1,0.0,0.0,0.0,0.0,0.0,0.0,0.0,0.0,1
260,Jrue Holiday,Boston Celtics,PG,108,318,43,75,564.9,3,4,150.0,19,39,559.9,8,31,39,57,17,13,18,7,128,204,147,165,96,135.2,29.0,65.125,5.300000000000001,243.42500000000004,158.59999999999997,233.72500000000002,80.425,10
261,Jules Bernard,Washington Wizards,G,9,19,3,4,250.0,1,2,50.0,2,2,200.0,2,3,5,4,1,1,1,1,15,18,14,13,9,3.6875,3.1875,5.0,0.75,8.75,4.75,8.1875,7.6875,3
262,Julian Champagnie,San Antonio Spurs,F,60,188,19,49,341.1,11,13,350.0,11,34,249.1,9,24,33,20,6,5,6,4,26,113,93,80,53,213.4512471655329,41.44444444444444,34.022675736961446,21.244897959183675,574.424036281179,377.68934240362813,347.8367346938776,137.81632653061223,10
263,Julian Phillips,Chicago Bulls,F,30,110,11,26,255.0,4,5,166.7,4,10,216.7,5,11,16,5,12,3,3,1,6,51,46,35,21,119.98891966759003,27.207756232686982,6.839335180055401,4.936288088642659,255.16620498614958,221.606648199446,140.50138504155123,47.09418282548476,10
264,Julian Strawther,Denver Nuggets,G,9,27,3,11,37.5,2,2,100.0,1,8,20.0,0,3,3,4,1,1,2,0,-15,16,12,13,7,33.98765432098765,7.222222222222221,2.469135802469136,0.8024691358024691,93.72839506172838,71.50617283950618,51.0246913580247,14.876543209876543,2
265,Justin Champagnie,Washington Wizards,SF,4,13,2,7,50.0,0,0,0.0,0,4,0.0,0,1,1,1,0,1,1,1,-1,6,5,5,2,13.555555555555554,0.5555555555555556,0.5555555555555556,0.2222222222222222,5.555555555555554,9.0,9.0,2.2222222222222223,2
266,Justin Holiday,Denver Nuggets,SF,57,202,20,46,469.7,3,4,150.0,14,35,370.0,1,16,17,19,10,7,3,3,-27,93,74,76,36,171.55363321799308,15.304498269896193,37.373702422145335,14.0,333.5121107266436,255.2249134948097,235.95155709342563,66.5674740484429,10
267,Justin Minaya,Portland Trail Blazers,F,3,37,1,6,33.3,0,0,0.0,1,5,33.3,3,3,6,2,2,1,1,0,-24,11,9,5,8,7.5600000000000005,2.96,1.16,0.8400000000000001,12.040000000000003,10.04,6.4399999999999995,7.24,4
268,Jusuf Nurkic,Phoenix Suns,C,104,264,39,72,603.7,26,46,498.3,0,3,0.0,40,100,140,45,35,10,35,16,64,289,244,149,185,181.62500000000003,528.025,30.599999999999998,0.0,1157.0,1046.8,219.92499999999998,630.5250000000001,10
269,Karl-Anthony Towns,Minnesota Timberwolves,C,193,306,66,146,451.8,41,47,734.2,20,56,341.5,20,55,75,29,33,8,24,8,98,297,268,222,104,242.5,98.8515625,46.9140625,18.9765625,525.125,391.8515625,338.9140625,182.625,10
270,Kawhi Leonard,LA Clippers,SF,230,353,91,182,511.7,36,40,889.9,12,45,216.6,16,47,63,37,14,19,21,6,-24,330,293,267,100,274.225,44.325,36.5,13.825000000000001,464.40000000000015,370.1,340.125,109.225,10
271,Keegan Murray,Sacramento Kings,SF,133,352,48,106,419.7,19,19,600.0,18,51,324.79999999999995,13,36,49,11,30,10,10,10,0,193,182,144,60,537.7221172022685,22.678638941398862,19.06427221172023,30.3742911153119,566.1947069943288,602.0,501.640831758034,42.01890359168242,10
272,Keita Bates-Diop,Brooklyn Nets,SF,38,100,14,26,648.3,5,6,250.0,5,12,350.0,3,10,13,4,2,1,6,5,-18,55,51,42,17,46.28373702422145,16.25259515570934,4.422145328719723,4.923875432525952,79.6089965397924,74.73010380622837,43.44636678200692,28.391003460207614,10
273,Keldon Johnson,San Antonio Spurs,SF,156,294,57,127,442.6,17,21,488.3,25,67,353.6,12,32,44,29,17,6,12,2,-20,229,200,185,73,321.625,72.0,33.3,22.725,611.925,572.625,391.72499999999997,74.5,10
274,Kelly Olynyk,Toronto Raptors,PF,96,230,32,71,383.3,24,30,557.1,8,26,258.3,14,29,43,38,34,14,16,8,-56,177,139,134,81,246.8390022675737,71.20408163265306,66.97505668934241,7.83219954648526,726.2607709750566,462.77777777777777,454.6485260770975,193.85260770975054,10
275,Kelly Oubre Jr.,Philadelphia 76ers,SG,162,308,58,150,373.7,37,50,684.5,9,45,169.5,19,35,54,20,39,13,22,2,-67,236,216,182,74,626.3842975206611,67.47107438016529,17.673553719008265,7.2644628099173545,990.3801652892562,853.7396694214876,737.702479338843,110.46694214876034,10
276,Kendall Brown,Indiana Pacers,SG,0,7,0,0,0.0,0,0,0.0,0,0,0.0,0,0,0,0,0,0,0,0,4,0,0,0,0,0.25,0.0,0.0625,0.0,0.5625,0.25,0.5625,0.0625,1
277,Kenneth Lofton Jr.,Philadelphia 76ers,F,2,5,1,4,25.0,0,0,0.0,0,2,0.0,0,1,1,0,0,0,0,0,-4,3,3,2,1,0.0,0.0,0.0,0.0,0.0,0.0,0.0,0.0,1
278,Kenrich Williams,Oklahoma City Thunder,SF,28,111,11,29,274.6,0,0,0.0,6,18,150.0,6,25,31,12,11,2,4,0,46,71,59,40,43,148.5,47.125,13.825,14.499999999999998,244.9,227.125,156.22500000000002,71.0,10
279,Kentavious Caldwell-Pope,Denver Nuggets,SG,103,289,34,74,420.7,15,16,580.0,20,43,415.0,4,22,26,22,16,13,8,5,81,151,129,125,48,309.9765625,12.6640625,15.65625,20.0390625,377.125,316.15625,365.1015625,34.1640625,10
280,Kenyon Martin Jr.,Philadelphia 76ers,F,68,211,30,48,628.8,4,6,250.0,4,8,216.7,14,34,48,12,29,4,9,4,-26,128,116,80,60,168.825,58.62500000000001,13.825,4.499999999999999,431.2249999999999,346.5,236.40000000000003,89.6,10
281,Keon Ellis,Sacramento Kings,G,23,106,9,20,216.7,0,0,0.0,5,13,143.3,7,8,15,14,14,7,3,2,16,52,38,37,29,109.0,5.1420118343195265,41.06508875739645,7.911242603550294,132.0,141.52662721893492,106.68047337278107,39.0,8
282,Keon Johnson,Brooklyn Nets,G,12,26,3,8,73.3,4,4,100.0,2,4,133.3,2,1,3,2,2,2,2,0,-9,17,15,14,5,18.88888888888889,0.5555555555555556,2.2222222222222223,0.22222222222222227,27.222222222222225,13.888888888888888,34.0,1.0,2
283,Kessler Edwards,Sacramento Kings,SF,12,40,4,10,106.7,1,2,50.0,3,7,91.7,0,7,7,1,5,2,0,1,10,20,19,13,8,38.96,12.360000000000003,0.8400000000000001,3.5599999999999996,41.64000000000001,39.0,35.96000000000001,18.84,4
284,Kevin Durant,Phoenix Suns,PF,287,378,103,209,496.5,62,77,805.6,19,57,340.5,7,62,69,45,18,6,41,13,35,401,356,332,114,539.3801652892562,62.289256198347104,60.17355371900826,9.971074380165287,897.2479338842975,763.3388429752067,611.2396694214876,184.51239669421489,10
285,Kevin Huerter,Sacramento Kings,SG,90,247,36,87,390.1,2,4,100.0,16,49,263.3,7,26,33,27,21,6,11,4,1,150,123,117,60,384.8393194706994,27.27977315689981,10.100189035916825,24.491493383742913,575.2098298676749,507.34026465028353,442.8790170132325,47.209829867674856,10
286,Kevin Knox II,Detroit Pistons,SF,18,65,8,19,115.6,1,1,100.0,1,7,33.3,3,7,10,4,8,2,6,0,25,32,28,22,14,99.0,11.0,2.0,0.75,146.0,176.0,77.0,5.0,4
287,Kevin Love,Miami Heat,PF,88,158,30,62,483.6,10,14,208.3,18,45,387.4,10,55,65,19,20,3,10,3,31,172,153,107,84,341.77777777777777,48.94444444444445,12.944444444444446,15.777777777777775,500.0,468.94444444444446,378.94444444444446,55.77777777777777,10
288,Kevon Looney,Golden State Warriors,F,21,97,8,18,483.3,5,8,175.0,0,0,0.0,7,22,29,13,12,1,5,4,38,63,50,34,42,26.5,19.4,6.125,0.0,19.325000000000006,32.10000000000001,15.625,23.625000000000004,10
289,Keyontae Johnson,Oklahoma City Thunder,F,5,29,2,6,66.7,0,0,0.0,1,2,100.0,1,4,5,0,3,0,1,0,-7,10,10,5,5,16.6875,4.75,0.0,0.6875,24.6875,24.6875,16.6875,4.75,3
290,Keyonte George,Utah Jazz,G,167,316,60,137,384.7,14,17,296.7,33,74,382.8,0,28,28,54,15,7,28,1,-46,249,195,221,82,1161.2714681440443,22.53185595567867,47.141274238227155,68.71191135734072,1564.9224376731302,1342.0415512465374,1363.5650969529086,90.26038781163436,10
291,Khris Middleton,Milwaukee Bucks,SF,54,110,22,41,229.2,3,4,150.0,7,16,218.3,1,15,16,20,14,2,8,2,32,90,70,74,36,113.0,22.0,38.0,2.75,237.0,125.0,251.0,34.0,4
292,Killian Hayes,Detroit Pistons,PG,10,42,4,9,92.9,0,0,0.0,2,4,50.0,0,7,7,12,2,0,2,0,-10,29,17,22,19,18.0,0.5,18.0,2.0,84.5,24.5,72.0,24.5,2
293,Klay Thompson,Golden State Warriors,SG,162,250,56,128,435.6,14,15,466.7,36,85,404.9,2,27,29,19,18,7,15,1,-15,210,191,181,48,667.0699432892249,23.43100189035917,28.90926275992438,28.672967863894137,585.156899810964,624.9924385633269,629.5746691871456,50.0,10
294,Kobe Brown,LA Clippers,G,2,27,1,5,100.0,0,0,0.0,0,2,0.0,4,5,9,2,4,0,3,0,-23,13,11,4,11,3.0123456790123457,7.938271604938271,1.308641975308642,0.04938271604938271,10.160493827160494,5.444444444444445,2.197530864197531,14.77777777777778,4
295,Kobe Bufkin,Atlanta Hawks,G,27,81,11,31,158.4,1,2,50.0,4,14,115.0,1,10,11,14,6,3,4,1,21,52,38,41,25,72.63265306122449,3.9795918367346945,14.959183673469388,2.836734693877551,134.6326530612245,95.83673469387756,113.83673469387753,16.53061224489796,5
296,Kris Dunn,Utah Jazz,G,60,203,25,43,493.29999999999995,4,5,250.0,6,18,341.7,8,15,23,25,24,12,13,1,-70,108,83,85,48,167.83673469387756,22.26530612244898,21.267573696145128,4.662131519274376,259.124716553288,203.0,217.18594104308391,50.30839002267573,10
297,Kris Murray,Portland Trail Blazers,F,80,289,31,79,386.2,11,19,450.0,7,39,256.7,20,34,54,25,23,10,12,2,-7,159,134,105,79,235.225,87.425,32.900000000000006,4.1,517.8,372.5,298.72499999999997,202.125,10
298,Kristaps Porzingis,Boston Celtics,C,236,301,79,154,525.0,53,57,827.8,25,55,502.2,15,60,75,18,23,5,14,16,102,329,311,254,93,339.9183673469388,114.63265306122449,13.76530612244898,6.704081632653061,556.9081632653061,575.0,330.1734693877551,120.05102040816325,10
299,Kyle Anderson,Minnesota Timberwolves,SF,67,244,26,58,429.7,13,15,350.0,2,6,150.0,4,33,37,47,17,8,11,3,71,151,104,114,84,115.0,51.1994459833795,26.49584487534626,1.6177285318559556,222.0360110803324,207.0415512465374,164.54847645429362,43.141274238227155,10
300,Kyle Kuzma,Washington Wizards,SF,259,345,98,202,487.4,38,54,701.7,25,65,353.3,11,68,79,42,19,8,25,10,-96,380,338,301,121,311.125,83.92500000000001,60.82500000000001,37.4,611.625,565.2,377.80000000000007,124.50000000000001,10
301,Kyle Lowry,Philadelphia 76ers,PG,68,236,22,52,334.5,11,12,375.0,13,32,292.1,5,20,25,44,17,8,12,1,-34,137,93,112,69,146.72,15.0,40.08,11.88,389.08,217.32000000000002,275.28,98.28,8
302,Kyrie Irving,Dallas Mavericks,PG,265,352,104,205,508.4,23,23,700.0,34,78,432.1,8,42,50,36,14,9,18,4,-22,351,315,301,86,214.11111111111114,44.77160493827161,28.5,16.944444444444446,415.86419753086415,347.36419753086415,265.61111111111114,90.2716049382716,10
303,Lamar Stevens,Memphis Grizzlies,PF,111,215,46,97,495.5,13,18,333.3,6,15,425.0,12,32,44,7,18,7,12,7,-20,162,155,118,51,202.86159169550174,49.33564013840831,6.391003460207614,2.4013840830449826,326.0415224913495,257.5467128027682,268.0,59.083044982698965,10
304,Landry Shamet,Washington Wizards,SG,55,184,20,55,273.1,7,7,300.0,8,35,104.1,4,10,14,8,12,4,9,2,-68,77,69,63,22,330.6731301939058,22.47091412742382,5.689750692520775,15.617728531855956,462.24653739612194,413.3656509695291,372.11357340720224,35.60110803324099,10
305,Larry Nance Jr.,New Orleans Pelicans,PF,53,197,22,34,588.6,7,10,316.7,2,6,150.0,21,27,48,18,20,10,13,5,25,119,101,71,66,92.325,41.825,12.0,1.825,197.0,177.79999999999998,114.92500000000001,50.425000000000004,10
306,Lauri Markkanen,Utah Jazz,PF,211,342,70,163,428.6,40,43,856.7,31,77,398.8,18,52,70,23,15,7,17,3,-46,304,281,234,93,325.44444444444446,112.71111111111112,50.111111111111114,23.444444444444446,786.5777777777778,575.4000000000001,492.8,206.64444444444445,10
307,LeBron James,Los Angeles Lakers,SF,274,358,104,180,575.4,41,52,741.7,25,50,513.3,5,52,57,99,11,10,31,5,67,430,331,373,156,199.23456790123458,80.94444444444444,46.97530864197531,28.01234567901235,235.5123456790123,236.03086419753083,225.64197530864195,100.99382716049384,10
308,Leaky Black,Charlotte Hornets,F,26,138,8,22,232.1,6,8,225.0,4,9,150.0,3,19,22,13,8,2,3,2,-25,61,48,39,35,83.5,29.5,5.875,8.0,111.875,84.0,96.875,49.875,8
309,Leonard Miller,Minnesota Timberwolves,F,0,5,0,1,0.0,0,0,0.0,0,0,0.0,0,0,0,2,0,0,0,0,8,2,0,2,2,1.0,0.25,1.0,0.0,0.25,2.25,0.0,0.25,1
310,Lester Quinones,Golden State Warriors,G,58,162,20,53,357.0,9,13,325.0,9,31,250.0,8,18,26,11,17,2,5,0,-34,95,84,69,37,190.0,18.43402777777778,15.0,10.902777777777779,249.68402777777777,279.7673611111111,177.0,16.350694444444446,10
311,Lindy Waters III,Oklahoma City Thunder,F,29,66,10,21,323.3,0,0,0.0,9,19,283.3,1,14,15,4,6,1,3,2,-33,48,44,33,19,65.38194444444444,21.444444444444446,3.881944444444444,8.381944444444445,156.44444444444443,128.4375,80.77777777777777,37.9375,7
312,Lonnie Walker IV,Brooklyn Nets,G,101,188,36,101,323.1,6,7,350.0,23,59,341.1,0,25,25,8,23,5,9,3,15,134,126,109,33,412.4072022160665,31.33795013850415,10.138504155124652,26.180055401662052,635.0858725761773,594.4487534626039,448.94459833795014,45.57617728531856,10
313,Luguentz Dort,Oklahoma City Thunder,G,112,282,41,86,494.2,3,3,200.0,27,54,526.1,5,27,32,9,27,12,4,5,78,153,144,121,41,232.198347107438,40.247933884297524,7.971074380165289,19.231404958677686,321.29338842975204,290.92561983471074,248.5,62.285123966942145,10
314,Luka Doncic,Dallas Mavericks,PG,364,376,131,250,523.0,62,71,901.1,40,104,372.7,7,91,98,108,26,16,41,5,40,570,462,472,206,266.8163265306123,26.0,69.70975056689343,36.0,482.5532879818594,297.9591836734694,403.79138321995464,143.32879818594103,10
315,Luka Garza,Minnesota Timberwolves,C,17,15,5,10,100.0,5,6,150.0,2,4,133.3,3,1,4,1,4,0,1,0,7,22,21,18,5,23.04081632653061,3.020408163265306,0.5918367346938775,0.16326530612244897,44.73469387755102,37.65306122448979,27.51020408163265,6.224489795918369,2
316,Luka Samanic,Utah Jazz,F,35,88,11,34,238.8,10,12,350.0,3,17,78.3,4,13,17,4,9,1,5,4,-44,56,52,39,21,50.32142857142857,17.857142857142858,3.75,1.7499999999999998,135.0,117.75,62.857142857142854,26.321428571428573,7
317,Luke Kennard,Memphis Grizzlies,SG,120,263,36,72,497.90000000000003,21,24,621.4,27,57,477.9,0,20,20,29,9,6,15,0,-74,169,140,149,49,392.6224489795918,6.0,39.56122448979592,24.26530612244898,528.9591836734694,402.6224489795918,524.9591836734694,39.56122448979592,10
318,Luke Kornet,Boston Celtics,C,51,148,23,29,649.0,5,6,250.0,0,0,0.0,15,23,38,7,18,2,1,10,67,96,89,58,45,179.57777777777778,57.2,10.37777777777778,0.0,446.44444444444446,379.44444444444446,221.11111111111114,93.04444444444444,10
319,Malachi Flynn,Detroit Pistons,PG,36,83,13,39,232.5,4,6,200.0,6,18,241.7,0,10,10,11,5,3,6,0,-20,57,46,47,21,92.08996539792388,7.868512110726643,12.307958477508654,4.7612456747404845,202.9861591695502,143.06574394463667,142.70934256055364,29.47750865051903,8
320,Malaki Branham,San Antonio Spurs,G,154,237,55,108,516.5,18,19,675.0,26,46,530.4,5,18,23,22,14,4,15,1,-34,199,177,176,45,419.42500000000007,8.5,25.625,23.425,506.99999999999994,421.32499999999993,496.50000000000006,42.725,10
321,Malcolm Brogdon,Portland Trail Blazers,PG,65,142,24,52,182.4,11,13,333.3,6,19,110.0,6,19,25,27,9,4,8,1,10,117,90,92,52,92.75,4.75,6.75,5.0,106.75,61.0,146.0,4.0,4
322,Malik Beasley,Milwaukee Bucks,SG,112,310,40,100,389.8,2,3,150.0,30,79,366.4,3,30,33,16,22,12,6,1,116,161,145,128,49,363.77777777777777,17.15625,14.5,34.0,273.6840277777778,300.7673611111111,324.94444444444446,43.40625,10
323,Malik Monk,Sacramento Kings,SG,175,283,68,156,411.8,20,24,750.0,19,58,298.0,5,34,39,54,22,11,20,3,-7,268,214,229,93,863.0,20.909262759924385,42.400756143667294,18.909262759924385,1033.7240075614368,972.6049149338374,891.3137996219282,96.11531190926276,10
324,MarJon Beauchamp,Milwaukee Bucks,F,30,42,10,16,350.0,7,8,175.0,3,7,200.0,2,9,11,1,4,1,3,0,-17,42,41,31,12,65.5,11.0,0.8749999999999999,1.875,116.04166666666664,105.5,72.87499999999999,15.04166666666667,6
325,Marcus Morris Sr.,Philadelphia 76ers,SF,23,65,9,22,122.9,2,2,100.0,3,8,83.3,0,10,10,1,3,2,5,1,-14,34,33,24,11,20.666666666666664,4.666666666666666,0.6666666666666667,2.0,24.666666666666664,32.0,14.0,4.666666666666666,3
326,Marcus Sasser,Detroit Pistons,G,71,200,27,77,322.3,6,9,300.0,11,39,299.5,1,19,20,42,19,10,15,0,-27,133,91,113,62,359.97577854671283,14.311418685121108,76.09688581314879,12.273356401384085,620.1003460207612,425.318339100346,552.3910034602077,92.77508650519032,10
327,Markelle Fultz,Orlando Magic,PG,70,187,30,67,401.1,9,12,333.3,1,7,50.0,15,20,35,22,11,7,13,3,-17,127,105,92,57,225.1640625,36.65625,21.90625,0.9140625,235.8515625,194.4140625,239.0390625,86.125,10
328,Markieff Morris,Dallas Mavericks,PF,3,6,1,2,50.0,0,0,0.0,1,2,50.0,0,2,2,0,0,0,0,0,-1,5,5,3,2,1.4400000000000004,2.5600000000000005,0.0,0.15999999999999992,0.16000000000000028,0.16000000000000028,1.4400000000000004,2.5600000000000005,1
329,Marques Bolden,Charlotte Hornets,C,0,13,0,1,0.0,0,0,0.0,0,0,0.0,0,1,1,0,1,0,1,0,2,1,1,0,1,0.0,0.7222222222222223,0.0,0.0,0.7222222222222223,0.7222222222222223,0.0,0.7222222222222223,2
330,Marvin Bagley III,Washington Wizards,PF,119,262,53,102,492.7,10,14,383.3,3,8,250.0,40,46,86,16,13,7,8,11,-40,221,205,135,102,363.0,137.06944444444443,12.402777777777779,2.125,626.7777777777778,594.2361111111111,370.56944444444446,174.44444444444446,10
331,Mason Jones,Sacramento Kings,G,1,13,0,3,0.0,1,2,50.0,0,2,0.0,1,3,4,4,0,0,0,0,10,9,5,5,8,0.0,0.0,0.0,0.0,0.0,0.0,0.0,0.0,1
332,Mason Plumlee,LA Clippers,C,57,131,20,32,603.3,17,22,416.7,0,0,0.0,12,38,50,13,21,3,12,5,-15,120,107,70,63,88.47922437673131,105.40720221606648,12.102493074792244,0.0,206.72576177285316,222.3961218836565,86.4432132963989,103.87534626038781,10
333,Matisse Thybulle,Portland Trail Blazers,SG,60,233,22,58,318.9,6,9,250.0,10,30,293.3,8,21,29,16,19,26,10,5,-70,105,89,76,45,341.1020408163265,27.24489795918367,19.328798185941043,12.816326530612246,625.4444444444445,465.6938775510204,488.7845804988662,58.64172335600907,10
334,Matt Ryan,New Orleans Pelicans,F,26,49,9,21,200.0,0,0,0.0,8,17,194.4,1,8,9,2,5,0,2,0,-9,37,35,28,11,136.55555555555557,7.25,1.2222222222222223,11.555555555555557,204.80555555555554,200.80555555555557,141.55555555555554,7.472222222222223,5
335,Matthew Hurt,Memphis Grizzlies,F,32,110,12,33,215.9,3,3,200.0,5,19,233.4,9,7,16,4,8,3,2,3,-7,52,48,36,20,116.87573964497041,22.124260355029588,4.201183431952662,4.189349112426036,232.3491124260355,187.60355029585796,154.29585798816566,33.650887573964496,7
336,Max Christie,Los Angeles Lakers,G,45,140,15,29,682.8,7,10,400.0,8,16,386.7,3,13,16,11,3,2,2,5,-22,72,61,56,27,52.82825484764543,10.409972299168976,29.86426592797784,5.883656509695291,184.37673130193906,86.82271468144043,139.77839335180056,50.87811634349031,10
337,Max Strus,Cleveland Cavaliers,SG,118,312,42,93,422.4,12,15,316.7,22,62,318.5,11,20,31,48,25,6,16,4,-32,197,149,166,79,288.89273356401384,29.78892733564014,24.9757785467128,31.79930795847751,403.7820069204152,330.9031141868512,380.8719723183391,35.66435986159169,10
338,Maxi Kleber,Dallas Mavericks,PF,37,227,11,35,232.79999999999998,8,11,300.0,7,24,266.6,6,39,45,11,16,3,3,6,48,93,82,48,56,129.125,105.525,9.3,4.324999999999999,443.70000000000005,367.2,178.82500000000005,141.625,10
339,Michael Porter Jr.,Denver Nuggets,SF,201,325,80,149,540.6,11,11,500.0,30,72,429.8,13,60,73,17,19,7,13,6,65,291,274,218,90,655.8808864265928,119.82548476454294,12.180055401662049,20.69252077562327,1327.764542936288,1226.797783933518,732.6204986149585,156.2326869806094,10
340,Mikal Bridges,Brooklyn Nets,SF,169,365,60,153,381.29999999999995,23,33,544.4,26,81,340.2,7,35,42,44,13,13,15,2,21,255,211,213,86,804.1840277777777,40.90625,39.40277777777778,33.06944444444444,924.5694444444445,922.9444444444445,787.7673611111111,98.35069444444444,10
341,Mike Conley,Minnesota Timberwolves,PG,99,290,35,83,389.8,14,16,433.3,15,46,308.3,8,25,33,48,14,12,17,0,-46,180,132,147,81,316.67346938775506,34.41043083900227,53.55102040816326,18.64172335600907,237.11111111111111,173.51927437641723,346.3469387755102,121.87981859410431,10
342,Mike Muscala,Oklahoma City Thunder,C,26,115,9,31,234.2,1,2,50.0,7,22,250.0,5,14,19,5,5,2,1,1,34,50,45,31,24,85.46280991735537,11.0,6.223140495867768,9.578512396694213,163.4793388429752,143.1900826446281,98.84297520661157,24.132231404958677,9
343,Miles Bridges,Charlotte Hornets,SF,205,393,83,184,448.7,18,25,556.7,21,66,317.5,14,79,93,28,17,9,23,3,-80,326,298,233,121,497.4444444444445,122.5,29.15625,21.65625,1088.0173611111109,924.2777777777778,631.1840277777778,181.65625,10
344,Miles McBride,New York Knicks,PG,90,265,34,85,430.0,5,6,266.7,17,45,353.0,6,11,17,29,19,11,4,2,-35,136,107,119,46,264.4,12.1,100.52499999999999,18.325000000000003,557.425,344.5,459.925,130.025,10
345,Mo Bamba,Philadelphia 76ers,C,33,143,13,34,301.7,5,8,125.0,2,9,66.7,11,29,40,8,18,1,9,10,-25,81,73,41,48,100.21995464852607,48.26757369614512,9.61451247165533,3.600907029478458,181.9795918367347,193.44444444444443,89.11791383219955,57.519274376417236,10
346,Monte Morris,Minnesota Timberwolves,PG,53,154,20,52,431.1,5,7,275.0,8,21,341.6,3,12,15,30,4,6,2,1,20,98,68,83,45,93.4140625,18.65625,41.1640625,3.90625,212.0,126.1640625,154.65625,84.4140625,10
347,Moritz Wagner,Orlando Magic,C,114,181,42,65,626.0,27,32,603.1,3,11,233.3,17,37,54,12,18,6,12,1,28,180,168,126,66,351.992438563327,59.36105860113421,5.844990548204159,2.100189035916824,547.8790170132326,586.68809073724,322.57844990548205,55.810964083175804,10
348,Moses Brown,Portland Trail Blazers,C,13,28,6,10,233.3,1,3,33.3,0,0,0.0,4,5,9,2,4,0,2,1,7,24,22,15,11,15.280000000000001,8.120000000000001,2.880000000000001,0.0,7.880000000000003,12.52,10.320000000000002,11.32,3
349,Moses Moody,Golden State Warriors,SG,88,206,34,77,472.0,11,14,333.3,9,35,242.1,12,30,42,5,12,8,8,6,29,135,130,93,47,159.62880886426592,52.2382271468144,2.5069252077562325,19.620498614958446,273.7590027700831,264.1662049861496,167.35457063711914,56.612188365650965,10
350,Mouhamadou Gueye,Toronto Raptors,F,2,6,1,3,33.3,0,0,0.0,0,0,0.0,2,1,3,0,1,0,0,2,4,5,5,2,3,1.0,0.25,0.0,0.0,2.25,2.25,1.0,0.25,1
351,Moussa Diabate,LA Clippers,F,2,7,1,1,100.0,0,2,0.0,0,0,0.0,1,3,4,0,0,1,0,1,1,6,6,2,4,0.0,0.0,0.0,0.0,0.0,0.0,0.0,0.0,1
352,Myles Turner,Indiana Pacers,C,170,271,59,116,513.5,40,50,711.7,12,41,246.29999999999998,17,62,79,7,28,5,18,22,11,256,249,177,86,398.94444444444446,64.77160493827161,5.364197530864198,13.604938271604938,432.5,414.08641975308643,432.38271604938274,55.1111111111111,10
353,Naji Marshall,New Orleans Pelicans,SF,65,204,26,49,387.5,2,3,150.0,11,24,391.6,7,36,43,22,9,9,11,4,74,130,108,87,65,356.4012345679012,53.364197530864196,17.60493827160494,12.919753086419757,397.08641975308643,396.44444444444446,338.4012345679012,89.6111111111111,10
354,Nassir Little,Phoenix Suns,SF,9,50,3,12,133.3,0,0,0.0,3,8,200.0,0,10,10,3,6,0,1,2,-8,22,19,12,13,13.078125,5.953125,3.453125,1.453125,22.828125,23.25,13.25,8.8125,5
355,Nate Hinton,Houston Rockets,G,10,15,3,5,60.0,2,3,66.7,2,3,66.7,1,2,3,2,2,1,0,1,13,15,13,12,5,43.559999999999995,4.840000000000001,1.44,1.9599999999999997,100.0,77.44000000000001,60.839999999999996,11.559999999999999,1
356,Nathan Mensah,Charlotte Hornets,C,4,45,2,5,66.7,0,0,0.0,0,0,0.0,4,4,8,0,8,1,1,2,-10,12,12,4,8,12.88888888888889,7.555555555555557,0.0,0.0,40.0,40.0,12.88888888888889,7.555555555555557,5
357,Naz Reid,Minnesota Timberwolves,C,160,289,55,120,449.6,26,34,654.2,24,57,388.7,15,51,66,17,24,6,16,15,-10,243,226,177,83,821.1493383742911,50.57844990548203,8.803402646502835,52.400756143667294,763.3024574669187,677.0283553875236,897.0264650283553,69.7788279773157,10
358,Neemias Queta,Boston Celtics,C,39,72,19,26,443.4,1,2,100.0,0,0,0.0,12,15,27,4,7,3,3,6,61,70,66,43,31,19.5,37.5,1.3333333333333335,0.0,89.33333333333333,100.0,14.833333333333332,32.833333333333336,6
359,Nic Claxton,Brooklyn Nets,C,132,302,54,84,647.6,24,36,508.9,0,0,0.0,16,67,83,26,25,5,14,17,7,241,215,158,109,183.73611111111111,75.60069444444443,8.5,0.0,323.10069444444446,288.5173611111111,195.40277777777777,107.01736111111111,10
360,Nick Jr. Smith,Charlotte Hornets,G,59,179,19,63,331.1,8,9,187.5,13,36,324.9,3,8,11,20,19,5,4,0,4,90,70,79,31,181.44444444444446,11.177777777777777,20.177777777777777,13.977777777777778,204.04444444444448,201.6,171.44444444444446,43.8,10
361,Nick Richards,Charlotte Hornets,C,113,284,46,65,699.5,21,28,538.1,0,1,0.0,31,56,87,5,26,8,12,11,-41,205,200,118,92,300.5916824196597,98.77693761814744,8.73156899810964,0.0,468.4442344045368,455.4631379962193,304.9981096408318,116.08317580340265,10
362,Nickeil Alexander-Walker,Minnesota Timberwolves,SG,90,249,34,82,409.1,8,9,450.0,14,39,385.0,8,18,26,28,12,6,8,7,15,144,116,118,54,190.01890359168243,48.49149338374292,31.60680529300567,16.54820415879017,302.67296786389414,204.59357277882796,249.64839319470698,118.54820415879016,10
363,Nicolas Batum,Philadelphia 76ers,PF,39,231,13,43,219.6,5,5,200.0,8,30,201.6,13,31,44,16,19,8,6,5,-31,99,83,55,60,102.5625,67.72916666666667,13.666666666666666,5.0625,252.0,210.33333333333334,100.0625,125.5625,9
364,Nikola Jokic,Denver Nuggets,C,247,366,99,168,607.7,41,46,876.4,8,30,143.7,21,103,124,102,26,14,26,9,130,473,371,349,226,509.7867036011081,184.44875346260386,132.26038781163436,15.617728531855956,1158.1024930747922,769.7257617728532,719.0941828254848,495.77839335180056,10
365,Nikola Jovic,Miami Heat,F,82,214,29,59,475.6,9,13,325.0,15,36,435.8,2,42,44,23,17,7,10,4,24,149,126,105,67,334.7040816326531,42.53061224489796,16.1734693877551,17.316326530612244,581.7755102040817,505.5612244897959,389.12244897959187,80.5,10
366,Nikola Vucevic,Chicago Bulls,C,207,352,92,194,464.0,8,11,350.0,15,47,314.2,38,76,114,27,30,4,23,4,-84,348,321,234,141,463.6938775510204,35.641723356009074,16.519274376417233,6.505668934240362,700.8390022675737,557.59410430839,595.9818594104308,63.11791383219955,10
367,Noah Clowney,Brooklyn Nets,F,8,41,3,6,50.0,0,0,0.0,0,2,0.0,3,4,7,5,2,2,1,0,-7,20,15,13,12,45.666666666666664,7.666666666666668,2.481481481481482,0.037037037037037035,83.81481481481481,86.0,42.14814814814815,11.481481481481481,3
368,Norman Powell,LA Clippers,G,170,299,63,133,469.7,12,17,333.3,32,79,422.2,4,28,32,14,18,9,11,2,-9,216,202,184,46,406.586011342155,21.965973534971646,18.733459357277884,30.60113421550095,426.73724007561435,481.062381852552,344.55954631379956,48.400756143667294,10
369,Obi Toppin,Indiana Pacers,PF,92,191,36,63,536.1,8,10,400.0,12,31,356.7,9,30,39,9,14,7,8,8,58,140,131,101,48,328.0,43.44444444444445,21.7437641723356,7.709750566893423,569.0612244897959,533.4444444444445,359.17233560090705,69.63265306122449,10
370,Ochai Agbaji,Toronto Raptors,G,60,169,22,57,424.0,7,9,250.0,9,27,302.6,9,16,25,9,14,4,8,4,-28,94,85,69,34,266.1,67.725,4.925,13.299999999999999,498.8,498.125,274.125,65.30000000000001,10
371,Olivier Sarr,Oklahoma City Thunder,C,11,22,4,7,125.0,3,5,116.7,0,1,0.0,4,4,8,0,3,0,1,1,-14,19,19,11,8,34.92,6.920000000000002,0.0,0.0,59.68000000000001,59.68000000000001,34.92,6.920000000000002,3
372,OlivierMaxence Prosper,Dallas Mavericks,F,10,31,3,6,150.0,4,7,57.1,0,2,0.0,2,6,8,0,1,1,1,1,-14,18,18,10,8,22.66666666666667,9.925925925925926,0.0,0.0,61.925925925925924,61.925925925925924,22.66666666666667,9.925925925925926,3
373,Omer Yurtseven,Utah Jazz,C,19,47,9,14,183.3,1,3,50.0,0,1,0.0,9,8,17,3,5,1,2,3,-5,39,36,22,20,79.68639053254438,32.32544378698225,7.0828402366863905,0.02366863905325444,211.6863905325444,159.01775147928993,123.01775147928996,48.74556213017752,4
374,Onuralp Bitim,Chicago Bulls,SF,29,90,9,22,220.3,3,4,150.0,8,17,256.7,2,10,12,3,6,1,3,1,11,44,41,32,15,72.06,32.940000000000005,1.56,5.44,175.44,177.16,71.5,33.339999999999996,6
375,Onyeka Okongwu,Atlanta Hawks,PF,138,278,57,82,646.7,16,21,492.9,8,16,433.3,32,40,72,9,27,4,5,15,24,219,210,147,81,182.0,136.0,8.0,4.888888888888889,502.0,486.0,198.0,144.0,9
376,Orlando Robinson,Miami Heat,C,2,34,1,5,33.3,0,0,0.0,0,1,0.0,4,8,12,2,4,1,3,0,3,16,14,4,14,2.814814814814815,14.0,1.2592592592592593,0.0,25.481481481481485,18.148148148148145,4.814814814814815,20.59259259259259,3
377,Oscar Tshiebwe,Indiana Pacers,C,3,5,1,3,33.3,1,2,50.0,0,0,0.0,2,0,2,0,1,0,0,1,8,5,5,3,2,0.25,0.0,0.0,0.0,0.25,0.25,0.25,0.0,1
378,Oshae Brissett,Boston Celtics,SF,31,98,10,24,182.9,9,16,355.0,2,8,133.3,5,22,27,13,8,4,4,1,14,71,58,44,40,115.56804733727812,60.349112426035504,20.27810650887574,1.5739644970414202,390.58579881656806,261.72781065088753,222.1420118343195,102.9112426035503,8
379,Ousmane Dieng,Oklahoma City Thunder,F,28,90,10,25,324.4,4,4,200.0,4,14,220.0,1,7,8,14,3,3,6,3,16,50,36,42,22,109.20987654320989,6.098765432098766,17.506172839506174,4.0246913580246915,211.28395061728392,152.0,164.54320987654322,27.555555555555557,8
380,P.J. Tucker,LA Clippers,PF,7,56,3,10,33.3,0,0,0.0,1,6,16.7,5,6,11,2,3,0,2,1,-17,20,18,9,13,49.0,23.444444444444446,4.0,1.0,182.44444444444446,133.1111111111111,81.0,44.77777777777777,4
381,P.J. Washington,Dallas Mavericks,PF,118,321,43,100,407.6,13,17,450.0,19,58,297.5,14,40,54,13,17,11,11,9,-2,185,172,131,67,452.06611570247935,38.561983471074385,8.702479338842975,23.37603305785124,539.2314049586777,545.7851239669421,452.53719008264466,40.239669421487605,10
382,Paolo Banchero,Orlando Magic,PF,233,346,87,177,491.1,43,57,715.5,16,45,329.2,8,57,65,53,19,6,37,8,7,351,298,286,118,446.1383219954649,22.551020408163264,72.35600907029479,26.444444444444443,703.59410430839,551.7777777777778,605.8866213151928,86.97505668934241,10
383,Pascal Siakam,Indiana Pacers,PF,196,324,79,156,500.9,28,34,794.5,10,30,312.4,18,54,72,37,24,4,9,5,-50,305,268,233,109,273.265306122449,110.97505668934241,40.13832199546485,8.36281179138322,505.4580498866213,366.21315192743765,364.0294784580499,199.59410430839,10
384,Pat Connaughton,Milwaukee Bucks,SG,73,237,25,52,468.4,9,11,325.0,14,37,365.3,6,25,31,14,9,9,6,5,4,118,104,87,45,209.44444444444446,31.90277777777778,30.350694444444443,12.625,310.18402777777777,286.625,234.15625,61.100694444444436,10
385,Patrick Baldwin Jr.,Washington Wizards,F,19,55,7,21,176.7,2,3,150.0,3,13,83.3,2,12,14,2,5,1,2,1,10,35,33,21,16,22.81632653061224,15.061224489795919,1.2653061224489797,1.2040816326530612,22.408163265306122,29.346938775510203,18.816326530612244,13.387755102040817,5
386,Patrick Beverley,Milwaukee Bucks,PG,57,189,20,54,319.6,8,10,416.7,9,29,252.9,10,29,39,16,18,10,6,7,-69,112,96,73,55,204.296786389414,79.55954631379961,21.368620037807187,8.931947069943291,536.0,432.4120982986767,300.0812854442344,108.73156899810965,10
387,Patty Mills,Atlanta Hawks,PG,2,42,1,8,25.0,0,0,0.0,0,6,0.0,2,5,7,2,1,3,1,0,-1,11,9,4,9,72.44444444444446,4.777777777777778,1.308641975308642,3.1604938271604937,68.67901234567901,75.44444444444443,62.49382716049384,9.271604938271604,4
388,Patty Mills,Miami Heat,PG,20,30,8,14,114.30000000000001,0,0,0.0,4,8,100.0,0,4,4,0,3,0,1,0,22,24,24,20,4,74.88888888888887,0.22222222222222213,0.09876543209876543,4.469135802469136,77.28395061728395,82.22222222222224,70.2469135802469,0.02469135802469138,2
389,Paul George,LA Clippers,F,212,351,76,164,456.0,30,39,657.1,30,83,358.8,3,52,55,36,26,13,19,6,24,303,267,248,91,407.5864197530863,9.611111111111109,55.58641975308642,21.512345679012345,425.61111111111103,409.4938271604939,420.0,68.90123456790123,10
390,Paul Reed,Philadelphia 76ers,SF,99,244,43,80,549.6,6,8,400.0,7,11,350.0,31,43,74,16,32,5,8,18,-3,189,173,115,90,318.9319470699433,103.55009451795841,12.427221172022684,6.18336483931947,808.9054820415879,685.6654064272212,416.6181474480151,141.531190926276,10
391,Payton Pritchard,Boston Celtics,PG,85,188,34,64,417.6,0,0,0.0,17,39,296.7,7,22,29,16,14,5,10,0,38,130,114,101,45,728.0430839002267,27.979591836734695,28.458049886621318,34.1655328798186,1178.0,906.9342403628118,957.408163265306,98.13832199546486,10
392,Peyton Watson,Denver Nuggets,F,65,184,25,58,410.6,10,15,280.0,5,21,308.3,7,24,31,9,13,6,12,15,-15,105,96,74,40,162.125,31.125,12.900000000000002,2.6,306.6,302.5,158.025,52.22500000000001,10
393,Precious Achiuwa,New York Knicks,PF,123,336,47,93,504.7,23,36,499.4,6,19,283.3,39,54,93,18,22,11,17,19,21,234,216,141,111,364.20000000000005,97.69999999999999,24.825,4.425000000000001,780.625,560.9,517.525,188.92499999999998,10
394,Quentin Grimes,Detroit Pistons,SG,40,130,14,49,153.4,5,5,200.0,7,31,120.0,0,16,16,12,6,5,5,4,-32,68,56,52,28,151.33333333333334,19.333333333333336,8.0,6.833333333333334,261.33333333333337,233.33333333333334,171.33333333333331,35.333333333333336,6
395,R. Rupert,Portland Trail Blazers,G,23,95,8,22,238.10000000000002,2,2,100.0,5,12,225.0,7,10,17,9,12,3,5,0,-7,49,40,32,26,135.26446280991738,17.74380165289256,10.793388429752067,7.628099173553719,212.92561983471074,231.9669421487603,122.33884297520659,22.421487603305785,7
396,RJ Barrett,Toronto Raptors,SG,196,323,80,146,545.2,19,45,363.2,17,36,391.7,9,42,51,38,21,6,26,4,-48,285,247,234,89,267.265306122449,56.90816326530613,38.775510204081634,18.622448979591837,367.5612244897959,272.5,388.12244897959187,69.88775510204081,10
397,Reggie Bullock,Houston Rockets,SF,15,51,5,12,191.6,0,0,0.0,5,11,199.89999999999998,1,8,9,1,3,1,0,0,20,25,24,16,10,24.328125,7.703125,0.828125,2.703125,37.203125,36.8125,26.0,7.25,5
398,Reggie Jackson,Denver Nuggets,PG,59,184,26,76,309.1,0,0,0.0,7,32,205.8,2,12,14,31,14,3,9,1,35,104,73,90,45,143.3,19.025,55.125,4.5,433.29999999999995,211.125,325.02500000000003,114.60000000000001,10
399,Richaun Holmes,Washington Wizards,F,59,147,24,39,479.7,10,11,350.0,1,1,100.0,14,25,39,6,18,5,4,4,-8,104,98,65,45,272.125,87.7265625,6.625,0.9140625,610.6015625,591.6640625,289.0,96.4140625,10
400,Ricky IV Council,Philadelphia 76ers,G,71,132,24,56,394.0,22,31,592.5,1,14,25.0,7,22,29,5,8,0,3,0,-20,105,100,76,34,395.66049382716045,86.27777777777779,4.623456790123457,0.9444444444444445,888.2777777777776,808.1975308641976,457.11111111111103,109.53086419753087,10
401,Robin Lopez,Milwaukee Bucks,C,6,23,3,9,37.5,0,0,0.0,0,2,0.0,1,0,1,1,3,1,0,2,-16,8,7,7,2,20.0,0.5,0.625,0.0,21.125,26.5,15.625,0.125,2
402,Royce O'Neale,Phoenix Suns,PF,101,313,35,94,349.8,5,6,250.0,26,70,345.8,9,58,67,37,19,12,7,6,70,205,168,138,104,345.0,69.325,42.325,24.8,757.4,651.625,441.625,120.80000000000001,10
403,Rudy Gobert,Minnesota Timberwolves,C,138,365,56,85,661.7,26,39,605.0,0,1,0.0,43,107,150,12,38,5,17,25,31,300,288,150,162,256.625,98.1,9.600000000000001,0.0,388.225,401.82500000000005,221.02499999999998,129.70000000000002,10
404,Rui Hachimura,Los Angeles Lakers,PF,149,308,63,120,508.4,5,9,300.0,18,40,465.0,7,30,37,10,17,8,7,4,-47,196,186,159,47,444.9054820415879,41.0,10.07561436672968,11.60680529300567,403.36862003780715,419.992438563327,433.75992438563327,45.597353497164455,10
405,Russell Westbrook,LA Clippers,PG,93,216,37,98,389.9,15,21,523.3,4,26,95.0,8,19,27,29,17,13,15,1,-10,149,120,122,56,174.6,24.2,34.77777777777777,4.444444444444445,319.5777777777778,275.6,197.64444444444445,79.91111111111111,10
406,Saben Lee,Phoenix Suns,G,35,98,9,28,194.29999999999998,15,20,416.7,2,9,83.3,3,15,18,17,6,4,2,0,11,70,53,52,35,202.7396449704142,25.988165680473372,5.497041420118343,1.5739644970414202,361.39644970414207,358.18343195266283,203.96449704142012,33.47337278106509,8
407,Saddiq Bey,Atlanta Hawks,SF,146,337,48,125,372.4,31,35,800.0,19,59,298.4,29,32,61,14,7,4,10,4,-23,221,207,160,75,386.7845804988662,67.93424036281179,8.458049886621316,14.918367346938775,409.4716553287982,461.97959183673464,339.9954648526077,70.67346938775512,10
408,Sam Hauser,Boston Celtics,SF,60,165,21,44,510.0,0,0,0.0,18,39,502.7,3,29,32,6,12,2,2,5,83,98,92,66,38,171.83219954648524,36.17233560090703,4.408163265306122,15.83219954648526,259.67346938775506,231.6326530612245,197.88662131519277,42.56689342403628,10
409,Sam Merrill,Cleveland Cavaliers,SG,60,182,19,64,271.6,4,4,300.0,18,61,245.79999999999998,4,18,22,14,12,3,1,1,-42,96,82,74,36,352.3628117913832,18.17233560090703,12.530612244897961,43.61451247165533,440.0226757369614,415.11111111111114,377.328798185941,30.648526077097507,10
410,Sandro Mamukelashvili,San Antonio Spurs,PF,10,31,5,10,130.0,0,1,0.0,0,1,0.0,4,1,5,2,3,2,0,0,14,17,15,12,7,50.111111111111114,0.75,1.0,0.0,55.86111111111112,49.861111111111114,57.1111111111111,0.75,4
411,Santi Aldama,Memphis Grizzlies,PF,108,304,42,91,490.8,8,11,291.7,16,43,396.4,13,42,55,28,11,5,16,14,-101,191,163,136,83,229.83884297520663,22.5,57.8388429752066,21.355371900826448,349.85537190082647,272.3388429752066,345.3553719008264,42.33884297520662,10
412,Sasha Vezenkov,Sacramento Kings,F,9,22,2,7,28.6,3,3,100.0,2,4,50.0,0,1,1,1,4,1,0,0,24,11,10,10,2,4.5,0.5,0.5,2.0,4.5,2.0,8.0,0.0,2
413,Scoot Henderson,Portland Trail Blazers,G,127,227,38,88,360.0,40,42,675.0,11,30,276.2,8,14,22,41,24,4,17,2,-23,190,149,168,63,397.52,52.48,44.88,9.92,450.71999999999997,482.72,342.88,120.0,8
414,Scottie Barnes,Toronto Raptors,SF,179,333,70,155,460.1,33,39,674.9,6,36,159.89999999999998,28,63,91,75,18,13,31,14,21,345,270,254,166,386.7777777777778,98.11111111111111,83.84444444444443,4.800000000000001,825.4444444444445,588.1777777777778,576.0,230.0,10
415,Scotty Pippen Jr.,Memphis Grizzlies,G,66,152,22,50,245.0,10,16,190.4,12,22,355.0,7,13,20,29,20,8,12,4,-25,115,86,95,49,156.0,11.333333333333334,4.833333333333334,2.0,196.83333333333331,203.33333333333331,158.83333333333334,6.833333333333334,6
416,Seth Curry,Charlotte Hornets,SG,81,181,29,67,372.5,14,15,566.7,9,31,256.6,4,15,19,17,7,5,7,3,-33,117,100,98,36,233.0,12.900826446280993,16.140495867768593,4.900826446280991,334.3388429752066,276.08264462809916,269.8677685950413,50.429752066115704,10
417,Shai Gilgeous-Alexander,Oklahoma City Thunder,PG,311,336,112,204,545.1,68,78,869.5,19,43,466.70000000000005,5,50,55,60,25,16,21,13,128,426,366,371,115,299.06198347107437,40.17355371900826,47.67355371900827,24.96694214876033,440.56198347107437,337.1942148760331,407.7768595041322,82.5,10
418,Shake Milton,New York Knicks,SG,38,86,16,34,301.1,2,3,66.7,4,10,150.0,7,12,19,8,5,2,4,1,-16,65,57,46,27,104.07407407407408,71.0,14.518518518518519,7.629629629629628,433.7407407407408,323.51851851851853,172.51851851851853,127.29629629629629,6
419,Simone Fontecchio,Detroit Pistons,F,153,281,56,115,472.7,15,16,466.7,26,59,412.5,6,25,31,18,17,10,9,2,-32,202,184,171,49,437.3628117913832,29.0,21.60090702947846,25.709750566893426,497.9591836734694,412.9342403628118,509.81632653061223,63.172335600907026,10
420,Skylar Mays,Los Angeles Lakers,SG,6,29,3,8,120.0,0,0,0.0,0,3,0.0,0,1,1,2,1,1,1,1,0,9,7,8,3,13.333333333333336,0.8148148148148149,2.814814814814815,0.0,7.333333333333332,12.37037037037037,9.925925925925926,2.0,3
421,Spencer Dinwiddie,Los Angeles Lakers,PG,43,230,14,45,313.3,7,10,316.7,8,26,266.7,1,10,11,26,19,1,7,4,32,80,54,69,37,115.725,8.125,29.425,5.825,235.02500000000003,132.0,207.3,49.0,10
422,Stanley Umude,Detroit Pistons,G,17,49,6,13,82.5,1,1,100.0,4,7,108.3,3,2,5,1,7,0,1,1,-15,23,22,18,6,112.08000000000001,0.7200000000000002,0.7200000000000002,4.72,112.08000000000001,123.28,102.31999999999998,0.0,3
423,Stephen Curry,Golden State Warriors,PG,205,299,70,189,356.5,25,29,737.5,40,122,309.6,7,33,40,49,11,7,28,1,39,294,245,254,89,1082.289256198347,110.64876033057851,72.96694214876034,86.5,1644.5165289256197,1589.8553719008266,1200.0661157024795,120.5,10
424,Svi Mykhailiuk,Boston Celtics,SG,22,47,8,20,167.5,0,0,0.0,6,16,113.3,2,5,7,6,1,2,1,0,34,35,29,28,13,26.111111111111107,9.0,5.111111111111112,3.444444444444444,91.0,60.77777777777777,47.0,23.444444444444443,4
425,T.J. McConnell,Indiana Pacers,PG,122,193,58,97,569.9,2,3,150.0,4,5,200.0,7,23,30,53,10,13,13,2,42,205,152,175,83,352.179012345679,40.123456790123456,46.160493827160494,6.549382716049384,530.5493827160494,442.5,436.4012345679012,90.11111111111111,10
426,T.J. Warren,Minnesota Timberwolves,SF,17,50,8,15,188.6,0,0,0.0,1,5,33.3,2,6,8,2,6,1,2,0,22,27,25,19,10,4.666666666666666,4.666666666666667,2.666666666666667,0.6666666666666667,2.0,4.666666666666667,0.6666666666666667,8.666666666666668,3
427,Taj Gibson,New York Knicks,F,2,68,0,9,0.0,2,2,100.0,0,2,0.0,4,6,10,4,8,1,3,0,2,16,12,6,14,3.2222222222222223,10.555555555555554,0.888888888888889,0.0,16.222222222222225,10.0,5.0,15.88888888888889,5
428,Talen Horton-Tucker,Utah Jazz,SG,71,137,21,58,379.3,20,25,555.6,9,26,414.9,8,16,24,25,13,3,4,4,-60,120,95,96,49,84.05325443786982,55.443786982248525,22.869822485207102,3.0,301.59763313609466,196.32544378698225,162.0828402366864,105.55621301775147,10
429,Taurean Prince,Los Angeles Lakers,PF,65,201,26,61,436.0,0,1,0.0,13,36,268.6,2,28,30,13,12,4,8,4,3,108,95,78,43,160.9697542533081,30.926275992438566,10.25897920604915,16.115311909262758,289.2551984877127,278.7920604914934,166.20037807183365,46.417769376181475,10
430,Taylor Hendricks,Utah Jazz,F,70,220,28,58,514.6,3,3,200.0,11,33,406.7,16,46,62,7,28,5,8,6,-34,139,132,77,69,126.0,105.6,2.1,4.9,334.90000000000003,297.6,146.1,124.9,10
431,Taze Moore,Portland Trail Blazers,G,2,5,1,1,100.0,0,0,0.0,0,0,0.0,0,0,0,1,0,0,1,0,7,3,2,3,1,2.25,0.0,0.5625,0.0,5.0625,2.25,5.0625,0.5625,1
432,Terance Mann,LA Clippers,SG,121,270,48,77,634.2,12,12,700.0,13,27,333.3,16,29,45,17,20,2,6,2,-18,183,166,138,62,341.125,103.35069444444443,32.5,18.40625,735.6840277777777,684.017361111111,353.625,175.01736111111114,10
433,Terquavion Smith,Philadelphia 76ers,G,38,47,14,28,241.1,0,1,0.0,10,22,216.6,0,2,2,5,3,4,3,0,0,45,40,43,7,171.8125,1.3125,2.703125,14.8125,180.953125,167.0,183.203125,6.578125,5
434,Terry Rozier,Miami Heat,SG,170,318,67,145,467.6,18,20,641.7,18,51,336.9,6,37,43,60,17,8,15,2,12,273,213,230,103,161.24567474048442,33.491349480968864,48.0,19.612456747404845,396.62629757785464,254.62629757785467,307.2456747404844,77.49134948096886,10
435,Terry Taylor,Chicago Bulls,F,9,39,3,7,175.0,1,2,50.0,2,3,150.0,2,9,11,2,1,1,0,0,-17,22,20,11,13,11.481481481481481,23.48148148148148,3.0000000000000004,1.2592592592592593,81.0,60.666666666666686,18.037037037037038,40.25925925925926,3
436,Thaddeus Young,Phoenix Suns,F,6,29,3,6,100.0,0,2,0.0,0,0,0.0,7,3,10,0,4,1,1,0,3,16,16,6,10,11.876543209876544,18.88888888888889,4.839506172839506,0.0,27.35802469135802,12.839506172839506,30.54320987654321,19.580246913580247,2
437,Thaddeus Young,Phoenix Suns,PF,41,128,20,28,469.9,1,3,50.0,0,2,0.0,11,18,29,14,12,2,4,1,-24,84,70,55,43,132.40740740740742,22.333333333333336,28.962962962962965,0.0,354.07407407407413,192.07407407407408,265.0740740740741,80.62962962962962,6
438,Thanasis Antetokounmpo,Milwaukee Bucks,SF,8,41,4,9,216.7,0,2,0.0,0,1,0.0,2,0,2,4,7,1,2,1,-11,14,10,12,6,13.0,1.4000000000000004,1.6,0.0,22.000000000000004,17.2,16.2,4.6,5
439,Theo Maledon,Phoenix Suns,PG,5,10,1,2,50.0,3,3,100.0,0,0,0.0,0,1,1,0,3,0,3,0,-11,6,6,5,1,14.0625,0.5625,0.0,0.0,20.25,20.25,14.0625,0.5625,1
440,Thomas Bryant,Miami Heat,C,2,16,1,4,33.3,0,0,0.0,0,3,0.0,0,1,1,1,2,0,0,3,-3,4,3,3,2,2.0,0.625,0.5,0.0,8.125,4.625,4.5,2.125,2
441,Tim Hardaway Jr.,Dallas Mavericks,SF,97,217,34,96,354.2,9,14,350.0,20,59,324.4,2,22,24,16,11,3,10,2,5,137,121,113,40,293.6735537190083,25.194214876033058,24.429752066115704,20.5,433.3305785123966,383.5619834710744,348.54958677685954,44.51652892561984,10
442,Tobias Harris,Philadelphia 76ers,PF,160,345,66,152,414.2,14,18,658.3,14,45,282.7,15,62,77,24,17,14,9,6,-13,261,237,184,101,642.625,102.5,26.625,24.0,1049.8,914.125,732.5,174.925,10
443,Torrey Craig,Chicago Bulls,SF,41,149,14,35,281.6,3,4,150.0,10,29,255.0,7,23,30,10,10,4,6,6,-16,81,71,51,40,64.32000000000001,30.48,19.52,3.5200000000000005,210.32,163.68,97.67999999999999,63.28,8
444,Tosan Evbuomwan,Detroit Pistons,F,17,90,7,18,314.3,0,0,0.0,3,9,183.3,8,8,16,6,6,1,1,1,-34,39,33,23,22,14.833333333333332,107.33333333333334,8.0,1.5,197.5,137.5,28.833333333333332,161.33333333333334,6
445,Toumani Camara,Portland Trail Blazers,F,98,253,35,72,479.3,16,19,516.7,12,22,508.3,27,34,61,17,21,6,15,3,32,176,159,115,78,303.46260387811634,51.3213296398892,12.146814404432131,9.689750692520775,613.3739612188366,506.9556786703601,385.0,88.34903047091413,10
446,Trae Young,Atlanta Hawks,PG,235,370,76,173,432.4,45,55,813.4,38,93,399.0,2,18,20,109,22,11,45,2,-38,364,255,344,129,749.99173553719,12.0,83.0,44.247933884297524,779.1735537190083,615.99173553719,917.1735537190083,91.0,10
447,Trayce JacksonDavis,Golden State Warriors,F,87,161,39,50,784.2,9,21,361.7,0,0,0.0,20,26,46,9,22,4,6,14,-31,142,133,96,55,200.00945179584122,58.0,7.31758034026465,0.0,305.5349716446125,304.70510396975425,185.18714555765595,80.96975425330812,10
448,Tre Jones,San Antonio Spurs,PG,80,275,30,57,536.1,11,13,383.3,9,22,335.0,6,35,41,70,9,6,15,1,10,191,121,150,111,256.26446280991735,37.0,103.28925619834712,15.061983471074381,564.5041322314049,351.44628099173553,444.77685950413223,164.83471074380162,10
449,Tre Mann,Charlotte Hornets,PG,119,309,44,97,446.5,15,19,615.0,16,37,388.3,4,49,53,43,21,16,15,0,-29,215,172,162,96,229.59504132231405,46.239669421487605,23.925619834710744,10.429752066115702,470.5206611570248,381.05785123966945,281.86776859504135,107.35537190082644,10
450,Trendon Watford,Brooklyn Nets,PF,78,139,27,56,579.9,19,20,550.0,5,13,300.0,10,23,33,3,19,0,9,5,-54,114,111,81,36,306.09999999999997,54.199999999999996,2.125,4.725,545.4250000000001,506.50000000000006,341.92499999999995,59.425,10
451,Trent Forrest,Atlanta Hawks,G,13,59,6,11,225.0,1,2,50.0,0,1,0.0,1,5,6,13,6,0,1,0,-7,32,19,26,19,40.876033057851245,7.0,20.561983471074385,0.0,90.33884297520662,75.69421487603306,64.79338842975206,18.289256198347108,7
452,Trevelin Queen,Orlando Magic,SG,0,8,0,2,0.0,0,0,0.0,0,1,0.0,0,1,1,0,1,0,0,0,-12,1,1,0,1,0.0,0.25,0.0,0.0,0.25,0.25,0.0,0.25,1
453,Trey Jemison,Memphis Grizzlies,C,57,211,25,49,461.4,7,10,350.0,0,0,0.0,20,27,47,10,34,4,13,10,-51,114,104,67,57,147.63905325443787,33.63905325443787,8.059171597633137,0.0,323.8224852071006,298.5562130177515,164.301775147929,50.30177514792899,10
454,Trey Lyles,Sacramento Kings,PF,57,190,20,49,432.9,12,16,625.0,5,23,236.7,12,28,40,8,19,1,7,3,-5,105,97,65,48,82.5,16.0,7.719008264462809,6.549586776859506,158.9462809917355,112.5,114.9462809917355,37.71900826446281,10
455,Trey Murphy III,New Orleans Pelicans,SG,177,316,57,126,426.2,22,31,633.4,41,100,376.6,10,48,58,26,14,14,3,8,113,261,235,203,84,974.125,52.625,36.800000000000004,75.8,1135.0,1168.6000000000001,941.325,88.62500000000001,10
456,Troy Brown Jr.,Detroit Pistons,SF,30,95,11,30,232.9,2,2,100.0,6,18,206.6,2,16,18,8,6,1,3,0,-31,56,48,38,26,76.0,25.055555555555557,8.055555555555557,4.0,206.0,163.3888888888889,113.72222222222223,38.0,8
457,TyTy Washington Jr.,Milwaukee Bucks,G,0,8,0,2,0.0,0,0,0.0,0,1,0.0,0,0,0,1,0,0,0,0,-4,1,0,1,1,0.0,0.0,0.44444444444444453,0.0,0.44444444444444453,0.0,0.44444444444444453,0.44444444444444453,1
458,Tyler Herro,Miami Heat,PG,165,290,64,148,394.5,10,13,333.4,27,69,369.6,3,45,48,47,9,0,12,1,52,260,213,212,95,148.0,24.0,23.555555555555557,12.0,266.88888888888886,188.0,200.22222222222223,74.22222222222223,9
459,Tyrese Haliburton,Indiana Pacers,PG,163,329,60,140,398.3,23,27,521.7,20,73,245.1,4,33,37,98,8,12,22,3,0,298,200,261,135,502.325,40.5,103.225,26.0,1099.7,599.225,1003.0,143.52499999999998,10
460,Tyrese Maxey,Philadelphia 76ers,PG,264,379,96,216,444.8,44,47,825.0,28,77,357.3,6,42,48,56,23,10,24,3,-63,368,312,320,104,414.08284023668637,52.84023668639053,33.25443786982249,14.0,701.7159763313609,595.9408284023668,486.1301775147929,119.82248520710058,10
461,Tyus Jones,Washington Wizards,PG,92,302,37,80,432.9,2,2,200.0,16,42,395.8,5,22,27,100,3,8,12,2,-73,219,119,192,127,336.0,36.103305785123965,189.01239669421489,18.46694214876033,854.3223140495868,530.6487603305785,627.5578512396695,257.2314049586777,10
462,Udoka Azubuike,Phoenix Suns,C,2,11,1,3,33.3,0,2,0.0,0,0,0.0,2,4,6,0,1,0,0,0,-3,8,8,2,6,1.7777777777777781,13.444444444444443,0.0,0.0,25.0,25.0,1.7777777777777781,13.444444444444443,1
463,Vasilije Micic,Charlotte Hornets,G,101,254,40,101,387.8,15,18,516.7,6,36,173.6,6,16,22,58,10,8,25,0,-72,181,123,159,80,331.0,27.600907029478456,54.97959183673469,4.403628117913832,520.8321995464852,480.4104308390023,358.55102040816325,95.45124716553288,10
464,Victor Wembanyama,San Antonio Spurs,C,228,302,80,162,493.7,44,52,753.0,24,56,435.8,21,88,109,48,22,19,36,51,15,385,337,276,157,378.27681660899657,77.8719723183391,32.68512110726643,13.197231833910033,706.598615916955,495.1384083044982,554.083044982699,146.21107266435988,10
465,Vince Williams Jr.,Memphis Grizzlies,G,127,336,42,92,459.70000000000005,30,38,723.3,13,34,328.8,8,54,62,61,30,12,34,9,-54,250,189,188,123,223.84764542936287,72.2382271468144,33.13296398891967,16.878116343490305,496.0,470.18559556786704,229.2908587257618,125.74238227146813,10
466,Vit Krejci,Atlanta Hawks,G,6,44,2,8,53.3,0,0,0.0,2,6,75.0,1,2,3,8,1,3,1,1,-1,17,9,14,11,3.3061224489795924,1.3265306122448979,7.8775510204081645,0.3673469387755103,27.040816326530617,7.9387755102040805,20.0,11.612244897959183,2
467,Walker Kessler,Utah Jazz,C,86,244,37,64,610.1,12,15,525.0,0,3,0.0,30,49,79,14,22,7,11,25,-47,179,165,100,93,163.2265625,72.90625,8.625,0.0,373.0390625,347.4765625,183.9140625,86.40625,10
468,Wendell Carter Jr.,Orlando Magic,C,117,260,43,79,564.9,19,27,465.0,12,30,340.1,30,51,81,16,20,5,13,8,0,214,198,133,97,160.13832199546485,112.21995464852608,4.403628117913832,9.600907029478458,386.85260770975054,348.2448979591837,182.16553287981858,133.20408163265307,10
469,Wendell Moore Jr.,Minnesota Timberwolves,G,2,5,1,1,100.0,0,0,0.0,0,0,0.0,0,2,2,0,1,0,0,0,8,4,4,2,2,1.44,1.9599999999999997,0.04000000000000001,0.0,5.76,6.760000000000001,1.0,1.44,1
470,Wenyen Gabriel,Memphis Grizzlies,F,8,34,4,8,93.3,0,5,0.0,0,2,0.0,2,7,9,2,3,2,3,0,1,19,17,10,11,8.0,0.5,2.0,0.0,4.5,12.5,2.0,0.5,2
471,Wesley Matthews,Atlanta Hawks,SG,14,38,5,9,233.3,0,1,0.0,4,7,240.0,0,7,7,1,3,1,0,2,-6,22,21,15,8,30.0,17.0,0.8775510204081631,2.7346938775510203,70.16326530612244,75.0,27.734693877551024,15.30612244897959,4
472,Xavier Tillman,Boston Celtics,F,28,100,11,20,262.5,5,8,150.0,1,4,50.0,6,12,18,7,8,5,0,3,-11,53,46,35,25,46.48979591836735,10.244897959183673,5.530612244897959,0.816326530612245,92.38775510204081,67.83673469387755,70.26530612244898,16.551020408163264,5
473,Yuta Watanabe,Memphis Grizzlies,SF,20,90,9,23,150.0,0,2,0.0,2,12,64.3,0,9,9,5,5,5,4,0,-31,34,29,25,14,114.74074074074076,11.0,3.2962962962962963,1.4074074074074074,136.74074074074073,132.40740740740742,114.40740740740739,18.962962962962965,6
474,Zach Collins,San Antonio Spurs,PF,106,192,43,87,495.5,10,20,336.7,10,17,583.4,17,32,49,26,23,3,15,8,-50,181,155,132,75,324.35457063711914,108.9556786703601,29.20775623268698,6.692520775623268,613.4819944598338,518.1412742382271,370.8753462603878,186.98337950138506,10
475,Zeke Nnaji,Denver Nuggets,PF,36,110,11,27,338.3,14,16,500.0,0,3,0.0,12,11,23,5,11,3,3,13,-13,64,59,41,28,93.2265625,4.1015625,5.4765625,0.0,132.4140625,117.65625,104.90625,12.65625,10
476,Ziaire Williams,Memphis Grizzlies,F,86,223,32,76,319.0,13,16,421.4,9,36,163.7,5,29,34,14,11,9,11,0,-44,134,120,100,48,399.5,29.5,13.5,12.875,607.5,516.0,492.0,42.0,8
477,Zion Williamson,New Orleans Pelicans,PF,223,317,89,159,561.1,44,59,722.5,1,3,50.0,18,45,63,70,20,6,25,13,55,356,286,293,133,494.2908587257618,80.71191135734072,62.0,0.922437673130194,650.0,602.0,537.3434903047091,147.65927977839337,10
