,First Last Name,team,position,points,minutes,fgm,fga,fgp,ftm,fta,ftp,tpm,tpa,tpp,offReb,defReb,totReb,assists,pFouls,steals,turnovers,blocks,plusMinus,Points_Rebounds_Assist,Points_Rebounds,Points_Assist,Rebounds_Assist,points_deviation,totReb_deviation,assists_deviation,tpm_deviation,Points_Rebounds_Assist_deviation,Points_Rebounds_deviation,Points_Assist_deviation,Rebounds_Assist_deviation,count
0,A. Flagler,Oklahoma City Thunder,F,0,6,0,3,0.0,0,0,0.0,0,3,0.0,0,0,0,1,0,0,0,0,0,1,0,1,1,0.0,0.0,0.0,0.0,0.0,0.0,0.0,0.0,1
1,A.J. Green,Milwaukee Bucks,G,52,141,16,40,371.5,7,8,266.7,13,33,339.3,2,15,17,6,9,3,4,0,18,75,69,58,23,281.1938775510204,16.132653061224488,9.387755102040817,25.275510204081634,393.0,391.53061224489795,282.7040816326531,25.47959183673469,10
2,A.J. Lawson,Dallas Mavericks,G,26,47,11,24,323.3,2,6,100.0,2,8,100.0,2,7,9,3,5,1,0,1,2,38,35,29,12,44.822829964328186,8.337693222354341,2.3055885850178357,1.7574316290130796,68.91200951248514,60.78478002378121,49.25683709869203,14.336504161712245,7
3,Aaron Gordon,Denver Nuggets,PF,140,317,57,102,647.5,23,33,596.7,3,15,108.3,26,39,65,41,20,4,13,4,52,246,205,181,106,236.00434027777777,121.125,60.90625,2.111111111111111,377.04600694444446,535.0251736111111,138.90017361111111,121.15625,10
4,Aaron Holiday,Houston Rockets,G,60,149,21,53,346.0,12,12,400.0,6,23,228.3,4,9,13,21,15,7,2,1,41,94,73,81,34,214.3809184763261,10.192595229619082,33.66927732289071,10.0,359.7892488430046,288.53435386258457,285.70202919188324,43.79565681737273,10
5,Aaron Nesmith,Indiana Pacers,SF,118,307,39,99,405.7,20,20,700.0,20,54,380.1,7,30,37,18,38,5,6,12,54,173,155,136,55,126.75509280217292,12.474875509280217,15.483929379809867,10.04074241738343,142.24581258488004,130.2050701674966,130.31507469443187,36.43956541421458,10
6,Aaron Wiggins,Oklahoma City Thunder,SG,57,155,23,38,580.8,6,9,180.0,5,12,200.0,10,11,21,11,5,6,10,5,-21,89,78,68,32,182.47355268638069,11.008329862557268,8.93502707205331,8.08371511870054,246.44273219491882,260.7455226988755,178.49396084964602,9.620158267388588,10
7,Admiral Schofield,Orlando Magic,SF,5,11,2,4,66.7,0,0,0.0,1,2,100.0,0,2,2,0,1,1,0,0,-11,7,7,5,2,15.131487889273355,0.02768166089965399,0.006920415224913495,0.5847750865051903,15.408304498269898,15.698961937716263,14.868512110726641,0.006920415224913498,2
8,Al Horford,Boston Celtics,C,112,283,41,76,569.3,8,8,400.0,22,45,499.3,14,43,57,23,17,9,9,6,84,192,169,135,80,463.6398891966759,79.74238227146814,22.101108033240997,33.646814404432135,561.696675900277,527.0941828254848,506.52770083102496,93.55817174515235,10
9,Alec Burks,New York Knicks,SG,71,129,23,72,280.0,14,19,446.4,11,40,257.5,3,15,18,9,2,3,4,0,-8,98,89,80,27,291.6373966942149,21.038223140495866,3.264462809917355,9.09194214876033,498.97520661157023,450.1570247933885,330.61673553719004,34.14152892561983,10
10,Aleksej Pokusevski,Charlotte Hornets,F,60,177,22,47,482.9,11,14,416.7,5,16,266.6,9,29,38,19,9,10,8,6,-51,117,98,79,57,86.00104058272632,27.59729448491155,12.891779396462018,2.2278876170655564,208.08428720083245,168.94484911550467,115.56295525494278,50.066597294484914,9
11,Aleksej Pokusevski,Oklahoma City Thunder,F,0,6,0,1,0.0,0,0,0.0,0,1,0.0,0,0,0,0,0,0,0,0,0,0,0,0,0,44.58792924037461,18.406867845993755,4.532778355879292,0.33714880332986474,171.52549427679503,120.29136316337147,77.55359001040583,41.20811654526534,1
12,Alex Caruso,Chicago Bulls,SG,124,320,44,93,449.6,11,16,375.0,25,55,447.5,8,35,43,50,27,21,12,5,5,217,167,174,93,299.0672818146866,38.2079969242599,23.936947327950794,23.423683198769705,544.5793925413302,399.2145328719723,423.1280276816609,83.44905805459439,10
13,Alex Len,Sacramento Kings,C,39,99,14,18,616.7,11,13,525.0,0,0,0.0,6,16,22,8,15,2,3,11,23,69,61,47,30,55.90277777777778,24.37934027777778,13.684027777777777,0.0,157.06684027777777,112.9140625,95.76736111111111,42.3515625,10
14,Alondes Williams,Miami Heat,G,0,6,0,1,0.0,0,0,0.0,0,1,0.0,0,1,1,0,0,0,1,0,-2,1,1,0,1,4.0,0.6944444444444445,0.0,0.0,1.3611111111111107,1.3611111111111107,4.0,0.6944444444444445,1
15,Alperen Sengun,Houston Rockets,C,209,324,81,157,512.7,43,68,622.9,4,12,200.0,39,68,107,45,36,16,26,7,2,361,316,254,152,847.1723356009071,197.81632653061226,123.77551020408163,4.408163265306122,1935.0226757369614,1622.4580498866212,993.7777777777778,487.5510204081633,10
16,Amari Bailey,Charlotte Hornets,G,2,6,1,3,33.3,0,0,0.0,0,2,0.0,0,0,0,1,0,1,0,0,7,3,2,3,1,2.339100346020761,0.0,0.49826989619377154,0.0,4.996539792387543,2.339100346020761,4.996539792387543,0.49826989619377154,1
17,Amen Thompson,Houston Rockets,F,154,278,65,104,651.1,23,30,604.7,1,6,100.0,34,54,88,26,25,11,13,7,105,268,242,180,114,502.49931412894375,86.19753086419753,30.861454046639235,0.906721536351166,881.0864197530865,837.6680384087792,488.5679012345679,174.4087791495199,10
18,Amir Coffey,LA Clippers,SG,76,245,28,60,462.0,4,5,250.0,16,37,376.7,4,26,30,20,18,4,7,3,-49,126,106,96,50,186.88307957483482,86.14823326630278,15.390405056018384,19.841424877908644,455.3599540361964,343.4501580005745,275.98965814421143,124.34185578856652,10
19,Andre Drummond,Chicago Bulls,C,87,160,31,56,523.9,25,34,692.5,0,0,0.0,30,55,85,7,13,5,7,4,14,179,172,94,92,197.01922392310433,64.93022427910289,8.333570665717337,0.0,439.8871484514061,369.0088999644002,247.34852260590955,93.81274474902101,10
20,Andre Jr. Jackson,Milwaukee Bucks,G,10,69,4,9,333.3,0,0,0.0,2,5,200.0,3,9,12,10,6,3,3,0,-10,32,22,20,22,13.598615916955021,6.3321799307958475,6.4498269896193765,1.6124567474048441,33.01038062283737,30.311418685121104,17.07958477508651,12.0,6
21,Andrew Nembhard,Indiana Pacers,PG,104,289,43,81,494.5,7,9,250.0,11,31,358.3,3,21,24,33,26,7,9,1,13,161,128,137,57,282.18686224489795,34.46173469387755,19.40625,6.918367346938775,554.704081632653,444.25318877551024,379.9413265306123,66.56441326530611,10
22,Andrew Wiggins,Golden State Warriors,SF,152,280,57,120,477.9,21,28,451.4,17,42,395.0,20,41,61,11,17,5,10,7,21,224,213,163,72,255.15485938056247,32.36703453186187,8.144891420434318,12.115699537201852,384.3239587041652,325.68921324314704,304.6924172303311,49.60911356354574,10
23,Anfernee Simons,Portland Trail Blazers,SG,234,361,80,177,436.7,36,39,757.1,38,94,405.4,4,33,37,64,19,7,30,1,-38,335,271,298,101,935.5240670632775,28.301243915630067,125.20497566252028,19.635478637101134,1764.6960519199567,1205.978907517577,1461.0362358031368,186.71119524067063,10
24,Anthony Black,Orlando Magic,G,47,184,16,46,365.9,6,13,183.3,9,21,308.3,6,21,27,8,11,6,8,3,13,82,74,55,35,107.18685121107268,63.94636678200692,3.600346020761246,10.5,261.31487889273353,235.84256055363323,131.71107266435985,68.49480968858131,10
25,Anthony Davis,Los Angeles Lakers,PF,232,360,88,169,530.2,49,59,827.6,7,18,237.5,38,110,148,37,22,16,20,22,59,417,380,269,185,629.9001736111111,363.0390625,16.90277777777778,8.125,1736.125,1665.111111111111,653.2265625,427.62934027777777,10
26,Anthony Edwards,Minnesota Timberwolves,SG,266,371,105,229,449.6,33,47,663.1,23,67,399.0,12,61,73,56,15,13,28,10,9,395,339,322,129,966.6843521722415,70.01191849288735,36.5121107266436,21.592079969242597,1115.0,1108.5709342560554,967.6393694732795,111.99807766243752,10
27,Anthony Gill,Washington Wizards,PF,43,107,16,35,334.4,6,6,200.0,5,14,225.0,10,12,22,12,12,6,9,0,-11,77,65,55,34,196.43604997025582,46.0,16.62819750148721,4.315883402736466,512.9702558001189,398.97263533610953,281.5556216537775,91.50624628197504,8
28,Ashton Hagans,Portland Trail Blazers,G,57,203,20,46,387.7,10,11,450.0,7,16,266.7,8,24,32,39,26,8,24,8,1,128,89,96,71,156.9191438763377,16.0,39.61117717003567,8.229488703923899,321.7384066587396,223.2639714625446,246.91082045184305,64.09393579072533,10
29,Ausar Thompson,Detroit Pistons,F,103,314,42,87,508.0,11,25,325.0,8,29,195.3,15,44,59,21,26,17,14,11,-6,183,162,124,80,121.7,31.399999999999995,24.125,8.5,347.72499999999997,237.7,200.02499999999998,87.225,10
30,Austin Reaves,Los Angeles Lakers,SG,187,361,61,132,453.1,39,46,850.0,26,67,344.0,7,50,57,60,16,3,20,5,51,304,244,247,117,396.4859380562478,97.76824492702028,72.80099679601281,39.40477038091847,956.1003915984336,750.4763260946957,561.5382698469206,211.14097543609827,10
31,Ayo Dosunmu,Chicago Bulls,SG,184,370,72,140,493.3,18,20,550.0,22,53,391.6,7,24,31,49,27,10,18,6,-37,264,215,233,80,853.4047703809184,35.96546813812745,63.04129583481666,21.985048059807763,932.5197579209682,754.50088999644,1033.999644001424,96.4307582769669,10
32,Bam Adebayo,Miami Heat,C,165,333,68,128,532.4,22,39,591.6,7,13,483.3,30,92,122,34,13,16,14,10,-34,321,287,199,156,290.66635160680534,99.4555765595463,22.400756143667294,4.344990548204159,428.1937618147448,397.4943289224953,338.83270321361056,104.38941398865785,10
33,Ben Sheppard,Indiana Pacers,G,45,177,17,44,372.1,6,6,300.0,5,30,153.3,2,13,15,11,15,5,3,0,26,71,60,56,26,114.49519401922393,22.821288714845142,12.910288358846564,3.718405126379495,214.01317194731223,176.58241367034532,158.81096475614098,28.846564613741545,10
34,Ben Simmons,Brooklyn Nets,PG,53,168,24,38,521.1,5,11,150.0,0,0,0.0,15,39,54,46,20,9,12,4,-5,153,107,99,100,134.88888888888889,64.0,78.88888888888889,0.0,382.0,162.8888888888889,300.0,196.88888888888889,9
35,Bennedict Mathurin,Indiana Pacers,SG,139,275,44,115,340.3,35,45,614.5,16,44,245.0,10,33,43,23,24,7,17,4,-18,205,182,162,66,753.4765625,123.6015625,38.125,30.4140625,1418.90625,1097.65625,970.9140625,265.5390625,10
36,Bilal Coulibaly,Washington Wizards,SG,90,289,30,76,451.5,19,27,633.3,11,39,238.3,9,30,39,18,22,12,8,7,-98,147,129,108,57,127.37777777777777,38.5,16.0,13.177777777777775,337.8777777777778,291.7444444444444,166.31111111111107,61.699999999999996,10
37,Bismack Biyombo,Oklahoma City Thunder,C,4,36,1,4,33.3,2,4,100.0,0,0,0.0,3,2,5,2,6,1,4,1,3,11,9,6,7,5.432098765432099,4.555555555555556,1.3580246913580247,0.0,30.55555555555556,19.17283950617284,12.222222222222225,10.506172839506174,5
38,Blake Wesley,San Antonio Spurs,G,44,152,15,39,315.7,11,14,475.0,3,9,150.0,4,17,21,27,10,5,6,4,-7,92,65,71,48,138.56198347107437,20.573553719008263,64.61652892561983,4.140495867768594,304.1917355371901,151.29421487603307,251.0,125.64958677685951,10
39,Boban Marjanovic,Houston Rockets,C,3,7,1,1,100.0,1,2,50.0,0,0,0.0,0,3,3,0,0,0,1,0,-3,6,6,3,3,1.41015625,5.0625,0.0,0.0,11.81640625,11.81640625,1.41015625,5.0625,1
40,Bobby Portis,Milwaukee Bucks,F,141,253,60,121,485.1,10,13,425.0,11,24,333.4,19,65,84,8,23,9,14,3,6,233,225,149,92,558.917899408284,104.59171597633136,7.801775147928994,23.94378698224852,886.125,910.426775147929,555.7167159763313,91.29289940828403,10
41,Bogdan Bogdanovic,Atlanta Hawks,SG,167,343,62,146,425.1,11,14,316.7,32,79,424.0,14,28,42,44,21,12,16,3,47,253,209,211,86,286.73940904236383,38.967604129583485,53.06514773940905,21.863296546813814,316.1662513349946,269.9448202207192,313.5090779636882,111.48451406194374,10
42,Bojan Bogdanovic,New York Knicks,SF,71,162,27,68,348.8,5,7,200.0,12,33,311.9,2,10,12,10,8,0,16,0,16,93,83,81,22,369.876,17.200000000000003,7.024000000000001,15.715999999999998,459.1560000000001,411.55600000000004,409.636,32.064,10
43,Bol Bol,Phoenix Suns,C,64,112,24,37,542.4,6,7,275.0,10,17,450.0,6,25,31,4,8,0,4,6,-6,99,95,68,35,230.4140625,13.902777777777777,4.462673611111112,8.15625,348.77777777777777,327.75434027777777,245.73611111111111,24.06684027777778,10
44,Bones Hyland,LA Clippers,PG,65,161,24,62,368.1,4,6,200.0,13,36,313.8,1,16,17,31,15,10,14,1,0,113,82,96,48,330.905325443787,17.84681130834977,89.00657462195925,20.91715976331361,893.3905325443786,485.29257067718606,668.5667324128863,177.28994082840237,10
45,Bradley Beal,Phoenix Suns,SG,150,344,60,121,483.3,14,16,533.3,16,42,348.1,8,31,39,68,19,12,25,6,33,257,189,218,107,452.4,29.384,51.856,8.416,269.46400000000006,378.664,362.89599999999996,61.544000000000004,10
46,Brandin Podziemski,Golden State Warriors,G,72,266,27,68,381.1,7,10,325.0,11,28,343.3,21,36,57,30,14,11,12,3,5,159,129,102,87,184.43176020408163,64.1045918367347,47.40625,13.0,492.7448979591837,383.5082908163265,281.8290816326531,123.3501275510204,10
47,Brandon Boston Jr.,LA Clippers,SG,59,135,24,55,462.1,7,14,350.0,4,15,150.0,5,14,19,3,15,3,4,6,-17,81,78,62,22,129.24251278305331,26.39371804236669,2.2227903579254926,4.423666910153397,236.43024105186268,201.31775018261504,150.89846603360118,42.07304601899197,10
48,Brandon Clarke,Memphis Grizzlies,PF,6,21,3,7,42.9,0,1,0.0,0,1,0.0,3,2,5,1,1,1,0,0,15,12,11,7,6,0.0,0.0,0.0,0.0,0.0,0.0,0.0,0.0,1
49,Brandon Ingram,New Orleans Pelicans,SF,180,306,68,138,496.2,36,43,724.5,8,27,260.0,6,50,56,54,24,6,19,7,49,290,236,234,110,670.2437673130194,25.364265927977836,44.40443213296399,6.5318559556786715,720.3393351800554,826.6662049861496,558.8476454293628,74.83795013850416,10
50,Brandon Miller,Charlotte Hornets,F,182,319,67,160,412.8,21,28,605.0,27,79,305.9,6,44,50,23,23,8,14,6,-92,255,232,205,73,498.83215326947106,42.70387338608913,44.11203665139525,30.1570179092045,808.5260308204915,781.6734693877552,523.5006247396918,89.0,10
51,Brandon Williams,Dallas Mavericks,G,7,24,2,9,83.3,3,4,100.0,0,2,0.0,1,1,2,4,1,0,1,0,-12,13,9,11,6,18.22448979591837,3.183673469387756,4.081632653061224,0.0,30.46938775510204,15.448979591836734,29.0,11.510204081632653,4
52,Braxton Key,Denver Nuggets,F,2,6,1,1,100.0,0,1,0.0,0,0,0.0,1,1,2,0,1,0,0,0,2,4,4,2,2,0.01234567901234569,0.19753086419753085,0.308641975308642,0.308641975308642,0.0,0.30864197530864174,0.19753086419753105,0.01234567901234569,1
53,Brice Sensabaugh,Utah Jazz,F,78,221,30,80,358.0,13,16,396.7,5,38,153.3,5,35,40,26,11,6,21,2,-56,144,118,104,66,299.37276134943767,52.016659725114536,20.133277800916286,4.734277384423157,346.32319866722196,298.1091211995002,329.246980424823,90.48979591836735,10
54,Brook Lopez,Milwaukee Bucks,C,109,286,39,74,514.0,10,12,433.4,21,46,465.0,11,37,48,18,23,4,11,13,4,175,157,127,66,179.6747188671387,28.179925031236984,25.922532278217407,15.173261141191169,324.9183673469388,241.96626405664304,254.5618492294877,62.16743023740108,10
55,Bruce Brown,Toronto Raptors,SF,101,276,40,84,471.3,15,20,483.3,6,16,300.0,8,28,36,34,16,6,21,1,-101,171,137,135,70,156.5,80.46124763705103,33.014177693761816,4.4120982986767485,491.4763705103969,340.70037807183365,277.6880907372401,143.0633270321361,10
56,Bruno Fernando,Atlanta Hawks,PF,77,197,32,49,600.9,13,19,425.0,0,1,0.0,20,45,65,14,31,13,16,9,-5,156,142,91,79,424.2,58.5,8.596,0.0,435.21599999999995,425.7,446.91599999999994,53.89600000000001,10
57,Bryce McGowens,Charlotte Hornets,G,54,155,18,37,330.8,13,18,441.7,5,15,180.0,3,21,24,8,15,7,4,3,-10,86,78,62,32,241.26530612244898,34.07709750566894,5.777777777777779,7.1859410430839,428.18594104308386,410.6621315192744,258.8526077097506,39.791383219954646,10
58,Buddy Boeheim,Detroit Pistons,F,19,40,6,14,83.3,2,2,100.0,5,13,76.19999999999999,0,6,6,3,3,0,0,1,12,28,25,22,9,59.78000000000001,3.3800000000000003,6.12,3.3799999999999994,131.92000000000002,85.0,102.02,14.180000000000001,2
59,Buddy Hield,Philadelphia 76ers,SG,105,224,41,89,453.7,3,3,200.0,20,57,364.1,8,21,29,19,15,3,8,5,-10,153,134,124,48,148.52675386444707,43.417954815695595,16.70986920332937,14.04756242568371,303.2419738406659,255.18014268727705,171.59809750297262,85.11831153388823,10
60,CJ McCollum,New Orleans Pelicans,SG,204,345,77,168,456.4,14,16,441.7,36,86,396.7,3,36,39,50,12,6,16,2,49,293,243,254,89,496.10039159843365,36.9188323246707,48.05055179779281,34.427910288358845,873.5418298326807,558.9644001423994,807.0708437166251,88.57636169455321,10
61,Cade Cunningham,Detroit Pistons,PG,227,314,84,199,417.3,39,43,809.7,20,62,282.1,9,41,50,79,16,7,32,2,-47,356,277,306,129,563.0788897005112,43.23447772096421,63.289262235208184,21.64353542731921,756.601899196494,614.5383491599708,631.7560262965668,179.91015339663988,10
62,Caleb Houstan,Orlando Magic,G,47,172,15,40,329.4,2,2,100.0,15,38,362.7,6,11,17,3,14,3,3,2,-12,67,64,50,20,146.0394857667585,31.885215794306703,2.4196510560146924,17.312213039485766,277.37281910009176,260.4462809917355,150.44628099173553,46.82460973370064,10
63,Caleb Martin,Miami Heat,SF,93,287,35,97,341.1,12,14,575.0,11,45,295.0,13,34,47,22,14,9,12,4,-20,162,140,115,69,216.296,44.244,45.744,8.936,553.7,342.004,384.504,133.476,10
64,Cam Reddish,Los Angeles Lakers,SF,30,142,9,26,213.3,6,12,141.7,6,17,216.6,4,5,9,1,7,5,2,4,-10,40,39,31,10,103.51562499999999,12.765624999999998,0.9322916666666667,4.390625,112.97395833333331,101.56250000000001,116.5625,12.0625,9
65,Cam Thomas,Brooklyn Nets,SG,251,349,90,192,460.5,48,55,827.4,23,63,343.0,7,39,46,41,20,6,20,1,-2,338,297,292,87,467.51703623580306,58.919415900486754,25.3677663601947,28.462412114656573,466.16873985938355,392.3564088696593,549.5435370470525,76.0730124391563,10
66,Cam Whitmore,Houston Rockets,F,126,203,48,111,415.2,17,26,385.0,13,50,239.8,14,31,45,5,11,5,15,5,3,176,171,131,50,215.05817174515238,60.56232686980609,2.673130193905817,12.290858725761774,347.16343490304706,345.24376731301936,225.77008310249312,54.44321329639889,10
67,Cameron Johnson,Brooklyn Nets,SF,155,273,49,102,478.1,27,32,791.7,30,67,441.3,7,31,38,21,14,10,13,1,2,214,193,176,59,438.8213296398892,44.260387811634345,15.087257617728532,29.77285318559556,603.5013850415513,477.3642659279779,547.1468144044321,77.15927977839334,10
68,Cameron Payne,Philadelphia 76ers,PG,103,196,39,93,427.9,8,9,275.0,17,45,363.3,3,12,15,33,18,5,16,4,-28,151,118,136,48,283.07971938775506,20.818877551020407,21.350127551020407,20.110331632653065,414.1734693877551,384.82971938775506,304.6862244897959,49.90625,10
69,Caris LeVert,Cleveland Cavaliers,SG,114,320,41,109,344.8,22,30,390.2,10,47,193.3,8,40,48,79,21,14,23,7,0,241,162,193,127,580.5404663923182,29.635116598079563,100.03086419753086,8.003429355281208,1112.9334705075446,723.6351165980795,913.1063100137175,186.39849108367628,10
70,Cason Wallace,Oklahoma City Thunder,G,76,214,30,64,463.6,2,4,100.0,14,34,399.3,7,15,22,16,18,11,9,5,-18,114,98,92,38,333.13065147739405,14.062655749377,22.56461374154503,19.11783552865789,443.2474190103239,375.939480242079,399.3905304378781,37.675329298682804,10
71,Cedi Osman,San Antonio Spurs,SF,47,145,18,39,407.1,1,2,50.0,10,25,299.9,3,25,28,13,18,6,4,2,-23,88,75,60,41,116.12358533272975,40.56496152105025,34.21774558623812,10.54775916704391,289.8714350384789,197.92349479402446,172.19737437754642,110.6568583069262,10
72,Charlie Brown Jr.,New York Knicks,G,3,27,1,5,20.0,0,0,0.0,1,3,33.3,1,1,2,0,4,0,0,1,-6,5,5,3,2,6.12,2.7200000000000006,0.0,0.6800000000000002,17.0,17.0,6.12,2.7200000000000006,2
73,Chet Holmgren,Oklahoma City Thunder,PF,140,284,53,110,431.0,22,25,533.3,12,43,278.4,12,73,85,17,20,6,13,17,74,242,225,157,102,893.8454966180136,124.33926664293342,16.522961908152368,10.444286222855107,1642.6222855108579,1569.4015663937344,952.9231043075829,155.00533997864008,10
74,Chimezie Metu,Detroit Pistons,PF,41,129,15,31,245.8,10,11,287.5,1,10,33.3,5,19,24,12,18,7,8,3,-32,77,65,53,36,135.9112426035503,30.31508875739645,6.0,0.8357988165680473,283.51035502958575,259.2026627218935,158.06508875739644,38.4689349112426,5
75,Chimezie Metu,Phoenix Suns,PF,6,29,3,5,150.0,0,0,0.0,0,0,0.0,2,9,11,2,2,2,3,0,-7,19,17,8,13,67.71597633136095,18.92751479289941,6.0,0.039940828402366874,155.92159763313612,102.53698224852073,113.40828402366864,32.6198224852071,3
76,Chris Boucher,Toronto Raptors,PF,69,120,25,35,573.3,15,18,500.0,4,12,216.7,13,27,40,5,11,1,9,5,7,114,109,74,45,142.20987654320987,47.580246913580254,5.913580246913581,4.0246913580246915,410.0,329.0246913580247,192.69135802469134,83.98765432098766,8
77,Chris Duarte,Sacramento Kings,SG,57,130,20,45,444.2,5,6,250.0,12,31,422.7,7,17,24,7,11,4,3,3,-31,88,81,64,31,132.60000000000002,40.84444444444445,8.160493827160494,5.723456790123457,315.08641975308643,254.51111111111112,169.73827160493823,72.44197530864197,10
78,Chris Livingston,Milwaukee Bucks,F,0,6,0,2,0.0,0,0,0.0,0,2,0.0,0,1,1,1,4,0,1,0,-10,2,1,1,2,1.0,0.390625,0.765625,0.0,0.25,0.140625,0.015625,2.25,1
79,Chris Paul,Golden State Warriors,PG,94,241,41,89,418.9,1,2,50.0,11,27,356.7,6,40,46,64,23,7,10,0,-20,204,140,158,110,265.81519274376416,35.543083900226755,96.74489795918367,7.030612244897959,622.5,455.1020408163265,432.75736961451247,132.7437641723356,10
80,Christian Braun,Denver Nuggets,G,88,203,36,60,586.4,5,10,200.0,11,21,516.6,9,27,36,18,20,6,7,4,-4,142,124,106,54,343.37486650053404,35.33428266286935,31.79494482022072,8.092203631185477,724.3673905304379,499.06514773940904,523.1306514773942,112.67568529725881,10
81,Christian Wood,Los Angeles Lakers,F,59,133,22,51,477.0,11,14,450.0,4,19,225.0,6,28,34,6,12,5,5,2,-14,99,93,65,40,153.90277777777777,54.402777777777786,4.625,2.4444444444444446,305.125,285.0,156.7777777777778,76.27777777777777,10
82,Chuma Okeke,Orlando Magic,PF,0,33,0,4,0.0,0,0,0.0,0,4,0.0,0,4,4,2,2,2,2,0,-14,6,4,2,6,0.4253472222222223,2.953125,1.3836805555555554,0.008680555555555556,4.828125,2.868055555555556,1.25,5.472222222222221,5
83,Clint Capela,Atlanta Hawks,C,130,267,58,95,630.0,14,28,380.0,0,1,0.0,53,67,120,18,19,8,14,16,53,268,250,148,138,56.782006920415235,45.55171088043059,17.60246059207997,0.0,168.70049980776628,140.60592079969248,60.642829680891964,87.38792772010764,10
84,Coby White,Chicago Bulls,PG,192,363,69,162,419.1,28,31,696.7,26,69,359.0,7,39,46,48,23,7,19,3,-5,286,238,240,94,538.7245233399079,17.138724523339906,72.68113083497698,35.25443786982248,812.2117028270874,616.4247205785667,714.2366863905326,110.09467455621304,10
85,Cody Martin,Charlotte Hornets,SF,69,285,28,76,367.2,6,7,250.0,7,30,228.2,6,44,50,42,15,11,20,7,-28,161,119,111,92,111.0,28.18685121107267,64.68512110726644,2.6816608996539792,183.02076124567472,112.9515570934256,173.33217993079583,100.60899653979239,10
86,Cody Zeller,New Orleans Pelicans,C,7,31,3,6,200.0,1,2,50.0,0,0,0.0,5,10,15,3,5,2,3,0,14,25,22,10,18,3.2091836734693877,5.25,3.494897959183673,0.0,19.08673469387755,12.673469387755102,6.408163265306122,11.959183673469386,5
87,Colby Jones,Sacramento Kings,G,6,25,3,10,116.6,0,0,0.0,0,2,0.0,3,4,7,5,4,0,1,0,-3,18,13,11,12,5.5600000000000005,5.640000000000001,1.75,0.0,29.490000000000002,19.64,11.51,11.290000000000003,4
88,Cole Anthony,Orlando Magic,PG,128,241,48,102,447.9,17,24,537.5,15,41,284.5,11,33,44,26,13,5,9,7,38,198,172,154,70,451.53719008264466,54.5,36.56198347107438,24.520661157024794,790.004132231405,687.8553719008264,550.2314049586777,94.51652892561984,10
89,Cole Swider,Miami Heat,F,19,44,6,16,104.7,2,2,100.0,5,13,116.7,0,5,5,1,1,0,4,0,-18,25,24,20,6,147.3125,2.0,0.89453125,13.25,172.61328125,177.3125,142.61328125,2.89453125,5
90,Collin Gillespie,Denver Nuggets,G,53,120,19,42,306.4,4,7,200.0,11,24,283.3,0,15,15,18,11,7,9,0,32,86,68,71,33,178.3179012345679,9.75,33.75308641975309,12.317901234567902,253.97530864197532,181.45679012345678,231.28086419753086,63.05864197530864,7
91,Collin Sexton,Utah Jazz,PG,215,333,89,167,534.1,20,23,813.3,17,43,337.4,13,17,30,62,19,10,24,2,-74,307,245,277,92,69.19017523700086,34.646365986785405,51.79316288422867,22.49324906636024,193.52858374030453,107.17236426314278,156.25308819304797,85.73283539212869,10
92,Corey Kispert,Washington Wizards,SF,158,336,58,118,487.2,11,23,433.3,31,70,438.1,6,27,33,18,21,9,13,3,-30,209,191,176,51,270.08433364112034,96.14681440443215,27.606032625423204,21.094182825484765,593.2326869806094,459.78424130501696,354.2991689750692,172.98645737149891,10
93,Cory Joseph,Golden State Warriors,PG,27,71,10,16,316.7,0,0,0.0,7,11,316.7,2,9,11,6,6,0,1,0,9,44,38,33,17,31.2,10.8,2.8000000000000003,3.2,28.8,47.2,21.2,5.2,5
94,Craig Jr. Porter,Cleveland Cavaliers,G,64,136,27,52,425.3,5,6,300.0,5,12,175.0,6,17,23,24,4,3,8,2,-29,111,87,88,47,332.0,39.606249999999996,17.65625,9.25625,641.0,534.00625,427.25624999999997,69.0,10
95,D'Angelo Russell,Los Angeles Lakers,PG,215,360,71,159,421.2,31,35,860.0,42,89,446.1,8,31,39,69,21,12,26,4,45,323,254,284,108,1120.031190926276,37.03780718336484,135.99716446124765,50.19281663516068,1980.1228733459357,1434.9877126654064,1622.6729678638942,215.52835538752362,10
96,D.J. Carton,Toronto Raptors,G,8,31,2,7,83.3,3,4,150.0,1,4,50.0,2,1,3,3,1,1,1,0,-30,14,11,11,6,8.666666666666668,2.0,2.0,0.6666666666666667,8.666666666666666,2.6666666666666665,18.666666666666668,0.0,3
97,D.J. Wilson,Philadelphia 76ers,F,10,14,4,6,66.7,0,0,0.0,2,2,100.0,1,1,2,2,1,0,0,2,4,14,12,12,4,19.75308641975309,0.7901234567901234,0.7901234567901234,0.7901234567901234,38.71604938271605,28.444444444444443,28.444444444444443,3.1604938271604937,1
98,DaQuan Jeffries,New York Knicks,SG,0,7,0,2,0.0,0,0,0.0,0,2,0.0,0,0,0,3,0,0,1,0,7,3,0,3,3,1.5625,0.0,5.0625,0.17361111111111113,1.0,1.5625,1.0,5.0625,1
99,Daishen Nix,Minnesota Timberwolves,SG,5,5,2,3,66.7,0,0,0.0,1,2,50.0,0,0,0,0,1,1,0,0,6,5,5,5,0,9.0,0.0,0.08163265306122448,0.32653061224489793,7.367346938775511,9.0,7.367346938775511,0.08163265306122448,1
100,Dalano Banton,Portland Trail Blazers,G,177,319,66,152,432.7,22,23,875.0,23,65,385.2,8,37,45,37,16,12,27,5,-135,259,222,214,82,639.610331632653,60.61479591836735,72.8188775510204,15.757653061224492,1335.9572704081634,934.90625,1010.5440051020408,163.55102040816328,10
101,Dalen Terry,Chicago Bulls,F,38,130,16,33,307.8,3,6,150.0,3,12,158.3,7,17,24,18,8,6,6,2,-2,80,62,56,42,131.92911153119093,43.407372400756145,27.84499054820416,2.2277882797731565,351.1493383742911,252.0,180.48487712665406,121.84593572778827,10
102,Damian Jones,Cleveland Cavaliers,C,61,129,24,38,627.9,13,15,650.0,0,5,0.0,14,23,37,6,13,4,7,7,-25,104,98,67,43,158.2235939643347,71.30178326474623,4.540466392318244,0.0,287.06721536351165,282.1234567901235,157.29355281207134,81.71604938271605,10
103,Damian Lillard,Milwaukee Bucks,PG,238,369,82,186,434.9,38,43,888.0,36,90,399.3,4,43,47,90,21,6,20,3,36,375,285,328,137,692.0,15.124,92.08399999999999,33.076,1083.3999999999999,705.204,1081.204,96.2,10
104,Daniel Gafford,Dallas Mavericks,C,146,244,64,76,849.2,18,26,483.4,0,0,0.0,25,53,78,21,34,9,8,22,98,245,224,167,99,263.5517108804306,87.66935793925414,28.903114186851212,0.0,519.5044213763937,441.7777777777778,334.71780084582855,123.13302575932335,10
105,Daniel Theis,LA Clippers,C,44,135,19,38,427.5,3,3,200.0,3,8,200.0,11,21,32,12,18,1,7,9,14,88,76,56,44,135.03591682419662,26.27693761814745,9.965973534971644,4.183364839319471,226.83270321361056,198.32230623818526,160.36672967863893,39.42249527410208,10
106,Danilo Gallinari,Milwaukee Bucks,PF,28,105,9,23,350.0,9,10,275.0,1,11,100.0,3,6,9,9,7,2,3,1,-43,46,37,37,18,84.24417009602195,4.939643347050755,12.972565157750342,1.6310013717421123,98.74622770919068,99.64197530864199,81.65569272976681,19.60493827160494,10
107,Dante Exum,Dallas Mavericks,G,66,200,22,46,439.1,11,12,366.7,11,18,466.7,2,19,21,32,15,2,12,0,54,119,87,98,53,236.66929651545036,16.777777777777775,27.923734385272844,14.96318211702827,308.5529257067718,251.66929651545038,283.7751479289941,54.479289940828394,10
108,Danuel House Jr.,Philadelphia 76ers,SF,42,143,14,30,276.3,13,15,466.7,1,11,33.3,6,11,17,7,16,7,3,3,-26,66,59,49,24,42.0,11.714285714285715,8.0,0.8571428571428572,41.714285714285715,51.714285714285715,40.0,11.714285714285715,7
109,Dario Saric,Golden State Warriors,PF,28,107,12,33,298.3,2,3,100.0,2,17,83.3,6,15,21,18,5,0,13,0,-31,67,49,46,39,52.0,27.193877551020407,15.673469387755102,2.1224489795918364,146.1326530612245,98.90816326530613,72.53061224489795,69.56122448979592,10
110,Darius Garland,Cleveland Cavaliers,PG,173,334,64,148,436.7,16,20,775.0,29,79,337.8,8,27,35,70,23,9,27,1,-25,278,208,243,105,417.3232467070132,36.14560341758633,96.03203987184051,53.25133499466003,665.8390886436455,428.26059095763617,606.442506229975,180.6368814524742,10
111,David Roddy,Phoenix Suns,F,61,140,25,62,497.0,6,10,241.7,5,21,143.3,3,17,20,13,7,2,10,0,-71,94,81,74,33,424.74693877551016,57.175510204081625,23.816326530612244,9.089795918367347,850.0,668.0448979591837,577.8612244897961,109.83265306122449,10
112,Davion Mitchell,Sacramento Kings,PG,56,167,22,49,376.7,3,4,75.0,9,26,301.7,5,10,15,17,7,3,7,0,30,88,71,73,32,248.44444444444443,6.839335180055402,12.535857186826716,10.905201600492457,294.6648199445983,287.03816558941213,248.3019390581717,27.14435210834103,10
113,Davis Bertans,Charlotte Hornets,SF,64,237,20,73,250.3,9,10,350.0,15,57,255.0,5,15,20,13,14,11,9,3,-71,97,84,77,33,221.17311124330757,42.33670434265318,21.329565734681736,10.501487209994051,430.74657941701366,315.1719214753123,307.2629387269482,93.1511005353956,10
114,Day'Ron Sharpe,Brooklyn Nets,C,60,144,24,43,607.5,12,21,358.3,0,2,0.0,24,28,52,16,21,3,13,6,-7,128,112,76,68,131.4799123447772,178.02045288531775,14.410518626734843,0.06574141709276846,394.01899196493787,345.0007304601899,147.32943754565375,225.59970781592403,10
115,De'Aaron Fox,Sacramento Kings,PG,228,350,82,196,429.09999999999997,36,42,777.2,28,77,392.4,13,50,63,54,27,23,26,5,47,345,291,282,117,192.73719008264464,33.00000000000001,77.85785123966943,14.24793388429752,294.3190082644628,230.60991735537192,286.1917355371901,81.11239669421488,10
116,De'Andre Hunter,Atlanta Hawks,SF,169,318,61,140,431.4,23,27,690.0,24,69,330.8,7,35,42,18,17,5,13,3,34,229,211,187,60,393.3639053254438,135.05325443786984,7.715976331360947,28.52440828402367,644.8786982248521,685.6360946745563,366.21597633136093,129.15976331360946,10
117,De'Anthony Melton,Philadelphia 76ers,SG,23,43,7,20,75.0,4,4,200.0,5,14,75.0,0,5,5,5,3,2,1,1,-2,33,28,28,10,128.66666666666666,2.666666666666667,2.666666666666667,8.666666666666666,206.0,164.66666666666669,164.66666666666669,10.666666666666668,3
118,DeAndre Jordan,Denver Nuggets,C,34,103,15,28,607.1,4,4,200.0,0,0,0.0,15,28,43,5,13,1,2,5,-11,82,77,39,48,99.35069444444444,72.35069444444444,10.23611111111111,0.0,323.40277777777777,232.27777777777777,156.15625,116.90625,10
119,DeJon Jarreau,Memphis Grizzlies,F,43,150,17,50,308.3,5,11,250.0,4,13,141.7,8,36,44,26,14,6,9,2,-24,113,87,69,70,76.49913494809688,82.25,42.937716262975776,4.228373702422145,312.83044982698965,146.30795847750866,155.90397923875435,212.3053633217993,9
120,DeMar DeRozan,Chicago Bulls,SF,243,361,80,166,469.0,77,92,853.1,6,28,156.7,5,44,49,50,15,12,18,6,22,342,292,293,99,848.4489142043432,57.071911712353156,76.60163759344962,4.701317194731222,1371.2609469562121,1215.8618725525098,962.1342114631542,175.3873264506942,10
121,Dean Wade,Cleveland Cavaliers,PF,46,178,15,35,260.2,5,7,216.7,11,31,233.4,4,27,31,7,8,3,1,9,-23,84,77,53,38,468.50000000000006,35.125,6.125,31.525000000000006,718.8,714.725,466.12499999999994,47.699999999999996,10
122,Deandre Ayton,Portland Trail Blazers,C,229,346,105,167,627.8,18,22,450.0,1,3,100.0,39,97,136,14,15,7,22,9,-35,379,365,243,150,638.5704894083273,219.7589481373265,6.410518626734843,0.9006574141709277,1419.390065741417,1479.582907231556,602.2505478451425,202.29656683710735,10
123,Dejounte Murray,Atlanta Hawks,SG,280,383,105,234,463.0,27,35,645.3,43,111,394.6,8,41,49,94,16,25,32,4,13,423,329,374,143,885.1165980795611,58.72565157750343,95.23456790123458,40.401234567901234,774.2345679012346,1041.938271604938,610.1865569272975,161.1865569272977,10
124,Delon Wright,Miami Heat,SG,43,184,15,46,314.7,9,12,283.3,4,18,75.0,5,17,22,26,5,8,1,2,7,91,65,69,48,144.90625,8.356250000000001,31.3,6.456250000000001,225.3,170.6,204.15625,35.106249999999996,10
125,Deni Avdija,Washington Wizards,SF,174,345,67,136,502.0,29,44,658.7,11,36,287.5,20,74,94,33,24,9,21,3,-39,301,268,207,127,106.79912344777208,98.64572680788896,23.946676406135868,11.086194302410519,362.1234477720964,288.7538349159971,179.9159970781592,122.84514243973703,10
126,Dennis Schroder,Brooklyn Nets,PG,140,355,52,131,390.8,18,20,525.0,18,54,339.5,6,28,34,62,16,9,31,5,-74,236,174,202,96,225.63091715976333,36.41198224852071,40.366863905325445,5.625,347.51775147929,266.3224852071006,312.23446745562126,71.37056213017752,10
127,Dennis Smith Jr.,Brooklyn Nets,PG,58,167,21,46,487.1,8,11,383.3,8,22,348.3,5,13,18,28,22,16,11,0,3,104,76,86,46,75.38271604938271,18.711111111111112,41.77777777777778,4.0,181.82716049382717,136.47901234567902,110.41975308641975,70.80000000000001,10
128,Dereck II Lively,Dallas Mavericks,C,84,187,41,56,659.0,2,7,100.0,0,0,0.0,15,39,54,7,20,4,7,9,5,145,138,91,61,382.5,76.76549586776859,8.140495867768596,0.0,731.2324380165289,653.0382231404958,456.9132231404959,88.68698347107438,10
129,Derrick Jones Jr.,Dallas Mavericks,SF,77,199,28,51,549.1,15,21,583.4,6,20,190.0,10,14,24,10,12,7,5,3,74,111,101,87,34,109.92378175760099,50.13327780091629,10.149937526030822,8.423990004164931,219.95293627655144,183.3082049146189,139.5880882965431,67.26364014993753,10
130,Derrick Rose,Memphis Grizzlies,PG,49,95,20,37,377.7,5,6,266.7,4,8,233.3,0,15,15,21,3,1,9,0,-9,85,64,70,36,70.0,14.857142857142858,12.0,3.7142857142857144,188.85714285714286,116.85714285714286,128.0,40.857142857142854,7
131,Derrick White,Boston Celtics,PG,168,363,61,136,459.70000000000005,16,18,555.6,30,79,328.2,10,53,63,68,24,10,15,13,78,299,231,236,131,339.63115197404,46.0535424553813,60.18496484586262,56.13520822065981,561.6792861005949,451.9983775013521,413.2861005949162,142.26446727961059,10
132,Desmond Bane,Memphis Grizzlies,SG,93,165,30,80,183.4,19,21,366.7,14,40,172.9,2,14,16,34,14,5,13,2,-54,143,109,127,50,269.27032136105856,8.824196597353497,118.0,4.854442344045369,712.6465028355387,365.34215500945174,597.6181474480152,145.78071833648391,5
133,Devin Booker,Phoenix Suns,SG,251,358,94,197,473.0,43,47,896.4,20,66,294.7,14,41,55,71,32,5,24,6,14,377,306,322,126,374.53599999999994,48.696,82.996,27.023999999999997,326.836,413.664,232.5,186.9,10
134,Devin Vassell,San Antonio Spurs,SG,200,367,78,159,455.8,22,25,791.7,22,58,339.4,0,36,36,49,16,13,18,2,-26,285,236,249,85,873.0864197530864,24.647462277091908,65.28532235939643,28.16186556927298,1259.4444444444446,937.0013717421125,1168.1906721536352,117.27160493827161,10
135,Devonte' Graham,San Antonio Spurs,PG,17,36,6,14,158.3,1,1,100.0,4,11,170.0,0,9,9,2,2,2,1,0,18,28,26,19,11,51.735537190082646,1.1239669421487604,4.495867768595041,2.8264462809917354,74.89256198347107,58.82644628099173,68.29752066115702,5.12396694214876,5
136,Dillon Brooks,Houston Rockets,SF,121,284,45,103,417.2,15,17,500.0,16,57,312.5,2,26,28,19,24,8,13,2,90,168,149,140,47,362.1111111111111,23.083676268861456,21.040466392318244,10.507544581618655,561.056927297668,427.960219478738,456.6947873799726,82.63717421124828,10
137,Domantas Sabonis,Sacramento Kings,PF,181,363,64,113,577.7,51,64,814.1,2,8,133.3,34,112,146,76,26,8,34,9,39,403,327,257,222,259.4444444444444,66.7590027700831,62.778701138811954,1.777777777777778,326.3905817174515,381.88765774084334,199.29916897506928,134.18590335487843,10
138,Dominick Barlow,San Antonio Spurs,F,57,150,21,38,506.6,15,18,416.6,0,1,0.0,19,22,41,15,19,4,4,3,10,113,98,72,56,281.15625,79.806640625,45.291015625,0.0,691.0,572.728515625,411.119140625,113.40625,10
139,Donovan Mitchell,Cleveland Cavaliers,SG,241,347,75,167,435.8,52,59,812.8,39,86,449.3,3,47,50,49,22,13,34,6,4,340,291,290,99,886.6487603305785,22.330578512396695,23.0495867768595,16.96694214876033,1278.185950413223,1120.5,1030.0206611570247,59.69421487603306,10
140,Donte DiVincenzo,New York Knicks,SG,182,348,63,148,407.2,14,18,550.0,42,109,373.6,9,35,44,32,24,16,17,8,104,258,226,214,76,806.0056959772161,43.02029191883233,21.80562477750089,59.0815236739053,879.938056247775,920.9825560697756,765.8469206123176,63.940192239231045,10
141,Dorian Finney-Smith,Brooklyn Nets,PF,75,308,27,73,368.9,11,14,475.0,10,47,226.2,13,33,46,16,16,14,5,5,-26,137,121,91,62,176.53380205516495,26.455381287182263,14.962682531097892,14.021633315305571,200.7425635478637,188.90265008112493,189.22065981611684,40.57111952406706,10
142,Doug McDermott,Indiana Pacers,SF,45,123,17,43,287.5,1,2,50.0,10,35,190.29999999999998,1,7,8,10,10,3,4,0,-8,63,53,55,18,274.53396639883124,9.642074506939373,10.262965668371073,18.73046018991965,371.5332359386414,305.0,340.85682980277574,20.115412710007305,10
143,Draymond Green,Golden State Warriors,PF,80,296,35,83,415.7,4,7,125.0,6,28,143.3,17,67,84,68,33,11,24,8,45,232,164,148,152,121.6,52.48264462809917,104.0099173553719,6.429752066115703,392.0,179.35537190082647,229.53719008264466,261.2,10
144,Drew Eubanks,Phoenix Suns,PF,48,166,21,32,625.0,6,7,280.0,0,0,0.0,14,31,45,8,13,4,6,8,21,101,93,56,53,68.34380165289255,57.63140495867768,13.682644628099176,0.0,168.9074380165289,152.1404958677686,71.72231404958677,84.70247933884298,10
145,Duncan Robinson,Miami Heat,F,146,321,53,111,467.0,8,9,350.0,32,84,339.0,2,33,35,30,26,10,16,3,-13,211,181,176,65,468.41111111111104,21.877777777777776,36.01111111111111,37.7,674.5,489.5777777777777,640.8444444444444,70.37777777777778,10
146,Duop Reath,Portland Trail Blazers,C,89,180,34,69,382.6,9,10,450.0,12,31,286.7,8,19,27,10,24,4,10,4,-77,126,116,99,37,514.8115484056306,57.58029301924734,24.011490950876187,11.67767882792301,1011.9310542947429,828.6044240160873,654.3990232691756,125.33093938523413,10
147,Dwight Powell,Dallas Mavericks,C,20,119,7,12,450.0,6,11,325.0,0,0,0.0,12,20,32,9,19,0,9,3,-9,61,52,29,41,45.93964620187305,101.09781477627473,11.746097814776274,0.0,300.19458896982314,232.2029136316337,74.0,152.77523413111342,9
148,Dylan Windler,Atlanta Hawks,G,16,41,6,11,106.7,0,0,0.0,4,9,85.0,1,6,7,2,2,2,1,0,3,25,23,18,9,79.64462809917356,8.041322314049587,2.6838842975206614,5.768595041322312,122.66735537190084,113.02479338842977,82.13842975206612,17.873966942148762,3
149,Dylan Windler,Los Angeles Lakers,G,3,14,1,4,25.0,0,0,0.0,1,4,25.0,0,1,1,2,1,0,0,0,-7,6,4,5,3,7.975206611570249,1.6942148760330578,0.33471074380165283,0.6033057851239669,7.657024793388429,10.74380165289256,6.152892561983471,0.7644628099173552,2
150,Dyson Daniels,New Orleans Pelicans,G,38,181,16,32,311.4,1,2,50.0,5,13,250.0,7,20,27,20,12,15,12,8,25,85,65,58,47,123.55555555555556,24.0,25.555555555555557,4.222222222222222,146.22222222222223,113.55555555555556,128.22222222222223,77.55555555555556,9
151,Emoni Bates,Cleveland Cavaliers,F,16,23,6,12,102.9,0,2,0.0,4,8,100.0,0,1,1,1,0,0,1,0,-3,18,17,17,2,29.380000000000003,0.8200000000000001,0.52,2.9799999999999995,37.28,34.11999999999999,33.379999999999995,0.5,2
152,Eric Gordon,Phoenix Suns,SG,78,230,29,63,387.3,3,5,150.0,17,39,361.7,2,12,14,17,12,7,5,3,32,109,92,95,31,468.7890625,6.5,18.40625,30.277777777777775,523.2890625,407.4140625,585.9140625,23.65625,10
153,Eugene Omoruyi,Washington Wizards,F,39,106,17,38,391.3,5,10,200.0,0,6,0.0,7,13,20,7,18,7,5,1,-68,66,59,46,27,94.91836734693878,9.033163265306124,6.798469387755102,0.012755102040816325,87.34693877551021,71.67602040816327,106.89030612244898,19.530612244897956,10
154,Evan Fournier,Detroit Pistons,SG,66,180,23,73,284.0,11,12,366.7,9,42,184.3,1,14,15,20,17,12,8,1,-39,101,81,86,35,354.2190082644628,13.37293388429752,20.129132231404956,13.264462809917354,508.65289256198344,465.4473140495868,392.0960743801653,38.8305785123967,10
155,Evan Mobley,Cleveland Cavaliers,PF,147,289,58,104,539.1,27,47,514.2,4,16,175.0,20,71,91,41,27,9,16,13,-28,279,238,188,132,396.4863258026159,161.5041617122473,84.94292508917955,5.239001189060643,879.2449464922711,768.9441141498216,453.7717003567182,299.4625445897741,10
156,Frank Ntilikina,Charlotte Hornets,PG,5,39,1,8,50.0,2,2,100.0,1,7,50.0,1,4,5,3,4,0,0,0,0,13,10,8,8,19.0,7.0,6.84,0.7600000000000002,24.439999999999998,14.0,18.64,24.640000000000004,4
157,Franz Wagner,Orlando Magic,SF,170,310,65,135,495.0,33,38,885.0,7,36,132.9,7,37,44,29,27,11,13,3,3,243,214,199,73,248.0,45.19421487603306,31.992768595041326,11.141528925619836,487.9183884297521,404.83057851239676,314.2654958677686,94.00929752066115,10
158,Fred VanVleet,Houston Rockets,PG,179,351,58,134,435.29999999999995,31,33,685.7,32,78,385.1,3,33,36,91,26,18,22,7,86,306,215,270,127,636.4793835901708,22.40066638900458,111.20241566014161,59.64264889629321,609.1045397750938,662.2703040399833,582.38400666389,134.53269471053727,10
159,Furkan Korkmaz,Philadelphia 76ers,SG,41,116,13,29,278.6,7,10,241.7,8,18,258.3,3,12,15,12,6,3,2,2,22,68,56,53,27,292.875,14.875,10.0,20.0,404.0,340.0,363.875,17.875,8
160,GG Jackson,Memphis Grizzlies,F,196,334,66,148,433.2,35,42,777.4,29,86,302.6,15,34,49,17,17,4,17,3,-100,262,245,213,66,744.5055179779281,31.56817372730509,20.27945888216447,42.925952296190815,884.9156283374866,782.9601281594873,838.3684585261659,59.940192239231045,10
161,Garrett Temple,Toronto Raptors,SF,33,84,11,20,300.0,5,6,250.0,6,13,200.0,4,13,17,10,8,6,2,1,-4,60,50,43,27,124.27479338842976,17.547520661157026,8.0,7.0,190.0,186.0,120.27479338842976,33.54752066115702,5
162,Garrison Mathews,Atlanta Hawks,SG,88,200,26,50,520.5,17,19,363.3,19,37,464.0,0,14,14,11,27,4,2,3,-6,113,102,99,25,452.6710743801653,12.429752066115702,15.337190082644629,28.289256198347108,661.198347107438,568.6578512396695,526.2396694214876,46.73884297520661,10
163,Gary Harris,Orlando Magic,SG,74,238,27,54,532.8,4,7,125.0,16,38,477.6,2,13,15,9,12,8,7,3,22,98,89,83,24,115.07777777777778,10.677777777777777,12.944444444444445,4.800000000000001,210.8111111111111,170.5111111111111,146.2,32.8,10
164,Gary Payton II,Golden State Warriors,SG,28,142,12,23,399.9,2,4,100.0,2,4,200.0,10,8,18,16,14,6,7,3,-4,62,46,44,34,106.0,56.296061566319594,36.63467632412857,1.7419646899049344,232.77772747849707,135.82797645993662,123.35808057944772,172.52240832956088,10
165,Gary Trent Jr.,Toronto Raptors,SG,217,331,78,173,463.0,29,33,730.0,32,83,387.7,8,30,38,19,15,14,4,2,-98,274,255,236,57,504.69834710743805,17.310950413223143,30.91012396694215,34.28512396694215,488.9752066115701,553.5382231404959,452.7985537190082,35.55785123966942,10
166,Georges Niang,Cleveland Cavaliers,SF,136,282,49,96,511.7,11,11,500.0,27,61,465.6,2,31,33,12,29,5,15,2,-23,181,169,148,45,239.03316326530611,18.14604591836735,5.610331632653061,21.816326530612248,285.2755102040817,260.86543367346934,254.68686224489792,32.51275510204081,10
167,Giannis Antetokounmpo,Milwaukee Bucks,PF,314,372,120,197,614.5,69,106,607.9,5,18,183.3,36,95,131,69,30,7,35,10,-10,514,445,383,200,472.10090702947844,206.79138321995464,83.68934240362812,4.5,1064.1145124716554,900.1734693877552,614.3367346938775,312.1859410430839,10
168,Goga Bitadze,Orlando Magic,C,28,99,11,20,480.0,6,9,283.3,0,3,0.0,10,12,22,9,10,2,8,9,3,59,50,37,31,47.63905325443787,63.61094674556212,8.33284023668639,0.0,232.10059171597635,173.7174556213018,74.48668639053254,103.4792899408284,9
169,Gordon Hayward,Oklahoma City Thunder,SF,54,188,16,35,423.8,12,18,400.0,10,17,500.0,4,18,22,25,12,4,6,0,0,101,76,79,47,140.87566924449732,29.60023795359905,42.783462224866156,8.380725758477098,279.67340868530636,198.9244497323022,197.54729327781084,96.46103509815586,10
170,Gradey Dick,Toronto Raptors,G,126,319,49,120,383.7,10,12,533.3,18,55,323.3,5,21,26,20,18,6,15,2,-120,172,152,146,46,366.144,26.656,36.304,15.636,480.704,424.41599999999994,402.896,82.496,10
171,Grant Williams,Charlotte Hornets,PF,128,301,48,103,474.5,18,25,488.9,14,44,405.9,14,30,44,25,27,12,21,5,-84,197,172,153,69,349.87934027777777,22.40277777777778,25.75434027777778,6.462673611111112,461.9340277777778,449.6640625,340.26736111111114,70.0390625,10
172,Grayson Allen,Phoenix Suns,SG,153,339,53,92,572.2,15,18,591.7,32,63,405.8,2,26,28,29,17,9,12,5,35,210,181,182,57,587.0240054869685,15.929355281207133,34.281207133058984,73.67901234567903,702.4938271604938,538.1906721536351,757.6165980795611,43.921124828532236,10
173,Gui Santos,Golden State Warriors,F,41,109,14,26,422.5,8,9,350.0,5,10,300.0,9,21,30,9,15,2,5,2,6,80,71,50,39,150.84895833333334,118.515625,15.515625,4.223958333333334,547.9739583333333,477.39583333333326,173.39583333333337,182.0625,9
174,Harrison Barnes,Sacramento Kings,SF,121,285,43,101,415.2,16,21,450.0,19,49,284.3,7,29,36,13,13,4,7,1,-9,170,157,134,49,296.0803324099723,30.559556786703602,12.21452754693752,44.905201600492454,415.7703908895045,339.2991689750693,353.8811942136042,61.44444444444444,10
175,Harry III Giles,Brooklyn Nets,F,8,8,3,6,50.0,1,2,50.0,1,1,100.0,2,2,4,2,3,0,0,0,-12,14,12,10,6,47.53739612188365,10.994459833795014,3.3933518005540164,0.8005540166204986,145.26592797783934,104.25484764542938,76.33240997229916,26.60387811634349,1
176,Harry III Giles,Los Angeles Lakers,F,2,10,1,4,100.0,0,0,0.0,0,2,0.0,0,1,1,0,0,1,0,0,-15,3,3,2,1,2.022160664819945,0.5678670360110804,0.04986149584487534,0.022160664819944595,4.900277008310249,4.667590027700831,2.1385041551246537,0.7340720221606647,2
177,Haywood Highsmith,Miami Heat,F,52,156,20,35,429.5,1,4,50.0,11,19,350.0,8,16,24,12,8,3,1,0,-34,88,76,64,36,430.15625,49.75434027777777,9.65625,23.06684027777778,824.0251736111111,731.0251736111111,495.625,86.94184027777779,10
178,Herbert Jones,New Orleans Pelicans,SF,89,328,28,62,422.4,22,25,700.0,11,33,298.3,6,26,32,33,33,15,14,17,-3,154,121,122,65,187.63806747188676,24.033319450229072,12.771761765930862,6.754269054560599,279.10453977509377,222.47438567263643,222.5472719700125,58.526030820491464,10
179,Hunter Tyson,Denver Nuggets,F,0,7,0,3,0.0,0,0,0.0,0,3,0.0,0,1,1,0,1,0,2,0,-1,1,1,0,1,15.015625,0.25,0.390625,0.765625,16.0,11.390625,20.25,0.015625,1
180,Ibou Badji,Portland Trail Blazers,C,7,32,3,4,150.0,1,2,50.0,0,0,0.0,1,2,3,4,6,0,5,3,-17,14,10,11,7,17.5207100591716,3.437869822485207,3.3668639053254443,0.0,44.514792899408285,34.094674556213015,26.0,8.745562130177515,3
181,Immanuel Quickley,Toronto Raptors,SG,195,364,68,158,420.7,33,45,597.2,26,77,328.3,2,55,57,88,17,11,26,3,-71,340,252,283,145,477.0639999999999,39.496,197.456,20.976,930.7840000000001,541.9359999999999,785.464,317.4,10
182,Isaac Okoro,Cleveland Cavaliers,SF,86,317,33,79,426.7,6,10,225.0,14,40,408.4,9,21,30,17,24,8,12,3,-62,133,116,103,47,113.3501275510204,37.151147959183675,16.40625,6.441326530612245,273.0082908163265,211.72704081632654,161.81887755102042,66.36989795918367,10
183,Isaiah Hartenstein,New York Knicks,C,96,229,41,53,807.4,14,18,580.0,0,0,0.0,30,52,82,28,28,10,9,15,129,206,178,124,110,262.48350694444446,85.87934027777777,13.7890625,0.0,322.6501736111111,289.1006944444444,249.43402777777777,146.2673611111111,10
184,Isaiah Jackson,Indiana Pacers,SF,89,171,36,53,744.3,17,25,608.3,0,1,0.0,23,33,56,11,26,9,9,9,26,156,145,100,67,258.6274238227147,196.9819944598338,28.922437673130197,0.0,880.0,743.7645429362882,312.7714681440443,307.9958448753462,10
185,Isaiah Joe,Oklahoma City Thunder,SG,78,181,28,67,397.9,4,4,200.0,18,46,370.0,4,17,21,15,11,3,4,1,17,114,99,93,36,174.1091211995002,11.593086214077468,28.800916284881296,10.21990837151187,388.87380258225744,230.9591836734694,316.1103706788838,56.30737192836318,10
186,Isaiah Mobley,Cleveland Cavaliers,F,5,33,2,7,58.3,0,0,0.0,1,4,25.0,0,4,4,2,2,0,0,0,-1,11,9,7,6,0.6799999999999997,10.880000000000003,0.72,0.6800000000000002,13.32,9.0,2.1199999999999997,14.479999999999999,2
187,Isaiah Stewart,Detroit Pistons,C,106,319,40,71,587.7,10,12,516.7,16,38,409.0,10,48,58,12,11,4,10,10,-48,176,164,118,70,131.47520661157026,49.603305785123965,9.603305785123966,12.764462809917354,245.47520661157023,193.27685950413223,178.88016528925618,64.0,10
188,Ish Smith,Charlotte Hornets,PG,18,181,8,34,236.0,0,0,0.0,2,2,200.0,1,19,20,41,16,5,6,1,-90,79,38,59,61,54.36000000000001,24.0,78.09,1.5600000000000003,170.49,69.16000000000001,134.09,123.69,9
189,Ish Wainright,Phoenix Suns,F,3,11,1,6,16.7,0,0,0.0,1,4,25.0,3,2,5,1,1,1,1,0,-3,9,8,4,6,6.25,17.361111111111114,0.6944444444444445,0.6944444444444445,56.25,44.44444444444445,11.111111111111112,25.0,1
190,Ivica Zubac,LA Clippers,C,102,263,43,63,720.4,16,19,575.0,0,0,0.0,27,54,81,13,25,8,11,11,-40,196,183,115,94,147.7,47.096000000000004,6.296,0.0,212.244,175.876,158.27599999999998,79.184,10
191,JT Thor,Charlotte Hornets,F,17,99,7,15,308.3,0,0,0.0,3,8,200.0,1,12,13,6,9,0,2,3,22,36,30,23,19,46.27777777777778,16.111111111111114,4.444444444444445,4.377777777777778,74.0111111111111,78.1,46.94444444444444,15.8,10
192,JaVale McGee,Sacramento Kings,C,23,49,11,19,355.0,0,3,0.0,1,2,100.0,5,10,15,1,6,2,1,0,-4,39,38,24,16,72.87301587301587,14.777777777777777,0.8730158730158731,0.8730158730158731,122.77777777777776,125.30158730158732,74.28571428571428,11.714285714285714,7
193,Jabari Smith Jr.,Houston Rockets,PF,139,290,48,102,477.5,24,28,916.7,19,47,354.8,14,55,69,13,31,9,15,7,49,221,208,152,82,279.9328922495274,144.2022684310019,14.208884688090738,16.330812854442343,482.3005671077505,463.086011342155,295.30056710775045,162.25803402646503,10
194,Jabari Walker,Portland Trail Blazers,F,96,250,39,76,508.4,13,18,640.0,5,14,266.7,17,53,70,13,34,7,7,0,-25,179,166,109,83,240.36370626682046,74.24605920799692,18.590926566705114,6.577854671280276,449.64975009611686,404.0,243.31833910034604,135.53210303729335,10
195,Jacob Gilyard,Brooklyn Nets,G,0,11,0,2,0.0,0,0,0.0,0,2,0.0,0,0,0,1,2,1,0,0,0,1,0,1,1,14.761772853185596,0.6232686980609419,3.792243767313019,1.3407202216066483,43.28254847645429,21.451523545706372,33.51800554016621,7.490304709141275,1
196,Jacob Gilyard,Memphis Grizzlies,G,67,192,23,49,431.8,1,1,100.0,20,42,431.8,1,13,14,39,10,9,12,2,-59,120,81,106,53,341.01385041551254,15.504155124653737,43.28808864265928,29.750692520775623,656.0166204986151,445.7479224376731,519.5041551246537,90.57063711911357,9
197,Jacob Toppin,New York Knicks,F,13,29,5,9,107.1,2,2,100.0,1,4,33.3,3,3,6,1,3,0,1,0,-18,20,19,14,7,78.05555555555556,8.722222222222221,0.5555555555555556,0.7222222222222223,130.22222222222223,136.55555555555554,72.5,8.5,2
198,Jaden Hardy,Dallas Mavericks,G,77,116,32,65,499.4,4,5,250.0,9,21,300.0,1,9,10,18,10,3,7,1,9,105,87,95,28,162.83923365264474,10.016659725114536,32.03331945022907,7.173261141191171,240.15368596418156,188.5435235318617,202.27946688879635,54.21990837151186,10
199,Jaden Ivey,Detroit Pistons,PG,144,307,53,139,389.7,26,33,691.7,12,53,220.6,10,23,33,41,25,11,31,6,-94,218,177,185,74,121.21599999999998,20.884,59.815999999999995,9.364,260.084,183.87600000000003,191.0,87.124,10
200,Jaden McDaniels,Minnesota Timberwolves,PF,120,306,48,110,431.0,10,17,348.8,14,44,337.9,12,38,50,12,36,9,10,6,-12,182,170,132,62,460.7535563244906,48.13533256439831,30.375240292195304,16.481353325643983,582.7673971549403,555.840830449827,442.6574394463668,123.53325643983084,10
201,Jaden Springer,Boston Celtics,G,60,176,22,52,413.7,13,14,575.0,3,18,183.3,13,18,31,17,21,13,10,4,-19,108,91,77,48,224.5562130177515,50.91190006574622,30.763313609467456,2.597633136094675,675.0361604207758,472.6436554898094,364.3254437869822,144.29848783694936,10
202,Jae Crowder,Milwaukee Bucks,PF,61,197,24,47,467.9,2,2,100.0,11,26,383.3,5,15,20,11,16,8,2,1,-11,92,81,72,31,99.67455621301775,11.625,9.2551775147929,9.186390532544378,138.6301775147929,143.64571005917162,95.83210059171597,19.707100591715975,10
203,Jae'Sean Tate,Houston Rockets,SF,44,138,18,37,419.1,5,9,200.0,3,8,233.3,11,19,30,8,17,6,13,5,-15,82,74,52,38,93.6710775047259,31.705103969754255,6.0,2.1153119092627595,215.4555765595463,171.7164461247637,119.84499054820415,55.270321361058606,10
204,Jahmi'us Ramsey,Toronto Raptors,SG,47,120,18,41,306.3,5,6,175.0,6,22,183.3,4,18,22,8,10,7,7,0,-28,77,69,55,30,69.3801652892562,36.066115702479344,3.072314049586777,3.402892561983472,97.25413223140495,108.65289256198346,77.28719008264463,19.832644628099175,7
205,Jaime Jr. Jaquez,Miami Heat,G,104,291,39,86,430.4,18,25,616.7,8,25,244.89999999999998,9,40,49,27,20,12,9,3,3,180,153,131,76,399.9229968782518,41.14984391259105,22.292403746097815,7.839750260145682,373.75650364203955,369.74921956295526,390.9687825182102,76.40374609781477,10
206,Jake LaRavia,Memphis Grizzlies,F,129,284,37,104,352.29999999999995,35,44,618.9,20,57,338.0,21,22,43,23,21,15,10,2,-49,195,172,152,66,331.765306122449,39.75736961451248,28.622448979591834,32.816326530612244,528.546485260771,426.10090702947844,424.7755102040816,77.81519274376417,10
207,Jakob Poeltl,Toronto Raptors,C,122,251,55,101,543.9,12,20,491.7,0,0,0.0,39,53,92,31,28,10,11,19,35,245,214,153,123,161.8469387755102,127.67346938775509,30.387755102040813,0.0,516.704081632653,398.98979591836735,256.6224489795918,181.0,10
208,Jalen Brunson,New York Knicks,PG,283,319,106,220,486.4,42,50,659.1,29,77,401.3,6,26,32,60,11,8,19,2,132,375,315,343,92,821.3114186851211,13.639369473279508,60.753556324490575,13.444444444444445,600.6124567474048,777.8389081122646,638.4294502114573,80.0484429065744,10
209,Jalen Duren,Detroit Pistons,C,132,273,49,76,633.8,34,42,730.0,0,0,0.0,33,91,124,23,29,5,27,4,-56,279,256,155,147,263.85625,187.45625,26.40625,0.0,922.40625,776.8,342.725,280.6,10
210,Jalen Green,Houston Rockets,SG,298,371,106,208,503.1,41,52,789.6,45,98,442.0,8,57,65,39,15,11,22,6,151,402,363,337,104,778.326474622771,92.71947873799725,19.53429355281207,41.188614540466396,1109.5857338820301,1069.5864197530864,800.579561042524,130.0,10
211,Jalen HoodSchifino,Los Angeles Lakers,G,5,11,1,6,33.3,2,4,100.0,1,3,50.0,0,2,2,0,1,0,1,0,-13,7,7,5,2,9.0,0.9799999999999999,0.020000000000000004,0.8200000000000001,13.32,14.180000000000001,8.42,0.72,2
212,Jalen Johnson,Atlanta Hawks,SF,178,339,71,149,485.0,19,29,568.3,17,46,399.9,13,75,88,44,19,7,16,11,35,310,266,222,132,520.0495867768595,92.6317722681359,50.47199265381084,14.673094582185492,1012.7970615243343,701.9265381083562,770.7750229568411,203.24885215794305,10
213,Jalen McDaniels,Toronto Raptors,PF,45,148,20,51,340.6,2,4,66.7,3,17,116.7,6,20,26,11,16,7,16,2,-73,82,71,56,37,170.5,92.1094674556213,13.994082840236686,4.440828402366864,433.6686390532544,347.8402366863905,218.72485207100593,143.70710059171597,10
214,Jalen Pickett,Denver Nuggets,G,2,7,1,3,33.3,0,0,0.0,0,2,0.0,0,0,0,2,0,0,0,0,-1,4,2,4,2,2.9834710743801653,0.20661157024793386,1.190082644628099,0.0,5.5867768595041305,1.6198347107438016,7.942148760330579,0.40495867768595056,1
215,Jalen Slawson,Sacramento Kings,F,2,8,1,2,50.0,0,0,0.0,0,1,0.0,1,1,2,0,2,1,0,0,3,4,4,2,2,2.1511111111111116,1.7777777777777781,0.0,0.0,7.839999999999999,7.839999999999999,2.1511111111111116,1.7777777777777781,1
216,Jalen Smith,Indiana Pacers,PF,91,164,32,58,521.8,16,27,390.0,11,26,395.2,21,31,52,11,20,1,3,6,11,154,143,102,63,183.8,55.619753086419756,17.8,8.960493827160494,355.5308641975309,296.39753086419756,237.60000000000002,78.75308641975307,10
217,Jalen Suggs,Orlando Magic,SG,125,276,44,91,481.90000000000003,15,21,533.3,22,54,400.8,4,27,31,31,25,14,15,4,96,187,156,156,62,325.9292088042831,31.805472932778105,14.90005948839976,21.70493753718025,436.5550267697799,374.8102320047591,367.8477096966092,66.5318262938727,10
218,Jalen Williams,Oklahoma City Thunder,F,208,302,81,156,526.9,29,33,786.7,17,42,336.6,7,30,37,47,26,14,23,12,51,292,245,255,84,420.0,24.125,40.337673611111114,18.236111111111114,641.2335069444445,503.125,527.7543402777778,94.81684027777777,10
219,Jalen Wilson,Brooklyn Nets,F,40,131,15,40,398.3,8,9,350.0,2,15,75.0,8,16,24,9,9,1,8,0,3,73,64,49,33,116.62520281233098,31.750135208220662,7.3677663601947,2.1849648458626283,269.6349378042185,212.35694970254193,149.51379123850728,63.50730124391563,10
220,Jamal Cain,Miami Heat,F,9,25,2,5,100.0,4,4,200.0,1,2,100.0,2,3,5,3,2,1,2,0,-5,17,14,12,8,9.703703703703704,2.481481481481482,2.1481481481481484,0.7037037037037037,30.03703703703704,19.37037037037037,19.33333333333334,5.666666666666665,3
221,Jamal Murray,Denver Nuggets,PG,227,360,87,190,450.6,33,39,861.4,20,50,410.0,10,43,53,82,18,16,22,3,51,362,280,309,135,463.3490304709141,47.16481994459834,73.01523545706371,20.02770083102493,650.9362880886429,468.5,620.0124653739612,145.95290858725764,10
222,James Bouknight,Charlotte Hornets,SG,10,13,4,10,83.3,0,0,0.0,2,7,58.3,0,0,0,0,0,1,1,0,13,10,10,10,0,18.0,0.0,0.0,0.72,18.0,18.0,18.0,0.0,2
223,James Harden,LA Clippers,SG,142,358,47,118,401.9,28,30,925.0,20,66,261.1,5,45,50,103,17,10,24,6,-27,295,192,245,153,137.7439446366782,52.0961168781238,80.62322183775473,25.38792772010765,309.34525182622065,200.3314109957709,236.07650903498654,143.40061514802,10
224,James Johnson,Indiana Pacers,PF,4,12,1,4,33.3,2,2,100.0,0,1,0.0,0,0,0,2,3,0,1,1,-2,6,4,6,2,2.0,0.0,0.5,0.0,4.5,2.0,4.5,0.5,2
225,James Wiseman,Detroit Pistons,C,110,227,42,71,535.3,26,30,620.8,0,0,0.0,23,58,81,13,23,1,18,7,-74,204,191,123,94,311.65625,66.10069444444443,14.125,0.0,553.7361111111111,468.2777777777777,400.65625,76.68402777777779,10
226,Jamie Jr. Jaquez,Miami Heat,G,22,71,8,22,114.3,4,5,175.0,2,10,45.0,1,2,3,6,7,0,3,0,-46,31,25,28,9,41.0,2.0177514792899407,2.0177514792899407,0.6686390532544378,41.0,61.171597633136095,24.86390532544379,0.0,3
227,Jarace Walker,Indiana Pacers,F,34,141,12,34,332.2,2,2,100.0,8,20,300.0,3,25,28,17,11,5,7,6,32,79,62,51,45,126.27160493827161,46.0,62.2318244170096,7.890260631001371,485.99314128943763,285.82716049382714,265.4746227709191,169.19478737997258,10
228,Jared Butler,Washington Wizards,SG,65,201,27,71,379.7,7,7,400.0,4,26,103.4,5,17,22,47,17,10,21,3,-26,134,87,112,69,169.75074360499704,19.660916121356333,144.78108268887567,4.402141582391434,551.1980963712076,181.96371207614516,469.377751338489,234.0493753718025,10
229,Jared Rhoden,Detroit Pistons,G,19,67,8,15,203.3,0,0,0.0,3,7,133.3,0,11,11,4,8,1,4,4,-20,34,30,23,15,29.581314878892734,8.757785467128029,6.013840830449826,0.7508650519031143,52.24913494809688,70.0,19.80968858131488,6.7923875432525955,4
230,Jaren Jackson Jr.,Memphis Grizzlies,PF,228,341,82,192,434.7,48,65,723.9,16,55,282.9,21,46,67,31,43,16,28,22,-111,326,295,259,98,452.36880165289256,149.78925619834712,33.3099173553719,12.401859504132231,670.2530991735538,853.125,343.3564049586777,109.2396694214876,10
231,Jarred Vanderbilt,Los Angeles Lakers,PF,68,142,26,42,412.7,13,17,375.0,3,5,166.7,12,22,34,12,8,16,11,2,23,114,102,80,46,111.33333333333334,59.333333333333336,18.0,3.5,362.0,274.0,157.33333333333334,119.33333333333334,6
232,Jarrett Allen,Cleveland Cavaliers,C,170,320,67,103,637.4,36,45,787.4,0,0,0.0,20,83,103,25,15,4,12,9,-42,298,273,195,128,278.60459183673464,173.51275510204084,20.512755102040817,0.0,790.625,712.1020408163265,313.60204081632656,237.55102040816325,10
233,Jason Preston,Utah Jazz,G,4,25,2,6,66.6,0,0,0.0,0,0,0.0,2,4,6,7,1,0,1,0,10,17,10,11,13,1.2800000000000002,4.275555555555554,7.879999999999999,0.0,32.55555555555556,8.96888888888889,13.32,23.70222222222222,2
234,Javon Freeman-Liberty,Toronto Raptors,G,71,196,25,56,347.7,18,20,730.0,3,20,108.3,6,26,32,20,14,4,11,2,-54,123,103,91,52,230.0,11.621227887617067,8.0,2.2663891779396463,320.39542143600414,303.0405827263267,240.0,26.976066597294487,9
235,Javonte Green,Chicago Bulls,G,5,19,2,3,66.7,0,0,0.0,1,1,100.0,0,4,4,1,2,0,2,1,26,10,9,6,5,0.0,0.0,0.0,0.0,0.0,0.0,0.0,0.0,1
236,Jaxson Hayes,Los Angeles Lakers,C,61,162,22,29,754.0,17,25,675.0,0,0,0.0,13,34,47,2,25,1,12,3,-8,110,108,63,49,130.3025759323337,90.25259515570934,1.9692425990003846,0.0,294.03460207612454,274.22991157247213,144.4325259515571,97.89657823913879,10
237,Jay Huff,Denver Nuggets,C,3,5,1,2,50.0,0,0,0.0,1,2,50.0,0,0,0,0,2,0,0,0,-3,3,3,3,0,4.484429065743945,0.28027681660899656,0.0,0.6782006920415224,2.5224913494809686,2.5224913494809686,4.484429065743945,0.28027681660899656,1
238,Jaylen Brown,Boston Celtics,SG,280,354,110,215,510.3,36,58,525.9,24,66,348.6,18,37,55,29,25,17,18,2,73,364,335,309,84,590.0,118.77777777777777,20.96318211702827,17.005917159763314,1039.2452333990796,1010.7777777777777,603.732412886259,154.47600262984878,10
239,Jaylin Williams,Oklahoma City Thunder,F,30,118,11,27,358.3,1,1,100.0,7,19,358.2,3,31,34,8,14,4,8,3,-16,72,64,38,42,48.019753086419755,46.523456790123454,8.311111111111112,2.1012345679012343,128.0,134.44444444444446,42.5679012345679,53.84197530864198,10
240,Jayson Tatum,Boston Celtics,SF,289,371,95,211,449.9,66,78,842.0,33,80,403.5,13,54,67,57,18,12,29,6,77,413,356,346,124,377.3564049586777,93.92148760330579,30.596074380165287,20.11673553719008,493.80991735537185,635.319214876033,248.40082644628097,111.9638429752066,10
241,Jeenathan Williams,Houston Rockets,G,12,26,6,10,133.4,0,2,0.0,0,0,0.0,3,3,6,0,5,1,0,0,18,18,18,12,6,46.81481481481482,5.460905349794238,0.037037037037037035,0.0,72.43621399176953,74.59670781893003,45.37037037037037,4.7818930041152266,3
242,Jeff Dowtin,Philadelphia 76ers,G,31,81,11,19,237.1,2,2,100.0,7,14,216.7,1,9,10,16,0,4,3,1,18,57,41,47,26,144.24260355029585,15.798816568047336,33.124260355029584,5.118343195266272,386.8934911242603,201.03550295857988,297.3195266272189,81.70414201183432,6
243,Jeff Green,Houston Rockets,PF,84,177,30,65,411.4,9,11,325.0,15,36,395.0,3,24,27,8,11,2,4,5,34,119,111,92,35,334.7551775147929,38.5155325443787,1.7078402366863905,14.559171597633135,501.04215976331363,514.9023668639053,325.6715976331361,35.446745562130175,10
244,Jerami Grant,Portland Trail Blazers,SF,169,342,56,142,386.6,38,46,711.3,19,49,402.0,6,19,25,35,18,14,28,2,-77,229,194,204,60,473.98961937716257,45.9204152249135,32.71626297577855,5.083044982698962,888.6262975778548,739.6678200692041,583.0934256055364,118.49134948096886,10
245,Jeremiah Robinson-Earl,New Orleans Pelicans,F,28,92,11,25,269.6,4,7,80.0,2,10,100.0,9,12,21,10,6,3,3,1,37,59,49,38,31,80.47750865051903,38.96885813148789,29.792387543252598,1.640138408304498,255.70934256055364,170.00692041522493,137.41868512110727,97.52249134948099,8
246,Jeremy Sochan,San Antonio Spurs,F,142,308,56,132,405.9,18,25,583.4,12,48,242.79999999999998,21,64,85,33,20,14,23,11,-10,260,227,175,118,526.0495867768595,146.50743801652894,39.77355371900827,10.446280991735536,770.0,885.4099173553718,427.41652892561984,169.50413223140495,10
247,Jericho Sims,New York Knicks,C,11,149,5,9,266.7,1,2,50.0,0,0,0.0,16,25,41,5,11,5,5,5,17,57,52,16,46,28.38662131519274,86.04308390022676,4.86281179138322,0.0,180.06122448979593,164.23696145124717,36.49886621315193,98.61791383219955,10
248,Jerome Robinson,Golden State Warriors,SG,10,17,4,10,40.0,1,2,50.0,1,6,16.7,0,0,0,1,1,0,0,1,-2,11,10,11,1,69.77162629757787,0.12456747404844293,0.5847750865051903,0.7785467128027681,76.82006920415226,64.0,83.13148788927334,0.1695501730103806,1
249,Jett Howard,Orlando Magic,G,0,5,0,1,0.0,0,0,0.0,0,1,0.0,0,0,0,0,1,0,0,0,-5,0,0,0,0,0.25,0.0,0.0,0.027777777777777776,0.25,0.25,0.25,0.0,1
250,Jevon Carter,Chicago Bulls,PG,45,146,18,36,398.5,1,2,50.0,8,21,241.7,1,8,9,13,10,2,4,1,14,67,54,58,22,176.50148720999405,13.392623438429506,8.10053539559786,7.660916121356337,262.61451516954196,218.94824509220703,203.60023795359905,38.06067816775729,10
251,Jimmy Butler,Miami Heat,SF,211,348,72,144,494.6,58,67,837.2,9,27,333.3,12,34,46,53,15,14,19,3,59,310,257,264,99,553.3737024221454,42.78373702422145,36.25259515570934,9.067474048442905,770.2162629757786,564.8321799307959,725.5640138408304,112.23010380622837,10
252,Jock Landale,Houston Rockets,C,101,217,39,59,669.6,18,22,483.3,5,9,350.0,25,27,52,24,21,3,9,14,104,177,153,125,76,190.57939508506618,87.78166351606806,35.44896030245747,4.882797731568998,617.7022684310019,487.33648393194704,281.0567107750473,163.11909262759926,10
253,Joe Harris,Detroit Pistons,SF,2,12,1,3,33.3,0,0,0.0,0,1,0.0,0,0,0,0,1,0,0,0,-5,2,2,2,0,0.0,0.0,0.0,0.0,0.0,0.0,0.0,0.0,1
254,Joe Ingles,Orlando Magic,SG,33,165,10,18,363.3,5,6,250.0,8,16,325.0,1,17,18,26,12,7,10,0,30,77,51,59,44,112.53719008264463,9.674586776859504,20.625,9.607438016528926,150.10743801652893,105.05061983471074,152.9349173553719,34.95867768595041,10
255,Joel Embiid,Philadelphia 76ers,C,45,61,16,38,82.8,9,12,170.0,4,10,83.3,2,12,14,5,6,2,10,0,-41,64,59,50,19,144.5,0.0,0.5,0.0,162.0,144.5,162.0,0.5,2
256,John Collins,Utah Jazz,PF,180,276,65,116,562.2,35,44,752.5,15,31,478.9,23,61,84,8,27,6,15,11,-22,272,264,188,92,234.06330695543522,129.04039983340274,6.919616826322366,6.8009162848813,550.393169512703,502.5589337775927,260.4589754269054,157.39858392336527,10
257,John Konchar,Memphis Grizzlies,SG,57,299,19,46,385.8,8,9,266.7,11,29,391.6,19,45,64,29,20,13,17,9,-3,150,121,86,93,131.325,70.55625,15.0,7.125,291.05625,223.40625,166.425,118.10624999999999,10
258,Johnny Davis,Washington Wizards,G,36,153,15,38,354.7,3,4,150.0,3,13,83.3,3,12,15,10,12,3,0,6,-61,61,51,46,25,68.416,14.516,12.064,4.164000000000001,169.156,114.964,122.544,26.644000000000002,10
259,Johnny Juzang,Utah Jazz,G,58,155,22,48,336.9,0,0,0.0,14,36,269.2,4,14,18,6,12,0,4,0,-7,82,76,64,24,304.3538062283736,24.63062283737024,4.169550173010381,24.353806228373703,359.34948096885813,385.560553633218,275.48875432525955,31.45415224913495,9
260,Jonas Valanciunas,New Orleans Pelicans,C,75,180,32,60,557.9,9,12,400.0,2,11,83.3,13,56,69,13,24,2,10,5,-5,157,144,88,82,193.23471074380163,50.057851239669425,20.702479338842974,1.603305785123967,306.4314049586778,344.8826446280992,184.65785123966947,40.88595041322315,10
261,Jonathan Isaac,Orlando Magic,PF,105,177,39,58,687.0,10,13,383.4,17,27,610.0,12,37,49,5,10,7,3,14,73,159,154,110,54,304.69758948137326,32.91234477720964,4.647918188458729,12.440467494521549,415.6062819576333,455.24616508400294,276.14317019722426,26.474799123447774,10
262,Jonathan Kuminga,Golden State Warriors,PF,202,306,78,150,521.6,38,48,706.7,8,20,300.1,9,39,48,23,32,10,20,4,15,273,250,225,71,279.2165289256198,71.65289256198346,12.249586776859505,9.682644628099174,319.2314049586777,278.40000000000003,318.1735537190083,85.77685950413223,10
263,Jontay Porter,Toronto Raptors,C,49,159,18,41,352.3,4,6,150.0,9,26,230.4,10,23,33,32,11,10,13,9,-28,114,82,81,65,215.4023668639053,32.251479289940825,58.16863905325444,15.943786982248522,472.0,275.0917159763314,386.0976331360947,116.63313609467455,10
264,Jordan Clarkson,Utah Jazz,PG,161,328,58,144,353.7,31,35,737.9,14,53,206.6,7,29,36,63,18,10,23,0,-70,260,197,224,99,1014.8698224852071,104.98224852071006,74.72485207100591,21.005917159763314,1435.3639053254435,1403.248520710059,1032.630177514793,194.0621301775148,10
265,Jordan Goodwin,Memphis Grizzlies,G,71,257,29,86,350.5,5,12,225.0,8,31,229.89999999999998,13,33,46,42,16,16,17,10,-68,159,117,113,88,126.34693877551021,125.45124716553288,71.55102040816327,3.927437641723356,424.77777777777777,290.328798185941,134.67346938775506,323.12471655328795,10
266,Jordan Hawkins,New Orleans Pelicans,G,33,104,12,38,331.3,3,5,116.7,6,24,165.0,1,10,11,6,5,1,2,1,20,50,44,39,17,70.74256354786371,12.928610059491618,6.426176311519741,6.426176311519741,70.6544077879935,79.34234721471066,69.30935640886966,12.100054083288263,10
267,Jordan McLaughlin,Minnesota Timberwolves,PG,61,163,21,34,594.4,4,4,200.0,15,24,411.1,5,17,22,25,7,5,3,2,65,108,83,86,47,165.23062381852554,27.72400756143668,24.03119092627599,24.575614366729678,188.7533081285444,203.8884688090737,146.48865784499054,55.36200378071834,10
268,Jordan Miller,LA Clippers,G,4,5,1,1,100.0,2,2,100.0,0,0,0.0,0,1,1,0,0,0,0,0,3,5,5,4,1,9.679012345679013,0.44444444444444453,0.0,0.0,14.271604938271604,14.271604938271604,9.679012345679013,0.44444444444444453,1
269,Jordan Nwora,Toronto Raptors,SF,103,184,42,77,541.1,8,10,416.7,11,33,334.9,1,36,37,11,10,12,18,5,-33,151,140,114,48,185.1880907372401,41.49810964083176,9.03780718336484,7.535916824196599,234.09640831758034,263.3459357277883,154.2164461247637,52.258034026465026,10
270,Jordan Poole,Washington Wizards,SG,191,304,71,154,437.5,20,21,680.0,29,77,373.3,5,26,31,53,30,10,27,1,-67,275,222,244,84,905.5650969529086,37.082486919052016,96.41397353031702,16.933518005540165,1229.751000307787,1041.144352108341,1064.2930132348415,163.37519236688212,10
271,Jordan Walsh,Boston Celtics,G,2,27,1,4,100.0,0,0,0.0,0,2,0.0,2,4,6,1,5,2,2,1,24,9,8,3,7,2.8099173553719012,13.355371900826448,0.8347107438016528,0.0,1.1983471074380163,4.0,6.68595041322314,7.512396694214876,2
272,Jose Alvarado,New Orleans Pelicans,PG,66,206,22,58,360.1,7,10,350.0,15,33,450.4,6,19,25,23,19,8,5,1,32,114,91,89,48,184.16743023740108,40.73427738442315,32.73011245314452,14.509371095376927,467.1978342357352,312.1886713869221,293.40816326530614,119.23281965847563,10
273,Josh Giddey,Oklahoma City Thunder,SG,163,251,68,126,534.7,10,14,363.6,17,44,366.1,19,54,73,49,16,4,15,4,53,285,236,212,122,570.1712353150588,85.6002135991456,35.77750088999644,22.46315414738341,695.0526877892488,686.4236383054467,537.0694197223211,163.1085795656817,10
274,Josh Green,Dallas Mavericks,SG,67,259,28,55,498.7,4,5,80.0,7,23,270.0,11,24,35,13,16,11,9,2,-34,115,102,80,48,175.42568370986916,41.573127229488705,10.20332936979786,7.416171224732463,227.9346016646849,241.15576694411413,176.20927467300828,37.77170035671819,10
275,Josh Hart,New York Knicks,SG,100,400,41,101,404.3,11,14,358.3,7,38,157.6,23,87,110,57,23,11,17,2,114,267,210,157,167,284.5,199.11111111111111,146.10219478737997,8.13511659807956,1119.2935528120713,710.9444444444445,592.7503429355281,445.31207133058984,10
276,Josh Minott,Minnesota Timberwolves,F,0,5,0,0,0.0,0,0,0.0,0,0,0.0,0,4,4,0,0,0,0,0,6,4,4,0,4,3.5432525951557095,11.242214532871973,0.01384083044982699,0.12456747404844293,1.8304498269896197,2.1626297577854676,4.0,10.467128027681662,1
277,Josh Okogie,Phoenix Suns,SF,42,135,13,32,323.8,10,11,350.0,6,14,300.0,15,6,21,11,5,7,10,2,-6,74,63,53,32,140.5,13.198347107438018,7.2644628099173545,6.5,203.55785123966945,192.88016528925618,146.03719008264463,25.603305785123965,10
278,Josh Richardson,Miami Heat,SG,98,211,38,76,433.2,6,6,200.0,16,45,301.7,4,26,30,19,16,5,3,2,3,147,128,117,49,296.8888888888889,20.0,10.88888888888889,27.555555555555557,468.0,427.55555555555554,344.0,24.22222222222222,9
279,Joshua Primo,LA Clippers,G,0,5,0,1,0.0,0,0,0.0,0,0,0.0,1,0,1,0,0,0,1,0,1,1,1,0,1,0.0,0.0,0.0,0.0,0.0,0.0,0.0,0.0,1
280,Jrue Holiday,Boston Celtics,PG,115,325,45,82,560.0,4,4,200.0,21,44,548.5,9,30,39,54,12,13,16,11,105,208,154,169,93,84.51275510204083,53.39030612244898,52.40816326530612,6.941326530612245,227.8469387755102,188.74489795918367,164.94132653061226,64.47193877551021,10
281,Jules Bernard,Washington Wizards,G,40,75,15,32,366.2,3,5,200.0,7,13,335.0,6,7,13,10,6,2,3,1,16,63,53,50,23,173.440329218107,9.962962962962962,12.329218106995883,5.0,275.2962962962963,213.2057613168724,235.33333333333337,22.48971193415638,6
282,Julian Champagnie,San Antonio Spurs,F,80,251,26,61,357.5,10,13,466.7,18,44,302.5,3,22,25,13,11,8,9,6,14,118,105,93,38,359.8827160493828,40.62345679012345,20.2318244170096,33.421124828532236,714.2853223593963,583.5679012345679,453.34499314128936,98.11042524005485,10
283,Julian Phillips,Chicago Bulls,F,39,132,13,31,272.9,7,8,266.7,6,13,283.4,6,12,18,5,12,5,3,1,-11,62,57,44,23,170.91975308641975,27.290123456790123,6.777777777777779,6.401234567901234,314.4444444444444,289.44444444444446,184.5493827160494,45.43827160493827,10
284,Julian Strawther,Denver Nuggets,G,23,49,8,22,83.0,4,4,200.0,3,15,48.6,1,4,5,5,4,1,4,0,-3,33,28,28,10,101.26869806094186,7.562326869806094,4.21606648199446,2.5318559556786706,165.8116343490305,148.36565096952907,112.96952908587255,17.52354570637119,3
285,Julius Randle,New York Knicks,PF,66,99,23,48,142.2,14,14,300.0,6,11,195.0,8,17,25,18,7,1,10,0,25,109,91,84,43,98.0,2.666666666666667,14.0,2.0,140.66666666666669,120.66666666666666,126.0,8.666666666666668,3
286,Justin Champagnie,Washington Wizards,SF,53,142,17,46,209.3,10,12,250.0,9,30,158.3,11,17,28,11,11,6,8,5,-40,92,81,64,39,257.6955017301038,76.8719723183391,7.726643598615918,9.44636678200692,669.0415224913495,597.1349480968859,305.39446366782005,108.80622837370242,7
287,Justin Holiday,Denver Nuggets,SF,37,149,14,31,359.0,0,0,0.0,9,21,291.7,1,12,13,16,12,5,1,2,29,66,50,53,29,212.83767361111111,12.100694444444445,46.27777777777777,15.23611111111111,401.8376736111111,272.6015625,315.6015625,84.85069444444444,10
288,Justin Minaya,Portland Trail Blazers,F,12,99,4,17,149.89999999999998,1,2,50.0,3,14,116.6,6,10,16,4,5,3,3,2,-39,32,28,16,20,22.003460207612456,16.761245674740483,2.734429065743945,2.0138408304498268,49.30190311418685,53.96885813148789,17.98702422145329,18.84515570934256,9
289,Jusuf Nurkic,Phoenix Suns,C,85,269,36,70,529.5,13,32,305.4,0,0,0.0,38,86,124,35,31,7,26,10,15,244,209,120,159,51.68400000000001,234.5,33.524,0.0,406.596,377.224,68.81599999999997,280.264,10
290,Karl-Anthony Towns,Minnesota Timberwolves,C,193,306,66,146,451.8,41,47,734.2,20,56,341.5,20,55,75,29,33,8,24,8,98,297,268,222,104,265.0493827160493,98.62345679012346,46.91975308641975,18.771604938271604,548.530864197531,414.4012345679012,362.2777777777778,182.44444444444443,10
291,Kawhi Leonard,LA Clippers,SF,212,322,81,152,532.3,38,44,815.0,12,37,310.8,14,40,54,27,7,9,20,10,45,293,266,239,81,418.15450907971683,56.5595567867036,5.470298553401047,9.17205293936596,517.0,470.6808248691906,443.1385041551246,83.36503539550631,10
292,Keegan Murray,Sacramento Kings,SF,149,348,55,123,437.9,17,22,366.7,22,66,318.9,14,45,59,16,26,9,8,9,30,224,208,165,75,322.90743801652894,90.15702479338843,17.143801652892563,35.60330578512397,600.5190082644629,451.05785123966945,447.10247933884295,132.56694214876035,10
293,Keita Bates-Diop,Brooklyn Nets,SF,35,85,12,20,615.0,6,6,300.0,5,11,350.0,3,10,13,5,1,2,5,4,-13,53,48,40,18,52.10000000000001,16.81111111111111,4.677777777777777,5.4,94.5,87.3777777777778,51.511111111111106,29.2,10
294,Keldon Johnson,San Antonio Spurs,SF,161,296,57,117,483.40000000000003,23,28,580.0,24,60,411.6,15,44,59,19,13,4,8,1,-48,239,220,180,78,315.33767361111114,57.68402777777778,20.90277777777778,30.10069444444444,358.212673611111,386.2890625,323.69184027777777,42.15625,10
295,Kelly Olynyk,Toronto Raptors,PF,141,290,57,99,577.4,16,21,480.0,11,27,383.3,17,40,57,59,42,10,38,8,-106,257,198,200,116,267.656,29.700000000000003,88.996,10.5,444.19999999999993,361.87600000000003,344.90000000000003,123.77600000000001,10
296,Kelly Oubre Jr.,Philadelphia 76ers,SG,176,336,66,166,399.7,31,43,559.5,13,49,229.89999999999998,20,45,65,25,25,11,19,10,-31,266,241,201,90,156.19377162629758,102.45943867743176,26.923875432525953,10.304882737408688,379.5517108804306,364.21030372933484,176.86159169550177,124.05690119184928,10
297,Kendall Brown,Indiana Pacers,SG,3,12,1,1,100.0,1,2,50.0,0,0,0.0,1,0,1,0,1,0,0,0,1,4,4,3,1,4.591836734693878,0.5555555555555556,0.36734693877551017,0.0,8.004535147392291,8.290249433106576,4.591836734693878,0.6371882086167799,2
298,Kenneth Lofton Jr.,Philadelphia 76ers,F,2,5,1,4,25.0,0,0,0.0,0,2,0.0,0,1,1,0,0,0,0,0,-4,3,3,2,1,0.0,0.0,0.0,0.0,0.0,0.0,0.0,0.0,1
299,Kenrich Williams,Oklahoma City Thunder,SF,47,144,19,42,396.70000000000005,2,2,100.0,7,22,250.0,18,24,42,15,17,10,2,1,11,104,89,62,57,111.42372114078769,62.352195563603445,9.7324581258488,6.328202806699864,248.97781801720237,207.95971027614306,133.60162969669534,90.92485287460389,10
300,Kentavious Caldwell-Pope,Denver Nuggets,SG,89,318,33,68,475.9,5,5,300.0,18,42,393.3,3,21,24,28,21,15,13,11,72,141,113,117,52,121.4822990420658,26.850478967097043,32.244897959183675,9.620158267388588,203.32486463973345,193.28987921699292,110.10037484381508,80.51228654727197,10
301,Kenyon Martin Jr.,Philadelphia 76ers,F,47,162,18,37,486.1,8,12,400.0,3,8,250.0,11,22,33,13,31,4,7,3,6,93,80,60,46,120.18723567858517,129.9104190695886,18.120338331410995,2.1064975009611686,553.1099577085736,437.7854671280277,205.6955017301038,177.8469819300269,10
302,Keon Ellis,Sacramento Kings,G,73,271,28,53,482.4,3,5,200.0,14,33,377.7,4,26,30,19,26,16,4,10,62,122,103,92,49,293.49905482041584,36.11814744801512,31.317580340264655,14.537807183364839,562.5793950850663,411.2145557655955,410.41965973534974,101.87996219281663,10
303,Keon Johnson,Brooklyn Nets,G,12,26,3,8,73.3,4,4,100.0,2,4,133.3,2,1,3,2,2,2,2,0,-9,17,15,14,5,18.88888888888889,0.5555555555555556,2.2222222222222223,0.22222222222222227,27.222222222222225,13.888888888888888,34.0,1.0,2
304,Kessler Edwards,Sacramento Kings,SF,24,72,9,24,206.7,1,2,50.0,5,15,211.7,3,12,15,4,8,4,1,1,14,43,39,28,19,92.7645429362881,19.373961218836563,2.4487534626038787,4.775623268698061,146.005540166205,128.35457063711908,100.0,32.2382271468144,8
305,Kevin Durant,Phoenix Suns,PF,251,359,101,181,542.6,25,30,651.4,24,55,440.4,5,68,73,41,14,10,36,14,30,365,324,292,114,1023.8000000000001,82.28595041322313,27.595041322314046,22.0,1595.2347107438015,1368.1223140495867,1206.2314049586778,154.56198347107437,10
306,Kevin Huerter,Sacramento Kings,SG,72,231,29,79,330.1,2,4,100.0,12,45,205.0,6,24,30,25,23,8,11,2,5,127,102,97,55,288.7933884297521,30.44995408631772,4.61248852157943,16.24793388429752,456.10743801652893,441.77777777777777,290.6730945821855,47.51239669421488,10
307,Kevin Knox II,Detroit Pistons,SF,22,89,9,26,148.9,3,3,200.0,1,11,33.3,3,11,14,4,9,2,6,0,21,40,36,26,18,115.33333333333334,19.333333333333336,3.3333333333333335,0.8333333333333335,167.33333333333331,188.0,101.33333333333334,16.0,6
308,Kevin Love,Miami Heat,PF,88,158,30,62,483.6,10,14,208.3,18,45,387.4,10,55,65,19,20,3,10,3,31,172,153,107,84,362.530612244898,61.03061224489795,13.244897959183673,16.97959183673469,574.7448979591837,534.5,405.0,72.05102040816325,10
309,Kevon Looney,Golden State Warriors,F,30,114,13,23,560.0,4,9,125.0,0,0,0.0,6,27,33,10,20,1,4,4,28,73,63,40,43,40.27777777777778,41.65586419753086,4.0,0.0,85.24845679012346,101.24845679012344,28.27777777777778,41.65586419753087,10
310,Keyontae Johnson,Oklahoma City Thunder,F,5,39,2,8,66.7,0,0,0.0,1,2,100.0,2,4,6,2,4,0,2,0,-15,13,11,7,8,20.0,7.0,1.2653061224489797,0.8163265306122451,29.69387755102041,35.0,17.26530612244898,5.6938775510204085,5
311,Keyonte George,Utah Jazz,G,175,335,58,147,384.7,40,44,925.8,19,69,280.0,0,35,35,53,16,6,37,2,-114,263,210,228,88,539.9678953626635,32.69024970273484,39.86979785969084,29.272889417360286,553.5374554102259,499.7936979785969,627.55112960761,38.720570749108205,10
312,Khris Middleton,Milwaukee Bucks,SF,136,298,54,119,484.2,11,13,430.0,17,48,431.2,10,48,58,63,37,8,27,4,10,257,194,199,121,282.4,65.856,65.016,4.104,488.99999999999994,291.0559999999999,447.41600000000005,163.8,10
313,Killian Hayes,Detroit Pistons,PG,18,79,7,14,209.6,1,3,33.3,3,6,100.0,0,15,15,20,4,0,5,2,-12,53,33,38,35,27.0,18.75,54.0,2.75,252.75,74.75,153.0,124.75,4
314,Kira Lewis Jr.,Utah Jazz,PG,17,45,6,15,94.4,3,4,75.0,2,5,83.3,2,4,6,7,1,0,4,0,-25,30,23,24,13,100.03515625,17.765625,13.0,1.25,271.16015625,199.97265625,151.34765625,50.640625,4
315,Klay Thompson,Golden State Warriors,SG,199,292,72,161,442.4,14,15,550.0,41,101,401.8,5,21,26,24,13,6,16,4,24,249,225,223,50,374.5510204081632,27.47959183673469,40.441326530612244,15.676020408163264,459.65561224489795,406.5,436.0841836734694,59.54336734693878,10
316,Kobe Brown,LA Clippers,G,6,32,3,7,200.0,0,0,0.0,0,2,0.0,4,6,10,2,5,0,3,0,-20,18,16,8,12,13.448000000000002,13.248,1.7120000000000002,0.008,26.008,19.592,11.512,23.312000000000005,5
317,Kobe Bufkin,Atlanta Hawks,G,27,81,11,31,158.4,1,2,50.0,4,14,115.0,1,10,11,14,6,3,4,1,21,52,38,41,25,72.63265306122449,3.9795918367346945,14.959183673469388,2.836734693877551,134.6326530612245,95.83673469387756,113.83673469387753,16.53061224489796,5
318,Kobi Simmons,Toronto Raptors,G,9,41,4,12,66.7,0,0,0.0,1,5,50.0,1,2,3,6,4,5,1,1,-24,18,12,15,9,13.28125,0.53125,19.125,0.53125,0.0,19.125,0.53125,13.28125,2
319,Kris Dunn,Utah Jazz,G,44,206,19,45,358.5,0,0,0.0,6,18,250.0,9,15,24,32,25,9,8,3,-52,100,68,76,56,111.71570846536895,18.479855138071525,27.695789950203714,6.675418741511995,300.86917157084656,158.5242191036668,223.48574015391577,76.7505658669081,10
320,Kris Murray,Portland Trail Blazers,F,84,299,34,83,404.2,6,10,233.4,10,38,183.29999999999998,15,33,48,19,18,11,11,7,-39,151,132,103,67,446.7202216066482,31.77777777777778,12.916281932902432,14.00307787011388,514.9002770083102,561.6208064019698,402.29208987380736,42.4016620498615,10
321,Kristaps Porzingis,Boston Celtics,C,210,309,73,157,475.7,40,44,900.0,24,61,397.5,26,44,70,20,26,9,14,16,78,300,280,230,90,77.722681359045,100.2075298438935,8.918273645546371,21.17722681359045,316.7970615243342,299.7777777777778,103.96694214876037,99.90082644628099,10
322,Kyle Anderson,Minnesota Timberwolves,SF,92,287,37,79,449.3,16,22,560.0,2,5,100.0,12,32,44,54,19,12,8,6,72,190,136,146,98,111.60850694444446,16.402777777777775,21.275173611111107,1.6111111111111114,142.90625,134.04600694444443,107.76736111111109,50.37934027777777,10
323,Kyle Kuzma,Washington Wizards,SF,237,356,90,180,514.6,43,56,755.3,14,44,261.9,3,60,63,57,26,7,29,6,-34,357,300,294,120,389.9237425635479,34.45484045429962,66.22228231476474,16.818820984315845,626.0632774472688,468.12439156300707,536.5397512168739,112.0,10
324,Kyle Lowry,Philadelphia 76ers,PG,69,278,22,61,334.6,12,16,525.0,13,41,303.3,3,23,26,36,17,11,13,2,-55,131,95,105,62,163.24852071005918,22.886259040105195,74.40105193951348,6.171597633136095,199.72846811308352,203.47205785667325,118.75016436554898,138.04207758053911,10
325,Kyrie Irving,Dallas Mavericks,PG,236,350,93,188,495.0,23,24,600.0,27,75,343.9,7,40,47,64,20,15,20,4,81,347,283,300,111,372.1937618147448,35.43383742911153,104.53780718336483,18.318525519848773,787.0633270321359,445.83553875236294,675.8790170132326,177.5141776937618,10
326,LaMelo Ball,Charlotte Hornets,PG,32,55,12,37,66.1,5,6,150.0,3,17,34.7,1,5,6,15,10,3,7,0,-49,53,38,47,21,2.0,2.0,0.5,0.5,4.5,8.0,0.5,0.5,2
327,Lamar Stevens,Memphis Grizzlies,PF,120,214,47,101,489.6,21,23,533.3,5,19,325.0,10,28,38,9,16,7,9,6,-29,167,158,129,47,240.0756143667297,34.423440453686204,9.431001890359168,2.731568998109641,377.7523629489603,292.99810964083173,323.9073724007562,44.77693761814745,10
328,Landry Shamet,Washington Wizards,SG,55,184,20,55,273.1,7,7,300.0,8,35,104.1,4,10,14,8,12,4,9,2,-68,77,69,63,22,330.90000000000003,22.5,5.700000000000001,15.624999999999998,463.7,413.80000000000007,373.0,35.99999999999999,10
329,Larry Nance Jr.,New Orleans Pelicans,PF,70,255,28,46,570.3,11,14,383.4,3,7,183.3,16,32,48,21,14,14,2,1,32,139,118,91,69,195.216,78.896,10.936,2.1159999999999997,365.256,351.2,213.304,85.8,10
330,Lauri Markkanen,Utah Jazz,PF,223,347,68,170,401.2,57,60,956.7,30,80,363.3,20,49,69,26,14,11,18,4,-42,318,292,249,95,332.8367346938775,129.24489795918367,45.66530612244898,34.00816326530612,657.1183673469388,516.8734693877551,450.0040816326531,197.9877551020408,10
331,LeBron James,Los Angeles Lakers,SF,257,360,93,167,555.0,55,69,747.0,16,42,356.6,6,77,83,95,10,10,39,3,80,435,340,352,178,391.6456611570248,107.3801652892562,35.01652892561983,7.65702479338843,410.91838842975204,308.0051652892562,496.9555785123967,140.0,10
332,Leaky Black,Charlotte Hornets,F,27,151,8,25,232.1,7,10,275.0,4,10,150.0,5,21,26,13,12,2,3,2,-31,66,53,40,39,88.0,30.96,8.41,8.25,118.49000000000001,84.96000000000001,110.40999999999998,50.49,9
333,Leonard Miller,Minnesota Timberwolves,F,0,5,0,1,0.0,0,0,0.0,0,0,0.0,0,0,0,2,0,0,0,0,8,2,0,2,2,0.027777777777777776,0.17361111111111113,1.0,0.0,0.17361111111111116,0.34027777777777785,0.6944444444444443,0.3402777777777777,1
334,Lester Quinones,Golden State Warriors,G,58,162,20,53,357.0,9,13,325.0,9,31,250.0,8,18,26,11,17,2,5,0,-34,95,84,69,37,212.80991735537194,21.30945821854913,14.900826446280991,11.025711662075297,291.46648301193756,322.9568411386593,198.4214876033058,19.108356290174473,10
335,Lindy Waters III,Oklahoma City Thunder,F,35,78,12,30,373.3,1,1,100.0,10,23,316.6,3,15,18,4,7,1,3,2,-38,57,53,39,22,113.12960760998811,32.284185493460164,4.3115338882283,12.84304399524376,229.88941736028536,197.07609988109394,132.02615933412602,50.512485136741965,9
336,Lonnie Walker IV,Brooklyn Nets,G,62,155,24,70,333.8,3,4,150.0,11,41,155.7,1,18,19,5,11,1,7,3,-4,86,81,67,24,540.2126736111112,21.125,3.125,31.046006944444443,765.7543402777777,713.7751736111112,583.9418402777778,32.5,10
337,Luguentz Dort,Oklahoma City Thunder,G,105,287,34,79,451.5,20,20,800.0,17,50,343.4,8,28,36,18,29,7,11,2,55,159,141,123,54,122.93022427910289,32.67568529725881,15.851192595229618,14.102883588465644,149.58810964756142,92.26877892488429,177.32324670701317,51.45318618725525,10
338,Luka Doncic,Dallas Mavericks,PG,307,372,105,238,443.9,58,72,817.5,39,111,344.0,11,87,98,101,21,15,42,3,83,506,405,408,199,496.142598460842,59.658669081032144,132.90765052059754,32.25486645540969,611.4857401539158,665.0660932548665,402.2046174739702,232.92394748755095,10
339,Luka Garza,Minnesota Timberwolves,C,45,61,16,35,240.8,6,8,200.0,7,20,233.3,8,6,14,1,8,2,3,1,-7,60,59,46,15,27.632,18.368,0.928,1.4880000000000002,83.20000000000002,77.648,31.887999999999998,20.592000000000002,5
340,Luka Samanic,Utah Jazz,F,42,117,13,39,288.8,12,16,450.0,4,19,178.3,5,24,29,5,10,1,5,4,-49,76,71,47,34,148.48979591836732,62.95918367346938,5.316326530612245,2.7448979591836733,393.8877551020409,339.40816326530614,187.19387755102042,84.05102040816325,10
341,Luke Kennard,Memphis Grizzlies,SG,124,269,39,78,499.6,18,20,571.4,28,59,476.40000000000003,2,23,25,40,10,8,18,0,-65,189,149,164,65,418.7712665406427,7.29867674858223,89.46313799621927,24.192816635160682,601.7599243856333,437.31758034026467,557.0359168241965,122.93950850661625,10
342,Luke Kornet,Boston Celtics,C,57,189,23,36,642.7,11,12,350.0,0,0,0.0,23,27,50,18,9,4,3,11,60,125,107,75,68,176.2575826165686,180.22181982797647,43.33906745133545,0.0,783.2815753734722,564.8533272974196,303.4436396559529,314.8030783159801,10
343,M. Pereira,Memphis Grizzlies,F,7,25,3,9,100.0,0,1,0.0,1,4,50.0,3,5,8,0,2,2,1,0,5,15,15,7,8,12.898148148148147,12.898148148148147,0.0,0.6759259259259259,38.0,38.0,12.898148148148147,12.898148148148147,3
344,Malachi Flynn,Detroit Pistons,PG,84,156,31,73,378.4,9,13,341.7,13,34,357.9,6,17,23,17,9,8,9,1,-75,124,107,101,40,308.9769888231426,24.852728468113085,21.639053254437872,8.597633136094675,597.4556213017752,489.6745562130177,404.8053911900066,58.444444444444436,10
345,Malaki Branham,San Antonio Spurs,G,74,183,29,80,319.6,8,10,241.7,8,35,176.6,5,10,15,14,9,2,10,1,-41,103,89,88,29,401.7633136094674,22.8698224852071,13.044378698224852,13.86094674556213,552.7485207100592,490.05325443786984,455.4822485207101,44.8905325443787,10
346,Malcolm Brogdon,Portland Trail Blazers,PG,102,218,37,83,266.20000000000005,17,19,433.3,11,30,202.89999999999998,7,22,29,40,13,4,17,2,4,171,131,142,69,100.0,28.833333333333336,7.333333333333334,6.833333333333334,113.5,66.83333333333334,151.33333333333331,31.5,6
347,Malik Beasley,Milwaukee Bucks,SG,131,313,46,110,416.4,7,7,300.0,32,86,360.6,3,32,35,10,17,4,8,3,7,176,166,141,45,301.56944444444446,20.65625,10.277777777777779,27.61111111111111,304.90625,299.93402777777777,316.125,21.350694444444446,10
348,Malik Monk,Sacramento Kings,SG,157,272,57,138,394.0,31,33,730.0,12,58,166.1,6,27,33,44,31,6,17,2,13,234,190,201,77,642.2145275469375,24.12588488765774,14.606955986457374,11.665127731609726,857.3105570944906,808.2493074792244,677.5293936595875,52.479224376731295,10
349,Mamadi Diakite,New York Knicks,F,0,5,0,0,0.0,0,0,0.0,0,0,0.0,0,1,1,0,1,1,0,0,0,1,1,0,1,0.0,0.390625,0.0,0.0,0.390625,0.390625,0.0,0.390625,1
350,MarJon Beauchamp,Milwaukee Bucks,F,30,42,10,16,350.0,7,8,175.0,3,7,200.0,2,9,11,1,4,1,3,0,-17,42,41,31,12,64.50666666666666,13.240000000000002,0.8933333333333334,2.0400000000000005,123.75999999999999,112.33333333333331,72.36000000000001,17.706666666666667,6
351,Marcus Morris Sr.,Cleveland Cavaliers,SF,39,91,14,32,224.7,4,6,200.0,7,16,250.0,1,14,15,6,6,1,5,1,-24,60,54,45,21,87.18343195266272,28.066568047337277,6.875739644970414,9.24260355029586,176.36242603550295,191.56952662721892,74.11834319526628,32.80029585798817,5
352,Marcus Morris Sr.,Philadelphia 76ers,SF,40,98,16,38,166.7,4,4,200.0,4,13,103.3,0,14,14,3,5,2,6,1,-21,57,54,43,17,100.79289940828401,5.591715976331361,3.1775147928994083,2.378698224852071,142.4437869822485,128.301775147929,114.94082840236688,8.763313609467454,4
353,Marcus Sasser,Detroit Pistons,G,86,261,30,86,372.9,13,14,290.0,13,41,376.3,1,25,26,43,18,6,17,1,-59,155,112,129,69,318.44444444444446,18.46267361111111,36.11111111111111,6.108506944444444,449.75434027777777,319.1015625,445.0,58.67100694444444,10
354,Markelle Fultz,Orlando Magic,PG,58,168,28,63,423.6,2,2,100.0,0,2,0.0,9,16,25,17,13,5,10,3,20,100,83,75,42,179.6135734072022,53.192520775623265,31.29916897506925,0.006925207756232686,342.97506925207756,294.612188365651,225.18144044321332,87.28670360110803,10
355,Markieff Morris,Dallas Mavericks,PF,5,11,2,3,150.0,0,0,0.0,1,2,50.0,0,2,2,0,0,0,0,0,4,7,7,5,2,0.78125,2.125,0.5,0.78125,5.28125,4.53125,2.03125,2.125,2
356,Marques Bolden,Charlotte Hornets,C,0,13,0,1,0.0,0,0,0.0,0,0,0.0,0,1,1,0,1,0,1,0,2,1,1,0,1,0.0,0.7551020408163267,0.0,0.0,0.7551020408163267,0.7551020408163267,0.0,0.7551020408163267,2
357,Marvin Bagley III,Washington Wizards,PF,135,247,58,96,590.1,14,17,633.3,5,9,350.0,34,44,78,12,8,6,8,9,-22,225,213,147,90,292.9591836734694,109.17602040816327,17.316326530612248,4.5,282.3290816326531,286.3290816326531,260.05102040816325,155.40051020408163,10
358,Mason Jones,Sacramento Kings,G,7,18,2,6,66.7,1,2,50.0,2,5,66.7,1,4,5,5,0,1,1,0,3,17,12,12,10,17.0,6.12,6.12,2.7200000000000006,0.6800000000000008,2.719999999999999,2.719999999999999,24.48,2
359,Mason Plumlee,LA Clippers,C,50,112,15,25,536.6,20,27,550.0,0,0,0.0,11,33,44,8,15,3,10,5,-2,102,94,58,52,64.724,106.516,9.604000000000001,0.0,235.476,230.78400000000002,72.0,113.536,10
360,Matisse Thybulle,Portland Trail Blazers,SG,75,232,28,57,448.9,6,9,250.0,13,32,368.3,8,23,31,21,15,19,12,8,-28,127,106,96,52,295.0863177226814,36.25436179981635,21.694214876033058,10.827364554637281,627.8760330578513,473.1404958677686,423.188246097337,84.5821854912764,10
361,Matt Ryan,New Orleans Pelicans,F,28,65,10,26,233.3,0,0,0.0,8,20,194.4,1,8,9,2,7,0,2,0,-8,39,37,30,11,182.82,16.52,1.58,16.98,306.0,295.68,192.72,18.520000000000003,8
362,Matthew Hurt,Memphis Grizzlies,F,32,110,12,33,215.9,3,3,200.0,5,19,233.4,9,7,16,4,8,3,2,3,-7,52,48,36,20,163.8343195266272,34.95857988165681,4.934911242603551,5.335798816568047,360.0,296.6272189349112,213.72781065088756,53.37278106508876,7
363,Max Christie,Los Angeles Lakers,G,31,106,12,24,569.4,1,2,50.0,6,12,350.0,1,14,15,4,3,0,4,0,-1,50,46,35,19,79.7371928363182,6.526030820491462,2.768013327780092,4.428154935443565,134.01416076634735,111.80674718867137,97.74885464389837,13.489795918367346,10
364,Max Strus,Cleveland Cavaliers,SG,123,307,43,95,421.7,12,15,316.7,25,66,335.2,13,20,33,41,26,8,19,4,-33,197,156,164,74,321.29338842975204,26.466942148760335,37.01239669421487,38.52066115702479,396.21900826446284,394.92561983471074,339.10743801652893,46.95867768595041,10
365,Maxi Kleber,Dallas Mavericks,PF,22,168,7,21,275.0,4,6,200.0,4,16,216.7,3,23,26,13,17,6,2,5,63,61,48,35,39,70.97209496043315,34.44814660558101,16.951686797167845,4.941274468971262,134.9591836734694,91.08871303623488,122.847563515202,43.39483548521449,10
366,Maxwell Lewis,Los Angeles Lakers,F,0,5,0,1,0.0,0,0,0.0,0,1,0.0,0,0,0,2,0,0,0,0,-3,2,0,2,2,0.04000000000000001,0.0,2.25,0.0,1.6900000000000002,0.04000000000000001,1.6900000000000002,2.25,1
367,Micah Potter,Utah Jazz,C,26,86,9,14,300.0,3,3,200.0,5,9,250.0,4,11,15,2,4,0,2,1,-8,43,41,28,17,111.35553633217997,5.2309688581314875,1.4316608996539795,5.75,134.4766435986159,118.13494809688578,126.2006920415225,8.159169550173011,7
368,Michael Porter Jr.,Denver Nuggets,SF,194,308,74,131,560.6,17,20,680.0,29,63,464.0,15,51,66,15,11,8,13,4,70,275,260,209,81,390.3313609467456,32.57100591715976,14.533284023668639,13.186390532544378,358.6693786982248,423.24556213017746,325.6042899408284,47.2551775147929,10
369,Mikal Bridges,Brooklyn Nets,SF,171,355,58,143,394.59999999999997,21,25,635.7,34,84,412.4,10,34,44,35,12,11,21,3,-50,250,215,206,79,254.11111111111111,38.401234567901234,22.623456790123456,22.406721536351167,302.44444444444446,269.58641975308643,274.9938271604939,73.0,10
370,Mike Conley,Minnesota Timberwolves,PG,132,291,47,103,435.7,18,21,596.7,20,57,312.9,7,19,26,47,18,14,11,3,13,205,158,179,73,501.85069444444446,30.4765625,32.56944444444445,32.27777777777778,494.71267361111114,517.6501736111111,488.93402777777777,53.025173611111114,10
371,Mike Muscala,Oklahoma City Thunder,C,26,127,9,35,234.2,1,2,50.0,7,25,250.0,5,15,20,6,8,2,1,2,24,52,46,32,26,106.51903114186851,22.596885813148784,7.953287197231835,11.994809688581315,241.81314878892735,205.5795847750865,128.63840830449828,44.664359861591684,10
372,Miles Bridges,Charlotte Hornets,SF,211,391,86,182,472.9,23,35,529.7,16,63,240.0,15,59,74,36,12,9,22,4,-99,321,285,247,110,390.9,64.724,30.404,17.556,591.3000000000001,560.424,402.50399999999996,114.39999999999999,10
373,Miles McBride,New York Knicks,PG,138,307,49,93,451.3,12,13,483.3,28,58,370.8,7,16,23,24,26,8,5,1,85,185,161,162,47,1000.5240054869685,18.27777777777778,38.44444444444444,84.61454046639233,1383.9869684499315,1077.4437585733883,1287.2894375857338,76.5,10
374,Mitchell Robinson,New York Knicks,C,8,12,3,3,100.0,2,4,50.0,0,0,0.0,1,1,2,0,2,0,3,2,14,10,10,8,2,0.0,0.0,0.0,0.0,0.0,0.0,0.0,0.0,1
375,Mo Bamba,Philadelphia 76ers,C,67,211,25,46,538.8,8,11,275.0,9,22,390.0,15,41,56,10,28,8,8,12,-33,133,123,77,66,93.02349590601636,76.70131719473122,18.088999644001426,5.111071555713777,279.28266286934854,244.43609825560696,129.5425418298327,93.11783552865788,10
376,Monte Morris,Minnesota Timberwolves,PG,48,149,18,42,505.0,3,5,200.0,9,18,366.7,2,7,9,24,4,7,3,1,13,81,57,72,33,66.58367768595042,5.827479338842975,38.56198347107438,6.901859504132232,153.3099173553719,81.92148760330579,135.9473140495868,46.41425619834711,10
377,Moritz Wagner,Orlando Magic,C,89,151,34,53,611.3,16,18,660.0,5,14,283.3,8,26,34,16,14,3,13,2,34,139,123,105,50,243.9183884297521,46.0,38.682851239669425,4.5,379.04958677685954,396.37293388429754,221.4132231404959,89.8646694214876,10
378,Moses Brown,Portland Trail Blazers,C,34,79,14,27,393.3,6,21,140.8,0,0,0.0,12,11,23,4,10,1,4,4,-13,61,57,38,27,73.22448979591837,25.0,6.040816326530612,0.0,147.36734693877548,117.65306122448982,89.79591836734693,44.18367346938775,8
379,Moses Moody,Golden State Warriors,SG,75,164,29,66,478.8,12,14,333.3,5,28,208.3,12,20,32,7,17,6,7,5,-7,114,107,82,39,126.27781082688875,86.0,8.110053539559788,5.429506246281974,381.17668054729324,354.42415229030337,154.59131469363473,92.54907792980367,10
380,Mouhamadou Gueye,Toronto Raptors,F,11,49,5,17,208.3,1,4,25.0,0,1,0.0,6,2,8,1,4,1,5,5,-42,20,19,12,9,1.8620037807183367,6.748582230623819,0.8241965973534972,0.0,13.907372400756143,11.975425330812854,2.6068052930056704,8.75992438563327,5
381,Moussa Diabate,LA Clippers,F,2,7,1,1,100.0,0,2,0.0,0,0,0.0,1,3,4,0,0,1,0,1,1,6,6,2,4,0.0,0.0,0.0,0.0,0.0,0.0,0.0,0.0,1
382,Myles Turner,Indiana Pacers,C,162,275,60,119,488.0,20,30,568.4,22,46,430.9,10,49,59,13,26,3,11,23,28,234,221,175,72,441.8056247775009,48.515129939480246,20.100035599857602,24.70274118903524,501.0779636881453,489.5681737273051,488.70024919900317,33.23033107867569,10
383,Naji Marshall,New Orleans Pelicans,SF,75,211,31,68,435.3,2,2,100.0,11,31,392.1,4,40,44,18,11,9,5,0,58,137,119,93,62,166.5147928994083,48.914940828402365,9.70784023668639,12.917899408284024,388.36094674556216,339.6042899408284,200.14275147928993,73.75147928994083,10
384,Nassir Little,Phoenix Suns,SF,11,56,4,14,183.3,0,0,0.0,3,9,200.0,0,10,10,4,7,0,1,2,-10,25,21,15,14,12.63265306122449,16.007653061224488,4.204081632653062,1.7755102040816326,40.079081632653065,35.875,14.673469387755103,22.375,6
385,Nate Hinton,Houston Rockets,G,12,22,4,7,110.0,2,3,66.7,2,3,66.7,1,5,6,3,4,1,1,2,10,21,18,15,9,48.05555555555556,6.722222222222221,1.3888888888888884,2.5,97.38888888888886,75.55555555555557,65.0,13.0,2
386,Nathan Mensah,Charlotte Hornets,C,4,59,2,5,66.7,0,0,0.0,0,0,0.0,4,6,10,1,13,2,1,4,-17,15,14,5,11,13.75,9.9375,0.859375,0.0,41.359375,44.4375,13.484375,7.984375,7
387,Naz Reid,Minnesota Timberwolves,C,188,283,69,136,528.9,17,23,484.2,33,71,450.0,8,61,69,22,23,7,15,14,33,279,257,210,91,627.2892249527409,101.87996219281663,28.4234404536862,54.15689981096408,920.9196597353497,803.9328922495275,716.0793950850663,158.5,10
388,Neemias Queta,Boston Celtics,C,39,80,19,26,443.4,1,2,100.0,0,0,0.0,12,17,29,4,8,3,4,6,63,72,68,43,33,78.9375,55.24609375,2.12109375,0.0,228.734375,238.96484375,76.33984375,49.734375,7
389,Nic Claxton,Brooklyn Nets,C,121,308,53,79,682.5,15,24,600.0,0,1,0.0,31,71,102,23,27,8,13,14,-58,246,223,144,125,235.47462277091907,103.60493827160494,16.8923182441701,0.0,334.27777777777777,370.4540466392318,234.62345679012347,85.1721536351166,10
390,Nick Jr. Smith,Charlotte Hornets,G,53,164,17,59,301.1,8,9,187.5,11,32,275.0,2,10,12,17,19,4,5,0,8,82,65,70,29,251.00000000000003,13.2,25.261224489795918,16.616326530612245,359.68979591836734,271.4,312.6040816326531,65.14693877551022,10
391,Nick Richards,Charlotte Hornets,C,94,288,38,58,661.1,18,23,525.0,0,0,0.0,29,74,103,8,25,5,12,7,-40,205,197,102,111,137.61932528113286,185.44564764681382,9.632653061224488,0.0,274.6084964598084,318.76593086214075,123.67763431903373,164.86255726780507,10
392,Nickeil Alexander-Walker,Minnesota Timberwolves,SG,104,279,38,82,418.9,9,11,283.3,19,46,351.2,8,19,27,24,17,8,9,4,66,155,131,128,51,559.8746635909265,40.62629757785467,22.684352172241447,29.083044982698965,793.951941560938,702.2241445597847,613.9761630142252,100.93694732795078,10
393,Nicolas Batum,Philadelphia 76ers,PF,42,271,15,43,282.9,4,5,150.0,8,30,208.3,12,34,46,16,16,10,9,6,-9,104,88,58,62,161.71444023796647,44.58193618171985,20.478096268253108,9.613845321795564,319.4905354245538,240.18496484586262,219.98161168199027,86.09843158464035,10
394,Nikola Jokic,Denver Nuggets,C,268,367,107,181,599.0,47,53,884.8,7,20,211.6,27,90,117,80,18,18,24,8,108,465,385,348,197,553.6523313716614,123.67451335445902,88.0181077410593,9.273426889995473,951.5803531009506,792.9918515165233,695.7320054323222,228.20144861928472,10
395,Nikola Jovic,Miami Heat,F,82,222,30,69,439.1,7,9,300.0,15,43,350.2,3,36,39,18,18,7,10,4,26,139,121,100,57,96.88754325259515,69.28373702422145,18.18166089965398,11.546712802768166,314.2733564013841,231.0674740484429,138.13840830449826,129.42041522491348,10
396,Nikola Vucevic,Chicago Bulls,C,178,335,76,150,522.6,16,20,525.0,10,36,253.3,25,76,101,30,20,5,17,9,-41,309,279,208,131,348.35315058739764,168.14489142043433,30.088999644001426,6.174439302242791,491.22855108579563,556.0316838732645,304.8843004627982,176.89960840156638,10
397,Noah Clowney,Brooklyn Nets,F,21,87,8,22,132.9,1,4,50.0,2,11,58.3,7,14,21,6,4,3,2,2,16,48,42,27,27,68.56122448979592,19.20408163265306,6.211734693877552,1.354591836734694,130.64030612244898,143.5,63.97704081632653,17.140306122448976,6
398,Norman Powell,LA Clippers,G,159,288,55,111,500.5,28,35,725.0,21,60,403.6,4,25,29,13,19,8,10,2,-36,201,188,172,42,326.9588967009194,33.91508923742563,10.182260681449431,7.408869659275284,404.00594916170905,428.1849648458626,293.6019469983775,53.27528393726339,10
399,O.G. Anunoby,New York Knicks,SF,83,194,33,70,262.7,9,14,243.3,8,28,138.3,3,24,27,12,12,16,13,5,107,122,110,95,39,431.93491124260356,55.0,6.0,8.757396449704142,260.7810650887574,260.7810650887574,441.9349112426035,51.0,6
400,Obi Toppin,Indiana Pacers,PF,83,185,33,54,624.8,8,10,450.0,9,23,343.3,10,31,41,14,14,6,6,3,21,138,124,97,55,136.5440051020408,46.38775510204081,12.574617346938776,9.489795918367346,250.90816326530614,293.95727040816325,99.27551020408163,53.18176020408164,10
401,Ochai Agbaji,Toronto Raptors,G,80,272,34,80,355.6,6,12,225.0,6,27,178.3,20,20,40,17,19,11,11,5,-102,137,120,97,57,197.50354019158684,76.03748438150771,26.83673469387755,4.488129945855894,513.6755518533944,441.06622240733026,242.44523115368594,130.54185755935026,10
402,Olivier Sarr,Oklahoma City Thunder,C,11,22,4,7,125.0,3,5,116.7,0,1,0.0,4,4,8,0,3,0,1,1,-14,19,19,11,8,34.92,6.920000000000002,0.0,0.0,59.68000000000001,59.68000000000001,34.92,6.920000000000002,3
403,OlivierMaxence Prosper,Dallas Mavericks,F,10,36,3,6,150.0,4,7,57.1,0,2,0.0,2,6,8,0,1,1,1,1,-14,18,18,10,8,30.560000000000002,15.111111111111114,0.0,0.0,87.80444444444444,87.80444444444444,30.560000000000002,15.111111111111114,4
404,Omer Yurtseven,Utah Jazz,C,43,86,19,28,326.1,4,7,200.0,1,3,50.0,12,15,27,5,10,1,3,6,-14,75,70,48,32,161.21626297577853,34.18512110726643,10.053633217993081,0.8339100346020761,324.34429065743944,261.43252595155707,209.57785467128025,58.78892733564014,6
405,Onuralp Bitim,Chicago Bulls,SF,50,153,22,45,454.4,0,0,0.0,6,21,166.7,5,12,17,9,14,2,3,1,-38,76,67,59,26,257.99524092801903,50.16478286734087,4.904818560380726,6.743604997025581,498.8590124925639,466.0005948839977,277.48899464604403,68.43426531826294,10
406,Onyeka Okongwu,Atlanta Hawks,PF,147,296,61,89,703.8000000000001,16,22,492.9,9,19,466.6,32,44,76,11,28,7,5,15,4,234,223,158,87,308.4240362811791,185.95918367346937,9.244897959183675,5.6893424036281175,807.5192743764171,822.7913832199548,307.3560090702948,181.0,10
407,Orlando Robinson,Miami Heat,C,13,59,4,11,108.3,4,5,175.0,1,2,100.0,8,9,17,5,4,1,3,0,4,35,30,18,22,50.81069958847737,21.79835390946502,2.851851851851852,0.8353909465020576,85.82304526748973,72.2551440329218,67.61316872427984,21.415637860082306,6
408,Oscar Tshiebwe,Indiana Pacers,C,3,5,1,3,33.3,1,2,50.0,0,0,0.0,2,0,2,0,1,0,0,1,8,5,5,3,2,0.25,0.0,0.0,0.0,0.25,0.25,0.25,0.0,1
409,Oshae Brissett,Boston Celtics,SF,46,179,15,33,477.2,12,23,288.3,4,12,283.3,16,24,40,15,13,3,4,2,61,101,86,61,55,114.23319452706723,63.47293277810827,21.5116002379536,2.4116597263533612,341.87209994051165,244.7685901249256,195.6841165972635,100.63712076145153,10
410,Ousmane Dieng,Oklahoma City Thunder,F,28,90,10,25,324.4,4,4,200.0,4,14,220.0,1,7,8,14,3,3,6,3,16,50,36,42,22,122.49704142011836,6.0,21.124260355029588,4.295857988165681,242.1183431952663,164.49704142011836,196.11834319526628,31.124260355029584,8
411,P.J. Tucker,LA Clippers,PF,19,147,7,19,183.3,0,0,0.0,5,12,283.4,7,21,28,4,12,4,4,4,-22,51,47,23,32,63.0738813735692,38.94484911550469,4.2518210197710715,4.2518210197710715,166.70343392299688,128.0,84.58480749219562,60.389177939646196,9
412,P.J. Washington,Dallas Mavericks,PF,89,316,34,93,384.2,9,16,300.0,12,50,240.0,13,53,66,11,19,10,5,9,75,166,155,100,77,185.22485207100587,99.14571005917159,8.071745562130177,14.5,358.0,304.8409763313609,205.45340236686394,140.14792899408283,10
413,Paolo Banchero,Orlando Magic,PF,204,349,75,156,539.2,39,53,611.0,15,43,457.3,8,56,64,65,20,7,33,8,9,333,268,269,129,213.4750566893424,72.40816326530613,72.77777777777779,8.959183673469386,424.4591836734694,333.28458049886615,292.7448979591837,157.0907029478458,10
414,Pascal Siakam,Indiana Pacers,PF,233,315,91,166,534.8,45,66,628.6,6,17,283.3,23,75,98,34,23,10,13,4,53,365,331,267,132,435.40625,104.65114795918367,21.176020408163264,4.972576530612245,556.704081632653,555.0841836734694,411.3858418367347,151.4674744897959,10
415,Pat Connaughton,Milwaukee Bucks,SG,67,232,24,51,501.8,8,9,450.0,11,32,409.3,7,21,28,24,10,2,6,2,15,119,95,91,52,206.25443786982245,31.87352071005917,64.5421597633136,11.363905325443787,320.00591715976327,338.2610946745562,198.79363905325442,85.62130177514793,10
416,Patrick Baldwin Jr.,Washington Wizards,F,44,158,16,50,325.9,5,7,260.0,7,30,171.9,5,34,39,13,11,8,7,7,-39,96,83,57,52,137.78512396694217,60.32334710743801,18.15289256198347,6.103305785123967,325.04648760330576,219.29855371900828,198.38429752066114,123.625,10
417,Patrick Beverley,Milwaukee Bucks,PG,32,185,9,39,191.7,9,12,383.4,5,22,200.0,3,19,22,16,21,5,5,7,-26,70,54,48,38,120.32956088727933,23.712086917157084,38.49524671797193,5.451788139429605,255.0475328202806,145.11090991398822,207.75373472159345,84.71978270710729,10
418,Patrick Williams,Chicago Bulls,PF,6,24,2,9,22.2,2,2,100.0,0,5,0.0,0,6,6,2,5,0,2,2,-11,14,12,8,8,0.0,0.0,0.0,0.0,0.0,0.0,0.0,0.0,1
419,Patty Mills,Miami Heat,PG,52,168,20,65,273.6,4,4,200.0,8,42,172.5,4,10,14,18,13,8,7,0,37,84,66,70,32,190.87673130193906,8.865650969529085,17.613573407202217,9.979224376731302,251.18144044321332,232.29916897506922,206.0,30.238227146814403,10
420,Paul George,LA Clippers,F,248,351,89,163,559.1,34,35,680.0,36,74,495.2,3,45,48,41,27,16,20,12,34,337,296,289,89,147.71239669421485,51.6297520661157,62.39173553719007,16.876033057851238,316.6859504132231,196.08925619834707,247.26446280991738,135.06611570247935,10
421,Paul Reed,Philadelphia 76ers,SF,76,231,29,61,481.4,15,21,550.0,3,10,150.0,29,42,71,13,25,12,12,16,12,160,147,89,84,154.54232071406588,9.06401969836873,12.612188365650969,4.103724222837797,214.24376731301936,210.71191135734074,154.09449061249614,25.655894121268084,10
422,Payton Pritchard,Boston Celtics,PG,134,297,51,109,447.9,9,11,400.0,23,57,403.0,8,29,37,59,13,4,10,0,77,230,171,193,96,392.5562130177515,45.491863905325445,145.2551775147929,28.125,929.4940828402367,474.3025147928994,792.0539940828403,246.4408284023669,10
423,Peyton Watson,Denver Nuggets,F,62,186,25,60,407.8,10,15,450.0,2,15,200.0,8,32,40,7,22,4,6,9,-6,109,102,69,47,108.0,44.512637949448205,8.522961908152368,1.7458170167319333,269.3873264506942,225.4182983268067,138.9003203987184,66.10430758276966,10
424,Precious Achiuwa,New York Knicks,PF,85,246,34,66,505.7,13,21,425.0,4,11,183.3,31,57,88,20,19,8,17,16,35,193,173,105,108,314.62345679012344,156.19753086419755,18.27777777777778,4.549382716049383,822.8271604938271,765.3641975308642,369.2716049382716,177.29012345679013,10
425,Quentin Grimes,Detroit Pistons,SG,82,213,26,80,296.2,19,24,525.0,11,50,200.0,2,27,29,19,13,7,9,4,-12,130,111,101,48,312.44628099173553,35.19834710743802,14.900826446280991,10.900826446280991,442.06611570247935,483.0495867768595,277.6942148760331,43.86776859504132,10
426,R. Rupert,Portland Trail Blazers,G,52,209,18,41,468.9,8,9,450.0,8,19,233.3,5,26,31,22,22,2,10,2,-5,105,83,74,53,150.1570493753718,40.07436049970256,30.799524092801907,14.060678167757287,326.0672218917311,312.95597858417614,153.76561570493755,80.37656157049375,10
427,RJ Barrett,Toronto Raptors,SG,208,328,85,152,559.5,20,43,406.1,18,37,425.0,9,42,51,46,22,5,28,4,-39,305,259,254,97,255.64444444444445,58.24444444444445,50.577777777777776,15.777777777777777,454.77777777777777,307.8,398.8,112.64444444444445,10
428,Reggie Bullock,Houston Rockets,SF,29,130,10,24,483.2,0,0,0.0,9,22,499.9,3,27,30,2,7,5,2,1,7,61,59,31,32,18.921475312314097,48.85663295657346,1.603807257584771,2.900059488399762,103.60678167757288,109.50684116597263,14.907198096371207,48.57465794170137,10
429,Reggie Jackson,Denver Nuggets,PG,94,182,34,82,397.4,15,18,272.7,11,33,382.7,3,6,9,35,12,5,14,1,34,138,103,129,44,324.31612673549307,7.965468138127447,49.718405126379494,5.277678889284442,412.1651833392666,286.2239231043076,438.9786400854396,68.96262014951941,10
430,Richaun Holmes,Washington Wizards,F,88,241,35,62,516.4,18,21,591.7,0,2,0.0,31,52,83,9,31,7,8,8,-2,180,171,97,92,286.7145557655955,266.1568998109641,6.991493383742911,0.004725897920604915,971.4943289224952,901.2003780718337,322.9196597353497,307.23724007561435,10
431,Ricky IV Council,Philadelphia 76ers,G,64,102,21,46,431.6,18,24,533.3,4,15,158.3,2,12,14,7,5,0,3,1,-9,85,78,71,21,268.525390625,20.572265625,6.1015625,5.416015625,477.15625,402.5390625,332.775390625,37.041015625,10
432,Robin Lopez,Milwaukee Bucks,C,6,23,3,9,37.5,0,0,0.0,0,2,0.0,1,0,1,1,3,1,0,2,-16,8,7,7,2,21.92,0.52,0.6800000000000002,0.0,24.48,29.0,18.28,0.32000000000000006,2
433,Royce O'Neale,Phoenix Suns,PF,63,211,25,59,453.8,0,0,0.0,13,39,391.8,7,38,45,20,15,2,9,3,18,128,108,83,65,324.77160493827165,14.012345679012348,18.054869684499312,23.611111111111107,325.9869684499314,362.9444444444444,283.23799725651577,36.64334705075446,10
434,Rudy Gobert,Minnesota Timberwolves,C,131,366,53,78,686.7,25,36,655.0,0,0,0.0,41,98,139,15,37,7,20,23,40,285,270,146,154,303.0051903114187,71.69723183391004,16.63840830449827,0.0,415.3650519031142,458.3114186851211,257.72318339100343,90.6712802768166,10
435,Rui Hachimura,Los Angeles Lakers,PF,178,316,72,120,598.2,15,18,508.3,19,40,399.2,7,48,55,13,15,2,5,5,38,246,233,191,68,540.4777500889996,134.7002491990032,6.381986472054112,40.281594873620506,678.9946600213599,727.9277322890707,502.0694197223212,130.5574937700249,10
436,Russell Westbrook,LA Clippers,PG,96,207,36,99,376.3,20,26,656.7,4,25,95.0,10,15,25,31,15,10,12,0,-3,152,121,127,56,177.776,24.856,54.504,4.4,456.54399999999987,299.0,291.384,123.296,10
437,Ryan Arcidiacono,New York Knicks,G,0,5,0,1,0.0,0,0,0.0,0,1,0.0,0,0,0,0,1,1,0,0,3,0,0,0,0,0.0,0.0625,0.0,0.0,0.0625,0.0625,0.0,0.0625,1
438,Saben Lee,Phoenix Suns,G,35,98,9,28,194.29999999999998,15,20,416.7,2,9,83.3,3,15,18,17,6,4,2,0,11,70,53,52,35,190.68,24.479999999999997,5.720000000000001,1.5200000000000005,336.32,336.0,189.68,31.519999999999996,8
439,Saddiq Bey,Atlanta Hawks,SF,146,337,48,125,372.4,31,35,800.0,19,59,298.4,29,32,61,14,7,4,10,4,-23,221,207,160,75,398.90000000000003,67.125,9.625,14.9,439.4000000000001,478.32500000000005,362.225,74.5,10
440,Sam Hauser,Boston Celtics,SF,134,246,47,92,506.3,0,0,0.0,40,79,498.9,3,32,35,11,8,10,2,7,74,180,169,145,46,733.7985537190083,32.91838842975206,9.356404958677686,75.16219008264463,923.625,921.6404958677687,735.6570247933884,42.40082644628099,10
441,Sam Merrill,Cleveland Cavaliers,SG,97,249,29,76,364.6,11,12,566.7,28,74,360.4,2,23,25,30,13,3,5,3,15,152,122,127,55,242.73940904236383,46.543609825560694,76.89213243147027,27.79494482022072,384.48059807760774,355.1826272694909,282.940904236383,112.53221787112852,10
442,Samardo Samuels,Houston Rockets,F,0,6,0,1,0.0,0,0,0.0,0,0,0.0,1,1,2,0,0,0,0,0,-5,2,2,0,2,1.44,1.9599999999999997,0.0,0.0,0.03999999999999998,0.03999999999999998,1.44,1.9599999999999997,1
443,Sandro Mamukelashvili,San Antonio Spurs,PF,31,55,15,23,368.1,0,1,0.0,1,4,50.0,9,5,14,5,5,2,1,0,27,50,45,36,19,103.72853185595568,14.077562326869808,7.675900277008311,0.9584487534626039,181.28808864265926,151.73961218836564,119.0,36.03047091412743,7
444,Santi Aldama,Memphis Grizzlies,PF,131,328,47,100,472.1,15,22,550.0,22,58,347.0,12,56,68,28,12,11,8,16,-90,227,199,159,96,379.476,89.2,35.7,28.0,718.776,569.156,515.096,138.9,10
445,Sasha Vezenkov,Sacramento Kings,F,9,22,2,7,28.6,3,3,100.0,2,4,50.0,0,1,1,1,4,1,0,0,24,11,10,10,2,4.5,0.5,0.5,2.0,4.5,2.0,8.0,0.0,2
446,Scoot Henderson,Portland Trail Blazers,G,146,285,54,141,380.8,25,29,825.0,13,43,278.3,7,30,37,55,37,13,40,1,-103,238,183,201,92,342.3683198769704,38.930795847750865,49.10073048827374,8.184928873510188,682.1722414455979,426.44559784698197,553.6820453671666,132.44444444444446,10
447,Scottie Barnes,Toronto Raptors,SF,179,333,70,155,460.1,33,39,674.9,6,36,159.89999999999998,28,63,91,75,18,13,31,14,21,345,270,254,166,391.6640625,102.8515625,85.6640625,4.8515625,827.2890625,587.40625,576.65625,243.40625,10
448,Scotty Pippen Jr.,Memphis Grizzlies,G,121,254,41,85,461.7,20,32,440.4,19,36,555.0,10,21,31,47,31,16,25,6,-53,199,152,168,78,259.76748582230624,15.0,49.05293005671077,6.901701323251418,268.0396975425331,289.28922495274105,229.30056710775045,73.27032136105859,10
449,Seth Curry,Charlotte Hornets,SG,81,181,29,67,372.5,14,15,566.7,9,31,256.6,4,15,19,17,7,5,7,3,-33,117,100,98,36,233.0,12.900826446280993,16.140495867768593,4.900826446280991,334.3388429752066,276.08264462809916,269.8677685950413,50.429752066115704,10
450,Shai Gilgeous-Alexander,Oklahoma City Thunder,PG,268,342,98,195,502.5,58,73,786.8,14,47,267.6,8,46,54,55,22,18,25,7,72,377,322,323,109,557.364,69.184,37.20399999999999,18.436000000000003,824.984,676.5,704.936,107.29999999999998,10
451,Shake Milton,New York Knicks,SG,47,120,20,44,381.1,2,3,66.7,5,12,250.0,9,16,25,14,11,3,5,2,-7,86,72,61,39,152.25,83.58333333333334,17.22222222222222,8.472222222222223,537.2222222222222,426.00000000000006,217.58333333333334,146.69444444444446,9
452,Simone Fontecchio,Detroit Pistons,F,158,307,55,116,455.5,19,21,616.7,29,65,413.2,8,41,49,16,20,10,13,5,5,223,207,174,65,506.0,36.90963139120095,14.430439952437576,30.11296076099881,589.4708680142687,547.3923900118907,538.8442330558859,60.574316290130795,10
453,Skylar Mays,Los Angeles Lakers,SG,8,34,4,10,170.0,0,0,0.0,0,3,0.0,0,1,1,3,2,3,2,1,-3,12,9,11,4,13.362880886426595,0.7562326869806095,3.055401662049862,0.0,10.686980609418281,14.48476454293629,10.977839335180054,2.398891966759003,4
454,Spencer Dinwiddie,Los Angeles Lakers,PG,81,261,22,51,404.8,23,26,638.9,14,28,478.4,1,19,20,21,23,4,9,7,5,122,101,102,41,539.0207612456747,32.865051903114185,32.860822760476744,10.422145328719724,803.6901191849288,657.2837370242215,699.2979623221838,51.85505574778931,10
455,Stanley Umude,Detroit Pistons,G,49,150,16,39,260.4,8,9,366.7,9,25,243.3,5,16,21,3,15,4,4,2,-32,73,70,52,24,177.08,44.0,1.9200000000000002,10.88,278.68,272.78,180.88,48.02,8
456,Stephen Curry,Golden State Warriors,PG,210,299,73,180,404.8,27,29,655.0,37,108,349.2,8,38,46,46,8,2,17,1,37,302,256,256,92,889.6361694553221,85.02029191883231,54.15450338198647,38.062299750800996,1500.3915984336063,1325.0509077963688,1034.0904236383055,170.06123175507298,10
457,Svi Mykhailiuk,Boston Celtics,SG,52,135,18,43,560.4,1,1,100.0,15,37,413.3,2,15,17,14,2,4,2,0,77,83,69,66,31,53.551020408163275,26.83673469387755,12.693877551020408,8.66530612244898,205.57959183673472,139.0,104.80000000000001,54.86122448979593,10
458,T. Vukcevic,Washington Wizards,PF,6,9,2,5,40.0,0,0,0.0,2,4,50.0,0,3,3,0,2,0,1,0,-5,9,9,6,3,13.633136094674558,1.5147928994082842,0.0,1.5147928994082842,24.236686390532547,24.236686390532547,13.633136094674558,1.5147928994082842,1
459,T.J. McConnell,Indiana Pacers,PG,137,203,61,114,539.8,9,11,350.0,6,12,450.0,4,24,28,48,8,11,19,2,28,213,165,185,76,72.90815236739054,29.85119259522962,29.418298326806692,2.4514061943752226,206.0551797792809,166.85475258098967,122.26023495906016,49.11783552865789,10
460,T.J. Warren,Minnesota Timberwolves,SF,29,105,13,34,301.2,1,2,50.0,2,11,83.3,5,12,17,7,11,3,4,1,23,53,46,36,24,46.19092627599244,14.943289224952741,7.102079395085067,1.5009451795841209,68.48960302457468,71.08884688090737,37.092627599243855,28.544423440453684,8
461,Taj Gibson,Detroit Pistons,F,3,11,1,2,50.0,0,0,0.0,1,2,50.0,0,2,2,0,1,1,0,0,-3,5,5,3,2,2.5600000000000005,0.03999999999999998,0.16000000000000003,0.36,1.9599999999999997,3.2399999999999993,1.44,0.04000000000000007,1
462,Taj Gibson,New York Knicks,F,2,68,0,9,0.0,2,2,100.0,0,2,0.0,4,6,10,4,8,1,3,0,2,16,12,6,14,8.2,10.200000000000001,1.6,0.8000000000000002,15.600000000000001,12.400000000000002,6.6000000000000005,16.599999999999998,5
463,Talen Horton-Tucker,Utah Jazz,SG,64,154,19,65,304.2,16,18,566.7,10,30,384.9,3,17,20,23,12,6,3,5,-48,107,84,87,43,47.11111111111111,54.17777777777778,31.000000000000004,2.2777777777777772,213.97777777777776,145.77777777777777,106.11111111111111,94.37777777777778,10
464,Taurean Prince,Los Angeles Lakers,PF,95,210,34,64,591.0,8,11,266.7,19,42,503.70000000000005,2,30,32,9,16,3,8,7,24,136,127,104,41,109.75434027777777,34.2890625,7.611111111111112,11.546006944444446,151.625,145.90277777777777,112.4765625,44.900173611111114,10
465,Taylor Hendricks,Utah Jazz,F,84,264,31,70,482.5,9,11,325.0,13,41,330.2,12,55,67,7,30,5,4,13,-84,158,151,91,74,98.46536894522409,117.71706654594838,2.138071525577184,6.103666817564509,258.56677229515617,235.23268447261205,117.10321412403802,124.55138071525577,10
466,Taze Moore,Portland Trail Blazers,G,2,5,1,1,100.0,0,0,0.0,0,0,0.0,0,0,0,1,0,0,1,0,7,3,2,3,1,1.44,0.0,0.6400000000000001,0.0,4.0,1.44,4.0,0.6400000000000001,1
467,Terance Mann,LA Clippers,SG,104,266,37,79,465.3,16,17,650.0,14,37,482.1,8,21,29,9,19,9,5,4,-39,142,133,113,38,215.4622770919067,34.94170096021948,16.190672153635116,2.861454046639232,333.9540466392318,258.25857338820305,308.1111111111111,34.179012345679006,10
468,Terquavion Smith,Philadelphia 76ers,G,40,59,14,34,241.1,2,3,100.0,10,26,216.6,0,2,2,10,3,7,4,0,9,52,42,50,12,186.96296296296296,1.4074074074074074,17.185185185185183,17.185185185185183,177.40740740740742,184.66666666666663,179.62962962962965,18.666666666666668,6
469,Terry Rozier,Miami Heat,SG,165,334,67,161,418.0,16,19,472.7,15,52,259.59999999999997,6,43,49,34,18,9,12,3,-13,248,214,199,83,105.42627599243858,25.87996219281663,58.057655954631386,27.071833648393195,159.78166351606805,148.21172022684308,118.90548204158792,82.02835538752363,10
470,Terry Taylor,Chicago Bulls,F,11,46,4,8,275.0,1,2,50.0,2,3,150.0,2,10,12,3,1,1,0,0,-17,26,23,14,15,16.668639053254438,34.59763313609467,3.177514792899408,1.715976331360947,112.62130177514794,91.1301775147929,24.22485207100592,51.71005917159764,4
471,Thaddeus Young,Phoenix Suns,F,16,53,8,14,225.0,0,2,0.0,0,0,0.0,12,9,21,4,5,3,2,0,16,41,37,20,25,8.0064,57.03840000000001,4.7744,0.0,76.7024,68.44,20.9216,57.160000000000004,4
472,Thaddeus Young,Phoenix Suns,PF,41,128,20,28,469.9,1,3,50.0,0,2,0.0,11,18,29,14,12,2,4,1,-24,84,70,55,43,163.64960000000002,33.857600000000005,30.121600000000004,0.0,463.7536,274.56,312.38239999999996,104.44,6
473,Thanasis Antetokounmpo,Milwaukee Bucks,SF,10,48,5,11,266.7,0,2,0.0,0,1,0.0,2,1,3,4,8,1,3,1,-18,17,13,14,7,15.09375,1.5,1.5,0.0,20.34375,18.59375,16.84375,3.0,6
474,Theo Maledon,Phoenix Suns,PG,5,10,1,2,50.0,3,3,100.0,0,0,0.0,0,1,1,0,3,0,3,0,-11,6,6,5,1,14.0625,0.5625,0.0,0.0,20.25,20.25,14.0625,0.5625,1
475,Thomas Bryant,Miami Heat,C,63,127,21,42,421.9,18,19,675.0,3,14,200.0,6,33,39,6,16,2,2,7,8,108,102,69,45,230.76989619377161,73.25432525951557,8.45847750865052,4.224913494809689,448.34083044982697,403.598615916955,278.0242214532872,79.20069204152249,10
476,Tim Hardaway Jr.,Dallas Mavericks,SF,101,206,35,88,321.4,11,17,416.7,20,53,308.9,2,20,22,24,8,9,5,1,66,147,123,125,46,642.1841715976332,63.29289940828403,31.323224852071007,32.181213017751475,1167.7899408284025,946.0421597633135,845.2248520710059,113.32322485207101,10
477,Tobias Harris,Philadelphia 76ers,PF,141,346,58,139,400.4,16,22,618.3,9,37,241.7,10,66,76,26,12,10,16,7,-44,243,217,167,102,399.9809335963182,107.58053911900065,16.68639053254438,7.681130834976989,718.7698882314266,583.128862590401,521.9848783694938,137.90401051939514,10
478,Torrey Craig,Chicago Bulls,SF,71,201,26,57,444.9,2,4,100.0,17,40,403.8,7,21,28,14,21,6,7,2,-57,113,99,85,42,122.91836734693878,25.665532879818592,8.989795918367346,14.100907029478456,267.44444444444446,235.05328798185943,157.31632653061223,32.64852607709751,10
479,Tosan Evbuomwan,Detroit Pistons,F,60,198,22,44,535.6,9,16,241.7,7,20,373.3,5,25,30,4,15,2,5,2,-89,94,90,64,34,192.06611570247935,72.8576675849403,4.405876951331496,6.239669421487603,454.22405876951336,429.25987144168965,206.69237832874197,87.60146923783287,10
480,Toumani Camara,Portland Trail Blazers,F,88,292,35,67,507.2,8,9,350.0,10,26,336.6,19,23,42,22,26,8,13,8,-36,152,130,110,64,288.1792588336685,52.04941108876759,28.410801493823612,8.002872737719047,547.6093076702097,470.64636598678544,352.76070094800343,92.84171215168055,10
481,Trae Young,Atlanta Hawks,PG,235,370,76,173,432.4,45,55,813.4,38,93,399.0,2,18,20,109,22,11,45,2,-38,364,255,344,129,758.2361111111111,12.069444444444445,83.0,45.06944444444444,786.5,622.5,926.4027777777778,90.90277777777777,10
482,Trayce JacksonDavis,Golden State Warriors,F,107,253,48,65,759.6,11,24,445.0,0,1,0.0,27,48,75,21,19,7,6,16,-11,203,182,128,96,136.6955017301038,126.70857362552866,25.32218377547097,0.0,426.6255286428297,327.0303729334871,199.2979623221838,189.0234525182622,10
483,Tre Jones,San Antonio Spurs,PG,109,309,39,73,461.9,20,23,633.3,11,23,237.1,8,33,41,71,13,13,15,0,-4,221,150,180,112,511.28532235939645,27.61111111111111,49.93827160493827,24.901234567901234,545.065157750343,516.1433470507544,516.6886145404663,101.0679012345679,10
484,Tre Mann,Charlotte Hornets,PG,125,320,49,102,489.1,15,21,417.1,12,35,306.7,7,38,45,54,17,14,15,0,-56,224,170,179,99,198.80861943024107,40.25493060628196,56.43535427319211,8.140248356464573,362.6778670562454,309.53542731921107,289.4528853177502,59.18845872899928,10
485,Trendon Watford,Brooklyn Nets,PF,76,135,26,56,451.4,19,23,495.7,5,13,166.7,12,22,34,3,18,3,13,5,-19,113,110,79,37,358.48979591836735,63.6655328798186,4.332199546485262,6.590702947845804,591.4897959183673,573.1485260770975,387.8287981859411,57.0,10
486,Trent Forrest,Atlanta Hawks,G,22,131,9,26,323.3,4,4,200.0,0,3,0.0,3,11,14,36,4,3,6,2,-20,72,36,58,50,35.91604938271605,12.404938271604937,62.52345679012346,0.0,141.61975308641976,26.641975308641975,135.64444444444445,90.17777777777778,10
487,Trevelin Queen,Orlando Magic,SG,0,13,0,3,0.0,0,0,0.0,0,2,0.0,0,1,1,1,1,0,0,0,-17,2,1,1,2,0.0,0.5555555555555556,0.5555555555555556,0.0,0.22222222222222227,0.5555555555555556,0.5555555555555556,0.22222222222222227,2
488,Trey Jemison,Memphis Grizzlies,C,82,232,36,58,546.0,10,12,500.0,0,0,0.0,27,24,51,11,29,3,15,7,-11,144,133,93,62,465.1331496786043,21.648301193755735,6.92653810835629,0.0,532.9568411386593,593.0,407.8301193755739,25.83471074380165,10
489,Trey Lyles,Sacramento Kings,PF,53,186,18,46,392.9,12,16,625.0,5,22,236.7,11,28,39,8,19,0,7,3,1,100,92,61,47,103.99173553719008,15.06198347107438,7.640495867768594,7.148760330578514,183.88429752066114,131.55785123966942,140.88016528925618,38.14049586776859,10
490,Trey Murphy III,New Orleans Pelicans,SG,157,324,51,120,425.7,26,30,760.7,29,82,363.1,7,57,64,29,10,5,10,6,15,250,221,186,93,332.0589849108367,74.99382716049382,22.975308641975307,30.92318244170096,437.5836762688614,395.4684499314129,335.19890260631007,136.94444444444446,10
491,Tristan Thompson,Cleveland Cavaliers,C,18,63,8,13,258.4,2,6,100.0,0,0,0.0,10,13,23,6,8,3,4,3,-11,47,41,24,29,27.92271105826397,14.338882282996433,0.8192627824019024,0.0,53.649227110582636,56.14268727705114,26.0,14.587395957193811,5
492,Troy Brown Jr.,Detroit Pistons,SF,38,166,13,47,280.4,6,7,180.0,6,26,174.89999999999998,4,27,31,9,6,3,7,0,-71,78,69,47,40,53.017301038062286,36.90311418685121,9.067474048442905,4.422145328719724,184.340830449827,152.45328719723184,82.65916955017302,48.21626297577855,10
493,TyTy Washington Jr.,Milwaukee Bucks,G,0,8,0,2,0.0,0,0,0.0,0,1,0.0,0,0,0,1,0,0,0,0,-4,1,0,1,1,0.0,0.0,0.44444444444444453,0.0,0.44444444444444453,0.0,0.44444444444444453,0.44444444444444453,1
494,Tyler Herro,Miami Heat,PG,183,325,71,166,433.4,10,13,333.4,31,80,406.0,3,46,49,50,11,0,13,1,35,282,232,233,99,148.11111111111111,40.94444444444444,28.069444444444443,12.944444444444445,309.7361111111111,207.61111111111111,206.125,113.125,10
495,Tyrese Haliburton,Indiana Pacers,PG,175,332,64,146,444.09999999999997,25,28,696.7,22,73,299.5,4,39,43,94,16,17,24,8,39,312,218,269,137,178.125,42.523668639053255,89.32322485207101,26.0155325443787,249.50591715976333,127.03328402366867,338.0059171597633,94.43860946745563,10
496,Tyrese Maxey,Philadelphia 76ers,PG,243,376,86,188,456.2,44,51,750.0,27,72,368.9,2,30,32,51,22,9,18,4,-8,326,275,294,83,526.6468138275718,58.12244897959184,59.00832986255727,24.235318617242815,866.2040816326529,791.7955018742191,534.9795918367346,183.20658059142022,10
497,Tyus Jones,Washington Wizards,PG,91,313,36,84,402.0,4,4,300.0,15,43,360.8,3,22,25,97,4,9,13,2,-70,213,116,188,122,345.04336734693874,43.53316326530612,160.5,20.959183673469386,776.265306122449,542.0510204081633,542.9719387755102,240.3188775510204,10
498,Udoka Azubuike,Phoenix Suns,C,2,11,1,3,33.3,0,2,0.0,0,0,0.0,2,4,6,0,1,0,0,0,-3,8,8,2,6,1.7777777777777781,13.444444444444443,0.0,0.0,25.0,25.0,1.7777777777777781,13.444444444444443,1
499,Vasilije Micic,Charlotte Hornets,G,135,312,52,103,494.8,18,20,677.8,13,37,288.3,4,19,23,58,15,7,29,3,-79,216,158,193,81,503.2543402777777,29.8515625,115.77517361111111,25.56944444444444,610.525173611111,466.6006944444444,614.9027777777779,177.9027777777778,10
500,Victor Wembanyama,San Antonio Spurs,C,206,309,74,161,460.5,41,58,688.5,17,59,311.2,26,85,111,45,25,8,45,42,30,362,317,251,156,728.8515625,101.85069444444446,26.5390625,10.191840277777777,1411.8506944444446,1222.1918402777778,895.125,151.77517361111111,10
501,Vince Williams Jr.,Memphis Grizzlies,G,127,336,42,92,459.70000000000005,30,38,723.3,13,34,328.8,8,54,62,61,30,12,34,9,-54,250,189,188,123,231.93628808864267,72.8808864265928,35.61495844875347,18.00831024930748,492.2326869806094,474.07479224376726,226.76454293628805,131.82548476454295,10
502,Vit Krejci,Atlanta Hawks,G,71,302,27,54,532.6,4,5,150.0,13,33,305.4,5,20,25,25,29,5,11,5,31,121,96,96,50,176.70625,28.80625,10.50625,16.10625,299.40625,281.025,192.0,42.400000000000006,10
503,Walker Kessler,Utah Jazz,C,70,244,31,46,730.8,8,10,400.0,0,0,0.0,29,59,88,11,16,2,10,12,-91,169,158,81,99,130.99504132231402,68.98512396694214,4.966942148760331,0.0,223.19834710743802,190.24793388429754,140.59338842975208,97.30413223140496,10
504,Wendell Carter Jr.,Orlando Magic,C,97,253,38,80,474.1,12,22,450.0,9,35,240.0,29,54,83,21,16,10,17,5,-21,201,180,118,104,140.93618171984858,106.66792861005949,12.958896700919416,6.909140075716604,278.5424553812872,264.5484045429962,171.67766360194702,102.87939426717145,10
505,Wendell Moore Jr.,Minnesota Timberwolves,G,2,5,1,1,100.0,0,0,0.0,0,0,0.0,0,2,2,0,1,0,0,0,8,4,4,2,2,3.0044444444444447,3.24,0.0044444444444444444,0.0,12.017777777777779,12.484444444444444,2.777777777777778,3.0044444444444447,1
506,Wenyen Gabriel,Memphis Grizzlies,F,17,81,8,22,168.3,0,5,0.0,1,6,50.0,7,18,25,3,10,2,8,2,-16,45,42,20,28,59.72702331961591,43.6159122085048,4.060356652949245,0.879286694101509,182.2098765432099,171.6858710562414,60.574759945130324,57.352537722908096,5
507,Wesley Matthews,Atlanta Hawks,SG,48,143,16,37,476.0,2,3,100.0,14,26,561.7,4,19,23,7,10,4,2,7,-26,78,71,55,30,108.6994459833795,41.164819944598335,14.101108033240997,6.632963988919667,211.60249307479222,198.90027700831024,117.67036011080334,58.99722991689751,10
508,Xavier Moon,LA Clippers,G,2,11,1,6,33.3,0,0,0.0,0,2,0.0,1,1,2,0,1,1,1,0,-20,4,4,2,2,2.18,2.5,0.8022222222222222,0.0,0.3755555555555552,0.07999999999999996,3.742222222222222,2.0355555555555553,2
509,Xavier Tillman,Boston Celtics,F,32,162,13,30,418.3,3,4,150.0,3,17,183.3,10,27,37,9,8,5,3,3,30,78,69,41,46,49.804081632653066,30.06122448979592,5.0653061224489795,2.265306122448979,115.68979591836735,128.33061224489796,40.90204081632653,31.38775510204082,10
510,Yuta Watanabe,Memphis Grizzlies,SF,22,97,10,24,250.0,0,2,0.0,2,12,64.3,0,11,11,5,6,5,4,0,-36,38,33,27,16,115.08000000000001,11.27,3.75,1.4800000000000004,136.28,131.43,116.23000000000002,18.72,7
511,Zach Collins,San Antonio Spurs,PF,104,196,39,80,478.4,20,26,591.7,6,14,366.7,15,31,46,22,37,7,18,9,-52,172,150,126,68,323.4857401539158,81.31281122679945,31.600724309642374,6.446355817111814,583.5726573110004,543.7582616568583,365.6487098234495,110.56496152105025,10
512,Zeke Nnaji,Denver Nuggets,PF,18,100,6,17,350.0,6,8,300.0,0,2,0.0,7,10,17,4,10,2,2,10,-19,39,35,22,21,50.40625,16.277777777777775,7.350694444444445,0.0,130.125,94.18402777777779,73.06944444444443,36.90625,10
513,Ziaire Williams,Memphis Grizzlies,F,103,270,39,94,389.0,13,16,421.4,12,46,213.7,6,38,44,20,15,12,15,0,-39,167,147,123,64,552.1,32.4,24.0,17.599999999999998,788.1,632.1,714.1,50.4,10
514,Zion Williamson,New Orleans Pelicans,PF,265,335,101,157,627.1,63,86,678.4,0,0,0.0,17,51,68,43,26,13,36,7,38,376,333,308,111,791.6360946745563,27.020710059171595,70.22559171597634,0.0036982248520710066,983.2167159763313,930.3136094674555,888.1812130177515,53.6042899408284,10
