,First Last Name,team,position,points,minutes,fgm,fga,fgp,ftm,fta,ftp,tpm,tpa,tpp,offReb,defReb,totReb,assists,pFouls,steals,turnovers,blocks,plusMinus,Points_Rebounds_Assist,Points_Rebounds,Points_Assist,Rebounds_Assist,points_deviation,totReb_deviation,assists_deviation,tpm_deviation,Points_Rebounds_Assist_deviation,Points_Rebounds_deviation,Points_Assist_deviation,Rebounds_Assist_deviation,count
0,A. Flagler,Oklahoma City Thunder,F,0,6,0,3,0.0,0,0,0.0,0,3,0.0,0,0,0,1,0,0,0,0,0,1,0,1,1,0.0,0.0,0.0,0.0,0.0,0.0,0.0,0.0,1
1,A.J. Green,Milwaukee Bucks,G,54,147,17,42,404.8,7,8,266.7,13,35,339.3,2,14,16,6,9,3,3,1,25,76,70,60,22,256.596,18.884,9.696,24.163999999999998,383.584,375.29599999999994,262.5,30.964,10
2,A.J. Lawson,Dallas Mavericks,G,26,47,11,24,323.3,2,6,100.0,2,8,100.0,2,7,9,3,5,1,0,1,2,38,35,29,12,46.57116620752984,7.584940312213039,2.3755739210284665,1.7832874196510562,69.94582185491277,61.138659320477494,51.77685950413223,13.561983471074383,7
3,Aaron Gordon,Denver Nuggets,PF,139,323,54,100,592.7,25,38,596.7,6,20,191.6,27,42,69,42,21,2,16,4,52,250,208,181,111,218.98038049940547,94.98038049940547,43.7294887039239,4.442925089179548,312.859096313912,401.9215219976219,147.31391200951248,121.31391200951249,10
4,Aaron Holiday,Houston Rockets,G,70,161,24,57,357.6,14,14,500.0,8,27,268.3,5,11,16,22,16,7,4,1,30,108,86,92,38,294.4257999496094,24.55328798185941,31.614512471655328,9.786344167296548,520.4530108339632,461.49004787100023,353.88309397833206,55.673469387755105,10
5,Aaron Nesmith,Indiana Pacers,SF,117,304,43,101,436.8,13,13,500.0,18,54,350.3,10,26,36,18,35,5,6,9,70,171,153,135,54,93.2314049586777,11.722314049586778,16.67107438016529,5.682644628099173,103.4528925619835,87.0,98.90413223140496,39.17355371900826,10
6,Aaron Wiggins,Oklahoma City Thunder,SG,67,159,27,44,585.8,6,9,180.0,7,14,241.7,9,13,22,14,5,7,12,4,15,103,89,81,36,242.50014363688592,14.263717322608446,8.931341568514794,13.45274346452169,349.111462223499,361.70152255099106,234.69778799195632,18.407354208560758,10
7,Admiral Schofield,Orlando Magic,SF,8,18,3,6,116.7,0,0,0.0,2,4,150.0,0,4,4,1,1,1,0,0,-20,13,12,9,5,15.666666666666664,0.8367346938775508,0.693877551020408,0.836734693877551,22.0,18.598639455782312,17.598639455782312,3.0000000000000004,3
8,Al Horford,Boston Celtics,C,122,297,45,81,583.4,8,8,400.0,24,48,507.6,15,44,59,24,15,8,8,7,67,205,181,146,83,445.2460789616008,74.95889670091942,14.495402920497567,33.34234721471066,500.51649540292044,471.2628447809627,481.84964845862635,82.10438074634938,10
9,Alec Burks,New York Knicks,SG,71,130,23,74,271.7,14,19,446.4,11,40,257.5,2,16,18,9,2,3,4,0,-23,98,89,80,27,282.09008601177,20.755092802172932,3.242643730194658,8.765504753282027,483.8859212313264,436.4386600271616,319.8578542326845,33.677229515617924,10
10,Aleksej Pokusevski,Charlotte Hornets,F,62,204,23,60,422.2,10,14,366.7,6,24,216.6,12,31,43,21,9,11,8,5,-66,126,105,83,64,97.88365650969529,24.301939058171744,13.864265927977838,2.409972299168975,223.207756232687,182.50692520775624,132.30193905817174,44.448753462603875,10
11,Alex Caruso,Chicago Bulls,SG,123,327,42,93,457.2,10,12,350.0,29,59,480.3,7,36,43,47,26,22,19,6,-34,213,166,170,90,237.37641723356012,22.12118921642731,14.532375913328295,33.43184681279919,343.41521793902746,274.67523305618545,290.1249685059209,52.644998740236844,10
12,Alex Len,Sacramento Kings,C,30,109,11,15,466.7,8,9,450.0,0,0,0.0,7,18,25,10,16,2,4,12,12,65,55,40,35,76.11080332409972,20.50076946752847,18.049245921822102,0.0,170.51923668821175,134.6300400123115,104.01231148045552,46.53770390889505,10
13,Alondes Williams,Miami Heat,G,0,6,0,1,0.0,0,0,0.0,0,1,0.0,0,1,1,0,0,0,1,0,-2,1,1,0,1,1.7777777777777777,0.7901234567901234,0.0,0.0,0.19753086419753085,0.19753086419753085,1.7777777777777777,0.7901234567901234,1
14,Alperen Sengun,Houston Rockets,C,209,324,81,157,512.7,43,68,622.9,4,12,200.0,39,68,107,45,36,16,26,7,2,361,316,254,152,847.1723356009071,197.81632653061226,123.77551020408163,4.408163265306122,1935.0226757369614,1622.4580498866212,993.7777777777778,487.5510204081633,10
15,Amari Bailey,Charlotte Hornets,G,2,6,1,3,33.3,0,0,0.0,0,2,0.0,0,0,0,1,0,1,0,0,7,3,2,3,1,2.621315192743764,0.0,0.5804988662131518,0.0,5.668934240362812,2.621315192743764,5.668934240362812,0.5804988662131518,1
16,Amen Thompson,Houston Rockets,F,151,292,61,105,601.9,29,38,679.7,0,5,0.0,42,54,96,29,23,13,14,3,80,276,247,180,125,525.587890625,96.80712890625,30.9140625,0.0390625,1000.79150390625,915.97509765625,545.572265625,192.55322265625,10
17,Amir Coffey,LA Clippers,SG,60,232,22,49,457.5,3,4,150.0,13,31,351.7,4,17,21,17,16,5,8,3,-28,98,81,77,38,129.02638408304497,30.983131487889274,12.342993079584776,14.125,145.58347750865053,117.53806228373702,172.7560553633218,27.641868512110726,10
18,Andre Drummond,Chicago Bulls,C,102,176,38,64,628.1,26,36,634.2,0,0,0.0,36,66,102,6,16,5,6,6,44,210,204,108,108,103.32544378698225,103.7301775147929,8.437869822485208,0.0,302.807100591716,256.08994082840235,149.87455621301774,112.3360946745562,10
19,Andre Jr. Jackson,Milwaukee Bucks,G,10,69,4,9,333.3,0,0,0.0,2,5,200.0,3,9,12,10,6,3,3,0,-10,32,22,20,22,13.598615916955021,6.3321799307958475,6.4498269896193765,1.6124567474048441,33.01038062283737,30.311418685121104,17.07958477508651,12.0,6
20,Andrew Nembhard,Indiana Pacers,PG,107,291,45,87,515.1,5,7,250.0,12,33,391.6,4,18,22,34,22,7,7,1,41,163,129,141,56,167.650390625,31.85400390625,21.416015625,5.64306640625,357.70166015625,313.95947265625,203.9765625,60.68603515625,10
21,Andrew Wiggins,Golden State Warriors,SF,149,281,55,129,419.1,23,29,481.4,16,44,328.3,21,43,64,16,16,6,12,8,26,229,213,165,80,381.46982310093654,33.198751300728404,53.31945889698231,14.408428720083247,725.0577523413111,497.99427679500525,570.5416233090531,124.50988553590012,10
22,Anfernee Simons,Portland Trail Blazers,SG,234,361,80,177,436.7,36,39,757.1,38,94,405.4,4,33,37,64,19,7,30,1,-38,335,271,298,101,935.5240670632775,28.301243915630067,125.20497566252028,19.635478637101134,1764.6960519199567,1205.978907517577,1461.0362358031368,186.71119524067063,10
23,Anthony Black,Orlando Magic,G,44,174,15,42,382.6,6,13,183.3,8,19,275.0,6,19,25,8,9,6,8,2,0,77,69,52,33,109.82248520710058,69.33399079552926,3.66732412886259,10.745562130177515,288.8224852071006,252.14266929651544,140.50361604207757,79.0,10
24,Anthony Davis,Los Angeles Lakers,PF,242,369,94,173,561.3,46,56,825.7,8,21,270.8,38,116,154,33,20,15,23,21,61,429,396,275,187,521.6528925619834,350.0,28.200000000000003,7.7190082644628095,1569.6347107438016,1488.0892561983471,550.798347107438,430.6,10
25,Anthony Edwards,Minnesota Timberwolves,SG,250,365,97,206,459.4,36,50,657.3,20,66,356.1,12,65,77,60,14,13,31,8,28,387,327,310,137,606.7519484009675,94.00188121472722,23.679656006449882,24.776672937382425,807.849771566783,760.3136253695243,662.1316850309057,109.83794678849772,10
26,Anthony Gill,Washington Wizards,PF,67,145,26,55,430.2,9,11,260.0,6,17,275.0,14,15,29,12,19,6,9,0,-16,108,96,79,41,349.81600000000003,47.256,19.200000000000003,4.800000000000001,667.2,586.8,406.53599999999994,90.136,10
27,Ashton Hagans,Portland Trail Blazers,G,57,205,19,44,337.7,12,13,550.0,7,16,266.7,7,22,29,40,25,9,23,7,18,126,86,97,69,157.369140625,25.041015625,37.166015625,8.212890625,356.650390625,254.65625,239.65625,81.9140625,10
28,Ausar Thompson,Detroit Pistons,F,103,314,42,87,508.0,11,25,325.0,8,29,195.3,15,44,59,21,26,17,14,11,-6,183,162,124,80,121.7,31.399999999999995,24.125,8.5,347.72499999999997,237.7,200.02499999999998,87.225,10
29,Austin Reaves,Los Angeles Lakers,SG,179,359,60,132,444.1,38,43,900.0,21,66,261.2,8,60,68,61,15,4,22,5,67,308,247,240,129,440.42299687825187,145.1389177939646,67.63423517169615,43.0,995.1097814776275,803.9136316337149,601.0405827263268,243.35171696149845,10
30,Ayo Dosunmu,Chicago Bulls,SG,186,366,74,135,534.8,19,20,666.7,19,46,373.7,6,20,26,46,25,10,15,2,-15,258,212,232,72,781.1360946745561,6.863905325443788,76.63668639053255,25.397633136094676,955.8366863905326,734.5467455621301,1014.9633136094675,70.96331360946746,10
31,Bam Adebayo,Miami Heat,C,189,328,77,129,610.6,26,42,583.2,9,16,550.0,25,100,125,39,16,16,18,10,28,353,314,228,164,129.7050754458162,94.43758573388205,51.0,5.534293552812072,279.2716049382716,156.71604938271602,271.44581618655695,126.25240054869685,10
32,Ben Sheppard,Indiana Pacers,G,49,185,18,47,358.3,7,7,400.0,6,30,186.6,1,15,16,15,20,5,4,0,27,80,65,64,31,111.29346949744692,20.431066917495297,13.32303144316044,2.8825584520290244,200.01074979844128,165.14565976887934,154.47836603063692,25.434291857027684,10
33,Ben Simmons,Brooklyn Nets,PG,53,168,24,38,521.1,5,11,150.0,0,0,0.0,15,39,54,46,20,9,12,4,-5,153,107,99,100,134.88888888888889,64.0,78.88888888888889,0.0,382.0,162.8888888888889,300.0,196.88888888888889,9
34,Bennedict Mathurin,Indiana Pacers,SG,139,275,44,115,340.3,35,45,614.5,16,44,245.0,10,33,43,23,24,7,17,4,-18,205,182,162,66,753.4765625,123.6015625,38.125,30.4140625,1418.90625,1097.65625,970.9140625,265.5390625,10
35,Bilal Coulibaly,Washington Wizards,SG,90,289,30,76,451.5,19,27,633.3,11,39,238.3,9,30,39,18,22,12,8,7,-98,147,129,108,57,127.37777777777777,38.5,16.0,13.177777777777775,337.8777777777778,291.7444444444444,166.31111111111107,61.699999999999996,10
36,Bismack Biyombo,Oklahoma City Thunder,C,4,36,1,4,33.3,2,4,100.0,0,0,0.0,3,2,5,2,6,1,4,1,3,11,9,6,7,6.122448979591838,5.63265306122449,1.5306122448979596,0.0,35.816326530612244,22.693877551020403,13.775510204081634,12.632653061224492,5
37,Blake Wesley,San Antonio Spurs,G,41,144,13,35,315.7,12,16,525.0,3,9,150.0,4,17,21,23,12,4,6,2,-6,85,62,64,44,149.03313609467455,19.21301775147929,29.520710059171595,4.100591715976331,231.49467455621303,167.63786982248521,214.82366863905324,46.8,10
38,Boban Marjanovic,Houston Rockets,C,3,7,1,1,100.0,1,2,50.0,0,0,0.0,0,3,3,0,0,0,1,0,-3,6,6,3,3,1.41015625,5.0625,0.0,0.0,11.81640625,11.81640625,1.41015625,5.0625,1
39,Bobby Portis,Milwaukee Bucks,F,140,248,60,118,498.9,9,13,375.0,11,22,333.4,18,62,80,10,22,11,14,3,19,230,220,150,90,545.4027777777778,122.17777777777778,6.544444444444445,23.300000000000004,873.025,921.1361111111111,528.6694444444445,97.34444444444445,10
40,Bogdan Bogdanovic,Atlanta Hawks,SG,184,343,65,143,472.7,25,28,456.7,29,69,482.9,12,37,49,44,22,10,15,3,46,277,233,228,93,652.571889277076,55.988443966675625,45.04971781779092,11.174146734748724,933.5600644987907,932.5393711367913,617.0712174146735,137.55952700886857,10
41,Bojan Bogdanovic,New York Knicks,SF,64,158,25,65,344.1,5,7,200.0,9,30,228.6,2,12,14,10,8,0,15,0,14,88,78,74,24,367.02080856123666,13.945303210463734,6.240784780023782,18.09809750297265,432.3543400713436,388.9518430439952,409.20332936979787,21.40606420927467,10
42,Bol Bol,Phoenix Suns,C,51,110,18,29,456.7,6,7,275.0,9,14,400.0,5,23,28,5,9,0,4,5,15,84,79,56,33,214.52108341028008,17.28531855955679,4.506925207756233,8.986457371498924,347.18682671591256,327.1471221914435,230.3447214527547,26.00831024930748,10
43,Bones Hyland,LA Clippers,PG,65,161,24,62,368.1,4,6,200.0,13,36,313.8,1,16,17,31,15,10,14,1,0,113,82,96,48,330.905325443787,17.84681130834977,89.00657462195925,20.91715976331361,893.3905325443786,485.29257067718606,668.5667324128863,177.28994082840237,10
44,Bradley Beal,Phoenix Suns,SG,129,340,51,103,489.4,10,12,333.3,17,39,394.5,11,34,45,68,16,9,27,8,10,242,174,197,113,272.1985061763861,43.48319448434358,60.449870726802644,10.163458776213732,229.96667624245904,241.93737431772473,288.39959781671934,75.76127549554724,10
45,Brandin Podziemski,Golden State Warriors,G,66,250,27,67,388.0,3,5,150.0,9,29,223.3,20,35,55,26,16,11,9,1,0,147,121,92,81,174.7100591715976,61.06863905325444,33.85325443786982,10.928994082840237,447.7928994082841,358.62130177514797,254.35976331360948,104.44378698224851,10
46,Brandon Boston Jr.,LA Clippers,SG,59,135,24,55,462.1,7,14,350.0,4,15,150.0,5,14,19,3,15,3,4,6,-17,81,78,62,22,129.24251278305331,26.39371804236669,2.2227903579254926,4.423666910153397,236.43024105186268,201.31775018261504,150.89846603360118,42.07304601899197,10
47,Brandon Clarke,Memphis Grizzlies,PF,34,64,16,28,167.9,1,3,50.0,1,3,100.0,8,8,16,4,5,3,1,3,19,54,50,38,20,48.64462809917355,5.0,4.801652892561983,0.7355371900826445,60.85950413223141,67.28099173553719,51.31404958677686,0.7107438016528923,3
48,Brandon Ingram,New Orleans Pelicans,SF,180,306,68,138,496.2,36,43,724.5,8,27,260.0,6,50,56,54,24,6,19,7,49,290,236,234,110,670.2437673130194,25.364265927977836,44.40443213296399,6.5318559556786715,720.3393351800554,826.6662049861496,558.8476454293628,74.83795013850416,10
49,Brandon Miller,Charlotte Hornets,F,172,331,62,152,404.0,18,24,538.3,30,79,340.8,9,37,46,22,25,8,15,5,-93,240,218,194,68,521.8121229531744,40.40735420856076,19.89887963228957,34.10341855788566,813.0324619362252,804.418845159437,526.731973570813,64.0,10
50,Brandon Williams,Dallas Mavericks,G,7,24,2,9,83.3,3,4,100.0,0,2,0.0,1,1,2,4,1,0,1,0,-12,13,9,11,6,18.22448979591837,3.183673469387756,4.081632653061224,0.0,30.46938775510204,15.448979591836734,29.0,11.510204081632653,4
51,Braxton Key,Denver Nuggets,F,2,6,1,1,100.0,0,1,0.0,0,0,0.0,1,1,2,0,1,0,0,0,2,4,4,2,2,0.6173469387755104,1.0,0.12755102040816327,0.12755102040816327,2.040816326530612,3.1887755102040813,0.18367346938775514,0.4132653061224489,1
52,Brice Sensabaugh,Utah Jazz,F,82,225,28,86,317.3,16,19,413.3,10,50,203.3,6,36,42,27,12,6,22,2,-101,151,124,109,69,462.2194771617351,48.726228095374886,22.863257684573398,22.287273771904623,529.8738868141338,495.0623384085033,475.97673082447574,92.64378052283826,10
53,Brook Lopez,Milwaukee Bucks,C,111,287,38,71,547.3,16,18,533.4,19,44,465.0,11,37,48,17,25,4,14,14,1,176,159,128,65,177.1939058171745,27.689750692520775,28.151738996614345,15.252385349338258,306.56817482302245,228.19113573407202,244.6346568174823,66.77777777777777,10
54,Bruce Brown,Toronto Raptors,SF,115,287,45,88,509.1,16,22,533.3,9,18,375.0,9,29,38,39,19,8,21,1,-113,192,153,154,77,184.82340691378593,78.43981674302374,34.18867138692212,9.244897959183673,517.3877551020407,356.6668054977093,320.62057476051643,137.55226988754686,10
55,Bruno Fernando,Atlanta Hawks,PF,90,197,37,56,664.7,16,23,508.4,0,1,0.0,19,36,55,18,33,10,17,7,15,163,145,108,73,382.94887039238995,30.607015457788346,13.227705112960761,0.0,383.1545778834721,385.91022592152194,407.35850178359095,16.669441141498215,10
56,Bryce McGowens,Charlotte Hornets,G,44,137,14,31,273.7,12,16,391.7,4,15,80.0,2,19,21,7,14,5,2,3,-10,72,65,51,28,241.11111111111111,30.777777777777782,6.644444444444444,6.944444444444444,428.9777777777779,401.4,266.51111111111106,39.60000000000001,10
57,Buddy Boeheim,Detroit Pistons,F,19,40,6,14,83.3,2,2,100.0,5,13,76.19999999999999,0,6,6,3,3,0,0,1,12,28,25,22,9,69.39909297052154,4.081632653061225,6.224489795918369,4.183673469387755,150.6848072562358,100.55555555555559,114.22222222222224,15.612244897959185,2
58,Buddy Hield,Philadelphia 76ers,SG,103,214,40,82,488.7,4,4,300.0,19,51,393.1,9,16,25,17,17,3,9,5,-31,145,128,120,42,123.1684116729784,25.347070617063935,14.146803296948095,11.109601247493874,211.97482735575852,169.4181332145244,148.19870795277345,57.02027177545111,10
59,CJ McCollum,New Orleans Pelicans,SG,215,362,83,184,455.2,11,12,375.0,38,91,409.3,4,35,39,60,17,8,17,2,33,314,254,275,99,385.947265625,41.21728515625,44.65625,24.5,569.81103515625,400.70947265625,553.056640625,87.86572265625,10
60,Cade Cunningham,Detroit Pistons,PG,241,313,92,212,430.3,40,44,808.3,17,55,297.1,9,44,53,75,18,11,31,2,-38,369,294,316,128,707.4763705103969,52.34593572778828,52.61814744801512,12.137051039697543,849.6616257088847,790.0,697.1077504725898,174.99432892249527,10
61,Caleb Houstan,Orlando Magic,G,46,161,15,36,368.3,2,2,100.0,14,34,360.0,6,10,16,4,15,3,2,2,26,66,62,50,20,92.48979591836735,30.59410430839002,2.7448979591836733,10.53061224489796,191.0532879818594,171.80498866213154,100.13265306122449,44.944444444444436,10
62,Caleb Martin,Miami Heat,SF,89,266,33,89,361.1,12,14,575.0,11,43,320.0,13,33,46,25,10,10,11,3,-10,160,135,114,71,248.9206611570248,49.04793388429752,41.631404958677685,8.920661157024794,586.0495867768595,405.40000000000003,395.8578512396694,124.39173553719009,10
63,Cam Reddish,Los Angeles Lakers,SF,30,155,9,28,213.3,6,12,141.7,6,17,216.6,7,6,13,1,8,5,2,6,-16,44,43,31,14,125.43617998163452,20.419651056014693,0.9485766758494032,5.281910009182737,126.62809917355372,114.29843893480256,140.1166207529844,19.017447199265384,10
64,Cam Thomas,Brooklyn Nets,SG,257,363,89,195,453.1,60,66,907.9,19,60,274.3,5,41,46,41,27,6,21,1,-60,344,303,298,87,326.98285322359396,68.77091906721536,27.0,25.61111111111111,392.9938271604938,264.54938271604937,476.2421124828532,74.95610425240055,10
65,Cam Whitmore,Houston Rockets,F,126,201,48,112,411.4,17,27,376.7,13,48,248.1,17,29,46,6,10,8,13,3,15,178,172,132,52,203.86776859504133,60.413223140495866,2.4669421487603307,12.384297520661157,332.02066115702473,332.5619834710744,212.46694214876032,53.739669421487605,10
66,Cameron Johnson,Brooklyn Nets,SF,131,263,41,97,431.4,25,29,725.0,24,61,397.7,6,34,40,17,15,9,11,3,-30,188,171,148,57,265.9208804283165,34.48185603807258,15.492563950029744,12.440214158239144,536.3462224866151,417.0,351.6287923854848,83.6127305175491,10
67,Cameron Payne,Philadelphia 76ers,PG,109,186,41,88,505.5,5,6,175.0,22,46,406.6,3,11,14,29,16,5,14,3,-30,152,123,138,43,535.3905325443787,22.515976331360946,16.94792899408284,37.45562130177515,702.7621301775148,650.9455621301774,572.5562130177515,54.114792899408286,10
68,Caris LeVert,Cleveland Cavaliers,SG,123,324,44,112,367.1,24,31,440.2,11,47,226.7,8,43,51,77,21,15,23,8,-1,251,174,200,128,560.3364112034471,28.218836565096954,105.16189596799016,8.922437673130194,1067.2874730686365,690.6826715912588,884.2376115727916,186.08433364112037,10
69,Cason Wallace,Oklahoma City Thunder,G,73,221,28,58,507.7,2,4,100.0,15,31,499.3,7,19,26,14,17,11,8,4,10,113,99,87,40,164.40625,10.53369140625,20.47119140625,18.69775390625,248.525390625,227.74462890625,178.18212890625,38.009765625,10
70,Cedi Osman,San Antonio Spurs,SF,66,172,26,50,490.4,1,2,50.0,13,29,323.7,3,23,26,11,16,4,5,2,-44,103,92,77,37,225.78331794398275,38.786088027085256,31.93074792243768,18.111111111111114,406.71191135734074,304.83102493074796,290.1258848876577,108.25515543244074,10
71,Charlie Brown Jr.,New York Knicks,G,3,27,1,5,20.0,0,0,0.0,1,3,33.3,1,1,2,0,4,0,0,1,-6,5,5,3,2,6.12,2.7200000000000006,0.0,0.6800000000000002,17.0,17.0,6.12,2.7200000000000006,2
72,Chet Holmgren,Oklahoma City Thunder,PF,150,287,54,109,442.7,30,35,633.3,12,41,270.1,13,74,87,14,22,6,14,17,51,251,237,164,101,856.85791015625,100.11181640625,17.97509765625,9.69384765625,1548.76025390625,1391.5390625,975.40625,156.759765625,10
73,Chimezie Metu,Detroit Pistons,PF,63,183,23,50,328.0,15,16,487.5,2,17,66.6,9,26,35,13,21,8,10,6,-36,111,98,76,48,232.8295847750865,43.4878892733564,11.085640138408303,1.4731833910034604,430.3771626297578,440.37283737024217,231.04844290657442,46.358996539792386,7
74,Chimezie Metu,Phoenix Suns,PF,6,29,3,5,150.0,0,0,0.0,0,0,0.0,2,9,11,2,2,2,3,0,-7,19,17,8,13,82.12024221453288,19.847750865051903,3.725778546712803,0.12716262975778547,175.65743944636677,128.6807958477509,119.96193771626295,32.70847750865052,3
75,Chris Boucher,Toronto Raptors,PF,69,120,25,35,573.3,15,18,500.0,4,12,216.7,13,27,40,5,11,1,9,5,7,114,109,74,45,142.20987654320987,47.580246913580254,5.913580246913581,4.0246913580246915,410.0,329.0246913580247,192.69135802469134,83.98765432098766,8
76,Chris Duarte,Sacramento Kings,SG,57,131,20,48,444.2,5,6,250.0,12,32,422.7,7,16,23,7,10,4,3,3,-29,87,80,64,30,143.19753086419755,43.64197530864198,8.429355281207132,6.077503429355282,356.96433470507543,289.67901234567904,183.98079561042522,78.57338820301783,10
77,Chris Livingston,Milwaukee Bucks,F,0,6,0,2,0.0,0,0,0.0,0,2,0.0,0,1,1,1,4,0,1,0,-10,2,1,1,2,1.0,0.390625,0.765625,0.0,0.25,0.140625,0.015625,2.25,1
78,Chris Paul,Golden State Warriors,PG,85,234,37,76,454.8,1,2,50.0,10,25,348.3,4,40,44,58,21,5,13,0,-11,187,129,143,102,170.07650903498654,20.481353325643983,111.1687812379854,6.246059207996924,419.8573625528643,263.6366782006921,321.98269896193773,135.96462898885045,10
79,Christian Braun,Denver Nuggets,G,88,221,35,67,523.1,8,14,275.0,10,21,483.3,14,27,41,18,19,7,9,3,-5,147,129,106,59,316.0871756109851,36.913328294280674,31.987402368354754,4.362811791383219,700.3464348702444,468.2164273116654,503.6734693877551,113.44444444444443,10
80,Christian Wood,Los Angeles Lakers,F,59,133,22,51,477.0,11,14,450.0,4,19,225.0,6,28,34,6,12,5,5,2,-14,99,93,65,40,153.90277777777777,54.402777777777786,4.625,2.4444444444444446,305.125,285.0,156.7777777777778,76.27777777777777,10
81,Chuma Okeke,Orlando Magic,PF,2,40,0,6,0.0,2,2,100.0,0,5,0.0,0,5,5,2,2,2,3,0,-23,9,7,4,7,3.579081632653062,2.9770408163265305,1.4770408163265305,0.007653061224489796,7.5688775510204085,6.846938775510203,3.346938775510204,5.408163265306121,6
82,Clint Capela,Atlanta Hawks,C,124,267,54,91,616.4,16,30,402.9,0,1,0.0,48,63,111,20,16,8,11,19,63,255,235,144,131,35.289859235851765,40.924159724217176,14.485492674518818,0.0,147.72392990519964,91.70726802642918,53.08991669060615,93.62625682275208,10
83,Coby White,Chicago Bulls,PG,167,359,59,159,377.2,28,32,776.7,21,65,335.1,8,33,41,43,26,4,18,2,-43,251,208,210,84,171.7543252595156,23.479046520569007,91.80276816608996,10.131872356785852,336.1111111111112,219.01191849288733,285.56401384083046,118.57131872356786,10
84,Cody Martin,Charlotte Hornets,SF,69,285,28,76,367.2,6,7,250.0,7,30,228.2,6,44,50,42,15,11,20,7,-28,161,119,111,92,111.0,28.18685121107267,64.68512110726644,2.6816608996539792,183.02076124567472,112.9515570934256,173.33217993079583,100.60899653979239,10
85,Cody Zeller,New Orleans Pelicans,C,7,31,3,6,200.0,1,2,50.0,0,0,0.0,5,10,15,3,5,2,3,0,14,25,22,10,18,3.2091836734693877,5.25,3.494897959183673,0.0,19.08673469387755,12.673469387755102,6.408163265306122,11.959183673469386,5
86,Colby Jones,Sacramento Kings,G,6,25,3,10,116.6,0,0,0.0,0,2,0.0,3,4,7,5,4,0,1,0,-3,18,13,11,12,4.361111111111112,6.11111111111111,1.9236111111111107,0.0,27.673611111111107,17.75,9.8125,12.50694444444444,4
87,Cole Anthony,Orlando Magic,PG,129,216,49,99,478.1,9,13,400.0,22,46,403.6,9,34,43,22,10,5,10,6,54,194,172,151,65,404.33673469387753,36.125,32.298469387755105,29.171556122448976,814.1326530612245,608.0331632653061,565.9005102040817,112.95918367346938,10
88,Cole Swider,Miami Heat,F,19,44,6,16,104.7,2,2,100.0,5,13,116.7,0,5,5,1,1,0,4,0,-18,25,24,20,6,138.72853185595568,2.1246537396121883,0.9085872576177286,12.346260387811634,164.49861495844877,167.8725761772853,135.1218836565097,3.2659279778393344,5
89,Colin Castleton,Los Angeles Lakers,C,0,6,0,1,0.0,0,0,0.0,0,0,0.0,0,1,1,0,3,1,1,0,-4,1,1,0,1,0.017777777777777778,0.6400000000000001,0.0,0.0,0.44444444444444453,0.44444444444444453,0.017777777777777778,0.6400000000000001,1
90,Collin Gillespie,Denver Nuggets,G,53,125,19,43,306.4,4,7,200.0,11,25,283.3,0,15,15,18,12,7,9,0,24,86,68,71,33,238.65306122448976,12.938775510204083,37.51020408163265,15.224489795918364,396.7244897959184,276.5,332.3265306122449,77.0,8
91,Collin Sexton,Utah Jazz,PG,229,339,91,167,548.4,31,37,793.3,16,43,312.4,9,20,29,62,19,10,25,3,-87,320,258,291,91,91.53014072673805,26.902541482881748,51.603024574669185,24.555345515647975,206.60323461457676,160.52888048729255,135.21003990758246,80.90002100399076,10
92,Corey Kispert,Washington Wizards,SF,150,340,56,116,480.7,11,23,383.3,27,67,402.40000000000003,4,30,34,15,24,10,13,3,-61,199,184,165,49,232.27777777777777,100.47199265381084,10.949954086317723,18.107438016528924,491.0495867768595,471.0325987144169,233.93480257116622,129.78191000918272,10
93,Cory Joseph,Golden State Warriors,PG,27,71,10,16,316.7,0,0,0.0,7,11,316.7,2,9,11,6,6,0,1,0,9,44,38,33,17,31.2,10.8,2.8000000000000003,3.2,28.8,47.2,21.2,5.2,5
94,Craig Jr. Porter,Cleveland Cavaliers,G,64,136,27,52,425.3,5,6,300.0,5,12,175.0,6,17,23,24,4,3,8,2,-29,111,87,88,47,343.30625,40.1,18.799999999999997,9.399999999999999,668.70625,551.50625,446.90625,72.5,10
95,D'Angelo Russell,Los Angeles Lakers,PG,203,358,68,159,405.9,28,32,750.0,39,89,403.7,7,34,41,74,23,12,24,4,39,318,244,277,115,1208.1868622448978,30.003188775510203,105.72704081632654,61.561224489795926,1993.4413265306123,1451.8367346938776,1712.1715561224491,173.3501275510204,10
96,D.J. Carton,Toronto Raptors,G,8,31,2,7,83.3,3,4,150.0,1,4,50.0,2,1,3,3,1,1,1,0,-30,14,11,11,6,8.666666666666668,2.0,2.0,0.6666666666666667,8.666666666666666,2.6666666666666665,18.666666666666668,0.0,3
97,D.J. Wilson,Philadelphia 76ers,F,10,14,4,6,66.7,0,0,0.0,2,2,100.0,1,1,2,2,1,0,0,2,4,14,12,12,4,19.75308641975309,0.7901234567901234,0.7901234567901234,0.7901234567901234,38.71604938271605,28.444444444444443,28.444444444444443,3.1604938271604937,1
98,DaQuan Jeffries,New York Knicks,SG,0,7,0,2,0.0,0,0,0.0,0,2,0.0,0,0,0,3,0,0,1,0,7,3,0,3,3,0.6400000000000001,0.0,4.840000000000001,0.07111111111111111,1.9599999999999997,0.6400000000000001,1.9599999999999997,4.840000000000001,1
99,Daishen Nix,Minnesota Timberwolves,SG,5,5,2,3,66.7,0,0,0.0,1,2,50.0,0,0,0,0,1,1,0,0,6,5,5,5,0,9.0,0.0,0.08163265306122448,0.32653061224489793,7.367346938775511,9.0,7.367346938775511,0.08163265306122448,1
100,Dalano Banton,Portland Trail Blazers,G,195,343,73,174,422.8,25,28,850.0,24,73,332.8,9,43,52,38,15,15,31,7,-150,285,247,233,90,660.166015625,71.353515625,74.79931640625,20.5390625,1316.45556640625,879.0,1076.08447265625,167.68994140625,10
101,Dalen Terry,Chicago Bulls,F,37,146,16,34,317.8,2,4,100.0,3,14,158.3,8,19,27,19,13,5,6,3,27,83,64,56,46,136.11712247324613,42.162901307966706,24.98038049940547,2.1076099881093935,324.2627824019025,264.4143876337693,160.423305588585,102.68549346016647,10
102,Damian Jones,Cleveland Cavaliers,C,59,124,23,38,577.9,13,15,650.0,0,6,0.0,14,24,38,4,14,4,7,7,-35,101,97,63,42,166.19381688466112,69.50772889417361,2.4233055885850177,0.0,317.4447086801427,300.4625445897741,166.71462544589775,88.3923900118906,10
103,Damian Lillard,Milwaukee Bucks,PG,238,369,82,186,434.9,38,43,888.0,36,90,399.3,4,43,47,90,21,6,20,3,36,375,285,328,137,693.7777777777778,14.85116598079561,93.57544581618654,33.213305898491086,1092.4567901234568,707.9869684499314,1089.4766803840878,97.19753086419753,10
104,Daniel Gafford,Dallas Mavericks,C,129,245,58,73,784.2,13,20,358.4,0,0,0.0,26,49,75,23,31,10,10,25,108,227,204,152,98,353.56944444444446,99.84444444444443,29.0,0.0,715.725,620.425,452.0694444444444,125.64444444444445,10
105,Daniel Theis,LA Clippers,C,44,135,19,38,427.5,3,3,200.0,3,8,200.0,11,21,32,12,18,1,7,9,14,88,76,56,44,135.03591682419662,26.27693761814745,9.965973534971644,4.183364839319471,226.83270321361056,198.32230623818526,160.36672967863893,39.42249527410208,10
106,Danilo Gallinari,Milwaukee Bucks,PF,28,105,9,23,350.0,9,10,275.0,1,11,100.0,3,6,9,9,7,2,3,1,-43,46,37,37,18,84.24417009602195,4.939643347050755,12.972565157750342,1.6310013717421123,98.74622770919068,99.64197530864199,81.65569272976681,19.60493827160494,10
107,Dante Exum,Dallas Mavericks,G,72,206,25,49,479.1,8,9,366.7,14,23,506.7,2,17,19,26,15,2,11,0,34,117,91,98,45,214.0,13.066840277777779,18.40625,16.40017361111111,205.02517361111111,189.98350694444446,231.90625,28.608506944444446,10
108,Danuel House Jr.,Philadelphia 76ers,SF,42,143,14,30,276.3,13,15,466.7,1,11,33.3,6,11,17,7,16,7,3,3,-26,66,59,49,24,42.0,11.714285714285715,8.0,0.8571428571428572,41.714285714285715,51.714285714285715,40.0,11.714285714285715,7
109,Dario Saric,Golden State Warriors,PF,28,107,12,33,298.3,2,3,100.0,2,17,83.3,6,15,21,18,5,0,13,0,-31,67,49,46,39,52.0,27.193877551020407,15.673469387755102,2.1224489795918364,146.1326530612245,98.90816326530613,72.53061224489795,69.56122448979592,10
110,Darius Garland,Cleveland Cavaliers,PG,148,335,58,142,408.5,12,16,750.0,20,68,242.8,8,29,37,79,18,9,24,1,5,264,185,227,116,341.5872077398549,32.33566245632895,107.46600376242945,38.386992743886054,673.8715399086267,402.6511690405805,582.8140284869659,169.79521633969364,10
111,David Roddy,Phoenix Suns,F,61,130,25,53,522.0,6,10,241.7,5,20,143.3,4,15,19,11,5,1,10,0,-72,91,80,72,30,434.70624999999995,52.95625,19.3,9.25625,841.0,668.0999999999999,589.1062499999999,90.75625000000001,10
112,Davion Mitchell,Sacramento Kings,PG,61,171,25,49,430.5,4,6,125.0,7,18,291.7,5,12,17,17,9,5,6,0,5,95,78,78,34,245.11157024793394,18.779155188246097,12.188246097337007,10.277777777777777,327.0,309.2488521579431,248.1730945821855,45.65702479338843,10
113,Davis Bertans,Charlotte Hornets,SF,72,218,23,66,314.8,8,8,300.0,18,55,299.1,0,16,16,7,14,7,7,4,-101,95,88,79,23,306.68512110726647,20.425990003844678,4.141868512110727,23.925413302575933,371.6774317570165,348.3752402921953,330.4532871972319,24.101883890811227,10
114,Day'Ron Sharpe,Brooklyn Nets,C,62,131,26,47,645.1,10,17,308.3,0,2,0.0,27,29,56,10,22,2,16,5,6,128,118,72,66,119.60887279311905,218.47985513807154,10.765052059755545,0.040742417383431415,455.84789497510184,375.741964689905,160.2091444092349,268.7505658669081,10
115,De'Aaron Fox,Sacramento Kings,PG,228,360,80,195,418.7,41,49,757.2,27,77,361.7,13,47,60,63,29,26,28,5,56,351,288,291,123,128.18603515625,21.29150390625,91.197265625,12.33447265625,240.759765625,193.4140625,171.15087890625,116.86962890625,10
116,De'Andre Hunter,Atlanta Hawks,SF,167,317,60,138,428.3,22,26,690.0,25,70,349.1,6,37,43,20,20,5,13,2,31,230,210,187,63,428.56944444444446,127.31111111111109,13.11111111111111,26.900000000000002,618.4694444444444,684.1361111111112,369.125,134.2,10
117,De'Anthony Melton,Philadelphia 76ers,SG,23,43,7,20,75.0,4,4,200.0,5,14,75.0,0,5,5,5,3,2,1,1,-2,33,28,28,10,128.66666666666666,2.666666666666667,2.666666666666667,8.666666666666666,206.0,164.66666666666669,164.66666666666669,10.666666666666668,3
118,DeAndre Jordan,Denver Nuggets,C,43,97,19,32,578.5,5,5,300.0,0,0,0.0,13,27,40,7,13,1,4,4,-21,90,83,50,47,146.5,88.822265625,10.40625,0.0,430.212890625,375.447265625,175.40625,125.087890625,10
119,DeJon Jarreau,Memphis Grizzlies,F,43,150,17,50,308.3,5,11,250.0,4,13,141.7,8,36,44,26,14,6,9,2,-24,113,87,69,70,76.7264542936288,86.79293628808864,45.03047091412742,4.227146814404432,333.22991689750694,155.72853185595568,160.56024930747924,225.49099722991687,9
120,DeMar DeRozan,Chicago Bulls,SF,249,368,85,180,466.3,73,89,831.5,6,25,190.0,4,38,42,50,17,14,23,7,25,341,291,299,92,343.21301775147924,42.963313609467455,56.00236686390533,4.515976331360947,518.0532544378699,449.88284023668643,435.2698224852071,75.0792899408284,10
121,Dean Wade,Cleveland Cavaliers,PF,46,178,15,35,260.2,5,7,216.7,11,31,233.4,4,27,31,7,8,3,1,9,-23,84,77,53,38,468.50000000000006,35.125,6.125,31.525000000000006,718.8,714.725,466.12499999999994,47.699999999999996,10
122,Deandre Ayton,Portland Trail Blazers,C,219,335,102,167,609.9,14,18,350.0,1,4,100.0,38,89,127,13,16,7,22,8,-47,359,346,232,140,622.8801652892562,190.5,6.338842975206611,0.9008264462809916,1330.7851239669424,1402.925619834711,574.6487603305785,172.9297520661157,10
123,Dejounte Murray,Atlanta Hawks,SG,254,374,97,221,454.3,21,27,568.9,39,104,388.4,8,52,60,98,19,22,33,3,32,412,314,352,158,758.4125910509886,46.5098855359001,74.0,32.7684703433923,771.407388137357,858.7622268470343,669.4448491155047,122.12278876170656,10
124,Delon Wright,Miami Heat,SG,51,214,17,50,360.0,11,14,283.3,6,20,225.0,4,16,20,26,7,13,1,2,24,97,71,77,46,161.46267361111114,13.111111111111109,30.7890625,6.6640625,240.90277777777783,178.04600694444446,227.90277777777777,40.31684027777778,10
125,Deni Avdija,Washington Wizards,SF,177,361,68,133,516.9,29,43,678.7,12,37,304.1,17,81,98,41,23,9,22,4,-38,316,275,218,139,88.55671077504725,78.6351606805293,52.02079395085066,8.933837429111533,346.98771266540643,226.80245746691872,180.4962192816635,158.90170132325142,10
126,Dennis Schroder,Brooklyn Nets,PG,146,336,54,138,377.3,16,18,625.0,22,56,422.79999999999995,8,28,36,58,20,7,25,5,-58,240,182,204,94,424.4703433922997,24.620187304890738,39.605098855359,29.60041623309053,626.4396462018731,512.1394380853278,550.4375650364204,52.558272632674296,10
127,Dennis Smith Jr.,Brooklyn Nets,PG,58,167,21,46,487.1,8,11,383.3,8,22,348.3,5,13,18,28,22,16,11,0,3,104,76,86,46,77.6111111111111,18.0,40.2890625,4.1640625,180.69184027777777,138.27777777777777,111.77517361111111,66.5390625,10
128,Dereck II Lively,Dallas Mavericks,C,94,185,45,59,763.7,4,11,150.0,0,0,0.0,16,46,62,8,15,5,6,12,19,164,156,102,70,346.85795656817373,62.07903168387326,9.641153435386258,0.0,653.4474902100392,555.813456746173,431.41117835528655,84.80099679601281,10
129,Derrick Jones Jr.,Dallas Mavericks,SF,73,212,27,55,537.3,12,18,433.4,7,21,223.3,10,17,27,10,11,4,7,2,72,110,100,83,37,76.33174791914388,54.157550535077284,10.047562425683711,8.229488703923899,176.16706302021402,139.57253269916765,105.03091557669441,72.10047562425683,10
130,Derrick Rose,Memphis Grizzlies,PG,49,95,20,37,377.7,5,6,266.7,4,8,233.3,0,15,15,21,3,1,9,0,-9,85,64,70,36,70.0,14.857142857142858,12.0,3.7142857142857144,188.85714285714286,116.85714285714286,128.0,40.857142857142854,7
131,Derrick White,Boston Celtics,PG,185,359,65,144,462.0,18,20,655.6,37,89,411.09999999999997,10,55,65,61,21,9,14,12,101,311,250,246,126,202.03729334871204,64.11111111111111,66.93233371780084,36.445597846981926,516.2241445597848,342.4359861591696,324.1522491349481,182.71664744329104,10
132,Desmond Bane,Memphis Grizzlies,SG,93,165,30,80,183.4,19,21,366.7,14,40,172.9,2,14,16,34,14,5,13,2,-54,143,109,127,50,267.2,8.8,114.79999999999998,4.8,701.1999999999999,362.8,587.2,142.0,5
133,Devin Booker,Phoenix Suns,SG,266,348,99,195,494.1,43,49,867.8,25,73,280.4,11,42,53,73,33,4,23,6,10,392,319,339,126,1156.6538351048548,48.10025854639471,88.36512496409077,62.87991956334386,1180.5446710715312,1107.1378914105142,1185.9411088767597,180.5848893995978,10
134,Devin Vassell,San Antonio Spurs,SG,193,373,77,163,440.2,18,21,691.7,21,61,312.3,0,33,33,47,16,12,18,1,-43,273,226,240,80,806.4410104810535,25.71969900564364,52.6495565708143,24.90217683418436,1079.5020155872078,846.0,1027.3222252082774,90.99005643644182,10
135,Devonte' Graham,San Antonio Spurs,PG,23,54,8,18,208.3,1,1,100.0,6,15,220.0,0,10,10,4,3,2,3,0,13,37,33,27,14,57.70408163265306,1.6734693877551021,6.6938775510204085,4.0,85.13265306122449,61.62244897959184,83.90816326530611,5.673469387755103,6
136,Dillon Brooks,Houston Rockets,SF,112,282,43,105,388.3,12,13,350.0,14,58,289.2,4,26,30,18,30,6,13,2,78,160,142,130,48,480.13134765625,22.70556640625,23.65625,12.83837890625,683.119140625,525.509765625,605.34228515625,78.76025390625,10
137,Domantas Sabonis,Sacramento Kings,PF,164,359,57,114,515.4,48,63,755.8,2,9,133.3,36,107,143,76,29,6,33,8,33,383,307,240,219,213.24380165289259,72.12350780532599,71.44168962350781,1.6772268135904502,325.01652892561987,388.2984389348027,145.02708907254367,148.5,10
138,Dominick Barlow,San Antonio Spurs,F,57,150,21,38,506.6,15,18,416.6,0,1,0.0,19,22,41,15,19,4,4,3,10,113,98,72,56,290.46020761245677,81.13667820069205,45.74567474048443,0.0,715.5397923875432,590.5,425.3581314878893,117.0242214532872,10
139,Donovan Mitchell,Cleveland Cavaliers,SG,199,342,58,149,380.0,50,57,812.8,33,79,406.9,3,37,40,54,23,12,28,3,-47,293,239,253,94,722.7777777777778,32.01111111111111,30.57777777777777,24.27777777777778,1054.1444444444444,945.3,829.3111111111111,64.9,10
140,Donte DiVincenzo,New York Knicks,SG,191,359,65,149,424.8,15,20,525.0,46,115,393.6,7,31,38,27,27,16,9,7,68,256,229,218,65,694.420585864015,32.80784735286213,14.57538296156947,56.40687987100242,896.9287825853265,879.6562751948402,709.3775866702499,49.69873689868315,10
141,Dorian Finney-Smith,Brooklyn Nets,PF,65,278,25,62,405.4,8,10,400.0,7,35,256.6,11,33,44,16,17,13,4,5,-82,125,109,81,60,166.68956924172304,28.42791028835885,9.117835528657885,7.240655037379851,216.19401922392314,196.18405126379494,193.21644713421148,31.028835884656463,10
142,Doug McDermott,Indiana Pacers,SF,51,134,19,45,320.8,1,2,50.0,12,37,223.6,1,8,9,9,11,3,4,0,1,69,60,60,18,255.12345679012347,9.108641975308641,10.91111111111111,17.72345679012346,341.0,278.7111111111111,317.70864197530864,19.723456790123457,10
143,Draymond Green,Golden State Warriors,PF,86,298,37,76,474.5,7,10,200.0,5,23,173.3,19,63,82,65,30,17,25,5,56,233,168,151,147,262.51025390625,49.625,99.04931640625,6.5390625,522.244140625,267.27587890625,451.712890625,214.43994140625,10
144,Drew Eubanks,Phoenix Suns,PF,46,153,19,29,615.0,8,9,380.0,0,0,0.0,13,29,42,8,17,3,6,10,20,96,88,54,50,66.41650390625,37.74853515625,13.60791015625,0.0,106.42822265625,97.666015625,68.447265625,58.087890625,10
145,Duncan Robinson,Miami Heat,F,140,313,50,109,440.0,8,9,350.0,32,85,334.3,3,32,35,28,26,7,16,4,-24,203,175,168,63,533.7392102846649,21.571166207529842,39.60146923783287,38.0,784.0578512396694,562.1000918273645,741.524334251607,75.34527089072543,10
146,Duop Reath,Portland Trail Blazers,C,88,190,35,73,385.1,8,8,400.0,10,33,220.0,7,24,31,10,23,5,9,5,-55,129,119,98,41,504.4384049899755,44.94920917799064,24.05569169079973,12.222766763198932,933.1096012474939,755.3813766985965,646.0619291601693,105.10960124749387,10
147,Dwight Powell,Dallas Mavericks,C,20,119,7,12,450.0,6,11,325.0,0,0,0.0,12,20,32,9,19,0,9,3,-9,61,52,29,41,48.081632653061234,106.16,12.231836734693879,0.0,319.694693877551,246.01306122448977,78.68897959183673,161.4661224489796,9
148,Dylan Windler,Atlanta Hawks,G,16,41,6,11,106.7,0,0,0.0,4,9,85.0,1,6,7,2,2,2,1,0,3,25,23,18,9,79.80325443786984,6.946745562130177,2.75,5.755917159763313,120.77514792899407,109.29437869822485,83.74556213017752,17.235207100591715,3
149,Dylan Windler,Los Angeles Lakers,G,3,14,1,4,25.0,0,0,0.0,1,4,25.0,0,1,1,2,1,0,0,0,-7,6,4,5,3,7.920118343195265,2.3491124260355023,0.5,0.6065088757396448,8.260355029585797,12.298816568047336,5.80473372781065,0.9260355029585796,2
150,Dyson Daniels,New Orleans Pelicans,G,49,200,21,41,394.7,1,2,50.0,6,17,283.3,12,20,32,24,14,18,13,8,14,105,81,73,56,132.9111111111111,36.71111111111111,32.57777777777778,4.5777777777777775,272.77777777777777,183.8,174.6,116.57777777777778,10
151,Emoni Bates,Cleveland Cavaliers,F,16,23,6,12,102.9,0,2,0.0,4,8,100.0,0,1,1,1,0,0,1,0,-3,18,17,17,2,22.765432098765434,0.8024691358024691,0.5061728395061729,2.617283950617284,28.888888888888893,26.58024691358024,25.98765432098765,0.3950617283950617,2
152,Eric Gordon,Phoenix Suns,SG,78,226,29,66,378.7,2,2,200.0,18,45,365.9,1,13,14,17,13,7,5,3,21,109,92,95,31,449.0280086180363,6.5183133271775935,18.18005540166205,26.073253308710374,505.2874730686365,388.7491535857187,564.9716835949523,25.29301323484149,10
153,Eugene Omoruyi,Washington Wizards,F,39,106,17,38,391.3,5,10,200.0,0,6,0.0,7,13,20,7,18,7,5,1,-68,66,59,46,27,94.91836734693878,9.033163265306124,6.798469387755102,0.012755102040816325,87.34693877551021,71.67602040816327,106.89030612244898,19.530612244897956,10
154,Evan Fournier,Detroit Pistons,SG,76,219,27,80,317.4,11,14,366.7,11,46,229.3,1,17,18,21,17,11,8,2,-44,115,94,97,39,315.3705621301775,13.601331360946746,28.40902366863905,12.91198224852071,433.5628698224852,405.4437869822485,335.0,50.5,10
155,Evan Mobley,Cleveland Cavaliers,PF,161,293,62,105,579.8,30,46,577.6,7,20,325.0,19,71,90,44,24,9,13,11,-21,295,251,205,134,388.92111029948865,178.57414170927683,74.88677867056245,6.579254930606282,814.1278305332359,772.2403214024836,349.7479912344777,334.5215485756026,10
156,Frank Ntilikina,Charlotte Hornets,PG,5,39,1,8,50.0,2,2,100.0,1,7,50.0,1,4,5,3,4,0,0,0,0,13,10,8,8,19.0,7.0,6.84,0.7600000000000002,24.439999999999998,14.0,18.64,24.640000000000004,4
157,Franz Wagner,Orlando Magic,SF,162,306,60,118,512.2,37,43,873.6,5,30,140.0,9,35,44,33,26,11,13,2,53,239,206,195,77,129.52869897959187,48.58418367346939,20.314413265306122,5.651147959183674,313.2474489795918,291.2174744897959,147.5612244897959,72.89604591836735,10
158,Fred VanVleet,Houston Rockets,PG,171,353,60,141,446.79999999999995,18,20,585.7,33,84,388.7,3,32,35,85,29,19,20,10,56,291,206,256,120,680.4064923872451,20.621373168629706,117.35047400172364,58.139327779373744,671.5544383797759,712.8830795748348,616.9014650962367,160.14823326630278,10
159,Furkan Korkmaz,Philadelphia 76ers,SG,41,116,13,29,278.6,7,10,241.7,8,18,258.3,3,12,15,12,6,3,2,2,22,68,56,53,27,292.875,14.875,10.0,20.0,404.0,340.0,363.875,17.875,8
160,GG Jackson,Memphis Grizzlies,F,182,334,59,136,420.0,35,42,873.2,29,79,347.6,10,34,44,20,16,5,19,3,-119,246,226,202,64,568.6766998118785,30.48427841977963,24.970169309325446,39.28056973931739,638.5831765654394,637.6285944638537,570.2031711905402,54.88255845202902,10
161,Gabe Vincent,Los Angeles Lakers,PG,2,14,1,4,25.0,0,0,0.0,0,2,0.0,0,1,1,1,2,1,1,0,-1,4,3,3,2,0.0,0.0,0.0,0.0,0.0,0.0,0.0,0.0,1
162,Garrett Temple,Toronto Raptors,SF,35,93,12,22,350.0,5,6,250.0,6,13,200.0,4,15,19,10,10,6,2,1,-12,64,54,45,29,130.6096,18.8464,11.3344,8.0,227.4336,200.2336,145.15040000000002,42.84,6
163,Garrison Mathews,Atlanta Hawks,SG,90,194,27,54,496.7,15,17,263.3,21,42,473.5,0,14,14,13,22,3,2,3,2,117,104,103,27,444.6374401612497,10.401612496850593,13.539178634416732,27.69387755102041,626.8649533887628,546.5270849080373,507.4716553287982,41.444444444444436,10
164,Gary Harris,Orlando Magic,SG,75,244,27,57,510.3,7,10,325.0,14,37,444.2,3,12,15,6,16,7,9,2,-7,96,90,81,21,119.0,10.589481373265155,4.7377647918188455,2.404674945215486,214.89116143170196,175.64353542731922,147.89992695398098,25.674945215485756,10
165,Gary Payton II,Golden State Warriors,SG,38,149,17,30,526.6,2,4,100.0,2,6,200.0,9,11,20,15,17,7,6,5,-2,73,58,53,35,79.95918367346938,54.0,36.65625,1.6460459183673473,183.4011479591837,85.95918367346938,95.40114795918367,172.65625,10
166,Gary Trent Jr.,Toronto Raptors,SG,223,329,82,180,466.8,27,30,663.3,32,86,371.0,7,28,35,21,16,13,5,1,-116,279,258,244,56,502.0846536894523,16.90855590765052,26.961973743775463,34.295156179266634,472.83884110457234,547.2258940697149,434.37935717519247,37.18877320054323,10
167,Georges Niang,Cleveland Cavaliers,SF,137,286,50,97,508.1,8,8,300.0,29,61,468.1,2,30,32,11,26,5,15,3,-1,180,169,148,43,363.40625,31.884765625,6.91650390625,27.65625,276.14697265625,294.650390625,325.43994140625,58.26416015625,10
168,Giannis Antetokounmpo,Milwaukee Bucks,PF,304,373,116,197,596.3,69,106,607.9,3,16,116.6,35,96,131,71,29,9,37,10,-8,506,435,375,202,226.5,203.384,86.26400000000001,2.244,774.5,567.524,401.12399999999997,322.00000000000006,10
169,Goga Bitadze,Orlando Magic,C,32,108,13,23,546.7,6,10,283.3,0,3,0.0,11,15,26,9,12,2,9,9,-9,67,58,41,35,47.199999999999996,63.34444444444445,9.3,0.0,226.77777777777777,172.14444444444445,73.30000000000001,101.17777777777778,10
170,Gordon Hayward,Oklahoma City Thunder,SF,55,174,17,39,403.8,12,18,400.0,9,17,400.0,5,14,19,17,10,4,5,0,-24,91,74,72,36,136.6301775147929,30.9378698224852,22.251479289940832,8.985207100591717,265.6360946745562,200.0,181.01775147928996,74.43786982248521,10
171,Gradey Dick,Toronto Raptors,G,130,311,49,118,391.2,15,19,604.7,17,51,328.0,3,18,21,20,17,7,17,2,-135,171,151,150,41,345.62620149519404,25.16945532217871,36.40655037379851,16.381986472054113,479.99679601281593,425.5745817016732,383.6589533641865,77.96546813812745,10
172,Grant Williams,Charlotte Hornets,PF,145,285,57,110,514.1,15,22,516.7,16,48,374.5,16,35,51,27,27,6,16,4,-81,223,196,172,78,314.7663495838288,37.18549346016647,26.434007134363853,6.401902497027349,547.0041617122473,470.4286563614744,358.1242568370987,96.8370986920333,10
173,Grayson Allen,Phoenix Suns,SG,156,325,56,102,555.5,13,16,491.7,31,68,376.9,5,26,31,34,14,8,10,4,49,221,187,190,65,549.7530864197531,49.97959183673469,32.95187704711514,69.28117913832199,692.4053917863441,542.939027462837,680.4756865709246,101.67523305618543,10
174,Gui Santos,Golden State Warriors,F,41,109,14,26,422.5,8,9,350.0,5,10,300.0,9,21,30,9,15,2,5,2,6,80,71,50,39,150.89440000000002,120.4816,15.6864,4.2224,553.3056,480.9664,174.04,185.3616,9
175,Harrison Barnes,Sacramento Kings,SF,144,301,52,114,449.0,19,24,550.0,21,52,323.6,10,27,37,15,10,3,10,1,7,196,181,159,52,376.96097337006427,26.162075298438936,10.830578512396695,47.157943067033976,422.2777777777778,358.32047750229566,431.63177226813593,46.2791551882461,10
176,Harry III Giles,Brooklyn Nets,F,8,8,3,6,50.0,1,2,50.0,1,1,100.0,2,2,4,2,3,0,0,0,-12,14,12,10,6,49.0,11.430839002267573,3.4489795918367347,0.8185941043083901,149.7709750566893,107.76417233560092,78.44897959183675,27.43764172335601,1
177,Harry III Giles,Los Angeles Lakers,F,2,10,1,4,100.0,0,0,0.0,0,2,0.0,0,1,1,0,0,1,0,0,-15,3,3,2,1,2.0,0.528344671201814,0.04081632653061224,0.018140589569160995,4.63718820861678,4.528344671201814,2.0408163265306123,0.6371882086167799,2
178,Haywood Highsmith,Miami Heat,F,79,203,30,55,440.6,2,7,83.3,17,30,366.6,9,25,34,12,12,4,3,1,12,125,113,91,46,559.9795918367347,40.49298469387755,9.814413265306122,34.18622448979592,933.765306122449,873.90625,603.15625,66.98979591836735,10
179,Herbert Jones,New Orleans Pelicans,SF,105,340,34,75,434.5,23,26,700.0,14,39,309.4,8,26,34,34,32,19,11,13,-6,173,139,139,68,184.90277777777777,26.425,11.202777777777778,13.025,268.76944444444445,230.24444444444447,206.9111111111111,54.144444444444446,10
180,Hunter Tyson,Denver Nuggets,F,0,7,0,3,0.0,0,0,0.0,0,3,0.0,0,1,1,0,1,0,2,0,-1,1,1,0,1,9.765625,0.5625,0.09765625,0.390625,7.22265625,5.640625,11.81640625,0.19140625,1
181,I. Thomas,Phoenix Suns,G,5,8,2,4,50.0,0,0,0.0,1,2,50.0,0,0,0,1,0,0,0,0,1,6,5,6,1,6.25,0.0,0.0,0.25,6.25,6.25,6.25,0.0,1
182,Ibou Badji,Portland Trail Blazers,C,10,41,4,5,250.0,2,4,100.0,0,0,0.0,2,4,6,4,8,0,5,3,-33,20,16,14,10,15.650969529085874,6.0,4.171745152354571,0.0,37.529085872576175,34.80886426592798,21.42382271468144,7.119113573407203,4
183,Immanuel Quickley,Toronto Raptors,SG,195,364,68,158,420.7,33,45,597.2,26,77,328.3,2,55,57,88,17,11,26,3,-71,340,252,283,145,477.0639999999999,39.496,197.456,20.976,930.7840000000001,541.9359999999999,785.464,317.4,10
184,Isaac Okoro,Cleveland Cavaliers,SF,77,302,30,77,385.0,5,8,175.0,12,39,341.7,9,17,26,16,25,7,12,2,-61,119,103,93,42,146.02391830153184,42.82665950013437,18.45202902445579,7.724267669981188,376.6113947863478,278.773179252889,219.36011824778285,85.7807041117979,10
185,Isaiah Hartenstein,New York Knicks,C,112,242,47,64,758.6,18,24,551.4,0,0,0.0,30,52,82,31,30,11,11,12,122,225,194,143,113,225.31632653061223,106.39604591836735,16.908163265306122,0.0,394.7582908163265,338.5746173469388,238.06122448979593,166.74298469387756,10
186,Isaiah Jackson,Indiana Pacers,SF,85,168,34,50,761.0,17,25,608.3,0,1,0.0,21,30,51,10,21,9,6,10,17,146,136,95,61,254.25519848771268,188.5264650283554,30.231568998109644,0.0,854.0756143667295,700.5718336483932,318.4773156899811,308.0396975425331,10
187,Isaiah Joe,Oklahoma City Thunder,SG,81,184,28,65,420.1,4,4,200.0,21,46,435.5,2,19,21,15,11,3,5,1,7,117,102,96,36,202.125,7.0,28.599999999999998,13.444444444444445,403.12499999999994,251.625,340.425,48.8,10
188,Isaiah Mobley,Cleveland Cavaliers,F,5,33,2,7,58.3,0,0,0.0,1,4,25.0,0,4,4,2,2,0,0,0,-1,11,9,7,6,0.6799999999999997,10.880000000000003,0.72,0.6800000000000002,13.32,9.0,2.1199999999999997,14.479999999999999,2
189,Isaiah Stewart,Detroit Pistons,C,106,319,40,71,587.7,10,12,516.7,16,38,409.0,10,48,58,12,11,4,10,10,-48,176,164,118,70,131.47520661157026,49.603305785123965,9.603305785123966,12.764462809917354,245.47520661157023,193.27685950413223,178.88016528925618,64.0,10
190,Ish Smith,Charlotte Hornets,PG,18,181,8,34,236.0,0,0,0.0,2,2,200.0,1,19,20,41,16,5,6,1,-90,79,38,59,61,54.36000000000001,24.0,78.09,1.5600000000000003,170.49,69.16000000000001,134.09,123.69,9
191,Ish Wainright,Phoenix Suns,F,3,11,1,6,16.7,0,0,0.0,1,4,25.0,3,2,5,1,1,1,1,0,-3,9,8,4,6,6.25,17.361111111111114,0.6944444444444445,0.6944444444444445,56.25,44.44444444444445,11.111111111111112,25.0,1
192,Ivica Zubac,LA Clippers,C,112,278,45,65,736.1,22,25,575.0,0,0,0.0,27,61,88,14,24,7,11,14,-2,214,200,126,102,278.8623958632577,55.015800057454754,6.416546969261706,0.0,489.6575696638897,456.13731686297047,291.08876759551856,82.72622809537489,10
193,JT Thor,Charlotte Hornets,F,21,85,8,16,358.3,1,2,50.0,4,10,250.0,1,11,12,6,6,0,2,4,15,39,33,27,18,47.0,9.625,4.706249999999999,4.90625,80.15625,76.325,51.65625,13.50625,10
194,JaVale McGee,Sacramento Kings,C,23,49,11,19,355.0,0,3,0.0,1,2,100.0,5,10,15,1,6,2,1,0,-4,39,38,24,16,74.62809917355372,14.652892561983467,0.8760330578512395,0.8760330578512395,124.70247933884295,127.0495867768595,76.19834710743801,11.611570247933882,7
195,Jabari Smith Jr.,Houston Rockets,PF,147,291,50,106,475.1,27,31,916.7,20,49,354.1,14,56,70,11,27,9,13,7,46,228,217,158,81,439.4674744897959,118.11479591836735,6.961734693877551,20.20408163265306,669.5286989795918,653.65625,463.5082908163265,116.90816326530611,10
196,Jabari Walker,Portland Trail Blazers,F,96,266,37,72,499.6,15,22,673.4,7,18,300.0,15,47,62,17,30,6,6,0,-87,175,158,113,79,242.85952312553863,62.77219189887963,31.79632289571962,8.253088193047974,501.9359379488653,394.6590060327492,301.7566791151968,142.94829072105716,10
197,Jacob Gilyard,Brooklyn Nets,G,0,11,0,2,0.0,0,0,0.0,0,2,0.0,0,0,0,1,2,1,0,0,0,1,0,1,1,14.761772853185596,0.6232686980609419,3.792243767313019,1.3407202216066483,43.28254847645429,21.451523545706372,33.51800554016621,7.490304709141275,1
198,Jacob Gilyard,Memphis Grizzlies,G,67,192,23,49,431.8,1,1,100.0,20,42,431.8,1,13,14,39,10,9,12,2,-59,120,81,106,53,341.01385041551254,15.504155124653737,43.28808864265928,29.750692520775623,656.0166204986151,445.7479224376731,519.5041551246537,90.57063711911357,9
199,Jacob Toppin,New York Knicks,F,13,29,5,9,107.1,2,2,100.0,1,4,33.3,3,3,6,1,3,0,1,0,-18,20,19,14,7,78.05555555555556,8.722222222222221,0.5555555555555556,0.7222222222222223,130.22222222222223,136.55555555555554,72.5,8.5,2
200,Jaden Hardy,Dallas Mavericks,G,81,118,33,67,502.3,4,5,250.0,11,25,340.0,1,9,10,18,12,2,8,1,3,109,91,99,28,158.14773940904234,10.0,32.33819864720542,7.733357066571734,239.42506229975083,190.14773940904234,195.42506229975078,54.33819864720541,10
201,Jaden Ivey,Detroit Pistons,PG,148,310,54,139,396.2,27,34,721.7,13,52,240.1,6,28,34,44,25,8,27,5,-75,226,182,192,78,134.5,26.418367346938776,64.1734693877551,6.936862244897958,280.4183673469388,177.9183673469388,227.67346938775512,99.91836734693877,10
202,Jaden McDaniels,Minnesota Timberwolves,PF,121,302,49,112,428.4,9,16,332.1,14,48,262.9,13,33,46,10,31,11,11,6,3,177,167,131,56,499.1128728836335,36.916420317119055,12.268744961031981,16.456866433754367,534.4678849771567,555.3654931470035,473.8599838753023,53.54044611663531,10
203,Jaden Springer,Boston Celtics,G,60,176,22,52,413.7,13,14,575.0,3,18,183.3,13,18,31,17,21,13,10,4,-19,108,91,77,48,223.46260387811634,50.5,30.390581717451518,2.5886426592797784,669.220221606648,469.7520775623268,361.19390581717454,142.62742382271472,10
204,Jae Crowder,Milwaukee Bucks,PF,62,189,24,47,467.9,3,3,100.0,11,27,383.3,5,14,19,11,14,7,3,1,-1,92,81,73,30,90.71111111111111,10.524999999999999,9.125,8.944444444444445,122.81111111111113,130.63611111111112,82.4361111111111,20.1,10
205,Jae'Sean Tate,Houston Rockets,SF,39,131,17,32,440.5,3,5,150.0,2,7,133.3,8,19,27,7,15,5,14,5,6,73,66,46,34,90.36033163265307,20.125,6.247448979591836,1.6020408163265305,183.15114795918367,137.32461734693877,119.0797193877551,43.47959183673469,10
206,Jahmi'us Ramsey,Toronto Raptors,SG,47,120,18,41,306.3,5,6,175.0,6,22,183.3,4,18,22,8,10,7,7,0,-28,77,69,55,30,69.3801652892562,36.066115702479344,3.072314049586777,3.402892561983472,97.25413223140495,108.65289256198346,77.28719008264463,19.832644628099175,7
207,Jaime Jr. Jaquez,Miami Heat,G,104,291,39,86,430.4,18,25,616.7,8,25,244.89999999999998,9,40,49,27,20,12,9,3,3,180,153,131,76,399.9229968782518,41.14984391259105,22.292403746097815,7.839750260145682,373.75650364203955,369.74921956295526,390.9687825182102,76.40374609781477,10
208,Jake LaRavia,Memphis Grizzlies,F,124,287,37,105,349.59999999999997,30,38,543.9,20,55,349.4,22,23,45,19,20,11,14,1,-41,188,169,143,64,330.404,28.823999999999998,25.156,32.016000000000005,564.896,443.29999999999995,418.424,87.556,10
209,Jakob Poeltl,Toronto Raptors,C,122,251,55,101,543.9,12,20,491.7,0,0,0.0,39,53,92,31,28,10,11,19,35,245,214,153,123,161.8469387755102,127.67346938775509,30.387755102040813,0.0,516.704081632653,398.98979591836735,256.6224489795918,181.0,10
210,Jalen Brunson,New York Knicks,PG,329,336,125,251,498.4,46,56,734.1,33,85,408.0,5,27,32,63,13,10,20,2,144,424,361,392,95,1569.0097673082446,15.60183855214019,40.10025854639471,13.580293019247346,1358.5883366848607,1573.1361677678829,1351.6633151393278,58.50071818442976,10
211,Jalen Duren,Detroit Pistons,C,126,251,47,74,540.6,32,40,730.0,0,0,0.0,31,87,118,18,26,7,27,7,-39,262,244,144,136,477.17034568929614,326.393169512703,24.179925031236984,0.0,1658.0,1491.5268638067473,567.0870470637235,427.12952936276554,10
212,Jalen Green,Houston Rockets,SG,298,372,105,213,484.3,44,58,821.7,44,99,417.3,10,65,75,42,16,12,26,6,121,415,373,340,117,985.556640625,63.619140625,22.0,48.99462890625,1210.1015625,1199.3515625,972.931640625,108.994140625,10
213,Jalen HoodSchifino,Los Angeles Lakers,G,5,11,1,6,33.3,2,4,100.0,1,3,50.0,0,2,2,0,1,0,1,0,-13,7,7,5,2,9.0,0.9799999999999999,0.020000000000000004,0.8200000000000001,13.32,14.180000000000001,8.42,0.72,2
214,Jalen Johnson,Atlanta Hawks,SF,177,327,69,148,472.1,20,28,618.3,19,49,439.9,11,69,80,41,21,8,16,8,43,298,257,218,121,522.1591836734694,104.86530612244898,61.244897959183675,10.918367346938775,1224.0,826.6734693877552,826.4081632653061,259.1877551020408,10
215,Jalen McDaniels,Toronto Raptors,PF,45,152,20,51,340.6,4,6,166.7,1,15,50.0,5,22,27,10,15,6,15,2,-83,82,72,55,37,150.10000000000002,90.5,12.544444444444444,0.9,379.8777777777778,313.20000000000005,183.17777777777775,136.64444444444447,10
216,Jalen Pickett,Denver Nuggets,G,2,7,1,3,33.3,0,0,0.0,0,2,0.0,0,0,0,2,0,0,0,0,-1,4,2,4,2,1.1080332409972302,0.06925207756232686,1.1080332409972302,0.02493074792243767,3.3933518005540164,0.6232686980609419,4.432132963988921,0.6232686980609419,1
217,Jalen Slawson,Sacramento Kings,F,2,8,1,2,50.0,0,0,0.0,0,1,0.0,1,1,2,0,2,1,0,0,3,4,4,2,2,2.25,1.890625,0.0,0.0,8.265625,8.265625,2.25,1.890625,1
218,Jalen Smith,Indiana Pacers,PF,87,159,32,62,468.3,13,19,366.7,10,25,345.2,26,36,62,6,22,3,3,7,22,155,149,93,68,239.39871840512637,64.93342826628694,8.462798148807405,10.032039871840512,483.8700605197579,463.6934852260591,240.89035243859024,92.0811676753293,10
219,Jalen Suggs,Orlando Magic,SG,136,284,46,94,504.8,21,26,733.3,23,52,482.5,4,17,21,37,19,16,16,9,81,194,157,173,58,225.09077963688148,15.23495906016376,30.621217515129942,8.38198647205411,316.0477038091848,233.34104663581346,294.03310786756856,59.62050551797793,10
220,Jalen Williams,Oklahoma City Thunder,F,211,304,86,157,551.8,26,33,746.7,13,39,248.3,7,29,36,51,21,14,21,13,42,298,247,262,87,453.47112898592354,22.78655558747486,48.94369434070669,14.466819879345016,820.9652398735996,549.9974145360529,689.8988796322895,106.27032461936226,10
221,Jalen Wilson,Brooklyn Nets,F,42,124,16,35,513.3,7,9,300.0,3,12,158.3,6,16,22,8,7,0,4,0,37,72,64,50,30,89.79494482022072,29.081523673905302,7.711641153435386,2.3948024207903167,229.57137771448916,177.15129939480244,122.60163759344962,56.4065503737985,10
222,Jamal Cain,Miami Heat,F,12,37,3,9,125.0,4,4,200.0,2,4,150.0,2,3,5,6,5,1,3,1,11,23,17,18,11,8.366863905325443,3.828402366863905,5.591715976331361,1.0059171597633136,27.946745562130182,17.390532544378697,22.325443786982248,6.017751479289941,4
223,Jamal Murray,Denver Nuggets,PG,227,360,87,190,450.6,33,39,861.4,20,50,410.0,10,43,53,82,18,16,22,3,51,362,280,309,135,463.3490304709141,47.16481994459834,73.01523545706371,20.02770083102493,650.9362880886429,468.5,620.0124653739612,145.95290858725764,10
224,James Bouknight,Charlotte Hornets,SG,10,13,4,10,83.3,0,0,0.0,2,7,58.3,0,0,0,0,0,1,1,0,13,10,10,10,0,18.0,0.0,0.0,0.72,18.0,18.0,18.0,0.0,2
225,James Harden,LA Clippers,SG,124,358,41,110,374.0,25,29,880.0,17,61,248.7,7,41,48,100,14,13,25,5,-36,272,172,224,148,170.27777777777774,29.002777777777784,109.625,22.6,350.311111111111,192.93611111111105,360.40277777777777,105.87777777777778,10
226,James Johnson,Indiana Pacers,PF,4,12,1,4,33.3,2,2,100.0,0,1,0.0,0,0,0,2,3,0,1,1,-2,6,4,6,2,1.2800000000000002,0.0,0.32000000000000006,0.0,2.88,1.2800000000000002,2.88,0.32000000000000006,2
227,James Wiseman,Detroit Pistons,C,104,231,40,72,456.1,24,29,520.8,0,0,0.0,21,53,74,11,28,1,20,4,-92,189,178,115,85,411.3188775510204,94.18176020408163,16.921556122448976,0.0,865.125,741.8501275510205,528.5746173469388,117.12244897959184,10
228,Jamie Jr. Jaquez,Miami Heat,G,43,115,17,36,241.0,6,7,275.0,3,13,95.0,1,6,7,13,10,1,7,1,-16,63,50,56,20,57.276643990929706,5.204081632653061,9.33106575963719,1.2040816326530612,111.22222222222223,94.0453514739229,68.80725623582767,20.18140589569161,5
229,Jarace Walker,Indiana Pacers,F,38,147,14,37,382.2,2,2,100.0,8,19,300.0,4,25,29,19,11,5,6,5,26,86,67,57,48,131.93364197530866,52.11111111111111,59.902777777777786,8.674382716049383,509.08641975308643,310.50771604938274,266.9012345679012,175.625,10
230,Jared Butler,Washington Wizards,SG,71,219,29,71,413.0,7,7,400.0,6,28,170.10000000000002,4,19,23,47,20,9,24,3,-7,141,94,118,70,222.744,16.884,145.7,6.596,627.8,230.5,554.004,228.624,10
231,Jared Rhoden,Detroit Pistons,G,20,80,8,15,203.3,1,2,50.0,3,7,133.3,0,12,12,5,10,1,4,6,-22,37,32,25,17,40.800000000000004,11.200000000000001,6.3125,1.2000000000000002,77.3125,94.0,32.1125,9.5125,5
232,Jaren Jackson Jr.,Memphis Grizzlies,PF,209,326,75,176,414.5,46,61,749.6,13,44,291.0,17,37,54,33,39,17,29,18,-161,296,263,242,87,913.2255917159764,60.428994082840234,26.12130177514793,12.302514792899409,1132.625,1087.746301775148,956.5539940828403,88.10059171597634,10
233,Jarred Vanderbilt,Los Angeles Lakers,PF,68,142,26,42,412.7,13,17,375.0,3,5,166.7,12,22,34,12,8,16,11,2,23,114,102,80,46,111.33333333333334,59.333333333333336,18.0,3.5,362.0,274.0,157.33333333333334,119.33333333333334,6
234,Jarrett Allen,Cleveland Cavaliers,C,172,306,71,109,638.2,30,38,779.1,0,0,0.0,15,84,99,23,13,3,14,8,-66,294,271,195,122,286.40869140625,210.15625,22.212890625,0.0,812.84619140625,715.08837890625,322.02587890625,294.509765625,10
235,Jason Preston,Utah Jazz,G,4,25,2,6,66.6,0,0,0.0,0,0,0.0,2,4,6,7,1,0,1,0,10,17,10,11,13,1.2800000000000002,4.275555555555554,7.879999999999999,0.0,32.55555555555556,8.96888888888889,13.32,23.70222222222222,2
236,Javon Freeman-Liberty,Toronto Raptors,G,82,227,29,67,384.1,20,22,830.0,4,23,141.6,7,32,39,22,16,5,12,2,-61,143,121,104,61,239.28200692041523,22.273356401384085,7.891003460207613,2.5830449826989623,356.19723183391,342.4515570934256,247.36332179930795,35.8287197231834,10
237,Javonte Green,Chicago Bulls,G,15,51,6,11,166.7,0,0,0.0,3,5,200.0,3,8,11,2,3,2,3,2,22,28,26,17,13,8.284023668639053,13.053254437869821,0.6745562130177515,0.0,2.6982248520710064,0.6745562130177516,4.863905325443787,19.171597633136095,3
238,Jaxson Hayes,Los Angeles Lakers,C,62,160,23,29,854.0,16,23,625.0,0,0,0.0,13,31,44,4,22,1,10,2,-16,110,106,66,48,121.91074176669744,97.1111111111111,4.660510926438905,0.0,294.0277008310249,296.85811018775007,121.41951369652199,99.43244075100031,10
239,Jay Huff,Denver Nuggets,C,3,5,1,2,50.0,0,0,0.0,1,2,50.0,0,0,0,0,2,0,0,0,-3,3,3,3,0,5.76,0.1296,0.0144,0.7744,3.6864,4.1616,5.198400000000001,0.2304,1
240,Jaylen Brown,Boston Celtics,SG,276,352,108,211,507.8,36,58,525.9,24,63,380.7,18,41,59,31,24,18,19,3,68,366,335,307,90,701.6415289256199,113.72004132231405,29.009297520661157,17.09504132231405,1069.1456611570247,1083.309917355372,659.8760330578511,170.3305785123967,10
241,Jaylin Williams,Oklahoma City Thunder,F,30,122,10,23,408.3,3,4,75.0,7,17,424.9,2,34,36,16,14,3,8,6,-11,82,66,46,52,61.40625,52.41836734693878,28.441326530612248,2.146045918367347,234.85012755102042,194.14604591836735,95.3654336734694,87.6045918367347,10
242,Jayson Tatum,Boston Celtics,SF,293,360,98,206,478.3,64,75,767.0,33,82,397.9,10,62,72,50,17,11,28,7,97,415,365,343,122,240.34179161860826,88.78892733564014,25.111111111111107,16.101883890811227,296.5009611687812,347.6774317570165,203.40061514802,99.66474432910418,10
243,Jeenathan Williams,Houston Rockets,G,14,31,7,11,233.4,0,2,0.0,0,0,0.0,3,3,6,1,5,1,0,0,21,21,20,15,7,46.56,6.777777777777777,0.7600000000000001,0.0,72.1111111111111,76.40444444444447,45.0,4.804444444444444,4
244,Jeff Dowtin,Philadelphia 76ers,G,31,86,11,20,237.1,2,2,100.0,7,14,216.7,2,9,11,17,1,4,5,1,16,59,42,48,28,159.75,15.40234375,34.0,6.109375,411.58984375,217.08984375,321.75,81.90234375,7
245,Jeff Green,Houston Rockets,PF,86,185,30,68,401.4,11,13,425.0,15,39,328.3,4,24,28,6,10,2,4,4,27,120,114,92,34,314.1436004162331,43.605098855359,2.762226847034339,14.874609781477627,499.9937565036421,491.7029136316337,323.94849115504684,44.85327783558793,10
246,Jerami Grant,Portland Trail Blazers,SF,169,342,56,142,386.6,38,46,711.3,19,49,402.0,6,19,25,35,18,14,28,2,-77,229,194,204,60,473.98961937716257,45.9204152249135,32.71626297577855,5.083044982698962,888.6262975778548,739.6678200692041,583.0934256055364,118.49134948096886,10
247,Jeremiah Robinson-Earl,New Orleans Pelicans,F,28,92,11,25,269.6,4,7,80.0,2,10,100.0,9,12,21,10,6,3,3,1,37,59,49,38,31,81.67999999999999,38.28,29.892244897959184,1.6473469387755102,257.9208163265306,171.0,139.46938775510205,97.30367346938777,8
248,Jeremy Sochan,San Antonio Spurs,F,126,301,51,121,422.6,14,19,516.7,10,44,192.79999999999998,21,59,80,33,16,14,20,10,-20,239,206,159,113,549.0972944849116,204.3746097814776,41.58480749219564,10.166493236212277,1143.8839750260145,1165.4823100936524,519.2138397502601,254.24453694068677,10
249,Jericho Sims,New York Knicks,C,11,149,5,9,266.7,1,2,50.0,0,0,0.0,16,25,41,5,11,5,5,5,17,57,52,16,46,28.11111111111111,85.88775510204081,4.86281179138322,0.0,180.06122448979593,164.23696145124717,36.132653061224495,98.55328798185941,10
250,Jerome Robinson,Golden State Warriors,SG,10,17,4,10,40.0,1,2,50.0,1,6,16.7,0,0,0,1,1,0,0,1,-2,11,10,11,1,68.43801652892563,0.07438016528925619,0.6694214876033057,0.8264462809917354,77.7603305785124,64.0,82.64462809917353,0.29752066115702475,1
251,Jett Howard,Orlando Magic,G,0,5,0,1,0.0,0,0,0.0,0,1,0.0,0,0,0,0,1,0,0,0,-5,0,0,0,0,0.25,0.0,0.0,0.027777777777777776,0.25,0.25,0.25,0.0,1
252,Jevon Carter,Chicago Bulls,PG,48,142,19,37,423.5,1,2,50.0,9,22,291.7,2,7,9,11,10,2,4,1,6,68,57,59,20,160.68641975308643,13.177777777777777,8.960493827160494,6.930864197530863,256.5679012345679,201.61234567901235,199.18271604938272,38.59753086419753,10
253,Jimmy Butler,Miami Heat,SF,173,335,60,127,473.1,47,56,832.4,6,24,233.3,11,37,48,50,15,12,15,2,84,271,221,223,98,351.47959183673476,42.471655328798185,35.83673469387755,5.64172335600907,473.1621315192744,423.61111111111114,374.5,104.83900226757369,10
254,Jock Landale,Houston Rockets,C,100,232,40,67,611.3,17,20,516.6,3,8,150.0,24,29,53,18,22,4,10,13,77,171,153,118,71,243.38775510204079,84.79846938775509,33.9719387755102,4.125,696.0510204081633,521.2474489795918,369.97193877551024,166.98979591836735,10
255,Joe Harris,Detroit Pistons,SF,2,12,1,3,33.3,0,0,0.0,0,1,0.0,0,0,0,0,1,0,0,0,-5,2,2,2,0,0.0,0.0,0.0,0.0,0.0,0.0,0.0,0.0,1
256,Joe Ingles,Orlando Magic,SG,37,163,11,23,398.3,6,6,300.0,9,19,375.0,1,16,17,31,13,4,11,0,60,85,54,68,48,108.10012755102042,12.104591836734693,11.778698979591837,8.901147959183675,71.53316326530611,60.40625,120.5,22.610331632653065,10
257,Joel Embiid,Philadelphia 76ers,C,45,61,16,38,82.8,9,12,170.0,4,10,83.3,2,12,14,5,6,2,10,0,-41,64,59,50,19,144.5,0.0,0.5,0.0,162.0,144.5,162.0,0.5,2
258,John Collins,Utah Jazz,PF,193,271,68,119,570.0,39,48,752.5,18,34,508.9,22,58,80,7,25,7,12,7,-49,280,273,200,87,362.38775510204084,95.36033163265307,7.3501275510204085,12.044005102040817,700.0510204081634,672.8960459183673,372.3654336734694,119.88775510204083,10
259,John Konchar,Memphis Grizzlies,SG,57,299,19,46,385.8,8,9,266.7,11,29,391.6,19,45,64,29,20,13,17,9,-3,150,121,86,93,131.325,70.55625,15.0,7.125,291.05625,223.40625,166.425,118.10624999999999,10
260,Johnny Davis,Washington Wizards,G,39,168,17,40,421.4,2,2,100.0,3,13,83.3,4,13,17,11,10,4,0,6,-54,67,56,50,28,64.24044814708417,28.253088193047972,10.968974432634301,4.104854926745188,170.25825912094226,137.3237575409365,104.36943407066934,32.027578282102844,10
261,Johnny Juzang,Utah Jazz,G,63,180,24,54,372.6,1,1,100.0,14,41,276.8,4,14,18,9,15,0,6,0,-13,90,81,72,27,336.2335600907029,19.602040816326532,8.918367346938775,24.617913832199548,395.6383219954649,396.90362811791385,333.3560090702948,30.13265306122449,10
262,Jonas Valanciunas,New Orleans Pelicans,C,79,187,35,66,549.3,8,14,325.0,1,12,33.3,12,53,65,13,24,2,8,3,-14,157,144,92,78,206.18595041322314,53.74885215794306,20.562901744719927,1.1028466483011938,355.20752984389344,405.1606978879705,186.66896235078056,43.875573921028476,10
263,Jonathan Isaac,Orlando Magic,PF,101,179,37,59,620.3,10,12,416.7,17,29,560.0,13,37,50,5,12,7,3,17,60,156,151,106,55,318.8123456790123,24.24197530864198,4.708641975308643,13.064197530864199,390.62716049382715,421.4444444444445,294.44444444444446,22.501234567901236,10
264,Jonathan Kuminga,Golden State Warriors,PF,202,306,78,150,521.6,38,48,706.7,8,20,300.1,9,39,48,23,32,10,20,4,15,273,250,225,71,279.2165289256198,71.65289256198346,12.249586776859505,9.682644628099174,319.2314049586777,278.40000000000003,318.1735537190083,85.77685950413223,10
265,Jontay Porter,Toronto Raptors,C,49,159,18,41,352.3,4,6,150.0,9,26,230.4,10,23,33,32,11,10,13,9,-28,114,82,81,65,215.4023668639053,32.251479289940825,58.16863905325444,15.943786982248522,472.0,275.0917159763314,386.0976331360947,116.63313609467455,10
266,Jordan Clarkson,Utah Jazz,PG,161,328,58,144,353.7,31,35,737.9,14,53,206.6,7,29,36,63,18,10,23,0,-70,260,197,224,99,1014.8698224852071,104.98224852071006,74.72485207100591,21.005917159763314,1435.3639053254435,1403.248520710059,1032.630177514793,194.0621301775148,10
267,Jordan Goodwin,Memphis Grizzlies,G,77,275,31,98,298.8,4,8,200.0,11,38,246.6,22,45,67,46,19,15,20,8,-80,190,144,123,113,180.3827160493827,175.30178326474623,66.91083676268862,12.906721536351165,445.3086419753087,407.05075445816186,131.5816186556927,329.27160493827165,10
268,Jordan Hawkins,New Orleans Pelicans,G,25,94,9,32,301.7,3,5,116.7,4,18,150.0,1,6,7,7,5,1,1,0,27,39,32,32,14,53.07956104252401,4.697530864197531,6.215363511659809,4.703017832647462,56.32716049382716,57.95404663923183,55.77777777777778,6.5877914951989025,10
269,Jordan McLaughlin,Minnesota Timberwolves,PG,60,167,21,35,594.4,2,2,100.0,16,25,511.1,5,20,25,21,5,4,2,1,70,106,85,81,46,184.2940051020408,30.40625,19.038903061224488,23.176020408163268,217.74298469387756,226.08418367346937,171.4795918367347,53.918367346938766,10
270,Jordan Miller,LA Clippers,G,4,5,1,1,100.0,2,2,100.0,0,0,0.0,0,1,1,0,0,0,0,0,3,5,5,4,1,9.679012345679013,0.44444444444444453,0.0,0.0,14.271604938271604,14.271604938271604,9.679012345679013,0.44444444444444453,1
271,Jordan Nwora,Toronto Raptors,SF,112,202,46,89,518.8,8,10,416.7,12,38,313.5,3,37,40,13,10,11,19,6,-39,165,152,125,53,260.1541024573095,36.26488962932111,12.122032486463974,8.282382340691377,347.21241149521035,342.48979591836735,263.48979591836735,49.77384423157017,10
272,Jordan Poole,Washington Wizards,SG,204,325,76,172,427.8,22,23,780.0,30,86,345.8,5,26,31,57,29,10,30,1,-79,292,235,261,88,829.2529843893481,36.90587695133149,101.2314049586777,20.44995408631772,1186.3305785123969,994.3388429752066,988.4816345270891,170.90036730945823,10
273,Jordan Walsh,Boston Celtics,G,2,27,1,4,100.0,0,0,0.0,0,2,0.0,2,4,6,1,5,2,2,1,24,9,8,3,7,2.8099173553719012,13.355371900826448,0.8347107438016528,0.0,1.1983471074380163,4.0,6.68595041322314,7.512396694214876,2
274,Jose Alvarado,New Orleans Pelicans,PG,66,206,22,58,360.1,7,10,350.0,15,33,450.4,6,19,25,23,19,8,5,1,32,114,91,89,48,184.336,40.756,32.775999999999996,14.504000000000001,467.79600000000005,312.5,293.8,119.36399999999999,10
275,Josh Giddey,Oklahoma City Thunder,SG,175,264,73,128,562.7,11,17,363.6,18,43,407.8,17,57,74,60,16,3,18,7,71,309,249,235,134,557.65625,103.494140625,93.39306640625,22.5,881.56494140625,682.791015625,634.26025390625,319.05712890625,10
276,Josh Green,Dallas Mavericks,SG,67,259,28,55,498.7,4,5,80.0,7,23,270.0,11,24,35,13,16,11,9,2,-34,115,102,80,48,175.42568370986916,41.573127229488705,10.20332936979786,7.416171224732463,227.9346016646849,241.15576694411413,176.20927467300828,37.77170035671819,10
277,Josh Hart,New York Knicks,SG,97,402,37,98,382.0,18,22,541.6,5,32,123.3,25,94,119,65,26,11,15,2,117,281,216,162,184,212.213319458897,201.8236212278876,132.25650364203955,5.540582726326743,1164.9750260145681,741.2117585848075,544.1649323621227,425.891779396462,10
278,Josh Minott,Minnesota Timberwolves,F,0,5,0,0,0.0,0,0,0.0,0,0,0.0,0,4,4,0,0,0,0,0,6,4,4,0,4,1.7777777777777777,12.543402777777777,0.006944444444444444,0.0625,4.515625,4.87673611111111,2.0069444444444446,11.960069444444445,1
279,Josh Okogie,Phoenix Suns,SF,43,135,12,30,323.8,12,13,450.0,7,15,350.0,13,7,20,11,7,6,10,3,-9,74,63,54,31,138.82716049382717,12.493827160493828,7.203017832647462,6.215363511659809,200.6474622770919,191.0,143.2482853223594,24.923182441700963,10
280,Josh Richardson,Miami Heat,SG,98,211,38,76,433.2,6,6,200.0,16,45,301.7,4,26,30,19,16,5,3,2,3,147,128,117,49,296.8888888888889,20.0,10.88888888888889,27.555555555555557,468.0,427.55555555555554,344.0,24.22222222222222,9
281,Joshua Primo,LA Clippers,G,0,5,0,1,0.0,0,0,0.0,0,0,0.0,1,0,1,0,0,0,1,0,1,1,1,0,1,0.0,0.0,0.0,0.0,0.0,0.0,0.0,0.0,1
282,Jrue Holiday,Boston Celtics,PG,106,328,41,89,477.4,4,4,200.0,20,54,398.5,8,35,43,52,15,12,16,9,88,201,149,158,95,170.625,56.23611111111111,61.95679012345679,10.069444444444445,412.0308641975309,266.77777777777777,334.63734567901236,99.43364197530865,10
283,Jules Bernard,Washington Wizards,G,46,88,17,36,466.2,4,7,250.0,8,16,435.0,6,9,15,11,6,2,3,1,24,72,61,57,26,211.92000000000002,11.140408163265308,14.68326530612245,6.163265306122448,351.68,265.24326530612245,294.9004081632653,29.28,8
284,Julian Champagnie,San Antonio Spurs,F,75,255,25,65,318.3,10,13,466.7,15,42,272.9,4,22,26,12,14,8,10,6,-3,113,101,87,38,246.603515625,32.78759765625,13.806640625,17.04931640625,444.04150390625,400.31494140625,268.1640625,68.76025390625,10
285,Julian Phillips,Chicago Bulls,F,39,132,13,31,272.9,7,8,266.7,6,13,283.4,6,12,18,5,12,5,3,1,-11,62,57,44,23,170.91975308641975,27.290123456790123,6.777777777777779,6.401234567901234,314.4444444444444,289.44444444444446,184.5493827160494,45.43827160493827,10
286,Julian Strawther,Denver Nuggets,G,23,49,8,22,83.0,4,4,200.0,3,15,48.6,1,4,5,5,4,1,4,0,-3,33,28,28,10,134.19500594530322,8.395957193816884,4.8715814506539825,3.1557669441141494,225.84780023781212,194.21997621878717,158.56956004756245,20.520808561236624,3
287,Julius Randle,New York Knicks,PF,66,99,23,48,142.2,14,14,300.0,6,11,195.0,8,17,25,18,7,1,10,0,25,109,91,84,43,98.0,2.666666666666667,14.0,2.0,140.66666666666669,120.66666666666666,126.0,8.666666666666668,3
288,Justin Champagnie,Washington Wizards,SF,53,142,17,46,209.3,10,12,250.0,9,30,158.3,11,17,28,11,11,6,8,5,-40,92,81,64,39,257.6955017301038,76.8719723183391,7.726643598615918,9.44636678200692,669.0415224913495,597.1349480968859,305.39446366782005,108.80622837370242,7
289,Justin Holiday,Denver Nuggets,SF,46,152,18,42,341.90000000000003,0,0,0.0,10,27,250.0,2,11,13,9,14,7,1,2,12,68,59,55,22,196.44292508917954,10.186682520808562,12.942925089179546,14.011890606420927,329.6866825208085,243.15160523186682,266.5,39.60760998810939,10
290,Justin Minaya,Portland Trail Blazers,F,14,110,5,19,199.89999999999998,1,2,50.0,3,14,116.6,7,11,18,4,8,3,4,3,-44,36,32,18,22,22.425,16.65625,2.9062499999999996,2.125,48.9,54.356249999999996,17.90625,18.625,10
291,Jusuf Nurkic,Phoenix Suns,C,91,274,35,74,481.7,20,40,344.8,1,2,50.0,40,81,121,33,31,7,19,10,4,245,212,124,154,156.98645737149891,364.61711295783317,32.164666051092645,0.9421360418590335,893.363188673438,843.3905817174516,187.39612188365652,416.3447214527547,10
292,Karl-Anthony Towns,Minnesota Timberwolves,C,193,306,66,146,451.8,41,47,734.2,20,56,341.5,20,55,75,29,33,8,24,8,98,297,268,222,104,265.0493827160493,98.62345679012346,46.91975308641975,18.771604938271604,548.530864197531,414.4012345679012,362.2777777777778,182.44444444444443,10
293,Kawhi Leonard,LA Clippers,SF,239,347,93,173,538.7,37,43,815.0,16,45,350.8,14,45,59,28,12,13,23,11,38,326,298,267,87,125.25298438934803,60.9485766758494,8.944444444444443,8.494031221303949,203.01744719926538,147.7396694214876,148.4196510560147,102.00413223140495,10
294,Keegan Murray,Sacramento Kings,SF,170,355,65,137,477.6,10,15,266.7,30,77,384.4,16,45,61,20,29,7,8,10,68,251,231,190,81,277.994140625,87.95947265625,12.244140625,36.99072265625,410.08447265625,302.35009765625,374.0,111.93212890625,10
295,Keita Bates-Diop,Brooklyn Nets,SF,35,85,12,20,615.0,6,6,300.0,5,11,350.0,3,10,13,5,1,2,5,4,-13,53,48,40,18,52.10000000000001,16.81111111111111,4.677777777777777,5.4,94.5,87.3777777777778,51.511111111111106,29.2,10
296,Keldon Johnson,San Antonio Spurs,SF,160,297,56,113,491.7,25,30,584.2,23,61,384.9,15,43,58,21,14,4,9,1,-21,239,218,181,79,296.190103239587,57.337130651477395,24.901744393022426,28.488074047703808,332.78640085439645,356.1345674617302,312.6034175863296,42.47739409042364,10
297,Kelly Olynyk,Toronto Raptors,PF,144,290,58,97,604.9,19,25,555.0,9,25,358.3,17,39,56,62,41,11,38,6,-95,262,200,206,118,274.51406194375227,28.416518333926664,109.6190815236739,5.169455322178711,478.28907084371656,352.871484514062,404.6379494482023,133.3292986828053,10
298,Kelly Oubre Jr.,Philadelphia 76ers,SG,174,327,65,160,397.4,27,34,521.4,17,53,251.1,17,42,59,23,23,10,20,13,-1,256,233,197,82,543.8027777777778,85.61111111111111,32.37777777777778,31.836111111111112,914.7361111111111,805.325,653.725,117.47777777777777,10
299,Kendall Brown,Indiana Pacers,SG,3,19,1,2,100.0,1,2,50.0,0,0,0.0,1,0,1,0,4,0,0,0,-12,4,4,3,1,6.3072,0.6688000000000001,0.3888,0.0,12.1648,11.0272,7.387199999999999,1.1152,3
300,Kenneth Lofton Jr.,Philadelphia 76ers,F,2,5,1,4,25.0,0,0,0.0,0,2,0.0,0,1,1,0,0,0,0,0,-4,3,3,2,1,0.0,0.0,0.0,0.0,0.0,0.0,0.0,0.0,1
301,Kenrich Williams,Oklahoma City Thunder,SF,58,155,24,47,489.6,2,2,100.0,8,23,300.0,19,25,44,15,19,10,0,2,53,117,102,73,59,78.53091557669441,55.94768133174792,7.810939357907253,5.605826397146254,171.26813317479193,138.14328180737218,90.26218787158146,85.15219976218788,10
302,Kentavious Caldwell-Pope,Denver Nuggets,SG,95,319,34,67,466.7,7,8,400.0,20,44,376.7,4,23,27,26,22,14,11,9,86,148,122,121,53,314.66159149669636,24.163458776213734,20.557311117494972,28.18385521401896,489.89887963228955,389.6225222637173,389.53777650100545,70.12094225797185,10
303,Kenyon Martin Jr.,Philadelphia 76ers,F,43,161,16,35,461.1,8,12,400.0,3,8,250.0,10,25,35,15,29,3,6,3,17,93,78,58,50,126.74417009602195,131.37791495198903,16.91495198902606,2.116598079561042,552.0919067215364,439.1604938271605,209.8827160493827,178.08573388203018,10
304,Keon Ellis,Sacramento Kings,G,87,291,31,63,474.1,7,9,400.0,18,41,422.1,7,32,39,18,28,17,6,10,72,144,126,105,57,313.0,58.72561983471074,31.68264462809917,18.44628099173554,599.4578512396694,438.23471074380166,427.84628099173557,136.78512396694214,10
305,Keon Johnson,Brooklyn Nets,G,12,26,3,8,73.3,4,4,100.0,2,4,133.3,2,1,3,2,2,2,2,0,-9,17,15,14,5,18.88888888888889,0.5555555555555556,2.2222222222222223,0.22222222222222227,27.222222222222225,13.888888888888888,34.0,1.0,2
306,Kessler Edwards,Sacramento Kings,SF,36,93,13,29,356.7,1,4,50.0,9,20,361.7,4,13,17,4,10,5,1,1,2,57,53,40,21,123.35808057944772,20.706654594839293,2.7505658669081035,9.700769578995018,172.68673607967406,159.87460389316436,125.2286102308737,34.39882299683114,10
307,Kevin Durant,Phoenix Suns,PF,215,355,86,165,515.2,21,24,666.7,22,56,417.7,5,63,68,33,14,11,33,15,16,316,283,248,101,403.03759765625,75.625,29.22119140625,13.603515625,687.884765625,596.49072265625,454.791015625,144.48681640625,10
308,Kevin Huerter,Sacramento Kings,SG,72,231,29,79,330.1,2,4,100.0,12,45,205.0,6,24,30,25,23,8,11,2,5,127,102,97,55,288.7933884297521,30.44995408631772,4.61248852157943,16.24793388429752,456.10743801652893,441.77777777777777,290.6730945821855,47.51239669421488,10
309,Kevin Knox II,Detroit Pistons,SF,22,89,9,26,148.9,3,3,200.0,1,11,33.3,3,11,14,4,9,2,6,0,21,40,36,26,18,115.33333333333334,19.333333333333336,3.3333333333333335,0.8333333333333335,167.33333333333331,188.0,101.33333333333334,16.0,6
310,Kevin Love,Miami Heat,PF,88,158,30,62,483.6,10,14,208.3,18,45,387.4,10,55,65,19,20,3,10,3,31,172,153,107,84,362.530612244898,61.03061224489795,13.244897959183673,16.97959183673469,574.7448979591837,534.5,405.0,72.05102040816325,10
311,Kevon Looney,Golden State Warriors,F,40,113,16,25,685.0,8,13,325.0,0,0,0.0,7,27,34,9,19,1,5,2,9,83,74,49,43,46.49382716049383,56.2716049382716,2.9604938271604935,0.0,144.3827160493827,152.0,41.10864197530864,57.0,10
312,Keyontae Johnson,Oklahoma City Thunder,F,5,39,2,8,66.7,0,0,0.0,1,2,100.0,2,4,6,2,4,0,2,0,-15,13,11,7,8,20.0,7.0,1.2653061224489797,0.8163265306122451,29.69387755102041,35.0,17.26530612244898,5.6938775510204085,5
313,Keyonte George,Utah Jazz,G,144,328,46,139,326.6,40,42,870.8,12,65,197.5,0,32,32,49,14,7,38,0,-112,225,176,193,81,323.16435986159166,31.79930795847751,46.90700692041523,11.598615916955017,294.7616782006921,320.58304498269894,327.01773356401384,49.03157439446367,10
314,Khris Middleton,Milwaukee Bucks,SF,143,298,58,113,542.9,9,11,330.0,18,45,497.9,8,48,56,61,37,7,25,4,29,260,199,204,117,300.4196510560147,64.14692378328742,61.77685950413223,5.617998163452709,492.4609733700644,316.13314967860424,447.3810835629017,155.29017447199263,10
315,Killian Hayes,Detroit Pistons,PG,18,79,7,14,209.6,1,3,33.3,3,6,100.0,0,15,15,20,4,0,5,2,-12,53,33,38,35,27.0,18.75,54.0,2.75,252.75,74.75,153.0,124.75,4
316,Kira Lewis Jr.,Utah Jazz,PG,17,45,6,15,94.4,3,4,75.0,2,5,83.3,2,4,6,7,1,0,4,0,-25,30,23,24,13,99.36678200692042,17.778546712802772,13.207612456747404,1.1695501730103803,271.08996539792383,199.0,151.26297577854675,51.17993079584775,4
317,Klay Thompson,Golden State Warriors,SG,185,296,69,158,430.9,9,10,550.0,38,99,376.8,5,21,26,26,9,8,15,3,19,237,211,211,52,335.2111111111111,26.944444444444443,38.53611111111111,17.669444444444444,458.325,390.9111111111111,414.3694444444444,53.736111111111114,10
318,Kobe Brown,LA Clippers,G,6,32,3,7,200.0,0,0,0.0,0,2,0.0,4,6,10,2,5,0,3,0,-20,18,16,8,12,13.448000000000002,13.248,1.7120000000000002,0.008,26.008,19.592,11.512,23.312000000000005,5
319,Kobe Bufkin,Atlanta Hawks,G,30,98,12,35,183.4,1,2,50.0,5,17,148.3,1,12,13,17,7,3,5,2,21,60,43,47,30,77.62962962962963,3.740740740740741,14.333333333333334,2.851851851851852,136.66666666666666,101.0,116.62962962962963,14.740740740740744,6
320,Kobi Simmons,Toronto Raptors,G,15,57,7,18,116.7,0,0,0.0,1,6,50.0,1,3,4,9,4,5,1,1,-32,28,19,24,13,14.024793388429751,0.6694214876033058,18.0,0.6694214876033058,0.6776859504132229,18.677685950413224,2.024793388429752,12.669421487603305,3
321,Kris Dunn,Utah Jazz,G,56,217,24,55,412.09999999999997,1,2,50.0,7,20,300.0,9,22,31,34,26,7,8,5,-53,121,87,90,65,114.66776859504134,42.90743801652893,44.51900826446281,6.120661157024792,336.9669421487603,234.46446280991736,202.0297520661157,102.56694214876035,10
322,Kris Murray,Portland Trail Blazers,F,91,316,36,91,335.3,6,9,266.7,13,47,212.5,16,32,48,21,19,13,9,5,-89,160,139,112,69,411.5562130177515,29.75147928994083,16.94792899408284,16.41301775147929,471.00828402366864,514.9763313609467,371.0177514792899,43.2698224852071,10
323,Kristaps Porzingis,Boston Celtics,C,204,307,73,158,473.3,36,41,887.5,22,64,322.5,22,49,71,23,27,10,15,19,60,298,275,227,94,67.45625000000001,70.5,13.0,22.10625,260.10625000000005,223.75625000000002,88.00625000000001,99.30000000000001,10
324,Kyle Anderson,Minnesota Timberwolves,SF,90,278,36,74,465.1,17,23,585.0,1,3,50.0,13,29,42,54,15,13,7,8,54,186,132,144,96,108.55945303210464,25.693222354340072,33.279429250891795,0.9143876337693221,197.3156956004757,164.41676575505352,114.48573127229491,85.94530321046372,10
325,Kyle Kuzma,Washington Wizards,SF,226,358,88,184,498.4,38,49,741.7,12,44,228.6,3,63,66,52,24,7,33,7,-43,344,292,278,118,510.8388171595168,34.410662224073306,56.93794252394835,18.32569762598917,750.6205747605163,559.0712203248646,687.2653061224489,106.47147022074137,10
326,Kyle Lowry,Philadelphia 76ers,PG,89,286,29,66,402.1,14,17,550.0,17,45,348.3,3,22,25,42,22,10,14,4,-27,156,114,131,67,395.98350694444446,24.77777777777778,105.6015625,14.150173611111112,562.7361111111111,442.85850694444446,495.90277777777777,150.33767361111111,10
327,Kyrie Irving,Dallas Mavericks,PG,246,356,95,186,513.8,28,30,683.3,28,74,365.0,7,39,46,64,22,14,17,3,93,356,292,310,110,377.52066115702485,36.56198347107438,118.30413223140496,19.811570247933883,699.9570247933884,411.56694214876035,623.8214876033057,196.95537190082644,10
328,LaMelo Ball,Charlotte Hornets,PG,32,55,12,37,66.1,5,6,150.0,3,17,34.7,1,5,6,15,10,3,7,0,-49,53,38,47,21,2.0,2.0,0.5,0.5,4.5,8.0,0.5,0.5,2
329,Lamar Stevens,Memphis Grizzlies,PF,113,225,43,104,434.9,22,26,566.6,5,24,245.0,9,29,38,10,14,11,7,5,-20,161,151,123,48,196.81685744016647,22.0,8.842872008324662,2.627471383975026,211.39542143600417,174.945889698231,242.105098855359,22.004162330905302,10
330,Landry Shamet,Washington Wizards,SG,55,184,20,55,273.1,7,7,300.0,8,35,104.1,4,10,14,8,12,4,9,2,-68,77,69,63,22,330.90000000000003,22.5,5.700000000000001,15.624999999999998,463.7,413.80000000000007,373.0,35.99999999999999,10
331,Larry Nance Jr.,New Orleans Pelicans,PF,67,239,27,47,524.6,8,10,316.7,5,11,216.6,18,34,52,20,15,9,2,0,-12,139,119,87,72,186.31362536952435,75.62751948400967,10.010749798441278,4.581295350712175,383.302606826122,381.6347755979575,192.0158559527009,81.60386992743886,10
332,Lauri Markkanen,Utah Jazz,PF,223,347,68,170,401.2,57,60,956.7,30,80,363.3,20,49,69,26,14,11,18,4,-42,318,292,249,95,334.8261504747991,129.06135865595326,45.68298027757487,34.00730460189919,657.4915997078159,517.5704894083273,451.0029218407597,198.48867786705623,10
333,LeBron James,Los Angeles Lakers,SF,268,364,93,162,571.5,60,72,850.3,22,47,373.3,7,78,85,91,9,6,42,3,76,444,353,359,176,636.3054467782129,83.46920612317551,53.0,59.71164115343539,529.5336418654325,504.87326450694195,653.3431826272695,144.09184763260947,10
334,Leaky Black,Charlotte Hornets,F,27,151,8,25,232.1,7,10,275.0,4,10,150.0,5,21,26,13,12,2,3,2,-31,66,53,40,39,88.0,30.96,8.41,8.25,118.49000000000001,84.96000000000001,110.40999999999998,50.49,9
335,Leonard Miller,Minnesota Timberwolves,F,0,5,0,1,0.0,0,0,0.0,0,0,0.0,0,0,0,2,0,0,0,0,8,2,0,2,2,0.011080332409972297,0.06925207756232686,1.8725761772853187,0.0,1.0,0.13573407202216065,1.595567867036011,1.2216066481994456,1
336,Lester Quinones,Golden State Warriors,G,52,148,18,49,323.7,9,13,325.0,7,29,200.0,7,17,24,12,16,2,5,0,-30,88,76,64,36,240.73822714681444,22.693905817174514,13.746537396121884,10.102493074792244,342.106648199446,365.61218836565104,231.6731301939058,22.0,10
337,Lindy Waters III,Oklahoma City Thunder,F,35,78,12,30,373.3,1,1,100.0,10,23,316.6,3,15,18,4,7,1,3,2,-38,57,53,39,22,113.12960760998811,32.284185493460164,4.3115338882283,12.84304399524376,229.88941736028536,197.07609988109394,132.02615933412602,50.512485136741965,9
338,Lonnie Walker IV,Brooklyn Nets,G,39,123,15,53,327.9,3,4,150.0,6,29,153.3,2,16,18,7,5,0,4,4,-22,64,57,46,25,195.11572791628194,41.60787934749153,8.255155432440752,10.143428747306864,459.7119113573407,357.44998461064944,268.6475838719606,78.59310557094491,10
339,Luguentz Dort,Oklahoma City Thunder,G,97,287,30,78,377.1,21,24,825.0,16,51,296.7,7,22,29,20,32,7,12,1,17,146,126,117,49,138.87353515625,27.7265625,14.791015625,10.541015625,215.13916015625,140.40087890625,219.22900390625,36.900390625,10
340,Luka Doncic,Dallas Mavericks,PG,306,365,102,228,446.8,61,81,745.6,41,109,365.7,11,87,98,98,18,18,42,3,108,502,404,404,196,704.5286989795918,63.60012755102041,144.24298469387756,47.40625,747.3144132653061,944.625,486.0,229.06122448979593,10
341,Luka Garza,Minnesota Timberwolves,C,45,61,16,35,240.8,6,8,200.0,7,20,233.3,8,6,14,1,8,2,3,1,-7,60,59,46,15,66.1611328125,22.3125,0.9423828125,2.4189453125,153.86328125,144.8955078125,72.95703125,25.4267578125,5
342,Luka Samanic,Utah Jazz,F,42,117,13,39,288.8,12,16,450.0,4,19,178.3,5,24,29,5,10,1,5,4,-49,76,71,47,34,154.44444444444443,58.24444444444444,5.4,2.8000000000000007,387.7777777777777,332.7777777777778,194.64444444444445,78.44444444444446,10
343,Luke Kennard,Memphis Grizzlies,SG,126,279,41,87,470.7,14,14,600.0,30,65,467.1,2,27,29,49,8,7,22,1,-67,204,155,175,78,402.0,11.313912009512485,85.0,24.011890606420927,621.2794292508918,414.07253269916765,589.0,116.52080856123663,10
344,Luke Kornet,Boston Celtics,C,55,181,22,35,642.7,11,12,350.0,0,0,0.0,21,28,49,17,9,5,2,9,51,121,104,72,66,178.504,180.936,43.39600000000001,0.0,790.836,570.464,307.044,316.164,10
345,M. Pereira,Memphis Grizzlies,F,14,54,5,14,140.0,3,5,75.0,1,5,50.0,7,9,16,1,6,4,2,3,-7,31,30,15,17,29.006944444444443,36.50694444444444,0.7777777777777779,0.7569444444444444,132.11111111111114,115.77777777777777,36.8125,45.8125,4
346,Malachi Flynn,Detroit Pistons,PG,91,166,33,74,409.6,11,17,441.7,14,38,347.9,6,19,25,17,7,7,10,2,-87,133,116,108,42,297.38207333635125,22.049343594386603,21.392937980986872,9.83431416930738,550.0556813037574,455.140787686736,380.466274332277,55.27297419646899,10
347,Malaki Branham,San Antonio Spurs,G,74,187,29,75,371.1,8,11,316.7,8,33,243.29999999999998,5,11,16,18,8,2,10,0,-21,108,90,92,34,251.45889698231008,22.5582726326743,15.60665972944849,10.579084287200832,376.86212278876167,313.86316337148804,302.1227887617066,50.5,10
348,Malcolm Brogdon,Portland Trail Blazers,PG,102,218,37,83,266.20000000000005,17,19,433.3,11,30,202.89999999999998,7,22,29,40,13,4,17,2,4,171,131,142,69,100.0,28.833333333333336,7.333333333333334,6.833333333333334,113.5,66.83333333333334,151.33333333333331,31.5,6
349,Malik Beasley,Milwaukee Bucks,SG,137,316,48,112,429.7,7,7,300.0,34,89,382.8,2,31,33,11,18,3,8,2,34,181,170,148,44,228.05102040816325,26.104591836734695,10.918367346938776,18.53061224489796,235.90051020408166,241.625,236.90816326530611,22.441326530612244,10
350,Malik Monk,Sacramento Kings,SG,157,272,57,138,394.0,31,33,730.0,12,58,166.1,6,27,33,44,31,6,17,2,13,234,190,201,77,653.7845804988663,24.25724363819602,14.982111363063742,11.617031997984379,877.3560090702948,822.5527840765936,694.3827160493827,53.44444444444444,10
351,Mamadi Diakite,New York Knicks,F,0,5,0,0,0.0,0,0,0.0,0,0,0.0,0,1,1,0,1,1,0,0,0,1,1,0,1,0.0,0.25,0.0,0.0,0.25,0.25,0.0,0.25,1
352,MarJon Beauchamp,Milwaukee Bucks,F,30,42,10,16,350.0,7,8,175.0,3,7,200.0,2,9,11,1,4,1,3,0,-17,42,41,31,12,64.50666666666666,13.240000000000002,0.8933333333333334,2.0400000000000005,123.75999999999999,112.33333333333331,72.36000000000001,17.706666666666667,6
353,Marcus Morris Sr.,Cleveland Cavaliers,SF,49,120,18,41,317.6,4,6,200.0,9,21,333.3,3,17,20,7,7,1,8,1,-35,76,69,56,27,106.92561983471074,41.73921028466483,8.0,9.441689623507807,204.47199265381084,210.47199265381084,96.92561983471074,53.739210284664836,7
354,Marcus Morris Sr.,Philadelphia 76ers,SF,23,65,9,22,122.9,2,2,100.0,3,8,83.3,0,10,10,1,3,2,5,1,-14,34,33,24,11,20.94214876033058,4.710743801652892,2.0,2.1763085399449036,24.84297520661157,32.539944903581265,14.396694214876032,5.55922865013774,3
355,Marcus Sasser,Detroit Pistons,G,86,261,30,86,372.9,13,14,290.0,13,41,376.3,1,25,26,43,18,6,17,1,-59,155,112,129,69,319.38775510204084,17.660974593919203,36.10703873386089,6.112036651395252,452.63265306122446,322.0807996668055,445.7280299875052,57.9795918367347,10
356,Markelle Fultz,Orlando Magic,PG,48,171,22,66,324.6,2,2,100.0,2,5,66.7,12,15,27,24,15,6,11,3,34,99,75,72,51,152.53827160493827,54.30864197530864,37.111111111111114,3.6000000000000005,389.5777777777778,279.1777777777778,253.7679012345679,100.59012345679012,10
357,Markieff Morris,Dallas Mavericks,PF,5,11,2,3,150.0,0,0,0.0,1,2,50.0,0,2,2,0,0,0,0,0,4,7,7,5,2,0.7222222222222223,2.347222222222222,0.34722222222222227,0.5555555555555556,4.722222222222222,5.625,0.513888888888889,2.0,2
358,Marques Bolden,Charlotte Hornets,C,4,28,2,4,66.7,0,0,0.0,0,0,0.0,2,4,6,0,4,0,1,0,-12,10,10,4,6,11.25925925925926,15.814814814814815,0.0,0.0,53.14814814814816,53.14814814814816,11.25925925925926,15.814814814814815,3
359,Marvin Bagley III,Washington Wizards,PF,139,262,60,94,623.5,13,16,633.3,6,9,450.0,25,53,78,10,12,4,10,10,-1,227,217,149,88,264.1921110299489,75.91818845872899,16.73046018991965,4.410518626734843,196.63038714390066,196.9926953981008,244.86559532505478,111.6128560993426,10
360,Mason Jones,Sacramento Kings,G,7,18,2,6,66.7,1,2,50.0,2,5,66.7,1,4,5,5,0,1,1,0,3,17,12,12,10,12.506172839506172,9.0,9.0,2.0246913580246915,19.17283950617284,6.839506172839505,6.839506172839505,36.0,2
361,Mason Plumlee,LA Clippers,C,44,108,16,28,503.3,12,17,400.0,0,0,0.0,12,33,45,8,14,2,9,6,17,97,89,52,53,78.6647515081873,102.9821890261419,9.600114909508761,0.0,241.08216029876473,267.82562482045387,63.875897730537204,100.6276931916116,10
362,Matisse Thybulle,Portland Trail Blazers,SG,67,209,25,53,398.9,5,7,200.0,12,31,335.0,7,24,31,20,14,17,12,7,-23,118,98,87,51,338.8434903047091,39.325484764542935,20.249307479224377,12.531855955678669,707.3573407202216,558.770083102493,458.20637119113564,88.79916897506926,10
363,Matt Ryan,New Orleans Pelicans,F,28,72,10,27,233.3,0,0,0.0,8,21,194.4,1,8,9,2,7,0,2,0,-8,39,37,30,11,201.5625,18.144132653061224,1.5625,18.511479591836736,342.4298469387755,328.3316326530612,214.0,21.367346938775515,9
364,Matthew Hurt,Memphis Grizzlies,F,32,110,12,33,215.9,3,3,200.0,5,19,233.4,9,7,16,4,8,3,2,3,-7,52,48,36,20,163.8343195266272,34.95857988165681,4.934911242603551,5.335798816568047,360.0,296.6272189349112,213.72781065088756,53.37278106508876,7
365,Max Christie,Los Angeles Lakers,G,31,106,12,24,569.4,1,2,50.0,6,12,350.0,1,14,15,4,3,0,4,0,-1,50,46,35,19,77.15160523186682,7.002378121284186,2.4684898929845422,4.442925089179548,128.00297265160523,108.44292508917954,93.08263971462543,13.099881093935789,10
366,Max Strus,Cleveland Cavaliers,SG,130,301,45,94,453.8,15,19,483.4,25,61,378.5,12,17,29,39,23,10,20,4,-60,198,159,169,68,303.75650364203955,25.10405827263267,42.42976066597295,38.81477627471384,400.52653485952135,376.91259105098857,330.82310093652444,64.08116545265348,10
367,Maxi Kleber,Dallas Mavericks,PF,27,164,9,20,391.7,4,6,200.0,5,15,266.7,4,18,22,14,16,5,4,2,45,63,49,41,36,67.22354340071344,22.606420927467298,16.53745541022592,6.928061831153388,139.41141498216408,95.09036860879905,112.40071343638526,38.28775267538644,10
368,Maxwell Lewis,Los Angeles Lakers,F,0,5,0,1,0.0,0,0,0.0,0,1,0.0,0,0,0,2,0,0,0,0,-3,2,0,2,2,0.017777777777777778,0.0,2.777777777777778,0.0,2.351111111111111,0.017777777777777778,2.351111111111111,2.777777777777778,1
369,Micah Potter,Utah Jazz,C,34,119,12,20,375.0,3,3,200.0,7,12,350.0,5,18,23,2,5,1,3,2,-2,59,57,36,25,147.9220041322314,11.0625,1.5583677685950412,8.141012396694215,179.77324380165288,165.10950413223142,162.71074380165288,12.49586776859504,9
370,Michael Porter Jr.,Denver Nuggets,SF,189,318,71,130,542.0,18,20,730.0,29,62,470.7,12,54,66,14,11,7,13,2,71,269,255,203,80,413.292924037461,24.45993756503642,20.924557752341315,13.469823100936525,356.61706555671174,445.5343392299688,326.8210197710718,42.93912591050989,10
371,Mikal Bridges,Brooklyn Nets,SF,167,354,58,146,384.3,14,17,550.0,37,93,391.9,11,28,39,38,11,13,18,2,-73,244,206,205,77,287.306640625,53.40625,19.806640625,26.10791015625,270.0390625,292.666015625,273.7265625,64.166015625,10
372,Mike Conley,Minnesota Timberwolves,PG,160,290,56,106,507.40000000000003,19,22,596.7,29,61,435.1,5,17,22,53,21,16,11,3,23,235,182,213,75,505.28894173602856,26.718787158145066,44.13852556480381,38.36504161712247,598.0463733650416,559.0897740784781,551.0303210463734,64.07253269916765,10
373,Mike Muscala,Oklahoma City Thunder,C,26,121,9,32,234.2,1,2,50.0,7,23,250.0,6,14,20,6,6,3,1,1,36,52,46,32,26,110.13444378346222,22.493753718024987,7.344437834622249,12.408685306365257,244.53777513384887,211.91195716835216,130.46400951814397,42.13444378346222,10
374,Miles Bridges,Charlotte Hornets,SF,212,395,83,176,466.2,25,34,601.1,21,69,254.3,15,57,72,39,12,7,20,3,-120,323,284,251,111,411.6111111111111,52.31111111111112,49.44444444444445,42.925,574.1,480.9444444444444,461.6111111111111,144.9111111111111,10
375,Miles McBride,New York Knicks,PG,150,364,53,105,453.2,14,15,483.3,30,67,335.8,10,16,26,27,30,12,6,1,81,203,176,177,53,895.2299687825182,15.923517169614986,36.63943808532778,81.89646201873049,1226.4942767950051,932.5,1167.8111342351717,73.97606659729448,10
376,Mitchell Robinson,New York Knicks,C,15,32,6,12,133.3,3,6,100.0,0,0,0.0,8,6,14,0,3,0,4,2,4,29,29,15,14,0.5061728395061728,50.617283950617285,0.0,0.0,41.0,41.0,0.5061728395061728,50.617283950617285,2
377,Mo Bamba,Philadelphia 76ers,C,76,209,28,49,541.1,11,15,425.0,9,23,340.0,16,48,64,12,28,9,9,14,-10,152,140,88,76,139.80072840790842,43.198751300728404,15.783558792924039,5.2034339229968785,255.60718002081168,249.49687825182104,166.07752341311135,38.81581685744017,10
378,Monte Morris,Minnesota Timberwolves,PG,48,150,17,40,505.0,7,9,300.0,7,18,250.0,2,10,12,23,3,9,3,1,22,83,60,71,35,89.67901234567901,5.830589849108367,41.364197530864196,6.1604938271604945,180.2318244170096,106.579561042524,169.61111111111111,40.91495198902607,10
379,Moritz Wagner,Orlando Magic,C,84,144,34,53,660.6,9,12,450.0,7,15,350.0,11,21,32,15,13,4,14,2,26,131,116,99,47,203.11033163265304,73.82908163265304,40.55102040816326,6.369897959183675,439.45727040816325,392.15625,221.70727040816325,143.08418367346937,10
380,Moses Brown,Portland Trail Blazers,C,34,79,14,27,393.3,6,21,140.8,0,0,0.0,12,11,23,4,10,1,4,4,-13,61,57,38,27,72.46201873048908,25.568158168574403,6.0187304890738815,0.0,147.67845993756504,118.16337148803328,88.74921956295526,44.814776274713836,8
381,Moses Moody,Golden State Warriors,SG,83,171,29,64,492.8,15,17,533.3,10,32,330.0,12,20,32,10,19,6,8,4,17,125,115,93,42,159.156,78.32400000000001,12.004,16.324,449.396,376.05600000000004,228.824,94.0,10
382,Mouhamadou Gueye,Toronto Raptors,F,14,56,6,19,258.3,2,6,75.0,0,1,0.0,7,2,9,2,4,1,5,6,-47,25,23,16,11,2.5414201183431953,6.573964497041421,1.3579881656804735,0.0,14.088757396449704,11.393491124260354,4.9112426035502965,8.257396449704142,6
383,Moussa Diabate,LA Clippers,F,2,7,1,1,100.0,0,2,0.0,0,0,0.0,1,3,4,0,0,1,0,1,1,6,6,2,4,0.0,0.0,0.0,0.0,0.0,0.0,0.0,0.0,1
384,Myles Turner,Indiana Pacers,C,145,256,52,108,480.2,20,29,658.4,21,49,380.9,10,49,59,12,26,4,10,20,40,216,204,157,71,428.4834721848965,35.43429185702768,15.763504434291857,28.593120128997576,508.2042461703843,539.8355280838484,413.8610588551465,34.18892770760548,10
385,Naji Marshall,New Orleans Pelicans,SF,70,205,30,63,463.4,0,1,0.0,10,26,372.1,4,36,40,15,15,9,5,1,65,125,110,85,55,182.81632653061223,58.022675736961446,8.83320735701688,14.02267573696145,438.5308641975309,382.56689342403627,222.60644998740239,83.02973041068279,10
386,Nassir Little,Phoenix Suns,SF,18,64,7,18,258.3,0,0,0.0,4,11,250.0,0,11,11,5,7,0,1,2,-9,34,29,23,16,34.9485766758494,15.082644628099175,4.146923783287419,1.9348025711662076,54.69421487603306,49.491276400367305,39.26446280991736,20.11662075298439,7
387,Nate Hinton,Houston Rockets,G,12,22,4,7,110.0,2,3,66.7,2,3,66.7,1,5,6,3,4,1,1,2,10,21,18,15,9,48.05555555555556,6.722222222222221,1.3888888888888884,2.5,97.38888888888886,75.55555555555557,65.0,13.0,2
388,Nathan Mensah,Charlotte Hornets,C,4,59,2,5,66.7,0,0,0.0,0,0,0.0,4,6,10,1,13,2,1,4,-17,15,14,5,11,13.75,9.9375,0.859375,0.0,41.359375,44.4375,13.484375,7.984375,7
389,Naz Reid,Minnesota Timberwolves,C,184,298,66,142,461.3,21,26,659.2,31,77,358.3,6,59,65,26,26,9,16,14,39,275,249,210,91,726.3858418367346,110.51275510204081,26.82908163265306,59.82461734693878,1006.65625,937.2889030612246,787.4011479591837,145.69387755102042,10
390,Neemias Queta,Boston Celtics,C,39,80,19,26,443.4,1,2,100.0,0,0,0.0,12,17,29,4,8,3,4,6,63,72,68,43,33,78.9375,55.24609375,2.12109375,0.0,228.734375,238.96484375,76.33984375,49.734375,7
391,Nic Claxton,Brooklyn Nets,C,109,305,47,74,669.7,15,34,488.3,0,1,0.0,33,74,107,17,25,11,14,13,-64,233,216,126,124,229.95947265625,102.416015625,11.650390625,0.0,360.26806640625,354.45166015625,231.36572265625,118.4765625,10
392,Nick Jr. Smith,Charlotte Hornets,G,53,164,17,59,301.1,8,9,187.5,11,32,275.0,2,10,12,17,19,4,5,0,8,82,65,70,29,267.4378346222486,14.330755502676977,27.460440214158236,17.07019631171921,404.3712076145152,297.8590124925639,344.08804283164784,71.65318262938726,10
393,Nick Richards,Charlotte Hornets,C,89,283,37,55,670.2,15,21,425.0,0,0,0.0,22,67,89,8,21,3,9,6,-45,186,178,97,97,123.16743613419513,217.22653124038163,9.665127731609727,0.0,320.68267159125884,335.584487534626,114.37396121883657,220.78331794398275,10
394,Nickeil Alexander-Walker,Minnesota Timberwolves,SG,101,265,36,77,415.8,7,9,183.3,22,48,421.2,8,18,26,22,15,6,9,5,74,149,127,123,48,567.8282719699006,43.432410642300454,27.724267669981188,23.30663800053749,853.1553345874763,728.6060198871271,647.4939532383768,116.0403117441548,10
395,Nicolas Batum,Philadelphia 76ers,PF,59,269,22,48,380.4,1,2,50.0,14,35,308.3,14,35,49,17,13,9,7,5,-16,125,108,76,66,317.17455621301775,54.90236686390533,20.101331360946745,24.68639053254438,576.8113905325444,450.02366863905326,412.5658284023669,106.40014792899409,10
396,Nikola Jokic,Denver Nuggets,C,268,368,106,190,562.3,48,59,821.7,8,25,261.6,26,101,127,82,20,18,28,7,121,477,395,350,209,554.5318559556787,121.85811018775007,151.63988919667588,7.8171745152354575,1000.1258848876578,748.6300400123115,685.3573407202216,394.1683594952293,10
397,Nikola Jovic,Miami Heat,F,87,224,31,70,456.9,8,9,350.0,17,46,383.5,5,38,43,22,18,9,8,5,57,152,130,109,65,101.11791383219955,87.40816326530613,22.471655328798185,8.11451247165533,383.63265306122446,284.9750566893424,148.6734693877551,160.98185941043084,10
398,Nikola Vucevic,Chicago Bulls,C,168,325,70,134,521.2,16,22,525.0,12,37,301.6,22,82,104,36,22,7,16,9,-58,308,272,204,140,457.4130177514793,164.4378698224852,35.545562130177515,5.609467455621302,444.0,531.2686390532544,415.36094674556216,154.76686390532544,10
399,Noah Clowney,Brooklyn Nets,F,31,139,12,31,266.2,2,6,100.0,3,13,108.3,9,21,30,8,10,5,4,2,20,69,61,39,38,70.7285318559557,39.121883656509695,9.086565096952906,2.03393351800554,164.43836565096953,168.792243767313,72.99792243767313,41.58518005540166,9
400,Norman Powell,LA Clippers,G,167,277,58,113,530.0,32,38,710.7,19,55,366.9,4,21,25,12,19,5,10,2,-13,204,192,179,37,261.4852071005917,43.125,5.600591715976331,9.148668639053254,413.625,414.5717455621302,252.5,56.76405325443787,10
401,O.G. Anunoby,New York Knicks,SF,83,194,33,70,262.7,9,14,243.3,8,28,138.3,3,24,27,12,12,16,13,5,107,122,110,95,39,431.93491124260356,55.0,6.0,8.757396449704142,260.7810650887574,260.7810650887574,441.9349112426035,51.0,6
402,Obi Toppin,Indiana Pacers,PF,77,177,31,51,647.0,5,6,350.0,10,24,426.6,9,26,35,16,15,6,7,3,18,128,112,93,51,89.30322265625,30.50244140625,15.625,8.0390625,183.6015625,158.9140625,102.10009765625,58.01806640625,10
403,Ochai Agbaji,Toronto Raptors,G,80,272,34,80,355.6,6,12,225.0,6,27,178.3,20,20,40,17,19,11,11,5,-102,137,120,97,57,199.7484381507705,76.00416493127864,26.83673469387755,4.453977509371096,518.2736359850062,444.0024989587672,245.90878800499792,130.95168679716784,10
404,Olivier Sarr,Oklahoma City Thunder,C,11,22,4,7,125.0,3,5,116.7,0,1,0.0,4,4,8,0,3,0,1,1,-14,19,19,11,8,34.92,6.920000000000002,0.0,0.0,59.68000000000001,59.68000000000001,34.92,6.920000000000002,3
405,OlivierMaxence Prosper,Dallas Mavericks,F,10,36,3,6,150.0,4,7,57.1,0,2,0.0,2,6,8,0,1,1,1,1,-14,18,18,10,8,32.44444444444444,12.938271604938272,0.1111111111111111,0.0,81.86419753086422,85.67901234567901,30.11111111111111,11.567901234567904,4
406,Omer Yurtseven,Utah Jazz,C,47,98,21,34,359.4,4,7,200.0,1,3,50.0,14,17,31,6,11,1,4,6,-19,84,78,53,37,168.78763971071663,36.81656804733728,10.25509533201841,0.8579881656804734,339.5502958579882,275.74227481919786,216.8757396449704,62.79158448389218,7
407,Onuralp Bitim,Chicago Bulls,SF,50,153,22,45,454.4,0,0,0.0,6,21,166.7,5,12,17,9,14,2,3,1,-38,76,67,59,26,275.344,50.296,4.916,6.884000000000001,524.836,490.904,295.76399999999995,68.724,10
408,Onyeka Okongwu,Atlanta Hawks,PF,147,296,61,89,703.8000000000001,16,22,492.9,9,19,466.6,32,44,76,11,28,7,5,15,4,234,223,158,87,308.4240362811791,185.95918367346937,9.244897959183675,5.6893424036281175,807.5192743764171,822.7913832199548,307.3560090702948,181.0,10
409,Orlando Robinson,Miami Heat,C,13,59,4,11,108.3,4,5,175.0,1,2,100.0,8,9,17,5,4,1,3,0,4,35,30,18,22,52.05999999999999,24.33333333333334,2.8400000000000003,0.8400000000000001,95.66000000000001,79.92666666666668,69.52666666666667,25.44,6
410,Oscar Tshiebwe,Indiana Pacers,C,3,5,1,3,33.3,1,2,50.0,0,0,0.0,2,0,2,0,1,0,0,1,8,5,5,3,2,0.25,0.0,0.0,0.0,0.25,0.25,0.25,0.0,1
411,Oshae Brissett,Boston Celtics,SF,46,183,15,34,477.2,12,21,313.3,4,13,283.3,15,26,41,16,13,3,4,2,82,103,87,62,57,115.02947845804988,60.80498866213152,22.291383219954646,2.418367346938775,329.31632653061223,238.70975056689343,192.14172335600907,96.5907029478458,10
412,Ousmane Dieng,Oklahoma City Thunder,F,28,90,10,25,324.4,4,4,200.0,4,14,220.0,1,7,8,14,3,3,6,3,16,50,36,42,22,122.49704142011836,6.0,21.124260355029588,4.295857988165681,242.1183431952663,164.49704142011836,196.11834319526628,31.124260355029584,8
413,P.J. Tucker,LA Clippers,PF,19,147,7,19,183.3,0,0,0.0,5,12,283.4,7,21,28,4,12,4,4,4,-22,51,47,23,32,63.2666015625,39.16015625,4.265625,4.2353515625,167.8056640625,128.8447265625,84.8994140625,60.75390625,9
414,P.J. Washington,Dallas Mavericks,PF,91,319,34,95,370.9,8,16,250.0,15,54,275.0,11,57,68,13,25,9,4,11,90,172,159,104,81,173.76484815909703,77.25288900833108,8.604407417360925,16.742542327331364,290.00053748992207,246.23515184090294,188.15640956732057,115.2311206664875,10
415,Paolo Banchero,Orlando Magic,PF,188,340,69,144,533.0,35,46,631.7,15,48,393.4,5,60,65,61,15,5,33,8,73,314,253,249,126,270.4012345679012,78.91495198902606,63.427297668038406,8.585733882030178,458.2688614540466,388.69478737997247,305.91083676268863,176.40672153635117,10
416,Pascal Siakam,Indiana Pacers,PF,232,305,94,171,538.6,38,57,550.8,6,16,300.0,25,72,97,35,20,10,16,4,87,364,329,267,132,464.20947265625,110.1640625,29.90625,4.78759765625,692.99462890625,654.72119140625,464.26416015625,178.2890625,10
417,Pat Connaughton,Milwaukee Bucks,SG,54,217,19,47,449.4,9,11,450.0,7,29,329.3,7,18,25,27,12,2,7,2,20,106,79,81,52,80.4,20.525000000000002,64.43611111111112,2.2777777777777777,146.57777777777778,122.92500000000001,103.2361111111111,85.77777777777779,10
418,Patrick Baldwin Jr.,Washington Wizards,F,34,163,12,52,215.89999999999998,4,6,160.0,6,35,138.6,6,32,38,12,15,8,7,7,-63,84,72,46,50,144.92986828052685,67.3371306514774,19.928088287646847,6.411534353862586,414.8579565681737,272.6813812744749,236.09184763260947,138.27981488074047,10
419,Patrick Beverley,Milwaukee Bucks,PG,48,204,15,47,251.7,11,13,416.7,7,27,240.0,3,20,23,21,21,5,3,6,-7,92,71,69,44,277.500826446281,28.421487603305785,35.066115702479344,6.28595041322314,550.8033057851239,381.63471074380163,405.04958677685954,105.10743801652893,10
420,Patrick Williams,Chicago Bulls,PF,6,24,2,9,22.2,2,2,100.0,0,5,0.0,0,6,6,2,5,0,2,2,-11,14,12,8,8,0.0,0.0,0.0,0.0,0.0,0.0,0.0,0.0,1
421,Patty Mills,Miami Heat,PG,56,180,20,66,264.7,9,9,300.0,7,43,137.5,4,8,12,19,12,11,7,0,57,87,68,75,31,258.5462412114657,9.835586803677664,15.408869659275283,6.145484045429962,284.7663601946998,255.61060032449973,278.6095186587345,34.336938885884265,10
422,Paul George,LA Clippers,F,257,351,94,171,558.9,28,28,700.0,41,80,508.6,4,47,51,34,24,15,14,9,45,342,308,291,85,587.85009765625,53.40625,38.431640625,39.2890625,919.65869140625,724.67041015625,759.38525390625,115.291015625,10
423,Paul Reed,Philadelphia 76ers,SF,70,219,25,59,443.9,18,23,583.3,2,9,150.0,28,37,65,12,24,11,13,16,11,147,135,82,77,113.24885215794306,32.70615243342516,13.739669421487603,1.7396694214876034,195.2750229568411,169.91827364554638,119.49540863177228,65.55601469237831,10
424,Payton Pritchard,Boston Celtics,PG,122,287,47,96,453.59999999999997,8,11,350.0,20,50,355.8,10,23,33,54,16,4,11,0,60,209,155,176,87,532.4412525136455,22.228957196207986,157.30077563918417,36.01149095087618,1164.292157426027,611.3487503590923,1061.4133869577706,203.50100545820163,10
425,Peyton Watson,Denver Nuggets,F,52,176,22,55,362.8,7,11,400.0,1,13,100.0,9,27,36,10,20,4,6,9,-22,98,88,62,46,111.49155958679768,42.46812799193752,8.040312421264803,1.1884605694129504,277.6608717561099,212.27765180146133,160.9795918367347,66.40362811791384,10
426,Precious Achiuwa,New York Knicks,PF,76,209,32,50,603.2,11,19,350.0,1,5,100.0,31,48,79,16,21,4,12,11,-37,171,155,92,95,275.8569198751301,135.9614984391259,16.408428720083247,1.1014568158168576,664.8584807492197,645.8319458896983,305.4942767950052,141.75910509885537,10
427,Quentin Grimes,Detroit Pistons,SG,82,213,26,80,296.2,19,24,525.0,11,50,200.0,2,27,29,19,13,7,9,4,-12,130,111,101,48,312.44628099173553,35.19834710743802,14.900826446280991,10.900826446280991,442.06611570247935,483.0495867768595,277.6942148760331,43.86776859504132,10
428,R. Rupert,Portland Trail Blazers,G,53,225,19,45,467.2,8,9,450.0,7,19,158.3,6,23,29,25,24,3,13,2,-43,107,82,78,54,113.88463140358184,29.324864639733445,26.60849645980841,14.145356101624323,233.93211162015828,181.55102040816328,143.37276134943772,78.82632236568097,10
429,RJ Barrett,Toronto Raptors,SG,208,328,85,152,559.5,20,43,406.1,18,37,425.0,9,42,51,46,22,5,28,4,-39,305,259,254,97,255.64444444444445,58.24444444444445,50.577777777777776,15.777777777777777,454.77777777777777,307.8,398.8,112.64444444444445,10
430,Reggie Bullock,Houston Rockets,SF,26,121,9,22,449.9,0,0,0.0,8,19,483.3,3,27,30,3,5,5,2,1,-3,59,56,29,33,26.401384083044984,46.06151480199923,2.1418685121107264,3.605536332179931,119.13994617454824,126.48135332564398,24.95847750865052,42.30488273740869,10
431,Reggie Jackson,Denver Nuggets,PG,110,218,38,91,411.1,19,22,472.7,15,33,462.7,5,9,14,46,19,7,16,1,30,170,124,156,60,399.72436381960193,18.55328798185941,65.49004787100026,19.458049886621314,567.3252708490804,413.1725875535399,517.4945830183925,120.42579994960946,10
432,Richaun Holmes,Washington Wizards,F,88,241,35,62,516.4,18,21,591.7,0,2,0.0,31,52,83,9,31,7,8,8,-2,180,171,97,92,289.8569488456315,267.74694431869625,7.027161611588955,0.004526935264825713,982.0,910.5165233137166,326.7682209144409,309.3463105477592,10
433,Ricky IV Council,Philadelphia 76ers,G,55,88,17,38,431.6,17,24,483.3,4,12,233.3,2,8,10,6,5,0,2,1,-1,71,65,61,16,221.05624999999998,14.506250000000001,4.45625,5.3,361.90625,315.72499999999997,264.90000000000003,21.3,10
434,Robin Lopez,Milwaukee Bucks,C,6,23,3,9,37.5,0,0,0.0,0,2,0.0,1,0,1,1,3,1,0,2,-16,8,7,7,2,21.92,0.52,0.6800000000000002,0.0,24.48,29.0,18.28,0.32000000000000006,2
435,Royce O'Neale,Phoenix Suns,PF,67,182,27,57,507.7,0,0,0.0,13,37,408.4,9,33,42,18,11,2,8,3,-8,127,109,85,60,239.1224489795918,20.084152179390276,16.567901234567902,20.565633660871754,289.9750566893424,289.06147644242884,236.13479465860416,40.553287981859405,10
436,Rudy Gobert,Minnesota Timberwolves,C,147,370,59,82,721.4,29,46,644.6,0,0,0.0,43,94,137,17,37,8,16,22,59,301,284,164,154,338.1167355371901,52.5547520661157,14.107438016528924,0.0,259.4917355371901,335.27685950413223,272.40185950413223,56.59194214876033,10
437,Rui Hachimura,Los Angeles Lakers,PF,171,313,67,109,607.1,19,22,633.3,18,37,397.5,9,49,58,15,19,0,5,5,37,244,229,186,73,347.7117585848075,174.03590010405827,13.540582726326742,37.65504682622269,765.1945889698231,715.4136316337149,376.30853277835587,208.76066597294482,10
438,Russell Westbrook,LA Clippers,PG,88,188,34,90,399.0,19,25,651.7,1,17,25.0,14,14,28,35,14,10,15,0,20,151,116,123,63,176.68685121107268,27.759515570934255,50.68685121107267,1.2768166089965398,439.7595155709343,299.43252595155707,275.0,120.46020761245676,10
439,Ryan Arcidiacono,New York Knicks,G,0,5,0,1,0.0,0,0,0.0,0,1,0.0,0,0,0,0,1,1,0,0,3,0,0,0,0,0.0,0.0625,0.0,0.0,0.0625,0.0625,0.0,0.0625,1
440,Saben Lee,Phoenix Suns,G,35,98,9,28,194.29999999999998,15,20,416.7,2,9,83.3,3,15,18,17,6,4,2,0,11,70,53,52,35,190.68,24.479999999999997,5.720000000000001,1.5200000000000005,336.32,336.0,189.68,31.519999999999996,8
441,Saddiq Bey,Atlanta Hawks,SF,146,337,48,125,372.4,31,35,800.0,19,59,298.4,29,32,61,14,7,4,10,4,-23,221,207,160,75,398.90000000000003,67.125,9.625,14.9,439.4000000000001,478.32500000000005,362.225,74.5,10
442,Sam Hauser,Boston Celtics,SF,153,256,54,100,522.1,0,0,0.0,45,86,504.1,4,37,41,11,11,11,3,5,80,205,194,164,52,877.5667051134178,19.32218377547097,9.093810073048825,85.54363706266821,982.8615916955018,1029.7362552864283,835.5217224144559,23.586312956555176,10
443,Sam Merrill,Cleveland Cavaliers,SG,105,243,32,77,400.3,10,11,566.7,31,74,401.1,3,23,26,27,14,2,6,2,30,158,131,132,53,239.23757054555227,45.540446116635316,70.80059123891428,26.460897608169844,433.1609782316582,344.02338081160974,325.2652512765386,119.45095404461166,10
444,Samardo Samuels,Houston Rockets,F,0,6,0,1,0.0,0,0,0.0,0,0,0.0,1,1,2,0,0,0,0,0,-5,2,2,0,2,1.44,1.9599999999999997,0.0,0.0,0.03999999999999998,0.03999999999999998,1.44,1.9599999999999997,1
445,Sandro Mamukelashvili,San Antonio Spurs,PF,41,80,19,29,434.8,2,3,100.0,1,5,50.0,13,12,25,7,6,2,2,1,30,73,66,48,32,130.95867768595042,84.87603305785123,9.049586776859503,0.9586776859504131,400.88429752066116,337.603305785124,160.01652892561984,128.14876033057854,8
446,Santi Aldama,Memphis Grizzlies,PF,116,316,42,90,459.2,13,20,450.0,19,52,309.5,11,56,67,23,14,10,7,16,-91,206,183,139,90,468.0445816186557,94.45679012345678,18.56310013717421,32.47050754458162,909.0123456790124,770.3820301783264,563.0,156.69478737997255,10
447,Sasha Vezenkov,Sacramento Kings,F,14,32,4,10,95.30000000000001,3,3,100.0,3,5,150.0,0,3,3,2,6,3,1,0,19,19,17,16,5,4.72,2.4799999999999995,0.7200000000000001,2.0,10.0,5.5200000000000005,8.879999999999999,3.5200000000000005,3
448,Scoot Henderson,Portland Trail Blazers,G,164,311,62,155,408.5,26,32,785.0,14,44,298.3,8,36,44,59,35,14,44,2,-145,267,208,223,103,179.61332950301636,48.46136167767882,48.856937661591495,6.419419706980753,408.5610456765298,212.07756391841426,325.65843148520537,147.7566791151968,10
449,Scottie Barnes,Toronto Raptors,SF,179,333,70,155,460.1,33,39,674.9,6,36,159.89999999999998,28,63,91,75,18,13,31,14,21,345,270,254,166,391.6640625,102.8515625,85.6640625,4.8515625,827.2890625,587.40625,576.65625,243.40625,10
450,Scotty Pippen Jr.,Memphis Grizzlies,G,116,247,41,85,444.2,17,25,433.3,17,37,480.0,8,21,29,43,30,17,23,6,-65,188,145,159,72,317.6212278876171,23.149843912591052,58.22788761706556,10.105098855359001,461.70655567117586,427.68678459937564,331.582726326743,101.4360041623309,10
451,Seth Curry,Charlotte Hornets,SG,81,181,29,67,372.5,14,15,566.7,9,31,256.6,4,15,19,17,7,5,7,3,-33,117,100,98,36,233.0,12.900826446280993,16.140495867768593,4.900826446280991,334.3388429752066,276.08264462809916,269.8677685950413,50.429752066115704,10
452,Shai Gilgeous-Alexander,Oklahoma City Thunder,PG,250,341,92,188,489.8,51,65,795.1,15,48,292.6,9,44,53,53,24,18,23,6,54,356,303,303,106,509.02606310013715,74.36556927297669,43.567901234567906,16.842935528120712,960.6975308641976,734.9444444444443,720.6598079561044,132.05281207133058,10
453,Shake Milton,New York Knicks,SG,49,126,21,46,431.1,2,3,66.7,5,12,250.0,9,19,28,15,12,4,5,2,-6,92,77,64,43,155.11342155009453,78.99432892249528,17.29867674858223,8.731568998109642,519.9017013232515,410.2741020793951,221.44801512287333,139.586011342155,10
454,Simone Fontecchio,Detroit Pistons,F,158,307,55,116,455.5,19,21,616.7,29,65,413.2,8,41,49,16,20,10,13,5,5,223,207,174,65,506.0,36.90963139120095,14.430439952437576,30.11296076099881,589.4708680142687,547.3923900118907,538.8442330558859,60.574316290130795,10
455,Skylar Mays,Los Angeles Lakers,SG,8,34,4,10,170.0,0,0,0.0,0,3,0.0,0,1,1,3,2,3,2,1,-3,12,9,11,4,14.131519274376416,0.7641723356009069,3.1632653061224487,0.0,12.485260770975056,15.485260770975053,12.47845804988662,2.580498866213152,4
456,Spencer Dinwiddie,Los Angeles Lakers,PG,73,245,20,53,321.5,21,24,538.9,12,30,381.7,2,17,19,19,22,4,13,6,14,111,92,92,38,597.0,32.94444444444445,31.036111111111108,11.7,888.9694444444445,723.6111111111111,767.6027777777778,58.73611111111111,10
457,Stanley Umude,Detroit Pistons,G,49,150,16,39,260.4,8,9,366.7,9,25,243.3,5,16,21,3,15,4,4,2,-32,73,70,52,24,177.08,44.0,1.9200000000000002,10.88,278.68,272.78,180.88,48.02,8
458,Stephen Curry,Golden State Warriors,PG,233,316,82,190,436.0,27,28,780.0,42,115,372.3,6,33,39,50,9,3,17,1,76,322,272,283,89,499.34703433922994,82.82466181061395,60.26014568158169,20.364724245577523,806.9760665972946,683.2445369406868,621.6633714880334,144.5,10
459,Svi Mykhailiuk,Boston Celtics,SG,52,135,18,43,560.4,1,1,100.0,15,37,413.3,2,15,17,14,2,4,2,0,77,83,69,66,31,58.10493827160494,27.067901234567902,13.234567901234568,8.993827160493828,217.27160493827157,146.1111111111111,113.06790123456788,56.5,10
460,T. Vukcevic,Washington Wizards,PF,9,22,3,8,73.3,0,0,0.0,3,6,100.0,0,5,5,2,5,0,1,0,-1,16,14,11,7,19.37603305785124,1.4297520661157028,3.0578512396694215,2.1528925619834713,36.219008264462815,31.243801652892564,24.367768595041323,4.47107438016529,2
461,T.J. McConnell,Indiana Pacers,PG,137,196,61,118,525.2,9,10,400.0,6,12,450.0,4,25,29,49,9,10,18,1,28,215,166,186,78,57.047299113141634,13.4966406879871,39.174146734748724,2.4568664337543673,82.99785004031176,80.56490190808921,74.4891158290782,37.661918839021766,10
462,T.J. Warren,Minnesota Timberwolves,SF,29,105,13,34,301.2,1,2,50.0,2,11,83.3,5,12,17,7,11,3,4,1,23,53,46,36,24,48.8048,14.875200000000001,6.9328,1.5008000000000001,71.8512,74.4928,39.92,28.0512,8
463,Taj Gibson,Detroit Pistons,F,3,11,1,2,50.0,0,0,0.0,1,2,50.0,0,2,2,0,1,1,0,0,-3,5,5,3,2,2.5600000000000005,0.03999999999999998,0.16000000000000003,0.36,1.9599999999999997,3.2399999999999993,1.44,0.04000000000000007,1
464,Taj Gibson,New York Knicks,F,2,68,0,9,0.0,2,2,100.0,0,2,0.0,4,6,10,4,8,1,3,0,2,16,12,6,14,8.2,10.200000000000001,1.6,0.8000000000000002,15.600000000000001,12.400000000000002,6.6000000000000005,16.599999999999998,5
465,Talen Horton-Tucker,Utah Jazz,SG,64,154,19,65,304.2,16,18,566.7,10,30,384.9,3,17,20,23,12,6,3,5,-48,107,84,87,43,50.625,55.1640625,30.7890625,2.478515625,221.125,155.1015625,107.6015625,95.0,10
466,Taurean Prince,Los Angeles Lakers,PF,80,203,29,61,492.9,8,11,266.7,14,37,403.6,2,24,26,8,12,3,7,4,3,114,106,88,34,165.77285318559558,32.40443213296399,8.073253308710374,8.606955986457372,228.21360418590336,198.0,187.678054786088,48.786088027085256,10
467,Taylor Hendricks,Utah Jazz,F,94,284,33,78,422.8,11,14,391.7,17,48,336.9,12,52,64,8,29,5,5,13,-97,166,158,102,72,184.12742382271472,72.40443213296399,3.601108033240997,10.34379809172053,240.0,209.07479224376732,207.45706371191136,83.601108033241,10
468,Taze Moore,Portland Trail Blazers,G,2,5,1,1,100.0,0,0,0.0,0,0,0.0,0,0,0,1,0,0,1,0,7,3,2,3,1,1.44,0.0,0.6400000000000001,0.0,4.0,1.44,4.0,0.6400000000000001,1
469,Terance Mann,LA Clippers,SG,93,256,32,70,462.4,16,17,650.0,13,32,548.8,6,23,29,10,19,9,5,2,-30,132,122,103,39,200.9254220206601,37.415217939027464,16.644998740236836,2.257243638196019,349.5021415973797,278.2448979591837,291.0297304106828,35.21315192743765,10
470,Terquavion Smith,Philadelphia 76ers,G,40,59,14,34,241.1,2,3,100.0,10,26,216.6,0,2,2,10,3,7,4,0,9,52,42,50,12,186.96296296296296,1.4074074074074074,17.185185185185183,17.185185185185183,177.40740740740742,184.66666666666663,179.62962962962965,18.666666666666668,6
471,Terry Rozier,Miami Heat,SG,184,329,72,167,430.1,16,19,472.7,24,66,315.1,5,39,44,34,13,11,10,4,65,262,228,218,78,213.7777777777778,22.400548696844993,66.8593964334705,48.472565157750346,238.25308641975312,232.82030178326477,226.2914951989026,82.179012345679,10
472,Terry Taylor,Chicago Bulls,F,15,56,5,10,325.0,3,4,150.0,2,3,150.0,4,10,14,3,1,2,0,0,-15,32,29,18,17,26.351020408163265,37.75918367346939,3.461224489795918,1.7877551020408164,133.8081632653061,113.41632653061225,32.64489795918367,55.31836734693878,5
473,Thaddeus Young,Phoenix Suns,F,16,53,8,14,225.0,0,2,0.0,0,0,0.0,12,9,21,4,5,3,2,0,16,41,37,20,25,8.137174211248286,51.41975308641975,4.927297668038408,0.0,71.34567901234568,61.3758573388203,21.77777777777778,52.67626886145405,4
474,Thaddeus Young,Phoenix Suns,PF,41,128,20,28,469.9,1,3,50.0,0,2,0.0,11,18,29,14,12,2,4,1,-24,84,70,55,43,158.90946502057614,27.51851851851852,29.687242798353914,0.0,428.5185185185186,247.6378600823046,304.33333333333326,92.66255144032921,6
475,Thanasis Antetokounmpo,Milwaukee Bucks,SF,10,48,5,11,266.7,0,2,0.0,0,1,0.0,2,1,3,4,8,1,3,1,-18,17,13,14,7,15.09375,1.5,1.5,0.0,20.34375,18.59375,16.84375,3.0,6
476,Theo Maledon,Phoenix Suns,PG,5,10,1,2,50.0,3,3,100.0,0,0,0.0,0,1,1,0,3,0,3,0,-11,6,6,5,1,14.0625,0.5625,0.0,0.0,20.25,20.25,14.0625,0.5625,1
477,Thomas Bryant,Miami Heat,C,91,143,33,58,520.0,21,23,750.0,4,14,233.3,12,41,53,6,17,4,4,7,41,150,144,97,59,488.577097505669,97.30839002267574,8.444444444444446,4.4274376417233565,920.7675736961451,858.1326530612246,549.2755102040817,107.68934240362812,10
478,Tim Hardaway Jr.,Dallas Mavericks,SF,87,211,30,79,299.7,9,11,416.7,18,49,300.6,2,25,27,22,7,9,6,1,50,136,114,109,49,624.0685299650632,62.33243751679656,36.14189733942488,30.590701424348293,1185.8441279226015,953.5146466003762,849.907820478366,104.96452566514378,10
479,Tobias Harris,Philadelphia 76ers,PF,157,339,63,141,434.0,19,24,668.3,12,42,261.1,11,66,77,24,14,11,14,10,-40,258,234,181,101,392.4765625,105.44444444444444,15.2265625,16.37934027777778,686.2777777777777,555.9626736111111,510.5,132.96267361111111,10
480,Torrey Craig,Chicago Bulls,SF,65,187,24,51,468.3,2,4,100.0,15,34,463.8,5,21,26,12,16,5,5,3,-27,103,91,77,38,126.66803840877915,22.507544581618657,9.731824417009602,14.5,229.31207133058984,197.44444444444446,164.69753086419752,26.07750342935528,10
481,Tosan Evbuomwan,Detroit Pistons,F,74,237,26,46,632.3,13,20,341.7,9,21,440.0,8,30,38,6,15,4,7,2,-79,118,112,80,44,154.8661511005354,53.62879238548483,6.468768590124926,7.042831647828674,370.42712671029153,319.37775133848896,185.42653182629385,80.58655562165377,10
482,Toumani Camara,Portland Trail Blazers,F,88,292,35,67,507.2,8,9,350.0,10,26,336.6,19,23,42,22,26,8,13,8,-36,152,130,110,64,287.70000000000005,51.93611111111112,28.402777777777775,8.002777777777778,547.7,471.46944444444443,351.46944444444443,92.8,10
483,Trae Young,Atlanta Hawks,PG,235,370,76,173,432.4,45,55,813.4,38,93,399.0,2,18,20,109,22,11,45,2,-38,364,255,344,129,758.2361111111111,12.069444444444445,83.0,45.06944444444444,786.5,622.5,926.4027777777778,90.90277777777777,10
484,Trayce JacksonDavis,Golden State Warriors,F,113,270,52,75,688.8,9,18,408.3,0,1,0.0,34,46,80,23,15,9,6,17,19,216,193,136,103,193.43611111111113,115.06944444444443,24.325,0.0,438.42499999999995,364.20000000000005,235.07777777777778,171.9777777777778,10
485,Tre Jones,San Antonio Spurs,PG,121,313,44,80,494.1,17,19,650.0,16,29,347.1,9,31,40,63,12,11,17,0,-10,224,161,184,103,482.41259765625,26.087890625,38.962890625,25.51806640625,536.72509765625,507.11962890625,500.56884765625,76.5,10
486,Tre Mann,Charlotte Hornets,PG,112,309,44,98,448.6,13,19,317.1,11,38,298.4,8,33,41,53,15,11,24,1,-67,206,153,165,94,213.00226346763242,41.58488003621549,56.105477591670436,7.211860570393844,428.154821186057,324.1471253961068,343.7324581258488,70.96785875961974,10
487,Trendon Watford,Brooklyn Nets,PF,105,183,38,67,480.3,21,29,532.8,8,16,300.0,11,25,36,9,21,7,15,4,-15,150,141,114,45,460.0658284023669,64.0,16.900147928994084,5.761094674556213,734.5710059171597,667.6812130177515,507.80177514792894,100.05399408284025,10
488,Trent Forrest,Atlanta Hawks,G,24,130,10,28,356.6,4,4,200.0,0,3,0.0,4,10,14,36,3,3,7,2,-11,74,38,60,50,31.090349865436373,12.444444444444446,62.917339484813525,0.0,123.50096116878125,20.685121107266436,118.40292195309496,90.86505190311419,10
489,Trevelin Queen,Orlando Magic,SG,0,13,0,3,0.0,0,0,0.0,0,2,0.0,0,1,1,1,1,0,0,0,-17,2,1,1,2,0.0,0.5555555555555556,0.5555555555555556,0.0,0.22222222222222227,0.5555555555555556,0.5555555555555556,0.22222222222222227,2
490,Trey Jemison,Memphis Grizzlies,C,82,232,36,58,546.0,10,12,500.0,0,0,0.0,27,24,51,11,29,3,15,7,-11,144,133,93,62,465.1331496786043,21.648301193755735,6.92653810835629,0.0,532.9568411386593,593.0,407.8301193755739,25.83471074380165,10
491,Trey Lyles,Sacramento Kings,PF,60,190,20,48,413.7,13,16,675.0,7,22,276.7,13,27,40,11,21,0,9,4,18,111,100,71,51,123.60000000000001,14.4,10.904,13.0,217.784,146.39999999999998,181.064,39.224000000000004,10
492,Trey Murphy III,New Orleans Pelicans,SG,150,337,47,116,410.1,27,32,735.7,29,79,390.2,9,62,71,30,7,9,10,6,-2,251,221,180,101,191.9905325443787,49.9301775147929,23.4792899408284,18.914792899408283,212.7633136094675,137.40236686390529,232.90177514792902,107.85917159763312,10
493,Tristan Thompson,Cleveland Cavaliers,C,18,78,8,15,258.4,2,6,100.0,0,0,0.0,12,16,28,9,8,3,4,3,-20,55,46,27,37,44.24032140248356,24.008765522279035,1.4411979547114682,0.0,88.92184075967859,99.15339663988313,39.55880204528853,19.899926953981,7
494,Troy Brown Jr.,Detroit Pistons,SF,35,178,11,45,230.4,7,9,230.0,6,24,174.89999999999998,4,26,30,7,5,5,6,0,-48,72,65,42,37,62.76757369614512,34.022675736961446,8.622448979591837,4.444444444444445,191.91836734693877,142.33673469387756,104.5668934240363,50.42743764172335,10
495,TyTy Washington Jr.,Milwaukee Bucks,G,0,8,0,2,0.0,0,0,0.0,0,1,0.0,0,0,0,1,0,0,0,0,-4,1,0,1,1,0.0,0.0,0.44444444444444453,0.0,0.44444444444444453,0.0,0.44444444444444453,0.44444444444444453,1
496,Tyler Herro,Miami Heat,PG,183,325,71,166,433.4,10,13,333.4,31,80,406.0,3,46,49,50,11,0,13,1,35,282,232,233,99,148.11111111111111,40.94444444444444,28.069444444444443,12.944444444444445,309.7361111111111,207.61111111111111,206.125,113.125,10
497,Tyrese Haliburton,Indiana Pacers,PG,185,320,66,146,457.5,27,30,796.7,26,76,344.09999999999997,4,40,44,95,17,18,18,7,70,324,229,280,139,270.6,47.11111111111111,97.16944444444445,26.444444444444446,421.86944444444447,227.57777777777773,506.1361111111111,103.0361111111111,10
498,Tyrese Maxey,Philadelphia 76ers,PG,235,380,85,199,429.8,37,45,650.0,28,79,365.6,2,30,32,59,18,9,17,4,-10,326,267,294,91,588.6,57.867768595041326,83.0396694214876,21.629752066115703,859.3388429752066,871.4132231404958,530.5123966942149,186.9206611570248,10
499,Tyus Jones,Washington Wizards,PG,91,313,36,84,402.0,4,4,300.0,15,43,360.8,3,22,25,97,4,9,13,2,-70,213,116,188,122,345.04336734693874,43.53316326530612,160.5,20.959183673469386,776.265306122449,542.0510204081633,542.9719387755102,240.3188775510204,10
500,Udoka Azubuike,Phoenix Suns,C,2,11,1,3,33.3,0,2,0.0,0,0,0.0,2,4,6,0,1,0,0,0,-3,8,8,2,6,1.7777777777777781,13.444444444444443,0.0,0.0,25.0,25.0,1.7777777777777781,13.444444444444443,1
501,Vasilije Micic,Charlotte Hornets,G,131,321,50,103,480.5,18,23,552.8,13,39,278.6,5,14,19,68,17,9,22,3,-83,218,150,199,87,486.9976218787158,16.904280618311535,146.397146254459,21.0,537.0992865636149,403.0992865636147,581.0095124851366,203.2895362663496,10
502,Victor Wembanyama,San Antonio Spurs,C,237,316,82,178,460.4,54,73,776.1,19,69,270.6,28,89,117,48,23,13,45,33,13,402,354,285,165,923.2443519619501,181.02080856123663,27.63436385255648,14.914387633769323,1995.2491082045185,1740.8180737217597,1118.5196195005944,267.8109393579073,10
503,Vince Williams Jr.,Memphis Grizzlies,G,127,336,42,92,459.70000000000005,30,38,723.3,13,34,328.8,8,54,62,61,30,12,34,9,-54,250,189,188,123,231.93628808864267,72.8808864265928,35.61495844875347,18.00831024930748,492.2326869806094,474.07479224376726,226.76454293628805,131.82548476454295,10
504,Vit Krejci,Atlanta Hawks,G,87,306,33,58,609.3,3,3,100.0,18,37,355.4,4,23,27,24,31,4,10,4,37,138,114,111,51,264.5694444444445,31.296006944444446,12.444444444444445,36.767361111111114,442.9835069444444,401.7890625,298.90277777777777,50.6015625,10
505,Walker Kessler,Utah Jazz,C,72,251,31,44,697.5,10,12,500.0,0,0,0.0,25,58,83,12,21,4,13,13,-68,167,155,84,95,107.79171597633136,67.19408284023669,7.685207100591716,0.0,218.91005917159765,190.8698224852071,118.42130177514792,92.28994082840237,10
506,Wendell Carter Jr.,Orlando Magic,C,99,254,37,75,472.5,16,28,457.1,9,34,207.9,18,63,81,25,14,13,15,5,64,205,180,124,106,255.0396694214876,104.1801652892562,20.173553719008265,8.96694214876033,615.9586776859504,514.0661157024794,339.24628099173555,142.0396694214876,10
507,Wendell Moore Jr.,Minnesota Timberwolves,G,2,5,1,1,100.0,0,0,0.0,0,0,0.0,0,2,2,0,1,0,0,0,8,4,4,2,2,3.305785123966942,2.6776859504132227,0.002066115702479339,0.0,11.621900826446282,11.933884297520661,3.1425619834710745,2.53099173553719,1
508,Wenyen Gabriel,Memphis Grizzlies,F,17,81,8,22,168.3,0,5,0.0,1,6,50.0,7,18,25,3,10,2,8,2,-16,45,42,20,28,59.72702331961591,43.6159122085048,4.060356652949245,0.879286694101509,182.2098765432099,171.6858710562414,60.574759945130324,57.352537722908096,5
509,Wesley Matthews,Atlanta Hawks,SG,54,150,19,46,470.4,2,2,100.0,14,29,495.0,5,15,20,8,13,5,2,5,-20,82,74,62,28,106.71604938271605,30.04444444444444,13.60493827160494,6.4,178.09382716049382,164.99753086419753,113.84197530864196,49.619753086419756,10
510,Xavier Moon,LA Clippers,G,2,11,1,6,33.3,0,0,0.0,0,2,0.0,1,1,2,0,1,1,1,0,-20,4,4,2,2,2.18,2.5,0.8022222222222222,0.0,0.3755555555555552,0.07999999999999996,3.742222222222222,2.0355555555555553,2
511,Xavier Tillman,Boston Celtics,F,26,146,11,27,351.6,2,4,100.0,2,14,133.3,10,22,32,10,8,4,3,3,34,68,58,36,42,41.0784207679827,36.098431584640345,4.005408328826393,1.6365603028664142,129.63656030286643,133.61384532179557,39.20497566252028,38.0,10
512,Yuta Watanabe,Memphis Grizzlies,SF,22,97,10,24,250.0,0,2,0.0,2,12,64.3,0,11,11,5,6,5,4,0,-36,38,33,27,16,115.08000000000001,11.27,3.75,1.4800000000000004,136.28,131.43,116.23000000000002,18.72,7
513,Zach Collins,San Antonio Spurs,PF,89,175,32,69,446.3,20,25,641.7,5,16,266.7,15,33,48,22,31,6,18,9,-50,159,137,111,70,216.90520160049246,84.87103724222838,23.696522006771314,6.519236688211759,383.3650353955063,419.6371191135734,204.95690981840565,84.24376731301939,10
514,Zavier Simpson,Memphis Grizzlies,G,0,9,0,1,0.0,0,0,0.0,0,0,0.0,1,0,1,4,1,1,1,0,12,5,1,4,5,0.0,0.0,0.0,0.0,0.0,0.0,0.0,0.0,1
515,Zeke Nnaji,Denver Nuggets,PF,18,100,6,17,350.0,6,8,300.0,0,2,0.0,7,10,17,4,10,2,2,10,-19,39,35,22,21,50.40625,16.277777777777775,7.350694444444445,0.0,130.125,94.18402777777779,73.06944444444443,36.90625,10
516,Ziaire Williams,Memphis Grizzlies,F,103,270,39,94,389.0,13,16,421.4,12,46,213.7,6,38,44,20,15,12,15,0,-39,167,147,123,64,552.1,32.4,24.0,17.599999999999998,788.1,632.1,714.1,50.4,10
517,Zion Williamson,New Orleans Pelicans,PF,260,341,97,159,596.7,66,94,657.5,0,0,0.0,18,46,64,44,27,14,40,5,26,368,324,304,108,729.310153691106,46.44444444444444,49.82716049382716,0.002519526329050138,915.2607709750566,801.1725875535399,871.1020408163265,68.5679012345679,10
