,First Last Name,team,position,points,minutes,fgm,fga,fgp,ftm,fta,ftp,tpm,tpa,tpp,offReb,defReb,totReb,assists,pFouls,steals,turnovers,blocks,plusMinus,Points_Rebounds_Assist,Points_Rebounds,Points_Assist,Rebounds_Assist,points_deviation,totReb_deviation,assists_deviation,tpm_deviation,Points_Rebounds_Assist_deviation,Points_Rebounds_deviation,Points_Assist_deviation,Rebounds_Assist_deviation,count
0,A. Flagler,Oklahoma City Thunder,F,3,15,1,7,25.0,0,0,0.0,1,6,33.3,0,0,0,4,0,0,0,0,0,7,3,7,4,6.12,0.0,2.7200000000000006,0.6800000000000002,17.0,6.12,17.0,2.7200000000000006,2
1,A.J. Green,Milwaukee Bucks,G,42,153,14,37,375.8,5,6,300.0,9,29,190.0,1,16,17,4,12,3,4,1,16,63,59,46,21,96.19422267382785,24.874582668021485,4.425606038612281,14.414428799535493,242.43417041660615,195.7487298591958,128.1979968065031,43.98185513136885,10
2,A.J. Lawson,Dallas Mavericks,G,40,98,17,45,378.5,4,8,200.0,2,16,100.0,4,16,20,8,6,1,3,1,-21,68,60,48,28,149.28894173602853,45.65814506539833,7.227705112960761,1.873959571938169,333.640903686088,272.9019024970273,182.09809750297268,80.81569560047564,10
3,AJ Griffin,Atlanta Hawks,F,7,29,3,9,66.6,0,0,0.0,1,4,100.0,0,4,4,1,0,0,1,1,-15,12,11,8,5,1.2469135802469125,8.617283950617283,0.5555555555555556,0.5555555555555556,8.024691358024691,4.506172839506172,0.3950617283950621,13.54320987654321,2
4,Aaron Gordon,Denver Nuggets,PF,143,353,54,94,568.3,31,41,627.9,4,20,200.0,29,47,76,52,18,7,13,5,63,271,219,195,128,507.52071005917156,150.13307571549328,39.69037555850743,4.489312884917281,783.3866682767782,884.6597029344282,410.832387392827,185.23873928269532,10
5,Aaron Holiday,Houston Rockets,G,62,145,24,53,338.1,6,6,200.0,8,26,213.3,5,8,13,14,18,5,6,0,-8,89,75,76,27,374.5340234818836,24.10011362201742,7.480873627067288,7.747254134578967,606.365736649413,545.4547405630602,423.8076000504987,43.21840676682237,10
6,Aaron Nesmith,Indiana Pacers,SF,115,325,37,88,470.3,26,27,785.7,15,51,323.2,9,35,44,22,35,8,11,10,16,181,159,137,66,132.9380746349378,27.342347214710657,35.623850730124396,16.84613304488913,255.1146565711195,214.99540292049755,154.35749053542455,81.66603569497026,10
7,Aaron Wiggins,Oklahoma City Thunder,SG,100,190,40,71,621.1,11,13,616.7,9,20,403.3,7,24,31,21,12,14,8,2,54,152,131,121,52,490.2030405060708,22.777777777777782,17.144270992755843,6.980818283848587,676.3554739312315,531.7350270380574,642.9177634935211,31.827772676257517,10
8,Adama Sanogo,Chicago Bulls,C,26,51,10,23,84.4,6,9,66.7,0,0,0.0,16,11,27,0,5,1,4,0,9,53,53,26,27,375.48582230623816,291.3213610586011,0.0,0.0,1324.9168241965976,1324.9168241965976,375.48582230623816,291.3213610586011,3
9,Admiral Schofield,Orlando Magic,SF,8,18,3,6,116.7,0,0,0.0,2,4,150.0,0,4,4,1,1,1,0,0,-20,13,12,9,5,15.948870392390013,0.8763376932223544,0.6682520808561238,0.8097502972651605,22.0,19.15101070154578,17.428061831153386,2.914387633769322,3
10,Al Horford,Boston Celtics,C,93,242,38,67,575.0,2,4,100.0,15,38,443.3,12,46,58,18,8,5,6,6,80,169,151,111,76,128.31877162629758,29.64576124567474,10.348183391003461,6.076557093425604,156.97275086505195,126.88754325259517,152.83391003460207,45.564013840830455,10
11,Alec Burks,New York Knicks,SG,57,130,17,59,227.7,13,16,471.4,10,32,259.9,1,17,18,11,3,5,6,0,-2,86,75,68,29,289.8632088148347,18.807847352862133,13.03547433485622,8.526740123622682,476.8589088954582,432.7350174684225,332.3961300725611,33.43429185702768,10
12,Aleksej Pokusevski,Charlotte Hornets,F,84,194,27,62,478.9,19,27,475.0,11,28,356.6,6,42,48,12,8,4,8,6,9,144,132,96,60,110.53157753292125,40.54985219027143,9.67696855683956,5.434291857027682,191.7790916420317,220.88578339156143,95.43402311206665,36.217683418435904,10
13,Alex Caruso,Chicago Bulls,SG,88,311,31,69,468.5,3,4,150.0,23,47,474.4,7,33,40,53,21,17,17,6,-39,181,128,141,93,237.4768166089965,28.167474048442905,50.96539792387543,28.11695501730103,421.04844290657445,338.5467128027682,287.36401384083047,111.74740484429066,10
14,Alex Fudge,Dallas Mavericks,F,11,26,5,9,55.6,0,0,0.0,1,3,33.3,2,1,3,0,1,3,1,0,-19,14,14,11,3,60.5,0.5,0.0,0.5,72.0,72.0,60.5,0.5,2
15,Alex Len,Sacramento Kings,C,12,104,5,10,400.0,2,4,50.0,0,0,0.0,9,18,27,18,20,1,6,7,38,57,39,30,45,31.633136094674555,36.72225576621181,12.212051684579157,0.0,52.7555850742664,69.64533268928874,20.55524695085135,43.12244897959184,10
16,Alondes Williams,Miami Heat,G,0,6,0,1,0.0,0,0,0.0,0,1,0.0,0,1,1,0,0,0,1,0,-2,1,1,0,1,0.8975069252077561,0.8975069252077563,0.0,0.0,0.0,0.0,0.8975069252077561,0.8975069252077563,1
17,Alperen Sengun,Houston Rockets,C,209,324,81,157,512.7,43,68,622.9,4,12,200.0,39,68,107,45,36,16,26,7,2,361,316,254,152,847.1723356009071,197.81632653061226,123.77551020408163,4.408163265306122,1935.0226757369614,1622.4580498866212,993.7777777777778,487.5510204081633,10
18,Amari Bailey,Charlotte Hornets,G,18,39,6,15,123.3,5,5,200.0,1,5,50.0,4,3,7,5,2,3,3,0,6,30,25,23,12,81.21301775147928,18.633136094674555,10.325443786982248,0.7633136094674556,257.8520710059172,176.43786982248525,139.66863905325448,51.917159763313606,3
19,Amen Thompson,Houston Rockets,F,136,310,53,95,605.0,30,40,733.3,0,4,0.0,42,54,96,42,23,16,17,5,26,274,232,178,138,344.2716049382716,170.44938271604937,67.7,0.019753086419753086,1311.3,949.1999999999999,582.7716049382716,361.7493827160494,10
20,Amir Coffey,LA Clippers,SG,84,275,31,86,378.1,10,12,400.0,12,45,204.1,6,24,30,9,19,7,6,4,-45,123,114,93,39,361.45391802036863,33.704401986364786,6.831158993350728,13.622759027017928,612.6015486911876,567.8394074572848,403.8445417052436,42.90707852874337,10
21,Andre Drummond,Chicago Bulls,C,83,164,34,59,576.3,15,23,263.4,0,0,0.0,29,68,97,4,19,12,9,8,51,184,180,87,101,194.7871315192744,242.1045918367347,8.402777777777779,0.0,804.9719387755102,746.172335600907,241.19387755102042,262.90022675736964,10
22,Andre Jr. Jackson,Milwaukee Bucks,G,20,113,8,21,366.7,0,0,0.0,4,11,150.0,10,16,26,14,16,7,8,3,-11,60,46,34,40,46.26488962932111,33.328613077884214,42.0,4.530612244897959,286.8038317367763,142.76301541024574,143.4893794252395,122.14493960849647,10
23,Andrew Funk,Chicago Bulls,G,0,7,0,2,0.0,0,0,0.0,0,2,0.0,0,0,0,0,0,0,0,1,0,0,0,0,0,0.0,0.0,0.0,0.0,0.0,0.0,0.0,0.0,1
24,Andrew Nembhard,Indiana Pacers,PG,110,309,44,80,534.5,9,13,310.0,13,32,350.0,7,19,26,46,31,6,10,1,49,182,136,156,72,225.13462603878116,17.20775623268698,54.93850415512465,12.200000000000001,430.3634349030471,324.2570637119113,326.61163434903045,76.77562326869806,10
25,Andrew Wiggins,Golden State Warriors,SF,161,286,55,130,419.1,33,41,658.3,18,50,325.8,9,39,48,19,17,6,19,10,3,228,209,180,67,337.52318339100344,21.06020761245675,51.426297577854676,13.712110726643598,545.447750865052,373.76539792387547,472.30449826989616,109.38754325259517,10
26,Anfernee Simons,Portland Trail Blazers,SG,234,361,80,177,436.7,36,39,757.1,38,94,405.4,4,33,37,64,19,7,30,1,-38,335,271,298,101,935.5240670632775,28.301243915630067,125.20497566252028,19.635478637101134,1764.6960519199567,1205.978907517577,1461.0362358031368,186.71119524067063,10
27,Anthony Black,Orlando Magic,G,36,131,15,36,465.0,1,3,33.3,5,15,266.7,4,7,11,8,9,5,5,2,-11,55,47,44,19,54.20252385349338,5.082486919052016,6.014158202523853,4.537703908895044,80.32409972299169,51.232071406586634,82.34472145275468,12.046475838719605,10
28,Anthony Davis,Los Angeles Lakers,PF,251,373,98,165,585.1,53,66,719.6,2,13,116.7,36,99,135,35,33,11,22,19,15,421,386,286,170,851.6190926275992,200.50118147448018,28.11743856332703,2.4359640831758034,1555.0,1397.2696124763704,950.2620510396976,287.7060491493384,10
29,Anthony Edwards,Minnesota Timberwolves,SG,270,361,90,187,453.4,63,71,866.4,27,72,307.4,12,47,59,55,23,15,32,4,18,384,329,325,114,1491.2031294184183,77.3276463380149,28.500235648977284,50.95400131963427,1957.0310114054105,1793.4311433688376,1673.8230747478556,86.80780469412763,10
30,Anthony Gill,Washington Wizards,PF,94,232,39,84,450.8,12,14,460.0,4,20,136.6,16,24,40,14,29,6,5,4,-58,148,134,108,54,262.0,85.34693877551022,15.216326530612246,2.4020408163265303,595.6897959183673,559.9183673469388,286.8734693877551,111.46122448979592,10
31,Ashton Hagans,Portland Trail Blazers,G,43,175,15,38,303.3,7,8,350.0,6,17,250.0,9,18,27,32,20,7,18,3,-6,102,70,75,59,118.125,20.2,17.7,6.425,182.225,173.225,127.725,37.3,10
32,Ausar Thompson,Detroit Pistons,F,103,314,42,87,508.0,11,25,325.0,8,29,195.3,15,44,59,21,26,17,14,11,-6,183,162,124,80,121.7,31.399999999999995,24.125,8.5,347.72499999999997,237.7,200.02499999999998,87.225,10
33,Austin Reaves,Los Angeles Lakers,SG,169,335,60,123,496.9,28,35,658.4,21,58,360.0,8,27,35,35,22,9,14,6,-31,239,204,204,70,190.01988877368274,66.0626826279574,66.34885474597041,9.042605335092846,436.9012159487229,234.11744745027806,315.0398718069564,210.17532283909887,10
34,Ayo Dosunmu,Chicago Bulls,SG,154,369,61,121,521.7,14,17,491.7,18,47,416.1,8,24,32,37,31,12,19,8,-47,223,186,191,69,199.81406249999992,19.756249999999998,23.5390625,15.200000000000001,328.9062500000001,243.87656250000006,273.7999999999999,54.339062500000004,10
35,Bam Adebayo,Miami Heat,C,167,342,71,129,570.4,20,30,583.4,5,18,233.3,21,59,80,30,23,6,16,6,10,277,247,197,110,348.70941840277777,204.3083767361111,40.03754340277778,4.553168402777778,970.619140625,812.3793402777777,445.0173611111111,306.2777777777778,10
36,Ben Sheppard,Indiana Pacers,G,59,193,20,52,431.6,4,5,250.0,15,40,408.2,6,20,26,10,16,7,9,0,42,95,85,69,36,96.44801512287336,17.119092627599244,8.341446124763705,8.892485822306238,100.55222117202267,120.95085066162571,84.58813799621929,16.921786389413985,10
37,Ben Simmons,Brooklyn Nets,PG,53,168,24,38,521.1,5,11,150.0,0,0,0.0,15,39,54,46,20,9,12,4,-5,153,107,99,100,134.88888888888889,64.0,78.88888888888889,0.0,382.0,162.8888888888889,300.0,196.88888888888889,9
38,Bennedict Mathurin,Indiana Pacers,SG,139,275,44,115,340.3,35,45,614.5,16,44,245.0,10,33,43,23,24,7,17,4,-18,205,182,162,66,753.4765625,123.6015625,38.125,30.4140625,1418.90625,1097.65625,970.9140625,265.5390625,10
39,Bilal Coulibaly,Washington Wizards,SG,90,289,30,76,451.5,19,27,633.3,11,39,238.3,9,30,39,18,22,12,8,7,-98,147,129,108,57,127.37777777777777,38.5,16.0,13.177777777777775,337.8777777777778,291.7444444444444,166.31111111111107,61.699999999999996,10
40,Bismack Biyombo,Oklahoma City Thunder,C,16,66,6,11,183.3,4,8,150.0,0,0,0.0,5,12,17,2,7,1,4,3,11,35,33,18,19,43.52777777777778,41.0,1.7152777777777775,0.0,167.9375,167.52777777777777,44.4375,42.21527777777778,7
41,Blake Wesley,San Antonio Spurs,G,54,186,19,43,403.3,12,18,516.7,4,14,191.7,3,23,26,34,16,3,17,0,-18,114,80,88,60,281.2136105860113,41.25992438563327,29.948015122873343,4.403827977315689,481.98487712665406,469.3468809073724,296.2807183364839,68.77882797731569,10
42,Boban Marjanovic,Houston Rockets,C,16,19,7,9,175.0,2,5,83.3,0,0,0.0,0,11,11,1,0,1,3,1,6,28,27,17,12,87.80718336483932,40.7882797731569,0.5765595463137996,0.0,265.9243856332704,244.00189035916827,101.78638941398869,49.30812854442344,2
43,Bobby Portis,Milwaukee Bucks,F,169,282,75,136,532.8,7,8,366.7,12,25,358.3,19,76,95,15,20,11,18,4,42,279,264,184,110,732.029,150.964,10.504,17.796000000000003,1056.269,1032.625,773.0409999999999,144.1,10
44,Bogdan Bogdanovic,Atlanta Hawks,SG,189,331,63,141,477.0,34,35,890.0,29,78,457.2,5,33,38,35,27,11,19,8,-43,262,227,224,73,542.4555785123966,75.6955061983471,42.9661673553719,14.918646694214877,1018.9297520661156,930.8814566115703,640.0818698347107,109.08367768595042,10
45,Bojan Bogdanovic,New York Knicks,SF,93,165,33,80,398.9,11,15,466.7,16,38,474.9,2,19,21,8,7,2,7,1,2,122,114,101,29,151.9658837283452,35.021681368902115,3.959825698799022,4.5105749814007865,210.21468806461897,221.43458390902327,140.76448081623977,38.963014135402275,10
46,Bol Bol,Phoenix Suns,C,35,101,14,24,389.2,2,2,100.0,5,9,175.0,4,22,26,3,7,5,4,4,-23,64,61,38,29,212.19671537253953,24.953024996981043,2.154208428933704,10.688684941432195,406.27798575051327,368.65414804975245,241.07426639294772,35.85352010626736,10
47,Bones Hyland,LA Clippers,PG,103,197,39,96,342.6,7,9,325.0,18,55,259.4,2,30,32,43,18,12,16,2,-39,178,135,146,75,1280.325,69.93611111111112,118.10277777777776,39.40277777777777,2453.625,1625.1777777777777,2035.9111111111115,260.9,10
48,Bradley Beal,Phoenix Suns,SG,214,364,83,151,548.8,17,18,566.7,31,52,552.4,15,29,44,41,30,8,27,10,-15,299,258,255,85,937.3163265306123,52.54498125780924,45.28967097042897,60.56518117451061,1093.2338608912953,1109.5493544356516,913.8887963348604,104.94668887963346,10
49,Brandin Podziemski,Golden State Warriors,G,90,256,37,70,537.3,3,3,200.0,13,24,506.6,16,46,62,32,11,6,10,1,23,184,152,122,94,181.663726219577,58.85768944627485,29.892868530130727,8.529386757359974,291.16250398554575,173.85928366457648,298.9807630991604,88.73674141779148,10
50,Brandon Boston Jr.,LA Clippers,SG,90,194,36,87,459.0,11,19,441.7,7,29,155.5,10,22,32,7,21,9,17,4,-48,129,122,97,39,410.9105079279763,59.33942488578339,10.76242945444773,8.467884977156679,915.7094866971245,755.755979575383,528.5839828003225,112.38188658962645,10
51,Brandon Clarke,Memphis Grizzlies,PF,68,134,33,59,329.5,1,7,50.0,1,6,100.0,13,19,32,9,8,5,3,6,-8,109,100,77,41,87.60640000000001,33.3344,9.5024,0.8335999999999999,105.19839999999999,89.6416,91.16,54.84,6
52,Brandon Ingram,New Orleans Pelicans,SF,152,319,60,141,432.9,25,28,733.4,7,25,290.0,4,44,48,34,20,6,24,11,-78,234,200,186,82,292.8931979070484,13.14435210834103,56.89196675900277,4.71191135734072,455.617728531856,381.19113573407196,363.62634656817477,73.72976300400123,10
53,Brandon Miller,Charlotte Hornets,F,207,335,73,154,470.8,27,30,796.7,34,85,396.1,7,35,42,23,24,8,19,8,-74,272,249,230,65,579.0,28.320141003044384,18.16359557763179,42.66527800032046,769.8763018746996,753.3960903701329,578.2522031725686,63.71174491267425,10
54,Brandon Williams,Dallas Mavericks,G,33,72,12,38,146.4,8,10,183.3,1,10,16.7,2,6,8,7,3,0,5,0,-50,48,41,40,15,351.66666666666663,20.204081632653057,9.0,0.8367346938775512,621.4421768707482,515.6802721088435,437.33333333333326,49.29931972789115,6
55,Braxton Key,Denver Nuggets,F,2,6,1,1,100.0,0,1,0.0,0,0,0.0,1,1,2,0,1,0,0,0,2,4,4,2,2,0.6232686980609419,0.8975069252077563,0.06925207756232686,0.06925207756232686,2.171745152354571,3.0166204986149587,0.27700831024930755,0.4681440443213295,1
56,Brice Sensabaugh,Utah Jazz,F,116,237,38,96,383.5,20,21,583.3,20,53,339.7,7,33,40,23,20,7,17,4,-98,179,156,139,63,538.2486457920464,26.011890606420927,22.120095124851368,49.411547100013216,724.5597833267274,664.4119434535605,572.365570088519,74.1629013079667,10
57,Brook Lopez,Milwaukee Bucks,C,153,309,61,113,526.5,9,15,375.0,22,51,361.7,16,25,41,16,15,1,11,19,-35,210,194,169,57,324.5268360080774,48.26878520565416,20.435753002444468,35.606121798278245,415.20799234775217,421.6163247954086,330.6244021681369,56.198639600382606,10
58,Bruce Brown,Toronto Raptors,SF,102,254,42,75,563.7,10,19,483.3,8,17,375.0,7,23,30,27,20,7,17,0,-133,159,132,129,57,208.6089965397924,41.351643598615915,43.0,9.833910034602077,550.125,315.625,406.9031141868512,120.55752595155708,10
59,Bruno Fernando,Atlanta Hawks,PF,84,196,30,53,513.8,24,34,590.1,0,0,0.0,7,31,38,17,35,2,10,3,-96,139,122,101,55,165.90726643598617,43.82975778546714,14.57370242214533,0.0,243.4,248.75017301038062,170.57093425605535,48.38961937716264,10
60,Bryce McGowens,Charlotte Hornets,G,53,140,16,39,301.2,17,22,391.7,4,14,183.3,1,14,15,10,9,3,5,4,-39,78,68,63,25,267.4237211407877,8.52829334540516,17.018560434585783,4.4001810774105925,479.0194658216388,347.33906745133544,388.76459936622916,35.886373924852876,10
61,Buddy Boeheim,Detroit Pistons,F,25,69,7,21,133.3,5,7,160.0,6,19,126.19999999999999,2,6,8,3,5,0,0,1,12,36,33,28,11,110.28634039444852,10.690284879474069,7.5799853907962005,7.5573411249086915,245.34112490869248,175.53469685902115,170.18772826880937,28.17531044558072,5
62,Buddy Hield,Philadelphia 76ers,SG,78,183,26,76,302.0,10,11,450.0,16,49,269.9,9,16,25,16,14,6,11,1,21,119,103,94,41,405.236,46.861000000000004,49.104,27.360999999999997,881.125,695.4689999999999,572.9159999999999,113.941,10
63,CJ McCollum,New Orleans Pelicans,SG,200,359,78,174,444.8,9,10,275.0,35,84,387.8,7,35,42,50,23,12,29,7,-70,292,242,250,92,644.0814044894751,13.87055638046991,32.02183596820683,79.02428159664599,825.3197659184208,752.8404227443446,726.7144728797274,35.73866713250065,10
64,Cade Cunningham,Detroit Pistons,PG,241,313,92,212,430.3,40,44,808.3,17,55,297.1,9,44,53,75,18,11,31,2,-38,369,294,316,128,702.373472159348,53.42462652784065,52.55545495699411,12.217745586238117,842.2865550022635,783.9945676776822,690.806699864192,175.83884110457223,10
65,Caleb Houstan,Orlando Magic,G,40,120,13,32,468.3,2,2,100.0,12,31,460.0,5,5,10,2,6,3,1,1,5,52,50,42,12,89.76788279230105,6.287273771904625,1.600114909508762,8.229244469979891,104.57167480609021,101.04280379201377,91.30824475725366,9.875897730537202,10
66,Caleb Martin,Miami Heat,SF,89,308,33,84,404.8,6,8,300.0,17,42,449.9,12,26,38,22,19,9,7,6,-11,149,127,111,60,437.31684027777777,11.691840277777779,23.666015625,26.316840277777775,462.353515625,461.0,435.7146267361111,38.31358506944444,10
67,Cam Reddish,Los Angeles Lakers,SF,21,143,6,25,153.3,5,8,116.7,4,13,166.6,7,5,12,1,7,3,1,3,-37,34,33,22,13,75.05328798185941,17.91043083900227,0.9036281179138321,2.418367346938775,69.18934240362812,75.0,71.70975056689342,16.346938775510203,10
68,Cam Thomas,Brooklyn Nets,SG,280,364,93,211,436.1,64,71,921.4,30,77,364.2,4,31,35,34,23,5,20,4,-25,349,315,314,69,591.6071111111112,47.864,56.544000000000004,26.624000000000002,863.0337777777779,550.3617777777778,920.8871111111112,87.8,10
69,Cam Whitmore,Houston Rockets,F,129,222,46,111,405.4,17,24,488.3,20,56,339.9,11,26,37,15,15,7,10,6,7,181,166,144,52,250.29659763313606,30.59763313609467,37.835059171597635,12.059171597633135,568.4082840236687,393.57174556213016,387.76331360946745,105.80251479289942,10
70,Cameron Johnson,Brooklyn Nets,SF,108,244,35,86,416.4,19,22,650.0,19,52,360.6,6,30,36,16,14,8,9,2,-48,160,144,124,52,173.71267361111114,34.35069444444444,13.684027777777779,12.125,428.0460069444444,306.3515625,261.44184027777777,82.0,10
71,Cameron Payne,Philadelphia 76ers,PG,59,173,22,55,477.0,0,0,0.0,15,37,500.0,4,18,22,27,20,9,9,5,17,108,81,86,49,119.8914868742693,87.24986714847485,34.20841747263258,4.825486236581996,392.1322138378148,261.56031459241154,180.10925709427144,191.81241364650867,10
72,Caris LeVert,Cleveland Cavaliers,SG,120,263,43,98,424.7,21,26,630.0,13,36,340.8,6,26,32,22,14,11,13,3,-32,174,152,142,54,377.8189622522409,58.10806716323697,108.51937886630475,8.12788789294281,902.8304507006692,618.8140386314859,568.4168665572528,260.0459537937129,10
73,Cason Wallace,Oklahoma City Thunder,G,45,192,18,43,396.7,0,0,0.0,9,24,350.0,8,12,20,17,13,16,3,4,68,82,65,62,37,183.35447485207098,17.132581360946745,10.131102071005916,7.544378698224851,264.311575443787,231.7544378698225,194.2869822485207,48.88831360946745,10
74,Cedi Osman,San Antonio Spurs,SF,70,175,27,53,472.5,1,2,50.0,15,32,373.7,2,23,25,12,17,3,5,2,-40,107,95,82,37,235.14724245577526,36.54162330905307,29.950052029136323,16.565036420395423,418.56711758584805,316.12591050988556,295.82986472424557,108.2502601456816,10
75,Charlie Brown Jr.,New York Knicks,G,3,27,1,5,20.0,0,0,0.0,1,3,33.3,1,1,2,0,4,0,0,1,-6,5,5,3,2,6.5,2.8888888888888893,0.0,0.7222222222222223,18.055555555555557,18.055555555555557,6.5,2.8888888888888893,2
76,Chet Holmgren,Oklahoma City Thunder,PF,155,274,55,109,499.4,30,41,754.7,15,47,304.3,17,69,86,18,23,7,18,23,109,259,241,173,104,314.86982248520707,18.400147928994084,19.625,8.592455621301776,399.0917159763314,357.25517751479293,348.3025147928994,46.428994082840234,10
77,Chimezie Metu,Detroit Pistons,PF,114,314,45,91,493.0,11,11,600.0,13,36,346.6,14,53,67,17,18,19,19,5,-53,198,181,131,84,323.1092643890428,63.13850415512465,12.113573407202217,19.27146814404432,576.9615266235764,522.7777777777778,363.99661434287475,88.54847645429363,10
78,Chris Boucher,Toronto Raptors,PF,69,120,25,35,573.3,15,18,500.0,4,12,216.7,13,27,40,5,11,1,9,5,7,114,109,74,45,142.20987654320987,47.580246913580254,5.913580246913581,4.0246913580246915,410.0,329.0246913580247,192.69135802469134,83.98765432098766,8
79,Chris Duarte,Sacramento Kings,SG,39,120,14,42,302.5,4,4,200.0,7,27,239.3,6,10,16,5,8,4,5,3,-35,60,55,44,21,171.20266466504034,20.868455620191405,6.5042221805216744,6.21711390504785,339.6888722086695,268.02420716832427,222.77838243572901,47.46162507036967,10
80,Chris Livingston,Milwaukee Bucks,F,6,20,3,5,100.0,0,0,0.0,0,2,0.0,1,5,6,1,7,0,2,0,-11,13,12,7,7,24.48,16.988799999999998,0.9232,0.0,78.86879999999998,80.7328,22.7152,17.8128,2
81,Chris Paul,Golden State Warriors,PG,89,257,37,87,416.09999999999997,2,2,100.0,13,38,349.9,0,31,31,54,20,14,17,3,34,174,120,143,85,85.90404993467847,34.976484250254025,69.24952823341559,4.122078676150385,320.5402816083611,126.02061257076497,236.36681666424738,148.2829147916969,10
82,Christian Braun,Denver Nuggets,G,73,194,28,59,413.0,9,14,333.3,8,25,258.3,14,20,34,17,15,5,4,4,40,124,107,90,51,292.97707100591714,72.11630917159763,34.5155325443787,11.631102071005916,790.7124630177514,552.3041789940829,482.5,155.5171967455621,10
83,Christian Wood,Los Angeles Lakers,F,59,133,22,51,477.0,11,14,450.0,4,19,225.0,6,28,34,6,12,5,5,2,-14,99,93,65,40,153.90277777777777,54.402777777777786,4.625,2.4444444444444446,305.125,285.0,156.7777777777778,76.27777777777777,10
84,Chuma Okeke,Orlando Magic,PF,5,46,1,8,50.0,3,3,200.0,0,6,0.0,0,5,5,3,2,2,3,0,-25,13,10,8,8,9.431001890359168,3.542060491493384,2.0264650283553878,0.029773156899810964,13.75,9.863421550094518,13.226843100189036,5.659262759924386,7
85,Clint Capela,Atlanta Hawks,C,129,297,57,89,634.9,15,27,267.9,0,0,0.0,39,79,118,21,14,6,12,10,9,268,247,150,139,238.4039262343843,100.29892920880428,13.632956573468174,0.0,505.47798929208807,410.332242712671,292.3367043426532,155.1448542534206,10
86,Coby White,Chicago Bulls,PG,185,345,72,148,469.40000000000003,23,28,525.7,18,56,258.2,4,32,36,40,24,8,18,1,-4,261,221,225,76,964.510014420766,43.17288896010255,37.012978689312604,22.507610959782088,1573.760134593815,1317.3496234577792,1190.9221278641244,110.18426534209262,10
87,Cody Martin,Charlotte Hornets,SF,69,285,28,76,367.2,6,7,250.0,7,30,228.2,6,44,50,42,15,11,20,7,-28,161,119,111,92,111.0,28.18685121107267,64.68512110726644,2.6816608996539792,183.02076124567472,112.9515570934256,173.33217993079583,100.60899653979239,10
88,Cody Zeller,New Orleans Pelicans,C,9,40,4,7,300.0,1,2,50.0,0,0,0.0,5,11,16,5,6,2,3,0,15,30,25,14,21,4.760416666666666,10.708333333333332,5.208333333333333,0.0,28.760416666666675,21.59375,12.34375,15.5,6
89,Colby Jones,Sacramento Kings,G,17,63,7,23,199.89999999999998,2,4,100.0,1,9,16.7,6,9,15,10,13,3,3,3,28,42,32,27,25,29.502958579881653,15.704142011834321,12.412721893491126,0.8875739644970416,137.3239644970414,75.3491124260355,73.7381656804734,45.856508875739635,7
90,Cole Anthony,Orlando Magic,PG,62,155,23,65,297.6,12,13,650.0,4,19,108.3,2,19,21,15,12,4,12,2,-18,98,83,77,36,520.7857555786796,52.05098855359001,27.090646317493356,16.51936640073997,935.2591050988553,713.4444444444446,715.1311134235173,106.61093768065673,10
91,Cole Swider,Miami Heat,F,19,44,6,16,104.7,2,2,100.0,5,13,116.7,0,5,5,1,1,0,4,0,-18,25,24,20,6,140.88109393579074,3.0047562425683716,0.8192627824019023,12.148632580261594,173.99405469678956,175.93579072532705,138.66111771700355,4.102259215219976,5
92,Colin Castleton,Los Angeles Lakers,C,0,12,0,2,0.0,0,0,0.0,0,0,0.0,0,1,1,0,3,1,2,0,-16,1,1,0,1,1.183431952662722,0.5950032873109796,0.0,0.0,1.1078238001314924,1.1078238001314924,1.183431952662722,0.5950032873109796,2
93,Collin Gillespie,Denver Nuggets,G,53,125,19,43,306.4,4,7,200.0,11,25,283.3,0,15,15,18,12,7,9,0,24,86,68,71,33,249.0,13.297606659729446,38.0,15.90738813735692,418.94276795005203,291.5234131113424,349.0,78.71696149843913,8
94,Collin Sexton,Utah Jazz,PG,208,319,78,161,480.5,41,49,859.9,11,39,239.89999999999998,11,19,30,60,20,8,27,4,-116,298,238,268,90,229.79733560090702,22.409580498866216,38.02267573696145,13.719104308390023,417.60204081632656,315.6383219954649,339.953798185941,52.23951247165533,10
95,Corey Kispert,Washington Wizards,SF,184,382,68,133,508.79999999999995,16,23,575.0,32,77,412.3,5,34,39,33,23,6,17,2,-68,256,223,217,72,411.81234567901237,35.93827160493827,76.2,40.864197530864196,585.2444444444444,613.4444444444443,395.21234567901246,100.53827160493827,10
96,Cory Joseph,Golden State Warriors,PG,27,71,10,16,316.7,0,0,0.0,7,11,316.7,2,9,11,6,6,0,1,0,9,44,38,33,17,31.2,10.8,2.8000000000000003,3.2,28.8,47.2,21.2,5.2,5
97,Craig Jr. Porter,Cleveland Cavaliers,G,62,138,26,50,425.3,5,6,300.0,5,12,175.0,6,19,25,24,5,3,8,3,-18,111,87,86,49,378.80400000000003,43.38399999999999,21.616,9.655999999999999,743.3,599.876,502.8039999999999,84.42399999999998,10
98,D'Angelo Russell,Los Angeles Lakers,PG,144,370,51,139,345.3,15,16,450.0,27,84,283.1,1,26,27,59,16,8,13,4,51,230,171,203,86,679.2330747156979,40.74981400786481,78.68795833776171,59.97885003719843,934.3326602189395,751.3526410883196,810.7753215006908,170.87554469125305,10
99,D.J. Carton,Toronto Raptors,G,8,31,2,7,83.3,3,4,150.0,1,4,50.0,2,1,3,3,1,1,1,0,-30,14,11,11,6,8.666666666666668,2.0,2.0,0.6666666666666667,8.666666666666666,2.6666666666666665,18.666666666666668,0.0,3
100,D.J. Wilson,Philadelphia 76ers,F,10,14,4,6,66.7,0,0,0.0,2,2,100.0,1,1,2,2,1,0,0,2,4,14,12,12,4,25.0,1.0,1.0,1.0,49.0,36.0,36.0,4.0,1
101,DaQuan Jeffries,New York Knicks,SG,0,7,0,2,0.0,0,0,0.0,0,2,0.0,0,0,0,3,0,0,1,0,7,3,0,3,3,0.39889196675900274,0.0,5.609418282548476,0.04432132963988919,3.0166204986149587,0.39889196675900274,3.0166204986149587,5.609418282548476,1
102,Daishen Nix,Minnesota Timberwolves,SG,5,12,2,5,66.7,0,0,0.0,1,3,50.0,0,1,1,3,1,2,1,0,13,9,6,8,4,13.509695290858724,0.5124653739612188,5.110803324099724,0.5346260387811634,4.1024930747922435,9.246537396121884,5.191135734072022,8.797783933518007,2
103,Dalano Banton,Portland Trail Blazers,G,215,354,80,199,402.7,33,40,757.2,22,87,268.6,7,52,59,54,11,13,30,7,-117,328,274,269,113,708.6311519740402,111.99161709031911,89.55543537047053,20.26636019469984,1506.0251487290427,1068.7455381287182,1146.8161168199028,200.6416982152515,10
104,Dalen Terry,Chicago Bulls,F,47,157,20,47,338.9,4,8,50.0,3,17,100.0,8,17,25,15,23,6,8,10,13,87,72,62,40,276.21984856679285,46.586533261222286,50.66360194699838,4.101946998377501,633.8718226068146,402.6122228231476,484.24148188209847,120.48810167658193,10
105,Damian Jones,Cleveland Cavaliers,C,53,115,22,35,544.6,8,10,450.0,1,7,50.0,10,17,27,4,11,4,6,3,-48,84,80,57,31,208.91836734693874,53.20408163265305,4.401499375260308,0.9033735943356935,351.2061640982924,356.2448979591836,195.27321949187836,66.21199500208247,10
106,Damian Lillard,Milwaukee Bucks,PG,260,384,75,189,394.9,78,87,764.9,32,92,330.5,5,38,43,59,25,9,31,3,-33,362,303,319,102,621.75625,20.325000000000003,61.15624999999999,33.625,791.625,711.65625,701.3000000000001,81.90625,10
107,Daniel Gafford,Dallas Mavericks,C,82,201,38,53,636.4,6,13,175.0,0,0,0.0,12,31,43,14,21,5,10,16,-22,139,125,96,57,516.3634349030472,229.9961218836565,24.74459833795014,0.0,1350.4925207756235,1133.7855955678672,603.7695290858726,384.04155124653744,10
108,Daniel Theis,LA Clippers,C,62,162,25,48,406.4,6,6,300.0,6,16,283.3,12,35,47,9,15,2,8,8,12,118,109,71,56,339.625,69.48291015625,7.556640625,6.5,722.79931640625,677.65478515625,371.275390625,90.53369140625,10
109,Danilo Gallinari,Milwaukee Bucks,PF,40,109,13,26,447.5,12,14,375.0,2,9,200.0,3,16,19,7,7,3,6,1,-15,66,59,47,26,101.42716049382717,34.77777777777777,6.308641975308642,1.7234567901234568,166.84444444444443,183.479012345679,90.64444444444445,35.23456790123457,10
110,Dante Exum,Dallas Mavericks,G,36,195,14,43,236.3,3,4,150.0,5,19,250.0,5,27,32,23,13,2,11,1,49,91,68,59,55,270.36202641892874,59.46320220641602,38.47626651183045,7.775148787922775,562.0776600377413,418.99811293366236,410.08172448831465,101.29931775293947,10
111,Danuel House Jr.,Philadelphia 76ers,SF,42,143,14,30,276.3,13,15,466.7,1,11,33.3,6,11,17,7,16,7,3,3,-26,66,59,49,24,42.0,11.714285714285715,8.0,0.8571428571428572,41.714285714285715,51.714285714285715,40.0,11.714285714285715,7
112,Dario Saric,Golden State Warriors,PF,29,101,12,30,281.7,3,5,75.0,2,14,100.0,5,15,20,14,3,1,15,1,-26,63,49,43,34,128.86159169550172,32.13840830449827,10.754325259515571,2.1816608996539792,246.84775086505192,230.48096885813146,130.78546712802768,57.33564013840831,10
113,Darius Bazley,Utah Jazz,F,48,141,18,29,408.1,10,12,360.0,2,8,83.3,8,19,27,5,3,6,7,7,-32,80,75,53,32,77.5296,30.769599999999997,4.833600000000001,1.3504,199.3184,185.5984,82.2864,44.5664,6
114,Darius Garland,Cleveland Cavaliers,PG,172,341,66,147,445.5,13,18,343.4,27,62,437.0,4,29,33,60,17,14,30,2,-38,265,205,232,93,427.0125236294896,22.553875236294896,56.43950850661625,15.264886578449905,505.109877126654,507.9888941398866,402.4870037807184,100.63988657844989,10
115,David Duke Jr.,San Antonio Spurs,G,23,48,9,17,200.0,3,3,200.0,2,5,66.7,2,8,10,4,4,2,3,0,7,37,33,27,14,94.99489795918366,26.096938775510207,10.693877551020407,2.6734693877551017,173.24489795918365,147.77551020408163,91.52551020408163,65.7295918367347,3
116,David Roddy,Phoenix Suns,F,61,130,25,53,522.0,6,10,241.7,5,20,143.3,4,15,19,11,5,1,10,0,-72,91,80,72,30,496.329719387755,55.12244897959183,20.52869897959184,9.651147959183675,959.798469387755,763.1103316326531,671.012755102041,97.65625,10
117,Davion Mitchell,Sacramento Kings,PG,93,235,35,88,397.3,6,9,250.0,17,45,402.1,7,20,27,29,12,1,7,0,74,149,120,122,56,173.469,40.989,24.296,15.236000000000002,350.824,257.61600000000004,233.00099999999995,98.961,10
118,Davis Bertans,Charlotte Hornets,SF,101,224,34,78,424.8,7,7,400.0,26,67,373.0,2,17,19,8,21,10,8,4,-38,128,120,109,27,149.64511009720292,17.466574092441974,13.606427296171395,20.914104344376117,227.13628248363423,236.4372148383257,150.62348740329298,20.79369172783178,10
119,Day'Ron Sharpe,Brooklyn Nets,C,49,129,22,47,507.3,5,7,166.7,0,3,0.0,30,32,62,10,19,1,14,7,-16,121,111,59,72,63.769319161160574,203.98276357368573,10.485492674518817,0.025854639471416266,424.04740017236423,360.0606147658719,95.90721057167481,246.31715024418273,10
120,De'Aaron Fox,Sacramento Kings,PG,281,383,106,233,465.9,31,42,693.6,38,103,379.9,6,44,50,53,25,22,23,3,57,384,331,334,103,512.1734693877551,34.10849645980842,39.31882548937942,48.669720949604326,624.9656393169514,621.7805081216161,488.1482715535194,100.63765097875887,10
121,De'Andre Hunter,Atlanta Hawks,SF,151,350,53,137,355.8,25,35,607.1,20,68,277.5,5,44,49,24,23,5,19,1,-65,224,200,175,73,424.78713151927434,171.77551020408163,18.622448979591834,18.11479591836735,932.3211451247165,892.2395124716553,444.23611111111114,211.03061224489798,10
122,De'Anthony Melton,Philadelphia 76ers,SG,31,71,10,34,130.5,4,4,200.0,7,23,145.0,1,9,10,10,6,6,1,1,1,51,41,41,20,182.36,5.44,5.44,11.0,287.0,229.24000000000004,229.24000000000004,21.76,6
123,DeAndre Jordan,Denver Nuggets,C,36,96,15,27,411.8,6,6,300.0,0,0,0.0,12,28,40,7,13,2,4,4,-33,83,76,43,47,172.41975308641975,89.60000000000001,10.111111111111112,0.0,502.3827160493827,440.3753086419753,210.1604938271605,123.97777777777777,10
124,DeJon Jarreau,Memphis Grizzlies,F,43,150,17,50,308.3,5,11,250.0,4,13,141.7,8,36,44,26,14,6,9,2,-24,113,87,69,70,98.3598615916955,111.6805074971165,54.768166089965405,4.376009227220299,497.42445213379466,248.86851211072664,221.79238754325257,291.5720876585928,9
125,DeMar DeRozan,Chicago Bulls,SF,279,392,105,200,523.8,57,71,811.6,12,30,300.0,2,40,42,59,19,11,30,5,14,380,321,338,101,374.1360946745562,31.901461176186448,62.920057964014006,18.701364569496437,402.05385822968253,396.10687115082726,391.24381113392093,83.66078975969086,10
126,Dean Wade,Cleveland Cavaliers,PF,46,178,15,35,260.2,5,7,216.7,11,31,233.4,4,27,31,7,8,3,1,9,-23,84,77,53,38,468.50000000000006,35.125,6.125,31.525000000000006,718.8,714.725,466.12499999999994,47.699999999999996,10
127,Deandre Ayton,Portland Trail Blazers,C,212,329,100,186,522.8,12,15,263.9,0,7,0.0,30,81,111,16,13,10,18,7,-110,339,323,228,127,695.6772268135904,167.16345270890724,6.415518824609735,0.03673094582185492,1495.6483011937557,1409.2768595041323,755.623507805326,200.00413223140498,10
128,Dejounte Murray,Atlanta Hawks,SG,232,381,91,215,424.1,22,30,666.7,28,85,332.4,12,49,61,78,26,12,33,2,-58,371,293,310,139,844.5324499729584,98.42644672796106,138.0746349378042,21.371822606814494,1390.96106003245,1117.6727961060033,1039.708220659816,314.61357490535426,10
129,Delon Wright,Miami Heat,SG,71,224,24,45,567.9,8,8,300.0,15,23,583.3,7,16,23,23,10,16,1,4,72,117,94,94,46,170.3612244897959,31.816326530612244,24.26530612244898,19.765306122448976,246.5,167.30816326530612,256.2877551020408,49.3469387755102,10
130,Deni Avdija,Washington Wizards,SF,182,360,62,127,470.2,46,58,825.9,12,41,288.2,8,77,85,45,22,7,28,9,-6,312,267,227,130,493.84693877551024,124.84489795918367,71.67551020408163,8.122448979591837,1223.6,973.2755102040817,680.4448979591837,260.2469387755102,10
131,Dennis Schroder,Brooklyn Nets,PG,158,333,57,139,411.8,25,26,787.5,19,54,394.5,12,40,52,64,22,5,17,5,25,274,210,222,116,565.4933378310002,38.601450497554396,61.52268510710069,34.90285039635689,853.900826446281,618.4483049418114,767.8080620678023,133.2619328723225,10
132,Dennis Smith Jr.,Brooklyn Nets,PG,58,167,21,46,487.1,8,11,383.3,8,22,348.3,5,13,18,28,22,16,11,0,3,104,76,86,46,78.47147022074135,17.85339441899209,40.0,4.21990837151187,181.54768846314036,139.3027905039567,112.87963348604748,65.69012911286964,10
133,Dereck II Lively,Dallas Mavericks,C,73,181,32,48,691.1,9,19,300.0,0,0,0.0,13,45,58,7,12,5,4,11,3,138,131,80,65,143.21775147928994,65.60236686390533,4.105325443786982,0.0,270.60828402366866,228.24023668639055,166.792899408284,88.50059171597633,10
134,Derrick Jones Jr.,Dallas Mavericks,SF,92,265,34,72,477.4,14,21,483.3,10,31,268.6,17,17,34,8,24,5,7,12,39,134,126,100,42,228.5910509885536,46.76216903688287,13.685512776043472,6.972366747600878,384.0020811654527,414.8246040004625,209.06740663660537,49.14880332986472,10
135,Derrick Rose,Memphis Grizzlies,PG,49,95,20,37,377.7,5,6,266.7,4,8,233.3,0,15,15,21,3,1,9,0,-9,85,64,70,36,70.0,14.857142857142858,12.0,3.7142857142857144,188.85714285714286,116.85714285714286,128.0,40.857142857142854,7
136,Derrick White,Boston Celtics,PG,155,331,56,115,461.0,12,12,600.0,31,77,378.1,8,25,33,42,19,6,11,8,15,230,188,197,75,831.3632271468143,70.12222991689751,58.47264542936287,38.92001385041551,1152.1374653739613,1064.139889196676,903.9861495844875,143.9695290858726,10
137,Desmond Bane,Memphis Grizzlies,SG,93,165,30,80,183.4,19,21,366.7,14,40,172.9,2,14,16,34,14,5,13,2,-54,143,109,127,50,267.2,8.8,114.79999999999998,4.8,701.1999999999999,362.8,587.2,142.0,5
138,Devin Booker,Phoenix Suns,SG,241,396,71,156,433.1,81,87,941.1,18,59,292.5,7,24,31,66,35,15,31,2,-12,338,272,307,97,1189.1274468971262,25.202207413577682,58.48812994585589,25.298625572678052,1236.8481882548938,1327.682840483132,1085.247396917951,96.7357351103707,10
139,Devin Vassell,San Antonio Spurs,SG,193,373,77,163,440.2,18,21,691.7,21,61,312.3,0,33,33,47,16,12,18,1,-43,273,226,240,80,806.4410104810535,25.71969900564364,52.6495565708143,24.90217683418436,1079.5020155872078,846.0,1027.3222252082774,90.99005643644182,10
140,Devonte' Graham,San Antonio Spurs,PG,79,210,27,77,363.0,7,8,350.0,18,60,327.9,3,17,20,30,10,6,14,1,-3,129,99,109,50,287.4330755502677,12.214158239143368,34.3807257584771,18.428316478286735,450.24449732302196,320.9238548483046,406.18262938726946,57.16597263533611,10
141,Dillon Brooks,Houston Rockets,SF,117,315,42,109,361.0,14,17,319.0,19,57,356.79999999999995,8,25,33,15,39,9,11,3,-48,165,150,132,48,681.6047578794831,28.20444390774061,19.166888056997948,23.043473010505977,933.4588817775631,746.8163265306123,851.7751479289941,63.84349716217848,10
142,Domantas Sabonis,Sacramento Kings,PF,181,357,70,132,526.7,39,55,747.5,2,11,66.7,41,98,139,72,33,14,33,6,33,392,320,253,211,199.684,120.26899999999999,33.444,3.625,538.641,364.081,317.256,210.701,10
143,Dominick Barlow,San Antonio Spurs,F,57,150,21,38,506.6,15,18,416.6,0,1,0.0,19,22,41,15,19,4,4,3,10,113,98,72,56,290.46020761245677,81.13667820069205,45.74567474048443,0.0,715.5397923875432,590.5,425.3581314878893,117.0242214532872,10
144,Donovan Mitchell,Cleveland Cavaliers,SG,221,354,76,182,405.8,46,53,735.7,23,77,287.6,7,31,38,50,25,22,31,6,-42,309,259,271,88,597.438590245639,52.35884656461374,43.15343538625846,19.76824492702029,580.3670345318619,698.9188323246707,489.01566393734424,85.38341046635813,10
145,Donte DiVincenzo,New York Knicks,SG,144,339,51,118,414.7,14,15,550.0,28,74,340.1,5,32,37,27,17,11,12,5,-1,208,181,171,64,652.2089991177335,13.772081168512893,24.587491422409567,63.42201744926969,927.0477404176061,750.4300558768748,810.8209979413781,56.36525830800901,10
146,Dorian Finney-Smith,Brooklyn Nets,PF,59,287,23,61,357.5,7,10,350.0,6,35,181.6,12,34,46,16,15,11,9,5,-50,121,105,75,62,170.87530233808116,38.64767535608708,6.6374630475678575,5.748454716474066,204.79252889008333,170.7446922870196,212.60816984681537,37.60010749798441,10
147,Doug McDermott,Indiana Pacers,SF,28,94,10,28,266.6,0,0,0.0,8,24,308.3,1,3,4,3,8,2,0,0,-20,35,32,31,7,92.8114186851211,2.9398788927335637,4.125,6.517733564013842,137.159169550173,110.43122837370242,117.84818339100346,8.7560553633218,10
148,Draymond Green,Golden State Warriors,PF,85,306,34,60,494.9,7,11,325.0,10,22,271.4,13,57,70,67,34,21,29,7,30,222,155,152,137,360.89012345679015,71.87777777777778,89.97777777777777,24.653086419753087,573.841975308642,297.2716049382716,586.104938271605,213.2111111111111,10
149,Drew Eubanks,Phoenix Suns,PF,38,138,15,34,383.3,8,9,275.0,0,0,0.0,10,26,36,5,18,4,4,4,-26,79,74,43,41,100.0897013497715,78.25698799022213,5.038048676798809,0.0,148.39908598150706,143.04708258050803,89.4425550005314,99.29418641726006,10
150,Drew Peterson,Boston Celtics,F,8,20,3,5,75.0,0,0,0.0,2,4,66.7,0,1,1,0,0,2,1,0,6,9,9,8,1,35.55555555555556,0.5555555555555556,0.0,2.2222222222222223,27.222222222222218,27.222222222222218,35.55555555555556,0.5555555555555556,2
151,Duncan Robinson,Miami Heat,F,46,185,16,51,277.2,3,4,150.0,11,41,209.1,3,19,22,9,24,5,13,1,-72,77,68,55,31,309.69846815372205,13.913464122547703,17.0,19.19725880139747,503.1117979037893,361.4888470841172,449.02633700618105,33.20854608976081,10
152,Duop Reath,Portland Trail Blazers,C,77,168,30,80,359.6,8,10,275.0,9,37,251.7,11,29,40,9,14,5,3,5,-40,126,117,86,49,202.55600189035917,22.112712665406427,22.95463137996219,5.382088846880908,336.81758034026467,272.8742911153119,259.55127599243855,52.01535916824196,10
153,Dwight Powell,Dallas Mavericks,C,23,125,9,15,516.7,5,10,300.0,0,1,0.0,19,20,39,10,18,3,6,2,-64,72,62,33,49,40.84066587395957,113.94887039239003,13.712247324613557,0.0,341.2580261593341,243.63376932223545,75.8822829964328,190.24375743162904,10
154,Dylan Windler,Atlanta Hawks,G,28,67,10,18,163.8,0,0,0.0,8,16,142.1,3,7,10,3,3,2,2,0,-17,41,38,31,13,136.02615933412602,8.092746730083235,2.9072532699167657,13.467300832342453,201.36385255648037,182.92033293697978,146.07491082045183,19.394768133174793,4
155,Dylan Windler,Los Angeles Lakers,G,3,14,1,4,25.0,0,0,0.0,1,4,25.0,0,1,1,2,1,0,0,0,-7,6,4,5,3,14.702734839476815,3.011890606420927,0.4019024970273484,1.1474435196195003,19.181926278240194,24.83947681331748,11.05469678953627,1.4042806183115344,2
156,Dyson Daniels,New Orleans Pelicans,G,59,208,24,51,387.5,2,3,150.0,9,23,303.3,6,35,41,21,14,11,7,4,-38,121,100,80,62,232.7353031702062,59.97630040012311,49.112034472145275,15.112034472145275,521.3281009541397,334.97506925207756,344.24376731301936,183.9329024315174,10
157,Emoni Bates,Cleveland Cavaliers,F,23,51,9,24,127.9,0,2,0.0,5,13,120.0,0,4,4,4,0,0,7,0,-22,31,27,27,8,33.94921875,5.48046875,5.0,3.76171875,62.6875,44.1875,44.07421875,18.85546875,3
158,Eric Gordon,Phoenix Suns,SG,68,246,22,63,323.8,10,12,350.0,14,42,295.8,1,8,9,12,8,14,8,4,0,89,77,80,21,237.1742397965083,12.106255058388253,12.66851659151347,13.643889466990403,292.82495086137124,285.0832466181061,238.24534628280722,31.445369406867847,10
159,Eugene Omoruyi,Washington Wizards,F,63,142,24,53,407.7,8,16,291.7,7,18,230.0,9,11,20,9,16,6,6,4,-72,92,83,72,29,317.98890532544385,22.299556213017752,11.284763313609467,16.426775147928996,395.64275147928987,336.78402366863907,382.1686390532545,28.263313609467453,10
160,Evan Fournier,Detroit Pistons,SG,77,213,29,81,309.8,11,15,350.0,8,42,171.7,1,17,18,14,12,8,5,4,-57,109,95,91,32,435.24845679012344,13.61304012345679,19.187114197530864,9.946373456790123,561.9027777777778,558.0667438271605,429.6871141975309,42.19753086419753,10
161,Evan Mobley,Cleveland Cavaliers,PF,137,306,53,111,487.3,25,33,708.4,6,21,175.0,17,57,74,26,24,10,15,17,-10,237,211,163,100,159.10069444444449,127.52970679012346,24.623456790123456,6.944444444444445,476.5694444444444,384.2114197530863,240.95563271604934,162.65625,10
162,Frank Ntilikina,Charlotte Hornets,PG,5,39,1,8,50.0,2,2,100.0,1,7,50.0,1,4,5,3,4,0,0,0,0,13,10,8,8,19.0,7.0,6.84,0.7600000000000002,24.439999999999998,14.0,18.64,24.640000000000004,4
163,Franz Wagner,Orlando Magic,SF,207,329,73,150,482.0,47,55,867.2,14,47,306.7,12,48,60,38,26,8,14,8,56,305,267,245,98,346.7301038062283,88.23667820069203,39.70519031141868,7.485121107266436,665.483044982699,668.7467128027681,358.18200692041523,113.22629757785465,10
164,Fred VanVleet,Houston Rockets,PG,208,376,71,171,428.4,33,39,715.0,33,88,351.0,8,34,42,70,39,23,15,6,-13,320,250,278,112,1160.8407606328929,48.871824647989556,54.606474089127595,62.113949775003626,1447.6771664973146,1484.0150965307012,1159.1197561329657,68.86137320365802,10
165,Furkan Korkmaz,Philadelphia 76ers,SG,41,116,13,29,278.6,7,10,241.7,8,18,258.3,3,12,15,12,6,3,2,2,22,68,56,53,27,292.875,14.875,10.0,20.0,404.0,340.0,363.875,17.875,8
166,GG Jackson,Memphis Grizzlies,F,187,330,67,163,396.4,27,35,685.7,26,77,335.5,9,42,51,21,16,10,19,4,-64,259,238,208,72,1089.9496384297522,135.51368801652893,17.513688016528924,28.509297520661153,1397.3525309917356,1503.1373966942147,1013.1373966942149,124.05475206611571,10
167,Gabe Vincent,Los Angeles Lakers,PG,21,148,8,30,165.0,1,1,100.0,4,19,125.0,2,12,14,9,12,5,4,0,29,44,35,30,23,90.1743827160494,18.944444444444443,2.9012345679012346,4.625,159.06944444444443,172.9891975308642,83.40277777777779,14.697530864197532,10
168,Garrett Temple,Toronto Raptors,SF,50,193,18,53,402.4,7,10,300.0,7,27,253.3,13,18,31,18,22,7,9,3,-92,99,81,68,49,140.73350694444446,31.7265625,33.625,8.2265625,238.94444444444443,214.90277777777777,136.08767361111111,94.0390625,10
169,Garrison Mathews,Atlanta Hawks,SG,78,192,26,58,466.09999999999997,6,8,266.7,20,49,455.0,3,11,14,6,16,4,3,1,-37,98,92,84,20,175.2,14.4,14.84567901234568,10.653086419753087,265.9567901234568,231.2,198.7567901234568,40.44567901234568,10
170,Gary Harris,Orlando Magic,SG,43,284,14,49,254.2,2,2,100.0,13,39,302.1,7,12,19,14,18,14,4,4,26,76,62,57,33,251.4877551020408,26.90204081632653,30.56530612244898,22.2,552.0,379.4795918367347,399.2448979591837,82.23061224489797,10
171,Gary Payton II,Golden State Warriors,SG,67,174,30,45,679.0,3,5,200.0,4,11,216.7,6,17,23,14,22,9,6,7,46,104,90,81,37,149.61325687299714,44.781413391803,38.67633665036262,4.40006746500253,205.04773148928993,143.1037274413898,135.08939112835216,159.92561983471074,10
172,Gary Trent Jr.,Toronto Raptors,SG,200,317,75,175,428.6,26,29,633.3,24,75,319.1,6,30,36,28,17,15,8,0,-65,264,236,228,64,467.06198347107437,34.4485766758494,28.7089072543618,37.47107438016529,682.793388429752,607.2213039485766,529.4568411386593,76.33471074380166,10
173,Georges Niang,Cleveland Cavaliers,SF,57,190,21,59,318.4,4,6,125.0,11,36,261.3,1,18,19,7,22,5,8,3,-23,83,76,64,26,401.618700541441,26.882548937942527,7.332153269471053,24.178467305289463,566.6426488962932,513.3163265306122,448.11495210329036,41.04477301124531,10
174,Giannis Antetokounmpo,Milwaukee Bucks,PF,282,365,114,193,601.8,53,86,543.3,1,11,50.0,40,95,135,72,29,9,37,16,18,489,417,354,207,457.31103515625,205.884765625,50.06494140625,1.42041015625,1149.837890625,1028.18212890625,528.7890625,306.12744140625,10
175,Goga Bitadze,Orlando Magic,C,32,109,13,27,496.7,6,8,350.0,0,3,0.0,12,16,28,10,11,4,11,9,-34,70,60,42,38,59.984,67.524,10.115999999999998,0.0,259.264,196.51600000000002,89.876,110.496,10
176,Gordon Hayward,Oklahoma City Thunder,SF,53,157,20,36,383.4,9,13,233.4,4,9,166.7,3,21,24,10,5,7,6,2,48,87,77,63,34,302.2199546485261,29.402777777777775,9.361961451247167,5.049036281179139,316.13265306122446,303.9163832199547,296.7735260770975,56.42743764172336,10
177,Gradey Dick,Toronto Raptors,G,142,305,54,124,437.7,13,16,346.4,21,58,352.9,4,26,30,5,15,6,11,0,-105,177,172,147,35,301.2390625,50.6890625,9.80625,25.0,323.10625,382.0,259.3640625,43.4765625,10
178,Grant Williams,Charlotte Hornets,PF,151,318,57,103,554.7,19,27,691.7,18,40,540.3,13,41,54,49,36,6,15,4,-66,254,205,200,103,251.66481994459832,40.56959833795014,91.99722991689751,3.84106648199446,381.7108725761772,306.09452908587264,273.72299168975076,186.125,10
179,Grayson Allen,Phoenix Suns,SG,119,298,40,95,402.6,19,22,512.5,20,61,371.1,11,40,51,21,17,11,13,3,52,191,170,140,72,455.29583521955635,59.71140787686736,33.0,24.21118153010412,673.6165685830692,584.1910366681757,560.8277501131734,76.60502489814397,10
180,Gui Santos,Golden State Warriors,F,50,130,17,34,372.5,10,11,450.0,6,15,320.0,10,23,33,12,17,3,5,2,6,95,83,62,45,254.08284023668642,136.82117028270875,16.322156476002633,4.669296515450362,777.6416831032216,677.41288625904,299.7777777777778,207.67718606180142,10
181,Harrison Barnes,Sacramento Kings,SF,113,283,35,88,340.3,28,36,551.4,15,43,308.3,11,28,39,19,8,7,6,1,47,171,152,132,58,488.725,41.576,26.836,13.524000000000001,963.925,723.801,690.7610000000001,106.5,10
182,Harry III Giles,Brooklyn Nets,F,8,8,3,6,50.0,1,2,50.0,1,1,100.0,2,2,4,2,3,0,0,0,-12,14,12,10,6,53.29,11.334444444444445,3.61,0.8711111111111112,157.92111111111112,113.77777777777777,84.63999999999999,27.737777777777776,1
183,Harry III Giles,Los Angeles Lakers,F,2,10,1,4,100.0,0,0,0.0,0,2,0.0,0,1,1,0,0,1,0,0,-15,3,3,2,1,2.18,0.5355555555555556,0.020000000000000004,0.008888888888888889,4.5088888888888885,4.555555555555555,2.08,0.6088888888888888,2
184,Haywood Highsmith,Miami Heat,F,65,263,27,62,410.4,2,6,150.0,9,35,211.2,13,26,39,15,24,8,11,3,-8,119,104,80,54,160.50249895876718,74.9350270720533,27.0039566847147,14.719283631820076,305.0841316118284,251.18638067471886,197.66597251145356,118.67326114119118,10
185,Henri Drell,Chicago Bulls,F,9,23,3,7,42.9,1,2,50.0,2,4,50.0,0,2,2,1,5,2,1,1,7,12,11,10,3,49.0,1.3313609467455618,0.0059171597633136015,2.863905325443787,65.23668639053254,66.48520710059171,47.92899408284024,1.1597633136094674,1
186,Herbert Jones,New Orleans Pelicans,SF,110,339,36,86,428.1,19,22,650.0,19,50,379.2,10,30,40,27,33,13,21,3,-32,177,150,137,67,217.02648694504666,51.90875671599585,34.78207182580827,14.169573004053165,246.56131586388912,299.7347535111698,142.13507399377886,108.40880384579131,10
187,Hunter Tyson,Denver Nuggets,F,0,7,0,3,0.0,0,0,0.0,0,3,0.0,0,1,1,0,1,0,2,0,-1,1,1,0,1,3.6337890625,0.765625,0.0244140625,0.1181640625,1.41015625,1.0634765625,4.25390625,0.5166015625,1
188,I. Thomas,Phoenix Suns,G,8,13,3,7,83.3,0,0,0.0,2,4,100.0,0,0,0,2,0,0,0,0,-4,10,8,10,2,17.520408163265305,0.0,0.5739795918367346,1.0204081632653061,24.06377551020408,17.520408163265305,24.06377551020408,0.5739795918367346,2
189,Ibou Badji,Portland Trail Blazers,C,12,51,5,7,300.0,2,4,100.0,0,0,0.0,2,4,6,4,10,1,6,3,-29,22,18,16,10,15.051652892561982,7.365702479338842,4.440082644628099,0.0,39.018595041322314,35.25619834710744,20.487603305785125,10.132231404958679,5
190,Immanuel Quickley,Toronto Raptors,SG,215,338,66,155,420.6,58,66,782.2,25,74,329.5,3,48,51,75,24,11,28,2,-66,341,266,290,126,606.3961068356723,76.92394748755093,77.20733363512902,14.691263014938885,1224.5165233137168,844.6853779990946,911.4875509280217,228.87098234495247,10
191,Isaac Okoro,Cleveland Cavaliers,SF,60,225,19,46,385.0,14,19,508.3,8,24,173.3,3,16,19,12,21,10,8,2,-16,91,79,72,31,221.25765306122446,22.882369614512474,33.35600907029479,13.625,428.9897959183674,319.4478458049886,314.6680839002268,72.36989795918367,10
192,Isaiah Hartenstein,New York Knicks,C,106,269,44,65,681.9,18,28,466.7,0,1,0.0,35,38,73,33,32,10,20,14,-25,212,179,139,106,134.46197374377547,81.45699411498414,30.138071525577185,0.0,272.7107288365777,253.16659121774558,124.90289723856948,140.69827976459936,10
193,Isaiah Jackson,Indiana Pacers,SF,58,141,22,34,690.5,14,17,625.0,0,0,0.0,21,22,43,10,21,5,3,11,33,111,101,68,53,54.30652706616173,102.86322120739585,32.804188015148135,0.0,428.42838048563146,249.62909333927377,136.44152372466027,232.3316997104032,10
194,Isaiah Joe,Oklahoma City Thunder,SG,61,164,23,51,419.6,2,2,100.0,13,36,353.3,5,18,23,13,10,7,6,2,63,97,84,74,36,150.821,10.149000000000001,14.776,10.501,230.5,194.11599999999999,185.36899999999997,26.761000000000003,10
195,Isaiah Mobley,Cleveland Cavaliers,F,16,48,7,15,120.8,0,1,0.0,2,7,58.3,2,5,7,2,2,1,1,0,-10,25,23,18,9,66.50692520775623,14.0,1.6121883656509695,1.1551246537396125,109.0,107.34903047091412,65.0,18.77008310249307,3
196,Isaiah Stewart,Detroit Pistons,C,106,319,40,71,587.7,10,12,516.7,16,38,409.0,10,48,58,12,11,4,10,10,-48,176,164,118,70,131.47520661157026,49.603305785123965,9.603305785123966,12.764462809917354,245.47520661157023,193.27685950413223,178.88016528925618,64.0,10
197,Ish Smith,Charlotte Hornets,PG,18,181,8,34,236.0,0,0,0.0,2,2,200.0,1,19,20,41,16,5,6,1,-90,79,38,59,61,54.36000000000001,24.0,78.09,1.5600000000000003,170.49,69.16000000000001,134.09,123.69,9
198,Ish Wainright,Phoenix Suns,F,3,11,1,6,16.7,0,0,0.0,1,4,25.0,3,2,5,1,1,1,1,0,-3,9,8,4,6,6.890625,19.140625,0.765625,0.765625,62.015625,49.0,12.25,27.5625,1
199,Ivica Zubac,LA Clippers,C,142,281,63,111,597.9,16,22,510.0,0,0,0.0,28,73,101,12,24,7,12,10,32,255,243,154,113,159.36848190542264,175.11215169383743,7.910972366747601,0.0,505.8532778355879,491.9466990403514,154.45485027170773,201.84333448953637,10
200,JD Davison,Boston Celtics,SG,8,27,3,9,42.9,1,2,50.0,1,4,33.3,1,6,7,9,3,1,2,1,15,24,15,17,16,23.397959183673464,8.5,26.469387755102034,0.5,151.0204081632653,51.04081632653061,97.23469387755101,61.11224489795917,2
201,JT Thor,Charlotte Hornets,F,53,151,22,34,504.4,3,5,200.0,6,16,200.0,2,24,26,10,13,3,2,6,6,89,79,63,36,334.4361111111111,81.77777777777777,15.111111111111112,10.8,896.5250000000001,727.3027777777777,454.7694444444445,145.77777777777777,10
202,JaVale McGee,Sacramento Kings,C,32,57,15,26,412.1,1,5,50.0,1,3,100.0,8,14,22,3,7,2,3,0,-5,57,54,35,25,116.88581314878891,39.121107266435985,4.03114186851211,0.9100346020761246,298.0865051903114,258.0138408304498,143.5847750865052,56.525951557093435,8
203,Jabari Smith Jr.,Houston Rockets,PF,164,341,59,126,480.9,20,26,658.3,26,67,412.2,11,52,63,26,20,4,7,13,-63,253,227,190,89,459.05164954029203,44.17766360194699,19.526500811249324,17.336127636560303,586.2955651703624,524.3564088696593,520.2866414277988,64.40832882639265,10
204,Jabari Walker,Portland Trail Blazers,F,102,313,35,94,399.4,24,33,570.9,8,24,283.3,28,77,105,14,26,2,8,1,-100,221,207,116,119,265.8241121780216,428.75308641975306,24.53467459228776,7.718030787989636,1260.7655845145555,1141.9654016156073,365.8533760097546,472.0586800792562,10
205,Jack White,Memphis Grizzlies,F,6,64,2,16,28.6,0,0,0.0,2,10,40.0,4,8,12,1,3,4,2,1,-28,19,18,7,13,27.4792899408284,4.023668639053255,0.7514792899408284,3.0532544378698225,19.0,19.289940828402365,25.17751479289941,6.78698224852071,4
206,Jacob Gilyard,Brooklyn Nets,G,0,34,0,6,0.0,0,0,0.0,0,6,0.0,1,2,3,3,4,2,1,0,-23,6,3,3,6,25.579199999999997,6.0767999999999995,10.068800000000001,2.3232,72.08000000000001,28.8528,64.3808,20.5712,3
207,Jacob Gilyard,Memphis Grizzlies,G,61,171,21,45,298.5,1,1,100.0,18,39,281.8,1,11,12,34,8,8,11,2,-52,107,73,95,46,408.4448,12.779200000000001,39.267199999999995,35.7408,766.12,519.0032,630.9952000000001,76.6128,7
208,Jacob Toppin,New York Knicks,F,13,29,5,9,107.1,2,2,100.0,1,4,33.3,3,3,6,1,3,0,1,0,-18,20,19,14,7,83.61224489795917,10.0,0.5918367346938775,0.7551020408163267,144.04081632653063,148.7551020408163,79.18367346938777,10.306122448979593,2
209,Jaden Hardy,Dallas Mavericks,G,69,143,25,63,398.9,10,12,233.3,9,26,231.6,5,20,25,16,18,4,14,0,-50,110,94,85,41,429.7933884297521,46.65005165289257,23.194214876033058,7.2820247933884295,812.0632747933884,709.3091425619834,510.3347107438016,92.057076446281,10
210,Jaden Ivey,Detroit Pistons,PG,158,304,56,151,370.0,23,33,629.9,23,62,335.1,7,26,33,48,16,7,23,3,-57,239,191,206,81,534.6665598461785,30.40073706136837,50.482294504085885,41.242268867168725,663.8764621054319,611.1345938150937,571.7849703573145,96.5064893446563,10
211,Jaden McDaniels,Minnesota Timberwolves,PF,109,318,41,83,468.0,18,21,600.0,9,31,225.0,12,24,36,14,30,6,9,6,12,159,145,123,50,344.92063342445095,47.203694975963806,10.448864171929493,9.551984164388728,601.2971062305589,547.8730323310397,389.5410500518428,66.45621642002074,10
212,Jaden Springer,Boston Celtics,G,60,180,22,48,465.0,14,15,575.0,2,15,150.0,12,19,31,17,19,15,9,5,17,108,91,77,48,199.07958477508652,56.955401768550566,39.21837754709727,1.6001537870049982,709.9307958477508,447.44444444444434,375.34525182622065,182.39446366782008,10
213,Jae Crowder,Milwaukee Bucks,PF,47,194,16,53,285.5,7,9,230.0,8,32,185.0,10,18,28,9,8,3,2,4,-34,84,75,56,37,144.90277777777777,17.68402777777778,7.316840277777779,6.184027777777779,184.06684027777777,189.15625,138.58767361111111,26.2265625,10
214,Jae'Sean Tate,Houston Rockets,SF,39,131,17,32,440.5,3,5,150.0,2,7,133.3,8,19,27,7,15,5,14,5,6,73,66,46,34,92.96667562483202,21.52512765385649,6.129266326256383,1.6001074979844128,191.7621607094867,145.35608707336738,121.80596613813492,45.221177102929325,10
215,Jahmi'us Ramsey,Toronto Raptors,SG,47,120,18,41,306.3,5,6,175.0,6,22,183.3,4,18,22,8,10,7,7,0,-28,77,69,55,30,69.3801652892562,36.066115702479344,3.072314049586777,3.402892561983472,97.25413223140495,108.65289256198346,77.28719008264463,19.832644628099175,7
216,Jaime Jr. Jaquez,Miami Heat,G,104,291,39,86,430.4,18,25,616.7,8,25,244.89999999999998,9,40,49,27,20,12,9,3,3,180,153,131,76,399.9229968782518,41.14984391259105,22.292403746097815,7.839750260145682,373.75650364203955,369.74921956295526,390.9687825182102,76.40374609781477,10
217,Jake LaRavia,Memphis Grizzlies,F,175,321,54,122,415.7,38,45,668.9,29,67,406.0,14,27,41,25,22,10,25,4,5,241,216,200,66,1008.4555765595462,31.064272211720226,25.071833648393195,69.1722327242176,1423.5066162570888,1236.0,1199.187145557656,52.91115311909263,10
218,Jakob Poeltl,Toronto Raptors,C,122,251,55,101,543.9,12,20,491.7,0,0,0.0,39,53,92,31,28,10,11,19,35,245,214,153,123,161.8469387755102,127.67346938775509,30.387755102040813,0.0,516.704081632653,398.98979591836735,256.6224489795918,181.0,10
219,Jalen Brunson,New York Knicks,PG,358,397,127,276,461.5,74,89,820.4,30,78,351.7,7,34,41,76,21,6,20,1,41,475,399,434,117,779.7447199265383,50.44393429241914,88.99173553719008,40.637690031629425,884.5608611366189,671.401999795939,1038.1028466483012,94.23640444852568,10
220,Jalen Duren,Detroit Pistons,C,124,254,46,88,476.9,32,37,802.3,0,1,0.0,21,75,96,14,23,8,22,5,-68,234,220,138,110,327.6291257243638,192.8989669942051,16.790123456790123,0.0,984.3456790123457,904.0,376.7755102040817,240.8883849836231,10
221,Jalen Green,Houston Rockets,SG,183,327,64,164,366.5,31,40,644.6,24,85,265.1,6,52,58,46,18,9,32,2,-67,287,241,229,104,1092.9674060660932,51.67315527387958,51.89950203712087,28.485287460389316,1641.239022181983,1512.8469895880487,1216.4857401539157,108.44635581711181,10
222,Jalen HoodSchifino,Los Angeles Lakers,G,5,11,1,6,33.3,2,4,100.0,1,3,50.0,0,2,2,0,1,0,1,0,-13,7,7,5,2,9.0,0.9799999999999999,0.020000000000000004,0.8200000000000001,13.32,14.180000000000001,8.42,0.72,2
223,Jalen Johnson,Atlanta Hawks,SF,177,316,70,142,520.2,19,26,379.0,18,43,494.9,12,75,87,49,16,13,20,5,21,313,264,226,136,616.676,158.356,67.604,11.636,1274.2440000000001,838.0,943.1840000000001,335.69599999999997,10
224,Jalen McDaniels,Toronto Raptors,PF,45,155,18,52,261.5,9,11,425.0,0,10,0.0,5,14,19,14,14,2,8,2,-104,78,64,59,33,136.1634349030471,54.933518005540165,24.904278239458293,0.11080332409972297,433.48045552477686,334.797783933518,205.78608802708524,108.89781471221914,10
225,Jalen Pickett,Denver Nuggets,G,2,7,1,3,33.3,0,0,0.0,0,2,0.0,0,0,0,2,0,0,0,0,-1,4,2,4,2,0.8212890625,0.1650390625,1.0634765625,0.0625,2.3447265625,0.25,3.75390625,0.390625,1
226,Jalen Slawson,Sacramento Kings,F,2,8,1,2,50.0,0,0,0.0,0,1,0.0,1,1,2,0,2,1,0,0,3,4,4,2,2,2.1360946745562135,2.609467455621302,0.0,0.0,9.467455621301774,9.467455621301774,2.1360946745562135,2.609467455621302,1
227,Jalen Smith,Indiana Pacers,PF,82,154,32,64,475.8,13,16,327.4,5,17,283.3,28,32,60,8,18,5,8,7,5,150,142,90,68,188.0,61.18211702827087,7.600591715976332,5.369493754109139,347.7215647600263,349.43852728468113,198.3698224852071,56.695923734385275,10
228,Jalen Suggs,Orlando Magic,SG,153,304,52,105,493.3,33,43,829.8,16,50,287.6,8,27,35,30,25,13,15,7,30,218,188,183,65,399.8530864197531,23.07901234567901,31.42716049382716,14.845679012345679,420.41604938271615,455.58641975308643,374.8111111111111,44.37777777777778,10
229,Jalen Williams,Oklahoma City Thunder,F,181,312,77,138,556.2,16,22,396.7,11,32,319.9,6,46,52,45,11,16,19,6,139,278,233,226,97,507.00553633217993,77.80622837370242,31.200692041522494,7.600692041522492,868.3183391003461,642.0380622837371,742.081660899654,100.21107266435986,10
230,Jalen Wilson,Brooklyn Nets,F,53,188,19,46,530.2,9,14,350.0,6,21,250.0,11,29,40,7,12,4,5,3,5,100,93,60,47,138.2227903579255,59.53542731921111,11.0,4.421110299488678,315.6435354273192,263.07596785975164,180.35792549306063,80.96785975164353,10
231,Jamal Cain,Miami Heat,F,12,37,3,9,125.0,4,4,200.0,2,4,150.0,2,3,5,6,5,1,3,1,11,23,17,18,11,14.7025,4.5725,7.402499999999999,1.1225,50.97249999999999,29.240000000000006,37.25,11.16,4
232,Jamal Murray,Denver Nuggets,PG,238,328,94,204,473.4,22,26,713.3,28,72,356.2,8,35,43,60,13,6,23,11,80,341,281,298,103,358.75102040816324,20.999999999999996,43.43061224489796,34.9795918367347,339.961224489796,350.77959183673477,330.4183673469388,81.94489795918366,10
233,Jamaree Bouyea,San Antonio Spurs,G,7,34,3,5,150.0,0,0,0.0,1,1,100.0,1,8,9,3,5,1,1,0,8,19,16,10,12,4.5041322314049586,32.1404958677686,1.1983471074380163,0.6033057851239669,73.0,57.289256198347104,8.595041322314051,44.958677685950406,2
234,James Bouknight,Charlotte Hornets,SG,10,13,4,10,83.3,0,0,0.0,2,7,58.3,0,0,0,0,0,1,1,0,13,10,10,10,0,18.0,0.0,0.0,0.72,18.0,18.0,18.0,0.0,2
235,James Harden,LA Clippers,SG,175,339,52,119,407.6,44,50,858.0,27,72,364.3,3,45,48,79,15,7,23,5,-13,302,223,254,127,908.1049382716051,73.11234567901235,90.67901234567903,35.0,1071.2,995.3901234567901,856.6234567901236,291.0827160493827,10
236,James Johnson,Indiana Pacers,PF,4,19,1,5,33.3,2,2,100.0,0,1,0.0,0,0,0,3,5,0,2,1,4,7,4,7,3,3.171597633136095,0.0,0.28402366863905326,0.0,4.213017751479289,3.171597633136095,4.213017751479289,0.28402366863905326,3
237,James Wiseman,Detroit Pistons,C,75,239,28,60,399.6,19,25,358.9,0,0,0.0,18,50,68,9,23,3,12,6,-72,152,143,84,77,381.66431661592696,177.6369171607114,9.255728248678096,0.0,1049.9202050953372,992.8932863323184,418.8620413395289,206.7218394488063,10
238,Jamie Jr. Jaquez,Miami Heat,G,129,276,49,108,460.5,20,22,625.0,11,30,383.3,7,30,37,36,21,7,14,5,50,202,166,165,73,384.52632905013854,29.108339632149157,70.90199042579995,12.267825648778029,923.991937515747,550.5532879818594,707.4444444444445,150.53086419753086,10
239,Jarace Walker,Indiana Pacers,F,40,130,15,32,420.0,2,2,100.0,8,17,316.7,4,21,25,14,9,3,5,2,19,79,65,54,39,150.9,37.89600000000001,40.5,8.756,429.65599999999995,324.036,236.80000000000004,98.11600000000001,10
240,Jared Butler,Washington Wizards,SG,96,215,37,69,511.8,12,14,450.0,10,25,386.7,3,23,26,43,23,12,17,3,-17,165,122,139,69,351.46420745069395,18.952885317750184,72.18444119795471,10.730460189919649,541.9273192111029,318.04236669101533,599.381300219138,67.10518626734843,10
241,Jared Rhoden,Detroit Pistons,G,68,201,27,54,450.8,3,6,150.0,11,27,383.3,1,26,27,10,24,3,4,11,-57,105,95,78,37,197.7668054729328,20.914336704342656,10.095181439619274,13.290303390838787,323.24866151100537,316.2742415229031,212.18441403926238,23.566329565734684,10
242,Jaren Jackson Jr.,Memphis Grizzlies,PF,223,328,81,183,426.2,46,59,770.4,15,49,319.6,15,33,48,34,37,17,27,17,-129,305,271,257,82,1094.8353151010701,51.54815695600475,26.404280618311535,10.5,1277.910225921522,1216.8281807372177,1154.5,79.36979785969085,10
243,Jarred Vanderbilt,Los Angeles Lakers,PF,68,142,26,42,412.7,13,17,375.0,3,5,166.7,12,22,34,12,8,16,11,2,23,114,102,80,46,111.33333333333334,59.333333333333336,18.0,3.5,362.0,274.0,157.33333333333334,119.33333333333334,6
244,Jarrett Allen,Cleveland Cavaliers,C,176,328,73,110,682.7,30,43,625.6,0,1,0.0,35,77,112,23,17,9,13,8,-9,311,288,199,135,206.40066638900458,202.9947938359017,24.679925031236984,0.0,443.09829237817576,399.0564348188255,237.44127446897124,240.6759683465223,10
245,Jason Preston,Utah Jazz,G,12,66,6,19,133.29999999999998,0,0,0.0,0,3,0.0,5,11,16,16,3,1,1,1,16,44,28,28,32,20.733727810650883,23.81804733727811,20.741124260355026,0.0,145.88757396449702,68.05473372781066,76.12573964497041,67.0,5
246,Javon Freeman-Liberty,Toronto Raptors,G,88,218,32,71,407.0,16,17,650.0,8,25,225.0,11,31,42,20,15,6,17,2,-132,150,130,108,62,415.291015625,52.556640625,32.15625,8.697265625,786.5,688.40625,518.744140625,79.353515625,10
247,Javonte Green,Chicago Bulls,G,125,238,51,82,621.4,13,17,525.0,10,28,329.6,22,47,69,11,17,13,6,7,14,205,194,136,80,463.797783933518,120.95429362880887,17.2202216066482,8.006925207756233,788.5124653739612,807.9293628808864,466.44459833795014,116.11080332409972,10
248,Jaxson Hayes,Los Angeles Lakers,C,42,127,18,23,522.2,6,11,210.0,0,0,0.0,9,25,34,4,16,7,9,5,-17,80,76,46,38,356.91301939058167,89.70304709141274,4.5595567867036015,0.0,748.763434903047,746.9939058171746,365.196675900277,87.74847645429364,10
249,Jay Huff,Denver Nuggets,C,3,5,1,2,50.0,0,0,0.0,1,2,50.0,0,0,0,0,2,0,0,0,-3,3,3,3,0,4.9506250000000005,0.10562500000000001,0.010000000000000002,0.8556250000000001,3.24,3.61,4.515625,0.18062499999999998,1
250,Jaylen Brown,Boston Celtics,SG,202,345,84,177,471.4,16,26,483.4,18,53,326.0,17,43,60,29,24,14,31,11,2,291,262,231,89,376.73513031855646,76.14257072844731,20.916239697037202,22.438404989975496,469.9984406326576,488.69013143239033,346.1396747605257,108.96257518378258,10
251,Jaylen Nowell,Detroit Pistons,SG,30,57,12,23,193.1,4,6,150.0,2,6,66.7,3,7,10,3,2,1,2,2,-31,43,40,33,13,83.4792899408284,5.005917159763314,2.78698224852071,3.0059171597633134,135.67455621301775,126.59171597633136,93.53254437869822,6.822485207100591,4
252,Jaylin Williams,Oklahoma City Thunder,F,51,130,20,34,641.7,0,1,0.0,11,21,540.0,3,25,28,15,11,5,6,4,9,94,79,66,43,72.619140625,62.947265625,14.277126736111112,7.454210069444443,233.87608506944443,172.90625,108.60069444444444,102.2126736111111,10
253,Jayson Tatum,Boston Celtics,SF,222,359,73,166,434.2,54,64,694.5,22,70,313.09999999999997,6,75,81,53,22,7,22,5,52,356,303,275,134,264.2471111111113,58.056000000000004,40.424,16.407111111111114,356.1617777777778,347.97777777777804,272.255111111111,98.656,10
254,Jeenathan Williams,Houston Rockets,G,31,57,15,24,350.1,0,5,0.0,1,1,100.0,4,7,11,1,5,2,2,1,24,43,42,32,12,148.76275992438562,10.175803402646505,0.8345935727788281,0.895085066162571,209.79017013232516,218.37712665406426,143.7126654064272,7.473534971644613,6
255,Jeff Dowtin,Philadelphia 76ers,G,52,135,20,36,424.2,3,4,200.0,9,19,283.4,3,17,20,26,1,7,4,1,29,98,72,78,46,209.4948096885813,24.008650519031143,46.75432525951557,9.083044982698961,473.1297577854671,275.2474048442907,401.4878892733565,76.6522491349481,10
256,Jeff Green,Houston Rockets,PF,74,170,24,59,392.1,15,17,575.0,11,36,282.5,9,18,27,12,7,4,2,1,-25,113,101,86,39,83.78189981096408,38.168241965973536,15.957703213610586,9.158790170132326,208.80340264650283,182.96431947069942,106.73345935727788,57.01346880907372,10
257,Jerami Grant,Portland Trail Blazers,SF,169,342,56,142,386.6,38,46,711.3,19,49,402.0,6,19,25,35,18,14,28,2,-77,229,194,204,60,473.98961937716257,45.9204152249135,32.71626297577855,5.083044982698962,888.6262975778548,739.6678200692041,583.0934256055364,118.49134948096886,10
258,Jeremiah Robinson-Earl,New Orleans Pelicans,F,25,109,11,30,286.2,0,4,0.0,3,14,150.0,8,16,24,12,7,3,5,1,31,61,49,37,36,59.93638525564804,45.788941736028534,31.864447086801423,2.4215219976218787,254.1510107015458,139.0856123662307,135.37990487514864,117.27526753864448,10
259,Jeremy Sochan,San Antonio Spurs,F,126,301,51,121,422.6,14,19,516.7,10,44,192.79999999999998,21,59,80,33,16,14,20,10,-20,239,206,159,113,549.0972944849116,204.3746097814776,41.58480749219564,10.166493236212277,1143.8839750260145,1165.4823100936524,519.2138397502601,254.24453694068677,10
260,Jericho Sims,New York Knicks,C,13,151,5,10,266.7,3,4,150.0,0,0,0.0,15,24,39,5,13,4,5,4,13,57,52,18,44,24.85332729741965,81.70076957899502,4.754640108646447,0.0,178.32820280669986,163.60072430964237,33.483929379809865,92.55228610230874,10
261,Jerome Robinson,Golden State Warriors,SG,15,22,6,12,140.0,2,3,150.0,1,6,16.7,0,0,0,1,1,1,0,1,5,16,15,16,1,83.41322314049587,0.18365472910927458,0.7869605142332414,0.8861340679522498,90.72910927456384,76.37924701561067,98.22222222222224,0.5114784205693297,2
262,Jett Howard,Orlando Magic,G,8,22,3,8,125.0,0,0,0.0,2,7,125.0,0,1,1,2,3,2,2,0,-2,11,9,10,3,19.77777777777778,0.8125,1.0069444444444444,1.0277777777777777,15.75,15.923611111111114,18.5625,2.861111111111111,4
263,Jevon Carter,Chicago Bulls,PG,56,158,22,56,313.0,0,0,0.0,12,38,281.7,4,9,13,21,8,5,6,3,40,90,69,77,34,370.8710059171598,10.744378698224851,122.24023668639052,14.745562130177515,948.340828402367,435.2792899408284,850.8224852071006,166.09467455621302,10
264,Jimmy Butler,Miami Heat,SF,188,355,58,126,493.5,60,69,767.2,12,30,358.2,14,36,50,54,10,12,17,0,18,292,238,242,104,208.40277777777777,28.007716049382715,38.43402777777778,5.8086419753086425,492.9648919753086,316.5679012345679,348.76736111111114,102.4741512345679,10
265,Jock Landale,Houston Rockets,C,90,224,36,65,573.6,15,19,600.0,3,12,183.3,16,19,35,19,18,8,10,6,17,144,125,109,54,234.84505137912384,41.15332612222823,18.974040021633318,2.1043807463493778,341.46349378042186,256.59004867495946,322.31936181719846,57.52650081124933,10
266,Joe Harris,Detroit Pistons,SF,2,12,1,3,33.3,0,0,0.0,0,1,0.0,0,0,0,0,1,0,0,0,-5,2,2,2,0,0.0,0.0,0.0,0.0,0.0,0.0,0.0,0.0,1
267,Joe Ingles,Orlando Magic,SG,32,133,11,24,448.3,3,5,116.7,7,15,266.7,2,22,24,26,5,6,8,1,1,82,56,58,50,87.39484333448954,16.45901260261302,26.572089258873856,10.430223147184645,155.7021620996647,112.40906463174933,144.67845993756504,29.04058272632674,10
268,Joel Embiid,Philadelphia 76ers,C,310,371,95,208,466.3,94,112,827.1,26,62,461.8,22,85,107,56,27,11,41,14,81,473,417,366,163,656.0444444444444,132.77777777777777,59.74444444444445,18.27777777777778,618.1000000000001,569.4444444444443,617.0777777777778,280.1444444444445,10
269,John Collins,Utah Jazz,PF,193,271,68,119,570.0,39,48,752.5,18,34,508.9,22,58,80,7,25,7,12,7,-49,280,273,200,87,362.38775510204084,95.36033163265307,7.3501275510204085,12.044005102040817,700.0510204081634,672.8960459183673,372.3654336734694,119.88775510204083,10
270,John Konchar,Memphis Grizzlies,SG,57,299,19,46,385.8,8,9,266.7,11,29,391.6,19,45,64,29,20,13,17,9,-3,150,121,86,93,131.325,70.55625,15.0,7.125,291.05625,223.40625,166.425,118.10624999999999,10
271,Johnny Davis,Washington Wizards,G,51,175,19,33,454.2,5,9,160.0,8,13,330.0,2,15,17,13,19,3,5,3,-65,81,68,64,30,227.83906249999998,20.1765625,12.725,17.00625,348.65625,298.60625000000005,285.6515625,25.1390625,10
272,Johnny Juzang,Utah Jazz,G,94,242,32,67,449.9,10,14,466.7,20,45,433.5,5,16,21,19,19,4,9,2,-8,134,115,113,40,482.00229568411385,34.9485766758494,11.224058769513315,32.0,504.17860422405886,493.19421487603313,477.87006427915514,61.2892561983471,10
273,Jonas Valanciunas,New Orleans Pelicans,C,117,214,46,97,473.9,25,32,689.2,0,7,0.0,32,60,92,19,23,5,17,2,-42,228,209,136,111,363.9985691440114,246.7634037538928,19.003703391970376,0.18937799848497605,1029.2217826782257,916.735880818113,441.41621075667035,300.83536739331703,10
274,Jonathan Isaac,Orlando Magic,PF,67,198,25,58,374.9,4,5,250.0,13,36,292.9,13,38,51,5,12,10,4,13,-3,123,118,72,56,203.77359397532447,73.30507931421246,2.8368851145649736,14.446242589328635,481.4281365165839,421.7195962185547,241.22095817977888,98.40314052235219,10
275,Jonathan Kuminga,Golden State Warriors,PF,149,279,61,120,474.3,22,29,633.4,5,19,200.0,11,42,53,29,26,10,14,6,-9,231,202,178,82,565.0667438271606,88.21141975308642,28.91975308641975,4.934027777777778,749.4340277777778,839.5389660493828,498.4556327160493,93.63734567901234,10
276,Jontay Porter,Toronto Raptors,C,49,159,18,41,352.3,4,6,150.0,9,26,230.4,10,23,33,32,11,10,13,9,-28,114,82,81,65,215.4023668639053,32.251479289940825,58.16863905325444,15.943786982248522,472.0,275.0917159763314,386.0976331360947,116.63313609467455,10
277,Jordan Clarkson,Utah Jazz,PG,161,328,58,144,353.7,31,35,737.9,14,53,206.6,7,29,36,63,18,10,23,0,-70,260,197,224,99,1014.8698224852071,104.98224852071006,74.72485207100591,21.005917159763314,1435.3639053254435,1403.248520710059,1032.630177514793,194.0621301775148,10
278,Jordan Goodwin,Memphis Grizzlies,G,117,294,45,122,367.9,14,18,383.3,13,38,284.4,35,63,98,42,22,14,15,1,-23,257,215,159,140,367.1384083044983,298.083044982699,27.66782006920415,24.78008458285275,894.1418685121108,866.9031141868512,351.0,369.1280276816609,10
279,Jordan Hawkins,New Orleans Pelicans,G,18,92,6,30,225.0,3,5,116.7,3,18,100.0,1,9,10,5,6,2,1,1,19,33,28,23,15,37.43060628195764,8.045653761869978,4.545653761869978,4.815924032140249,52.44046749452154,66.63988312636963,27.13988312636961,8.682615047479912,10
280,Jordan McLaughlin,Minnesota Timberwolves,PG,41,147,15,28,465.5,5,6,250.0,6,16,241.7,3,10,13,26,6,5,4,0,79,80,54,67,39,109.35762788592122,16.54368492530557,60.43458578542328,12.174739701222272,302.6518786781349,159.3897691263015,240.11996378451786,89.47804436396561,10
281,Jordan Miller,LA Clippers,G,4,5,1,1,100.0,2,2,100.0,0,0,0.0,0,1,1,0,0,0,0,0,3,5,5,4,1,11.111111111111112,0.5625,0.0,0.0,16.673611111111107,16.673611111111107,11.111111111111112,0.5625,1
282,Jordan Nwora,Toronto Raptors,SF,86,201,33,73,507.4,9,13,333.3,11,31,326.9,9,33,42,20,6,6,19,6,-104,148,128,106,62,242.1617777777778,97.8151111111111,20.56711111111111,6.936,649.6160000000001,475.77777777777777,350.51377777777776,183.86844444444444,10
283,Jordan Poole,Washington Wizards,SG,226,360,83,191,425.3,26,27,850.0,34,100,326.6,6,33,39,84,26,11,31,1,-62,349,265,310,123,723.1442743764172,21.766723356009066,130.1734693877551,24.096655328798185,1152.6224489795916,875.204081632653,941.266723356009,211.23611111111114,10
284,Jordan Walsh,Boston Celtics,G,11,70,4,11,175.0,1,2,50.0,2,7,66.7,4,9,13,2,10,5,3,1,37,26,24,13,15,45.25,14.400000000000002,1.65,3.4000000000000004,55.99999999999999,62.85,43.2,11.25,5
285,Jose Alvarado,New Orleans Pelicans,PG,57,209,22,61,317.0,2,3,150.0,11,41,291.7,2,19,21,28,16,10,7,2,37,106,78,85,49,237.63231238205836,38.013790100159675,43.12382058353898,16.75003628973726,570.4647989548555,405.0840470314995,365.21860937726814,118.93206561184498,10
286,Josh Giddey,Oklahoma City Thunder,SG,133,276,50,108,442.6,20,22,633.3,13,34,365.4,10,60,70,58,18,5,30,4,116,261,203,191,128,415.0780315655328,110.06273894716205,158.59131457700224,20.101656700323495,1379.9632388981472,833.639741201843,750.9027546318988,479.15282815410256,10
287,Josh Green,Dallas Mavericks,SG,49,203,16,43,315.8,13,15,430.0,4,21,183.3,9,24,33,13,15,9,4,2,-34,95,82,62,46,127.81632653061226,36.13036234902124,12.631820074968761,4.489795918367347,150.09287796751357,158.5472719700125,131.4160766347355,36.708038317367766,10
288,Josh Hart,New York Knicks,SG,149,418,52,116,448.0,27,36,665.0,18,44,415.5,24,87,111,45,33,10,17,6,21,305,260,194,156,499.0107650903499,161.82871972318338,62.5,30.47923875432526,584.367166474433,695.5534409842369,387.6480199923107,224.5051903114187,10
289,Josh Minott,Minnesota Timberwolves,F,4,17,2,4,100.0,0,0,0.0,0,0,0.0,0,5,5,2,3,1,0,0,18,11,9,6,7,2.8208,12.4748,0.9867999999999998,0.23520000000000002,5.1808000000000005,4.43,6.03,11.003200000000001,3
290,Josh Okogie,Phoenix Suns,SF,43,116,14,29,398.90000000000003,9,13,325.0,6,14,300.0,11,9,20,11,13,5,10,1,-8,74,63,54,31,145.79955621301775,16.31139053254438,9.840976331360947,4.784763313609468,244.7078402366864,216.27514792899407,161.01775147928993,39.36686390532544,10
291,Josh Richardson,Miami Heat,SG,98,211,38,76,433.2,6,6,200.0,16,45,301.7,4,26,30,19,16,5,3,2,3,147,128,117,49,296.8888888888889,20.0,10.88888888888889,27.555555555555557,468.0,427.55555555555554,344.0,24.22222222222222,9
292,Joshua Primo,LA Clippers,G,0,5,0,1,0.0,0,0,0.0,0,0,0.0,1,0,1,0,0,0,1,0,1,1,1,0,1,0.0,0.0,0.0,0.0,0.0,0.0,0.0,0.0,1
293,Jrue Holiday,Boston Celtics,PG,84,318,35,91,389.4,2,2,100.0,12,44,291.6,11,36,47,38,14,8,14,9,57,169,131,122,85,157.244140625,42.2890625,46.66650390625,8.625,327.38525390625,217.103515625,261.03759765625,95.44384765625,10
294,Jules Bernard,Washington Wizards,G,59,113,23,47,603.7,4,7,250.0,9,19,468.3,8,14,22,12,8,2,6,1,24,93,81,71,34,216.376,16.099999999999998,16.176,7.096000000000001,366.004,282.276,300.50399999999996,31.875999999999998,10
295,Julian Champagnie,San Antonio Spurs,F,128,329,44,94,470.3,19,23,671.7,21,55,400.7,8,38,46,24,12,9,15,7,-33,198,174,152,70,326.0277744233788,37.385822968240554,37.408284023668635,13.117860161816207,629.1926095882139,517.7538944571911,417.8198285231253,94.4407680231856,10
296,Julian Phillips,Chicago Bulls,F,39,132,13,31,272.9,7,8,266.7,6,13,283.4,6,12,18,5,12,5,3,1,-11,62,57,44,23,170.91975308641975,27.290123456790123,6.777777777777779,6.401234567901234,314.4444444444444,289.44444444444446,184.5493827160494,45.43827160493827,10
297,Julian Strawther,Denver Nuggets,G,28,61,9,26,108.0,6,6,300.0,4,18,81.9,1,8,9,8,6,1,6,0,4,45,37,36,17,167.66930445647648,16.73927530195752,10.3981674302374,3.925864223240316,317.6039150354019,249.93960849645984,214.95127030404,47.519783423573514,4
298,Julius Randle,New York Knicks,PF,66,99,23,48,142.2,14,14,300.0,6,11,195.0,8,17,25,18,7,1,10,0,25,109,91,84,43,98.0,2.666666666666667,14.0,2.0,140.66666666666669,120.66666666666666,126.0,8.666666666666668,3
299,Justin Champagnie,Washington Wizards,SF,78,211,27,67,366.2,12,15,400.0,12,39,218.3,19,32,51,17,13,9,8,7,-55,146,129,95,68,314.09599999999995,79.0,12.424,15.924,774.0959999999999,667.416,390.21599999999995,121.98400000000001,10
300,Justin Holiday,Denver Nuggets,SF,31,125,11,32,336.2,0,0,0.0,9,28,353.3,1,9,10,12,8,8,3,0,10,53,41,43,22,103.18283848586879,4.408121620242832,35.854708703193545,6.948576675849403,183.17304356698298,89.26813590449954,207.7325783083359,29.617998163452707,10
301,Justin Minaya,Portland Trail Blazers,F,36,201,13,40,320.9,2,3,150.0,8,28,213.29999999999998,20,14,34,12,23,3,3,5,-54,82,70,48,46,82.13611111111112,34.86944444444445,11.336111111111112,8.311111111111112,234.06944444444449,168.39999999999998,124.10000000000001,69.91111111111111,10
302,Jusuf Nurkic,Phoenix Suns,C,69,275,27,58,506.3,15,25,521.6,0,3,0.0,28,74,102,50,35,20,24,12,19,221,171,119,152,132.3676748582231,205.5132325141777,78.54158790170132,0.02953686200378072,490.8175803402646,367.60491493383745,135.0,404.63516068052934,10
303,Karl-Anthony Towns,Minnesota Timberwolves,C,162,300,57,128,441.2,31,37,738.4,17,50,331.6,20,59,79,36,39,6,26,4,20,277,241,198,115,313.86159169550183,74.06401384083046,64.19377162629759,14.83217993079585,524.583044982699,478.4307958477509,381.92387543252596,116.34775086505192,10
304,Kawhi Leonard,LA Clippers,SF,213,334,84,165,513.1,32,38,815.0,13,42,277.5,14,49,63,27,14,16,23,9,5,303,276,240,90,371.9724261059314,68.9174766911327,9.271374727236658,12.793691727831778,401.7450902598691,310.25471136679226,437.6199166831978,104.03173973417972,10
305,Keegan Murray,Sacramento Kings,SF,178,371,64,158,398.2,14,15,650.0,36,96,359.0,25,42,67,17,18,11,10,9,31,262,245,195,84,411.47959183673464,72.86422324031653,22.380049979175343,40.70241566014161,434.4189920866307,499.57705122865474,318.87421907538527,122.69158683881716,10
306,Keita Bates-Diop,Brooklyn Nets,SF,35,85,12,20,615.0,6,6,300.0,5,11,350.0,3,10,13,5,1,2,5,4,-13,53,48,40,18,52.10000000000001,16.81111111111111,4.677777777777777,5.4,94.5,87.3777777777778,51.511111111111106,29.2,10
307,Keldon Johnson,San Antonio Spurs,SF,145,293,49,104,463.8,27,32,684.2,20,55,368.5,15,44,59,18,17,4,11,2,-15,222,204,163,77,291.739919975377,55.21606648199445,22.15266235764851,24.603262542320714,379.4958448753462,409.48045552477686,289.8919667590028,49.232071406586634,10
308,Kelly Olynyk,Toronto Raptors,PF,143,297,51,88,584.8,34,38,823.3,7,24,281.6,17,52,69,61,35,12,29,5,-41,273,212,204,130,218.125,48.48337950138503,104.7950138504155,4.1582409972299175,358.2635041551246,247.55574792243758,359.1568559556787,122.95429362880883,10
309,Kelly Oubre Jr.,Philadelphia 76ers,SG,145,350,54,121,437.6,25,33,619.5,12,39,249.8,13,39,52,17,33,13,12,12,51,214,197,162,69,439.01736111111114,60.62934027777777,26.08767361111111,10.438585069444443,829.9340277777777,670.3515625,568.5390625,116.77777777777779,10
310,Kendall Brown,Indiana Pacers,SG,7,29,3,6,150.0,1,2,50.0,0,1,0.0,1,1,2,1,5,0,1,0,-8,10,9,8,3,13.889700511322133,1.1234477720964207,0.7720964207450693,0.0,28.613586559532504,22.763330898466037,18.844411979547118,2.79108838568298,4
311,Kenneth Lofton Jr.,Philadelphia 76ers,F,2,5,1,4,25.0,0,0,0.0,0,2,0.0,0,1,1,0,0,0,0,0,-4,3,3,2,1,108.75510204081633,11.755102040816329,16.576530612244895,0.8622448979591837,321.4336734693877,192.02040816326533,210.25,56.25,1
312,Kenneth Lofton Jr.,Utah Jazz,F,55,90,21,35,236.8,9,11,150.0,4,12,166.7,10,10,20,19,9,3,6,2,-2,94,75,74,39,273.734693877551,65.3061224489796,36.59183673469388,2.020408163265306,797.4489795918367,561.0816326530612,451.0,161.0,4
313,Kenrich Williams,Oklahoma City Thunder,SF,66,166,27,53,520.6,2,2,100.0,10,21,499.9,6,23,29,17,16,3,12,2,-24,112,95,83,46,237.6020408163265,59.48979591836735,46.361099541857556,4.459183673469388,645.7911286963765,441.5612244897959,376.7415660141608,170.94127446897124,10
314,Kentavious Caldwell-Pope,Denver Nuggets,SG,97,317,39,81,484.6,2,3,100.0,17,50,305.1,4,18,22,21,26,13,11,4,55,140,119,118,43,324.18100000000004,8.624,13.576,32.676,330.489,344.581,304.82500000000005,27.464,10
315,Kenyon Martin Jr.,Philadelphia 76ers,F,56,177,25,47,495.8,4,8,200.0,2,6,150.0,15,25,40,16,20,2,8,5,24,112,96,72,56,114.11632653061224,129.3795918367347,11.3,1.6000000000000003,439.38775510204084,396.5734693877551,148.70204081632653,148.90816326530611,10
316,Keon Ellis,Sacramento Kings,G,99,272,33,72,375.3,10,11,475.0,23,50,453.2,11,22,33,22,34,13,15,10,-18,154,132,121,55,606.2177755333922,40.785380633758365,30.575684888271677,50.510920338341116,1011.4147203635905,762.9491225855321,825.5188738795607,100.52556495391995,10
317,Keon Johnson,Brooklyn Nets,G,15,36,4,10,123.3,5,6,150.0,2,5,133.3,2,3,5,2,3,2,3,0,-11,22,20,17,7,30.12244897959184,0.6938775510204083,3.1020408163265314,1.1020408163265307,43.55102040816326,23.632653061224485,52.48979591836735,1.346938775510204,3
318,Kessler Edwards,Sacramento Kings,SF,39,93,14,34,376.7,1,4,50.0,10,23,386.7,4,10,14,3,9,5,2,0,-23,56,53,42,17,126.47470739932552,13.637770283673872,2.105732989486213,10.160285657607616,187.0482047212855,179.8101567149375,128.38524102360643,21.071017655227134,10
319,Kevin Durant,Phoenix Suns,PF,240,398,89,180,502.29999999999995,45,53,890.2,17,48,387.6,5,51,56,34,20,8,23,9,-41,330,296,274,90,278.2120840795551,57.43519653124706,37.027806579319446,9.916580262041661,554.092374399095,452.587614289754,361.74681873880667,112.43302856065607,10
320,Kevin Huerter,Sacramento Kings,SG,72,231,29,79,330.1,2,4,100.0,12,45,205.0,6,24,30,25,23,8,11,2,5,127,102,97,55,288.7933884297521,30.44995408631772,4.61248852157943,16.24793388429752,456.10743801652893,441.77777777777777,290.6730945821855,47.51239669421488,10
321,Kevin Knox II,Detroit Pistons,SF,22,89,9,26,148.9,3,3,200.0,1,11,33.3,3,11,14,4,9,2,6,0,21,40,36,26,18,115.33333333333334,19.333333333333336,3.3333333333333335,0.8333333333333335,167.33333333333331,188.0,101.33333333333334,16.0,6
322,Kevin Love,Miami Heat,PF,74,118,24,53,383.5,14,14,300.0,12,29,305.0,8,40,48,8,14,3,10,0,15,130,122,82,56,363.4280991735537,89.76198347107437,8.191735537190084,15.652892561983471,720.0528925619834,714.9851239669421,366.0,100.44958677685952,10
323,Kevon Looney,Golden State Warriors,F,41,114,16,29,508.4,9,12,450.0,0,0,0.0,16,31,47,9,16,4,5,6,66,97,88,50,56,75.37267780071306,78.68286732970539,4.920435353724901,0.0,199.32126102458247,227.7098892850441,66.04353537249015,64.5438168511916,10
324,Keyontae Johnson,Oklahoma City Thunder,F,5,39,2,8,66.7,0,0,0.0,1,2,100.0,2,4,6,2,4,0,2,0,-15,13,11,7,8,20.0,7.0,1.2653061224489797,0.8163265306122451,29.69387755102041,35.0,17.26530612244898,5.6938775510204085,5
325,Keyonte George,Utah Jazz,G,143,306,48,125,378.1,26,29,646.7,21,68,287.1,1,20,21,41,16,3,39,0,-72,205,164,184,62,392.94444444444446,18.90625,42.259765625,23.556640625,346.6260850694444,417.5173611111111,322.53754340277777,60.681640625,10
326,Khris Middleton,Milwaukee Bucks,SF,205,324,77,150,525.6,34,39,698.6,17,43,443.1,12,60,72,53,31,7,27,1,4,330,277,258,125,1058.730177514793,91.75621301775148,32.578698224852076,18.114792899408283,1610.2982248520711,1634.4437869822486,1050.2863905325444,108.63313609467455,10
327,Killian Hayes,Detroit Pistons,PG,18,79,7,14,209.6,1,3,33.3,3,6,100.0,0,15,15,20,4,0,5,2,-12,53,33,38,35,27.0,18.75,54.0,2.75,252.75,74.75,153.0,124.75,4
328,Kira Lewis Jr.,Utah Jazz,PG,37,106,15,35,219.4,5,7,225.0,2,11,83.3,3,7,10,14,4,3,6,0,-54,61,47,51,24,181.12618147448012,22.531190926275993,14.956049149338375,1.4612476370510399,420.38563327032136,321.57230623818526,256.17202268431,61.2547258979206,7
329,Klay Thompson,Golden State Warriors,SG,190,302,69,153,435.0,16,16,600.0,36,93,355.6,3,26,29,25,14,9,18,4,41,244,219,215,54,817.3444444444444,32.96049382716049,10.530864197530862,46.99753086419753,1002.9,852.8753086419754,974.2827160493828,36.577777777777776,10
330,Kobe Brown,LA Clippers,G,30,124,14,32,417.5,0,0,0.0,2,11,66.6,14,11,25,10,12,6,4,3,-52,65,55,40,35,96.56434818825488,36.94502290712204,17.510204081632658,1.612244897959184,335.82007496876304,214.67138692211577,175.76551436901292,96.40274885464387,9
331,Kobe Bufkin,Atlanta Hawks,G,63,142,27,71,372.6,3,6,116.7,6,29,151.6,4,20,24,18,17,4,8,4,-43,105,87,81,42,128.86776859504133,8.752984389348027,15.601469237832873,4.429752066115703,159.4132231404959,146.7392102846648,131.89623507805328,34.0,10
332,Kobi Simmons,Toronto Raptors,G,20,67,9,21,183.4,0,0,0.0,2,8,100.0,1,6,7,12,5,6,1,2,-31,39,27,32,19,25.11111111111111,4.111111111111111,22.0,1.1111111111111112,45.0,41.0,30.44444444444445,24.77777777777778,4
333,Kris Dunn,Utah Jazz,G,57,220,23,57,422.1,5,7,130.0,6,21,200.0,9,24,33,34,26,9,8,5,-31,124,90,91,67,86.14792899408283,42.469822485207104,44.409467455621304,6.409467455621302,200.63668639053253,168.15147928994082,96.91479289940828,108.59763313609467,10
334,Kris Murray,Portland Trail Blazers,F,94,348,34,94,348.9,12,15,483.3,14,51,242.1,30,32,62,17,25,8,16,5,-103,173,156,111,79,164.99753086419753,180.51975308641974,20.200000000000003,14.677777777777777,333.95679012345676,386.5345679012346,159.10864197530864,154.0308641975309,10
335,Kristaps Porzingis,Boston Celtics,C,161,273,52,103,476.6,39,44,833.3,18,42,466.6,13,65,78,24,24,13,11,24,38,263,239,185,102,432.6331360946746,88.18224852071006,23.44378698224852,14.0,774.1408284023669,649.5775147928995,509.22248520710065,159.60000000000002,10
336,Kyle Anderson,Minnesota Timberwolves,SF,34,157,15,45,354.3,3,6,150.0,1,6,50.0,4,17,21,24,22,7,7,5,-12,79,55,58,45,152.66808374960144,55.586247210117975,55.248166648953124,0.9421830162610267,565.6884897438623,314.0732277606547,343.49070039324056,171.6270591986396,10
337,Kyle Kuzma,Washington Wizards,SF,218,366,85,181,489.6,37,47,775.0,11,43,218.6,3,70,73,51,24,7,36,7,-27,342,291,269,124,513.3879277201077,57.532103037293346,59.63667820069204,16.7439446366782,740.9957708573625,549.878123798539,709.8965782391388,111.77777777777777,10
338,Kyle Lowry,Philadelphia 76ers,PG,72,294,22,56,380.2,14,17,430.0,14,38,382.1,8,30,38,38,34,10,10,4,73,148,110,110,76,236.01990217574635,34.42233091583741,54.68814302580536,13.088210490807894,230.35284196323158,276.3794906392309,178.2425366840951,100.86119075729465,10
339,Kyrie Irving,Dallas Mavericks,PG,285,398,100,192,517.4,50,55,832.1,35,79,439.4,11,45,56,43,26,17,31,6,73,384,341,328,99,770.0865371911746,51.59809750297265,67.50231206235964,15.982692561765095,823.8240190249703,926.4702074250232,629.1177170035672,157.42304135288677,10
340,LaMelo Ball,Charlotte Hornets,PG,32,55,12,37,66.1,5,6,150.0,3,17,34.7,1,5,6,15,10,3,7,0,-49,53,38,47,21,2.0,2.0,0.5,0.5,4.5,8.0,0.5,0.5,2
341,Lamar Stevens,Memphis Grizzlies,PF,114,252,42,108,413.9,24,27,583.3,6,27,235.0,13,38,51,12,13,12,6,8,16,177,165,126,63,156.41322314049586,41.26446280991736,9.798553719008265,4.5,248.1745867768595,209.0165289256198,198.50929752066116,48.125,10
342,Landry Shamet,Washington Wizards,SG,55,184,20,55,273.1,7,7,300.0,8,35,104.1,4,10,14,8,12,4,9,2,-68,77,69,63,22,330.90000000000003,22.5,5.700000000000001,15.624999999999998,463.7,413.80000000000007,373.0,35.99999999999999,10
343,Larry Nance Jr.,New Orleans Pelicans,PF,78,235,31,54,564.9,13,17,566.7,3,11,150.0,26,44,70,34,29,11,15,1,12,182,148,112,104,150.1965847563515,123.4277384423157,60.85401915868389,2.1601416076634736,587.0680966264057,372.60891295293624,299.3563098708871,249.5812161599334,10
344,Lauri Markkanen,Utah Jazz,PF,223,347,68,170,401.2,57,60,956.7,30,80,363.3,20,49,69,26,14,11,18,4,-42,318,292,249,95,334.8261504747991,129.06135865595326,45.68298027757487,34.00730460189919,657.4915997078159,517.5704894083273,451.0029218407597,198.48867786705623,10
345,LeBron James,Los Angeles Lakers,SF,284,396,110,199,552.4,48,60,785.5,16,48,285.8,9,66,75,98,13,25,42,9,20,457,359,382,173,183.93308925640702,36.88663047595001,127.95606615326348,15.660648907966165,344.94167403105655,245.0489837141775,221.73462946597652,226.93384673652315,10
346,Leaky Black,Charlotte Hornets,F,42,192,16,32,465.4,4,5,250.0,6,12,250.0,4,27,31,19,8,5,4,6,-11,92,73,61,50,135.65289256198346,30.28925619834711,17.595041322314046,10.400826446280993,250.77685950413223,161.0,203.26446280991735,70.04958677685951,10
347,Leonard Miller,Minnesota Timberwolves,F,7,15,3,6,133.3,0,0,0.0,1,2,100.0,2,2,4,4,0,1,0,0,20,15,11,11,8,16.223703703703706,5.5925925925925934,4.586666666666668,0.845925925925926,35.92592592592593,28.77925925925926,27.37037037037037,6.1792592592592595,3
348,Lester Quinones,Golden State Warriors,G,64,149,23,57,369.2,9,13,325.0,9,34,228.6,8,15,23,13,18,1,5,0,-13,100,87,77,36,273.41157024793387,28.943801652892564,17.77355371900827,11.000000000000002,434.29421487603304,406.76198347107436,313.97520661157023,33.68595041322314,10
349,Lindy Waters III,Oklahoma City Thunder,F,67,103,25,48,519.0,2,2,200.0,15,33,366.7,5,9,14,8,5,3,2,2,-24,89,81,75,22,210.95136965220067,17.26869806094183,12.014158202523852,19.554016620498615,303.21606648199446,227.39827639273625,277.9695290858725,38.08248691905201,10
350,Lonnie Walker IV,Brooklyn Nets,G,67,174,27,81,325.7,3,4,150.0,10,45,240.8,4,23,27,12,7,3,5,6,-67,106,94,79,39,266.38271604938274,54.00192901234567,25.808641975308646,12.0,731.6006944444445,518.7519290123457,420.7716049382716,138.2704475308642,10
351,Luguentz Dort,Oklahoma City Thunder,G,127,304,40,89,438.8,23,28,530.0,24,57,413.2,10,22,32,19,24,9,9,2,63,178,159,146,51,283.624,41.769,9.044,16.425,272.68899999999996,280.925,275.29999999999995,50.900999999999996,10
352,Luka Doncic,Dallas Mavericks,PG,323,400,110,247,444.5,54,67,796.1,49,133,357.09999999999997,12,93,105,91,27,8,43,6,123,519,428,414,196,471.0,42.76757369614513,33.9342403628118,54.45379818594104,542.9444444444445,567.624716553288,478.077097505669,44.94444444444444,10
353,Luka Garza,Minnesota Timberwolves,C,70,75,26,48,410.8,11,14,366.7,7,21,233.3,13,6,19,2,9,3,3,1,9,91,89,72,21,233.65750000000003,29.215277777777775,1.7152777777777777,5.524444444444446,395.55750000000006,366.4311111111112,259.96444444444444,33.75,7
354,Luka Samanic,Utah Jazz,F,95,208,32,81,337.7,26,34,609.2,5,32,197.6,14,38,52,13,13,3,16,2,-48,160,147,108,65,584.65625,104.15114795918367,11.530612244897958,2.8858418367346936,1255.3188775510203,1040.9413265306123,741.5082908163265,173.20727040816325,10
355,Luke Kennard,Memphis Grizzlies,SG,118,282,40,88,429.0,9,9,500.0,29,64,450.4,2,28,30,53,7,6,24,1,-63,201,148,171,83,483.43673469387755,10.073469387755102,60.68979591836735,26.90204081632653,676.3306122448979,492.7755102040816,657.4081632653061,80.34693877551021,10
356,Luke Kornet,Boston Celtics,C,56,153,23,28,795.0,9,9,400.0,1,1,100.0,14,25,39,12,5,3,1,6,80,107,95,68,51,168.7130177514793,86.20282708744249,23.81360946745562,0.9378698224852071,620.9641683103222,437.5391190006575,281.60946745562126,180.54503616042078,10
357,M. Pereira,Memphis Grizzlies,F,44,120,16,33,255.6,7,10,225.0,5,13,150.0,10,26,36,2,10,6,5,4,7,82,80,46,38,240.508875739645,107.38856015779093,1.4319526627218937,5.3550295857988175,656.7297830374753,624.319526627219,255.88165680473372,125.85798816568047,6
358,M. Williams,Toronto Raptors,C,17,102,8,31,117.5,0,2,0.0,1,4,100.0,13,23,36,2,15,3,3,3,-50,55,53,19,38,53.7616,116.99839999999999,1.3504,0.8464,310.81759999999997,291.85760000000005,58.03039999999999,133.04000000000002,6
359,Malachi Flynn,Detroit Pistons,PG,120,191,45,98,409.8,17,25,310.0,13,43,282.3,3,19,22,32,13,11,18,1,-50,174,142,152,54,1870.4000000000003,35.94489795918367,53.88775510204082,22.39387755102041,2424.0,2258.2306122448977,2049.202040816326,76.8,10
360,Malaki Branham,San Antonio Spurs,G,123,262,48,106,436.0,5,9,250.0,22,53,417.1,3,15,18,17,14,3,15,1,-22,158,141,140,35,519.5254753955581,19.830454347510525,12.101175787487298,25.616199738713895,628.356800696763,614.0849179851938,526.9644360574829,38.764552184642184,10
361,Malcolm Brogdon,Portland Trail Blazers,PG,102,218,37,83,266.20000000000005,17,19,433.3,11,30,202.89999999999998,7,22,29,40,13,4,17,2,4,171,131,142,69,100.0,28.833333333333336,7.333333333333334,6.833333333333334,113.5,66.83333333333334,151.33333333333331,31.5,6
362,Malik Beasley,Milwaukee Bucks,SG,94,229,37,74,438.40000000000003,0,0,0.0,20,51,321.7,0,25,25,9,18,4,4,0,-34,128,119,103,34,430.625,23.90277777777778,11.504340277777779,28.171006944444446,603.0876736111111,554.2777777777778,491.56684027777777,23.275173611111118,10
363,Malik Monk,Sacramento Kings,SG,157,272,57,138,394.0,31,33,730.0,12,58,166.1,6,27,33,44,31,6,17,2,13,234,190,201,77,653.7845804988663,24.25724363819602,14.982111363063742,11.617031997984379,877.3560090702948,822.5527840765936,694.3827160493827,53.44444444444444,10
364,Mamadi Diakite,New York Knicks,F,0,5,0,0,0.0,0,0,0.0,0,0,0.0,0,1,1,0,1,1,0,0,0,1,1,0,1,0.0,0.4049586776859504,0.0,0.0,0.4049586776859504,0.4049586776859504,0.0,0.4049586776859504,1
365,MarJon Beauchamp,Milwaukee Bucks,F,44,57,16,25,485.0,7,8,175.0,5,10,350.0,2,12,14,2,5,2,3,1,-18,60,58,46,16,78.24965706447186,14.496570644718792,1.5829903978052127,2.555555555555556,145.87654320987656,129.9368998628258,89.6652949245542,20.603566529492458,8
366,Marcus Morris Sr.,Cleveland Cavaliers,SF,54,134,21,48,503.9,3,4,150.0,9,24,323.3,4,14,18,5,12,1,7,1,-13,77,72,59,23,93.32461734693877,28.508290816326532,5.316326530612245,5.0,161.56122448979593,134.40816326530611,117.39604591836735,36.90625,10
367,Marcus Sasser,Detroit Pistons,G,136,309,48,127,343.6,21,23,540.0,19,60,303.9,3,17,20,46,18,9,22,4,-93,202,156,182,66,723.9754017060108,14.285657607617537,22.946637571910337,14.129934536798256,843.8091648482443,686.2824836341996,882.2924023011307,36.44197579845269,10
368,Markelle Fultz,Orlando Magic,PG,78,166,35,62,554.5,7,11,275.0,1,4,100.0,9,17,26,13,15,5,10,3,6,117,104,91,39,386.1866744084773,26.82943823486718,23.879663231238204,0.9320656118449703,608.1377558426477,563.1516911017565,417.6218609377268,64.25997967774714,10
369,Markieff Morris,Dallas Mavericks,PF,15,49,5,16,195.3,2,2,100.0,3,10,100.0,0,9,9,3,0,0,2,2,-18,27,24,18,12,33.8704,16.830399999999997,6.7696,2.8944,145.5824,95.4016,66.9856,40.6656,4
370,Marques Bolden,Charlotte Hornets,C,35,112,16,24,376.7,3,4,150.0,0,1,0.0,10,20,30,4,9,3,3,7,-26,69,65,39,34,142.02853745541023,63.56242568370986,5.888228299643282,0.0,440.7253269916765,373.7526753864447,189.5909631391201,88.86087990487513,7
371,Marvin Bagley III,Washington Wizards,PF,134,238,58,89,623.5,12,13,600.0,6,8,450.0,23,49,72,8,11,5,10,9,3,214,206,142,80,341.85484830458057,93.62879238548483,15.875074360499699,4.5258774538964905,424.1273051754908,392.8102320047591,350.1939321832243,132.48185603807258,10
372,Mason Jones,Sacramento Kings,G,7,24,2,7,66.7,1,2,50.0,2,6,66.7,1,4,5,5,2,1,2,0,-5,17,12,12,10,21.787037037037038,12.75,12.75,2.7037037037037037,74.67592592592592,35.48148148148148,35.48148148148148,51.0,3
373,Mason Plumlee,LA Clippers,C,48,153,17,42,417.5,14,18,450.0,0,5,0.0,11,42,53,16,18,5,9,4,-16,117,101,64,69,137.22504340277777,166.2673611111111,27.402126736111114,0.0,740.6840277777779,504.83441840277777,261.625,305.119140625,10
374,Matisse Thybulle,Portland Trail Blazers,SG,67,209,25,53,398.9,5,7,200.0,12,31,335.0,7,24,31,20,14,17,12,7,-23,118,98,87,51,338.8434903047091,39.325484764542935,20.249307479224377,12.531855955678669,707.3573407202216,558.770083102493,458.20637119113564,88.79916897506926,10
375,Matt Ryan,New Orleans Pelicans,F,28,83,10,28,233.3,0,0,0.0,8,22,194.4,1,8,9,2,7,0,3,0,-12,39,37,30,11,222.0382231404959,18.02582644628099,1.625,20.145661157024794,371.1002066115703,356.52066115702485,234.77685950413223,21.491735537190085,10
376,Matthew Hurt,Memphis Grizzlies,F,32,110,12,33,215.9,3,3,200.0,5,19,233.4,9,7,16,4,8,3,2,3,-7,52,48,36,20,163.8343195266272,34.95857988165681,4.934911242603551,5.335798816568047,360.0,296.6272189349112,213.72781065088756,53.37278106508876,7
377,Max Christie,Los Angeles Lakers,G,39,115,15,31,519.4,3,4,150.0,6,14,250.0,3,17,20,7,4,2,4,1,17,66,59,46,27,156.3390625,37.90625,8.2,6.5265625,411.78906250000006,319.4640625,219.41406250000003,75.35625,10
378,Max Strus,Cleveland Cavaliers,SG,95,322,33,85,397.8,10,12,266.7,19,55,331.1,13,44,57,48,21,8,15,0,-2,200,152,143,105,283.00918273645544,89.79843893480258,122.90036730945822,21.61111111111111,790.6152433425161,406.94628099173553,610.9058769513315,268.4710743801653,10
379,Maxi Kleber,Dallas Mavericks,PF,51,211,15,31,623.3,11,14,325.0,10,20,500.0,11,25,36,19,15,4,6,12,60,106,87,70,55,94.65433657366495,35.159449564448934,7.516601439212221,6.504986744097968,213.48870092160078,212.2410049236208,101.27584900896352,37.302234566342634,10
380,Maxwell Lewis,Los Angeles Lakers,F,2,11,1,5,25.0,0,0,0.0,0,2,0.0,1,0,1,2,0,0,0,0,-15,5,3,4,3,2.7573964497041423,0.8579881656804735,3.0680473372781067,0.0,6.7603550295857975,6.65680473372781,3.624260355029586,3.162721893491124,2
381,Micah Potter,Utah Jazz,C,32,138,12,31,307.1,3,5,200.0,5,16,216.7,8,24,32,5,12,4,5,6,-22,69,64,37,37,107.80811609782316,45.73716742811072,8.53292125772642,6.516796560064499,308.30932545014775,255.41144853533996,140.17549045955388,74.80059123891428,10
382,Michael Porter Jr.,Denver Nuggets,SF,190,341,71,141,505.7,17,20,543.3,31,73,417.6,9,57,66,14,17,8,10,5,81,270,256,204,80,261.3481006692431,80.41191441229145,16.606466207936656,23.883400886040153,465.17089263832594,457.3956075030634,260.63436704684705,105.5073993778867,10
383,Mikal Bridges,Brooklyn Nets,SF,138,315,49,118,411.6,10,11,466.7,30,72,425.9,7,24,31,33,10,11,8,4,-33,202,169,171,64,405.80622837370237,54.65813148788928,18.352249134948096,23.00899653979239,654.0013840830451,566.7162629757785,501.28096885813153,64.82076124567473,10
384,Mike Conley,Minnesota Timberwolves,PG,123,294,42,101,407.4,13,14,580.0,26,59,404.0,10,25,35,51,21,11,25,2,21,209,158,174,86,282.56944444444446,27.666015625,65.041015625,26.400390625,371.56944444444446,361.18337673611114,253.6625434027778,132.0,10
385,Mike Muscala,Oklahoma City Thunder,C,16,96,7,26,306.7,1,3,50.0,1,14,33.3,8,13,21,6,8,3,2,1,38,43,37,22,27,34.25562130177514,29.177514792899412,7.2544378698224845,0.914792899408284,99.06390532544378,83.05917159763314,36.828402366863905,49.86390532544379,10
386,Miles Bridges,Charlotte Hornets,SF,193,366,73,155,472.9,27,31,721.4,20,63,275.2,9,55,64,34,14,6,16,3,-75,291,257,227,98,578.3074717490301,68.311013661663,27.08821049080789,34.13661663012312,1059.5687299713272,850.9669421487603,730.0753921403273,152.23309158374093,10
387,Miles McBride,New York Knicks,PG,103,238,38,83,450.4,8,9,366.7,19,48,333.8,4,21,25,20,18,8,5,1,11,148,128,123,45,438.14899999999994,40.644,23.521,29.816,778.256,675.625,537.716,67.229,10
388,Mitchell Robinson,New York Knicks,C,39,182,14,25,343.3,11,22,395.8,0,0,0.0,32,23,55,3,20,8,3,11,18,97,94,42,58,197.03780718336483,99.42627599243856,2.148393194706994,0.0,481.34026465028353,466.1786389413989,203.62287334593572,110.15122873345936,10
389,Mo Bamba,Philadelphia 76ers,C,75,191,28,53,507.8,11,15,425.0,8,23,273.3,18,46,64,10,25,7,5,17,-4,149,139,85,74,166.18400000000003,43.681777777777775,12.044444444444443,5.855999999999999,319.80000000000007,300.2444444444444,196.60177777777778,44.864,10
390,Monte Morris,Minnesota Timberwolves,PG,42,130,16,40,330.8,1,2,50.0,9,22,326.7,1,19,20,18,6,2,1,6,43,80,62,60,38,158.56677229515617,27.158895427795382,29.6260751471254,10.923947487550928,374.6518786781349,258.0172023540063,259.54911724762337,72.43730194658217,10
391,Moritz Wagner,Orlando Magic,C,91,167,35,66,546.5,19,26,635.0,2,13,150.0,10,33,43,6,28,8,10,3,39,140,134,97,49,150.80760781593247,27.13365707018152,8.459012602613019,2.1801364319574517,246.43473233899874,205.6233090530697,194.13677881836048,33.074921956295526,10
392,Moses Brown,Portland Trail Blazers,C,51,109,21,39,510.4,9,27,240.8,0,0,0.0,19,20,39,4,14,3,7,4,-16,94,90,55,43,103.24852071005918,72.11111111111111,6.401051939513478,0.0,281.23734385272843,267.051939513478,112.75016436554898,83.19592373438527,10
393,Moses Moody,Golden State Warriors,SG,105,216,35,72,523.8,16,21,596.7,19,36,555.0,7,24,31,14,19,5,5,1,49,150,136,119,45,148.45746579417013,19.938429506246283,7.389946460440214,16.890541344437832,240.5484830458061,205.3768590124925,176.96044021415827,33.99702558001189,10
394,Mouhamadou Gueye,Toronto Raptors,F,26,112,11,37,340.5,4,9,225.0,0,3,0.0,11,10,21,5,13,3,11,15,-78,52,47,31,26,13.906509695290858,27.529778393351805,4.25,0.0,63.374653739612185,48.5983379501385,29.603878116343495,30.858725761772856,9
395,Mouhamed Gueye,Atlanta Hawks,F,21,56,7,17,108.9,4,4,100.0,3,6,166.7,8,11,19,4,12,3,0,4,-13,44,40,25,23,128.75,11.421875,5.6875,2.29296875,159.796875,175.546875,105.6875,24.421875,3
396,Moussa Diabate,LA Clippers,F,2,7,1,1,100.0,0,2,0.0,0,0,0.0,1,3,4,0,0,1,0,1,1,6,6,2,4,0.0,0.0,0.0,0.0,0.0,0.0,0.0,0.0,1
397,Myles Turner,Indiana Pacers,C,212,304,77,140,558.0,29,41,675.0,29,63,464.0,10,66,76,24,21,4,8,15,66,312,288,236,100,557.7083701552833,103.96313596768084,45.80760005049868,33.8319656609014,1109.3303875773263,1011.495770736018,649.3730589572021,155.94066405756845,10
398,Naji Marshall,New Orleans Pelicans,SF,66,209,24,57,389.7,9,10,400.0,9,24,357.1,7,25,32,14,19,7,5,4,-17,112,98,80,46,200.4604938271605,22.212345679012348,17.58641975308642,12.901234567901234,288.31111111111113,247.0679012345679,223.7827160493827,57.71975308641976,10
399,Nassir Little,Phoenix Suns,SF,22,76,9,22,325.0,0,0,0.0,4,13,250.0,0,12,12,5,9,0,1,2,-20,39,34,27,17,45.88553590010405,16.99687825182102,5.298907388137357,2.534859521331946,77.32388137356921,64.34131113423517,54.71201873048908,26.45187304890739,9
400,Nate Hinton,Houston Rockets,G,14,36,5,10,143.3,2,3,66.7,2,5,66.7,2,9,11,7,5,1,1,2,8,32,25,21,18,78.91836734693878,11.0,11.632653061224492,3.4897959183673466,174.0,114.01360544217688,117.0,44.5374149659864,3
401,Nathan Mensah,Charlotte Hornets,C,4,59,2,5,66.7,0,0,0.0,0,0,0.0,4,6,10,1,13,2,1,4,-17,15,14,5,11,13.75,9.9375,0.859375,0.0,41.359375,44.4375,13.484375,7.984375,7
402,Naz Reid,Minnesota Timberwolves,C,122,227,43,100,409.7,19,30,490.8,17,45,348.3,3,42,45,12,28,9,13,7,-8,179,167,134,57,661.8184089962516,145.30716368179927,10.912119950020823,30.02540608079967,1283.677009579342,1158.7790503956685,755.3336109954186,187.60204081632654,10
403,Neemias Queta,Boston Celtics,C,70,116,33,45,590.1,4,6,175.0,0,0,0.0,19,25,44,10,12,5,7,12,81,124,114,80,54,210.49586776859505,68.82851239669421,19.010330578512395,0.0,562.3471074380166,454.72933884297515,309.2747933884297,96.67768595041323,9
404,Nic Claxton,Brooklyn Nets,C,102,311,46,74,638.1,10,30,330.0,0,0,0.0,31,81,112,22,23,6,21,21,9,236,214,124,134,139.23426306965402,86.15058680079254,15.7290047248895,0.0,325.92196311537873,289.16476146928824,166.45816186556925,111.41289437585733,10
405,Nick Jr. Smith,Charlotte Hornets,G,77,177,26,75,328.9,9,10,187.5,16,40,271.2,2,18,20,17,11,2,7,0,-15,114,97,94,37,623.0548696844992,37.90123456790124,16.679012345679013,39.16598079561042,1065.5363511659807,887.639231824417,768.5322359396434,87.0,10
406,Nick Richards,Charlotte Hornets,C,94,247,39,53,745.5,16,18,575.0,0,0,0.0,18,51,69,8,24,5,10,4,-44,171,163,102,77,62.56850077968366,194.35219425261755,7.615059033192247,0.0,339.3105368678993,373.687458231232,39.42214301626198,190.73668968589885,10
407,Nickeil Alexander-Walker,Minnesota Timberwolves,SG,120,262,42,97,419.3,14,15,650.0,22,60,405.4,6,18,24,32,20,13,9,3,80,176,144,152,56,412.03732679800174,22.564237911207464,26.298237345649916,20.081440286549157,677.9700254500896,550.1010462814592,529.7494580073522,59.01932321613724,10
408,Nicolas Batum,Philadelphia 76ers,PF,58,295,20,54,312.0,2,4,100.0,16,42,294.5,11,41,52,15,19,6,7,6,4,125,110,73,67,301.1280991735537,34.776859504132226,17.662190082644628,31.131456611570243,320.2654958677686,377.11157024793386,244.125,52.59607438016529,10
409,Nikola Jokic,Denver Nuggets,C,266,374,105,170,616.8000000000001,43,52,727.3,13,27,460.0,33,108,141,91,28,20,34,3,85,498,407,357,232,522.5755935027072,144.92669720949607,70.37859225322782,6.235318617242815,617.6426488962932,552.8508954602249,590.9991670137442,211.67346938775506,10
410,Nikola Jovic,Miami Heat,F,103,249,38,80,492.1,6,7,266.7,21,50,445.8,5,53,58,17,19,8,12,4,-46,178,161,120,75,508.31094104308386,59.11111111111112,34.42743764172336,23.611111111111114,826.6068594104308,747.7395124716553,559.6862244897959,121.03061224489795,10
411,Nikola Vucevic,Chicago Bulls,C,179,332,75,149,475.7,13,18,385.7,16,41,480.0,22,79,101,34,18,7,13,5,-42,314,280,213,135,536.3049148653544,101.378215191402,32.65040454051443,5.254437869822485,578.5467938654751,552.4352131385099,509.90858591957493,186.53652940466128,10
412,Noah Clowney,Brooklyn Nets,F,89,241,33,60,503.9,14,20,396.4,9,20,283.4,18,37,55,9,19,5,9,14,-52,153,144,98,64,487.61706406205116,102.65642056880208,7.320597529445562,11.471128985923585,918.6529732835392,869.9448434357943,527.7983338121229,118.50387819592069,10
413,Norman Powell,LA Clippers,G,117,284,39,98,399.4,14,15,350.0,25,52,474.7,4,23,27,9,23,6,10,0,47,153,144,126,36,348.8074634937804,32.827744726879395,7.318820984315845,17.15440778799351,469.97566252028116,445.9277988101677,370.5594916170903,42.44240129799891,10
414,O.G. Anunoby,New York Knicks,SF,133,364,57,118,471.2,3,5,150.0,16,41,375.0,9,39,48,10,24,12,16,11,23,191,181,143,58,317.9382716049383,109.91604938271605,11.427160493827161,18.893827160493828,417.2271604938271,486.3086419753087,270.2,100.0,10
415,Obi Toppin,Indiana Pacers,PF,121,182,48,89,519.9,11,13,450.0,14,42,319.5,8,40,48,18,18,7,6,4,12,187,169,139,66,318.6698060941828,57.832686980609424,39.116897506925206,10.759002770083104,506.67313019390576,480.3650969529086,375.6282548476454,66.29916897506925,10
416,Ochai Agbaji,Toronto Raptors,G,73,276,29,70,378.4,12,21,441.7,3,23,120.0,19,24,43,20,18,9,13,9,-49,136,116,93,63,168.44489795918366,81.27551020408164,24.35918367346939,2.559183673469388,478.68775510204085,359.1938775510204,238.60816326530613,154.96530612244896,10
417,Olivier Sarr,Oklahoma City Thunder,C,11,22,4,7,125.0,3,5,116.7,0,1,0.0,4,4,8,0,3,0,1,1,-14,19,19,11,8,43.6875,8.75,0.0,0.0,79.1875,79.1875,43.6875,8.75,3
418,OlivierMaxence Prosper,Dallas Mavericks,F,41,102,14,32,235.7,9,14,217.1,4,12,83.3,7,15,22,2,4,3,4,2,-57,65,63,43,24,315.3374726077429,66.47626004382761,1.3571950328707085,5.7428780131482835,711.372534696859,657.9349890430972,353.9554419284149,82.65303140978817,6
419,Omer Yurtseven,Utah Jazz,C,104,220,47,86,529.8,9,11,500.0,1,7,50.0,27,51,78,13,13,3,12,4,-57,195,182,117,91,289.8351525952328,233.4560035642682,12.69035419915349,0.9010915571396747,868.6587213187793,764.7676542659838,327.2401425707284,312.63243484072177,10
420,Onuralp Bitim,Chicago Bulls,SF,54,166,24,54,474.4,1,1,100.0,5,23,133.4,5,14,19,8,16,1,6,1,-56,81,73,62,27,280.4094674556213,51.17514792899408,5.836686390532545,4.813017751479291,548.9360946745562,513.9822485207101,299.7514792899408,72.62366863905325,10
421,Onyeka Okongwu,Atlanta Hawks,PF,147,296,61,89,703.8000000000001,16,22,492.9,9,19,466.6,32,44,76,11,28,7,5,15,4,234,223,158,87,308.4240362811791,185.95918367346937,9.244897959183675,5.6893424036281175,807.5192743764171,822.7913832199548,307.3560090702948,181.0,10
422,Orlando Robinson,Miami Heat,C,13,59,4,11,108.3,4,5,175.0,1,2,100.0,8,9,17,5,4,1,3,0,4,35,30,18,22,57.321280991735534,32.01239669421487,3.066115702479339,0.8677685950413222,128.80061983471074,106.48243801652893,77.53202479338843,37.18595041322314,6
423,Oscar Tshiebwe,Indiana Pacers,C,3,5,1,3,33.3,1,2,50.0,0,0,0.0,2,0,2,0,1,0,0,1,8,5,5,3,2,0.25,0.0,0.0,0.0,0.25,0.25,0.25,0.0,1
424,Oshae Brissett,Boston Celtics,SF,39,128,15,34,385.1,6,16,190.0,3,8,250.0,15,17,32,9,9,2,5,4,23,80,71,48,41,69.24852071005917,84.02366863905324,4.900591715976332,2.14792899408284,215.69467455621302,236.44378698224853,60.023668639053255,77.4,10
425,Ousmane Dieng,Oklahoma City Thunder,F,41,113,16,37,374.4,4,4,200.0,5,17,253.3,1,8,9,18,5,6,8,5,18,68,50,59,27,215.17233560090705,7.090702947845805,28.75736961451247,4.777777777777779,409.50566893424036,268.9750566893424,346.55102040816325,45.0,10
426,P.J. Tucker,LA Clippers,PF,19,164,7,17,213.3,0,0,0.0,5,9,400.0,7,22,29,6,13,7,1,0,3,54,48,25,35,91.27091906721536,49.36145404663923,2.46639231824417,4.554869684499314,178.50754458161862,165.6049382716049,102.62345679012347,53.37791495198902,10
427,P.J. Washington,Dallas Mavericks,PF,136,344,50,106,442.8,15,22,531.4,21,58,343.8,11,53,64,16,20,17,14,12,66,216,200,152,80,617.6625434027777,68.40277777777777,12.521918402777779,29.316840277777782,764.0668402777778,694.853515625,671.7126736111112,96.087890625,10
428,Paolo Banchero,Orlando Magic,PF,237,360,86,195,436.7,48,62,793.1,17,53,291.7,13,68,81,53,20,5,37,4,13,371,318,290,134,571.2852312522642,160.62130177514794,15.726482308899893,18.436782997222558,1031.3598599202996,1016.7907257577587,542.5678058205531,219.63434367829973,10
429,Pascal Siakam,Indiana Pacers,PF,217,339,90,159,561.0,27,45,610.0,10,28,375.0,24,56,80,29,32,5,8,6,16,326,297,246,109,744.7451523545707,76.06759002770083,43.72576177285318,8.187257617728532,1227.8803324099722,1107.1972299168974,809.1468144044321,176.07479224376732,10
430,Pat Connaughton,Milwaukee Bucks,SG,46,214,18,44,350.0,6,7,450.0,4,21,133.3,4,22,26,21,14,8,5,1,-8,93,72,67,47,85.049,31.489000000000008,13.816000000000003,4.081,216.5,143.47600000000003,141.709,61.669000000000004,10
431,Pat Spencer,Golden State Warriors,G,2,15,1,3,33.3,0,0,0.0,0,2,0.0,2,2,4,3,0,0,1,0,7,9,6,5,7,1.3407202216066483,11.346260387811633,4.886426592797783,0.0,45.38504155124653,20.48753462603878,11.346260387811633,31.124653739612192,1
432,Patrick Baldwin Jr.,Washington Wizards,F,69,217,26,63,339.8,6,9,325.0,11,43,163.3,6,44,50,11,25,9,8,8,-19,130,119,80,61,489.18052167385997,151.4479264402327,24.90542315631451,18.974479264402326,1376.0390317132671,1119.9652842934884,665.656220679302,255.95139801088385,10
433,Patrick Beverley,Milwaukee Bucks,PG,86,295,29,59,453.6,17,19,560.0,11,22,450.0,10,39,49,49,21,10,9,5,26,184,135,135,98,334.7864711859486,82.47365365074756,121.69850486282479,17.156771664973142,859.554652344317,581.2871244012193,567.6497314559442,249.57642618667444,10
434,Patrick Williams,Chicago Bulls,PF,6,24,2,9,22.2,2,2,100.0,0,5,0.0,0,6,6,2,5,0,2,2,-11,14,12,8,8,0.0,0.0,0.0,0.0,0.0,0.0,0.0,0.0,1
435,Patty Mills,Miami Heat,PG,69,180,23,66,325.9,13,14,466.7,10,44,210.8,5,3,8,16,12,8,5,0,38,93,77,85,24,242.32231404958674,5.7190082644628095,14.56198347107438,6.558677685950413,278.05785123966945,232.4479338842975,275.80991735537185,32.40330578512397,10
436,Paul George,LA Clippers,F,216,326,69,150,468.5,50,55,832.1,28,66,433.3,3,45,48,39,30,14,26,5,40,303,264,255,87,919.4802165764265,77.74010828821325,52.58267388588088,27.671178675551857,1742.7884214910455,1369.3694294044149,1208.2703040399833,214.95168679716787,10
437,Paul Reed,Philadelphia 76ers,SF,61,157,29,46,789.8,2,5,100.0,1,3,50.0,17,31,48,14,19,9,6,8,32,123,109,75,62,97.0484429065744,90.16762783544792,36.40984236831987,1.0830449826989619,509.1284121491734,353.9242599000384,191.5920799692426,187.23798539023454,10
438,Payton Pritchard,Boston Celtics,PG,141,258,59,108,430.1,2,2,100.0,21,48,369.2,9,21,30,53,17,6,9,0,110,224,171,194,83,1262.530119088912,28.906463174933517,103.27656376459706,23.0,2263.222800323737,1491.0,1970.8183605041047,196.1175858480749,10
439,Pete Nance,Cleveland Cavaliers,F,3,11,1,3,33.3,0,0,0.0,1,1,100.0,0,1,1,0,1,0,0,0,-18,4,4,3,1,5.76,0.30250000000000005,0.0,0.6400000000000001,8.7025,8.7025,5.76,0.30250000000000005,1
440,Peyton Watson,Denver Nuggets,F,55,180,23,49,470.8,5,8,250.0,4,14,250.0,6,25,31,14,17,3,6,18,12,100,86,69,45,142.76719674556213,95.96745562130178,22.914940828402365,4.453402366863906,388.40477071005915,321.54530325443784,162.94027366863907,165.56878698224853,10
441,Precious Achiuwa,New York Knicks,PF,22,150,9,29,301.7,3,6,100.0,1,5,100.0,14,26,40,5,18,2,7,8,-28,67,62,27,45,233.7,158.10000000000002,12.9,0.9790123456790124,800.5,685.5999999999999,294.2,225.39999999999998,10
442,Quentin Grimes,Detroit Pistons,SG,82,213,26,80,296.2,19,24,525.0,11,50,200.0,2,27,29,19,13,7,9,4,-12,130,111,101,48,312.44628099173553,35.19834710743802,14.900826446280991,10.900826446280991,442.06611570247935,483.0495867768595,277.6942148760331,43.86776859504132,10
443,Quenton Jackson,Indiana Pacers,G,0,7,0,1,0.0,0,0,0.0,0,0,0.0,0,1,1,2,1,1,0,0,6,3,1,2,3,0.36,0.09000000000000002,1.9599999999999997,0.0,0.25,0.8099999999999998,0.6400000000000001,1.2100000000000002,1
444,R. Rupert,Portland Trail Blazers,G,63,324,22,77,278.6,6,8,300.0,13,42,240.2,10,32,42,31,29,7,15,2,-95,136,105,94,73,101.88495252008767,42.37107377647918,34.70891161431702,13.451059167275384,246.1957633308985,137.58838568298023,177.07231555880205,110.5,10
445,RJ Barrett,Toronto Raptors,SG,244,335,96,172,560.7,39,56,647.3,13,36,325.0,11,50,61,45,26,6,34,5,-65,350,305,289,106,234.80991735537188,71.76400367309458,50.50229568411387,12.17722681359045,532.4499540863177,428.8879706152433,327.46097337006427,133.17722681359047,10
446,RaiQuan Gray,San Antonio Spurs,F,23,36,10,17,118.1,0,0,0.0,3,7,60.0,2,3,5,6,0,1,0,1,18,34,28,29,11,37.23140495867769,12.834710743801653,4.793388429752065,4.834710743801653,71.53719008264464,41.685950413223146,55.1487603305785,29.56198347107438,2
447,Reggie Bullock,Houston Rockets,SF,17,91,6,14,183.3,0,0,0.0,5,12,200.0,0,13,13,3,10,3,2,2,-34,33,30,20,16,112.69974089315653,22.155616521871664,2.1281816796220085,8.820454199055023,208.44185337600976,189.80795610425238,132.0865721688767,23.530864197530867,10
448,Reggie Jackson,Denver Nuggets,PG,69,163,26,74,313.7,6,7,250.0,11,36,266.6,4,13,17,22,19,4,8,1,3,108,86,91,39,306.61020710059165,26.20784023668639,36.033284023668635,8.985207100591715,586.246301775148,431.97633136094674,440.5,82.62130177514794,10
449,Richaun Holmes,Washington Wizards,F,88,241,35,62,516.4,18,21,591.7,0,2,0.0,31,52,83,9,31,7,8,8,-2,180,171,97,92,289.8569488456315,267.74694431869625,7.027161611588955,0.004526935264825713,982.0,910.5165233137166,326.7682209144409,309.3463105477592,10
450,Ricky IV Council,Philadelphia 76ers,G,51,103,16,35,424.9,12,17,358.3,7,14,433.3,2,6,8,9,9,6,2,1,33,68,59,60,17,128.9556786703601,8.880886426592799,9.022160664819943,4.125884887657741,229.41828254847647,164.7950138504155,190.77008310249306,20.71191135734072,10
451,Robin Lopez,Milwaukee Bucks,C,6,23,3,9,37.5,0,0,0.0,0,2,0.0,1,0,1,1,3,1,0,2,-16,8,7,7,2,21.92,0.52,0.6800000000000002,0.0,24.48,29.0,18.28,0.32000000000000006,2
452,Royce O'Neale,Phoenix Suns,PF,58,247,20,61,236.9,3,4,150.0,15,49,236.79999999999998,8,39,47,19,23,7,5,4,-3,124,105,77,66,327.4463667820069,68.13014225297962,25.09381007304883,18.037870049980775,684.9359861591695,536.7276047673971,428.1018838908112,140.77681660899657,10
453,Rudy Gobert,Minnesota Timberwolves,C,160,351,58,84,678.3,44,58,601.7,0,0,0.0,42,81,123,17,31,14,17,17,35,300,283,177,140,350.4607896160087,234.38885884261765,10.131151974040021,0.0,918.7152514872904,891.1449432125473,349.3458626284478,273.20524607896164,10
454,Rui Hachimura,Los Angeles Lakers,PF,127,316,48,98,518.9,15,20,550.0,16,35,473.6,13,36,49,13,15,5,4,2,-42,189,176,140,62,627.2488453200114,73.47827316429446,10.10415684795928,10.463380148930154,975.799886888491,916.0478838721841,662.1937977189178,108.38948062965407,10
455,Russell Westbrook,LA Clippers,PG,103,231,40,96,401.3,14,21,500.0,9,25,350.0,9,45,54,41,25,12,28,5,59,198,157,144,95,353.9948096885813,169.97923875432525,165.61634948096886,7.616349480968858,1341.8810553633218,655.9948096885813,747.3412629757786,628.1353806228374,10
456,Ryan Arcidiacono,New York Knicks,G,0,5,0,1,0.0,0,0,0.0,0,1,0.0,0,0,0,0,1,1,0,0,3,0,0,0,0,0.0,0.0625,0.0,0.0,0.0625,0.0625,0.0,0.0625,1
457,Ryan Rollins,Milwaukee Bucks,G,0,7,0,1,0.0,0,0,0.0,0,0,0.0,0,2,2,2,1,0,1,0,0,4,2,2,4,0.81,1.9599999999999997,1.2100000000000002,0.09,2.5600000000000005,0.25,0.03999999999999998,6.25,1
458,Saben Lee,Phoenix Suns,G,35,103,9,28,194.29999999999998,15,20,416.7,2,9,83.3,3,15,18,17,6,4,2,0,6,70,53,52,35,220.85034013605443,38.795918367346935,18.46938775510204,1.7006802721088436,500.3197278911565,421.49659863945584,271.3333333333333,85.60544217687075,9
459,Saddiq Bey,Atlanta Hawks,SF,146,337,48,125,372.4,31,35,800.0,19,59,298.4,29,32,61,14,7,4,10,4,-23,221,207,160,75,398.90000000000003,67.125,9.625,14.9,439.4000000000001,478.32500000000005,362.225,74.5,10
460,Sam Hauser,Boston Celtics,SF,91,239,33,95,379.2,2,2,100.0,23,69,354.9,6,27,33,17,10,8,1,3,106,141,124,108,50,340.88788927335645,40.52387543252595,14.483737024221455,26.413148788927337,480.5640138408304,408.3792387543253,387.2830449826989,80.79723183391003,10
461,Sam Merrill,Cleveland Cavaliers,SG,62,150,19,50,236.7,5,6,266.7,19,47,245.5,2,12,14,17,15,2,2,0,-20,93,76,79,31,512.9934678472928,22.294962984467993,21.073740746117,52.32210770794019,937.6421831905936,713.9451299172595,700.395558136159,79.66366671505297,10
462,Samardo Samuels,Houston Rockets,F,0,11,0,1,0.0,0,0,0.0,0,0,0.0,1,2,3,1,1,0,0,1,-6,4,3,1,4,1.53125,2.03125,0.6953125,0.0,0.1953125,0.5,1.1328125,2.8203125,2
463,Sandro Mamukelashvili,San Antonio Spurs,PF,108,227,42,82,533.5,13,17,500.0,11,29,276.6,24,63,87,20,13,1,11,4,19,215,195,128,107,396.77800916284883,175.13660974593915,14.203248646397332,13.82465639316951,755.4539775093712,690.3469387755102,401.81840899625155,249.4064972927947,10
464,Santi Aldama,Memphis Grizzlies,PF,116,316,42,90,459.2,13,20,450.0,19,52,309.5,11,56,67,23,14,10,7,16,-91,206,183,139,90,464.97257653061223,94.125,18.288903061224488,31.887755102040817,898.1326530612246,764.936862244898,555.9005102040816,154.68176020408163,10
465,Sasha Vezenkov,Sacramento Kings,F,40,103,13,37,238.9,5,5,200.0,9,26,251.2,2,11,13,5,11,6,1,0,25,58,53,45,18,89.22265625,4.265625,4.2900390625,10.4306640625,145.9228515625,105.03515625,128.4462890625,10.2197265625,9
466,Scoot Henderson,Portland Trail Blazers,G,186,351,70,168,416.2,22,28,706.7,24,63,380.7,8,27,35,84,34,12,55,2,-154,305,221,270,119,249.89269928364575,44.56439567139156,124.44444444444443,26.271604938271608,487.6063100137175,297.43347050754454,456.8474317939339,152.2269471117208,10
467,Scottie Barnes,Toronto Raptors,SF,179,333,70,155,460.1,33,39,674.9,6,36,159.89999999999998,28,63,91,75,18,13,31,14,21,345,270,254,166,391.6640625,102.8515625,85.6640625,4.8515625,827.2890625,587.40625,576.65625,243.40625,10
468,Scotty Pippen Jr.,Memphis Grizzlies,G,143,269,57,118,445.1,17,20,585.7,12,39,267.9,11,20,31,46,32,22,30,5,-52,220,174,189,77,595.8697978596908,32.923305588585016,34.46848989298454,12.133769322235434,1017.0439952437574,778.5992865636148,805.4346016646849,96.2717003567182,10
469,Seth Curry,Charlotte Hornets,SG,81,181,29,67,372.5,14,15,566.7,9,31,256.6,4,15,19,17,7,5,7,3,-33,117,100,98,36,233.0,12.900826446280993,16.140495867768593,4.900826446280991,334.3388429752066,276.08264462809916,269.8677685950413,50.429752066115704,10
470,Shai Gilgeous-Alexander,Oklahoma City Thunder,PG,256,333,89,191,467.9,68,82,880.6,10,41,263.3,8,44,52,49,23,11,18,6,126,357,308,305,101,451.9140625,64.4265625,35.925000000000004,8.30625,646.1000000000001,654.625,469.82656249999997,73.9140625,10
471,Shake Milton,New York Knicks,SG,49,126,21,46,431.1,2,3,66.7,5,12,250.0,9,19,28,15,12,4,5,2,-6,92,77,64,43,168.13609467455623,82.63017751479289,18.28994082840237,8.869822485207102,562.7485207100592,440.9378698224852,242.85207100591717,148.0147928994083,10
472,Sidy Cissoko,San Antonio Spurs,G,39,109,15,27,241.3,8,11,221.4,1,8,33.3,8,8,16,10,16,4,2,3,10,65,55,49,26,156.3194706994329,17.546313799621927,21.4593572778828,0.833648393194707,385.79773156899813,270.70132325141776,242.42155009451795,68.0,6
473,Simone Fontecchio,Detroit Pistons,F,158,307,55,116,455.5,19,21,616.7,29,65,413.2,8,41,49,16,20,10,13,5,5,223,207,174,65,506.0,36.90963139120095,14.430439952437576,30.11296076099881,589.4708680142687,547.3923900118907,538.8442330558859,60.574316290130795,10
474,Skylar Mays,Los Angeles Lakers,SG,8,34,4,10,170.0,0,0,0.0,0,3,0.0,0,1,1,3,2,3,2,1,-3,12,9,11,4,17.521632653061225,0.8236734693877551,3.323265306122449,0.0,18.927346938775507,20.020408163265312,17.51755102040816,3.057959183673469,4
475,Spencer Dinwiddie,Los Angeles Lakers,PG,55,170,15,36,251.7,16,19,550.0,9,23,220.0,2,18,20,18,13,2,5,1,-38,93,75,73,38,357.5087736496422,20.03529065777865,42.80737182629154,16.32300754827958,748.0987158121753,499.3854524066268,578.8949122635036,90.16978727575727,10
476,Stanley Umude,Detroit Pistons,G,49,150,16,39,260.4,8,9,366.7,9,25,243.3,5,16,21,3,15,4,4,2,-32,73,70,52,24,177.08,44.0,1.9200000000000002,10.88,278.68,272.78,180.88,48.02,8
477,Stephen Curry,Golden State Warriors,PG,243,334,85,184,483.1,28,30,858.3,45,101,477.59999999999997,2,45,47,63,13,8,31,7,54,353,290,306,110,387.3309897241752,48.229853975121685,56.877501352082206,28.804218496484587,340.1019469983775,337.0091941590049,370.5,125.03109789075177,10
478,Svi Mykhailiuk,Boston Celtics,SG,71,149,25,47,692.1,3,3,200.0,18,35,593.2,3,14,17,14,7,1,3,0,98,102,88,85,31,376.53746097814775,14.17585848074922,16.408428720083243,26.5,634.7887617065556,495.8756503642039,505.0,41.034859521331946,10
479,T. Vukcevic,Washington Wizards,PF,85,143,29,65,303.7,17,22,427.8,10,35,215.3,6,26,32,13,27,4,9,6,29,130,117,98,45,371.53739612188366,62.60941828254847,13.550554016620497,7.517313019390581,640.7804709141274,532.8060941828254,431.75,123.92174515235456,7
480,T.J. McConnell,Indiana Pacers,PG,125,189,58,110,507.3,4,4,200.0,5,17,225.0,4,21,25,55,12,3,13,2,7,205,150,180,80,297.5633270321361,20.69966918714556,78.76583175803403,8.50118147448015,587.4262759924386,300.1845463137996,534.2658317580341,150.0047258979206,10
481,T.J. Warren,Minnesota Timberwolves,SF,37,119,16,39,361.2,3,4,150.0,2,13,83.3,5,16,21,7,11,3,4,1,45,65,58,44,28,77.13791238507301,20.88209843158464,7.56571119524067,1.6170903190914006,127.53812871822608,137.0400216333153,63.96051919956733,32.123309897241754,9
482,Taj Gibson,Detroit Pistons,F,18,40,8,14,216.7,0,0,0.0,2,4,100.0,2,7,9,2,3,1,0,1,-5,29,27,20,11,28.78116343490305,12.905817174515235,3.0027700831024937,1.0692520775623269,90.5567867036011,62.88919667590027,45.49030470914127,26.867036011080327,4
483,Taj Gibson,New York Knicks,F,2,68,0,9,0.0,2,2,100.0,0,2,0.0,4,6,10,4,8,1,3,0,2,16,12,6,14,39.79224376731302,10.013850415512465,1.1745152354570638,0.6786703601108033,45.65650969529086,47.229916897506925,34.362880886426595,15.044321329639889,5
484,Talen Horton-Tucker,Utah Jazz,SG,109,209,39,102,368.0,16,19,538.1,15,44,351.6,1,17,18,22,19,9,10,4,-48,149,127,131,40,409.8,21.616,36.084,11.076,629.716,557.976,470.564,68.676,10
485,Taurean Prince,Los Angeles Lakers,PF,69,220,23,61,382.4,12,12,500.0,11,35,333.3,3,22,25,6,14,4,8,4,-12,100,94,75,31,77.914618908788,17.925447730112452,8.434194085797584,10.11786755518534,164.78488129945856,137.454394002499,101.83944189920868,29.765306122448976,10
486,Taylor Hendricks,Utah Jazz,F,98,267,36,72,505.0,5,7,216.7,21,41,540.0,11,39,50,15,16,11,7,7,-47,163,148,113,65,284.2560553633218,59.88788927335639,12.883737024221453,14.273356401384081,333.0927335640138,319.63460207612457,293.80276816609,76.68304498269896,10
487,Taze Moore,Portland Trail Blazers,G,14,35,6,15,135.7,1,2,50.0,1,5,20.0,4,4,8,5,2,1,3,0,-20,27,22,19,13,58.0,34.0,6.03125,0.53125,250.53125,180.0,101.03125,67.53125,2
488,Terance Mann,LA Clippers,SG,113,249,44,71,585.5,13,14,575.0,12,23,516.6,17,28,45,14,25,4,9,0,22,172,158,127,59,512.5924556213018,86.49648668639053,8.546782544378699,11.728735207100591,932.849852071006,855.6192677514792,573.65625,111.21005917159762,10
489,Terquavion Smith,Philadelphia 76ers,G,46,71,16,40,307.8,3,5,150.0,11,30,266.6,0,4,4,11,6,8,6,0,1,61,50,57,15,252.1487603305785,2.0661157024793386,21.231404958677683,22.2396694214876,271.0,244.41322314049586,280.7933884297521,21.2396694214876,8
490,Terry Rozier,Miami Heat,SG,188,305,68,150,442.8,15,16,466.7,37,74,449.4,2,29,31,31,14,12,12,3,40,250,219,219,62,683.6591836734694,25.0,25.765306122448976,77.26122448979592,794.9469387755103,827.7163265306122,646.1755102040817,55.479591836734706,10
491,Terry Taylor,Chicago Bulls,F,15,56,5,10,325.0,3,4,150.0,2,3,150.0,4,10,14,3,1,2,0,0,-15,32,29,18,17,20.88823959094229,35.125639152666174,3.509130752373996,1.7983929875821767,117.36084733382029,97.06866325785245,26.967129291453613,52.848064280496715,5
492,Thaddeus Young,Phoenix Suns,F,21,83,10,19,325.0,1,3,100.0,0,1,0.0,16,10,26,6,11,5,4,0,0,53,47,27,32,34.169382716049384,71.5679012345679,7.164444444444444,0.0,149.1664197530864,133.7767901234568,44.877530864197524,83.41382716049381,7
493,Thaddeus Young,Phoenix Suns,PF,13,49,6,8,241.7,1,2,50.0,0,1,0.0,5,10,15,6,3,2,1,1,-11,34,28,19,21,11.317037037037036,32.81481481481482,10.613333333333335,0.0,125.37925925925923,69.98370370370371,42.26814814814815,67.87259259259258,3
494,Thanasis Antetokounmpo,Milwaukee Bucks,SF,16,62,8,15,416.7,0,2,0.0,0,1,0.0,2,1,3,6,8,3,4,1,-16,25,19,22,9,25.430204081632656,1.8832653061224491,1.9444897959183676,0.0,33.53224489795919,27.871836734693876,31.46938775510204,3.4489795918367343,8
495,Theo Maledon,Phoenix Suns,PG,5,10,1,2,50.0,3,3,100.0,0,0,0.0,0,1,1,0,3,0,3,0,-11,6,6,5,1,14.0625,0.5625,0.0,0.0,20.25,20.25,14.0625,0.5625,1
496,Thomas Bryant,Miami Heat,C,85,133,31,53,565.8,19,20,675.0,4,12,233.3,12,39,51,7,18,4,6,7,60,143,136,92,58,539.2006920415225,108.91695501730104,8.152633602460593,4.407535563244906,1056.3279507881582,972.8996539792387,613.9692425990005,125.72933487120339,10
497,Tim Hardaway Jr.,Dallas Mavericks,SF,70,194,26,73,333.5,6,8,200.0,12,47,252.5,1,21,22,17,10,5,6,0,-49,109,92,87,39,223.02049861495846,11.745152354570635,14.273130193905818,9.074792243767313,365.25041551246545,322.8520775623268,263.0,28.43711911357341,10
498,Tobias Harris,Philadelphia 76ers,PF,131,352,50,111,448.1,16,19,600.0,15,39,277.5,22,59,81,23,19,4,8,8,50,235,212,154,104,297.5044098329893,40.738412460123854,23.47813848752111,26.579283167573653,396.0369675361231,302.9363858134735,368.3884406079941,86.43310189528992,10
499,Tony Allen,Memphis Grizzlies,F,13,124,6,23,125.0,1,2,50.0,0,7,0.0,4,13,17,5,18,4,2,0,-65,35,30,18,22,15.335640138408305,15.211072664359861,2.0,0.0,54.06920415224913,40.06920415224913,25.335640138408305,21.21107266435986,5
500,Torrey Craig,Chicago Bulls,SF,31,145,11,28,297.0,2,3,150.0,7,16,315.0,10,26,36,7,14,6,5,3,6,74,67,38,43,148.34176085663296,168.15377751338488,9.680547293277812,12.202558001189768,625.7549077929802,498.9559785841761,219.57198096371206,233.40303390838787,10
501,Tosan Evbuomwan,Detroit Pistons,F,84,276,29,53,552.3,17,25,508.4,9,23,390.0,10,34,44,10,17,5,8,4,-96,138,128,94,54,125.78092461474385,43.12952936276552,10.066638900458145,7.008329862557268,264.558100791337,237.48604748021654,150.0,56.04914618908788,10
502,Toumani Camara,Portland Trail Blazers,F,88,292,35,67,507.2,8,9,350.0,10,26,336.6,19,23,42,22,26,8,13,8,-36,152,130,110,64,287.70000000000005,51.93611111111112,28.402777777777775,8.002777777777778,547.7,471.46944444444443,351.46944444444443,92.8,10
503,Trae Young,Atlanta Hawks,PG,184,337,54,139,430.3,52,64,834.7,24,76,367.6,3,24,27,101,17,6,46,1,-75,312,211,285,128,552.625,10.90277777777778,48.5,11.625,598.2777777777777,457.4444444444445,703.125,49.73611111111111,10
504,Trayce JacksonDavis,Golden State Warriors,F,92,226,39,57,710.6,14,23,360.0,0,0,0.0,23,41,64,16,12,6,13,14,-21,172,156,108,80,260.68431001890355,112.5,22.401701323251416,0.0,520.0,409.01039697542535,350.5,156.07561436672967,10
505,Tre Jones,San Antonio Spurs,PG,115,337,48,103,441.5,7,11,258.3,12,37,291.7,11,49,60,70,13,11,21,2,44,245,175,185,130,135.34802560077287,81.97029344282092,62.53254437869822,9.600048303345007,366.3877551020408,228.67854123898078,187.22461055428087,230.33546673107114,10
506,Tre Mann,Charlotte Hornets,PG,113,312,41,93,454.59999999999997,18,22,588.3,13,38,366.7,4,32,36,53,12,20,27,3,-56,202,149,166,89,225.3860345169609,12.136480856972826,26.143820670501885,14.127157310057529,385.24261059313625,250.93056933148182,354.48879190636774,43.48958539972227,10
507,Trendon Watford,Brooklyn Nets,PF,120,253,45,87,520.9,22,33,493.8,8,20,290.0,8,47,55,21,24,6,23,6,-71,196,175,141,76,327.8986676674798,149.12122349408895,29.498780258960405,5.732407581159692,829.4133983861888,692.4756990054418,376.3507224620004,267.10564833927566,10
508,Trent Forrest,Atlanta Hawks,G,24,126,11,28,366.6,2,3,100.0,0,3,0.0,5,12,17,35,2,4,8,1,-25,76,41,59,52,30.69559864573715,12.694675284702985,66.63004001231148,0.0,151.2071406586642,30.62880886426593,137.7177593105571,92.8808864265928,10
509,Trevelin Queen,Orlando Magic,SG,0,13,0,3,0.0,0,0,0.0,0,2,0.0,0,1,1,1,1,0,0,0,-17,2,1,1,2,0.0,0.5918367346938775,0.7551020408163267,0.0,0.04081632653061227,0.5918367346938775,0.7551020408163267,0.04081632653061227,2
510,Trey Jemison,Memphis Grizzlies,C,71,282,31,64,450.5,9,10,450.0,0,0,0.0,34,38,72,16,26,6,15,13,-71,159,143,87,88,224.11296076099882,100.15933412604042,11.239001189060643,0.0,506.2889417360286,490.71462544589775,208.13436385255648,142.95124851367422,10
511,Trey Lyles,Sacramento Kings,PF,66,204,24,58,366.4,5,7,250.0,13,37,347.5,14,31,45,16,10,5,7,4,57,127,111,82,61,227.1353059465671,78.87991956334386,22.557311117494972,6.297902901465095,539.4527434645217,397.3326630278656,350.76644642344155,119.92617064062051,10
512,Trey Murphy III,New Orleans Pelicans,SG,167,400,57,121,464.8,19,20,387.5,34,82,399.6,5,57,62,28,18,12,15,8,-6,257,229,195,90,660.7765775034293,55.61111111111111,15.711419753086417,33.58641975308642,821.556927297668,736.2086762688614,723.2544581618656,94.1929012345679,10
513,Tristan Thompson,Cleveland Cavaliers,C,23,99,11,24,301.3,1,6,50.0,0,0,0.0,12,16,28,11,10,3,3,4,-49,62,51,34,39,64.54400510204081,40.122448979591844,9.489795918367346,0.0,126.2531887755102,134.8297193877551,54.45727040816327,51.12244897959184,10
514,Troy Brown Jr.,Detroit Pistons,SF,45,244,16,57,221.7,5,6,250.0,8,27,170.8,7,31,38,13,8,15,6,1,-54,96,83,58,51,177.14437869822487,22.852071005917157,14.313609467455622,21.685207100591715,234.0828402366864,187.79289940828403,197.2,63.400000000000006,10
515,TyTy Washington Jr.,Milwaukee Bucks,G,11,38,5,13,145.0,0,0,0.0,1,4,100.0,1,2,3,5,1,1,0,0,-2,19,14,16,8,25.0,2.8125,4.7569444444444455,0.7777777777777779,42.111111111111114,28.5625,41.340277777777786,4.777777777777778,4
516,Tyler Herro,Miami Heat,PG,205,365,69,163,425.4,34,36,825.0,33,86,398.2,2,45,47,64,16,3,39,0,50,316,252,269,111,372.39792060491493,52.55387523629489,121.47069943289226,15.43383742911153,832.5,498.5793950850662,660.4017013232515,219.94139886578452,10
517,Tyrese Haliburton,Indiana Pacers,PG,160,347,58,126,460.2,19,24,586.7,25,79,305.6,8,40,48,95,14,10,28,7,63,303,208,255,143,444.89844221712355,56.06400193213379,137.55089964980075,22.514792899408285,530.1266755222799,557.0124381113392,363.6808356478686,247.94674556213016,10
518,Tyrese Maxey,Philadelphia 76ers,PG,294,416,107,222,465.7,47,52,912.5,33,86,362.5,1,39,40,60,24,6,19,3,45,394,334,354,100,1592.6651183045435,50.371606909565976,50.05225722165772,33.39773552039483,2290.1982871244013,1915.8226157642619,1886.7620844825083,180.70256931339816,10
519,Tyus Jones,Washington Wizards,PG,91,313,36,84,402.0,4,4,300.0,15,43,360.8,3,22,25,97,4,9,13,2,-70,213,116,188,122,345.04336734693874,43.53316326530612,160.5,20.959183673469386,776.265306122449,542.0510204081633,542.9719387755102,240.3188775510204,10
520,Udoka Azubuike,Phoenix Suns,C,2,11,1,3,33.3,0,2,0.0,0,0,0.0,2,4,6,0,1,0,0,0,-3,8,8,2,6,3.305785123966942,28.76859504132231,0.0,0.0,51.578512396694215,51.578512396694215,3.305785123966942,28.76859504132231,1
521,Usman Garuba,Golden State Warriors,PF,1,5,0,1,0.0,1,2,50.0,0,0,0.0,0,4,4,0,0,0,0,2,7,5,5,1,4,0.01777777777777777,5.444444444444443,0.017777777777777778,0.0,5.4444444444444455,6.084444444444445,0.0,4.840000000000001,1
522,Vasilije Micic,Charlotte Hornets,G,91,279,33,88,344.9,13,17,425.0,12,42,264.0,3,19,22,77,19,9,23,1,-74,190,113,168,99,231.96490946963627,22.29322224002564,138.8881589488864,11.724082679057842,671.192757570902,284.3190193879186,567.0200288415318,213.0,10
523,Victor Wembanyama,San Antonio Spurs,C,260,332,92,197,488.0,49,65,697.5,27,81,334.3,26,96,122,61,17,11,48,41,0,443,382,321,183,805.7886259040105,225.92373438527287,27.801775147928993,29.36949375410914,1775.4378698224855,1668.0621301775147,851.5548980933596,315.3349769888232,10
524,Vince Williams Jr.,Memphis Grizzlies,G,127,336,42,92,459.70000000000005,30,38,723.3,13,34,328.8,8,54,62,61,30,12,34,9,-54,250,189,188,123,231.93628808864267,72.8808864265928,35.61495844875347,18.00831024930748,492.2326869806094,474.07479224376726,226.76454293628805,131.82548476454295,10
525,Vit Krejci,Atlanta Hawks,G,63,237,24,45,483.7,1,1,100.0,14,30,320.8,4,21,25,19,23,6,8,0,-32,107,88,82,44,429.33664852692823,28.579283167573653,8.857759429536499,32.42709701632577,577.2045411897167,530.4308500656784,474.32238693938825,39.224995308688314,10
526,Walker Kessler,Utah Jazz,C,72,234,31,42,737.5,10,12,500.0,0,0,0.0,22,52,74,12,20,3,11,12,-77,158,146,84,86,107.6064272961714,126.54671692124577,7.620313429875025,0.0,303.70283673874235,272.61456060305494,118.40388811743702,154.45784566554255,10
527,Wendell Carter Jr.,Orlando Magic,C,76,240,29,66,461.0,7,10,275.0,11,35,351.3,19,35,54,12,25,5,7,5,2,142,130,88,66,151.6266540642722,90.73724007561437,18.379017013232513,6.909262759924386,489.64461247637064,359.47542533081275,221.6786389413989,169.2334593572779,10
528,Wendell Moore Jr.,Minnesota Timberwolves,G,8,18,4,5,250.0,0,0,0.0,0,0,0.0,0,7,7,2,2,0,1,0,20,17,15,10,9,15.572016460905349,10.954732510288066,3.0380658436213985,0.0,59.56481481481481,48.23868312757201,20.322016460905353,20.568930041152267,3
529,Wenyen Gabriel,Memphis Grizzlies,F,17,81,8,22,168.3,0,5,0.0,1,6,50.0,7,18,25,3,10,2,8,2,-16,45,42,20,28,59.72702331961591,43.6159122085048,4.060356652949245,0.879286694101509,182.2098765432099,171.6858710562414,60.574759945130324,57.352537722908096,5
530,Wesley Matthews,Atlanta Hawks,SG,40,134,14,36,376.1,2,2,100.0,10,24,370.0,5,12,17,9,12,6,2,3,-19,66,57,49,26,66.4099173553719,32.14049586776859,13.08595041322314,6.211570247933885,127.24628099173555,127.92561983471074,64.15702479338843,46.8,10
531,Xavier Moon,LA Clippers,G,24,90,11,37,145.6,0,0,0.0,2,14,22.2,6,8,14,14,5,3,2,2,-24,52,38,38,28,155.73828125,31.467013888888893,39.252170138888886,3.578125,545.828125,308.3980034722223,328.5555555555555,135.33203125,5
532,Xavier Tillman,Boston Celtics,F,44,114,19,37,492.7,1,3,50.0,5,14,223.3,4,16,20,12,6,4,2,4,4,76,64,56,32,112.837890625,28.7265625,3.83447265625,4.69775390625,182.41650390625,178.775390625,116.58447265625,32.45556640625,10
533,Yuta Watanabe,Memphis Grizzlies,SF,22,97,10,24,250.0,0,2,0.0,2,12,64.3,0,11,11,5,6,5,4,0,-36,38,33,27,16,115.08000000000001,11.27,3.75,1.4800000000000004,136.28,131.43,116.23000000000002,18.72,7
534,Zach Collins,San Antonio Spurs,PF,114,187,43,88,456.5,19,23,716.7,9,23,290.0,17,42,59,27,22,3,14,9,-6,200,173,141,86,321.0830498866213,75.76530612244899,15.444444444444443,7.339002267573696,551.890306122449,622.3109410430839,287.1862244897959,54.685941043083886,10
535,Zavier Simpson,Memphis Grizzlies,G,42,162,17,54,192.7,3,4,75.0,5,17,108.3,4,16,20,25,11,7,10,3,-29,87,62,67,45,176.17919999999998,38.88,5.7472,9.48,301.92,250.93120000000002,214.08,57.7152,7
536,Zeke Nnaji,Denver Nuggets,PF,32,114,14,20,576.7,3,7,150.0,1,1,100.0,6,16,22,6,14,3,0,7,-1,60,54,38,28,48.019274376417236,28.23696145124717,6.408163265306122,0.9002267573696145,137.83673469387756,130.48979591836735,45.91043083900227,44.100907029478456,10
537,Ziaire Williams,Memphis Grizzlies,F,103,270,39,94,389.0,13,16,421.4,12,46,213.7,6,38,44,20,15,12,15,0,-39,167,147,123,64,552.1,32.4,24.0,17.599999999999998,788.1,632.1,714.1,50.4,10
538,Zion Williamson,New Orleans Pelicans,PF,258,350,98,194,496.0,61,89,687.5,1,5,50.0,17,44,61,48,21,18,31,11,0,367,319,306,109,593.2396694214876,100.94963842975207,31.80501033057851,0.9297520661157026,824.0010330578513,819.2058367768595,565.4331095041323,165.35640495867767,10
