,First Last Name,team,position,points,minutes,fgm,fga,fgp,ftm,fta,ftp,tpm,tpa,tpp,offReb,defReb,totReb,assists,pFouls,steals,turnovers,blocks,plusMinus,Points_Rebounds_Assist,Points_Rebounds,Points_Assist,Rebounds_Assist,points_deviation,totReb_deviation,assists_deviation,tpm_deviation,Points_Rebounds_Assist_deviation,Points_Rebounds_deviation,Points_Assist_deviation,Rebounds_Assist_deviation,count
0,A. Flagler,Oklahoma City Thunder,F,0,6,0,3,0.0,0,0,0.0,0,3,0.0,0,0,0,1,0,0,0,0,0,1,0,1,1,0.0,0.0,0.0,0.0,0.0,0.0,0.0,0.0,1
1,A.J. Green,Milwaukee Bucks,G,73,141,24,47,472.8,6,7,366.7,19,39,454.2,0,18,18,8,7,2,5,1,12,99,91,81,26,542.19723183391,18.048442906574397,13.612456747404845,37.53979238754326,738.6124567474048,615.4498269896194,664.0103806228373,33.01038062283737,10
2,A.J. Lawson,Dallas Mavericks,G,19,41,8,17,303.3,1,4,50.0,2,6,100.0,2,5,7,2,4,0,0,1,-1,28,26,21,9,27.340000000000003,5.640000000000001,1.3399999999999999,1.4400000000000004,32.96,30.46,28.36,8.459999999999999,6
3,Aaron Gordon,Denver Nuggets,PF,159,301,62,99,651.9,32,38,785.0,3,17,175.0,18,46,64,39,21,12,21,4,149,262,223,198,103,234.92500000000004,138.425,32.5,2.5,548.1,606.2,240.625,107.125,10
4,Aaron Holiday,Houston Rockets,G,55,139,19,42,337.1,6,6,200.0,11,20,352.5,3,6,9,18,16,6,11,1,-43,82,64,73,27,352.52500000000003,9.925,19.625,23.0,462.62500000000006,432.90000000000003,373.69999999999993,38.1,10
5,Aaron Nesmith,Indiana Pacers,SF,123,287,44,91,476.4,18,26,523.8,17,45,356.5,6,29,35,16,35,10,15,5,-1,174,158,139,51,357.5536332179931,63.269896193771636,16.435986159169552,13.0,717.7993079584776,628.0415224913495,407.0,120.0173010380623,10
6,Aaron Wiggins,Oklahoma City Thunder,SG,89,179,32,64,487.1,12,15,566.7,13,31,359.8,13,15,28,10,7,9,10,4,48,127,117,99,38,258.95463137996217,18.6351606805293,14.075614366729678,16.12287334593573,429.0529300567108,353.66540642722117,328.9017013232514,38.151228733459355,10
7,Al Horford,Boston Celtics,C,88,264,36,65,511.2,4,4,200.0,12,33,287.7,9,53,62,23,10,8,4,14,109,173,150,111,85,211.4878892733564,25.79930795847751,58.128027681660896,16.685121107266436,513.1660899653979,289.8477508650519,416.15570934256056,102.57785467128028,10
8,Alec Burks,New York Knicks,SG,90,183,30,89,334.0,15,20,458.3,15,45,316.5,4,21,25,9,8,3,7,2,-37,124,115,99,34,413.6288088642659,29.060941828254855,8.25207756232687,19.554016620498615,710.2603878116344,629.6592797783933,483.7645429362881,47.77839335180055,10
9,Aleksej Pokusevski,Oklahoma City Thunder,F,6,18,2,5,100.0,1,2,50.0,1,3,100.0,0,2,2,0,0,1,0,0,-12,8,8,6,2,8.0,0.6666666666666667,0.0,0.6666666666666667,12.666666666666668,12.666666666666668,8.0,0.6666666666666667,3
10,Alex Caruso,Chicago Bulls,SG,77,310,28,76,373.8,9,10,300.0,12,46,280.5,8,35,43,37,28,24,17,12,15,157,120,114,80,136.94444444444446,52.69753086419753,44.111111111111114,11.290123456790123,135.4197530864198,145.90123456790124,112.5,110.77160493827161,10
11,Alex Len,Sacramento Kings,C,33,96,15,26,453.4,3,7,60.0,0,1,0.0,10,14,24,2,13,4,9,9,13,59,57,35,26,99.125,21.40277777777778,1.777777777777778,0.0,164.27777777777777,149.61111111111114,116.23611111111109,20.73611111111111,10
12,Alondes Williams,Miami Heat,G,0,6,0,1,0.0,0,0,0.0,0,1,0.0,0,1,1,0,0,0,1,0,-2,1,1,0,1,0.0,0.25,0.0,0.0,0.25,0.25,0.0,0.25,1
13,Alperen Sengun,Houston Rockets,C,186,314,70,136,522.1,41,63,655.1,5,15,333.3,35,60,95,41,39,9,27,7,-14,322,281,227,136,192.025,90.5,55.300000000000004,2.6,605.625,460.52500000000003,332.125,150.8,10
14,Amen Thompson,Houston Rockets,F,113,242,47,93,437.0,18,31,460.0,1,12,33.3,33,44,77,24,25,14,14,14,-21,214,190,137,101,539.6485260770975,84.26530612244898,34.07709750566893,0.9183673469387756,1008.7573696145124,774.281179138322,734.7777777777777,157.6893424036281,10
15,Amir Coffey,LA Clippers,SG,66,237,24,53,445.6,9,11,325.0,9,22,433.3,5,14,19,15,17,13,4,4,20,100,85,81,34,234.3801652892562,22.90082644628099,15.243801652892563,7.694214876033058,235.8553719008264,228.78512396694214,266.5,13.095041322314051,10
16,Andre Drummond,Chicago Bulls,C,117,243,51,92,511.5,15,21,608.3,0,0,0.0,40,81,121,3,23,3,12,12,22,241,238,120,124,415.325,370.925,2.0999999999999996,0.0,1309.0,1265.7,437.225,394.42500000000007,10
17,Andre Jr. Jackson,Milwaukee Bucks,G,24,120,10,17,483.3,2,2,100.0,2,7,200.0,5,19,24,8,15,4,3,1,-38,56,48,32,32,62.0,65.27810650887574,10.75739644970414,1.5739644970414202,137.49112426035504,172.50887573964496,47.68047337278106,55.33727810650888,8
18,Andrew Nembhard,Indiana Pacers,PG,88,281,38,85,455.6,1,2,50.0,11,31,483.3,5,19,24,31,16,13,12,2,-38,143,112,119,55,167.625,31.3,50.5,5.0,277.1250000000001,172.825,269.125,84.6,10
19,Andrew Wiggins,Golden State Warriors,SF,137,272,53,102,496.4,13,15,616.7,18,36,498.3,11,33,44,20,15,10,7,8,55,201,181,157,64,325.7111111111111,60.577777777777776,29.111111111111114,7.777777777777778,543.5777777777778,485.79999999999995,378.59999999999997,94.57777777777778,10
20,Anfernee Simons,Portland Trail Blazers,SG,224,360,80,195,403.9,32,34,860.7,32,89,355.1,4,38,42,65,24,4,32,0,-51,331,266,289,107,808.4250000000001,30.500000000000004,124.5,21.825000000000003,1245.125,822.625,1182.925,203.0,10
21,Anthony Black,Orlando Magic,G,65,223,21,51,346.9,15,20,625.0,8,19,266.6,8,19,27,12,19,5,8,3,3,104,92,77,39,290.30864197530866,52.604938271604944,4.0,13.95679012345679,416.4444444444445,399.7777777777778,306.08641975308643,57.49382716049383,10
22,Anthony Davis,Los Angeles Lakers,PF,248,361,98,167,583.2,52,61,768.2,0,11,0.0,28,106,134,32,19,12,15,28,4,414,382,280,166,555.9274376417234,66.93424036281179,96.24489795918367,0.5668934240362812,691.8866213151928,551.8049886621316,661.1111111111111,198.07709750566895,10
23,Anthony Edwards,Minnesota Timberwolves,SG,266,351,91,200,439.4,58,70,823.6,26,71,353.6,2,46,48,42,18,15,26,6,89,356,314,308,90,731.625,97.65625,62.444444444444436,22.43402777777778,1147.6840277777778,1128.40625,766.4027777777778,144.60069444444446,10
24,Anthony Gill,Washington Wizards,PF,3,21,1,4,100.0,0,0,0.0,1,2,100.0,0,3,3,3,0,4,4,0,13,9,6,6,6,6.1875,2.421875,6.75,0.796875,11.796875,15.171875,7.6875,4.296875,3
25,Ashton Hagans,Portland Trail Blazers,G,35,175,13,34,338.0,7,9,300.0,2,8,50.0,5,19,24,30,27,10,18,6,-14,89,59,65,54,129.37190082644628,12.115702479338843,51.30578512396695,3.570247933884297,382.39669421487605,183.40495867768593,295.0743801652893,96.71074380165288,9
26,Ausar Thompson,Detroit Pistons,F,100,306,41,77,558.6,11,23,416.7,7,22,200.0,16,43,59,20,28,19,16,12,11,179,159,120,79,170.0,29.525,21.225,6.5,340.5,259.525,227.225,74.5,10
27,Austin Reaves,Los Angeles Lakers,SG,146,347,56,114,502.1,15,17,437.5,19,52,342.2,5,40,45,75,19,7,25,7,-17,266,191,221,120,179.02079395085065,44.28922495274101,119.77504725897921,16.20226843100189,224.42722117202268,171.4045368620038,271.51039697542535,124.59735349716445,10
28,Ayo Dosunmu,Chicago Bulls,SG,145,372,57,121,491.5,9,12,333.3,22,56,391.4,10,26,36,49,21,12,21,3,-56,230,181,194,85,294.1,52.425,47.8,17.7,522.025,342.125,406.5,167.72500000000002,10
29,Bam Adebayo,Miami Heat,C,201,342,84,142,598.0,33,46,610.7,0,1,0.0,18,76,94,29,26,10,27,7,54,324,295,230,123,251.80000000000007,85.42499999999998,37.925000000000004,0.0,384.50000000000006,289.72499999999997,322.22499999999997,147.70000000000002,10
30,Ben Sheppard,Indiana Pacers,G,71,182,25,52,444.9,5,5,300.0,16,38,379.5,0,17,17,7,21,9,5,2,16,95,88,78,24,215.23822714681438,40.180055401662045,14.71191135734072,23.396121883656512,317.47091412742384,250.16620498614958,283.90027700831024,53.53462603878117,10
31,Ben Simmons,Brooklyn Nets,PG,53,168,24,38,521.1,5,11,150.0,0,0,0.0,15,39,54,46,20,9,12,4,-5,153,107,99,100,134.88888888888889,64.0,78.88888888888889,0.0,382.0,162.88888888888889,300.0,196.88888888888889,9
32,Bennedict Mathurin,Indiana Pacers,SG,161,291,49,119,367.9,45,56,671.2,18,41,383.1,10,37,47,28,21,9,17,3,-23,236,208,189,75,894.2777777777778,100.11111111111111,32.93827160493827,28.864197530864196,1629.1419753086418,1290.2777777777776,1143.9567901234568,222.23456790123456,10
33,Bilal Coulibaly,Washington Wizards,SG,59,267,19,57,376.9,16,24,503.3,5,22,165.0,10,24,34,13,21,5,15,5,-165,106,93,72,47,175.12500000000003,36.425000000000004,6.325,6.1000000000000005,323.62499999999994,290.5,202.5,48.5,10
34,Bismack Biyombo,Oklahoma City Thunder,C,2,29,1,5,33.3,0,0,0.0,0,0,0.0,2,1,3,1,9,0,1,1,-8,6,5,3,4,3.0400000000000005,2.7600000000000002,0.7600000000000001,0.0,17.04,10.759999999999998,6.84,6.0,4
35,Blake Wesley,San Antonio Spurs,G,38,146,14,29,421.7,9,13,400.0,1,8,50.0,4,11,15,29,17,3,8,0,-38,82,53,67,44,128.0,10.582644628099173,69.45867768595042,0.9669421487603305,311.702479338843,146.400826446281,278.7314049586777,94.61157024793388,10
36,Boban Marjanovic,Houston Rockets,C,3,7,1,1,100.0,1,2,50.0,0,0,0.0,0,3,3,0,0,0,1,0,-3,6,6,3,3,0.0,0.44444444444444425,0.0,0.0,0.44444444444444486,0.44444444444444486,0.0,0.44444444444444425,1
37,Bobby Portis,Milwaukee Bucks,F,161,272,66,133,475.6,16,20,610.0,13,37,293.8,21,67,88,19,19,15,10,4,13,268,249,180,107,496.6219281663516,95.46691871455579,14.020793950850663,18.12287334593573,744.563327032136,727.4007561436673,482.2457466918715,141.0264650283554,10
38,Bogdan Bogdanovic,Atlanta Hawks,SG,150,328,53,136,403.4,17,17,800.0,27,77,369.4,8,35,43,37,22,11,16,2,18,230,193,187,80,145.77777777777774,17.408163265306122,22.35600907029479,8.519274376417233,150.02267573696145,119.75736961451247,182.73696145124714,33.07029478458051,10
39,Bojan Bogdanovic,New York Knicks,SF,150,261,51,115,409.8,23,27,675.0,25,65,353.5,3,28,31,16,21,5,17,2,-79,197,181,166,47,502.4359861591696,29.664359861591695,24.899653979238753,43.200692041522494,623.636678200692,482.81314878892744,635.6955017301038,62.1280276816609,10
40,Bol Bol,Phoenix Suns,C,80,164,36,64,559.1,3,5,200.0,5,21,211.7,13,36,49,4,18,2,5,9,38,133,129,84,53,395.28925619834706,130.88429752066116,2.4132231404958677,4.520661157024793,908.7190082644627,920.6528925619835,388.2314049586777,128.4214876033058,10
41,Bones Hyland,LA Clippers,PG,16,67,7,30,151.8,0,0,0.0,2,16,100.0,1,3,4,15,6,2,6,1,-20,35,20,31,19,20.204081632653065,1.3877551020408165,33.775510204081634,1.346938775510204,39.69387755102041,28.693877551020407,38.95918367346939,27.408163265306115,6
42,Bradley Beal,Phoenix Suns,SG,201,315,75,147,546.2,30,35,623.3,21,52,512.2,10,30,40,51,18,9,30,1,22,292,241,252,91,1327.5121107266436,63.24567474048443,73.0,30.951557093425613,1763.7162629757786,1426.0103806228374,1655.923875432526,145.53979238754326,10
43,Brandin Podziemski,Golden State Warriors,G,93,319,38,95,388.7,13,18,410.0,4,30,100.0,17,52,69,53,18,10,8,4,80,215,162,146,122,198.5,70.77160493827161,108.69753086419753,8.697530864197532,581.6111111111111,436.9382716049383,357.53086419753083,165.1111111111111,10
44,Brandon Boston Jr.,LA Clippers,SG,28,56,11,28,190.5,4,6,200.0,2,6,150.0,3,3,6,1,6,1,0,2,-15,35,34,29,7,108.28099173553717,8.388429752066116,0.8595041322314049,1.4380165289256195,167.0,146.5867768595041,124.47933884297521,13.46280991735537,5
45,Brandon Ingram,New Orleans Pelicans,SF,236,341,88,173,502.9,40,51,694.5,20,48,368.9,9,41,50,65,24,11,33,8,96,351,286,301,115,688.2777777777778,47.90123456790124,24.623456790123456,48.49382716049383,905.4444444444445,878.5493827160494,727.1975308641976,60.5,10
46,Brandon Miller,Charlotte Hornets,F,221,361,86,190,446.7,18,22,533.3,31,83,360.5,9,38,47,26,21,21,23,7,-64,294,268,247,73,610.5165289256198,50.15289256198347,24.40082644628099,21.694214876033058,764.3677685950413,817.3388429752065,575.9586776859504,56.14049586776859,10
47,Brandon Williams,Dallas Mavericks,G,12,29,4,12,150.0,3,4,100.0,1,4,50.0,1,2,3,6,1,0,1,0,-6,21,15,18,9,28.203125,3.453125,5.0,0.828125,52.0,29.0,45.953125,13.703125,5
48,Braxton Key,Denver Nuggets,F,2,6,1,1,100.0,0,1,0.0,0,0,0.0,1,1,2,0,1,0,0,0,2,4,4,2,2,2.25,1.0,0.0,0.0,6.25,6.25,2.25,1.0,1
49,Brice Sensabaugh,Utah Jazz,F,40,115,15,38,273.3,2,2,100.0,8,23,290.0,0,9,9,6,12,1,10,0,-37,55,49,46,15,25.567901234567902,7.6419753086419755,5.111111111111112,3.3086419753086425,52.71604938271605,34.64197530864197,34.60493827160494,21.790123456790127,7
50,Brook Lopez,Milwaukee Bucks,C,98,284,34,84,367.5,9,12,350.0,21,59,339.7,10,37,47,20,18,6,8,23,116,165,145,118,67,238.22500000000002,83.125,14.024999999999999,16.925,518.7250000000001,467.40000000000003,266.5,120.2,10
51,Bruce Brown,Toronto Raptors,SF,69,235,24,62,355.5,18,18,600.0,3,17,133.3,5,24,29,28,14,4,6,3,-59,126,98,97,57,175.0886426592798,60.18559556786703,15.07479224376731,2.401662049861496,350.67036011080336,305.77839335180056,215.96952908587258,79.27146814404433,10
52,Bruno Fernando,Atlanta Hawks,PF,73,163,29,49,595.8,15,21,441.6,0,0,0.0,19,26,45,10,24,6,4,8,-28,128,118,83,55,78.50413223140495,83.51239669421487,12.0,0.0,119.23966942148759,135.2396694214876,84.50413223140495,73.51239669421487,10
53,Bryce McGowens,Charlotte Hornets,G,72,168,24,47,390.8,19,24,566.7,5,18,180.0,4,23,27,11,18,10,5,4,-13,110,99,83,38,278.6640625,25.9140625,9.40625,6.8515625,471.625,418.65625,331.6015625,35.3515625,10
54,Buddy Hield,Philadelphia 76ers,SG,103,274,39,99,389.3,0,0,0.0,25,69,366.4,5,22,27,35,23,7,8,4,-33,165,130,138,62,242.8305785123967,15.921487603305787,58.764462809917354,9.512396694214877,596.2024793388431,351.504132231405,471.28925619834706,90.92561983471076,10
55,CJ McCollum,New Orleans Pelicans,SG,178,301,66,153,410.8,12,16,291.7,34,85,377.0,5,41,46,37,18,9,11,5,70,261,224,215,83,672.5,25.11111111111111,40.5,30.716049382716047,1054.7777777777778,865.6111111111111,859.0,68.27777777777779,10
56,Cade Cunningham,Detroit Pistons,PG,214,323,79,163,480.3,34,41,590.3,22,52,369.5,5,36,41,73,23,8,28,5,-12,328,255,287,114,504.5,23.244897959183675,46.45918367346939,26.336734693877546,586.1224489795918,647.6020408163265,465.8163265306123,46.908163265306115,10
57,Caleb Houstan,Orlando Magic,G,39,152,13,33,292.1,0,1,0.0,13,31,325.4,5,11,16,3,13,3,4,2,16,58,55,42,19,140.85798816568047,25.029585798816562,1.9112426035502958,15.650887573964498,236.65088757396452,233.80473372781063,139.04142011834318,31.603550295857985,8
58,Caleb Martin,Miami Heat,SF,106,285,40,83,483.0,12,15,510.0,14,33,400.0,13,32,45,22,23,9,12,7,56,173,151,128,67,158.89999999999998,40.6,13.825,16.425,257.725,272.5,155.825,42.725,10
59,Cam Reddish,Los Angeles Lakers,SF,27,102,11,22,205.8,1,4,25.0,4,10,150.0,3,10,13,2,8,5,2,3,28,42,40,29,15,95.97959183673468,9.408163265306122,1.346938775510204,3.387755102040816,134.0,112.77551020408161,117.6938775510204,10.26530612244898,6
60,Cam Thomas,Brooklyn Nets,SG,198,328,70,178,374.6,35,39,903.4,23,63,344.5,7,29,36,38,25,12,17,0,-59,272,234,236,74,780.8456790123457,43.11111111111111,36.19753086419753,32.27777777777778,935.216049382716,791.8827160493827,894.4753086419752,109.01234567901234,10
61,Cam Whitmore,Houston Rockets,F,132,194,47,110,413.8,22,32,568.3,16,52,285.6,9,26,35,7,15,6,20,4,-22,174,167,139,42,281.77777777777777,47.71604938271605,2.1790123456790123,13.58641975308642,420.5,428.2345679012346,284.3271604938272,39.61111111111111,10
62,Cameron Johnson,Brooklyn Nets,SF,137,273,45,104,402.5,22,26,571.7,25,69,343.1,8,33,41,24,20,12,13,6,-18,202,178,161,65,532.1111111111111,62.901234567901234,16.790123456790123,34.53086419753086,651.7777777777778,583.604938271605,606.9753086419753,73.0,10
63,Cameron Payne,Philadelphia 76ers,PG,75,159,27,66,346.0,9,11,250.0,12,34,268.3,2,14,16,26,14,4,8,1,6,117,91,101,42,304.62345679012344,18.419753086419753,36.44444444444445,15.777777777777779,344.27777777777777,298.94444444444446,347.21604938271605,57.60493827160494,10
64,Caris LeVert,Cleveland Cavaliers,SG,106,261,39,98,392.7,17,22,458.3,11,36,249.5,5,45,50,61,20,8,13,5,45,217,156,167,111,267.82716049382714,89.21604938271605,119.29012345679013,13.0,903.3456790123457,502.5,543.6111111111111,333.5679012345679,10
65,Cason Wallace,Oklahoma City Thunder,G,66,188,26,51,529.7,1,3,100.0,13,32,453.6,8,17,25,14,9,13,3,3,48,105,91,80,39,122.91115311909262,20.542533081285445,8.911153119092626,8.122873345935728,204.54253308128546,189.7485822306238,128.0,39.15879017013233,10
66,Cedi Osman,San Antonio Spurs,SF,44,160,16,41,374.6,1,2,50.0,11,28,353.3,2,16,18,13,13,6,9,2,-47,75,62,57,31,91.24380165289257,26.776859504132233,22.946280991735538,4.929752066115703,144.78512396694214,142.94628099173553,88.60330578512398,54.20247933884298,10
67,Charlie Brown Jr.,New York Knicks,G,3,27,1,5,20.0,0,0,0.0,1,3,33.3,1,1,2,0,4,0,0,1,-6,5,5,3,2,5.625,2.5,0.0,0.625,15.625,15.625,5.625,2.5,2
68,Chet Holmgren,Oklahoma City Thunder,PF,201,311,75,130,573.2,26,32,721.7,25,56,392.5,18,65,83,30,20,9,16,21,4,314,284,231,113,373.9451795841211,48.28166351606806,37.890359168241964,27.64650283553875,530.4234404536863,394.80907372400765,540.7315689981098,55.0,10
69,Chimezie Metu,Phoenix Suns,PF,16,60,6,14,210.0,4,4,200.0,0,2,0.0,3,18,21,5,7,3,5,1,-21,42,37,21,26,26.074074074074076,34.18518518518518,1.2962962962962963,0.0,109.62962962962963,91.51851851851852,35.66666666666666,44.0,6
70,Chris Boucher,Toronto Raptors,PF,60,125,22,39,566.6,12,17,500.0,4,16,233.3,15,31,46,5,11,1,6,3,29,111,106,65,51,87.32231404958677,49.47107438016529,4.520661157024793,2.4132231404958677,190.3223140495868,163.17355371900828,98.17355371900827,70.28925619834712,10
71,Chris Duarte,Sacramento Kings,SG,47,119,17,33,350.0,1,1,100.0,12,24,333.4,6,17,23,3,8,5,0,3,-4,73,70,50,26,240.52000000000004,20.68,1.92,12.32,348.88,334.08,256.0,21.919999999999998,8
72,Chris Livingston,Milwaukee Bucks,F,0,15,0,3,0.0,0,0,0.0,0,2,0.0,0,2,2,1,6,0,1,0,-16,3,2,1,3,0.0,0.07999999999999996,0.6800000000000002,0.0,1.0,0.07999999999999996,0.6800000000000002,1.0,2
73,Chris Paul,Golden State Warriors,PG,35,93,12,30,154.2,3,4,75.0,8,18,160.0,1,14,15,24,5,10,5,0,-14,74,50,59,39,68.75,0.75,2.0,6.0,61.0,83.0,48.75,0.75,4
74,Christian Braun,Denver Nuggets,G,45,199,17,48,358.7,6,13,200.0,5,17,266.7,14,20,34,13,14,8,6,6,18,92,79,58,47,87.4,58.5,15.325,2.5,255.625,260.5,85.625,70.725,10
75,Christian Wood,Los Angeles Lakers,F,59,133,22,51,477.0,11,14,450.0,4,19,225.0,6,28,34,6,12,5,5,2,-14,99,93,65,40,157.8,54.577777777777776,6.0,2.4444444444444446,305.17777777777775,287.3111111111111,157.4,78.84444444444443,10
76,Chuma Okeke,Orlando Magic,PF,17,90,7,21,125.0,1,2,50.0,2,13,116.7,3,7,10,2,7,5,2,1,-28,29,27,19,12,68.64497041420118,38.0,1.5266272189349113,1.3964497041420116,178.5266272189349,165.10650887573962,73.29585798816566,48.295857988165686,6
77,Clint Capela,Atlanta Hawks,C,106,229,46,83,535.5,14,22,566.7,0,0,0.0,45,57,102,9,22,3,11,11,-3,217,208,115,111,209.11111111111111,92.71111111111111,7.177777777777777,0.0,557.9777777777778,539.2,228.3777777777778,99.4,10
78,Coby White,Chicago Bulls,PG,230,398,77,170,448.8,43,48,918.3,33,81,417.7,6,48,54,57,26,7,27,1,-38,341,284,287,111,704.625,30.625,80.125,40.6,778.125,710.5,724.5,158.5,10
79,Cody Martin,Charlotte Hornets,SF,85,282,34,78,430.2,7,8,266.7,10,32,288.2,5,39,44,47,16,13,15,7,-17,176,129,132,91,220.6,32.425,71.325,6.1,435.29999999999995,267.925,359.225,132.5,10
80,Cody Zeller,New Orleans Pelicans,C,7,31,3,6,200.0,1,2,50.0,0,0,0.0,5,10,15,3,5,2,3,0,14,25,22,10,18,4.450000000000001,7.199999999999998,3.4000000000000004,0.0,27.25,19.65,8.450000000000001,14.2,5
81,Colby Jones,Sacramento Kings,G,2,7,1,3,33.3,0,0,0.0,0,0,0.0,0,3,3,1,1,0,0,0,0,6,5,3,4,1.0,1.0,0.25,0.0,6.25,4.0,2.25,2.25,1
82,Cole Anthony,Orlando Magic,PG,85,190,34,76,432.1,9,13,433.3,8,21,323.3,4,28,32,26,25,12,14,3,-5,143,117,111,58,248.13832199546485,32.12244897959184,52.40362811791383,7.673469387755101,462.3469387755102,250.4104308390023,450.38775510204084,94.21315192743764,10
83,Cole Swider,Miami Heat,F,2,18,0,6,0.0,2,2,100.0,0,5,0.0,0,2,2,1,1,0,3,0,-9,5,4,3,3,3.0,0.75,0.6875,0.0,8.6875,4.75,6.1875,2.1875,3
84,Collin Gillespie,Denver Nuggets,G,30,64,11,20,197.8,1,3,50.0,7,11,200.0,0,7,7,7,6,5,5,0,8,44,37,37,14,157.84,3.24,7.24,9.24,242.96,167.15999999999997,231.16,12.96,4
85,Collin Sexton,Utah Jazz,PG,195,277,62,130,463.4,50,61,843.3,21,43,393.3,5,13,18,55,18,14,27,2,-1,268,213,250,73,179.94784580498865,15.959183673469386,51.94784580498866,16.98185941043084,361.0702947845806,243.40362811791377,264.4444444444444,101.07709750566893,10
86,Corey Kispert,Washington Wizards,SF,170,270,64,130,480.8,13,18,533.3,29,77,363.2,4,32,36,29,23,7,19,3,-76,235,206,199,65,542.8099173553718,29.194214876033058,55.0,40.20247933884298,927.6735537190082,684.0371900826445,760.1735537190082,110.46694214876032,10
87,Cory Joseph,Golden State Warriors,PG,27,71,10,16,316.7,0,0,0.0,7,11,316.7,2,9,11,6,6,0,1,0,9,44,38,33,17,31.2,10.8,2.8000000000000003,3.2,28.8,47.2,21.2,5.2,5
88,Craig Jr. Porter,Cleveland Cavaliers,G,35,87,14,26,295.1,7,8,350.0,0,1,0.0,0,14,14,13,7,1,6,0,7,62,49,48,27,104.23966942148762,19.96694214876033,20.65289256198347,0.0,282.74380165289256,165.0,200.26446280991738,62.3388429752066,6
89,D'Angelo Russell,Los Angeles Lakers,PG,203,355,72,163,451.8,24,31,660.0,35,86,407.0,3,38,41,63,21,12,19,4,-6,307,244,266,104,195.01652892561987,45.06611570247933,96.10743801652893,11.822314049586778,325.0,244.0165289256198,206.24793388429757,210.92561983471074,10
90,D.J. Carton,Toronto Raptors,G,7,18,2,5,83.3,2,2,100.0,1,3,50.0,1,0,1,3,1,0,1,0,-12,11,8,10,4,4.5,0.5,0.5,0.5,4.5,2.0,8.0,0.0,2
91,Daishen Nix,Minnesota Timberwolves,SG,5,5,2,3,66.7,0,0,0.0,1,2,50.0,0,0,0,0,1,1,0,0,6,5,5,5,0,2.25,0.0,0.25,0.0625,1.0,2.25,1.0,0.25,1
92,Dalano Banton,Portland Trail Blazers,G,100,176,37,90,354.6,18,28,455.0,8,29,230.0,12,23,35,19,12,5,12,3,-14,154,135,119,54,478.40000000000003,63.0,20.91111111111111,8.0,969.7777777777778,797.4,628.1111111111111,106.57777777777778,10
93,Dalen Terry,Chicago Bulls,F,27,116,11,25,398.3,2,4,100.0,3,11,183.3,5,13,18,16,17,8,2,0,3,61,45,43,34,48.10204081632653,27.765306122448976,6.6938775510204085,2.1326530612244894,128.90816326530611,116.70408163265307,58.3469387755102,36.41836734693877,10
94,Damian Jones,Cleveland Cavaliers,C,23,56,7,15,250.0,8,8,400.0,1,4,50.0,5,10,15,4,6,1,3,5,-11,42,38,27,19,59.650000000000006,50.45,2.8000000000000003,0.8500000000000001,166.0,156.0,67.65,55.25,5
95,Damian Lillard,Milwaukee Bucks,PG,224,351,72,170,445.3,49,53,888.3,31,83,408.0,3,45,48,65,28,9,36,4,98,337,272,289,113,660.7755102040816,81.35600907029477,50.64172335600907,13.743764172335602,910.6145124716553,817.1247165532881,709.2675736961452,176.9954648526077,10
96,Daniel Gafford,Dallas Mavericks,C,79,202,35,52,498.8,9,13,325.0,0,0,0.0,24,45,69,7,29,5,9,12,-16,155,148,86,76,350.5,179.88271604938274,7.0,0.0,1017.4938271604939,911.8271604938273,410.5,232.5493827160494,10
97,Daniel Theis,LA Clippers,C,57,179,25,49,442.40000000000003,3,4,150.0,4,15,275.0,11,41,52,10,17,2,6,6,8,119,109,67,62,96.36332179930795,137.7993079584775,6.865051903114187,2.4498269896193774,421.39446366782005,351.51903114186854,141.06920415224914,169.83391003460207,10
98,Danilo Gallinari,Milwaukee Bucks,PF,49,129,12,31,341.6,20,22,468.9,5,15,150.0,6,11,17,14,14,3,4,2,-14,80,66,63,31,375.24852071005915,12.14792899408284,13.254437869822485,14.514792899408285,485.15976331360946,439.4674556213018,418.1360946745562,28.207100591715978,10
99,Dante Exum,Dallas Mavericks,G,24,86,7,17,170.0,6,10,300.0,4,5,300.0,0,7,7,11,6,0,2,0,-11,42,31,35,18,34.8,7.2,14.8,2.8000000000000003,85.2,38.8,70.0,33.2,5
100,Danuel House Jr.,Philadelphia 76ers,SF,59,204,19,39,401.3,18,24,583.4,3,16,166.6,6,16,22,9,20,8,5,4,-13,90,81,68,31,90.9,17.6,8.9,2.0999999999999996,120.0,136.9,83.6,16.9,10
101,Dario Saric,Golden State Warriors,PF,48,126,19,43,425.0,5,6,300.0,5,22,200.0,8,22,30,22,8,1,16,0,-11,100,78,70,52,102.19753086419753,39.111111111111114,11.95679012345679,4.777777777777779,231.51234567901238,200.93827160493828,110.03086419753086,73.80864197530865,10
102,Darius Garland,Cleveland Cavaliers,PG,158,331,53,127,419.2,23,25,760.0,29,68,335.8,4,20,24,57,18,9,26,0,71,239,182,215,81,490.5,32.0,29.8515625,74.0390625,678.9765625,652.5,519.4765625,59.3515625,10
103,David Roddy,Phoenix Suns,F,88,234,34,90,360.2,11,18,351.7,9,34,221.9,10,36,46,21,14,5,17,2,-88,155,134,109,67,343.6015625,121.65625,22.6015625,11.3515625,630.125,523.0390625,429.90625,165.0390625,10
104,Davion Mitchell,Sacramento Kings,PG,56,150,23,39,552.5,6,6,300.0,4,15,150.0,1,11,12,20,15,2,6,1,-40,88,68,76,32,173.025,10.0,13.225000000000001,5.3,217.2,215.625,176.0,21.825000000000003,10
105,Davis Bertans,Charlotte Hornets,SF,75,124,25,53,505.6,2,3,66.7,23,49,502.8,0,7,7,5,11,4,1,2,20,87,82,80,12,184.6611570247934,9.735537190082646,4.314049586776859,16.16528925619835,247.80165289256195,235.58677685950417,194.39669421487602,16.528925619834713,9
106,Day'Ron Sharpe,Brooklyn Nets,C,64,141,24,40,621.8,13,22,400.0,3,6,200.0,20,32,52,14,18,5,13,3,-25,130,116,78,66,64.4,35.6,10.4,4.1,214.0,146.4,117.6,60.4,10
107,De'Aaron Fox,Sacramento Kings,PG,275,371,108,216,499.1,36,55,460.0,23,71,291.0,14,37,51,61,26,30,36,5,9,387,326,336,112,831.725,73.0,69.8,24.325000000000003,1288.7249999999997,1212.4250000000002,897.625,153.2,10
108,De'Andre Hunter,Atlanta Hawks,SF,174,250,55,105,517.5,44,52,822.8,20,44,420.7,7,30,37,10,25,6,7,3,-11,221,211,184,47,406.40277777777777,63.44444444444444,10.069444444444445,16.069444444444443,838.1111111111111,737.125,480.0,100.90277777777777,10
109,De'Anthony Melton,Philadelphia 76ers,SG,23,43,7,20,75.0,4,4,200.0,5,14,75.0,0,5,5,5,3,2,1,1,-2,33,28,28,10,128.66666666666666,2.666666666666667,2.666666666666667,8.666666666666666,206.0,164.66666666666669,164.66666666666669,10.666666666666668,3
110,DeAndre Jordan,Denver Nuggets,C,30,88,14,22,750.0,2,5,150.0,0,0,0.0,16,20,36,2,14,0,2,3,-32,68,66,32,38,28.330578512396695,52.95867768595042,1.6033057851239667,0.0,95.50413223140497,82.14876033057851,34.0,62.247933884297524,10
111,DeMar DeRozan,Chicago Bulls,SF,259,397,78,163,495.1,93,101,937.9,10,24,290.0,9,38,47,52,24,12,12,2,-1,358,306,311,99,457.8,84.125,39.699999999999996,12.100000000000001,460.625,609.625,324.5,108.125,10
112,Dean Wade,Cleveland Cavaliers,PF,32,138,10,26,308.3,2,2,100.0,10,26,308.3,1,22,23,7,11,2,1,10,13,62,55,39,30,132.625,17.0,6.5,14.025,165.62500000000003,168.72500000000002,122.52500000000002,30.5,10
113,Deandre Ayton,Portland Trail Blazers,C,175,312,84,133,603.4,7,7,300.0,0,0,0.0,25,80,105,22,19,11,11,10,-34,302,280,197,127,589.40625,266.8515625,10.2890625,0.0,1412.90625,1376.4140625,628.9140625,274.125,10
114,Dejounte Murray,Atlanta Hawks,SG,206,354,82,186,439.5,28,38,741.3,14,64,216.39999999999998,10,55,65,77,19,11,27,5,-42,348,271,283,142,237.45679012345676,34.77777777777778,64.75308641975309,11.364197530864198,365.23456790123447,331.8641975308641,286.97530864197535,83.38271604938271,10
115,Delon Wright,Miami Heat,SG,42,130,15,30,516.6,7,8,183.3,5,11,350.0,4,11,15,21,3,8,0,3,1,78,57,63,36,104.5,4.777777777777778,30.77777777777777,4.777777777777779,214.5,119.61111111111113,182.9444444444444,52.0,10
116,Deni Avdija,Washington Wizards,SF,187,324,69,137,501.5,30,43,639.6,19,43,404.9,17,72,89,30,24,3,34,4,-56,306,276,217,119,1048.3249999999998,179.8,22.625,28.5,1722.0,1625.625,1082.1999999999998,264.925,10
117,Dennis Schroder,Brooklyn Nets,PG,135,280,48,116,391.9,16,22,329.7,23,50,445.0,5,25,30,48,16,6,17,3,-47,213,165,183,78,424.3388429752066,73.01239669421487,64.73140495867769,25.380165289256198,925.198347107438,760.3677685950413,563.3099173553719,163.60330578512398,10
118,Dennis Smith Jr.,Brooklyn Nets,PG,55,199,21,57,363.5,6,11,210.0,5,17,166.5,11,22,33,37,19,12,13,4,6,125,88,92,70,137.1487603305785,51.0,47.925619834710744,2.520661157024793,344.5206611570248,209.05785123966942,230.24793388429754,141.28925619834712,10
119,Dereck II Lively,Dallas Mavericks,C,96,233,42,54,772.8,12,26,419.4,0,0,0.0,21,39,60,9,26,11,5,20,46,165,156,105,69,236.4852071005917,90.53254437869822,13.0,0.0,578.2899408284023,515.4437869822485,262.8698224852071,139.99408284023667,10
120,Derrick Jones Jr.,Dallas Mavericks,SF,67,192,22,44,367.7,15,22,416.7,8,19,208.3,8,28,36,9,5,4,4,2,20,112,103,76,45,468.84775086505186,66.0,6.9031141868512105,21.68858131487889,777.7162629757785,725.6712802768166,513.4809688581314,80.31487889273356,10
121,Derrick Rose,Memphis Grizzlies,PG,49,95,20,37,377.7,5,6,266.7,4,8,233.3,0,15,15,21,3,1,9,0,-9,85,64,70,36,70.0,14.857142857142856,12.0,3.7142857142857144,188.85714285714286,116.85714285714286,128.0,40.857142857142854,7
122,Derrick White,Boston Celtics,PG,162,309,59,106,553.9,11,12,450.0,33,67,460.0,5,37,42,56,14,11,15,12,168,260,204,218,98,481.4958448753463,26.238227146814406,36.144044321329645,28.706371191135737,506.61495844875355,486.0609418282549,468.6204986149585,95.81163434903048,10
123,Devin Booker,Phoenix Suns,SG,242,335,81,177,449.5,62,70,915.4,18,50,316.9,8,26,34,51,31,10,21,2,11,327,276,293,85,936.0,50.025000000000006,74.925,31.825000000000003,1486.1000000000004,1268.425,1153.7249999999997,124.89999999999999,10
124,Devin Vassell,San Antonio Spurs,SG,234,352,91,183,491.5,24,32,751.6,28,69,415.7,7,41,48,48,8,7,23,9,-36,330,282,282,96,446.8801652892562,66.5,38.0,12.24793388429752,589.8347107438017,458.74380165289256,589.9710743801653,92.5,10
125,Devonte' Graham,San Antonio Spurs,PG,3,21,1,6,50.0,0,0,0.0,1,6,50.0,0,6,6,0,0,0,0,0,4,9,9,3,6,6.75,1.0,0.0,0.75,10.75,10.75,6.75,1.0,4
126,Dillon Brooks,Houston Rockets,SF,101,301,34,97,335.2,17,21,500.0,16,52,323.3,11,34,45,20,24,9,5,2,-42,166,146,121,65,475.48979591836735,73.94784580498866,12.816326530612244,17.346938775510203,639.1655328798187,577.5192743764172,548.9183673469388,74.98185941043084,10
127,Domantas Sabonis,Sacramento Kings,PF,186,363,75,135,582.7,33,46,593.9,3,11,183.3,42,100,142,91,27,10,31,5,-31,419,328,277,233,338.94628099173553,118.62809917355371,88.90082644628099,2.338842975206611,289.67355371900817,330.64876033057857,280.5,225.0,10
128,Dominick Barlow,San Antonio Spurs,F,44,102,16,28,349.9,10,13,383.3,2,3,150.0,15,13,28,8,9,1,2,3,-20,80,72,52,36,47.91836734693878,30.0,19.551020408163268,1.346938775510204,77.10204081632652,95.63265306122447,58.53061224489795,20.40816326530612,6
129,Donovan Mitchell,Cleveland Cavaliers,SG,284,363,94,186,495.8,55,64,862.8,41,92,440.6,4,49,53,55,24,14,33,6,85,392,337,339,108,467.6111111111111,34.11111111111111,34.27777777777777,18.327160493827158,708.0,612.9444444444445,550.7777777777777,80.27777777777776,10
130,Donte DiVincenzo,New York Knicks,SG,230,372,86,197,442.6,9,13,205.0,49,126,400.1,11,32,43,30,21,15,18,7,-34,303,273,260,73,586.2249999999999,25.325,18.400000000000002,25.399999999999995,780.5,642.1,722.025,46.325,10
131,Dorian Finney-Smith,Brooklyn Nets,PF,67,243,26,57,434.1,5,8,250.0,10,34,308.3,16,26,42,21,28,7,12,5,-6,130,109,88,63,144.681660899654,70.33217993079585,37.53979238754325,6.55363321799308,521.8477508650519,379.5190311418685,256.0415224913495,138.840830449827,10
132,Doug McDermott,Indiana Pacers,SF,38,119,14,43,275.0,1,4,50.0,9,35,206.6,1,6,7,7,7,1,2,0,-14,52,45,45,14,159.0679012345679,6.277777777777778,11.0,11.345679012345679,208.04938271604937,185.71604938271605,186.40123456790124,12.277777777777777,10
133,Draymond Green,Golden State Warriors,PF,68,264,27,54,532.1,10,13,325.0,4,10,233.3,14,68,82,54,23,5,30,10,17,204,150,122,136,53.699999999999974,81.625,39.425000000000004,4.9,290.00000000000006,164.22500000000008,135.62500000000003,164.9,10
134,Drew Eubanks,Phoenix Suns,PF,48,148,18,30,555.8,12,16,400.0,0,0,0.0,8,32,40,6,13,4,9,9,-23,94,88,54,46,120.47165532879818,36.36281179138322,3.3287981859410434,0.0,230.6485260770975,233.9591836734694,128.0,28.85260770975056,10
135,Duncan Robinson,Miami Heat,F,135,307,47,102,458.2,12,13,566.7,29,71,393.3,1,23,24,38,27,11,14,5,84,197,159,173,62,360.6124567474048,22.0,93.57093425605535,38.7439446366782,458.3910034602077,354.4948096885813,402.15570934256056,177.9238754325259,10
136,Duop Reath,Portland Trail Blazers,C,101,189,39,79,504.2,8,18,291.7,15,39,419.9,18,17,35,6,28,6,11,11,-54,142,136,107,41,472.925,28.5,5.424999999999999,18.525000000000002,609.2,552.425,521.7,41.925000000000004,10
137,Dwight Powell,Dallas Mavericks,C,18,109,6,9,400.0,6,12,275.0,0,0,0.0,11,21,32,7,15,0,9,3,2,57,50,25,39,24.0,64.22222222222223,9.0,0.0,147.88888888888886,120.22222222222223,35.0,89.8888888888889,8
138,Dylan Windler,Los Angeles Lakers,G,3,14,1,4,25.0,0,0,0.0,1,4,25.0,0,1,1,2,1,0,0,0,-7,6,4,5,3,4.591836734693878,0.510204081632653,0.16326530612244897,0.510204081632653,2.6530612244897966,2.163265306122449,5.0,0.7551020408163267,2
139,Dyson Daniels,New Orleans Pelicans,G,40,192,17,36,336.4,1,2,50.0,5,14,250.0,8,22,30,21,14,17,13,8,28,91,70,61,51,129.32231404958677,24.082644628099175,27.0,4.520661157024793,159.97520661157026,120.06611570247932,141.0495867768595,79.26446280991736,10
140,Eric Gordon,Phoenix Suns,SG,114,276,40,87,449.0,12,13,466.7,22,53,407.2,1,16,17,17,10,9,11,5,15,148,131,131,34,409.33564013840834,17.0,16.681660899653977,13.688581314878892,544.7750865051903,406.57093425605535,541.8927335640138,39.3287197231834,10
141,Eugene Omoruyi,Washington Wizards,F,47,103,19,48,261.3,8,12,375.0,1,9,33.3,13,17,30,11,17,10,6,0,-81,88,77,58,41,191.41322314049586,73.86776859504133,12.173553719008265,0.884297520661157,485.5371900826447,393.0,251.28925619834715,118.70247933884295,8
142,Evan Fournier,Detroit Pistons,SG,73,161,25,58,330.3,10,12,425.0,13,35,281.1,3,16,19,10,14,8,8,2,-40,102,92,83,29,292.8888888888889,22.88888888888889,18.88888888888889,12.222222222222221,508.0,395.55555555555554,411.55555555555554,35.55555555555556,9
143,Evan Mobley,Cleveland Cavaliers,PF,176,292,71,116,605.3,28,46,647.6,6,15,225.0,22,90,112,35,31,8,15,17,24,323,288,211,147,446.3515625,105.15625,77.4765625,10.4140625,670.90625,567.5390625,449.0,283.3515625,10
144,Frank Ntilikina,Charlotte Hornets,PG,5,39,1,8,50.0,2,2,100.0,1,7,50.0,1,4,5,3,4,0,0,0,0,13,10,8,8,19.444444444444446,7.0,6.777777777777779,0.7777777777777779,25.0,14.77777777777778,19.0,24.444444444444443,4
145,Franz Wagner,Orlando Magic,SF,199,322,80,146,540.7,28,34,770.0,11,42,204.7,8,46,54,41,20,9,29,8,69,294,253,240,95,728.9335180055401,34.986149584487535,31.620498614958446,22.95567867036011,788.409972299169,711.0,814.4432132963989,58.50692520775623,10
146,Fred VanVleet,Houston Rockets,PG,140,353,46,115,368.0,21,25,666.7,27,76,326.6,6,29,35,61,27,13,21,6,-38,236,175,201,96,558.8444444444444,21.044444444444444,128.77777777777777,36.111111111111114,794.8,725.1777777777778,597.4444444444445,180.84444444444443,10
147,Furkan Korkmaz,Philadelphia 76ers,SG,43,145,14,34,328.6,7,10,241.7,8,19,258.3,3,17,20,14,8,3,3,3,31,77,63,57,34,327.2361111111111,21.111111111111107,10.625,21.777777777777775,456.5,383.125,407.61111111111114,24.736111111111114,10
148,GG Jackson,Memphis Grizzlies,F,128,257,42,116,355.7,28,38,663.3,16,54,296.1,12,29,41,7,11,6,17,3,-87,176,169,135,48,483.86776859504135,68.28925619834712,2.3677685950413223,15.09504132231405,867.7892561983472,845.7768595041323,500.5,76.03719008264463,10
149,Garrett Temple,Toronto Raptors,SF,5,12,2,4,50.0,1,2,50.0,0,2,0.0,1,0,1,0,2,1,1,0,-4,6,6,5,1,16.0,0.020408163265306135,0.0,0.0,17.163265306122444,17.163265306122444,16.0,0.020408163265306135,1
150,Garrison Mathews,Atlanta Hawks,SG,34,140,10,28,431.7,6,6,200.0,8,24,416.7,2,14,16,4,15,3,0,1,25,54,50,38,20,86.35457063711911,26.40443213296399,2.559556786703601,4.0,171.39612188365652,151.77285318559558,96.83102493074792,38.11080332409972,10
151,Gary Harris,Orlando Magic,SG,79,233,29,53,590.3,3,4,200.0,18,35,470.0,2,14,16,18,17,11,5,6,9,113,95,97,34,97.77685950413223,14.413223140495868,17.86776859504132,13.867768595041321,140.50413223140495,161.0,93.0,16.56198347107438,10
152,Gary Payton II,Golden State Warriors,SG,63,146,28,43,549.2,3,5,150.0,4,7,350.0,17,13,30,13,13,11,6,4,2,106,93,76,43,230.1,20.0,8.1,2.4000000000000004,240.4,220.10000000000002,246.4,32.1,10
153,Gary Trent Jr.,Toronto Raptors,SG,130,302,48,118,397.8,10,12,341.7,24,64,352.8,6,27,33,11,13,14,4,2,-11,174,163,141,44,317.4512471655329,40.73696145124716,17.244897959183675,23.387755102040817,408.0770975056689,373.3764172335601,359.281179138322,50.852607709750565,10
154,Georges Niang,Cleveland Cavaliers,SF,55,178,20,60,356.6,5,6,175.0,10,39,316.7,2,30,32,9,14,3,6,0,28,96,87,64,41,272.03719008264466,15.739669421487603,11.458677685950414,14.066115702479339,335.11157024793386,357.0826446280991,253.10743801652887,24.157024793388427,10
155,Giannis Antetokounmpo,Milwaukee Bucks,PF,324,354,119,178,666.0,76,114,656.5,10,21,490.0,23,66,89,74,26,8,27,4,38,487,413,398,163,873.0250000000001,195.0,120.0,6.625,1457.125,1220.325,1229.825,195.0,10
156,Goga Bitadze,Orlando Magic,C,26,102,12,22,465.8,2,5,83.3,0,4,0.0,13,11,24,9,17,3,5,10,-1,59,50,35,33,78.0,78.44897959183672,9.448979591836734,0.0,374.51020408163265,289.3061224489796,118.30612244897958,132.79591836734693,8
157,Gordon Hayward,Oklahoma City Thunder,SF,19,116,8,33,156.2,3,3,200.0,0,2,0.0,6,18,24,9,6,0,1,0,-30,52,43,28,33,55.875,24.0,4.875,0.0,110.0,121.875,54.0,18.875,8
158,Gradey Dick,Toronto Raptors,G,110,211,44,80,610.7,3,4,150.0,19,40,449.9,5,27,32,11,10,7,3,0,-41,153,142,121,43,384.22499999999997,40.625,11.799999999999999,18.925,499.70000000000005,451.69999999999993,449.92499999999995,34.725,10
159,Grant Williams,Charlotte Hornets,PF,112,274,37,79,467.2,23,30,488.1,15,40,357.8,17,34,51,19,29,5,22,6,24,182,163,131,70,469.7,115.8,16.924999999999997,30.9,812.825,619.7,596.925,198.625,10
160,Grayson Allen,Phoenix Suns,SG,99,345,30,75,418.4,18,21,716.7,21,57,418.7,4,28,32,39,25,10,9,9,24,170,131,138,71,352.10204081632656,17.927437641723355,143.9795918367347,23.68934240362812,451.328798185941,385.44444444444446,410.7755102040816,169.11791383219955,10
161,Gui Santos,Golden State Warriors,F,38,97,13,24,372.5,8,9,350.0,4,8,250.0,9,20,29,8,13,2,5,2,21,75,67,46,37,109.11999999999999,69.08,11.680000000000001,3.7199999999999998,328.91999999999996,304.92,110.88000000000001,103.0,7
162,Harrison Barnes,Sacramento Kings,SF,131,285,49,98,473.4,12,19,491.7,21,50,350.9,6,19,25,6,10,11,6,0,-46,162,156,137,31,405.73966942148763,18.56611570247934,9.65702479338843,34.96694214876033,408.698347107438,386.38016528925624,416.8347107438017,39.446280991735534,10
163,Harry III Giles,Brooklyn Nets,F,8,13,3,7,50.0,1,2,50.0,1,2,100.0,2,3,5,2,3,0,1,0,-13,15,13,10,7,45.78125,7.625,2.78125,0.625,125.0,90.53125,71.125,19.53125,2
164,Haywood Highsmith,Miami Heat,F,57,213,23,54,448.5,2,2,100.0,9,32,233.3,11,16,27,3,21,10,4,6,18,87,84,60,30,255.0679012345679,10.5,2.308641975308642,19.0,301.44444444444446,285.01234567901236,272.2777777777778,12.030864197530864,10
165,Herbert Jones,New Orleans Pelicans,SF,129,326,46,81,571.3,19,23,641.7,18,34,476.7,11,32,43,21,32,18,11,3,132,193,172,150,64,211.44444444444446,68.5,25.216049382716047,18.0,427.4197530864198,366.2777777777777,282.0308641975309,84.27160493827161,10
166,Hunter Tyson,Denver Nuggets,F,0,7,0,3,0.0,0,0,0.0,0,3,0.0,0,1,1,0,1,0,2,0,-1,1,1,0,1,2.25,0.25,0.0,0.25,4.0,4.0,2.25,0.25,1
167,Ibou Badji,Portland Trail Blazers,C,9,45,4,5,250.0,1,2,50.0,0,0,0.0,2,3,5,4,6,0,5,5,-15,18,14,13,9,12.75,3.3125,2.5625,0.0,23.25,24.5625,14.3125,3.0,4
168,Immanuel Quickley,Toronto Raptors,SG,197,343,68,158,425.2,25,31,621.4,36,84,421.3,2,42,44,68,18,9,17,2,8,309,241,265,112,431.49382716049377,46.44444444444444,108.5,32.697530864197525,657.0679012345679,584.2345679012346,504.3271604938271,154.94444444444443,10
169,Isaac Okoro,Cleveland Cavaliers,SF,99,258,37,73,528.7,8,14,333.3,17,40,432.5,5,19,24,27,12,10,8,10,54,150,123,126,51,115.06611570247934,54.40082644628099,24.78512396694215,8.5,242.18595041322317,170.38429752066116,162.56198347107437,103.4917355371901,10
170,Isaiah Hartenstein,New York Knicks,C,85,253,34,58,561.8,17,19,675.0,0,0,0.0,39,49,88,33,25,8,13,10,-17,206,173,118,121,223.84444444444443,237.77777777777777,49.44444444444444,0.0,841.9111111111112,656.2,333.37777777777774,363.4,10
171,Isaiah Jackson,Indiana Pacers,SF,84,170,33,55,558.0,18,24,633.3,0,2,0.0,21,31,52,9,24,7,10,9,-13,145,136,93,61,270.81632653061223,180.0,5.030612244897959,0.0,830.5,777.6734693877552,292.5,216.17346938775512,10
172,Isaiah Joe,Oklahoma City Thunder,SG,66,169,25,52,515.8,2,2,200.0,14,36,388.7,3,15,18,11,10,5,7,3,44,95,84,77,29,172.93628808864267,6.880886426592798,20.933518005540165,12.404432132963988,168.8393351800554,142.5595567867036,194.4016620498615,32.62880886426593,10
173,Isaiah Stewart,Detroit Pistons,C,101,238,35,71,394.4,18,24,420.8,13,35,272.0,10,40,50,13,13,4,9,13,4,164,151,114,63,69.875,59.5,7.875,9.875,228.0,184.875,97.5,82.875,8
174,Ish Smith,Charlotte Hornets,PG,24,192,11,37,336.0,0,0,0.0,2,2,200.0,1,20,21,42,18,7,6,1,-96,87,45,66,63,69.00591715976333,25.544378698224854,89.45562130177514,1.621301775147929,172.76331360946745,77.0,134.98224852071004,144.78698224852073,10
175,Ivica Zubac,LA Clippers,C,88,242,37,58,630.1,14,17,516.7,0,0,0.0,20,58,78,17,23,3,14,6,-1,183,166,105,95,192.24793388429754,116.44628099173553,12.537190082644628,0.0,524.702479338843,446.41322314049586,224.5206611570248,175.0,10
176,JT Thor,Charlotte Hornets,F,22,89,8,17,333.4,3,4,150.0,3,7,166.7,1,16,17,4,7,2,4,4,29,43,39,26,21,54.0,14.125,2.4765625,4.125,68.6640625,79.125,47.2265625,12.9140625,10
177,JaVale McGee,Sacramento Kings,C,27,49,13,21,330.0,1,5,50.0,0,2,0.0,5,11,16,0,7,2,0,1,3,43,43,27,16,49.97959183673469,7.673469387755103,0.0,0.0,81.48979591836735,81.48979591836735,49.97959183673469,7.673469387755103,6
178,Jabari Smith Jr.,Houston Rockets,PF,134,334,46,117,395.7,24,29,662.5,18,57,376.4,23,73,96,13,23,8,11,4,-28,243,230,147,109,376.401384083045,311.3771626297578,16.391003460207614,11.612456747404844,1290.3633217993079,1100.7820069204151,488.43252595155707,405.318339100346,10
179,Jabari Walker,Portland Trail Blazers,F,92,250,37,86,418.3,16,19,541.7,2,18,133.3,28,45,73,10,19,5,9,3,-67,175,165,102,83,368.59504132231405,91.55785123966942,8.18595041322314,2.037190082644628,815.99173553719,704.5661157024794,463.0619834710744,116.70247933884298,10
180,Jacob Gilyard,Memphis Grizzlies,G,67,205,23,52,431.8,1,1,100.0,20,45,431.8,1,14,15,41,10,10,12,2,-62,123,82,108,56,282.4591836734694,10.959183673469388,31.48979591836735,24.816326530612244,472.90816326530614,344.33673469387753,394.98979591836735,58.48979591836734,10
181,Jacob Toppin,New York Knicks,F,13,29,5,9,107.1,2,2,100.0,1,4,33.3,3,3,6,1,3,0,1,0,-18,20,19,14,7,70.92,7.120000000000001,0.52,0.6800000000000002,112.72,121.0,64.0,6.280000000000001,2
182,Jaden Hardy,Dallas Mavericks,G,89,135,35,71,517.3,7,8,350.0,12,30,370.0,1,12,13,10,7,3,9,1,-11,112,102,99,23,245.4938271604938,8.104938271604938,10.5,9.604938271604938,269.7530864197531,264.6975308641975,256.7716049382716,12.382716049382715,10
183,Jaden Ivey,Detroit Pistons,PG,188,335,63,144,430.6,39,49,733.3,23,56,394.9,11,18,29,39,29,3,26,4,-1,256,217,227,68,744.625,41.300000000000004,38.925,42.725,1249.3,1089.725,894.6,89.825,10
184,Jaden McDaniels,Minnesota Timberwolves,PF,98,315,38,76,482.5,7,12,175.0,15,39,321.3,9,25,34,14,31,6,19,9,25,146,132,112,48,390.90625,28.944444444444446,8.444444444444445,20.934027777777775,511.15625,500.7673611111112,414.18402777777777,24.5,10
185,Jaden Springer,Boston Celtics,G,58,152,20,45,357.1,15,16,575.0,3,13,183.3,8,19,27,14,16,12,9,2,-24,99,85,72,41,146.33136094674558,29.325443786982245,16.284023668639055,2.0946745562130173,369.20710059171597,284.98224852071,199.9289940828402,76.23668639053255,9
186,Jae Crowder,Milwaukee Bucks,PF,67,286,26,61,409.7,5,5,200.0,10,33,258.6,6,41,47,21,24,13,5,2,18,135,114,88,68,345.02646502835535,83.22684310018904,23.32514177693762,16.0,764.6219281663516,556.4310018903592,499.20604914933847,160.56332703213613,10
187,Jae'Sean Tate,Houston Rockets,SF,35,130,15,35,463.2,2,4,50.0,3,6,250.0,10,19,29,10,18,10,7,0,16,74,64,45,39,38.4140625,36.5,10.15625,2.2265625,101.4765625,103.4140625,39.4765625,43.65625,10
188,Jaime Jr. Jaquez,Miami Heat,G,105,285,43,92,443.1,14,20,490.0,5,24,186.6,18,28,46,24,19,14,15,0,22,175,151,129,70,355.7111111111111,32.0,22.444444444444446,2.511111111111111,426.5999999999999,462.5111111111112,313.79999999999995,60.44444444444445,10
189,Jake LaRavia,Memphis Grizzlies,F,73,162,21,62,197.89999999999998,26,34,555.0,5,27,101.19999999999999,14,24,38,14,15,8,11,2,-29,125,111,87,52,241.71428571428572,67.71428571428572,6.0,7.428571428571429,428.8571428571429,358.8571428571429,279.7142857142857,105.71428571428572,7
190,Jakob Poeltl,Toronto Raptors,C,120,257,55,87,641.9,10,18,391.7,0,0,0.0,29,64,93,30,32,7,14,17,4,243,213,150,123,151.27551020408163,128.10204081632654,30.81632653061224,0.0,496.13265306122446,395.2755102040817,238.05102040816325,173.0,10
191,Jalen Brunson,New York Knicks,PG,319,378,115,247,461.3,67,76,884.2,22,66,303.0,6,27,33,74,20,11,36,1,-17,426,352,393,107,371.1108033240997,26.246537396121884,115.51246537396122,25.734072022160664,340.19944598337935,425.612188365651,329.4487534626039,98.00831024930747,10
192,Jalen Duren,Detroit Pistons,C,154,313,58,93,644.2,38,44,867.4,0,1,0.0,30,89,119,29,37,4,21,12,-13,302,273,183,148,252.62499999999997,249.3,24.125000000000004,0.0,827.6,795.325,278.49999999999994,279.825,10
193,Jalen Green,Houston Rockets,SG,175,295,65,165,377.3,21,25,591.7,24,72,279.5,4,42,46,33,13,8,23,5,-8,254,221,208,79,1141.4081632653063,51.836734693877546,25.444444444444443,55.32879818594105,1346.6485260770976,1433.4897959183672,1051.0430839002267,80.8049886621315,10
194,Jalen HoodSchifino,Los Angeles Lakers,G,10,22,2,10,133.3,5,8,250.0,1,4,50.0,0,4,4,1,1,1,2,0,-24,15,14,11,5,15.25,1.0,0.75,0.8611111111111109,25.0,21.25,19.0,1.75,4
195,Jalen Johnson,Atlanta Hawks,SF,160,371,67,152,433.9,14,22,708.4,12,44,254.89999999999998,19,84,103,39,20,7,15,12,-23,302,263,199,142,255.1111111111111,106.41043083900229,71.68934240362813,7.63265306122449,788.7755102040817,526.124716553288,450.9274376417234,244.93424036281178,10
196,Jalen McDaniels,Toronto Raptors,PF,13,46,5,15,103.3,0,0,0.0,3,8,116.7,2,6,8,3,5,1,9,0,-7,24,21,16,11,47.0,8.84,3.5599999999999996,3.5599999999999996,113.56000000000002,85.24,69.36,18.36,4
197,Jalen Pickett,Denver Nuggets,G,2,7,1,3,33.3,0,0,0.0,0,2,0.0,0,0,0,2,0,0,0,0,-1,4,2,4,2,1.9599999999999997,0.0,1.44,0.0,6.760000000000001,1.9599999999999997,6.760000000000001,1.44,1
198,Jalen Smith,Indiana Pacers,PF,93,165,39,69,544.4,7,8,400.0,8,26,350.0,18,36,54,9,13,3,7,7,2,156,147,102,63,241.65625,35.2890625,8.9765625,6.2890625,299.90625,346.7890625,206.9140625,32.125,10
199,Jalen Suggs,Orlando Magic,SG,114,268,43,84,520.3,8,12,275.0,20,47,426.5,5,25,30,31,29,15,19,7,68,175,144,145,61,173.625,28.225,20.5,14.024999999999999,226.59999999999997,222.89999999999998,190.125,35.925000000000004,10
200,Jalen Williams,Oklahoma City Thunder,F,221,326,89,161,548.5,25,30,710.7,18,42,436.6,5,37,42,46,25,10,15,6,24,309,263,267,88,671.8,36.1,36.8,5.625,1038.5,898.5,772.1999999999999,112.5,10
201,Jalen Wilson,Brooklyn Nets,F,61,213,21,47,505.59999999999997,6,8,300.0,13,24,525.1,9,26,35,16,16,3,3,0,-1,112,96,77,51,64.45562130177515,32.289940828402365,6.863905325443787,8.597633136094675,194.33136094674558,145.1005917159763,101.8639053254438,50.97633136094674,10
202,Jamal Cain,Miami Heat,F,4,16,0,3,0.0,4,4,200.0,0,1,0.0,1,2,3,1,1,1,1,0,-4,8,7,5,4,0.0,0.5,0.5,0.0,0.0,0.5,0.5,0.0,2
203,Jamal Murray,Denver Nuggets,PG,185,299,74,154,458.8,11,14,366.7,26,60,445.6,7,35,42,65,13,9,27,7,57,292,227,250,107,912.7530864197531,61.60493827160494,146.5,26.5,1844.7716049382716,1159.2716049382716,1442.2530864197531,364.1049382716049,10
204,James Bouknight,Charlotte Hornets,SG,10,13,4,10,83.3,0,0,0.0,2,7,58.3,0,0,0,0,0,1,1,0,13,10,10,10,0,10.888888888888891,0.0,0.0,0.22222222222222227,10.888888888888891,10.888888888888891,10.888888888888891,0.0,2
205,James Harden,LA Clippers,SG,187,363,52,124,387.1,51,59,852.4,32,77,389.5,7,49,56,83,15,7,29,10,-1,326,243,270,139,873.6280991735537,42.87603305785124,30.747933884297524,53.6404958677686,1051.6570247933885,945.8099173553719,968.1859504132232,84.91322314049587,10
206,James Johnson,Indiana Pacers,PF,2,7,0,1,0.0,2,2,100.0,0,0,0.0,0,0,0,1,3,0,0,1,1,3,2,3,1,0.0,0.0,0.0,0.0,0.0,0.0,0.0,0.0,1
207,James Wiseman,Detroit Pistons,C,57,150,24,39,546.7,9,16,331.7,0,0,0.0,18,27,45,8,30,3,7,4,-59,110,102,65,53,224.1360946745562,58.77514792899408,7.715976331360947,0.0,529.6686390532545,450.07100591715977,280.32544378698225,89.89940828402366,10
208,Jarace Walker,Indiana Pacers,F,31,77,12,30,135.1,0,0,0.0,7,17,154.2,4,17,21,10,4,4,7,4,9,62,52,41,31,184.48979591836735,58.0,23.632653061224488,8.0,425.9591836734694,327.3469387755102,246.24489795918367,118.48979591836735,5
209,Jared Butler,Washington Wizards,SG,16,48,7,14,241.7,2,2,100.0,0,4,0.0,2,2,4,12,5,1,5,0,-15,32,20,28,16,26.56,2.16,23.439999999999998,0.0,120.24000000000001,42.0,93.84,36.56,4
210,Jared Rhoden,Detroit Pistons,G,2,13,1,2,50.0,0,0,0.0,0,0,0.0,0,1,1,1,0,0,1,2,2,4,3,3,2,0.0,0.0,0.0,0.0,0.0,0.0,0.0,0.0,1
211,Jaren Jackson Jr.,Memphis Grizzlies,PF,248,327,86,198,426.0,52,69,638.4,24,71,334.7,8,39,47,29,36,14,34,11,-69,324,295,277,76,279.6640625,92.6640625,19.1640625,20.0,547.1640625,528.15625,332.5,78.0,10
212,Jarred Vanderbilt,Los Angeles Lakers,PF,91,208,34,53,612.7,18,25,437.5,5,8,266.7,15,37,52,15,12,19,15,2,31,158,143,106,67,170.88888888888889,73.55555555555556,22.0,6.222222222222222,432.2222222222222,344.8888888888889,219.55555555555554,134.2222222222222,9
213,Jarrett Allen,Cleveland Cavaliers,C,174,339,70,121,557.3,34,48,645.8,0,2,0.0,22,76,98,24,16,3,12,13,38,296,272,198,122,296.61157024793386,134.92975206611573,40.40082644628099,0.0,457.53719008264466,530.5,279.8388429752066,119.14049586776859,10
214,Jaxson Hayes,Los Angeles Lakers,C,50,133,22,33,555.1,6,11,155.0,0,3,0.0,18,20,38,7,10,6,1,5,-26,95,88,57,45,116.36281179138322,47.6734693877551,10.10204081632653,0.0,265.1859410430839,214.36281179138322,164.41043083900226,60.55102040816327,10
215,Jay Huff,Denver Nuggets,C,3,5,1,2,50.0,0,0,0.0,1,2,50.0,0,0,0,0,2,0,0,0,-3,3,3,3,0,1.3061224489795917,1.3061224489795917,0.0,0.32653061224489793,0.0,0.0,1.3061224489795917,1.3061224489795917,1
216,Jaylen Brown,Boston Celtics,SG,216,326,88,162,547.7,22,33,571.7,18,51,287.5,11,49,60,39,31,9,25,1,84,315,276,255,99,487.3086419753086,54.123456790123456,31.611111111111114,25.77777777777778,340.94444444444446,491.1111111111111,336.5493827160494,86.32716049382717,10
217,Jaylin Williams,Oklahoma City Thunder,F,56,160,18,43,453.4,9,11,333.3,11,26,441.6,9,30,39,17,12,2,4,5,51,112,95,73,56,46.44444444444445,60.97530864197531,11.882716049382717,3.6111111111111103,147.58641975308643,134.16049382716048,60.62345679012347,72.10493827160494,10
218,Jayson Tatum,Boston Celtics,SF,270,346,92,190,488.9,49,54,912.6,37,92,414.4,5,75,80,58,21,11,22,5,178,408,350,328,138,456.025,79.225,36.5,33.0,743.6,758.9,428.825,127.625,10
219,Jeenathan Williams,Houston Rockets,G,13,36,6,14,95.3,0,2,0.0,1,1,100.0,4,2,6,0,5,0,0,0,20,19,19,13,6,41.68,3.0800000000000005,1.08,0.7200000000000002,53.68000000000001,61.0,36.519999999999996,2.0,3
220,Jeff Green,Houston Rockets,PF,47,137,14,37,401.1,13,17,500.0,6,17,316.7,5,14,19,12,11,2,6,2,-50,78,66,59,31,81.0,17.925,15.7,4.425000000000001,167.22500000000002,149.625,105.3,26.925,10
221,Jerami Grant,Portland Trail Blazers,SF,202,349,66,160,394.7,51,61,701.3,19,49,360.3,8,24,32,39,23,12,24,1,-61,273,234,241,71,1323.9012345679012,66.34567901234567,36.5,9.444444444444445,2156.5,1882.0,1545.5123456790125,155.73456790123458,10
222,Jeremiah Robinson-Earl,New Orleans Pelicans,F,16,42,5,9,166.7,4,7,80.0,2,5,100.0,5,4,9,1,2,2,2,1,0,26,25,17,10,30.592592592592588,26.33333333333334,0.7037037037037037,0.8148148148148149,102.14814814814814,93.37037037037037,32.25925925925926,34.14814814814815,3
223,Jeremy Sochan,San Antonio Spurs,F,97,298,42,97,371.0,7,12,250.0,6,30,191.7,23,52,75,24,21,8,15,3,-51,196,172,121,99,499.77685950413223,217.82231404958677,20.958677685950413,8.87603305785124,1214.004132231405,1128.5,531.0,293.0619834710744,10
224,Jericho Sims,New York Knicks,C,39,221,15,20,626.7,9,13,280.0,0,0,0.0,26,32,58,13,12,2,5,8,-10,110,97,52,71,106.5,57.0390625,12.6640625,0.0,314.90625,231.0390625,165.6640625,94.40625,10
225,Jerome Robinson,Golden State Warriors,SG,10,17,4,10,40.0,1,2,50.0,1,6,16.7,0,0,0,1,1,0,0,1,-2,11,10,11,1,64.0,0.0,0.5625,0.5625,76.5625,64.0,76.5625,0.5625,1
226,Jett Howard,Orlando Magic,G,0,5,0,1,0.0,0,0,0.0,0,1,0.0,0,0,0,0,1,0,0,0,-5,0,0,0,0,5.0625,0.0625,0.0,0.25,6.25,6.25,5.0625,0.0625,1
227,Jevon Carter,Chicago Bulls,PG,41,131,17,44,352.5,0,0,0.0,7,26,141.6,2,8,10,11,7,9,5,1,23,62,51,52,21,132.25207756232686,8.249307479224377,9.022160664819944,10.146814404432133,201.6675900277008,164.8116343490305,161.45706371191136,24.922437673130194,10
228,Jimmy Butler,Miami Heat,SF,245,348,76,136,571.2,77,97,821.3,16,28,665.0,21,49,70,60,9,20,15,5,56,375,315,305,130,330.0390625,66.6015625,75.625,4.6640625,401.0,296.125,402.7265625,174.4140625,10
229,Jock Landale,Houston Rockets,C,31,98,11,24,410.0,9,12,296.7,0,1,0.0,20,14,34,11,11,2,4,4,40,76,65,42,45,65.75206611570248,63.801652892561975,10.0,0.0,195.43801652892563,173.07438016528923,70.4793388429752,91.43801652892563,9
230,Joe Harris,Detroit Pistons,SF,2,12,1,3,33.3,0,0,0.0,0,1,0.0,0,0,0,0,1,0,0,0,-5,2,2,2,0,0.0,0.0,0.0,0.0,0.0,0.0,0.0,0.0,1
231,Joe Ingles,Orlando Magic,SG,48,160,17,34,458.3,1,1,100.0,13,26,425.0,1,11,12,22,8,6,8,0,13,82,60,70,34,152.3764172335601,12.244897959183673,5.6145124716553285,12.736961451247165,167.95918367346937,152.7437641723356,158.0,27.45124716553288,10
232,Joel Embiid,Philadelphia 76ers,C,225,205,76,146,302.7,64,73,533.0,9,21,233.3,14,42,56,27,15,7,18,5,-20,308,281,252,83,1685.5,97.33333333333334,45.5,5.5,2741.3333333333335,2470.8333333333335,1942.0,156.83333333333334,6
233,John Collins,Utah Jazz,PF,161,302,65,114,558.2,19,23,691.7,12,32,383.3,30,79,109,15,33,6,18,14,-30,285,270,176,124,265.21315192743765,122.1111111111111,6.64172335600907,7.124716553287983,237.1224489795918,286.9750566893424,225.70975056689343,118.40362811791383,10
234,John Konchar,Memphis Grizzlies,SG,57,256,21,46,491.0,8,8,300.0,7,23,341.6,16,41,57,25,17,14,10,10,-16,139,114,82,82,62.965397923875436,94.12802768166091,27.961937716262977,4.100346020761245,250.37716262975778,182.7266435986159,90.02076124567473,162.68512110726644,10
235,Johnny Davis,Washington Wizards,G,19,147,8,34,343.4,0,4,0.0,3,12,233.3,3,17,20,8,14,3,2,1,-41,47,39,27,28,11.125,35.111111111111114,3.777777777777778,2.125,57.902777777777786,43.23611111111112,22.90277777777778,41.77777777777777,10
236,Johnny Juzang,Utah Jazz,G,20,40,8,16,100.0,0,0,0.0,4,10,80.0,2,6,8,2,2,0,0,0,36,30,28,22,10,50.0,8.0,0.5,2.0,112.5,98.0,60.5,12.5,2
237,Jonas Valanciunas,New Orleans Pelicans,C,114,209,52,93,551.7,7,8,275.0,3,6,200.0,30,60,90,18,16,2,10,5,56,222,204,132,108,310.5,200.625,22.0,4.125,961.825,831.625,429.7,233.625,10
238,Jonathan Isaac,Orlando Magic,PF,59,177,24,48,518.1,7,12,275.0,4,10,200.0,18,38,56,7,9,8,8,11,5,122,115,66,63,95.21604938271605,114.25308641975309,4.179012345679013,4.444444444444445,276.4012345679012,292.16049382716045,97.11111111111111,100.77777777777777,10
239,Jonathan Kuminga,Golden State Warriors,PF,204,296,80,145,539.3,42,54,679.9,2,15,133.3,16,40,56,34,17,7,19,6,41,294,260,238,90,417.42499999999995,54.5,10.799999999999999,2.225,695.625,701.025,421.225,56.1,10
240,Jontay Porter,Toronto Raptors,C,43,114,14,38,253.6,7,8,275.0,8,19,215.0,9,18,27,14,14,8,6,6,-8,84,70,57,41,170.3471074380165,26.669421487603312,14.553719008264464,11.123966942148758,412.0,313.28099173553716,246.12396694214874,64.16528925619835,9
241,Jordan Clarkson,Utah Jazz,PG,152,318,50,134,348.7,37,44,765.0,15,59,202.9,8,30,38,66,15,7,19,0,-11,256,190,218,104,829.7,87.6,92.425,23.400000000000002,1297.425,1222.1,934.625,150.425,10
242,Jordan Goodwin,Memphis Grizzlies,G,44,157,18,50,235.0,4,10,175.0,4,15,136.6,10,16,26,25,8,12,10,7,-41,95,70,69,51,80.80991735537192,62.512396694214885,64.42148760330576,1.884297520661157,358.3553719008264,200.198347107438,138.90082644628097,227.0,6
243,Jordan Hawkins,New Orleans Pelicans,G,50,152,18,59,336.5,3,3,100.0,11,43,235.0,5,15,20,7,8,1,3,2,6,77,70,57,27,161.29012345679013,36.7716049382716,8.160493827160494,10.975308641975309,240.53086419753086,189.77777777777777,197.61111111111111,59.364197530864196,10
244,Jordan McLaughlin,Minnesota Timberwolves,PG,38,111,14,27,450.0,1,2,50.0,9,17,375.0,3,9,12,20,9,7,6,1,6,70,50,58,32,126.77562326869806,17.6398891966759,21.772853185595565,11.365650969529087,177.3130193905817,134.00554016620498,148.61495844875344,60.880886426592795,10
245,Jordan Miller,LA Clippers,G,4,5,1,1,100.0,2,2,100.0,0,0,0.0,0,1,1,0,0,0,0,0,3,5,5,4,1,0.0,0.0,0.0,0.0,0.0,0.0,0.0,0.0,1
246,Jordan Nwora,Toronto Raptors,SF,70,149,23,56,280.6,15,17,362.5,9,26,206.2,6,24,30,16,15,6,8,2,-33,116,100,86,46,636.4183673469388,58.1734693877551,44.48979591836735,19.24489795918367,1234.0,959.9183673469387,833.3163265306123,179.84693877551018,10
247,Jordan Poole,Washington Wizards,SG,184,286,65,166,342.8,27,31,719.5,27,85,270.5,1,30,31,49,38,11,23,3,-94,264,215,233,80,1221.9214876033056,20.28925619834711,75.60743801652892,46.5,1285.9669421487602,1222.219008264463,1233.0661157024795,148.5,10
248,Jordan Walsh,Boston Celtics,G,2,27,1,4,100.0,0,0,0.0,0,2,0.0,2,4,6,1,5,2,2,1,24,9,8,3,7,2.5,8.125,0.5,0.0,1.625,3.125,5.0,4.625,2
249,Jose Alvarado,New Orleans Pelicans,PG,77,198,31,72,445.09999999999997,4,5,250.0,11,41,262.6,4,22,26,25,14,15,9,4,51,128,103,102,51,81.65625,10.0,39.6640625,4.9140625,219.6640625,118.15625,172.4140625,60.4140625,10
250,Josh Giddey,Oklahoma City Thunder,SG,105,240,42,89,436.4,11,13,400.0,10,29,299.9,10,41,51,34,15,8,20,11,48,190,156,139,85,363.5633270321361,58.44801512287335,20.604914933837428,6.170132325141777,599.4631379962193,457.12665406427226,455.10586011342156,129.8468809073724,10
251,Josh Green,Dallas Mavericks,SG,111,300,41,79,501.5,9,9,300.0,20,45,417.1,11,36,47,24,13,13,13,1,-59,182,158,135,71,340.9335180055402,65.0,18.409972299168974,16.027700831024926,632.1385041551247,545.7229916897508,432.50692520775624,78.25207756232687,10
252,Josh Hart,New York Knicks,SG,149,416,52,135,376.7,25,36,590.4,20,53,369.1,22,96,118,60,23,10,17,5,-17,327,267,209,178,385.8,149.2,90.0,14.224999999999998,905.0,509.0,693.7999999999998,327.2,10
253,Josh Minott,Minnesota Timberwolves,F,0,5,0,0,0.0,0,0,0.0,0,0,0.0,0,4,4,0,0,0,0,0,6,4,4,0,4,1.3611111111111114,6.25,0.0,0.027777777777777776,1.7777777777777781,1.7777777777777781,1.3611111111111114,6.25,1
254,Josh Okogie,Phoenix Suns,SF,41,146,13,32,357.1,10,11,350.0,5,13,300.0,15,6,21,9,4,7,10,2,0,71,62,50,30,104.90022675736961,17.594104308390023,8.900226757369616,4.551020408163265,185.59410430839,168.24489795918365,112.0,36.7437641723356,10
255,Josh Richardson,Miami Heat,SG,101,220,39,80,458.2,6,6,200.0,17,48,335.0,4,28,32,19,17,5,4,2,1,152,133,120,51,355.56944444444446,22.0,15.902777777777779,28.11111111111111,594.2777777777778,509.23611111111103,440.94444444444446,37.56944444444444,10
256,Joshua Primo,LA Clippers,G,0,5,0,1,0.0,0,0,0.0,0,0,0.0,1,0,1,0,0,0,1,0,1,1,1,0,1,0.0,0.0,0.0,0.0,0.0,0.0,0.0,0.0,1
257,Jrue Holiday,Boston Celtics,PG,99,302,39,72,528.1,3,4,150.0,18,33,549.9,8,33,41,61,20,11,16,7,148,201,140,160,102,197.41975308641975,39.21604938271605,58.60493827160494,20.444444444444446,309.14197530864203,230.27777777777771,281.60493827160496,92.5,10
258,Jules Bernard,Washington Wizards,G,9,19,3,4,250.0,1,2,50.0,2,2,200.0,2,3,5,4,1,1,1,1,15,18,14,13,9,6.32,4.0,5.520000000000001,0.88,19.279999999999998,11.120000000000001,13.679999999999998,10.320000000000002,3
259,Julian Champagnie,San Antonio Spurs,F,64,210,22,55,407.2,10,14,350.0,10,36,293.2,15,28,43,23,11,7,2,8,27,130,107,87,66,44.852607709750565,26.124716553287982,22.736961451247165,4.0,116.11791383219955,74.26530612244898,55.93424036281179,79.63265306122449,10
260,Julian Phillips,Chicago Bulls,F,31,114,11,27,271.6,6,7,266.7,3,10,183.3,5,9,14,5,17,2,4,2,-5,50,45,36,19,103.8,18.8,6.511111111111111,2.2,208.17777777777778,173.0,124.84444444444443,39.44444444444444,10
261,Julian Strawther,Denver Nuggets,G,9,27,3,11,37.5,2,2,100.0,1,8,20.0,0,3,3,4,1,1,2,0,-15,16,12,13,7,26.722222222222225,6.5,2.7222222222222214,0.7222222222222223,78.72222222222223,58.888888888888886,41.8888888888889,13.888888888888891,2
262,Julius Randle,New York Knicks,PF,136,204,49,97,301.0,22,26,483.3,16,34,325.4,18,39,57,37,16,1,26,1,57,230,193,173,94,193.33333333333334,53.5,34.833333333333336,5.333333333333333,225.33333333333334,190.83333333333334,174.83333333333331,141.33333333333331,6
263,Justin Champagnie,Washington Wizards,SF,4,13,2,7,50.0,0,0,0.0,0,4,0.0,0,1,1,1,0,1,1,1,-1,6,5,5,2,13.555555555555554,0.5555555555555556,0.5555555555555556,0.2222222222222222,5.555555555555554,9.0,9.0,2.2222222222222223,2
264,Justin Holiday,Denver Nuggets,SF,54,198,19,46,419.7,3,4,150.0,13,34,270.0,2,14,16,13,14,8,3,1,-36,83,70,67,29,182.5,15.387755102040817,9.479591836734691,15.0,373.2448979591836,274.74489795918373,266.265306122449,39.60204081632653,10
265,Justin Minaya,Portland Trail Blazers,F,6,69,2,12,66.6,0,0,0.0,2,11,66.6,3,6,9,3,4,2,2,1,-46,18,15,9,12,13.239669421487603,2.504132231404959,1.6115702479338843,1.471074380165289,12.0,11.975206611570243,9.59504132231405,7.785123966942148,6
266,Jusuf Nurkic,Phoenix Suns,C,128,263,51,91,596.0,26,48,396.7,0,7,0.0,40,94,134,46,33,10,27,10,77,308,262,174,180,231.70000000000005,568.425,38.8,0.0,1328.825,1157.8249999999998,317.3,692.625,10
267,Karl-Anthony Towns,Minnesota Timberwolves,C,199,331,70,165,419.5,32,38,726.7,27,72,343.9,19,57,76,28,33,7,27,11,83,303,275,227,104,433.6351606805292,113.0359168241966,51.603024574669185,36.28166351606805,649.4272211720225,492.64839319470707,557.9262759924386,197.12665406427223,10
268,Kawhi Leonard,LA Clippers,SF,254,352,92,183,500.8,45,51,864.9,25,60,379.1,14,50,64,39,14,20,21,10,4,357,318,293,103,474.4444444444444,66.66213151927438,17.0,32.13832199546485,408.328798185941,435.51927437641723,448.7777777777777,82.13832199546485,10
269,Keegan Murray,Sacramento Kings,SF,124,332,47,101,411.2,10,10,400.0,20,51,361.5,11,33,44,17,31,11,8,8,27,185,168,141,61,642.0165289256198,46.0,20.2396694214876,26.33057851239669,648.3388429752066,756.7438016528926,523.7933884297521,76.05785123966943,10
270,Keita Bates-Diop,Brooklyn Nets,SF,38,103,14,25,698.3,5,6,250.0,5,11,350.0,4,12,16,5,2,1,7,5,-2,59,54,43,21,34.15916955017301,22.754325259515568,4.508650519031143,4.577854671280277,59.31833910034602,57.21799307958477,26.370242214532873,37.15224913494809,10
271,Keldon Johnson,San Antonio Spurs,SF,130,271,49,113,433.3,14,18,555.0,18,56,308.1,12,27,39,23,21,6,11,3,-31,192,169,153,62,254.1,23.400000000000002,40.12500000000001,20.825,435.825,338.5,363.325,51.625,10
272,Kelly Olynyk,Toronto Raptors,PF,90,198,28,58,427.3,29,34,696.4,5,17,233.3,13,28,41,37,28,8,9,4,-11,168,131,127,78,204.0,71.36565096952909,48.61218836565097,2.5623268698060944,479.601108033241,357.3656509695291,292.612188365651,153.601108033241,10
273,Kelly Oubre Jr.,Philadelphia 76ers,SG,131,293,48,132,353.7,26,34,595.7,9,46,171.2,17,27,44,12,36,12,13,5,-88,187,175,143,56,271.9750566893424,44.0,15.673469387755103,8.927437641723355,486.70975056689343,429.4036281179139,317.8526077097506,71.10204081632652,10
274,Kendall Brown,Indiana Pacers,SG,0,7,0,0,0.0,0,0,0.0,0,0,0.0,0,0,0,0,0,0,0,0,4,0,0,0,0,0.25,0.0,0.0625,0.0,0.5625,0.25,0.5625,0.0625,1
275,Kenneth Lofton Jr.,Philadelphia 76ers,F,2,5,1,4,25.0,0,0,0.0,0,2,0.0,0,1,1,0,0,0,0,0,-4,3,3,2,1,0.0,0.0,0.0,0.0,0.0,0.0,0.0,0.0,1
276,Kenrich Williams,Oklahoma City Thunder,SF,36,124,14,34,344.6,0,0,0.0,8,21,216.7,6,20,26,10,11,2,3,1,59,72,62,46,36,160.59357277882796,24.491493383742913,10.170132325141779,15.708884688090738,179.70888468809073,212.15122873345936,140.4007561436673,22.412098298676746,10
277,Kentavious Caldwell-Pope,Denver Nuggets,SG,107,291,33,80,370.0,24,25,780.0,17,44,323.3,5,20,25,23,17,9,7,2,133,155,132,130,48,331.40625,21.125,15.4140625,22.5,399.2265625,332.65625,390.7890625,43.7265625,10
278,Kenyon Martin Jr.,Philadelphia 76ers,F,71,195,32,52,576.1,3,6,200.0,4,9,166.7,11,34,45,14,18,3,7,4,-4,130,116,85,59,171.74048442906576,67.65743944636678,17.197231833910035,4.671280276816608,455.0380622837371,354.2837370242214,254.01730103806227,103.33217993079585,10
279,Keon Ellis,Sacramento Kings,G,7,57,3,8,100.0,0,0,0.0,1,5,33.3,4,4,8,11,12,4,2,2,-7,26,15,18,19,20.578125,3.0,34.203125,0.828125,75.8125,22.328125,66.3125,44.953125,5
280,Keon Johnson,Brooklyn Nets,G,12,26,3,8,73.3,4,4,100.0,2,4,133.3,2,1,3,2,2,2,2,0,-9,17,15,14,5,18.88888888888889,0.5555555555555556,2.2222222222222223,0.22222222222222227,27.222222222222225,13.888888888888888,34.0,1.0,2
281,Kessler Edwards,Sacramento Kings,SF,12,46,4,11,106.7,1,2,50.0,3,8,91.7,0,8,8,2,6,2,0,1,9,22,20,14,10,41.768595041322314,12.256198347107437,1.4380165289256195,3.7355371900826446,41.85950413223141,41.8595041322314,36.46280991735538,19.0,5
282,Kevin Durant,Phoenix Suns,PF,259,370,98,194,516.1,43,57,783.9,20,57,381.5,6,66,72,46,19,11,37,15,33,377,331,305,118,259.0,53.603305785123965,76.80991735537191,14.516528925619834,697.3801652892562,490.9669421487603,441.99173553719004,153.83471074380165,10
283,Kevin Huerter,Sacramento Kings,SG,124,284,47,104,453.2,6,9,266.7,24,60,384.40000000000003,10,23,33,30,19,4,16,1,-10,187,157,154,63,211.47107438016528,26.33884297520661,24.516528925619834,18.5,364.74793388429754,272.4214876033058,272.5,82.15289256198348,10
284,Kevin Knox II,Detroit Pistons,SF,34,135,14,37,302.3,3,3,200.0,3,16,133.3,3,17,20,6,17,3,7,0,-20,60,54,40,26,117.55555555555554,21.555555555555557,6.000000000000001,2.0,170.0,188.0,110.22222222222223,16.88888888888889,9
285,Kevin Love,Miami Heat,PF,88,158,30,62,483.6,10,14,208.3,18,45,387.4,10,55,65,19,20,3,10,3,31,172,153,107,84,374.2890625,60.125,14.0390625,17.40625,604.625,552.9765625,424.5,75.6015625,10
286,Kevon Looney,Golden State Warriors,F,31,112,13,25,450.0,5,10,208.3,0,0,0.0,11,31,42,14,21,2,8,6,31,87,73,45,56,107.8,91.2,6.5,0.0,218.5,196.20000000000002,112.9,114.9,10
287,Keyontae Johnson,Oklahoma City Thunder,F,5,39,2,8,66.7,0,0,0.0,1,2,100.0,2,4,6,2,4,0,2,0,-15,13,11,7,8,20.0,7.0,1.2653061224489797,0.8163265306122451,29.69387755102041,35.0,17.26530612244898,5.6938775510204085,5
288,Keyonte George,Utah Jazz,G,144,278,54,123,400.6,11,13,225.0,25,63,334.6,1,29,30,47,6,4,25,2,6,221,174,191,77,641.8367346938776,70.7437641723356,51.75736961451248,41.45804988662131,1030.3469387755104,905.7369614512472,798.1111111111111,90.83673469387756,10
289,Khris Middleton,Milwaukee Bucks,SF,137,262,50,108,429.8,22,26,504.2,15,41,359.5,5,33,38,41,29,9,16,5,5,216,175,178,79,497.55555555555554,47.55555555555556,64.22222222222223,8.0,746.0,556.2222222222222,665.5555555555555,133.55555555555554,9
290,Killian Hayes,Detroit Pistons,PG,30,139,13,23,392.9,1,3,33.3,3,6,100.0,0,18,18,38,12,2,7,3,-44,86,48,68,56,51.42857142857143,31.714285714285722,61.714285714285715,3.714285714285714,315.42857142857144,116.85714285714286,207.42857142857144,136.0,7
291,Klay Thompson,Golden State Warriors,SG,147,269,54,130,430.0,8,8,400.0,31,84,365.8,3,32,35,13,12,9,14,3,-7,195,182,160,48,357.2716049382716,24.5,18.382716049382715,30.944444444444443,410.5,338.7716049382716,418.0,53.882716049382715,10
292,Kobe Brown,LA Clippers,G,2,27,1,5,100.0,0,0,0.0,0,2,0.0,4,5,9,2,4,0,3,0,-23,13,11,4,11,3.0625,6.75,1.25,0.0625,7.8125,3.8125,2.0625,13.0,4
293,Kobe Bufkin,Atlanta Hawks,G,27,81,11,31,158.4,1,2,50.0,4,14,115.0,1,10,11,14,6,3,4,1,21,52,38,41,25,72.63265306122449,3.9795918367346945,14.959183673469388,2.836734693877551,134.6326530612245,95.83673469387756,113.83673469387753,16.53061224489796,5
294,Kris Dunn,Utah Jazz,G,51,210,21,52,385.4,2,4,100.0,7,24,331.7,7,20,27,33,21,15,13,6,10,111,78,84,60,100.63265306122449,14.736961451247167,21.816326530612248,6.219954648526077,165.17233560090705,135.79138321995467,110.12244897959184,56.44444444444444,10
295,Kris Murray,Portland Trail Blazers,F,71,270,29,69,376.3,7,13,325.0,6,31,220.0,19,24,43,19,19,12,12,4,-15,133,114,90,62,286.1049382716049,65.44444444444443,16.771604938271608,6.5,512.4567901234567,396.17901234567904,363.7530864197531,120.8456790123457,10
296,Kristaps Porzingis,Boston Celtics,C,231,291,78,145,541.4,53,57,832.8,22,51,476.5,14,55,69,18,22,4,14,19,100,318,300,249,87,381.48979591836735,85.1938775510204,13.673469387755102,8.979591836734695,553.8469387755102,594.0510204081633,357.97959183673464,82.1734693877551,10
297,Kyle Anderson,Minnesota Timberwolves,SF,64,212,27,51,547.5,8,8,300.0,2,7,150.0,9,29,38,41,15,9,13,5,48,143,102,105,79,112.5,55.50413223140497,15.309917355371901,1.6074380165289255,237.2479338842975,229.45867768595045,140.17355371900825,50.929752066115704,10
298,Kyle Kuzma,Washington Wizards,SF,238,336,93,196,472.4,25,37,740.0,27,70,347.5,10,63,73,28,25,9,25,6,-122,339,311,266,101,421.51927437641723,90.73696145124717,66.37641723356008,42.69614512471655,726.1655328798186,703.0226757369614,456.0,145.77551020408163,10
299,Kyle Lowry,Philadelphia 76ers,PG,48,216,17,52,279.7,8,8,300.0,6,31,170.0,7,18,25,39,14,8,8,3,-41,112,73,87,64,164.0,14.875,42.875,7.5,510.0,270.875,354.875,106.0,8
300,Kyrie Irving,Dallas Mavericks,PG,273,361,110,207,531.4,18,18,600.0,35,73,475.5,6,42,48,43,17,11,18,4,32,364,321,316,91,379.5612244897959,44.775510204081634,40.83673469387755,28.33673469387755,477.2755102040817,426.1734693877551,403.6020408163265,112.6734693877551,10
301,LaMelo Ball,Charlotte Hornets,PG,107,153,37,87,224.0,21,25,395.0,12,41,151.4,4,14,18,43,20,11,16,0,-38,168,125,150,61,173.2,17.200000000000003,25.2,9.200000000000001,183.2,178.0,158.0,62.8,5
302,Lamar Stevens,Memphis Grizzlies,PF,110,193,47,91,512.2,10,16,216.6,6,12,550.0,12,35,47,8,19,5,9,9,-6,165,157,118,55,250.5,70.45918367346938,5.6020408163265305,2.693877551020408,468.5,391.530612244898,320.53061224489795,83.0,10
303,Landry Shamet,Washington Wizards,SG,66,190,25,65,298.1,6,6,300.0,10,40,154.1,5,13,18,10,14,4,8,1,-70,94,84,76,28,332.5619834710744,22.5,8.020661157024794,14.0,426.87603305785126,384.698347107438,362.4669421487603,42.793388429752056,10
304,Larry Nance Jr.,New Orleans Pelicans,PF,44,202,19,27,625.0,4,7,200.0,2,7,100.0,20,34,54,19,24,9,13,3,49,117,98,63,73,79.20775623268699,50.7590027700831,13.132963988919668,2.0886426592797784,264.71191135734074,241.6897506925208,98.00831024930748,68.11357340720222,10
305,Lauri Markkanen,Utah Jazz,PF,225,343,74,161,461.5,42,45,856.7,35,82,421.7,19,51,70,27,19,8,16,2,17,322,295,252,97,333.03324099722994,132.9972299168975,43.199445983379505,25.060941828254848,824.4598337950139,639.5484764542936,476.0387811634349,218.10249307479225,10
306,LeBron James,Los Angeles Lakers,SF,268,361,109,196,556.3,26,35,743.1,24,56,411.6,6,52,58,82,11,12,29,7,48,408,326,350,140,168.90304709141273,92.0387811634349,31.462603878116344,30.470914127423825,250.87534626038783,165.2686980609418,235.98891966758998,142.02216066481992,10
307,Leaky Black,Charlotte Hornets,F,34,156,10,28,298.8,9,12,375.0,5,11,250.0,6,23,29,14,12,2,3,3,-21,77,63,48,43,103.40277777777777,31.90277777777778,8.944444444444445,8.5,137.61111111111111,104.11111111111111,124.625,53.125,10
308,Leonard Miller,Minnesota Timberwolves,F,0,5,0,1,0.0,0,0,0.0,0,0,0.0,0,0,0,2,0,0,0,0,8,2,0,2,2,1.0,0.25,1.0,0.0,0.25,2.25,0.0,0.25,1
309,Lester Quinones,Golden State Warriors,G,90,211,31,74,411.6,12,17,550.0,16,44,307.1,15,27,42,15,25,2,10,1,4,147,132,105,57,311.4567901234568,45.36419753086419,26.777777777777782,26.790123456790123,425.9567901234568,425.3641975308642,311.86419753086415,72.32716049382717,10
310,Lindy Waters III,Oklahoma City Thunder,F,26,62,9,20,306.6,0,0,0.0,8,18,266.6,2,15,17,6,6,2,2,2,-18,49,43,32,23,72.0,24.508875739644974,5.266272189349112,8.804733727810651,190.2721893491124,155.1242603550296,92.49704142011835,44.42603550295858,7
311,Lonnie Walker IV,Brooklyn Nets,G,84,160,31,88,340.6,4,4,300.0,18,49,326.2,2,18,20,9,19,4,5,2,-5,113,104,93,29,334.6485260770975,29.11111111111111,12.777777777777779,15.709750566893423,544.0294784580499,450.48979591836735,421.0770975056689,49.0,10
312,Luguentz Dort,Oklahoma City Thunder,G,123,286,44,98,464.4,6,7,366.7,29,61,491.1,7,25,32,12,31,10,4,6,46,167,155,135,44,337.59504132231405,39.65289256198347,13.607438016528924,21.776859504132233,615.8223140495868,493.2314049586777,434.94628099173553,78.5,10
313,Luka Doncic,Dallas Mavericks,PG,357,386,125,244,506.1,64,80,814.4,43,104,404.5,9,92,101,102,28,18,37,4,38,560,458,459,203,472.70637119113576,97.62049861495845,125.0747922437673,29.89196675900277,1066.7257617728533,597.6675900277008,895.0,269.4598337950139,10
314,Luka Garza,Minnesota Timberwolves,C,8,5,3,5,60.0,1,2,50.0,1,1,100.0,1,0,1,0,1,0,0,0,8,9,9,8,1,29.469387755102044,0.32653061224489793,0.0,0.32653061224489793,36.0,36.0,29.469387755102044,0.32653061224489793,1
315,Luka Samanic,Utah Jazz,F,26,82,8,29,194.4,7,9,250.0,3,16,73.3,1,10,11,4,4,2,2,5,-52,41,37,30,15,63.215277777777786,13.381944444444446,6.111111111111112,1.7777777777777781,155.52777777777777,129.75,83.9375,24.548611111111107,7
316,Luke Kennard,Memphis Grizzlies,SG,119,255,36,69,521.2,19,22,521.4,28,53,537.9,1,19,20,29,12,5,16,0,-81,168,139,148,49,375.0,6.71111111111111,47.0,26.977777777777778,570.3111111111111,396.91111111111104,549.6,52.511111111111106,10
317,Luke Kornet,Boston Celtics,C,46,145,20,30,563.3,6,7,350.0,0,0,0.0,21,21,42,7,17,3,2,9,37,95,88,53,49,131.15625,68.5,10.6640625,0.0,369.1015625,286.90625,180.7265625,111.7890625,10
318,Malachi Flynn,Detroit Pistons,PG,36,83,13,39,232.5,4,6,200.0,6,18,241.7,0,10,10,11,5,3,6,0,-20,57,46,47,21,89.125,7.03125,13.0,4.28125,196.65625,135.53125,141.375,28.90625,8
319,Malaki Branham,San Antonio Spurs,G,85,189,32,75,414.6,9,9,500.0,12,33,343.3,4,17,21,21,14,3,11,1,-31,127,106,106,42,357.0,11.0,25.611111111111114,9.808641975308642,535.6111111111111,428.0,440.27777777777777,60.94444444444444,10
320,Malcolm Brogdon,Portland Trail Blazers,PG,171,318,60,130,413.3,33,36,713.3,18,44,361.2,9,39,48,61,21,6,19,4,-19,280,219,232,109,270.0,36.0,13.555555555555555,8.0,374.8888888888889,308.0,335.55555555555554,50.888888888888886,9
321,Malik Beasley,Milwaukee Bucks,SG,118,307,41,104,400.8,4,8,200.0,32,82,394.7,6,32,38,19,20,12,8,0,91,175,156,137,57,495.28922495274105,26.15122873345936,16.330812854442343,44.60113421550095,356.8185255198488,401.8676748582231,452.8638941398866,39.858223062381846,10
322,Malik Monk,Sacramento Kings,SG,191,283,75,154,475.9,22,31,652.4,19,54,342.7,4,35,39,53,25,7,13,5,-48,283,230,244,92,851.3801652892562,18.057851239669425,61.29338842975207,15.855371900826448,1067.309917355372,1004.611570247934,894.5165289256199,98.91322314049586,10
323,Mamadi Diakite,San Antonio Spurs,F,3,5,1,2,50.0,1,2,50.0,0,0,0.0,1,1,2,1,1,0,0,1,2,6,5,4,3,0.0,0.0,0.0,0.0,0.0,0.0,0.0,0.0,1
324,MarJon Beauchamp,Milwaukee Bucks,F,30,65,10,19,350.0,7,8,175.0,3,7,200.0,3,11,14,3,5,1,4,0,-29,47,44,33,17,66.42975206611571,10.834710743801654,3.884297520661157,1.884297520661157,88.10743801652895,85.14876033057851,62.0,22.10743801652892,7
325,Marcus Morris Sr.,Philadelphia 76ers,SF,57,157,22,55,250.0,8,9,280.0,5,20,153.3,5,20,25,3,9,2,8,1,-24,85,82,60,28,170.85714285714286,49.71428571428572,3.714285714285714,3.428571428571428,348.8571428571429,317.42857142857144,201.7142857142857,54.0,7
326,Marcus Sasser,Detroit Pistons,G,89,201,33,78,427.3,6,9,300.0,17,39,509.5,1,15,16,46,17,7,16,0,-17,151,105,135,62,450.91111111111115,12.444444444444443,60.577777777777776,20.644444444444442,577.0,477.7111111111111,538.7777777777778,84.44444444444443,10
327,Markelle Fultz,Orlando Magic,PG,80,205,35,73,438.6,9,12,333.3,1,6,50.0,15,24,39,28,14,9,14,4,10,147,119,108,67,206.0,28.0390625,19.7890625,0.9140625,120.5,123.2890625,198.5390625,52.5,10
328,Markieff Morris,Dallas Mavericks,PF,3,6,1,2,50.0,0,0,0.0,1,2,50.0,0,2,2,0,0,0,0,0,-1,5,5,3,2,2.25,1.0,0.0,0.25,6.25,6.25,2.25,1.0,1
329,Marques Bolden,Charlotte Hornets,C,0,13,0,1,0.0,0,0,0.0,0,0,0.0,0,1,1,0,1,0,1,0,2,1,1,0,1,0.0,0.7551020408163267,0.0,0.0,0.7551020408163267,0.7551020408163267,0.0,0.7551020408163267,2
330,Marvin Bagley III,Washington Wizards,PF,119,262,53,102,492.7,10,14,383.3,3,8,250.0,40,46,86,16,13,7,8,11,-40,221,205,135,102,377.42659279778394,134.45429362880887,12.409972299168974,2.18005540166205,638.4293628808864,605.3047091412742,385.797783933518,171.61772853185596,10
331,Mason Jones,Sacramento Kings,G,1,13,0,3,0.0,1,2,50.0,0,2,0.0,1,3,4,4,0,0,0,0,10,9,5,5,8,0.0,0.0,0.0,0.0,0.0,0.0,0.0,0.0,1
332,Mason Plumlee,LA Clippers,C,66,165,23,36,621.4,20,27,508.4,0,0,0.0,14,44,58,15,18,5,10,2,-14,139,124,81,73,106.94444444444444,95.88271604938271,10.777777777777779,0.0,277.8641975308642,235.45679012345678,136.94444444444446,119.0679012345679,10
333,Matisse Thybulle,Portland Trail Blazers,SG,37,251,14,56,205.3,4,6,200.0,5,30,153.3,3,16,19,19,20,28,7,6,-36,75,56,56,38,167.125,17.0,41.125,3.7249999999999996,249.4,185.625,244.8,44.225,10
334,Matt Ryan,New Orleans Pelicans,F,20,42,7,17,150.0,0,0,0.0,6,13,144.4,1,6,7,1,4,0,2,0,-14,28,27,21,8,136.0,7.24,0.7600000000000002,11.36,201.84,200.04000000000002,139.16000000000003,6.640000000000001,4
335,Matthew Hurt,Memphis Grizzlies,F,37,125,14,38,244.5,3,3,200.0,6,24,250.10000000000002,11,9,20,4,10,4,3,3,-2,61,57,41,24,79.03,24.0,3.920000000000001,3.32,155.27,126.63,106.47000000000001,29.12,7
336,Max Christie,Los Angeles Lakers,G,54,154,18,35,675.7,9,12,500.0,9,18,470.0,3,14,17,12,5,3,2,6,-14,83,71,66,29,63.041551246537395,16.401662049861496,30.531855955678672,5.166204986149584,236.91689750692515,129.42659279778394,152.2714681440443,65.19390581717452,10
337,Max Strus,Cleveland Cavaliers,SG,105,294,36,89,367.0,9,13,241.7,24,64,283.8,9,29,38,38,15,8,12,5,3,181,143,143,76,456.8305785123967,34.776859504132226,19.838842975206614,54.8099173553719,501.0,487.6570247933884,485.2314049586777,39.557851239669425,10
338,Maxi Kleber,Dallas Mavericks,PF,66,267,25,49,390.09999999999997,5,10,300.0,11,30,293.7,5,30,35,20,18,5,8,7,29,121,101,86,55,362.0,30.577854671280278,18.55363321799308,13.0,449.42906574394465,377.636678200692,437.3771626297578,45.54671280276816,10
339,Michael Porter Jr.,Denver Nuggets,SF,205,330,80,153,521.0,14,14,700.0,31,74,431.9,16,61,77,20,13,5,14,9,75,302,282,225,97,754.1966759002769,91.6371191135734,12.24376731301939,19.094182825484765,1372.1274238227145,1262.5872576177285,842.1024930747922,125.51523545706371,10
340,Mikal Bridges,Brooklyn Nets,SF,187,357,70,173,387.0,19,29,524.4,28,95,271.7,10,31,41,41,9,11,17,3,-9,269,228,228,82,913.8393194706995,35.24952741020794,32.20226843100188,40.60113421550095,940.062381852552,907.6899810964082,915.062381852552,98.60113421550095,10
341,Mike Conley,Minnesota Timberwolves,PG,106,291,34,79,393.5,15,18,408.3,23,52,403.6,4,29,33,66,18,11,15,0,-11,205,139,172,99,387.3,46.125,72.625,33.0,342.5,286.125,410.625,151.8,10
342,Mike Muscala,Oklahoma City Thunder,C,31,133,11,38,274.2,1,2,50.0,8,27,275.0,7,16,23,6,8,2,1,2,32,60,54,37,29,92.11111111111111,20.11111111111111,6.444444444444445,10.0,200.44444444444446,176.0,108.11111111111111,35.0,10
343,Miles Bridges,Charlotte Hornets,SF,230,384,91,198,443.2,22,26,738.1,26,68,341.9,14,59,73,31,16,6,22,3,-155,334,303,261,104,1189.90625,127.90277777777779,35.236111111111114,38.625,1382.65625,1124.1006944444446,1445.1006944444443,166.5,10
344,Miles McBride,New York Knicks,PG,116,277,46,104,474.0,7,8,375.0,17,52,305.5,8,15,23,25,17,11,5,1,-12,164,139,141,48,371.6734693877551,30.88662131519274,73.12244897959185,14.836734693877549,823.5192743764172,542.5056689342405,598.3877551020407,158.30839002267572,10
345,Mo Bamba,Philadelphia 76ers,C,36,145,14,41,268.9,6,8,200.0,2,9,66.7,17,37,54,9,19,1,8,11,-34,99,90,45,63,108.41836734693878,80.74489795918367,9.0,3.6734693877551026,226.9183673469388,280.2040816326531,84.70408163265306,60.1734693877551,10
346,Monte Morris,Minnesota Timberwolves,PG,53,155,20,57,351.1,5,7,275.0,8,24,341.6,5,13,18,27,3,5,2,1,12,98,71,80,45,92.25259515570934,23.688581314878892,48.1280276816609,3.8339100346020762,212.33217993079586,111.37370242214533,180.3114186851211,84.71626297577855,10
347,Moritz Wagner,Orlando Magic,C,106,177,39,63,613.9,27,31,593.1,1,7,100.0,19,32,51,12,19,6,13,2,14,169,157,118,63,342.625,55.125,14.224999999999998,1.2999999999999998,550.525,540.6,351.7,70.19999999999999,10
348,Moses Brown,Portland Trail Blazers,C,11,27,5,5,300.0,1,3,33.3,0,0,0.0,2,5,7,4,7,0,3,2,18,22,18,15,11,19.1875,3.6875,3.0,0.0,10.75,12.75,10.6875,13.1875,3
349,Moses Moody,Golden State Warriors,SG,80,183,32,66,510.7,4,6,150.0,12,34,370.7,7,23,30,8,9,8,8,8,32,118,110,88,38,177.77777777777777,30.27777777777778,7.777777777777779,18.0,298.2777777777778,268.5,201.11111111111114,44.5,10
350,Mouhamadou Gueye,Toronto Raptors,F,2,6,1,3,33.3,0,0,0.0,0,0,0.0,2,1,3,0,1,0,0,2,4,5,5,2,3,0.0,0.0,0.0,0.0,0.0,0.0,0.0,0.0,1
351,Moussa Diabate,LA Clippers,F,2,7,1,1,100.0,0,2,0.0,0,0,0.0,1,3,4,0,0,1,0,1,1,6,6,2,4,0.0,0.0,0.0,0.0,0.0,0.0,0.0,0.0,1
352,Myles Turner,Indiana Pacers,C,161,262,58,118,490.6,33,44,666.7,12,39,213.0,18,61,79,9,34,6,15,13,-29,249,240,170,88,479.68144044321326,91.005540166205,5.565096952908587,18.349030470914126,605.0941828254847,584.4432132963989,513.7174515235456,83.18559556786704,10
353,Naji Marshall,New Orleans Pelicans,SF,48,202,18,44,315.3,5,6,150.0,7,21,266.6,6,28,34,22,12,9,14,3,-5,104,82,70,56,178.26989619377161,52.0,22.0,6.224913494809688,159.56401384083046,165.7993079584775,178.03460207612457,68.0,10
354,Nassir Little,Phoenix Suns,SF,9,50,3,12,133.3,0,0,0.0,3,8,200.0,0,10,10,3,6,0,1,2,-8,22,19,12,13,13.25,8.049999999999999,3.6499999999999995,1.65,29.25,27.599999999999998,14.200000000000003,12.400000000000002,5
355,Nate Hinton,Houston Rockets,G,12,22,4,7,110.0,2,3,66.7,2,3,66.7,1,5,6,3,4,1,1,2,10,21,18,15,9,48.05555555555556,6.722222222222221,1.3888888888888884,2.5,97.38888888888886,75.55555555555557,65.0,13.0,2
356,Nathan Mensah,Charlotte Hornets,C,6,112,3,7,166.7,0,0,0.0,0,0,0.0,11,8,19,5,23,2,4,6,-21,30,25,11,24,16.944444444444443,15.125,4.569444444444444,0.0,60.0,52.56944444444444,19.125,24.944444444444443,10
357,Naz Reid,Minnesota Timberwolves,C,129,254,47,98,497.5,19,25,591.7,16,42,391.7,13,50,63,12,17,5,13,12,51,204,192,141,75,352.5,64.40625,9.850694444444445,19.15625,365.4027777777777,331.40625,367.1840277777778,93.56944444444443,10
358,Neemias Queta,Boston Celtics,C,45,84,21,30,493.4,3,4,200.0,0,0,0.0,16,19,35,4,12,3,3,8,67,84,80,49,39,34.0,55.0,1.8271604938271606,0.0,139.71604938271605,149.0,32.938271604938265,48.60493827160494,7
359,Nic Claxton,Brooklyn Nets,C,112,291,47,80,621.2,18,29,404.2,0,0,0.0,18,63,81,23,23,3,12,25,-15,216,193,135,104,196.85444234404537,139.57466918714556,12.168241965973536,0.0,403.9092627599244,333.4272211720226,218.06994328922497,201.0094517958412,10
360,Nick Jr. Smith,Charlotte Hornets,G,68,180,22,61,397.8,8,9,187.5,16,36,524.9,2,8,10,16,16,4,7,0,-25,94,78,84,26,163.625,12.3515625,22.90625,9.625,189.6015625,180.1640625,159.90625,48.4140625,10
361,Nick Richards,Charlotte Hornets,C,103,291,39,60,612.6,25,34,696.4,0,1,0.0,29,59,88,10,24,6,13,10,-60,201,191,113,98,326.325,61.7,8.1,0.0,371.125,372.925,314.725,79.6,10
362,Nickeil Alexander-Walker,Minnesota Timberwolves,SG,70,234,24,69,344.8,10,11,550.0,12,41,313.3,5,21,26,25,13,5,9,6,60,121,96,95,51,162.625,51.625,35.35069444444444,10.184027777777777,191.5173611111111,112.0,236.18402777777777,92.93402777777777,10
363,Nicolas Batum,Philadelphia 76ers,PF,51,248,19,45,349.6,2,2,100.0,11,32,284.9,15,31,46,18,21,10,6,5,-58,115,97,69,64,113.99408284023669,78.0,25.75147928994083,4.905325443786983,317.02366863905326,228.76331360946745,139.33136094674558,166.67455621301775,10
364,Nikola Jokic,Denver Nuggets,C,244,359,100,173,593.5,36,40,885.0,8,33,253.2,23,110,133,106,28,14,28,12,153,483,377,350,239,528.0387811634348,232.1135734072022,132.74238227146816,6.0,1242.3905817174516,873.9529085872578,656.9750692520776,604.3573407202216,10
365,Nikola Jovic,Miami Heat,F,70,182,26,59,406.7,4,9,125.0,14,30,427.5,8,32,40,15,15,4,10,2,19,125,110,85,55,411.61111111111114,36.44444444444444,21.125,18.944444444444443,749.9027777777778,621.6111111111112,520.5694444444445,76.90277777777779,10
366,Nikola Vucevic,Chicago Bulls,C,197,367,85,184,456.0,12,15,450.0,15,49,298.8,34,74,108,28,34,5,22,10,-49,333,305,225,136,314.325,64.625,16.825,6.8999999999999995,492.725,402.6,383.4,102.5,10
367,Noah Clowney,Brooklyn Nets,F,8,31,3,6,50.0,0,0,0.0,0,2,0.0,3,2,5,3,1,0,1,0,-4,16,13,11,8,34.0,6.12,1.48,0.08000000000000002,63.519999999999996,67.72,30.28,7.120000000000001,2
368,Norman Powell,LA Clippers,G,155,278,59,121,482.5,8,12,366.7,29,69,414.4,3,21,24,15,20,7,9,2,-23,194,179,170,39,309.44444444444446,23.451247165532884,16.77777777777778,27.594104308390023,244.1179138321995,288.9591836734694,246.44444444444449,58.38775510204081,10
369,O.G. Anunoby,New York Knicks,SF,103,219,37,70,312.4,19,23,493.3,10,28,173.3,1,26,27,8,13,17,8,8,118,138,130,111,35,150.83333333333334,31.5,9.333333333333334,9.333333333333334,112.0,109.33333333333333,175.5,18.833333333333332,6
370,Obi Toppin,Indiana Pacers,PF,60,175,23,49,468.3,4,6,200.0,10,29,358.3,6,25,31,18,13,6,10,4,32,109,91,78,49,225.6404958677686,33.77685950413223,22.037190082644628,6.0,433.59504132231405,380.3347107438017,268.74380165289256,65.97107438016529,10
371,Ochai Agbaji,Toronto Raptors,G,52,152,20,53,416.2,4,5,100.0,8,24,294.3,9,12,21,10,12,3,8,4,-10,83,73,62,31,298.5,65.0,4.277777777777777,13.95679012345679,561.4444444444446,562.5,303.11111111111114,63.6111111111111,10
372,Olivier Sarr,Oklahoma City Thunder,C,11,22,4,7,125.0,3,5,116.7,0,1,0.0,4,4,8,0,3,0,1,1,-14,19,19,11,8,37.265306122448976,10.387755102040817,0.0,0.0,71.24489795918367,71.24489795918367,37.265306122448976,10.387755102040817,3
373,OlivierMaxence Prosper,Dallas Mavericks,F,10,36,3,6,150.0,4,7,57.1,0,2,0.0,2,6,8,0,1,1,1,1,-14,18,18,10,8,25.76,12.0,0.0,0.0,72.16,72.16,25.76,12.0,4
374,Omer Yurtseven,Utah Jazz,C,9,39,4,8,100.0,1,3,50.0,0,0,0.0,7,11,18,0,4,0,3,0,3,27,27,9,18,35.0,34.64,0.0,0.04000000000000001,75.24,75.24,35.0,34.64,4
375,Onuralp Bitim,Chicago Bulls,SF,18,70,5,17,103.6,4,6,200.0,4,11,140.0,2,10,12,3,5,0,4,2,16,33,30,21,15,60.24000000000001,19.44,0.8400000000000001,4.16,133.64000000000001,148.0,51.160000000000004,15.0,4
376,Onyeka Okongwu,Atlanta Hawks,PF,146,301,59,87,686.7,20,25,592.9,8,16,433.3,34,44,78,11,31,5,6,15,26,235,224,157,89,281.7777777777777,140.0,9.0,6.0,620.5111111111112,625.2444444444444,281.0444444444445,145.0,10
377,Orlando Robinson,Miami Heat,C,3,33,0,3,0.0,3,4,75.0,0,1,0.0,3,6,9,1,4,1,1,0,0,13,12,4,10,6.03,9.680000000000001,0.68,0.0,8.669999999999998,10.670000000000002,4.67,9.720000000000002,3
378,Oscar Tshiebwe,Indiana Pacers,C,3,5,1,3,33.3,1,2,50.0,0,0,0.0,2,0,2,0,1,0,0,1,8,5,5,3,2,0.25,0.0,0.0,0.0,0.25,0.25,0.25,0.0,1
379,Oshae Brissett,Boston Celtics,SF,44,129,15,34,282.9,12,20,430.0,2,11,133.3,7,26,33,17,12,4,8,2,22,94,77,61,50,129.1015625,61.8515625,23.40625,1.65625,409.40625,276.5,242.8515625,104.4140625,10
380,Ousmane Dieng,Oklahoma City Thunder,F,28,78,10,23,324.4,4,4,200.0,4,12,220.0,1,7,8,12,3,3,6,3,19,48,36,40,20,95.75,4.859375,17.75,3.75,192.609375,128.734375,155.0,27.234375,7
381,P.J. Tucker,LA Clippers,PF,0,30,0,1,0.0,0,0,0.0,0,0,0.0,1,4,5,0,3,0,1,0,-8,5,5,0,5,0.0,4.666666666666667,0.0,0.0,4.666666666666667,4.666666666666667,0.0,4.666666666666667,3
382,P.J. Washington,Dallas Mavericks,PF,126,321,48,116,388.9,16,24,410.0,14,57,200.9,13,46,59,14,21,12,15,7,-54,199,185,140,73,459.29338842975204,38.83471074380165,13.47107438016529,23.78925619834711,604.0206611570248,579.194214876033,483.4256198347108,53.0,10
383,Paolo Banchero,Orlando Magic,PF,226,335,83,163,505.7,45,61,692.2,15,40,358.3,7,54,61,59,15,8,28,3,30,346,287,285,120,484.0,49.365650969529085,32.90027700831025,26.839335180055404,714.1274238227147,625.8919667590027,564.0581717451523,90.4432132963989,10
384,Pascal Siakam,Indiana Pacers,PF,208,324,88,156,560.4,17,24,675.0,15,38,387.5,17,52,69,36,25,8,15,5,-64,313,277,244,105,313.6009070294785,70.91836734693878,59.77777777777777,15.1859410430839,675.0,440.1111111111111,515.9183673469388,163.26757369614512,10
385,Pat Connaughton,Milwaukee Bucks,SG,67,239,24,51,429.5,8,13,250.0,11,33,308.6,5,25,30,25,15,9,9,4,0,122,97,92,55,170.18714555765595,28.302457466918717,88.47448015122873,8.93194706994329,448.3137996219281,225.9829867674858,374.32514177693764,134.9697542533081,10
386,Patrick Baldwin Jr.,Washington Wizards,F,18,62,6,19,183.4,2,4,100.0,4,13,116.7,2,15,17,4,10,1,3,2,32,39,35,22,21,28.66666666666666,17.074074074074073,3.6296296296296298,3.4074074074074074,33.0,42.62962962962963,20.074074074074073,19.666666666666668,6
387,Patrick Beverley,Milwaukee Bucks,PG,86,208,32,67,519.6,9,9,500.0,13,31,419.5,11,29,40,36,13,6,11,5,-57,162,126,122,76,119.70975056689343,62.816326530612244,44.44444444444445,6.138321995464852,316.9750566893424,272.59410430839,180.4716553287982,90.87981859410431,10
388,Patrick Williams,Chicago Bulls,PF,46,106,16,41,155.9,6,6,200.0,8,23,147.1,3,12,15,5,14,3,6,3,-30,66,61,51,20,45.0,20.75,2.75,6.0,37.0,46.75,32.75,26.0,4
389,Patty Mills,Atlanta Hawks,PG,34,113,13,33,223.9,0,0,0.0,8,22,176.7,3,9,12,9,6,7,5,0,-28,55,46,43,21,206.84,14.16,10.09,14.960000000000003,340.25,257.24,279.60999999999996,34.49,9
390,Paul George,LA Clippers,F,176,326,63,150,416.6,24,33,527.1,26,75,355.3,2,45,47,39,26,14,21,4,41,262,223,215,86,385.83933518005546,31.0,40.40720221606648,24.759002770083104,454.56509695290856,500.9445983379502,342.5124653739612,68.35457063711912,10
391,Paul Reed,Philadelphia 76ers,SF,64,242,29,62,449.5,4,4,300.0,2,6,150.0,29,42,71,16,27,4,7,13,-40,151,135,80,87,240.5495867768595,67.19834710743801,28.148760330578515,1.7396694214876034,603.1280991735537,458.94628099173553,339.37603305785126,140.70247933884298,10
392,Payton Pritchard,Boston Celtics,PG,95,193,37,73,452.6,2,2,100.0,19,48,336.7,6,20,26,20,16,6,12,1,59,141,121,115,46,610.9,24.0,26.9,31.0,983.0,770.5,785.0,89.3,10
393,Peyton Watson,Denver Nuggets,F,69,195,27,53,471.6,6,11,180.0,9,18,483.3,11,22,33,7,16,5,13,12,-16,109,102,76,40,177.8,34.325,5.700000000000001,5.525,338.92499999999995,337.625,174.5,44.625,10
394,Precious Achiuwa,New York Knicks,PF,114,360,47,94,500.6,16,28,338.7,4,20,250.0,39,56,95,13,29,13,16,15,-25,222,209,127,108,245.83673469387753,154.04308390022675,12.219954648526077,2.4444444444444446,441.6961451247165,373.4444444444445,305.7845804988662,174.56689342403627,10
395,Quentin Grimes,Detroit Pistons,SG,80,217,28,79,332.0,12,16,350.0,12,49,225.0,2,28,30,16,13,8,8,5,4,126,110,96,46,325.73611111111114,30.27777777777778,12.402777777777779,9.61111111111111,458.0,481.4027777777778,306.27777777777777,38.73611111111111,10
396,R. Rupert,Portland Trail Blazers,G,40,79,14,25,332.8,4,4,200.0,8,11,400.0,6,12,18,3,9,1,3,0,-16,61,58,43,21,179.42857142857142,35.714285714285715,3.714285714285714,10.857142857142858,341.42857142857144,353.42857142857144,174.85714285714286,32.0,7
397,RJ Barrett,Toronto Raptors,SG,204,330,82,147,555.2,20,42,451.5,20,41,423.4,9,47,56,42,21,6,27,3,-35,302,260,246,98,250.6015625,50.0,29.6015625,20.5,357.40625,296.1015625,332.40625,59.1015625,10
398,Reggie Bullock,Houston Rockets,SF,20,59,7,15,258.3,0,0,0.0,6,13,249.89999999999998,1,8,9,1,3,2,1,0,20,30,29,21,10,25.5,9.59375,0.84375,2.375,30.0,30.34375,26.09375,9.5,6
399,Reggie Jackson,Denver Nuggets,PG,73,219,32,84,355.6,2,3,66.7,7,34,215.8,5,13,18,34,19,4,8,0,19,125,91,107,52,150.2,31.625,47.625,2.2,376.9,207.125,290.725,108.49999999999999,10
400,Richaun Holmes,Washington Wizards,F,44,124,18,35,363.1,7,8,250.0,1,1,100.0,12,21,33,6,17,3,5,5,-63,83,77,50,39,210.84444444444443,86.6,10.577777777777778,0.9111111111111112,553.0,495.7111111111111,240.4,124.91111111111114,10
401,Ricky IV Council,Philadelphia 76ers,G,93,138,30,60,534.5,30,38,642.5,3,14,158.3,8,23,31,6,6,0,3,0,5,130,124,99,37,442.40123456790127,98.67901234567903,4.84567901234568,2.1604938271604937,839.2345679012345,775.6604938271605,483.0,126.5,10
402,Robin Lopez,Milwaukee Bucks,C,8,30,4,11,87.5,0,0,0.0,0,3,0.0,2,0,2,2,3,1,0,2,-18,12,10,10,4,21.666666666666664,0.75,1.0000000000000002,0.0,24.75,28.750000000000007,18.0,1.4166666666666663,3
403,Royce O'Neale,Phoenix Suns,PF,121,290,41,101,394.6,7,8,350.0,32,80,383.9,9,53,62,28,21,11,10,5,13,211,183,149,90,462.5,82.0,31.199999999999996,35.599999999999994,901.3000000000001,800.5,540.9,135.6,10
404,Rudy Gobert,Minnesota Timberwolves,C,153,374,59,81,730.5,35,51,560.9,0,1,0.0,41,107,148,15,37,5,11,24,24,316,301,168,163,234.28166351606805,104.85444234404535,14.731568998109642,0.0,428.02646502835535,411.4763705103969,245.60302457466918,124.81474480151228,10
405,Rui Hachimura,Los Angeles Lakers,PF,111,299,48,93,497.3,3,7,200.0,12,31,361.6,8,33,41,6,21,7,8,4,-48,158,152,117,47,370.4706994328923,33.43100189035917,6.366729678638942,12.374291115311907,416.94139886578444,387.9508506616257,406.7051039697543,32.55387523629489,10
406,Russell Westbrook,LA Clippers,PG,97,199,41,99,411.70000000000005,11,16,443.3,4,24,116.7,9,17,26,35,16,13,18,1,17,158,123,132,61,389.7202216066482,32.30470914127424,63.060941828254855,4.7202216066482,807.9279778393352,548.0747922437673,617.9335180055401,127.005540166205,10
407,Ryan Arcidiacono,New York Knicks,G,0,5,0,1,0.0,0,0,0.0,0,1,0.0,0,0,0,0,1,1,0,0,3,0,0,0,0,0.0,0.1111111111111111,0.027777777777777776,0.0,0.25,0.1111111111111111,0.027777777777777776,0.25,1
408,Saben Lee,Phoenix Suns,G,33,76,9,22,211.0,13,18,316.7,2,9,83.3,2,14,16,12,4,4,3,0,22,61,49,45,28,173.859375,22.0,1.75,1.4375,327.734375,305.359375,190.234375,29.75,7
409,Saddiq Bey,Atlanta Hawks,SF,145,313,50,115,418.3,26,28,725.0,19,52,310.8,25,27,52,12,7,3,5,1,-40,209,197,157,64,458.525,63.60000000000001,13.625,21.299999999999997,687.0,681.1249999999999,460.20000000000005,81.425,10
410,Sam Hauser,Boston Celtics,SF,76,195,26,53,508.6,2,2,100.0,22,47,499.9,4,32,36,5,14,1,4,3,103,117,112,81,41,282.625,25.625,6.525,24.224999999999998,341.125,346.1,285.3,24.5,10
411,Sam Merrill,Cleveland Cavaliers,SG,75,153,25,55,432.7,1,1,100.0,24,52,417.7,3,14,17,16,7,4,2,0,-23,108,92,91,33,326.5235457063712,12.18005540166205,14.587257617728532,38.720221606648195,377.4958448753463,373.8227146814404,332.3518005540166,24.612188365650972,10
412,Samardo Samuels,Houston Rockets,F,0,6,0,1,0.0,0,0,0.0,0,0,0.0,1,1,2,0,0,0,0,0,-5,2,2,0,2,1.44,1.9599999999999997,0.0,0.0,0.03999999999999998,0.03999999999999998,1.44,1.9599999999999997,1
413,Sandro Mamukelashvili,San Antonio Spurs,PF,16,35,8,14,246.7,0,1,0.0,0,3,0.0,3,4,7,1,3,2,0,0,15,24,23,17,8,44.0,2.45,0.8499999999999999,0.0,55.599999999999994,47.64999999999999,53.25,2.0000000000000004,5
414,Santi Aldama,Memphis Grizzlies,PF,110,296,44,101,441.9,2,3,66.7,20,54,361.8,13,47,60,23,14,5,18,7,-119,193,170,133,83,306.2675736961451,26.816326530612244,21.75736961451247,26.090702947845806,484.34693877551024,413.80498866213156,386.265306122449,39.11791383219955,10
415,Sasha Vezenkov,Sacramento Kings,F,38,57,13,23,237.0,4,5,150.0,8,13,250.10000000000002,4,4,8,2,7,3,1,1,31,48,46,40,10,65.2,5.2,1.2000000000000002,3.2,93.2,84.8,76.0,4.0,5
416,Scoot Henderson,Portland Trail Blazers,G,150,257,45,108,440.5,46,48,875.0,14,38,404.5,8,19,27,46,25,4,19,2,-8,223,177,196,73,544.0828402366864,56.36094674556213,80.0,11.44378698224852,864.1005917159763,684.4082840236686,670.2366863905326,189.89940828402365,10
417,Scottie Barnes,Toronto Raptors,SF,199,339,77,153,508.9,35,42,662.4,10,39,243.3,23,58,81,65,15,10,29,13,0,345,280,264,146,269.125,98.925,93.0,10.224999999999998,722.1,492.1,452.625,238.425,10
418,Scotty Pippen Jr.,Memphis Grizzlies,G,84,181,28,59,366.4,15,21,390.4,13,23,455.0,8,19,27,36,21,8,15,4,-18,147,111,120,63,234.0,23.875,20.0,5.875,453.875,352.875,320.0,58.875,8
419,Seth Curry,Charlotte Hornets,SG,81,181,29,67,372.5,14,15,566.7,9,31,256.6,4,15,19,17,7,5,7,3,-33,117,100,98,36,238.7777777777778,13.125,16.5,4.944444444444444,346.56944444444446,284.40277777777777,278.94444444444446,51.625,10
420,Shai Gilgeous-Alexander,Oklahoma City Thunder,PG,296,351,109,196,555.7,61,71,856.0,17,35,573.4,7,54,61,73,27,22,22,17,117,430,357,369,134,218.77126654064273,41.32514177693761,106.87901701323251,12.803402646502835,301.56143667296783,202.41776937618147,293.3175803402646,172.80151228733462,10
421,Shake Milton,New York Knicks,SG,44,120,19,44,361.1,2,3,66.7,4,13,150.0,9,14,23,14,7,4,5,2,-22,81,67,58,37,105.67999999999999,72.0,18.48,8.08,403.52,319.28,156.32,124.07999999999998,8
422,Simone Fontecchio,Detroit Pistons,F,120,273,46,98,456.1,9,10,366.7,19,51,340.8,10,21,31,19,15,10,10,0,-27,170,151,139,50,250.9972299168975,32.091412742382275,22.92243767313019,17.56509695290859,238.23268698060943,188.40720221606648,277.6204986149585,78.21606648199446,10
423,Skylar Mays,Los Angeles Lakers,SG,8,34,4,10,170.0,0,0,0.0,0,3,0.0,0,1,1,3,2,1,1,1,-6,12,9,11,4,12.0,0.8125,2.8125,0.0,6.0,11.8125,7.8125,2.0,4
424,Spencer Dinwiddie,Los Angeles Lakers,PG,51,255,19,61,308.3,5,7,316.7,8,35,203.3,1,12,13,37,16,1,5,2,57,101,64,88,50,182.91836734693877,12.600907029478456,34.54648526077097,7.959183673469389,375.0,207.26077097505672,322.7437641723356,75.06122448979593,10
425,Stanley Umude,Detroit Pistons,G,14,35,5,8,62.5,1,1,100.0,3,4,75.0,1,2,3,1,4,0,1,0,5,18,17,15,4,98.0,0.5,0.5,4.5,98.0,112.5,84.5,0.0,2
426,Stephen Curry,Golden State Warriors,PG,258,303,91,208,401.0,26,28,737.5,50,131,344.2,6,40,46,36,13,3,30,4,25,340,304,294,82,2399.7,82.5,60.0,138.9,2895.6000000000004,2786.3999999999996,2511.3,140.1,10
427,Svi Mykhailiuk,Boston Celtics,SG,22,47,8,20,167.5,0,0,0.0,6,16,113.3,2,5,7,6,1,2,1,0,34,35,29,28,13,29.5625,10.3125,6.0,3.5625,109.0,71.0,56.0625,27.8125,4
428,T.J. McConnell,Indiana Pacers,PG,116,205,55,88,588.4,3,3,200.0,3,4,200.0,10,22,32,59,8,11,12,1,25,207,148,175,91,393.0858725761773,44.13850415512466,35.365650969529085,4.18005540166205,346.7340720221606,418.0,338.51246537396116,62.811634349030456,10
429,Taj Gibson,New York Knicks,F,2,68,0,9,0.0,2,2,100.0,0,2,0.0,4,6,10,4,8,1,3,0,2,16,12,6,14,3.2222222222222228,10.555555555555554,0.888888888888889,0.0,16.22222222222222,10.0,5.0,15.88888888888889,5
430,Talen Horton-Tucker,Utah Jazz,SG,77,127,24,63,394.0,22,28,555.6,7,23,374.9,8,17,25,25,11,4,3,2,-41,127,102,102,50,64.10000000000001,50.5,10.5,2.1,190.1,141.6,103.6,70.0,10
431,Taurean Prince,Los Angeles Lakers,PF,83,232,32,68,460.2,4,7,200.0,15,38,303.6,2,26,28,16,16,5,12,3,17,127,111,99,44,258.3388429752066,23.42561983471074,8.764462809917354,16.5,365.6280991735537,348.28512396694214,272.91322314049586,34.95867768595041,10
432,Taylor Hendricks,Utah Jazz,F,70,220,28,58,514.6,3,3,200.0,11,33,406.7,16,46,62,7,28,5,8,6,-34,139,132,77,69,126.08264462809919,107.05785123966942,2.1074380165289255,4.966942148760331,335.59504132231405,298.44628099173553,146.2396694214876,126.15702479338842,10
433,Taze Moore,Portland Trail Blazers,G,2,5,1,1,100.0,0,0,0.0,0,0,0.0,0,0,0,1,0,0,1,0,7,3,2,3,1,1.0,0.0,0.6944444444444445,0.0,3.3611111111111107,1.0,3.3611111111111107,0.6944444444444445,1
434,Terance Mann,LA Clippers,SG,108,250,44,65,693.8,12,12,600.0,8,16,350.0,18,28,46,13,22,2,7,0,-20,167,154,121,59,337.27685950413223,96.51239669421489,15.276859504132231,13.603305785123966,707.5123966942148,684.202479338843,355.0,117.37603305785125,10
435,Terquavion Smith,Philadelphia 76ers,G,40,59,14,34,241.1,2,3,100.0,10,26,216.6,0,2,2,10,3,7,4,0,9,52,42,50,12,205.49999999999997,1.5000000000000002,19.500000000000004,18.0,215.50000000000003,206.0,213.99999999999997,22.0,6
436,Terry Rozier,Miami Heat,SG,152,304,54,133,400.9,31,33,841.7,13,51,266.1,9,36,45,57,17,8,13,4,27,254,197,209,102,236.04152249134953,40.57785467128028,40.391003460207614,14.1280276816609,158.0692041522491,271.49134948096884,117.31833910034604,86.26989619377163,10
437,Terry Taylor,Chicago Bulls,F,9,39,3,7,175.0,1,2,50.0,2,3,150.0,2,9,11,2,1,1,0,0,-17,22,20,11,13,7.671875,18.296875,2.75,1.1875,58.0,42.75,11.796875,32.171875,3
438,Thaddeus Young,Phoenix Suns,F,6,29,3,6,100.0,0,2,0.0,0,0,0.0,7,3,10,0,4,1,1,0,3,16,16,6,10,21.75510204081633,18.5,7.438775510204082,0.0,49.79591836734693,21.969387755102034,53.438775510204074,22.081632653061227,2
439,Thaddeus Young,Phoenix Suns,PF,65,178,31,42,632.4,3,7,150.0,0,2,0.0,17,24,41,22,16,6,4,2,-39,128,106,87,63,188.3061224489796,26.0,34.897959183673464,0.0,494.04081632653066,279.8775510204082,363.7551020408163,99.61224489795919,8
440,Thanasis Antetokounmpo,Milwaukee Bucks,SF,8,47,4,9,216.7,0,2,0.0,0,1,0.0,2,0,2,5,8,1,3,2,-22,15,10,13,7,14.0,1.4400000000000004,1.5,0.0,21.339999999999996,18.64,15.5,4.140000000000001,6
441,Theo Maledon,Phoenix Suns,PG,5,10,1,2,50.0,3,3,100.0,0,0,0.0,0,1,1,0,3,0,3,0,-11,6,6,5,1,14.0625,0.5625,0.0,0.0,20.25,20.25,14.0625,0.5625,1
442,Thomas Bryant,Miami Heat,C,7,20,3,4,75.0,1,2,50.0,0,1,0.0,3,2,5,2,2,0,0,0,-11,14,12,9,7,27.625,14.5,2.5,0.0,113.125,82.125,46.625,29.0,2
443,Tim Hardaway Jr.,Dallas Mavericks,SF,106,254,37,104,342.8,10,11,450.0,22,66,294.0,3,29,32,14,15,4,8,3,-17,152,138,120,46,456.0,34.0,16.8,32.0,716.0,579.1999999999999,579.6,64.0,10
444,Tobias Harris,Philadelphia 76ers,PF,171,332,72,151,462.2,14,16,650.0,13,38,324.4,11,54,65,31,22,15,9,8,-57,267,236,202,96,692.7439446366782,72.44636678200692,50.7439446366782,24.141868512110726,1109.8442906574394,888.401384083045,892.9757785467128,144.40138408304497,10
445,Torrey Craig,Chicago Bulls,SF,35,122,12,28,248.3,3,4,150.0,8,23,215.0,5,21,26,8,7,3,3,5,-9,69,61,43,34,32.833333333333336,19.333333333333332,17.333333333333336,1.3333333333333333,141.5,86.83333333333333,72.83333333333334,51.333333333333336,6
446,Tosan Evbuomwan,Detroit Pistons,F,17,90,7,18,314.3,0,0,0.0,3,9,183.3,8,8,16,6,6,1,1,1,-34,39,33,23,22,14.833333333333332,107.33333333333334,8.0,1.5,197.5,137.5,28.833333333333336,161.33333333333334,6
447,Toumani Camara,Portland Trail Blazers,F,98,254,37,69,528.1,13,16,416.7,11,19,541.7,25,35,60,13,26,6,13,4,14,171,158,111,73,314.1,75.02499999999999,8.200000000000001,12.925,594.125,525.625,362.5,103.32499999999999,10
448,Trae Young,Atlanta Hawks,PG,235,370,76,173,432.4,45,55,813.4,38,93,399.0,2,18,20,109,22,11,45,2,-38,364,255,344,129,746.5510204081633,12.051020408163264,83.56122448979592,47.03061224489796,776.0,612.704081632653,913.4795918367347,91.97959183673468,10
449,Trayce JacksonDavis,Golden State Warriors,F,67,126,29,41,713.4,9,16,475.0,0,0,0.0,18,20,38,9,17,1,5,10,-30,114,105,76,47,158.78546712802768,64.33217993079585,7.083044982698962,0.0,273.3702422145329,254.34256055363323,161.48096885813146,87.74740484429066,10
450,Tre Jones,San Antonio Spurs,PG,119,296,45,80,546.9,17,21,635.0,12,27,405.0,6,32,38,67,7,8,19,2,-12,224,157,186,105,312.11111111111114,57.673469387755105,31.308390022675734,14.0,595.8367346938776,475.4988662131519,414.2448979591837,107.18594104308391,10
451,Tre Mann,Charlotte Hornets,PG,110,302,41,99,405.1,13,17,515.0,15,38,358.3,5,46,51,48,20,16,15,0,-29,209,161,158,99,192.0,46.9,41.6,10.5,424.9,338.9,249.6,116.9,10
452,Trendon Watford,Brooklyn Nets,PF,74,128,26,47,679.9,16,16,400.0,6,13,316.7,7,15,22,8,18,1,8,3,-32,104,96,82,30,309.77777777777777,57.20000000000001,6.311111111111112,6.800000000000001,584.8,580.5777777777778,322.0,55.51111111111112,10
453,Trent Forrest,Atlanta Hawks,G,3,58,1,11,25.0,0,0,0.0,1,3,50.0,0,4,4,17,4,2,3,0,-26,24,7,20,21,7.734375,3.75,19.9375,0.859375,28.359375,14.109375,31.234375,14.4375,7
454,Trevelin Queen,Orlando Magic,SG,8,27,2,7,50.0,4,6,66.7,0,3,0.0,0,2,2,6,1,1,1,0,-15,16,10,14,8,45.666666666666664,0.75,17.0,0.0,126.75000000000001,52.75000000000001,116.66666666666667,20.75,3
455,Trey Jemison,Memphis Grizzlies,C,65,207,29,51,544.7,7,9,400.0,0,0,0.0,20,31,51,8,40,4,12,12,-46,124,116,73,59,156.23611111111111,36.77777777777778,7.777777777777779,0.0,357.73611111111114,330.625,176.9027777777778,51.0,10
456,Trey Lyles,Sacramento Kings,PF,87,192,28,62,468.3,14,18,725.0,17,40,383.1,11,25,36,10,17,3,8,4,-16,133,123,97,46,306.34693877551024,10.444444444444445,10.090702947845806,35.44444444444445,359.2448979591837,294.31519274376416,355.40362811791385,36.40816326530612,10
457,Trey Murphy III,New Orleans Pelicans,SG,137,304,46,113,398.3,16,23,383.4,29,84,342.9,8,42,50,22,15,14,3,9,66,209,187,159,72,503.7645429362881,73.77285318559557,43.45706371191135,29.365650969529085,765.1108033240996,669.8753462603878,583.770083102493,132.45983379501385,10
458,Tristan Thompson,Cleveland Cavaliers,C,16,55,8,14,183.3,0,2,0.0,0,1,0.0,3,16,19,6,1,1,3,2,29,41,35,22,25,2.666666666666667,10.666666666666666,2.0,0.0,32.666666666666664,18.666666666666664,8.666666666666666,20.666666666666664,3
459,Troy Brown Jr.,Detroit Pistons,SF,30,95,11,30,232.9,2,2,100.0,6,18,206.6,2,16,18,8,6,1,3,0,-31,56,48,38,26,68.0,22.480000000000004,8.32,3.6799999999999997,187.52,143.68,106.72,35.92,8
460,TyTy Washington Jr.,Milwaukee Bucks,G,0,8,0,2,0.0,0,0,0.0,0,1,0.0,0,0,0,1,0,0,0,0,-4,1,0,1,1,0.0,0.0,0.44444444444444453,0.0,0.44444444444444453,0.0,0.44444444444444453,0.44444444444444453,1
461,Tyler Herro,Miami Heat,PG,183,325,71,166,433.4,10,13,333.4,31,80,406.0,3,46,49,50,11,0,13,1,35,282,232,233,99,148.2,41.0,31.599999999999994,13.0,316.0,208.0,211.0,117.80000000000001,10
462,Tyrese Haliburton,Indiana Pacers,PG,134,287,53,122,415.7,12,16,433.4,16,59,265.8,4,20,24,77,3,13,21,7,-46,235,158,211,101,490.0390625,26.65625,172.6640625,18.5390625,974.40625,536.1015625,917.0,210.6640625,10
463,Tyrese Maxey,Philadelphia 76ers,PG,273,367,95,213,441.0,51,55,824.3,32,80,381.1,5,31,36,46,25,13,19,4,-88,355,309,319,82,1132.0123456790125,35.58641975308642,40.62345679012345,32.94444444444444,1084.5308641975307,1226.2777777777778,966.5,99.9753086419753,10
464,Tyus Jones,Washington Wizards,PG,101,294,41,88,432.2,4,4,300.0,15,38,380.8,4,17,21,96,5,10,12,0,-99,218,122,197,117,371.76748582230624,37.06427221172022,124.0,25.29867674858223,808.3175803402646,591.882797731569,535.6805293005671,213.58601134215502,10
465,Udoka Azubuike,Phoenix Suns,C,5,23,2,4,133.3,1,4,50.0,0,0,0.0,2,5,7,1,4,0,1,0,-16,13,12,6,8,3.625,17.0,0.625,0.0,22.5,23.125,6.5,14.125,2
466,Vasilije Micic,Charlotte Hornets,G,59,201,23,66,328.1,8,11,216.7,5,27,161.9,3,8,11,51,6,6,19,0,-54,121,70,110,62,222.91836734693877,6.918367346938775,62.346938775510196,4.551020408163265,418.34693877551024,258.0,374.53061224489795,78.0,10
467,Victor Wembanyama,San Antonio Spurs,C,212,292,74,156,476.0,42,51,810.5,22,51,422.5,23,90,113,47,18,22,34,39,14,372,325,259,160,312.0,149.48979591836738,46.69614512471655,17.83219954648526,713.7777777777778,494.63265306122446,459.5532879818594,267.77777777777777,10
468,Vince Williams Jr.,Memphis Grizzlies,G,130,327,46,107,448.0,23,31,705.0,15,40,342.1,9,47,56,51,31,10,32,8,-91,237,186,181,107,228.9750566893424,64.0,39.0,12.959183673469386,328.2607709750567,383.3560090702948,157.8798185941043,119.0,10
469,Walker Kessler,Utah Jazz,C,88,234,38,59,676.8,12,15,525.0,0,3,0.0,26,49,75,14,23,7,12,28,-24,177,163,102,89,159.48788927335642,63.54671280276816,9.197231833910035,0.0,385.2145328719723,357.06920415224914,185.80622837370242,74.57093425605535,10
470,Wendell Carter Jr.,Orlando Magic,C,126,273,45,78,584.6,21,33,465.0,15,31,398.4,18,52,70,17,22,5,13,4,35,213,196,143,87,205.83673469387753,84.20408163265306,6.4104308390022675,10.959183673469388,462.3560090702948,443.265306122449,224.42403628117913,91.11791383219955,10
471,Wendell Moore Jr.,Minnesota Timberwolves,G,2,5,1,1,100.0,0,0,0.0,0,0,0.0,0,2,2,0,1,0,0,0,8,4,4,2,2,1.44,1.9599999999999997,0.04000000000000001,0.0,5.76,6.760000000000001,1.0,1.44,1
472,Wesley Matthews,Atlanta Hawks,SG,14,33,5,9,233.3,0,1,0.0,4,7,240.0,0,7,7,1,3,1,0,2,1,22,21,15,8,4.666666666666666,10.666666666666668,0.6666666666666667,0.6666666666666666,12.666666666666666,18.0,2.0,8.666666666666668,3
473,Xavier Tillman,Boston Celtics,F,49,170,20,44,403.3,7,12,250.0,2,8,150.0,9,20,29,15,16,9,4,9,7,93,78,64,44,60.55555555555555,15.172839506172838,27.22222222222222,1.5061728395061729,193.02469135802468,99.4320987654321,135.55555555555557,60.98765432098765,8
474,Yuta Watanabe,Memphis Grizzlies,SF,22,97,10,24,250.0,0,2,0.0,2,12,64.3,0,11,11,5,6,5,4,0,-36,38,33,27,16,115.08000000000003,11.27,3.75,1.4800000000000002,136.28,131.42999999999998,116.23,18.72,7
475,Zach Collins,San Antonio Spurs,PF,102,183,43,82,534.5,10,18,436.7,6,13,316.7,10,30,40,27,26,3,15,4,-76,169,142,129,67,182.8456790123457,62.123456790123456,18.11111111111111,6.6419753086419755,319.7345679012346,335.4382716049383,175.21604938271602,72.1604938271605,10
476,Zach LaVine,Chicago Bulls,SG,8,24,3,7,42.9,1,1,100.0,1,3,33.3,0,2,2,3,4,0,2,0,-4,13,10,11,5,0.0,0.0,0.0,0.0,0.0,0.0,0.0,0.0,1
477,Zeke Nnaji,Denver Nuggets,PF,40,113,14,38,316.6,12,14,325.0,0,4,0.0,15,9,24,7,11,3,4,11,-51,71,64,47,31,100.5,4.944444444444445,8.125,0.0,161.56944444444443,121.77777777777777,138.125,15.236111111111112,10
478,Ziaire Williams,Memphis Grizzlies,F,103,270,39,94,389.0,13,16,421.4,12,46,213.7,6,38,44,20,15,12,15,0,-39,167,147,123,64,565.2366863905326,37.408284023668635,24.059171597633135,18.0,825.3786982248521,666.4674556213017,729.059171597633,56.55621301775149,10
479,Zion Williamson,New Orleans Pelicans,PF,227,313,89,165,539.5,48,67,691.7,1,2,50.0,17,34,51,69,21,5,26,10,33,347,278,296,120,587.0,55.6643598615917,67.02076124567475,0.9031141868512109,857.0346020761247,789.1349480968858,642.3737024221454,135.21107266435988,10
